k_run,scenario_id,scenario_label,n_dg_buses,fault_id,zone,fault_type,fault_line,fault_bus,converged,RFI1,RFI2,RFI3,RFI4,RFI5,RFI6,RFI7,RFI8,RFI9,RFI10,RFI11,RFI12,RFI13,RFI14,RFI15,RFI16,RFI17,RFI18,RFI19,RFI20,SM_1,SM_2,SM_3,SM_4,SM_5,SM_6,SM_7,SM_8,SM_9,SM_10,SM_11,SM_12,SM_13,SM_14,SM_15,SM_16,SM_17,SM_18,SM_19,SM_20,SM_21,SM_22,SM_23,SM_24,SM_25,SM_26,SM_27,SM_28,SM_29,SM_30,SM_31,SM_32,SM_33,SM_34,SM_35,SM_36,SM_37,SM_38,SM_39,SM_40,SM_41,SM_42,SM_43,SM_44,SM_45,SM_46,SM_47,SM_48,SM_49,SM_50,SM_51,SM_52,SM_53,SM_54,SM_55,SM_56,SM_57,SM_58,SM_59,SM_60,SM_61,SM_62,SM_63,SM_64,SM_65,SM_66,SM_67,SM_68,SM_69,SM_70,SM_71,SM_72,SM_73,SM_74,SM_75,SM_76,SM_77,SM_78,SM_79,SM_80,SM_81,SM_82,SM_83,SM_84,SM_85,SM_86,SM_87,SM_88,SM_89,SM_90,SM_91,SM_92,SM_93,SM_94,SM_95,SM_96,SM_97,SM_98,SM_99,SM_100,SM_101,SM_102,SM_103,SM_104,SM_105,SM_106,SM_107,SM_108,SM_109,SM_110,SM_111,SM_112,SM_113,SM_114,SM_115,SM_116,SM_117,SM_118,SM_119,SM_120,SM_121,SM_122,SM_123,SM_124,SM_125,SM_126,SM_127,SM_128,SM_129,SM_130,SM_131,SM_132,SM_133,SM_134,SM_135,SM_136,SM_137,SM_138,SM_139,SM_140,SM_141,SM_142,SM_143,SM_144,SM_145,SM_146,SM_147,SM_148,SM_149,SM_150,SM_151,SM_152,SM_153,SM_154,SM_155,SM_156,SM_157,SM_158,SM_159,SM_160,SM_161,SM_162,SM_163,SM_164,SM_165,SM_166,SM_167,SM_168,SM_169,SM_170,SM_171,SM_172,SM_173,SM_174,SM_175,SM_176,SM_177,SM_178,SM_179,SM_180,SM_181,SM_182,SM_183,SM_184,SM_185,SM_186,SM_187,SM_188,SM_189,SM_190,SM_191,SM_192,SM_193,SM_194,SM_195,SM_196,SM_197,SM_198,SM_199,SM_200,SM_201,SM_202,SM_203,SM_204,SM_205,SM_206,SM_207,SM_208,SM_209,SM_210,SM_211,SM_212,SM_213,SM_214,SM_215,SM_216,SM_217,SM_218,SM_219,SM_220,SM_221,SM_222,SM_223,SM_224,SM_225,SM_226,SM_227,SM_228,SM_229,SM_230,SM_231,SM_232,SM_233,SM_234,SM_235,SM_236,SM_237,SM_238,SM_239,SM_240,SM_241,SM_242,SM_243,SM_244,SM_245,SM_246,SM_247,SM_248,SM_249,SM_250,SM_251,SM_252,SM_253,SM_254,SM_255,SM_256,SM_257,SM_258,SM_259,SM_260,SM_261,SM_262,SM_263,SM_264,SM_265,SM_266,SM_267,SM_268,SM_269,SM_270,SM_271,SM_272,SM_273,SM_274,SM_275,SM_276,SM_277,SM_278,SM_279,SM_280,SM_281,SM_282,SM_283,SM_284,SM_285,SM_286,SM_287,SM_288,SM_289,SM_290,SM_291,SM_292,SM_293,SM_294,SM_295,SM_296,SM_297,SM_298,SM_299,SM_300,SM_301,SM_302,SM_303,SM_304,SM_305,SM_306,SM_307,SM_308,SM_309,SM_310,SM_311,SM_312,SM_313,SM_314,SM_315,SM_316,SM_317,SM_318,SM_319,SM_320,SM_321,SM_322,SM_323,SM_324,SM_325,SM_326,SM_327,SM_328,SM_329,SM_330,SM_331,SM_332,SM_333,SM_334,SM_335,SM_336,SM_337,SM_338,SM_339,SM_340,SM_341,SM_342,SM_343,SM_344,SM_345,SM_346,SM_347,SM_348,SM_349,SM_350,SM_351,SM_352,SM_353,SM_354,SM_355,SM_356,SM_357,SM_358,SM_359,SM_360,SM_361,SM_362,SM_363,SM_364,SM_365,SM_366,SM_367,SM_368,SM_369,SM_370,SM_371,SM_372,SM_373,SM_374,SM_375,SM_376,SM_377,SM_378,SM_379,SM_380,SM_381,SM_382,SM_383,SM_384,SM_385,SM_386,SM_387,SM_388,SM_389,SM_390,SM_391,SM_392,SM_393,SM_394,SM_395,SM_396,SM_397,SM_398,SM_399,SM_400,SM_401,SM_402,SM_403,SM_404,SM_405,SM_406,SM_407,SM_408,SM_409,SM_410,SM_411,SM_412,SM_413,SM_414,SM_415,SM_416,SM_417,SM_418,SM_419,SM_420,SM_421,SM_422,SM_423,SM_424,SM_425,SM_426,SM_427,SM_428,SM_429,SM_430,SM_431,SM_432,SM_433,SM_434,SM_435,SM_436,SM_437,SM_438,SM_439,SM_440,SM_441,SM_442,SM_443,SM_444,SM_445,SM_446,SM_447,SM_448,SM_449,SM_450,SM_451,SM_452,SM_453,SM_454,SM_455,SM_456,SM_457,SM_458,SM_459,SM_460,SM_461,SM_462,SM_463,SM_464,SM_465,SM_466,SM_467,SM_468,SM_469,SM_470,SM_471,SM_472,SM_473,SM_474,SM_475,SM_476,SM_477,SM_478,SM_479,SM_480,SM_481,SM_482,SM_483,SM_484,SM_485,SM_486,SM_487,SM_488,SM_489,SM_490,SM_491,SM_492,SM_493,SM_494,SM_495,SM_496,SM_497,SM_498,SM_499,SM_500,SM_501,SM_502,SM_503,SM_504,SM_505,SM_506,SM_507,SM_508,SM_509,SM_510,SM_511,SM_512,SM_513,SM_514,SM_515,SM_516,SM_517,SM_518,SM_519,SM_520,SM_521,SM_522,SM_523,SM_524,SM_525,SM_526,SM_527,SM_528,SM_529,SM_530,SM_531,SM_532,SM_533,SM_534,SM_535,SM_536,SM_537,SM_538,SM_539,SM_540,SM_541,SM_542,SM_543,SM_544,SM_545,SM_546,SM_547,SM_548,SM_549,SM_550,SM_551,SM_552,SM_553,SM_554,SM_555,SM_556,SM_557,SM_558,SM_559,SM_560,SM_561,SM_562,SM_563,SM_564,SM_565,SM_566,SM_567,SM_568,SM_569,SM_570,SM_571,SM_572,SM_573,SM_574,SM_575,SM_576,SM_577,SM_578,SM_579,SM_580,SM_581,SM_582,SM_583,SM_584,SM_585,SM_586,SM_587,SM_588,SM_589,SM_590,SM_591,SM_592,SM_593,SM_594,SM_595,SM_596,SM_597,SM_598,SM_599,SM_600,SM_601,SM_602,SM_603,SM_604,SM_605,SM_606,SM_607,SM_608,SM_609,SM_610,SM_611,SM_612,SM_613,SM_614,SM_615,SM_616,SM_617,SM_618,SM_619,SM_620,SM_621,SM_622,SM_623,SM_624,SM_625,SM_626,SM_627,SM_628,SM_629,SM_630,SM_631,SM_632,SM_633,SM_634,SM_635,SM_636,SM_637,SM_638,SM_639,SM_640,SM_641,SM_642,SM_643,SM_644,SM_645,SM_646,SM_647,SM_648,SM_649,SM_650,SM_651,SM_652,SM_653,SM_654,SM_655,SM_656,SM_657,SM_658,SM_659,SM_660,SM_661,SM_662,SM_663,SM_664,SM_665,SM_666,SM_667,SM_668,SM_669,SM_670,SM_671,SM_672,SM_673,SM_674,SM_675,SM_676,SM_677,SM_678,SM_679,SM_680,SM_681,SM_682,SM_683,SM_684,SM_685,SM_686,SM_687,SM_688,SM_689,SM_690,SM_691,SM_692,SM_693,SM_694,SM_695,SM_696,SM_697,SM_698,SM_699,SM_700,SM_701,SM_702,SM_703,SM_704,SM_705,SM_706,SM_707,SM_708,SM_709,SM_710,SM_711,SM_712,SM_713,SM_714,SM_715,SM_716,SM_717,SM_718,SM_719,SM_720,SM_721,SM_722,SM_723,SM_724,SM_725,SM_726,SM_727,SM_728,SM_729,SM_730,SM_731,SM_732,SM_733,SM_734,SM_735,SM_736,SM_737,SM_738,SM_739,SM_740,SM_741,SM_742,SM_743,SM_744,SM_745,SM_746,SM_747,SM_748,SM_749,SM_750,SM_751,SM_752,SM_753,SM_754,SM_755,SM_756,SM_757,SM_758,SM_759,SM_760,SM_761,SM_762,SM_763,SM_764,SM_765,SM_766,SM_767,SM_768,SM_769,SM_770,SM_771,SM_772,SM_773,SM_774,SM_775,SM_776,SM_777,SM_778,SM_779,SM_780,SM_781,SM_782,SM_783,SM_784,SM_785,SM_786,SM_787,SM_788,SM_789,SM_790,SM_791,SM_792,SM_793,SM_794,SM_795,SM_796,SM_797,SM_798,SM_799,SM_800,SM_801,SM_802,SM_803,SM_804,SM_805,SM_806,SM_807,SM_808,SM_809,SM_810,SM_811,SM_812,SM_813,SM_814,SM_815,SM_816,SM_817,SM_818,SM_819,SM_820,SM_821,SM_822,SM_823,SM_824,SM_825,SM_826,SM_827,SM_828,SM_829,SM_830,SM_831,SM_832,SM_833,SM_834,SM_835,SM_836,SM_837,SM_838,SM_839,SM_840,SM_841,SM_842,SM_843,SM_844,SM_845,SM_846,SM_847,SM_848,SM_849,SM_850,SM_851,SM_852,SM_853,SM_854,SM_855,SM_856,SM_857,SM_858,SM_859,SM_860,SM_861,SM_862,SM_863,SM_864,SM_865,SM_866,SM_867
7,5,DG_10pct,20,Z01_F01,1,SLG_A,215299,318412,True,1318.4581664826437,1323.6213018353865,1247.3973574473962,1053.9622157621632,1062.627919605174,67.58455206210925,68.98083652601726,625.066614421083,633.5445710765886,473.3880104464894,475.8540587161832,236.3410454216438,78.35968351519092,69.64752036873418,65.47744681684715,67.77975641389955,57.44053616981451,25.55350011813012,122.96353925720358,162.1398302155901,0.46465574515032776,,,0.0015091892248677004,,0.803173401261681,0.80825437670882,0.46432815444715475,0.46443764640595697,0.46374981205583843,0.8049969138685168,0.005707019803116403,0.0056764577792952865,0.005695290722190915,0.816130525268985,0.8161455415561701,0.8158478619727761,0.8088718380382621,0.8114074999800585,0.8099809504723667,,0.4653503706166241,,0.4650035202995466,0.46529791163776313,,,0.46132086403447675,0.45977298802010114,,0.46645504672094684,0.46716590897604765,0.46733602239086325,,,0.005946741779684578,,0.45940028883059275,0.4594573809399386,0.46884144356294677,0.46749740886396396,0.46889226935443756,,,0.469917024361591,0.4701457202956264,0.470783153368276,,0.4688942833042761,,,,,0.47014908187679816,,0.4703601001610647,0.4709165786885578,0.006472084269272504,,0.8188277570860337,0.813522108469273,0.006671236033563933,,0.006673055155971548,,,0.006655726542512571,0.006678835627308296,,0.006666657593792035,,,0.00666575604586696,0.00667690190131744,,0.006663759040651328,0.006673121737826538,0.006658199615195575,0.006658313555191915,,0.006665729091316432,,,0.006679705178645207,,,0.46840203549204396,0.46975675495017016,,0.4892200697224179,0.4904763435900092,0.49217365866212986,0.49150422757539924,0.49133217712565774,0.4916510726579845,0.010632905401953302,0.010637093319366221,0.0105964780919573,0.010623146033357076,0.010611918634992432,0.010598071778977343,,0.01060650110255617,0.010594694385429758,0.010617533456115439,,0.01058848063020907,0.010598235032040548,0.010630425718161583,0.010616598989081417,,,0.010633687708806109,0.010602654772376445,0.010565286596801827,0.010604815642269613,0.010627780104354898,0.010593762633935605,,,0.010600516179355266,0.010603531148937395,0.010609676571377702,,0.010600912487833496,0.010607267740198031,,0.010610849098865543,0.010566917317495247,0.010559094029148248,0.010624747937672301,,0.010597800491818205,0.01059446962900599,0.010616074195179254,0.010597813428336865,0.010584938250623102,0.010604822092547803,0.8634159049575718,,0.8609506212182938,,,0.8604275659640146,,,,,,0.8624038065793626,0.8615094187669575,0.862111394647048,,0.8629321449300795,0.8626703819071744,0.8620654381425407,,,,,0.8611735429087993,0.8589463130952977,0.8602082781745158,0.8599887780529302,0.8588896657211653,0.8620545567310454,0.8614931375683715,0.8582406988547184,0.8615565971256813,,0.8622163596950444,0.8610165571753422,,,,,0.8618467994837961,0.8622936500424133,,,0.8617391050976059,,,0.8678074509071028,,0.8658379341713499,0.8660977681064614,0.8680563920214095,,0.8662207501061863,0.8666309297379129,,0.8685880784993372,0.8662797072346566,0.8638538204636605,0.8654520027810256,0.8679119227707527,0.8673213408892352,0.8658264814156823,0.8677393562080642,0.8683380086214068,,,,0.8677667590282704,0.8652654101263223,,,0.8652229617342667,0.8663062335131675,0.8645619816464457,,0.8629652148429033,,0.8642377618065645,0.8656484712397857,0.8648517643185138,,,,0.8654319850561218,0.8639853693323443,,0.8675899791065241,0.8660592933358512,,0.8663876436530215,0.8666803062877008,,0.8638200975121778,0.8648804899931248,0.8668261433258672,,0.867190212976761,0.8658188993593477,0.8670540201930442,0.47894664979871715,0.47946570554333173,0.478656376035167,,,,0.49240159461143634,0.49336856939139484,0.49361636666881814,0.49383535739937096,0.4934951500158956,,,0.010147219745253505,0.010161483132670792,0.010140846338267137,,0.010149568765456096,,0.010167034754238888,,,,,,0.01014625862189088,0.010116218262956465,0.010154009751592315,0.010105095654102393,0.010118014181574753,,0.010125909239549612,0.010125901962779469,,,0.010108953671631836,0.010146466534933845,,0.010150693873814813,0.010114887458955741,,0.010146344816386809,,,,0.010115104620628992,,0.010131873192538167,0.010117157563579277,0.010115329356460392,0.010135607836026754,0.010227430432229335,,0.010254317940780761,,0.010295477249068975,,0.010259816387962448,0.010268758853928014,0.010319485664249435,0.010242858186838738,0.01028313649786957,0.010280150700636464,,,0.010276866769292833,,,,0.010282535584486684,0.010286152942184566,0.010291142942554593,0.010299497772507995,0.0102497492188632,,,0.010279559164237402,0.01028091666918493,0.010268909977981473,0.010261392682174571,0.01028155301036467,0.010272947329064414,0.01029551197406254,,,0.8605975146697343,0.8576187094307894,0.8566036163332041,0.85833537194904,0.8599921077111239,,,0.8582420351070821,,,0.8611737742864792,,0.8564719183686756,0.8589384958276051,0.858064900579651,0.8600677560479898,,,0.8573984984795213,,,0.8584601180061128,,0.857751299948816,0.8566633697840347,0.8585239604197323,0.8572393027535945,,0.858653471196335,0.8587481252963015,0.8560512352492883,0.8572989481111857,0.8604935960637117,0.8584452208283461,0.8592892972930662,0.8603315239993691,0.8592408149772272,0.8608479140187003,0.8597574904814781,,0.8585425867274137,0.8605671932529916,0.8579650354600651,0.8577848845156556,0.8576817513842311,,0.8577534164388626,,0.8562510163531493,,,,0.8583928739097909,0.8560759040843785,,,,,0.8592462709114902,,0.8574667027838496,0.8592582528772846,0.8622156357687338,,0.8577327901203808,,0.861432695993497,,0.8601893253563324,0.857872904036896,0.8585287359614409,0.8578281926653485,,0.8567691633874303,0.8598792665410172,,0.8593867100717317,0.8610647243465284,0.8595330778870328,,0.8592215531088023,0.8577366538563779,,,0.866327809889149,0.8655349202218454,0.8666743817892487,0.8650506972563048,0.010057646225276136,,0.01007502302571745,0.010060215383717904,0.010054215142609152,,0.48570632139908554,,,,,,,0.8609106128979214,0.49179178094500675,0.49322657212872906,0.49312093302250143,0.4821144860891376,0.4817250879019561,0.481592079202473,0.4683014081680429,,,0.011142909169693646,,0.86453630359577,0.011450600383704537,0.8808290960917634,0.8723873853552614,,,,,,0.8876705799696987,0.8892434139150048,0.8886753463038483,0.0117258293066532,,0.887565794764855,0.8935639106911346,0.896807607222271,0.5091259559189647,0.5092212492881603,0.5102031977629149,0.5102326402792534,0.5080351313001509,0.5096385958369299,,0.5095118709842845,0.5093150470507045,0.5087925430064186,0.5094528725749311,,0.5091006730515252,,,,0.5097064761723752,0.510883849562694,,,0.9005258243494522,,0.9019756079602673,,0.012291165632908326,0.012309251559387642,,0.012334308299651611,0.9088491806716473,0.9075452262004867,,0.9102412727544911,,0.9079149891577665,,,0.518134158842928,0.5177052888218664,,,,,,,0.5177886404268249,,0.5190692652914295,0.5194589687243837,0.5189659166168898,0.5193500510059107,0.5196597061606033,0.5199682888622832,,,0.5179986798515488,,,,0.5191617838377709,0.519222768868476,,0.5188193726941772,0.5193010691738869,,0.519604689106512,0.519160262693749,,0.5182537388623313,0.5206595954567278,0.5181655922076795,0.5193150836559348,0.5182395683787192,0.5184087543331273,,,,0.52007229718384,0.5200676969989508,,,0.5188169119467528,0.5186735634973224,,,,,0.5203237707273314,0.5200059376202837,,0.5187492714231369,0.5203793051131073,0.5194847050094322,0.5189656459662573,,0.5195148071978303,,0.8632680233225969,,0.8624332160755791,0.8608592636515265,0.8623469511969047,0.860076940770071,0.8635953386822207,,0.8642063160274851,,,,,,,0.009613191563606904,,0.009642144744016075,,,,0.009599453310475556,,0.009632968542493098,0.009582740415308762,0.009589056001543028,0.009630057057309084,,0.00955768062685725,,,,,,0.8632674098607875,0.8661840373517387,0.8635197193587318,0.8631757926395844,0.8654798097539528,0.8542333665675524,0.8568258850074925,,,,0.855030438646609,0.8542787952234034,0.8537737711579322,,0.8565757434778738,0.856243438744584,,,0.8546603542918498,,,,0.0096077477620531,,0.009621526040685623,0.009606854293870771,,0.009613249958559106,,0.009595932893431625,,,,0.009565053586736056,,0.8583930253769917,0.855797652467553,0.8550256878359827,0.8573582991381032,0.8545822788404631,0.858026793870792,0.8631527044688071,,,,,0.8630292704078208,0.8640089165723113,0.8625424596957845,,0.8623571326390397,0.8647899060224554,,,,,,0.8638216633356287,,0.8634806693228537,0.865704725636332,,0.863115372870133,0.862594490609131,,0.8614163180441033,,0.8638164663180539,,0.8570062345289987,,,0.8607834034979028,,,0.8568058822761119,,0.8578479267511854,,0.8549819111804657,,,0.8535030444995763,,0.8544355394947295,,0.8556544704046849,0.857385221931339,0.8559685161771455,,,0.8572723242594072,,,0.49719246378096926,,,0.49556701546986026,,0.49716739766498674,0.8198662177071835,0.8118286511857327,,0.4685463535821917,0.4685002122941166,0.012078240477476064,,,0.4673297440074338,,0.46581626091037476,0.4671254614027518,0.46733467907809506,0.46609855066567396,,,0.46829087983323003,0.4676239161459978,0.4663079901833516,,,0.46885420197420863,,0.46771881775719676,0.46629475581048535,0.4667349705444682,0.46667870711444004,0.4656566903576478,0.4674049445620961,0.4671700361577796,0.4662284191847866,0.46698059612259024,0.4673118138758058,0.467756578407772,,0.466048238296912,,,0.46780153437488187,0.46715574995026893,,0.46780770814852324,,,,0.46653938577681864,0.466798601554439,,,,,0.46737205626547373,0.46625829153064713,0.4671179826329708,0.46557310765362936,0.4668581114799793,0.467017868262922,,,,,,0.4666606470796841,,0.46699105504285376,,0.46712232903783446,0.4662171555864671,0.46698962257363985,0.4673977412617695,,0.46782416673892285,0.46700251693318223,,,0.46656609491012047,0.4659287259525357,0.46484924186936966,,,0.46764355266659535,,,0.4674627133235522,0.46661253757879445,0.46546255352848404,,0.46812465634363165,,0.4672933161836033,0.4668112791860365,,0.46671849792928627,0.46693176654450363,0.4674425612724806,0.46560089040545694,,,,,0.46718955720200817,0.4654407416146473,0.4664915269779781,,,,0.46733642497175926,0.46887910866629395,0.46768826531775987,,,0.4673363200813617,0.4656602914996151,,0.4665376506262166,,,0.4672562744533173,0.4665090075586385,,,,,,,0.46619029238784276,0.4667525357531197,0.466465385542873,,0.4666218489277599,0.46588585583996095,,0.46716257574319925,0.4669567377860223,0.46705310783392573,,0.467427111744703,0.46615213432456964,0.46679755507829357,,,,0.46630608562823855,,0.46647196525816303,0.46810736900704114,,0.46609019487482456,,,0.4666549133392116,,0.4667368362089533,0.46657864057058474,0.46528555965626106,0.4663178303728334,0.4656325145263119,,0.46652747468577205,,,,0.4652136294609274,,0.46650970592419044,,0.4657621132731619,,,0.46684648348389074,0.46668483291479285,,0.46688996438198194,,,,,0.006123481638903054,0.8179860363424768,0.8132757858021183,,0.005766401526388695,0.815815427640996,,0.8094737340003316,0.8125159677221483
7,5,DG_10pct,20,Z01_F02,1,SLG_A,326,CKT7,True,1324.3269570927678,1324.5556119077467,1246.1297560728774,1053.855701031896,1056.7538697910975,67.88095087198441,68.55756701166541,627.2688110060415,633.969356344702,474.9082737763759,477.0761441439342,237.6216592229742,78.40769017299542,69.69104423902765,65.44884099292413,68.07100237181723,57.56083196762489,25.681982039128624,123.00091026455416,162.74073331875,0.4633028088402932,0.4628753853738745,0.4641681183002991,0.0015066279541962628,0.8110121247054602,0.8044699934332943,0.8090184164658684,0.46351684435741464,0.4636076953149223,,,0.005691683160553937,,0.005697367114345758,0.8148490800587334,0.8164699575857094,0.8155843562386801,,0.8122603096754422,0.8109214573619672,0.4661310717585882,0.46560884874211644,,0.46599778207601594,0.4662868324002181,0.4646459352139768,0.4585343777161306,0.46121921146690253,0.45927883027416394,0.4657991593058543,,0.4666173201240938,,,0.4678336383434682,,0.45882063153549685,0.45758965778027283,,0.46969055075512745,0.4698552357933303,,0.4703011130084333,,,0.4694299539459115,,,0.468976831938197,,,0.46896428160288695,,0.47059055154727814,0.47105391147824677,0.4699661793339917,,0.006469822730846876,0.006496802550927606,,,0.006647560876218798,0.0066473119552643845,0.006665500188501152,0.006683106729063417,0.0066488467845024725,,,,0.006676401200468396,0.0066806503546463485,0.00666351395422977,0.0066559870357358174,,,,0.006662543523457546,,,,,0.006672964674171605,,,0.006654700232892593,0.4699949051422708,,,,,0.490189461935163,0.4916061027800124,,,0.4904768141831626,0.010630474894611622,0.01063544640921202,0.010610125772492937,0.010598773005337028,0.010616121598273725,0.010572706796672198,,,0.010646430308720423,,,,0.010620311552585452,,0.010592294300166212,0.010582678572800654,0.010606072737293425,0.010595205920298794,0.010643936607396329,,0.010583114838641342,0.010614543323950183,,0.010578051408235383,,0.010616482135638695,0.010581892169292385,,,,,0.010606088856583146,0.010596367293907142,0.010574786863328987,,0.010598474342012148,,0.010606048254537814,0.01060458745510255,0.010613020839304953,0.010600298372849287,0.010607244558436046,0.010604101829740805,0.8628855517183142,0.8614751466797707,,0.8590561981711419,0.8646987508814119,,0.8596069657756271,0.860746028757623,0.8581054249791314,0.8614397364547955,0.8589856758300093,,0.8621654672501433,0.8607102541839061,0.8612012481375731,0.8597015473629617,0.8615700470328778,,0.861604717588683,0.8622174061515641,,0.8611438747558898,0.8600327973282329,0.8606657741786454,,0.8625692912919035,0.8616641053092179,0.8592895736224249,,,0.8609243606028357,0.8611066871658096,0.8628356725989943,0.8611712771201551,,0.8590534519602645,0.8604927640195592,,0.8615638183174715,0.8618088904807911,0.8616607330212736,0.859480794309248,0.8638796217379207,0.8608263720327549,0.8589016255103464,,0.862920657152534,0.8634909021077098,0.8637401039211039,,0.8656529865326797,,0.8669864465799642,0.8668785030680004,,0.8657712911928622,0.8661694978589284,,,0.8692303356603437,0.8667546793602291,0.8674399262702404,0.8646843848853183,0.866528647223426,0.8684398743009576,0.86674569308399,0.8632143088158131,0.8663413517395394,,0.8672534912172983,,,0.8675961893762335,0.8649760416501373,0.8654035771548205,0.8678860398904369,0.8647021338990137,,,,0.8660092695984714,0.8645426988693021,0.8662888193710133,,,0.8643790926646769,0.8674107612043886,,0.8673815722647349,0.8676670443768888,,,,0.8654250168892423,0.863986481382663,0.8655352430144069,0.8682490681078616,0.8666652128283956,,,0.4782868783856559,0.010327381690821574,,0.493755874443631,0.4920215916614475,0.492927611259928,,0.49369067343117484,0.495054629073063,,0.01012716142086535,,,0.010128153269872814,,0.010132156724889084,0.010144556443704334,0.010140091410746564,0.010141738850447213,0.010147287243330938,,,0.01014566392570299,0.010122106928181305,0.010162827856270606,0.01014164212172179,,0.010118880346525715,,0.010129837838575706,,,0.010113128828283345,,,,,0.010139418387648575,,,,0.010123888947879472,,0.01014902156731313,0.010104146064150834,0.010113566105741769,0.010113126262548322,,0.010101663099536771,,0.010265861254436065,0.010245577329684192,,0.010300851915953676,0.010269748783516079,0.010300991201336476,,,0.010309595824762914,,0.010267341149519308,,0.010277471758354396,,,0.010287785834027851,0.010283282285291972,,0.010306384723083716,0.010304547501821868,0.010264546787464097,,,0.010282279767817598,0.010271716668484285,0.010273279323357722,,0.010285359284292531,0.010247493062250724,0.010265243285275607,0.01024577888275926,0.8585038909290924,,0.8587782133798768,0.860422506293852,0.857941135582552,0.8577991316316221,,0.857802899923459,,0.8588261051056542,,0.8631760185280385,0.8575527147142323,0.8588538965098346,,,0.8585512887118966,,0.8592536183960704,,0.8587159452738292,0.8602634438931356,0.8560257373459781,0.8582181785358592,,0.8608163004859132,0.8572977949494556,0.8576087837293327,0.8603495002762659,,0.8581563650127059,0.8570833797884658,0.859571831694728,0.8568885175301544,0.8556567395324187,0.8554291553788321,0.8603766548532736,0.8593526955695194,0.8571334837179592,,,0.8575921379318076,0.8587901788875258,,0.8581053797124535,,0.8612184258050352,0.8592474569641787,0.8561864809326033,,0.860536097042237,0.8572913942826891,,0.8588023118225638,,0.8621094741682667,0.8586504168520483,0.8573644048536468,,,,,0.8588643657214099,0.8601850241498408,,,0.8589029814704958,0.8609056330448184,0.859448390850105,0.8602630818675856,0.8649628318636752,0.8594718642521637,,,,,,0.8613770679165961,0.8588430772614143,0.8610510411345857,,,,0.855428813873272,0.860219586962712,0.8595954383174603,,0.8657535188541146,0.8648884264677064,0.8644816838444156,0.010064539962713363,0.010077472493278764,0.010063372632883583,,0.010063908693895968,0.48687238990832943,,0.486101494584449,0.4864816242247423,,0.48616275643573914,,0.8648504330252473,0.8593494905158418,0.49421688419219634,,,0.4809939298927211,0.4807758715563313,,,,0.46905072190256647,0.011128269622063187,0.8664309159989668,0.8665818618649516,0.011465692532433689,0.8805561504019565,,,0.8853177243891,,0.8885442001867954,,,0.8906929904617319,0.8876899607564189,0.011711894843360939,0.8867120955408749,,0.8924795351805138,0.8954415267939422,0.5098093341858576,,0.5087285703217782,,,,0.50820202348557,,0.5093979200729882,0.5087389095771957,0.5081327513584722,,,0.5105746276718679,0.5095070812930802,,,0.5101520960174417,0.8977322558512763,,,0.9011174556786207,,0.8924882664083694,,0.01232780115392473,,,0.9098373300209158,,,0.9094735296875717,,,,0.9046299255868576,,0.5181808773407106,0.519868107868531,0.5197330746856442,,0.5179482602682088,,0.5196606431343541,0.518519975812147,0.5182238562614621,,0.518980132503375,0.5193639457551148,0.5184256182441124,,0.516890684383162,0.5196576129139606,,0.5190788238405433,0.5190431485548509,0.5192027271013676,0.5184313152463019,0.5171547624967971,,0.5196084430659631,0.5207917462366648,,0.5197430681493472,0.5181869667017622,,0.5199389885234902,,0.5197342206412823,,,0.5172361871707954,0.5190967189049247,0.5176081289810632,0.5204963190198526,0.5197087253677436,,,,0.5208745404913442,0.5196018316118065,0.5189741015081585,,0.519763718366293,,0.5189487720847704,0.5194749912439828,0.5189874498346625,0.5197518297931278,,0.520243476612777,0.5198931069361634,0.5194380122016033,,0.5190599988322878,,0.861893520879654,,,0.8621114484215218,,0.8625734932402738,,,,,,0.864564311178036,,,0.009647567316305115,,,0.009626538651289639,0.009625799981099043,0.009614387164918598,0.00960981775043043,,,0.009597514365542684,0.009601082570095842,0.009588487268225449,0.009610412740425572,,0.009608764261038781,0.009610168263737985,,0.8643461704769888,0.8635154602530812,0.865361763720373,0.8623156094957333,0.8627973437908021,0.8640277440587578,,0.862980369421911,,,0.8549962554829345,,,0.8533885727349135,,,0.8527984003860021,0.8522886139239643,,,,0.8556726684476492,,,0.009599173034112157,0.009599682721395468,0.009615441091820814,,0.009631888901409182,0.009607167510491808,,0.009597613115095893,0.00964681886497456,0.00958203000332499,0.009483819917874631,0.00958936098869173,,0.8542608077685456,0.8548775612572582,0.8543829726777067,,0.858435723623398,0.8529736481991887,0.8558673073268482,,,0.864748882437297,,,0.8660745779584397,,0.8625852794586635,0.8624352505720663,,0.8635986274556539,0.862285823350356,0.8625200516084951,0.8629358200535919,0.86342631181942,0.8647456896564056,0.86300179155783,0.8626177856159026,0.8657992051978748,,,,0.8654948681683555,0.8623955337617916,,,,,,0.8546528719484388,0.856729885617579,,,0.8585477831393007,0.8580174709015773,0.8574268741404465,0.8564239521488987,,0.8521168518753068,,,,,,0.8542507599082433,0.8531397196557615,0.8581963273594427,0.8572915502812117,,0.8554110998189101,,,0.8552765913936677,0.498030872078806,,0.4983094119738834,0.4965775353349392,0.49646863899479227,0.4976153530419464,0.8212759956607307,0.8123275477227104,,0.46734724430686075,0.4669889105991292,0.01201025519920513,0.4673086469896799,,0.46700564428154434,0.4686256486471029,0.46745304311568625,,,0.46706686841851686,0.4668214510171016,0.4663188094153658,0.4662853106383167,0.46804849263478115,0.4675995814365397,,,0.4672675829688245,0.4661091963426859,0.4671173335777389,0.4666270949748946,0.46592105585092886,0.4655055757823287,,0.4662058883656337,0.4662544005328282,0.46626255029896424,,,0.46673635059387253,,,0.4681023738294865,,0.4672276266721689,0.4672289264612703,0.46734876380651497,0.46604259902790385,0.46683662991622343,0.4660931530372579,0.4665702888350584,0.46628700583555993,0.46538430192421176,0.46589824311633027,0.46735794243067164,,0.4670077847767625,0.4673768962967788,0.46624493860325356,,0.46712101937769585,,0.4661295719651336,,0.4670233197775604,0.46543244870957085,,0.4660485007484515,,0.46754856845463977,0.4656051179429784,,0.4672041680462943,0.4674971553323352,,,0.4673962880069699,0.46744692380494435,,,0.46766078229957986,,,0.46787218426410626,,0.46641164424883746,0.46653648608327875,0.46586723208761444,,0.4671397887611499,,,0.46701903158784513,0.4673158586022951,0.46678266924561745,0.46577728799670665,,0.46588144948508436,0.46530235860220504,0.46739120405068185,,,0.46582094205123337,0.46576491033881023,0.46714682342501646,,0.46685501065341595,0.4676817047093775,0.46659262430271214,0.46585722837490534,,0.46857610034223646,,0.46657152032736243,,,0.46755340120609384,,0.4680468628737235,0.4651080068704,,,0.46810634082679514,0.466885275605535,0.4673203560111875,0.46646103178774306,0.4667118281380876,0.4670017447213753,,,,,0.4667591576619525,,0.46638482868498093,0.4673410960730652,0.46729823461366066,0.4663364978010382,,,,0.4673417922270721,0.46667047132627987,,0.4656358668176497,0.465666552698639,,0.4655400679639676,0.4673040901194249,,0.46772814394703144,,0.46716738487743864,0.4667242526060842,0.46842100819975313,,0.46643936250608403,0.4661502840666796,0.4689538995403311,0.46786569910059655,0.4668906940723057,0.46622448402763733,0.4669664147003365,0.46670382414032,,,0.46706770609242493,0.46749254975327764,,,0.4676258069133829,0.4658201909213974,0.46671389904274285,0.4682704539744763,,0.46719267998687497,,0.46691443408624667,,0.4668745220775739,0.46380242941324235,,0.46406634358312293,0.006131702593770533,0.8177328551645323,0.8130195844770676,,,0.814826992639216,,0.811765950095166,0.8093264793564381
7,5,DG_10pct,20,Z01_F03,1,SLG_A,335,CKT7,True,1320.74494650556,1322.6024439963576,1242.4816311213492,1052.1744651095867,1059.3584821797028,67.62095160851963,68.77515648745684,630.9088756146897,633.4654126252685,472.77244005096355,476.76920499914286,237.68907688263306,78.00219983187249,69.4440724437972,65.59953068709409,68.0574810057025,57.564201093931196,25.63535706596928,122.45823410652713,162.467766516082,0.46411786698021906,0.4642187997016604,0.46389453776257084,,,0.8032217295386173,,0.46444107921383004,,0.4621465217167048,,,0.005689866838277553,,0.8174985248991735,0.8175838326277336,0.8152312987723698,0.81339189726256,0.8130321394093797,,,0.4643139064564597,0.4635755707143956,0.464314884481775,0.46587309510707814,0.4652463386112014,,0.46106416053835686,0.4598181344517906,,,,,0.46586107419958034,0.4676394536967637,,,0.45872394523326454,0.45918004501947146,,,0.46880668404873854,0.4710242232891253,0.4700788676586524,,0.47129144966161673,0.4700704354056006,0.4708108232731277,,0.47104948605286834,0.4700063803685952,,,0.47049516373807543,0.47198576980407936,0.4703216194436161,0.46967819357903506,,0.006488933641325315,0.8196110900917907,,,0.006659404654152254,0.006670262876964086,,,,0.006676040557300181,,,,0.006662665948903892,,,,0.006677735243469959,,0.006662235569927884,0.006670949679784689,0.0066515901718747555,,,0.006683860009331365,,0.006673384742805523,0.4679274480757795,0.4693637828813899,,0.861818633324204,0.490595896875547,0.48998608358144013,0.48969618328569936,0.49008351191916005,0.4920522384718789,0.4906766748677507,0.010624001731134607,0.010586133536200432,,0.010618734290691323,0.010613004982692062,0.010619076206904731,0.010603972560359196,,0.010640180843206842,0.01060782876896512,0.010541383581672259,0.010623405430304376,0.010622008621366858,,0.010595278004896054,0.010598981705461344,,0.010594053416290097,0.010602177713642011,0.01057870983127716,0.010611070465737902,,0.010561066303364773,,,,0.01060465926303603,0.010580017645773982,,0.010605778968911806,,0.010602027594616198,0.010618638684413545,,0.010549742573866558,,,0.010573183351202891,,,,0.010563505842730176,,0.8589406567499382,,0.861785003703675,0.8609252308484192,0.8612038176136286,,0.8580073441590533,,0.8615320296572456,0.8619970654458803,,0.8641989433946644,0.8608222143979389,,0.8625501013710916,0.8597516398068076,0.8641692449279261,0.8601310464418493,0.8620991519420749,,,,0.8597173628443372,,,,0.8612153564031356,0.8607745624363069,,0.8601419942193544,0.8583596902712515,0.8591790433320436,0.8598888695709228,,,0.8622568743807639,0.8606682154454868,0.861400091045339,0.861517811946555,0.8630864643324195,0.8591708507057686,,0.8624761402749103,0.8612580871826557,0.8624412646566905,0.8636824938819793,0.8684278240567077,0.864984993631327,0.86392054606244,,0.8637114626972515,0.8652933004812187,0.8690895181654396,,0.8681313997765951,,0.8689820039631497,,0.8664468564531963,,0.8658626251661509,0.8690764905941957,0.8698381059509892,,0.8671636407446448,0.8658163492395515,0.8674564608825959,,0.863839355870693,,0.8659834022332709,0.8663294352120388,,,,,,0.8639133716508496,0.8683117831240966,0.8675037160587574,0.86613343559787,0.8651236620268761,0.8630853073882152,0.8672845730714266,,,0.8678674647352117,0.8664696529783492,0.8687647311033809,0.8662821204592752,0.8647965003862564,0.8674852326896856,0.8653988144833425,,0.8647353795821311,0.8662916541910166,,0.867661559125552,0.47811074893204797,0.47965199973325934,0.4787547786929195,0.01031728299455167,0.01058334332896433,0.4927028153619122,0.4936710816610197,,0.4932562306596378,0.49286021338715086,,0.010121411647100233,,0.010106114171458938,0.010122146351220525,,0.010121488458349853,,0.010109589810574552,0.010147006030430875,0.010137011037194565,0.010145843803129977,0.010147750458499038,0.010114689203326768,,0.010121389507098202,,,0.010116634432366134,,,0.01013057443461131,0.010127260103750126,,,,0.010104824092113848,,,,0.01011964595680508,0.01012139552276334,,0.010118927079963999,0.010104371769920548,0.010091320218572404,0.010113888618008429,,0.010116498390355826,,0.010121883202020225,0.010232475155524015,0.010267348106768028,0.010295222516130591,0.010280474162608962,0.010303504173964698,,0.01028230322412767,,,,0.010278596261677458,,,0.010284104752851152,,,,0.010317186242986822,0.010274542124012168,,,,0.0102976496874031,,,,,0.01025479628797539,0.010298653317332361,0.010298776074829652,,0.01028797693057582,0.8601967807350444,0.8602639980535425,,0.860207207230681,0.8570195413601213,0.8581794798570312,,0.8596404228679384,,,,,,,0.8561188406287666,,0.8601987935984331,,0.8598931392673821,,,,,0.8571007213720414,,0.8589033198931717,,,0.858118339565361,,,0.85785966808529,,0.8580931107824546,0.8593619035523925,0.8614376332098845,,0.8619099874359722,,0.8589804113649663,0.859075328279254,,0.8586840309418893,0.859759025949347,,,0.8571915337940416,,,0.859580154365544,,,,0.8586239419262277,0.8594189180738773,0.8581501803192693,,0.8587316616301057,0.8611520671931415,0.8576729864549363,0.8574934422269094,0.8574948948158972,0.8582547984150491,,,0.8557568883507236,0.8597725129866058,,,,0.8590627651791347,,,0.8589541775629899,0.8596142584192887,0.8590244254324367,,,0.8578726737927491,,0.8589372078458392,,,0.8585705110691118,,0.8603459682457651,,0.8650794589207178,,0.8664606355125151,0.010059883092877043,,,,,0.485948840420502,0.4861047120938513,0.48523292260961653,0.4840793597608452,,,0.010673984302166099,0.8650201472512364,0.8592996447724061,0.4940474462183145,0.4919366309899699,,0.4811114321517552,0.4807916269909915,0.48258583103197605,0.46713129712296425,,0.468665224929319,,0.8679275666380385,0.8644873966448757,0.011449868689427257,0.8813194584169574,,,0.8814312261163133,,0.8867178070725716,0.8894909653982621,,,,,0.8886529669788091,,,0.8972292717242655,0.5098446684143987,0.5101760850398098,,,0.5097564755930044,,,,0.5103089205826871,,0.509296773942533,,0.5085577801811396,,0.5086137181923583,,,0.5100710253368721,0.9004221489603498,,0.8990812953467648,,0.9024322653367456,,,,0.012336258974079299,,0.9074013970716528,,,0.9068051631469367,,0.9055800476608505,0.9024465869013659,0.9026525623270087,,0.5196341818606436,0.5182862523590228,0.5181059104922654,0.520159429174419,0.519340692333176,0.5188366950363148,0.5192126107113999,0.5188224911308275,0.5205108324763322,,0.5195279320587072,,0.5185172281464615,0.5192607657834291,,,0.5178762473838529,,,0.5184577914995413,0.5185765714376431,0.518550240437742,,0.5187112613082011,0.5193372112371164,0.5162478903352526,,,,0.5190911666783081,0.5190307646967277,,0.5178595772030343,,0.5181462178109126,,0.5194050521323095,0.519344534611902,,0.5196862501384583,0.5197651394036985,,,,0.5199462800504757,0.5199156426762355,,,,0.5196491276038776,0.5198131344347736,0.5186530783089454,0.5192391330249873,,0.5203865078028039,0.5188885012348604,,,,0.8607856107451621,,0.8625685954201192,,,,,,,0.8626035595138898,0.8608653172279089,0.8630845748990869,,,,,,0.00962707263541784,,,0.009629238145684026,0.009601746106439423,0.009609556240126382,,,0.009607772848391996,0.009606315803668145,0.009603089468379249,0.009605287683190609,,0.009609505499109203,0.8636947790983761,0.8640803763661028,0.8631049308094251,0.8655040033088391,,0.8633832430483546,0.8642526137797739,,0.8558005449561955,0.8576773576953487,,,,,,0.8528000431456791,,,,0.855553432956093,,0.8544342400542623,,,,,,0.009621148031559784,,,,0.009604215826643238,,0.009619291600730202,,,0.009591241067214705,,,,0.8543566475996137,0.8550963349325768,,,0.862730224396633,0.8637001504490597,,0.8646906029877401,0.8622927524599613,0.8653138051108421,,0.8614175868033377,,0.8639721817120438,,,0.8663954570906749,0.8658250693537448,0.8629736093550859,0.8621060137440284,,0.8630765531661644,0.8682857838680504,,0.8639540639621812,0.8621554494315944,0.8658531836078813,0.8621202013212688,,,0.8633595987244316,0.8564386512894935,,,0.8564939132496288,0.8567769282614852,0.8540048316301855,,0.858069014996397,0.8577081480324461,0.8533882289271079,,,0.8568551203494368,0.8567283469377618,,,0.8533908474495849,0.8581786423035958,0.8548283012765289,,,,0.8584049310475599,0.8560857342687846,0.8564763382818996,0.8532097823751073,,,,0.4970929636865613,0.498371469194096,,0.8181419361278562,,,,,0.012029044666898319,0.4678907778874633,0.467122479593219,,0.4658626576585966,0.4655687629647245,0.4666015980442215,0.4670591405665576,0.46782563175144354,0.467066473142135,,0.4674707665783395,,0.4674026122506024,,0.4680750391048678,,0.465827094342801,,0.4670540289624227,0.4655122761509261,,0.46822727213082316,,0.4673455530675354,0.4681173241325594,,,,0.46822987180934544,0.4676760765304455,,,0.4646373287931062,,0.4659455283767631,,0.466249260334039,0.4661169561350615,,,0.46727643660841955,,0.4675370545346213,0.46615672644091827,0.46667215141780183,0.46711127118695084,,0.46635196448688515,,,,0.46665032335952555,,0.46713724118791206,,0.46758765618509185,,,,0.46572224551080205,,,,0.4668644761227605,0.46822358041821566,0.466917099759759,,0.4668813202519092,0.4667221573968483,,,0.465356836814467,0.4674661773919814,0.4673331586098835,,0.4662324773011712,0.46730791561632323,0.46767216693680264,,0.46668154135506623,0.4680655800192986,,0.46661408651379377,0.4672198619006413,,0.4671155500774055,,0.4662195580200924,,0.46575462454583744,0.4666609111363608,0.4682336065131715,0.4666114616059629,,0.46635050887409596,0.4680927584029098,,0.4683036336570829,,,0.46588623545282054,,,0.46685521924109524,,0.46557066032311606,,,0.4663531836508515,0.46727846973981446,,,0.4653010376207099,0.46693781359538095,0.4670294444946431,,0.46621342996637644,,0.46524410136923455,,,0.46729177427297786,0.4668187676331711,0.46828839459082955,0.4676524681417156,0.4664254828786772,0.46696178084942974,,0.4681438440164668,0.46553918083198337,0.46605764989477855,0.4669001115644459,0.4675397404636144,,,0.46694632150790116,,0.468398890769705,,0.466570348973339,0.4672679581750675,0.46780905279605234,0.4664161628835473,0.4670300007477889,0.46724582171999424,0.4677975964207628,,,0.4656987014930177,,,,,0.4663860679324358,0.4668154713569206,,0.46756493659612186,,,0.46639806747417956,,0.46641679009376863,0.46717307854919776,0.468294338930169,,,0.46594003265280454,0.4672377159651635,0.4623444461020924,0.46243597056673663,0.4628660574254576,,,,0.005775585808612356,,0.8107236597447678,0.8153597512416572,,
7,5,DG_10pct,20,Z01_F04,1,SLG_A,333,CKT7,True,1319.124443286342,1327.9628404928085,1251.4429003096175,1059.134834738937,1059.7454854060252,67.99257899246048,68.70910317596999,627.5833488970125,635.1276567566171,474.0658218184377,475.11226507481393,236.60675119027107,78.17680362364126,69.63129884734936,65.43647747265732,67.97646857319792,57.37778658882472,25.582596467452806,122.18445076321028,161.79825036424936,,,0.46415538049763233,,0.8118143512366833,0.8033884564034182,,0.46390278118978906,0.4644921005658102,,,,0.005696029071631047,,,0.81602373404863,,0.8128129418780226,,,,0.46439109170894527,0.46441325377848397,,0.4654665014124987,0.4654896105779329,0.46019128134729703,0.46101602819302984,,,,,,0.46645372412731917,0.467757702368698,0.005929298923784343,0.45856313463366,,0.457634978484754,0.4685238529653917,0.4696295475988284,0.46820793090864743,0.4698501657500609,0.4707208505038471,0.4701196798235347,0.4697388399589772,,0.47028088426747283,0.47081463570265847,0.469837785171917,0.4705316294200868,,0.4712132451964524,0.470981469532343,0.46958333133929003,0.4695890153601197,0.4695195657474091,0.006476251449132645,,,0.8133411244920774,0.006655390787893109,,0.0066547554584220955,0.006660093077276502,0.00667521654254151,,,,,0.006694025813684395,,,0.0066525195986787255,,0.006662097052877667,,0.006671902353941726,,0.006667466961703118,0.006671964485216735,,,,0.0066638159131459495,,0.46892644013756013,0.4696602402659781,0.8605306356734773,,0.49184373530502984,0.49168090169374196,,,0.49115274352694516,,0.010608051612003587,0.010618105543078744,0.010602589379637713,0.010612536365128438,,0.010626622790145375,0.01058583216974485,,0.010585241833599547,,0.010635408526563098,0.010581353577916784,0.010602580316673297,,0.010622060278090324,,,,0.010597396772161548,0.010616193535485865,,0.010631985844465406,0.010561624991734488,0.010566404110462068,,0.010603918449859086,,0.010601971953352666,0.010572402471454675,,0.010571076199098289,0.010606444629573901,0.010611916947992829,,,,0.010605402335126588,0.010603947925665321,,0.010600893572914879,0.010591615417999791,0.010602881006194458,0.8590274065118841,0.861565638518042,,,0.8600214860621956,,,0.8617563478571518,0.859950783742279,,,0.8611848567514696,0.8602664692058813,0.8622240563707201,0.8615946974580777,0.8591159478640782,,,0.8651008102148651,0.8639115565565382,0.8625165781878563,,0.8601675586843017,0.8591674095072362,,0.8599384334519606,0.8599484172966884,,,,0.8602365081810831,,,,0.861784851354176,0.8596667887318296,0.8597661849839437,,0.8596183292783104,,0.8594316295196206,0.8605373831624021,0.8607142241646412,,0.862121880332601,0.8635396436839847,0.8672620048052172,,0.8646639230328516,,,0.8669063193142755,,,0.8655718362066085,0.867579982056252,0.8670092677868719,0.866279819116283,0.8664472023760463,0.8652396432263793,,0.8653845415531178,0.866852644112535,0.8673921720079228,,,0.8638875462648803,,,0.8667513477091762,0.8673071191312538,0.8648461612101321,0.865504039009195,0.8634467285448119,,,0.8662791129112062,,,0.8663906954640718,,0.865797509598322,0.8650833007204447,,,0.8674165061477573,0.8669113601589745,0.8630508109370896,0.8647444855322038,0.8672914456250643,,0.8648329623387033,0.8664057627591474,0.8661510187521702,,0.8645999560726794,0.8644076840683278,0.8648908941698162,0.47866653282120214,0.47951398884001456,0.4784450295909714,0.010333653255082174,0.01056075817619032,0.49278942526417446,0.4943517232134276,0.4931459620307786,,0.4931158833356966,,0.010108450418797953,,,,,0.010104333679605232,0.010141321573187576,0.01013325350986331,,,,0.010148341020678095,,0.01013286394423117,0.010135766285883776,0.010121300814501421,0.010130169631351583,,,0.010123958548132573,0.010121446934629956,,,0.010146990877644677,0.010115273384085672,0.010121836413070438,0.010110088667115515,,0.010149060305961237,,,,0.01009004178170916,,0.010144412576721669,0.010126820421281853,0.01009392257047552,0.010137627579248626,,,0.01029344193434355,0.010291466044199993,0.010275423256687743,0.010303383828844532,0.010272303908721149,0.010286883378849877,0.010280176498587128,,0.010279525942849215,0.010286557989772961,0.010282356779693252,0.010307642227892813,0.01031125832623651,,0.010285227979708312,,0.010259181750956213,0.010277885037570681,,0.010302280543584499,0.010265107923126265,0.010259871376704165,,0.010295538640001692,0.010287335558276168,0.010269226163571869,,0.010304357631283866,0.010268771218134244,0.010314219908342564,0.010249343727933012,0.010300193713509837,0.8582799997863915,,,,,0.8585559310636334,0.8587503179772504,,,,0.8576560533284754,,,0.8595374857173302,0.8606632540764618,,0.857155761431073,0.8580949326889138,0.8599197426318038,,,0.8569965464542041,0.8599423315092539,0.8541522274494449,0.8569583970346946,0.8572890678666695,,,0.8588321950883795,,,0.857526639423327,0.8571809080968792,,,,,0.8588347783722569,,0.8570229377749664,0.8591879903382714,0.8602053512588769,0.8593911396361429,0.8583390752715696,,0.8594361398954441,,0.8586870570716912,0.8584300901170271,,0.8601658716166724,0.8576577219065421,,0.8579431689036767,0.8586445955739064,0.8592862179464635,,0.8568218532390688,0.8569455858003111,0.8564496497619488,0.8588467440823351,,,0.857799460034047,,,0.8582508813718666,,,0.8598101013682571,,0.8579459200483217,0.858887137739034,,0.8562624869965404,0.8589778331143275,,,0.8593224180280438,0.8580356918294246,0.8606676121535487,,,,0.8606276508304741,0.8593905106100839,,0.8677537634350702,0.8668957662269594,0.8672293702994627,0.010068016512226887,0.01008622935723366,0.010051035036995953,,0.01006291803396012,0.4854442938779379,,0.48597075044310833,0.48465563006431833,,,0.010700726684190271,0.8637904198383805,0.8620674003675917,0.4925793529725809,,0.4930319971508735,,,0.4804314528837425,0.46841622157565116,0.46792666448669135,0.4671626637362497,0.01108373949555037,,,,0.8830950206150157,0.8760659210356001,0.011644799026505831,,0.8812586552302859,,0.8885307679591816,0.8902185151592368,0.8870504588390226,0.8887946686065913,,,0.885404676119647,,,0.5098300895140464,0.5104788133446305,,0.5100609841495347,0.5111548221807148,,,,0.509260266009264,,,0.5096144616218619,0.51073900009726,0.50996595619509,0.5100611378017166,0.509988531090624,0.5104027179571716,0.5103035313531332,0.9025654163248151,,,,,,0.012316890473630512,,0.012326020738404726,0.012342328181392472,0.9070711306153268,0.9096077674790556,0.9092539988795668,,0.9031512119737273,,0.9023767162217634,0.9058654594068599,,0.5204889607948011,0.5170660956444623,,0.5198628974868901,,,0.5189446178449504,,,0.5192840773457479,,0.5180572548701545,,0.5186684810245729,,,0.5189397617882896,0.5194482135381598,0.5190664636644416,,0.5182823661114174,,,0.5181887965298487,0.5183511939940337,0.5190075683337384,0.5193540013496741,0.5189921420140161,,,,,,0.5185200427014115,0.5189071190645164,,,0.519852994315248,0.5192690581583694,,,,,0.5185125678450769,,0.5183781979890866,0.5202961864834275,,0.5193023821530364,0.5192647798484245,,0.5194694749862873,0.5176372969043708,0.520104353237541,0.5185489811342044,0.5193423841319947,,,,0.8616748653536175,,0.8645325698822431,0.8632921632814108,,0.8646207752416658,0.8630954464751199,,0.8636186408097786,0.8643129929817619,0.8643860552865672,0.8649959271668497,0.009611427655898327,0.009612644654054165,,0.009618726779797877,0.009631379261873284,,,,0.009615002875490025,0.009564157245448285,,0.009609979185471677,,0.009604929384163996,,,0.009592362952890184,0.009627999000625475,0.009635541811950463,0.8636870227174237,0.8639459552696704,0.8643878297644562,,0.8631976867817275,,,0.8641969844677183,0.8561530776098811,0.8553375112305421,0.855161801948855,,,0.8540616948451334,0.8553958528893555,0.8545948286278255,0.8553327785263831,0.8574087737773313,,0.8545186076562679,,0.8548900655985556,0.00960029817644988,,0.009613006517049983,,,,0.009613732101352057,,0.009631103833225567,0.00961421753448569,0.009620846871732211,0.009630155503745724,,,0.009559027465366868,0.854559375061387,,0.8555093031969506,0.8577264502475913,,0.8557772706272285,0.8543173800034665,0.8643331439275577,,,0.8627586298225188,,,,0.863235507018728,0.8633050967049507,0.8673988360094826,,,0.8653886216894962,0.8632687829867567,0.8659606062160171,0.8647414790398826,0.8627379851716741,,,,,0.8617118076865005,,0.864258838452977,0.8627040516568891,0.8627348390224623,0.8614300019390838,,,0.8590508575163892,0.8594190519983717,,0.854691550052993,0.8594107649350279,,0.857799013881835,,,,0.8546925122222926,0.8542984751470675,,,,0.8557707096838589,,0.8571738383948024,0.8547103379365284,0.8580116867436235,0.8547879672544592,0.855693882888614,,0.8559876485245906,0.49656738759113384,0.4959035474777377,,0.4964011010012197,,,0.8211096880088563,0.812856128318706,,0.46833830914037916,,,0.46723018568983243,0.4668558872200538,0.4675326462895578,0.46641125652759285,,0.4657228986033758,0.4665511647567681,,0.46811366665149595,,0.4687732983952708,0.46634063970545475,0.4659943385696586,,,,,0.4679543284039817,,,,0.46835083666883076,,0.4675563565693258,,0.4682848054685646,0.46729497279901233,0.46693853995753337,0.46633692034628643,0.46827681439786606,,0.4666719022868036,0.4660934170598212,0.4683361902039095,0.4677901663052591,,,0.4664286036534326,0.46621763973323094,,0.46551245530226815,,0.46628585504563197,0.4672135312287417,0.46612262843301666,0.46656669282909025,,0.4667061411619377,,0.4658826792313308,0.4663406887690632,0.4676174277843339,0.46645900368845145,0.4659521257277057,,0.46634618949562173,0.46808357499819625,0.4662906982192555,0.46755120153756113,,0.4669759202234617,,,,0.4665831098900304,0.4662144158138061,0.46826611795139866,,,,,,,,0.4672771681165257,0.46643808498124656,0.4671919360694439,,,,0.4656389300762307,0.46761207304314134,0.4676477650442993,0.4666109907414057,0.4657727000211963,0.4672400940303621,,,0.4664261319535446,0.4669862595067665,0.46773274247220203,0.4659545009749574,0.4667689604942288,,,0.46655239318554387,0.46777278233963976,0.4677633571662109,,0.466734292501175,0.46668680558752523,,,0.4665299281468756,0.46657610140687333,0.46753383543486965,0.4678126929967118,0.4664699637843506,0.4672964058026171,0.4666478077770945,0.4671860581282736,,0.4671476990421896,,,0.4663905219271059,0.46756729008615183,,,,,0.4665910057727343,0.4668732344310867,0.4663491524309786,,0.4666058436975456,0.4662682740726604,0.4665736738113186,0.4669113768997179,0.46640549474884346,0.4654652895490862,0.4665806898200345,0.4671955154926297,0.46721227179371244,0.46760022609343227,,0.4668319219912918,0.46706580809698417,0.46740103580084097,,0.46676200460006745,0.4663084650959822,0.4672027808083519,,,0.46699830194262565,,0.4675146870043112,0.4674720785471022,0.46700766727887283,0.4672809257233982,0.46761340223104825,0.4662043482899686,0.4672017141666506,,0.46670840637822286,0.4672097143684248,0.46645327485916205,,0.4659481313333973,0.46673754248128685,0.46645747965510154,0.4665436502279062,0.46720723897933814,0.46735772527288694,0.4679266616247958,0.46785237048729195,0.4668666656277508,,0.4624252239515285,0.46174107337499853,0.006127092022450743,0.8181355266168598,0.812451238434938,0.005753470065516198,0.00577293809711976,,0.8175343619119234,0.808835306272108,0.8103895309982179
7,5,DG_10pct,20,Z01_F05,1,LL_AB,326,CKT7,True,105.35069134087244,105.04644004621966,90.50703811822028,61.773113572746034,62.21914333652083,5.653736454001229,5.2535302939167146,32.11007626524482,33.33489836515211,24.66450052617425,24.680559563547813,12.070178281894012,4.000606705963805,10.060286744913453,10.471599741591392,5.616069242265979,4.6563429028779035,1.0954336895351848,8.976945274320308,8.876168683505542,0.0002986362708014283,0.00029903384368139713,0.00029913936975788677,,,0.06575197484900211,0.005802545524412816,0.00029143241892045946,0.0002913090358206852,,0.010694696667510469,0.011422209983897792,0.011419349829007044,0.01142325999401982,0.010914426721456167,0.010957449918549708,,,0.05708695561885916,0.05728842329218621,0.00029102668659085275,0.0002904761683225687,0.0002908128157278031,0.00029076302840133666,0.0002906996704165323,0.0002916252711660715,0.0002881440867728031,0.00028818697479542874,,0.0002916599375058655,,0.0002920591059689825,,0.0002920440667080577,,0.011776958776430308,,,0.0002831479895030012,,,,0.0002895825957407504,,,0.0002888228156492075,0.0002886335230470327,,,,0.0002889457938114559,,,0.00028897080028078857,,,,0.012751344667474136,0.0127880624421499,0.012298072518597618,0.05601866670274724,0.013118177981481932,,0.013115579838684792,,,0.013132210115093678,0.013141638442151824,,0.013161816331144261,0.013150139743364278,0.013095265228179364,,0.013112438574262229,,0.013113763565341633,0.013104211814211704,,,,0.013146720081707947,0.013161936083743041,0.013154393522420073,0.013111747925652254,,0.0002858846995857241,0.0002867392029478978,0.0002853567336975742,0.020217998548347774,0.00028685132486115205,0.0002878387893104941,,0.0002875881241669332,,,0.020891022245113248,,0.020851152792189093,,,0.02082051487659752,0.02091792090268552,,,0.02084801119619076,,,,0.020837809264297114,,,0.020914663501454652,0.020875563440515943,,0.020921535240913888,,0.020872820147563562,0.020865308749414904,0.020840830862827054,0.020845274393068096,0.02085477920431573,0.020855359877960247,,,,,0.020862906609174794,0.02082444919297853,0.020829089211264598,,0.020874021481939304,0.020879531711534192,0.02087742226239772,,,0.02083291548309357,0.02086471094738754,,0.051657641792604805,,0.05169411845404307,0.05173151933213339,0.05160900381306215,0.051805236131802795,0.05168810712974284,,,0.05180839656469403,,,0.051681533171728244,0.05173185966438298,,0.05167873356632959,,0.051593787793854574,,0.051821128411667104,,,,0.0517919040904447,0.05180719936193205,0.05180028016469271,,0.05167385068394859,0.05161501594121262,,0.05155069705773763,,0.05163634005709758,,,0.0515995513212388,,,,0.05163045840232655,0.05161349120826392,0.051626385434684445,0.05163253478062974,,0.05173967995892778,,,0.020434287120452248,,,,0.020325780167262643,0.020367359388203256,,,0.02035604381164939,0.020404064662609224,0.020388663758492333,0.0203885766059423,0.020395282206234214,0.020402663089686694,,0.020333206253924624,0.020411509061500892,0.020418884444854717,,0.02034674821583797,,,0.02038261242938536,,0.02032222916241689,0.020308524459860606,,0.020325272345877513,0.020378745546841805,,0.02037447530558104,0.020389243318011986,,0.020336631961424764,,,,0.020357970325536125,,0.020387706843920116,0.020429556736617425,0.02034603840122909,0.020369245145556887,0.02032894198334542,0.020333778857730026,,0.020337509856544225,,0.020324508916373274,,,,0.0002796973872251665,0.00027887452085006276,0.019873145379344932,,0.0002875205784414536,,0.0002866453627476373,0.0002875094418725677,0.0002869502241409938,0.00028755898630381416,,0.019376951631352432,,0.019365944953537956,0.019383334108249245,0.019386107560036645,0.019406076485607285,,,0.01947049974451501,0.019437263445840482,0.01934976815038459,,0.01938065322079279,,0.01946178660089648,,,0.019354075114221967,0.019449514517968978,,0.01939882699368996,,0.019408588856385967,0.01940678732469277,,0.019332866875382927,,0.01943602249667439,,0.0193838948195214,0.019370021414813816,0.01936741184188466,0.019403966928771138,,0.019411241734131224,0.019319991014590632,0.0193274429234177,,0.01937708217899246,,0.019736527982320094,0.01970657868381384,0.019718178978376494,0.019699158144491864,,,0.01967560548120435,0.01973243376007542,,,0.01968254529669817,0.019681589134444618,,,,0.01972081467756985,,,,,,,0.019745447188704135,,,0.019699839560136875,,0.019712695306699713,,0.019729332477936505,0.01969394537267942,0.053128238130289496,0.05310101994713598,,,0.05313283307405932,0.05314409661144351,,,0.05304873760033427,,0.05321418896837008,,0.05262974655711228,0.0526193822465693,0.05271333173554281,0.052746212520395214,,0.052694248276081525,0.05258612417041048,0.05277939389260153,0.052622250056948525,,,,0.052862094480950333,0.05276806461574056,0.05307324314052107,0.052953159132527454,0.05310988593653795,,0.05308152586743123,0.05302738563969429,,,0.05299872061963673,0.05315329986051242,0.05293512294831499,0.05326043642493186,0.05298203442309321,0.052971800806841746,,0.052852801935924926,0.053094423838153056,0.053053927942123415,,,0.053113048672347514,,0.053022540965367154,0.05304724912060197,0.052920641225077995,0.05316743622097589,,0.053075870356620196,0.053024015753770345,,0.05292990192738898,0.05278083822712815,0.0527966004921677,0.05259299079881579,0.05261650883887231,,,0.05266731375339598,,,,0.052618765472256745,,,0.05275245322311272,,0.052821626371195335,,,0.052799261163909296,0.05294078870360989,,0.05263049455712693,,0.052609478941682046,0.05282893016465782,,0.05277343240232072,0.05282621793705781,0.052531224175559124,,,,,0.01923673491508092,0.019380087858744,0.019286093994299414,0.019308976039623026,0.019293312351955864,,0.0002834743975530222,,,0.00028251028019227306,0.00028351484364590765,,0.02036937333474056,0.05157982072542926,,,0.00028745829962103093,0.0002815915876218026,,0.0002813970898565428,0.0002736034435077023,,,0.022029951837968423,,,0.02277083989954905,,,0.02302402106100312,,,0.02275781746331857,,0.022806505367278896,,0.022695663489957524,0.023277535821887956,,,0.023126493458187763,0.023111870613430417,0.0003017714454849168,0.00030263030797403925,0.000301587778032124,,,0.0003029460990615876,0.0003019611174188467,,0.00030147818520004393,0.0003020432386994717,0.00030232596488012343,0.0003026222643159129,0.00030260597731971757,,0.0003030783972589751,0.0003019850618433018,0.0003021130889972768,0.0003025255437363117,,0.05172599638080767,0.0516775445820725,0.051741891783853425,0.051642255472365985,0.05137406093232746,0.024490783886037863,,,0.024529732860068418,0.023962810546761297,0.02386556147436392,,0.02398087052134118,,0.05161409804117207,,0.05177054899160564,,,,0.00030822615654947964,0.00030780368784625656,0.00030800749382550664,,,0.0003079441861079563,0.00030734410818715783,,0.00030743353772293966,,,0.0003075927715040785,,,0.0003078928935526343,,0.00030764348356354676,,0.0003077068333855248,,0.00030745038193365475,,,0.0003082369171186736,,0.0003079186248679425,0.00030662922196585883,,,0.00030828503100629865,0.00030776382064406715,,0.0003072381608151614,,0.00030874777451630233,0.00030822064972460517,0.00030757336903388695,,0.000307798777029029,,0.0003081060268446984,,0.0003081127740659904,,0.0003073023117236725,0.00030804570120525414,0.00030807950550541856,0.00030891109106656486,,,0.00030762778366296795,0.0003075878477808668,,0.00030815040093549735,0.0003079982795115521,,0.00030737366177661745,0.017838463481038323,0.017926986926727253,,,0.017872835320254795,0.017852633963515108,0.017863676649653635,0.017913150095441227,0.017836196394795705,0.017901746218711868,,0.017838667606357213,,0.018384228922703617,,0.018381779700403902,,0.01837208405653808,,,0.018398406805102057,,,,0.01836544741081856,0.018372347692955024,0.018434203750231238,0.01841299901523563,,,,,0.017940376304980438,0.017873714262870134,,0.017916858385833713,0.017946602506389894,0.01789759205101571,,0.053946658984301135,0.05377852451884548,0.05400215884707323,0.053995836368898154,,,0.053857125613949716,0.05377502126680893,,,0.053760776131714844,0.053824201195708764,0.05377744474437595,0.0537340545525579,0.018365027169245367,,0.01833486434590069,,0.018380930625359775,,0.01838475768048356,0.018443093499867346,,0.01840187307175062,0.018397977966070393,0.018397877850574843,0.01820383466329583,,,0.05396211294271155,0.054099451778717646,,,0.05383515597932132,,0.05380126382759732,0.01785182124641344,0.017885933101838725,0.017946721696885246,,0.017849128603180803,0.01789678349605656,0.017871917303389877,0.017902785766398196,,0.01788581472559799,,,0.017956893246746326,0.017967806832335908,0.01788138544725873,0.01792768727959338,,0.01790791162988855,,,0.017928209052407402,,0.017894359126906706,0.01786310332682361,0.01791426928833161,0.01791017814279895,,0.05386459221307298,0.05405681625215445,0.05384659029836578,,,0.053935935044386284,,0.05395526708805992,0.053949106139107444,,,,,,0.05373566902991129,0.05387215977958023,,,,,,0.05376834258915682,0.05379397653162923,,,0.05387365585321583,0.0002914268835704531,0.0002916481337516507,0.00029119526721116835,0.0002908137277494546,,0.00029185714258894176,,0.00935811431276393,0.00028986782887196116,0.0002895219737102077,0.0002890946132450482,0.023914868666610793,0.0002921275682434176,,,0.00029142534728415623,0.000292064295456823,0.00029279494985635305,0.0002916900184033963,,,,0.000292587349784092,,,0.00029187167149468264,0.0002922972124525251,0.0002914044812069309,,0.0002926724143302276,0.0002924310193399304,0.0002928826834073475,0.00029214997150374606,0.00029178772669397556,,0.0002921094884928505,,,0.0002924595380944295,,0.0002919139242667421,0.0002916671836808538,0.00029181917649232224,0.0002916336906305185,0.0002916954632065415,0.00029220269827633045,0.0002919668941175595,,,0.0002922642157469736,,,,0.000291676249538374,,0.00029257643964519255,0.0002920464385445326,0.0002919188031662883,0.00029247657563446567,0.0002918082806048573,0.0002920442274051496,0.0002924771670991707,0.0002919560009900896,0.000291582625856607,0.0002928619224358645,0.00029208940692688817,,0.0002921202073699401,0.00029247393729760435,,0.000291747518666192,,,0.00029179874543898876,0.00029108830231827556,0.0002923641522716154,,,,0.0002912008819974167,0.0002924593602481535,,0.00029164186583110395,0.0002916510866796564,,,0.0002924846065506472,0.0002912106346373062,,,0.00029171346640223875,,0.00029211139624518186,0.00029161973223976927,0.0002908781288390873,0.0002922394507591631,,0.0002918634520102609,0.0002914963255465166,,0.00029157879947225453,0.00029305041208153594,,0.00029222145690544106,0.00029155682807350907,,0.00029192112732413024,,,0.0002927774557356177,,0.00029253337373443005,0.0002922224401072853,0.0002922105431492989,0.0002924075203781466,,,0.00029106193289426874,0.0002930029007640758,,,,,0.00029121813399027004,,,,0.00029171580967474837,0.0002915550521551238,0.0002922306637841506,,,,,0.0002910730691885768,0.0002924274966540312,0.00029161050229661466,0.0002917462523014551,0.0002917080624185014,0.0002919614953840301,0.00029204351215912617,0.0002917347537352461,,,0.0002917014944446635,0.0002918826907221549,0.0002920101639196516,,,0.0002915627634286119,,0.00029230252665939874,0.0002907637269856328,,,,0.0002921898883695343,,0.0002928775680525034,0.0002917526823052257,0.00029202899869037714,0.00029213117893895816,0.000292247055336997,0.0002920207678070685,,,0.00029173091088057065,,0.0002914121181772708,0.0002917762765044633,0.0002926309517649161,,0.00029119269949672027,,,,,0.0002924916775320824,0.0002917169248387566,0.00029133835408400873,,0.0002837436285451507,,,0.011650026128204281,,0.011536203928239014,,,0.01103614987236313,0.0569413810233709,
7,5,DG_10pct,20,Z01_F06,1,LL_AB,215299,318412,True,105.56281708320694,105.61951970146093,91.01138888453258,61.847170671905914,62.333683825713095,5.68150934528043,5.251489159674083,32.14041796846715,33.260299972510985,24.48141283628984,24.65074590598073,12.074327388051026,3.9884583152933204,10.028600384974217,10.496304545697466,5.649343341107496,4.676679510633023,1.0946979803272496,8.943063389350852,8.953788911956552,,0.00029994311754381046,,0.002840345188570797,0.002453420554760661,0.06572363958518895,,,0.0002917710285403664,0.000290528340857489,0.01068621427613532,,0.01142053007823507,,,,0.010901003423545682,,,,0.00029129232539485225,0.00029065522081693696,0.00029108517433975943,0.0002905179092668309,0.0002913242689206067,0.00029043801664175526,0.00028764159820191605,0.00028886435663428873,0.00028848916998856176,0.00029271747036794176,0.00029102779761747995,,,,,0.011825857003609637,,0.0002837887156831356,,0.0002877939307481428,0.0002891198846538716,0.0002878951726919694,,0.0002894912603208089,0.0002893776566879721,0.0002893554715680889,,0.0002904681690471479,0.0002897475820661594,,0.000288461881894391,0.00028989948118431953,0.00028941756318319136,,0.00028975251527329376,,0.00028929980681280035,0.01281084159912125,0.012825270326382362,0.012274460179524408,,0.013101898457212767,0.013116191235494566,0.01313444373799602,0.013160263274741865,,0.01314052584497269,,0.013148544377564913,,,0.013152254599443743,,0.013109822622631984,0.013119760222475504,,,,,0.013120560267149495,0.01312780417422274,,0.013131254938242075,0.013161938280755731,0.01314776115748272,,,0.00028586848522723664,,0.0002876929510941522,0.00028750145324253645,,0.0002881192747772049,,0.00028805463654360357,0.020890267612473448,0.02085417660895067,,,0.02091371113834188,,0.020869758017565063,0.020821942054855366,0.020840332280678473,,,0.020931017947962028,0.02085191154817935,,,,0.020833453058166123,,0.02085446655443134,0.02088614454744051,0.02084269876603253,0.02090883536129165,0.02084398697590385,,0.02082783212632185,0.020906727454132887,0.02085439079745355,0.02085729195323161,,,,0.0208318497403815,,,,0.020796698542451062,,0.02087672287335521,0.02082689013721418,0.020870987854764843,0.020860795678396094,,,0.05183594625559823,0.05178573044489633,0.05179216567747129,,0.05170171172611396,,,,0.05166661543868407,,,0.05179933261225948,0.05175526629717568,,,,,0.05174075132243313,0.05181919881633166,,0.05173601814808885,0.051611411077090746,0.051589070828608266,,0.05170082105125457,0.05180609216044906,,0.05170766383047531,0.051657600800435646,0.051658546056242934,0.05160014595867749,,0.05189646397481098,0.05158162560630383,0.05167554953721221,0.051710390899804934,,0.05160554865040065,0.051451459777486615,,,,,0.05178521683419097,0.051658314158443665,0.020391834897158564,0.0203755122153184,,0.02036052326018465,0.02034727916348409,0.020361719637166105,0.020380237767835725,,0.020328904586474253,,0.02040289121469483,0.020338998526109302,,0.02040249651894056,0.020370353281088542,0.02036609604420935,,,0.02032582449319776,0.02031640572112308,0.020370690289884055,0.02040758739720232,0.02036720100732995,0.020349261276513163,,0.020370998513627787,0.020349889326749297,0.02031786375685452,,0.02037813965476196,0.020329417051991556,0.020373332187821065,0.020345985031009695,0.02034066601270816,0.020422376306763124,0.020316127212443788,,0.020373544339505032,0.020357324380443277,,,,0.020246492244163507,,0.020350438716300778,,0.02034103609251609,0.020326500446178265,,,,0.020336867215969834,0.020302763655048548,0.0002788479324660032,0.00027889264042739827,0.0002778714124560138,,0.02067969544021203,,0.0002875253066633089,,,,0.00028839655579784943,,0.019374538379179608,0.019395197330115094,0.019455128964658626,,0.019411312644365276,0.019426163007330733,,0.01933322704716415,0.01941592113916615,0.01935361354997253,0.019406876577641504,0.019372640237864367,,0.019399661966525233,,0.019401842575587924,0.019414923016548378,0.019442109669707153,0.019357063252337096,,0.019398778600099063,0.019333693681723642,,0.019346309102307113,0.019327941744781675,,,,,0.01938133685661214,0.019416104331782855,,0.01939999907696838,0.019422039903622207,0.019374457402965048,,0.019372015434372218,0.019372422224285164,,,,,,,,,,,0.019697687707448487,,0.01971825841092457,0.019744745308996878,0.019720487038826662,0.019700038135561773,0.019759101966812267,0.019706069931179463,0.019707473576228485,,0.019795049731964897,0.01972092544521588,0.019707961276318357,,0.019703212961661047,0.01966470439247405,0.019707732425265186,0.019710276648316812,0.01975139030309442,0.019746659481662786,,,0.01970152800121184,0.05296478144358394,,0.053168075080912765,0.05303193099965908,0.05305275320352938,0.052982737182332824,,0.05303210751368438,0.05305047582907265,,0.053056492806383804,0.05265973274700894,,,0.052624888711984084,,0.0527397238598732,,,,0.05262006103511891,0.05253029290499114,,0.052673867379616685,,0.05256074074846831,,,0.052944677926291775,0.05314568152367566,0.05304430615613896,0.052978021856142525,,0.05291790216629353,0.05300039329069672,0.05303942919459047,0.05309407130640193,0.053196582403926704,0.05325358886912689,0.053103551665719534,0.05312102573667496,0.05283856293694208,0.05303341016247216,,0.053043035252135516,0.0529594971763966,0.05304019143896747,,0.053019823633850605,0.05310212999802378,0.05304518606831469,0.0530905513078688,0.05296840293798738,0.053126015546693335,,,,0.05274951853791211,,,,,0.052786965531284924,,,0.05281195155317148,0.05278109834931101,,0.05274465297324462,0.05277136585333072,,,,0.05269558170351343,,0.05280032994701798,0.05286355014619784,,0.05270010845892733,0.052781873736092916,0.05276281066125202,,0.052709019286454155,0.052632812604472425,0.05285644964610267,,,0.018834467685219472,,,0.019322627342615604,0.019311151052917315,0.019278743850126717,0.019299255496807305,,0.00028335027374667006,0.0002830759115800886,,0.0002838947212604331,,0.00028303376880948756,0.02086392474262179,,0.051770032559501813,,,,,0.0002819076010687704,0.0002809912860223865,0.0002746382652523217,0.0002731936031818463,,0.021980359148880503,,0.050869308627697334,,,0.051048753822398235,,0.02252386825438196,,,0.022773596503283776,,,,,,,0.023083418410311078,,0.0003023904787003587,,0.0003014863248403198,,,0.00030170775344922013,0.00030229051666739857,0.0003036148517791679,0.0003029681620800268,,,,0.0003022223858575381,0.0003023891204460104,0.00030297267655238035,,0.0003025814044670974,0.0003021389314491313,,0.051671129329168876,,0.051608270134629965,,,,,,0.024525240136408378,0.02397304025639928,0.02389779994322296,0.023917064224273317,0.023939791836012782,0.05172426224409263,,,,0.00030783289186581434,,,0.0003073208777802439,0.0003074509854906081,0.0003072280848176623,,0.0003084200752240585,,,,0.000308412515451268,,,0.0003066591005992897,,,,,0.00030758927365091604,,0.0003066756071024817,0.0003080236286862124,0.00030716234382652464,0.0003077800810828501,0.0003075954736072845,0.0003080122235115745,0.0003076043768345191,,,0.0003086575573610944,0.00030716853440310697,0.00030675588719159317,0.00030711607640137385,,,,0.0003078371117757295,0.0003076269226912215,,,0.00030795450451153757,0.0003089232704275451,0.0003079845282837582,0.00030771805151101996,,0.00030868353397292574,0.00030859741295344415,0.0003079394161302714,,0.00030770878260536215,0.0003079086916241472,,0.00030843348019294947,0.00030754172074401155,,,,0.00030766054781961423,0.00030830861971600787,,,,,,,0.017867919230954824,,,,0.017904922313196396,0.017923361593566934,0.018456827666635613,0.018382601199303635,,,0.018431312770215477,0.018411928899283517,0.018386618815832777,0.01837002612928895,,0.01836257951980368,0.018360578764104324,0.018343648391252264,,,0.01839340728302738,0.0184061704309201,,,,0.017939073022659742,0.01791612398570358,,0.01788263850751467,,,0.017926679731804052,,0.053898652472758116,0.05387075316334911,0.05389209565865602,,,,0.05376761708604376,,,0.05374461685091008,0.05375489114756803,0.05394793833038327,0.053837348108486054,,,0.018346098240861794,,,0.0183797513074845,0.01833018695553952,0.018394910293298126,0.018395823989447092,0.018390964081959345,0.018418785246975697,0.018396076868126054,0.01836971624008846,0.01818970709643935,0.01833384027138467,0.018341528845619615,0.053993106868548656,,0.05386295518417048,0.05388374416219615,0.05381954426581377,0.053829952047393166,0.05393418132803499,,,0.017886404650639485,0.01794791945879486,0.017855465944349152,0.01782885683294625,,0.017900485980520863,0.017918870219599058,,0.017926070108791572,0.01785884773307143,0.017891159511329153,0.01791416356906178,,0.01793535691356484,0.017881394307999048,,0.017871345729542666,,0.017927483667906217,0.017875897779596465,,,0.017886650731960038,0.017880979667799154,,0.053836504218710404,0.053911754117344335,0.05409036324365797,0.05391667156091042,0.05383360312917906,,0.05399689657727981,0.05393629754212862,,0.05388928767782795,0.05387832845000749,0.05385062552129195,0.05374505228665713,,,0.05410256280977648,0.05382864600964502,,0.054004314324050846,,0.05386560029161582,,,,,0.05398051148588994,,,0.00029231946919711706,0.00029199668194219216,0.00029213491545399336,0.00029268990126293484,0.01166994518779,,,,,,0.00029133573139441746,0.0002915985367965281,,0.00029246163601978327,0.00029213720164529225,,0.0002914808126149418,0.00029222625679046224,,0.000291482633725527,,0.0002913516050322496,,,,0.0002922508261594171,0.00029174647519218883,,,,0.00029189512106180714,0.0002926353340631519,,0.00029151093735797415,0.00029179088295204226,0.000292834698554829,,,0.0002921779761863607,,0.0002915028529785011,0.0002921360060840312,0.0002920158095016363,0.00029191704305848857,0.00029227098536142024,0.00029191085600363905,,0.00029238238609926616,0.00029194929655394953,0.0002923253201598425,0.00029119686198595697,,0.0002917402097813545,,0.00029201206465761414,0.00029157981462313526,,0.00029140962925007524,,0.00029128091966863084,0.000291873060305983,0.00029255872987970366,,,0.0002926168993611323,0.0002923082475704913,0.000291220376962167,0.0002916742200966654,,,0.00029192106017196425,,0.00029212026503652884,,0.00029197325118832134,0.0002921102023427779,,,0.00029156781162174183,0.00029328406140689866,0.00029227033803745184,0.00029190669967264586,,0.0002921197451243379,,,0.0002922622920679181,,0.0002912117711072496,,0.0002926230536751187,0.0002922591153105443,0.0002909162446350476,,,,0.00029202908249519825,0.0002924628256724821,,,,,0.00029252599935753956,0.0002927263745987472,0.00029203523332132835,,0.0002916376315559085,0.00029240448025614156,0.00029147583971462305,0.00029182197313640956,,,,,,0.00029185612324616876,0.00029213626546622563,0.00029140304704922343,0.0002928240648118151,0.00029200261392641635,,,,0.00029193954478690256,0.00029224290024030164,0.00029145625506319864,,0.0002916949963083171,0.00029239265142066637,0.0002917985922739905,,,0.0002916304853219515,0.00029215995452684006,0.0002918452225745844,,0.0002918342428336811,0.00029178756017285705,0.0002916923993898625,0.00029250624643886204,0.00029178418525292315,0.00029124393900806857,0.00029151064941042206,0.00029232816583463016,,,0.0002925133535180445,,0.00029188135198707015,,,0.0002921183414941357,,0.0002922992807100333,0.0002913179855067389,,0.0002913741114201722,,,0.000292921563128615,,,0.00029144192159715187,0.0002928759277032161,,,0.00029246996084429856,0.0002919876408678955,0.00029147652495113105,0.0002922957059689646,0.0002924029027326153,,0.00029215702183918695,0.00029198056490959795,0.00029186750632444354,,0.00029321707815911765,0.00029089517953693306,,0.0002838888649630803,0.00028392849708309715,,,,,,0.011016535626869271,0.011008210928438723,,0.056968922267325195
7,5,DG_10pct,20,Z01_F07,1,LL_AB,335,CKT7,True,105.98555123646267,105.14422143627027,90.93087127725437,62.15340023950637,62.315162103398336,5.640879757102697,5.2583738493225685,32.28251553082323,33.30246895740182,24.603479396695256,24.589464278846158,12.086785634158803,4.000519552344761,10.013173728218458,10.504903837432163,5.654304712862898,4.66173806807772,1.097887724752276,8.973511257065727,8.905564487743268,0.0002988621418752629,,0.00029959240507164246,,,,0.005823694121953187,,0.00029093052289418656,,0.010654756079621606,0.011427406253612903,0.011397456525161661,,,,0.010880901784219412,,0.05701489895123091,0.05716298739438011,,,0.00029026961154330494,,,0.0002913903363216077,0.0002883838064087078,,,,,0.00029122816050857316,0.00029167991950757423,,0.00029186559646160844,0.011789801970921606,,0.0002829842231901533,,0.0002886289444822658,0.00028817814934710797,,0.00028926357305813567,0.0002892710954507178,,0.00028910628805962386,0.00028929875606849184,,0.00028891179530295423,0.0002891522425511345,0.000288602505154613,0.0002890125736466101,0.0002895302105287202,0.00028952916474324434,0.00028916570426824233,0.0002891582653144298,0.00029000182845819264,0.012792823663934605,,0.012333374417877983,0.05607125131334052,0.013113217316922157,0.013186857910125927,0.013130981247075194,,,0.013184744219409955,0.013131611563243129,0.013159312601345447,,,0.013140929871432646,0.013167213207531935,0.013189996929814716,0.013158576757166673,0.013130457361775127,0.013148552282476541,,0.013127115556961845,0.013156801757414321,,,0.013138845827602795,,0.013149068656495273,,0.00028622217226828496,,0.020304699917640556,0.00028667139437189994,,0.00028689240440564267,,,0.00028776986161648893,0.0208900519767244,,,0.02094713422999923,0.020896427303931122,0.020846085993813764,,,0.020848932674551065,,0.020886301180183607,0.02093046354736926,0.020784652468197756,,0.020873102644959465,,0.02085042015823393,,0.020831580519574053,0.020852003760747105,,0.020817879829232392,0.020839982141358626,,,,0.020872193290144184,0.020839425746303514,0.020841086847415605,,0.02087241170911869,0.02086778825938331,0.020880410305375522,0.02088408443342682,,,0.020858229593996712,0.020869334321290938,0.020834554102529854,,0.020863415167663293,0.020800212772710623,0.020857273981579123,0.05156134876668466,0.051667175298114584,0.05168858323341079,0.05147416544596899,0.0519260532651205,0.051637116808970145,,,0.051735764255146824,0.051614871315896,0.051757288081466915,0.05178757898367408,,0.05183011008026398,0.05189200886882655,0.051660013562244964,0.0517032965485795,0.05161045651497484,,0.05169178464281879,,,,0.05165885141258936,,0.051614995931407434,,,,0.05149771325748917,0.051773573372506966,,0.05169238281035997,,0.05173546843118007,,,,,0.05182458531020356,0.05160209351857884,0.051701975712358725,,,0.051659914741377926,,0.020314900458820336,,,,0.020349711831678805,,,0.020406453577689287,0.02035147773493353,0.020372984041144755,,0.02034743902461339,0.020391527751455352,0.020399077241493476,,,,0.020363032719516,0.020343268693518563,,0.020321183337650695,0.02038145198671113,,0.020379619146348622,,0.020309296332948756,,0.02040981746959379,0.0203578841612957,0.02034345097754773,0.020379917460064786,0.020301106045394767,0.02032437896175433,0.020438973530399234,0.02038385530299167,0.02041682798550653,0.02035260822030588,0.020358276047829246,0.02033231570541628,0.02036891729415691,0.020356893663524517,,0.02036747402778564,,0.02029710502622211,0.020402295503760572,0.020355851606586248,0.020439293413814893,0.020369197622460537,,,,0.0002793410024654979,0.000279003669445314,0.0002792873033701968,0.01985340701864453,,,0.00028751467943522824,,0.000287834962409484,0.000287437417318058,,0.019408002898451057,0.019396648388737878,,0.019416429669515532,0.01937080169990292,,,0.019389968133186133,0.01941815436381102,,,0.019361131194956572,,,0.019390645624538863,0.01937983569642983,,0.019353382647215655,,,0.019381495657411808,0.019330802211898018,,0.019330157695875465,0.01934794920266285,,0.01940057155831137,0.01936085283407005,0.01930858256482429,0.019384210474357105,0.019381395782611582,,,0.019378553082197932,,0.019355674490892885,0.01933618728037032,,,0.019359994990419065,,,0.019707894641563983,,0.019716821422876975,0.019692033235937056,0.019717666753953613,,0.019728195316583742,0.01971903887213712,0.019743049844224567,,0.01973358571561611,0.019767531546974547,0.01967482366617781,,,0.01973007912039584,0.01973792480522449,0.019775403320747887,0.01971070104819775,0.01976005970846985,,0.019759184503585422,,0.019692274547369815,,,0.01969283095464605,0.01968604369738889,0.019766096940422914,0.019657910024216373,0.05308456258359709,,,,0.05294050314231994,,,,0.05305939907111658,0.053114725843256994,0.052996455725055534,0.05271196076801562,0.052558460854372,,,0.05273423268093949,0.05282135216238482,0.052854660066971385,0.052695632376101316,0.052745224709266854,,0.05278000798756003,0.05269847358505667,,,0.05258321932146553,0.05316563378918008,0.05286132114697183,0.05290741898700967,,0.05307349775110846,0.052941832259885135,0.052901208536260895,0.05293409805359276,0.052890465698630554,,,0.05313025083556299,,,0.0531352227717013,,0.05314242724351521,,,0.05314223077382955,,0.0531632656829184,,0.0532893010994322,,,,0.05315813950112898,0.0531234327097536,0.05299062494012142,,0.05271233185453619,0.05278828599742759,,0.05269241190832753,,0.05278995343508563,0.05268836069692803,,0.05262641985369149,0.05288099642303444,,0.05280629895423679,0.0528755899878321,,,0.0527188901399561,0.05292769976551793,0.05277955078798903,0.052722306507218444,,,,0.052723402329807705,0.05261989142215578,0.052889393464475826,0.052773048619409485,0.05275069681953479,0.05265690820260967,0.05262579350297359,0.01883570300697758,,0.018840848112694028,0.01884848980178425,0.01930068928437775,,,,,0.0002836045950752822,0.0002827639256365288,0.0002834459102784635,0.00028276690399523766,,0.0002826682368667889,0.020876242625547776,0.0203857920058875,0.05157331620537763,,0.00028772716796862305,0.0002872308825152026,,0.0002813471652124911,0.0002814009773127929,0.00027360564726625926,0.00027344665718329297,0.0002740966164946229,0.02196614636065783,0.021493876406949608,0.05080437891630587,,0.022303398928262105,0.051146843132057036,,,0.05110703484652618,,,,,0.022710294080406646,0.023379811554310057,0.02274203692938892,0.05128653255009678,,0.02310533314846524,0.00030213678983060207,0.0003010675695258052,,0.0003020934282351629,0.00030257265262166995,0.0003030755417740942,0.0003026236756960999,0.0003021211118284941,,0.0003018610166941856,,0.0003024264638542635,0.00030259096472304693,0.0003017137296407765,0.00030205348727414474,0.00030203613394654336,0.0003020491433159468,0.00030311376188904587,,,0.051685966485732524,0.051536009476854786,0.05165536665615626,0.051406256219650205,0.024456081001812464,,0.024463305915774815,,,,,0.02392392260538557,,,0.05177924835753876,0.051747577576326795,0.00030787448647774825,0.00030716041164933095,,0.0003081623893895569,0.0003079179914355166,0.00030763669853196645,,,0.00030784179254527615,0.00030877427043814393,0.00030727877173453985,0.00030776696167051677,0.00030825416096089554,0.0003081313719157367,,0.00030825965538589423,,0.00030870107630008516,0.0003067953051962646,0.00030834368837216253,0.00030730513001232855,0.0003077454900130729,0.00030733499731206646,,0.0003082159966582655,0.0003073272039917499,,0.0003074019028982867,0.0003078588871416452,0.00030751781956787726,0.00030754824019627264,0.00030810425745856355,,0.0003087248300252883,,,0.00030817812139140646,,,0.0003087715580270746,0.0003077238495328603,,0.0003085810581593025,,,,,,0.0003084390824966962,0.00030722495680940534,,,,,,,,0.0003081927684080302,0.00030788353805746523,,,,0.017905337923492467,0.017858998728387775,0.017874340633409726,,,,,0.0179149794328634,0.017923591687506388,,0.018364273025879844,0.0183826276374124,0.018387758898369983,,0.018437076740077954,,0.018351994611273303,0.018398323525978835,,0.01840016117803526,0.018371061102337275,0.018380080948832204,0.018387200218879962,,0.0183813584515,0.018385057536602346,,0.018375786110936692,0.018359126791123344,,0.017835519308520245,0.01789188374325641,,,0.01787012216973923,0.01787090921478315,,0.05378227723664368,0.05389005375357857,0.05374808579383758,0.05381381680350289,0.05391830709592038,0.05388937592221708,0.053854833950188176,0.0538504666396169,,,0.05392583749915982,0.05369395865792182,0.053799217935150204,,0.018336032678528923,0.01827978337165751,0.01831028298243845,,,,0.01841090285769285,0.01840355869627094,0.01839854272311652,0.01838565428069872,0.01839036881227289,0.01840303246657208,,0.018362151577565794,,,0.053680237892678014,0.0540202763968299,0.05405216899357267,,0.053963844412965124,,,0.01792185401157212,,,0.017921631535203035,,0.017847778528314824,0.017882691403527617,0.017830770515480203,,0.017935427474086163,,0.017854044210247604,,,0.01790371296413644,0.017882963904016166,0.01786485324692074,,,0.017923207338604513,,,0.01792853336477306,0.01789627859953694,0.017879912963905207,0.017887057691843983,,,,0.053878409362454964,,0.05394895374653755,0.054100415848377666,0.05391874076206142,,,0.0537009086226569,,0.05395108472487932,0.0538548625727048,0.05369501572036076,,0.05394355755877165,0.053888843813385275,,,,,0.053871335049926,0.05387388050842511,0.05378596020918817,0.05375838614746123,0.0002911415807049857,,0.00029181045103884694,0.0002919627055829881,,0.0002908610492826919,,0.00931133476757922,0.0002892669558912401,0.00028913173674478566,0.0002893058050372631,0.0239101735468639,,0.000292102165528609,0.0002917336296232793,0.0002908294455628941,,,,0.0002917161302711955,0.000291548059126669,,,0.00029218034892008695,0.00029223961817929553,,0.0002929175878185301,,,,0.0002921114662778827,,0.00029191472985728436,,,,,0.00029143352624434423,0.00029104318837899247,,0.00029162470399936346,0.0002914015440764723,,0.0002918705621949949,0.0002913490109489558,0.00029182865262641374,,,0.0002922713724537535,0.0002929169165281632,0.00029170938987912553,0.0002906857127489338,0.00029185753853647905,0.00029186540102766115,0.0002918244763238303,0.0002922021210821262,0.00029296600339221373,,0.000291901081386463,0.0002919800678793722,,0.00029256988967950483,0.00029228187758717576,,0.00029230473063346737,,,,,0.000292227106682965,,,,,,,0.0002922374275808132,0.0002917403481551177,0.00029173620331258954,0.0002923452406832714,0.00029156315377875595,0.0002924851931271102,0.00029153996417949335,,,0.00029170922554282706,,,,,0.00029185831483901725,0.0002919857177693543,,,0.0002926445462149759,0.00029288831144984784,,,,,0.0002922752642261953,,0.00029229028621390306,0.00029241405733251174,0.00029160681472411253,0.0002916571369565642,,,0.0002907985026982785,0.00029179860694946433,,0.00029166773396253193,0.0002925591377274092,0.0002917950789027326,,0.00029167288724163274,0.00029194223933626007,,0.00029208373243531254,,0.00029206476283016885,,,0.0002922150047471482,,,0.0002917119965493418,0.00029198547038647747,0.0002922153946567367,0.00029306655976040884,0.00029195364255846457,,,0.0002916509069566201,,0.00029170403628200724,,,0.0002922009823895332,0.0002921978921690823,,0.0002917235404419747,,0.0002922975013394482,,,,0.000291841558479179,0.00029209899084079995,,0.0002912638219240213,,0.00029204054316523764,0.0002918290058992092,,,0.0002915693236898439,,0.00029284139309145577,0.0002912179001297575,0.00029176407545441915,0.00029213408457223235,0.0002915886093504644,0.0002913756667217384,,,0.0002921472504797392,0.00029165737232686353,0.0002918960709306684,,,0.0002925594185552943,,0.0002917318342232567,0.0002923638373512808,0.0002925872758333837,,,0.00029232045127971276,0.00029204584876503444,0.00028361532285415506,,0.00028330929159322546,0.012152799834115194,0.011686637580091492,0.05662513114231958,0.011536778294165606,,,0.01103602104871064,,0.05700518394971617
7,5,DG_10pct,20,Z01_F08,1,LL_AB,326,CKT7,True,105.97509584957866,105.4716171519002,91.01811090695082,62.13569207869277,62.45688540687862,5.660786217462417,5.267171979887606,31.995446097035973,33.27462607741753,24.534252209381776,24.613598487243454,12.026797305843948,3.9990146644529756,9.971240817979503,10.477545074251001,5.6550259082004475,4.657299553141823,1.0893624071986674,8.94882311798771,8.950210415610217,0.0002993029638736347,0.00029914859381710866,0.0002988445896326432,0.002845222586631427,0.0024518984077094644,0.06569900101900823,,0.0002918050405532698,0.00029090122665467554,0.0002896370930888359,,,,0.011433522660346973,,0.010953474155005418,0.010941459881927587,,0.056979276650008785,0.05717383344999776,0.00029094643261197016,0.00029091422885190897,0.0002912750280653285,,0.00029028595099084666,0.00029034253137019347,0.0002880928140072669,,0.00028749110628411846,,,,,,,0.011821224276858151,0.0002836926821805429,,0.00028400461690057845,0.0002881706205649715,0.00028875035867760265,0.0002885377843413012,0.0002892965115698055,0.00028890705855500875,0.0002899906168108892,,0.00028927360433545336,0.00028932310388445434,,0.0002890306598354661,0.0002888749481693797,0.00028900376056147927,0.00028915858953889716,0.00028911262649410617,,,,0.012786876885302681,0.012849550183149535,0.012300253295257734,0.0558535952986715,0.013131717745524863,,,0.013147920756563078,0.013123200409125887,0.013129193674701283,,0.013120632693342925,0.01315056343956288,,0.013194567627957001,0.0131205651815786,,0.013149909652011781,0.01311330752041381,,,0.013130448747660266,0.013138796795871856,,,,0.01314925980883907,,0.0002861420038188102,0.00028654382149665737,0.0002861151379935593,,,0.0002871819817793914,,0.00028783143027346654,,,0.020883263658899465,,0.020920292908993766,0.020894144686986908,0.0209080572647821,0.020876028688577117,,0.020907489729244385,,,,0.02088928519160342,,0.02087457967835524,,0.020867671630846345,,0.020833334578883735,0.02093792023511675,,,0.020897301001005255,0.020832877501626927,,0.0208926147898264,,,0.020825651746311548,0.020868927294150495,,,,,0.020835671616876703,,,,,0.020803682400465637,0.020846968858821268,,0.02082263440169607,,0.05168304337139302,0.0516843714498749,0.0517076991815142,0.05165248375693967,,0.05165548996211142,0.05171882088694995,,0.051769598876306756,0.05198522549201642,,,0.051763109044466744,0.05168823597002103,,0.05171542334576497,0.05176281292950489,0.05178368041400364,0.05169120226092129,0.051759667055067154,0.05174659821150754,0.05157690994252025,0.05161862928310446,0.05164504276729958,0.05159286504535392,0.05173203937536376,0.05182584710430442,0.05157321114263355,0.051819412973894245,0.051645585089652224,,0.051517049626545124,0.051797478925320946,0.05182190286271025,,0.051697377661857336,0.051584097724333956,,,,0.05170200958514289,0.051798404162425156,,0.051693982009662014,,,,0.02033984112548275,0.020354017526679303,0.020387087609704552,0.02032713552074473,0.020320856040313882,,,0.02034701182839835,,,,0.020322417371620306,,0.020379640860811135,,0.02041613660554205,,,0.020363694022966373,,0.020385903659849654,,0.02032369060355856,0.020351594907232824,,0.020327415997626986,,,0.020304904987100202,0.020335545206803127,0.02035630495635342,,0.020433330991867595,,0.020329473186837074,,0.020371805386003708,0.020366751691946794,0.02032462804085037,0.020375279909937937,0.020370299600059642,,0.020369290910241342,,0.02044770697227922,,,0.020372175440515217,,0.020379287391529225,,0.0002788647604631143,0.0002790056626891879,0.00027922488352278375,0.019841909804657765,0.02067559988469348,0.0002873383743917061,0.00028763685042882585,0.00028700744268551247,0.00028807356514731894,0.00028742810077197936,0.0002877473381647482,0.019374213625066788,0.0193351006516662,0.01939798508454449,0.019461142451608376,,0.01940955201506346,0.01940367346166367,0.019380372458264263,,0.019393225264079682,,0.01940364196866043,,0.01942976023784155,,,,0.019395948216323938,,0.01931802613463825,0.019378517671900294,,0.019393164591246306,0.019384977164000252,0.01939675604555052,0.01934266227545248,0.019399016692533393,0.01937288545403679,,0.019343470905842364,0.019345211282007065,0.019438323858684305,0.019407858376442252,0.01940985568338434,0.01937925636006321,,,,0.01940573852547581,0.019390121574197377,0.01971314740877694,,0.019718136470842116,0.019726987857393234,,0.01972922265829704,,0.019718179399328635,0.0197246515520263,0.019726447484631322,,0.019778443918338627,0.01977275657009345,,0.01974389378100462,,0.019676329179476152,0.01969437658479103,0.01978920060170004,0.019705172186558578,,0.01969119195966809,0.019724680041638677,,0.019737400053751467,0.01972520527538193,,,0.01969897246502619,0.01974548849039953,0.019708383363312716,,0.05305878878003943,0.052989072477774374,0.053166459123597166,0.05327948584948123,0.05292169046660028,,0.052991019407565024,0.05318708076548589,,0.05315063180103412,0.053054184001482554,,0.05262834322115678,,,0.05277080548473176,0.052706035894639944,0.052901659048930745,,0.052727735260887414,,,,,,0.05274129720459082,0.053017226827802126,,,,,,0.05290114841173852,0.052910517735494614,,0.05298085888413822,0.052991230733859696,0.053116936481900565,0.053015074021468774,0.05312220779246158,0.05297042039844542,0.053148673118993815,0.05301439833370473,0.05305374439569503,0.05309767847836659,,,0.05308072040988868,0.05289273739948816,0.05312856144066803,0.05316874800484973,,,0.05298749499438497,0.0531869255280196,,0.053150039110157046,0.05288875006750933,0.05272386167963526,0.052765452523643654,,0.05269150927894066,,,,,,0.0527758198154883,,0.052538506054766156,,0.0528664574148182,,0.0526136565911613,0.0529012514892675,,,0.052684612926334716,,0.052846737057908426,,0.0526962784721016,0.05271977975637632,0.05267726592261411,0.05280827275661296,,0.018851606828176565,0.018850910568943616,0.01884910009740666,,,0.019329473224494426,,0.019276876761800996,0.019273991708253325,0.00028382461437678926,0.00028421366796534803,0.00028283554417710203,0.00028275059145455825,,,,,,,0.0002873621222953148,0.0002881051654572425,0.00028047593344408784,,0.0002810746437178937,0.0002741126672108111,,0.0002745479437415596,,,0.050839172703764646,,0.022178302097879424,0.051188808480184395,,,0.05109258615486709,0.022757608329467258,,,,,,0.022743614848294055,0.051272586633024114,,0.023135277408451022,0.0003018579590080545,0.00030175418806028165,,0.000302154750352724,,0.00030173350219218735,0.0003022555351846514,0.00030210518443902687,,0.000301743687471628,,0.00030313104513746055,0.00030258162128145484,,0.0003025355953353056,,0.00030193435779152033,0.00030232380528068796,,0.05146552630031653,0.05174832086046216,,0.05180842356054939,0.051490665173645554,,,0.024493605558801607,0.02444847720896304,0.0238912435388945,,,0.023985146554114576,0.05172550733727371,,,,0.00030701487734878275,0.00030834042583011275,,0.00030782662160874113,,,0.0003076251662910634,0.0003085134343607131,0.0003070287926752033,0.0003068793141311232,,,0.0003076103067467576,,0.000307988440416061,,0.00030808155438824135,,,,0.00030706717376147,0.00030758407795712433,0.00030750540747574576,,,0.0003082507884396634,,0.00030779461645447933,0.00030790037970082347,0.00030754411273038946,0.00030696721839070553,0.0003068564504572178,0.00030861733645579076,0.00030787057065133464,0.0003069321430779338,,0.0003080906749660382,,0.0003084004747029095,0.00030863159969220515,,0.0003081737384049501,,0.00030822686931287574,0.00030883854524197903,,,,,0.0003086277278931878,0.00030805900568012587,0.00030761508653422484,0.0003083352465376274,,0.00030716772615858656,,,0.00030773264843884815,,,,0.017895393752957012,0.017828703823049578,0.017813973015334904,0.017861765143574692,,,0.01788750095941429,,,0.017845277278511026,,0.018411374198038014,,,0.018406858768092428,0.018453232039899667,0.01837966591174209,,0.018388162854661258,0.018378567214814318,0.018403074120481658,0.01835016413104736,0.018397424244734072,0.018371685014200865,,,0.01834791026333396,0.01839020077117119,,,0.017895241322076847,,0.01791910589442307,,0.017893883500262022,0.017911786805250397,,0.01791480723288651,0.05383916007166414,,,0.05389419472727845,,0.05392014156231235,0.053833294052629176,,0.053770881262545284,,,0.05371939470507549,0.05382300595004609,0.053867246292477335,0.01834655165631832,,0.018366968302776836,0.01832632358230369,,0.0183972748005572,,0.018352333448835693,0.01838639891783387,0.01839055279639823,0.01842729567742403,,0.018197302013612648,,,,0.05391454908234996,0.053736104687319035,0.05389870955210244,0.05382605048756399,0.05393755026583882,0.0538884810272568,0.01791852148538526,0.01794774699930837,,0.017907670338244846,,,0.01791673418714001,0.01789507658186212,,,,0.017907308631273523,0.01796658746161956,0.017888116199930082,0.01791625854412114,,0.017899629496967426,,0.017871719649591222,0.017853402453603503,0.01790588683226585,0.017852073962627984,0.017885594681224685,0.01790284201420015,0.017854191610102925,0.01785871853671253,0.017840574244594867,0.053734029520896995,,0.053876959606280785,,0.05405699158954758,,0.05373644499711988,,,,0.05387168030168577,0.05368751915441968,0.053813296414986375,0.05373815690312382,,,,0.05390337251337196,,0.053811415375564,0.05386793459940349,,,0.053978465355745645,,0.053863103518240786,0.000291532841359618,,0.0002918522447615247,0.0002918396844334574,0.0002907498917360059,0.0002911106094991727,,0.009313400019119315,,0.00028858561145748523,0.00028940571874490003,0.02395291985101088,0.000292536567129812,0.0002918027899885684,0.0002916272749562342,0.0002920748962272732,,0.000291236903255089,0.0002914034325007866,0.0002921442279019745,0.0002917102620747057,,0.00029175091642857134,0.0002913114176894552,0.00029196369727311935,0.0002926307446584966,,,0.0002925723837977479,0.00029192841560739014,,,0.00029228428541190453,0.00029204470428862713,0.0002919574613688535,0.0002925287685847213,0.0002919158601037782,,0.00029160773253398403,,0.0002926682020795381,0.00029268920084750725,0.0002919722802884546,,0.00029135251396822463,,0.00029240636050908677,0.00029161605140299907,0.00029174789393890963,,0.00029193534946671224,0.00029191226218421126,0.00029214612218448195,0.0002924476730548776,,0.0002917331670028315,,0.0002918048733373697,,0.000292080866897414,,0.00029258521000791936,,0.0002915322276157718,0.00029252777955884114,0.00029257455843416803,,,,,0.0002917285185728385,,0.0002932652072728479,0.00029258223443146794,0.0002916985961167108,0.00029266737095759156,0.00029187913308205914,0.00029145330270977066,,,0.0002911157542228576,,0.0002919161323226974,0.00029289380715516894,0.0002914479865749122,0.000291720401476702,,,0.0002915687994870609,0.0002921149952117933,0.00029234012505055247,,,0.0002920236912271661,0.0002919868797772657,0.0002908265887880228,0.00029340915918844623,0.00029134320398936257,,0.00029285932408473975,0.00029088617195918666,0.0002920456858756322,,0.0002912035089072196,0.0002920531840836358,0.00029206332227412466,0.00029072571369387573,0.00029221900539181544,0.0002919669504231686,0.0002920852505455704,,,,,0.00029192307979557073,0.0002917413882635558,,0.0002923772335233054,,0.00029218683364243183,0.0002928773319317643,,0.0002916287670619722,0.00029172159666903427,0.00029132225341846194,0.00029225482562010796,0.00029197863678809646,0.00029222509624118106,0.0002918872960001261,0.0002912270483716159,,,,,0.0002929047562465961,0.0002919012810157708,0.0002923113361428774,,0.000291102608628848,,,,0.00029176736656404665,,,0.0002924580305390189,,,,,0.00029211173596358045,0.00029253543734557877,0.00029181187419872274,,0.0002920447753050207,0.0002914331982129707,0.0002925257884526644,0.00029237449594527224,0.00029253015555008393,0.0002926590184586543,,0.00029164189535114244,0.00029186288338574725,0.00029209058483987385,0.0002922519210574354,,0.0002917831938217246,0.0002914637512791506,0.00029132543669659744,,0.0002916300699341242,,,0.0002923252353291232,,0.000291909973789622,,0.00029185117874525317,0.0002915281919778902,0.0002922844842298895,0.0002836691215634442,0.0002827563395788309,,0.012149055293370733,,0.056408373652552926,,,0.011042464529374962,0.011022518551618185,,0.05713310642558413
7,5,DG_10pct,20,Z01_F09,1,3PH,215299,318412,True,0.48597279153516887,0.48786544950963534,0.46120239349361564,0.39365242649991533,0.39836565917298344,0.02498904314721229,0.02552197128652942,0.23579438184124052,0.23939610212863088,0.18024334946278606,0.18030743510794675,0.09011813728425841,0.02960339637990699,0.02456292554071958,0.02329663263009737,0.02533411186969709,0.022797911299055087,0.008641518077181864,0.045924775883316026,0.05969477213230155,,,0.0003003562487109638,0.00030262940413538326,0.00030256515310966565,0.00030209340755572964,,0.0003004568552299774,,,0.0003007483259719025,,,,,0.0003043533625076469,0.0003035448755046089,0.0003027977418999349,0.00030310802421831785,0.0003052699035341958,0.000301421695848813,0.0003010208281380364,,0.0003003440988770532,,0.000301258074530351,0.00029863503196270484,0.0002977584330352002,0.00029924742550302793,0.0003015405383074755,0.00030175715866495936,,0.00030127422801727507,0.00030152406882345844,0.00030249335721882053,,0.000296607166304669,0.0002980207626451573,,0.00030346717942224857,,,,,,,0.0003040790668139556,0.0003052530889371027,0.0003054152571640715,0.00030430476332651146,,0.00030457076211465897,0.0003049237131843943,,,0.00030436747930660346,,0.0003040289810448413,,0.0003053794036026729,,,0.0003059801024331338,,0.0003045821442200315,,0.00030523699437346407,,0.00030592234087444063,,,0.00030568963485960894,0.00030559552462107204,0.00030548120876233714,0.000306308960110351,,0.0003049718666229006,0.0003050775229427426,0.0003061136967728207,,0.0003056648075120592,0.0003063538586759251,,0.00030643262224866794,0.0003052784356976275,,0.0003045500452013508,0.0003033088807432551,,,,0.00031907460528341565,0.0003177619174394486,0.00031874634875752016,,0.00032264123233221887,0.00032196353691809243,0.00032281002518608806,0.00032124363543809795,0.0003225090917639426,0.0003219012962417612,,0.0003215126208368016,,0.0003222540760885359,,0.0003218919302377888,,,0.0003216901269349654,0.0003211557337321282,0.00032190126806802316,,,,0.00032180089856008616,,,0.000321913579411483,0.0003221296895276706,0.0003232870827592729,0.00032230323315548116,0.00032245753966827866,0.0003216444600934006,0.0003210576160130509,,0.00032165752449606766,0.0003223930001123039,0.00032162927374569737,0.0003221381298471984,0.00032149169969354565,,0.00032137195244086965,,,,,,0.0003217388710843479,,0.0003216454611606564,,,0.00032134606764995353,,0.0003229476355859703,,,0.00032130392714957933,0.00032139669043321456,,0.00032093320628913787,0.0003225667305223824,,0.00032136913961863334,0.000321983641068832,,0.0003213184795034964,,0.000322060034480863,,,0.00032217627941419206,0.000322090778429907,0.0003215400650238118,0.00032170201382479894,,,0.0003218067532265946,,,,,0.00032195580568731766,0.0003216742427906515,,0.0003225140555756844,,0.00032205065648298716,0.0003203170231099773,,0.00032207201904592674,0.0003214388190076714,0.00032242332342505156,,,,0.00032186320524162543,,0.0003222749679403214,,0.00032254587975560526,,0.00032220294859779434,0.00032273831257241997,,0.00032284419816886725,0.00032368559482380646,,,,,0.0003220303300382391,0.00032226324134420237,0.0003227521587006547,0.0003228231332003767,0.00032253790378296304,,,,0.00032314268540098364,,,,,0.000323289304748994,,0.000323039809452014,0.0003230675454558366,0.00032266816919228634,0.0003222482044556092,0.0003223533566702021,0.0003236048333657783,0.0003221761003063743,0.00032281242831436554,0.0003228645484192441,,0.0003231315291083216,0.0003219481957137391,,0.0003223217822448519,,,,0.00032341220084394805,0.00032309484422772544,,0.00030998660442610937,,0.000322074199984209,0.00031919815254894323,0.00031993743148887367,,0.00032065442626962466,,,0.0003202383277163477,,,,0.0003211339307847759,,0.0003215441268802382,0.0003215659967750788,,0.0003209767681640333,0.00032156549702684156,0.0003214864154516652,,0.0003217389698443152,,,,0.0003220267654282922,0.0003210434784243077,0.00032227869759544377,0.0003217104511672701,0.0003219015347160812,0.00032193800731825865,0.0003210036447593459,0.00032214580778796193,,,0.0003217388086022885,,0.0003214813789111555,,,0.00032185777224533386,0.0003212681480397638,,0.0003214683736165339,0.00032159434873569784,,0.0003215398783730948,0.0003213338378145537,0.0003214545295702136,0.00032223570082015704,0.00032131987999968324,,,,0.0003214670463151775,0.0003218840029419361,0.00032086576711611215,0.0003212936263067027,,0.0003220446134799791,,0.00032124297253032896,,0.00032153864565372543,0.0003226084740901019,0.0003224085303463198,0.00032197047208558507,,,0.0003206790996674817,0.00032078115340779956,0.0003207866776724391,0.0003214571668203505,0.00032223105296196763,,0.0003217786497551835,,0.000321385247903319,0.00032147763683629266,0.00032089897578643133,0.0003223270013485774,0.0003209818324207261,,,,,,0.0003209737303572529,,0.0003208902622312264,0.00032128757098739974,,0.000320120072211532,0.0003211995514681407,,0.0003208309948059139,,0.00031998822715666614,0.00032086535211184856,0.0003217350775113374,,,,0.00032042035947952565,0.00032105311774109673,0.00032156579036356523,0.00032121950530628805,0.00032080640992688864,0.00032136237422688023,0.00032136371969596197,0.0003208378322465588,,0.0003217610762881776,,,0.00032137105625212393,,0.0003211856450370549,0.0003204343957268331,,0.00032083073033873386,0.0003207084278539649,,0.00032110145669643746,0.00032052826314838475,,0.00032087958520181945,0.0003203241267569532,0.00032113679012487115,0.00032100095399539586,0.0003209288384837691,,0.00032012528448353877,0.00032217781296669547,,0.0003210765373635918,,0.0003221584995650865,,0.0003211365484113697,0.0003209626338685552,0.0003208260424814145,,,0.0003211487850889993,,,,,0.00032127585004218084,,0.0003210441557805361,0.00032077637894117005,,0.00032034176045509763,0.0003207774774725277,,0.00032272150055968635,0.0003218035477681864,0.000322022535004195,,0.0003206771500260499,0.0003210370460233278,,,,0.0003223034747013857,,0.0003233710182130381,,,0.0003209704388635225,0.00032162484394700474,,0.00032167270961004277,0.0003204558873037499,,0.00031488783803031883,,0.0003146879136610891,0.00031524103228459645,0.0003137858107325011,0.0003221567540806866,0.0003220018300295148,0.00032047305048191676,,0.0003193582548305301,0.00031944528039654026,,,0.0003113703645477981,0.00030295975135005324,,,,,0.00032237254317211544,,0.00032817588874072505,0.000327853230842959,,0.000329641326916262,,,0.00033048428829132926,0.000330585299535421,,0.0003312188755843688,,,0.0003315031556538379,,0.0003333831605664557,0.00033102359435727597,0.0003301573421312307,,0.00033216587748406874,,0.0003308886895276706,0.0003297605172157467,0.0003312146830856261,0.00033015192143937314,0.00032985058103427925,,,0.0003312135982018767,0.0003303967614757095,,0.00033075229742154114,0.00033101864484507126,0.0003310034760200893,,0.000335219755596347,,,,0.0003351718482763727,0.00033836003440547137,0.0003379738554587748,0.0003385532540340463,0.00033964298937307996,,0.00033833044539704506,0.0003378823047436672,,,0.00033877289261243485,,,,0.00033655871585487384,0.00033726827444375374,,,0.0003365693627692798,,0.00033659639507720634,,,0.00033622113403999123,0.00033691988355789116,0.00033639629150360894,0.0003361268927780455,0.00033637530463216355,0.0003368026701403051,,0.0003355160263492543,0.0003373393381803135,0.00033636574936532303,0.000336618361124588,0.0003367209256848939,0.00033721520702229376,0.00033571600642103776,0.0003372611563180714,0.00033618354361076154,0.0003371571759726142,,,0.0003371442996916465,,,0.00033810183592342086,0.00033639134135666956,0.0003364745735024204,0.0003368303760964939,0.0003368732768736696,,0.00033714658506315485,0.00033682780711152507,0.00033716405934405835,,0.00033679646842049455,0.0003379699636968327,0.0003367126324043722,,,0.0003367105883249616,0.00033728937997574743,0.0003373245001464144,,0.0003362607601190316,0.0003380429171291906,0.0003357052783831521,0.0003375757907324562,0.000337406069588429,0.000336159140733785,0.00033783918415307564,0.0003368891904264078,0.0003362214433980485,0.0003212205668013814,0.0003211064889871843,0.0003213851419453396,0.00032112070876911516,0.0003224410870103562,0.0003211789281984363,,,0.00032043841153343015,0.0003210609770615662,0.00032081147205171207,0.00032126067899183576,,,,,0.0003205439725519695,,0.0003213836450353614,,,0.0003210713270776695,0.0003205370552385372,,0.00032061091565732317,0.00032077111724976813,0.00032028171506209445,0.00032046157484371014,0.0003199014790286638,0.0003207111670632896,,,0.0003214764410201341,0.00032161868742508747,0.00032083519089627736,,0.00032075436626356985,,0.0003222775449718697,0.00032004191922179153,0.0003199289570314085,0.0003196664551178805,,,,,,,,0.0003193175000826229,0.0003208677283974705,0.0003196852846306664,0.0003195011629202196,,0.0003195009915250754,0.0003212944946417139,0.00032060335026208993,0.0003209313655029555,0.00031987420588395013,0.0003204936333230492,,0.00032119600868435645,0.0003203826753151499,,0.000320530673643028,0.00031656639090205764,0.00031899343017980795,0.0003199340711715755,,0.00032011626794698736,0.0003195585269423656,0.0003199051659616303,0.0003198498703762259,0.00031977279227866115,0.0003206817155364978,0.0003212135520522948,0.00032148752277481104,0.00032170683015979236,,0.0003208597255454882,,0.00032165172676215735,,,,0.00032176508665956663,,0.0003214342324851312,,,0.00032091199370487143,0.00032145313856771327,,0.00032152675932978637,0.0003216939700045295,0.00032175519139708564,,,0.0003212853311059791,,0.0003216197511029098,0.00032177173557086853,0.00032073973575687167,,0.0003205860761664787,,0.00032024565818119534,0.0003216876543060228,,0.00032149063957748414,0.00032002649399958457,,,,0.0003195794248429411,0.00032059394167027077,,0.0003205537146920205,,,0.00032093910978526005,,0.00031971673909721046,0.0003205393074504525,,0.000320170021987874,,0.00032020913470051085,,0.0003219466362796493,0.0003226930497280127,0.0003231238107055266,0.000322750682872352,0.0003223857330743235,0.0003050975588891544,0.00030275093133097795,,0.0003037155809285661,0.0003033773717772294,0.000335499226875526,,0.0003028184098112691,,0.0003020192223087816,0.0003024660388775662,,0.0003026014217209486,0.0003016606792836666,0.0003024319307169039,,0.0003028797813413293,,,0.0003027051619486461,,,,,,0.00030157036865347133,,0.000302402684322753,,,0.00030280920839245257,,,,0.000301784224998495,0.00030169422246011817,0.00030144660866003077,,0.0003024720484894526,0.0003027814765245107,0.00030223096532395625,,0.00030243993097590313,,,0.0003025500884926119,0.00030168286798935607,0.00030314218809095796,0.0003019841948339369,0.00030240199892779903,,,0.00030280030873852356,0.0003016824357638519,0.0003018595654012296,,0.00030204687126338174,,,,,,0.000302285152722671,0.0003028852461381868,0.0003030607864760055,0.0003018153957500901,0.0003022621283885463,0.0003016467556297647,0.00030200371639858977,0.00030226011744740526,0.0003026417093549828,0.0003023846203667449,0.00030174089296804716,,,0.0003024190446730079,,,0.00030221785956075067,0.00030142962923034185,0.00030209836895098944,0.0003028756695458495,0.0003022249926989572,0.0003023900788906076,,,0.000301610048782639,0.0003029303365066778,,0.0003022636527831926,0.0003027315328804402,0.0003027540726176436,0.0003015733059570572,0.00030176620772631886,0.0003016648615899028,0.00030247657869086875,,0.00030160831301118265,,0.0003017087093827065,0.0003024548155260399,0.0003032891376632461,0.00030138195768617763,0.000301839083087525,,0.00030341507243745086,0.0003020717505396465,,0.000302032653292756,0.00030203936055284283,,0.00030188924046313097,,,,0.0003023679408283151,0.0003035472109516113,0.00030120187215785626,,,0.00030149853856062907,0.00030179692447206667,,0.00030236550984776825,,,0.000301691758075191,0.0003028876961787022,0.0003022707186107185,,0.0003018253029844358,,0.0003014641967414997,,,,,,0.00030197369685079314,0.000303178285951545,,0.00030139485396907386,0.0003027650761802625,,0.0003026441218848814,,0.00030209550165531706,,,,0.00030174090079240025,,0.00030258629850137193,0.00030258886371124007,,,0.0003020992318078179,,,0.0003022993977172734,,,,0.00030218517623870127,0.00030212356875002777,0.00030147662691881917,0.0003026459967117673,,,,0.00030342485135427375,,0.00030256441411301874,,0.0003013716868325707,0.0002999314621384111,0.0002996072091201283,,0.0003049505502951122,0.0003051951676409473,0.0003037037047263862,,0.0003035702167948791,,,0.0003034981204198631
7,5,DG_10pct,20,Z01_F10,1,3PH,215299,318412,True,0.4873027989512285,0.48595004165461,0.4607510714895677,0.393110603534015,0.39531530681959226,0.02506859056532595,0.02527950821435397,0.23788533657133026,0.2392284751748281,0.18010180677273968,0.17961392536390508,0.08936864336606279,0.029613847369709467,0.024657682807931708,0.023244719185841856,0.025391923315304304,0.02279496514191853,0.008650395072083242,0.045929491804424516,0.06003363472900106,0.00030096547049922236,0.00030070361940552837,0.00030092119506791896,0.0003022575543234086,0.0003025718487704894,,0.0003025971903428956,0.00030044295465029484,0.00030003807976739677,,0.0003010818009909912,0.00030379028242753217,,0.00030350458242579126,,0.00030420098409219366,0.00030359873716819896,0.00030364287886082967,0.00030423165264299246,0.0003032828205765928,,0.0003021429993499687,0.00030000616407093556,,0.0003008721129891631,0.0003006341769823628,0.00029784639587200954,0.0002984497868091881,0.00029810671948685103,0.0003013555708075193,0.0003015391096385812,0.00030270657906967836,,0.00030269042429291725,0.0003017838775733339,,0.0002963409269564966,,0.0002965375028004486,,0.0003040094008720669,0.00030319036043555716,0.0003048479580280972,,0.00030355564205248594,,0.00030478776027055354,0.00030454856275326133,0.00030499870412318425,,0.00030414720667117524,,,0.000304415214395175,0.0003051711029801348,0.00030438881304977914,0.000303898807846382,,,0.00030574529428363685,,0.0003042381634109496,0.00030559625548561155,,,,0.0003058723612420573,0.00030527123120632353,0.00030592588183853375,,,0.00030687673169175025,,0.00030605721395662893,0.0003058460228407689,0.000305919643204263,,,0.0003051713248605368,,,0.0003058783979699481,0.0003052695507139234,,0.00030575525459900773,,,,0.00032090179095127747,0.00031897279955772693,0.00031843781155587196,,,0.0003187673286074088,,,,,0.00032179826812489076,,0.00032157596197496935,,0.00032271225183167477,0.0003219061796871328,0.0003216304936391694,0.00032205622647663213,,,0.00032148808268546544,,0.00032138144848833185,,,0.00032217438326167776,0.00032201667269735865,0.0003223527159578732,,0.0003224668026402226,,,0.0003222565550488416,0.00032133552612505895,0.00032145085612260405,,,0.0003220354898282678,0.00032106644166959755,0.00032166472995207447,,0.0003217961713989267,0.00032172690050760744,0.00032172672809508405,0.0003219362635116869,0.0003215710245019443,0.00032142380753288734,,0.000321675686720386,0.00032106661904469534,0.0003224163724759661,0.0003222932499276708,,0.0003213642026972303,0.00032231234774146973,0.0003224602979563416,0.0003214278348180132,0.00032216556781631026,,0.0003219395040803668,,0.0003223660165414398,0.0003228779522421345,,,,0.0003222296760818128,0.00032260034697718904,,0.00032203379534078157,0.0003222504539351179,,,,,,0.00032197027889753114,,0.00032129143031799036,0.00032177996975246855,0.00032190639008616026,0.00032305449169298144,,0.00032206788717021397,,0.00032194526630065164,0.00032219436903275735,0.0003210868607814308,0.0003217886348265204,0.0003220911925772842,0.000321927234357245,,0.00032183191904206675,,,0.0003226634687419763,0.00032275406513589675,,0.00032322158484787597,,0.000322459443342675,,0.00032328036590688916,,,,0.00032256013274514073,0.0003236686961039735,0.00032205743689430524,,0.00032202508226561027,,0.0003222501424381613,,,0.0003230875985810376,,0.0003231025724015977,0.00032230749626818185,0.0003214616155231348,0.000321820436778178,0.000321940172285582,,0.00032256369775163235,0.000322795815204826,,0.00032198641657959327,0.00032339817453790753,0.0003223811365506425,0.0003221238694197701,0.0003235488363462744,0.000323396101548536,0.0003230021691984838,,0.00032246845767334217,,0.0003226754828122877,0.0003225636148099252,0.00032269252746684805,,0.00032271329513417206,,,,,,0.0003223895308942535,0.0003221207746454217,0.00031022029715160735,,0.0003108927869876968,,,,,0.00031905882294880333,,,,0.00032236850483512543,0.0003212880276924141,0.0003213957602699101,,,0.0003208150118546994,0.00032202990781627435,0.0003218085502474034,0.0003213503294148597,0.0003220282177716224,,,,,0.00032112421673608535,,,,,0.00032186489772197433,0.00032099884298234513,0.0003218389358342052,0.0003218677046250124,0.0003202009630475905,,,0.00032070636725076574,0.00032184026543967723,0.0003209706413734174,,0.00032165603674272976,0.00032158163375601564,,0.0003207152138721966,0.0003207258802436944,,0.00032251324057281896,0.0003213004157912532,,0.0003200958375041995,0.0003218433821127856,,0.000322150677829725,,,0.0003222940754168448,,0.0003212650144016327,0.0003220564007182322,0.0003209296027202899,,0.00032234177320914105,0.00032271821028445906,0.00032293748758380404,0.00032145113597950055,,0.0003215811365176759,,0.00032120053481432456,0.0003226507005868885,0.0003218846240221559,,0.00032281340793582865,0.000321496218682724,0.000321416179118659,0.0003213525982517724,0.0003218871527000943,,,,0.0003221419280775458,0.00032118062285994267,,0.0003204978282790674,,,0.0003211618621766015,0.0003217102482395299,0.00032027308226443695,,0.00032070314305656365,,,0.0003211999078079501,,0.0003209875268989862,,0.00032168716955501225,,0.0003210371151539981,,,,0.0003203746139013642,0.000320221196430688,0.000320597840927895,,,,,,,0.00032044914142174594,0.00032118883722609637,,0.0003205311804243755,0.0003205615154237092,0.0003204381457805611,,,0.00032052586916712944,0.0003215651486273665,0.00032080157801271235,,,,,0.0003204510362020355,0.00032218924390842434,0.00032103555660620547,,,0.00032021925208371925,,,,0.0003217686155953943,,,,0.00032126005188743784,,,,0.00032144414020510273,0.0003208585543935489,0.0003204085845131483,0.0003208261901978597,0.0003209120202265658,,,,,,0.00032188432938320315,0.0003205435241045883,0.0003215878540187003,,0.0003220326008385581,0.0003217370010482795,0.0003211842660459491,0.000321253044383411,,,0.0003214446274679515,0.0003215201115669566,0.0003208138643942444,,0.00032199288361553215,,0.0003222261855076482,,0.0003216073965711776,,0.0003219300769201114,,0.00032103271913833066,0.00031542413707650354,0.0003144731358359392,0.00031556159962203747,0.0003154973341924301,,0.0003150985388604939,0.0003217711261236211,,,0.0003200143974028509,,0.00031984377148304297,0.0003118022442087254,0.00031175640745839656,0.0003111624648036545,,,,0.0003236625219428098,0.0003243791423990457,0.0003236448832725024,,0.00032897336718762393,0.00032688346849832903,0.00032941785879269476,,,,,0.00033179035034488683,0.00033141146060744405,,,0.00033082052817716873,0.00033143158228064366,0.00033307973726515774,,,,0.000331083785648448,,,0.00033022443332257666,,0.0003306257318895063,0.0003299072249117657,0.0003294481013927602,,0.00033092980265113175,0.0003307182070231536,,0.00032991630520749174,0.0003296592109880324,,,0.00033724178390008564,0.0003369792508148891,,0.0003369902870919424,0.0003377235548762518,,,,0.0003383073395391678,0.0003390280889742878,0.00033922300221390727,0.00033871352955125645,,0.0003394959289490907,0.00033701318583420907,,0.00033788006814822755,0.0003390283480640122,,0.00033623026466438863,0.00033712767752919583,0.0003372271044184734,,0.0003361376858932866,0.00033622258761078594,,0.00033679367584173956,0.00033608304794041416,0.0003378024434943169,,0.0003362213607789123,,0.0003362160348044305,0.00033683898198892724,,,,0.0003366215067626826,,0.000336718488204637,0.00033709169970837113,,,0.0003365788574966113,0.0003369111916159223,,,0.00033735281950713974,,0.0003374577612579674,0.00033661853985321905,0.0003364089911354683,0.0003362760968049908,0.0003367666675481712,0.00033683183004300904,0.0003368444784709278,0.0003374736980407048,0.00033672355354870257,,,0.0003382253902466377,,0.0003365434231054558,0.0003376482769659334,0.0003372994236611692,0.00033679620589455444,0.0003371256431657603,0.00033728714190530063,0.00033707807888399394,0.00033697245398899115,0.0003366428202170223,0.00033699712326049937,,,0.0003376933520403557,0.0003364011174019343,,,,,0.0003206007511851847,0.0003202551837955837,0.0003202756237261448,,0.00032099058122652275,0.0003217356160548052,0.0003217143129833764,0.00032042071430739364,0.00032097371421355,0.00032120305460829433,0.0003198478312401833,0.0003208105763626018,,0.0003206797677470313,,0.0003202336599829111,0.0003224859986494817,0.0003211272326056762,,,0.0003198108161395761,,0.00032079281894463024,0.00031956452457358015,0.00032083874376333,,0.000318830139651005,0.0003205777059645474,0.0003213819181000511,,,,,0.00032118860038498145,,,,0.00032044775006154566,,0.0003208250634225799,,0.00031978396482065514,,0.0003199347152423916,0.00031937540330699473,0.00031945444067022383,0.0003195082536173848,0.0003198993566184442,0.00031974434274571024,0.00032006052739477493,0.00031996642183252993,,,0.0003200631043417379,0.00032105454681767505,0.0003208679476854635,,0.0003208115656264267,,,0.0003204174269783072,,0.0003202801839855368,,0.00031949701493212446,0.00031915790998007646,0.0003197724842171676,0.00032023608809814786,0.00031959554405503046,0.0003203896250935831,0.0003205202920870524,0.0003202136153238432,,,0.0003210066841294331,,0.00032120529941905295,0.00032063073791993417,,0.00032155441368374486,0.00032091840474758517,,0.0003218003036966021,0.00032191879217202397,0.000321583597135762,,0.0003218506584411155,0.00032175235391665566,0.0003214676740626792,0.0003221959768192134,0.0003211088360705006,0.0003206564751530751,0.00032041461137995793,,0.00032153595695541787,,0.000321305432473425,0.00032151862742805045,,,0.0003196748169019361,0.00032102996495288465,,0.0003194800260879209,,,,0.0003207635274006763,0.00032007675873805766,0.000320955042488208,,,,0.00032015931522952215,,0.0003198841507219859,0.00031958812061961146,,0.0003204334167064329,0.00031990872715251717,0.00032005946294208515,0.00032016085000134264,0.0003201470348763406,0.00032038988521573716,0.00031931698055227945,,0.0003219534458961206,,0.0003218483269363443,,,0.00032216153228720315,0.0003061317963581691,0.0003023644284575647,0.00030386925216150886,0.0003038972760312631,,0.0003354036795545502,0.00030245788262003403,,0.00030214324238711217,0.0003022740474656762,,,0.0003019185912739912,0.0003025941291832332,0.0003018040622255892,0.0003014282286660504,,0.000302843878068134,0.00030165014645936036,0.0003022819420357032,0.0003015781607612424,0.00030075919458009975,0.0003021670456632205,0.000301982958278613,0.0003018100042511414,0.00030191186051899577,0.00030209879628078875,,0.00030174993991785657,0.0003022690564486887,0.0003026649808175913,0.00030291541417798125,0.0003024094743060159,,0.00030247852123948545,0.0003018035384069121,,0.0003019566831946439,,0.0003018879649606123,0.0003018011811314419,0.0003025947999317232,0.0003028171414288832,0.00030228223589110034,0.0003021304665817338,0.00030157004863382855,0.0003028938690602266,,0.00030291977458768747,0.00030313381327771804,0.00030283013179987367,0.0003023411814570131,0.00030191611033773987,0.00030117984993552875,,0.0003013790379699626,0.0003022119747703986,,0.00030239561468597,,,0.0003026573479451699,0.00030212414392207854,,0.0003015826844136917,0.0003021063213365431,,0.00030158559615873235,0.0003025063902386109,0.00030207891045975295,0.00030238689709533164,,,,0.00030218247272277755,,,0.00030251988150696417,0.0003028023366511272,0.00030168688216565786,,,0.0003028012990151282,0.0003020133115590729,0.0003014343798777716,,0.00030248413129885574,0.00030257130322941723,,,0.0003019675769566231,0.0003025061572531487,0.0003024562566217611,0.00030223050666182134,0.0003029893392848615,0.00030180256494760925,0.00030112423916828533,,0.00030295177351639626,0.0003026417807621847,0.0003018949495473687,,0.00030271638540582663,0.00030158060891061515,,0.0003012094459852536,0.00030243982193587596,,,0.00030147243742569067,0.00030276356245194483,0.00030130512197955284,0.0003016748313464143,0.00030219821450552537,,,0.0003024785168680971,,0.00030190649688391087,,,0.00030202249268329617,,,0.00030283476926640403,,0.00030189169947210533,,,0.0003026675507527896,,0.0003022739258068493,0.0003011653933249687,0.00030201702336263205,0.00030205934215882425,,,0.00030166901890343536,0.00030233444593538207,,,,0.0003021141727134744,0.0003023388804391964,0.00030210361776448244,0.00030230884122882883,0.0003019519259267637,,0.00030310941719676013,0.00030277379675979903,0.00030169394855826634,,0.00030225150637872185,0.0003015798746688549,0.00030263647057018894,0.0003021284148162857,0.00030250780100760696,0.00030189529026574703,,0.00030224912207772573,0.0003024095650024711,0.00030175921229178,0.00030195764416361166,0.00030244800866235775,0.00030160574628353734,0.0003026803633319027,,0.0003026752639882328,0.00030187428472688036,,0.0003017375586225927,,0.00030192964971806086,,0.00029847019104049127,0.00029975454238394234,,0.00030534055430078363,,,0.00030322492277025457,,,0.00030412441633495844,,0.0003035985866706243
7,5,DG_10pct,20,Z01_F11,1,3PH,335,CKT7,True,0.48581823282139025,0.4861425255981687,0.4582082206233235,0.3937891505200286,0.3933304628400924,0.02514625868557135,0.025228691548177636,0.23722995718063844,0.2388748899220256,0.18090514088133738,0.1804303554636549,0.09013197539698718,0.02962862150194776,0.024626549759065926,0.023075525204948533,0.025486162581941512,0.022881821987939557,0.00860253812749207,0.04588204928366194,0.06020121308137909,,,,,0.00030261038590050565,,,,,,,,0.00030416634093792083,0.00030493648654532113,0.0003055984018311278,0.00030273038104937307,0.00030322526142274577,0.00030318965297113396,,0.00030314801852133094,0.00030074325596706397,0.0003006882160602061,,0.0003015899135993094,,0.0003016269686259906,0.0002985516404243021,0.0002989870116097282,0.000297937662840466,0.0003015338812294861,0.00030220852450382106,,0.0003026850548716964,0.00030207040419361807,0.00030264206624872894,,,0.0002964647697410025,0.0002972246661118801,0.00030315571592564206,0.0003028989414663887,,0.0003045401384070104,,,,,0.00030482870827042185,0.00030445121300306426,,,,0.00030394931083082405,0.0003045824400289865,,0.00030473125650112295,0.0003042574652407872,0.0003051897019353601,,0.0003057796620965445,,0.000306846491050248,,,0.00030569494036829025,,0.00030591772293362177,,,,,,,0.000306313916251451,,0.000306069975109603,0.0003060121533426844,0.00030587172865693463,0.00030583591878434175,,,0.0003059789211845012,,0.0003070142411115999,0.0003065588180616941,,0.00030387123815276535,0.0003034721679386754,0.0003215518627148184,0.00031859870656285425,,0.0003185454355662437,,0.00031799691141200703,,0.00032222991927497065,0.0003216348922936985,,,0.0003223254131247268,,0.0003227755136400711,0.0003220811021006641,0.00032218394779991,0.00032187120993801537,,,,0.0003217649384894615,0.0003223172159164555,,0.0003217842551399304,,0.00032098360422691915,0.00032119298051525784,,,0.0003220491009989553,,0.000321524484735855,,0.00032125255734594783,0.000321502184936389,0.0003217954423170636,,,,0.0003217905663467677,,0.0003221534430608836,0.000321522555827812,0.0003206012577088821,0.0003222654250271018,0.00032201747981652816,,0.0003209815559003867,0.0003209591215347978,,,,0.000322918288337129,0.00032239156217140426,0.00032178567940268363,,0.0003220089985121218,,,,,0.00032327958377970914,,,0.00032272097592496657,0.0003225137562602441,0.00032277851511374264,0.0003215920033367325,0.00032231657254700374,,0.00032188423199306336,0.0003218489235204701,0.0003230306604414178,0.0003226626378778316,,,0.00032215798612797864,0.0003219457663654057,0.0003212850819605868,,,0.0003211966831680838,,0.00032161107434388843,,,0.00032271122191975145,,,,,0.0003216818697456501,0.0003218047025160398,0.0003219022684170008,0.0003224727937865902,,,0.00032281488121976517,0.0003229441176910674,0.00032249374309676953,,0.00032293457931660487,0.0003220175889388997,,,0.00032404041374606166,,0.00032366678216563653,,0.0003235473177350162,,,0.00032294501872530705,0.000322699140719121,0.0003223185736132151,,0.0003233579405160545,,,,0.00032183360706679,0.00032259440826869895,0.0003221751833102245,0.00032247703152248454,0.00032302930568799137,0.0003226713366677721,0.000322266892511676,0.00032168179532274683,,0.00032242085949215265,0.00032158798109146623,0.0003220956177251033,0.0003225196070458473,0.00032306380009381516,0.0003223097282135802,,,0.0003229545915169705,,0.0003234172894594343,0.0003222886731342195,0.0003225913001149117,,0.00032238305548037505,0.00032209744662931093,,0.0003219939143983233,0.00032223549886605836,,0.0003106653312382837,,0.0003211650102026727,0.00032070223361105484,0.00031995537477731625,0.000319475902457164,,0.0003194787223784147,0.00031939818660593397,0.0003206712346730121,0.0003223057332563333,0.00032128241924374236,0.00032188408958756836,,,0.00032100225081014644,,,0.00032067556342347137,0.0003214679344390385,0.00032211639346175114,0.00032199214356716125,0.00032132276043085964,0.00032095367919840917,,0.0003210178549991779,0.0003206324207749429,0.00032155946802013156,,0.00032193626731199474,,0.00032094576610576346,0.0003216871022695939,,0.0003210618215386173,,,0.0003213532952808044,0.0003207212327454509,,0.00032256371500220907,,0.00032128764573933333,,0.00032158371661733607,0.00032165554646853986,,0.0003220209446973788,0.0003211499436841622,0.0003224861392101822,,,,,,,0.00032132000183597375,0.0003213242826016183,0.0003215072950489826,0.000322588518237899,,0.0003203515380101548,,,0.00032124348293681096,,,,0.00032201331573237867,,,0.00032141429524411617,,0.0003226170340069167,,,0.000320493035752943,,0.0003213830779167894,0.0003213165575005158,0.0003216604665740368,,0.0003226236816147243,0.0003215349630896053,0.0003209269379932964,,,0.00032142032145562167,0.0003211018540872513,0.00032199081267418194,,,0.00032022335988308477,0.0003205295692060421,,0.000320881036786733,,,,0.0003216414391501455,,,,0.00032140191559596517,0.0003216072917077772,0.00032049578024389083,0.0003209875310405932,0.00032075103367696533,0.0003206282587784318,,0.0003216833562824481,0.00032061869984359383,0.0003207461756723444,,0.00032066232675737825,0.0003214739060246192,0.00032048808772822243,0.000320614987038242,,,,0.00032068132564665,0.0003217544377296155,0.0003215674382036959,0.0003209204903277228,,0.0003211383664641368,,,,,,0.00032168563673215793,,,,0.00032042327741043465,0.00032137449408891223,0.00032163468731184915,0.00032075398855003633,0.000321254832190675,0.00032059176462350764,0.0003204947995097935,0.00032209028499408413,0.00032186343258088553,0.00032218365989984953,,0.00032183664423177815,,0.0003209330958219878,0.0003210328565453965,0.00032082508047207595,0.00032026029204394095,0.00032142024424397254,0.0003209462172079612,0.0003204153451373248,0.0003211679202661757,,0.0003218111479978756,0.00032124221395967264,,,0.0003217102091878104,0.00032136704536154983,0.0003214346466650082,,0.00032088712438406615,0.0003213727371752604,,0.00032210265834493445,,,,0.00032130422067270994,,0.00032104779461221097,0.00032131547530330417,0.0003147770189119467,,0.00031472572672562593,0.00031476887276601706,,,0.00032195806199346126,0.0003234189319948033,,,,,0.0003125674995817713,,0.0003125598832015287,,0.0003037048546386499,,,0.0003237674093496362,0.0003231332105630664,0.0003276161698235446,0.00032865820314556977,0.00032770147495631816,0.00032919109600080084,0.00032932617877213296,,,,,0.00033176180093892816,0.00033144049258413945,0.0003316664580576081,0.0003310389356553091,0.0003305516075403236,,0.00033314072071933425,0.0003312433253702281,0.00033032587104879556,0.00033133178632678366,,0.0003300513264892314,0.0003294545840476304,,0.0003313052791997068,0.00033087951510121875,0.00033102633431767635,0.00033075626945983853,,,,0.0003308340045396436,,0.00033015957309848523,0.00033052437382239953,,0.00033768382409070033,,,,0.0003339553774273799,0.0003378893301930283,,0.0003381181898878985,,,0.00033894833586004756,0.0003379555037131782,0.000337581187514854,0.0003387786522156553,,0.00033894294408479906,,,0.00033631382460007196,0.0003364296981007003,0.00033747783058331483,,0.00033812921565292445,0.0003371341423804234,0.0003366706427076833,0.0003365727353836961,0.00033691408453070303,0.00033666918197272535,0.00033688955976126235,,,0.0003366369575565942,0.00033726297055195387,,0.0003368346518392924,0.00033743221551013353,,0.00033701726554420425,,0.0003363383843388487,,,0.00033750751041383107,0.0003381341033895241,0.00033728206384341813,,0.00033709654267561516,,0.00033675288364107877,,0.00033626822741929116,,,,,0.0003376678188130999,,,0.00033692004245146156,0.000337131410100694,,0.0003374918613045084,0.00033658705897854325,0.0003372755759013094,0.0003365085024001302,0.0003370291556280082,,0.0003370730831593342,0.00033687966452641154,,,0.00033648738150291574,,,,,,,0.00032137767652834113,,0.000321003001303603,,,,,0.00032114633528851507,0.0003215267631317599,0.00032107549108909537,,0.00032100097786940654,0.0003210649217858108,,,0.00032025489609481403,0.000320041066073641,,,0.0003203731884651645,,,,0.0003216996445036647,,0.000319746500928638,,,,,0.0003220180259149743,0.00032205400927584653,0.0003224865002012263,0.000322723032866972,0.0003219982935606559,,0.00032273978017399854,0.0003220664229997641,0.00032027291412308503,0.00032078689277273545,,0.0003198793738160364,,,,,0.0003188468467682395,0.0003213011528270633,,0.000320623767939348,0.00031932415581527405,0.00031993527373306885,,,0.000320007177345637,0.00032035229474120116,0.00032067642704151493,,0.00032107231162639775,0.000320453626148922,0.0003210808972820073,0.0003205051502944155,,0.0003210368474809651,0.00031563013158276797,,0.00031993695090019137,,0.00032085873653479456,0.0003195344849307546,,0.00031979758836839955,0.0003201499574600774,0.00032055256061209997,,,,0.0003209223340467932,0.00032153401063809544,0.0003220197782635577,,0.0003213061470479382,0.0003217283165913978,,0.00032102131656206985,0.0003218007679242579,,0.00032084035627368164,0.0003219468969835437,0.0003209117889293342,,,0.0003224789154702455,0.000321214393643593,0.00032148613462979993,0.00032146545244145854,0.0003217181787496408,0.00032100009357684527,,,,,0.0003208932231515095,0.000320519834687573,0.0003206293036047083,0.00032058955962000407,,,,0.0003200818377892822,0.0003200564258888336,0.0003192906703606894,0.0003192730016946013,0.00032001358818157144,0.0003199442850580205,0.00032063460614647956,,,,,,0.00031931159146077724,0.00032038463998349296,,0.0003200514103753932,,,,0.0003212476290554744,,,0.0003220721927009564,0.00032219114582843537,0.0003064602102138847,0.0003032025222075241,0.00030348469952689824,0.0003038520270432918,0.0003033053220696156,0.00033485926962608867,,0.0003023145163390475,,,,0.00030259299857240225,,0.0003016606026282101,0.00030115688182682176,0.0003025713912159181,0.00030294944845305567,,0.00030183402211521196,0.0003021793453962088,,,0.00030225864291032076,0.0003018654920489727,0.00030249056346471606,,0.000302607819759514,,,0.0003019421596197591,,0.0003022778635137944,0.00030219027572721865,0.00030182816065492195,,0.00030186174208331976,,0.0003014705577079705,0.00030182659882923104,0.00030215776093985946,0.00030282735516597446,0.0003023181877787285,0.00030243241300385176,,0.00030204605086632194,0.00030192863890196267,0.0003028122550239916,0.000302606827466198,0.00030142985731256364,,0.00030221112927414785,0.00030163560488360395,0.0003025100463946155,0.0003020577179527104,0.00030263334927401126,0.0003018945754110609,0.00030223641081549143,0.0003021553022608625,0.0003023906601640922,,,0.0003017266928110501,,0.00030097788217532705,,,,0.0003022734263091618,0.00030171992597609706,,0.0003018780212808432,0.0003021982892999079,,,0.00030198641493320554,0.0003030704160175775,0.0003015593003193017,0.00030116929484609757,0.00030265083420210297,0.0003024203748727184,0.00030218233334855597,0.0003027508233074517,,,0.00030221300529836614,0.00030227653563758483,0.00030241090165849,,0.0003024982299380916,0.00030256833874305045,0.0003023150419667517,0.0003014770493498565,0.0003020707831696504,0.00030198011641839145,0.0003019964858288235,0.00030206362331695343,0.00030247161818483607,0.0003019802657260594,,0.00030339720534577425,0.0003019484834075049,0.0003018928960361437,0.00030159793874855515,0.00030269259308731046,,0.00030216877489300394,,0.000302012855094967,,0.00030180062539318946,0.00030173406381265466,,0.00030249000138752924,,,,,,0.0003024118480867498,0.00030166485590979973,,,,0.0003028209995598611,,,0.00030166804469790564,0.0003021913463046103,0.0003023303975313577,0.00030238921176558426,0.0003029822111769481,,,,0.00030163972403559204,0.000301579102605843,0.000302942513613929,,,0.00030235771073709234,0.00030177727270608334,0.000302386648487967,,,0.0003023376851784487,0.00030270749256179033,,0.0003026869164159952,,,0.00030226051141561835,0.0003021223956420859,0.0003024858216736501,,0.00030247696589272787,,,0.00030101841430265144,0.0003018090054483525,0.00030223150350860734,,0.00030274157201254197,0.0003014985112519161,0.0003025573435552009,0.0003020040816188503,,,,,0.00030225910278813606,0.0003022650579945369,,0.0003020430791848573,0.00030153367333805967,0.00029904416803615096,,,,,0.00030462879918314526,0.0003040583025130028,0.0003040830517235606,,0.00030397274382627576,,0.0003034436936187249
7,5,DG_10pct,20,Z01_F12,1,3PH,335,CKT7,True,0.48783359591627456,0.4880913122364154,0.4618573799859977,0.39319617134770674,0.3967678760337957,0.024876626620477838,0.025416681638725565,0.23661593279725399,0.23989359453067668,0.17966193950270234,0.1808926790294902,0.08961944542910086,0.02963119260580644,0.02470963523523995,0.02315400994656079,0.025324010722483112,0.02285809929770893,0.008686486039265005,0.045745983501700394,0.05995699577410107,,0.000300715000370514,0.00030015951299692216,,0.0003024122583841504,0.0003021944023630108,0.00030193517233735915,0.00029990347278134117,0.0003005867851173056,0.00030013115319563644,0.00029914587966317077,,,0.00030416563140946807,0.00030352621331134817,0.0003043085039144864,0.00030416360676948175,0.00030398601299323747,0.00030363644544187775,0.0003034788398691662,,,,0.00030084863081595285,0.00030152201652395823,,0.0002976785314702504,,0.00029836692187510105,,,0.0003028138389635803,0.00030217048050259934,0.0003027876000454558,0.0003026288911837151,0.00030448898720166704,0.0002976961953893933,0.00029641434358604557,0.00029748175194227287,,0.00030422529188141366,,,,,0.00030466226522146234,0.00030456930275047316,0.00030339067196125585,0.0003044901167385365,0.00030521632044724407,0.0003048343489846793,0.0003037050992158769,0.00030483438920970833,0.00030406339793639204,,0.0003045312604257784,0.000304837673856385,0.0003055199892985232,0.00030515267419165855,0.00030508679009588817,0.0003059362540177035,,,0.0003052023232096899,,,0.000305125936254937,0.0003064799255545897,,0.00030617752999518677,0.00030602104957034215,0.00030548744399302324,0.0003064968859083478,0.00030678254252100546,0.00030502337866360093,0.0003055696202842223,,0.0003052009022856272,,0.00030603969670950625,,0.00030547431122067187,,0.00030614800222667995,0.0003051911364696394,,,0.00030313843738721396,0.00032064015457252326,0.0003183663316145775,0.000318972066967786,0.00031860874507992095,0.00031835864114555064,,0.00031894147238622583,,,,,0.0003224578362124128,,0.0003218589631313465,,,0.0003225106010463572,0.00032214861085811595,0.000321819487753006,0.000322026518558618,,,0.0003212269273632878,,,,0.0003211063679001041,0.00032162808975038466,,0.0003216807842556149,0.00032196776936961087,0.00032247880308652205,0.00032243811634825485,0.0003223280883870161,0.00032214064020415586,0.0003222412588422378,,0.0003221848922321022,0.0003218933690478192,0.00032171433064795044,0.00032203658593631964,0.00032180166130658835,0.000320978423496246,,0.0003216868012928855,0.0003222764548165299,0.000321755309825517,,0.00032212464454684913,0.000321393282804936,,0.0003231112170332906,0.00032263474697418745,0.0003213484340615286,,0.00032202735567543237,0.0003214331614820836,0.00032199180934403145,0.0003222070794932618,,0.00032177999196770916,0.00032179324901398306,0.0003225093480172471,0.0003230345581428076,,0.0003224449513469419,,,,,,0.00032153932015016346,,0.00032228015618415376,0.00032182647662600103,0.00032244920917417705,0.00032228913561192356,0.00032131624697182427,0.0003223856535443509,0.0003222303649577518,0.0003222246848943717,0.000320826245015614,0.0003219683819972312,,,,0.0003217573535349554,,,0.0003218077000684178,0.00032256089020845535,0.0003227120207905043,0.0003222190348549115,0.00032315981226846814,0.00032197029994600486,,0.0003225360437203723,,,,0.0003218253130366745,0.00032269904797910715,,,0.00032321149382478896,0.000322588057889059,,,,0.00032301989862364074,0.00032408972587509496,,0.00032347281615715954,,,0.00032286151146924193,,0.0003222919268242539,0.0003229603831721855,0.00032282178943996895,,,0.0003220362017215181,,,0.00032183837121015465,,,0.0003224626852634846,,,0.00032308637628460454,,0.0003222525097362227,0.0003232194159170151,0.00032212870169930525,0.00032284213413801325,,,,0.00032209029940696117,,0.00032152473298605505,0.0003223936692383401,,0.00032173645883040855,0.00032282306235303573,,0.00031005155097763634,0.0003112873691597547,0.0003107999311141032,0.00032193929075891806,,,0.00032043982874053074,,0.00031943366174654064,,,,,,0.0003215553926740625,0.0003214757154068889,0.00032215027007358887,0.0003207319643548878,0.0003223480128116236,0.00032146779866224943,,0.00032188621258685953,0.00032204191564902385,0.0003222603443665304,,0.00032210980692462445,0.0003218976063190999,,,0.000322344251168422,,0.00032161012114634426,0.00032162979130726427,0.0003213198432756312,0.00032237423739370203,0.00032132994164320777,0.00032120402933399244,,0.0003211061993445352,0.0003217820956391397,0.00032162899912398663,,,,0.00032184230264833703,0.0003218107519211857,0.00032032894594848305,,0.000321271236361861,0.00032136662088606013,0.0003212311075222552,0.0003220232946254564,0.00032067670754068857,,0.0003205161157663117,,0.00032181696276768914,0.000321522932764832,,0.00032096640398414275,,0.00032198305140669777,,0.0003210058515326671,0.00032213552204582294,0.00032207820389332974,,0.00032262846183916076,0.0003217978810763869,0.0003212890754455103,0.0003220089156049255,0.0003217929022691709,0.0003210834292648299,0.00032254646128286325,,,,,,,0.0003219819854778895,,0.0003209132234264945,,,,0.00032138723169862217,,,,0.00032128161496347226,,0.00032164461353559884,,0.00032139823548709383,0.0003211583601378507,0.0003213489704564816,0.00032071446826643067,,0.00032060317701478394,0.0003211893936015668,0.00032054577992992467,,,0.0003215151044805613,,0.0003206731959078208,0.0003204526554296724,0.0003204094320073657,,,0.0003212970788465754,,0.0003208958650232062,0.00032130503559138387,,0.00032063608544882473,0.0003215595737413231,0.00031983305414176876,0.0003213257478502269,,,0.0003217865108828217,0.00032148377176610833,,0.000320831066632525,0.0003215685748881911,0.0003199375479604193,0.0003209668988205859,,0.0003212040043145901,0.00032043909595489144,0.00032163010378146833,0.00032215885835332056,,,,0.0003213539802567967,0.0003214428334338651,,0.00032041307034906915,,0.00032046433272249356,0.000320986386663554,0.0003202983910453071,0.00032148850244849355,,,0.000321908379750216,0.00032074523998060623,0.00032156951559649503,,,,,0.0003202169145139128,0.0003211349417862617,,0.0003214797669250997,0.0003212540744405811,,0.0003210150266623292,0.00032139402733365457,0.0003209732317835541,0.0003212037951628282,0.00032152501935286964,0.0003213147329169745,0.0003211035664072982,0.00032076926703238193,,,0.0003225508105127859,0.0003219142984232969,0.0003205937165390089,,0.0003213449732204979,0.0003214205479515736,,,,,0.0003147908304759013,0.0003155021442476975,0.00031442826437541225,,,,,,0.0003199957263769065,,0.0003130612014247776,,,0.00030243620406595164,0.00030407118050895327,,,0.0003228606289520975,0.00032722679566811675,0.0003278178910663046,0.0003293562651076114,0.0003295254394956022,,0.000328538096317327,0.00033137608160849956,0.0003325493490221773,0.0003306602200797837,,,,0.00033121532298013406,,0.00033495376491751906,0.0003334696501594529,,,0.0003310183582417997,,0.0003298230251217094,0.0003301814461477286,0.0003301642984932762,0.0003303651685460678,,0.0003310427863138925,0.00032950331563635275,,,0.00032987019199468665,0.0003304008151290243,0.0003310111354359304,0.0003304764847512212,,0.00033705363275809096,,0.00033588716939104323,0.0003373031805848421,,,,0.0003388178322229686,0.00033904058785910653,,,0.0003380379957436827,0.00033845795779339897,0.0003387665481232897,0.00033741795777600094,0.00033748912907393026,0.0003373920945801694,,,0.00033709092959454214,,0.00033724680385207277,0.0003368657717345022,,0.0003375752972003665,0.0003368403225899534,,0.00033659446853709834,0.0003362827947863727,,,0.0003367828388452775,,0.00033749841393566297,,,0.0003366706331577632,0.0003365408804428027,0.0003361908707287772,0.00033703748518186787,0.00033619425996839604,0.00033731157498810836,0.0003364349727960013,0.00033641421289376305,,,,0.0003372410479163789,0.00033556472699216547,0.00033683780971531556,,0.0003357519782002281,,,0.0003374634782585905,0.00033723081114012127,0.0003376939580869388,,0.00033825135035295295,,0.0003364212597971275,,0.00033666248087485095,0.00033710712851995386,0.0003363983985919993,,,,0.00033769537025469024,,0.00033675470016397187,0.0003364569550979774,,0.0003367206822259096,0.0003372838031303228,0.0003363176323151,0.0003366813925245025,,,,0.0003212305040527372,0.0003209131980076149,0.00032154769256830527,0.00032210231185662185,0.0003207687411299553,0.0003213957089403732,,0.00032153276068877366,0.00032055533387564375,0.0003224061272872188,,,,,,,0.0003208957734166086,0.00032100587111868816,0.00032045866695600803,0.0003196716100104244,0.00031984446823948745,0.0003214264738594373,0.0003204884605372041,,,0.0003207983738563856,0.00031930148466722993,,,,,,0.00032166912186468145,,,0.0003214592331052788,0.00032265006673576883,0.0003195998130676355,0.000319705905651905,,,,,0.0003200377195743256,,0.0003205940657814626,,,0.00032071378255776016,0.0003200076279531356,,0.00032012141321300524,,,,0.00032047238151500473,,0.0003206027028487058,,,0.0003209474693743243,0.0003208103530763612,,,0.0003195743644023257,0.00031992559693897973,,0.00031973134662135577,0.0003209222982084307,0.00032051662374856253,0.0003200931201076249,,0.00032027951463383135,0.0003210360035463482,,0.0003219074698481418,,0.00032132153407324815,0.0003217141649502744,0.00032155280419239693,0.00032174454271264934,,0.00032126858310813745,0.00032111320057294127,0.000321878682000591,0.0003215568804518478,,0.00032219492655710034,0.0003217416592911581,,0.00032131580535135675,,0.00032194946016735445,0.0003207048395607196,0.00032100114774083455,,,0.0003214131309592242,0.0003220266479951046,0.0003218432529778121,0.0003204148418265758,0.0003203628355922958,0.00032096400252405456,0.00032083090017656066,,,0.0003207041579419722,,0.00032028469253934683,,,0.0003195001549242448,0.0003206052283375371,,,0.00031949577804392946,,0.0003204411350467115,,0.0003204210886384463,,,,0.0003206196667796889,0.0003195370075448971,0.0003202547175858863,0.00032263682031921285,0.0003225895020259982,0.0003222081204125509,0.0003228166936776572,,0.00032274319110730474,,0.00030407508814153515,0.0003029055104573061,,0.00030429847092269656,,0.00030222187455868624,0.0003025525828057126,0.00030176676641072516,0.0003026254883496421,,,,,,0.0003029258518240174,0.000301765194870804,,0.0003014115809030973,0.0003025773276907225,0.00030178842390410723,0.000300990295970415,,0.00030238797477497416,0.00030230233123273406,0.00030285965619307145,0.00030257841338086406,,,0.0003012836403098557,0.0003024728593676314,,0.00030216216208422763,,,0.0003020551301958367,0.000302070489740169,0.00030198018324912625,0.00030157092837799587,0.0003018095832708123,0.0003018837373154343,0.0003023881472407159,,,,0.00030237449032710493,0.0003024596396951267,,,0.0003022025914690961,0.00030156520400802884,,,,,0.00030159349237034156,,0.0003021698401717876,,,0.0003017654099012542,0.0003021329393508053,0.0003026755740138431,,0.0003016887295125584,0.00030236869927732817,0.0003028428121592965,0.00030172285239562287,,,0.00030246121278074085,0.00030226512875971157,,0.0003016940316075774,,0.0003021757312811576,0.00030212467650063207,,0.00030170178441995307,0.00030174204496168246,0.0003027246646892785,,,0.0003016652364871352,0.00030286021611555385,,0.0003026420627115466,0.0003023130363124835,0.00030230847612577617,0.0003022645035212928,0.0003025935760553535,,,,,0.0003030174179504094,0.00030145832450344446,,0.0003014185650486586,0.00030178215351502166,0.0003030117679573736,,,0.00030294277569763595,0.00030316334078249663,,,0.0003022149204168043,,0.0003015408763461185,0.0003026146781196679,0.00030248469509365174,0.0003016902304359074,0.00030195235527064615,0.0003005808300679859,,0.0003015950594802626,0.00030202182013587694,,0.0003027796695871287,0.0003022134205921352,0.0003018427034950659,0.00030121622719305786,,0.0003027426152977347,0.000301910355215543,0.00030311692175298175,0.00030223681439447075,0.0003020973037760819,,,0.0003012620915892719,0.0003024664067324126,,0.0003031218308573774,,0.0003017947233251086,0.00030194994371695135,0.00030234512333593536,0.00030251669937176446,,0.00030201712679778193,0.00030263160389139266,,,0.00030327713873189356,0.0003020340863336619,0.00030158384025524566,,0.00030241176907284755,,0.00030216697086009114,,,,0.0003025977491169712,,0.00030237162657514584,,,0.0003019775295881696,,,0.00030268667621256493,,,0.0003019196828695633,0.0003023270853517127,0.0003017589908253839,0.00030274146535374966,,0.00030199825478321107,,0.0003020362385228542,,0.0002985661438374137,,0.0003055368786016059,0.00030537338527045915,0.0003042193934577675,0.00030380159406590967,0.00030343773748848303,0.00030363106845498203,,,
7,5,DG_10pct,20,Z02_F01,2,SLG_A,157109,165442,True,21668.842269853783,1977.6047140921532,1769.2265711028504,1333.7004701493568,1338.2585126280558,103.94144373035947,99.11080982045931,684.7719095455695,692.0409858697951,509.3421412358284,507.4517201157952,250.26571398334855,82.01782165279407,153.98969092067347,153.3099981461459,103.92372424902958,78.12355127988111,27.547170663505074,166.82195843397574,186.47712973939147,0.40564881131082825,0.40624083165956926,,0.0003099874226453619,0.7028208672542582,,,0.40465268255763276,,0.40463828827670173,,0.0970128200302319,0.09714278257764408,,0.7264491108831632,0.7287825668497716,0.7272686061176261,,0.9632808088990835,,0.4049239704192286,,,,,0.40561914060274323,0.3990465745086723,0.39919250371795645,0.3994746691655079,0.40716274678211145,0.4055931010549644,0.40623102753097956,0.40635825378022505,0.40695656401910435,,0.10062756713007419,0.3985367151387655,0.3991783513484426,,0.40780126513504256,0.4072188503331883,0.4085198754328882,,0.4102152249732223,0.4098258033634397,0.4110228565678391,0.40956688800140534,0.4107140465807457,0.4080565610661793,0.40952099763024735,0.4100047253296209,0.4091845605848508,0.41062590300168444,,0.4098675375303018,,0.40969361858823095,0.11154895002530486,0.11174788228712106,,0.9582492946113557,,0.11546092704785384,0.11540284632336717,0.11519339383802014,,0.11516677929125509,0.11516914700032821,,0.11483325300254667,0.11510865955722292,,,0.11518162692596083,,,,0.11526510405246149,0.11549846319591155,0.11527139361449382,,0.11555752684335027,0.11545014363212307,0.11542539592689584,0.11514649166902546,0.40761580843594347,,0.40809931624992785,0.8006193890717908,0.4278064160747595,0.42831359258819246,0.42864767906266404,0.42882156109918074,0.42945877454494447,0.42895511408238607,0.19274341667654768,0.1938042786959672,0.19374014286965344,,,0.19312660363152284,,,0.19334714860485613,0.19344650492287369,0.19302807916273748,0.19315542463330262,0.19311161317378772,0.19310795323194802,0.19340139820158112,0.19384809576340495,,0.1933817680962068,0.19401962133367953,,,0.19259973057362637,0.19297982133716826,,0.19295351846704048,,0.19264750656186996,,,0.19286625736393953,0.1930853491424834,0.1927173598922852,0.1930980757311478,0.19294401912999917,,0.192959971270928,,0.19387085839355456,,0.19312705659865811,,0.19266031950665113,0.19327519711770913,0.9502478204478688,0.9489662548266334,,,,0.9483527124749881,,,0.9486786774758948,0.9492557603542662,0.95118211193446,,0.9479733713775589,,,0.9499793508732689,,,0.949277073560745,0.9484398831506747,0.9491229414300619,0.9486958300149414,0.9491123872690916,0.9470598268973983,,,0.9476736652041478,0.9491617395388341,,0.948091757803928,0.9489398785977776,0.9488170986345228,,0.9463808172179029,0.9470422953864239,,,,0.9485463154230277,0.9463221031888478,,0.9489696229125816,,,,,0.8049860958461516,,0.8075212062354667,0.8021534220379115,,,,0.8031176218220614,,0.8051528637036469,0.8038473053686288,0.8034718051708845,0.8076164554916107,,0.8039797765830216,,0.8049620844755426,,0.8071207213620912,0.8066596548413872,0.803740315670621,,,0.8025084480935184,0.8033897659064231,0.8029015075233576,0.8033650719009422,,0.8050693946494928,0.8022637870651471,0.8031784646307502,0.8009234690742764,,0.806343373587918,,,0.8023653976626957,,,,,,,0.8063725123552851,0.804243715405909,0.8069653272883859,0.8033023622004739,,,0.801890066942424,0.8039922618590369,0.8058699094696463,0.41863914077423575,,,,0.19153953432654375,,,0.43028100145853504,0.4300703801121734,,0.4314046776817262,0.1777934563231563,0.17732539312586565,0.177947619860081,,0.17834256417676683,0.17850572371804085,0.17836502254369896,0.17819149883720375,,0.17753673859727864,,,0.17834642951896806,0.1782470569643965,,,0.17732029164208332,0.17822232109181543,,0.17808326271846056,,0.17793976658223354,0.17826206035970749,0.17764244574665258,,0.17767479335631187,,0.1780684956609252,0.17737525406553226,0.1778987014271186,,,0.1781118728046138,,0.17806726229629502,,0.17819033635839385,,0.17806254656354492,0.1780910652948358,,0.18183043164356047,0.18178533199089245,0.18136342296385247,,,0.18165908557456714,,,,0.1816705310312427,0.18157818511978294,0.182152249421994,0.18177674000273047,0.18111541050703306,0.18162074663510305,0.18173113612440073,,0.18143771281826726,,,,0.18225841128230247,,0.18196448653038777,0.18119353687051173,,,0.18153095276994807,0.1812306036986216,0.1811807584265414,0.18141981364075382,0.9580453422706173,0.9540430890605252,0.9564973216114553,0.9589741063405457,0.956955685195315,0.9564373686065387,0.9557885625416874,,0.955204553140035,0.956695728469825,0.9551042609200618,0.9538577201731016,,0.9559577201010054,0.9538421948150199,0.9532015021599308,,,0.952488447548511,0.9536528937330062,0.9546213662535176,0.9516482516618011,,0.9526141158742286,0.952319435922071,0.9528831173304055,,0.9552502036265161,0.9564677825748652,0.9525802766267919,0.9534328057850113,0.9534126922714355,0.9553508091943526,0.9538882715633261,0.9528568573276186,0.951420363408787,,,,,,0.9530127170414892,0.9547136519086765,,,,,0.9540174839489399,0.9578270260166827,0.9577433557657887,0.952273346154359,0.9543689847333882,,,,0.9580804128040656,0.9558379825564001,0.9508554095766872,,0.9525231211829444,,0.9523880384436384,,0.9550133830052753,0.9536086318579463,,,,0.9558540992800779,0.9545078231324029,,0.9535541841881199,,0.9526055390415149,0.9551815824679597,0.9539349553241171,0.9543955084363281,,,0.9565922389997287,0.9551885281952035,,0.9565771342289396,,0.9552458894383566,0.9527768539431828,0.7992783218766455,0.79942584776553,0.801343091836784,,,0.17739481802639964,,,,0.4237985456037623,0.42390739525947724,0.4241249892412177,,0.4253752023570547,0.4243981774582699,0.19364243616616225,,,0.4304312836973338,0.4308189972085772,,0.42015249588512205,,0.4195518712935271,0.40633925464142817,,,,,,,,,0.21462042470393744,0.8258008743622045,,0.8282413188171978,,0.8325133152031299,,,0.2164738930068673,0.8331995588281101,,0.8388049652490706,,0.4459341581530843,0.44449642216197127,0.4455692594059684,0.4447892826414926,,0.4449398980792662,,0.44542047666485873,0.44477353629936206,0.44468637549625667,,,,,,0.4461619513527148,0.4443239811746924,0.4447119638603891,0.9724681806116922,,0.9688384184533718,0.9716514858996532,0.9734158155293328,0.9676274884527947,0.2273938758627157,,0.2275185642022679,0.22737994831885378,,0.8552878612334028,0.8538069405240927,0.8545320009868526,0.9742195227086456,0.9756135389490324,0.9727227090074501,,0.45323925447356506,0.45422538349192026,0.45318975951608137,0.45339373473528755,0.4538576087623375,0.4531834959747274,0.45262306654554707,0.45337394617737403,0.45516771668073247,,0.4530011603016617,0.4538056728891909,,0.4539540682911444,,,,0.45444170445280063,,0.4534434954164443,0.45436003339802267,0.45478572237348186,0.45425496578137686,0.4529678509076412,,0.4539697525822474,0.4537586197164804,,0.45393956174577554,0.4543743610573395,0.45280176505675535,0.45357226487693564,,0.4531026141452621,,,,0.45494900324129234,0.4532513712845467,,0.4537499953708699,,0.4545541223944121,0.4545413917360051,,,0.45536322838781634,0.4546851931406617,0.45375408496784436,0.4538816781959051,0.4543943787060262,0.4554767586435957,,,0.4543434277113959,,,0.4550046753771301,,0.4536764093060156,0.7937851475759017,0.7938480815817766,,,0.791913406480236,0.7931852802667864,0.7933597900464405,,0.7955044814792976,0.792365554394072,0.7954177769847516,0.7932557528767143,0.16746848265988945,,,0.16758410036547827,,,,,,,0.16746386640051736,0.16713799288410006,,,0.1671988481526143,,,0.16765135037552112,,,,0.7958886419615916,0.7942452663779793,0.7945734255997464,0.7929026765066781,0.7948025882769798,0.7956555566225542,0.9589499270681447,0.9563205466358545,,,,0.9570368101409377,,,0.9563451047975283,,0.9602949445838099,0.9573402165205408,0.9593131243689544,0.9596355433612864,0.1668692591194765,,,,0.167731517301172,0.16793530260846645,0.16727127122831742,0.16770144385390362,0.16792762301399555,,,0.16721761921887093,,0.1670850555934514,0.16720981066900648,0.9603780854392278,,,0.9606428048726228,0.9577725229831274,0.9553602984225675,0.9604162524152039,,0.7939706422219637,,0.7926937404527766,,0.793826858066456,0.7909856664502347,,,0.7933525900134392,,,0.7953876512771213,0.7942448374060159,,0.7953884253550795,,0.794562588257243,0.794515228946992,0.7934594909282299,0.7937735950991003,0.7934670521383316,,0.7951810072895222,,0.7940992995755105,0.7953572984488825,0.9589436282396933,0.9602898789868477,,,0.9596040436815758,0.9588697950213274,0.9583632779569301,0.9564567321841612,,0.9612389971357408,,0.9601613600699268,0.9594111800193204,,0.9592275363936742,,0.9564607082542035,,0.9597216987407398,0.9592129076629756,,0.9599890733335948,0.9588004676499349,0.9584730922549506,,0.9613580635645513,0.43364960465869296,0.4337693312168753,0.4336634458745781,0.43325099033634623,0.4335980199254388,0.43448404580304684,,0.7195505667892104,0.4082770816731404,0.4078248279923818,0.4083970519296278,,0.40664918165478997,0.40597405887763294,0.4066537389442988,0.40643012206578416,0.4076709752497873,,0.40621805806311145,,0.4072759242259387,0.4074059521311884,0.4061779909411358,0.40621554811739324,,0.4071712510000759,,0.4063061197407193,,0.406876825952661,,,,,,0.40625441630284936,0.40673092130848476,0.40735046171729544,,0.40705689880055157,,0.4063822516130095,0.40603174551209137,0.40616768457739083,0.4079893828142296,,0.4058337860341436,,,,0.4076373856281103,0.4069657832612365,0.4060423093897351,0.4066677197697979,0.40661558862530384,,,0.40607874944344535,0.4068106490337458,0.40620514808073327,0.40583790452036017,0.4058295570763567,0.40646048691879866,0.40632235124176463,0.40624973128408864,,,,0.40558368677795337,0.40638538841084243,0.40704022845851306,0.40659448472742615,,0.40659485226020325,,0.4069472323061034,0.4053998117902987,,0.40504767234502265,0.4075960693341295,,0.40735057392963137,,,0.406435684969426,0.40612065662692043,,0.40702907830168783,0.40515130586449977,,0.4069468764998982,0.40703514831586307,,0.4056541303127312,,0.4067269327399451,,,0.4054467822921756,,0.40717712236469744,0.40752512041839034,,,,0.4053260326817891,,0.4067432389257127,0.4070586983584806,0.4064915530667255,,,0.4076409410333316,0.4071257000422031,0.4062322369023505,0.4057515744024959,0.40668125884872103,,,0.40623658512618216,0.4061129315567109,0.40752558133165667,0.4063916894258428,0.40636274641241527,0.40672089620626256,,,0.40622838976056475,0.40848261851725065,,0.40640940022721733,0.4062786470552269,,0.406429551848429,0.40664962471645766,0.40635467720663454,,0.4067809110229841,,,,0.4062006331345055,,0.4062673788036573,,0.4074738440263504,0.4063757971872742,0.4053777352524318,,0.4064605806105053,0.4067820134098777,,0.40658941620715106,,0.40861555520274334,,0.4068121601686761,0.40608508220772066,0.4079508717476031,0.4075163710661945,,,0.4062111785318834,0.40566412508403393,,0.40794740699903204,0.4064215661723135,0.4068198866319492,0.4060092750383814,0.4075265388673562,0.40636086572075547,,0.40764718683687484,,,0.4053307845510167,0.40652444984575564,0.40659613117541954,0.4054733049217353,,0.4028679164307889,0.40069836828822164,,,,0.9627564804481967,,,,0.7283461067402621,,
7,5,DG_10pct,20,Z02_F02,2,SLG_A,298361,298159,True,14778.585425266503,2518.411721725698,2217.1311684127204,1619.224393257197,1609.2227279189015,133.65602285688766,126.10850271434705,768.0936296548455,778.8006149459792,571.9386650681007,569.6478495561582,277.7160011773061,91.70038548297846,211.33832706435481,211.83999929935516,134.16994359758448,103.1357328851576,25.37634101528135,209.4935396300865,216.14296923016252,,,,,,0.9695829652976469,0.8292067963686046,0.4761848547506051,0.4766351542188328,,,0.09574645198761578,,0.09573916304854517,0.8133470449863414,,0.8142378060146533,0.9460094099880946,,0.9435519068316144,0.475377517219933,0.4761694480620903,,,0.47718094943038414,0.47757437370770683,0.47113963775016093,0.4713406523865824,0.4719648392677666,,,0.4791329391525911,,0.4787144372806749,0.4781050795031124,0.10163122473306566,0.47004668317793,,0.4708757017694412,,0.48022780598169623,,,,0.4833986113975898,0.483568901756435,0.4839695156549773,0.48138160620418546,0.4829156248789974,0.4820267913654106,0.4834266202154141,0.4833183245092031,,0.48143704091930306,0.4836999748092203,0.48140650177152267,0.483044866021216,,0.11811992400429087,,,0.12417565617017795,0.123419493242297,0.12372245471657985,0.12348697242525014,0.12298180287031223,,,,,,,0.12375478084654722,0.12364454466422353,,,,0.1234672886913291,0.12351603028298386,0.12359254702488777,0.12353222063584166,0.12374288277699366,0.12343823549759284,0.12361903558023132,0.12345670554572347,,0.48055146928443965,0.48266565118421956,0.8501884755733959,0.5056898332346366,0.5058286103858166,0.5052892463397277,,0.5061813556692375,0.5047546618032287,,,,0.24153813300250124,,,0.2414994198201519,0.24141506594832954,0.24194568467870176,0.24142152402892156,0.24246928870159115,0.24180868530145963,0.2425757193347665,,0.2424796707009562,0.24168973886992248,0.24194888061765368,0.24182570774486034,0.2427413535619633,,,0.24214572114866356,,0.24212587288584556,0.24084333966715685,,,0.2416613841659685,,,0.24181439230249707,0.24120557354181688,,,0.24109489776624934,,0.2413801204830352,0.24151869102302703,0.24175155730782688,,0.24241030595849775,0.24185136057594775,0.2415325788871329,0.9225072578980101,0.921815227577084,0.9197238393381301,0.926405143670924,0.9222301170601647,,0.9214107204314849,0.9217541692180911,0.9235749079535024,,,,0.920554002218862,0.9246070962182967,0.9244723593984794,,0.9228218168180788,0.924555285271122,0.9197296691821597,,0.9224589763849004,,,0.9204234341113593,,0.9235535398807199,0.9235425329642675,0.9211137002620017,,0.9218711449697703,0.922474261566968,0.9194677159723301,0.9199805393665909,0.9236351121611909,0.9209972280939879,0.9212769286174765,0.9219489069840481,,,0.9231223613410897,0.9214613761256533,0.9238982000598764,0.9189217977709063,,,0.8563071989159906,,,0.8572440273401241,,0.8562638462511581,,,0.8578066648326933,,0.8589477969537312,,0.8565514935571656,,0.858507990515429,0.8601746910952363,0.8605878929250914,,,0.8574324486134628,0.8571591501163921,0.8583654941254132,,0.8568491885289393,0.858219756155305,,0.8556593136876777,0.8590690609179424,0.8578720968833946,0.8553324833611149,,0.8558092008927751,0.8559268526656382,0.8565374227756871,,0.8565151323211501,0.8563802931273068,,,,,,,0.8559686326398556,,0.8550872481615049,0.860330163188303,0.8594785788833141,,0.85877312394733,,0.8584428895432709,,0.49406460803435825,,0.4939639467027375,0.2259042553471422,,0.5074475279735405,,0.5082225686213708,0.5074778030186946,0.5088219467022853,,0.21790116405358428,0.21817667759259846,,0.21799612993005124,0.21876333191626599,0.2179094649918383,,0.2185661493278569,0.21840558541680136,0.21878480049391374,0.21806073866652362,0.21844033942987032,,0.2180546243293368,0.2188316286234168,0.21833347783250626,0.21866436827125896,0.21810373143955858,0.21899723003108051,,,0.2181831430666956,0.2179391089380137,,0.21818674800276808,0.21797757587772099,,0.21880952346096233,,,0.2184704620388312,,0.2184194292689022,,0.21817695139539178,0.21823154434550368,0.218298258395674,0.21849545122710926,,,0.22307651936645903,,0.2224459364106316,0.2232544078221542,,0.22359891505871743,,0.22362086545096344,,,,0.22363747923080257,,0.2239798456832974,,0.22391414373344593,0.22374714028994772,,,,0.22361576196967978,,,,0.22422094254621114,0.22301612583808836,0.22317777820409407,,0.22420168038894953,0.22393042666871968,,0.22374810241368268,,0.9291370537167324,,0.9288051634836119,,0.9286929248967545,0.9296213850867041,0.9290119631138564,0.9299352060534132,,,0.9256759246751549,,,,0.9280413455556625,0.9267640687964412,0.9280253415332095,0.9279735241876634,0.9265733004840387,0.9296643123787218,,0.9263459863409765,0.9256874009341336,,0.9267550571706049,0.9274153266630578,0.9276761655749932,,,,,,0.9272376697850921,,0.928902563776655,0.9274751892126788,0.9262326886348284,0.9281297025004993,,,0.930199627623905,0.9300766627271283,,0.9321222914409127,,0.9301476854483512,,0.9289586292526785,0.9297474013551391,,0.9289254701230742,,0.9255846349898075,0.9302141930346061,0.9273411245487202,,0.9278270325827173,,,,,0.9244100714288206,,0.9284509486351751,0.9316311376778494,,0.9278157588450081,,0.9283823580099692,,0.9287543503985252,,,0.9285122686450765,,,,0.9286057303473311,,0.9282606870306336,,,,0.928287215038613,0.9274879130071024,0.8608487495667889,0.8582588375806645,0.8596716090757733,,,,,,0.21804282674758513,,0.5018640336171813,0.5000185816405678,,0.4994055507571646,0.5003739455763242,0.24205297316180682,0.8536135839554644,0.9195024251206819,,0.5067204277250048,0.5077367761529047,,0.4966029749174793,0.49621674117405934,0.48214722982778435,0.4812950758790534,,0.2600312183468964,0.8555246330605378,0.9180580329012337,,0.8688583489580947,0.9297691853382971,,,,0.8766541393173968,,,0.8780618757552694,0.8788848796379282,0.2774755534662924,0.8802531774701297,0.9343533416352687,0.8868783835580875,,0.5234475912874661,0.5259177365781456,,,,0.5235119324713834,,0.5252660202456167,,0.5237775620219819,0.5237624188382419,0.5241407878388549,,0.5243614081790118,,0.5245950724156602,0.5235203154643775,0.5242471627725468,0.9445303556689031,,0.9473113731999839,0.9442051362947905,0.9448658508395935,0.940272916843025,0.29389327318327085,,0.2939295593519338,,0.898943951195444,,0.8974239279061781,,0.9498131993359648,0.944682779763522,0.948584706806574,0.949280541394638,0.5347809247709472,0.5331363511579853,,,,0.5329795453376323,0.5353957972737717,0.5336607966949266,0.5338715395769975,0.5350387243175303,0.5348209236450665,,0.5349208729115152,,0.5345681033213868,0.5360844053770223,,,,,,,0.5344858620327195,,0.5337075039321862,,0.5326716557705339,0.5352866387760599,,0.5341711738660542,0.5336636267484085,,0.5320084026305859,0.5337863730408475,0.5339548529321085,0.5339381985247873,,,0.5339180392902081,0.5347201509923314,,0.5343233622950473,,0.53472154346761,0.535031858203339,,,0.5363894605482634,0.5353040002405864,0.5341159347708192,0.5340980491315924,0.5355805517599775,,0.5344157241119321,0.5353564321408284,0.5351040231679918,0.5340983690163996,,0.5345539719894881,0.5344633542465221,0.8571558103251169,0.8615196292434557,,0.8585149500853,0.8548623911793959,0.8603957726806075,,,0.85885388344049,,,,0.2027600740536571,,0.2028748242219945,0.20247148005409246,0.20212488321397296,0.2030048504302021,0.2024154716226856,0.20245496474926095,,0.20250392882440651,0.2024752821193866,,0.20219281334462738,,0.20196513318645581,0.20199773154416475,0.20215144723711528,0.20249674509939578,,0.8577459493088962,0.8593032089167543,0.8580623199189772,,0.8604623882967722,0.8587255173748292,0.8592008670961648,0.8588513396365084,0.934839910855904,0.931801619521893,,0.9337237796458724,,0.9305076303855163,0.9313506135883878,,,0.933302078445497,,,,0.9301325789894498,0.20143005857741678,,,,0.20259344729617282,,,0.2026143993763925,,0.20270146779378073,,0.2025880327473219,,0.20106120113269646,,,,0.9331458164504581,,0.9361275108932449,0.9341067580571353,0.9308529711611306,,,,0.8597990821249606,0.8593964793699762,,,0.8598421536818224,0.8609397311352508,0.8584329969152565,,,0.8597837946706591,,0.8563308893565503,,0.8586981919344572,,,0.8576294165159449,0.8574145861326795,0.8572667701026649,0.8590384754131438,0.858360153367207,0.8595894984314845,0.858644227720016,,0.9328035390299506,,,0.9341975485372793,0.9340864687771465,0.9346303727798251,,,0.9298958663878218,,,,,0.9309983095717878,,0.931870988238201,,,0.9375964522236677,,,,0.9334244495996882,,,0.9332647227556458,0.5106741764595307,0.5115885584965385,,0.5114561997950987,0.5110638433918157,0.512246003719977,0.8170733941251231,0.810722667208644,,0.47955496214305315,0.48060355421599416,0.2856173026857622,,0.4781809133625281,,0.47861274462150327,,,0.479670083365184,0.4781793329011122,0.47919458096683837,,0.47894523832016783,,0.4797158367076587,,,,0.48063396618816207,,0.4787039138443252,0.47878751646018847,0.47988562972200166,,,,0.48004214209992685,,0.4791213314991312,,0.47830937330021595,0.47818095030983426,0.47825957216415743,0.4778313085688779,0.478568012229523,0.4789355555509909,0.47775521180340813,,0.4769821969726898,0.4792123092626044,0.4786153129255908,0.477921320703891,,0.48002774725682107,0.4790113271424569,,0.4785673394515844,,0.476651973392879,,0.4788729568585994,0.4783370183459121,,0.4786247009980916,0.4795433479778873,,0.4799583214540843,,,0.4790907392749884,0.47816173235937,0.47749186052639714,0.4800025042928925,,0.48044559652500063,0.47956644655845276,,,,0.4781530832928524,0.47861611434216156,,0.47845725294924224,,0.4796943106927711,,0.4774021213211762,,,,0.47795705437332686,0.4787284555116918,0.47821092296404083,,0.47820631726591345,0.4780582725718526,0.4785066956403742,0.47873321573159827,0.4798393027883736,0.48004653316959706,,0.4789340241138651,0.4777574976546096,0.478730386908636,,0.47848150700200043,,0.4783379627463022,0.47890925544213236,,0.4798389235736214,0.4782948423147392,0.48008683593575896,,0.47773867070090076,0.47824653496458414,0.47891049221813253,,,0.4789923285510972,0.47943526747429754,0.47875002396166955,0.47675816611664773,0.4777941895881103,0.4770248586221427,0.47818211051617365,,0.4784708708415312,,0.4788223279186368,0.47852490604197184,0.47939282477545403,,0.4778639238541832,0.4778272564204726,0.47829176152656555,0.47998610979891415,0.4785110588814165,,,0.4781133130727421,0.4777989852363401,,,0.4787699607524808,0.4788651072058334,0.47814421141011654,0.47806581494632483,,,,0.47837680033325686,0.47846436385477614,,0.47850790186874276,,0.4788635240980239,0.47738446376108873,0.4785223857247017,0.47829493490309993,,0.4790825042483995,,0.4786095270603403,,0.47891836933800513,0.4791635820929681,0.47864397303269596,0.4792516064066024,0.47946241096876374,0.48005461827397056,,,0.479751063084621,,0.4772200365688846,0.4780608474058554,,,0.47882970237963884,,0.4750126996025137,,0.10770975353797739,0.8115843287419459,0.9431030343503299,,0.0976369025883967,,0.8130686977399687,0.9401475075239528,
7,5,DG_10pct,20,Z02_F03,2,SLG_A,150394,157345,True,19804.416470500677,1920.4933203267078,1724.4828662374737,1307.9424285757523,1303.4350932953591,100.72354073685376,96.10280594020941,679.8490411134494,688.3944828027684,506.78430913173327,510.2245430248025,250.21097127188105,82.57616947189254,144.98437650778862,143.0467263444014,100.7510493574845,76.48954594097239,28.195666635880237,163.4318810186361,183.8972079722302,0.4259776025392877,,0.4261822820736608,0.09457946803143558,0.7237028333030658,,0.726405382646014,,,,0.73250338633197,,0.17233711893884318,0.17229076265811474,0.7444629725677704,0.7466788174658505,0.743012491991952,0.9532857604672494,0.9578807809166905,,0.4432772339036726,0.44300422579669885,0.44292073428582235,,0.4422929391665295,0.4441926268982593,,0.4394478683274542,0.4387307758054382,0.4437975300675125,,0.44457111371313374,0.44306002477788503,0.44495174619291405,0.44418959780428025,0.17553580386930476,,0.43692589400936027,,0.44525957241906394,0.44662555465738907,,,,0.4486974284945696,,,,,,,0.4492437475629264,0.44795995194690125,,0.4460293089204486,0.4474441112132808,0.4470861377555489,0.18482474269042173,,0.7489135161940219,0.9527354254243623,,,0.18893928119115355,,0.1887586710431842,0.18855952584243552,0.18850210414369764,0.18919220078592386,,0.1885667541334577,0.18818735929722896,0.18875154632750693,,,0.18911346802694035,0.18867329801278243,,,,,,,,0.18878921380582553,0.44662488115796445,,0.4464622894651871,,0.46806069270915945,,,0.468613031907134,0.4691566598650727,0.4686105493762073,0.2586427654547328,,0.2588338186621595,,,0.25861759774402593,0.2583382796740697,0.258117959998003,,0.25926593202324266,0.25839618884616267,0.2589523894760286,,0.2590750158906308,,,0.25847956760411683,0.2594384684494025,,0.25835228416600636,,0.2583937255415536,,0.2588818018887351,0.2583730546630007,0.258723606995972,,0.2581317116724528,,0.25893897626765533,0.25807336941042525,0.25856342041246455,,,0.258395609015777,0.2588403967632825,0.2580893030666815,0.2584609785316086,0.2589395019660449,0.25831801098657253,0.2590270350547594,,0.25808721318356004,,0.9462139302773304,,0.9472514066282288,,0.9469309355161593,,0.9467119969496831,0.9453841084544234,0.9453944321652515,0.9473390684613248,,0.9457545581806447,0.9457855938122415,,0.946587074651468,,,0.9501252947946158,,0.9458562136726153,0.9459112909288828,,,,,,,,,,,0.9486529724881179,0.9435274378497822,0.9439715978843878,,0.9472656911563584,,0.9448952701547828,,0.9460591170287237,,0.9458713180804436,,0.9477665191434295,0.8160426187869028,,,0.8192629527445778,0.8181050904284046,0.8162803655864742,,,0.8196387047993168,,,0.8200758168606312,,0.8205980407388866,0.8192773768786935,0.818888621189602,0.8195260512811035,,,,,,0.8150431200782334,0.8165465041709329,,,,,,0.8165747072053063,0.8155799826665114,,0.8177960102860531,,,,0.8177881044504755,0.8194528685488921,,0.8184732090281673,0.8164319724771465,0.8183925383242106,,0.81826712419788,0.8183133076587553,0.8194313445344346,,,,0.8178247637283,0.815786341422079,0.8168414755639181,,0.4588257196393526,,,,0.25658313082161427,,0.47187433261423406,,0.469657424989574,0.47287473135370806,,0.24527870647824876,0.2452263232075161,0.24531651922725056,,,,,0.24496626368412946,,0.24546714483140555,,0.24492378068045995,,,0.2453155137299974,,,0.24569363680832307,0.24504387520217788,,,0.2455859964257265,0.24519625805506728,0.2450409024861927,0.24483775956851814,0.24507975181573313,,0.2456710412074657,,0.24476626854781,,0.24540984593301776,0.24531588625259518,0.2446900468522897,0.24590891587568625,0.24550472292390008,0.24486278789240534,,,0.24568575881979293,,0.24773496689355534,0.24840218557747656,,0.24776642821435246,0.2486251160593928,,0.24857182786396775,0.24838979626065869,0.24902653984128006,0.2490604001713569,0.2487672905574486,,0.24800631525890451,0.24802271421922625,,,,0.24865206151195973,,,0.24855028021611697,0.24816503212211088,0.24808111956758683,,,0.24795681979619305,,,0.24803523406898975,0.24812739126723973,,,0.9556370252778376,0.9537805435581219,,,,0.9574596475968895,0.9525998284875254,,0.9541809603095825,,0.9488467744621139,0.9503000153966258,0.9527522939271205,,,,,0.951817210842252,0.9502078468820947,,,0.9506473437851408,0.9514196528564717,,0.9527424364845519,0.9516134702140834,,,0.9490702266967682,0.9519951780341871,0.9515084437249665,0.9545333357811602,,,0.9515852604340886,0.9543172125947373,,,,,0.9512700060646964,0.9540392207954982,0.9532803878740898,0.9533660537688655,0.9537754805888775,,0.9522544902586082,0.9528942226498547,0.9544955593693376,0.9535428313151951,0.9509950233003834,0.9542792422226666,0.9536997136662688,0.9532920755700186,0.9520645772953603,0.9550390628362151,0.9502979641654252,,0.9528279414113454,0.9501222072791593,0.9522253906936353,0.9495900930855099,,0.9498982675106118,0.95322415741571,0.9516671594529292,,,0.9481682701066768,,0.9536499978903539,0.9488138278665511,,0.9514350303312021,0.9477091853233846,,,0.9546716785913364,,0.9520391510751919,0.9508385170501824,0.950524038609325,,,0.9532748125400486,,0.812938611186541,0.815722244175353,,,0.24379327526044325,0.2438590986164611,,0.24380369554067816,0.46591172885904913,,,,0.46413451281806456,,0.25951120970880376,0.81591318818086,,0.47166991978277417,0.4722007437278458,0.47120121664767933,0.4603151050134664,,,0.4460909078496454,0.4457099953946839,0.446735501685465,0.269314833531778,0.8211796959467896,0.9455377856208889,,0.8349793843855633,,,0.8382386919257491,0.9527953583894624,,0.8456050416332644,,0.8474480804034672,,,0.8447106750473256,,0.8518305249840364,0.8543657598185005,0.4887493943342441,,,,,0.48741147943755514,,,,,0.486815238681942,,0.48824343874944526,0.4867626940257463,0.4860642444737098,,0.48679083195835715,0.48773272598233763,,0.9710561043116023,0.9699048188225085,,0.9697165149925735,,,0.2927310279333836,0.294253864100178,0.29238729326583324,0.8675582448889997,0.8674156507561405,0.8673102438733892,0.8702491009695766,0.9720044515669037,0.9752395624813144,0.9703150595891264,0.97139287218524,,,,0.4975388730540513,0.4970070609774437,0.4963417426945715,0.49480559259796175,0.4969377020353088,0.4970950185096355,0.49579586891769334,0.49756976045116236,,,,,0.49751155555287635,0.4964356203983043,0.4973901726058405,0.4977121962285843,,0.4955550606991807,0.4963491481082147,,0.4946479961502513,,0.49769511360233337,,,,0.49589176155339826,0.4972924318122083,,0.49506515569965137,0.49547442540857567,,,0.4953960489494737,0.4964281197084427,0.49822082005506035,,,0.49635733526665715,0.4967077335699345,0.4959410703662689,,0.49754747509885905,0.4964602474362091,0.4971051466013695,,0.4958632208483009,0.49686593892754805,,0.49723295663631706,0.4960677482652656,,0.497255076952313,0.49560103938234784,0.496784357306029,0.4953510381815671,,0.8093088404764478,,0.8071136874372106,,0.8077914887585316,0.8082650875734185,0.8084998996398252,0.8118731416378525,0.807694929846637,0.8088764327128837,,,0.23555465160512148,,0.23561000373497104,0.23519152485246841,,0.23586688543372897,0.23498191908365143,0.23543046069373097,,0.23632981949318602,0.23532464420092555,0.23610228383852389,0.2355792959352011,0.23567895608273406,0.2351425085706321,,0.2353387047816397,,0.23476244297976417,0.8075227834967329,0.8099745525431494,,0.8096547993212121,0.8089888494828902,,0.8108125409383172,0.8103515037056219,,,0.9535271794107262,,0.9556607930190694,0.9541872453272309,0.9541586769477391,,,0.9555872283798349,0.953907497310632,0.9526754103061559,0.9526914053275969,0.952974440404992,,0.2352180905155239,,,,0.2359723505344487,,,0.23504956469597696,,,,0.23268918410904438,,,,0.9559619049930469,0.9554736723534167,0.9550313537786537,0.9570088676672762,,0.9532735290970415,0.8114380774989969,0.8074087898758496,0.808690992777775,,,,,,0.8117179303795459,0.812300205211053,0.8083578788035553,0.8093200723604315,,,0.8092180068498069,,,,0.8076296876654722,,0.8099651886704988,0.8115139150762791,0.8082450764837702,0.8092302956516579,,0.8093321525742119,,0.9568819829241171,0.9618468932683157,,,0.9547473020598198,0.9584582778551954,0.9574306258594311,0.957194030213696,,0.9610892662900753,,,,0.9565721377323149,0.9547580343456074,0.9566713381895285,0.955443438621414,,,0.9577569947294906,0.9584259390196328,0.956879130657126,,0.9550428488403614,,,,,,0.4749088693185534,0.47533851026662033,0.47472423107230405,0.7493074388303557,0.73606263273867,0.4475061893131111,,0.4484994192351701,0.2877425277363739,0.44559405341145036,,0.44487654984622754,0.44504974425244465,,0.4447852864761391,0.4439985103262981,0.4448157716466862,0.44612650537860965,0.4437700524018806,0.4452579870357597,0.4454313045027846,0.44641112645859443,0.44505560483147866,0.44550414475273953,,0.44657667116965694,0.44516520066438203,0.4454651394725039,0.44487779852442516,0.4458095479810316,,0.4449848122077272,,,0.44534410833187443,,0.44590809825206246,,,0.4445494619013534,0.44490470069006954,0.44473863669504626,0.44399077579261775,0.4443531263267531,,0.44520166715136317,,0.44542110243387223,0.4461160759501383,,,0.4447099636330409,0.44542635884493337,,,,0.44426271774492937,,,,,0.44593196046868827,0.4454089349241033,,0.4445469265794342,0.444253450976323,0.4444543723446885,0.44555244394574417,,,0.44583510441595964,0.44521959102011704,0.44473113338870945,,,0.44381900187471796,,0.4445768010637262,0.44497530381909467,,0.44584337014600955,0.4456846312114661,,0.44440852789033436,0.4453041708534797,0.44405253267437894,,,,,0.4461219920711432,0.44434237031831864,0.4450438404974182,0.4445899045931901,,,,,,,0.4457201384312301,0.44471987984305766,,0.44445994461551475,0.44460471351236025,,0.44556544823980093,0.44545218595403285,,,0.44447712559084795,0.4453974196072736,0.445239952615326,0.4459916295640953,0.4450501136909025,,0.4445092279735498,0.4446461359247688,,,,0.44440471571141427,,,,0.4459277912159251,0.44521478973332795,,,0.4444653218218423,,0.44630040802247933,,0.4451572198295306,0.44524925910792257,0.4452947973849446,,,,,,0.44439657890359524,0.4446034901173365,0.44351925380726936,,,0.44386149134033664,0.4448512293599995,0.4463820371925017,,0.44390228301849866,0.4449000363526219,0.4449759723160276,0.444345850174053,,0.44448487391699526,,0.4464990673580846,,0.4444204914024912,,0.4438695699956527,,,0.445060961555993,0.4462651290698198,,0.4464464359311918,0.44651496651209793,,0.44556284500025145,,0.4455668998265869,,0.4451536001844102,0.4450169871657838,,,0.44109990010920985,,0.1787993891513386,,0.9522740998948855,,,0.7466852318439723,,,0.9506657576458645
7,5,DG_10pct,20,Z02_F04,2,SLG_A,246178,243936,True,27270.14548578719,1625.9070372228823,1478.0889404158595,1145.359284435636,1151.5619653030287,84.31776005196771,82.01228730888609,620.3411784348132,623.0865221517092,459.15493668021884,460.5939573158621,229.25893874034125,75.52723605919084,122.91292358936263,119.84545411487143,84.75316930854127,63.14205372937181,25.62412905339178,137.37450328545776,164.17922141845156,0.3409501426190982,0.33998872400881913,,0.01216577647274469,0.598985132831855,1.0695722363741191,0.6251242067726934,0.3394776852870875,0.3401066494145683,0.3390433599152189,0.6539858765988239,0.09318073166558365,,0.09304549372581544,,0.6637545323716328,,1.0015030382631505,,,0.34053978530554935,,0.3404956489215905,0.339289987760836,0.34000505861481883,,0.33503945126417306,0.3357773904464973,,,0.3416645605156374,,0.3412380777173754,,,0.09575431175934174,0.33360611834548276,0.3345098147965275,0.33404139640085023,,0.3424672202499613,0.3431115959582837,0.34432695116814943,0.3437709565151479,0.344779664597837,0.3437030735576292,0.34399442685113585,0.3444960742571062,,,0.34448933645317453,0.3436083518821787,0.3434548376508048,0.34480752345969495,,0.3440737185789139,,0.10459741458187818,0.10529065595925938,0.6721051611271579,,0.10781920099334591,0.10783116268241995,,0.10811011906691419,0.10784519936627773,,,0.10797713351929798,0.10759448241716628,,0.10786677727209582,,0.10775313993142319,,,,0.10817002157288164,0.10772917809285944,0.10789464257600852,0.10800041645330537,,0.10770888169237597,,0.10771175059751217,,,,0.7583243058683984,,,0.35991056476123023,,,,,0.17224327056901753,0.1719469306741651,,,0.17211329391311347,,,,0.17224648401593776,,0.17219362948309924,,0.17244573238938266,0.17242065643414806,0.1728108549159932,,0.17207120968595485,0.1715769026504206,0.17206713733441573,0.17228835285255553,,,0.17158304150152578,0.17180484725974896,0.17239122351643527,,0.17215279275847564,0.17142285556345963,0.1723030506779534,,0.17196075733871338,0.17202937033796,,0.17212077470766254,,0.17174705244412442,0.17158765698033476,0.17226850605586974,,,0.17197100247410224,0.17195176969349693,,0.9844195791351646,,,0.9820653351680525,0.9829292459978812,0.9802265809062521,,,0.9821863223815495,,0.9812901522622226,0.978913313878373,,,0.9820364749752257,,0.9801187771223506,,0.9833251129187898,0.9780637207959147,0.9805553172788015,,0.9822713603712223,0.9814733886681938,0.9821366552000719,,,,0.9807347829025203,0.9812072482707404,0.9810556611714714,,,0.9817266245192451,0.9822603958708106,,0.9806902296828376,,0.9823354488390469,0.980884092525946,0.9793992054204711,,,0.9794144815522821,,0.7622872636119936,0.7603443305666355,,0.7612057968035244,0.7595590793917625,0.7634312562559309,,,,0.7626702450830336,0.7619628469137135,,0.7595901037295048,0.7646614085612479,,,,,,0.7613504512723924,,,0.7617969727347196,0.7619995770593168,,0.7613026249287073,0.761494714130609,0.7614872308742963,0.7610104575294203,,,,,,0.7599132352940482,0.7631679833260285,,0.7601647652040718,,0.7636158735151728,0.7631348619184077,0.7632935262529256,,0.7586349747937251,0.7606795962785731,0.760814896371816,,,0.7619231770001822,,,0.7595640304101811,,0.35009658157055573,0.3501141979894345,0.163618660020416,0.17043867541520924,,0.3624107840051857,0.3619247184385922,,0.36275621226381527,,,0.1596909623217745,0.159558201538545,0.1598563817631531,,0.1593830714797211,0.15993377591023294,0.15997948807966972,,0.15923847013924633,0.1594811374183671,,0.1601761416641528,0.15974778533633904,0.15925886268412376,0.15968934229577608,0.15942721168687407,0.15968971820750982,0.1596029022219102,0.15964490275583268,0.15983100402025643,0.1597057557488579,0.1594367005291163,0.15951377003424252,0.1595053118092788,,0.15952403853740452,0.15943811701123442,0.159376505106238,0.1595442418898618,0.15982750154061168,,0.15918683130182867,0.15944352729559033,,0.1593661519111481,0.15965146361251586,,0.15925632166303713,0.15955366179843575,,0.16315694588636295,0.1626988723174162,0.1626086117837542,,,,0.16302226803605044,,,,,,0.16259312178990176,0.16275416748143015,,0.16284878944247008,0.1622367406748421,,,,0.16281698635714495,,,0.16229798854628807,0.1625313089341264,0.16254427422729517,0.16246624440436447,0.1625145757503889,,0.161765611977934,0.16251979642954145,0.9911424927502266,0.9897308963306507,,,,0.989995315994102,0.9910585640400522,,,0.9938374200019627,0.9907763854295767,0.9870256766093701,0.9880465200907372,0.989212521931433,,0.9887453816341825,0.9886948868152201,,,0.988254168835751,,0.9875057630938237,,0.9872784531863332,0.9887858640527806,0.9853504631138165,0.9909362055861378,,,0.989798626843337,0.9909182315282593,,0.992383996792237,0.9884814846439245,0.9918197410535886,,0.9871764919342207,,,0.9916188005748967,0.9913979349201142,0.9925274649584013,0.9889398747133832,,,,,0.9893023694691288,0.9907102282918461,0.9918136647562464,,0.9922402935566201,0.9884485039411559,,0.9945880866186294,,0.991375742740378,,0.9865430553618463,0.9873869245381577,,,,0.9884373207682471,0.9907263090918657,0.9899730374614949,0.9893568979447032,,,0.9886709240084397,0.9884274127845462,,,,0.9894381104861133,0.9870056055434773,0.9883397809061314,0.9862223237736056,,,0.9903952493254329,0.9892747300209214,0.9880524361471499,0.9875879541940116,0.9863999334802299,0.989993506638624,,0.7523649635148124,0.7505860752623634,,0.15903800408447255,0.15879711083147635,,0.1588421416002762,0.1590284966119208,0.3554442917135146,0.3565310739168324,,0.35662229434161835,0.3570605542892672,,0.172893052650033,0.7599940839553333,0.9797045974395865,0.36113707473949,0.3621667798224417,0.36120790127272195,0.35193797150519296,,,0.3395943574849405,0.3394452673498847,,,0.7693945889999068,,0.1874186610747138,0.7839317997904638,0.9866622327076979,,,,,,0.7905987167889119,,0.7943127205573886,0.1910805430654176,0.792232324226659,0.9904347760643436,0.7990618704714825,0.8001747782961458,,,0.37397609592183517,,0.3736258772846088,0.3745684402466364,0.37419109262519773,0.37522516593732946,0.3742151797003667,0.3740471914570275,0.374113803024331,,,0.3738601468998284,,0.3745050331464763,0.3733463575920728,,1.0013371181231159,,,,1.0025729274556971,,0.19954740882233962,0.20012687712137314,,,,0.817886115974641,0.8150551607270099,0.8147828238985717,,1.003629168703684,1.0032477294458415,1.004140957690583,0.38068624534765916,0.3812654076814777,,0.37984133570046036,0.3811573357774158,,,0.38116337070895123,,,0.3815094503007089,0.3819273652055115,0.3810508563854514,,0.3822495489389568,,,,0.3816723092542229,0.3818985903355768,,0.3807477429572372,,0.3823282911879289,0.38191946145922895,0.38105461581315125,0.380804389868062,,0.3820180018134372,0.38179805982215387,0.3811813912588132,,,0.3802431457571929,,,0.3826222236089052,0.38229882511588875,,,0.381531886406891,0.3824679110458942,0.38207241460125935,0.3812346740352842,,0.38204803520082176,0.3830333276398069,0.38188705346305934,0.3810398122015288,0.3817220413486887,0.3816884428188125,0.38142959163487,,0.38189993416299867,,0.3814914602239107,,0.38210346562931974,0.38310556565217346,,,0.7409260459198791,,0.7416991419417543,0.7423702121743553,,,,0.7422939213757505,0.7428898624191086,,,0.15086003271224363,0.15111066838869552,0.151058494007415,0.15071467649469047,0.15082213649321885,0.15079268391127082,0.15074808348889315,,0.15063975186239023,0.1506880190520546,,0.15050719689649972,0.150971489740149,,,0.15065221922469432,0.15043932603374333,0.15016310950353629,,0.743791119152154,0.745189336299846,,0.7435327291473219,0.7449870124479981,0.7449183888717491,,0.7437752327028327,0.9951838813025122,0.9915818816797386,,0.9922537096991414,0.9942981350264025,0.9899514482204668,0.9933512979801801,0.9926441882624618,0.9953152906177183,,,,0.9954774471396842,,0.15067740437247767,,,,0.1510912714154075,,,0.15092566727270634,0.15111319122441416,0.1506722485118183,,0.1507220606255777,,,0.15025081772639381,,0.9982898679313845,,0.994633413852729,0.9980926388706381,0.9960591659351231,0.9976583088869805,,0.7426650414283765,0.7428379688645023,0.741779529710369,0.7438299916438688,0.7419002845474043,,0.7425324754309807,,,,,0.7442403359306353,0.7451661903088396,,0.7417353827189053,,0.7413371149644824,0.7437440502500793,0.7423862565471671,,,,0.7425166229682375,,0.7425318344561559,,0.998197056053931,0.9994480072679535,0.9949753675940702,0.9947370113473575,,0.9958880257724657,0.9959621092107809,0.9931010255068927,1.0009291426211813,,0.9938971591337362,0.9945619978240161,,,0.9953559224885185,0.9935304624615875,0.9968528161731178,,0.9963888758985086,0.9938851855816133,,,0.9982280395586353,,,,0.3643761345850993,0.36535897042750615,,0.3636892758899116,,,,,,0.3442698779143954,0.3419807170287312,0.19594362167976548,,0.3422242149279405,0.34186402534881183,,,0.34192419136387747,0.3415391390069615,,0.3416325449021423,0.342182705945484,,0.34170225652212793,,0.3415077426133789,0.3408587687052453,0.3417672621618948,0.3415246445282796,0.34233472972423307,,,0.34110299587030135,0.3419745153800006,,0.3416450187108304,0.34264104403601015,,,0.34191023563433814,0.34138603683360697,0.3415770629727213,0.341167310931432,,0.3433100191944026,0.34146334509867726,,0.3416453600128723,0.3421996715578793,0.341345006146308,,,0.34181763932944287,0.34150623279376585,,0.341038100234593,,,0.3419412511237578,,,,,,,,,,0.34198059138281356,0.34172122057434834,0.3421741818893919,0.3409359616102431,,,,0.34183065469608503,0.3420325745923316,0.34193113930951824,0.34031560365596963,0.34115397961694954,0.34304430901670463,,0.34226659550862404,0.3407813545731588,0.3419741112571603,0.3414992498053578,0.3414291771532731,,,0.342236481843563,,,0.34097970902470665,0.3422343747805212,,,0.34149747717916346,0.3413669375881214,,,,,,,0.34083885592228574,0.34158165493907455,0.34151473433738144,0.3436692173735089,0.3412738963376854,,0.3420153715274065,0.3424499634388259,0.340737131120843,0.3424847774109623,,,0.34197417045403905,0.34146548981977354,,,0.34130505920877807,0.3424342862929924,0.3415901370355474,0.3419371227638264,,,,,,,0.34248905102367466,0.3418613419486005,0.34238799557180605,0.340855796700534,,0.34229664445839153,,,0.34212156893182105,,0.3421890595138091,,0.3416529512382654,,0.34132210963916854,,0.3410540513943279,0.34166425163681624,0.3420510472103481,0.3414286411102098,0.3408168203958496,0.34209275303664033,0.34129871593995575,0.34149040809033265,0.3411229568075108,0.34188120733624566,0.34229906965038404,,,,0.3416872875622171,0.341253168085465,0.34243118894937,,0.341368669343621,0.3415714413071814,,0.3412704489557594,0.34144275744218533,0.341387332570251,,,,0.34174154517063476,,0.34234629117777,,0.34181980928451616,0.3413738582489944,,0.33770436628955136,0.33747188365708986,,,0.6659207896412765,,,,,0.6643360147555241,,0.9976827636698294
7,5,DG_10pct,20,Z02_F05,2,LL_AB,254077,253842,True,35781.139072121405,933.3631405821096,800.2973391298829,542.6380206477994,546.1933214166116,49.58715673351863,45.96912945071668,278.30993958160957,288.44345416772376,212.1381640407678,212.42956379619326,103.95000909177725,34.544326143585415,87.88038683157856,91.69045156287726,49.44934580558164,40.97941999692622,9.315892654630131,78.49489563702036,77.52229911297151,,0.00027122501809795704,,,0.014991198372460117,,0.047426219103780344,,0.00015487919338310084,0.00015451332302237084,,0.09234382235567286,,0.09255286368981785,,0.09229934681598632,0.0922990050677775,0.4842859847718507,,,,,,,,0.00015445054742618447,0.00015240840213817292,0.00015323374541254494,0.00015289243036216912,0.00015457289257392258,0.00015462378710393382,,0.0001544705195617332,0.00015418296938537587,0.00015454775369488674,0.09585365840165688,,0.00013157162598927377,,0.00012300119821589622,,,0.00012343092440804016,,0.0001229717241158216,0.00012308639058607038,,,,0.0001232158437061052,,,0.00012299669650782039,,,0.00012375957915228126,0.00012325780621643252,,,0.1050829667655201,0.4758363958687208,0.10756685190776676,,,,,0.1074138423520313,0.10789820954950419,,,0.10778473135561395,0.1075690010473326,,0.10753942825090723,,0.10808766451472067,,0.10766643551834412,,0.107894152504091,0.10784100878635518,,0.10767865688159253,,0.10822458087282096,,9.476584741719404e-05,9.48210305555794e-05,0.17348078988640506,,0.00013325287549379168,0.0001333858532763452,,,0.00013071771727514914,0.17344453128827142,,0.1738871028295296,0.17436070317113944,,0.17419901452672978,0.17401857460915346,0.173964798634396,,,0.17353343528489482,,0.17414772809557408,0.1734635531091791,0.17402181399759584,0.17425779075459516,,,0.17444132670302825,,,,0.1736441674345614,,0.1743527689068398,0.1743670985874269,0.17367958635031955,0.17392843182267584,0.17361000065015297,0.17358167667154378,0.1740241420261314,0.17377650496961813,0.17352609872534722,,,0.17399206291234232,,0.17361552959162493,,0.17441431399006868,0.1736393512022387,,0.17391473132380167,,,,,0.43894533527948904,0.4387705580446173,,0.4393938355625012,0.4389410016554736,0.4390555912003007,0.43875133248959935,0.4406331181825419,0.4397769751312815,,,,0.4396834223325162,0.4388549891039051,,,0.439915620989995,,0.4391717111056754,,0.44002703325912795,,,0.4384923892070802,0.4403698060309205,,0.4399484474973747,0.44018364589315684,0.4381379973723013,,0.4386400455785064,0.44003492849028936,0.4399638826632669,0.43842559706260015,0.43780202040335525,0.4387180840419454,,,0.43911607293729704,0.4407578080490768,,0.17400870405698088,,0.17388969285235434,,0.1741081921357445,,,0.17413262527654297,0.1739389594862126,,0.17421025216285924,,,,,0.1743292943990676,,,,0.1741155329431991,0.17377499649274944,,0.17392088665914793,,,0.17402110055656897,0.17360958534619253,,,,,0.17371135338809254,0.1738327221157446,0.17356894607456685,,,,0.17430257068391927,0.17419765430085915,0.1736506945003569,0.17448072603494105,,,,0.17409418867221282,0.17380997440323473,0.17401710476456972,,0.17381747044264192,0.1738192983798465,0.17418333545665976,0.17404315201587028,0.17406903253659692,0.0001324360358621927,0.000133056688903964,0.00013287471929997345,0.16485938872863354,0.17243797212461093,0.00013669498934911777,,0.0001372746248829926,,0.00013661645622544286,0.00013675430398960172,0.16089220545922384,,0.1613968429174306,,0.1610902210988904,,,0.1612329554651756,0.16121113772334333,0.1611147979227068,,,0.16104961580201282,,,0.16073201002607135,0.16183238029363187,0.16112670808289206,,,0.16111899394091897,,0.1607991115044823,,0.16136442572437015,0.16147234816758033,0.16126560989364674,0.1613327615865853,0.1609516501386934,0.1609896697596131,0.16074256059344852,,,,0.16121223212331073,0.16134065255817215,0.16111144725908474,,0.1607767401574967,0.16067790681866376,0.16391311765333735,0.16433161073853383,,0.16391063388489274,,0.16407611515873274,,,0.16380484687723287,0.16436652872992774,,0.1641012487242135,0.16365726158448374,0.16401397556507807,,0.16391346259493722,,0.16420170495231448,0.1644583091027381,0.1645035457619744,,0.16401404434069894,,0.16424476070950636,,,0.16371421289004487,,0.16433450368963196,0.16412754176651867,0.1631670545837902,0.16403362211357694,0.4511298697988829,0.4528052529996037,,,0.4510949715134728,,0.4525478581749978,,,0.4499034512841277,,0.4481224250502487,,0.4473319999315648,0.44912066317088684,0.44959903554018804,0.4481034545048449,0.4479099567211646,0.4475087872529664,0.4488114087883682,,0.4480887708015608,,0.44772483829544746,,,,,0.4497080144598145,,0.4502032860889248,0.4510032146291288,0.44930598380987424,0.4527377295068426,,,,0.4518397183533587,0.4511152676455017,0.45074033216144554,0.4513231178213186,0.4517015747619397,,0.44992881659581985,0.4512161802566497,,0.45036838792770495,,,0.4507054312137679,0.4526788071573428,0.45060236998068876,,0.45028083118740375,,,,,0.44787384736849506,0.44662135802509684,0.4466320802819408,0.4487758184003035,0.4488900534645697,0.4471769705808801,0.4482843914388843,0.44788849294898436,0.44906253664118906,0.44771494803424,,0.44904902146810743,,0.44879543493366447,0.4496079446835481,,0.4486606116148691,,0.448075390336555,0.4484539139714514,0.44944980927869554,,,0.4491555532251022,0.44932333616241454,0.44918215389044386,0.4498284337770806,,,,,,,0.16018181264752623,0.1604605820261186,,,0.00013378397185452478,0.00013405204995497251,0.00013398908028339988,0.0001339235770019987,0.0001337936610607175,0.00013400119151303427,0.1738661306380741,,,0.0001362858487627373,,,0.00013352853375995429,0.00013285900132071473,,0.00012993919173967172,,0.00012984428492548075,0.1837487289663295,0.1836069381929602,0.43053173305483416,0.19111152905668716,0.19036275020918922,,0.1928107697556493,0.19290326380712497,,,,0.19468899817309923,0.19500441394256846,,,0.1947435532097541,0.43480728495506366,0.19761260219530158,0.19751871196692816,0.00012658713220026834,0.0001266521860728379,0.0001265102077784004,0.00012633331271727337,0.00012678605998569896,0.00012654300058986077,0.00012685735843163192,0.00012663900967879813,0.00012689424233392106,,,0.00012659852181121645,0.00012625242449015528,0.00012674823961799294,0.00012675380630125982,0.00012655010930498115,,,0.4390744784001696,,0.4387996806995466,,,0.4378539499398353,0.20540825487977232,0.20470067004770187,0.20526137866920313,0.20512349262136248,,,,0.20509095038110234,,,0.4387963567355462,,0.00012915921930830546,0.0001293428678869146,0.00012975174142829585,,,,0.00012911632619898056,0.00012923106423636126,0.0001291397030060213,,0.00012966914627976167,0.00012870890724374788,0.00012923896284616104,,0.00012922921897885167,,0.00012923317632506542,,,,,0.00012900466609171214,,,,0.0001292354618574117,0.0001292405312321419,0.00012925383134157508,,,0.00012914456657030996,0.0001294551771577129,0.00012900952191367796,0.00012915763129531466,0.00012894877697088375,,0.00012910598557362837,,0.00012962512921076908,0.0001291413701401874,0.0001292477916452722,,0.00012948642482670151,0.00012941205174663698,,,,0.00012949037219749172,0.00012947263012368456,0.0001293365937064788,,,,0.00012928166976064313,0.00012946084362108052,0.0001292656560418139,0.00012882739083399183,,0.00012940815983531335,0.00012894088482920285,,0.15237802708389472,,0.15222955034603958,0.15265906745868194,,0.15206256872592402,0.15268777981124648,,0.15228993476271757,,0.15279685237672516,,,,,0.15234432771059458,0.15225079104976216,,0.15261316945079287,,0.15233419630065356,,0.15231624721664025,0.152581103135622,0.1524825020130093,0.15215709204364755,,0.15243618850210366,0.15205720866297476,0.15225652008395107,,,0.15275395404813275,0.1526635786711141,0.15246599965227237,,0.15272754225977292,0.15232667220320462,0.45820731498591033,,0.4570362874687356,,,0.45721245645015357,,0.4578296086571316,0.4583498837234656,0.4549911066367642,0.4591428106513501,0.45868384852560434,0.4566432278964802,0.4581828785731103,0.15191537015365061,0.1522933641779891,0.15260820855591342,,,,,,0.15189790553391586,0.15181012074800498,0.15234528273866196,,0.15042843110250395,0.15200124071502,0.1519146539775762,,,0.45831322298012195,0.4566261804635415,,,,,0.15269124256061412,,0.15252902791115847,,0.15261302733496854,0.15262197937506677,0.15233884408902867,,,,,,0.15244993498142523,0.15255099261772262,0.15237982099863748,0.15257161442167086,0.15241454157164996,0.15316424193333328,,0.15252429752999283,0.15236883200282317,,0.15239240540861831,,0.15241798253367386,,0.45825010932277754,,0.4595325000159042,0.4593429073464228,0.4586127295367431,0.45987080563876653,0.46029926675191546,,0.45879760077903103,0.45896768235610197,0.45755188573950745,0.4572441138555238,,0.45831195618785514,0.4570248935659,0.45861006225995515,,,,0.457590953720439,0.45912531152776115,0.45790818771594366,0.4580625817343613,0.45915685827276503,,,0.00013737420773110126,0.00013716320640990462,0.00013750615773697043,0.0001373793885101348,,,0.0992451929347116,,,0.00013393337792216555,,,,0.00015532041694126225,0.00015538500599565852,,,0.00015558790511185282,0.00015561965742097447,,0.0001555753474634551,0.0001556094331012397,0.00015586696376434063,0.00015584598771700646,,0.0001550770120151255,,0.00015579062553299983,,0.00015535874169282822,0.00015574362427477696,,,0.00015521536000473612,0.00015548406167636416,0.000155622874598507,0.0001555152410230691,0.00015536712456481677,,0.00015523021370307972,0.00015537153852593954,0.00015513092047988685,,,,,,,,,0.00015541307408887224,,0.00015529714824685903,0.0001551779930376361,,0.00015555742181981794,0.0001557538889742838,0.0001552975879918764,0.0001555424475269117,0.00015503829179985465,0.00015506130631629843,,,0.00015536983654089703,0.00015538110188653988,0.00015560947424718955,,0.00015536247082318386,,0.0001557506158843703,0.0001553438209901612,0.0001555319894265576,0.00015556149956933772,0.000155478897083711,0.00015501585034526116,0.00015565057669993026,0.0001554862260012927,0.00015580415313802245,,,0.00015544231460674256,0.00015500812408588072,0.0001555148375630223,,0.00015482624633315057,,,,,0.00015517120194533484,0.00015520014367733626,,0.00015493764331839927,,0.00015528482467197489,0.0001551349898547967,,0.00015497616610682204,0.0001550735105031324,,0.0001549323619221327,0.0001552735743806654,0.00015571378085390685,,,0.00015497071438116296,0.0001554483177778011,0.00015531804057373683,,0.00015542940302902276,,0.00015532463787669537,,,,0.00015564292205015403,,0.0001554238500060021,0.00015540450022559843,,0.00015493441338626957,0.0001554374661032304,,0.0001556202659567688,,0.00015497173063458317,0.00015585597874874903,0.00015491055486478253,,0.0001551886436987426,0.0001554637501324973,0.00015532448730782734,0.00015529459968864303,0.00015528319052670394,,0.00015550098193529502,0.0001558080827766706,0.0001556662135309008,,,0.0001559145710331906,,,0.000155327903196911,0.00015549396651264987,0.00015525677068863302,,0.00015518389426479742,0.00015553240698829555,0.00015515424763341216,0.00015543793972822196,,,0.00015504397732189933,0.00015549617956408694,0.00015528113216851437,,,,0.00015524004992498188,0.00015543999775627135,0.000155330384001288,,,,,0.00015558862397553301,0.0001546827706489888,0.000155364501878168,,0.00015521126480131525,,0.00015522838519829314,,,0.00015507106049358335,0.0001552619338533832,,0.00015517885728452802,0.0001553660917334702,0.00010441536531990206,0.00010441697073501978,0.00010443608937166525,0.09898439025989851,0.09878617915442259,,,0.09354831764740501,0.09354626161248494,,,
7,5,DG_10pct,20,Z02_F06,2,LL_AB,298366,298159,True,16001.095754961068,1689.6752849130864,1443.8456666328125,928.1283950008245,927.4167430334039,91.42466104191395,82.85855735738197,434.7369972475986,457.76584131590215,331.32056848457273,332.1673273292444,161.76094044736215,52.986348541413584,169.95993074769638,177.52831644889818,91.20950331145318,73.42486658065273,18.08755843886881,139.42747445289456,126.56901803994526,,0.1849839760943608,,0.2875403168460983,,,0.013351676171674667,,,0.00012990901757578706,,0.10198737771231257,0.1018273251219026,0.10162981246297784,0.10189808155532733,,,0.8028916359997522,0.8041310903120275,0.8009105233279123,,0.0001295175839357612,0.00012959731225117637,0.0001283374648439181,0.00012836775773711313,,0.00012827939040761135,0.00012817950192474506,0.0001281657630811954,0.00012886313164023878,,0.0001290047915180582,,0.00012861418733270654,0.00012855412497296044,,8.942388147686463e-05,8.917680668815538e-05,8.907856570025616e-05,8.681203418005929e-05,8.676944643730311e-05,,,,8.714463382099665e-05,8.708979177133622e-05,8.693268443768436e-05,8.660588145279952e-05,8.673174223381165e-05,8.681165503368636e-05,8.674277633384799e-05,8.705556330764644e-05,,8.674010811615833e-05,8.693377932196639e-05,,8.702986744310974e-05,0.12633094539815465,0.12627401773419036,0.12600478532618495,,0.13122204759646625,0.13158898411632586,,0.13142731129898516,0.13159765683137417,0.13137112055141761,0.13155974556837696,0.13219457342462784,,,0.13205794440768887,,0.13186995745337873,0.1314975029569006,0.13147132548037255,,,0.13187900170455696,,0.13175806118551453,,0.13167751577874498,0.13174359636449354,0.1318029244548824,9.268895879257282e-05,,,0.2585954691684837,0.00013860066289003237,,0.00013810606384398862,0.00013403151632998948,0.00013330717164325746,,,0.2593274408750881,,,,,,,0.2589709029714469,0.2591488210867415,,,,,,0.2593397867264915,0.2592522968254659,0.2588263142312379,0.2588224449048944,,,0.25858400616522087,,0.25889898286000995,,0.25897869926374734,,,0.25909055611892856,,,,0.25893691663398205,0.2584321181823978,0.2582226876917255,,0.2583732947866617,,0.2576788844132457,,0.25816592001547467,,0.25905761509017844,0.6986223535276445,0.701341110631778,0.6993720811553606,,,0.6984837106935536,,0.6999777907128865,0.6978012998435967,,0.7004161955747009,,0.7003920310979613,,0.6988304115877357,0.7031241979966155,,,0.6992343824495743,0.7007012374070499,0.6995847663502722,,0.697806260203759,,0.6979372724326942,,0.6973557020681665,0.6991124506658926,0.6992172191479396,0.6986700582390334,0.6994719217049635,0.6982615982554248,0.6999803726321204,,0.699614010954174,,0.6999599460677657,0.6999810787043728,,0.6987561482194392,,,0.6973804134758614,0.7002693388406933,0.7003776176339538,0.2593880827537918,,0.2588912951323003,0.25888870342976733,0.2587953246503847,0.2588725347890866,0.25747587133141886,,0.25847166051497106,0.25865366691772756,0.2597835784869947,0.2581613573541787,,0.2594001536771146,,0.25904359994634385,0.2593241949359834,0.25927000666811867,,0.2587719980653771,,,,0.25946255543242774,0.25950395549045424,,0.2587034497612851,0.2590033877901943,0.25885481851611003,0.25867933659157105,,,0.25858349773639083,0.25893228265608215,0.2593008592736659,0.25911928271942225,,0.25900944872679205,,0.2584083583522283,0.2592176814405645,,0.2585872001219368,0.2586608644162255,0.2588218762436291,,0.2586151930426337,0.25878837099142626,0.2592290657777252,0.2591694995499808,0.25881520157497384,0.25861806797576004,0.258167724361286,0.000161685316473381,,0.00016273741006440353,0.24101550984862677,,0.00015147464578509835,,0.00015142960315187192,,,0.00015153038935922315,,,0.23384341267139902,,0.23315609923299735,,0.23376403168307067,,0.23395244225980608,0.23331788951458743,,0.23334951803516937,0.23384190695391746,,0.23344090909629037,,0.23353920265943684,,0.23390165532614987,,,0.23332327084007498,,0.23287628925080162,0.23296401681632017,0.2334851229630583,,,,0.2319508112198427,0.23358084466602455,0.2332990135502122,,0.23311205520251133,0.23359026973959585,,0.23481300112937042,0.2331706660328968,0.23363737964753792,0.2337862754773549,0.2386955836291249,0.2385411497417539,,0.2390902557982599,,0.2394425639915929,0.23812082619578875,,,,0.23891753873702867,,0.2391679848460241,0.23868258312309032,,0.23990765915580747,0.23988197546082865,,0.2390372652910041,,,0.23862463245922103,,0.23889996782360653,0.2388868733290233,0.23879129102086144,0.23827454076732613,0.23969605414173925,0.23949579541869376,0.2386886935812055,,,,,,,0.7217574156692731,,,0.7245801969821055,0.7222100876878041,0.7224104551198727,,0.7160355370931044,0.7174122397938111,,0.7183990227584793,0.7184013945045964,0.7180320163302715,0.7181657390969138,,,0.7167972089360475,0.7179170084679791,0.7172816467994941,,0.7135096859367164,0.7155334120033358,,0.7228599887420626,0.7215138237408069,0.7206451686662484,,0.7206599797662466,0.7217917882797581,,,,0.7230066324915096,0.7235362092235318,0.7222015097624429,0.7224778969162033,0.7214799131072458,,0.7225779952360731,0.7236471803200913,,,0.7215159462575645,,0.7216078583837601,0.7230985516477727,0.7228646953878287,0.7226066927532901,0.7222930149489273,,0.7206706152365167,,0.7252745245362536,0.7166515326576999,0.7159589869790033,0.7170483075150376,0.7167154244246509,0.7159320887849268,0.7176485331199445,,0.7167704426268522,,,,,0.7182840589766439,,,0.7151819824134803,,0.7191079170837716,0.7162356308868582,0.714829550392342,,0.7181437506581715,,,0.7153686612280714,0.7167058300112953,0.7169598368609178,0.7170640828072216,,0.23220569676442776,0.2337138445867466,0.23336295763678092,0.2330767224485743,,,,0.23193538508391992,0.23255431477420332,,0.00015803793349210404,0.00015811326776079743,0.00015833383184208087,,0.00015776846886067256,,0.25821389823023844,0.6975235600184299,,0.00015160430208324092,,0.0001524757787219456,0.00015247384288097243,0.00015203171065920779,0.00015160386383655645,,,,,0.6815001732901227,,0.2900613951485089,,,0.2941015198725531,0.6832125597210467,,0.2974226369903985,0.29767967895119596,0.2972361588720364,,0.29892242663865043,0.2975122326422884,0.6862929311944762,0.3022119557303623,,,9.282372394352172e-05,,,,9.332311800935496e-05,9.3048825975893e-05,9.288713096785105e-05,9.30382202576588e-05,9.325068918776109e-05,,9.312690975912074e-05,,9.307549487570564e-05,9.377810167453237e-05,,9.339060287807063e-05,,0.6902600421906736,,,0.6904240661291295,,,0.3144204239131315,,,,0.3157123918055166,0.3167078434184317,0.31595983653091525,,0.6899569944236725,,,0.6894134266925892,,9.596667271023303e-05,9.598015598909902e-05,9.537463618760757e-05,9.586027616714767e-05,,9.6246146404086e-05,9.567318160728869e-05,9.599420032928771e-05,9.59845886845679e-05,9.589796057376949e-05,9.575782466924149e-05,,,9.573060440591568e-05,,,9.614079425890279e-05,,,9.601485624038914e-05,9.60979557640013e-05,9.597615599610532e-05,,9.588461154952384e-05,9.59815552607954e-05,,,9.594240508687898e-05,9.621967091444558e-05,9.565611399858056e-05,9.60295837909576e-05,9.591436070331183e-05,9.581193649816354e-05,9.588765144427268e-05,9.598968067687187e-05,9.579955907004133e-05,,,9.58874529077947e-05,9.595453825815117e-05,9.586965884038299e-05,,9.606127635591535e-05,9.567415776839171e-05,,9.59341438364589e-05,9.56156169677952e-05,9.590348043758097e-05,9.578088458015116e-05,,,,9.565624658825317e-05,,9.602727014241023e-05,,9.572386805027145e-05,,,0.2165289352023939,0.21639977931825008,0.21660918372428947,0.21611788407244562,,,,0.2166490473921956,,0.21595224320398976,0.21570031087037658,0.2165953446235095,0.21589886552770576,0.21589398716934474,,0.2168318101660351,0.21630631733194702,0.21686623413733988,,,0.2160253277507551,0.21655145109703974,0.2170573229105702,,0.21594079858982418,,0.21575192216833802,0.21606903336964214,,0.21627521847834974,,,0.2165611880979624,,0.21640599503161703,0.21640141314931893,0.21652739080536354,0.21657188098344476,0.21647022133916272,,0.7358740421473104,0.7368053871609191,0.7364129339782132,,0.7369949611950276,,0.7339399611176592,,0.7363142515053209,,0.7361947994984427,0.7380809970272343,0.7368231059411621,,0.21575308971762003,0.21638554027582296,0.21636192052325348,0.2159902983199529,0.2156712515153698,0.21594273881047837,0.21580507037727242,,0.2161530551183035,,0.2169196511489613,0.21363838059010495,0.2156941808563869,0.21531808724747198,0.736842937936765,,0.7395884285323241,0.7355240454309653,0.7364134298714848,0.7386419401110753,0.7379002707636707,0.21680198812072984,0.21606207884051457,,,0.21666575133752536,,0.21541314211745163,0.21605545426141173,,0.21667899630752355,,0.21680077004688375,0.21678586490295074,0.21593577319211815,0.21633586709534078,0.21598521656272723,0.2161056306042393,,0.21637835370954356,,0.21635573299853988,0.21698871283826004,0.2168743650364193,,,,,0.7392297979104611,,0.7363207162800507,,0.737205321464546,0.7376342748843603,0.739470374675816,0.736087590186219,0.7382038151579304,,0.7360204956532761,,,,,,,0.7371519594972475,,0.7359399725151826,0.7363518057356953,,0.7369897607502579,,,0.7368215333374332,,,,0.00011898673629655677,0.00011949720258661301,0.00011947602367068536,,0.07500168526898797,,,9.014250997449952e-05,,0.00012988649062595442,,0.00012965900299941665,0.00012976191688323087,,0.00012936061312999585,0.00012965806472870232,0.00013010425485751606,,0.0001295854537638434,0.00012990803335580862,0.00012993928478907077,0.00012945144789351635,,,0.00012971195499964742,0.0001299180151166194,,0.0001294554101816278,,,,0.00012958786777646076,0.00012969895358399625,,0.0001297493279057349,,0.00012966011380007605,0.0001297091468241549,,0.00012975555216090837,0.00012954120816607276,0.00012973032034204143,,0.0001296566732948754,0.00012961968169589855,0.0001298537336557574,,0.00012976286118143932,0.000129442498154808,0.00012963153205624927,0.00012981934743558606,0.00012983153717881907,0.00012950840252743873,0.00012954227855445618,0.00013001477968952878,,0.00012915991189458906,0.00012975670970234832,0.00012948459130930905,0.00012985052300009767,,,,0.0001297154306122955,0.00012973637454495815,,,,,0.00012993704417690844,,,,0.00012969017147716958,,0.00012979673444043328,,,0.00012974030632092762,,0.00012965650533715135,0.00012926304965230092,,,0.00012956184550817312,0.00012969928773041636,0.0001298470764865217,0.0001298339243864549,,,,0.00012981696148117586,,0.00012976854274782384,,,0.00013001396235675763,0.0001295953160421544,0.00012963622375176262,0.0001294758076046537,,,0.00012962306479812673,,0.00012966478793342357,,0.00012952037311524033,0.00013019350837320374,,0.0001295874021759317,,,0.00012956512263873385,0.00012959829932349012,,,0.00012959210346148205,,0.0001297201735573424,,,0.000129807083260576,0.00012961608960268954,0.00012976354301317048,,0.00012919238146629004,0.00012971331279602158,,0.00012974743929102412,0.00012974668180868086,0.00012989747827921657,0.0001300361553462514,0.00012930493633877882,0.00012960125215239594,0.00012996797311593412,0.00012954687275579875,0.00012926565866444015,,0.00012999131365635657,0.00012966895985424832,,0.0001296675389451174,0.00012960196909486755,,0.0001300956946138068,,0.00012970493203121766,0.00012984438600321534,,,0.00012984284778373823,,,0.00012982075915257883,0.00012951572905004827,,0.0001296338621020082,,,0.00012920274893133223,0.00012951899053209774,,0.00012948593124439525,,0.00012968624800473166,0.00012994501622646485,0.00012992072678748558,,,0.00012963757355853247,0.00012963690614715666,,,0.00012966058250430586,,,,,8.65512976976658e-05,8.658583238210205e-05,0.11468803496086409,0.11440882046727734,0.79398428115636,,,0.10365635945789196,0.10403953659963862,0.8035537491207432,
7,5,DG_10pct,20,Z02_F07,2,LL_AB,298361,298159,True,16145.996821541783,1698.2073601574061,1437.2917967147032,925.3709837595228,925.3770407973508,91.70700510299991,83.13933144137746,436.639767204244,455.77535893187087,331.9776064276336,330.421659177176,161.9467128632557,53.14954082736362,169.86005972491648,177.71573864589567,91.22829636887013,72.96228661072658,17.906286963774452,138.94794822793452,125.80168433927884,0.18493080382274574,0.18495806893336417,,0.2864360294004013,0.2293572021196114,0.8007626811725547,0.013387295218898454,0.0001299458025709037,0.00012994751457779947,0.00013046226596198285,0.09845340691980077,,,,0.1014729636065409,0.10180333493711169,,0.8033807504582401,,,0.00013036792678490635,0.00013003865253191692,0.00012990308325982677,0.00012813699932440274,,0.00012828597363153833,,0.00012860364059061536,0.00012820565450769882,0.00012868301605299087,0.0001287640402361093,0.00012853617756803485,0.0001286989927838665,,,,8.919063891764018e-05,8.963089436103504e-05,8.940986409713851e-05,8.687713002712951e-05,,8.654306829226845e-05,,,8.699663706803273e-05,8.679139146685362e-05,8.685438006064637e-05,8.701386812834612e-05,8.697018935871914e-05,8.696874767971229e-05,,,,8.71162377329427e-05,8.700081324289136e-05,8.694948320044478e-05,8.68407577310779e-05,0.1260928623982454,,0.1260812119559206,0.7812294793745327,0.1314666310929397,,0.13136020168177268,0.13188934311024583,,0.13186403884652936,0.13143606809445643,,,,0.13110536437637849,0.13203418646420992,0.13204612810205807,,0.13195458435358506,0.13140681577349161,0.1318316440924104,0.13153839172737608,,,,0.13194481791263718,,,,9.262747186845096e-05,9.248122496925649e-05,,,0.00013828672090938343,0.000138628302148124,0.0001337857484602883,,,0.25900286733022726,0.25930858706597726,0.2591131352504346,,0.25863497729484103,0.25929685054933405,0.25878060575348194,,0.259111150451928,,,0.2587073999588512,,0.2583415649275286,,0.25853484081930406,0.25909059462546286,,0.2587551837293918,0.2588172072414318,0.25914434715856205,,0.25836271341556843,0.2597284975817048,0.2591708283520969,0.25833706610770524,0.2589588711306828,0.2585842220628333,0.25835884551824456,,,,0.2583628670649117,,0.2583336097868126,,0.2575799328549934,0.2586167402609045,0.25922821931413437,,0.2588640691558394,0.25902673330428216,0.2581919946099797,0.6999223325791476,0.6990522341752492,,,,0.6996263246748933,,0.6988334957036844,,0.6979036812614149,0.6993543926001567,0.6991879446478668,0.6998142880694871,0.6996248036418194,0.698352380710957,0.6990162695337329,0.698365705095829,0.6994351326578396,0.6986545323185357,0.6985992135688863,0.6987740941050454,0.6986468150525634,,0.6991476172460207,0.6994579199835027,,0.6972976457198369,,,0.6983244634771201,,0.6971529229075689,,0.6980716458765861,,0.6965985837105121,,,0.6968339298775081,,0.7005702824224836,0.6978080468772504,0.696454601156946,0.6983651924792977,,0.25920253950286426,0.2586105126119333,,,0.25904971502713525,0.2588165244008093,,0.25868820724423613,,0.25851074131608864,0.25883119034081215,0.2591392553944853,,,0.2594721066362301,0.25911007049374796,0.25872992655558774,,,0.2593402045220365,0.2585211342334367,0.25969081336906363,0.25899976997383756,,0.25816706511133997,,,0.25870555357049957,0.2590405774331415,,,0.2583476078008159,,,0.2597377880315077,0.2588338093785209,,,0.25907862478228244,0.25912984543132217,,0.2588990828955855,,0.2588635119566486,0.25858840750374834,0.25852892659543864,,0.25935935889292894,,0.2585088036579233,0.2590969448300056,0.2587063283533336,,0.0001625892778408918,0.00016232890875416368,,,,,,0.00015120236709315705,0.00015125794756289714,,0.00015184138883929006,,0.23336478075982808,0.23348982784719374,0.2337214348781008,,0.23334399114076243,0.2339171067384013,,0.23369049023797445,0.2328296822115437,0.23340705907254164,0.23420393073772056,0.2330636640296491,0.23354423648525807,0.23331195885989506,,0.23272068833981022,,,,,0.23297774830482695,0.23360126599082923,0.23334012332469067,,,,0.23328954868358676,0.23297547479553743,0.2328258061103044,,,,,0.23404299120176927,0.23259546671227885,0.23345560783386365,0.23335578625580364,0.2332313186884667,0.2333721625866599,,,,0.2393583561712318,0.2384896910658504,0.23917443614535305,0.23945707268888167,,0.2399635005902616,0.23915409304588914,0.23944811402184094,0.23950210417505638,,0.23883566974766607,0.2392579414607845,0.23944265303129197,,,0.23877590594177553,0.2392539081265877,0.23896512344892756,0.23957965887398378,,,,0.23914262632380665,,0.2397139928462738,,0.23842326752914159,,,0.7236492878720271,,,0.722691004202074,,0.7218438069842946,0.7216882311371317,,,0.7226903432132955,,0.7169251637614127,0.7161195955518359,0.7158477969267124,0.7165483686910852,,,,0.7179891219557452,,,,,0.7164723702823171,0.7145012304979669,0.7157823221659676,,0.7227132107362286,0.7201797568091308,0.7206621954549453,0.7224506637742791,0.7218246623289634,,0.7210627478735687,0.7232337524398309,,0.7233141784373589,0.7224847831526908,0.7228897332114775,,,,0.7235355731162793,,0.7237866468207858,,0.7217498120729051,,0.7239330998901969,0.7228785668739861,0.7228002769352764,0.7207259859226312,0.7218831931038248,,,0.7232686292422539,,0.7156885975854226,,0.7153826729350392,,0.7151419864982862,,0.716809980681595,0.7161730792188823,0.7182509917630698,0.7199427835205856,0.713557941533535,,,,0.7169100199842644,0.7192433856282928,0.7176476297238363,0.7174038501203557,,,0.7157307794896006,0.7175105896225313,,,0.7168769691930572,0.7165589802728871,,,,,,,,,,,0.23213498160411702,0.2320746196182315,0.00015868801679051002,0.00015772992680969432,,0.00015788976065121953,0.00015799869875902396,0.00015820833676285603,0.2586395125413278,,0.6969108769278011,,0.00015211424089063612,0.0001518279927798827,0.0001526802650201341,,,,,,0.2781348707671682,,0.6834668803739907,0.2900390008038467,0.2905994847021126,,,0.2947285623135947,0.6826522542419201,0.2974877034553786,0.29718628297664484,0.2987618226264785,,,0.29805195149328667,0.29794808542194595,,,0.3031704914993839,9.332346224213819e-05,9.334973690178589e-05,9.321734211770066e-05,,9.315156254902009e-05,9.298501190780248e-05,9.301136902050864e-05,9.298112562189663e-05,9.314525460466307e-05,9.313839394773902e-05,9.294134077394996e-05,9.308286091448815e-05,9.312044698675961e-05,,9.306998741567012e-05,,9.300218656274194e-05,,,0.6883582895394942,,,,0.68743956340911,,0.3152794884315047,,0.31472506408907774,,0.3149753574403773,0.3155439091640806,0.31614300045219185,,0.6903686257528288,,0.690031278102595,,9.605715272351991e-05,9.600541302764496e-05,9.600973848048291e-05,9.608716228471212e-05,,9.58275405800975e-05,,,,,,9.60142439650525e-05,,,9.622666400828772e-05,9.603340037510641e-05,9.604321364757388e-05,,,,9.572457999561953e-05,9.599248499579996e-05,9.59059253835631e-05,9.592010345385832e-05,,9.594841995386274e-05,9.578517595752788e-05,,,9.591892247888412e-05,,9.605278884516566e-05,9.598701860213019e-05,9.60258607915533e-05,,9.569625021993468e-05,,9.598206154591876e-05,,,,9.619914421592106e-05,9.620145464894037e-05,9.568554918385214e-05,9.623360805638343e-05,9.603010072862676e-05,9.57564754504087e-05,,,9.558687392187478e-05,,,,9.59095673252474e-05,9.589658257606823e-05,9.56757750954164e-05,,9.57093808377628e-05,,0.21626863453467404,0.2163014741984097,0.21568629655994412,0.21607693223382726,0.21626386274664358,0.21632958435871155,0.2161007282714771,0.2158597508256951,0.21609515097528914,0.21599015940097982,,0.21678015680548507,0.21652783448674529,0.21652740024135583,0.2168643470278811,,0.21692306553415291,0.21629691681222502,,0.21684194116732347,0.21649174162112753,0.216198152604831,,0.21650168148024074,0.21617393667311632,0.21600478647021104,,,,,,,,0.2170648517636721,,,,0.2165822782361576,,,,0.735177839373923,0.7349416508021062,0.736239363605088,0.7355695237036133,,,,0.7347271618970845,0.7349923615291025,,0.7369648921726134,,,,0.216057202945485,0.21599831040342451,0.21590493651827403,0.215693935343339,0.21659889611327884,0.21661468207292192,0.21623460682613335,,0.21630078916235995,,0.2130076090197073,,0.21598955743284823,0.7375633638639962,,0.7376378392459966,,,0.7368268516525532,,,,0.21674931099312442,,0.21616614460321754,0.2165621810943316,,,0.21627638756193862,0.2165188648556253,,0.21609231278837726,,,,0.216307593510759,0.21681946968944557,0.21543084955389968,,0.2157301647705857,,,0.21658612739456753,0.21613562593199892,0.21615825586098492,0.21701493619759726,,0.7376845067385519,0.7366133767127113,,,0.7380775071206784,0.7381343111606946,,,,0.7354740844198969,0.7354881557439535,,,0.7363395691721508,,0.7357392675803626,0.7369451457380344,0.736583781363357,,,,0.7364466018761803,,0.7364880363539309,0.7394739550824214,0.739377547033997,0.00011923106583790597,0.00011947394426806742,0.0001194688090714615,,0.00011930148176835713,0.0001192508389762388,,0.07475899950644464,9.006919809444724e-05,,,0.30749345727146515,0.00012922936292674312,0.00012943828529790678,0.00012949249620610687,,,0.00012962442929655192,0.0001296608939482892,0.00012986716178679979,0.00012975694468030707,0.00012966858205968207,0.00012962377531647925,0.000129686681664099,0.0001297887006234886,,0.00012970257727854367,0.00012963132880782781,0.00012929693539407512,,,,,0.00012981528176936647,0.00012953502315603233,,,,,0.00012921096443515936,,,,0.00012969857074421158,0.00012929398006644602,0.00012955555259903828,0.00012961370768060145,,,0.00012992022368633045,,,0.00012952694556027472,,0.00012939605546035746,0.0001295803935965057,0.0001296962441090063,0.00012936698872654428,0.00012957526872947928,0.00013007763035239358,,0.00012954027949359188,,0.00012965202094210874,0.00012977522516725078,0.00012999250674365298,0.00012986731045764062,0.0001296910059755637,,0.00012957983884096723,,0.00012979093673393956,,0.00012966476393180755,0.0001294591846362906,,0.00012988624545742954,0.00012956151307501101,0.000129646015238758,0.00012965998750341797,0.00012962054839235903,,0.00012951176485358865,0.00012959760773759767,,0.00012954722214830966,0.0001297585023380493,,0.00012949384542412922,0.0001296540911299804,0.00012949860869426844,,0.00012962768931973755,0.00012980393360538108,0.00012949914479311734,,0.00012958201575285455,,0.00012954645427449852,0.0001295997007881467,0.0001300314546284927,,,0.00012960686225839507,,0.00012990999061521957,,0.00012988785490894477,,0.00012951584668291784,0.00012932761561822986,0.0001293339067423966,,0.00012975738502694244,,0.00012939182538890912,,,0.00013014717799390206,0.0001301557620965958,0.00012979745644862655,0.00012936296286008585,0.0001297726736643459,0.00012970259065694058,,0.00012946372367971337,0.00012993628472923415,,0.00012958346317263345,,0.00012990447756662258,,0.00012977560648936247,0.00012966645828614323,0.0001295288221439191,0.00012959180441130238,0.00012949048488733564,0.00012948256623895933,,0.0001296998297154667,0.00012988256777104383,,0.00012964147851116903,,,,,,,0.00012985007211687376,0.0001295099325406761,0.000130155387538083,0.0001294814119995502,,0.00012960093348498075,,,,,,0.00012958946496790627,,0.00012978624184742992,0.00012992700197921367,0.00012959146557714875,,0.00012985011343755504,0.0001294818042552495,0.00012957505648508464,0.00012946662818319373,,0.0001296967785318682,,0.00012950420393269567,0.00012950366297489557,,0.0001297200195922692,0.000129457474634886,,0.00012896906691207372,8.641824633831719e-05,8.662486249146448e-05,,,,0.7935311274586194,0.10404150799184358,,0.10377334098671144,0.10397721913685652,0.7992664804605029,0.8012932339599983
7,5,DG_10pct,20,Z02_F08,2,LL_AB,298366,298159,True,16011.291840927104,1684.1334791399775,1435.96168881945,926.5392826693518,929.5509512961894,91.50982451490445,83.68206515941999,437.3399718207911,456.9544904826144,331.4587849813165,332.011149766791,161.00541726965216,53.42218348251065,170.38623817226,177.76521248142666,91.34520035122141,73.08895071672548,18.014409785048045,139.5591518973921,126.54854317246192,0.18588890312528136,0.18516361160406256,0.18502346948149273,,,0.7997729979156731,0.013354642244227199,0.00013010230168596738,,0.00013018641001660402,0.09845680725925869,,,0.10206433204831132,,0.10170378007007726,,0.8015241713938787,,,0.00013032805281276558,0.00012980411247429037,0.0001300473102306777,0.00012829740910418725,,,,,0.00012820729773626178,0.00012891853926650634,0.00012898067705268215,,0.00012840628921759645,0.00012858596922198323,0.0001288881841209885,,8.918729752268548e-05,8.942045736586771e-05,,,8.691032916475805e-05,8.638372019710551e-05,8.6960253386036e-05,8.692931810588788e-05,8.691648214024279e-05,,8.697751284295368e-05,8.702595665131501e-05,8.710136000784988e-05,8.701011024742537e-05,8.712701344140156e-05,,8.695584878656341e-05,8.681408326058575e-05,,8.69450917225334e-05,8.685794880762311e-05,0.1263995604354682,,,,0.1312860190377971,0.13146171053373223,0.13170639866399536,0.13165634667236004,0.1317008224807601,0.13180092857171358,,0.13181799573977473,0.13215252071509956,,,,0.13183059589550605,,,0.13216311562343533,,0.13140632251833353,0.13180658629682102,0.13165673202065,,0.13193933278611533,0.13170159744847204,0.13189382006179623,9.26204221886476e-05,9.280242753201872e-05,,0.258412878230884,,0.00013811919088565426,,0.00013365599830387042,0.00013368754240594572,0.00013386532503625664,,0.2590487505990119,0.2582205578650355,,0.25879706199294733,0.25961300944182003,,,,,,,0.2591773467439656,,0.25883445916052195,0.25947027652542193,0.25851775015243156,0.2583033627185678,0.2591922470966102,0.2587658322126011,0.25869046611467694,0.25954933979056394,0.25816137570132236,0.25876487843620327,0.2589992550036239,,,0.2582230910675854,0.2590605444357565,0.2587748355761629,0.25848871782096466,0.2588879096176673,,0.2590158244908954,0.2582781101932318,0.2580554533793855,0.25823642151903015,0.25815575525105183,0.25924168275234455,0.258601022088344,0.2591636808551215,,0.25827332186367924,,0.699613978738612,0.697815402288378,0.6982603255080558,0.6974521631228311,0.6973045603656267,0.7004534551047532,0.698146470109232,,0.7002379761266594,0.6988398345543543,,0.6976715500298171,,0.7011734632525154,,0.6996948343421204,0.6977577162347345,,0.6997468284085399,0.6991189646838029,0.6990850858835003,0.6983535449434961,0.6970514285257011,,0.6975977209619648,,0.699742934812849,,,0.6997493294596077,0.7004917416444622,0.6984536089540896,0.6986044926863426,,,,,0.6992860141987098,0.6975119145133991,0.6971699932058115,0.6984359330380425,0.6967278908870793,0.6986678949043287,,,0.2591252135413036,,,0.2593849081753852,,,,0.2590108028756796,0.25931562141209297,0.2591102617870726,0.25971464184832993,0.2586500621078795,,0.25863680465649075,,,0.2594404429096877,,0.2590582179847838,,,,0.25971023753440203,0.2589966847181609,0.25764370701372064,,0.2590167484368602,0.2588501187796396,,0.25861987971152633,0.25863156335628373,0.2589142376779582,0.2581935934440074,,,0.25957712092703317,0.2584036496286377,,0.25909581499066164,0.2588013974977619,,,0.2584229776074254,0.2597708389876686,0.2591465643937167,0.25921037153004384,,0.2597703972018181,,,0.25897770634575074,0.25791165243688713,,,,0.2403105700609608,,,0.00015188344737873118,0.00015157595289843001,0.00015170887259385217,0.0001513784109537829,,0.23333792539499368,0.23356892784221317,0.23353238901520074,0.23370816591001467,,0.23335523107604547,,,,,0.233668041429295,,,0.23365965123093815,,,,,,0.23313785659839711,,,0.2337702109388068,0.23265719067709395,0.2334523597240833,0.2334676571406146,0.23301960167384897,0.23344623565265205,0.23353172897960087,0.23362861185460604,0.23312484147748594,0.23291524630934415,,,0.23310920065179802,,,,0.23255427992402783,0.23364552648301784,,,0.2389441423366599,,0.23866262650673822,0.23880591302918597,0.23920022345481937,0.23893836593230114,0.23864146002033737,0.23932003923886827,0.23936085993229417,0.23983476732347678,0.23944435534633443,0.23982247545921823,,,0.23881961196272508,,,,,0.2390586067312972,,,0.2392154166956091,0.23857960302568598,0.23891027005238588,0.2388722722719969,0.23865040726245165,0.23861216318865372,0.23944089873986793,,,0.723903000466716,0.7234723167299457,,,,,,,,,,0.7165940297084779,0.7181420079859291,0.7164117917731133,0.7176739075013564,0.7164539737518575,0.7174393949504311,,0.7171477290338428,,0.7176818005902735,,0.7149977978647807,0.7155201126394155,,0.7217597632333191,0.7212088996096303,0.7239361948367257,,0.7203578378243499,0.7211455310051342,,0.7220587037860335,0.7212719998199129,0.7212083499538413,,0.7232493779967134,,0.7237850493728081,0.7227720796075846,,0.7238723044340761,0.7231242906895801,,,0.7224769004383884,,0.7214180864266393,,0.721802249925424,0.7235532171460713,0.7211210321942049,,0.7220684676336652,,0.7209746466700041,0.7155520084873209,0.7147750576786508,,0.7169616589755409,,0.7173564529870547,,0.7165686439227783,0.7168567097789702,,0.7176176750962661,0.7177268395044109,0.7174106503488856,0.718404764020197,,,0.7177172504243706,0.7173857753793405,0.7169770406129262,0.716040242730658,,,0.7173043276076675,0.7181670930861699,0.7180223858919875,0.7166616942686926,,0.7196896151988386,0.7191654431328582,0.23346518272559896,0.2327835225024668,0.2334439729180386,0.2330385201552792,0.23153555886136962,0.23179610129816808,,0.23213553687489502,,0.00015793071040628946,0.00015794282452156642,0.00015819867354649076,0.00015816149604879032,,0.00015772008414165399,0.25804166000396983,0.25806455880033513,0.696386769852345,0.00015211424851948983,0.00015138181144920331,,0.0001520669147633071,0.00015219233859540537,0.000152237812452553,,0.00015191680101142664,0.00015153431274659554,,,0.6828481457951306,,,0.6860734765781958,,,0.6855398323661089,0.2987250000062457,0.2978806306890046,,,,,,,,,9.305856327304212e-05,9.305294491887961e-05,,9.289806891195572e-05,9.283515977920351e-05,,9.324998389517883e-05,,,,9.321891641909824e-05,,,,9.311237300888841e-05,9.309342929921002e-05,9.321349352163386e-05,,0.6891230599716947,0.6904466573040184,,,,,0.3164612279296246,0.31544193528318865,,,0.31445515308908534,,,,0.6877338122441893,,,,,9.586419315483313e-05,9.59827890966695e-05,,,9.588675283591516e-05,,9.574683409859563e-05,,,,,,,,9.587169981717691e-05,9.580058562291383e-05,,9.598359673629668e-05,,9.604151561872945e-05,9.563413714825145e-05,,9.589541194589005e-05,,,,9.57464794914215e-05,9.600289317829122e-05,9.591608261247365e-05,9.597784009840155e-05,9.585104820932278e-05,9.587240072641861e-05,9.602466302278494e-05,9.579741890064542e-05,9.58559124056575e-05,9.56834624514195e-05,,,,,9.607088454185542e-05,9.605586140905228e-05,,9.59452643083755e-05,9.602348042820241e-05,9.586073858538551e-05,9.575156236746244e-05,,9.610682860673638e-05,9.605901603171595e-05,,9.585074585496629e-05,9.582953509149975e-05,9.583829761183475e-05,9.572726634132864e-05,,9.572135245265666e-05,,9.608400507182155e-05,,0.21641661854418542,0.21599984869747257,,,,,0.21626952909684952,0.21646522367678017,0.2158992725825988,0.21655342501953082,0.21631286468297095,,,0.21618157987450798,0.21607052645063668,,,,0.2167190416649415,0.21650264822147466,,,,,0.21634543557320296,,0.21625498623613212,0.21604082416659642,,0.21603470574603117,0.216379821212796,,,0.21620380038640508,,,,,0.7371704765055029,0.7365282007183315,0.7363527164140985,,0.7366326535882249,0.734793854180105,,0.738050976026247,,0.7380053226613185,,,,,0.21640938679694813,0.21643739275976784,0.21511932326822533,0.21597507730222298,0.21655283943594827,0.2160257457097259,,0.2167732741305185,0.21628515738636547,0.21582592283064808,0.21676090508865528,0.21612142772204326,0.21350240053665837,0.21464704486806005,0.21587469926191258,0.7372789100037968,0.7400997365923012,0.7373110773566337,0.7375072886108156,,,0.735932751680703,,,,0.21655926856676483,0.21663966445193875,,0.21614804442382277,,,0.21653778580185365,,0.21669314097464543,,0.21631222466233854,0.21692103019662334,,,0.21653251821561853,,,0.21649700286550708,0.21688773383632165,,0.21678015320752572,0.21649120680924994,0.21674267656253599,,,,0.7378829589325794,,,0.7364660157505585,0.7386284189450849,0.7374607887922151,,,,0.734912084481773,0.7360090608397013,,,0.7362761288485021,,0.73678543204245,,0.736685474319729,,,0.7377718979660213,,0.7393913837739952,0.7373610283328333,0.00011927510479235757,0.00011929045243557784,0.00011964327482055701,0.00011910364731418736,,,0.11411405180361801,,8.993357514008144e-05,9.008561557060957e-05,,,,0.00013003629988183655,,0.00012963897847525238,,0.00012927128790714523,,0.00012977981467412079,,0.0001298997368297087,,0.00012976848889231676,,0.0001300213159933181,0.00012960864392811607,0.00012969148829721766,0.00012987837474738432,,0.0001295445515509143,0.00012993580866527672,,0.00012959539890421343,0.00012955984000934755,0.00012961212249126022,0.00012929025199257053,,,,,,0.00012985171003236887,0.00012936575268159044,0.0001296233378142213,0.00012937607695571158,,0.0001296672264708808,0.0001296830650910358,0.00012965119165963277,,0.00012949263306171163,,0.00012985602726227894,,,,0.00013018658334396706,0.00012978082402537844,,0.00012959323765015875,,0.00012956040058885934,0.00012935203758886017,0.00012947997997142234,0.0001299874345811694,0.00012937753372104977,0.00012950793176352753,,0.00013003602628139117,,0.00012997569631730688,0.00012933573187676038,0.00012987557628486464,0.00012977694863373156,0.0001290172127327707,,,0.000129699247863676,0.00012978295574611409,,,0.00012978455846537272,0.0001298630594061857,0.00012952822440517514,0.00012952950897660332,0.00012993375776019342,0.00012952490311141156,,,,0.000129379357569801,0.00012944862302612787,,0.0001298505753566384,0.00012934941785274065,0.00012964551468426099,,0.00012974510582859476,0.00012970251754506771,,,0.00012957602749817836,0.00012962735491160209,,0.00012956501935745363,0.0001297193441035965,0.00013000122610370345,0.0001295734635541082,0.00012992158436145082,,0.0001295326036397321,,,0.00012999348250471165,0.00012955765150729547,,0.0001297463447137737,0.00012988735652080504,0.0001298292932798961,0.00012987567614826672,0.0001297762185768248,0.00012990708279978682,,,0.00012965152030240825,,0.00012955301760993564,,,0.0001296129409151745,0.0001295339199570797,0.00012971608144570968,0.0001295614424359039,,0.00012997962940011052,,0.000129352318479031,0.00013006947431453726,,0.00012948694206087747,0.0001295077918548338,0.0001298354983484998,0.00012946438362613762,,,0.00012947327674219254,0.000129751080642394,,,0.00012966631053314481,0.00012973204333777675,,0.00012958548514547272,0.0001303900871037621,,0.0001296775638641151,,0.00012960794926981708,0.00012994990320738077,0.00012962355196764625,,0.00012959254656264425,,0.0001295961955122035,,,,0.00012949423535885642,,0.000129760839790386,0.00012959794775884603,,0.0001300339541543529,,,0.00012978145058422264,0.00012968358774215362,0.00012968776206792942,0.00012958912515169022,8.646049729353934e-05,,8.639152353919518e-05,0.11453524157912666,,0.7902116551521857,0.10374420482661244,0.1040626837131491,,0.10356203271005018,,
7,5,DG_10pct,20,Z02_F09,2,3PH,246177,202181,True,18589.45950462617,0.4123898271057939,0.3907176925601291,0.3349259210982972,0.3358624623512786,0.021254945766853026,0.021514966274974224,0.20069017105860038,0.20285351400590007,0.15173402435445113,0.1526555701355169,0.07607747468521363,0.025090163853802597,0.020801149288254616,0.01958580588284316,0.02151464219418867,0.01941572164594617,0.007328072740109851,0.038824464974164155,0.05102108643950928,0.0002550714364051619,0.0002545414624413985,0.000254760088938434,0.00025598763647815165,,,0.0002565052875416237,0.0002546757462711656,,,0.000254931262541322,0.00025743229112193964,0.0002578801400759363,,0.00025817532099283407,0.00025786597846613106,0.00025765145644538547,,0.00025743272535331136,0.0002573922772445241,0.00025411473223294556,0.0002540573354409428,,0.00025547019669591194,0.0002551451074383774,0.00025536498074742533,0.0002523579751564479,0.00025200751519566846,0.00025259407099424653,,0.0002558921552338083,,0.00025608232072823903,,0.0002552969962605193,,0.00025170072641823876,0.000251835788037723,0.0002509703018063837,0.00025688033718142305,0.00025653123232587637,0.0002571860655990247,0.00025787696244391133,0.00025764754642092533,0.0002585584901701723,0.0002576919722834006,0.00025829582963910396,0.00025855787272953856,0.00025783873835337506,,,0.00025752408956111094,0.0002580062869926421,0.00025803270768950113,0.00025801808246746026,,,0.00025809621578479474,,,0.0002576781290222644,0.0002587451390733095,,0.0002594529714049536,0.00025857304489338345,,0.0002593198669814124,,,,,0.0002587795673223618,,,,,0.00025832303919486515,,,0.0002583825466378557,,0.00025840817317430455,,,,0.0002572490338923016,0.0002567943672871662,0.0002571542733451668,,0.000270139532072852,0.0002701574302836859,,0.00026962645022859266,,,,0.00027289134992546104,0.0002727986090133767,0.00027263843319918444,0.0002717731920296704,0.00027369064522593734,0.0002731393608016184,,,0.0002716717605984064,0.0002725212324637397,0.00027229447835577884,0.0002725616431110131,0.00027245563050370383,0.000272870614812597,0.00027237749940841965,0.00027248653851174865,0.000272955261097122,0.0002728878312529288,0.0002734940709241666,,,0.00027274568261902247,,,,0.000273115187696957,0.0002723380060317239,,0.0002723318051711162,0.0002722498232608256,0.0002727294625067566,0.0002729550920916699,,,0.00027289778124900936,,0.0002713422989863401,,,,0.00027281241737962196,0.0002732202516018027,,,,0.0002721990119363585,,,0.0002727213698696574,,,0.0002732621584007513,0.00027355724469913114,0.00027325102014082853,0.0002728904318802724,,0.00027251096706945946,,0.00027222285437644906,,0.0002720484779029463,,0.0002722743357794337,0.0002727485931744322,0.00027276163053048,0.0002723470599393839,,,,0.0002721513063869644,,0.0002730867622012065,0.00027250566137566407,,,0.00027217970840409374,,,0.0002729439893600333,,,,0.00027259501479440966,0.0002723679473771594,,,,,,0.00027343792844066974,0.0002724965477499486,0.00027310560767675467,,0.0002726125473742248,,0.00027372032053214794,0.0002724832882138158,0.0002726843563928651,,0.00027336346970000555,0.0002739287894500695,0.00027257273848107155,,0.00027283875646029145,0.0002734374291921398,0.0002740113403894632,0.00027342616916297986,0.00027273909170704553,0.0002737978381836518,0.0002734248257853051,0.00027260453800016413,,0.0002728374803211677,0.0002739271621500651,0.00027328064758344307,0.0002728289921272476,,0.0002731140560371,0.0002732735180040605,,0.000273184299869826,,0.0002737147831334287,,,,0.0002732721823730584,,0.00027338534168019343,0.00027381820849785673,0.0002729442181508036,0.00027342355411733547,,0.00027304042338568643,0.00027319157282068075,,0.00027267097906568424,,,0.00027236450730796114,0.00026254962300260474,0.0002628825484268978,,0.0002725027164605549,0.0002705986491110741,,0.00027100913203815966,0.00027126749577417736,0.00027145246811133874,,0.00027045994926314955,0.0002719386252568104,0.0002733859202212811,0.00027227100018184877,,,0.0002726021896818812,,,0.00027271136775442026,0.0002724505236195913,,,,0.0002719208552308331,,,,0.000272110401092865,,,0.0002722231820079346,0.0002721654435716345,0.00027199477357399594,,0.0002723621205216421,0.0002716164565741968,0.0002725062661855579,,0.0002723523534394461,0.0002718882841123375,0.0002715727102469089,0.00027209768656023895,0.0002725293669355847,0.00027198141715721824,,0.0002723661747336695,0.0002717086904838292,0.0002721758994016858,0.00027162866630853764,,,0.00027193564619249427,,,,,0.00027254762567616386,0.00027257852486286296,0.00027261702169375005,0.00027286983368025284,,,0.00027273409396174855,0.00027264045808851666,0.000272642482260874,0.00027164043260905434,,0.0002724272553392035,0.00027256708029989454,,0.00027291779226824457,,,0.0002720145503951853,0.0002730035461301201,0.0002722825410785847,,,0.0002725336011827821,0.0002715808968083155,,0.000272235387541858,0.00027133582034736186,0.0002716065359026151,,0.0002721552259592544,0.0002717707923714542,0.0002723744858286621,0.0002722064666280161,0.0002716359009057964,,0.00027199363721453965,0.0002719651469848683,0.0002724292216568515,,,,,,,,,0.00027121157694415834,0.00027191471727402007,0.0002706643833974079,,,0.000272033224328525,,0.00027216849541730233,,0.00027117265573260333,,,,,0.00027138499450998207,0.0002713335868569572,,0.0002712918612825593,,,0.00027235366497270475,,,0.00027226179929497904,0.0002720335845919099,,0.00027243543805342824,0.0002717671107800299,,0.00027225938175389614,,0.0002708372418880596,0.0002717964976409394,0.0002716038169549296,0.00027241282642084883,0.0002719122855548097,0.0002725289104178133,0.00027226787844554073,0.0002729396787044127,0.0002718473149930919,0.0002713565378093645,,0.0002706780516249976,,0.00027203512304806903,,,,,,0.000271623259872111,0.00027232530056200505,,0.00027231752336580393,,,,,,0.0002719205649278408,0.0002714206650334427,0.0002723594855431444,0.00027170918072078406,0.0002718856214953161,0.00027223029249051346,,0.00027259484590060507,,0.0002724143856897207,,0.00027314540818511383,0.0002720206258118467,,0.0002720652728401481,0.00027240089438051025,0.0002671745949586301,0.00026727640677571277,0.00026714104160363214,0.00026665394549834346,0.0002674663626747942,0.0002668611171652237,,0.00027273333903744384,0.000272737447716634,,0.00027134347138318515,0.0002706339325518466,0.00026382363085649595,0.00026339598341660426,,0.00025751464883931217,,0.00025782965284937905,0.00027348780099482135,,,0.0002780306129231501,0.0002785897820283584,0.00027738815458947365,,0.00027840374463505114,0.0002784329530796578,0.00028144962279075036,0.0002798451839459032,,0.00028052259529462523,,0.0002794483852693325,0.0002810711117488887,,0.0002823702348534679,0.0002823374867591594,0.00027928311848993376,,0.00027944689406597634,0.0002806044131083074,,0.00028049846180248076,,0.0002805288929698052,,0.00028048079874091564,0.0002797407546586,,,,,,0.0002803287180406287,0.00027975059872954516,0.0002852911442959028,,0.0002847537785430118,,0.0002857085443990549,,0.0002861804789023524,0.0002873847762774576,,0.00028668391593712853,0.000287002872409171,0.0002869522348980492,0.00028711669189856114,,,,,0.00028667095187271833,0.00028532186213289817,,,,,0.0002848292655082176,0.0002859895904319021,,0.0002847409389296933,0.00028521448626356007,0.000285851943105799,0.00028555013601657347,0.0002854419393750505,0.0002853216839458737,0.0002853103218018466,,,,,0.00028530117199193373,0.0002854420033584367,,0.0002848828678470012,0.0002848395475734087,0.00028470485025686827,0.0002846103717013495,,0.0002854862326897192,,0.00028538079940174,,0.0002858051171521967,0.00028562737257172835,0.0002860073614332119,,0.00028543738129236025,,0.00028555536125138845,0.0002853646366378728,0.000284576481285242,,,,0.00028517275806029546,,0.0002839212709181095,0.0002864146656106154,,,,,0.0002853273591455044,0.0002853198101550069,0.00028584869985542796,,,0.00028601367556120203,,,,0.0002724529382083466,0.00027211665114594276,0.00027217389968845157,0.00027169659858172236,0.0002719768815886306,0.0002725060108286909,0.0002718059050952682,,0.00027166588286723736,,,0.00027175650109048617,0.00027167159773125807,0.00027190266317002055,,0.00027233565436578076,0.0002730109793616773,0.00027045023305763134,0.0002721428985494926,0.00027184107782540756,0.0002712404805514487,0.0002712476470312541,0.00027183131853066934,0.0002719143572788741,,0.00027094227997658953,0.00027160151747948814,0.00027084377028036206,,0.0002716811686312218,,0.0002731768271389307,0.0002721216907901389,0.00027265489887056977,,0.00027299057525413965,0.00027194154236881413,,0.0002717259064674983,0.0002708772649419703,,,,,,0.00027049278504354373,,0.0002702016343757839,,0.0002706825428713548,0.0002718497348263837,,,,0.00027175576116672903,0.00027083037735669044,0.00027101061240094367,0.000272118671769246,0.0002723806295592296,,,,0.00027143069211746904,,0.00027240479139170994,,,0.00027058096089189153,,0.0002716357948890387,0.0002709268030338979,0.0002713788752019494,0.0002711867697098322,0.0002717426160097755,0.00027035980191012014,0.0002727267749769549,0.00027182571486898265,0.000271504428112085,,0.00027279349270919865,,0.00027206474637232275,0.0002719881503666344,0.00027292904256379086,0.0002718923755191239,,0.00027224057197283843,,,0.0002720270448140803,0.00027244546322280935,,,,0.0002715104793463886,0.000271801508470254,,0.0002724115580659494,0.0002728917974411659,0.000272296071111939,0.00027264367868974767,0.00027242187511635553,0.00027163270421355656,,,0.0002718969295189059,0.00027164854373655983,0.00027152764574545486,,0.0002711817468163638,0.0002721472333441411,0.000271314840709595,,,0.00027141205035766656,,0.00027031173154187424,,,,,,0.00027141409607346986,0.00027153280048148156,0.0002712429978780767,,0.0002717032516880269,0.00027162300164740484,0.0002726899189595629,,,0.00027339899684287355,,0.00027295873249661795,0.0002593510525188284,0.00025616975206713393,,,0.00025678809707706295,0.0002838971213350564,0.0002565702085767945,0.000255043096782704,,0.00025576137295363577,0.00025534966173068087,0.00025531942983219653,0.00025623329594761903,,0.0002563389629318705,0.00025572608055351927,0.0002559932381397791,,,,0.0002560509196704857,0.0002557850227819937,,0.00025555968305450324,0.0002565171376783249,0.0002572426082130726,0.0002558497013653594,0.00025636517364348136,0.00025533825806008174,0.0002556038471906057,,0.00025552090995518045,,,0.00025570375875329124,0.00025576834265836725,0.0002558000276564257,0.0002560832561002429,0.00025603263430401356,0.0002555563082055369,0.0002560152204423551,,,0.00025654052877917223,0.0002555160966243757,0.0002557224812902436,,0.0002554402757719189,0.0002559604446939935,0.0002562905596978355,0.0002561367014846406,,0.0002560271820285649,,0.0002562160022879086,,0.00025609294431485334,,0.00025547708080193187,,0.00025578973958277396,0.0002565419755888944,0.0002568814754093917,,0.0002559193111118004,,,0.00025593255720664297,0.0002554853822762836,,,0.00025615517533231387,0.000255497155733202,,0.0002570219758372457,0.00025573139581149294,,0.00025616195499018586,0.00025563975042254815,0.00025577358657899305,,0.00025597406833838135,,,0.00025543875273018816,0.0002556941260458216,0.00025633761311035413,,0.00025621691814538646,,0.00025518941971030564,0.000256037470692185,0.0002557174910790798,0.00025599622262291894,0.0002557134851657438,0.00025674748448646325,0.00025665543533014314,0.0002565909011684633,,,,,,,0.000255917570950128,,0.0002561956009849371,0.00025614306629551196,,,0.0002562587232109977,0.0002557645692014865,0.000254937894240214,0.0002563011487936954,,0.0002557781442523139,0.0002559499712618998,,0.0002565958494778511,,0.0002560923604603011,0.00025620465168423983,0.0002556899305617611,0.00025620879145106876,0.0002561640618754829,,0.0002560359154568024,0.000255885438630132,,,0.00025634098446725454,,,,0.00025596192012657137,,0.0002560719102820055,0.00025585519313656017,,0.0002554391397659252,0.00025670867123961686,,,0.0002559590891964883,,0.00025635460781519654,,0.00025671782267637104,0.0002556911521275191,0.00025594084666609213,,0.0002555997026588373,0.00025577749632641633,0.00025571908751610825,0.0002567621488827557,,,,,0.0002552662247020215,0.00025546811740864944,0.0002562088271676677,0.00025538398659470375,0.00025664079177181113,0.0002556320311681188,0.00025632633868721345,0.00025645340679603156,,0.000255562395770544,0.00025625872717288493,,0.0002554325213947876,,0.00025567619376530093,,,,0.00025771025251308105,,,0.0002574150778020751,0.000257918556189997,0.0002563311154539358,0.00025723381477925795,0.0002566302226111185,0.0002573545105988921
7,5,DG_10pct,20,Z02_F10,2,3PH,246179,157345,True,17822.6387380148,74.68207634877828,70.65763676896867,60.10551319941577,60.82648022585073,3.845096261845041,3.895259344443717,36.05831313537933,36.61820501074043,27.41854321052017,27.53052755790555,13.643851147612555,4.517138317010583,3.7844095255219714,3.537439069587575,3.892911952600145,3.4829330698249814,1.313743851143553,7.009042787151084,9.268972835947547,0.0002423900211059582,0.00024282203356224265,,0.04627872701535422,,0.04612069130747968,0.046189553724776164,0.04593692265274999,,,,0.046374130095665135,0.046290770702634085,0.046552649742986084,0.04651581584531516,0.046447278191233364,,0.04643176562834926,0.04644223582961228,0.0464163615209935,0.04609565336923182,0.046149910464620345,0.04593178754297573,,,0.04610008969844632,,,0.04567583052346668,,0.04620121990375582,,,,,0.04658824813708417,0.045445908153103835,0.045518877361128446,,0.046388199090866264,0.04626764777778319,,,,0.04657252514494186,0.046449949445996244,0.04656239819797949,0.04652593747701879,0.04649332709472166,,,,,,0.046644181813919744,0.0465857121487031,,0.046585190159355395,0.046448729477924444,0.04664288361638642,0.04669653430012866,,0.046643881667957125,0.04673846818828232,,0.046678407197569334,0.04665943028700969,0.046620807899460624,0.046759571872658355,0.04667623681820487,0.04670708784968545,,0.04679553143043997,0.04680705653419234,0.04671500511786489,0.04673608928743528,,0.046657992765431346,,0.04679248591068059,0.04686040579992118,,0.04665364791356302,,,,0.04637825636506239,0.04658966889592055,,0.04849302708775072,,,0.04847835734764787,0.048476995362940006,0.04874028275181325,0.049132633762950274,0.049140579397819434,0.049085372988586166,,0.049157683162055814,0.049377262872976634,,0.04923385487247306,0.049279295245819754,,,,0.04928805669665478,0.04908701952574867,,0.049241954378842205,0.049201470404497696,0.04925031142135164,,0.049266258918309935,0.04921122174479695,0.04914437944329934,0.049163254557333995,0.049370655422379894,0.0490275552301631,0.04916009316790556,0.04921634348891524,,0.04917338782556878,0.04931456854888386,,0.049220954536543696,,,0.049039282934658535,0.049157217487128764,0.04928553077447659,0.049316529380685044,,0.04920717038319721,,,,0.049141631744636635,0.0491860451054949,,0.049193029703620925,0.04923798350547908,,0.049147005089574286,,,0.04936358764928655,,0.049146637560035907,,0.0492345701194964,0.04911576118640078,0.04929538436875854,0.04934918596323287,0.04937102622684943,0.049175327265174935,0.04911315441792031,0.04904483070436798,0.04943889274999715,0.049138847016535286,,0.04920012255074669,0.04916721162449376,0.049023529838903686,0.04922953264046113,0.04918315374752563,0.04904563067334809,0.04934839786662445,0.04924841602762522,,0.04916214568766359,0.04912776413483361,0.04928117347433282,0.049253699817226756,0.04924141129523852,0.049050754086882566,,0.04913083783386242,0.049193723104137374,0.04924281013250841,0.04929523066441227,0.04910517367765056,,,0.04937780305102633,,,0.04920842527489444,0.049324043449869584,,0.049232411732584004,0.049405082196399296,0.049485941662938224,0.049159003548071956,0.04934098854653194,,0.049321171957461454,,,,0.04940744013129423,,,,0.04922831414445697,0.049223133481845455,0.049239487966303466,0.04921035918410593,0.04932704088491316,0.04946696798248639,0.04929975958839634,0.04929788037298209,,0.04924027640962685,0.04915745026109966,0.04945418498270941,0.04930279362690922,,0.049335974715556286,0.049264247512101775,0.04940331345749627,0.049184302802392194,0.04936100096202712,,0.0493812703099004,,,0.04922227766524009,,0.04920066611516487,0.049370700071668674,,,0.04933700925624386,0.049369538108706076,,,0.04740626658623881,,0.04903626342120769,0.04899067152153148,0.04889418433325394,0.0488799573566968,0.0488752546253231,,,0.049278885700327284,0.049194411782245616,0.04929832228832972,0.04911100276257662,0.04921552962145491,0.04910804103085308,0.04921167912125759,0.04923568004335756,,,,0.049168512121568496,0.049118320259448046,,0.04915655731249698,0.04912615736242673,0.04918055893089934,0.04930525362438329,0.04914762455383956,0.04917647692633507,,,0.049158122280343705,0.04901927816533879,0.049054751434580365,0.04914102977235151,,0.04909252769122841,,,0.04918428696817704,,,0.04913228588459774,0.04913202971832413,,,,0.04912002591628373,0.04913607636623152,,0.04906400342696798,,0.049064062494945375,0.049201283195564924,0.04918845211670355,0.0491106431310671,0.04917860125677135,0.04917774432438701,0.049143808759901215,0.04928882115913327,0.04916056281007486,0.049316790405414646,0.04917554154649828,,,0.049073460417470745,,0.04920445693486406,0.04916052674001756,,0.049299742355291956,0.04915593103179385,,0.049090543446278785,,,0.04925126297533284,0.04917249258308305,,0.04915426304337054,0.04921133810281686,0.049056279079052724,,,0.04918821872110847,,,,0.049110450063480866,0.04915785285643947,0.049120073286199675,0.04896684247973296,0.049029140787229065,0.0490735105549163,0.0490183367862491,,,,0.04906127658347421,0.049077318328733,,0.04887566240146806,,0.04903104502909417,,0.04891265115596926,0.049083474500151485,0.04906553150150042,0.049217329692311566,0.04899864039144041,,,0.04907440265367057,0.049081286155827894,,0.0491305209572761,,,,0.04899723821013821,0.04898899375777058,0.049110831815936645,0.049120167620706284,,,0.049104910403142986,0.04906436666412336,,0.0491220080307011,,0.0490506559051997,,0.0491028034697815,0.049056148101352594,0.04907374115033061,,0.04899131087143223,,0.04901850344868104,,,,0.048987370181362316,0.04908647222046137,,0.049218520341525455,0.04915464112661613,0.04910782168330443,0.04918260972317427,,,0.04904325013675868,,,0.04898542184966074,,,0.04901025690800375,0.04910642720201844,0.049343490293881465,,,0.049224507900787785,,,0.049131322680560474,0.04920299041489295,,0.049384851020908005,0.04925363985286868,,0.04919798929287071,0.04911029946425661,0.04924823362999803,0.04911992965105734,0.04922149845944035,0.048203221427378797,0.048119904897810414,,0.048209359666807915,,0.048034225294257715,0.049148658289108534,0.04929127692473875,0.049207240088766396,0.048870860901891064,,,0.047574724099961475,,0.047728918576705893,0.04648781518275129,0.04635456677183538,,0.04937926539752802,0.049456735695914925,0.04939872536187097,0.050145467479218414,0.050260366081357886,,0.05030519510527439,,0.05045675413973221,0.050641990175402565,0.05064582154424171,,,0.05049166911396,,0.050613880349156135,0.05063826251075595,0.051123056885335895,,0.05038547676830438,0.0505124390742117,,0.05055945829889645,0.0504588455338597,0.05046255415565846,0.050553300141274696,0.05059893746966591,,,0.05043118855975903,,0.05051809234482825,0.050545151742186316,0.05056735041480632,,,,,,,0.05142950265465123,0.05134728121028128,0.05111353170481913,,0.05180115251364103,,,,0.051641250274797545,,,0.05176293471421711,0.05167836441075018,,0.051624712238053864,0.051604969224030024,0.05166701889833512,0.05136188022710341,0.05146563794538954,0.051561110830514706,,,,0.05143782053560108,0.05156198695519375,,0.051420148680154196,0.05152794148782415,0.051452746957347716,0.05140558099644141,0.05139747644929433,0.05161396085281847,,0.05144129855531155,0.051578620340708724,0.05134316445613136,,0.05152302770370852,,,,,,0.05146693187212369,,0.05146736383041504,,0.05124153678857179,0.05146238776057492,0.051581272067468924,,,0.05158330378368833,,0.05150375749946623,0.05157440766124774,,,,0.05147326132389221,0.0514616336893119,0.05164667390104116,,0.05139787300179855,0.05163809140241464,0.051631975391073386,0.05153284194932529,0.05155033137802642,,0.051579484465018845,0.05153511615292116,0.051392549972069955,,,,,,0.049173156439350524,,0.04910926479294053,0.04907626750838837,0.049078313397572904,0.04905018231940544,,,0.049022096729176796,0.04903427226453683,0.049029074155922996,0.04902965594519356,,0.04903059540631246,0.04904721700667418,0.04902444330898038,,,0.0490610487634624,0.04901586679071232,0.049031449966811136,0.0490995056957248,,0.048991956426424337,0.04890832982562517,0.0489021697720618,,0.04898562166818103,,0.049155619440416715,,0.049158951809309924,0.04910413165323269,0.049164631254339064,0.04903353656361135,0.0492390359718963,0.04914324459753046,0.04890570533073906,,,0.04900452531576215,,0.04884324275657706,0.048752873694102396,0.04896879549048964,,0.04902279249818249,0.04886201122546128,0.04888332101210381,0.049021200360111254,,0.04885415032906935,0.048916950175061,,0.04898109366146537,0.04910524904289059,,0.04899307495982624,0.04912995297272583,0.04902082901528056,,,0.04905725580669252,0.048500854533207086,0.048984580425526794,,0.0489197976861991,0.04886813415995504,,0.048978821954569686,,0.048969958229807965,,0.049089653215136454,0.049050064092097924,0.04900246816540603,0.049030777931860774,0.0490803336595089,0.04899911730714174,0.049187170650715276,0.049058234566254216,,0.04903227286332183,0.049145826630028304,0.049302212013286884,0.049117187323144455,,0.04911584859239339,,0.049185242717347984,,,0.0492236198613077,0.04917436659552721,0.049082460768152016,0.04910044696259681,0.049262157540771394,,,,0.04891343013660765,,0.04894735106245168,0.048989000713825843,,0.04894541116406537,,,,,,,,,0.04891967468133315,,0.048942055807328626,,,,,,0.04897904761142613,,,0.04898261830857973,,,0.049235112199872706,,,0.04932157760889576,,0.04617613585523565,0.04639073970859565,0.04638584024172206,0.046319741450031426,0.05119390170538688,0.04612582258602652,0.04627471289962785,0.046168242034946995,,0.046175925415662934,0.04614738861179946,,,0.046123446328612934,0.04614271459775005,,0.04611943304930243,,,,,0.04621949901673672,0.04621623240399081,0.04609216336295062,0.0461148033066047,0.04628430772728094,,0.046122888448921665,,0.046165385057207596,,0.04623799759843413,0.04638227493630824,,,0.04633166091384872,,,0.04635487456023665,0.04617982284921777,0.04623808508753061,0.04620309522226311,0.046284354885470766,0.046270026091550086,0.046239911227016095,,0.04618084576272516,0.046105538196451724,,,,0.046255412362262535,,0.046255690878481984,,0.04620856127831357,,0.046138161469490506,0.04628995901133986,0.0461266123259135,0.04615830640250817,0.04622713393781682,,,0.04617265713156313,0.04638522365554945,0.04628414810768654,,,0.0460643810270264,0.046209370172341065,0.04620519236740878,,0.04620261054798314,,0.046237132704645384,,,0.04615289718660382,0.04625829391353384,,,,0.04631805734912588,0.046233356198990494,0.04619869594627278,0.04617978253295549,0.04616207779688906,0.04618477826524782,,,,0.046382133490309445,,0.046164407404339726,,0.04619014848204832,0.04624919309121838,,0.04609516467233434,0.046144945923393965,0.04629081452518752,0.046104820146503966,0.04633166887959322,0.04625121224101206,,0.04620282861344444,,0.04624822288411089,,0.04625689520019554,,,0.04620430671849031,,0.04613744397531534,,0.04623807733580029,,0.046228242162374734,0.04628037936425732,,,0.04630210752596201,,,0.04617919981916404,,0.046288439615323834,,0.0462171982384924,0.046141401301008966,,,0.04623139524877353,0.04623071059414301,0.0462088781518377,,,0.046127327097981674,0.0461069836280877,,0.04623125219144005,,,0.04628305478902727,,,,0.046229617504993284,0.046219345502929575,,0.04628888244160658,,,,,,,0.04623852132395877,,,0.04618529702458208,0.046157020704736935,,0.04612497608469077,,0.046164545254758306,0.04630032574558487,0.046066377353914834,0.04629445546509173,0.04616481124711847,0.046259909630783705,0.04580900224093106,0.045761731180813836,,0.04656129482120961,0.04668402427757458,0.04655966748823191,0.04638813815319332,0.046452020372942854,,,,0.046364905321329565
7,5,DG_10pct,20,Z02_F11,2,3PH,298366,298159,True,14995.448153587195,0.33443689353614,0.3156940018156414,0.26893820382246375,0.2709433261524454,0.01718027863686131,0.017358543140540042,0.16225603913062409,0.1631788752497953,0.12341403636553334,0.12295670871609536,0.061426023505444315,0.020230998557886834,0.016815299713545416,0.015868770529519086,0.01737698703422961,0.015592538941019507,0.005910886248761558,0.03155101696959576,0.04135521460790317,0.18513655949580254,0.1851785493682763,0.18523237922322433,,,0.1815742996416347,0.00020771197661800244,,0.00020541359137244314,,0.00020635276866181536,0.0002084942332753227,0.0002074430686834617,0.0002075983767285002,,,0.00020720641918298168,0.0002080817634223647,0.00020851824105064782,,,,0.0002063784648666245,,0.00020682686557742572,0.00020676605143155318,,0.00020375828678507739,0.00020444891688077172,0.0002069598738444682,0.00020705854641570146,,,0.00020664152311966095,,0.00020863680672532714,,0.00020344194054520466,0.00020344374436416816,0.00020769503074078487,0.00020787373907503662,,0.00020852643477936372,,,0.00020842274788800317,,0.00020864572652631917,0.00020809598444298773,0.00020866451937648584,0.0002086996329002938,0.0002084511933008073,,0.00020849934112356937,0.00020879934013531387,0.00020882834783287314,0.00020808070747427984,,0.00020890728973924097,0.00020913573233747267,,0.0002089954186408813,0.0002097683006571391,,,0.0002087956217867388,0.00020935118628470932,,0.0002090686923582193,,0.0002094608666831063,,0.00020972189753094494,0.00020933525778377143,,0.00020839236790302183,,0.00020918837421847586,,,0.00020895925746597334,,0.000210395166031444,0.00020919846544257954,0.00020923292581715412,,,0.00020829520909799085,0.0002202279202239913,,,0.00021829316580370962,0.00021762750241819667,0.0002178997824823785,,,0.00022064635860115237,,,0.00022119502448358005,0.0002204165258164015,,0.00022022104675666366,0.00022084076620658628,,0.00022030138483015646,,,0.00022037253294545002,,0.00022019700634652383,,,0.00022075791452025344,,0.00022047139798719683,0.000220405401786244,0.00022063900336718393,,,0.00022050408930567606,0.0002202642304241603,0.0002202022554719151,0.00022045437477069565,,0.00022044132461938835,,0.00021968978370796155,,,,0.00022065416867077085,,0.00022049146659448558,,0.0002202164093017473,,0.00021990196262692432,0.00022079201917443088,,,,0.00022022229830285316,0.00022033877606330337,0.00022022822260227002,0.0002206189689709544,0.00022067574253663202,,0.00022072443466709048,0.00022046082823215635,,,0.00022084363645737812,0.00022076623152809217,0.00022072273823089226,,,0.00022006840556909414,0.00022072267853457336,0.00022027274499302493,0.00021920813751645873,,0.00022082973456950155,0.00022065100470155277,0.00022013374856854758,,,,0.00021981031701301027,0.0002199223672378873,0.00022060531218702685,0.0002198912918068263,,,0.0002198293270797219,,0.00021995503994712742,0.00021990137864675427,0.0002201451575605709,,0.00021975775660248333,,0.0002201150545137609,0.00022080613269490502,0.0002203007195225637,0.000220909392734382,0.0002204921504739497,,0.00022087624768455402,0.00022046671548459412,0.00021996203168052488,0.0002206781163177951,,0.00022079765972184771,0.00022107713334428998,,0.0002207246527275876,0.00022161085458606436,0.000221635772774329,,,0.0002209838712567602,,0.00022129048204434294,0.00022056891011814906,0.00022013296185201107,0.0002204808399539957,,,0.00022014678369518525,0.0002204490173723454,,,,0.000220597369646986,0.00022043097697466642,0.00022006772238390094,,,0.0002210342080222958,0.00022090978559618894,,,,,0.00022111893787301291,0.0002202967042059535,0.00022079230051824805,,,0.00022117189818472404,,0.00022039370653962814,0.00022069133729059912,0.00022080230068804204,0.00022103473242837798,,,0.00021258419609372184,0.00022029286762984075,0.00021916585325858226,0.00021857651678341752,,0.00021844745604474575,0.00021832311417568023,0.0002193606012594112,,0.00022027468946334686,,0.0002201937220566141,,0.00022040525690850623,0.00022003215311104768,0.0002196818615420213,0.00022089691172862694,0.0002204017760384468,0.0002202351049168179,,0.00021976731881110447,0.00022041657263197767,0.00021989308627887115,,,0.0002203927541130218,0.0002202205994555344,0.00022079164933700443,,0.0002199470140421988,,,0.00022054179677489404,0.00022017266688449043,0.00021994583960876,0.00021988560628709278,,0.00022013324474370307,0.00022018094578361082,0.0002205723083477103,0.00021963276554188183,,,0.00022008721004852712,0.00021985030729802498,0.00021957774814308184,,0.0002196815861094078,0.00022024263375624334,0.00022004246871371315,,0.00022016872816720898,,0.00022048047935712648,0.00022031940699797673,0.0002198196419312894,,0.00021976798206017529,0.00022005867427656132,0.0002204336293551483,0.00021954604664244234,0.00022060914694137828,0.00022020291076510417,0.0002199172186329172,,0.00022013945851698797,0.0002200838035870714,,,,0.00022008244432447435,0.00022027984963385888,0.00022019137593799534,,,,0.00022014071028598003,0.00021986686683651033,0.00021999607359624704,0.00022049764696133078,0.0002202500677423556,0.00021996941761353003,,,0.00022051105708556124,0.00021963767195721457,,0.00021938722610652254,0.00021945993464967086,0.00021949297572699714,0.00021945332531222685,,0.00021993726356009954,0.0002199776770900109,0.00021919376441016772,0.0002196978791313837,,,0.0002201939458238931,0.00021993176846384077,0.00021965552037604664,0.00021920884600713225,0.00021974751626671502,,,,,,,,0.0002194582496629656,0.00021976061893522178,0.00021906998688199153,0.00021992701327900433,0.0002194193141179342,0.00021960712354179894,0.00021893712775189947,,,,0.0002191371851189177,,0.00022029939749746122,0.00021967333977609673,0.00021935571748693167,,0.00021948824338464184,,0.00021962538177392192,0.00022021882096954828,,,0.00021979964212610903,,0.0002203724544665047,,,0.00022025413114310736,0.00022001820823521368,0.000219414556641153,,0.0002189396528308445,,0.00021911976373135898,0.00021960562057772936,0.0002204690531625539,0.00021978538071118579,,,0.00021963719570485034,,0.00021965672783046117,,0.0002197773712640161,,0.00021924397844943477,,0.0002204895921774252,,0.00021974486366579254,0.0002196172209257744,,,,,0.00021989128335695425,0.0002195504271384361,0.00022078171778980223,,0.00022019179334323272,0.00022090737846990557,0.000220324111718654,,,0.00021980472730509556,,,,0.00021585075476315423,,0.00021536770563182356,0.00021511951327260007,0.0002205580133088635,,0.00021988141329306446,,0.0002191981313780374,0.00021846791421091205,,0.0002139430051533417,0.0002138514490337355,0.0002074535677886263,0.00020748040916182417,0.00020700284036801616,,,0.00022115839786674503,0.0002240197725424548,0.0002248254092942097,0.00022425902281896233,0.00022563466272329782,,,0.00022629226998589509,,0.0002270125065926386,,0.0002265210426117708,,,0.00022637532223627872,,0.00022750551928138013,0.00022597260822242578,,0.00022660033054789215,0.0002267091308041728,0.00022651908030373486,0.00022627230209229214,0.00022579032695740887,0.00022627344951993279,,,,,0.00022661574321515015,0.00022562848719987134,0.00022611557417422952,,,0.00022617504725541495,,0.00023039511087957147,,,0.00023066211731957858,,0.0002315879676210892,,,,,0.00023227860280488512,0.00023162483594874842,0.00023101817273165856,0.00023146483140834882,0.00023172468979656963,0.00023123641391809477,0.00023152722368094118,,0.00023013593548095162,0.00023022882241796676,0.0002298208117750542,0.00022978918909148197,0.0002303847883410629,,0.00023042281973358986,0.00023033309405495422,0.00023100917875850576,0.00023083596241967874,,0.0002308847419393279,0.0002306053840114105,0.0002301812521827861,,0.0002308211959139845,,,0.00023052737004136345,,0.00023010169398429294,,0.00023078102387232341,0.0002306633904774345,0.00023045528521684565,,,0.00022994223441708277,0.0002308099225232391,,0.00023030376166725897,0.0002298295419937177,,,,,,0.00023076074806627797,,,,,0.00022958179956354878,,,,0.0002305271305708824,0.00023037479321053985,0.00023094129372906854,0.0002306858727634995,0.00023153401103960148,,0.00023092280629998126,0.0002306998226020508,0.00023113731784778522,,0.00023112557760177323,0.00023128517661343996,,0.00021937745297185397,0.00021980130497218736,,,,,,,,,0.00022005205884794736,,,,,,0.00021892670219252443,0.00021948329453536715,0.00021978993993573902,0.00021926774435378435,,,,0.0002193238550774689,0.00021941484208394638,0.00021963608513174857,,,,,0.000219266632839019,,0.0002198186429793481,,0.00022006323669830754,,,0.00022035208242694932,,,,0.00021869258474356912,0.0002184471171608421,0.00021905596025238117,,0.00021965003962633143,,0.00021888349426986653,,0.00021948797895634132,0.00021956511832563931,,,0.0002194528354443616,0.0002187558149059918,0.00021936541542889036,,,0.00022035274894071342,,,0.0002197578390538984,,0.0002193386168573857,0.00021933344439977744,0.00021641895778470757,0.000218669444452609,0.0002187260805076408,0.00021967755011195175,,,,,,0.00021908971132278234,,0.00021974699831125573,0.00022022253101406842,,,,,0.00021954919531721507,0.0002206427901686128,,0.00021983086284849894,,0.00022019652528426683,0.00021976663049377856,,0.00022085909334429294,0.00022004779565914202,,,,,,0.0002197088844339499,0.0002202968645390226,0.00022050084762766835,0.0002197765252779205,,0.0002193358457919613,0.0002193903384355976,0.00021906380498853162,0.00022044204562087126,0.00021872396505379847,,0.00021960686148767388,0.00021964909368608313,0.00021939631361443538,,0.0002185293519603333,0.00021920178849504164,0.0002188677031457763,,,0.00021920207177140478,,,,0.00021871668976649938,,0.0002191490828095099,0.00021937592445140687,,,0.00021932703893666797,0.00022016133878282202,,0.0002208613953703681,0.00022073429867664615,,,0.00020843415274227788,,,0.00020720035635164721,0.00020783599773678983,0.00022981672724856956,0.00020658521403838143,0.00020633552334055786,,0.00020660077228620683,0.00020686889971130006,,,0.00020765440002721428,0.00020679209095096347,0.00020620195296252038,0.00020625964840793567,,,0.0002069611536125345,,,,0.00020695833846161912,0.00020745400348090237,,,0.00020694989201816506,0.0002070432165626643,,0.00020692041941405248,,0.00020690681095775898,,0.00020663999604702456,,0.00020733050875127183,0.00020667393129154523,,0.000206663715014712,0.00020608490080820186,0.00020664986035526361,,,0.00020657797929247973,0.00020682723690640324,,0.00020686985703975564,0.0002068154126388589,0.0002065339062292886,,,,0.00020678663099101775,0.00020690814339977548,0.000206864009854565,0.00020696492727054693,,0.00020699840786898754,,,0.00020739011024966747,,0.0002065456994512277,,,0.0002073493287832923,0.00020719236624311,0.00020730121979562334,0.00020711007514191863,0.00020685674104711614,,,0.00020709000503941542,0.00020655371569224855,0.00020678938507991026,,0.00020661991873819762,,,0.00020678459961445076,0.00020635032098879354,0.00020654847668382924,0.0002067767825168839,0.0002071620104778717,0.00020702570509633454,0.0002071014030167004,,0.00020656526658568536,,0.00020679620389637727,0.0002077755396361328,0.00020631377741870985,0.0002071450824213366,,0.00020676102807005403,0.00020731317301053899,0.0002069296492255122,,0.0002072490258280746,0.0002067024118075629,0.0002071571424973601,,,0.0002069745664697253,0.00020665072005559548,,,0.0002064889578242538,,0.00020715873098013958,0.00020628416279191208,,,0.00020681272450168422,0.0002077300038655522,0.00020681498462201978,,0.0002064958773675361,0.00020706669427278363,0.00020635241767400655,,0.00020747493211365934,,0.00020719840553999733,0.00020696662528036988,0.0002071918738262725,,0.00020692255454282096,,0.0002062874976763446,0.0002077169298136659,,,0.00020678399598258342,0.0002072419416729817,0.00020712641941936916,0.00020669710910300567,,0.00020645453120000248,0.0002072333241406226,0.0002067602492256302,,0.00020676307249882492,0.0002067172450041788,,0.00020679163132132002,,0.00020651504687291494,0.000206868214618142,0.0002068634475633214,,0.00020753839763887512,,0.00020698718764247204,,0.00020688179890612096,0.00020693789902932427,0.0002067920193826692,0.00020719829006730925,,,0.00020702014540460698,0.00020725870154927187,0.0002071533561802904,0.00020640413823069857,,,0.00020657501842767333,0.0002068059046304993,0.0002070748577054274,0.00020671223688064987,,,0.00020471428804726043,,,,,0.00020839947674511778,0.00020832020044198832,,0.00020828594977422257,0.00020786217373994865,,0.00020767027550889055
7,5,DG_10pct,20,Z02_F12,2,3PH,157109,165442,True,18454.307011361052,0.4081313586478506,0.386530530146733,0.3323291409704361,0.3328109125603927,0.021114576305857762,0.021348756119916306,0.19953006743061585,0.20078655184729383,0.15012667159266502,0.15190618316967724,0.07544949081492358,0.02507834593607981,0.02064731196589239,0.01933779305166056,0.021439622975377413,0.019167090293137973,0.007298095108048372,0.03875593868088476,0.05048047329504809,0.005626884003011953,,0.0056334755651543415,,,0.000254392889317483,0.0002536327588049181,,,0.00025232112807221647,0.00025329912711291575,0.000255665726316803,,,0.0002561232179833973,,0.0002558882924406691,,0.00025592003232310077,0.0002555551367261224,,0.0002540404538396372,0.00025271016525661125,0.0002545319279374249,,0.0002530604907738675,,0.00025083227091394735,,,,0.0002547643272775026,,0.00025419153389460026,,0.0002556099481395124,0.0002503474908451433,0.0002501512459418533,0.00025129953445847896,0.0002550534313263787,0.0002550423150381442,,0.0002563263710468097,,0.00025623664695581007,0.000257026177326565,0.0002559856316130327,0.00025662716632397607,,,0.00025760700600016215,0.00025652919318109956,,0.00025626317305459773,,0.00025619716617336896,0.00025625796419099183,0.00025701829208974396,,0.0002569011038651453,,,0.0002577880599185721,0.00025764253664805893,0.0002568767411383417,0.00025753347144243923,0.00025744791464690835,0.00025696876200644617,0.0002574451109736366,0.0002575404957416582,0.0002572733462947764,0.000257803716396914,0.0002578280131711895,0.0002582313449669688,0.0002567911412170937,0.00025753809329748446,0.00025741185074024613,0.0002575172734247842,,0.0002571777266903306,0.00025777663077835,0.0002580818203651126,0.0002574057612999205,0.0002574719497022221,,0.00025560501340355117,,0.0002552336898565613,0.00026993579004142395,0.0002681644727102724,0.0002683487857891171,,,0.0002679429179695593,0.00026861227029471087,0.00027131696788292156,,0.00027052887123047337,0.0002708080030319713,,,0.0002719116079367407,,,,0.00027144833108244985,0.00027168365734966954,0.00027105473414042137,,,,,0.0002705651269421444,,0.00027104246669128646,0.00027118568269118333,0.0002711680804299644,,0.0002714079538651336,,,0.00027107175650724466,0.00027078768613388894,0.0002711930304831536,,,,0.0002710034780759958,,,0.0002718554453012091,0.0002715450954489708,0.00027136333100925733,,0.0002707547285793063,,0.0002711501198222325,0.00027119035789729674,,0.00027101835691917145,0.0002706116288011354,0.0002711283535285383,0.0002701650018572623,0.0002714593971543641,0.00027134298852287856,0.0002714212465267032,,,0.00027173882839530547,0.0002706245224090206,0.00027165796326638947,0.0002717567856893181,,0.00027139933641477025,,,0.0002717336793023904,,,,0.0002700653869529823,,,0.0002713739284642352,0.00027064017383147157,0.00027060806828947556,0.000271542228391851,,0.0002705805790543591,0.00027061014859463645,0.0002709314079135859,,0.00027125078660288543,0.00027116330339023854,,0.0002714676601739943,0.00027053192461137717,,,0.0002710720466324853,0.00026978035988515624,,0.0002709925070835319,0.000270966966808333,,,0.00027194454065139793,0.0002717063485444426,0.0002713591832461819,0.0002712320925652438,0.0002717058302315652,,0.0002719214853978678,,0.00027203454816796256,0.00027134972108831427,0.00027141872076465173,0.0002720789563505502,,,0.0002711580213565179,0.0002720334838648962,0.0002712855586425581,,0.0002718831822933234,0.00027162421075107,0.00027143318136575153,,0.0002710920474719857,0.0002714115931852468,,0.0002707462583841887,,,0.00027145294731261425,0.00027120650169216087,,0.0002722132770795055,0.0002705461869373334,0.0002716898497751316,0.0002715394643789414,0.00027121750406919874,0.00027141640944132353,,0.0002716970161584811,,0.00027187710980822096,0.00027177056730213583,0.00027064513309402665,,0.000271118414120242,,0.00027173108755044616,,,0.0002724129483703354,0.0002609838689031459,0.0002618116626712607,,0.0002705095080792252,,,,0.00026827447304873846,0.00026875592503738813,0.0002692344724491448,,0.0002708548779744396,,0.00027133865210904367,0.0002706624866779802,,0.0002712444505623385,,0.0002711545116761539,0.00027065585160272905,0.00027049805553661793,,,0.00027107319591280414,0.00027093293667139435,0.00027141401722799864,0.0002698112464278244,,0.0002709660476012359,0.00026998026168178796,0.00027091584891960415,,0.0002709183715723367,0.000271204123777746,,0.00027089857612744344,,,0.0002705790787531956,0.0002704491554886108,0.00027072840696713005,,0.00026983877714225913,,0.0002703536677434045,0.0002711242272244915,0.0002708807765452502,,0.00027056153616810465,0.0002701884862393284,0.00027142149162339183,0.0002712625962671132,0.00027086573792415073,,,,0.0002714089619816507,,0.00027118978937598533,0.00027175791650307186,0.0002713826553220327,0.0002708444862950995,0.0002705419394439836,,,0.00027006550654022925,,,0.00027148118769319216,,0.0002713133992068198,0.0002708029236761065,0.00027057126930515115,,0.0002710133859084597,0.00027060874081824365,,0.0002703698916424211,0.0002702934978443856,,,,,,0.0002703254380794708,0.0002699452449025826,0.0002700845236221138,,,,,,,0.0002702672534926749,0.0002708078446243955,,0.00027068062853255774,0.0002699170426056368,,0.0002700109914836845,0.0002703609575981517,,,0.00027063843754504465,0.00026983112686246346,,0.0002698074848506114,0.0002695063090645394,,,0.00026970258252796475,,0.0002702427357367859,0.0002695801313971937,,,,0.00027000510084246554,,0.00027060825445974075,,0.00027072743058539445,0.000270547579344294,,0.0002712680811255808,0.00027084924817916454,0.000270271998618976,,,0.00027041684407742703,0.00027071142308782967,0.0002697712873808641,,0.00027144716516869775,0.0002706755554419357,,,,0.0002706139091015277,0.000270117499844491,0.00026977974951293484,0.00027095873410431436,,0.0002705486182426465,0.00027081664214105594,,,0.0002709418475639429,,,,0.0002704427774814158,0.000269755066516392,,0.0002703361036028517,,,0.0002701711915852745,,0.00027026263531183874,0.0002711037184468499,,0.00027030114188618626,,0.00027083821315431166,0.0002705343166227395,0.00027119659576712565,0.00027101689652126994,,0.00027111603247280316,,0.00027144214009985283,0.000271533812665404,0.00026970754447956034,0.00027082308342458067,,0.0002707351096299583,0.00027032063474602863,0.0002650316309786102,0.00026524712540121017,,0.00026465949378025414,0.00026489839446259996,,0.00027156075515861366,,0.0002708337065682683,,0.0002692791196706287,,,0.00026257304463482816,0.00026210106448612433,0.00025550190994895906,,0.00025524714693457546,,,,,0.00027696486304248024,,0.00027680044729479523,,,,0.00027845892459740703,,0.00027897520691271135,0.0002792348775548463,0.0002787423631322557,,0.00027877800574089,,0.00028149741318650353,,0.0002784655261408369,,,0.0002778432769368739,,,0.0002782300456262381,0.00027831523796640516,,0.00027857594781983665,0.0002790918031141709,0.00027862195584063917,0.00027794797283209956,,0.00027799887675570255,0.0002775650727536032,,0.00028381949654561006,0.00028394773236392964,0.00028363064622722597,0.00028408477616230336,,0.00028186817284736306,0.00028490216149309246,0.0002850505708181106,0.000285426276046701,,0.0002845138263150085,0.00028527084652316473,0.00028524307246591095,,,0.0002839434424514705,,0.0002840627540934205,0.0002837728036707342,,,,,0.0002831316388859785,0.00028277049169886126,,,0.00028352387656677987,,0.00028299602388428885,,,0.00028358946747607234,,0.000283826182196291,,,0.00028365915106103105,,0.00028312652558190084,,0.00028426779818051636,,0.0002837284545782865,0.0002843319679013697,,,0.0002841309579275573,0.0002835681176720175,,,,0.0002829586102253044,,0.0002837517030332272,0.0002836898439227973,0.00028354438572248373,0.0002843918565990227,0.00028455113970728244,0.0002830151910786036,0.0002828645393356123,0.0002837589538865485,0.00028398092129264057,0.00028357508712212266,0.00028333260263232763,0.00028366198326631466,,0.0002849149593832952,,,,,0.0002839574149661481,0.0002837432463639149,,0.00028363393221439144,,0.0002835688153842425,0.0002705607608163932,,0.0002697657574598325,,,0.00027012389348615566,,,0.00027020455093192363,,,,,,0.0002697950195833017,0.0002702576630551555,0.00027092549386638365,,0.0002703658221228935,,0.00027047210949968943,0.0002695793296084164,0.00027035646034151374,0.00026996096000021606,,0.0002698766912291055,0.0002705090756829163,0.0002694846574929096,0.0002705624049240387,0.0002686547062712746,,,0.0002709385607265138,,,0.0002701838596655978,,,0.00027046276992737653,0.00026952311909385785,,0.0002697340364124783,0.00026959774049125073,,0.0002686704658834278,0.00026865699793488017,,0.0002694330973055406,0.0002694304935456899,0.00026881183347605866,0.000268907768770889,0.00026957088670130153,,0.0002694310051918513,0.0002694479089371832,,0.00026994516529744945,0.00026973209014809153,0.00026984509969064956,,0.0002701192743147231,0.00027026704484400886,,0.0002699579241591456,,0.0002664540266079948,0.00026934248908457904,0.0002693554663138734,0.0002688607519342297,,0.0002698948576189839,0.00026884430655022804,,0.00026964382344903673,0.0002700840520810527,0.00027073015024892415,,0.00027004092018786816,0.0002701783202631264,0.0002707349168422976,0.00027156698168184594,0.00027006258827202387,,0.0002704582598500748,0.00027050001215556406,0.00027070457509788997,0.0002709670322386749,,0.0002706197174351811,0.0002701206174166618,0.00027164253918235875,,0.00027057538015594557,0.000270680519793406,0.0002699852672046249,,,0.0002708319787961399,,0.0002711795011419714,0.0002714305649305384,0.0002710816319007586,0.000270305072868684,0.00026962822806669015,,0.00026987155645599796,0.00026941659717601916,0.0002696124595402747,0.00026928537349193526,0.0002693781270332696,0.00027032249341702304,0.00027023106510660734,0.0002688173363448437,0.0002685228269131268,,0.00026965879668438305,,0.0002692878549507176,,,,0.0002701935040983631,0.00026999303155288807,,0.0002704336989604401,0.0002698116366554509,,0.00026977480549707304,0.00027099244380196264,0.00027119861533438506,,0.0002708870408791439,,0.00027151395014965446,0.0002577265748997081,0.0002549051699554506,0.00025501435784406235,0.0002550050804178467,0.00025507609111490807,,,0.0002540582353704618,,0.00025435243269299483,0.0002547040972238613,,0.0002545186702481159,0.0002548337154381679,0.0002552931865452504,0.0002542586073397898,,0.00025379013008165123,0.00025385346578701173,0.00025454936343612865,0.00025510546736286184,0.0002545269976089504,0.0002543832804832159,,0.0002536512780806026,0.00025476919248819104,0.0002550068820534488,0.00025384832228473594,,0.0002533450202428433,,0.00025427812659176564,0.0002543321848231703,0.0002557637549688677,0.0002545262092353812,,0.0002547828628594383,0.00025417234493576224,,,0.00025485532721958944,0.00025433226894576937,0.0002546012941076642,0.00025436096886924826,,,0.00025377798634334376,,,0.0002549520085961339,0.00025442296090388594,0.00025472495608958685,,0.00025434913126115403,0.0002547361550992546,,,0.00025350996223058255,,0.00025445950220107555,,,,0.000254870970043028,0.00025441139591003144,0.00025404038360870803,,,0.00025388864320257884,,,0.0002534745478664638,0.0002547903934804962,,,,,,0.0002550125332110186,,0.0002539052657287911,0.00025399652281850847,0.00025458652172811785,,0.00025386530196714057,0.000254868680798141,,0.0002544565211285199,0.00025499685844391926,,0.00025481203133229905,0.00025386067457495634,0.00025402758819751206,,0.00025441284568567473,0.00025454477367234905,0.00025381466052109625,0.0002537780414764828,,0.0002549526320552186,,0.0002552042450800814,0.00025471578830033763,0.00025459112041566407,0.00025354235744411434,,,0.0002543979673068744,,0.0002547699207326743,0.00025424928322230754,,0.0002545735319363074,,,,0.00025489305615661035,0.0002544291502307256,0.0002543251460385019,0.0002547317104578586,,0.00025399753641088907,,,0.0002542995562523693,0.0002542367410481106,0.0002543198957860004,0.0002536057687882491,0.00025452196558663383,0.00025385954683316154,,0.0002546377702060318,0.0002546386266844543,,0.00025431507841735173,0.00025435727118109665,0.0002548979768118485,,0.0002545185553803385,,0.0002549179107147054,,0.0002542666429172309,0.00025449980550508054,,,0.00025534433157093625,0.00025499690392725017,0.0002546762678168701,,,,0.00025444657148872887,0.00025415726198649774,0.00025419791830067715,0.00025471248315709017,0.0002543361142769939,0.0002541854254733252,,,0.0002537634663371019,0.00025430396456528707,0.00025434313960603363,0.0002540947074989965,0.0002546238360975891,,0.0002541341647678028,,0.0002543237280769288,,0.0002545766887342532,0.0002545447056835983,,0.0002542592525622086,0.0002515552759130081,,,0.00025605084968440586,0.00025699534943739844,,0.00025570356132056135,0.00025592975492069975,,0.0002557390400604523,0.0002559493407111395,0.0002553842747143841
7,5,DG_10pct,20,Z03_F01,3,SLG_A,298367,298161,True,13917.44121993756,13938.115159844307,2255.892398614365,1612.767735602608,1616.4318798348722,134.99725703459836,126.09327207131884,777.7651495225673,788.0888001589936,572.3967653160867,571.0278480084067,280.47911496823787,91.94525907498648,215.3564321992775,216.19010564475093,136.04833516201896,103.29546000701495,25.785564021768984,211.36186575269934,218.28494335750926,,0.5532341782260943,0.5536853485085641,0.3273586424434769,,0.9710707619539976,0.8188005855270817,0.47222860099231345,0.47198239214033527,0.47337603636664255,,,,,,0.8066767353914523,0.8056001115376645,,,0.958462480868353,0.47217610283678996,0.47246767978660276,,0.47444841485808653,0.4727909902618881,0.47343234112682947,0.46811768083041433,0.4687921637409206,0.4690017905536691,0.47478220746358774,0.47578216120945527,,,0.4752583222886091,0.4746104729015657,,0.4688020904944712,,0.466631282793108,,,,0.47923515031054664,,,0.4789414174600403,,,0.47982380126274443,0.479392647198998,,,,,0.478232861895635,0.4783780626834623,,,0.11687407234651241,,0.9516990736557686,0.12221987099207961,0.12181839348733907,,0.1222359581286818,0.12217494395083241,0.12217934471990374,0.12206920682546052,0.12203959206699444,,,0.12192875386827401,0.12208885542784434,,0.12219351690814748,0.12200545020840058,,0.12223719257943015,0.1221792170442775,0.12225322637714087,,0.12200871291136961,,0.12185879430730048,0.12186774557011137,0.47821208356064115,0.47821279085268337,0.47882247964589564,,0.5029480387922355,0.501935720434177,,,0.5021004548201851,,0.2429608404588992,0.2432793857241647,0.24350827757229662,,,0.24354091405062284,0.2421904259552163,0.2435317601397956,0.2435080640394213,,,0.2429366958153318,0.24351531468136112,0.24297681012199887,,,0.24376313007490352,,0.24311768600039377,,0.2424573601361033,0.24293925615047787,0.24330193337147946,0.24353802514441786,0.242744381718611,,,0.24232604089073773,,,,0.24315382494181276,,,0.243969139966212,,0.2425440253600475,0.2429574927173748,0.24249715832885452,0.24209424831500412,,0.24299927254438003,,,0.9270765241018399,,,,,,,0.9247210353385653,0.9290613451218075,0.9273469071845836,0.9260121867662428,,,0.9287922289240815,,0.9301764071024463,0.9285342882771684,0.9316210786904184,,,0.9272321284568447,,0.9275536634335201,0.9269996621478033,,,,,0.9270151984141438,0.927980105954819,0.9275077069278561,0.9296088275278261,,0.9281805698813745,,,,0.9278078997588155,,,,0.927595651886352,,,0.8530259883587664,0.8568138310319487,0.8530257584743143,,0.8518454843178519,0.8509689326595313,0.8514914545261281,,,,0.8530185282844528,,0.8542536383167137,0.8529050243418226,0.8541757384934456,,0.8544068958304815,0.8540998244937478,,,,0.851058603571801,,,,0.8522110685714366,,,,0.8521980150298458,,0.8532652022899077,0.8524897302701324,,0.8533958294355053,0.8519528775872717,0.8504282141394266,0.8527495542365365,0.8534891126729396,0.8541282416356342,0.8539720740088426,0.8512724852980049,0.8519702292094782,0.8533473864661768,0.8542623770971959,,0.854584238687389,,0.8498844871073079,,0.8529384983969276,0.8540928200372717,0.8511862632610097,,0.4914619726638988,0.49174928126609574,,0.24056905158451178,,,,0.5023700691097068,0.5031678666023879,0.5042515553280736,,0.2187665136240254,0.21855270286952638,0.21865595849959432,0.21892414387819784,,0.2183047162916362,0.21831331116340633,,,0.21903064819215223,0.2185740531396697,,,0.2189496364162813,,,0.21968913354377698,,0.21791355734972534,0.21905575228179813,0.2194859719966904,0.21879187898790073,,0.21847432424340799,0.21868292565875844,0.21900206603294045,,0.2188635203848178,,,0.21888248541724195,0.21883673896348071,,,0.218892991092345,0.2186044494167693,0.21868517661880835,0.21819275760367685,,,,0.22440929573945853,0.22446299668404346,0.22491274735496936,,,,,,0.22374008114152436,0.2240545316112403,,0.22404880619024778,0.22417544171041084,0.2244670037533489,0.2242596435400485,,0.22452524895420872,0.2250307057990666,,0.22420751426106758,,0.22412462986032375,0.22459371489482094,0.22413630969510065,,,0.2245035199165856,0.22370257852395273,,0.22436941279245612,0.9377408727433822,0.9348993914257552,0.9359594259260472,0.9337050535352056,0.9364125617322159,,0.9349557646384019,0.9337909289613098,,,0.936935505057896,,,0.9350612124561659,0.9338911245952284,,,0.9325051241368629,,0.9339390646068605,0.9348792034104076,0.9367023112866424,,0.9346913290990179,0.9309336277216191,0.9325293650952883,,0.9348993507002904,,0.9367167367872836,,0.9323934523907116,,,0.9344564775462616,0.936097085052581,,,0.9380044244445539,,,0.9343314887914919,,0.9365939714687325,,,,0.9381094380366207,,,,0.9344736202642133,0.9369354670556111,0.9364428493898949,,0.9344048101754105,,0.9335757316563312,0.9313477802839842,0.9354188876548464,,0.932363000812219,0.931628967537468,,,0.934278041194584,0.9370796039567498,,0.9365678298030994,,0.9314449087841956,0.9349133836732032,0.9330244859278464,,0.9352681649778599,,,0.9360598000833903,,,,,,0.9351777664451953,,,0.8535548998389273,0.8537548384618732,,0.8555711453751562,0.21779705606090127,0.21699452443204081,0.21781992252152813,0.21730874956041432,0.21717792376330583,0.49704110650150435,,0.49745414859399456,,,,0.2436512577682798,,,,0.50378253911762,0.5032115615669321,,0.4941347074060163,,,0.4781406407148686,,0.2614962718637341,0.851863784992768,0.9260696801634196,,0.8647660625571626,0.933394949722078,,0.8704261760552245,0.9372127681737511,0.8775233012981155,,,,0.874000084438557,0.27891741220136396,0.8734446431935768,0.9373148954216358,0.8826318513570255,0.8793939945571412,0.5221502982966276,0.5220137510306709,0.5216006588907472,0.5187808508385604,0.5212926370145438,0.5205297010572532,,0.5211294389243728,,,,,,0.5209578035810619,0.5214119304158816,0.5215309512868049,0.5205637661513739,,0.9506410942738104,0.9500741381109674,0.9457938896054165,0.9514251247788582,0.9506949468290736,0.943090438801416,0.2960239837446857,0.2959858648069033,,,0.8965121185636664,0.895600322683519,,0.8981855447464586,0.9549349234328198,0.9525523597178697,0.9569970504791417,0.95444903957276,0.5298180018546262,0.5317830986730596,0.5312312038158267,0.5300864437483328,0.5318649039497394,0.5313067759763074,,0.5304938769602724,0.5302422736454403,0.5307825071010788,,0.5312889231987191,,,0.5294431318992426,,0.5296590276876151,,,0.5305934618646156,,,,0.5308351223078657,,0.5295569391787238,0.5310866268730112,,0.5306862209586601,,0.5318226795154549,,0.5304241342546201,0.5301021121290758,,0.531410435697711,,,0.5314069703658523,0.5302489662111837,0.5299593023969581,0.5308077360343667,0.5318384455703805,,0.5304046200174057,0.5321574322605631,0.529920292097589,0.5304794387161023,,0.5299111731790158,0.5307622173523783,,0.5328719132101619,0.5309192204705068,0.5313180388788673,,0.5300069375155336,0.5305398897933487,0.5327729217318639,,,0.8545052040231146,,0.850763969503471,0.856100719295408,,0.8517598369135481,0.8522456636946194,,0.8513949440227895,,0.8527975332198051,,,,0.20239712120226827,0.20259471814118388,0.20244810169801822,,0.20229710576717652,0.20245866809697602,0.2029114130826799,,0.2021060661777551,0.20286159056179245,,0.20192391521337832,,,0.2022425312481761,0.2027928615966429,,0.8535482859975453,,,,,,0.8553342945920357,0.9402172523140075,,,,,0.9367001264659153,0.9401827642565188,0.9406685331297476,,,0.938521204793159,,,0.9383432840622588,0.2019373266634355,0.20206588611719864,0.20206265607214594,0.20171704978191082,,0.20250186743394888,,0.20281705828901742,0.20231029716582918,0.2018194881265753,0.20264751205059062,0.20228491347403846,0.2001386728725224,,0.20134735636656922,,,0.9429833784608902,0.9398743933022177,,,,0.8530506373644984,,,,0.851607692305872,,,0.8511438674459507,,,,0.8549033772002811,0.8539512968968476,,,0.8544194364582443,,0.8519260125483384,0.8545177354322683,0.8529714046195739,,,,0.8512632876250974,0.85450422096305,0.8528540387936699,0.8541861002305864,0.9413398692096676,0.9427237558708271,0.9434742701631628,0.9412980480307266,0.9402241149634297,,,,0.9396643552004389,0.9442428465709514,0.9368643986529883,,0.9407801564332668,,0.942163447577668,,0.9402005340172391,0.9413120344226329,,,0.9410665858850041,0.9402090820280541,,,0.9401423719231254,0.9390568777588226,,,0.508794498155208,0.5095552273094641,,,0.8070846345103572,,0.4775899258332498,0.4770024157927616,0.47723420440432696,,0.47627742760723996,,0.4762897645325136,0.47501044133856435,0.47603058462583736,,0.4771430340778826,,0.47574046234278267,,,0.4750527396327072,0.47630682787247824,,,,0.47552354097643285,0.47523593022120075,,,,0.4743154126634663,0.4752496020204489,0.4776563491137096,,0.47604502787425773,0.47535313344176516,0.47643532545968614,0.475251742473846,0.4751824355120668,,0.4742286865818897,,0.4750724464569494,0.47542376979799356,,0.4756656617728575,0.4763252449544732,,0.47635587801141555,0.475371108527401,0.475590279992132,0.475636364380756,0.4744104707544892,0.4743446080236431,0.4745874810469681,,0.4755181656305432,0.4750341867207995,0.475169125954475,0.47479606660662804,0.4753814831944042,0.475834790431799,0.47565752470338163,,,,,,,0.47585953094287214,0.4770500117907148,0.47502532521424073,0.47652253671903,,,0.476299265803283,,,0.47547119138611404,0.4758644951389651,0.47633939055360075,0.47416903029517876,,0.4755965050827193,0.4749862190427575,,0.4747378497631922,,,0.4743457664387453,,0.4756413654408979,,0.474941090088244,,0.47550443386766567,0.47485650408505137,0.47556930792330565,0.4759482061270279,0.4755596412745955,0.47528479683512087,0.47484664146507977,,0.47493412940129887,0.4745190628985457,,0.4759884748970131,0.47691559695623703,0.4753208523014732,,,,,,0.4761949245021111,,,,,,0.4749132470273827,0.47582096802596036,,0.47413100331892416,,0.4756408132815274,0.47611209969787704,0.4759513136925107,0.4743777226812923,,0.4740029285720031,0.47541232275692413,0.4746766282444015,0.47716626289659764,0.4761662148001658,0.47593890033409986,,0.4758199847258671,,0.4766083914484581,0.4759945592784585,0.475317078646584,0.47563008506348065,,0.4754010914671336,,,0.475258739866049,0.47590636480674114,0.47455118757856435,,,0.47498377274405845,,0.474140643096038,0.47714078245052305,0.47522587534430316,0.4759740054682407,0.47596868027005773,0.4748602834815348,0.4757877594494313,0.4754979498233615,0.4734135022148416,0.4741542110978845,,0.47467692962537683,,,0.4764162161260333,0.47458563249427255,0.47482687217273156,0.47585997955897996,,0.4753732179667414,0.47457318438477436,0.47531927350252406,0.47575240902536725,,,,,,0.9554366081062027,,0.0946779169302147,,0.8043497427424036,,0.9552930787992204
7,5,DG_10pct,20,Z03_F02,3,SLG_A,298367,298161,True,13977.949904501893,13885.838910289553,2258.9411423352753,1615.4959677681848,1627.602182266544,135.51567757885948,126.83054556323614,775.5222017744214,786.558665814497,571.7591746529587,577.0099293894756,280.5862878929512,91.61164220872334,215.2742875366277,215.63140925745697,135.75994027876015,103.23568710341678,25.785333943806556,211.93728125522733,218.84998948125977,0.5541899864601444,0.5552934781883485,0.553740652528584,0.3262489774525005,0.7823545344780696,0.9693633209406226,,,,0.47252349634895635,0.7951358049223761,0.09311765201518721,0.09341877211912461,0.09309081816174238,,0.8042723489984961,0.8047185587907978,,0.9562435489502517,0.9574976768811445,0.47309142960573886,0.47443259509649055,,,,0.47288255019531866,0.468576683566343,,,,0.47511832741311527,,0.47472883604142296,,0.47401591792757064,0.0992004611658108,0.46744394555262786,,0.4670518233377771,0.47869924188027574,,0.4773101378067778,0.4787678590821364,0.47863982731616633,0.48025535286935883,,0.4777803067802163,0.4791715237052832,,,0.47972076173712036,0.48005215274376867,0.4798603414790421,0.4797686062616752,,0.4795348143121655,,0.11671237128350548,0.11663053165283664,,0.9502669120921396,0.1218444528946356,0.12137247809407206,0.12208965377989534,,0.12211307222373377,0.12225056925409329,,,0.1218246760097272,0.12198819397436025,0.1217459305680485,0.12207240785287599,,0.12222058555132939,,0.12222608515565138,0.12201917061102122,,0.12186142341321467,,0.12199707721156507,0.12165551361193938,0.12237853285771857,,0.47793038327799237,,0.48047764763700096,,,,0.5017684942008489,0.5009477380546129,,0.5026992525695759,,0.24317267339685197,,0.24336491851461348,0.2435560048160247,0.24328455530471768,,,0.2431303712216452,,,0.24341498432669498,0.24360192585969043,,0.24258067777104794,0.2426887129932828,0.2432372852658755,0.24295740819479347,,0.24333355008567117,,0.24357747604547803,0.24292947750297808,0.2428164897479564,,,0.24347816017288346,,,,0.24282121231325784,,0.24270025912049598,,0.2429796707033998,0.24313620373115244,,0.24285874622465214,,0.24282552279019717,,0.24138349711291518,0.24250102735464818,,,0.9300870078576138,0.9281690495315358,0.9263046619989417,0.9287979207484199,,0.9296226820462564,0.9292910402253942,,,,,,,,0.925365089181764,,0.9285434168046794,0.9310622098494766,0.9304194426307273,0.9289882547038327,0.9283193037828246,0.9271900136129715,0.9296554318566305,0.9289313072254509,0.927373113217131,,,0.9263917718526489,,0.9282891411462578,,,0.9263145748024614,,,,,,0.9252556240046224,0.924860905561324,0.9273468943645915,,0.9272198869811876,0.8492792479304515,0.8530612729134336,,,0.8531591398969213,0.8523279108170655,0.8529761259960202,,,0.8516372961966685,,,0.8526612833148238,,0.8507105458155708,,,0.852481227341845,0.8542296659486219,0.8527461871680289,,0.8543487011440803,0.8531852212129485,0.8509638731089106,0.8529762106187749,,,,0.8524378904282693,0.8512151126038012,0.853452851957672,,0.8535360790137548,0.8519921844756199,0.8524705465398721,0.8513279653687524,,,,0.8549145473033122,0.8543614404658145,,0.8510009231112673,,,0.8503905962300683,0.8520912657083384,0.852104316751943,0.8548253588325934,,0.8517279294785232,0.8523471003350294,,,,0.4910447271326194,,,,0.5060976984871015,0.504355945278995,,0.5039140619144142,,,0.21900488415860145,,,0.2188340011321185,,,0.21889919353075749,,0.21881607817965035,,0.21901872181351265,0.21883337737320163,0.2184912943839216,0.21935047861645243,,0.21934386927691105,0.21854451837695255,,0.2191119810952237,,0.2195949670005029,,0.2183407125880795,,,,,0.21838510427461344,0.21828226374862314,0.21838681550431807,,0.21893126290183162,0.21872463067094694,0.21904083983917033,,0.21917942145617672,0.21889228271429872,0.21869245646003788,,0.224275029446482,0.2244218347897843,,0.22438375311292522,0.2241532006457111,,0.224349738994185,,,0.22434213821120508,,,0.22392391089730226,,0.22430780338953013,0.2234655739549082,0.22437375047180932,,0.22470237787225275,,0.2247224291668706,,0.22384623161604633,0.22421940981948918,0.2240461206426953,0.22423206657855976,,0.22455644328579083,,,0.22452061903973677,0.2240662769460684,0.9338622339524402,0.9351439753830502,0.9331337917994996,0.9377271433286759,,0.9365617200245632,0.9351867345316552,0.9367408782126423,,,,,0.9345142340962933,,,,,,,,0.9326408767486719,0.93550874777908,0.9335894062226391,,,0.9341406311225177,0.9365850697279993,0.9343911601798134,,0.9352563071488674,0.9356299877354352,0.9386767485993892,,0.9341839463409315,0.9343901942030534,,0.9391164008506799,,0.9357261827892693,0.9351751784684922,0.9357037068820443,,,,0.9367648025087484,0.9377203852664869,,,0.9384061091467955,,0.9343296245152288,,0.9370409629425218,,0.9369833389616167,0.9371265616542472,,0.9380199896383815,0.9341819148628758,0.9329761346889861,0.9348810153707834,,0.932574925988583,0.9357439149121223,0.9345802798629009,0.9346750896106427,,0.9329437982019918,,0.9364726380246668,,0.9333157193251179,,,0.9351063929379173,,,,0.9308874118305211,,0.9348844300795225,,0.9368997384587955,0.9322444690019689,0.935999629704028,,,0.8523867509058053,,0.8558920984806632,0.21741309293337963,0.21756657725512374,,0.2166011024620022,0.21728729868151334,,0.49693975313253635,0.49682286659971725,,0.4984287654365444,,0.24256114361244446,,,,,0.5048091216660666,0.4922941645871634,0.49232469140181057,0.49329349200280254,0.47801121225700177,0.4772628822845017,,0.2609069100722319,0.8541529535329068,,0.27123553230808556,0.8660421968589637,0.933521168764381,0.2753531545412306,,,0.8757058237582376,,0.8755815710211808,0.8754804271109585,0.8776297537735731,,,0.9428450509217272,0.879003709429982,0.880651382073238,,0.5201268844218694,0.520502026855858,0.5215303475897766,,,0.5215488511619789,,0.521554546916754,0.5209380164630268,,0.520186466035766,0.5210424547841307,0.5212593556030658,0.5206549426514004,0.520012710624858,,0.5211491192978892,0.9514280570951938,0.9488560045441287,,0.9518212229997955,0.9476301885091671,0.9443757949439353,0.2955067070042685,0.2969387439266716,,,,0.8959408734591153,,0.8932014022727803,,0.949255081174162,0.9540908482050627,0.9540833080886912,0.5292776160232926,0.5319428056158823,,0.5306953891062784,,0.5324622670402471,,0.5311663166922364,0.5297326124934751,,,,0.530342715252091,,0.5306012340939121,0.5303143085077218,,0.5296499398551229,,0.5305966698984227,,0.5311158693149269,0.5299194429766579,0.5312333330982659,0.5303737537206195,0.5301090238056764,0.5313527995433448,0.530985419874017,,0.5317128495678443,,,,0.5311837545699427,0.5315910426447794,0.5306716553079219,0.5320415604926149,0.5320502439257329,0.5316206507658243,,0.5292839341881665,0.531795699579988,0.5320816958982859,0.5323552637066211,0.5302520647087575,0.5314547777908669,0.5323571641805227,0.5305631777887924,0.5314961631214906,,,,0.5309020179792063,0.5320921852937164,,,,0.5299414243555872,0.5304313085125371,,0.8513467688542222,,,0.851336425312218,0.8527430418616043,0.8520271197089603,0.8533658481214175,0.853677356667972,0.85157155867379,,0.8540021866669291,0.8520145349357656,,0.20225921998020657,0.202043332182988,0.20225097927572996,,0.20201125339770684,,0.20251034419571012,0.2019557363580502,,0.20278969204756503,0.20225943991225276,0.20287838387817117,0.201610305724044,0.20204153352010454,0.20225060413896764,0.2017821303305007,,0.2019902866353481,,,0.8521247391991867,0.8543707458221211,,0.8546339876876922,0.853604819301565,0.853380810870691,,0.9393118174696429,,,0.9420742110403927,,0.9405967095581028,0.9396170983474237,0.9364758387151021,,,,,0.9376147334709911,0.2014564339538895,,0.20192592611232982,0.20111771574947765,0.2018706814511409,0.20282273178387794,0.20206002528091654,0.2028510684826871,0.202061939004714,,0.2027675500999637,0.2022467181716173,,0.20203339144836854,0.2015455172528427,0.9411977481228019,0.9391369642640993,0.9394551525690604,,0.9411009029206274,0.9400553001951109,0.9385402213027196,,0.8532753069694132,,0.8542971338095237,,0.8558327055646697,0.8546526398087007,,,0.8542919735572106,0.8561339256546783,0.8558048374999617,0.8558136155002859,,0.8543374498310843,0.8532025472700289,0.8517480916584313,,0.8536884693582527,0.8521151220555271,0.8523928300648412,,,0.8515636728080168,0.8543224823983048,,0.85126858127126,,0.939190921360717,0.9446191643808408,0.9412852883320423,,0.9426743468935188,,,0.943401213879531,,,,,,0.9389194718978441,,0.9413621337260157,,,,,0.9409826063178669,,0.9414738212711966,0.9451392500362998,,,0.5077017882037994,,0.5088760051515301,,,0.8066975689658027,0.8019512298829711,,0.4762897255568095,,0.2880833916831942,,,,0.4753095818939977,0.4766960120943646,,0.47481785394891096,0.4753338744311617,0.4748261342742329,,0.4763570373424561,0.4766619183836324,0.47452332304122624,0.47491945854615336,,0.4755138024858567,,0.47505091636801267,0.47441281675598024,,0.4750939310569051,0.47548703888288824,0.4750057065109146,0.47552457063151493,0.47504050726887137,0.4732780339561314,0.4755606435514647,0.47513954798662045,0.4745690653516028,0.47628385433473697,,0.4740646657617494,0.4759653258771074,0.4767419808057755,,0.47695307717095603,0.4756207598005221,,,,0.474369684568881,,0.47641130278998883,,0.4754714818821683,0.4753788911432567,,,0.47510611124568813,0.47717328803958897,0.47530884249347893,,0.47579680189736456,0.4743948142563059,,0.4744397816646479,0.4744199897143591,0.473964523728041,0.4751533063325154,0.4765209859702448,0.47661977726676336,0.4742840804162307,0.4755556114940006,,,0.47514718033617453,0.47708904886677783,0.47622437686248087,,,0.4759504812656812,0.47471105679521564,0.4765428490704038,0.47484754703186094,0.47570676095942604,0.47520431446714817,,,0.477760557234385,,,0.47396951988628067,0.4747327917270703,0.475541939626713,,0.47415016700134005,,,0.47591437679712667,0.4762989230561659,0.47472140933378476,,,0.47573055700797506,0.4752992844568833,0.4758850271471593,0.47663087550997724,0.47655228875168454,0.4771170979330061,0.47630987913181855,,,,,0.4758747175787396,0.4754585679245971,0.47527682674502253,,0.47491672452001815,0.47527187017194406,0.47572306307576767,,0.4752103030531296,0.4764707177669572,0.47526415526207044,0.4757255009504317,0.4759903633348062,0.47567811998164566,,0.4753463194480595,,0.47524856351113004,,0.4765009181745919,0.4760286151294598,0.47399616149481316,,0.4763785080355571,0.4761861926537933,0.4749810982371575,0.4751732846308004,0.4740388687038574,,,0.4772952290981719,0.4749054337523125,0.47586868612920014,0.4759917137656959,,0.4738550565091809,0.4756203239301558,,,0.4762440695921199,,0.47463299463325265,,,0.4751764148249425,0.4748261564030701,0.4768739813463927,0.47582929488070624,0.4758754487529573,0.47551224658041025,0.47483496413955895,,,,0.4749637540227014,,,,,0.4770155140913445,0.4751181355245714,0.4753276262512075,,0.4753845987118232,0.4734294019408286,,,,0.8040779890003983,,0.09503212994908136,0.09516757656692681,,0.8048550485397731,0.9570061818353196,0.9546817730666769
7,5,DG_10pct,20,Z03_F03,3,SLG_A,157115,165448,True,13362.57441417801,13438.510309568372,2311.743118755334,1642.347009646678,1646.8960158721263,138.90149026434406,129.6773353871727,784.1031373203273,795.6644435518895,579.0293499103014,577.3286116251057,284.1505177296524,93.15708204552182,221.6440748311867,223.33692170681132,139.08280777917435,106.00335517878398,26.05966728306827,215.44344193957014,220.9017758237443,0.5654977386883094,0.5663668164360064,,0.35108113932690627,0.788601763576023,,,0.4783804468802816,,0.47886647781921254,0.8022524263600926,0.09050491004668965,0.09042714448894575,0.0903589409467793,,,0.8128593758096336,0.9568181173601955,,,0.47874811291216635,0.4785017381149547,0.4781562151293988,0.477641604189654,0.47895145584708987,,0.47216482073076105,,0.4740322707998335,,0.48102151999445075,0.4807095625356469,,0.4797788213434974,,,0.4718134485237255,0.4716214583746348,0.47346495468432276,,0.4820006005595471,0.48342755011137223,0.48392440668155456,,,0.4844461200852306,,,,0.4853952182232477,0.4857018244767779,0.48539109489697724,0.4855715209385353,0.4854971130376184,,,0.4842486854076504,,,,,,0.12039624154440551,0.12033201321529911,0.12038603684888438,0.11997404642987532,,,,0.12007061195735586,0.12067159347967558,0.12046290978441672,,,,0.12043996118457936,0.12048986754990286,,0.12036841338593984,,0.12041018704443093,0.12045012011944224,0.12062749500881957,0.12037808118331782,,,0.4838432009267748,0.48389827401266966,0.8498382985805738,0.508738881322548,0.5067521173440485,0.5067849577983696,,0.5073481395902558,0.5089680126495728,0.24655641285156718,,0.24561266270642068,,,,,0.2465769319728993,,,0.24595360466093202,,,0.24596512734842046,,0.24660011307572227,0.24620301422904384,0.24625397037044597,0.2461162380365183,,0.2462435427895373,0.24591600809686542,0.24579617513270222,0.2453510124112733,0.2458607945293813,0.24552355858993605,,0.24623341399773688,0.2464128733934886,0.24620677017884393,0.24529172956895248,0.2457387495000035,0.24644967615683194,,0.245967199054787,,0.24627359958750197,0.2456133356418982,,0.24656540640262917,,0.24643178551823602,,,0.928333421669928,0.9255778322435028,0.9239327250678622,0.9266614222466877,,,,,0.9278014276655082,,0.9243134870313308,0.9238381240950088,0.9297688064673341,0.9254988908723963,,,0.9281528168417165,,0.9292293318321727,,,0.9277502789165686,0.9275355091874247,,0.9284674056527596,,0.9264789252589717,,,0.9274281348396793,0.9258577452358164,0.9259918258865779,,0.9270896380056871,0.9240835162379337,,,,,,,0.9270265887341753,,,,,,0.8560742800953762,,,,0.8563582733485401,,0.8563634047344059,,,,,,,,,,,0.8569907989804447,,0.8584659985350964,,0.8578335261388579,,0.856153841787839,,0.8543696478916959,,,,0.856631806405225,0.8573595219385732,0.8579586606740954,,0.8581744214409543,,0.8583557442352773,0.8544283782968255,0.8575910586269792,,,0.8585216500492872,,,0.857844536976776,,0.854154565511777,0.8571958530754007,0.855638838011138,0.854440344601175,0.8560646413628046,0.49555438172451466,,,,,0.5101632314039387,,0.5106274774911911,,,0.5104617172187548,,0.22151822746291247,0.22149442291995455,,0.22048711342586044,,,0.2204856726216921,0.2209904875234998,,0.22132642909977202,0.2198504063573197,0.22051169738128437,,0.2212493235129357,0.22108838742539702,0.2214489262943109,,0.22081829911844938,,,,,0.22084132951518567,0.2206620292746103,,,0.22114576388590124,0.2215624080906246,,0.22103862076095127,0.22155717904515493,0.2204697748805219,0.22085512213791406,,0.2211836214752338,,0.22119383568886075,,,0.22632025357733837,,,,0.2270403297363866,0.22659069352731304,0.2266560429899455,0.22604588622173755,0.2267470072391972,0.22748996770988844,0.2264859642100167,0.2265954470501509,,0.22646666484095718,0.22651719107900473,0.22677863104981416,,,0.2269496114879193,0.2266565542083486,,0.22634215139219682,,,0.22589977915535575,,0.22630674806327464,0.22676400198952681,0.22620164951333185,0.2271941782809841,0.22668851670410123,,0.9354184135933652,0.9359673495480908,0.9366795732980563,,0.9367399773478301,0.9332653931963386,,0.9345944884932061,,,,0.9339036005980267,,,,,0.9346814138036909,0.9340830668609905,0.9333738779099476,,0.9314711228677968,0.9337152872013789,,,0.930218989881796,0.9330670652520436,,0.9345049840958951,0.9337887228631166,,,0.9323976144884129,0.9341982130181415,,0.9343643134119252,,0.9334182984678653,0.9384596353797495,,,0.9337018642515817,0.9378570666581301,,,,0.937592531396283,,,,,,0.9336093630680359,0.9338744150883995,,0.9326739163115183,0.9367182595829897,,0.9333864213781529,0.931891087247556,0.9318988826632939,,,,,0.9328450331544652,0.9340860314226546,,,0.9327215160269461,,0.9325870254142378,0.9320184722869407,0.931365924950768,0.9325295602662604,,0.9333363480743574,0.9309920473589942,,,,0.9326924007905717,,,,0.9334180835188688,,,0.8607410395956185,,,,,,0.21933829020943416,0.21978556348312264,0.5028885943523069,,,,0.5037180241469676,0.5037738870912805,,0.85775493176434,0.9232471103334658,0.5093130847808598,,,0.4993773245258417,,0.4990065782945029,,,0.4828999978904685,,0.856206453809211,,,0.8697182831872038,0.9325281890291527,0.2807951373478712,0.8740561925557352,0.9366801820133576,0.8788239459207525,,,0.8762692703916617,0.878794804460658,0.2839686297458006,0.8786798692767651,0.9408903342922188,0.8852127019080995,,0.526276642881589,0.5268042466866495,0.527397288974349,0.5265083707893298,,0.5265404585167985,,0.5248755137515012,0.5274903301172479,,,0.5271417355870314,,0.5264458093886556,,0.5273987221450053,,0.5273670889125849,0.9492271722437103,0.9503461846829376,,0.9485093528081877,0.9483843045006011,0.9435201234870988,,0.3007438419206295,0.30067376202801155,0.30140084542136514,,,0.8984688052440104,0.9003135216114786,,0.9507496760256905,0.9508341226080309,,0.5351440581543959,0.5356928573756284,,0.5359488436027783,0.5376039488538197,0.5381702281238125,,0.5359491769833244,0.5368250933957233,,,0.5367207928938392,0.5367957742997248,0.5357501181662189,0.536612397966716,0.5366693372587027,,0.5381443724346436,0.5363724217012619,0.5365719867031294,0.5366352163711997,0.5368917252265937,0.5357725603264883,,0.5374259759894929,0.5369891587197066,,0.5360346735714415,,,0.5364349840743039,0.5371106525572209,,,0.53680406486208,,0.5380531865511208,,0.5347897422528496,0.5375864115706228,,0.5375489752131875,,0.5374854549143341,0.5385041948445566,0.5383764627215183,0.5366135873219406,0.5379557998239921,,,,0.5375844409207222,,0.5377048112827011,0.5360408418445824,,0.537864184103647,0.5362531467108601,,,0.8562991055317536,,0.8575698537294058,0.8577315848821415,0.8587841482978334,0.8575809093713009,,,,0.8577571009227792,0.8553548021774227,0.8573087047393513,0.2044226173720136,0.20366237093905176,0.20363040105097993,0.20380173970486054,0.20390292188696982,,0.20396208959071535,,0.2036821881742488,,0.20417399622696675,,0.20414712535354598,,0.20336500028676152,0.20370589331918634,0.20334539936603852,,0.20408485993212655,,0.8604225844423135,0.8592817560339651,,,0.859790033384933,0.8585827290101193,,0.9395179576894042,0.9388904086141319,0.9399811132151196,,0.9381535350781409,,,,0.935062473186553,,0.9403368126035351,0.9361716286126065,0.9388449263859153,,,,,,0.2042459825338377,,0.20412271877722768,,0.20364838434436722,0.20398493025680356,0.20417093251522006,0.2036080416167444,0.20112307851743627,0.20340681416534628,0.20316633537720682,,0.9398023369409925,,,0.9380517100655879,,0.9391626019135696,,,0.8574383967960261,0.8580909474018733,0.85864656143315,,0.8570116377886727,,0.8594895028084198,,,0.8597394332860563,0.8608029310947308,0.8567824789822225,,0.860609639789432,,,0.8589797441518154,,,0.8589966735348872,0.8594707744251324,0.8594467510771773,0.8574102572366934,0.856122005590562,0.8577069040961302,,0.9388113392216942,0.9411725474864145,0.9404150096998941,,0.9403425571827875,0.9393540231577997,0.9416045035186701,0.9409811649140772,0.939843730752769,0.9352768341583636,0.9378794913106646,0.937500554294504,,0.939089722035796,0.9414950090398867,0.9410693604692735,,,,0.9389019027324623,,,0.9394893542474925,0.9401292054357571,,0.5147745349683246,,0.514104718573258,0.5131857702277252,,0.5145721801030124,0.8122170694756204,,0.4824466930375349,,0.4828754302787081,0.29285411526379423,0.4811058312585925,0.4811461891824662,0.4810334773728832,,,0.4813408899201471,0.4805440341966884,0.48103085619620783,,0.47993849506483327,0.48028897475033255,0.4798792456784687,,,0.48061030266915344,0.4806084175115289,0.48270011893370274,0.481647063718023,,0.4803315560045092,0.47999827546244356,0.48367224383090646,0.4813634819915217,0.4816806102898037,0.47957892424827664,0.4806126992150598,,0.4807203285694865,0.48058287690135454,0.4809573393705911,,0.4805105341291907,0.480793276859466,0.48039233870156206,0.48107988361509274,0.4803255746703714,0.48016830733056426,,,0.47985239180051076,0.48094306032105016,,0.4806918001265835,0.4814678449132226,0.4808533409604024,,0.48093286615474834,,,0.48156985054077245,0.48051434112463554,0.48070599115283985,,0.4806114375733192,0.4810956680961339,,0.48078594048234713,0.48172752755595966,0.4803804910980826,0.4801769105833992,0.480170022858175,0.4797925152693803,,0.480676698034996,0.4800314241694167,0.4812687132961768,,0.48284143789228406,0.4815485556777137,0.48111452104041547,,0.4816090827677102,,0.48058457994850845,,0.47980981841745435,,,0.48248066642059123,0.4799866108280943,0.47983243256162506,,0.4813053537620465,0.4794085110074803,0.48186675957598246,0.48026978366705714,0.4816818500343654,0.4817624580552424,0.4805275895870805,0.4811335395109644,0.4815736164173614,,0.4805923844064455,,,,0.48112995311680873,0.4802651123095984,,0.4807594263777878,0.4801594783352111,0.4804011704663706,0.4807391642634926,0.4815915751763076,,,,0.47961657907252225,0.48079415525291985,,,0.48062915143903345,0.48025405932324977,0.48135177722838274,0.48169478513901454,0.4813115755236263,,0.48123957207353707,0.4802223703876211,0.4803360890587039,0.48103877391028255,,,,,,,,0.47970581022728526,0.48013751287223566,0.47913535163726384,0.47911626463963103,,0.4799474095619161,0.48019481464124386,,,0.48031664121109297,,0.4796502363437068,0.4805402951597934,,,,0.479726714193226,,,,0.48176813539018704,,0.4817937379098116,,0.48075166382327655,,0.4798414093244599,0.4802354436376593,,,0.4799808124549365,,,0.47880351145416034,,0.48140943416320164,0.4804120884641562,0.48009356505463097,0.4797439401013241,0.4808440729939533,0.475231945990827,0.47655295480999066,0.47684202974109213,0.10340334080784719,0.8135657899932858,,,,0.8142302773791369,0.812332278282186,0.95599868375708,0.9571210592551418
7,5,DG_10pct,20,Z03_F04,3,SLG_A,298367,298161,True,13997.460046676308,13945.544938522793,2246.477935139544,1621.0881167342998,1621.251150416785,136.4368180626067,126.68317831335759,775.0129135350024,789.3481971265501,574.8070179158586,574.3196690626829,281.44473695368146,91.68822075339439,216.29222578396028,216.3033569722672,135.21107431761405,103.05282802605898,25.94350337778959,211.77962323250046,217.87074491782857,0.5534367462159977,0.5547196213549554,0.5540523097248494,0.3262694098831769,,,0.8165289056596486,,0.4718885287613246,0.4729440410426835,0.7934819019720659,,0.09296219973021881,0.09322169867873757,,,,0.9561823543303022,0.9592621117757353,,,0.4732565874239721,,,,,0.46876075587676763,,0.46825078984027513,,0.4752853302431743,,0.47490045261795516,0.47477546359234446,,0.09924021873963981,,,,0.4799770187256644,0.47753842898486526,0.4786068342399706,0.47986300531274384,0.4787084057923154,0.4796397566461454,,0.48008265784358345,0.47930942504111107,,0.4794320011990106,0.4786875085738986,0.4793628522699539,0.4801767336009391,0.48006594441141776,,,,0.11634701911123804,0.1164443919058087,0.8038706466215294,,0.12210122726278971,0.12194164261752033,0.12214028342335828,0.12198660369811469,0.1220063223241884,0.12155052037672237,0.12222415314119806,,0.12202756202732647,,0.12230442488142315,,0.1220062268231308,,,0.12210020540210108,0.12160652444375239,0.12197399358049638,,,0.12217285492361656,0.12206332267447671,,,0.4792953824390812,0.4772804562359695,0.4795521191546912,0.8451026845797448,0.5022144240106997,0.501381529378668,,,,0.501846113326027,0.2428559464668246,,0.2428966944378688,,,0.2427023856791318,0.24307872557186058,0.2435751417024098,0.24295313103027724,,0.24264027652035022,,,0.2425071285786734,,0.24300866038704516,0.24314625341822915,,,0.24268632952500038,0.24320365552159617,,0.24331434173753466,0.24242680235587516,0.24352810040423317,0.24304534442272221,0.24324389384619585,0.24321970097090037,0.24228695346796217,0.24246495569921372,,0.2421109799946596,0.24286049434949147,0.2425874078797019,0.24250939805160873,,0.24210758538416507,,0.24254789930965368,,0.24310562685318102,,,,0.930089341438629,0.9300682635194847,,,,,0.9291662637507102,0.9312915472202454,0.9303193430139198,,,,0.9281469182056836,,,0.9284770844944475,0.9322835933398691,,,0.9294265627708517,,,0.9286628911829213,0.929806053288012,,,0.9298220702047628,0.9275790817688832,,0.9278100337539484,,,0.9252100247332777,0.9257723875332197,0.9252008064065933,0.9287125728977171,0.9267162234209936,,0.9295712714300833,,0.9295265910978587,0.927421433688086,,0.9271717118687485,0.8533302031228781,0.8515139450948254,,,,,0.8512963847288822,0.8552071786723178,,,0.85350903301317,0.856014344173499,0.8518939028490705,0.8542416577858459,0.8526263462185097,,0.8510836748408895,,0.8504040198814693,,0.8533830576789647,,0.851139368046463,0.8543621726538968,0.8533521439995068,0.8506208096601726,0.8529809055691548,,0.8532783694338035,,0.8515658659017173,0.8540684947257932,,,0.853737189358871,,,,0.8540649520554862,0.8529624759628508,,,0.8524003004436571,0.8545325497068792,0.8507710762602541,0.85440188626163,0.8515592764392097,,,0.8519102431211968,,,0.8523251918005758,0.4906292113462626,,,0.22597829605484793,0.24053068118542806,,,0.503583564372699,0.502949242223894,,0.5054868070489963,0.21847758394733166,,0.21882283529514976,,,,0.21891356656773492,0.21880528754108325,0.21914535728823797,0.21790411489883293,,,,0.2184316428134141,0.21976709172416933,0.2186155395432106,0.2184177281591761,0.21866903646749766,,,,,0.21888060485031285,0.21853118852684314,,,,0.21883172512671337,0.21924550216973024,0.2186409031783618,0.21832514412598877,0.21892869118468417,0.21877216346098427,0.2194897554413216,0.2191950246716679,,0.2181591779240519,,,0.21916445616707092,0.22467697454909977,,,,0.22370665806969003,,0.22443911397193483,,,0.22475439823994042,,0.22411510969035844,,0.2246750614514774,,0.22414409568451443,0.22417132392987724,0.22372004352150598,,0.22417611190678233,0.2249874117864498,,,0.224357609427748,,0.22388079508370357,0.22451391972812812,,0.22459545812058326,0.2236861763485193,0.2244199644231717,0.22362308938386427,0.9381275334714219,0.9372610314502812,,0.9365373153765048,,0.935839627610089,0.9380542024416665,,,0.9387011795501117,0.9352977056710712,,,0.9339890332705597,0.9324574418025546,0.9348681752681296,,,,,,0.936765969898796,,,0.9323696231581245,0.9333650569339572,0.9357264879333906,0.9376983066449726,0.9360807098011242,0.9350647961398584,,0.9325404662056681,0.9356337961723927,0.9356251666480477,0.9345186942745448,,0.9379928876617837,0.9349819300600282,,,0.9351111176559187,0.9384304067082148,0.9375838938068384,0.9352954261016488,0.9376262277625009,,,,0.9363177179123661,0.9363035687236622,0.9376170418109391,0.9391005126963639,,0.9354700692299383,0.9382947792789469,0.9386058424977809,0.934796511700785,0.9327621954697165,0.9330738857612593,0.9305353320756967,,0.9319849034472251,,,,0.9347740054208147,0.9338075959624602,0.934216907717751,,,,,,0.9329116111120738,0.9323106547396636,0.9358701022848436,,,0.9358244686931385,0.9324269278388169,,,0.9323372107921549,,0.9355444890651948,,0.8570193533341979,0.8543911401754376,,0.8555354745498939,0.2169199363067796,0.21738957937553452,0.2177316499544305,0.2174423320447026,,,,0.4971889585841358,0.4979513558635882,,,0.24251636870794158,,,0.5041118519887409,,0.5048495707803987,,,,,0.47923556000744516,,,0.850727049883677,0.9256053242604146,0.27215813570224867,0.8635239706497077,0.9331236684062895,0.27563522474128194,,,,0.8741380154818874,0.8756129285167675,,0.8760939329954952,0.27921239188413527,,0.9391575295022074,0.8794353350136305,0.8855339778527325,,0.5229324834670134,,,0.5204094100874922,,0.5214442132146699,0.5224732694802572,0.5216745175772577,0.5211225504615687,,,0.520867690658056,,,0.5211444934942391,0.5211801692491923,0.5211270692499642,,0.9521287094479626,0.9505159537624065,0.9508352112134729,0.9493473852555057,,0.29557309628482176,,0.29691701324731934,0.29536091669537756,,0.8967936672492381,0.8958148202085274,0.8988255944496878,0.9525839406770489,,0.9541520981965202,0.9548184002228446,,,0.5301601299599432,0.5306500769570553,,0.5309968637860982,0.5296250719722657,,,0.5308310990782124,,,,,0.5316859383554509,,0.5312261391137039,0.5297539847158367,0.5296654542050238,0.5320031677280618,0.5309654000365878,0.5319413987358556,0.5307824617774334,0.531353022532516,0.5317915731774008,0.5307939132551842,0.5295965025576166,0.5304093490340765,0.5305629897869532,0.5312885468372509,,0.5298122015224969,,,0.5319454857619715,0.5318125489551929,,0.530324884512656,0.5301062475637489,,,,,0.5297415674854845,0.531728641368035,,,0.5308877800411168,0.533044263106747,,0.5307063513861253,0.5313956098557758,0.5335834969261265,0.5305802243105646,0.5312612090648422,,,0.532822161160315,0.532825893132347,0.531704293893604,0.8528880854992876,0.8518577887383437,,0.8521386980976038,,,0.8538895419267688,0.8496874997807794,0.8508201199845841,0.8520515930814657,,,0.2021792270878058,,0.20209158662860835,0.20257573346000865,,0.20248435299024084,,,0.20203054506009957,0.2020581712644488,,0.2022531894139016,0.20217881525850862,0.20224274245119167,,,0.20168539278457703,0.2020725087455705,,0.851469348546941,0.8531369603428408,,0.8547927011293545,0.8529826187164085,,,0.8535572367127496,0.9410263610818823,,,0.9381972445587361,0.938039043319882,0.9402635711528565,0.9384939581294542,0.9343442310785666,0.9376261285664579,0.9354813868237369,,0.9410934630079778,0.9396360516910642,,0.20199566085853085,,0.2016649567901096,0.2018877467224974,,,0.20256891467245583,,,0.20214567567306316,,0.20265054024888549,0.1992880102532166,0.20165061086777628,,0.9435068917372308,0.9381714489930186,0.9380332735173914,0.9392973896719886,0.94135729883984,,0.9427351241929902,0.8526179318915795,0.8515990927720998,0.8527162725262676,0.851848535493419,,0.8549335371802994,0.854233903843616,,,0.8525337532798574,0.85428322695264,0.8554671239066549,0.851224817440891,0.8561903299877092,,0.8528523462090898,0.8531306990999996,,,0.8528629394172601,0.8536075909116262,0.8552535955042081,0.8528272885351971,,0.8536242715319855,,0.851808570053867,,,0.9434872085334495,,,,,0.9412756261088427,,0.9405135973678036,,0.9398268853406722,,0.9420450979816156,0.938393047731091,0.9408744019382216,,0.9367871704378291,0.9409607805241411,0.9427187988330372,0.9422808408275697,,0.9409411449290161,,0.9392624110019507,,,0.5069015043418064,,0.5088426022441641,,0.5082910939836598,0.8062288140768031,,0.47743075847330196,,0.47845086528261216,0.2889251200706592,,0.47578500601647317,0.4759133473708189,,,0.47530280655962354,0.47596731111908314,,0.4746497341235006,0.47526487746712565,0.4746126139400861,0.4759564275177115,0.4743739499155378,,0.4749362596411766,0.4759257917452566,0.47543711540180084,0.4753326535432764,0.476874408495897,0.475386756339647,,0.4748949067388078,0.4754435923802499,0.47635962309946467,0.47623786548555885,,0.47532214295633973,,0.4750930207196333,,,0.4761147845719975,0.4757211455934619,,0.4754676007082671,0.4755252757782069,0.4771420655286726,0.4767257769993081,0.4762325251402484,0.4762544070897254,0.47444112661036597,0.4757520934705077,0.47609886617784775,0.47502381405673944,,0.4755835920291857,0.4755095890264606,0.4743266399337329,0.4767089693278945,0.4762795990389709,0.4747679015359932,,0.47536251823262404,0.4759561815448599,0.4760356854603477,,0.47447803159238067,,0.47508541399034193,0.475431101592915,0.47478254758029326,,,0.4755671410072177,0.4752742904274708,0.47539626513727695,0.4749619583733733,,0.4764170025069772,0.47655360987492534,,0.47645887621109134,,0.4764370904979355,,0.47538157914077955,0.4759472887339216,,,0.4758556870508081,,0.47633411839623774,,,0.47636755191028274,0.4772414618481286,0.47510257783351934,0.47453884454799633,,,0.47477547980254375,,,,,0.4756367632378512,,,,,,0.475245974969764,0.4756246721858488,0.47558229668780017,0.47545721671762037,,0.47380526794939376,0.47689528699122474,,0.4758468437417378,0.47399840493183515,,0.47544106167600475,0.47543806815313444,0.4761648978003161,,0.4761536355907633,0.474866582991293,0.4764379937316343,0.4746265772312684,0.4757812800534124,0.4754137632776811,,0.47672899632934,,0.476437417669853,0.47625672209275344,0.4757324468366136,,,0.4737398453387777,,,0.4769015608355013,0.4761061127655332,0.47577094488589516,0.47462938175719876,0.4734083176174519,0.4764958627890136,0.4752344974681964,0.475764247077433,0.4770362015312242,0.47544864173499424,,0.4755231671155905,0.47584396365277165,,0.4747553495997714,0.47491907427951185,0.4762702873517916,,0.4751181460452398,0.4755972485330514,0.47546777798928636,0.47562130818595966,0.4747554174631375,0.4764739645256209,0.47490480329801643,0.4754285673843802,,0.47627091806193533,0.4754471316538282,0.4756640629732024,,0.47589867925067303,0.47615149638150955,0.4751718114057936,0.4753809467840007,0.4714026851390589,0.47106379677518545,0.47126593488310264,,0.8046544623688601,,0.09508517064023432,0.09512756823714465,0.8052111722606694,,0.9554200254430781,0.9557938715302746
7,5,DG_10pct,20,Z03_F05,3,LL_AB,298367,298161,True,15296.37233671089,15252.184817222875,1479.7631302868822,952.0155695002311,949.5059788974011,94.07959250392716,85.84805017052759,444.0182049945997,463.24924971122994,337.5973550295416,337.81614862296436,163.18805908216103,53.90692865172698,175.07911969466593,183.18414791354863,93.915243218281,74.9823637206507,18.22746045614629,143.33336026436675,130.11423802747342,0.2229614726198464,,0.22317009615288672,,0.2605096495283952,0.8102805240097493,,0.00012990148858841018,0.00012986353080560577,,,0.09897739521317549,,,0.09850019008935527,,,0.8109647041412866,0.8092393971401968,0.8111273646640139,0.00012960269889708166,0.00012993921835271916,0.00012978746570235734,0.00012809147243211206,0.00012812905614379653,,0.00012820461605960885,,0.00012805672475632435,,0.0001285014730407368,0.00012876074428108325,,0.00012880399459695463,,,8.81554040216926e-05,,,8.373167779336549e-05,8.42103660778866e-05,,8.440413858847787e-05,,8.446258085750948e-05,8.438718200888213e-05,,,8.458364672429864e-05,8.417825359693309e-05,,8.4504658536509e-05,8.428813337514324e-05,8.429495923345993e-05,8.428022374624638e-05,8.43112340855434e-05,8.437938502310807e-05,,0.12390044979852687,0.12390719591384178,0.7903116214518519,0.12973804861830313,0.12969666436096036,0.12946373828883742,0.12966631552785735,0.12947563437105847,,,,0.1297020432710494,0.12973802944925888,,0.12957773827592486,0.1298772669847016,,,,0.12922287515026748,0.12956557596831286,0.12940035648618298,0.12971202389258737,,0.12949219992273434,0.1296524703830269,0.1297840850405645,8.684692749317661e-05,8.70009180640759e-05,8.682043547772766e-05,,,0.00013145128574859082,0.00013139257477882814,,,0.00012660646710569082,0.2593330906371249,,,0.2596092217042803,,,0.25815248614392916,,0.2586729477554135,0.2592487860719752,,,0.25900532591198705,0.25968722617101175,0.25828762127511806,0.25928138225431935,,0.25886300441798377,0.2591680150331773,0.259894709762593,,0.25889498797370164,,,,,0.2589654150407941,,,,0.258712106119291,0.25901973446207815,0.258928407690217,0.2588534850478877,,,0.2587509071081196,,0.2589898999157841,,,,0.25822671950142767,,0.7044947970356552,,0.7047180500834924,0.7065950111333269,,,,0.7065744305054075,,0.7053800732832073,0.7052239620010134,0.7051331228000325,0.7050118940896415,,,0.701398907560066,0.7039558860861679,,0.7049229112014437,,0.7038993603571615,0.7046504857064775,,,0.7059539666737078,0.7033192621381548,,,0.7037560262980554,0.7031004863723718,0.7040868529781807,0.7050505314885895,0.7064705209731132,0.7031987108174437,0.7038026137958152,0.7036329920792946,,0.7037436958663218,,,0.7049790047891665,,0.7028018162168854,0.704140481288254,0.25909555886386765,,,,0.2598590612296688,,0.2590971189894905,0.25875124182653325,0.2597026842185653,0.25921600428733066,0.2592602413379365,0.2587715799027068,0.2599341400534926,,,,,0.25917172892886225,0.25870187287822055,,0.2599476082304879,,,0.2594831367871472,0.25805034233470586,0.25966942268346177,,0.25961244084176005,,0.25913079800735833,0.2581481235022073,0.25908001465193087,0.2595521675668877,0.25860999014251795,0.25866700633896106,0.2590506363029242,0.2596105128856801,0.2590224319989668,0.25935539036327687,0.25963430738338206,0.2588671881769216,0.2587602218803891,0.2592948105636572,,0.25908970397557207,0.25818611805199027,0.2593292184888219,,0.25985027093763613,0.2586465543109931,0.25834434495347786,,,0.0001551488520314711,0.00015505443420289427,0.00015477969665384156,0.23976445605616004,0.2557417111895121,,0.0001446311234746089,0.00014472449621457975,0.00014424669144051755,,,,0.2333844068384016,0.23300669711034896,0.23247166767958138,,0.23288680214865243,0.23246975364460004,,,0.23272007316888885,0.2327459396440414,,0.2331297467867899,0.2335206275770434,,0.23311232543734844,,0.2327127829314891,,0.23282704138049598,,0.2326716353061933,0.2323905846709091,,0.2328448726327867,0.23264104211127257,,,0.23276536741695608,,0.23289211129917484,0.2328452203118862,0.2325347146212422,0.23234711163147845,,0.23272526623850728,0.23308316694812115,,,,,,0.2382759238915585,,,0.23823605446398124,0.23817098889950594,0.23849937428210846,0.23850705815314774,0.23898309583777808,,0.2395804753581819,0.23941603430033892,0.23927868824258625,0.23880592085918756,0.23887876854931023,0.23857607746347803,0.23942563545038711,0.23878158552309894,,0.23928797335552077,0.23868462951249236,,0.2383784280209416,0.23814186023173772,,0.23917725570610826,0.2384761363605479,0.23881864891507565,,0.23884841135050686,0.2390153131158593,0.7292673998882989,0.7289013166101309,,,0.7273611942874998,0.7303725838265896,0.7314883298622641,,0.7296321086419421,0.7293660130633923,,0.7252723222684813,0.7227313639834454,0.7233752061480948,0.7234910904230598,,,,0.7222908667619108,,0.7246100865559517,,0.7212021430939367,,0.7212873285013419,0.7214675315911588,,0.7273697187293833,0.7283220890899839,0.7285914525759797,0.7282578880324089,,,,,,0.7274870638996463,,0.7294548171534496,0.727863564617849,,0.7307215618067424,0.7315283988584085,0.7284350038440376,,,,0.7299525682159728,0.729511694444138,,0.729863007510403,0.729950348845946,0.7318426896539972,,,,,,,,0.7225407813050018,,0.7212250739236359,,0.7228851587076419,0.7229847718092434,0.7244562343902344,0.7221879457804765,,0.7228840527754532,0.7244007430073245,0.7225208419902636,,,,,,0.7246861146083555,,,,,,0.7260368011928214,0.7224000759275889,0.7232869758277999,,0.23170877175512664,0.2317689941581453,0.23265279171117287,0.2312756453433147,0.23182760939363223,,,0.23106915572774905,0.0001513975395315652,0.00015126030870079145,0.00015135116392429824,0.00015111403133155147,0.00015103885859847952,0.000151200162550027,,,0.705046360848369,0.00014473059076518455,,0.00014470866964535326,0.00014553343713616276,,0.00014545346404381914,,0.00014467556394024144,0.00014466301679237338,0.2793394699088228,,,0.29088497911504185,,0.6899870639301672,0.29564551225369906,,,0.29863584248460756,0.29896427190318003,0.29923908037996283,,0.2994214118951559,0.29882019346027017,,0.6893099503973867,0.3045320867151706,,,,8.503038704586616e-05,8.503749379301108e-05,8.493958779029852e-05,8.507709488393353e-05,8.499044480221032e-05,,8.48501292170091e-05,8.498017580677242e-05,8.507932975275999e-05,8.502924722654295e-05,8.476157580422687e-05,8.494171996929542e-05,,,8.489768669935527e-05,8.489062114044365e-05,,0.693790544009664,0.6939200757227,0.6933262154188198,0.6920881411867736,,,,0.316696865623935,0.3172855372359886,,,,,0.6924429252455013,,,,8.755330164307375e-05,,8.740449473001652e-05,8.75686299842422e-05,8.773373165647359e-05,8.744822370201657e-05,8.759729121433914e-05,8.754219374698183e-05,,,8.751187204795575e-05,,8.75043368637533e-05,8.772484973579067e-05,,8.767852956702711e-05,8.75584789669918e-05,8.783859310037836e-05,,,8.74645693202137e-05,8.774382578790479e-05,8.752876383383789e-05,,8.75850479818144e-05,,,8.754389605848826e-05,8.74174506108682e-05,,,,,8.760178067460279e-05,8.774287268605158e-05,8.738795684764502e-05,8.751837718218925e-05,8.75738110364499e-05,8.767120098209468e-05,,,8.761507235731698e-05,8.724249898802373e-05,,8.766507008289376e-05,8.77039125134435e-05,8.754811994317607e-05,8.767407353087605e-05,,,,8.773163520242991e-05,8.776852622052194e-05,8.756515086089384e-05,8.710003858387419e-05,,,8.768139006744547e-05,8.740776989400812e-05,8.739732526726796e-05,,0.2152553426511844,0.21471905174445557,,,,,0.21546222030123482,,,,0.21522044653226965,0.2149508413860384,,,,0.21534351882898273,0.2154414646359449,,0.2153687853246053,0.21530241973981346,0.21541628998654247,,0.2150215887232419,0.2153773809051105,0.21525827674756864,,,,0.21471409246446815,0.21514613656175346,0.215975577088866,0.21609448622756297,0.21587798385495705,0.21625185646062198,,,,,,,0.7420483358683411,0.7406305892714485,,,,0.7398424734107393,0.7440955241509719,0.743783170742041,0.7431882753083626,0.7438714101701117,0.7434914335580913,,0.2151342739723992,,0.21492799972141008,0.2144553707804358,,0.21543924568920808,0.21513555809246554,,0.21520254757815513,,0.2155615932142411,0.2159758890255133,0.21216999006065668,,0.21552150576914694,0.743736344836876,,0.7445968713672728,,0.7421854813180935,,0.7457138996365148,0.21544043290502007,0.21567050188458373,0.21524641632103733,,0.21570868490017392,,,,,0.21545571296739705,0.21499285922860187,,0.21554731956227244,,,0.21490018381323467,,,0.21534161417164444,0.21510755784734756,,,0.21589368015928911,0.21609384720756902,0.21595977271101807,,,,0.7472780097570201,0.7444773441302466,,0.7438369512897782,,,0.74506417021611,,0.7457014561883031,0.7429032742207171,0.7420568616132587,0.7432143254846986,,0.742028611503617,,,,0.744909494380812,0.7447835130865814,,,0.7426280520097213,0.7447346034591509,0.7435171600753157,0.7438873698369697,,,,0.0001125249700826331,0.00011215028875082406,0.00011190162095631576,,0.07114283988929715,,,8.892896559007106e-05,0.3082923757812783,0.00012912739469311054,0.00012928304551199787,0.0001290601797819893,,0.00012957719279104118,,0.00012943509224076603,,0.00012957945255629273,0.0001292801023135673,0.00012950746631174004,,0.00012953768118349575,0.0001293346688491087,,,,0.00012961826623290008,0.00012964012294835775,0.00012967361417710047,,,0.00012946814060221101,,,,,,0.00012949240923380801,,0.00012954844885407606,,,0.00012924790392253744,,0.00012928531626001677,0.00012931211309019972,0.00012964697304873268,,,,0.00012932778255521447,0.00012937554634636842,0.0001294451826177936,0.00012949474351641463,0.00012951467198523623,0.00012945019595396226,0.0001295629130947829,0.000128946258831728,0.00012927222389321695,0.0001293888700953576,,,,0.00012949620679237583,0.0001299183529903721,,0.0001297417143036818,,0.00012947683819599967,0.0001296086900646716,0.00012929085904017992,,0.00012952706203846353,0.0001293388984955325,0.00012923443361770965,,0.00012946302159130892,0.00012954025279698922,0.00012932790118177045,,0.0001291324627953482,0.00012937873233107754,,,0.00012955353463930868,0.0001292657445366559,0.00012945147417696418,0.00012954581324408122,0.0001295420693785115,0.0001294626205564224,,0.00012985592931165365,0.00012950515862069397,,0.00012947196089982047,0.00012905160086636752,0.0001292318076316496,0.0001296708707983483,,,0.00012938876411793023,0.00012893422001882015,,,,,,0.0001294990301419493,,,0.0001291905051902419,0.00012916161067521458,,0.00012934897836076246,,,0.0001297645831654048,0.0001293714237323638,,0.0001292324668651797,0.00012966526091275307,0.00012958769451309102,,,,0.00012919885364588276,0.0001295383165482504,,,0.00012963350029955174,0.00012963875136203515,0.0001291325487961412,,0.0001294006549277727,0.00012962664912364368,0.00012906199726561682,0.00012978578931442905,,,0.00012925584125893924,0.0001292485724854809,0.00012936176126467712,0.00012981814904619235,,,0.00012938608405569808,0.0001298719621139033,0.0001295481722307024,0.0001292447181972237,,,0.0001291864277571985,,,,,,0.0001293439452784149,0.00012969912239158866,0.0001293034650400989,,0.00012915180987796478,0.00012936051755889783,,0.00012936897090515178,0.0001295161539361224,,0.00012957995988689583,,,,0.000129236987579612,,0.00012949463703798575,0.0001293470348387798,0.00012929027696256682,0.00012949842939210878,8.201660995205651e-05,,,,,,0.10090894809818897,0.10078079244777374,0.10074307191022741,0.10031298655693525,,
7,5,DG_10pct,20,Z03_F06,3,LL_AB,298367,298161,True,15274.428647381661,15268.207978694314,1476.4490183324942,957.4811013478633,951.8061964476938,94.09957639785898,85.44928394126367,443.4744419577956,462.253364564794,336.5091435639313,337.3511186747092,163.9798095399443,53.69867337523271,174.96080837918709,183.19697461187366,93.81189913834267,75.17573654661146,18.182523333450785,142.83665061704718,129.43236265067551,0.22332339948417224,0.22280307773846847,0.22305963569929524,,0.2594385026005493,,0.006476617882007746,,0.0001299997000135917,0.00013015707652430915,,0.0989163100556373,0.09882349159795215,0.09841736627434539,0.09865732565168346,0.09877876970599496,0.0984976676386238,0.8135057093354326,0.811078051869744,0.8116834215340877,0.0001299666971959225,,,0.00012815092497118935,0.00012832278918733971,0.00012827636074186808,,0.00012833602393280195,0.00012841850385770164,,,,0.00012855589930592918,,,0.10519682385586909,,,8.804596361306128e-05,,8.39557812116317e-05,,8.428225048951078e-05,8.418054531665239e-05,8.437973310806355e-05,,,,8.420162986753709e-05,8.444232583133566e-05,,,,8.437561361971761e-05,8.439595535490222e-05,8.424058619502562e-05,8.429387427855548e-05,,,0.12414738312499576,0.7926609447918126,0.1295624295585394,0.1295899406500029,0.13010809704338352,,0.12993786464593401,0.1294489592568858,0.1291687513888867,0.12962048044669888,0.12953787569584765,,0.12937509867646582,,,,0.12970064406299828,,,,,,,0.1297078779007588,0.13004392184081734,0.12962700786608025,,,,,,0.0001313051667973433,,0.00012635724107313892,0.00012689823354103863,0.00012666126962891834,,,,0.2589358756435004,,,0.258946683520841,0.25880957428841034,,0.2586661385672011,0.25871295941025996,0.2590641094300401,0.25938059683281145,0.25956432565621496,0.2586431312887066,,,0.25774975046476284,0.25983280840095097,,0.25914767054354787,,0.2587585349279565,0.2592705358091918,0.25934577131472997,,0.25861193932436927,,,,,,,,0.25934204799188393,0.2583871172849384,,,0.2586432077918021,0.25897044149834536,0.2587106815942392,0.25867224374248077,,0.7045230203413386,0.7048779462102441,0.7046368306185918,0.7052799117525645,0.7057660709249015,,0.7056218173688702,0.7057866680649368,,0.7051769696956146,0.7033115890808177,0.7060781790736284,0.7066650985752362,0.7038133254853445,0.7054889165805477,0.7040779695146604,0.7037409750995491,,0.70566789453625,0.706240546841381,,0.7007025088373573,0.7034417901059198,0.705728223499443,,,0.7040608149616697,,0.7031583554507297,0.7041823064930356,,,0.7058503461575129,0.7040965672528631,0.7042463849145215,0.7040159252597428,,,0.703805464411078,,,,,0.7066943425583883,0.705836143564336,,0.25924721691132835,0.2589907438324287,,,,0.2591535503520069,,0.25943123650892785,0.2589011885129677,,0.2588893819474417,0.2587677049465859,0.2603603158985924,0.2585823350870063,0.26004009086532714,,0.2587025566603372,0.2591300752374447,0.2587083522411465,0.25936193336048513,,0.2593357314265995,0.2588387341300032,,,,0.2600543883813609,0.2584281489210166,,0.2588212271003697,,0.2589084977857621,0.2584400555809929,0.2596259240668022,0.25888295655650506,,0.25996747690435823,0.25922053164846537,,0.25910434163074314,,0.25998351886811516,0.2596042232423315,,0.25955804093601553,0.25922140873751104,0.2583925854756624,,0.2594661466981013,,,,0.00015493794559433066,,0.00015521150513706308,,0.2565876800103054,,,,0.0001445647070023792,,,0.23327982007824452,,,,,0.23282791929899763,0.2334416595446552,0.2329717221907844,0.2322915733337399,0.23282854006098183,0.23286781886880661,0.2331754821926021,,0.23343440736648646,,,,,0.23260337876260356,,0.23319975280638078,0.23312600487311336,,0.23200738068172938,0.23237287418644978,0.23235564975612222,0.23234122027634183,,,,,,0.23275862369291145,,,0.23312160295585266,,0.23277189021150382,0.23262060325390255,,0.2384303222924231,,,0.23786700741222006,0.23870482265814674,0.23935118057956745,0.23881872508840013,0.23921461857085177,,,0.23983931091029906,,,0.2386783848729071,,0.23872516566117893,,0.23892841145701274,,0.23871885778982116,0.2390114112992915,0.23871149606562814,0.23895629225174964,,,0.2383529099149422,,,,,0.23907838973919815,,0.7271085895090522,0.7295197545011266,0.7305331605274841,,,,0.7298434717401466,,0.7302061496889123,0.7289516359106147,,0.7243664438221851,0.7229414119169076,,0.7233627561758623,,,0.724479862308218,0.7253704298369504,0.7256676706184649,,0.7243970477269007,0.7217546607018185,0.7235167026668592,,,,,0.7292969573771689,,0.730123415129305,0.7302088801092215,,0.7278223496716723,0.7273002599209754,,0.7293690102730569,0.7275858949062971,0.7289022474787896,0.7288211572493777,0.7308446545699444,,,0.726758957528837,,0.7292733299062246,0.7308458170472347,,0.7307687692601345,0.7280770277536346,,0.7289717905552733,0.7300382019489301,0.7287532607144381,,0.7280758740431116,0.7306738156929793,0.7243029955518103,0.7228104436619663,,0.7242423477384131,0.7228900785857975,0.7238228006338205,0.7238314179381542,0.721460946469191,0.7242370032912002,0.7227805137686857,,0.7215610678304354,0.7216699512859637,,0.7223476114150938,0.7230132193710228,,0.7213954785187877,,0.7243810632361128,0.7228579178885514,0.7245346068662807,0.7240378414447002,0.7229280179074186,,0.7263047418112034,0.7233565801749238,,0.7247463413289437,0.2324155248935573,0.2328552859909271,,0.2326292579681513,0.23123120035702305,0.23087818740231963,0.23108090729469308,0.23176974029322192,0.23165231149435134,0.00015115922365839838,,0.0001514906131581698,0.00015129691109692648,,0.00015092583330691742,0.25919006193225774,0.2593840307419963,0.7014128956033585,,,0.00014462716163953816,,0.00014541400922957095,0.0001455088107688857,0.00014455891403742296,0.00014472035703896766,0.0001452277132749785,0.2797433350195071,0.27929624012764115,0.6879796334829267,,0.290638846314599,0.6897111925824747,0.2946492900966506,,,0.2983990862424445,0.2985850809881237,0.29839808958339425,,0.29948547328466996,,0.2984856924503881,,,0.30343761091250165,,,,,,,,,,,8.507470953485348e-05,,8.519172623374116e-05,8.489344931911082e-05,,8.48951386085637e-05,,8.481226103665595e-05,0.6938624607865045,0.6944046883154268,0.693483599277059,0.6944626445823159,,,0.3175128830496365,0.3172536649980442,0.3174856998148516,0.31729243490938713,0.3172438623810302,,0.3168168908451527,,,0.6952987070294123,0.6941422013154724,,,,8.76247648810195e-05,8.75630439116385e-05,,8.764219772561424e-05,,,,,8.737448223831003e-05,8.75140123467172e-05,8.762553099851274e-05,8.766134359833865e-05,8.776741337283159e-05,8.757898631362492e-05,,8.76096453026081e-05,8.745818491431357e-05,,8.720558641408884e-05,,8.77320176853771e-05,,8.73963221820891e-05,8.78094445877937e-05,,8.745997176673631e-05,8.758038762654627e-05,8.759436202068628e-05,8.78371089164628e-05,8.744996631877795e-05,,8.7479535966853e-05,,,,8.737344192075692e-05,8.760166195376757e-05,8.754669294238439e-05,,8.774135327580191e-05,8.78725278278272e-05,8.786961433947321e-05,,,,8.762739832649949e-05,8.750708478715228e-05,,8.77009618129815e-05,8.751062439520939e-05,8.746835928538386e-05,,8.740999978644825e-05,8.78455412237611e-05,8.752875930333765e-05,8.775854770686842e-05,8.787920212036221e-05,8.775804457522578e-05,0.21511851511552366,0.2148778833052902,,0.21549341620754978,0.21508839892898943,,0.21512454416687798,,,0.21582702261777523,0.21520291560245386,0.2159032036213899,,,,,0.21555288713076223,0.21496961159067726,,0.2156019794615504,0.21519221669991967,0.21609908515202372,,,0.21478664385426371,0.21432072172707406,,0.21511371390578696,,0.21520030544366428,,,,,0.21574529430609582,0.21513302630238282,,0.21581302554668855,0.21610267435064945,,0.7423429441871845,0.7454579482289192,0.7444003516567521,,0.7420430350211993,,,0.7435606251537837,0.7412355849794715,,0.7431933623079274,,,0.21544191760809536,0.2146268419837329,,,0.21536224474803214,,,0.21446640869516534,0.21513116558101622,,0.215379395336013,,,,0.21522847071585177,0.7444524323304675,0.7438033118590935,,0.7445488605861251,0.7438347123753085,,0.7435050923761176,0.21558497739760898,,,,,0.2158266552298152,0.21560362822839255,,0.21523779164590712,,0.21508974266448125,0.21560697601168427,0.21587282303450822,0.2154348034429251,0.2159209448019532,,0.21548417880735776,0.21567801160275954,0.2153457412608643,0.2159271849649809,0.215986126515229,,0.21523441517566644,,,0.21505514167861806,0.21567917471026427,0.7432486154017444,,0.7442638640360834,0.7436154264851504,0.7427693224217633,0.7460351451011507,0.7421677214764357,0.7447995617553168,0.7451444743582246,0.7455725366313932,,0.7420006243943682,,0.7428191407315534,,0.7444773376566062,0.7431212008329864,,0.7435054429487497,,0.7435178621199174,0.7436869001347972,0.743646510281441,,,,0.0001124613122743308,,0.00011224033861382132,0.00011182597237685852,0.00011234155369272795,,,,8.879062257479847e-05,8.865175294516209e-05,,,0.0001295923242960231,0.0001293931772691008,0.00012928993790183225,,0.0001291980634441067,0.00012933665747562185,,,0.00012947253562512492,,0.00012913790361339576,0.00012936756166304718,,,,0.00012911747385421256,0.00012968535008660854,0.00012965825185768566,,0.0001295898617444974,0.0001293785125941322,0.00012918304898955696,0.00012932113961838963,0.00012952251769642986,0.0001295460481407149,0.00012963910602577805,0.0001293490786174658,,0.00012928181931520663,0.00012921272989506677,0.0001293515385035397,,,0.00012963914568664365,0.000129319315818197,,,0.00012947185522163503,0.00012959932575713512,0.0001290904718876158,0.00012982499265962858,,,,,0.00012937440353913112,0.00012922041769683387,,,0.00012965952194295092,0.0001290961191379101,,,0.0001291800653796072,0.0001293575618752404,0.0001295552217191578,,0.00012920605478637418,,0.00012914843671803892,,,0.00012914591111723857,0.00012936706990881018,,0.0001292739457546267,0.00012936090868468836,,,,0.00012960080611936164,0.0001291900276477227,0.00012942067283558197,0.00012920108917960395,0.0001294913217702202,,,0.00012925504116140937,0.0001293452339191077,0.00012925864158050318,,,0.00012927023808881544,,,,0.00012968646064951246,0.0001293320734305577,0.00012939736611411944,0.00012920958441144505,,0.00012908081593261157,,0.00012943445358181576,0.0001294187777717431,0.00012932592015715022,0.00012956039335397667,,,0.0001295681640825908,0.00012928798796791598,0.00012944372853424213,,,0.00012913215201982737,0.0001292895372221996,0.00012906990008631773,0.00012931434677626198,,0.00012953484811591254,0.00012905584776036884,,0.00012953918691345712,0.00012928276530653056,0.00012940981103167954,,0.0001289474022265122,0.0001294074342394502,0.00012963874613082516,0.00012961135993822516,,,0.00012976744060847685,,0.00012941289460049224,0.00012956942866983284,,,,0.0001296213720623652,,0.00012924267720655072,0.0001297247203046639,0.00012936315716628144,,0.0001291235488159649,,,0.00012944094084435312,,0.00012948501785526995,,,0.00012922870966113783,,,,0.00012932863022632963,,,0.00012932767271069684,0.00012916893592437403,0.00012947752516234985,,0.00012941935405110837,0.00013001408383332068,0.00012952942985227685,,,0.00012931766988560307,,0.0001294222800651692,0.00012920584077937675,0.00012963994552866271,0.00012963876026892847,0.000129954259134092,,0.00012917210452588558,8.198373805927994e-05,8.194828789771707e-05,,,,0.8017224042619289,,0.10066088378894548,0.10051199628246739,,,0.8077091404348208
7,5,DG_10pct,20,Z03_F07,3,LL_AB,298367,298161,True,15349.967353740458,15338.194565357213,1483.6577980459963,956.3988771169195,951.7094704163288,93.76607910895795,85.12895824705478,441.84410801003554,466.03983582040195,337.4684577338948,338.4264966864626,162.831920652131,54.18829578721061,175.13672313098104,183.4235249582809,93.61830143410161,74.97570760266233,18.255553006891546,142.64687321085378,129.39563170493585,,0.22349748211891443,,,,0.8102291513026868,0.006477550191155455,,0.000130366543660793,0.0001296643255564194,0.0955147790782465,0.09851498581232544,0.09901670188032378,0.09871531538579492,0.0982945773316284,0.09828134850100008,,,0.8131802626800114,0.8101927929664438,0.00013001846888348675,,,,,,0.00012845239882154275,,0.00012807180755143463,0.00012848884598029881,,,,,0.00012874394032533283,,,,,,8.410825681147117e-05,8.421596762899809e-05,8.444038730785408e-05,8.41186512101887e-05,,,,8.434051083243451e-05,,8.444084293129078e-05,8.442846936558809e-05,8.440234629750712e-05,8.42051996004418e-05,,8.434649763122774e-05,8.429393837299317e-05,,0.12344547141456363,0.12388393777497206,,,,,0.1297056299182857,,0.12908577573018687,0.12939682814958026,0.12926356262350572,0.12961290213164947,,,0.12980069853689677,0.1298648917726195,0.12948563862207024,,0.12975613815222872,,0.1295372381999787,0.12968826907333306,0.12974530181219399,,0.12979310118375845,,,0.12942564626172728,8.682565027793006e-05,8.662735394511768e-05,8.694825945985533e-05,0.25823671721854524,0.00013108228212782385,0.00013121522237394655,,,0.00012631173982574046,0.00012621288791260285,0.2589288961191469,,0.2596757246940285,,0.2594223263547804,0.25877816638065165,0.2597238797259159,0.2599573507697986,,0.25927915888575803,,0.2590490787517561,,0.2587161232446476,0.2597667700167851,,0.25882524440097404,0.25866222418198676,0.25855285004167256,,0.258431188487685,0.2585548518887636,,,0.2584162873328333,0.25849286038440267,0.25860298748636046,,,,0.2593499991889266,0.25917019993090423,,0.2589147545295539,,0.25861080429671457,0.25817785146926947,,0.25874266082242736,0.2584770842901409,0.25924713470962013,,0.2597631966741609,0.7070343049493645,,0.7042993301679218,0.7066356425526678,0.7066556250887143,0.704150814232575,,0.7047093190793274,,,,0.7039086780444463,,0.7059656705423001,0.703279978803275,,0.7054885290467842,0.7057879321209414,,0.7047055452575804,0.7044845245981203,,0.7037388710630962,0.704527666201671,,0.7062193815727871,,,0.7055125854083711,0.7022899571820115,,0.7040171475340382,,0.7025001366334537,0.7031220180805664,,,0.7047057065627322,0.7039996388667022,0.7047346091361503,0.7031613771669665,0.7008063226135586,0.7061628979888227,,,0.2592790693497401,0.25916325944869767,,,0.2583977043144523,0.2586439480410422,0.25992734741825835,,0.25958376401157224,0.25913129100078075,,,0.25915264404319727,,0.25867350580986387,0.25956549169262527,0.2594918123068935,0.2600304247917743,,0.2590838690973931,,0.2592373803580844,0.2594185324419686,0.25946081457590686,,0.25888146143907187,,,0.25870653011806954,,,0.25897237534135764,0.25919550750712944,0.25894081328558316,,0.259140692371916,0.2599046065745168,,0.25959399602521543,,,0.25941788455252107,,0.25895488171880393,0.2590315100866929,0.2589393248411703,0.25849091131564206,0.25928719808321316,0.2597618888723321,,0.2595924725176398,0.2587639007563322,,0.00015560949522561713,0.00015508172782298079,0.00015554137773366076,0.24064226236293362,0.2564423120892776,0.00014441348418730348,0.00014483278751753262,0.00014436596689786264,,0.00014425828889803364,,,,,0.23279644651840228,0.23258073938643944,0.23266091907301428,,,0.2327536706584374,0.23331940421013284,0.232477168103598,,,0.23306035368055772,,0.2326619506817397,0.23300722275540395,,,0.23246624295576634,0.23289838179855898,,0.23261140371779612,,0.23309569737128524,0.23267188095820748,,0.2326361864944854,,0.23279369368342223,0.23274838466054232,0.2327499807373893,0.23247410296178156,,,0.23301588902290565,,0.23233868898283233,0.2325987452125006,0.23238519463247226,0.23787431645261128,0.23879309937034957,0.23844024706540481,0.237861619482122,0.23793960748181148,,,0.2386804211200984,0.2388556776728117,,0.23896009669070495,0.2388154944695808,0.23774154186182803,0.23948411556313798,0.23930624587013954,,0.23897208544737542,0.23873562803444098,0.2388457469076542,,0.23898778317654332,,,0.23797720980204318,0.23867477712795027,,0.23852707916170454,,,,0.23788238890710314,0.23820242009118492,,0.7309827553070406,0.7289451501803444,0.7305884035343929,,0.7301440088895819,0.7293712164927728,0.7281291015515027,,,0.7285163088235443,0.7211448018775674,,0.7233633957417251,,0.7224759265698981,0.7202747357432142,,0.722398966366381,,0.7227913410612973,0.7240279220542793,0.720810484859679,0.7244507007237384,0.7215322505215038,0.7235794590201012,0.7274736385744246,0.7290160671369168,0.7281306460531841,,0.7257186530751834,,0.7283619864032457,,0.7296967485419937,0.7270735096825665,0.7290378356792806,0.730990914306052,,0.728687269092631,0.7316585212379669,,,,,,,,,,0.730011946975305,,0.729764716468655,,0.7281418960656467,0.7291062061478707,,0.7221888065916031,,0.7238448002674469,,0.7221062410006548,0.7229103842361008,0.720200288574094,0.7248864607339413,,0.7232528886328061,0.7225654244226574,0.7227338041699212,0.7224427862991255,0.7252062345327092,0.7242081856110133,0.7232059418947651,0.7225317772027475,0.7244603494332562,0.7240421368179754,,,,0.7244168088212467,,0.7219187176068597,0.7257022312735371,,0.7230899660091917,,0.23214179983247446,0.2326784043941468,0.2329634553230939,,0.23101207244384905,0.23149175961344642,0.2312945250276603,0.23070670392237053,,0.0001512402788428174,,,0.00015142903916859352,0.0001510833719630022,0.00015095928971376835,0.25882313420254444,0.25911497186240395,,0.00014494865267592323,0.00014496368676713943,,0.00014531972979847952,0.0001448810060210705,,0.00014495075242001765,,0.00014474888344599262,0.278376488571647,,,0.2902720818097899,,,,0.2945027278100945,,0.2986522027697595,0.2987656857145956,,0.3002529793911646,,0.29866026636433524,0.29871454793090885,0.6906624197030317,,0.3036052575429742,8.498543988963042e-05,8.492665696036304e-05,8.500941525513124e-05,,8.494700598069008e-05,8.49601555119974e-05,8.479686455293279e-05,8.489542935501971e-05,,,8.504433399741167e-05,,8.50762162196514e-05,,8.496585316134689e-05,8.52765440344006e-05,,8.484307150521897e-05,0.6932041780964638,0.6941800035678913,,,,0.6908081609011502,,,,,0.31757783298395026,0.31736484004702936,,0.31700649004670345,,0.6934042616917446,0.6934679720519042,,,8.769493233872377e-05,8.747126901388353e-05,8.74765328148676e-05,,8.741480281169966e-05,8.745557940088421e-05,8.766534807452269e-05,,,8.75928642106086e-05,,,8.766124830419914e-05,8.74211244561695e-05,8.745476507378481e-05,,,,8.7566946232633e-05,,8.748677820046903e-05,8.768273188629623e-05,,,8.761143858161406e-05,8.769020109129064e-05,8.777500202992632e-05,,,8.744647886195149e-05,8.760205391224917e-05,,,8.75070735891352e-05,8.743862072620581e-05,8.722607932029291e-05,8.771711201867523e-05,8.745731618637203e-05,,,,,8.745801131862283e-05,,,,8.753968845491333e-05,8.745141214482345e-05,8.758822378543155e-05,8.753735317588482e-05,,8.766027763996729e-05,,,8.760856083732754e-05,,,,8.760583626008231e-05,0.21511652275313112,0.21533667856802233,0.21518452455151724,0.21539733837888111,,0.21535077867253985,0.21532502567565978,,0.2155501791741559,0.2162512470226028,0.2152246395399038,0.21560259359391842,,0.21503235823691497,,,,0.21580758924391816,0.2152495291893335,,,0.21500137292779084,0.21570931804995205,0.2154961548789925,0.2147107430327504,,0.21494675242831587,0.2146972968328748,0.2156856736176238,,0.21450973322454917,0.21574961187280156,0.21574992285003347,0.2159687502950312,0.21517647015797225,0.21571006936776274,0.21553289329456946,,0.21569470624975678,0.7408319551080288,0.7426196505322262,0.7437014114463111,,0.7429227108257862,0.7434992388411021,0.7440497046824166,,,,,,0.741521677163454,,0.21417872808353547,0.21476949512122007,0.21405766653566496,0.2154550389087374,0.21556647460726405,,0.2153674884571241,0.2155297722050995,0.2157046966067,0.21612952604107147,,0.21548621714719665,,0.21426215650648772,,,,,0.7439666974606517,,0.7432214435418121,,,,0.21554643579441915,0.21536007736999616,,,0.21536493246605837,0.21568466157580263,0.21537168093118436,0.21595432312756652,,0.21559085624622418,,,,0.21605667712565005,0.21460439479533908,0.21567990770280357,,0.215485356014014,0.215172887504554,,,,0.21564635423986966,,0.2153590717168838,,0.742774047114132,,0.7462888295446389,0.7448732888540641,,,0.7445438518983202,0.7475630383131626,0.7423419800528478,0.7409222791617148,,,,,0.7409831704141906,0.7427039950238298,0.7437897048357175,0.7463364152553074,0.7465625137678046,,0.743347356091852,0.7422302342257219,0.7428406861792126,,0.7467399089329032,,,0.00011211292366291838,,,0.00011218401298624783,,0.07136897124097502,,8.8824726563036e-05,8.883245642526724e-05,0.30865566066211647,0.00012916146112678756,0.0001294859447477084,0.00012956377200605527,0.00012942548312455906,0.00012973713713459935,,,0.00012965836980767138,,0.0001294585487954981,0.00012915655871258695,,0.00012952790623326957,0.00012926465713685017,,,0.00012969467020552792,0.00012941113655658915,,,0.00012935204960997534,,0.00012950788296450306,0.00012941339598634106,0.00012924019013950627,,0.00012943670064211952,,0.00012964816750238496,0.00012962630450808762,,0.00012937721128813913,0.00012972591845355873,0.00012972451805790092,0.00012963172653851807,0.0001293546419759004,0.00012940358340779687,,,0.0001295629555212554,,0.00012955639972780665,,0.00012953401247243026,0.0001296212039231749,0.0001295480518970423,0.000128889864246753,0.00012982450733435019,0.0001292825778947985,0.0001298022065355887,,0.00012940355854219431,,0.00012934504707810704,0.00012931634850156298,,,0.00012975619827071077,0.0001297251712094183,0.00012936192116439152,,,0.00012977558134197803,,,0.0001294514046606523,0.0001293510966004083,0.0001294640789782786,0.00012967831333598106,,,0.00012934774480923274,0.00012934165737516629,,0.0001294434353477501,,,0.00012965583985755837,0.00012975318786967127,,,,0.00012949062672227977,0.00012925211004806447,,,,0.00012886667601335372,,,0.00012951697247453342,0.00012922660180361646,0.00012972518202717753,0.0001293096091650203,0.00012939261893918857,,,,,0.00012952099077985502,0.000129622402574879,0.0001293463455529145,,0.00012923485811052807,,,,,0.00012925341480681497,0.0001290447643120254,0.0001294719887641084,0.0001298592433071069,0.00012917013455367656,0.00012940440411733214,,0.00012896147572908959,0.00012948701400309883,,0.0001295294933177393,,0.00012957611440444299,0.00012967395824098967,,,,0.00012987503814713326,0.00012991293272800154,0.00012914810040208074,,,0.00012954901669200858,0.00012934354052750036,,0.0001295570979149524,0.00012941671417269527,0.00012942865077462522,0.000129111650968959,0.0001293313017806297,,0.00012971713015104424,0.00012959758623313453,,0.00012974660759438935,,0.0001293784625992116,0.0001295611140722912,,,,0.0001292722844425539,0.00012933356317330132,0.00012972789191590973,,0.00012978459804103163,0.00012970733519989145,0.00012934126960131016,0.00012958981554630317,0.00012963605123008956,0.00012919887514123614,0.00012923833432447286,,,0.0001294507629153686,0.00012944684420137013,0.00012973244145764035,,,,,,8.193581322415687e-05,,,,,,,0.10043347321876724,,
7,5,DG_10pct,20,Z03_F08,3,LL_AB,298362,298161,True,15271.80710088824,15278.318939331408,1483.0744149296927,958.688695303167,951.9339432376605,93.99481104497717,85.24262901980482,441.88934816759667,464.96742915606774,338.7994661916278,336.6193598995236,163.4200033275183,54.270121122670474,174.7000944005786,182.9975273988028,93.30052026851794,75.01881893612185,18.142003424963107,142.67332865919923,129.5653573813004,,0.22290812582425026,0.22305276976958532,0.31907071736782305,0.2601308042994244,0.8097581629545261,,0.00013006274617465862,0.00012971689261460906,0.00013009972281554887,,0.09887120377387845,,0.09892253845384535,0.09848456916234702,0.09842952308804084,0.09846324059847708,0.8127198778314013,0.8098719404179509,,,,0.00012979386963579044,,,0.00012811445629691703,0.0001284427919040646,,,0.00012830607462358063,0.00012844129163793312,,0.0001285061119936034,0.0001284158401704313,,0.10541892013282468,8.803981113240509e-05,,8.836098029541781e-05,,8.421437349035068e-05,,,8.435536338081292e-05,8.434648429917546e-05,,,,,8.429380294230314e-05,8.419075012001915e-05,,,8.418051172111009e-05,8.426657802118084e-05,8.432499367368573e-05,,,,,,0.1292690844212871,0.12980560040002667,,0.12992265336085157,0.12941211437642977,0.1294541527164906,0.12990777911694806,0.12946663106899267,,,,0.12964028048028578,0.12916103514978036,0.12932895463079155,0.12964965172214613,,0.12969962064104518,0.12933320258540187,0.1293974082057701,0.1294996127917891,,,0.12992475043269572,0.12962349735827464,8.675293863007964e-05,8.703013129740345e-05,8.694161539005029e-05,0.2572863738193382,0.0001312351666744923,0.0001315404127681237,0.00013100468004406668,0.00012665571715621515,0.0001262213755086013,,,,,,0.2588651100237395,,0.2587138603471893,0.25876992811447574,0.2589100807126823,0.2594131976634228,0.2587994931679753,0.25856541369869196,0.25885588053058356,,0.2591385853002085,0.2585596020880839,0.25895668974766345,0.25988192457790293,0.2591926711394255,0.25868164112981007,0.2589400695441579,0.2584122243688086,0.25901742411512146,0.2585230318530239,0.2578427474558738,,0.25889534390499447,0.25957444667909935,0.2588463465737178,0.25906664923129774,0.25928203022866825,,0.2583594919920486,0.25888856583028114,,0.25883148395922106,0.25810629989132855,,0.2584590046844358,0.25884592010093155,,0.2592800795929585,0.2584948321519313,0.7038139589982848,0.7046954433037719,0.7053674935253595,,0.7053090573826191,,,,0.7058071585430747,,0.7053865550886432,0.7052991410421334,,0.706765009290363,,0.7055196799437675,0.7031684516383381,0.7059689955716658,0.7044423266827627,0.7055968411759953,,,0.7011579805437878,0.7047406356397569,0.7041553862622154,0.70515230710858,0.7042442766535657,0.7071992325317196,,0.7036355651560308,0.7053147669117255,0.7033143095019292,,,0.7046682561155675,,0.7051243936422944,,,,0.7030868165523515,0.7070224533169288,0.7035137317977039,0.7061481193521829,0.7060599237497787,,,0.2595091593089508,,,0.258804593434271,,,0.2593852604309189,0.2595931207600501,,0.2600755066825035,0.25931001428454614,,,,,0.258811422937219,0.2588097582576337,0.259804351991789,0.2587545837096504,0.258905766889635,0.25817280918176594,,,0.258755304061311,,0.2582064399992213,0.25926517141093613,0.2595746209772301,0.2592089409156832,,,0.2592904949278769,0.2591768236581753,0.25943312829994997,0.2599577120372979,,,0.2589952186664123,,,0.2590497248302711,0.25943946741727103,,,0.25861395809994797,,0.258699853851414,,0.2584512333068264,0.25925012508865153,,,,0.00015548150770607375,0.24088772178208773,0.2558655726526099,0.00014399763121520308,0.00014416003454739481,,,0.00014462648979942695,0.00014471480463694642,0.23315129703871304,0.23285936821180897,0.23316251877161617,0.23321008942544372,0.23311925317209417,,,,0.23336543561716663,0.23316177979876987,0.23353574048369707,0.23326398987158167,0.23347517499871878,0.23318856157815537,0.23244230527570878,0.23314439139001708,,,0.23322887287082728,,0.2324888447655622,0.23280557472753727,0.2332794092027493,,0.23331337586252127,0.23306946567182774,,0.23267819305567006,0.2328749371176154,,,0.23278479059559518,,0.2328101157881212,0.2335789912522076,0.23284108256354707,0.23314779486627665,0.2332685173965002,,,0.23844800174838254,0.2385116492435362,0.23833562159661062,0.23877923833154063,,,,,0.23844026573836066,,,0.23864661425741363,,,,0.23863645273021772,0.2381290500223405,,,,0.23855309896099855,,0.23830852879646292,0.2391361162355535,,,0.2388231805946527,0.23916481812313503,0.23888087818083883,0.23905691852347233,0.2389221384712594,0.23815334498780258,0.7296561785456408,,0.728564092860795,,,0.7333987306165226,0.7279151561562716,,0.7302829472729241,,0.7288277489685581,0.7225321884024114,,,0.7242828581159928,0.7230013254110602,,0.7229949220972934,0.723532372294468,,0.7231541608811641,,,0.7224908108597514,,0.7192369670675073,0.7299253311303899,0.7274462310143943,0.7272839402997048,0.7290987199285229,0.7294400597244849,0.7297573485066619,0.7283689516101453,0.7274070237606289,0.729127623145158,0.7299730063787054,0.7307022207886488,0.7288200741531771,,0.7283702152493531,0.7279986822630256,0.730422613233526,0.7294090896472186,0.7276384988810699,0.7304337156115771,0.7309807958440764,,,,,0.729270208787211,0.7284883802301951,0.7312188497145418,0.7281548080560875,0.7289436102376946,0.7285164586280263,,0.7235129528024724,,0.7221534356255103,,,,0.7215599899555671,,0.7241283346926402,,0.7244959945473163,0.7242196413284584,0.7208918950410005,0.7232681759683629,,0.7219789201533754,0.7206527623551766,0.7232914903791259,0.7239453481424942,0.7235587615233569,0.7214439477755199,0.7240171589980069,,,0.7246329405288423,0.7237021476809161,,,0.7254469342229592,0.23247592771536815,0.23264164837012796,0.2325681706246169,,,0.2309795278686003,,,0.231434279080803,0.00015115464767864056,0.0001515703288358393,,,,0.00015134002682840397,0.25838918408850853,0.2592887810782759,,,,0.00014552548074997637,0.0001451387558030667,,0.00014544100656771163,0.0001447853179723329,,,0.2790082778202688,,0.6869734875929764,0.29110604083559477,,,0.294662512624299,0.2949456796139299,0.6904496435839095,,,0.29831931877577583,,0.2989359067293171,0.29918876932086075,,,,,8.46845232100142e-05,8.510779276537965e-05,,,,,8.491562913409086e-05,,8.497317564745646e-05,8.471285348632012e-05,8.46993296391331e-05,8.507894566432093e-05,8.515261420967225e-05,,,8.487556053619013e-05,8.484190238832266e-05,,0.6938478661083045,,0.6954390298305798,,0.6938850220521899,0.6902366897522737,0.3174152769340004,,0.3175543327050892,0.3173304492395548,,0.3179156903250408,0.3180419829312269,,0.6949158113707238,0.6937881367607185,,0.6950771713733895,8.744695975993898e-05,8.767582298249215e-05,8.755227243862528e-05,,8.780076066955945e-05,8.744830476337826e-05,,,,8.732561963390107e-05,8.762646474902002e-05,,,8.766415311479524e-05,,,,8.78884887661113e-05,,8.750102066655664e-05,8.769032015975438e-05,8.746637699541566e-05,8.76742769621853e-05,,8.773099209039412e-05,,8.762695951297735e-05,8.757005205157817e-05,8.750177715506215e-05,,8.75941163971622e-05,8.761208842986368e-05,8.744131846015365e-05,,8.770051703036208e-05,,,8.73098118181484e-05,,8.808197612401006e-05,8.729982560502879e-05,8.743843866767308e-05,8.752553854818013e-05,8.759535994022413e-05,8.754888486536473e-05,8.760776026439505e-05,8.756503581040089e-05,,8.770254488767622e-05,8.780652751625506e-05,,8.767502309114631e-05,,8.744200594202592e-05,8.773946163030272e-05,,8.78129892547854e-05,,,8.740062139396303e-05,,0.2152011469794392,,0.21515911956352468,0.21514811827723243,0.21559787326503632,0.21525603971598223,0.21495691452147778,0.21513420205236802,0.21494376160404857,0.21533978374699303,,0.21518817220053735,0.21551644069424714,0.21538253643890345,,,0.21547018189042982,,0.21499819001072154,,0.21520013629414117,,0.2153596215361943,,,0.21485905087680107,,,,,0.21576978541537353,0.21575780160865937,0.21579577464938268,0.21553585309762782,,0.21530144480198268,0.2160936808996817,,0.7441378025137673,0.7448323655708738,0.7432220070665148,,0.7432780620943656,,0.7430947765073007,0.7423885297737763,,0.7442801371559447,0.742423810956296,,,0.7441157492202722,0.21493988423985608,0.21563036226948004,,0.21466760919081976,0.21546815290002183,0.21573135254630565,,0.2162610467621638,0.21569592353733366,0.21546535333020403,,,0.2127087693248282,,,0.7429905751457608,,0.7431672190723133,0.7437261852160545,,0.7443736664609242,0.7444821245494146,0.21502732940517968,,0.2158647221431282,0.2163060981606576,0.2154330708813359,0.21526409936976568,0.21524048395265596,0.2158760340309165,0.21576793864253366,0.21628910908527846,,0.21523875609891624,,0.21580115503022956,0.2155583084330487,0.2154523441645141,,,,0.21489722535283878,0.21512151798816176,,,,0.21613185172323687,0.21549625614797066,,0.7451303444161884,0.7443574318017341,0.7444719225989791,,0.7450437823815902,0.7455739179034153,0.7471875487282307,,0.7445688333757233,0.7428935070690053,0.7431627974966453,0.7411321007601597,,0.7432378178031644,,0.7452235192692714,,0.7420725293353627,,0.742371078256379,,0.7444740808129382,0.7453191160206527,0.7444283421895874,0.745974219870728,0.7436485993611597,,0.0001121556188017899,0.00011208476119001924,,0.00011202810172867521,,0.1117353407201859,0.07120692425995274,8.884707834667019e-05,8.859047749528599e-05,,0.3095100379680484,0.00012921637530287025,,,0.00012960918849420463,0.0001295194659282986,0.00012973197786690126,,,,0.00012958392574105148,,0.0001289873523311095,0.00012920388472355135,0.00012937298299981658,0.00012925837328204274,0.00012964467904574923,,0.0001294945033853424,,0.0001292654514399598,0.00012931605422681253,0.0001294791939782828,0.00012941803513324938,,,0.0001296353957220158,,0.00012930129160939336,0.00012962799677141324,,0.00012964133422266268,0.00012956137987545248,0.00012941380422563093,0.0001295670584825769,0.0001296461205348276,,,,0.00012899798799000014,0.00012919593483397168,0.00012944123721835414,,0.00012942576353628218,,,,0.00012930588144979005,,,0.0001290758049158394,,,0.00012934705934401997,0.00012928458220948195,,0.00012939289024175676,,,,0.00012948831348829723,0.00012945345518883527,0.0001295285201677353,0.00012947901175427133,0.0001294060560029213,,0.00012940431131747035,0.00012949550412909113,0.00012961608101205743,,0.00012947062637344434,0.0001295321497466079,0.0001298129489351881,,0.00012959409146446908,,0.00012959833495778682,,,0.0001294337044589086,0.0001294416785173304,0.00012916862353109086,0.000129608515590713,0.00012927582080297302,,0.00012942557571686672,0.00012965817807594483,0.0001292072863130843,,0.00012925503875583046,0.0001297563035195573,,0.00012903989015270806,,,,,,0.00012922163689782718,0.00012962903659389355,,0.0001296264500497419,0.00012961630505828689,,0.0001297615767700608,0.00012943806534845614,0.00012941742284532044,0.00012924825233116534,0.00012942885421074032,0.00012946350587916757,0.00012937929915686694,0.0001295018324141752,,0.0001295261805319904,0.00012943532618491844,0.000129488106408063,0.00012965454520100654,,0.00012904108873241593,0.0001292892897197616,,,,0.000129121722095331,0.00012942853506497915,0.00012979193059654438,0.00012945830385415952,0.00012917676702362262,,0.00012935364613866714,,0.00012943490809428276,,0.00012934518588602736,0.0001295155141624292,0.00012937756175300958,0.00012965337551712364,0.00012937914669680913,,0.00012954628655910646,0.0001295370779228434,0.00012962393390046173,0.00012930826934147487,0.00012939498204153323,,0.0001295028986559888,,0.0001293435554412668,0.0001292996525850735,,0.0001292242185422608,0.00012975090612485612,,,0.0001296615127680325,,0.00012912292301184042,0.00012939335938863284,0.00012940003556199237,0.00012941172392378272,0.0001291392315982041,,0.00012943564931633392,0.00012924321434237856,,,0.0001294114140127301,0.00012943750461891625,,8.21088138400321e-05,8.207001443719232e-05,,,,,0.10044513073437443,,0.1005041775517008,0.10076886460526589,0.811874424013912,0.8097324976094378
7,5,DG_10pct,20,Z03_F09,3,3PH,157115,165448,True,13934.053029558401,13950.563019853545,0.29387314592366137,0.25082853470494715,0.25064116089927846,0.015870631272197715,0.016091595067559118,0.15060387543766218,0.15184306131260106,0.1143154844455475,0.11417611049308027,0.057250540922640744,0.018800536390175246,0.01560188193667257,0.01469619012475915,0.0161206238412756,0.01440994265895901,0.00549469582337822,0.029019670203046827,0.038261628672379144,0.24125596287917178,,0.24141849159867573,,,0.2371611035773197,,,,0.00019056463794990292,0.00019078093719012473,0.0001923286787091314,0.00019343791754989825,0.0001925074159423313,,,0.00019315395617875447,0.00019272631380588538,,0.00019242429662169467,0.0001908905253412069,0.00019067468004376316,0.0001911708418811423,,0.00019116203535831934,,0.00018954520560010777,,0.00018917452954170979,,0.000191670133761347,0.00019155522367137536,,0.00019169755937060588,0.00019210171822654215,0.0001935278818018202,0.00018871736276708254,0.00018928775730463256,0.0001886705063817253,0.0001925336799324269,,0.0001924581780519467,0.00019306223548953006,,,0.0001934765634662235,0.00019368979201039106,,0.0001929641367574009,,,,,0.00019252469915075152,0.0001933196609795629,0.00019303673673172405,0.00019345184055108105,,,,0.00019414881177482314,,0.00019455985745015552,0.00019374237838893046,0.0001937218203389816,,,,0.00019438525300817497,,,,0.00019441594503625368,0.00019406529480912995,0.00019443045554234375,,0.00019492035247760514,0.000194165406638398,,0.00019408568550747477,,,0.0001943996785394894,,0.00019421573305174864,,0.00019267994192039272,0.0001925299928600739,,0.00020206902623566263,0.00020177676165898686,0.00020161525009820036,0.00020214272159043128,0.000202270018452164,,0.00020490115937498707,,0.00020506594203723212,0.00020467736498282072,0.00020408467800575854,,,0.00020429416620190675,0.0002042054925132869,,,,0.00020478530015868374,0.00020450475447955936,,,0.0002044679718968547,,0.00020518329793629025,0.00020473376808178315,,,0.00020422160938415328,0.00020367906752697022,,,,0.00020470490469271814,0.00020425542332376922,,0.00020349716442132326,,0.00020438093082344652,0.00020432436710674488,,,0.00020425648063169516,,0.00020459765307322445,,0.00020411044494120313,0.00020399169404530099,0.00020411388023700166,0.00020374447367422564,,,0.00020449033450430277,,,0.00020442016986861093,0.00020466907377389237,,,0.00020439256162164943,,0.0002037746960773694,0.0002041319627892621,0.00020453796914880005,0.0002040879803281591,0.0002041314762952498,,,,0.00020415349386198944,0.00020380959393451602,,,0.0002050894176731726,0.00020417941522627637,0.00020332786922209223,,,0.0002036967644393357,0.00020411959965789027,0.00020372999722284338,0.0002039091670557613,0.00020439396711663453,0.00020470280324348257,0.00020428292931265953,,0.0002042936952063004,,,0.00020427354799501155,,0.00020437820500858833,,,0.00020456992359571283,,,,0.0002048539169493269,0.00020427701921092438,0.00020470335560434925,,0.00020472102486046587,,0.0002047123234536372,0.00020448568507248918,0.00020472900896436274,0.00020487231272056108,0.00020477129240553403,,0.00020498096162758285,,,0.00020470649460414809,,,0.00020438267834949325,0.00020423059215732354,0.00020418479362928053,,0.0002048468043182739,,,0.00020441052475163231,0.00020525069773865716,,0.0002042080402212355,,,,,0.00020494891392645504,0.0002042309360872763,,0.00020471352706901832,0.00020437610770716652,,0.00020442998047587785,0.00020441981830207655,0.00020464777604257847,0.00020473034165959786,0.0002043941313602772,,,0.0002046691067841495,,,,0.00019662069741278228,,0.00020364379078810326,,,0.00020299567197369474,0.0002027443556274812,,0.00020298287048212238,0.00020301067865810917,,0.00020364997626920017,0.0002046341511665555,,0.00020403470820509872,,0.00020340126112734986,0.000204048003177552,0.0002048210702773401,0.00020462176786287855,0.0002042804293630519,0.00020376535608548652,0.0002040733098808018,,0.0002048883263931533,,,0.00020448063866350733,0.000204144595052502,,,0.0002035342570504461,,0.00020344336550429736,0.000204357510276535,0.00020314223014995618,0.0002044623900861695,0.000204294476596326,0.00020395046555742787,0.00020381523948294786,0.00020417521635015021,0.00020366815869186765,,0.0002043157954307801,0.00020448041440019173,0.00020443075862245462,,,0.00020381471940136739,,0.0002037541314655472,0.0002040686385417398,,,0.0002049466851405852,0.00020389391033584313,,0.00020441284718900692,0.00020432850078811094,0.00020482552106221305,0.00020412419634731202,,0.00020356704502814968,0.00020424224010537814,0.00020394392801639002,0.00020436821705457342,0.00020452785557086313,0.00020407455522418043,0.0002038986087751104,0.00020421915043090916,0.00020442860577158132,0.0002042779215123016,0.00020467825342942384,,0.0002035433871561368,,0.0002043717554650911,,,0.0002037483033223502,,0.00020405265251530858,,,0.00020352855610162243,,0.0002037174444827747,0.00020382462630354382,,,,0.00020316463912159254,,0.00020361562871875317,0.00020320458263359823,0.00020335561466915125,0.00020404110137831183,,0.00020333827939428788,,,0.00020303099328343962,0.00020393280149713373,,0.00020342168739430322,,0.00020324949800902951,,,,0.00020402454655123344,,0.00020394377096637648,0.0002037154815548722,0.00020367615327603362,0.00020327243745858,,0.00020393103308915248,0.0002036471260214824,0.00020314189134184682,,,,0.00020368953714498873,0.00020373820946030305,,0.00020344309347953288,,,,,0.0002037442800644331,0.00020382375116912433,,0.00020311328413238035,0.00020349906087561295,,0.00020366650409257183,0.00020430455550193976,0.00020398764620366166,0.00020378963530725007,,0.00020330966936457856,,0.00020315000147685914,0.0002029806188556181,0.00020412131458754615,,0.00020364955488754152,,0.00020374525650480396,0.00020421325945322035,0.00020348122178673547,,0.00020316738244782582,,0.00020408751101361178,0.00020288479205600473,0.00020424662968135921,,0.00020400851714114825,,0.0002036857562815375,0.00020396840279077717,,0.0002034262350723102,0.00020381313472829228,0.00020346644448939965,0.00020424659526267633,0.0002044533327426073,,,,0.0002039896970857328,,,0.00020449651607270538,0.00019987594902831133,,0.00019965339166888235,0.00019995510729684844,0.00020011634925309343,,0.0002042982952633082,0.0002046126378676582,0.0002042308697034827,,0.00020282308237288936,,0.000198239160603889,0.00019782789006460207,,0.00019165003081498958,0.00019194283085908234,0.00019239782190539083,0.0002055538452458179,0.0002055772500480711,,0.00020859227043381785,0.00020826269108184268,0.0002077106015116995,,0.00020925745466052526,,,0.00021028870547903605,0.00020995712388483098,,0.00021007849078582584,0.00021040949869963435,0.00021002687674842908,0.0002096857516614272,0.00021178794287511025,0.00021221931403578285,0.0002101077887815936,,0.00020957751048851733,0.00020948743448844138,,,,0.00020892798415819713,0.00020926403472700225,,,0.00020921761221291582,0.00020971646274961842,0.00020995416549126153,,0.00020994842152921356,0.0002096910056550707,0.00020922842307959495,0.00021363807036971257,,0.00021394813674045443,0.00021369072035383045,,0.00021163987889726574,0.0002143391916787272,,0.0002142007458940416,0.0002149368471596999,,0.00021473442562292195,,0.00021495773935434004,,0.00021432091713117574,0.00021452018368495036,0.00021497309052025828,0.00021351948118861186,,0.00021294286592556176,,0.0002135208175212556,0.00021326821960967468,,,0.000214359117122151,,0.0002136598640223927,0.00021322269768923893,0.0002135907477362872,0.00021351687384920124,0.0002132613290550054,0.00021410077717375894,0.0002143346463798156,0.00021399685967923388,0.00021412719606251834,0.00021403448212462204,,,,0.00021362434835569882,,,0.00021396582103196427,,,0.00021367908759733744,0.00021375576710470226,0.00021391584844696334,0.00021370643642833241,0.00021364404450895317,0.00021415565042667606,,0.0002136516597506713,,0.00021383752763147115,,0.000213530433579838,,,0.00021388450190024816,0.00021386094031042215,0.0002138100182916023,0.0002146841615986364,0.00021475374505655498,0.00021326229827642405,0.0002137393181256607,0.00021388981757954536,0.00021350996458263798,0.0002134791931098417,,,0.00021400388292273115,,0.00021328728219777035,,0.00021378965690982643,,0.00020373399232339904,,0.00020431893725436954,,0.00020390538225343476,,0.00020432239773907022,0.0002036623757639655,0.0002035622671616523,0.00020449982518469512,,0.00020405119474041505,,,0.0002035507032008982,0.00020413874672940078,,0.00020432970795113207,0.00020389078742118956,0.00020306727299359705,,0.00020342236231239857,0.00020272473252066304,0.00020373311174843125,0.00020319911155783552,0.00020337446192615345,,,0.00020348730207181884,0.0002034384288659161,0.00020371226751994594,,,,,,0.00020451870035017035,0.00020386308578819326,,0.00020297663331543254,0.00020361409991208077,,,0.00020251241115185737,,,0.0002022874541361248,0.00020297888575796806,0.00020272069302368373,0.00020313838170812185,0.00020271811910332993,,0.0002034670119026359,0.00020341467835521072,0.00020322907795625002,,0.00020374616720161758,0.00020325676492044442,0.00020393691007341956,,0.00020397985431110623,,0.00020400296320772102,0.00020399495953817305,0.00020043691146375792,0.00020295760974405088,0.00020325477629052407,0.0002037119609858603,,0.00020286705048896825,0.0002030485974799169,0.00020325338616687818,0.00020330486764651623,,,0.00020404662935650782,,,,0.00020403885371947207,0.0002039405261797247,,,0.00020405798551543627,0.0002037581725201161,,0.00020429306675087073,,0.00020444057443045474,0.00020385862649575725,,,,0.00020391986638975372,,0.00020383656300860002,0.00020421333532459035,0.00020420998547220624,0.0002038862028843488,0.0002038238012113573,,0.00020361085859293837,0.0002035011455577625,0.0002036831714626601,0.0002032627377547148,,0.00020346280357964858,0.00020350001621372005,,0.00020306396358993047,,0.00020323424057687415,,0.0002033349009009708,,,0.0002032132661060478,0.0002028711503395808,,0.00020293203255115116,,0.0002027799658337955,,0.00020297512881756486,0.00020358656430667752,0.00020316189466293728,0.00020300398868654216,0.0002042712695858743,,0.00020413876433983253,,,0.0002048885876399404,0.00019437641163018988,0.00019209905808129028,,,0.00019230744432174453,0.00021226839278970215,,,0.0001915874320600636,0.00019210196240598487,0.00019140015351616329,,0.00019239598170156186,,0.00019215852244306824,0.00019137663642286717,,0.00019193143418489033,0.00019164600433309295,,0.00019228567467851568,,0.00019204248833639724,,0.00019182537135030656,,,,0.0001916704097326443,0.00019121208497687827,,0.00019160912144079145,0.000192096578699097,0.00019174048083802882,0.00019204734687441394,0.00019151907138173092,,0.00019141843823010507,,0.00019249771990346342,0.00019204452802956034,,0.0001917127729298063,0.00019074391670307784,0.00019130405571349084,0.00019145570763688828,,0.00019189638153377863,0.00019173419868739574,0.0001921314830784748,0.0001916636674510079,0.00019193970376205579,,0.0001922022110558251,0.0001918102080349089,,,0.00019187404129486756,,,,,,,,,0.00019207360811906245,,,0.00019180026990511,0.0001912825615942897,0.00019190492514056733,0.0001920993003743986,0.00019217333134728966,0.00019192500357778926,0.00019199504212397245,,0.00019202804248733866,,0.00019147127023395178,,0.0001914144614394072,,,0.00019178860213849122,0.0001914835722175853,,,,,0.00019159946821135915,,0.0001914297237816832,,0.0001921097376440164,,,,,,0.00019161494246197318,,0.00019184281406998326,0.0001915229301769672,,0.00019142031100099105,,,,0.00019128396595692083,0.00019225258932509674,,0.00019126672655005053,0.00019221950009815612,0.00019225936432161803,,0.0001915023960677273,0.00019210386311291545,0.0001918916233695579,,0.00019174834058049143,0.00019192571838849817,,0.00019179487457074012,0.00019159119689120588,0.00019181567602124326,,0.00019144984360360584,0.0001919380582990837,0.00019195385450102056,,0.0001919286442606812,0.0001918120347738763,0.00019207679433893703,,0.00019209465408460277,0.00019134595580905809,0.00019139189783427515,0.00019204556940705312,0.00019186023748345082,,,0.00019173067566783463,,,0.0001914745029078255,0.0001921174886069384,0.00019162783845480996,0.00019137318889747665,,,0.00019125682056563156,,0.00019206850678562992,0.00019141856447308639,0.00019195032660494513,0.00019195388476022743,,0.00019256694796022022,0.00019185294432361565,0.00019225999299298888,0.0001920647240184645,,,,,,0.00019141377473475032,,0.00019181028362341397,0.00019215189559687026,,0.00019200961139629363,0.00019235075606258048,0.0001904673941549913,0.0001899205495105948,0.00019029143219566314,0.00019389989555474143,0.00019250350934115165,0.00019386197213557699,0.0001924732053929861,0.00019264239983783564,0.00019235393963666812,,0.00019262988516132424,0.00019233515427211873
7,5,DG_10pct,20,Z03_F10,3,3PH,298362,298161,True,14315.11687817794,14348.840790438284,0.2999777983011803,0.2555578045243518,0.2577564866442053,0.01627347486483912,0.01652067223878755,0.15419333781593372,0.1556604671009315,0.11763332923503605,0.11785409818367036,0.058339341531282764,0.01924115464949117,0.016033529775110796,0.015003066550149916,0.016495365161085317,0.014852186887054177,0.005647147490169316,0.029907544510620953,0.03905790066557416,0.2229080950202311,,0.22260251297469494,0.21979947218652282,,0.2196924652234909,0.00019638883895370894,,,0.00019567838609226864,,,0.00019783892400747355,0.000198375802142752,0.0001976729009603829,0.00019757984307858535,0.00019853769148810228,0.00019792090161654935,0.00019742706806613716,0.00019760126887047357,0.00019546571833462727,0.0001960833249166139,,0.00019613618394234702,0.0001958106713092047,0.0001965346213722634,0.00019458737194971942,0.0001950963384578723,0.00019451518204327176,0.00019649553851587678,,0.00019636871820791031,,0.00019607558355749395,,0.0001984629601671845,0.00019363016281432298,0.00019328076828580162,0.00019393373613963065,0.00019721529093418323,,,0.00019788180480255838,0.000197824972570951,,,0.00019914708478518982,0.0001981418637558677,0.00019782569803072545,,0.0001979171779518243,0.000198304856745389,,0.0001980889288652583,0.00019750979177292027,,0.00019883637745992785,0.00019887905215969004,,,0.00019867543335199268,,0.0001998686397319129,,,0.00019895987684408908,0.00019911526025956567,,,0.00019837745257986978,0.00019853447433206562,,,0.0001993402370608745,,0.00019888516421051781,,0.0001994152997511764,0.00019924222995343265,,,0.0001989904316482456,0.00019948220854129167,0.00019908266481367335,0.00019894099293254157,0.00019747562249329678,,0.00019755119083239683,0.00020921780342699105,0.0002069053632984655,0.00020671135854099528,0.00020665277280174766,0.00020738561293742194,0.00020778334514950486,,,,0.00020982337690866402,0.0002096081148620808,,,0.00020942787283363557,,0.00020938116847712162,0.00020949654640845262,0.00020982629029381666,0.0002098777155645103,,0.0002104120486014986,,0.0002095217807250993,0.00020968079255881405,0.0002096665001521977,0.0002103340218239094,0.00021013616679474228,,0.00020932897285577773,,,0.00020953292373156686,,0.00021010736962308202,0.0002095330699966608,,0.00020961279279910954,,,0.00020882831198563022,0.00020901142192124406,,0.00020982397594270983,,0.00021004245008659445,0.00020949223329048687,,0.00020945814654296148,0.00020987331296977422,0.00020911640514492794,0.0002101085058405978,0.0002088955509521794,,,0.00020898297586984232,0.00020976201826694902,0.00020940164247377965,,0.00020959690810480743,0.00020886768756189468,0.00020893807265757284,,0.0002095967014421891,0.00020970837700334303,,0.00020976734811258718,,,,,,0.00020920184302382268,,,0.00020965959873695843,0.00020928645577219122,0.00020948638907066422,0.00020986803326252228,,,,,,0.00020957713286074608,,,0.00020939698597488126,,0.00020912671470363535,0.00020916182669750914,0.0002095969741670892,0.00020973334874360477,0.00020934989875368563,,,0.0002094772069839136,,,0.00020969655549048515,,,0.00020994562686630491,,0.00021011635369108666,0.00020978131270271946,0.0002102940534035749,0.00021015026301136585,0.00021030623599142755,0.00021041942013568275,0.00021041256494395296,0.0002099852730938832,,0.00021006943340779976,0.0002097036530531198,0.00020960370243370676,,0.0002100614733264676,,0.00020919928748515553,,,,,0.00020938958275229025,,0.00021004600767557185,0.00020957485203904543,0.00021049152128650798,0.00020975536454776472,0.00021020856222678054,0.00021016915435339577,0.00020999076132667243,0.00020981245278385804,0.00020983953985708365,,0.0002104735503287691,,,0.00020964535160459502,0.00021040119474959208,,0.0002098085879342108,0.00020926782625238364,,,0.0002093733272756588,0.000209659219281583,,0.00020176112353153232,0.00020233922074401942,0.00020270854392042108,0.00020872006698904267,0.00020827964671453063,,,,0.00020841299459638634,,0.00020757373923319352,,0.00020853260709720447,,,0.00020963780339026974,,0.00020950023216619818,0.00020906896743292928,0.000209355968717689,0.0002091073182726045,0.0002093885130091718,0.0002098407864146942,0.00020922882736085124,0.00020880803062382698,0.00020948093161295107,,,,0.00020988247797457075,0.00020926090225791043,0.0002093129229496075,0.00020956504593231537,0.0002094913951580018,0.00020883879956429285,0.00020865492871166073,0.00020888948824266383,0.00020987714043005135,0.00020956162390216974,0.00020956349263022534,0.00020975061778496728,,,0.0002085343095314967,0.000209073363654152,0.0002090762282099383,0.00020967560473050353,0.00020931580824689686,0.00020921175465578055,,0.00020971099588829102,0.00020979817820764672,0.00020904695239993588,,,0.00020918470779057404,0.00020940567009611626,0.00020959469590936812,0.0002095399524209206,0.0002093585752352016,,,,0.00020941220764294978,0.00020955679764592873,0.00020993310483650318,,0.00020944773151310538,0.0002096923778945279,0.00020964574403127605,0.00020921348361071374,0.00020994956632728486,,,0.0002091245951394981,,,,0.00020947514156732818,,0.00020950685118905276,,,0.0002091096401839069,,,,,0.000209086224911963,0.00020875054561682706,,,,0.00020928504542580803,0.00020936161050636245,,0.00020902561356682622,,0.00020906392014994818,,0.00020880601591258765,0.0002091402358287659,0.00020890986262223145,0.0002082226379879191,,0.0002088015586059601,,,,0.00020910832387113984,,0.0002089397814298467,,,,,0.0002086007369482909,0.00020861881706887007,,0.00020906189161772575,,0.00020971900890797858,0.0002089670677781002,0.00020942326474651554,,,0.000209452078524455,,0.0002088449942525764,0.0002093504661629161,0.00020910023947567108,,,0.00020937202024650726,0.0002092514794221144,0.00020972003094727178,,0.0002093921969263313,,0.0002090400857771165,,0.00020890367152573953,0.0002089662426534041,0.0002083193749728433,,0.00020872267433445335,,0.000209737879914902,0.00020946302997062387,0.00020869126522940614,0.00020944285231352968,0.00020889411787414553,0.0002092443463721777,,0.00020887020326949192,0.00020933490494946702,,0.00020854332050323503,0.00020840857232677754,0.00020882226939433787,,,,,0.0002090962257815061,,0.00020885011969538482,0.0002095481877031856,,,0.00020946891984272015,,0.00021034756905832308,,0.00020944161883746366,0.00020949986636567775,,0.00020883989319421049,0.00020473347715031505,0.00020474660918680065,0.00020497892354164277,0.00020493904463425775,0.00020514087826218819,,0.0002096298998801619,0.000209458865546356,,0.00020768507373916865,0.00020834297043004457,,,,,0.0001980048610690489,0.0001977523021451387,,,0.00021117295888762165,,0.00021309678331916923,,,0.00021447807431651726,0.00021469830183148096,0.00021422456596863958,0.00021556848548682183,0.00021594573264669014,,0.0002155933531393288,0.00021594182331796321,,0.00021580126734236187,0.00021480743386141142,,0.00021655392017941118,0.00021576725822694133,0.0002156144263849789,0.00021524270600152743,0.0002154104423822949,,0.00021537206822155232,,0.0002149577628272457,0.00021466252824755416,,,0.0002150358879913536,,0.00021523179450206066,0.00021480710489759524,0.000215247130033589,,,,,0.00021936250838451967,0.0002190765108593294,,0.00021821682965584907,0.00022058528886790247,0.00022022584957735289,0.00022015902661725686,,,,,0.0002203708417788757,,0.00022039579979781518,,,,0.00021963153917242665,,,0.0002194567810206193,,0.00021908520047714874,0.0002191224312117706,0.00021924106808641147,,0.00021868688099087766,,,0.000218647093046853,,0.0002190789527745252,0.00021912902783903526,0.00021842597578968946,0.00021928741287675013,0.00021912291489456092,,,,,,,0.00021940256945917835,,0.0002190820849139656,,,,,,,0.00021877805945350658,,,,0.00021910100319748124,0.00021947643729134313,0.00021967696968840428,0.0002195673616737024,0.00021956412994119612,0.00021946062653365822,,0.00021943491547003378,0.0002191194245995129,0.00021906655274174907,0.00021963988014872912,0.00021879203501880788,0.00021888025450725584,0.0002193058586480711,0.000219618072464498,,0.00021940662777145063,,,,0.00021915377694861472,0.00020878353102107508,,,0.00020875481776116379,0.00020898144664010802,,0.00020882822951554544,,0.00020888081468508927,,0.00020851784313651907,,,0.0002088023191049717,,0.0002091897710794773,0.00020928478512740592,0.00020955291390509302,,,0.00020823929031595065,,,0.0002082410667353488,,,0.00020871798580131883,0.0002086109529889754,0.0002085781246118739,0.0002089863677469682,0.00020826170990608683,0.00020943921296534462,0.00020905305379655662,0.0002094952997561666,0.00020873894415195045,,0.00020898831024313772,0.00020866536562193794,0.00020943708142895064,,,0.00020826987275940782,,0.00020780317899576277,,0.00020848064673537617,,0.00020789652998829563,0.00020817512524831053,0.00020801557917678222,,,,,0.00020820948971460123,,,0.00020879560775725816,0.00020868535883525086,0.0002090171637571196,0.00020906923599910818,,,,,,0.00020856193180313613,0.0002076769273362616,,,0.00020880656042843908,,0.00020819625904703386,0.00020858947287428914,,0.00020934698282311373,,,,0.00020956759198785492,0.00020895675268381772,,0.00020915080593047182,,,,0.0002099693283227076,0.00020915075478601105,0.00020804843569361916,0.00020943105160762932,,,0.0002095933068127847,,0.000208819426820658,0.00020963905682421262,0.00020895901058533598,,,0.00020979755858776535,0.00020920102049724822,0.00020922908606202132,,0.00020848272983659832,0.00020820908398496893,0.00020822326680162853,,,0.0002079286599751949,0.000208264537353613,0.0002084381054552647,0.00020876010613862618,0.00020776477735309152,,,0.00020873744940587738,0.00020850784368955824,,,0.00020821203837154194,0.00020837043967347413,0.00020815842100368217,,,,0.00020783633703078057,0.0002084174303095459,0.00020805392678912313,0.00020996615720786485,0.0002098758266171885,0.00020949419472429,0.0002093263001376216,0.00020987212491659215,,,0.00019663446620823153,0.00019736434362441598,0.00019764465634504593,0.0001976704257498207,0.0002179745980834072,0.00019623946334689787,0.000196443091031675,,0.00019725601691602252,0.00019735609365269835,,0.0001970836419443383,,0.00019668016938798632,0.00019685779949044977,0.0001959891543295059,,,0.000196976430006334,,,0.0001969079301302026,0.00019630110027697242,0.000196981786679194,,0.0001968880226457346,0.00019674496013974313,0.00019641645134925857,0.00019675284080491787,0.00019665113152013324,,0.0001963621125696728,,0.00019673143134878016,0.00019701356919959146,0.00019737141285795852,0.00019680538007692388,,0.00019635003219419545,0.00019711688801441534,0.00019664379873498108,0.0001970853437181642,0.0001963902044780743,,,,,,,,0.000196676245975823,0.0001964119844170176,0.00019676737906909565,,,0.000196695647230784,0.00019632271019709224,,0.00019692024283276578,,,0.00019714600630523619,,0.00019696725154835798,0.0001968470816088571,,,,0.00019641253390172746,0.00019718264252700888,,,0.00019633804445206687,0.00019620430073015595,0.00019681414404035586,0.00019678627841697902,,,0.00019705561323962853,0.00019682026262486917,,0.0001970521796210075,,,,0.00019730195799503143,,0.0001960038127586092,0.0001967820004401696,0.00019674350615071797,0.0001965800075779373,,0.00019686936037079775,0.00019737692839971404,,0.00019644034758248467,0.00019716450763201905,0.00019661034264650148,,0.00019647432699466355,0.00019686079988050947,0.0001972734447096434,0.0001968348056110077,0.00019642605850720438,0.00019727170405828772,0.0001965843028938744,,0.0001969804774612452,,0.00019657356021378163,0.00019707485685560352,,0.00019648320801438212,,,0.00019718179065060195,0.00019679350584125217,,,,,0.00019670972061287158,0.00019730262073948846,,0.0001967145308783123,0.0001964257020523774,,0.00019698469450386008,,0.00019677335215795476,0.00019675177265103652,,0.00019680538096109428,,0.00019671467827493173,0.00019700142759605666,0.0001971487248908045,0.0001966436872733854,,,0.0001964410803649539,0.00019658197108187876,,,,,,0.00019673441051345892,0.0001969826251564304,0.00019669451032857708,,,0.00019682131104790124,,0.00019677812626150358,0.00019673088168046312,,0.00019683739583781787,0.00019692608598281,0.00019688082270146644,0.00019707660721863924,0.00019702622205499488,,,0.0001959916654492106,,0.0001965787432240159,0.00019697207631801732,,0.0001969920242079383,,0.00019654033158140135,0.0001967976523391981,0.00019434380237376637,,0.00019527041353733176,,0.0001981938684160453,,0.00019765563867218952,,0.00019748445502155073,0.00019740201932992167,,0.00019781641727077516
7,5,DG_10pct,20,Z03_F11,3,3PH,298367,298161,True,14234.547969922283,14328.861976693457,0.299540292472149,0.25671436248571367,0.25849004047942614,0.016323830643581054,0.016483973456200254,0.15420619029686045,0.1560505552885159,0.11704371251334586,0.11691942954824906,0.058192490032804904,0.019315337357851445,0.016003778102283216,0.015102013889900888,0.016472751402102335,0.01477194565479439,0.005606143663291171,0.02984987108017848,0.039080589648355764,0.22280285677173653,0.22225434503232513,0.22277730539446042,0.21977923550482384,0.21940929465377548,0.21950102946360733,0.00019647223792499494,,,,0.0001956031576977332,,,,0.00019806119281666923,0.00019788959470444422,,0.00019825018949443598,0.00019757576311821068,0.00019725527066121587,,0.0001960339842921505,0.0001960998531258551,0.00019610745994618845,0.00019611222805218,0.00019610068118108425,0.0001939009955934929,0.0001939251773933378,0.00019430776955519204,,0.00019704920440390437,,0.00019689637214822492,0.0001970734173654452,,0.00019882752327698042,0.0001936196786855238,,0.00019352580909077222,,,0.00019738669205039534,,,0.0001981954781878718,,0.00019872650679771833,,0.00019856361387932405,0.00019828540137212532,0.000198434662593336,0.0001977053308652185,0.00019837056578491213,,0.00019820571917491026,,0.00019870285586715924,0.00019801432352617256,0.00019784863236939603,0.00019807012007662343,0.00019905215040323814,0.00019854482429401145,0.0001985118204984603,,,,0.00019938461286555536,0.00019891765066741012,,0.00019892121741953698,,,,,0.00019939138400997103,0.00019910985124196236,0.00019969868948517983,0.0001990113558426903,,,,0.000199183859776681,0.00019940380232716815,,0.0001992392546341829,0.00019763473648155166,,,0.00020891128422758496,,0.00020739840640736205,,,0.00020764970424055852,0.0002066290447640863,,,,0.00021002813041193417,,,,,,0.00020939023758466372,,0.00021000148918502023,,0.00020894320373255216,0.00020983020254334675,0.00020932343998583442,,0.0002095728230878648,0.00020960078047468924,,,,0.0002088667247648558,,,,,0.0002091817591425646,,0.00020926581283822436,,0.00020936487815045155,,,0.0002087944308677652,0.00020978173822478835,0.00020992973073931284,,0.00020990894761912482,0.00020971024424246043,0.00020923198256076226,0.0002096921603660577,,0.00020920008030068384,,0.0002096854361419976,,,0.00020956455423138488,,0.00021009721364251055,0.0002089800798135951,,0.0002097838516473058,,0.00020987638860955066,,,0.00020981595022416847,,0.00020957302741934344,0.0002094139018130353,0.00021022504872769376,,0.00020928474439208154,,0.00021012929185756254,,,0.00020899909930867518,,,0.0002097271769641376,,,,,,0.00020920258542083103,0.00020894713853433428,0.00020966834637493707,0.00020936907952024086,0.0002100910690206711,0.00020944854606487771,0.0002092785516017382,0.00020997390515836532,0.0002089999200128098,,,0.00020920751683108622,0.00021009119965518738,,0.00020961314657666897,0.0002099499805876682,,0.00021023759953680602,,0.0002099449366150338,,0.00021028237436726842,0.00020993182182623687,0.00020943828924719425,0.00021026298268427395,0.00020987596937515645,,,0.000210107961441103,,0.00020980844408371101,0.00020977382958079304,0.00021046233460502787,,,0.00021015021253578323,,,0.00021003794723748655,,0.00021010067620372798,0.00021004154207975527,,,,,,0.00020961247773494579,,,0.00020965526991507472,0.00021026020431557887,,0.00020982699140979113,0.0002098518095477867,0.00020982182141135865,0.00020955664725110648,0.0002094401232015536,,0.000209458231703301,0.00020955449581361568,,0.00020992226098944986,,0.00020253853259967635,,,,0.0002081495930578228,,0.0002080184294013817,0.00020870314864558835,0.00020776093607468454,0.00020830995289683484,0.0002089016566813112,,0.00020933967806385003,,0.00020918808165095666,,,0.00020928731027532768,,,0.00020914882559188873,,,0.00020926818899922686,0.000209509424625548,0.00020896774778710668,0.00020924843091249008,0.00020955426852203372,0.0002089630288109082,0.0002092611215557667,,0.0002089766190102354,,0.00020913971229108368,0.0002095997393152287,,,,0.00020923411172072052,0.00020930792607908228,0.00020920928227374902,0.00020919313071729903,0.00020849944834336123,0.00020917325730050612,,,0.00020930208080507167,,0.00020947765366857233,0.00020962158084487687,0.0002084962770853431,0.00020897026365565476,,0.0002094498652492848,,,,0.00020949810192276872,0.00021004784229933753,0.0002093076451164667,,,,0.00020973826041943634,,0.000209016361205928,,,,0.00020944577903601937,0.0002096111755916335,,0.00020951474935239941,0.00020925671255988377,,0.00020866045481138357,,0.0002090523189612807,,,0.00020940710106777242,0.00020922329204897571,,,0.00020855891499182934,0.00020937149357298242,0.00020890487318533062,0.00020919711379621352,,0.0002088072282367572,0.00020950314787910714,0.00020955049331517614,,,0.00020910007911668192,0.00020838554267170017,0.00020950830333125512,,,0.00020878636572281296,0.0002093316174129147,,,,,0.00020843664534735923,0.00020836955912327993,0.00020764171174070953,,0.00020866548038774135,0.00020872987406885392,0.00020834606729804416,0.0002088936588399219,0.00020930461245091358,0.00020940274293099404,,,0.00020886085474120067,0.00020796362607421388,,0.0002096655424558036,0.00020876851374319625,,,0.00020890649651510369,0.0002089119442573745,,0.00020891136228160786,,,,,0.00020869558378544165,,0.00020914933617604102,,0.00020920501980551082,0.0002086966735522611,0.00020909114697540004,,0.0002090476750504882,,0.0002086265420930487,0.00020819376108435005,,0.00020965569330016245,0.00020871389437739576,0.00020893679016722273,0.00020879557793059204,0.00020855365685945807,0.0002099413454972194,,0.0002091541562161099,,0.0002097006150497415,,0.00020961711167088675,,0.00020917867212688333,,,0.0002085347674837256,0.00021012530665106413,0.0002091971112296858,0.0002090414855736802,0.00020875463166496262,0.00020912422840387102,0.00020968989966654384,0.00020969269512535884,0.00020966337633415003,0.0002100674482966985,0.0002097188409665121,0.00020877707937868814,0.00020868191482629594,0.00020964712916566672,0.00020938502045747163,0.00020902042503521102,0.0002047506422170067,0.0002049230871539563,,0.0002052137234972846,0.00020510317140652484,,0.0002096452820034051,,,,0.0002079975914484958,,,,0.00020355816948259832,0.0001981703450323806,,,,0.00021073152287980147,,,0.00021400640556759994,0.0002126067608295975,0.00021425905501731236,0.0002143773153113721,0.00021464820219880607,,0.00021583939945317557,0.00021667921349491096,0.00021627732212624762,0.0002153610453460087,0.00021554656320229779,0.000215512121447399,,0.0002169755124939738,,0.00021507005825440286,0.00021530489380851286,0.0002154953877494685,,0.00021535567940501445,0.0002152144680875767,,0.0002159260862127502,0.00021529286829350224,0.00021446747100026682,0.00021484563723657773,,,0.00021571676683630435,0.00021534694294661347,,0.00021523308989583807,,0.000218913043701176,0.0002199827931640772,,0.00021874462579555006,0.0002185970086019291,,,,0.00021992739626431387,0.00022008448718980632,,,0.00022028590806670508,,,0.00022032549192427294,0.00021995338069710356,0.00022006271515483732,0.00021967956164496512,,,,,0.00021923883192599087,0.00021912819963175914,0.00021889991593691954,,,0.0002192513458841198,0.00021918488323739862,,,0.0002192685150599772,,,0.00021975930600709318,0.0002192280792389457,,,,0.00021997049604939283,,0.00021931485141570665,0.0002194891523392371,0.00021932810150165037,0.00021922549333976745,0.00021883023633932337,0.00021944232180894278,0.0002189349781461929,,,0.00021921812329351974,,,0.0002194868021737328,0.00021962933931415815,,0.00022003404554199276,0.00021907430063024494,,0.00021963032675461892,0.00021956007173686262,0.00021951111767786738,0.00021927482342219126,0.00021978636906779488,0.00021950661745761678,,0.00021954698476340772,0.00021905636970202819,0.0002190771735860047,,,,0.0002196447102114354,0.00021893507231520953,,0.0002193015088058682,0.0002198554122758103,,,,0.00020875526824671567,0.0002096748105273842,0.00020954798745022915,,,0.0002093776500517062,0.0002095031964902023,,,,0.00020949228229772714,0.00020898850145848318,,0.00020892236264334716,0.00020873278834262183,0.00020900511323146062,0.0002092805024719315,,,,0.0002085423315750915,0.00020847778139864917,0.00020878117130772897,0.0002094432922002253,0.00020833139573363837,0.00020920230514010545,0.00020817310298954045,0.0002082730514916019,0.00020896032947820815,0.00020982808520824176,0.00020972777560412223,,,,0.00020937633170595664,,0.00020836851842740401,,0.00020838403105969636,0.00020866516149507303,0.00020840019085385144,0.00020792412658414126,0.00020805536048288368,,0.0002080044939324894,,,0.0002081770885495472,0.00020843609126394095,0.0002084150156711648,,0.00020871030001321785,,0.00020867691311827184,0.00020853109400787765,0.00020859892167014323,0.0002090421117332079,,0.00020902362650526205,0.00020855141512570225,0.00021024167560245498,,,0.00020802057472953827,,0.00020802423155632475,,,0.0002077986422846687,0.00020832899881398852,0.00020779787794797646,0.0002086520207926708,,0.00020933684895473587,0.00020929893948947373,0.00020958198818523188,0.00020900934612689615,0.00020990206473593963,0.00020816675950605836,,,0.00020932727593303452,0.0002093869521704533,0.00020940952385818933,0.00020961306618644146,,,0.00020905642063158384,,0.0002090800368914676,0.00020881281432751054,,0.00020876870792314658,,0.00020896980375877645,0.00020935081347438,0.00020913778474507857,,,,,0.00020935293771991273,,0.00020878682081417884,,0.00020805705326795338,0.00020857644762235818,0.00020899482342320665,,0.0002076827332964298,0.00020754472449552888,,0.00020881190247096134,0.00020849922318661246,0.00020802012663984187,0.0002081502748453723,0.0002087958273089606,0.0002083354013327527,,,0.00020884185538308533,,,,0.0002088014208205163,,,0.0002100873975375708,,0.00020944508065758038,,0.00019909703184758741,0.00019698922444331195,,,0.0001973826625135383,,0.0001966836411816077,,,0.0001965710716113429,,0.0001964644031498277,0.0001965112467733742,0.00019664446043695971,0.00019624769938801016,0.0001966139960989065,0.00019669246524299064,,0.0001967328052921703,,0.00019641351079785732,,,0.0001965204115956357,0.00019670962647701834,0.00019678095440558123,0.00019638121493509135,,,0.00019656248593346703,0.00019671424284752373,,,,,0.0001964786339900277,,,0.00019675691489142512,,0.0001967873455030829,0.00019678381928305979,0.00019690784990303292,0.00019670849303144472,,0.00019652782979113814,,,,0.00019702834837302972,,0.00019716308650010537,0.0001965319157466809,0.0001975402880588887,,,,0.00019681118860108475,0.00019669420977182255,,,,,,0.00019731652646460255,,0.00019712426321796115,0.00019601755917384586,,0.00019603040388596396,,0.00019649371849192625,,,0.0001964494549681624,0.00019653472685141453,0.00019663325895388837,0.0001970514235474619,,,0.0001969175940109957,0.00019627714059744115,0.00019650371038841327,0.0001964678689480455,,0.0001970012063079714,0.00019628131449922693,0.00019617056364430504,0.00019676297941021516,0.00019718540153379388,,,,0.00019667235474066813,0.00019708915865270852,,0.0001962853115393901,,0.00019656820822610036,,0.00019621755704946067,0.0001969417954007175,0.00019674723615765126,,0.0001967722532942462,,0.00019696022546617032,0.00019598777675107333,,,,0.00019638327541393646,0.00019720544795026823,,,0.0001964654211332396,0.000196787979902919,0.0001968619722677896,0.00019694135913075417,,0.00019617342649151675,0.0001969042995528812,0.00019662030963459867,,,,0.0001964862856794722,0.00019713659097817516,0.00019716262578823356,0.00019658511158682907,,0.00019637364102867728,,0.00019670624503778766,0.00019640700278425173,,0.00019631505213128043,,0.0001970418287729262,0.0001972405903915637,0.0001960709159275093,0.0001966298933247038,,0.00019686983840511003,0.00019697459732411407,,,,0.00019656629695642748,0.00019667890399199656,0.00019680515175165655,,,0.00019667970696230579,,,,,0.00019697011415405273,0.0001964696137311152,0.00019636226512667108,0.00019678587510516292,0.00019698814427420613,0.00019724569938775282,0.00019701377275352133,,0.00019638236611755288,,0.00019690900615152172,0.00019679246009222468,,0.00019618451677963825,0.00019723510079690173,0.00019700340208053565,0.00019482867675070243,0.00019529736280328734,0.0001950183413893283,,0.0001991365412632861,,0.00019705023129723025,,0.00019690607671062575,0.00019816623487055714,0.00019809679551359817,
7,5,DG_10pct,20,Z03_F12,3,3PH,157115,165448,True,13944.107165531632,13950.087434037798,0.29282585142614953,0.24993121013894443,0.24993233888334904,0.015927936889950006,0.01611914277096935,0.15078848486881452,0.15200247649805196,0.11461043701135401,0.11450825458206813,0.05711318797618447,0.01880279515209361,0.015597625751195951,0.014708794688789481,0.0161383685492448,0.014431332314090073,0.005511852126470745,0.029098552375797927,0.038169980907711426,,,0.24089727279466452,,0.23754269549035295,,0.00019213514261958413,0.00019080692101502587,0.00019114622840240333,0.00019055408255971422,,0.000193206958191388,,0.00019282584397096992,0.00019302027135149885,0.00019279164694810494,0.00019328686686055597,,0.00019299339863815797,0.00019243238902520114,0.00019104533501591316,,0.00019081042086107028,0.00019174045510437896,0.00019183582305928117,0.0001914210292285886,,0.00018918060407401553,0.00018929042273301057,0.00019152071257232483,,0.0001922935316462842,,,0.0001917125325485085,,0.00018888265150237603,0.00018901962025909182,0.00018872481348149563,0.00019257003333703982,,0.0001933116106930992,,0.00019353437494328243,0.00019283385251234563,,0.00019357926010196583,0.0001931763392964302,,0.00019363905515125816,0.00019300075039219188,0.0001934424073553348,0.00019298182889742322,0.00019342140864400038,0.00019332938509494663,0.00019268272049080402,,0.0001937865350378809,,,0.00019281133626572466,0.00019371749505423989,0.0001943399949552972,0.00019440085999734274,,,0.00019437021295133554,,0.0001942182365808943,0.00019427615943061986,,,,0.0001939460249021483,,0.00019392430082809916,0.0001940474057576091,0.00019497506490735614,0.00019360465334227037,,,0.00019425134903986883,0.00019428612195563036,0.00019445446046059667,,0.00019289213694409854,0.00019260047875324396,0.00019255551654839872,0.00020354301212615824,0.00020220570861280107,,0.00020147408170332167,0.00020208257738472992,,0.0002015744213893064,,0.00020469905270230397,0.0002044384617118515,,,,0.0002037140506760997,,0.00020455509537979646,0.00020437361930886113,0.00020412343791215124,,0.00020429911911545688,,,,0.00020459878125006167,,,,0.0002046972451209709,,0.00020422577925029032,,,0.00020437398545285662,0.00020455421364707374,0.00020406828951890753,,0.00020416237360486696,,0.00020462181528644875,0.00020372322105577045,0.00020363421154287852,0.000203980144640184,0.00020421155844095574,0.00020435840820904783,,0.0002040986530696485,0.0002043066284434136,,0.00020452758017918876,0.00020476126562025482,,0.0002047799293176112,0.00020546916582004344,,,0.00020446490048232593,,,0.0002040488622442691,,0.00020389528991658157,0.00020492045412940637,,,0.00020455712668601892,,0.0002042554220477336,,,,0.00020426853595296809,0.00020359429037359876,,0.00020465142614329175,0.0002048141417807594,0.0002040774296305366,0.00020424956453752658,,0.00020484736342004772,,,0.00020419059253451303,0.00020414508705737618,,0.0002044134586077662,0.00020514392256236092,,,0.00020391585122888416,0.00020482581872415315,0.0002047443921088574,0.00020467581717310883,0.00020432455140092292,0.00020473765939980443,0.00020399635992728824,0.00020452487723778118,0.0002041545323886137,0.00020444161071586132,,,0.00020441913224045067,0.00020489659139170079,,0.0002051592203282402,0.00020457500737880132,0.0002040120340397515,,0.00020442331064424567,0.00020444655135361682,,0.0002049439383633862,0.00020496677459585217,0.00020516704188164477,0.00020549685817441984,,,,0.00020399210643510257,,,0.00020456178111673458,,0.00020412951471039109,0.00020487156154933302,0.00020450845405929518,0.00020429644906561195,,0.00020461491574463725,0.0002049048030662636,,0.00020480213316850622,0.00020494841614045566,,,,,0.00020456553609573449,0.00020465654061947456,0.00020466336924056735,0.00020500032910573878,0.0002044410707602628,0.00020437210954506435,0.00020482104798551148,0.00020474397848252758,0.0002046746883530231,0.00020407693612818693,,0.00020475307720146062,,0.00019664249488723044,0.00019701265962388063,0.00020391487179335495,0.0002029563655835824,,0.00020260526366641877,0.00020361315867841197,0.00020271273256429234,0.00020283249856972556,,0.00020417355260239634,,0.0002053230761857441,0.00020405056818793447,0.0002040805477781652,,0.00020442791431494952,,0.0002040735630545076,0.00020412272550421163,0.00020404258062275981,,0.0002035515197197189,0.0002041031281829002,0.0002038957560153847,0.00020383521909633854,,0.0002039652463930285,,,,0.00020349146762499586,0.00020393379034259275,,0.00020468568504694332,0.00020335077351236027,0.00020359393475078485,,,0.00020408085600305125,,,0.00020395761932323842,0.00020430347352972452,0.00020388716466818123,0.0002036559936574922,0.00020403741362690054,0.00020404448210959903,,0.00020473602369443794,0.00020415009317155196,,0.00020389036320316644,0.00020434601869654802,,,0.00020381126602253135,0.00020423966261161843,,,0.00020452861428880983,,0.00020456539266368372,,,,,0.00020447308219304623,0.00020452576292510156,,0.00020494408890588364,,0.00020469890219556222,0.0002042714340828999,0.0002039149718919479,,,0.00020354541858345595,,0.00020416511622657705,0.00020411319480052395,0.0002041360916300252,0.00020378896131847566,0.0002042703919452859,,0.00020377305856091786,0.00020356427671720486,0.00020426304473322092,,0.00020356569921490893,,0.00020409694242306484,0.0002040395299625555,,,0.00020406987179036107,0.00020358444167423186,0.0002035780565164219,0.00020398456158930768,,0.00020313773371338667,,0.0002035836556326921,0.00020378145926395303,,,,,0.0002036101233748327,0.0002042113301877374,0.00020319637198117825,0.0002039426059691425,,,,,,0.0002039362245534723,,0.00020388858906659866,,,0.00020386811950901372,0.00020386502000958485,,0.00020414689912275248,,,0.00020377750182142614,0.00020378484373546855,0.0002037496673520675,,,0.0002041219670411663,0.000203972132380242,0.00020418215008594795,0.00020322857254509766,0.00020365279298378776,,0.00020380019397914036,,,0.00020371496920138025,,0.00020336452023617262,,0.00020361639281359916,0.00020400175915934814,0.00020388075345133746,,,,,0.00020320620415303431,0.00020398887491848277,0.00020366351595528306,0.00020427022451852185,0.0002036418393284907,,0.00020398489919967917,,0.00020387241047907734,,0.0002041654434071975,0.00020394234221270992,0.00020379623282921753,0.00020482315531437982,0.00020396120309511647,,,,0.000203938198978992,0.00020466755513005546,,0.00020405075897542754,0.0002040527644704662,0.0002042489042543446,0.0001997621995085468,0.0002001484371237977,,,0.00019992756350422126,0.0002000851805906528,0.0002045025376521683,,0.00020438322999547938,0.0002030995437507266,0.00020328194173545514,0.0002031249952008093,0.0001979391319505115,0.0001982903033738329,,,0.00019229765334609212,,0.00020560350316501232,0.00020517913922507718,0.0002049369794175287,,,0.0002077074744820931,0.0002094469823875342,,,,0.00021040569358580588,0.0002095766656822668,,0.00021024824202250058,,0.0002106050408789054,,0.00021165530456738172,0.00021192730032535139,,,,,,0.00020953508801556633,0.00020960242363865785,0.00021007163357448006,,,,0.0002093024241117054,,,,0.00020964036715702368,0.00020924786466864487,0.0002103683352331765,,,,0.00021394690121042631,,,0.0002141287490342154,0.00021487252050631086,,0.00021464052209360518,0.00021513905011866187,,,,0.00021436762616414503,0.00021493549287096109,,0.00021465015701347952,,,0.00021352832790103054,,0.00021416466778725857,0.00021391659118348905,,,0.0002142568661766333,,,,0.00021302915292828041,0.00021406991895855457,0.00021386493374763715,0.00021387091585877658,0.00021373058732332474,0.00021374726210163673,,,,0.0002138647455848709,0.0002139972444408853,,,0.0002138183578291721,,,0.00021470763365118305,0.00021368031473621834,0.00021362203880084528,0.00021327933459403708,,0.00021372356726015687,,0.0002136558542990294,,0.00021435134546970094,0.00021420129915835132,0.00021442072605780115,0.00021382257603595975,,0.00021385727915465783,,0.00021388386965925888,,0.00021353695652601452,,,0.00021389773436056327,,0.00021409101159245017,0.00021386526993471552,0.0002136971300508249,0.00021449132166958537,0.0002143076235243852,,,0.00021356432040605484,0.00021373465433837982,,0.00020377971549922412,0.00020384548311535726,0.00020383108507002825,,,,0.00020412484441683103,0.00020346597075472783,,0.00020368022930027126,,0.0002033978190144788,0.00020374519782379407,,0.00020357317795156434,0.0002038520438853385,0.00020351150124498562,0.0002036305763187342,,0.00020377720752917693,0.00020311046566320165,,0.00020275933822780885,,0.00020373254535635215,0.00020335361109744302,0.0002035677908692533,,,0.00020375379533025143,,0.00020467764665162727,,,0.0002037138813746474,0.00020397278843327677,0.00020465889728305995,0.0002043110821709304,0.00020328348113513015,,0.0002029414424654522,0.00020351991931506013,0.0002033778611334449,,,,,,,0.00020295314895914406,,0.00020308904291049706,,,0.00020325989544369918,0.00020335505295786843,0.0002037942336402931,0.00020278543588945404,0.0002034037585968683,0.0002040262854309425,0.00020398700219856594,,,0.00020378161559147782,0.00020107678299045883,,0.00020348586325357113,,0.00020368152033316974,0.00020323266558485063,,0.00020277747006726578,0.00020296797492356253,0.00020341890782311963,0.00020398470211148393,,,0.0002034798374471665,0.0002040941676723764,0.0002039677458264636,0.000203760951340331,,0.00020429677155142791,0.00020343244973808727,0.00020445743164195345,,0.00020445041881757205,,0.0002041507829322138,,0.00020445560100202124,0.00020391292837922953,,0.00020410996992636162,0.00020355481373965535,0.00020381012674898933,,0.00020398042985331167,,0.00020395794118945864,0.0002038466175720848,0.00020355587991529884,,,,,0.00020292680054148063,0.0002030910064322384,,,,0.0002028299482551757,0.00020288566652169657,,0.0002033388272735333,,0.00020322598036289803,0.00020326720520609577,,0.00020265908619755883,0.00020325180571732966,0.0002036268856675855,0.0002031976087185015,0.00020326883022752127,,0.0002028934489387585,0.0002031830659032747,,,,,,0.00020473484808050131,0.0001941025957852348,0.00019183305044296193,0.00019237318581449213,0.00019289967427850034,,0.00021314185722176457,0.00019187955679826212,0.00019177426877493696,0.00019152552592391754,0.0001919746089810848,,,,,,0.00019184088368124835,0.00019158182557352105,,,0.00019162038624352898,,,0.00019171960494802144,0.00019168674264059645,0.00019169072559325223,,0.00019218718503505406,,,0.00019169529832162419,0.00019251836022892265,0.00019196395370096018,,0.00019226869806038738,0.00019178054143905953,0.00019240671221164754,,,,,0.00019184583584467852,0.00019211791549097386,0.00019160003813516397,,0.00019142482120882405,0.00019154282802262383,0.0001918030800998781,0.00019190076277021415,0.00019160987177296783,0.00019272780260381318,0.0001914343348420092,,,0.00019200436715933504,0.00019156375776482824,0.00019204632143071863,0.00019185515277879021,0.00019188401918626482,,0.000192245101901505,,,0.0001918202838790522,0.00019268999837211784,0.00019126598101066377,0.00019229282734283936,0.00019200647979277435,0.00019154130878613548,0.00019142171120877896,,,,0.00019216155502411458,,0.0001921106740876464,,0.00019164543154908566,0.00019140992191613544,,0.0001916232114541203,,,0.0001915573135002684,0.0001916373030780371,0.00019182759879366658,,0.0001922546056455841,,0.00019203159576175428,0.00019151244913012512,0.00019220645362855027,0.00019138245167885234,0.00019259574961323032,,0.00019205353437663932,,0.00019196794862543965,,0.00019219224109809713,0.00019205643090513993,0.0001915397364012862,,,0.0001915881553836739,,0.000192253860038028,,,,,0.00019196605094801427,0.0001918740828288822,0.00019207441643486433,,,,,0.0001915425960892324,0.0001920239520162466,0.00019202266841368933,,0.00019188877348250122,,,0.00019147430543311244,0.00019212314158073289,,,,,,0.00019132803455630703,0.00019199039255644708,,0.0001909199962720885,,0.00019159753035173383,,,0.00019166678781248515,0.00019151845756815083,0.0001917699800563203,0.0001919840494776094,,0.00019177466745468687,,0.00019208572856769078,,,,0.00019158797454626035,,0.00019182460501581221,0.00019227546922785644,0.00019170315954752676,0.00019189077079038582,,,0.00019177208782355574,,0.00019186851692099254,0.00019196571140514388,0.0001917005156323035,,,0.0001914433657828127,0.00019171740089411087,0.0001915305708154433,0.00019139247518021202,0.00019183137032395032,,0.0001915569613473993,0.00019163859491476944,0.0001918699810674771,,0.00019070595366922621,,,,0.00019407813881486838,0.00019231916371775925,,0.000192419869968482,,,0.00019273946353624607
7,5,DG_10pct,20,Z04_F01,4,SLG_A,157143,165469,True,8033.740475433561,8041.718982544936,8109.243369633935,2047.977294126145,2059.2576350196546,184.80750485831268,170.82849249465136,908.9393466158474,923.5185247426465,661.7156236589096,656.3182171736715,319.75486215265784,103.25893718282393,256.1441140133495,259.2486174304392,185.34899203313117,140.9739136579682,25.76014206257153,279.617920345316,263.8409729533761,,0.6698120945413594,0.6710073662111987,,,0.9443585528957046,0.8375782507991186,,,,0.8620736647810369,0.12909629812010637,0.12856027770800077,0.12889044055055557,,0.8742052553888301,0.8733884023746811,,0.9703906485063777,0.9706258871584057,,0.5038805751967841,0.5051368659118257,0.5049796305791489,,,0.4981727849299367,,0.5005806017710409,,,,0.5063674859229774,,,,,0.50046065742171,0.5011995883377268,0.5109845123381447,,0.5097874380513193,0.5107563978439841,,0.5140461640433908,0.513316017293803,0.5113955536849598,0.5134060609141678,,,,,0.512138492379533,,,,0.5146120143980534,,0.019042053974238846,,0.9799380929027764,0.027606699605303302,,,0.027568654786014467,,0.027565222419816352,0.027659824844158187,0.027579706592799014,,,0.02750169519564124,0.02754274568480344,,0.027613838604222323,0.027598671127383366,0.027602429646664643,,,,0.027589315953684624,0.027608218536802585,0.02751134479267894,,0.027536285647391252,0.5125207720429371,0.5104998974638849,,0.8893346916678931,,0.5366948235123608,0.5380723464108639,0.5369807555667943,,,0.22241736570734863,0.22216806486741922,,0.22149030106458117,0.2216560780512562,,,0.2219318179930796,0.22191115555012883,0.22190444214160837,,0.22177965453194662,0.22229978938026682,0.22222390046994311,0.22206766516924292,,0.22245414516830556,0.22238533804490168,0.22173460554907795,0.22160938887695825,0.22141225485167457,0.22134658281566172,0.22236439127555815,0.2218145556936419,0.22215405954939568,,0.22137355394656075,,0.2216535514683043,0.22204908478332874,,,0.22152624011768,0.2225237203078824,,,0.22185977745089375,,,0.22186883085671702,,,0.22221890029076927,0.914845441719164,,0.9156461446651833,0.9168908006198375,,0.9172616584540993,0.916925697828025,0.9168278669111548,0.915674885252258,,0.9174523598679103,,0.9173286398805852,,0.9151262647025499,0.9147770369306221,,,,0.9158150804726839,,0.9167466045395707,0.916701872251712,0.9171301848868142,0.9140636942885982,0.9131692755608734,0.9168400848865083,,,,0.9179953290529119,0.915834946299603,,,0.9191734149180643,,,,,0.9178125627818129,0.9174429700120011,0.9188278492655866,0.9148264169501331,0.9136583241862999,,0.8940713680717126,,0.8924218176498535,,0.8938743353619135,0.8934848592815917,0.8925945968940939,0.8940609275431147,,0.8933225764946625,0.8918159499375525,0.8923895258669772,0.895116287089397,0.8913750475446122,0.8923531902561421,,0.8963404209853413,,,,,0.894090564848789,0.8930935902250459,,,0.8923193402389751,,0.8907062265133147,,,0.8925090500656931,,0.8929775607462747,,0.8894065521202134,,,,0.893274752746526,,0.8943782999809793,,,0.8932532291835152,0.8949302186488226,,0.8949051817067659,0.8924961754823987,,0.8918191541405202,,,,,,,0.1943588464511071,,0.5397789775927552,0.5390560568754029,0.5379263691092139,0.5375445153031003,,,0.18157230475106625,0.18189132558390436,,0.182439944862858,,,0.18146471067772887,,,,0.1819532861180566,,0.18188197681667548,0.1814528233242543,,0.18202303788204685,0.1812988000490624,0.18216914508008286,0.18225447142344012,0.18192788858185352,0.18164833542375824,0.1812169979454744,0.18177531518194695,,0.18181150594121656,,0.18181324686167086,,0.1813911499918503,,,,,0.18168403070718428,0.18215834745488738,,,,,,0.19099378026746894,0.19043550059914882,,0.19078707513731855,0.1903120045601586,0.1908911597666643,,0.19072947611989485,0.19100130816240796,0.1906080154210346,,,0.19090817074954702,0.19095044133485925,,,,,0.19035871345083002,0.1903813027323144,0.19052236818588206,,0.19013505323046925,,,0.19082604040722395,0.19027961202463878,0.19096327951568862,0.19108081053776949,,,0.19006679211580987,,0.9299319761505159,0.9283180027127615,,0.9272911772457275,,0.9275795468553697,0.9297824590259238,,0.9296224288515907,,0.9255790360054327,0.9247886087862022,0.9268852186786358,0.9257946894696248,,,0.928192959233533,0.9262660210536021,0.9269765494507196,,0.9265695537083611,0.9240662058151414,0.9255678527114019,0.9243314597866041,0.9229140421532992,,0.9253138000755987,0.9269030638009111,,0.9293929840426898,,0.9259985122154907,,0.9277498694121031,0.9260570466302709,,0.9294281494484781,0.9300268176674317,,0.9282406617352551,0.9299207496299818,0.929456095256157,,0.9274386208861147,0.9286072195369294,0.9295199898064339,,,,,,,,0.9263638773121404,0.9282676594424984,0.9278304956864125,0.9267544378387799,0.9263858136061223,0.924406199853798,0.9222679475631795,0.9265794857902478,0.9224578428457952,0.926557773648846,0.9242036222182802,,,,,,0.9249813515095111,0.9251730535986239,,0.9261423727109591,0.9256471137173077,,0.9242111302073224,0.9270934748722877,0.9260869852955865,,0.9250524171680208,,,0.9234818636228933,0.9251985144004611,,,0.9054223889989611,0.9053156248133425,0.9068231593314237,,0.17955673984455336,,0.17908151773894318,,0.5307820647604672,0.5330709274933919,0.5311168423173825,,0.5305454673330228,0.5307659482875973,0.2231869625141373,0.8916076703742125,,,0.5385844635019331,,,0.5231984477704853,,0.5116965830628695,0.5098267154976261,0.5093574060417634,0.2517620126529678,0.8849895784459023,,,0.8971551468786518,0.9187227943167832,0.27335284361620954,,0.9179036051374461,,0.908904069555429,0.9071978503512755,,0.9080423731828157,0.2783638110460059,,,,0.913514408472253,,0.5579298170286664,0.5570109250506458,0.556994352199058,,0.5565975458232986,0.5575232323019601,0.5554386873342534,,0.5576458612376356,,0.5564942132059829,0.5548379815025472,0.5565910657903584,0.5551860329956636,0.557424377872575,0.5563699024591167,,,0.931345596012681,0.9320569981846935,0.9298100872440305,,0.9268551266695124,0.301595708935967,0.30348158610792036,,0.3033454644271376,,,0.9264191923572695,0.9285967393944058,0.9336891361344876,0.9343354122184128,,0.9313721531006744,0.5668194652361903,0.5676753269790892,0.5667548146334402,0.5654757714545804,0.5671000375810813,0.5668822116801729,,,,,,,,0.5658426567394033,0.5680074812779873,,0.5671404379266196,0.5684036522984619,,0.5685902163037103,0.56783472919145,,,0.5652051687617314,0.5667123565212678,,0.5659497421635967,,0.566824885909189,,,,0.5674105044873193,,,,0.5680488848354839,0.5672348598667059,,0.5697686658841563,0.5674322296525749,0.5679518709036785,0.5674769464604972,0.5674865612011358,0.5678357521077858,,,0.5668195657238196,0.5682766519625702,0.5670677987985299,0.569522884023366,,0.566013136860046,0.5662902729209345,,,0.5662821947337701,0.5667096897666404,,0.5680037573821012,0.908522399861452,,,0.9069503370913169,0.9070501887992214,0.9052945852736144,,,,0.9076600858430509,0.9100421314558368,,0.15492107395587357,,0.15547893306477936,0.15487176773298866,0.15474192531692926,0.15511343223322388,0.15533581795499396,0.1548028483789653,0.15488960798656942,,0.15481722089232475,0.154962450007506,,0.1548618802998988,,0.1547628982653119,,,,0.906858296305075,0.9093673382659482,0.9109281006519707,0.9083368178308157,,,0.911744346240239,,0.9372828627809718,0.934245421600006,0.9344642602601169,,,0.933101767854407,,0.9369795636549543,,0.9343501313278171,0.9356041657575794,0.9340710801987081,0.9361314889573695,,0.15475231596288688,,,0.15475079728701316,,,,0.1550538889442468,,,0.155322001066086,,,0.15481072113117292,0.15420458329402528,0.9360453601296835,0.9372701930084679,0.9351405460125387,0.936350523272686,0.9391862640345824,,0.937190696346886,0.9101136161597156,,0.9081698612235671,0.9069803573135253,0.9086942158993632,0.907586208166849,0.9084001389277456,0.9097291360545501,0.9084710769115432,0.9091001636342133,,,0.9071692459400593,0.9086557041248099,0.907469614999931,,,0.9073008255055389,,0.9094472461122097,0.9094749567364926,,,0.9082098733643472,,0.9076676899753707,0.9087465737279677,,,0.9364686613729589,,,,0.9359949502963388,0.9344593470034038,,0.937024514946039,0.9351276400579787,0.9377589832219199,,0.9347629295993757,,0.940453298473852,0.9370357927907773,,,0.9354003930582896,0.9402668424308043,0.9373501396419636,0.9388238175333345,0.9369810067947122,0.9375739403832851,0.9365740867253431,0.544396766836176,0.542892686504227,0.541375335417395,0.5429543250819162,0.5439451506192047,0.5427701954601438,0.8905200998475022,0.8610141035161364,0.5104465877806407,,0.5109956554237567,0.2920579959741636,0.5051280895514503,,0.5053608960511481,0.504809219150277,0.5061840919428962,0.5060495946314687,0.5044016813233164,0.5044759662748362,0.5064783719335421,,0.5039866149616412,,,,0.5058353073297334,,0.5058559859180448,,,0.506490697717104,0.5063519742786624,,,,0.5057317170199149,,,,0.5055715025558308,0.507136032531951,,,,0.5057860997066941,0.5060100045396908,0.5048722795693995,0.5061884391601388,0.5051487431897593,,,,0.5072889254024473,,0.5056697777093214,,,,0.5074788738029703,,,,0.5050615242696286,0.5080944821987516,0.5052390171927325,0.5061365716815902,,0.5052035581528099,,0.5071226207976769,,,0.506693902119151,0.5051650198817415,0.505705930136437,,0.5061289737227251,,,0.5051824990689375,,0.5072992787988551,,0.5076029147932346,0.5050165735206283,,,0.5067912733516468,,0.507428851253592,0.505874748485458,0.5063525526951349,,0.5065300107048807,,0.5053575977528578,0.506737035794164,0.505960449759759,,0.5061151863116425,0.5052724136814063,0.5063139172670704,0.5073601519774303,,0.506208752918199,,,,0.5052929409031238,0.5066642891309895,0.5060794843093724,0.5065213402027497,0.5074286641515798,,0.5058182161734983,0.5061152568423943,,0.5060932064461856,,0.5056406259131329,,,,0.5066722143586125,0.5053233908302684,0.5067539888940914,,,0.5053198677154976,0.5066793833559655,,,0.505766487627992,0.5072077058565525,,,,,0.5065006994632449,0.5061995111335237,0.5051148358770995,0.5066649208678348,,0.5067715843339041,0.5064813281114661,0.5057301146672067,,,0.5056777937041395,0.5062968093644952,,,0.5045284179194944,0.5061027212834197,,,0.5067575927286853,0.5057014271511114,0.5056336216659936,0.5080253446946905,,0.5049315329358802,0.5061877072262051,0.5059331016348708,0.5054087865379974,0.5058757245620135,,,0.5066435754715944,0.5061938386426919,,,,,0.5043561760571316,0.5055784484228443,,0.5053434656202633,0.5072475350764566,,,0.5038534298879773,,,,,,,,0.9673960939890478,0.9658001691257903
7,5,DG_10pct,20,Z04_F02,4,SLG_A,241081,238402,True,7920.494439336043,7955.070178495853,8048.913477661952,1765.7283171000354,1778.961406701842,156.58150912858804,144.5874813757584,806.7277885134845,823.4257573982567,593.2196339265696,593.2674060712783,288.2610394997869,93.94585450822788,262.6569721794712,320.7124019627319,156.77161167344403,118.83179771382869,25.683520660228098,237.8463020048737,232.60888327857614,,,0.6749718218927179,0.5786798383772488,0.8309818825273105,,,0.5168838880462391,0.5162547282790511,0.5177544146786855,0.8845642790137394,0.028569728970201855,0.028534608891976926,0.028485195679669353,0.9011289250153398,,0.9041319291833746,0.9875161710605305,0.9875674806003751,0.9887877155688763,,0.517460089025715,0.5177292846895977,0.5061266413358221,0.5044115803671666,0.5056234530871303,0.5002525296066439,0.49946205691485324,,0.5066242300451727,0.5069356735185734,0.5071835667113108,,,0.5079046513923233,0.14880452455627902,0.49986395572476766,,,,0.5099374619851703,0.5091764697383429,0.5117591955767977,,,,0.5119929546276282,,0.5118013553950205,0.5096053559166671,,,0.5110807559040105,0.510377135837407,0.5123844992100735,0.5103749465336249,0.5100763010270434,0.16624532775552045,0.16675502939577444,0.8724005499160982,0.9644844723686506,0.17260750305266176,0.17272209389961826,0.17211582348122076,,,,,0.1725098948356695,,0.1727750351919931,,,,0.17251441957320265,0.17229573667001286,0.17232708516649678,,0.17302177023513227,0.1724907909723537,0.17253425879088635,0.1725540673226085,,0.17241881960417882,0.1727025273852954,0.510059486394137,,0.510367726183883,,,0.5366644656736236,0.535898260754309,0.5361336724661607,,0.536516688794837,,0.32657285252379875,,0.3267364310076378,0.32561392305195586,0.32647562965944604,0.326127599443235,0.32512118953623886,,0.3260470531723668,0.3267459908754588,0.3271572419153899,0.3256912993528332,0.32756821693238697,0.32702404759770654,,0.3267635150917151,,0.3262205122526821,,,,0.3257968999154848,,0.32716141967366175,0.3266315176823249,0.3264743500650895,0.3261193423209147,,,,0.3265241408636666,0.32782009814640756,0.3264212562343303,,,,,0.32573240239479895,0.326116691618159,0.325650262730857,,0.32618469274306405,0.9391470091478197,0.936194778888745,,0.9386973396778976,,0.9396337314784454,0.9340308181136933,0.940909320479937,,,0.9409069350435294,0.9387523599516159,0.9401076834235119,0.9385355902414092,0.9391002384362919,,,0.9393300858934305,0.9400790903633307,0.9371580120887542,0.9388921697628884,0.9373701823579356,0.9365183442023338,0.9393530574037284,,0.9378242539117786,,,0.9374725030951271,,,0.9378158917670948,,0.9406475232299808,,0.9391970629383531,,,0.9383293064383086,0.9395847414421931,,,,,,0.8809387191272331,,,0.880189771299838,,0.8788912837947117,,,,,0.8792303085445727,0.8812341597368539,0.881020424588959,0.882292132633649,0.8792910082890668,,0.8779576850751252,0.8825871744728176,,0.8808856038331088,,0.8813442204163155,0.8785498854710687,,,0.8799999281448997,,,0.8787066075064826,,0.8781159507581968,0.8775471308134679,0.8800547480759313,0.8793570912932843,0.882573433019245,0.8801987389784109,,0.8828720197577397,0.8803264229137071,0.8808656171468596,0.8777596313124268,0.8803652831239188,0.8772642355033545,0.8785767517930221,0.8796313190641424,,0.8822445158257383,0.8791457888093871,0.8816517135018512,,0.8799848325685306,,,0.5260213701351023,0.5216705456389192,0.5237531957983962,,,,,0.538788347318716,0.5379456660273847,0.5376373635448378,0.5370240067467068,,,0.29611717608720933,,0.29695003678087417,,0.2969563810015616,0.2965829269867502,,,0.29776551628763087,,,0.2971023001847183,,0.2969219064422208,,,,,,0.2967055194065188,0.2961489523579018,,0.29770731651498217,,0.2963277643419434,,0.29638068825554953,,0.2969438584589182,,0.2968799322376509,0.2964050134136643,0.2960776863184482,,0.2970816030639982,0.297617876635172,0.2973279171933818,0.29608601414996594,0.30327252794571163,,0.3022428158143797,0.30355004364657606,0.3034489950887556,0.30453382296990505,0.30248575278145956,,,0.3038684516909259,0.3024052617686425,,,,0.3037011800057196,0.3043738219601924,0.3035106367808397,0.3034566794575582,,,0.3033060458048863,0.3047117507906908,,,0.30395652705612036,0.3037806065573747,,0.3031528108121616,0.30372615928048385,0.3042237652840383,0.30313808556662913,,,0.9456573411213175,,,0.947142207795398,0.9477464901049117,0.9434518108813263,0.9458998884776874,,,0.9462103561233588,0.9468879030347492,0.9442893130311567,0.9435499196715756,,0.9428823941774042,0.9426187791190702,0.9414326847668625,0.9430667937783733,0.9449971088100574,0.9441792089929937,0.9450976755900258,0.9433525107165951,,0.941614965824129,,,0.9462132621853565,0.9421728369698691,0.9458167600407466,0.9459598108243802,0.9444336369008824,0.943973090889517,0.9450075093819353,0.9449483565086932,0.9455439165472969,,0.9432218648453622,,,0.9462969672635732,,,,0.9467340502448628,0.9434776241839753,,0.9432389303428471,,,0.946517212204286,,0.948202277561362,0.9443532631661464,,0.9477654148921336,0.9467447801051997,0.9452983859046854,0.9413684391181831,,0.9436223780189236,,0.9446902736774129,0.9444393245901398,0.9453789474919843,0.9452150318806143,,,,,,0.9429446424296883,0.9428303086037799,,,0.9433825857037911,0.9455453335808441,0.9424002854372077,,0.9459650261493778,0.9442738502078102,0.9437386897654879,0.9456999460122446,,0.9440286562959654,,0.8912694824136331,0.8921439500896888,0.8938623242382033,,0.29553680911445607,0.295352052719919,,0.29524085116983667,0.29479772569963864,,0.5309431838633976,0.5307580393484327,,,0.5312115379891734,0.3264402638900899,0.8809498436310087,0.9374925489636868,,0.5390377196480987,,,0.5275065326484477,,0.5099225259506793,0.5125728322206043,,0.34856591671506965,0.8727788808109621,0.9385487931291988,,,0.9482124878879882,,0.8870647315546439,0.9465958955918978,0.8933495737151305,0.8916880646711774,0.8925596284986385,0.8912605610441111,,0.37112469721796104,,,0.8963825776824345,0.8967484669749022,,,0.5566034665283057,,0.5535267615065552,0.5542712557166196,,,0.554325203540872,,0.5558271225676945,0.5547743241151737,,,,,0.5556010274096149,,0.9623324468133926,0.9645921902848307,0.9616172688306689,0.9649439171480529,0.9651727264903776,0.9576604281909984,0.3941321363939532,0.39275622932024423,0.39284045390003736,0.3931471124043804,0.90843351746347,0.9096336216072166,,0.90948122396893,,0.9637467006955601,0.9672341999775657,0.9677138268644992,0.5662313087773875,,0.5656456551588791,0.5661715696321108,0.5660758005717544,0.5657287106569774,0.5670966987608288,0.5662028192875481,0.5649615191989578,,0.5666363863189436,0.5656551781268857,0.5641687246856896,0.5664078165817577,0.5657614792861982,0.5644655673118841,0.5658902625963732,,0.5670023107637107,,0.5651454847358156,,,0.5653399648017867,0.5645131851904063,0.5659675236214726,0.5643501252266125,0.5669123453049949,0.5656207178519099,,,,,0.5647348184790885,0.566569679854111,0.5657656286351571,0.5670505709468782,0.5686267144455448,,0.5655331820396012,0.5664087432467051,0.5653464768768853,,0.5656796265727362,,,,,,,,0.5662745222369011,,0.5668209581440002,0.5654340106975523,0.5670413378514897,,0.5643262602009433,,0.5651257014497121,,,0.8967789511343979,,,,,,0.8973705452336977,0.8958697805858541,0.896579102850697,0.8977575840608496,,,0.2769170852080238,0.27835852551448315,,,0.27681169932194644,,0.27718856470383746,,0.2766129742642705,,0.2766569008640569,0.27699354570764617,0.2767136811368105,,,0.2774724849722399,,0.8991990801383676,0.89687511482733,0.8974516862488798,0.8944353543469867,,0.8995558208316115,,,0.9499215025779277,,0.9497308435693705,,,0.9495373558374827,0.9466262061684437,0.9475843379565848,,0.9488567098773539,0.9449793221444767,0.9464134891499053,0.951169412976243,0.9500288640561261,0.27725543626260674,,0.27755405562915814,0.27727863190623714,0.2771598157252971,,0.2768273158880543,,0.27739671145707745,0.27663399798313343,,0.27726206754926797,,0.27684381198273805,0.27665631454563394,,0.9500584598123093,0.9487149180226928,,,0.948572465106274,,0.896082159455547,,0.8979999645323642,0.8960771710416702,0.8948379272378038,0.8961782465487347,,0.8976907752972046,0.8997842650893678,0.8962342741491084,0.8952157919959708,,,,0.8984365537236736,0.8972808786879779,0.8964013529725151,,,0.89667498973425,,0.8968425880765838,0.8959998639696591,,,,0.8972949210054356,,0.9499912349642586,0.9489553661737844,0.9499548757594306,,,,,0.950466325644693,,0.9470745608797114,,,,0.9502516183823471,0.9468109015809365,0.9473608000627852,,0.952948697617426,0.9496507508588389,,0.9515546146830038,0.9478367323159516,,,,0.540835228539629,0.5410025624602045,0.5414815480010126,0.5417518189111823,,0.5427649249537534,0.8804760394548821,0.874857937812414,0.5093680843587083,,0.5095481360809704,0.38429919305593485,,0.5207328169192528,0.5190670376821399,0.5211412962120467,0.5204265548746351,0.5190459902419262,0.5207000632593791,,0.5196229381656277,0.5195042912506306,,0.5190828787674207,0.5200680013804393,,0.5215438167114443,,,,0.520723322090831,0.520266548371516,,,0.5205751507133619,0.5219444834710452,0.5203415736412894,0.5203653018470541,,0.5208536836818919,0.5210261155917704,,0.5205841567658922,0.5214566723482392,0.5219260675263249,0.520301520463149,0.5213528109607642,,0.5201592226158013,,0.5204397123770496,0.5196629411812496,,0.5187166567889322,0.5195966706428963,,,0.5220637786129315,0.5207852547874362,0.5203618979724888,,0.5211280830956434,0.5207417126980735,0.5213137950598776,0.5199988643844947,0.5217131774725403,0.5204496707735006,0.5202615144627624,0.5197257025986314,0.5219716063018464,,,0.5211994829706562,,0.520733668280104,,0.5212743886402172,0.5218425861923208,,0.5196047041098766,,0.5211401405990552,0.5201546257380429,0.5204260943980098,0.5209543875431601,,0.5209947649077096,0.5199896193165617,0.5203384979806381,,0.519735266504967,,0.5195116698172167,0.5212711825973626,0.5206476441895889,,0.5202303388717664,,0.5190888908591444,,0.5206718125478186,0.5199992111940005,0.5196714230245267,,,,0.5201312868385009,0.5219507680109107,,0.5218514412797302,,,,,0.5197056483989949,,,0.51979395707601,,0.5197880486591909,,0.5208805148120526,,0.5196116143299216,,,0.5219271718429146,0.5208571367482191,,0.5197420039610997,,,0.5213390509415577,0.5185296327621067,0.5203238864882129,,0.5182835864486665,0.5221125649315661,,,0.5220469791746654,0.5204745034007485,0.5206099545734233,0.5187698215705695,,,0.5222351333701372,0.5213973423531543,0.5208339136130192,0.5213291148591546,0.5202200311276267,,0.5208584790558483,0.5212573507680743,,,,,,0.5198239024495517,,0.5199575465019538,,,0.519361749862162,0.520682696001802,,,,,0.5215031898107301,0.5187592125392768,0.5206740857130062,,,0.5200258811378455,0.5197478963305106,0.521210717442239,,,,0.5048956781344013,0.5031358085765022,0.1549253199155817,,,0.0013130195690576902,,0.9074773819149627,0.9042631478985896,0.9885451796543892,0.9888485188336374
7,5,DG_10pct,20,Z04_F03,4,SLG_A,261180,165451,True,9054.352916788728,9005.804416971374,9167.025233632317,1944.3150607313005,1958.1782420146922,173.63498335664463,160.96112317080326,875.8908009466606,889.7976970335525,638.872491510768,641.9695417467549,311.1987650842185,100.82344981946243,291.65508009791745,299.45366934304633,173.75462569420253,132.56554318619823,25.591874182669823,263.95408927691653,253.02043272658477,,,,0.5303427987684446,,0.9331076895723329,0.8348136160998092,,0.5002874176890795,,0.8689304357291471,,,0.008818794915212667,,,,0.9796590774587286,0.9768572883589576,0.9791822620195039,0.5001395510085189,0.5011422527172881,0.5026227132490636,0.5026002129290218,0.5014265614228937,0.5023358920711055,,0.49509005723125604,,,0.5036367593057797,0.5032093560973231,,,,,0.49524136918126566,,,0.5055892020361863,0.5044546715950254,0.5056733860289943,,0.5079936438950925,0.5085897801833902,0.5071299904812336,0.5065613994293469,0.507528064214622,0.5064278117966193,,,0.5068438747222576,0.5077740674501955,0.5068243429061012,,0.5066399047909255,0.5070450862204524,0.042100024976392925,,,,0.04974070082387007,0.04972114354892874,,0.04963659104746589,0.04968103030232669,0.04967263420206831,,0.049833548267241415,,,0.0497667563361131,0.04969321663029897,0.04968919966644807,0.04975911051528898,,,0.04966950521892069,0.049822066236701,,,0.04987463503185048,,0.04982048085981927,0.04969010575266537,0.506456224958337,0.5055455600946861,,,,0.5309447916583918,0.5305299640419379,,0.531855150907029,0.5320004303907688,,0.22776236615734433,,0.2272378940812139,0.22715610614435056,,0.22744799253754036,0.227784312786498,,0.22817744824004477,,,0.22681593775211498,0.22737857009420087,0.2271857016006062,0.2279541191332385,,0.22784025968447247,0.22759188830789837,,,0.22712846912663157,0.22747618513625126,,0.22727113362448761,0.22726228513690958,0.22688522466818367,,0.22757238336236751,0.2272583912732737,0.22745056416745835,,0.2275692652757067,0.22664504563560353,0.2266790258412708,0.22686038049685295,,0.22724429295745688,,0.22693002955235475,0.22728744393742495,,,,,0.9182242058175222,,0.9199699357377331,,0.9165984689207949,,0.9162939948156871,,,0.9152925430924976,0.9152284190068847,0.9182241249898228,,0.916825150519033,0.9182779996953657,0.9144615167198943,0.9171911361855274,,0.915583281914349,,0.9159997700506073,0.915253217186579,,0.9145589047662754,,0.9149899655630476,,,0.9153111463475001,0.9157026048857193,0.9174596886043668,0.9156394538749061,,0.91688260882464,0.9172241668930299,0.9133219127796413,,0.9140955595657868,0.9171831975612665,,0.9148222841684056,,,,0.886452603562939,0.884704384341503,0.8879783354985583,,0.8846476594818552,,0.8868986410759157,0.887784924822021,0.8872219027906194,0.8889078638248815,,0.8876561361669536,0.8853821911778419,0.887150234320637,0.8877784388073152,0.8869515739089133,0.8853109076953307,,0.8864088307941748,0.8854005051720673,,,,,0.884316216518935,,0.8845182632719266,0.8840369308579915,0.8857452410937677,,0.8847084644426384,0.8850315461012397,,0.885286386451806,0.884568802162312,,0.8865253969263663,,0.8866888715890637,0.887066713618236,0.8860496667961346,0.8864218149666488,,0.885983928871774,,0.882664493971516,0.8856576651457232,,0.8839872940436166,,0.8874653651803073,,0.5183184398746736,0.5189883811278231,0.5165468028889785,,0.22311277296138396,0.5348887030017664,0.5345980194310792,,0.5331838066253276,0.5337740865974016,0.5349605774234024,,0.19091812026287397,0.1918752450564476,,0.19106621819865882,,0.19019007140060756,0.19083615874481494,0.1912007512111038,,0.1903205791985339,,0.19010808881857652,0.19071883584698524,,0.1912727219009043,0.19087844507672824,,,,0.19089469458966876,,,,0.19058694428515294,,0.19056219274315306,0.1908587599966439,0.19086362424015682,0.1905844508144012,0.19038970850479756,,0.19069835505999436,0.19057821494996166,0.19042137533641565,0.18997258305238632,0.19114301932790595,,0.19015155787291876,0.19037742153114026,,,,0.19830447073389454,,,0.1978721414818359,0.19897023990492835,0.19878352996078094,0.19916049478060546,0.19886469927119693,0.19908835228022345,,0.19941567868113264,,0.1990901639790803,0.19908296070917567,0.19953737316961112,0.19882470669143693,0.19899578048076821,,0.19853405453820747,0.19919895554155193,0.1990691140031373,,0.1990479427598102,0.19914099636925067,,,0.19882397398412616,0.19881250611519766,0.19875647016342082,,0.9252417591410829,0.9257057937290534,0.9280097123354074,,0.9260579270194509,0.9295063797448172,0.9282968680310855,0.9264939044958744,0.9264064828655703,0.9280350328417558,0.9263420191581331,0.9264081426263965,,0.9273041896070507,,,,0.9260751088316085,0.9200809533407942,0.9255617282691769,,0.9246233204795313,,,0.9225788054200303,0.9290880928653824,0.9251459065899916,,,,0.9259648002450749,0.9277527375367578,,,,0.9263939343199855,0.9292374862580166,,0.9250499310708963,,0.9289326805288598,0.9280278890999123,,,0.9247611888253653,,,,0.9296725598730263,0.9283285462905695,0.9267671717845533,0.9293112801928375,0.9268608579182496,0.9284944712530755,0.9281822379707796,,0.9255118540847553,,0.9265293239947863,0.923440183492947,0.924902673939991,0.9242230471484288,0.9254653862887918,0.9249129610058322,0.9244229105639842,0.9261693811985157,,,,,,0.9229058970447117,,0.9272491942027945,,,,,,0.9268712811359943,0.9240419433530683,,0.9269019582087792,,0.9244297997722019,0.8964500698449502,0.896550490768984,0.8952054566408699,,,,,,,0.5267852920012153,0.5261194226109089,0.5247440984079399,0.5250411656840566,0.5273789079158453,0.5258139815989735,,0.8864119000204291,0.9155705037642827,0.5334020167337,0.5326972454454111,,0.5216817887085642,0.521364179467313,,,0.5063276396563916,0.5061386427581442,0.2543157850672511,0.8808870491284518,,0.2686931724542415,0.8887161791416652,,,0.8980963961352729,,0.9025870752456981,0.902486767913049,0.9026042395656044,0.9007160750381189,,0.2777864124490146,0.9031105360508598,0.9219971867729685,,0.9098477320182093,0.550053913788494,0.5514989396986589,0.549112176962137,0.5508438126590596,0.550997454459964,0.5504695714010177,0.5521563535474794,0.5510685390654128,0.5513152972959792,0.5514417179289058,,,,,,0.5510034766369235,0.5505276308727048,0.5521203529378714,0.9319402114530579,0.9339595591964427,0.9358431944479472,0.9318117848164071,,0.9291961761926189,0.3013104284592076,0.3013044989549864,0.30130628613517585,0.30208132090197276,,,,,0.9369313767387832,0.9369612304886343,0.9370921392737015,,,0.5615005576589276,0.5616500338078231,0.5607700000663209,0.5607153372745742,,0.562273404890957,,,0.5631511986574681,,0.5620737232325242,,,,,0.5615366349319827,,0.5633230835208152,,0.5620652471423484,,0.561020239315894,0.5617759377834473,,,0.5625055663033742,0.5601592615964125,0.5618512875081753,0.5632325784194775,0.5623749965317919,0.5628457952291415,0.5598751531084891,0.5625958146930953,0.5612078701548048,0.5611681328257357,0.562395612174383,,0.56272377152812,,,0.5628657557171709,,0.5617823260508064,0.5626532983620833,0.5618703275224044,,0.5615241483400407,,,,,,0.5626281311023655,0.560624514645731,0.5635989962927598,0.5622798392621157,0.562585352105455,,0.5626190625458155,0.8970883583012356,0.898138567875399,0.8977385119370243,0.8969365752110305,0.8953414010250977,0.8971301655521852,,0.8961743498657746,,,,0.8970267838703927,0.16644042730922085,0.1661562333375709,0.1659101254280135,,,0.1666046232079443,,,0.1661692891699421,0.1662411045576219,0.1668270023933717,,,0.16632630825054512,0.1663874601167405,0.16655698128740143,,0.16581743488041678,,,0.8978549569217907,0.8963862522171546,0.8974645150137012,0.8990827372274152,,,,0.9344065427339401,,0.929712233193161,0.9330853033171375,0.9325936802327215,0.9312208612986199,0.9344559457305146,0.9329442856324379,0.933703518668347,0.9351120592173122,,0.9331830248164396,,,0.16637475127806942,0.16645134622325045,0.16621529449644085,,0.16645143187818326,,,0.1661676927120479,,0.1663209733391591,,0.16666346481655148,0.16442777479469067,,,0.9318923344759562,0.9332972952630608,,,0.9361406965170506,,,0.899372029725859,0.897550956644241,0.8971537873694493,0.8966056754120003,0.8997667109025248,,0.8991171169591953,,,0.8976790189779599,0.897624042100138,0.8987157686885775,0.8982920332669992,0.8980857036187692,,,,0.8987585076084933,0.8968660471693511,,0.8994430607657047,0.8964516789881841,0.9003653335476258,0.8974335749139244,0.8967329619442592,0.9003846761014702,,0.9330539448093113,,0.9344781151611882,,0.933584624187385,0.937198899641916,0.9345408567607697,,,,0.9311311455804754,0.9302764132874488,0.9339692287237624,0.9349254646623046,0.9343683656756313,0.932360151489833,0.9362946076541977,,0.9352928937201631,0.9368531449598237,0.9351041230175897,0.9360024777724845,0.9346938192880692,,,0.9362126850419997,,0.5384719679900766,,0.5373765829861805,,,,0.8636518317815443,,,0.5043257845544992,0.29116565534639655,,,0.5030180753830645,0.5027844698624165,,0.503902833289128,0.504377542901395,,,0.5043794487813461,,0.5035691360211867,0.5032702468274701,0.504246721643071,0.5043218980706955,,0.5044381108855981,0.502855652188435,0.5027485878095898,0.5033048091455297,0.5040676370164889,0.5038364998417024,,,0.504056979386875,0.5045735336035414,0.5034153928998923,,,,,,0.5033759642967247,,0.5050522321803129,0.5024071929099578,,0.5035365925514779,,0.5047116140292386,,,,,,,,0.5034377185507735,,,,,0.5039428470268675,,0.5040762736156146,,0.5037972133052715,,0.5026103724635178,0.5031201422587229,,,0.5038017050253387,0.5036868584170149,,,0.5032129713630992,,,0.5044232773579223,0.5023191617697402,,0.5037640644694247,,0.5020209424634671,0.5028797977471524,,,0.5020428628281142,0.5036835816945064,0.5055729982970986,,,,,0.5038217677510791,0.5025022387616933,0.5030395729168224,0.5038471902445432,0.5029331949541758,0.5050188024857529,0.5033401957587665,,,0.5041335365684604,0.5036096044932499,0.5039627069303655,0.5052063284962337,,,0.5051894199616296,,0.5034579303086619,,0.5038713170777113,0.5026348848174191,,0.5032102894610491,0.5041669670665876,,,0.5047032617094784,0.5038636829071498,0.5013688785014898,,0.5021997267667955,0.5035779291633331,0.5030068908288979,0.5035411286073135,0.5033473848314749,0.5037312337834576,0.5044196354767212,,0.5019747405703756,,0.5048267545910774,0.5032166509992482,0.5030166913859893,,0.5034718692036425,0.5025772361621619,0.504004664888268,0.5034006293889063,0.5036363747801555,0.5036800880837907,0.5040602796897723,0.5036423231564987,0.5038584234672003,,,,,,0.5032893357180249,0.5022926762670307,,,0.5039425518926313,0.5032568227797539,0.5032028302389232,0.5053709958094721,0.5024591660973322,0.5030798049614454,,0.5036799370181413,0.5028202152694891,0.5030279349640174,,0.5026345517934777,,,0.5046024640020527,0.5035097198151902,,0.5032350417107742,0.5035386805004685,0.5049545896858064,,0.499898370194761,0.49821005508928945,0.4997519221157425,0.02507256756766956,,0.9775146348140041,,0.012225574074488738,,,0.9777236346457232,0.9765319070263867
7,5,DG_10pct,20,Z04_F04,4,SLG_A,157149,261838,True,7206.4289344540475,7182.397162875619,7281.126923172764,2014.4065524866046,2010.850995737202,182.63969617042346,168.1121667203669,887.1745875859575,900.764580767851,649.0018005458327,651.4066406523028,313.7315394121406,102.13727653296834,230.50310016481254,232.86491583040936,182.47048335525784,139.19922717975462,25.749735470174098,275.52285429344437,260.08852722906124,0.6880858022115306,,0.6875359353210503,0.610982632979394,0.8368697275032699,0.9482167925525077,,,,,0.8666394632967798,0.21884816408700009,0.21965179789230263,0.21940615748584763,0.874100452797184,0.8734971364721377,,0.9679334493410945,0.9693930464769913,0.9673257071735945,,,0.5226444699086735,0.5232344295267057,0.5229946500227188,0.5235172591666679,,0.5186477922016728,,0.5234831257606989,,,,0.5243829880588485,,0.13990917249871326,0.5098376804686879,0.5128381995811229,,,,0.5164964077568934,0.5178399797400567,,0.5197902395437834,0.5199787098877371,0.5198205566306758,,0.5192680289352527,0.518061467882209,,,0.5198235056440559,0.5186242057190611,0.5196799900433888,,0.5192836332464459,,0.06764138490006187,,0.9895858291410118,,0.07484697781101983,0.07436481408008537,0.0745035584143322,0.0743773968823884,,0.07446862926577977,0.07469489678045974,,0.07459732265268251,0.0743969017882734,0.07471758712988846,0.07454581506898321,0.07464755238493682,,0.07480025203594018,0.07458000005448256,,0.07461769165439387,0.07475074239101193,,,0.07450116367339527,,0.5108568739084938,0.5094094610025922,0.5115416875165703,0.8886208728858372,,0.5363226254521899,,,0.5367912972591646,0.5366620648218853,,0.26657299558118697,0.2658293580795429,,,,0.2659494585134669,,0.26624924898999003,0.2670748608886713,0.2670545070447489,0.266006880132301,,,,0.2677045259381179,,,0.26660625916616326,0.2669250539425224,0.2666469451016554,0.26726749335498506,0.2664789580653434,0.266626943571606,0.2667967821102709,,0.26628009374826433,0.26620478125513447,,,0.26623012939500523,0.26661353471628113,0.26692563585282875,,,,0.26538214008340777,0.2660572119618015,0.2663023615208113,,0.26651826893847225,,0.2665233812935695,,,0.9308294162469108,,0.9307399311234175,,,0.9324073336336113,0.9291595901293422,,,0.9293821406463534,0.9281546606513136,0.9292464316769492,0.9287577239664087,0.9307525448303974,,0.9327726408576169,0.9313011624708593,0.9310839198131431,,0.9310134019221344,0.930926492596579,0.9292508303498108,0.9288304470230908,0.9330265242756863,,,0.9291560470567102,0.9281542677024353,,0.9294559654411844,0.9284731193463143,0.9292296402371579,0.9292917179181243,0.9284828906954526,,0.9283060379335756,0.9270176370136992,0.9287558352819694,,0.9296472025999231,0.9327381547579475,,,0.8869089803131646,,,,0.8897717825827399,,0.892845703833452,0.892748110778255,,0.8935187778646171,0.8906561864603733,,,,,0.8905481562148994,0.8953665225687145,0.8940110456214364,0.8927920924336165,0.8923161140505991,0.8943966650606658,0.8937057766654422,0.8915285137894802,0.8938289699930306,0.8909748022696378,0.889588578359138,,0.8936712097465344,,,0.888101802906119,,,,,0.8920084062096864,0.8936178348296944,0.8927079616217941,0.8922702119376436,,0.8919877671623688,,0.8920866934379891,,,0.8898707109985097,0.8899822855981424,,0.8928207089754087,0.890311270696599,0.8910943400408822,0.8914123073092797,0.8922421651634449,,0.522295529650693,0.5239280590452615,0.24066690053542392,0.2632369835216536,0.5385647283241227,0.5388296450980008,0.5373206884382132,,0.5377393068609785,,0.22828408220426452,,,0.2280476321019685,0.22804933373771621,0.22760343133063013,0.22816359486343843,0.22793391407429497,,,0.22846493270055146,0.22807222343848088,,,0.2273053877933343,0.22761336202858756,0.22817974594112528,0.22777167987991337,0.22784833478620256,0.2283902759933834,0.22788132908548378,0.22793799410448812,,,0.2274507256928553,,0.2278707339576414,,0.22759292706296372,,,0.22856948438099814,,,0.22805260117478,,,,,,,,0.2368123160257458,0.23621551105367083,0.23554318135709024,0.23674720559711449,0.23673449478348713,0.23562611593047963,,,,0.23653213178226618,0.23570803593942932,,0.2364170602942125,,,,0.2364356562979333,0.23609483264008757,0.2370020535918198,0.23688513562978677,0.23647682123489275,,0.23626180655052187,,0.23614295572346294,0.23581773012422974,,0.2370696000601218,0.2361092832257557,,0.9409043061189182,0.9407867697097151,,0.9407950132167339,,0.9424665219331019,0.9424674325344332,,,,,,,,,,,,0.9380191477290178,0.9361461558558969,,0.9383132553927638,0.9385869963046689,0.9361695892269059,0.9390326054670924,,,,0.9411514828520174,,,0.9389523856026827,0.9384764613487747,0.9384657020967683,0.9403977274545917,0.9407921869417755,0.9438672172388868,0.9396175395638786,0.9400245063261538,0.9419573925790908,,,,0.9443966191031817,,0.9409659735470703,0.9446767269583787,,0.939976826606186,0.9400002464708538,0.9412269442488718,,0.9384187845153757,0.9439240394689853,0.9427124050970888,0.9414774434663279,0.9438603858823384,0.9377326396351942,0.9371458576965982,,0.9405165961067433,0.936840652365796,,,0.9393637618174814,,,0.9394067338397935,0.9371323631359026,0.9406582965819317,0.9413297565152317,,0.9384507004238914,0.9365814640999577,0.938810275296526,0.9410889253571977,,0.9419847674076579,0.9398228288091094,0.9378883188838357,,,,,0.9380215513815159,0.9389670778258895,0.9063730217871916,0.9063518764576577,0.9068971746048562,0.90601823117212,0.22562276897810507,0.2256092716384773,0.22584397418738714,,,,0.5321472038928682,,,0.5302683974810075,,0.2667840414271939,0.8945514540823605,0.93073051304621,0.5392380023537943,0.5376103904504664,0.538242096766438,0.5253261457629658,0.52633002922774,,,,,,,,,0.8964570806367333,0.9340861377613073,,0.8980190727133446,,,0.9006345777005974,,0.9029191310966307,0.904343980084293,0.32275147752790034,0.9022049584010834,0.9384611171595417,,,,0.5539470132212624,,0.557677409927327,,0.5567111426203187,0.5570562564780294,0.5571305897151919,0.5576047590988261,,,,,0.557838182214882,0.5593062527899618,,0.5557815111966332,,,0.9457816764728527,0.9475236435985258,,,0.9398262297249976,0.3471606361574217,0.3461378275269519,0.34708856588368614,0.34759015785776476,,0.9210996990741288,,,,0.9500441756699272,0.948806747647955,0.9483877139265341,,,,0.5672088772936179,0.5675575342827005,0.5677016017360569,0.5674309728510061,,,0.5669176782799489,0.5641909076846056,0.5664439692442681,0.5661021448308158,,0.5671249967570606,0.567354236796168,0.5668038714223916,,,0.5660443943756612,0.5686803469951571,0.5675382853140858,0.5657690266666098,,,,,,,,0.5674849543723834,0.5675666336963227,0.5664965665515811,,,,0.5673128873896865,0.5678157068067976,,,,0.5672791726769136,,,0.5675252114177801,0.5675840920597425,0.5679307691204255,0.5675392877021356,,,0.5678181506276635,0.5661409074940253,0.5680268382216472,0.5663443253833247,,0.5675544993247921,0.5677986789745699,0.5674444447432161,0.5667021768063256,,0.910068008320031,,0.9094932533358484,0.9130310192500257,0.9091503194007796,0.910427875956513,0.9086982570685631,,0.9080104263033112,0.9114588637071392,0.9120277766293453,0.9103865211815759,,,0.202873182488591,0.202240784431415,0.20333302579350745,0.20287731835883818,,0.20286215390074666,0.2022701901579148,0.20171674397313039,,0.20240952998091777,0.20171854585851773,,0.20206937205642603,0.202471737497677,0.20228570072912547,,,0.9114472179434532,,,0.9115321289134076,,0.9109603874069552,0.9138382869398126,,0.9486972910835136,,0.9451038087880486,0.9479877041852492,,,0.9458087285828741,,,0.9490282994440598,,0.9483967544872524,,0.9466925684458896,,0.20202436592580228,0.20178829002684107,0.20162493449702773,0.20232280410551476,0.20261330668288943,,,,0.20279597984633432,,0.20262014813926418,,,0.20169576926594188,0.946257345103358,0.9470258966595626,,0.950014784595488,,0.9499855252728042,,0.9123012167504992,0.9128812348867076,,,,0.9097793639471534,0.910731164547288,0.9110822045379313,0.9123039294240233,0.9101117336935235,0.9111486599517655,0.9093036026811228,,0.9108185561485268,,,,,,0.9100264678183633,,,0.9101115830676687,0.9112338507857555,,0.9116070769028647,,0.9477387093969747,0.9519212377214605,,0.9489921209779574,0.9487164343378063,,,0.9483544666692985,0.9514095560473327,0.9497488630252124,0.9457984105858754,0.9466403180849304,0.9472471977278554,,,0.9496769342705935,,0.9509049431051938,0.9468476659782519,0.9480695956584615,0.9506859542664201,0.9476505573608693,0.9462492593749744,0.945520641770677,0.94956604575378,0.9493443725529933,,0.5421797648596592,0.543163882416715,0.5423907651629777,0.5408465930124521,0.5432882362872851,0.887768583297897,0.8625200113206847,0.5221234477890965,,0.5213546719933779,,,0.5262323863362798,,0.523485482217747,,,0.5252089728836915,0.5230600587111724,0.5246075252146429,0.5249777528448439,0.5227581584634223,,,0.5244332159615216,0.5247710248394032,0.5240127255825863,0.5266049575010612,0.5261448559503258,0.5244436031270118,0.5250155337424028,,,0.526179251711643,,0.5254188228434694,0.5251318352206616,0.5257163824666996,0.5246919215722224,,,0.5259643552842215,0.5236716762164076,0.524218073394469,0.5240546428343018,0.5262309253642907,0.523878461074781,0.5240186922229179,,,0.5239682062345804,,0.5251797327645049,,0.5236216992139368,0.5251381809707326,0.5258838226994905,,0.5246873869241501,,0.5227166665115947,0.5227376516699955,,0.5246228142997128,,,0.524645944074878,0.5252650988530642,,,,,0.5257116197363618,0.5254709971582308,,0.525122708888769,0.5248816931721088,0.5234392922549767,0.525642933589249,0.5253573492993165,0.52476038175744,0.5254214044174315,,0.5248903574892302,0.5241356720199204,0.5246505015267532,0.523189658455201,0.5266032579945227,0.5241451251071604,0.5238663086050473,0.5246679048781443,,0.5244972450093405,,0.5254226174440513,,,0.5256218634554611,,0.5253794820916051,0.5239270741689208,,0.5255265825471093,0.5243957611214854,,0.5249041447884805,0.5253177540108926,0.5240883155109303,,,0.5244056071848653,0.5251170591617329,,,0.5234461210679597,,,0.5261375720051732,0.5254938063657092,0.5248622352770791,0.5257814458951162,,,,,0.5246831878825705,0.5235786988299606,0.5234724724267589,0.5260133527859177,0.5255117493022838,,0.5224835403195789,0.5251224813795744,0.5236601326213983,,0.5243226538717138,,,0.524685744139436,0.5249715652552499,0.5254675039079921,0.5252813338573886,,0.5248834214241542,0.525557365375791,,0.5242057875293082,0.5254567204401831,0.5255139833292364,0.5270426107222442,,0.5234393198039039,0.5254218525101504,0.5258226282639182,0.5244672764431809,0.5238493275709103,,,,,,0.5240760176531589,,,0.5253372454161181,0.5252949899584242,0.523868239148291,,0.5242025192412689,0.5249208065560562,0.524025334560458,,0.5245375668891195,0.5265648500830479,,0.5236816922826131,,,0.5252383287563649,0.5045438893917342,0.5044421104664208,0.5056075499127707,0.1048508425069991,0.8883950701550629,,0.22130527535760647,,0.8740384449031683,0.8734313670981199,0.9617214109225752,0.9685035442650349
7,5,DG_10pct,20,Z04_F05,4,LL_AB,157132,165451,True,9940.213307417413,10016.516259098278,10025.461252768331,1160.5379894866342,1156.4772901653514,124.78333042277144,110.39037448544367,462.2110937449575,491.81520822126186,345.3018624213692,346.7206221790752,165.44304896577307,54.12706673712174,246.1196368446689,257.6646592494457,124.68641720659174,95.97633166056474,19.318050790282744,181.66386104040646,144.2764140041774,0.4174067400334701,0.41689816223001464,0.4169012136872629,0.5107056608474212,,0.8120875828576677,0.26498627836603406,0.00014446944121238454,0.0001445858270034407,,0.0053077355087650215,0.00907021724402201,0.009060398360759087,0.009042581663444049,,0.008896429684557861,,0.9137696384165385,0.9145910837931214,0.916060702794803,0.00014462249112594564,,0.00014454992213606908,0.00014409257400987526,,,,,0.000144410149653155,0.00014419395281060026,,0.00014387202476806666,,0.00014368772742335284,0.00014422656390920548,0.01662153829097431,0.00011305708874971405,0.0001131867964391478,0.00011296183042645432,,0.00010309855076769964,,,0.00010285778157700924,0.00010278142471791473,0.0001032016618353856,0.00010294314416065163,0.00010301050737299807,,,0.0001030090507450519,,0.00010297712119399512,,0.00010310325874896421,0.00010305816233644237,,,,,,0.051290292526097916,0.05121528723118609,0.05121262147184357,0.05129422163575984,0.051152081786086594,,,0.05110420410434334,0.05136076282008338,,,,0.05124354175668751,0.051058017466660104,0.051219282420945776,0.051194131844998575,,0.05116483094672423,0.051490490032589424,,0.05122849723627407,,,0.051306501760732065,7.778743580222794e-05,,7.784787811050587e-05,0.2327258342767299,,4.003826591989843e-05,3.9943971053021575e-05,3.490558958482086e-05,3.4965959630616366e-05,3.4978649148482224e-05,,,0.23511369923935035,0.2347955527410483,0.2341104220791295,0.23407156313120075,,,,0.23329059742691885,0.2339369529472382,,0.23460234251082293,,0.23370269516405312,0.2333490230575359,,0.23440326951352733,0.23370831417389995,,0.2343703855102376,,,,0.23354023735906088,,0.23391994492744797,0.23414413954903288,0.23437896110344558,0.2342419778962708,,0.23454097436722054,,0.2341519008965945,0.23362000004477246,,,,0.23396128765120683,0.23409695216240187,,0.2339744994447239,0.2344352656188537,,,0.7415708297100717,0.740097762202866,0.7423407728818703,0.7391556943271973,,0.7412901934669869,0.7405374294270177,0.7424579213563667,,0.7394372831047437,0.7398516344413887,0.7416369066794328,0.7408928009510619,0.7427359950397714,,0.743023881148533,,,,,0.7393905668991291,0.7426967097325724,0.7404008121311264,,0.7409856862157271,0.740012158804492,0.7431301921757457,0.7408730016595888,,,0.7418393096389495,,,0.7405241887249433,0.73923390423984,,0.7414690126021607,0.740550991977232,,0.7425114672844345,0.7392099454317624,0.7400393484001314,0.7392128511900617,0.23424461858868978,,0.23421409617940547,,,,,0.23405848065008084,,0.2336903397501644,0.23445230361177677,,,,,0.23452398631598478,0.23449800085316594,0.23438052093080045,0.2335716834381494,,,,0.2334173731192025,0.23368189108883913,0.23388742758971545,0.23442195969072344,,0.23411061308744893,,0.23406230345424636,,0.23336989112364778,,0.23369931561119847,0.23453286618091881,0.2343792423079935,,0.23424761103316405,,0.23445598034058915,0.2347330038167244,0.23373357312975568,,0.23436321537460222,0.23430666165435662,0.2332323154987635,0.2346656995767725,0.23453642766466146,,0.2347985099389311,,,,5.758366701740423e-05,,5.776703021015736e-05,0.20843303873979385,,5.084356190673813e-05,5.0851610534637235e-05,,,,,,,,0.19626675609345026,,,0.19603389577894267,,,,0.19622483479209507,0.1963683325189247,0.1964019806769609,0.1967298555968898,0.19677240546737518,,0.19654163666712382,,0.19634106618568611,0.19609875282030648,0.19655011561575841,0.19648432394286533,,0.19595023011867496,0.19637770721640851,,,0.19608626081062458,,0.19617860687461702,0.19623247560021273,,0.19610795603687164,,0.19579451817503812,,0.1962389469478684,0.19587093616727044,,0.19662282115851057,0.20469539401119208,0.20487594197354478,0.2046050092852137,0.20500907460414705,,0.20484552236042494,0.20430695897807127,0.2044281088999325,0.205048461662886,,0.20451483874839793,0.2047953290378537,,0.20506738026230822,0.20496987119839827,,0.2050803811401172,0.2049051000440502,0.20436790560461449,,,0.204373491037031,0.2048754679555837,0.2035273372674395,0.20487375708442807,0.20505995389627887,,0.20494864877600946,,0.20491470407794746,0.20486568990961404,0.2045476486489085,,0.7774681024223892,,,0.7766779170224567,,0.7781702035036384,,0.7779534722808831,0.7782654644505825,0.776484458374886,0.7692577793363896,,0.768669241361617,,,0.7677289348492919,0.7655568192799621,0.7698217354606369,,0.7691852475899512,,0.7650336920236586,,0.7677977976075039,0.76525389995698,,,0.7760107047958307,0.7771726204997539,0.7771240727787475,,0.7744492967322681,0.7758490257432614,0.7745594077608293,,0.7773912625318596,,0.7765890098949225,,,0.7760205726204707,0.7775369078607812,,0.776444420340406,0.7744585527611401,,0.7792034817011364,0.7760683796122263,0.7743903270130702,,0.7782005684013592,0.7744942033201995,,0.7780671957892351,0.776158584146387,0.7740072336909352,0.7670196250740751,,,0.7677036253581051,0.7702878237809598,0.768382689581151,0.7693053349867827,0.765191142448613,0.7661707753802163,,0.7662384099581417,,,,,0.7667494408765093,,,,0.7674427813182523,0.7683856863735746,0.7673823195900812,,,0.7686005387008488,0.7660846667333371,0.7702309826112845,,0.7670530632435448,0.19574213336813626,0.19553073113002994,,,,0.19456005114919636,0.19422159890456986,0.19361539428056287,,5.532533753314624e-05,,5.542746189182556e-05,,,,,0.2335559956394634,,5.05058922734739e-05,5.065794538124103e-05,5.052409019698593e-05,5.04237264374153e-05,5.033410407191868e-05,,5.0347368888298716e-05,5.033294768072177e-05,5.020438484804598e-05,,,,,0.2772488781483716,0.7139126652990126,,,,,,,0.2886244747319976,0.2879884572390688,,0.2880712411840533,,,,2.557591000729073e-05,2.552132033250147e-05,2.5522210138335552e-05,2.545966122434081e-05,2.544590709620697e-05,2.5491207090330863e-05,,2.549049435320355e-05,2.5447498477180667e-05,,2.5452079959321133e-05,2.5511737463156907e-05,2.5492048180959343e-05,2.5500776402319446e-05,,,2.5467779490020262e-05,2.5429457544652197e-05,0.711814683538847,,,,,0.7099906110780219,0.3113298125718596,0.3118047600295809,0.31182742824216036,0.31190043569248477,0.3110235443506084,0.3116629528492041,0.31145216613967686,0.3122036856905895,0.710606107662573,,0.713334494911085,,,2.5253548944181422e-05,2.5250793463288838e-05,2.5284522855498284e-05,2.5189948766132165e-05,2.5355064651496634e-05,2.5228083951771038e-05,2.5250799593004195e-05,2.523154652172939e-05,,2.530217720066305e-05,2.528307324013654e-05,,2.5290254540424613e-05,2.527665325698882e-05,2.5255893553541568e-05,2.528178825671175e-05,,,2.5231131978652673e-05,,2.5205617063157878e-05,2.523607274471359e-05,2.531376484751305e-05,,2.5253113313730002e-05,2.5275675791057453e-05,,2.522069497961702e-05,2.524015892225283e-05,,2.5194361150087032e-05,2.52573658167873e-05,,,2.5275649796891907e-05,,2.5237510276912934e-05,2.5235354518888467e-05,,,2.519288438605223e-05,2.5343868450644305e-05,2.5201178160647193e-05,2.5234674373505835e-05,2.5282256002075905e-05,,,,2.523571950661813e-05,,2.5182999070094514e-05,,,2.52956226656956e-05,,,,2.5220828328596184e-05,2.51990703394377e-05,0.1712727541463741,0.171284225197335,0.17130463717791858,0.17084835892694744,0.17106237779469735,0.17111880066210816,,0.17058496489542732,,,0.17126517125957805,0.17176951539309546,0.17072434492833272,0.1717563679638778,0.1709213255739588,,,0.17103283774211794,0.17132698073495026,0.1716134526212325,,,,0.17115744092789084,,0.17147417728548356,0.17125649163153342,0.17084033535244375,0.17117951574190587,0.17109518985565816,,0.1714936092479337,,,0.17117621532117427,0.17129303217054712,,,0.17203748724611312,0.798954907631544,0.797079210846793,,,0.7997168289195729,0.797652513690304,,,0.7987972508993586,,,,,0.7984863319311978,0.17066360931314045,0.17124887210070666,0.17082497281263267,,,0.17097780022998285,0.17147938802758525,0.17076199668217248,0.17116919980468553,,0.17107719306245558,0.1710846300236695,0.16894226887553918,,,0.7990021396420722,0.7994701990364259,0.7996904411132744,,0.7988597407313802,0.7998933018777681,0.7995796084708163,0.1715661810174339,0.17150417115495573,0.17102185504841208,0.17065398032933163,0.17167959808696615,,,,,0.17113340628421803,,0.17138969793335657,0.17128134230470485,,,,0.1711827539640719,0.17102336118500475,0.1707496802881162,0.1717350868993336,0.17132603540375094,0.17124243983172066,,0.17113661189014157,0.17071606661649313,0.17167094241032746,0.17140260070143784,0.8004035302397756,0.8005256306320196,0.8024530752367784,0.8010077563911652,0.7999552461347962,0.7985713155358003,,0.7992884234921049,0.7998077063936365,,,0.7978159058246486,0.7984467443894913,,0.7983577284427685,0.8003713828091041,,0.7986031873267596,0.7988250188951449,,0.7984741978626222,0.7988081518993077,0.8006176236928949,0.7986430780861113,0.7998588062286678,0.7989987732635795,3.527962086152397e-05,,,3.5235124896577974e-05,,,,0.06747044306194706,,,,0.30100226382958406,0.00014338206921702532,0.00014323670629250518,0.00014342466876705428,0.0001434880346671662,,0.00014344849524101303,0.00014340781093671217,0.00014359557193255424,0.0001437571953780002,0.00014317444291660398,0.00014346887234701727,0.00014382877800713084,,0.0001434841553178491,0.00014350471548632261,,,0.00014374421575180698,0.0001432584291898155,,0.00014366640419868177,0.00014326575613809553,,,0.0001431720795329253,,0.000143256483186206,,,,0.00014327682221691287,0.0001435180809629062,,,,0.00014383503593979322,,0.00014352996788719873,,,,0.0001431599102430772,,0.00014316854390923096,0.00014315305403379743,0.0001434183093579113,,0.00014350540099182372,0.0001432757104593382,,,,,,0.00014345156647288963,,,0.00014337294681637916,0.00014349347029094742,0.00014369167237212802,,,0.00014327565345549902,0.00014296600894049037,0.00014406821917698908,,0.0001432363555324246,0.0001440917002455713,0.00014368377202856258,0.00014324102991011503,0.0001439528884351367,0.00014364153923732205,0.0001429470057106279,0.00014331734246058223,,0.00014332945538702126,,0.0001436528035599582,,,0.00014374586839642972,0.00014358528273559882,0.00014304292376044966,0.0001435524979784756,0.0001436336290350179,,,,0.00014291892947056263,,0.00014341652547632814,0.00014320336306057006,0.00014379196334891642,,,0.00014310475833189957,0.00014305542110917008,0.00014355341109549948,0.00014340790912679592,,0.00014348187445679847,,0.00014337343225912324,0.00014342411903909254,,,0.00014346149261388477,,,0.00014351685198090333,0.00014344247055354467,,0.00014357872417466967,0.00014342676569792368,,,,0.00014312202294382114,0.00014325627255215955,,0.00014336448205039116,0.00014354821739141549,0.0001435383874022109,0.00014368471005782982,0.00014373379397486939,,,,,0.000143529890068665,0.00014319726498573267,0.0001436662234990559,,,,,,0.0001436305527925876,0.00014316638563761106,,,,0.0001437727267902296,0.00014295213257853057,,,,0.0001436152453738828,0.00014367077158656142,0.0001434926515491215,,,0.00014335536987701225,,0.00014342839330078747,0.00014316712936188007,,0.00014359509314226815,0.00014336227044447773,,0.000143469331460188,0.00014348184354314857,0.00014355115453593178,,0.00014314612338541154,0.00014329627387977276,,,8.823696551588106e-05,8.80361131469791e-05,8.823085376146161e-05,,0.025712421088612006,0.8993503307853312,0.012542941744373752,0.012541009663739887,,0.012377318139675025,,0.9131736728255693
7,5,DG_10pct,20,Z04_F06,4,LL_AB,274465,275354,True,10912.811820884492,10827.556349590935,10865.916359746385,1107.941205770083,1105.615491329314,116.96153954714181,103.76404949842,460.2942336816771,488.11962258902815,346.57637313345344,348.76701213505004,167.20633183726056,54.64102823813145,228.78221286952905,237.4071160352398,116.58334199456841,90.70406109126992,19.333908186150317,171.36688719071836,142.17395371525237,,0.3810769754052246,,0.4794557745409469,0.4226479591477328,,,0.00013860587064764787,,0.00013871300443270285,0.03329938091234703,0.03664335935441464,0.03651686289995201,,0.03647223770728553,,0.03636017038698747,,0.8959485063072062,,,0.0001388891809815968,,,,0.00013764044841559257,,,0.00013849152653623467,,0.00013831500344510043,0.00013839110721024385,0.00013813149131102273,0.0001381827232191073,,,0.00010257172895046624,0.00010260346312708321,0.00010252066083013428,9.233489410824801e-05,,9.202706653186231e-05,9.209833742894019e-05,,9.210286817863221e-05,9.219243269684853e-05,9.186688666424736e-05,,,9.210601055222423e-05,9.214876828159053e-05,9.209941239839461e-05,9.187808974064793e-05,9.185351238385873e-05,9.178631896723093e-05,9.181544486671587e-05,9.201962104490131e-05,0.06943917889782962,,0.0693947913599552,,0.07699617899159801,0.07693871732463964,0.07668765566957009,0.07672558172366742,,0.0769260822211489,,0.07692673680965059,0.07685814122581758,0.0767335731464555,0.07670503754670138,0.07676525785213328,0.07698354789351898,,0.07680513865386082,0.0768770797923381,,,,,,0.07692878352196639,0.0768032878660909,,,6.982379364792167e-05,,,6.477755098269642e-05,6.462599209334176e-05,,5.960614097909332e-05,5.9576919537303e-05,,0.24559296303396902,,,,,,0.24521219351841447,,0.24586259700316251,0.24631166954746722,,0.24579286933699304,0.24546630394796434,0.24524185605060372,0.2461065367247702,0.2450964136256577,0.24536567153134928,,,,0.24587064079952156,,0.2452735024516467,,,0.24522043638045704,,0.24471447203899444,0.24512687155295929,0.2454811091854417,0.24596124388895876,0.24610790316816264,0.2452127869254735,0.2453203444765706,0.24587175809876327,0.2454575725996143,,0.24525531083959065,0.24580855715604413,0.24436505390847485,0.24558620276534793,0.2461238714170129,0.2446763137201265,0.7419506579254966,0.7395748555998276,0.7415118614526781,0.7408884895338987,,0.7399273124373684,0.7412635566050987,0.7404421993489629,0.7412581164915198,,,,,,0.7422372671557578,,,,0.740326263986425,,0.7408432603701864,0.7410357250889527,0.7416790691339847,0.7399121271726075,,0.7393405452403281,0.7424568636144595,0.7414267434312471,,0.7412408190802923,,,,,0.7384059569368658,0.737905565714707,0.7400984750685516,,0.7395649276917541,,0.7382763319638119,0.7401944693620667,,,0.7394754079116013,0.24475444742219912,0.24546574969911572,0.2457800002098459,,0.24538567198968814,0.24540573856343129,,0.24620591357877722,,0.24646833040856608,0.24697834195440366,0.24608097401456897,,,0.24500037255770352,0.24611996741075162,,0.2455696370820481,0.24553889562025102,,0.2459731760439834,,,0.24420864857131244,,0.245116249231398,0.2460452946599879,0.24607878405343003,0.24505172376997036,,0.24499086538223067,,0.24540406626084613,0.24596456087269128,0.2461911571937674,,0.24570496347999488,,0.24534089630406467,0.24536429654429592,0.2456038397892789,,,,,0.24551026919500146,,0.24526358439336812,0.24582440198023037,,0.24531701949561063,,,8.663549770426598e-05,8.681553268812114e-05,,0.22208327659796878,,7.769431763991935e-05,7.760593461865595e-05,7.747773041600844e-05,,,,,0.2110693005789147,0.21110254607421816,,0.21081399434943032,0.21091360306571355,0.21110951693298477,0.21056831553651212,,0.21096040270208827,,0.21121054304741513,0.21092147705581657,,0.21078982778733035,0.21069494971455194,0.21119519878559637,,,0.21042511488315424,0.2113987732478674,0.21145190098084868,,0.21034391836215152,,0.21050372525880295,,0.2110357329920487,0.21089608057289555,0.21095966121836585,,0.2109392061337686,,,,0.21053573345741824,0.2112385462498636,0.2108497605818842,,0.21074809048343307,0.21851874651422176,0.21929075302235945,,0.2188508963917801,,0.2183541116396997,0.21836477118577718,0.21815974727043624,,0.21887009989548256,,,0.21881926953136838,,,,,,0.2184796109134183,,0.21896296260094092,0.2176846245151986,0.21830967100128168,0.21874838640006675,0.21898221714755417,,,,0.21877824065947554,,0.21864580829836713,0.21821366768625503,,0.7731880868223364,,,0.7733889134916431,0.7736884337040664,0.7746434859913056,0.7743933552787117,0.7736120755120899,0.7747620207462803,,,0.7641830935356934,0.7647082620363571,,0.7653875826631954,,0.7663571589997594,0.7666875996559657,0.7642035292623881,0.763069300653791,,0.7660806249728662,0.7630301578623626,0.7622343700857008,,0.7744818879820343,,0.7732483228564018,0.770811622760413,0.7735665793020025,0.7743196115894084,0.7743253969600934,0.7719366954011257,0.7739269081914982,0.7714029035529991,,,0.7735327673521833,0.7738131346260398,,,,,0.7759140515744563,,0.7729877135235286,0.7738122330729836,,0.7738578296354035,0.770073590162478,0.7757683714644179,0.7743147261304633,0.7730701171215664,,,,,,,0.7667877469735083,0.766209640314992,,0.7638241403460436,,0.767730442998969,0.7660043013014622,,0.7657440112295176,0.765699922277254,0.7678661703694887,0.7648955026183123,,0.764965489182295,,0.7640578371835793,0.7659504060255089,0.7665348446749621,,,,,,,,0.7677153176000678,0.20977820303692954,0.21006437319261356,,,0.20986401334739835,0.20869840827032213,0.20825650758004616,,0.20942798064344695,,8.367700079263949e-05,8.368196310443755e-05,,8.379912386088775e-05,,0.24533162190250477,0.2466681464329864,0.738312472500009,7.742620289851075e-05,,7.733110812564873e-05,,7.77081547651199e-05,,7.778314826296103e-05,7.761500446036076e-05,,,,,0.28630146467535467,,,0.2914950208667395,,,,,,0.2955896350509651,,,,,0.30158034743297824,0.3025454731822603,,1.2349899954477082e-05,1.2319689424968227e-05,1.2353976174281588e-05,,,1.2396592409062496e-05,1.234188996101634e-05,1.235729005466663e-05,1.2364999607108573e-05,1.2369564566660428e-05,1.23969636015968e-05,1.234888937597639e-05,,,,1.2343613361592557e-05,1.2364009341042378e-05,,0.7193573613539322,0.7174206225615626,0.7168577442283889,,,0.3184827492100546,,,0.3194205358832402,0.31852782040856287,0.3183433315937984,,0.31820874853927744,,0.7146734107573298,,,1.3834921899044166e-05,1.3862998093354458e-05,,1.3881180100133401e-05,,1.3830209966899824e-05,1.3871272482915305e-05,1.3843715580937878e-05,,1.3845858986046776e-05,1.3887217331000716e-05,1.3858296379002007e-05,1.3837129010421254e-05,1.3825214689372737e-05,1.3867037450326299e-05,1.3879183254393121e-05,1.3859170761185605e-05,1.3827289509441946e-05,,1.383529409114789e-05,1.3890611684319294e-05,1.3857071939756372e-05,,,1.3711764837682638e-05,1.3738107635847341e-05,,1.37696674091961e-05,1.3796314421350562e-05,1.3783211663472207e-05,1.3761259027437252e-05,,1.3758587366205477e-05,1.3780847042593494e-05,1.3715349194741631e-05,1.3736636628365387e-05,1.3714519035796769e-05,1.3759897968534582e-05,1.3774824627189245e-05,1.3761588529963507e-05,,1.3761858088003967e-05,,1.3783670005162904e-05,1.3755619563433905e-05,1.3771061022651586e-05,1.3730776398797445e-05,,1.3763128385291673e-05,,1.3729179970383443e-05,1.3779577862199658e-05,,1.3701565420736729e-05,1.3788435940428092e-05,1.3755464692371564e-05,1.3735036673375592e-05,,1.3728444364812463e-05,1.3742429270913466e-05,0.18752576342992278,,0.18777697821963948,,,0.18785054641488885,0.18689971107944672,0.18800897247592185,0.18766194400650757,0.1874122908587122,,0.18788462824886792,,,0.18777328162190435,0.18782498127434427,0.18756295531286235,0.18762078613206856,,,0.18774931992606583,0.18793796030656681,0.18775679692722752,0.18770158560944455,,,0.18765219784392323,0.18793144257860975,,0.18726739656747562,0.18705971964706494,0.18787435365735405,0.18793167976872696,,0.18844428640172353,,,,0.18858660145339862,0.7949465590282996,0.795578842310336,0.794026764890976,,0.7940259882392282,,0.7912399069564735,0.7939379405422696,,,,,0.7927686498464912,,0.1875002318518453,0.1877021118473081,0.18711240134818424,0.18730658562982294,0.18825605466731946,0.18728766933952914,0.18716689376028525,,0.187277030806195,0.18806456293770307,,0.1873870897006492,,,0.18705553653205986,0.7936933461547226,0.7952414837707874,0.7950442008692146,0.7923773087004439,0.7933774711789758,0.7943125924356035,0.7944870294411498,,0.18782616097747162,,,,,,0.18829128772627726,,0.18760048529253567,,0.18757508100632905,0.18761113965381804,,,0.18769934712259068,0.18801353682012512,,,0.18754539383986868,0.18810909235434317,0.18804198128854127,0.1877695400446476,0.1880166136475926,,0.1882779875795103,,0.7935970175969489,0.7959691106746399,,0.7944405605334397,0.7951286529996437,0.7961004081634275,,,0.7956173537754891,0.7957790828157376,0.7907172611542054,0.7917393261197575,,0.7932728298410033,0.7919614884406685,0.7919342123406815,0.79424492035382,0.7938362580153782,,,0.7933410753183232,0.7961390676180575,0.7953502073367584,0.7943954552006969,,,5.045804487709815e-05,,5.040592852280949e-05,5.029064577713645e-05,,,0.05334937305327005,0.00014522663265444983,,,,,0.0001382639106902148,0.00013827260563050432,0.00013806867543456256,0.0001378135203673029,0.00013836513825176734,,0.00013799537644415763,0.00013849325779567614,0.0001380409471211942,0.00013782782830738195,0.00013791844224955775,,,,0.00013772149673256612,0.00013808930894274686,,0.0001378947409913563,0.00013819924260839768,0.000137994830093933,0.00013774432846146747,0.00013807921026951907,,0.0001380958395532044,0.00013794716313991222,0.0001383897250717605,0.00013814626212933868,,0.00013800846735014812,0.0001382672492788274,,0.00013822676571771872,,0.00013777443702222075,0.0001380092536755512,0.0001382847967881369,,0.0001378751851625018,,0.00013810926729762214,0.00013807679345881221,,0.0001381959575882909,0.00013801659911311697,0.0001381493964544441,0.0001380265597710563,,0.00013796952546412064,0.00013824170741001692,,0.00013772633343687014,,0.0001379913581482542,0.00013804452126899976,0.00013806029288871227,,,0.0001380857185002964,0.00013801047345160774,0.00013809974108819868,0.00013833653034644943,,0.00013798529549613684,,0.00013822443157501604,0.00013779708091923677,,,,,0.00013789057295373247,,0.00013782331008231358,,0.00013816622336292687,0.00013829012249186548,,0.00013798979642960126,,0.0001381525878007921,,,,0.0001382326466338752,0.0001376728311116529,,,0.00013762221339612987,,,,0.00013803257275703164,0.00013820135645408157,0.0001382724837774871,0.00013783887949480643,0.0001379015412759984,,0.0001380023967548368,0.0001380024333009539,0.00013775659308893284,,0.0001380285498991528,,,0.00013820729101351328,0.000138026320357578,0.00013784304840237126,0.000137656080096498,,,0.00013815580442971736,,0.00013810838810033286,,0.00013762867626563154,,,0.00013770795910673074,0.0001381869134715811,,,0.00013792850624844336,0.00013800248454165034,0.0001379391154152887,,0.0001383199762774579,0.0001382923975075756,0.00013805425608219332,,,0.00013803651315351213,,0.00013786918422797022,0.00013731588823572826,0.0001377126461641969,0.00013803583715908682,,0.00013813240154525927,,0.00013819666231706067,,0.00013808829789467786,,0.00013777406552259862,0.00013803055312466118,0.00013776624455076142,0.00013754141785705617,0.00013807246537522112,,0.00013793321788501572,,0.00013833748130982835,0.00013797278361495996,0.00013780640336715104,,0.0001380438369617224,0.0001381966965072967,,0.00013804455916759835,,0.00013840697939564685,0.00013804926763671648,,,,0.00013714501107343018,0.00013778116968571276,0.00013781510325457796,7.774436251919388e-05,7.800219047944406e-05,,0.053695200050832094,0.053209105686563486,,0.039548941339196994,,0.03932610955692068,0.03920959825329065,,
7,5,DG_10pct,20,Z04_F07,4,LL_AB,279297,280596,True,7958.599511288871,7971.501732275531,8003.830297565721,1094.6886183262552,1097.7967970670506,116.93436337956116,103.60324079879507,470.599431845902,495.4716830597068,357.60170266611044,356.4658848916109,170.67460666997283,56.40680519513891,178.3278240489549,183.07979908767,115.37192088593588,90.37792506707675,21.35575605759825,170.20472779208419,142.47721809245397,0.5099727926774299,0.5110813754236784,0.5108292405646919,0.6125836263221807,,0.8439354116697603,0.3686777509306649,0.19258330847874577,0.1930893429461862,0.1930416717343845,0.1773598317257231,0.25339533146765175,,0.25413018171784396,0.18075335932165454,0.18141473489088022,0.18145977304853778,,0.903806720181391,0.9094436997243479,0.19195938435996387,0.1924931752203613,0.19274334332082643,,,0.19180285305615777,0.1923128934599155,0.19264695655071085,,,,0.19225055164325253,0.19271006719545056,0.1924881390544465,0.19277820024859368,0.16594230294270737,,0.009698859238440955,0.0096895853752754,,0.10070200792018481,,0.10063188107597523,0.1006659918254671,0.10061195734500335,0.10064080945423459,0.10061516193002383,,0.10055287709404905,,0.1004637634419169,,0.10043886772462328,0.10032875885606679,,0.10061181254839673,0.10035973770626884,,0.15349120680597325,0.09367377267928999,,0.1611692761531446,0.16118817426627094,0.16105986239520717,0.16080430858123163,,,,,0.16117466596920185,0.1614930621192662,0.1612172349230402,,,,0.16107495201270833,,,,0.1615185030015587,,0.16168539615911423,0.1612463490910716,,0.16160035100581935,0.10035394335234991,0.10062089291719913,,0.2312776312748098,0.10603867493704726,0.1059545374621865,0.10588581925066369,,0.10605665181487099,,0.3321430805701074,0.33203104295979385,0.3312981070615808,,,0.3312077698411699,0.33233990320106765,0.3323929657974043,,0.3321237322974321,0.33157132265105,,0.3317300917480366,0.33299356149406534,,0.332804086981801,0.33195598500049656,,0.3318321278634617,,0.3317688956981452,0.3310361366528313,0.33210789091388543,0.332854118440782,0.33299402020979807,,,0.3322129815404996,0.332402085187091,0.33169486593339215,,0.33187063515248627,0.3318339367591616,,0.33163630392410404,,,0.3321165808479294,0.3322471543679147,0.33156133658641124,,,,,,,,0.7909062745169436,0.7911658746111124,,0.7895544749341361,,0.7902041646320006,0.78856933775513,,0.789779272940732,0.7898309778155895,,0.7887861337323347,,0.7891389685965929,0.7909950364500268,,,,0.7893506436743516,,0.7878776342989492,0.7904375075383245,0.7893351656709867,0.7884367819366394,,0.7871970807491547,0.7889213607421228,,,,,,,0.7888711770254833,0.7857289358938941,0.7883746898215808,0.789809421039426,0.788605011254997,0.7898328587451356,0.7874651026346937,,0.2321716367466796,,0.23246368579375606,,0.23252028334961244,,0.23229716986916188,0.23264354995479328,,,,,0.23207257506248755,0.23277114277536884,,,,0.2317792111067022,0.2323362635059481,0.23215878523474742,0.23265824883384004,0.23260549672702846,,0.23148727575665243,,0.2320289039174555,,0.23211369542138802,,,0.23247297602106207,0.23236230055399984,,,0.2320220930430573,,0.23202259787687776,,,0.23253999971609662,0.23200539503999484,0.23276582822261505,0.23194456574469957,,0.23210411971787687,0.23153220335055663,0.23247010337021246,0.2319076156834104,0.23172609933054938,0.23163552479897884,0.23211516017840952,0.23238378455228334,0.23282815698189502,0.10515772560286464,0.10547942548780427,0.10561793222465524,0.3079362835565629,,0.10585900847421574,0.10592925769559071,0.10559297109495068,0.10612055086055455,0.1059747362466942,0.10599641644237669,0.29621465986414736,,,0.29588655206048625,0.29731470980378566,,,0.29781514582504975,0.2967262241609432,,0.2956542567452564,,,0.29660709396962914,,0.2962538148314734,0.29698566400518017,0.2969823999044599,0.2963887382747763,0.2976703208523772,0.2968217293390965,,,0.2964785426485804,0.2958434062157444,0.29641983726595156,0.2971343309965909,,,,0.2962149680758817,0.2968654277933076,,0.29681354141029187,0.29648529944768803,0.29594033854507135,,,,0.2959356704481575,,0.303572672781373,0.30463291391303265,0.3041130466709728,0.30382997761376646,,,0.3039969208467301,0.3045229945134699,0.30470808488964923,,0.3043756146631861,0.30454280764143477,0.3044704500162681,,0.30426484058376607,0.3046704854779537,,0.30466468926033224,0.3037370075111673,0.304404333159591,0.30380573974259373,0.30486688170563225,0.3041615332630051,,,0.30401560874044387,,,,,0.3040642582230628,0.8212856109595351,0.8216343956829715,,0.8241254618269412,,,0.8234365701284603,0.8247065242468448,0.8227675484733851,0.823663836771533,,0.8151014093499125,,,0.8139041101594926,,,0.8125894414122399,,0.8147509833043395,0.8132750502000126,0.8136007110722493,0.811514644095131,,0.8118497170957536,0.8134271370851884,,,0.8217129631207029,,0.8228671601624252,0.8247185864489882,0.8216509320745709,0.8208296368746103,,0.820835293535773,,0.8213362996784982,0.8237341019462798,,,0.82249538944746,0.8215678865830736,0.8227934254770684,0.8206760226221488,0.8234973953254909,0.8196339201331813,,,0.8215484720793443,0.8226761670448692,0.8214165471407329,,,,,,0.8127636576843796,0.8128853197774425,0.814275579894937,0.8141928029081758,,0.8148111676634985,,0.814508844772358,0.8148814668622986,0.814337201873476,,,,0.8145260522742787,0.8169930893701547,0.8159223422579869,,0.8168218311379492,0.814123724968109,,0.8164407371118159,,0.8171368893079507,,0.8148920752607539,,0.8160956153929112,0.8135641800829196,,0.20334832350643434,0.2040577119709396,0.20387051672179587,0.20318043621570686,,0.29397466383886073,,0.29361953731089296,0.2946677985170733,0.10533965299011885,0.10564407680879193,0.10556569843879034,0.10551568426892552,0.10558244372945522,0.10540692797083377,0.3325760392305654,0.23220208191483488,,,0.10621752271818842,,0.10620594429597144,,0.10640236846455946,,,0.1053822020709808,,0.2533783741866092,0.7650619775191206,,,0.7676566616421127,0.38208159925828655,0.2737463257742739,,0.2770849269168681,,0.27699983554421664,0.2772909314161994,,0.38571742555988786,0.2768559704553036,0.765009631444756,0.2833992499998547,0.28306300348417446,0.10904808873835274,,,0.10880630783955222,,0.10861986625090093,0.10907027719255864,0.10869030964963475,,,,,,0.10902571937619501,0.10910564454205457,,0.10907211627181784,,0.7688651283046182,0.7679346654118943,,0.766287387873656,,0.7647384786318594,,0.41016029644760615,0.4099897199491068,0.41059257312447234,0.29881289850714654,0.29887432939603004,0.2986620613734819,0.2985953112917735,0.7688372909554079,0.7678878848365429,0.7671321510426473,0.765408575361129,0.11088495742855749,0.11116797155535306,0.11117097242694776,0.11116246007813922,,0.11089764475989296,,,0.11105471907273953,,0.1109453069857132,,0.11098854912139194,0.11090008649973908,,0.11101544853123295,,0.11117684720136822,0.1112989252192365,,0.1111220515309755,,0.11088906585396342,0.11127167507174526,0.11096750651137724,,,,,0.11095739156877767,0.11074630831241838,,,,0.11109551340335748,0.11115609982378535,0.11098574819874567,,,0.11103574317107272,0.11118154797057575,0.11116531517937193,0.11105151884115133,0.11092517262560549,,0.11095418160052323,0.11072800360296006,,,,0.11096695300978698,,0.11108215311784242,0.1108012051512837,0.11097923957217751,,,,,,0.1849774963602991,,,0.18459109760874726,,,0.18515641827390542,,,,0.18458073903531186,0.18464299565951334,,,0.2729371016263645,,0.27289719750768104,,,0.2722234217365099,0.2723159868340947,0.2728350516416268,,,0.27220880863086505,0.2717711555509422,0.27137520612646443,,,,,0.1854058824130578,0.18597223895476023,0.18555420125895875,0.1849929784696767,0.18575542964691347,0.1851148676200472,0.1851370696897644,0.18546217799289502,0.8422651782783918,0.8421272087055155,0.8424079422340318,,,0.8410605586423938,0.8409067998976573,0.8426659868540956,,0.8421361464768303,0.8433884069504332,0.8422736307981123,0.8404372395860038,0.8422901985522898,0.2729462182377852,0.27301966813374595,0.2723493327286153,,,0.272479857571567,0.2729367695177847,0.2719996391761283,0.27250337121994544,0.2719163541846765,0.2721177223734578,,,,0.2715730284978955,0.8437563865174735,0.8458814068412058,0.8439057297676017,0.8434782378509429,,0.8437814338046454,0.8435292049645768,,0.18446216145478564,0.18533714290984005,0.1847102888768372,0.18527178939791528,0.18540952685930653,,0.1853566615740994,0.18525082368562715,0.1849926301663083,0.1851451080363812,,,,0.18464512259165444,,,,0.18476842901557836,,0.1851343449595688,,,0.18484489916797697,,,,0.8470452902343512,0.8445959518728996,0.8418190179693503,0.8420368770970528,0.8431383351869532,0.843728031064316,0.8444465550017596,0.840316774502323,0.8438368264039215,,,,,0.8415336475151582,0.8445739499465852,0.8411082709573378,0.8428340261047831,0.8421508879016079,,0.8424011449548441,,,0.84313412054812,,0.8452776424180419,0.8441865974837852,0.10652285658606399,0.10621619569968523,0.10639718766691836,0.1062679111622103,0.10628012333366989,,0.009946253435547232,0.22290523450595426,,0.00012165000042192367,0.00012138317036566092,0.39924920446179446,0.19122421981026042,,,,0.19181039794648305,,,,0.19111495507111995,0.1913124141906444,,0.19141725194013373,0.1913645531141445,0.19143361921054514,0.1911424624723032,0.19183724088474624,0.19175907684370866,0.19134267770058672,,,0.19232520740100872,,0.1916350292791797,0.19153660480146048,0.1913084100234108,0.19163038269693033,0.19142835039847542,0.19212647547855585,0.19194510143282034,,,0.19193607300652984,0.1914971678653245,,0.19138989889493077,0.19129061565812477,0.19199923910639063,0.1916740024020623,,,,0.1920695303543197,0.19200372936167992,0.1916353626177925,0.192048345432713,0.1915834920658928,0.1920521690684845,,,,0.19137079304967664,0.19145147535818954,0.19159750117157745,0.1916821208350479,0.19180342630519823,0.19195028638536407,0.1919306327003437,,0.19102061693607808,,0.1913776475786444,0.19184748611439645,,0.19185499690623675,,0.19167642901401272,,0.19164823647359155,0.19217005666974618,,0.19153606789529345,,0.1913947151445763,,0.19127311893897714,,,0.19174948591705426,0.19183571652223264,0.19146234704220694,0.1912873193952756,0.1915146458469224,0.1914497142956957,,,0.19187276112885374,,0.19184085041645818,0.19147348615383122,0.19165367959727003,0.19184520893896762,0.19095590334292242,,,0.1917955049054961,0.19112028442743395,0.19161329919086434,0.191422562958419,0.19112462363695917,0.19155937496261558,0.1916674586604691,0.19165307536196605,,0.19188633775845307,0.19210151737161274,0.1920680263274375,0.1920209159588658,0.19183176852863437,,,,,0.19160240150630545,,0.19112485507653562,,0.19142316255065164,0.19194741601674759,0.191798795753068,,0.19168212112014324,,,0.1916431999079702,,0.1918076810955122,,,0.1917278649018754,,0.19142614733845273,0.19131359859474215,0.19139707026603756,0.19182041573211064,0.1918925088460012,0.19168262858623847,0.19143677331912454,0.19189635183110446,,,0.19148486361246564,0.19159407482296759,0.19104001207037188,,0.19177789007210277,,,0.191544291962749,,0.19223372783550144,0.19178017178010223,0.19177995305029633,0.19157162923767465,0.19203302711466597,,0.1922160009214472,0.19169345488323256,0.19133597877330902,,,,0.19174407657287745,0.19183575046598145,,0.19200256455174597,0.19126097601250985,0.19206411347858673,,,0.1003715449575007,0.10055532895780263,0.13712519649834076,,,0.2546505108028418,0.25618636973127873,0.18345492285070997,0.18267795668381484,0.9042937088399008,0.9051881713684381
7,5,DG_10pct,20,Z04_F08,4,LL_AB,157126,165458,True,9316.917484939979,9272.3400905711,9304.392498492874,1064.9612268638232,1068.7246291967297,112.32338990771392,100.78790789294372,459.23640083218027,484.61318033739485,349.5356526558852,348.68463906056814,167.1765749054881,55.158298972368875,255.91426052404245,230.15614121980562,111.56222321343351,88.15944347309932,20.542995461914227,164.48289382096243,138.56717800469136,,0.44798452152082713,,,0.4745721724160911,0.828242477823082,0.29799024831782595,,0.07359148124004197,,0.06747229203263586,0.10539386723736813,,0.10522916866600728,0.0702930560011622,,0.07041404303846344,,,0.9194037230650575,0.07357874552095901,,0.07335206199917074,0.00013664653563034835,0.00013685824721173853,,0.00013731730892513406,,,,,,0.00013685777896752313,0.0001367749245072866,,0.11421194230841868,0.07366142071650192,0.07377603627071921,,0.07358819724629388,0.07352870283929208,,,,,,0.07341253515019659,,0.07344186873289293,0.07332764769214772,0.07345221294047156,,0.07354323503810142,0.07355471607525461,,0.07356618781298442,0.07339285059338475,0.13850546843817932,,0.07711810804611983,0.8897845715860814,0.14586241779057132,0.1456976939483997,0.14529604561461912,0.14568773952657607,0.1455909438915607,0.14558182455258734,,0.14570676899484034,,0.14568968653068315,0.14602427422007444,,0.14572381081089866,,,0.14557271572028535,0.14541437405089683,0.14584370454838205,0.14540806877417142,,0.14552315532057256,0.14566467927793744,0.1455567889641331,,0.07358085873434687,,,,,0.07755663530368838,0.07751997902619809,0.07770037682137018,0.07746100552740803,,,,,0.31106370227032715,0.3111680392071444,,0.31162429129234115,,,,0.3111377797485658,0.31147464757702703,,0.31059894961240714,,0.3111063417152122,0.31110087867584996,,0.3118849107027356,,0.31096851481062676,0.3106443842830747,0.3106835284659407,,0.3109000451986238,0.31077787028696646,0.3112146412723766,0.3114197054772047,,,,0.31092439428998814,,0.31016802988448183,,0.31040916175804856,,0.31056734915667583,,0.31065097302381767,0.3114320458840855,0.3092876553657664,,,,0.7669795298194668,,0.769051997508558,0.7672296130214032,0.7677967603057732,,0.7680619466252963,,,0.7654088228503577,,0.7657733329854192,0.7642764814493473,0.7645058256574724,,0.7668142634663021,0.768313475075601,,0.766007905959119,0.7658747346561647,0.7664963861910775,,,,0.7659841841036539,0.7655889259554365,0.7667825414933037,,0.7661694164995912,,0.7666577265041112,0.7637872332338799,0.7658081797571755,,,0.7652268551607289,0.7652543740275217,0.766531319045675,0.7657834925866749,,,0.7650312572796073,0.7645268735870392,,0.22768326988947418,,0.22812746741287782,0.22773837315289122,,0.22870609050940602,,0.22756560677138027,,,,,0.2282169989749691,0.2288646922156159,0.22825125224892448,,0.22774434987678677,0.2282568696213479,,0.22861405626734005,,0.22765652838640818,0.22826084127918048,0.22720149990888533,,0.22833451714903139,,0.22799028322831263,0.2276176290820332,,0.2277869142595296,,,0.2282168033227684,0.22760426487907104,,,,0.22732452111646623,0.22804146935526678,0.22794220956465489,,0.22766291228897065,0.22790995133794148,0.22781543828031373,0.22772780402047402,0.22759111989504646,0.22766512428498606,,,0.22832326479552043,,0.07745620215130564,0.07739015125468278,0.07723189066510472,0.28736889391370934,,0.07755036675112426,,,0.07751699054408573,,0.07748161205871705,,0.2768673612667163,0.2776869683162332,,,,0.2775975565890132,0.27716664954591874,0.27643179727643497,0.27670316967663494,0.2769179061030437,0.2772920395048967,0.27651154499364766,,0.2769518875197151,0.2769645916337478,,,0.27636203946303856,0.27753573279742666,0.27693174418277927,0.2774095000125463,0.2773812250233537,0.277077260773473,,0.2776749897071615,0.2770322054899376,,,0.2774008071008091,0.2774201405983565,,0.2770909133869431,0.2769711979679007,0.2765120711876655,0.2765384900599726,,,0.2767243050267016,,,,0.2844244597583689,,,0.28475319180676356,,,,0.28407642782412607,0.28420068293935447,0.28503126159108144,0.28592072385765843,0.283815980164663,0.28520443471867135,0.2851858040270208,0.28442352187551806,,0.2845935071931732,0.2853984210371525,0.2850056678433997,,,0.2844955325418051,0.2843900954599761,0.2851211875645595,,,0.28405129899238485,0.28429303406684037,,,0.8001269143389204,,0.7993481616382663,,0.8008903479692849,0.798976613332364,0.7995243126393676,0.7975367480382162,0.7996862225246147,,,0.7905474040060517,,,,0.7901204629756529,,0.7877949930582381,,0.7900163600790009,0.7902074599713382,0.7892500878497379,0.7887237352941205,,,,0.7959066556080595,0.796896416110484,,,,0.7963941038305643,0.7973764499432942,,,0.7953391377141751,0.7979586223726849,0.7983269603754584,0.7987911366380138,,,0.7993310208149428,0.7959599665541208,,,0.7991554247352323,0.799857710818712,0.7988161938729993,0.7978921528226763,,0.7993372386645018,0.7968880573603322,0.7997875291826608,0.7994688894620756,,0.7988346457558615,0.799738931872901,0.7912236460568678,0.7895427589987657,,0.7881778365534753,0.788679838642519,,,0.7890783715174743,0.7924320304558606,,,0.7918724741510658,0.7906891382089203,0.7882441447390801,0.7923413132270354,,0.7891270388008328,,0.7896769274224599,0.7923607171831308,0.7906675248718081,0.790906085127314,,0.789334196654773,,,,0.7876666207176987,0.7926098154129282,,0.19825306634960912,,0.19730382410940644,,0.2749784497361725,0.27486994760205175,0.27480074224828155,0.27487468506190305,,,,0.07738999658080813,0.07727151094525117,0.07713844511089235,,0.22752531425454134,0.7647115833811551,0.07764003188223487,0.07775767252126609,0.07774692596281978,,0.0776871091443584,,0.07735492572748898,0.07725457024759745,,,0.2505392623778616,0.744606451120312,0.35175606440917684,0.26354411953388845,0.745154884331735,0.3567254974106341,0.268825606467824,0.744764806922186,,0.27279980899652984,0.27349726971343574,0.2732206991786193,,0.36286548090217036,0.2731291047084446,0.7399541253406915,0.27985001150235395,,,0.07974605626464133,0.07972765014269549,0.07959038073956935,,0.07939640722516747,0.07951603630803472,,0.07967396849769423,,,,,0.0797182946642113,0.07984727056351153,,,0.07981781306115417,0.7452487631523805,0.746633590300019,,,,,0.3858571476951392,,0.38477121877680825,0.3862555609383977,0.2941070778790209,0.29483140622980275,0.29468221769679254,0.2944569115557783,,,,,0.08078786699982364,0.0812405538079215,0.08139118458642827,0.08093359654315746,,,0.08079742311492437,0.08088248870039962,,0.08106566738637187,,0.08118792255941276,0.08116120268233913,,0.08128450093320133,,0.08092864612327023,,0.08098064446526365,0.08116531643771563,0.08110621277858028,0.08128623704450944,0.08127496461800902,,0.08109050176063427,,0.08130026336592203,,,0.08097159978771584,,0.0813390035028162,0.08127326478293578,0.08116045874731988,,,,,,0.0812565765077331,,,0.08135763076959547,0.08124522342400613,0.08112781778534474,,0.08096372108344667,,0.08118856104942082,,0.08107140210466648,0.08117330781899385,0.08120807892875387,,,0.08133987921082558,0.0813061583644129,0.08115125437750956,,,,0.17845052032378275,,0.17928079789083357,0.1788803460366517,,,0.17912595224156636,0.17813825029424366,,,0.1781641897518409,,0.25447061140912064,0.2548926595914642,,0.2541066090726931,0.25420569067359156,0.2547247440337441,0.2548863177237548,0.2540073413495972,0.25405098576403595,,0.2544869559276556,0.2544868829444169,,0.2531089443621593,,,,,0.1784372693212004,0.1790565052863848,0.1787175037096331,0.17895149768020807,,0.17938903042434493,,0.1786461314855664,0.8150124610553705,0.8176755242671891,0.8175716819797236,,0.8181188551130474,0.8177729800698945,0.8158353061395542,0.8163218506904575,,0.8159825560342693,0.8170726802080107,0.8175246145963891,0.8166872648592701,0.815580010175268,,,0.2534104938113075,,0.2550992988121811,0.25417222771057185,0.2538854957419612,,,0.2538446233070698,0.2542564969167367,,,,0.25272103056007394,0.8192132351120713,0.8191501302692624,0.8170288660008731,,0.8206293976534479,0.8190059976143197,0.8174003719928892,0.17802378837919258,,0.17860906580872926,,,0.17840341576313293,0.178110310875817,,0.17838298582444262,,0.17921206260430025,,0.1791055095849816,0.1788534137383705,,0.1786313181026346,0.17873964154540506,,,0.17892002332966064,,0.1786388859023184,0.17878580141089126,,0.17838197475041237,,0.17859762757963588,0.8175888096602597,,,,0.818004670313934,,0.8201478991300984,0.8189155816000695,,0.8183958326448195,,0.8151152937063683,,0.8157447757695655,0.8188537171513588,,0.8171417132203941,,0.818353067453888,,,0.8192578717850397,0.8169046323939279,,,0.8160288933158338,0.0775046084700538,0.07798133119512946,,,,0.07756157465492101,0.0719879365494563,0.1199033547486367,,,0.07349101874917507,0.374991465645347,0.07297042149372952,0.07310428312549898,,,0.07296192243578992,,0.07296279321321655,,0.07288516534152377,,0.07285782355966539,0.07294002542978464,,,0.07298988795024133,0.07288443348698331,,0.07297700534303939,0.07285940549623325,,0.07293478128848123,,,0.07297611604503754,,0.07304510949127241,0.07297447563106081,0.0730195921852426,,0.07298855017208207,0.07303795467833474,,,0.0731290303288647,0.07254961777240589,0.07296008990113777,0.07292082119022322,0.07293230519231932,,,0.07287220925560543,,0.07298053927300517,,0.07301085533844898,,,0.07299802849091874,0.07283157940099652,0.07281778910686189,,,,0.07289727103449922,0.07291231457582015,0.0731365539863783,0.07305747151071902,0.07300993474664966,0.07272847438735815,0.07292898155243373,,,,,0.07290546293323129,0.07291117859245455,,,,,,,,0.07298614147184673,0.07291307502728149,0.07298881591313168,0.07286891132914958,0.07287025048337831,0.07318362388979348,0.07314807908505591,,0.07301113254863366,0.07311290917541853,0.07298348070007199,0.07310192220818366,,0.07280631063692053,,0.07283802670768846,0.07306223134057332,0.07285361452877484,0.07277004799276755,0.07278764187555638,0.07273380848116953,0.07288707474289481,0.07299593813344667,0.07291107783592922,,,0.07291809137701237,0.07295066661842159,0.07296928149836404,0.07286910659101405,0.07290724767782973,0.07317319135734564,,,0.07291683527560336,,,0.07299745597661297,,0.072944477638596,,0.07295557001654138,,,0.07298489093238261,,0.0730234123813353,0.07296832249040006,0.07301214451932407,,0.07291345683002962,,0.07293495714246591,0.0728933858164459,0.07279985901625119,0.07299077254659297,,0.07313329592346604,,,0.07266391694460785,0.07274473897818481,,0.07285651361609546,0.07309131138843687,,0.07297789797179847,0.07301844393495502,0.07268891335405304,0.07300707279106332,0.07290532583956688,0.07313098492245912,0.07324516240739934,0.07283090635190391,,,0.0727913525973525,,,0.0728614176213412,,,,0.07311504868840825,,0.07297869035295627,,,,0.07308513866690462,,0.07287577242354577,,0.07289852421112919,0.0732059327362246,,0.07355883227957424,,0.12266395149164229,0.0719645594515177,0.9041792088859613,,0.10775867928291662,0.07277662316691429,0.0725643540986099,0.9174610452983514,0.9141363771132786
7,5,DG_10pct,20,Z04_F09,4,3PH,318387,165451,True,10472.456650812252,10485.008919169732,10512.712909801083,0.18772788298990561,0.18981276913330236,0.01196398981630552,0.012023899555028717,0.1135779586650232,0.11385101426593491,0.08569982362043986,0.08625455118425145,0.04268445553855716,0.01411532772032566,0.011759406484605588,0.011019571489043601,0.012099388877491664,0.010903813091117298,0.0041001035028146796,0.021895018777013112,0.02864244832538072,0.42018447130675657,,0.41975167138527736,0.41860581495690946,0.4177932640189062,0.41845479137420283,,0.0001435361789089965,,0.0001436755056004293,,,,0.00014487691129562552,,0.00014494042030274148,0.00014480450751765554,,0.0001448253343937615,0.00014472835858796507,0.0001437074661962473,0.00014386812082753457,,,0.00014369460448256864,0.0001437724565844392,,,,,0.00014394908661634782,0.00014425202847982049,0.0001439463606311272,0.00014458044277924025,,,,0.00014183369194735533,0.00014172168143265933,0.00014516349294554118,0.00014511826422169166,0.00014465423596034572,0.000146063603855645,,0.00014552765570360294,,,,0.0001456986781537018,0.0001452237415710466,,0.00014519292475080028,0.00014518190301873464,0.00014557641090034846,0.0001454027308114318,,0.00014584160228276388,,,,,0.0001453945638671485,,,,,,0.00014604098646741042,0.0001457638475778016,,,0.00014584090072528673,,,,0.000146246044850266,,0.00014566076039033992,0.00014608881146435998,,,,,,,0.00014514897312372234,,,,,0.00015232764504819564,,,0.00015205692414924514,,0.00015384912691554875,0.000154029705630552,0.00015311914845669288,0.0001542118799282685,,0.00015388369434261094,,,0.00015352013600676638,,0.00015375647620162632,,0.00015367014394395,0.00015308482827169223,0.00015342514540988024,0.00015351260186968583,0.00015352994225165318,,0.0001540740924741473,,0.0001538228366439363,0.00015366950752517718,,0.0001535485919605664,0.00015373340731635136,,0.000153876305300745,,,0.00015317960533862534,,,,0.00015408130114792426,0.00015376167993403446,0.0001537447095940008,,0.00015385083113107442,,0.00015354130056697995,0.0001535934096808813,0.00015367215027338604,,0.00015399472396390807,,0.00015355017951446402,,,,0.00015360938995543293,,,,,,,0.00015330890387905635,0.00015407390025577513,0.00015341824243115946,0.00015383715775019454,0.00015399144002273924,,0.00015364206830530835,0.0001535643524441621,,,0.0001539149224490689,0.00015344393529188993,0.00015321293868996038,,0.00015348820645949405,0.00015378822446424607,0.00015341286769221825,,0.0001531947008466598,0.0001537254620734688,0.0001536626165639363,0.0001531449687248654,,,0.00015311018938399937,0.00015379063322650907,0.00015350158575737344,0.0001537281933346748,,0.00015412473308323943,0.00015320599781986876,0.0001535869176753694,0.00015403718584285268,,0.00015367976165397979,0.00015421975668263388,0.00015367407984902056,,0.00015375456158576688,,0.00015372935071074085,,0.000154046919874675,0.00015385352982839897,,0.0001541955436862548,,0.0001539089843423286,0.00015399609510291282,0.0001543358615236919,,,0.00015416513569477603,0.00015378887051143128,,0.00015377797259895825,0.000153977716836294,0.00015356262632631903,0.00015385612158227125,,0.0001535343868064838,,,,,0.00015398731952670318,0.00015366256101523386,,,0.0001540588508810131,0.00015402649456601716,0.000153687002593579,0.00015365510263871618,0.00015394109144880043,0.00015389478180305859,0.00015406706317562698,0.0001537196938015062,,0.00015381789414931394,,,0.0001537986308157822,0.0001535021378347436,0.00015362792806966277,,0.00014794108933715566,0.00014839419789119653,,,0.0001530216036474054,0.00015282554799586913,0.00015268763165634126,0.0001528958238926697,,,,0.00015364448024367697,0.0001540165240558447,0.0001538115608849399,,0.00015384030724403268,0.00015379211401460836,,0.00015343013246085378,,,0.00015360601826955238,0.00015346731615323788,,,,,0.00015335983180372789,,0.00015341874530062823,,0.00015358359399621183,,0.00015318123629656625,,0.00015350425962285072,0.00015291406722046995,0.00015350995876088622,,,,0.00015288329020077244,,0.00015385785950885526,0.0001535852259388423,,,,,,0.00015337277554449089,,,0.00015323847536400406,,,0.00015388753761431747,0.00015359534112776278,,,0.0001534507704350288,,0.00015341479459925927,0.000153385229134081,0.00015350481579508136,0.00015345073499546338,,,,,0.00015365660057895694,0.0001536647329306088,0.00015352672996327,0.00015318653642469517,0.00015351900883625163,0.00015346639214556702,0.0001533179589094627,,0.00015319799012756202,,,0.0001535738380418711,,,0.00015321590133522047,,,0.00015322110785188998,0.00015322708837310183,,0.0001530922796236648,0.00015335571551784895,,0.0001532473516294052,0.0001535512199511074,0.00015344955008925835,,0.00015328387269420267,0.00015334438677237829,,,0.00015347532108673864,,,0.00015336992584104458,0.00015319408300529228,0.00015268708320596676,0.0001529829214740603,,0.00015318236414916105,0.00015328925701060857,,0.00015321212682997248,0.00015324992772223258,,0.00015311136961986994,0.00015356677706549574,0.00015300477569348147,0.00015308503558797944,,0.0001534414889425849,0.00015279571167594217,0.00015305691180089723,,,,,,0.00015353241699228863,,,0.00015304114987318838,,0.00015327378403760792,0.00015353228983112303,,0.00015314386101388615,,0.00015339592928309754,0.00015332053893758364,,,0.0001535961717180765,0.000153563435475496,0.00015325736303266698,,0.000153134797024596,0.00015296786240972523,0.0001532560384503981,0.00015323619192394194,0.00015313560810847657,0.00015314846045961047,0.00015301284025385145,0.00015351810503052115,,,,0.00015342846476428158,0.00015346313933054496,0.00015335111397875065,0.00015359983364532462,,0.0001527754040677504,0.00015323566701237198,0.0001529760965777592,0.0001531010970838181,0.00015361308534712513,0.00015369060272589464,,,0.000154369592005173,0.00015350098119668428,0.0001537426826626074,0.00015326970185631437,0.0001531536586886931,0.00015354955536029942,0.00015374915305083124,0.00015333809693604124,0.00015032100103330005,0.00015028138214124456,0.0001500971979604049,0.00015047370895838812,,0.0001505054474538443,0.00015348013327943854,0.0001535984401761932,0.0001531099031531249,0.0001521182919198997,0.0001522678936102098,,,0.00014869619642921353,0.00014911519672988242,0.00014492675789057986,0.00014477154019716226,0.00014461628779283592,0.00015429175943718724,,0.00015400109814788873,,0.00015658570179427592,,,0.00015723848475478167,0.0001574890302050933,0.0001582285253455639,,,0.00015799676673778487,0.00015802802405445163,,0.00015836031335005144,,,,0.00015757320865693926,,0.00015743594291103822,,0.00015779914047266583,0.00015801462638375486,0.00015768247485874691,,0.0001576492193642069,0.00015790472863203315,0.00015771300603438168,,,,,,,0.00015784718846655396,0.00016080140040415332,,0.00016066552140140599,0.000160934717311912,,0.0001592339203007836,,,,0.00016148298833771599,,,0.00016138096822464461,0.0001612892420309546,0.0001608141673965321,,,0.00016124603773201723,,,0.0001607196833073501,0.00016059963213154135,,0.000160665470478337,,,0.00016049301500693013,,,0.00016033233105879166,0.00016046203792954435,0.00016077464224733615,0.00016106168939520728,0.00016083634017013542,0.00016090253746907495,0.00016081986791432405,0.00016075659595279576,,,,,,,,,,,0.00016048323356548412,,0.0001606930282738443,0.00016087563246245282,0.0001606293260619153,0.00016111215101848888,0.00016042292063963038,0.00016100480853505837,,0.00016089852665272892,,0.00016045888487356964,0.00016165466090324333,0.00016093602060951827,0.00016116269218902196,0.00016122425870552886,,0.00016097132213843316,,,0.0001605994344613032,,0.0001615032922713987,0.00016087104180309957,,,0.00016076290914642937,0.0001608331056717139,0.00016098801518763594,0.00016099137242949933,,0.00015291646237412682,0.00015326053036603603,,,0.00015367125491356736,0.00015277293186854464,0.0001536393318700785,0.0001536932154457172,0.00015322714444525372,0.00015339459045279755,0.0001535559950982145,0.0001533478126753767,0.00015312079404950795,,0.00015315971100197663,0.00015294864029396832,0.00015341593911215862,,,,0.00015317370766555126,0.0001527268977636302,0.00015292736584313562,,,0.00015344787128860054,,,0.00015336910242169985,0.0001530846602501201,,0.00015340136956444405,0.00015330617780091464,0.0001534955163333333,,,,0.00015353139536040746,0.00015333181961207074,,0.00015257158767009526,0.00015289195149184305,0.00015257957406352354,,0.0001527951226392843,0.00015245204704877798,0.00015258874084946313,,0.00015217659867161227,0.0001525828770777764,,0.00015262396124564282,,0.00015272559229294325,0.00015289451954841963,,0.00015300363381047153,0.00015307423194202744,0.00015286313437876025,,,,,,0.00015300427928527296,,,,0.00015293707065797217,0.00015279947592796917,0.00015279714362722208,,0.0001526176028997133,0.00015260043433156886,0.00015285458573088733,0.00015361452441627163,,0.00015321460754923535,0.0001530485132399151,,0.0001537779041394386,0.00015347243072667753,,,0.00015335711901317002,0.00015354322731840546,0.00015342706220525829,,,,,,0.00015325019500454185,,,,,,0.00015291660460373978,0.000153389495845681,,,0.00015324414256344187,,0.00015289372557125437,0.0001529736855998803,,0.00015301620507443214,0.0001529486395830029,0.00015324738232819842,,0.00015315613657039016,0.0001524868681028603,,,0.00015311218187639337,0.00015286243237214688,0.0001530478104868999,0.00015343201655056702,0.00015272831727326114,0.00015280512742513424,0.00015282456828163608,0.0001527214712866105,,,,0.00015265063713961027,,0.00015421320194207848,0.00015355786322534512,0.0001542690180170863,0.00015431377803613096,0.0001535427470178074,,0.00014600301626708836,0.06115302655546997,,0.00014466351380739039,,,,,0.0001443628021714921,0.00014404770293566176,,,0.0001439142482926227,,0.00014431563809075252,0.00014403173006188855,0.00014429969996907014,0.00014432735163710241,0.00014390060389917475,0.00014463733876067747,0.00014473161084932514,,,,0.00014475589566691907,,,0.00014406277826490508,0.00014490318834100728,0.00014439974007952614,,0.00014395285525082652,0.000144275686581323,0.00014393653000785572,0.0001442375357035498,,0.00014405750034423518,0.00014424454381722638,,,0.00014459770974385342,0.00014414607552198775,,0.00014407663572223192,0.00014367511562641066,0.000144353497221115,0.00014439662030138044,,0.00014457783230994013,0.0001442592775808758,0.00014444463485911328,0.00014440156298563356,,,0.00014400957179607054,,,0.00014439889256290413,0.0001439974990928295,,0.00014409644139162965,0.00014407667970336966,0.00014433007869036287,0.00014439609435140498,,0.00014426833847896707,,0.00014401777297952194,0.00014445974902914778,0.0001440380898184891,0.00014437465870814232,,0.0001440346583635211,,0.0001441572428868006,0.00014403554273157576,0.00014458238849559592,,,0.000144688221972757,0.00014409827147388897,0.00014408770746868592,,0.00014386946035808211,0.00014449451174110753,0.00014406787622750215,0.00014441895450790853,0.00014392146969078058,0.00014462612280010694,,0.00014433525063405474,0.00014414280133493137,0.00014433757082021092,,0.00014418972312133202,,,,0.00014407216981852025,0.0001443304590177236,0.00014406142938506758,0.0001441879176335972,0.0001439990008987331,0.00014412629897147823,0.00014416215397034294,0.00014435660754875547,0.0001440370744655689,,0.00014381870232432257,,0.00014442047430375938,0.00014445627166821275,,0.00014389493647710294,0.0001442052483259428,0.00014394060518695457,,,,0.00014431713307547664,0.00014427929055128375,,0.00014420464632824786,0.00014428261427994622,0.00014422599959655247,0.00014406164864566267,,,,,0.00014429726088204488,0.0001437704204561504,,0.0001441534403942368,,,0.00014420735578782234,,,0.00014422560754259004,,0.00014412982988470547,0.00014458892584210125,0.00014422718970471136,0.0001445266996205988,0.0001441516658268316,0.00014423794866146944,0.00014398490136391354,,0.00014390803084131812,,0.00014417938083770965,0.0001438218458127374,,0.00014444452441046812,,,0.00014426864114973275,0.00014404903141927985,0.00014442146057470838,0.00014383681789794736,0.00014438330674429434,0.00014399724651364284,0.00014397693685139502,0.00014415349253092742,0.00014420488156108847,,,,,0.00014483605901576024,0.0001443168323894863,,,0.00014365342240869249,0.00014292796147170121,0.00014345372098400794,,,,0.00014497618065383792,0.00014534937500693294,,0.00014483534860071834,,0.00014497938036403042
7,5,DG_10pct,20,Z04_F10,4,3PH,157137,165477,True,7864.8170181405585,7861.260409109564,7856.511377343469,259.49334995665777,262.90990791025393,16.58824779129627,16.868520105768887,156.3704579671012,157.74964647154948,118.81753081215409,119.94605157093314,59.076448013905214,19.602469989578125,23.125453147285594,21.72030855412406,16.70413651058739,15.069713022746495,5.71064434830658,30.263975812186263,39.80905650438454,0.5616586185956682,,,0.5628483057070782,0.5622464025388265,,,,,0.28261328721282136,0.2823561313737709,0.2853471948295839,,0.28503848647102165,,,0.28628885129510945,,0.28476655608790363,,0.28276671560618044,,,0.2831761977308519,,0.2834086551826133,,,0.27974695803623445,,,,0.28390307467367454,0.282906477440126,,0.21863221573656222,0.00010878103295683535,,,0.2005118764884657,,0.2005502374720303,,0.20102655101424433,,0.2011822068408758,,0.2010981554541499,,,0.20139547172441247,,,,,0.20077658905906334,0.20109797587000483,0.2018657644604168,0.20252297747013753,0.20167890766019428,,,0.20238946630261775,0.20237263019488985,0.20217905169614359,0.20281440491905064,0.202092246168948,,0.2023194327350622,0.20188056617440822,,0.2021289278064282,0.2022593349647551,,0.20164110993553336,,,,,,0.2015068887089373,0.20176555382819128,,0.2023939091102566,0.20256096508090804,,0.20092721075103917,,0.21249502825509903,,0.21015903666674135,0.21065626865543935,,,0.2100585915396753,0.2138807937499274,0.21315658242497718,,,,0.2134119126121537,0.21276668572514643,,,,,0.21303257222135147,0.2132576743348398,,0.2126502818782117,,0.21333910591263547,,0.21311398619084307,,0.2134572204758446,,,,0.2125509563236813,0.21271467516805093,0.21270272493002731,,0.2122233654920449,0.21322499384700877,0.21288893082352794,0.21306296768820798,0.21307194882365155,0.2127630987167999,0.2120740420538107,,,,0.21307942331859028,0.21283183258744381,,,0.21189274693982943,,0.21257986767760925,,,0.2132517499393606,0.2127712805903227,,,0.21309686700339922,,,0.2129518648852507,0.21229253338275503,0.21226030682152858,0.2128159179942527,,,0.21235034434167777,0.21338022795654976,,0.21268456729751845,0.21252667972433933,,,0.2125181082133043,,,0.21233050378683507,0.212772206188339,,0.2130815701874242,,,0.21237143327627153,0.21262209346110586,,,,0.21211659617301462,0.2128368576027763,0.21271968085563045,,0.21262548020659852,,0.2124865991991749,0.2135312574475475,0.21319633234011073,,0.21277431290012003,,0.2129046987560583,0.21230472113664955,0.21365933430305195,0.21317937753210175,0.21330560257123932,0.21344796019662315,,0.2128681494824271,0.21296509924719487,0.2131715598120609,,0.21260373585851208,0.21339152791934407,0.21339001095696675,0.21330792272276888,0.21313396179028726,0.2132051915320791,,0.21224382779939047,0.21236932088707794,,,,0.21287773086091175,,,0.2125287822469392,,,,,0.21277947359002167,,0.21306148162151167,0.21358031545391987,,,0.21293322567635586,0.21325741989037178,0.2131807893589705,0.21301678279584474,,,0.21317331765379097,0.21323734828114532,,0.21299994312580553,,0.2053380364445212,0.20524917367232387,0.20540107018034448,0.21244397972398837,,0.21170749387895255,,0.21173074246690088,0.2114436362730881,0.21084293777859986,0.21109036709257706,0.2130569704200673,,,,0.21281953825389166,0.2123352562908034,0.21298149410216044,,,0.21253307850353792,,,,0.21336594149436902,0.212668405482552,,0.21353301445244793,,0.21245727123576905,,,0.21284553400457842,0.21322756567810117,0.2126537946175267,0.21240144003014236,0.21181734720652742,,0.21257485781819122,0.21205373306834388,0.21256144679987315,0.21233524208201207,0.21239131131190284,0.21291572212108809,0.2130393708999193,0.21280726065903297,,,0.21279065909421416,0.21284482055127937,0.21253875514328285,0.2124304371750892,0.21278081270916407,,0.21304020442568647,0.21185448169686466,,0.21259678750746988,0.21317170405479854,0.21284622359082894,0.21393696068148027,,,0.21286950084162246,0.21366843853588768,,,0.21248598677289113,0.21289410188058097,0.21233945630082893,0.21388596181378436,0.21319313175462842,0.21336957618875219,0.21205738826638407,,,0.21329012525381344,,0.2124450262309593,,,0.21259528626770843,0.21303113075525795,0.21203343923299792,0.21302376301170803,0.21277903521672176,,,0.2118587031017516,,,0.2122664095126556,,0.21152202202441767,0.2120849585312467,,0.21225658325826857,,0.21167628836292043,,,0.21187287793889745,,0.212361095683482,,,,0.21143866679725914,0.21201844116330165,0.2117897380363485,,0.2119757505599375,,0.21217583879690508,0.21163257640469887,0.21217239703649704,,0.21189453646797263,0.21229124021903137,,0.21176263315703941,0.21203632538015885,0.21244729325711362,,0.21192557381129062,,,0.21276152913204005,0.2128305003781843,,0.21220197733170024,0.21143331274776805,,0.2119219058791262,,,,,0.21255923660153792,0.21235013526342558,0.2121678223062878,0.21208968265497904,0.21217036936134887,,0.21159131546327958,,,0.21268967135951958,,,0.21218826902846952,0.2121511810572302,,0.2123745017058665,0.21168394932729362,,,0.21228848756805815,0.21212780965824699,,0.21249198427179897,,0.21259331365278147,0.21221257410783925,0.21230810654804944,0.21156640300463245,,,,0.2132005797485586,,0.2125031729149387,0.21293748112254238,,0.21263689456142756,0.21268538708307583,0.21291022940482446,0.21250856840465351,0.2086603215133817,,0.20782816390695164,0.20802195809218768,0.20829982747749706,0.2082627787249048,0.2126062750884205,,0.21221311967379025,0.21130832495106944,0.2111364012063702,0.2112230819758338,0.20613897346811103,0.206103874542223,0.20621298097395965,,,,0.21385809275875997,,0.21317297168890803,,0.21632877478872936,0.2167684301964579,0.21785356679382908,0.21770396246602414,,0.21835548504745153,0.2184322830690049,,0.2188135393685717,0.2193688429736067,,0.21930775571657857,,0.22073411100141707,,0.21886091306747044,0.21866459028144392,0.21852396789472758,0.21835467341023135,0.21866359052061857,0.21875129466755974,,0.21835515098069327,,,,0.21810163182308653,,0.21810839532616022,0.21880732116848595,0.21850827252058438,,0.21854544193970724,0.2226618057908893,0.22231592049002602,0.221985468133259,0.22236987713307468,0.2222554049088029,0.2212433539460273,,0.22382878249123467,,0.2246634083692082,0.2235262582652016,0.22344277486123737,0.22300558139406043,0.22400563557182632,0.22339130892577475,0.22297781000051584,0.22368100014679487,0.2232992981821941,0.22297519508980831,0.22250576715935386,,0.22199262730376593,0.22182360874080204,0.2222019124987645,,,0.2223514955714093,,,,,0.22260760566909002,0.22325074061737138,,0.22239207615661163,,,0.22271657556179253,,0.22262398031113867,0.22370543874311308,,0.22321896329348334,0.22259672422422577,0.22293928276510144,,0.22261996812696966,0.2225943465598355,0.22246010515659334,,,,,,0.2231871097250704,0.222299152019563,,,0.22293982171259583,0.2228083663320732,0.22264396429932418,0.22295969037035582,,,,0.2224187618715262,0.22288086350548356,0.22256707359825922,,0.22321069337809674,0.22355285625373197,,0.22296806202238698,0.22246132045325304,,0.22284851765545438,0.22228149057974786,,0.21221280706316908,0.2117680439655735,,0.2122695765065186,,,0.21211214844081586,0.21254490085794547,0.2122748660366953,0.21190188093846424,,0.2122052980741559,0.21267380225671542,0.21248039692248002,0.21197212492495116,0.21156765356739451,0.21206638150769277,0.212537640975023,0.21285318764347058,0.21233196618836686,0.21248721919085475,,,,,0.21229086515086626,0.2121716666072831,0.21144095165763355,0.21212928489545135,0.2118439745508288,0.21184078360141706,,0.21182047726778358,0.2128525276493,,0.211473591442752,,0.21218854893429506,0.21283054773474036,,,,0.2115196038320942,,0.21067208262989084,0.21147351320649704,,0.21139059150776243,0.211421576304107,0.21096058895262107,0.21101284479317517,,0.2119978899751838,,,0.21226300326749284,,0.2117375078202609,0.21174642278637681,0.21187613360622343,0.2123958229526793,,,0.21234084258587743,,0.2087220635357095,,0.2121961809787119,,0.21197464903606128,,,,,0.21188357514929224,0.21204454244740265,0.21190177740802277,0.21238138123298647,,0.2121704071903296,0.21209409418727962,0.21233999232875547,0.21148451186347655,0.2124021273214709,0.2125553793553101,0.21185370426730812,,,,0.21260683637965744,,0.2126645200630975,,0.21291489290604662,0.21252397318217506,,0.21247135155965463,0.21206146678192922,0.21240167452370015,0.21178587308586266,,,,0.21147145179693214,0.21189719367733115,,0.2127199008870292,,0.21203219387985925,0.21165879242910596,0.21208966371269117,0.21223731358858589,,0.2113897545076224,0.21183035239840203,0.21187873151668773,,,,0.21168790991159459,,,,0.21240836152639866,0.211460718160075,,0.21129037927113348,0.21121233746641557,,,0.21287760367919797,0.2128107144708571,0.21301054193687552,0.21310382526999566,0.0835584509806609,0.3200812686643666,0.11700139058018046,,0.11722677163832049,0.22229757206165285,,0.2836222900287457,,0.28370217627939726,0.28270143990317287,0.2843198858231308,0.28434020278938676,0.28414128799902305,,0.28410968439243134,0.2835145017000912,,0.28445865804528364,,0.2843115819639909,0.28420281219585747,0.28401915768735697,0.28370650066806785,,,0.28326528318893546,,,0.28411139051939427,0.2845466352845032,,,0.2840530552487548,0.2836501299883784,0.28360431619672816,,0.28441958488990865,0.28434912000660756,,0.2844084458205528,,,0.28425233869071365,,0.28399746765829825,,0.2841911477301443,0.2845404688935199,0.28430012198584353,0.2835542457838624,0.2838663531857568,,,0.28441951267000704,0.2838751509124047,,0.2845607924721228,0.2838405684713374,,,,0.2844776544303597,,0.2845554441608332,0.2838949140104136,,0.2843822736080437,,0.2845037162966317,0.28390457035933137,0.2844518150821906,0.28352381390697745,0.28438849322894855,,,0.28412815048934836,0.28370907976496185,0.283908912200697,0.2836692952857151,0.28400461378778563,0.28399914731130504,,,,0.28472660591240706,,0.2840437655335033,0.28370175086260535,,,,,,0.2839742061228804,0.28403633821027824,,0.28383579379367335,,,0.28449743028287305,,0.2843352375626362,0.2836296009072285,0.2844893232393406,0.28378296924189833,0.2839797884231911,0.28456657053858214,,0.2838741964986256,0.28346181224209027,,0.2846873787526509,0.28379794838056893,0.2847271151476024,0.28406999105676495,,0.2845843434089975,0.2840084005000599,,0.283810369909908,,,,0.2838562770280416,0.28495333895461855,,,0.28449155383488484,,,,,0.28407670308157473,,0.2837010210870922,,,,,0.2834263843915229,,0.284330459689958,0.28371761356176023,0.2838944614544645,,0.2834581077832918,0.2830343067974513,,0.2835805983325101,0.28423848943596813,0.2845184441843618,,0.2842082046457103,0.28334723179882393,0.28363430471182866,0.28377130282700136,,,0.28402427291771354,0.2847792935861051,,0.28419610204330875,0.2829361588975275,,0.2844000633569218,,,0.28333119626835307,0.2843122050952577,0.2844414768907817,0.2844166216705466,0.28396881415089753,0.283874382928777,0.19859162613501471,0.19846753366162323,0.1976592985180961,0.20174383917726207,0.20166710215242822,0.201944393559497,0.28526840419633104,,,0.2854469803932688,,0.2847694978083309
7,5,DG_10pct,20,Z04_F11,4,3PH,157150,165479,True,9118.14118155071,9043.943747239524,9046.775165759933,0.16130671249508433,0.16260802467559068,0.010195588056438248,0.010419343803021381,0.09712581726048974,0.09796996334914752,0.07368296771745134,0.07389508311555641,0.03678471060685677,0.012090417304664654,11.179922108273262,10.589488062713393,0.010327227209836492,0.009369068433112662,0.003554165017815129,0.01883509745755593,0.024592354178087673,,,0.4901437369739224,0.4919333380924182,0.49157693300226035,,0.33666975453228287,0.1377269586165636,0.13746117326975643,,,,,0.1395620966568934,0.1392004219557133,0.1384911600714026,0.1387421712744882,0.13905292574242384,,,0.13738823383129486,,0.13762897594248977,0.13774000544276943,0.13820812742414665,0.1377376472404141,0.13652986316383153,0.13616868125993647,0.13687079020054596,,0.13804174978122236,,0.13834271187455385,,0.1379639389100015,0.07652517519331878,0.04819707915799995,0.04821560900330509,,0.014902954254176167,0.014926604970916118,,0.014960363674255938,,0.014947369049766183,0.014998808138417145,0.014962978436979486,0.014943332643317778,0.014986350942845297,0.014991105837521897,,0.014952153731856665,,0.014995304146412735,0.014986780363141881,0.015006304121809425,,0.0001249146883482979,,0.00012462297620446504,0.00012491821494681963,,0.00012532407664537197,,,,,,0.00012501560337074355,0.00012505865086237864,,,,0.00012507861796151124,0.00012500930009787202,0.0001253458003270667,0.00012481817783473894,0.00012525555423592338,,0.00012510439554682163,0.0001254535416289146,0.00012509711552455172,0.00012570993993977656,,0.00012546273918094132,0.00012371126067587038,,0.00012429751677807928,0.00013143834722038504,,,0.00013016109381772605,0.000130342654568171,0.0001300556464547045,0.00013017805508887278,0.00013212050317937108,0.00013195996724709008,,0.00013171011841295053,,,0.00013188053145717958,0.0001320116356908989,0.00013206228738074085,,0.00013180664892738317,0.0001321004599466063,0.0001318412847732543,0.00013197685458484103,,0.00013179972867025553,0.00013216459710577394,0.0001317688827770713,,0.00013202024349400832,0.00013175642955516497,0.0001316301926447027,0.00013175456250422268,0.00013173665542271862,,,0.00013162598592678196,,0.0001319041993740783,,,0.00013167506205982588,,0.0001321571105682152,0.000131596060630547,0.0001316018792619712,,,,0.0001312427879789193,0.00013131307573531064,0.00013155238190370338,0.00013203847039648228,0.00013160598633447774,,,0.0001317003240345495,0.00013182748635556408,0.00013139683728277787,0.00013164405140420505,0.00013181322432479295,,,0.00013195695634428525,0.00013173437496137924,0.00013175049071670526,0.00013184203976405063,,,0.00013163097112219453,0.00013158946429630398,,0.00013177046665108214,0.00013198396569973422,0.00013121146196195293,0.00013203124434370332,,0.00013139106973353182,,0.00013180701899422487,,0.00013173074931288183,,0.00013139503379267664,,0.00013105865392545453,,0.00013162911321521457,0.00013141386286678183,0.00013130845849860173,,0.00013162355098511263,0.0001315783530022536,0.00013142583289707302,0.00013153573252519486,0.00013184219744368433,0.00013171880097771684,0.00013165711675692266,,0.00013207603504451453,,,,0.00013215957869343122,0.00013192533549734258,0.00013202514910399916,,0.00013198653008905686,0.00013182558309886007,0.00013175917632899745,0.0001319132074960173,0.00013205701579959884,0.00013190662844987796,0.00013203808112979926,0.0001318265434577492,0.00013219694550489379,,0.0001320379902299349,0.0001315433928995562,,,,,0.00013148955947073904,0.00013150509827092633,0.00013168214763132144,0.0001314464448413743,0.00013185795702911498,,,,0.00013187112599790114,0.0001314160695892319,0.00013187832135901924,0.00013161720303710498,,,0.0001319589267787332,0.00013188061909995543,,0.00013186470639034307,0.00013177006245913917,,0.00013163040347164142,0.00013192666603832043,0.00013153799077505893,0.0001315996235149886,0.0001314648564149206,0.00013156090307419195,0.00013166097989543665,,,0.00012739460063670188,0.00012698138917174132,0.00013151276460516268,0.00013087863609213482,0.00013087862642039512,0.00013059491890905393,0.00013059891453637775,0.00013047669219078112,0.00013069649602870698,,0.00013155296711712077,,0.00013153618335670555,0.00013215580242448936,,0.00013162916740951564,,,0.00013177551394885506,0.00013172879404020583,0.000131269767890374,,0.00013161905742276026,0.00013192025143904712,0.00013173518092271362,0.00013143289646260685,,,,0.00013181950609914743,,,,,0.00013185574296038593,,,0.00013119717393824293,0.00013149482562684978,,,0.0001314439205799884,,0.00013148291121969414,,0.00013163742943200736,0.0001312816438267264,0.00013169133686680729,,0.00013135739107144538,0.00013201372725285911,,0.00013192258054117774,0.00013183875627631052,0.00013134091722395074,,0.0001312635266328703,,,0.00013207558229824779,0.00013140116939893513,0.00013174356784571942,0.00013174727396173262,,,0.00013202974551466802,0.00013197603281211428,0.00013179606101834272,,0.00013195231073220148,0.00013131564014253163,0.00013157055752563342,0.0001314598961748385,,0.00013189144352298998,0.00013146850866859974,,,0.00013163438570909256,,,,,0.00013154860470451023,,0.00013138810548129736,0.00013111123993488473,0.00013157522605569642,,,0.000131183272336048,0.00013108994408791858,0.00013124387860399253,0.00013118908076934033,0.0001316006948764999,0.00013107788895765093,0.00013095787534138907,0.00013097865506076346,,,0.00013151303929133317,0.00013094565207859258,0.0001312354038496258,0.00013085065942856883,0.00013129477347994384,,,,,0.00013144199676537704,0.0001312085354203672,0.00013146840265118568,0.0001309852101308364,0.00013128491160583095,,0.00013094769477200405,0.00013136457683570412,0.0001313235203944526,,0.0001314174055829376,0.000131277982650937,0.00013119036258242233,,,0.00013117264996800244,0.0001312220239212383,,0.00013127510228508644,0.00013070450093189271,,0.00013146142385107992,0.0001315122314745528,,0.00013126684427303546,0.00013148270472585123,0.00013116103662630802,,,,,0.0001313852154888431,0.00013144169840593613,0.0001310463897369807,0.0001316539740728484,,,0.00013151667245153725,,0.00013133841569347557,,0.0001313715060287025,0.000131209576141506,0.00013123431478475668,0.00013147073233288705,0.0001308967405793513,,0.00013150410108277215,0.00013141442773356563,0.00013157538103118212,0.00013133158681882213,,0.00013163425617317,,0.00013130348652647182,0.00013185046063042677,,,,,0.0001318650577489252,0.0001317386996495762,0.0001315526519792165,0.00013172638204674274,,0.00013163033274201925,0.0001317921681081994,0.00013140777028413565,0.00012875420671446637,,0.00012873294251797393,,,,0.00013189017273903208,,,0.0001306308129021091,0.00013086771502987657,0.00013090803650128922,,,0.000127883021668324,0.0001242757626982892,0.00012387219452580713,0.0001240294504076957,0.000132034194865531,0.00013247277607960148,0.00013228304285926957,,,,0.00013458794308751363,,,0.0001355775481420737,,,,0.00013489149271688213,0.00013557345172677155,0.00013515544889420856,0.00013508466625364128,0.0001367802383521201,0.00013586727180171264,0.00013561650856242053,,,,,,0.00013549874461607497,,0.00013563991985494426,,,,0.0001352529309281153,0.00013506955652782033,0.0001354021973121876,0.00013550235914843196,0.00013508412333570696,0.00013495066776057275,,,,0.0001376253642292701,0.0001376793331624293,0.00013675479250900975,,0.00013901260636196557,0.0001386740748716778,0.00013824370131281308,0.00013816806085305226,0.00013875443981090012,,,0.0001380338288624417,0.00013824304213724446,0.00013788716591663387,0.00013824064733327778,0.00013792806694755972,,0.00013774896840504548,0.00013750668420435755,,,0.00013730934849250074,,0.00013802555410020095,0.0001377700323842774,0.00013767356026914943,0.0001379466512810338,,0.00013798769908372071,0.00013785857898447525,,0.00013785709105932584,0.0001380682776728374,0.00013773356466064893,0.00013769780191028695,0.0001379969597053671,0.00013759080391224695,,0.00013779021860096978,,0.00013750889122445705,0.00013758993377658446,,0.00013791286147331306,,0.00013817285308077013,0.00013776079526786915,0.00013797006396368988,,,0.00013808063004503755,,,,,,0.00013800217115089567,,,,0.00013774667258534352,,0.00013785138308048268,0.00013787235489985049,,0.000137713614652269,0.00013805760823906032,0.00013760721957509225,,0.00013823002303296357,0.00013778655392609218,0.000138161497280601,0.00013748976817567856,0.00013794653849173895,,0.00013121371470131295,0.00013141836740442376,,0.0001313210447883766,,0.00013148458707489574,0.000131139364537199,,0.00013079952206485765,0.00013113992656180483,0.0001308568815538654,,0.00013152795431987886,0.00013139335381770421,0.0001310694909921909,,,,0.00013103760324094206,0.00013214434186077406,,0.0001312495657386947,0.00013120150411705128,0.00013148110511158168,0.00013147395564105387,,0.00013090145750882404,,0.00013102395152858086,0.00013071273988902264,0.00013109142601879843,,0.0001314692775560704,,0.0001312944418805376,0.00013161938480225845,0.00013136272996274603,0.00013112776703455285,0.00013140989741466946,,,,,0.00013082978428591042,,,0.00013076154055816655,0.0001307406393984585,,,,0.0001308165121334031,0.00013096789411575605,,,0.00013106096968963028,0.00013097058934163078,,,0.0001311579759659735,0.0001314631959595288,0.0001312605561742263,,0.00013112970158545622,,,0.0001308892822133969,0.00013083691821085832,0.00013103081674814654,,0.00013081867689227627,0.00013049518248749682,0.00013118511826937219,,0.00013109572762480987,0.00013117558906381894,0.0001313605862861013,,0.00013120181580529512,0.0001308828189568271,,,0.00013147615253519446,,0.0001314336051043411,0.0001312988257651222,,0.0001312821709604312,0.00013153961945035133,0.00013114172570886552,0.00013133151204441934,,0.00013116548630929772,0.00013134873976794467,,0.00013143601855221656,,0.00013120018528073272,,,,0.00013117928123500014,0.0001309957108004805,,,0.00013095025951273583,0.00013095049414783258,0.00013123822282383547,,,0.00013132675329386475,0.00013085394239439047,,0.0001312555275011793,,0.0001309523924249708,0.00013124269245686678,,,,,0.00013078590348489027,0.00013061931061022792,,,0.00013123346791786718,0.00013137313379214726,,,0.0001313284152882777,0.00013187824366334676,,,0.00013212213222632825,0.049467724160286615,0.18772516558774838,0.049167673812182844,,0.04922665333954534,,0.13841180925927044,,0.1379452011866837,0.13809273948897705,0.13861962880991432,,0.1382398754213994,,,0.13809173837800198,0.13800227712817476,0.13806436516604223,0.13831901674521277,,0.13824727116769012,0.13806531927169238,0.13826029320364852,,0.13860062049100697,,,0.13799003355502876,0.1383949738284116,0.13809427235136415,0.13847981959972275,0.13803551856374083,,,0.13788723790901386,0.13816995687519054,0.1381597361032788,,,,0.13815426973649814,0.13788604843610372,0.13814514561810642,,,0.13813868152482905,0.13820930418817967,0.13822841944351216,0.1384327220585702,0.13836925571238623,0.13823438325030793,0.13778727087321738,,,,,0.13795790800261715,0.1382716337912338,,0.13809810103195214,0.1381441276427615,,0.13808032465885348,0.13856107385778524,0.1382517706643376,0.13862665906159763,0.13843448232709066,0.13803881680884098,,0.13794453418749886,0.13830344587298954,0.1380536722812732,0.13803009449910586,,0.13861756138873604,0.13810085540108016,,0.1379792672357253,0.13833747045786868,0.1382138212024535,,0.13788957554079492,,0.13829246703152975,0.13836990780119102,,,0.1378993255105387,0.13841314515510586,,,0.13787709402922654,,0.13855988748731596,,,0.13791625158751022,,0.13843805002845033,0.1381644283673955,,0.1377510436330709,0.1385150431643065,0.138522001893887,0.13851589579222984,0.13802982226807672,,0.13812760027220353,0.13845444074643637,,0.1385517274935614,0.13807419293668682,0.13814187118134405,0.1380844934059738,0.13811176727050364,0.13818828569412658,0.13792370630750087,0.13837513642343988,0.13779414297836287,0.13814600187704806,0.1379716760051571,0.13798152904692557,0.138400714375288,0.1382106257994692,0.13804009743365261,0.13783034583691448,,0.1379497730479687,,0.13822600266499313,0.13859008110470508,,0.13797030007710284,,0.13771176196278426,,,0.13824463327420028,0.13806595832831134,,0.13847967992179394,,0.1383199434746092,0.13801153099380253,,0.13787788697173575,,,,0.13819548057161346,0.13831612873623755,0.13834870604149888,0.13795617393171053,0.13848605025455335,,0.13788072410195557,0.13831628482705327,0.13813865202462974,,,,0.1382647675313691,,0.13832924306673272,0.13821652455870917,0.1382417100082647,0.13830395264252002,0.13825794748255416,0.13796452622033176,0.13827851625466478,0.137896626031177,,,0.13811713834796885,,,0.0001226894658012535,0.04936601895287419,0.04934363321226207,0.04925619893097768,0.1392429550213192,,0.13916788217883763,0.13868096414457884,0.13887826964873187,
7,5,DG_10pct,20,Z04_F12,4,3PH,157127,165460,True,9786.761273482785,9757.151815057661,9764.75546065283,116.26854285838166,117.25101625978955,7.440492379956858,7.5443529085386825,69.9080771730549,70.89961980809252,53.27680994042939,53.60283453768804,26.56975097342355,8.783398972643804,0.010894797748940518,6.863870884995482,7.511347163822123,6.796808935077203,2.568765415050969,13.610443987098911,17.76675556407706,0.45905267644559933,,,,0.45755245855539517,0.45821472469409996,0.2927338906568651,,,,0.08915278915793089,0.09018109771579502,,0.09012886556051174,,,0.09001184188132262,0.08994839443705367,0.09019149133204267,,0.08927589457961796,0.0891905402822181,,,,,,,0.0001332419379946652,,,0.00013538736399258824,,,,0.09035694200952918,0.08821397835328733,0.08809508729494983,0.08802671265359976,0.08987349390790417,,0.08980070774337916,0.09043992722290585,0.09007338444047931,,0.09011090849846008,0.0902144952476521,0.09030760681489708,,0.09014967665980107,0.0901934071240965,,,0.09054140694688033,0.0903113414895267,0.09036398207406969,,0.09006384785602484,0.0907029096578617,0.09035498069465425,0.09045798972372779,0.09078372062050331,0.09069636058552413,,,,0.09074051102861755,0.09079495133597673,,0.09040887303556548,0.09061576739116264,0.0908233519981381,0.09074087608204873,0.09070247132359201,,0.09051929454796198,0.09057292159921065,0.09069446564059769,,,0.0908887109538547,0.09076815807793374,0.09064457140456447,,,0.08993150393941354,0.09006108394531905,,0.09532599812468817,0.09430043434909846,,0.09446064329878585,,,,,0.09520566719822295,0.09554896404814694,0.09535723688536243,,0.09559821188420346,,,,,0.09563153024796427,,0.09546950747172735,0.09530665465779939,,0.09516963706181497,,0.09563895031785516,0.09552129255756427,0.09554131946093844,,,0.09532939558662434,,0.09523813168555381,,,,,,,0.09528271936173388,,0.09554661544907449,0.0955392085662667,0.0954661358976078,,0.09525373437117084,0.09558167950775757,0.09537969666041392,,0.09527295185965247,0.09536136339842746,,0.09505575191501814,,,0.0953250899827961,0.09571846611710837,,0.09554651317977898,,,,0.09540002419124624,0.09558191287692051,0.09530318130338836,0.0951029995857243,0.09548688043696792,0.09545508120560534,0.09550355216537235,0.09520372302970276,0.09559526161232469,,,0.0951400647176636,,0.09519023624445669,,0.0953955865862789,,0.09524864133923841,0.0954609316311677,0.09532147222138551,,0.09530110953045788,,0.09539256819549878,0.09509064308087703,0.09518424848506281,,,,0.0956042120464818,,0.09527290205112555,,,,,0.09550545252224103,0.09569518479799241,0.09545930103572779,,,,0.09583265013267599,0.09570826780294221,0.09555040078422931,,0.09570453190788894,,,0.09566708516130196,0.09562323633323247,0.09558484078812034,,0.09580405556452332,,0.09551670561122853,,0.09546188611372089,0.0956261017256249,,0.0954297211824573,0.09529145084422751,,0.09563699109691531,,,0.09532200233738511,,0.09564227504630625,,,,0.0959114193182797,0.0954384143691371,0.09582651990575775,0.09559051838988782,0.09549906946350549,,,,,0.09548705254431203,0.09558155049816044,,0.09567928801125625,,,,,0.09225914013097804,0.09526283020855557,,0.09443869213937012,,0.09512572720603261,0.09495068118133818,0.09490583049689853,0.09474354224015673,0.09556509097950719,,,,0.0956515811838453,,,,0.09540303022702998,,,0.09537772252913661,0.09542651804563722,0.09527953074174708,0.09539256965263632,0.0952561999559763,0.09550047573782942,0.09502655022457768,,0.09556627038679492,,0.0950506881507909,0.09536621992414444,0.09516621373149362,0.0954059978886353,,0.09520861092711884,,0.0954316134233078,0.09554618924202311,,0.09508878840922458,0.09506028979639562,0.09490443719158416,0.09537041935377288,0.09521985851694459,0.09564952188365433,0.09537205521246885,,0.09508751971719094,,,0.0955386776658056,0.09547380521973846,0.09530090256091749,,0.09548497147754371,,,,0.09518252444530502,0.09516664687531001,0.09535093222107276,0.09558495653958826,0.09557657355394646,0.09548831740546981,,0.0955514168060183,0.09527419013085296,0.09536328010984316,,0.09550093633883243,0.09544053445954077,,,,,0.09500271336133438,,0.09553155506988896,,0.09560431566186368,0.09552298039796875,,,,,,,,,0.09530582207827841,,,,0.09511383290147965,0.09512254039566814,,0.09519494861369442,,,,0.09520732384748541,0.09524525235241864,0.09519027003903999,0.09504643203836217,,,,0.09504444975403627,0.09497738827605982,,,,0.09510339836192952,0.09505470466487013,0.09510871886099244,0.0949830896430909,0.0951801102453323,0.09543678205221967,,0.09497164122155378,0.09528576150857321,,0.09542476784752917,,,0.09513745296857362,,,0.09495434572924547,,0.09523931013716905,0.09511223873866125,0.09501857737172602,,0.09488560521747348,0.09529504165365948,0.0952946300370364,0.09538100972101711,0.0948954145207449,,,,0.09510106401078265,0.0949480651694867,0.09504971778943457,0.09534322615884944,0.09518147703043806,0.09512489417003572,0.09536065630988326,,0.09483747584678513,0.09503229693365076,,0.09527222310452062,0.0952314998544103,0.09532939188718371,0.09526057296204435,0.09526852909655037,,0.09519573008072861,,0.09531544059645365,0.09509004754964479,0.09526103473535119,0.09505888554912427,,0.09527709383149205,,0.09544083881313484,,0.09536575209871978,0.095399559025077,0.0954077034035766,0.09527405421040111,,,,,0.09349150081614578,,,0.0953559845096606,0.09575817965934591,0.09538817777829081,,0.0948599541644688,,0.09260691776603133,0.09240876114584376,,,0.08988144469450185,0.08992023501330891,0.09603487095960261,0.09607471338484955,,,0.09719016612772623,0.09707488788037223,,,,,0.09827911535951275,0.09862792809343282,0.09830157130839173,0.09818789722970073,0.09845653895436274,0.0978336769324217,,,0.09889585000100584,0.09836209571267505,0.09819302637854242,0.09791497260636775,0.09811287089475978,0.09780987872611084,,,0.09799705521123415,,,0.09804365160846931,0.09792747324321742,,0.09823533644518344,0.09809913396694626,0.09804714736920442,,0.0980138994005909,0.09993905250788522,,0.09966639501047932,0.09986356799112091,0.09972189708072769,0.09901813690147866,0.1001716652988799,0.10053924199071797,0.10034826711324696,0.10075288544333964,,,0.10022260361975781,,,,0.09997994594006564,,,0.10002593397608729,0.09958802577557568,,,0.09971133386788865,0.09967317854676297,0.09971687569386559,,0.0998461234971473,0.09970644179197778,0.09991622872639658,0.10000972380350691,0.09999548917300963,,0.09974649626717236,,,,,0.1000286005635744,0.09980222933073703,,0.09987973883456466,0.09960302259378631,0.09983877116244017,,0.09962833801487815,0.10011699972903959,,0.0998460915084203,0.1002631404804763,,,,0.10003884172095512,0.10015225208923133,0.1000739181544336,,0.09991490052119532,,,0.10004582490798303,0.09990710367270125,,,,,0.09994534501021071,,0.09984724924133852,0.09994842235135179,0.10009295929319806,0.10022902331567327,,0.09993917238750735,,,0.09957677860233746,,0.09501708406338497,0.09502385439995445,0.09513202264999109,,,,0.09517959866311484,0.09501782704027426,,0.09550257494339588,,0.09499791604201713,,0.0952389312062639,0.09498363794956069,0.09519104104928351,,,,0.09517052476643645,0.09528481794530302,0.09522654080494561,0.09491760961785428,0.09515767350298203,0.09513149638462524,0.09519017644156712,,0.09504174015985468,,0.09528511754724545,,0.09523910349804343,0.09534628548854412,0.09515479858972041,,0.09503683824157616,0.09537741441243296,0.09523761547686448,0.09540181409717771,,0.09488583876078353,0.09501846143805794,,,0.09481392838693495,,0.0949016218010165,0.09493935797964981,,0.09485452100381336,0.09484859216900367,,0.09460530653105943,0.09487513426990479,0.09517767244101985,0.0950029930824134,0.09516856279535642,0.09529176471404437,0.09504631594399471,0.09492195651311404,0.09515886459508416,,,0.09511543026208567,,0.09360129971310086,0.09488295525989188,,0.09499724642837627,0.0950690800206372,,0.09517831695480197,0.09520887467906117,0.09485945496227068,0.0951714632055239,,0.09524001634034186,,,0.09527645819666415,0.09531035503857618,,,,,0.09536930497621247,0.09535979088142481,0.09551549599933658,0.09510695711703904,0.09519513987401731,,,0.0953585475593159,,,0.0953816491740691,,,0.09517014575726523,0.09501614928437417,0.09507776287202081,,0.0952073455015212,0.09490942818742891,0.09505015008970712,0.09487697922549664,0.09504639252613446,0.09487305960189489,0.09488812052829333,,0.0949442882506031,,,,0.09490033526937618,0.09477243676221495,0.0948195866474786,0.09464828805172627,0.09487593337285449,,0.09492414820173092,,0.09494006832120254,,,0.09506631127102444,0.09487854379501393,,0.09546660618231559,0.09569192722235419,0.0953680776380024,,0.09551669144438346,,,0.1362763205009818,0.08992959766594327,0.09002937537334228,,0.09931913804494771,0.08944167099239898,,0.0896509696360592,0.08969312985417245,,,,0.08954962896914133,,0.08970665621869842,0.08961253349125782,,,0.0894073514169787,0.0893195237918345,,,,,0.08954717336803407,0.08971644248740958,0.08960733612026439,0.08968610866743261,0.08977586812394717,,0.0897180354375384,0.08971663404601549,0.08946832589365067,0.08962625547366972,0.0895885882382213,0.0895129130714642,0.08980608566400264,0.08972172779798128,0.08953289247827488,,0.08961182082116952,,,0.08942687314064009,,,0.08953563324268221,0.08968913591254972,,,0.08965448032245388,,0.08980513008440305,0.08973538333574421,,0.08961018285859956,0.08959642849744305,0.08945475742412727,0.0894483417965365,0.08942636037855586,0.08953360991361851,,0.08943270272030451,0.08969720372412608,0.08972634685989703,,0.08941851932607388,0.08957588507052869,,0.08945498175646535,0.0895183522269502,0.08946025419745905,0.0895032385362023,0.08948813939092387,,0.08939950986635378,,0.08974167449547768,,0.08972736894756561,,,0.0896312061997039,0.08989287813030196,0.08950613527123191,0.08964132292325933,0.08973820061386951,,0.0896526281037703,,0.08943875868338742,0.08949972676448556,0.0899858988227714,0.08946867321102152,0.08932851197838657,,0.08972926421538846,0.08986187984673255,0.08936858363228352,0.0895853051687283,,,0.08973973929536562,0.0894785038893064,,0.0900085153023968,0.08951165535276126,0.08960559064147232,0.08967263151353887,,,0.08948705267223199,0.08978674660961179,,,,0.08961929436907438,,0.08952901219031986,,0.0894638521021155,0.08971036983122022,0.08954992159465039,0.08953845351847763,0.08956904102176591,0.08974587865621635,0.08958797370422784,0.0896143178850179,0.08972493119112508,0.08957049357101515,0.08985073624202905,0.08964088135294151,,0.08983490676939301,0.08941920969601982,,0.08940577544176642,,0.08981068404353852,0.08956769465872248,,0.08959889908192288,,0.08963761688567336,,0.08964991864990236,0.08951154482867126,0.08927365233942727,,0.08955502343669468,0.08967425943469848,,,0.08963426640224148,0.08927169363209266,0.08945716330504679,,,0.0896445727535613,,,,,0.08965095941454809,,,,,0.08957777604011252,,0.08982366280981949,0.08948462901688856,0.0894069343698477,,0.08898720344806729,0.0885441563228712,0.09053573144901607,,,0.09012503846035642,,0.08992015729718125,0.08986534671184183,,
7,5,DG_10pct,20,Z05_F01,5,SLG_A,157160,165487,True,7312.5521409318135,7298.7480487915145,7389.401573908417,7902.995249100727,2156.555659204858,196.6826334785444,181.23675345072007,931.8617945345285,950.5487478371402,680.8471525305615,682.1968847043914,328.5561485407776,106.4381814526111,226.89731320966203,226.7003677252009,197.46582322851364,149.86500531864192,25.93954277694737,295.3544415077191,273.9660995134314,0.6889522244556119,0.689427979127738,0.6867613923473165,0.6047382843931234,0.83455955788938,,0.8409610177469464,,0.5288401542376944,0.5265934059962994,0.8545277498138719,,0.20456723120246054,,,,0.8686393764185227,0.9649119650190585,0.9586917739450587,,0.5292319804847174,0.5282999324767679,0.5296423035556311,0.5297050300623781,0.5290735387278247,0.5284097651489973,0.523009809936811,0.524478217663191,,0.530685428304821,,0.530431181043259,0.5319749780789754,0.5311844215013659,0.5293197540062893,,0.5210962745588035,0.5190576060697897,,,0.522319338323808,0.5209868477641286,0.522508753449962,0.5223861126828356,0.5233409800674476,0.5230896345909957,0.522238916982748,0.5224088665492306,,0.5228848005715016,,,0.5228322727557826,,0.5222906885276969,,0.5240906549208664,0.02957486895940124,,,0.987883569937163,,0.00012493271861414802,,0.00012440701855408998,,,,0.0001249501604371782,0.0001249442844560697,0.00012423356927715462,,,,0.00012457640044101752,,0.00012505490109012814,,0.00012535991979080506,0.00012467877523345252,,0.00012459460497874443,,0.00012473709061744598,,0.5116440503528463,0.511048973768765,0.5106844405434318,,0.5360272502493313,,0.537231569644489,,,0.5365064449426431,0.21395901911219403,,0.21316770213513456,,0.21410302200829903,0.21314527278123332,0.2135503384695945,,,0.21337524930295046,0.2143234400251012,,0.21396721352125556,0.2133794155262035,,0.21394830961606062,0.21362773779555785,0.2135347561846053,,,,0.2136921833724636,,,0.21317413213223357,,,0.21354965209964413,0.21316146611695722,,0.2132417469044212,,0.21377755901920328,,0.21307421532491963,,,0.21339629891801878,,,,,0.21317926423995,0.918967069730607,0.9185443412364341,0.9189564674354327,,,0.9192312826377733,0.9167273701677858,0.91742262964754,,0.9217943199856821,0.9202365704331513,0.9216697576154347,,0.9215281983735715,,0.916923278901836,,0.9184411683300878,0.920890467859222,0.9210468709442751,0.9206958972366919,,0.9171318051033642,0.9215536585197069,0.9193444389093451,,,0.9176191041675684,,,0.9195716441924717,,,0.918683617855815,,,0.9202209377171947,,,,0.921639893102459,0.9205412251451666,0.9193484154473645,0.9165915583675059,0.9194400719714654,0.897693554614874,0.8990852085051744,,,0.8989307428941404,,,0.8976621076245043,,0.8996175199543464,,,,0.9002565276962017,0.8995638299459382,0.8990554305032922,0.8989022747404971,0.8986839087752742,0.8977369342665075,0.8976064056785632,0.898331069382158,,0.8978985755900224,0.8951937638136412,,,0.89491529130028,,0.8974616391836775,,0.8981401158139172,0.8959737457805866,,0.8986054149130045,,,0.8987041741206299,,0.8962452631268875,,0.8986834735772415,0.897771777592468,,0.8967051576049309,,0.8974010739538765,0.8971286406830096,,0.8985558635710955,,0.8976431585909385,0.8963414847263936,0.8981227872468869,,,0.5213487010694414,0.18324758669905067,0.20936158819454806,0.5383388839334653,,0.5384475674437635,0.5393293430204955,,0.5378200156113734,0.1696498088569462,0.16991618332149766,,,,0.16894740383903845,,,0.1693667639384029,0.169257863658939,0.16905029821545384,,0.16897746843220962,,,,0.1695270246212746,,,,0.16994774875569937,,0.16916619803163144,0.16955647774735821,0.16904415376088047,0.1694911988747921,,0.1691244596415199,,,0.16896244240274166,,,0.16863089498861555,0.16957169762993238,0.16922169288721575,0.16933933972147844,0.17006053702225998,,0.16922959035091908,0.17906462534099526,0.17895002107616784,0.17943655274878353,,,0.1797170434470573,0.17933194628512683,0.17882440743567884,0.17941089251300463,,,0.17920530007449811,0.1794509539158561,0.17952008789599966,,,0.1797634376428934,,,,0.17981689579156596,0.17910658580986194,,0.1789659089150589,0.17971384698615558,,,0.17961948375035913,0.1789315757332782,,0.17867168490888613,0.17906062953961233,0.9369056358144358,,0.9333689758167769,0.9321797936497297,,0.9342010368831201,0.9320437511260664,,,0.9330098249456757,,0.9299100382133901,,0.9285202792984475,0.9277414521126114,0.9284951523481969,0.9297120519823985,0.9315770996442587,0.929238350144527,0.9308245039171609,0.9319313393938253,0.9316424282808339,,,,0.9256997935576792,,,,,,,0.933427516271369,0.9329469321457852,0.9321826306115324,,0.932982826917629,,0.9345560458421747,,,0.9340475805234146,0.9341048255624287,,,,0.9312549471489567,,,0.9319817594218796,0.9343058478616459,,0.9320176780257627,,,0.9340041821585581,,0.9310233802765014,0.9304511046787753,,0.9292617297934913,0.9267903447308042,0.92987577568865,0.9315945475901528,,0.9315598367246286,0.9269239066220267,,,0.9287454459709639,0.9317775638991124,,,0.9307982977145463,0.9277993686120235,,0.9323326018870606,0.9327071909235325,0.9288982347407936,0.9332160601021332,,,0.930895763739162,0.9288762885924192,0.9295650524272775,,0.909514270148248,0.9119031819226514,0.9143317130266428,0.9149217516163767,0.16716985942672966,0.1670251210952421,,0.16722914648929801,0.16684597769692697,0.5295536646617685,0.5306390607481654,,0.5309367358029005,,,,,,,0.5387814187027831,,,0.5256883544633743,0.5235359732481469,,,0.5095075118336112,,0.8889613920465892,0.913639378975381,0.26403458399035773,,0.9207639754752338,0.2697423489926719,0.9065155038632036,,0.9085515888323278,,0.9103572330768295,0.9096467689548153,0.9084815301050441,,0.9118380307003184,,0.9147952297528584,,0.5558814883803989,0.5564027247804024,0.555444913075867,,,,0.5564707426033912,0.5553438744513187,0.5574678668546462,0.5571151808030401,,0.5551579877012928,0.5559397415557307,,0.5567780670350793,0.5562189657852573,0.5565355567655567,0.5560893362861887,0.9348005123474377,0.9305604924354949,,0.9284801225334174,0.9334659964163572,,0.30110058728768624,0.3014000341630161,,,0.9294882315590284,,,,0.9345520122263362,,0.9328386761415506,,,,0.5667337777948404,,,0.567721006101016,0.5676255611672324,,0.5682377694364062,0.5679126274197299,0.5659483064360435,0.5674555747190939,0.5672952284356734,,,0.5658032106750679,,0.566010004726705,0.5659407148553637,0.5672542818676641,,0.5677229658636792,,0.5655368431941967,,,0.5667718607992238,0.5661022615427298,0.5684519581820773,0.5660236169683199,,0.5654918991041686,0.5670972568113561,,0.5652364868636964,0.5661668490566583,,0.567830467238057,0.5682467738725628,,0.5662869530758545,,,,0.5671793721512682,0.569599052701104,0.5682515455822716,0.5693296444107631,,0.5664795659881959,,0.5664336784096154,0.5682103607539518,,0.5658746272322003,,0.5683468506852678,,0.5677593360223708,0.5673000287659302,,,,,0.918495544847235,0.9158897681746057,0.9173058822677507,0.9137488764205416,0.9149921053893026,,,0.9157636387630949,0.14078681454748176,,,,0.1405824298822959,,0.14042378722979953,0.1403061742990477,0.14052855527466726,,0.14040921038310855,0.1402596127535021,0.14034273177412654,0.13999719385517131,0.1399256208702632,,0.14022234171020254,,0.14065233981060443,,0.9188994737735937,0.9185215614656635,0.9179739906170166,0.9174675929477856,0.9177613230564594,0.9174168329498883,0.9172199662001335,0.9412305889506783,,0.9430525817523114,0.9385766701424135,0.9401313287014539,,,,0.9409273439302941,0.9400146046145483,,0.9392151454374682,,,0.14020016633805482,0.14017309797391875,,,,0.14084921417157184,0.14024509391263668,,0.1404866965435109,0.14039959508533414,0.1401668664157461,0.140602121208436,,0.13989991195847506,,,,0.9392246342050491,,0.938398586895614,0.9449060117067616,0.9409071723793422,,,0.9186169455992671,0.9162841743153924,0.9160217255192545,0.9181471296436369,,,0.9147653602231485,0.9166081476999813,,0.918220747223187,0.9167738003029781,,0.915520883235709,,,0.9180951345984607,0.9169713953636114,,0.9184194050986605,,0.9164814796702064,,0.9185927312880177,,,,0.9459664156212684,0.9442931283499583,0.9461806718616839,,,0.9437970248318008,0.9412714998027136,,0.9422499500290984,0.9404631221779002,0.9401711321039483,,0.9437120777447088,0.9411108082979504,0.9404823834343474,0.9417873533084974,0.9423409437185151,0.9423352363455842,0.940948853995076,0.9458331061320078,0.944541322170678,,0.9413472841212941,0.9433440187781683,0.9396693381487877,0.5427003236011839,0.5425933755463451,0.5428545801124889,0.5420274020915125,0.5410637843826269,0.5438337406674026,,,,0.5308879548401284,0.5321540914420458,0.2894974837920841,0.5293819662426973,0.5309953665524382,0.5293386116478087,0.530656014591088,0.5279632627866069,0.5287372420670764,,,,,0.5300266079220117,,0.5293356704503976,0.5312404864687534,,,,,,,0.5308281613042765,0.5300119506639451,0.5291097716693369,0.5299229289867396,,,0.5313693782378158,0.5301387827197487,0.5316035130922798,0.5302685072645931,0.5305370768130441,,0.5294640141087718,0.5293707906271669,0.5300032079489214,,0.529110400601592,,,0.5321813427478557,,0.531037398347721,0.5312232536680577,,,0.5307467727241704,,0.5301793784929427,,0.5307378399653169,0.5312616842911434,,,0.5295542746248615,,,0.5304851044559804,0.5312973439657978,0.5308742518745613,,0.5301921691591047,0.5307637639541598,0.5301096004607777,0.5323660017505405,,0.5299356674316754,,,0.5327170873588501,,0.5308751622618425,0.5311148253093536,0.5295340071431551,,,,0.5303843794096033,0.5308064988894153,,0.5312975470008439,0.5312041814381552,0.5299799854050499,0.5299416890233762,0.5281856566675245,0.5307449074379594,0.5308640990686888,0.5295114429321922,0.5309370704694533,0.5284831517207852,0.5297949665384113,0.5304615900277947,,,,0.53153798740484,,,0.5313124900894628,0.5304692670562349,0.5329464069036232,0.5310148724278584,,0.5315139293266303,,0.5312581630762931,0.5286514935281218,0.5303544357309918,,0.5312025525555113,,,0.5332861055980687,,,,,0.5312077811791334,,,0.5304185792164493,0.5305586780058016,0.530991371585115,,0.5295733303612338,0.5292348547255421,,,0.5309966201101194,,,0.5308751694172326,0.5299078250410861,0.5309031763867117,0.5300937260672268,0.5302481364385845,0.5299158850040885,,0.5297190779133204,,0.5302402579653469,0.5310533322645582,,,,0.5313235237588946,0.5304995172741824,,,0.5310068763528274,0.5314563013822438,,,0.5309239944943155,0.530986674654504,0.5303722543883378,0.5304958744764516,,,0.5311321677331308,,0.5317158585816374,0.5279288133523209,,,0.5300690303179708,0.5308195664948534,0.5313831420928058,,0.5037241028605332,,,,0.8812728035045855,,0.20642286965196882,,0.8680597966422302,0.866194294691774,0.9614243679326263,
7,5,DG_10pct,20,Z05_F02,5,SLG_A,157160,165487,True,7317.520566642778,7300.9111297199615,7421.339424580719,7865.359462068583,2150.885204849989,197.21792630983097,181.12746443696372,933.5000101267216,950.2491757346513,681.1906886615333,681.153773503564,327.54343639000126,105.97127425536503,227.69256091937083,227.1179514116279,196.8657907034611,149.64812793269937,25.762399477074645,296.04695412825214,274.92185279262577,0.6878977799362168,,0.6855698303974659,,0.8366365126601947,0.9361610919572022,,0.5280782577290946,0.5278284523676819,0.5285356935497937,,0.20421148699829114,0.20482142869652353,,,,0.8665550230651261,0.9638226782882967,0.9603599014480259,0.9633295984382014,0.5273908452615206,,,0.5298578062663312,,,,,0.523507301140771,0.5310485798220497,0.5297298251943208,0.5315520769257936,,0.532038796079406,,0.1329557117264971,0.519194358258153,0.5194853555236661,0.5186694423308613,,0.5210244591175075,0.5215770972809917,0.5233888819022141,0.52339516721208,0.5242647262509309,0.5237465311109214,0.5232230575061149,0.5238894568397543,0.5227541528470299,0.5224845828236991,0.5251894440174316,0.5223575439189768,0.5238776621673157,0.5224841483525865,0.523559260815783,0.5232697894579896,0.5221092505259419,0.029660799863730585,0.02967487929118269,,0.9886762046419617,0.00012494770513976958,,0.00012488609520540996,,,0.0001247713772060181,,0.00012498107697306684,0.00012498176243290945,,,0.00012479119084176973,0.00012488689861762462,,,0.00012465802433332638,0.00012472280747232638,0.00012455226896033406,0.000124703440127085,0.00012478214022049934,0.0001250193252044919,0.00012488830769778994,0.00012523580183696007,0.0001246052799556811,0.5122446783032176,0.5109549989246299,0.510848105874631,0.8908354352385486,,0.53593610381862,0.5365682285816284,0.5368454612868947,,,,0.21332991513239544,0.21355488355115015,0.21329458584713423,0.21382805668547342,0.21365333146322643,,,,0.21292304491391242,,0.21307254281191107,,0.2139811366762268,0.21388308694504884,0.21382748363741363,0.2134004905424032,0.21335919982650908,0.21317182254376327,0.21410826985785966,0.21303204807126727,0.21383434108915347,,,0.21360560732790934,0.21343289882795624,0.21298517631031263,0.21370698714037656,0.21362449610802475,,0.21373704802355273,,0.212862558182148,,0.21356628763766142,0.212971567099415,0.21322318072132662,0.2138973379972223,0.2136080936120736,0.2133714153736676,0.21269362156765134,0.21352825422128782,0.21314291214591383,0.9180247350607414,0.9208979294068056,0.9212832669963642,0.9174866376506552,0.9197190227081584,0.9201574177308648,0.9182355799662107,,0.9191202226461539,0.9170667524672108,,0.9181746790560805,,,0.9164029628726604,,0.9214510856082813,0.9169388546953045,0.9201346425755348,,0.9150677415898018,0.9213850193394021,0.918264757726721,0.9186905158277049,0.9189040574982348,0.9211258986615574,0.9158582328342683,0.9193131862949009,,,0.9167364316532592,0.918712425185741,0.9195809454975614,0.9183813850407959,0.9178696138939026,0.9176277525824692,0.9181891121267611,0.920317983032264,,,0.9202976866839587,0.9168356814208823,,0.914741396689454,0.9185650337413028,,,0.8980192664075918,0.8993659353753582,0.9009123417716093,0.894754218800805,0.8996037037012109,,0.8972772386083547,,,0.9003382115378621,,0.8971021672995673,0.8957830575949505,,,0.8998612113925124,,,,0.8988341627628446,0.8966889763843399,0.8978220110384644,0.8958774910332878,,0.8981386929023392,0.896724934353606,,0.8981811639563372,0.898126528862293,,0.8972952881490913,,0.8963677184676853,0.9024908157676275,0.8995766595279456,0.8974379976103222,0.8938057931966017,,0.8970089695219282,0.9006892880296384,0.8981260516387025,,,0.8976797743226795,0.8990675014412055,0.8976538745811438,,0.8990545044963705,0.897698932836566,,,0.5212291622601481,0.5227307968999744,0.5240572342665177,,0.20930045551838045,0.5390484231767398,,0.5377445691544205,,,0.537649684691331,,0.16911570399915443,,,0.16926840954979347,0.1694594520596993,0.16925795656129777,0.16934151182296384,,0.1693241284565743,0.16935444733069444,0.17019021737804182,0.16946841363550033,0.1692992646613731,0.1696333532625709,,0.16976458764397645,,0.1696930131166262,0.16968308608278967,0.16953558903277116,0.1697133045254429,0.16967660392211542,0.16936780254995734,0.16962509380849458,,0.1696950707722862,,,,,0.16950232191344997,0.16979020205634662,0.16934867908345508,,,0.1699228258853993,0.16925399475596725,0.16889886890057237,0.16900593215125884,0.1788247341425008,0.1796545528880804,,0.1791028526424366,,,0.17859997802750568,,0.17899130806360064,0.17951312748656192,,,0.17916226714373434,,0.18025498003905044,0.17912888997842413,0.17875719569805074,0.17988150024071303,,,,0.178965227187698,0.1790016163770048,0.1792745893692482,0.17948648976185538,0.17960302987683538,0.17928003769835268,,,0.1788687457133701,,0.17928910178657453,0.9327960868745057,,,0.9345231503632784,,0.9322447126780554,,0.9333333157633341,,,0.9336875014848158,,0.9309562145141451,0.930890276205941,0.9295437347465257,0.9272587172410195,0.9289035585265564,0.932207389875537,,,0.9308811805254382,0.9300980358762638,0.9303160546765566,0.9303945557796206,0.9302467122665126,0.92904392780467,,0.9337958609102931,,0.9355082618939903,0.9283220362971533,,0.9352228988787484,0.9308976766520017,0.9331067688942571,,0.9367959506197877,0.9347617534011359,0.9331111873526572,,0.9343048653390286,,0.9339290349621843,0.9337637522216716,0.9326705327657062,0.9340003816672543,,0.9344844584083672,,0.9311904071315972,,0.93370479615116,,0.932636894255362,0.9315398933384493,0.934007738611787,0.9330034910168437,,,,0.9317196856678157,0.9288983600406967,0.9296336350299079,,,,0.9286313733527984,0.9287839583054915,,,,0.9289878578649045,0.9282497213680861,0.9271150290245878,0.9302469010138003,0.9306272316386005,0.9310762822480818,0.9298118930273379,0.9328224159399297,0.9284298117782958,0.9292168449141613,0.9304508025988268,0.9310644777196952,0.9322810049135108,0.9283709462738405,0.9313500041941581,0.9107267583589602,0.9136195986632595,0.9116886788846421,,,,0.1668013609338683,,,,0.5306742922145292,0.5307549530505364,,0.5304769348802454,0.5296878652293887,0.21325318269058877,0.898293827431028,,0.5391470999233196,0.5383560788493937,0.5381570565728205,0.527318233445591,0.525560365609578,,0.5089343014944775,,0.5097779494936042,,0.8886071420584718,0.9158113313273782,,0.9021233068150825,,0.2698401500734048,,0.9212920123993226,0.9100842495749923,0.912252749593602,0.9093146519701728,0.9110659977172662,0.9104123229342098,0.27509382414763794,0.9107963614662921,0.9225577360647359,,0.9172372192527062,0.556864135435465,,,,,0.5557577745671625,0.5572104387523851,0.5553839737772188,,0.5568093947816948,,0.5557611090365503,,,0.5559889409367279,0.5559180190411316,,,0.9336189405048549,0.930389742673944,0.9337437559077677,,0.9299673322330579,,,0.3006798503201439,0.3013928203820686,,,0.9308281888578703,0.9311239941643887,,,,0.9347891769879911,,0.5669632780059922,0.567107293457362,,0.5671379136519408,,0.5645792385668681,0.5676488761382489,,,,,0.5644421450197894,,0.5669992606843197,0.5666828892335501,,0.566655563224921,,0.5660139004145,,,,,,,,,0.5666149618111062,0.5665336788437796,,,,,,0.5675206436006854,,0.565491729612474,0.5670343474179587,0.5661784740285675,0.5666757955279622,0.5661417707405535,0.5662569563816555,,0.5658545913027889,0.5666306556720586,0.5676131386646386,0.5651215488305084,,,0.5672476226058257,,0.5686901040538734,0.5660335681290619,,,,,0.5643242239552874,0.5680395832106707,,0.9136282882919445,0.9144943723013403,0.916569244032245,0.9156441117133356,0.9180645028397802,0.9172317696204997,0.9179311180752647,,0.9179419839567156,,0.9149336276681328,0.9172514909752831,,0.1404993820722377,0.1405258538470693,0.1406198468151702,0.14034121366849045,0.1407694183530037,,,0.14056717743068461,,0.14040818007900693,,,,0.14051241933018532,0.14048977739630106,,0.14048179234966834,0.14031828122401413,0.9130157785292119,0.91658938715565,0.9153214971171285,0.9149964818685556,,0.9148758198722496,0.9160061026900526,0.9173151361385664,0.9430355937615525,0.9427342626065235,,,0.9419223017032096,0.9367588687560802,,0.9404530581847675,0.9399841057934984,0.9421407694460835,0.9411547188980169,0.9454673854916061,,0.9423523768457236,0.14020796677474429,0.13992714185931385,,0.14066675125877529,,0.1403195119259031,,0.14038095233978815,0.14001122974356292,0.1411987680398307,0.14031829121273476,0.14058410440888702,0.13859203811744786,,,,,0.9433245710608424,,0.9444118916484076,0.9468232115511283,,0.9188311326067307,0.9168281935821536,0.9134884131031076,,0.9181155535356149,0.9180879450980983,,0.9167845056504383,0.9170150714846205,,0.9181719332615838,0.9188618699208196,0.9157706115728274,0.9151950085880954,0.9167296997111379,0.9169256308407387,0.9177491551759271,0.9137424274707368,0.9173412723671052,,0.9161256749410763,0.9187535788967826,0.9186233309253251,0.916123412111124,0.9158152774669094,0.918000253930445,,,,0.9439792370714055,0.9414006814751956,0.9426901374986479,0.9422977711137234,0.9420539800360853,0.9422515454669188,0.9435167380776591,,,0.9416614081151476,,0.9384527060604548,0.9410440315275681,0.9437728514405289,,0.9416833081184435,,0.9437705624843584,0.9429989743793518,0.9410435422761886,0.9434100435040209,,0.941148909328778,,0.5420286259564803,0.5415608439545334,0.5421632285176988,,,0.5425791734595314,,,0.5323299340031996,0.5306473175443759,0.5303587865417182,0.2891736548454137,,0.5304941343600054,,,0.5291756827467411,0.5290737504922518,0.5304627820298686,0.5304984032459502,0.5299640058547017,,,0.5310126535781601,,0.5305639637156694,0.5320256808268027,,,,0.5302561646962735,,,,,,0.5297103827487952,0.5322884061075466,0.5289425758719858,0.5315655865689282,0.5327051528699701,0.5309446238257293,,,0.5304285984304767,0.529837281926382,,0.5281398176333778,,,0.5293068102636204,0.5299214163324992,0.5325237823178477,,0.530655683787414,0.5295215144250514,0.5307987994906638,0.5312503807007904,0.5307312486270317,,,0.5295893544718462,0.5310399888255497,,0.5300196919650654,0.5321436691090887,0.5309149574268088,0.5313701786326118,0.5317318841009845,0.5307326730622132,0.5311751431281737,0.529134585029302,,0.5320513212023898,0.5296213666430665,,,0.5310806069057956,,0.5293912887774717,0.5295802654219337,0.5285339268625485,0.5309186693152949,0.5300378491479052,0.5303448431030905,0.5298358415806863,,0.5298971289393963,,,0.5314709804701003,0.530935227389966,,0.5302730860021007,0.5302684757779593,,0.5304409519076706,,0.5309504270601755,,0.5293379605563492,,,,0.5296925362646993,0.5299364537539917,,0.5307226460718454,,0.5311581399723896,0.531841959494886,,0.5300579113392261,0.530609689977718,0.5289022398675415,0.5319503372844865,0.5306749176521725,0.5308539311047534,0.5315196500889718,,0.5313305148108819,,0.5316806790771067,0.5315746663118516,,0.5317765052241208,0.5316912542016414,0.5314414232958593,,,,0.5312289398270321,0.5300120965566837,0.5307403109940619,,0.5312532646932743,,,0.5314556609154006,0.5305691225365292,,0.529886244125395,,,,0.5313234965806215,0.5299622907439071,0.5300131841063959,,0.531492707707453,,0.531967627958686,,0.5313036578196791,,0.5296665608630373,0.529098533994531,,,0.5303361424944113,,,0.5302745830673387,0.5300826717531544,,,0.5308756014617482,0.5296428370837034,,,0.5297204471191628,0.530344687746315,,,0.5298859485650861,0.529797005874421,,0.5311157051430745,0.5303657192879806,0.5305872923511071,0.5038030033124655,0.5032412926669311,,0.09640374148261965,0.8821273131422419,0.97939921977827,,0.20710968370167618,0.8654841781834133,,0.959891262170902,0.9571594395238914
7,5,DG_10pct,20,Z05_F03,5,SLG_A,157165,165495,True,6705.445552689891,6690.245720139918,6799.056531368352,7227.62717105115,2256.345293723612,208.8640593257726,191.3190697317091,964.6561689445967,985.5602968155575,702.2892473983796,702.1384173678372,337.0760711940998,109.59142588157894,200.65877967407133,201.62551051831443,209.7550015093847,157.56341550672363,25.880339805769204,311.40241371877823,284.52351716143033,0.70111478097651,0.7020798176176604,0.7031822709031863,0.6301826831285816,0.8427042595151935,0.9394026382920261,,,0.5473698365109292,0.5481764395616033,0.8456010196771767,,0.26960404563966256,,,0.8613648367560527,,,,0.9547126901660055,,0.549006907976806,,0.547908929190252,0.5477669413570346,0.54851766959505,0.543203932468584,0.5425274393751328,,,0.5506846052797417,0.549984534580682,,0.549822982970448,,0.2071963077889691,0.5365974409995877,,0.536898374164822,0.5371316070756589,,,0.5393115559445789,0.5411346945522532,0.5407536498899096,0.5405479625131104,,,0.5402720829967953,0.5397772719398776,0.5386624226547548,,,0.5382083408169063,,,,0.11547995844856955,0.1158342092141542,0.8756924108704784,0.9739855660242184,0.08921448550758783,0.08915779633627999,,0.08948313499235014,,0.08950788395899356,0.08956962783021735,,0.08924464907625641,0.08952891974783832,0.08935397864582781,,,0.08912282357145676,0.08934364880067269,0.08964874265811802,0.08947242111644634,0.08935635016570047,,0.08924794133019172,0.08952162992351832,,0.08948657614765007,,,,,,,0.5322354365338391,,0.5321035100710151,,,0.19885838728768576,,,,0.19809814536080503,,0.1989140218079199,0.19862469844930372,0.19893068852009846,0.19826333219175085,,,,0.1986598244343911,,,,,,,0.1978845012598696,0.19803619515343288,0.19814333170285287,,0.19916171554869652,0.1981033092216059,0.19793501115256623,0.19870586486638114,,0.19804298958331404,0.19849123258644055,,,0.19905161629195894,0.19811554937709872,0.19854521710774076,0.1980882417575185,,0.19864377553309315,0.19811776679618182,0.1984410353191122,0.198521893747439,,0.9186238604190882,0.9207243323701352,0.9222891415575126,0.921844337674913,,,0.9216193062842917,,0.9224176341579892,0.9217498330321686,0.9230889783792611,,,,0.9228143694839165,0.921598249735721,,,0.9197068934215326,,,0.9200823896787133,0.9193927842767858,,0.9211736629431618,,,0.9172459308079801,,0.9210669144357028,0.920396960439671,,,0.9217034126271658,0.9224672213494606,0.9192973579174238,0.9219702915208294,0.9207953169190688,,0.9203479719998002,0.9186763826428223,,0.9220314912967544,0.9202140645929322,,,0.8994722051110426,0.9030397258410602,,0.9025282482887965,0.8991887167699679,0.900453482993763,,0.9020449600875109,0.9037981755640729,0.9016766559029747,,,0.9009901774028104,,0.9017991509539073,,0.9031895710271295,0.9002258023498336,,0.9008016739253792,0.9013400389292335,0.8992273761488969,0.901550185984536,0.9007771364026771,0.9003275919664269,0.9018296082452236,,0.900016199794703,0.9021884073879984,,0.8968396146943199,,0.9021592182058796,,,0.901820131532044,,,0.9018486995166332,0.8993070821310231,0.8987237447772674,,0.8995313865069243,0.900716018635015,0.8983403710329705,,,,0.9007871321806165,0.9005050673871311,0.8996776562694043,,,0.519683413413909,0.5188253768185255,0.16577980740948123,0.19406743796276316,0.5332350425231906,0.5352195176002558,,0.5355241174187236,0.5346331940588286,0.5354759220336812,,0.15175429504616456,,0.15121301649075436,0.1505706154699186,,0.15112317787790017,0.15069160967602122,0.15082816121302653,,,,,0.1511692271034273,0.15084591892396518,0.15096724677718076,0.1508203445951898,0.15046595303115656,,,,,,0.15137250030828325,,0.15086354904669608,0.1511432770119065,,,,,,,,0.15086199199198946,0.1508208926398521,,0.15084809044941283,,,,0.16096871131582077,0.16161179033683065,,,0.16157434550530178,0.16104867133482736,,0.16122735001222416,,,0.16140569748413905,0.16151681448616906,0.1614379467523535,0.1613089500597484,,,0.16127946063923027,0.16107091973012522,,,0.16139651880289857,0.1612949507351552,0.16080391561375432,,,0.16107188997204594,0.16107249879138882,,0.16085494352728755,0.1612772184260462,0.16134855402126097,,,0.9371770130173152,0.9369439624043207,,,0.936330555985024,,0.9377376069091335,0.9396887153622895,,0.9347981067785301,0.934377764113258,0.9328742746818589,0.9332507945454439,0.9355114853913252,,0.9338604282665682,,,,,0.9352746339191688,0.932361941771815,0.9320613353297934,,0.9391887397891101,0.939618262393807,0.9374371037974946,,0.9409143493696726,0.9360138641230838,,0.9354008464045731,0.9364183385425427,0.935395434346947,0.9382254658881779,0.9380416875327604,,0.9375103857614357,0.9412915778350429,0.9373606316243255,0.9378545398904743,0.9357612628774808,,,0.9389430566108512,,,,0.9378881459467573,0.938025673904912,,,,0.9357209845588007,,,,0.9324045795942721,0.9348317456212011,,0.932755792789025,0.9338629357336653,0.9328723880646651,,,0.9302179625529481,0.9325504617378382,0.9328266824764084,0.9349196713787131,0.9353475812814345,,,0.9323016746963756,0.9308123051357416,0.9330106092881695,,0.9341209743916714,0.9314710349514348,,0.9325211153671851,0.9353822789163273,0.9333548764189237,0.9333960165077562,0.932666429802681,0.9192519311108377,,0.9185525227284492,0.9183213656795062,,0.14868245895504326,,0.14845781539086386,0.14854310725788447,0.5275543705151775,0.527424557248989,,0.5268497796038232,,,0.19883076078891218,0.8973847975965489,,,,,0.522625733666045,,0.5198812573027471,,0.5063760175244778,0.5058853134162632,,0.8912114015243022,0.9164319705478482,0.2515180357057742,,,,,0.9228479607387995,,,,0.9134168751717846,0.9125935087346744,,,0.9229279742206958,,0.9218318993546671,,,,0.552458438078025,0.5526992210101496,0.553219992946916,,,0.5520960338376708,0.5513196901323626,,0.55340642948597,0.5512002915381634,,,0.5530710345922143,,,0.9313958578136199,,0.934034039901584,0.9336101528396911,0.9307311530161809,0.9261155312561923,0.29243744125147036,,0.2927748600465911,0.29147714760724686,0.9276396957032124,0.9324148007930796,0.9296132285796216,0.9300183606810408,,0.9359676925292616,,,0.5633076450103381,0.5632912745402919,0.5610734452324107,0.5618489190686548,0.5632603403746136,0.5630790060558679,0.5617974172745964,0.5627136365673713,,,0.5632978579790406,0.5622846401182974,,,,0.5630562033417602,0.5628741590572631,0.5623996593344661,0.5625588984284383,,0.5631936263020967,,,,,0.5620272218860625,,0.5615120100391761,,,0.5621349172256814,0.5623358924649294,0.5621829979735213,0.5620506355666217,0.562935151932036,0.5631060976115437,,,0.5640919761001831,,,0.5644467152417011,,0.560929559988465,,0.5641613467155847,0.5627039847178252,,0.5631830045577613,,0.563570086527464,,0.5649920814051207,0.5633592047180964,0.5632267501649005,,0.5649405126131315,0.563063768136789,0.562093312332931,0.5629950323887357,,,0.9223248486221554,0.9246917635555294,0.9214547449728285,0.9224539948643735,,0.9231891676363004,0.9219221897527915,,0.9226405748658406,0.9234919881850101,,0.12013135190974251,,,0.1202860124740346,,0.12006686302629344,,0.11998755707023184,0.11981842771310384,0.12014955497155329,,0.11985353332869127,,0.11993832367165644,,0.11981622148141419,,,0.927306736314792,,0.923690001348752,0.9256624605528935,,,,0.9240433589727245,0.9437309603770203,0.9464511932573042,0.9463142243665538,0.9447072350084417,,0.9437058381268187,0.9478858443357119,0.946122649608843,,,0.9465065264574909,,0.946006804368971,0.9467866890699007,0.11991015654724763,,0.11997244198515732,0.11980532713697545,0.11992333038404242,0.12011032277385701,0.12020563071531558,,0.11977530587183835,,,0.11986592953423514,,0.11979163114176418,0.11975542248348446,0.9478447426482149,0.9485633707812454,0.9476392469541159,0.945806774345441,0.9467451532978575,0.9465012357479871,,,0.9248222556790439,0.924612308975444,0.9250610046030229,0.921415551220396,0.9232649589051135,,0.9260251341719664,0.9227668491018773,,,,0.9241938956696971,0.9227684965265146,0.9244455380217941,,,0.9251705265349545,0.926208128953294,0.9249020369837777,,,,0.9257243528624323,0.9222526798773567,,,,0.9508956035246383,,,0.9453790122500324,0.94967582101766,0.9474852589602911,,0.9461684401790813,0.9480183212622555,0.9454560282311466,0.9467678361944262,,0.947276515609124,,0.9480621957978804,,,0.9464976831469496,,0.949706006215298,0.9471368167513027,0.9458492175633948,0.9474543605330047,0.944086363297972,,,0.5386263388880207,0.5386463503338119,0.537450402370716,,0.5385480107663573,,0.8516498698933848,,0.5487034215299809,,0.27910162139137573,0.5494211822109082,0.5496825001428198,,,,,0.5496207825387837,,0.5509779453577225,0.5507067446555551,,0.5497942910911771,0.5498488500100568,0.54825281849583,0.5509416768561781,0.5506483618618109,0.5505234713032571,,0.5504948256849003,,,,0.5516477208546057,0.548574546645754,0.5496742389475698,,0.5492209066997171,0.5496925263994239,0.5485245802674948,,0.5490106778012761,,0.5500103326908706,0.5517645916885984,,,,0.5507529706432541,0.5497427745432049,0.5494922366744581,,0.5498732567721843,0.5493015567796203,0.5515717265494202,,,,,0.5513054708400877,,0.5504844676673915,,,0.5499138644583595,0.5506714686428698,0.5500319917275909,0.5493942449559865,,0.5499853578460461,,,0.5510132198376648,0.5501917770275982,0.5480245189387969,0.54887053953764,0.5484680530234088,0.5503251350050933,,0.5495456426615756,,,0.5494465412163116,0.5496299582000488,0.5480372103873938,,,0.5466263335098608,0.5478553211870041,,0.5493783008330211,0.5491563363683328,0.5498123060894737,,,0.5508212747501711,,0.5508082347314263,0.5501795473886459,,0.54915797002943,0.5514583183157353,0.5492105852202214,0.5519139580998245,,,,,0.5494495254624485,,0.5488342516595894,0.5511494015228288,,0.5504700441234128,,,0.5493363114797786,0.5500339577164818,0.5494864702765412,,,0.5500390406203709,0.5495751789314727,0.5505887538265346,0.5494826103326697,0.5486294627831668,0.5502547083851117,,0.5504181376446172,0.5504694859762596,0.5515672981109908,0.5499818654190205,,0.5500664119203054,,0.5505496342206594,0.5486442808956157,0.5514626670892302,0.5490695802875878,0.5505373908761892,0.5504286853327005,,0.5509017904656368,0.5498797828667328,0.5504383884405816,0.5505886897017095,,0.5506929721664013,,,,0.5493095032154489,0.5509783181926927,0.5504861867144538,0.550659989499069,,0.5502727330752976,0.5495205148793342,0.5500106173453533,,0.5487581112986935,0.5490191666461034,0.5495828695965519,,0.5503063907809557,,,0.5499664097936388,,,0.5486285908484425,,,0.5486973312361242,0.5492033495487922,,0.5506615698523999,0.5500301479416886,0.549121216651275,,0.5138703807106544,,,0.8708521888003785,0.9662147207618791,0.2715543950288052,0.27154554459413,0.861504879903772,0.8587807535743798,0.9521295352591433,
7,5,DG_10pct,20,Z05_F04,5,SLG_A,157160,165487,True,7326.666582244735,7313.681538031982,7420.551820358518,7858.143458539956,2147.0944645562663,197.51528003319328,179.97230271898562,928.6297720058213,954.2442880504229,678.1728183369172,680.7230750354586,326.7865548253116,106.65716001032165,227.42228405640458,228.34888557781585,198.1239660198682,150.05221375395075,25.82161846445492,296.2457522699353,272.6188885033117,0.6886226156629238,,0.6860558959269533,0.6053324670458328,0.8381320730893977,,0.8401244344399804,,,0.5281449794970724,,,0.20470100474209924,0.2041569936374371,0.868663445801032,0.8642341469445286,,,0.9591517167804003,,0.5276082956249476,0.528073084733786,0.5287178830318588,,,,0.5240370462062695,,,0.5307417070426884,0.5307959203691125,0.5317715506485423,,0.5298620517987166,0.5317972910429885,0.1326497334435098,,,0.5178563486744101,0.5191044942581002,0.5209866233443108,0.5216155841404518,,0.522927722844907,,0.5234642498683895,,0.523730959488359,0.5244322585029692,0.5224577097119367,0.52232882533971,0.5230873614279592,0.5233059216861069,0.5247320886075344,0.5234301390764129,,0.5228523212334073,,0.02982167325182247,0.8844434125827917,0.9887950966730624,0.0001249806034588641,0.00012451629662462165,0.00012473733872073092,0.00012492569008376432,,0.00012467021579773386,0.0001246587728050925,0.00012507920154371507,0.00012471099532819437,0.0001250915808773067,0.00012510722935315824,0.0001247513713332273,,0.00012431845998169775,,,,0.00012424440774277566,,0.00012462090339224665,0.00012449330823969117,,0.0001250931212425468,0.00012495984784765098,,0.5103794840211053,,,0.534758160716288,,0.5346719898617045,0.535336259303207,,0.535875128753325,0.21375300592688232,,0.21294339462546955,,0.2136387975417174,0.21386350346444133,,0.21321371168117173,0.21331821446971358,,,0.21395729923417722,0.21389270586098447,0.21399402578925147,,,0.21316567219661048,,,0.2138707707469301,0.2131960608203251,0.21334609180803202,0.21309744232465777,,0.21342176214629058,0.21372474856617776,0.21344734430963982,,,,,0.21317188939799006,,,0.2130179908405535,,0.21331609328012655,0.21335521987182865,0.2133270776463097,,,0.21345548077530094,0.21385264732663656,,0.9179704866327442,0.9187200036436021,,,,,0.9180204281224721,,0.9168389076435981,,0.9170006085962803,0.9202473441809981,0.9197794297479738,,0.9198654094045253,0.9231376345674435,,0.9194900838641036,,0.9200506296520403,0.9198478546850033,,0.9208863427734414,0.9201875831809591,0.9183148716622405,0.92152567726968,0.9163975503800047,0.9173166717033089,0.9203008798370502,0.9155567202265272,,,0.9180585796528801,,0.9204128203595994,0.9159545417159304,,,0.9199198732348162,0.9184464423098019,,0.918080642247105,0.9181391048656867,0.9192752680895383,0.9003433653450514,0.8985165842732761,,0.8972410622958847,0.8972103784960095,,0.8961534141313071,,,,0.9000161624235484,0.8988180868990626,0.8950023718246005,,,0.8981792580521376,0.8961861665950908,0.896076912282847,0.9016922406842733,0.8989051107386017,0.9001120076536739,,0.8947217137588388,,0.8977664001746819,0.8968923244197067,,0.897807881715881,0.8966191608913834,0.8975392103054682,,,,,,,,0.8964964367583773,0.8963545407547366,,0.8978062019899189,0.8999517420497926,0.8992367583456414,,,0.897971106676351,,,0.897989853111613,0.8956520423039689,0.8964964056502477,0.8992659778833494,0.8976685095555066,0.5216334078564073,0.5225341686760231,0.523303963915822,0.18320906829707254,,0.5381664984972842,0.5374936764104353,,0.5376249412353516,0.5401208709497645,,,,,,0.1699967822139001,,,0.16887242104149877,0.16998699247337637,,0.16986960296148645,0.1696674012485198,,,0.1697021486577969,0.16977570565841887,0.16980056168160282,,,0.16931697372633112,,,,0.16970276102667348,0.1691910329876598,,0.16921134624240644,,0.16924342965688807,,0.16900307709254844,0.16922272221810866,,,,0.1692080114494564,0.16904733615988893,,0.16968350058911902,0.16937381961067557,,,0.17901692492691407,0.17935506385865344,,0.17898856884011957,0.17901904301509197,0.17943316312442026,,0.17923218145223085,,0.1792368089229407,0.17941668888048123,,,,,0.17945642728893388,,,0.179296742653162,0.17943924937504951,0.1788009707827797,0.178967743863892,0.1790189089347801,0.17896985562148415,0.17869605163455776,0.17894887881681076,0.17892090921526935,0.17920892309111994,,,,0.9361354446283923,0.9343761025316986,,,0.9300436817065826,,,0.9321571898322931,0.9355471126899276,0.9324560339777486,,0.9280883361269454,,0.9261326903126839,,0.9303566400792881,0.9288350926928178,0.9302703165245833,,,,,0.9261568568634049,0.9287111780270347,0.9271926574044954,0.931129008143625,0.9333499078979509,0.9361928333813415,0.9322463461381876,,0.9325992435642588,,,0.9324415631325585,,,,0.9338915472030257,,,0.9322256943198513,0.9320935003628239,0.9349096621449603,0.9320418698642954,0.9333642634775547,0.9344739095813219,0.931076599673278,0.9335269928351043,,0.9318223572251241,0.9337735308514274,,,0.9304363513693807,0.9320714300156787,0.9360657468335525,0.9290272477316321,,0.9323320880736606,,0.9283682279420794,0.9296975264968687,0.9295686780998349,,0.9283213110902626,0.9294369955600802,0.9297049241516749,0.9276369779888191,0.9296640024928434,0.9314148427479839,,0.9308951996624943,,,0.9293272252461742,,0.9324478818344784,,0.929906986645351,0.9311218394454532,,,0.9318883462710967,0.9313055514196725,0.9315211888830099,,0.9125890067655603,0.9136618911701129,,,0.16728051309395892,,,,,,,0.5316540976872028,,0.5294159846323663,0.21338883477311754,,,,0.5395638836047283,0.5392745379024572,0.5250938594866947,0.5255748649534165,0.5265825796780584,0.5105687756661151,,,0.2458958169496639,,0.9139522791479924,0.2635354235072432,0.9028084224591787,,,0.9091926255003877,0.9206677393929571,0.9123782598966729,,,,0.911529088479057,,,,,,0.5572943701056927,,0.5562375171354648,0.5556016113985296,0.5538052620679711,,0.5570302519577385,0.555818501286867,,,0.5567008369978047,,,,0.5546633009914974,0.5569395851830987,,0.5559271106720737,0.9322821786306624,0.9294677906197863,0.9317835171972905,0.9338405412917021,0.9337695528891975,,,0.30052600915919825,,,0.9299553947158326,,,0.9303345540732986,,0.9319640067611675,0.9363935826982667,,0.5654071498110145,,,,,,0.5672505573585698,0.5668067353527012,,,0.5655241160877086,0.565586553774913,,0.5678363685595212,0.5662923919930092,0.5663632812729826,0.5666054335396556,,0.5666197929367105,0.567811788684452,,0.5657331734194337,,0.566465999910172,0.5684436023964635,0.5666970529530735,,,0.5670880448197774,0.5665075321141496,0.5672234115021412,,0.5664905183847238,0.5668503244642616,,,,,0.5674066351603084,0.566862874835611,,,,0.5661557951716404,,0.5666293759420462,0.567679020721282,,0.5689199122614398,,,0.5680032877040431,0.567369915140943,,0.566339542428651,,,0.5672300650142617,0.5669145907450326,,0.9185086218032882,,0.9160604647424727,,0.9143476932027389,,,,0.9157648239587272,0.9155446175497141,0.9169244080723515,,,0.14037050694819403,0.14085216054567953,,0.14016149309217268,,0.14034494569792233,0.14012469074326336,,0.14082416960438499,0.14018608683342984,,,,,0.14005954693965086,,0.14087776372227945,0.14048489553161198,0.9190779154141074,0.9196383460912592,0.9161752881755238,0.9172066949198125,,0.9191555583948208,0.9170015069945017,0.9169443972208993,0.9413744293779672,0.9427616255474436,0.9397030870122163,,,0.9392374877088497,0.9404245496182363,0.9425492534071016,,,0.9405526604892087,0.9404600162598198,0.9419193640254524,0.9438328416726247,,,0.14036122171994606,0.140620469087697,,0.14070025483601753,,0.14054266207191177,0.1405445223694875,,,0.14130853045002764,0.13870427609414937,,,0.9427779265250207,0.9435595878234914,0.9418741655002474,0.9413604755495957,,0.9417561600891389,,,0.9152301402316052,0.9159173853082448,0.9155374047050242,0.9178539954828413,0.9172786339489715,,0.9144371956870787,,0.9198311847183765,,,0.9190205447257693,,,0.9161036056582144,0.9182023539876739,0.915824631226762,0.9138155442438339,0.9177688824375565,0.9185043701315129,,0.9186200105646414,,0.9172876900117984,0.9167291859909757,0.9188599438685754,0.9439423020494876,0.9422111823073047,,0.9446782899876079,,0.9456803795193387,,,0.9477186839518931,,,,,0.9423904259169493,,0.9432843536372718,,,,0.9422508254618023,,0.9428098482891828,0.9427790873733761,,,,0.5430258380892952,,0.5430145042300036,,0.5406116764251618,0.541683096836275,0.8815360279486969,0.8572340346995682,,0.5306079311231436,0.5309017564577855,0.2900168170354416,0.5300685764832613,0.5299822797491109,0.5305015736045293,,0.5302894303638522,0.5298983141392234,0.5287868137213751,0.5286726692388154,0.5298474324582874,,0.5303185424560736,0.5311576485085493,0.5304978574190705,,0.5303414654028581,,,,,,,,0.5299001884696989,0.5317677247251378,0.5325515316557763,0.5309787296832943,0.5316885383662322,0.5314573508580075,,0.5306967140800796,,0.5297513211905676,0.5292032462192406,,0.5301438229101895,,,0.5291890162861445,0.5306590692302252,0.531143443315885,0.5320521837386413,0.5311735585681782,0.5323509677293766,,0.5321427260983127,0.529500618716854,,0.5322110094594839,0.5305751658120714,,0.5315451863285592,0.53113181361522,0.532926151020895,,0.528899208392753,0.5286852982071855,0.5300089842089689,0.5321962025936223,0.5294784199658136,0.5308439910896996,,0.5303869929897146,0.5306644109095358,,,,0.5322483916280971,,0.5296017379456285,0.5300383448027213,0.5310409249099006,,,0.5295086417391516,0.5315451284246698,,,0.5315722296407088,0.529977537856007,,0.530853856752209,0.5298652582268707,,0.5312687008903141,0.529926912341332,,0.5286744147545173,0.5303111901056304,,,,,0.530549713445189,,0.529642285517944,,0.5315540506927472,0.5297437629745807,0.5306844180518728,0.5321453566989808,0.5310069642445012,0.5305210653357509,0.5306688661614783,0.5296393373206796,,0.5298699287883908,0.5311011468008048,0.529389384747652,0.5315231391618805,0.5304066612606554,,0.5311356102962278,0.5311763587340721,,,0.5284994688910337,0.531788150942325,,,0.5321128908280264,0.5298698277010988,0.5293585871009276,0.5300426041182736,0.5318372260468358,,0.5287902550592354,0.531390635352748,0.5300806757067944,,0.5309498850041534,,,0.5289683285607039,0.5302691001078201,,,0.5313622931775475,0.5314806139468413,0.5312911324365335,,0.5308775220273491,0.530191700827328,0.5300798239539626,0.5316328182641772,0.5304655193135089,,,0.5307569978124947,,,,0.5304296739275894,0.5323517234792761,0.5311005392026978,0.529908733199332,,0.5299017669870785,,0.5305414059275714,0.5295945050075911,0.5297783759088883,0.5310676262324594,0.5320023578222626,0.5314189903224168,0.5313266125476381,0.5304771407143728,,,,0.5044312116842858,,0.09638846151199904,0.8795377800733826,0.9760486281695088,,0.20664022579548527,0.8686039606803503,,,0.9612860397455301
7,5,DG_10pct,20,Z05_F05,5,LL_AB,157167,165501,True,7391.187401363739,7377.515133855242,7414.299168441957,7598.846544060413,1363.2161356984966,152.78905600494986,134.18247567884012,516.5651837288001,513.2374475576744,364.68052888163294,364.89666842537434,176.22055694650464,57.12013065395606,150.18684467703952,156.45360276790612,152.08091735396837,116.48665309763422,20.49757416442806,216.14837831021174,159.03509784468443,,0.5374041005781656,0.5382907069463296,,,0.8354591248887154,0.4212933025332841,0.22106344495379765,0.22140177609926825,0.22097710537682433,0.23581440276836466,,0.2820243056185668,0.28080588983506144,0.23976318413029926,,0.23917923270914007,0.8632329049472744,0.8663576828135028,0.8668061495656104,,,0.2214675687106292,0.2215082366224988,,0.22068081919470278,,0.22022500713598794,0.21978151475153324,0.22182878145820314,0.2221563637635263,,0.2211298649349471,0.22081814846794048,,0.20955480145428337,0.1422263750521608,0.1418464422933977,0.14192160652000566,0.11361828216510673,0.11343451373779456,,0.11418202138185939,,,0.11361740538554652,0.11395068505987159,0.11390792651704121,,0.11409915080782657,,0.11393594437331855,0.11411447538156788,0.11357617652981497,0.11390343334669194,,0.1140171670679175,0.1277567929226209,0.128447687876233,0.11710375412714069,,,0.10467861591937425,0.10499655773758712,,0.10524370766261662,0.10536964001115671,0.105068069989436,,0.10508372124624203,0.10541038361172299,0.10492753907954787,0.10504770367287049,,,0.10494246997155282,0.10496401851546161,0.10485784066292822,0.10500898077520121,0.10532467587394258,0.1053732300601769,,0.10514048204745781,,0.10502052206303619,,0.00011117749075561506,,,0.020793708164942318,,0.020834594998287177,0.02081123949488602,0.020761591625736625,0.020830693644842888,0.22586653060657508,,0.22573017767731643,0.2260765867923676,0.22620700419513562,0.2261417371027194,0.225652529050501,,0.2261826657101102,,0.22574367261715317,,,0.22628795868589105,0.22657182559517988,0.22593750133099144,,0.22576559585380282,,,0.2257151707537217,,0.2261608500238583,,0.22535000885229955,,,0.2255219153894985,0.2254433885257079,0.2256814547987135,0.2254586846017766,,0.22578041843008564,0.2260248829013734,,0.2256787220576302,0.22525058031636144,,0.22525550233488142,,,,,0.7755372280847355,,,,0.7762183762341109,,,0.7753219914665023,0.7761349819925576,,0.7746947139913402,,,,,0.7755149405003952,0.7746718983205528,0.7766659722656054,0.7783618320945768,0.7756195277429274,,0.7731667318505023,,0.7745509798869757,,,,,,0.7746418206098933,0.7753226872410215,,0.7746678420704275,0.7756278973123544,0.7748805161138702,0.7748281150089642,0.7732245796509382,,0.7748335569461636,,0.7763776423973986,,0.7770045213992843,0.7762604428538155,0.7761599197623763,0.20578885962622656,0.205711047604009,,0.20627443380633717,0.20555182617051748,0.2051635058902853,0.20529183865429107,0.20550171678768728,0.205165204408249,,0.20558793632993358,0.20550932168679956,,0.2054102913148882,,,0.2057957787511723,0.20586457581419218,,0.2057505138225989,0.20571617313765148,0.20620304418702054,,0.20565945357092413,,,0.20527472107687664,0.2056376365499938,,,0.20563299193193452,,0.20534597597698048,,0.2051612796200728,0.20530784182318723,0.20557879454134126,,0.20554439530853832,,0.2054967427449627,0.20577230973351301,0.20564158786278475,,0.20648617571744154,0.20634315814885804,0.20507185681705167,0.20530650062137176,,0.20516009462920545,0.20487848109945986,,0.20536596813172048,0.020733604438040853,,,0.1922912819178313,0.2209279736803992,,0.020802465915132573,,,0.020757659202557868,0.020772686456244888,0.17801575132024977,,,0.17723100198147204,0.1773676644180021,,,0.17782376859904994,,0.17763656665572683,,0.1776292445787568,0.1773209026660415,,0.17795800477226195,0.17764685526296434,0.17761157426596846,,0.1780873682517901,0.17774661801114822,0.17796697974283832,0.1778400981974184,0.1775175882093054,,0.17703030961544144,0.17741787958615035,0.17777018151788604,0.1772088914202801,,,0.17687846886813835,,0.17748117363754162,,0.17770230072390955,,,0.1774744595675395,,0.17743577773724284,0.18864843301486484,0.1881343557326088,0.18795614250309178,0.1878584364718807,0.18839742314424826,,0.1878395447833752,,,0.1884514386859996,,0.18843466499490127,0.18793296401937853,0.18823640227199198,0.1878433854735874,0.18843833005844676,0.1878887963277267,0.1882399959303638,,0.18827915387030295,,0.18753948459681336,0.1877437283651688,,0.18826322392016254,0.1881859916282127,0.18827531688388005,0.18788701066712718,,,0.18829623051110128,,0.8223712886592311,0.8236893947598382,,0.8220462995433948,,0.8218577233742306,,,0.8234551139888469,,,0.8128336636603343,0.8108558903552738,0.8115905767868787,0.8098858537255836,,0.8129525882351559,,,,0.8120359720448624,,0.8105222302192261,,0.8129126063645165,0.8094211726342662,0.8226116230422408,0.8213632103977997,0.8208022425405318,,,0.8228449633652025,0.82199076165487,,0.8183574881590288,0.8207700542648185,,,0.8217935534676332,0.8233028436980285,0.8201615720417017,0.8221791316133255,0.8233078574464608,0.8255491504966672,0.8233334076509011,0.8223351124327221,0.8243007362068295,0.8218817803718595,0.8244516377938818,0.8220237198374841,0.819923275135896,0.8212683866570433,,0.8228722221411839,0.8232527121734118,0.8243754375663099,,0.8113289318793587,,,,,0.8133831633641522,0.8088680943808241,,,,,0.8114586534922108,,0.8118316120023424,,,,0.8099388519903487,,,,0.8134768845965503,,,,0.8138342701991925,0.8108648653174678,,0.8139826902694629,0.1598505872587095,0.15971532020136786,,0.15971918786513992,0.17494411501546958,0.17500302491607458,,0.1747801286884881,,0.020643305349872236,0.020706067889849585,,0.020744121144518908,0.02073007555529036,0.020745105392470622,0.2258941123488943,0.20538059106330828,,,0.020852991439671002,0.020841004935997585,,,0.020833561017586204,0.020681354685846476,0.020614338809858895,0.020637350728578578,,,,0.279860043657419,,0.7370498596396535,,0.2654108879082861,0.7392643351155557,0.2699682510274632,0.2702262176190882,,0.27125362225232297,,0.2930229336376572,0.2711699478571911,0.7334784139704861,0.27796643028524876,0.27857704270722355,0.021397196390528422,0.021400890415334294,0.021436288512837645,,0.021337142705237167,0.02142739084297749,,0.02146481597082489,,0.021424306105529832,0.0213997997730191,,0.02146179745990373,0.02138155632609193,,,0.021426343898655012,,,,0.7292429800507233,0.7320606646407639,,0.7288247891368638,0.321750497772039,,,0.32291370024891725,0.2983065363349775,0.299771818580468,,,,0.7309554380408845,,,0.021846989817881766,0.021797911512450068,,0.0218247975278272,0.02185883971475926,0.02174846328899285,0.021795089995744615,0.02180746031485209,,,0.021793453802211524,0.021791314608306852,,0.02183261164429995,0.021842332078126643,0.021780039038648294,0.02180784382402318,,0.02179346751147358,0.021851448932324997,0.02176244778982499,,0.02181518658206065,0.021791824650707736,,0.021842765617954455,0.021869225859703034,0.02182058171522489,0.021792779931827284,,0.02182287172541935,,0.02188770895613863,,,,0.02181939600479818,0.02179353771124809,0.021768503545859116,,0.02183164274500909,0.02182534877000254,0.021860851585722606,,0.021818787370584944,0.021781216252403653,,0.021755418396100526,,0.021797354922659187,0.021838043187468424,0.021813595006256556,0.021808534443703054,,,0.021843005827462618,0.021876967141213895,0.021839029832129663,0.02186663872359198,,0.13047544470929445,0.1300933981638417,0.13044652743844407,0.13046681805669527,0.1306534509501055,,0.13085802790381634,,0.13085604389850225,,0.13031470516026258,,0.14612821648896168,,,,,0.14638148849151075,0.14592706666859237,0.14622218880653404,0.14584293362320036,,0.14621013792654197,,0.146364006907421,0.14637924414824732,,0.14557363654546568,0.1457667760826199,,,0.13082894923538904,,0.13061607010326162,0.13102140531832748,0.13084003501737682,0.13052659215836157,0.13060173165951763,0.1308182794398031,,0.8514936543108987,0.8543278433180577,0.8520074927335081,,,,0.852015264795258,,0.8576088956228409,0.8530550269176944,0.8561277241274379,,0.8499732636597556,0.1453844085370907,0.1461579764641203,0.14547612571326915,0.1462710722280572,,0.14575663961418542,0.14591548799650977,0.14646713127716157,0.14596472077866207,,0.14601029016966918,,,,,,0.8517420283134208,0.8530449104765528,0.8537057462254218,,,,,,0.13060783510522472,0.13057704686583294,0.13063368514404106,0.1308216000627889,0.13009348735822576,0.13070084750727592,,0.13056307444808693,,0.1305830918422133,,,0.13032015185006357,0.13103673647859268,0.1304492896010219,0.13021695933899943,,0.13059077487705117,0.13047801214902163,0.13053906519065112,0.1305182390878091,0.130634259485618,0.13096266523397398,,0.1307480498611862,,0.8561774533299914,0.8545727660699809,,,,0.8538239430231654,,,0.854609367523083,0.8524639435091411,,,0.8546278409388115,0.853825083288121,,,0.8501544615585463,0.8539181582286611,,,,,,0.8540717818428067,0.854957380723764,,0.02079137891028611,0.02091982893075964,0.02090216830800707,0.020887205998448042,0.0209037768733956,,0.2824244536270232,,0.1442651465129228,0.14356863899276953,,,0.22057543802619045,,0.22067905098082508,0.22094239482300468,0.2209526416578035,0.22082886434494395,0.22119013403062648,,0.2213495052692963,0.22129821277925552,0.22130972681112016,0.22118275078235672,0.22048349905329964,0.22161315263474599,0.22075319317643402,0.2208764776451037,0.2216019380061307,,0.22104387879360238,0.22121429105098384,,,0.2208500487851555,0.2219681609087334,,0.2208920851246386,0.2215805161675919,0.2217944707315683,,0.2202394052741717,,,0.22092906536630869,0.2215479299103536,0.22108197241684222,0.22097645975430022,,,0.22083441886115873,0.22173920336294992,0.22100696321671165,,0.22087761936894226,,,0.22179675070540159,0.2205058462705919,0.22152585319742674,0.2210553256742807,0.22136537281866805,0.22176549399033016,0.22040457472388858,,,,0.2207200901254101,,,,0.22119605523675712,0.22057875157639956,0.2207584268799839,0.22150419253145312,,0.22132380547029887,,,,,0.22146012361784792,0.22114094911855386,,0.22079236399198626,0.22079136041977604,,0.22080435546719265,0.22081036816987376,0.22147654813835752,0.22169194027518235,,,0.2206118511421507,,,0.2212092298206933,0.2210017392701907,,0.2208263101076213,0.22085995777386333,,0.22050599482375474,0.22067062734794884,0.22129613241067575,0.22166075788020717,0.22153759570604212,,0.22078170237555356,,0.22102568765932795,0.22125369147876586,0.22119072457118982,,,,0.22125762219402414,,0.22133394588198774,0.22142230995544063,,0.22123550529176103,,0.22160474383050563,0.2212625779210316,0.22107588488553584,,,0.22105319720506925,0.2206323719733901,0.2208203563085633,0.22151871270358234,,0.22066929469906332,0.2212984036466238,,,0.22143741797523114,0.22139701392185024,,0.22110580813762207,0.2200108011136943,0.22112425222726984,,0.22075240069278085,0.2202287153625458,0.22115973484578977,0.2207850682229408,0.2204840247034981,0.22065785226980242,,,0.22063708396399873,0.22079388418021487,,0.2211281402835419,0.22057125473934164,,0.221168242423285,,0.22117819836213543,0.2210000915958313,0.22134209671213184,0.2213897753714028,0.2210112854968182,0.2213329489719308,0.2209766230849674,,0.22068804259111088,0.22097288597747475,0.2217006634836232,0.22137815089827836,,0.22108606391632726,0.22091903780920807,,,0.22078068098446713,0.2212463398777845,,,0.05957146405981607,,0.1677466674428845,0.8837890334745904,0.28127652971658446,0.281525007707921,0.24130949056126855,0.24191184579821273,0.8609226991518579,0.8629249911961974
7,5,DG_10pct,20,Z05_F06,5,LL_AB,282435,283952,True,7912.532753584462,7878.524437851173,7968.971854201023,8099.232998040572,1329.8368949299772,148.9483843280831,131.24459221736865,494.8623639600101,515.0253164603362,357.4999732760796,359.4476088800781,168.586340299158,54.83665776283387,168.3849373071416,178.21566271885555,148.94035545728553,114.24248498065192,20.150632505445703,213.99750171320514,158.00660274396563,,,,0.598667290587927,0.5372649165105687,,0.38480865802879094,,,0.17206611395507226,,,0.2224154916922761,0.2224245208626212,,0.18704152186435574,0.1868723207735845,0.8738557317739896,0.8768701800350638,0.8752514459691555,,,,0.17207792825860696,,0.17218238563754523,0.17154569274838194,0.1715750865248141,0.17148464228511084,,0.17278496976567803,0.1725719544667499,,,,0.1452117480118057,0.08885697545319854,,,0.0581150848817876,0.05794162876175829,0.058001518495208945,,,0.058174010427725596,0.05817908889667627,0.05810298805410019,,,,0.05814349757610559,,,,,0.058083111252300736,0.058171331785228174,,0.05507877432534014,0.0529862854605453,,,,0.02909156973959407,0.029194197476261383,0.02907281934831106,,0.029125917959080618,,0.029231966928537426,,0.029087889404691904,0.02918860765070756,0.029087749654789174,0.029158071318737534,0.029161046522185225,0.029097481360014558,0.02913249958331134,,0.029162411538603633,0.02912453281502702,,,0.029113123673476765,,0.00010794678670122639,,0.00010816766051637659,0.21214752501979747,,4.9885879928977305e-05,4.998135118824218e-05,5.131605424351023e-05,5.1494121453768475e-05,5.1393024718095464e-05,0.2131433379474492,0.21382704515188078,0.21294203095946906,0.2133352131451305,0.21226721038723367,0.21385132781069494,0.21351340505053418,,0.2127590046316768,0.21329741674017824,,,0.21318017484563506,0.21339107584194988,0.2135060382697372,0.21319596688839174,0.2138795079550657,0.21386226391611018,0.2139607897909719,0.21343042648576033,,0.21318098274654068,,0.21316633663925974,0.2133858893416226,,0.21356850768146105,0.2129432485215086,0.21350916702517878,0.21326973969540206,,0.2130427769326723,,0.21355796454080717,0.21295050733325488,0.21308129413302265,,0.21309781177795914,0.21342979910725396,,,0.2128473219040354,0.21322060627992484,0.7635438744493093,0.7633258052761351,0.763303785531743,,,0.7638527305231828,0.7664941789670453,0.7641314031789603,0.7649021839520168,0.765046586066039,0.7654384135369743,,,,,0.7646756592766887,0.7653360324893063,,,0.7644642446262236,0.7640731784763151,,0.7646515571107247,,,0.7645319374160623,0.7652673473880921,,,0.763718790503107,,0.7649384383622734,0.7641936403866373,,,,,,,0.7644408432340627,,,0.7631567704653428,0.7636790928718512,0.7625531013638781,,,0.2132830985295771,,,,,0.21312600159785336,0.21364775090534022,,0.21372499643918053,,0.21345436086616507,0.21344552420466079,0.2135221877018567,0.213631940786573,0.21370176048490136,,,0.21315665794502106,0.21313945414627739,,,0.21311750843077037,0.21363299636489613,0.2141418405178889,,0.2128091783765062,0.2133192972846037,0.21343782660779106,,0.21319419922688154,0.21339670562444094,0.21296543115047314,,0.21321225844424113,,,0.21374972578887294,0.2134375511191296,,0.21405182153888985,,,,0.213436969010822,0.2132759682137857,0.21347658924190335,,0.21294884206881826,,0.2136234943688134,0.2130853473892288,,,3.561869120381441e-05,0.18087613618292933,,,4.4165416683899395e-05,4.4124307415589444e-05,,,,0.1671820527578621,0.16709282700354364,,0.16699814215743583,,,,0.1671363293342424,,0.1671691435358532,0.16732135877164206,0.16666344798443547,,0.16706180686410316,,,,,,0.16709100831609508,,,0.1676102006928823,,0.16745492500572493,,,0.1669410575857028,,0.1666787126161943,0.1667811307928382,0.16709031328204935,0.16714407607941323,0.1669254782616853,0.16691964901121595,0.16700865507436233,0.1675433294295639,0.1674834976572276,0.16690803226214923,,0.1771821906543144,,0.17697203033705233,,0.1774118093886692,0.17707441127469462,,0.17756195899734822,,0.17683166945431045,0.17716332024412765,0.177175160374706,0.1772543361329594,0.17729456778894617,,,0.17765496080388885,,,0.17706444607555769,0.17722958171964848,0.17700226771635974,0.17691303745110334,0.17727628126869574,0.17702241700107804,0.17712111033984418,,0.17723716044733928,,0.17686750510126273,0.17757731113079078,,0.8108206720382526,0.8087382572006933,0.8107501245094503,0.8110581616533941,0.811046087393204,,,,0.8090523943245091,0.8088188903943451,0.8094099049756367,0.7982766069196863,0.7990123825936583,0.801233679472688,,,,,0.7970117819010442,,0.8001704997792239,0.8009503617654709,0.7966583740080407,0.7972552826254345,0.8001648924143709,,0.8080816569507229,,0.8081664939797839,,0.8059080057747053,,,0.8080176675909826,0.8108355754931795,0.810077446195428,,0.8103014594326824,,0.8096822840223722,0.8081071352086098,,0.8094193431833878,0.8114029409997553,0.808385444059549,,,0.8104028630184823,0.809133370341369,,0.8106626195665066,,,0.8102909235213873,0.8122517834277924,0.8095632451079914,,,0.7991663199130171,0.798437791266167,0.802953369019439,,0.8007192978312013,0.7993178287049597,,0.7980667620545482,0.8016160421385693,,0.7984116787664618,0.7970442461939495,0.7963597668278749,0.7988366769776453,,0.7975606867177353,0.7967923806134587,,,0.8011164017641497,0.7991942413732153,,,,0.7995164729032158,0.8001443546767866,,0.7999023185794267,0.16678785768340565,0.1661261826620361,,0.16656458570240748,,0.16440138963019674,0.1649962081083999,0.16411172548080236,,,3.5437223119860356e-05,,3.547392278414287e-05,3.540941258928235e-05,3.541904465238589e-05,,,0.7596749150316412,,4.408816792834242e-05,,,4.350548135376244e-05,,,4.213992371675949e-05,,,0.2477197929115985,0.7342041672833819,,0.26539437919048114,,0.27266442966057514,,0.7256234096439904,0.27789478967299763,0.2777375275639278,0.2787350784453311,,0.2778887378114929,0.27823939708449735,,0.7237227577934918,0.2860080159467156,0.28587016383259306,,9.147591180584238e-05,,9.130895176654814e-05,,9.100613222421192e-05,9.131801422643982e-05,9.16585413666126e-05,9.131529991451492e-05,,,9.116030010005958e-05,9.146604463972293e-05,9.144348473444377e-05,,9.127025022041917e-05,9.123184720955598e-05,9.157216605095909e-05,0.718659034880866,0.7198425245476331,0.720653854948351,0.7251169406259803,0.7211589793989273,,,,,0.3061603114981227,0.3044708183286015,0.30519450562647976,,0.30584666790143045,0.7208609356001149,,0.7186090426727597,,,9.185018343339084e-05,9.211613964383321e-05,,,,9.21517342495822e-05,9.204303152252648e-05,9.199245131682741e-05,,,,,,,,,,9.174959047288882e-05,9.208867268615658e-05,9.204277765020997e-05,9.229292177164597e-05,9.188560718243164e-05,9.203504802004108e-05,,,,9.214372764544063e-05,9.235909874966459e-05,9.214014281758608e-05,9.193166262262987e-05,9.220417808426473e-05,9.224727632621125e-05,9.219895847051536e-05,9.218015770989747e-05,9.200287985370486e-05,,,,,9.213789007888644e-05,9.208855723470656e-05,,,9.217604831357586e-05,,9.220887951985053e-05,9.199633375576951e-05,,9.206635962875464e-05,,9.195273066684032e-05,9.212670845014713e-05,9.225756950720018e-05,,,9.2088975507039e-05,,9.203268724567159e-05,9.199260685360809e-05,0.13651123869569934,0.13666367557342138,0.13723095858346654,0.13683277967636903,0.1367922703242809,0.13746302302885025,,,0.13680193032334034,0.13670602323293063,,0.13675539764336017,,,0.1363886717768607,0.13711479631479911,,0.1369425873840021,,0.13696817815114237,,,,0.13685389873611267,0.13702480104558673,,0.13648770196133253,0.13666842794203513,0.1366122420809287,,,0.13652255461309382,0.13734085815313088,0.13725632957490055,0.13701851004574062,0.13673288181926324,,,,0.837806892047246,0.8382112744377969,0.8373142408720535,,,0.8387490500530572,0.8364380867646101,0.8358895544634093,,0.8379914279470533,0.8381581770696317,0.838826349943684,0.838371040634858,0.8378278144260919,0.13648052032165287,0.1365162907731125,0.1366267606108514,,,,,0.13696211963560526,,0.13680544503581019,0.1365789356049299,,0.13496916896889252,,,,,,0.8367161207255378,0.8401553691527198,0.8385707272585756,0.8359614166716945,0.13674068662092867,0.13673458214092615,,0.13690157503891773,,,,0.13694628375084342,,0.1367753863561306,0.13687538385274767,0.1373407934841089,,,,,0.13699590002852072,0.13655689747071192,,0.1366659163758425,,,,0.13698757101528397,0.13700133733221084,,,0.8395778670732594,0.8377072581104983,0.8395967711324687,,0.8394365330578587,,,0.8397375544332729,0.8384740018439205,0.8403754855785923,0.8344760934970511,0.8356586516605908,0.8375042142523983,,0.8372552075817066,0.8356912536251678,0.8368936851609147,,,0.8387072545155361,,,0.838745068216295,,0.8364782419489467,0.8383071627814395,6.936578930442524e-05,6.941506582215159e-05,,6.927606477207822e-05,6.935464295305205e-05,,0.10976488580918647,,0.09070573307901383,0.0903065522302643,0.09046817430712861,,,,0.1721893913610226,0.1720319003677758,,0.1715674762420255,0.17240135864009098,0.1716146479679179,,0.17202905001246804,0.17166846240116546,0.1721787000488003,0.17214494217752588,0.17188837826975528,,0.17208218943821998,,,0.17192177860194283,,0.17126373081767782,0.17215247844787143,0.17160450150815137,,,0.17217743782884473,,0.17203773212841386,,0.17186857870599034,0.17243013753632594,,0.1714250376146889,0.17187408674349877,0.17217808782986999,0.17229091612386016,0.17202506737372564,0.17247290228471027,,,,0.17171815776168786,0.17243031883921967,0.17253798694493175,,0.17201957340231047,,,,,,0.1716207267834568,,0.17217091768792878,0.1726387768943433,,0.17183956379538062,0.17183135474468292,0.17203501646471817,,0.17226928286359958,,0.1729385046856345,0.17224594673968427,,,,,,0.17209205884527934,0.1727793491774377,0.17178040485391743,0.17212844186650622,0.17177314605467212,,0.17233441680236603,0.17236820621714954,,,0.17244247626759412,0.17286713949762778,0.1722974497834674,0.17194366435534525,,,0.17259608076302296,0.1722232558901696,0.1720139804587393,0.17236198325967245,,0.17195655930726494,0.17222839126792688,,,0.17208016691365444,0.1725422666967415,0.1717644060494305,0.17194657598246157,,,,,0.17221434508437877,,0.17240114209883,0.17160389430358214,,0.1720680620393606,0.17154356957077627,,,,0.1718300109435072,0.17228429841117882,0.17191107145177792,,,0.1720916660511485,0.17199144060049285,0.1716239819030377,,0.1719574831670203,0.17204483541149995,0.1718746790853938,0.17242645892468328,0.17233486135580556,0.17206308344703103,,0.17214307408330715,0.17192493598159148,,,,0.17190865712078565,,,0.17222789021303375,0.172026164601729,,,,0.17214893681137688,,,0.17181055875881943,0.17207427356573943,,0.17199700534280762,0.1722057079834788,0.17202673672004992,,,0.17246342824206606,0.1721634066401777,0.1722518178281604,0.17177255182705398,0.17224027353385984,0.17184727580850412,0.17265820661203785,,0.1721710109899578,,0.17164013197970776,0.1722714187167665,,0.1721455735411261,0.1715185224594579,,,0.00011863315989676534,,0.1133281742321259,0.10952560653315595,0.8976947873330052,0.22268805517757506,,0.18905680967720895,0.18862328241851764,0.8718702575948194,0.8713666803195738
7,5,DG_10pct,20,Z05_F07,5,LL_AB,282437,283952,True,7958.027038323136,7939.62552718015,7967.291133028647,8130.544439380483,1338.0871478161168,149.51314682040334,132.66411006370151,495.5308518315768,513.6231809037043,355.8991200838077,357.7459978092076,169.10878053705855,54.805418551928874,167.18457685366613,175.9789634692852,149.1425470198617,114.6169684869571,20.072633877897946,211.9373168167428,157.63567525685505,0.5117703955628854,0.5101916247140108,,,,,0.3851163695353009,,,,0.1832668976850505,0.22220019179598793,,0.2229695433997339,,,0.18724094434976563,,0.8735443802561235,,0.17288026922984226,0.17238947190707865,0.17227691175526813,,,0.17254447756916036,,0.1710348553109317,0.17108807471783885,,0.17250913577171745,0.1725369383581044,,0.17233485519384517,0.1727127663214118,,0.08894200189475591,,0.08914472611722694,0.058046863550161296,0.057778487301984205,0.058062884729696854,0.058179321914602594,0.05810322218507707,,,,0.05807416768889976,,0.058136435575553806,0.05815557699076863,,,,0.057974241170222256,,,0.05515473162560511,,0.052952681839346295,0.9110647113670493,0.029117342969873873,,0.029166645057923515,0.02917790418827557,,,,,,,0.02913029382262012,0.029125001539602586,,0.029128179815502843,0.02919028128090008,0.029130892637487835,0.029186032527082396,0.029005901682036875,0.02905671396295279,0.029090820481725448,0.02913470155011477,,0.02906640329091404,0.029080458124893988,,0.00010756927957639198,,0.21205529043033328,4.998486860128025e-05,,,5.139771946658475e-05,5.1380403495822806e-05,,,0.21331299762584469,0.21373182578763983,,0.21277291639337523,,0.21348836057929932,,0.21298635178649342,,0.2133518924334825,0.2135773555337511,0.21340633792211586,,,0.2135453499923267,,,,0.21325640280753355,0.2131932276783554,,0.21363837959461612,0.2139636356827365,0.21281193862781098,0.21377465720472644,,0.2139560738662507,,,0.2129014342974954,0.212977727666166,,,,0.21347755325001103,,0.2136486543446706,,0.21249179904716783,0.21303548167367792,0.21305108246628268,0.21314062031571623,,0.7647905893024426,,,0.762500229900559,,0.7637629138459244,,0.7649951470711159,,0.7641386301997833,0.7627532724128834,,,,0.7665466337252265,0.7663972064900101,,0.7638787279224665,0.7631871440911048,0.7625148237802786,,0.7640707788723137,,,0.7639773979247357,,0.7640506542170821,0.7643047691092986,,0.7621451838153729,0.7634076214627062,,0.7647359272069832,,0.766012875904176,0.7630963013104739,0.764341274909384,,0.7634116706385629,0.7621243559215174,,,0.7623380871467168,,0.21340341317361647,0.21385191872865403,0.21369615643699308,0.21270745340622618,0.21323226300126327,0.21324735299827752,,,0.2135692912622696,0.21352641240774875,,0.21342593173143498,0.21349470942613316,,,0.21334753599431297,0.21331986222797952,0.2135541004541783,0.21310968496687355,0.2134896570299042,0.21370439787966075,,,0.21292194458986521,,0.2130278388186059,0.21335378528674692,,0.21336654973555835,0.21345502216340562,,,,,0.2135058413454135,0.21339314060195694,,,0.21275819244063993,0.21321240578633802,,,0.21358376279890873,0.21346670951058597,0.2138263538659847,0.21322136164738884,,,,0.2132617058955981,0.21300896536970576,0.21388027467995896,0.2133008864519563,3.5775031809111804e-05,,,0.1817377979911764,0.2089628616197484,4.414150285068336e-05,,4.410328783451127e-05,,4.4175959555899314e-05,4.4180237700808425e-05,,0.1674782214675405,0.16679364356390294,,0.16736776570091186,,0.1668200607592464,0.16732016263017455,,0.16745841377725323,,,,,0.16701214793734792,,,,0.16701547857900773,,,,,0.16709841506811346,,,0.16705982725197546,,0.16679335337535312,0.16658254716515689,0.1668956064667155,,,,0.16701181587972042,0.16735413177448066,0.1672902413855618,0.1668393360528795,,,,,0.17663365088967084,,0.17715012309094638,0.17741054743596862,0.17693421783869548,,0.17745232981613135,,0.17731583728234557,0.17748274092101965,,0.17711594547773213,,0.1774431967963683,,,0.1778076782148837,,0.1770614121137674,0.17753614690292677,0.17713707534719195,,,0.17678561747204113,0.17770114786195423,,,0.17708448628958318,0.17764434670758106,,0.8093789043135993,0.8093277428125595,0.8100561491515601,,,0.8110979589531334,,,0.8090968868024926,0.8094373358021655,,,0.7986523438842176,0.800034004665085,,0.7991225695481747,,,,0.7981829739507038,0.7979269231806416,0.7986010098294514,0.7953577915461072,,0.7981314954754346,0.7978198698377784,,,0.8088612804154311,0.8111895305664503,,0.8091227179632203,,,0.8083131393960815,,0.8116920313399312,0.8083289205818248,0.808827711029978,0.8096112074178665,0.8101326783614973,0.8114676222520888,0.8069441233391283,,,0.8083477245767738,,,0.8085109289495385,0.8109846579884044,0.8090666091547252,0.8100712344063548,0.8078276789724552,0.80953642620789,,,,0.7978515250105886,0.7995193687903185,,0.7997384352619205,0.7951451210810866,0.7992327129700042,,0.797615879330335,0.7978346872714371,0.7972738254079053,0.8004012851841481,0.7978668940080375,0.7977833539928396,0.8001818920570282,0.7980351336099951,0.8006081298102856,0.8002579240148325,0.7985280542561937,,,,,0.799464613445971,0.7985692292519136,0.7995316037685649,0.8007484614904253,0.7985544767873384,,0.799968834905174,,0.16678300389210698,0.166526564618244,0.1666314864349369,,,,0.16495532248096348,0.16438003082777894,3.5416942646700065e-05,3.542617399016406e-05,,,3.547950947285021e-05,3.551690937194077e-05,0.21370335059932066,0.21331101771058708,,,,4.4154389342957334e-05,4.3548324677354796e-05,4.337180189188709e-05,4.3427588364135925e-05,4.246498605108687e-05,,4.236396752944583e-05,0.24841246059695185,,,0.26613388058201803,0.26512453575403644,0.7282293189571354,,0.2729258658368115,,,,,0.278327721082411,0.2782868016209509,,,,0.2851595698155118,0.2859131255088874,9.155265492562843e-05,9.143007710589916e-05,,9.135621152121977e-05,,,,,,,9.137458311477035e-05,9.132362295683203e-05,9.127343806737021e-05,,9.109911890668746e-05,9.123746134880225e-05,9.124701916834764e-05,9.154863224859418e-05,0.7230524582846427,0.7209225948135771,,0.7214899773393055,,0.7202420189176116,,0.3068976809292904,0.3062146608472757,,,,0.3060536320692327,0.30530149067369367,,0.7211884613707248,0.7190112473098682,0.7200235043027953,9.19890117830189e-05,9.199016573282595e-05,9.200149065520946e-05,,,9.2076871792421e-05,9.23320610225687e-05,9.199219795116828e-05,9.20220937959264e-05,,9.217606193001971e-05,9.202960750768536e-05,9.196009465867988e-05,9.207859736568248e-05,9.216430323138248e-05,9.208939427457077e-05,9.18073030417114e-05,,9.212650820482991e-05,9.20196403869076e-05,,9.199303589680326e-05,9.193202182636985e-05,,9.231259417376999e-05,9.19714534655373e-05,,,,9.210931997833789e-05,9.204218874826128e-05,9.207364504456123e-05,9.212002951199432e-05,,9.240366738608633e-05,,9.191904835724967e-05,9.183677676369791e-05,9.236130447721607e-05,,,,9.202821552082473e-05,9.23210969163433e-05,,9.216693866098862e-05,,9.237691894021549e-05,9.203830123912922e-05,,9.222464603836811e-05,,9.227588125652151e-05,,,,9.218132269090804e-05,9.196109409631374e-05,9.21209150356896e-05,9.207423877551595e-05,,,0.13643932164548886,0.13681156250066412,0.13662407567107684,0.13660650995825455,0.1363596690016058,,0.13657085899643495,,,,0.13692445146173304,0.13642106184048453,0.13677152209058424,0.13670324738133913,0.13722717895848394,0.13690708722454792,0.13701937797082758,0.13724334320831164,0.13693943466334443,,0.13683409456131215,0.13700326819162892,0.13698042501828617,0.13698480008770605,0.13661525645448272,0.1365399178173747,,,,,0.13700588733918617,0.13723617664656698,,0.13714828197186935,0.1369327574076303,,0.13670504361804395,,0.8373519857648295,,,,0.8359798653478747,0.8317976763686589,,0.835593435102513,,0.8358067733100256,0.839601249608333,0.8374662099790452,,,,,0.136814324129612,,0.13731427559639728,,0.13678014494788043,0.13675977632335984,0.1367798532639391,0.1367256593979425,,0.13480769238771392,0.13683027930743064,0.13667612510569513,0.8390729860364401,,,,,,0.8378897695658046,,,0.1368965052000889,,0.1367052886826909,0.1367752138776468,,,0.1370214469533332,,0.13683429968104285,0.13666785993271624,,,0.13690491593760934,0.1369037225767839,0.13685508402859867,0.1368754186769508,0.13696845755171363,,0.13697193877581135,0.13699153402186828,,,,0.13670024153290875,0.1368383225773437,0.8388198824733362,,0.8392884667306216,,0.8379225970788035,0.8396091241832755,0.8405420558478278,0.8414764379485317,0.8378359983456588,,,0.8341736600504834,0.8373003362406671,0.8363388229337264,,0.8365752355581749,,0.837702194779675,0.836804574804641,0.8356314550361972,,0.8384631621410238,,0.839870037632743,,0.8381881937334665,6.932913146098718e-05,,6.923933351564315e-05,6.930878116297679e-05,,,0.1096737253403286,,0.09042675867979989,0.09035218967289084,,,,,0.17199693637243477,,0.17223487513654284,,0.17209757666516698,0.17228454180432518,0.17192658415970166,0.17244471843895803,0.17210969164111803,0.17282568954514024,0.17229659025687472,0.17226173235931508,0.1720121611829412,0.17148828523108142,0.17225335155966878,0.1722583347582433,0.17180529583684856,0.17245313237216436,0.17206285731787818,,,,,0.17163298958889378,,0.17244488422943707,0.17225472333521233,0.1721874707436087,0.17203123719655156,,,0.17201138399652707,,0.17150609980702755,,,0.1730317698604103,,,0.1718748162618718,0.1719045014856581,,,0.17202318419452736,0.17252847114938671,,,,0.17255382160713045,0.17229384494545322,,,0.1722505310633539,,0.17155163895822556,0.17245366608924156,0.17239730902083678,0.17155071277869643,,0.17187859886793352,0.17214813962600858,0.17204519874478794,0.17191882210911363,0.17145425664627945,0.17168531042217858,0.1719247292997179,0.17188935344468473,0.17178741878981602,,0.17247798319629418,,0.1724721611856298,0.17195306110719077,0.17189120663713145,0.17216636270131344,,0.17203400899845497,0.17279440040617766,,0.17240573376811372,0.1714854697263064,0.17202838024898812,,0.1722614918190862,0.17256508578226532,0.1723000100643964,0.17258732015495026,0.17231670829204315,,0.17217675112728026,,,0.1719152225291301,0.17246518507195213,,,0.17200593021678834,0.17187645229875967,,,0.17212513607080265,,0.17143337550118878,0.17240726710062299,0.1721141842900935,,0.1718482527959668,,0.17200595776373548,0.1721565161922218,0.17142952875044182,0.17183998555093208,0.1720965776036043,,0.17230955009721569,0.17161653704313706,0.172020522857622,0.17203522912273303,0.1719937830985994,,0.1717949021583596,,0.17250391954408315,0.1717206817101325,,,0.17141989317003273,0.172078223468829,0.1720397918378801,,0.17198775306173517,0.17262730096913667,,0.17200269452379002,,0.1712605382519911,,,0.17177091786345028,,0.1723230122336374,0.17224122007794626,0.17255875342679677,0.1717201433465767,0.17140673648243415,0.17242854756725443,0.172537406254263,0.1720003659622108,0.17202491435655634,0.1722862961229078,0.17203693835538839,0.17208380010381294,0.1717526568640256,0.17223740963312856,0.17225432214992717,,,0.17167721824462612,,,,,0.17149152364984688,0.17194885528936632,,,,0.00011861805541634784,0.00011847600631875767,,,0.8963203326513602,,0.2232657999532429,0.18926579574116506,0.18912985290831053,,0.8730654828498684
7,5,DG_10pct,20,Z05_F08,5,LL_AB,157165,165495,True,7509.298320461337,7474.574231767336,7593.19664260956,7705.14405560404,1392.8283877345184,158.06302445281753,139.04780295431678,520.4887738784395,517.1006686569882,366.815052567179,366.08244035012495,176.20652311299662,56.73616196667289,153.91423503852647,161.60801662914216,157.56308852829562,119.10786609996968,20.16348127277773,222.81065306758586,162.79082570948282,0.5297731222280196,0.5316764620451881,0.5305119660206553,,,,0.4130044203443548,0.20685377134533992,0.20688913087820776,,0.22254515833911773,,,0.2611981186417181,0.22676785919385845,0.2259967076873712,,0.8639559482819897,0.8599751884344922,,0.20730634947576204,0.20739425071620046,0.20693892883537748,,0.2070765270604492,0.2073055846827917,0.20588191071796913,,,0.20743488117993567,,,0.2071653155106115,,,0.18931980049651798,0.12900547048064956,0.12909950414715116,,,,0.09966446847906271,0.10013602705500156,,0.09979542882665787,,,0.10050445468018543,,0.10018134729823058,0.10002858214296048,0.10018659709261789,,0.10028460835857685,,,,,0.10602767187917414,0.10279032877020243,,0.08184015243812466,,0.08194330206584335,,0.0818898048659844,0.0820384297541651,,0.08173835099618516,,0.08185306300536481,,,,,0.08189555061547583,0.08192182462383577,0.08204766003039791,0.0819720316863336,,0.08188476659573292,0.08174797403774466,0.08179782064268247,,,0.0001129253164459903,,0.00011272578421531626,0.20287223056003384,,6.484917825001051e-05,,,6.697984292025009e-05,,,0.20457863282194125,0.20397171492934468,0.20420601291452306,0.20465522628459126,,0.20363275448818655,0.20473081697346976,0.20389765162645662,0.20416199947538594,0.20440776477948014,,0.20451700018126928,0.20385895308124513,0.2041387078102414,0.203868255288807,0.20418920981456817,0.20415217889546053,0.20404879747545918,0.20374322704441553,0.20374829800995742,0.20345256850047572,,0.20358914667580572,,0.2040058066551288,,,0.2043380624838629,0.20413150714906192,0.20345577592909928,0.20371929498547592,0.2041495841161648,0.20387467513434107,0.20347864125573284,,0.2029630123340865,,0.20341086269554487,0.20460221178073013,0.20361060779761814,0.20402191286546362,,,,0.7659869990031287,,,,0.7664365325900643,0.7644729354907115,,0.7669848170390091,,,0.7704159902303394,0.7657846784013687,0.7672749392464793,,0.7669592007764783,0.7671015098771651,,0.7672556930625046,,0.7663522083056518,0.7663080023029885,0.7673050496510422,0.76631587519041,0.7664180272405879,,0.7660980532239144,0.7637132905857602,0.7665496941506194,,0.7655049139841382,0.7674589574288072,0.7660589029969538,,0.765972421419517,0.7666763128709764,,,0.7665356510032949,,,0.7663067929085636,0.7645087684087708,,,,0.2035453166317415,0.20400712940146723,0.20366300368048296,,,0.2042614212451245,,0.20420695098812913,0.20366312021634478,,,,0.20387907048778323,0.20404944916369155,0.20387479270323647,0.2039925331760636,,0.2047207944762134,0.20318102177410213,,0.20373386277767963,,0.20393159330764005,,0.2036985149133958,,,0.20387586511374112,0.20332079051811244,0.20378212073007299,,0.20337748130223865,0.2041230726602585,0.20347487468036124,,,,,0.20446606740466905,0.20394184335483795,0.20406562996021377,,,,0.2037782525434704,,0.20344548124175135,0.20346412945558362,0.2043901299675963,,0.20394461797383853,4.841522966019443e-05,,,0.1700301601137897,,,,,5.790059364945595e-05,5.8081076641298595e-05,5.7985276342889775e-05,0.15473383122131268,0.15485378150079268,,0.1546096741344159,0.1545232178718169,0.15523943904651435,0.15549374485568646,0.15513141836544,,0.15452576887042496,,,0.15506672089195847,0.15491732529617858,,0.15494826829557876,0.15514755819851334,0.15505764984527484,0.15520038320200877,,,,0.15494365566474205,,0.15454520008540656,,0.15503499240451551,,0.15495581929720254,0.1547491436922637,,,,,,0.15465322244026364,0.154853644393849,0.15479253058410072,0.15414743979061993,0.15525186752971384,,0.16582661574279972,0.16570072375381367,0.1658024627122131,,0.16610290189369567,,0.16582580419530563,,0.16522909142834533,0.16552159139830327,0.16570238645575575,,,0.16604861685946368,,,0.1653075918718897,0.1656114439728675,0.1654720538089518,0.16609692156386804,0.1654434680977454,0.16499879774140258,0.16566889214340133,0.16611591773142656,0.16584922318400647,,0.16528483543750064,0.16537571100429424,,0.16549232927293264,0.1652634229207765,0.8148791763492713,,,,,0.8163002996244133,0.8186016732631015,0.8155407890472365,0.8161885931830071,,0.8161155560297776,0.8049381598054681,,0.8017392026890433,0.8026948111420792,0.8041592501885423,,,0.8045388788791622,0.8049820855791407,0.8040101017210254,0.8028080647412803,0.8035279716762589,0.8024058211108294,0.8014653137877878,0.803116120360084,,,,0.8115556716741334,0.8145879576923526,0.8155985859583467,0.813687909998214,,,0.8134094876088038,0.8152387100117722,,0.8154890360024792,,0.8163289006449469,,,,,0.8150146050566199,0.8145426450106554,0.8165216494030516,0.8156546713246812,,,0.8135154064899387,0.8147243743263267,0.8153314127274179,,,0.8154632155709117,,0.8047825335669326,,0.8031867397124718,,,0.8043264086249828,0.8048853144604975,0.8049750288512431,0.8009293906044825,0.8026320795849368,,,0.8035692620171583,0.8021955945529226,0.8033166542993876,0.8030368230461915,0.8033410409126862,0.805346277400366,0.8045396218192172,,,,0.8035820236180801,,0.8043236345638854,,,,,0.15466340022645791,0.15391010709841196,0.15423991047446056,0.15241146604292355,0.15238939235974946,0.15179610835391136,0.15245543308396448,,,,4.790234291313851e-05,4.800111432827189e-05,4.799876988007288e-05,,0.20441427516850325,,,,5.829963878403662e-05,,5.762770473208097e-05,5.758220078460417e-05,5.750338558782041e-05,,,,0.24075986754011852,0.24045098935746334,,0.259464998822995,0.25884840053957753,,,0.2656820000250156,0.724383163988939,0.2721572670648395,0.27178352287467283,0.27189097490044883,0.2723409691007349,0.27210509790532517,0.27224749441020696,,,0.27948369277527657,0.2808145902937612,0.00010825651715730418,,,,,0.0001083252305585852,,0.00010843631552338147,0.00010868040152132945,0.00010876274021165326,0.00010856682483466193,,0.00010838936137917045,0.00010850314855549034,,0.00010826887013088306,0.00010860735626735466,0.00010849909753569457,0.7186421055779599,0.7164658311759473,0.7170017319716105,0.7196424503084232,0.7172097385186504,0.7195576259849928,0.29990058876562803,0.30150052470050376,0.30116672349734896,0.3019964358317945,0.30007197941585,0.3007061619975902,0.3007695898864865,,,0.7176238711137611,,0.7173788859832272,,0.00010949412234152786,,,,,0.00010953320343214907,0.00010989318099938166,,,0.00010992925344883697,0.00010975236172491829,0.00010985425558793192,,,0.00010943254859933556,0.0001091785890898015,,,0.00010971988887402125,0.00010949776288346977,0.00010948174139921876,0.00010967356703414623,0.00010939286860676674,0.00010951496964334806,0.00010972100241971665,,,0.00010925090184355959,0.0001093289007982228,0.00010971207810274114,0.000109497507861908,0.00010987360417037365,,,,0.00010967984609097882,0.00010920529142528601,0.0001095069329100494,0.00010936846636401942,,,0.0001097557428312203,0.00010952259255269018,,0.00010923393620653876,,,0.0001094500818137925,0.0001094193434304816,,0.00010934321714819253,0.00010962232914091682,0.00010961449393659879,,0.00010939369833008895,0.00010945971963333981,0.0001092655892777893,,0.00010962580130384903,0.12337321168211796,,0.1231747956519069,0.12291211132151943,0.12284973891934596,0.12296246500565879,0.12296485180463711,,0.12332479339722656,0.12321195655567406,,,0.12325158882867322,,0.12319863045979065,0.123058783566762,,0.12290456033052438,,0.12350137197716768,,0.12275272416142242,0.12345879429349207,0.12323693232384422,,,0.12310365461904725,0.12313009640354819,0.12322705040834694,0.12258662661275466,0.12305396799214843,0.12346305490665012,0.12351671675267835,0.12323854687225345,0.1235152192367713,,,,0.12343420333588354,0.8456603559247514,0.8446083231083081,0.844748122420259,0.8472922646609349,0.8457238645971614,0.8444397702525883,0.8437721475793533,,,0.8453817656612284,0.8426730223205023,0.8455865381683675,0.8462440762275701,0.8435119323315468,0.12325890519388835,,0.12294344017730774,0.12308047297905303,0.12329235725984188,0.12291101886172928,,,,,0.12297678814455532,0.12326510442757366,0.1217920348573685,0.1228794206823043,,0.8473711053556092,0.8461086354489422,0.8457597894179356,0.8454374937123555,0.8461734213171962,0.8464580310461489,,0.12304950013976487,,0.12346869508750112,,0.12330303733286074,0.12331683664934441,,,,0.12325190989019855,0.12340072488788166,0.12334233577518033,,0.12326587122849772,,0.12307781731395208,0.12332082725069601,0.12326406355008603,,,0.12309443305286291,0.12293514125339523,0.12326301894999966,,0.12357180927500701,0.12329101395851802,0.12326993755433141,,0.8488270259244152,0.8488398743246854,,,,0.8444465884798664,0.8463468363265177,0.8487278685262574,0.8463991230640371,,0.8423873503112203,0.8443031698859497,,0.8465357793559579,0.8456313124043975,,0.8456373686722605,0.8443785478914931,,0.8453174027221669,,0.8455288572569165,0.8442260472117333,,,8.506605911598804e-05,8.487987697799748e-05,8.502057014227094e-05,8.503552587733373e-05,8.511042566525209e-05,,,,,,0.13110634323674125,0.28766372980574806,,0.20713853872649843,,,0.20688308863297464,,,0.20735448956750355,,,0.20621784241872523,0.20715839692284144,0.20651934057864715,0.2070025190996753,,,,0.20712946676343297,0.20654105784252927,,0.20631920050152486,,,0.20661551847729268,,,0.20683567911394093,,0.2067303358816104,,0.20662725856253372,0.2069492280037066,0.20705428562227643,0.2066599017138754,0.20702513916102996,0.20627372095756855,0.2062414836117333,,,,,0.20718353384102264,,0.2068178583455443,,,0.20751376295942292,0.20684708889453735,0.2072801168043901,0.20746760300885225,,0.20739942983692095,,,0.20713155027895064,0.2066797143836916,0.20689431735777425,,0.2064646586968797,0.20749556191550445,0.2069378819254338,,0.20714202568565548,0.20661167194515628,0.20669590648472402,,,0.2070247719094918,,0.20693760594389432,0.20772627715704786,,,0.20698491284410434,,,0.2068840583319554,0.20670054159096282,0.20681495054810223,0.20708829797385633,,0.20687252892230307,,0.20681785260495203,0.20693149606489036,,0.20665232946746828,,0.20763823267302234,0.20723604603243503,,0.20718597386382673,0.20651405279134455,0.20716348978418722,,,0.20683304408152386,0.20711996495589427,,0.2062575697920648,,0.2072895373584404,0.20684432081953055,,0.2065274022338593,0.20713874680026267,0.2069822013877067,0.20735206009644694,0.20675161088088004,0.20692955272769642,,,,0.20697888829663058,,0.2072142036544732,0.2068931030169523,0.20655464196033313,0.20666485158460315,0.20689249157065334,0.20694952280673684,0.20678006193974152,,,,,0.20741535556628918,0.20639691794786794,0.20752463601548554,,0.2071239275090963,,0.20765722281349508,0.20724610517655148,,,,0.20660397433736738,0.20692802109297162,,,0.20774240564102198,0.20676692885462364,0.20710354215269455,,,0.20736973546204987,,0.20730100655549288,0.2068254906344691,,0.20688795061240559,0.20699734277906878,,0.2074013452834368,0.2070729328428007,,,,,0.206762074120946,,0.20708628395620432,0.20714481745845117,,,,0.20741671435970616,0.044156089726297525,0.04417975287043637,,,0.15519408996812611,,,0.262670041384119,0.22907304984934854,0.22882395781671264,0.858695107884558,0.8565372222290409
7,5,DG_10pct,20,Z05_F09,5,3PH,282438,283955,True,8125.208910753779,8150.579442523527,8111.0504723032,8153.5833756531065,93.36326746259132,5.8826326437815935,5.942306473528713,55.85298748043179,56.053600447672736,42.328380074598854,42.313444966861816,21.026160998952857,6.974501320337773,18.568571287481735,17.385988005555696,5.972744941116419,5.361478953683083,2.027274521367406,10.694944840839428,14.110277284233618,,,0.5399060148931462,,0.5407875856983748,,0.4016051915606132,,,0.22761083785000902,0.22711832013090097,,,,,,,0.23020133823656933,0.23018267969948286,,,0.22800620321075296,0.22757795901998465,,0.22787994200228018,,,0.2255559176461127,0.2259576503493072,0.22848332543282734,0.22823753342199857,,,0.2284569355656026,0.22863184854313812,0.16814674736561633,0.14185622684143054,0.1415396785878322,,0.11662245604502017,,0.11624254450288088,,,,,,0.11659151899001534,,,0.11652596257912108,0.11644144857680612,0.11662607253556645,0.11672266497345377,0.1169449550249222,0.1169099931720179,,,0.10543676986076103,,,0.08846679605035287,0.08878852301487673,0.08859765246385132,,0.08863338218555751,0.08872545095359981,0.08848467772232546,0.08864430872724924,,0.08899559727431149,0.08839871485987269,0.08832073688209591,0.08841701037329376,,,0.08866895966065218,,0.08855003958686472,,0.08855608979003779,0.08850099996069517,,0.08891424048313555,0.08856470729139723,,0.07158481665061853,,0.0752339179318937,,0.07483995927204108,,,0.07466059122176007,0.07459721861992594,0.07560378513525612,0.07565454538137653,0.07558961032394368,,,0.07570374353525641,,0.07575405973555105,,0.0754269918265829,,0.07568479240932542,0.07562927204443498,0.07552281204760848,0.07564933096084261,0.07581321739007668,,,,0.07572797267459438,0.07567935060375294,0.07555721177024294,0.07581662625752315,,0.07579787281740505,,0.07577534311253424,0.07560464859856009,0.07563746969563856,0.0756905276785683,,0.07543441480967168,,0.07559699678429356,,0.07526035660346823,,,,0.07545104513429614,,0.07535771101115742,,,0.07555108102875056,,0.07530837208181553,0.07548991613027856,0.07553937846837441,,,,0.07542389888130667,0.0757010998305881,0.07568959508173183,,,0.07550126851508249,,,0.07575379168723313,0.07563561479354487,,,0.07534081493965661,0.07540201089056169,0.07550628125517878,,0.07578639465228905,,0.07547130265836487,0.07551075859913668,,,,0.07560367817601218,0.07531494070958315,,,0.07534195670795214,0.07545572951007311,0.07557881638303192,0.07532703374227159,0.07549063303480921,,0.07558690778344039,0.07551782042121057,0.07542302088642235,,0.0755276910291247,0.07549714088577866,0.07564980393481056,0.07565455335516129,,0.07547327846322655,0.07567641528757975,,0.07580326222490959,0.07575280579256392,0.07568733788500064,0.07570806112747702,0.07535583169049925,,0.07554865483058266,,,,0.07562038651239682,0.07565702955778907,0.07548735935457852,,,0.07559091200522504,0.07561321637740072,,,0.07549640612418367,,0.07547645188224082,0.07540339471709903,,,0.07559907599241743,,0.0756034267007978,0.07571369847350566,,,,,0.07553623042794097,0.07555064136581063,,,0.07558079807573291,,,0.07574658812996084,0.0757724435681471,,0.0756291545062527,0.07297780209161787,,0.07266990180815072,0.07547363424930906,,0.07510046038083894,,0.07510700935237116,,0.07514724361659805,,,0.07542941573249828,,0.07581027184160259,,0.07549705906900976,0.0752316702392748,,0.0756574705790619,,0.07561405013453612,,0.07571502628838785,0.07547544428882025,0.07545359035743486,,0.0755608889638474,,0.0755035656367588,0.07533974284259345,,0.07563044100012742,0.07543539128882054,0.07551372757482508,,0.07555903647002957,0.07547727014516352,,,,,,,0.07550989481818796,0.07569775232755001,0.07524144996231472,0.07538633654120593,0.0754714504709608,0.07544568098805533,,,0.07525107649415562,,,,,,0.07558980414139323,,0.07574434963574625,0.0754370458110105,0.07570545789289083,,0.07555271319229451,,,0.07563713376239413,,0.07555469018606144,,,0.0756224829023562,0.0758140070007164,0.07541904222667838,0.07557526211634685,0.07557131678186425,,0.07522032470483571,0.0755717145192513,0.07546823831268662,0.07546099966405834,,,0.07541671847057434,0.07538223720814691,0.0753237814751719,,0.07542631224146136,0.07545389786688732,0.07526517466124455,,0.07557813288448091,0.07530246548465451,0.0752761944800297,0.07502490703293242,0.07558610100971665,0.07541215962604625,0.07534822247522364,,,0.07516721635926728,0.07559248152867948,0.07544892930391787,,0.07508799290221561,0.07525412396343033,,,0.0753343772034038,0.07513063509342284,0.0754338285097504,,0.07536595848283634,,,0.07527972479221345,,,,0.07532793334579382,0.07531689078890218,,0.07540840490204628,0.07534203803242279,,0.07522832416359886,0.07547965645104704,0.07533708055455579,0.07528392382205956,,,0.07527278462115276,,0.07530014566164914,,,,0.07532553276702271,,0.07545820617510667,0.0754170539849662,0.07506461328302035,0.07532397871673754,0.07548354158983174,0.07522789834141717,0.0753183261418699,0.07539427544372777,0.07532410076949725,,0.07536426443810948,0.07543436563152517,,,0.07525800530330728,0.07540071830061669,,0.07523327725908407,0.07545059500999628,0.07517602225500872,,0.07553903262872388,,,,0.07549244096637919,0.07544759954082733,0.07532044820463206,0.0754709378539875,0.07557659239884829,0.07575848383608025,0.07539583945851654,,0.0753216806040247,,0.07529219084228922,0.07558445309762113,0.07561330681119685,0.07395078921369184,0.07401574662775894,,,,,0.07553682772973573,,0.07547998045762531,,,,0.07347945688543533,,,0.07130766327654756,,0.07148960932224566,,0.07606440974952369,,0.07689464439487714,,,0.07752665077625036,0.07745943263990143,0.0770927975215259,,0.07785462605549576,,0.07765130675312866,0.07764050403035493,,,0.07747529531545161,0.07833952488829511,0.07834827487005391,,,0.07739771767766619,,0.07774075843606515,0.07766551610147343,,0.0775485326965206,0.07778296999608184,,,,,0.0773056989259113,0.07746569107705237,0.07759515491360292,0.07769710065181853,,,0.07916933919959888,0.07910270776514715,0.07912984434127589,0.07917603869846346,,0.07948953485922203,0.07942618386162283,0.07965153742098317,0.07952080918383309,,0.0793095444930117,0.07925878745884452,0.07950575151829571,,0.07927833280219418,,0.07908843620217439,0.07908940542422828,0.07937878924382813,0.07905465928252334,,,,0.07904251727614758,0.07903021370711551,0.07900935776252381,0.07897142669018224,0.07891692978000224,0.07905960406435464,0.07887521736617607,,0.07938689091120756,,,,0.07903406923936546,,,0.07929909765272176,,0.07888439061673976,0.07910226808863292,,0.07917257603387971,,,0.07903886865585225,,,0.07898320303089897,0.07906781342979351,,0.0789743129445008,0.0793210819014006,0.07913928523714914,,,,0.0791093802412495,0.07899940379678387,0.07891341601536626,,0.0790926305423341,0.0791569666357734,0.07920549161184168,,,,,0.07916970797519976,,0.07927094847203105,,0.07882326723042109,0.07915125514859161,0.07911887912453441,,0.07544372932058424,,,0.0752312572541156,,,,0.07549301570614399,0.07535937632032423,0.07545994633654483,,,,0.07556674975905646,,0.07521215538662167,0.07542480318875434,0.07531870117996779,,,,0.07523524079676719,0.07523521108595217,0.07545666117126192,0.07530777495193026,0.07546576149682496,0.0753530850254988,,0.07509875766736682,0.07548846791614741,0.07511527054117215,,,0.0755248364479102,0.0753741823085266,0.07523982037524968,,0.07562936800457994,,0.07508367288646398,0.0749204099959688,,0.07514457092411947,0.0749305764071158,,0.0749784180448117,,,,0.07524027948188276,0.07527437982386995,,,0.07534316449584451,0.07503656632122137,0.07513495851325086,,0.07543656085637138,0.07529894341179531,,0.0752385161410262,0.07549696317413113,0.0754027729632209,0.07513323394043468,0.07538798814042849,0.07421965732111979,,,0.07519700077363486,,0.07510667716608882,0.07525100142796022,,0.07489163170535648,0.07521358689440881,0.07536126771789692,0.07562597060902508,,,,0.07540961847267388,0.07540713470623778,,,,,0.07539375702511092,,,0.0754593010630228,0.0755890353925904,0.07541151268740304,0.07552787803932909,0.0751825806858414,0.07559788096944157,0.07517621256206813,,,,,0.07525357104356274,,0.07522166640775418,0.07532197235040682,0.0752290147403881,,0.07536080101829376,0.07529200984928641,0.07528560080251578,0.07505334187612503,0.07511003662923037,0.07521520495927261,,0.0749319904227982,,,,0.07491397023576654,0.07530635215344995,0.07506628500202493,0.0751937238355435,,,,0.07516277925855933,0.0754154835099517,0.07518041967164563,0.07497523237505165,0.07564316605232538,0.07550643996674722,,0.07562253587216926,0.07580954543166428,,0.14544735275216397,0.2713906399900487,,0.14461746120749105,0.14488499600251406,0.07841207239081098,0.22911386365311776,0.2288256111206346,,,,0.227997333688274,0.2284328242327977,0.22856370985295912,,0.22809693628775027,0.2289753538431917,0.22876055923005573,,0.22896875809655473,0.2282085365292303,0.2286759002019112,,,0.2287608556897518,0.2282878140503907,0.22897942677578495,0.22842270264904938,0.22868633408217204,,0.22861478528298268,0.22856495973185317,,0.2285336858898226,,0.2285034427345084,,0.22857689414301147,0.22863065254765028,0.22930133755149576,0.2282257766925872,0.22889076262477268,,,0.22919033922969173,0.22806062279597245,0.22897759403975207,0.22888342154626018,0.22866363199595655,,0.22879937385153692,,0.22883875161451425,,0.2290961474085334,,,0.22858127365841674,0.2288656403728427,0.22894078447199093,0.22834647678746992,0.22844799351399955,,0.2290146275006345,,,0.22876661007230728,,,0.2288689113156793,,0.22845186310597432,0.22808786564339512,0.22881646533020006,,0.2283307011272167,,,,0.22872563985598493,0.22883870078319626,,0.22881719139480208,0.22833563346219757,0.2286789373514807,0.22965585930865123,0.22877923452198057,0.22855538042871462,0.22855538296261266,,,,0.22916709999176843,,,0.22916522173838363,0.22829260937453186,0.22889583787429763,0.228691253888006,,,0.22884182855774796,,0.22818570358522314,0.22842718096003103,,,0.22856665594127298,0.22863226224586508,0.2286190028402229,,0.22827545474098668,0.22859955133700088,,0.22801248254130074,0.22823744516042493,,0.2288234199592665,,0.22870755568473605,0.22859945326187286,0.2288914339012599,,0.228371265258535,0.22841737744546975,,0.22881506564179915,0.2283387025733557,,,0.22857202984938924,0.22842474232948165,0.2288565901406821,,0.22863154079806863,,,0.2287231853255104,0.22878815667950153,0.22827299688521757,,,,0.2285116218232677,,0.2291204808170445,0.2288499034303588,,,0.22870365895621905,0.22799283352041286,0.22883747579274227,0.22871583670579546,0.22903569255209857,,0.2285457227452212,,,0.22908032756283936,0.22973735589912372,0.22821059570004942,,0.22849173018072838,0.2288667451436135,0.22945508034971887,,,0.2289099498379291,0.22878957499711755,0.22956851671198547,,,0.22850767892424437,0.22893357138951478,0.00011141923622531454,0.00011072214776180488,,,0.14478989056182656,0.14506739316323458,0.23001538224156978,0.23017207257115058,,0.22956569145726316,0.23028011017873398,0.22956408459248978
7,5,DG_10pct,20,Z05_F10,5,3PH,282436,283954,True,8116.3831470193045,8166.707940167628,8126.952712234373,8145.915088187939,88.9550946897587,5.667019356845787,5.718796337532902,53.30233671243732,54.02488404141523,40.415551491992666,40.62485762162186,20.194183886983005,6.675375567563203,18.313025844204972,17.21435666149597,5.749766585160683,5.115600262916208,1.945381555033809,10.328996842107266,13.533030236382487,0.5363467050766185,0.5364718491779087,,,,0.5368584312993488,0.40023540438042954,,0.2251797098058751,0.22512611402529856,,0.22761548933163678,0.2279518018786879,0.22720640231698086,0.2267934376001571,0.22671935775641233,,,,0.22756134694591562,0.22514355916123702,0.22512262812450082,0.2255361806599113,0.22555968522955525,,0.22535699428435665,0.22298275380025354,0.22276799660134697,0.22335665898308368,0.22649616515982854,0.22538491622004772,,,,,0.16472432716889124,0.13856198053963248,,,0.11305003479164898,0.11315727586790943,0.113108392071598,0.11330646030177496,0.11339876507884494,0.11319523590445976,0.11331872338646354,0.11352295419110847,,,,,,,0.11321305177333851,0.1134540525860235,,,,0.10176256369917426,0.10161703751977383,0.10165969669022595,,,0.08540300677178583,,,,,,,,0.0854924100508978,0.08555562792931795,0.08534385103346473,0.08558398995462962,0.08529319301140247,0.0856960261554009,0.08545320953587131,,0.08561383391694591,0.08546222345435675,,0.08560143658654767,0.08582888989975623,0.08543947194471666,,,,,0.07162163106066127,0.07182721682972341,0.0715905161882111,,,,,,,0.07269920226403823,,0.07258929282231762,0.07250197974494722,,0.07275058508082183,0.07268016883161407,0.0725861648961508,0.07263612565372313,,0.07260684961819959,0.07271329839045533,0.07269640853210792,0.07266998407602142,0.0726797448249391,0.07260178532978047,,0.0726619809129995,0.0724950469837984,0.07254865559698144,0.07253315565026362,0.0727129541766413,,,,,0.07244878088412059,,0.07268003655419872,0.07244559094641242,,0.07255140776332546,,0.07278925732847924,0.07257185370544546,,0.0726850657718594,,0.07271481361220092,,,,0.07254870957071365,,0.07282269230878145,0.0727684565500475,,,,0.07262528868143323,0.07258549807318164,,0.07268989495474015,,,,,0.0726067412311765,,0.07249056213517888,0.07267238315349875,,,0.07258973441316377,0.0727736337099773,,0.07261150177060716,,0.07258792195258512,0.07249106363613075,0.07236481674415561,,0.07255521335495935,,0.07254900680012517,0.07259654024770616,,,0.07254735673950623,0.07246466689037574,,,,0.07251289218060264,0.07252650580729018,0.07280028027914022,,,,0.07285132234968969,,0.07272002581786922,0.07286405855451956,,0.07283584177493949,,0.07279789525704833,0.07276334741861626,0.07268394732351637,0.07255625088538702,0.07266921152450458,0.07297414854913928,,0.07254959255041761,0.0727504350074038,,0.07283997652590607,0.07253955602873058,0.07223178971100058,0.07285473611021265,,,0.07249835228753279,,0.0727057334827347,,0.07279590444655638,,0.07287828914846997,0.0728319192128812,,0.07262659292868123,0.07271146383226547,,0.07279839517028328,,0.0726747787393032,0.07243286965525207,,0.07266492076008305,0.07267143437758915,0.07256731756018035,0.07269122198653188,0.07261926644699919,0.07268574466993737,0.07266716093554791,0.07268640543677853,,0.07004236851112268,0.07009104940374829,,0.07259888087614733,0.07246700202352459,0.07214641434078381,0.07219390566064252,,,,,0.07259003065388635,,,0.07264673553536465,0.07287279329592182,0.07264528598433273,0.07252772914640875,,,0.07249276714052301,0.07236654682413253,,,0.07282956238483745,0.07244980419938855,,,0.07276274727944965,,,0.07232276268858637,,,0.0725335330361803,,,,0.0726276134829021,0.07260905582993192,0.07226191648851567,0.07251547781480283,,0.07248924168565424,,0.07244016921780638,0.07270712049202975,0.07241337326236175,,,,,,0.0727644466815007,0.07255156150985413,0.07251197058418829,0.07268887630050132,,0.07238736867432082,,0.07265992443540412,,0.07281868015055339,0.07275439997046937,,0.07264807958209892,,0.07258871569673908,0.07278133676800093,0.07265096761087057,,,0.07258003472627157,0.07268124544859757,0.07244598853419501,0.07274422146345355,,0.07279166507318083,0.07273327744193621,0.07249495189575184,,,0.07286471019103485,,0.07243834989860845,,,0.07254582903002368,0.07251081965977967,,,,0.07256450978067029,,0.0724930078730372,0.07239943849015695,,,0.07239570400040403,0.07243291144084743,,,,,0.0723614579927191,0.07231682951316988,0.07250198696422072,0.07238304812764021,0.07243455127008976,,0.07250292983270702,0.0723615137057678,0.07245206549478696,0.07244123654303507,,0.07234415929953908,0.0725751674984301,0.07228670724448452,,0.0722328471116892,,,,0.07246752254082311,,0.07250805999368544,0.07251311869998861,0.07242300523998159,,,,,0.07242599060000278,0.07221774098534632,0.07236102944127555,0.07237966397941703,0.07233977454143567,,0.07243493396256222,0.07235176207096951,0.07262909884819208,0.07224831962687986,0.07243175709547346,,,0.07227821077098037,,0.07249878009847255,,0.07248425389774969,,,0.07240266298485912,0.07244943375846839,0.07225716420212595,0.07238487617078826,0.07241491749989364,0.07259133726552078,0.07229769349210724,,0.07260434300728154,,0.07249681746754927,,,0.07245356644744784,0.07236387334615456,0.07254845333140932,0.07248851795279738,0.07267219410010647,,,,0.07241243517667717,,0.0724677122904647,,,0.0711408030535234,0.07136628074393958,0.07106145116117049,,,0.07127208675837361,0.07240781185308327,,,,0.0719244846590191,0.07197422911310467,0.07034429341957334,0.07043533434615779,0.07041891040127175,0.06832263903804135,0.06839429765276529,0.06853563482205347,,0.07291450704661105,0.07304924570932064,0.07411231173555154,0.07392078907624486,,0.07443325605692505,,,0.07483453799465148,0.07453413464131223,0.07450427997847917,0.07461538623491777,,0.07480807622329062,,0.07474047182685667,0.0750714839324512,0.07510720863192102,0.07466599482131128,,0.07450435266601245,0.07466541634350372,0.07451958891165453,,0.07445723182940257,0.07464387531610023,,,0.07460769203779204,0.07467159921559245,0.07468583557562138,0.0745379304839816,0.07459847986437333,0.07440489966551281,,,0.07595578370273878,,,0.0760259516955472,,,0.07644865850515264,0.0764689701311708,0.07648874300914513,,,0.07626452543850211,0.07624499697418856,,,0.07598808104879863,0.07607134927972029,,0.07595494177046187,,0.07606964182128387,0.0761521317194408,0.07590614111282218,0.0761193946040037,0.07616470557013687,0.07585174745263633,,0.075889855133073,0.07605136196018072,0.07616502953504103,,0.07600859183911567,,,0.07582406716756951,,0.07600426168636717,0.07575011463424983,,0.07595065564204138,0.07585956716266115,0.07593282578084441,0.07603147567740588,0.07608967678606754,0.07608872993944964,0.07604304213390127,0.07593938814886561,0.07624697043173187,0.07606275239834816,0.07593721596806832,0.07609704278085186,,,,,0.07614323880439133,0.0760827663624875,0.07612956443425423,0.07573241587309645,,0.07613325889501499,0.07626717941017691,,0.076172061316231,0.07602922299439184,0.0759085544590645,,0.07610769233399667,,0.07596908149973065,0.07630046128963715,0.07621535951164991,,0.07604902908148391,0.07613930370521986,0.07581329809947687,0.0761114002777657,0.07600015790703728,0.07243823447449405,0.0724315553015373,0.0725525389424313,,,0.07235084287499347,,,0.07241845272386141,0.07215181755806005,0.07244058568201081,,,0.07250231897403712,0.07236600098151362,,0.07249285949552775,0.07240412130880923,0.0724501558344305,0.07233479675887444,0.07245123004129891,0.07243104040806812,0.072276934984994,0.07245625321402734,0.07245153996839473,0.07222531544777844,0.07244008809000703,0.07228127192763872,0.07228911431015496,0.0721096596212289,,,,0.07244553359016025,0.07254351457196995,0.07252268918461564,,0.07251053266879662,0.0725192786159949,0.07216152946384825,0.0723653722367262,0.07213531617410171,,,0.07219113875857948,0.07210040891727083,0.07209518815501706,0.07211193487149582,,0.07216139914608534,,0.07173866699069319,,0.07225474740157882,,,,0.07252586718482931,0.07224417770922445,0.07245952232074104,0.07222980279741296,,,0.0725881196729076,0.07236411668012949,,0.07226838782932135,0.07207524139106748,0.07220235936713651,0.07218459937719994,0.07214314559135876,,0.07228153588232324,0.07235493321912563,,0.07252022500447364,,0.07246973534741755,0.07251564667733508,0.07238765010189512,0.0724490743398286,,0.0724843758520315,,0.07243456887659674,0.07250213937391631,0.07245911438125602,0.07258679809892424,0.07228315322663671,0.07225121084481785,,,0.07252924369991562,0.07239508147945642,0.07211975014935598,,,,,0.07235117749460297,0.07263256156847019,0.0724518211064177,0.07210817208656696,0.07213992369054498,,,,0.07216121696746895,0.07229566401024369,,,0.0724935412158955,,0.072040672970975,0.07224970932580932,,0.0721446880564734,,,,0.07206125773880372,,,,0.0720502600919899,,0.0723340103868239,0.07210596157931325,0.07264918590471522,0.07253761422911381,0.07245390703599154,0.0727043737691693,0.0728552672889096,0.07283880812376466,0.1419611600098918,0.2689137790386046,,0.14136740304407117,0.1407129568161668,,0.22575968974679228,,0.2261500252597645,,,,0.22642269622609534,,0.2259978988159345,,,,,,0.2255445187571606,,0.22612169908787774,,0.2258831397167171,0.2262998641249455,,0.22546769052167953,,0.22631822031530566,,0.22549564633000768,,,0.2256914839268135,,0.22622627238016238,0.22606084432558138,0.22602862098047458,0.22628628133935397,,,,0.2260871587981343,0.22580924210629655,0.22559817944546182,0.22551302876576995,0.22603443038621987,,0.2257719466671371,,0.22588038960225137,0.22627870624374685,0.2259401716370895,0.22648265198276138,,,,,,,0.22615465006765498,0.22623735950485915,,,,0.2259627453759107,0.22524450200150573,,0.22648599771160116,,0.22641883288097764,,0.22594908801956634,,0.2260985475301657,0.2254419955061361,0.22566877909151506,0.22602976042362918,0.22557299179470738,,0.22624158483857282,0.22585816708465284,0.22603947288324147,0.22586338415022128,0.22533206236682554,0.2262081472616346,,0.22590183171663053,0.22576797749369323,0.22649314481373395,,0.22580103270850047,0.2257794981764515,,0.22599304353647373,0.2260683603496476,,0.22529953874583022,0.22588891771795488,0.22548809047764853,,0.22624630144654131,,0.22550014107269212,0.22589307752128732,0.22567272564324325,0.22654671378193597,0.2254182171892935,0.22667502633074166,,0.22603250106916056,,0.2258032510989943,0.22595676095924438,0.2251046391702701,,,0.22560069858751114,,,0.2257119623155822,0.22548990686217635,0.22584594443397613,0.22633010925099517,0.22577282610985008,0.22504677471722379,,0.22562717873922955,0.22569245938977364,0.22586443667297793,,,,0.22503065652989493,0.22612521322742102,0.22622521953391111,0.22590350752481322,,0.22566390523852162,0.22653523333592585,0.22586428438588632,0.22603189113043554,0.225070948187595,,0.22566069439135705,0.22558674147195434,0.2269458654542581,,0.22527418847195874,0.2255318521466615,0.22618940661510942,0.22580459390118515,0.22574236089717203,0.2261470964969119,,0.22611727199989018,,0.22625394240294372,0.22569105230394493,,,0.22575670782537557,0.22629193467701875,0.2253169162616557,0.22608527958488242,,,,0.2261428006980125,0.2261987499418574,,,0.22619618478635578,0.00011158848565586939,,0.0001115035036792698,0.14224190996744315,,,0.22690329790279504,0.2274906380487473,,0.22717537014521472,0.22714264844904483,0.22764907106096194
7,5,DG_10pct,20,Z05_F11,5,3PH,157168,165495,True,8190.350799236183,8207.23536768301,8212.692555457303,8229.735141942096,0.1474598429320974,0.009260237488585753,0.009389635162213686,0.08787671629937241,0.08906847098735182,0.06685998469862095,0.06706334063577171,0.0332085045151867,0.010980149356933097,16.870526175036797,15.852786701504996,0.00937520880796338,0.008459202308456487,0.0032091440388683262,0.016995416707920184,0.022195626261599627,,,0.5314526152281043,0.5313968072639031,,0.5314885136037067,,,,0.20689927869865804,0.20707901762984687,,,0.20956579837631084,,0.2087589961452158,0.2089079364666639,0.20869126768917037,,0.20811389225965643,0.20686489843633374,0.20765515928350461,0.20688024884592524,,0.20728312938724588,0.20755846276606554,0.20546539639610348,,0.2057421042338606,0.20808465906321597,,0.20801816351209165,,0.2077726775489495,,,0.12849510092659158,0.1287607392253838,,0.10019337858477428,0.10004524388225756,0.10025516985226683,0.10070040852096719,,0.10026117541491977,,0.1010133118291841,,0.1004863636354705,,,0.10077616904277897,,0.10063531985277194,0.10071880109936115,,,,,0.08718097295668233,0.08695711650723646,,0.06736395614110939,,0.06746947663685994,,0.06749891891962626,0.06754367001850137,,0.06759837838334647,,0.0673772570060503,,,0.06756427286809492,,0.06763270607479721,0.06753095179951175,,,0.06742289796862486,,0.06763267313632712,0.06762021814666962,,,0.0001127915513151172,,0.0001187655213963662,0.00011795344715378535,0.00011766893617792935,0.00011795310189539555,0.0001181033204378126,0.00011832010636145727,0.00011773031137707896,0.0001192903123549125,,0.00011968034295050004,,0.00011946942481230255,,,0.000119285430405116,0.00011935419240068445,0.00011932593178302169,,,0.00011937799736969719,0.00011965506163599975,0.00011948052703278092,,0.00011926819537166107,0.00011954610729444915,0.00011949536038690013,0.00011944009090656333,0.00011914889006995573,0.00011924157805970558,0.00011932608075654159,,0.00011933264181151221,0.00011920997991945201,0.00011961965253814387,,0.00011958010092079768,0.0001194970766931788,0.0001192977517537012,,0.0001194141065278204,0.00011931304470600764,0.00011952688379489375,,0.00011926964283008167,,,,,0.00011892901246133482,0.00011941504709472259,0.00011909390066139187,,0.00011942175400047319,0.00011910218912540881,,,,,0.00011963602634465437,0.00011931004728984737,,,0.00011916072262006217,0.00011917724466664795,,,0.00011929886076092824,,0.00011967654892260042,,,,0.00011929138477947232,,0.00011914701079330224,,,0.00011936963811547397,,0.00011938244178613073,,0.00011916799873616222,0.00011921073780569141,0.00011937402571941062,0.00011958325390458588,0.00011897897823560241,,0.00011936067956223152,,0.0001192448492616424,,0.00011901616337159303,,0.00011915456954900944,,,,0.00011881601725711496,,,,,0.00011956341811584633,,0.00011935607082615656,0.0001194624949265331,,,0.00011938462795832813,0.00011974222731683908,0.00011950367653167103,0.00011930989204031032,,0.00011941524828496402,,,0.00011941605071389075,0.00011910587411537365,,0.00012000922382202662,0.0001195373747079043,0.00011908704207735369,0.00011936822501946896,0.0001192280641800302,,0.0001196181157698641,0.00011943957294108676,0.00011988662787389552,,0.00011970326505850043,0.00011945110653684152,,0.00011968439849771669,0.00011957503651323037,0.00011934771899621716,0.0001194952948319034,0.00011930480419832699,0.00011930525747333798,0.000119600621152408,0.00011938738835452809,0.00011905553542805957,,,,,,0.0001195601653225073,0.00011940889757505294,0.00011552046364993826,0.00011505806872097151,0.00011515767862757653,,0.00011856276873667021,0.00011850118481462816,,0.0001188272266272056,0.00011841669400986822,0.00011846582155543371,0.00011883671942450227,,0.00011905054633711308,,,,0.00011945587810914687,0.00011934968163600862,0.00011949239245368789,0.00011941108962348509,0.00011932592487519526,0.00011930103344494641,0.00011903853032369103,,0.00011942935682152804,0.00011905617306913936,,,,0.00011915400313745304,0.00011963641403548829,0.00011933845983746882,0.00011940929281596734,0.00011947767220628735,,,,0.00011940310976733983,,,,0.00011921763795534845,0.00011888354174747858,,0.00011915918843673813,,,,0.00011929897792294761,0.00011928394917759393,0.00011938427475210031,0.00011923125081640589,0.00011920351334493645,,,,0.00011902942325073984,,,,0.00011922417775339787,0.00011943918390548076,0.00011973497520628,0.00011917840627963166,0.00011936837854155575,0.00011943060946363292,0.0001190325570464994,0.00011963399668609154,,0.00011936709711376526,0.00011940193373571203,,0.0001194292414720539,,0.00011928504617639595,,0.00011962988318970446,0.00011931878634688249,0.00011941737197834245,0.00011905019618131694,0.00011931623733407406,,0.00011921427905707993,0.00011914123028213486,0.00011912996946893687,0.00011924815090541487,0.0001187996416231428,0.00011865535124316236,,0.0001188390568642678,,,,,0.0001188890679959194,0.00011880571355271884,0.00011891743707478507,0.00011875306147813177,0.00011902418682124983,,,0.00011881304897863578,0.00011882512646597391,,0.00011868032135362074,0.0001189315554369139,0.00011930027957069877,0.00011904910262685221,0.0001189146999447211,0.00011903960572086136,,0.00011893236810310382,,0.00011865201113199148,0.00011878334138327478,0.00011911780107751334,,,,,,,,0.00011896351973779706,,0.0001189000908160522,0.0001188839740225098,,0.00011914093834916183,0.00011941439580740976,,0.00011917098386581,0.00011903096360048402,,,,0.00011896095228577915,0.0001190887386393377,0.0001188136143761846,0.00011908254704365476,0.00011870004871084834,0.00011883840012855564,,0.00011925759500530397,0.00011885046148176097,0.00011895686417531093,0.0001187856361080324,0.00011930883639083986,,,,0.00011865671663236572,0.00011913755658757885,0.00011887973161632365,0.00011897067154495718,0.00011918454335774315,0.000119083227049407,0.00011897771813379895,0.0001191314969274988,0.00011867039833977993,0.00011919717858805795,,,0.0001195260221453315,,,,,0.00011908378595085584,,,,0.00011923153140493257,0.00011896808142146067,0.00011914606206068168,0.0001194669097986721,0.0001190054675981768,0.00011912395550937093,0.00011660049386697732,0.0001170306820309497,0.00011670953233316958,,0.00011672762927637257,,,0.00011933478504151105,0.00011942476974764067,0.00011816567282848012,,0.00011844751028018846,0.00011562669471496818,,0.00011580611816326972,0.00011228175176912878,,,0.00012034391133724552,0.00011977042971944116,0.00011972466607185916,0.00012107473207431451,0.00012121178783844759,0.00012134205281775552,0.0001221508882659011,,,0.0001226032768888946,0.00012261358953287598,0.00012286274767222681,,0.000122740170729157,0.00012270218819848222,,,0.00012350399931992126,0.00012387956629845837,,0.0001226842522258769,,0.00012277305215588493,0.00012253035281260317,0.00012265505656339478,,0.00012271333260408112,0.00012235875652923442,0.00012287927523309575,0.00012286842604002673,0.00012247796680211416,,0.00012254943245713763,,0.00012246818426272642,,0.0001228454501157255,0.00012477710904776164,0.0001249162601636239,0.00012475071257344184,0.00012464517116676622,0.0001248078707616913,,0.00012564668796828174,,0.0001251000772524771,0.00012534396856518908,,0.00012527994706374256,,0.0001255375482099721,0.0001252822568547807,,0.00012499119763979594,0.00012517625566340387,0.0001247378390029944,0.0001251257666175433,0.0001247176908468543,0.00012466716763319939,0.0001247852920699335,0.0001250661135305566,,0.0001248193655149973,0.00012444844358621841,,0.00012478482631742032,,,,,,0.00012478034265505253,,,0.00012485717321189055,,0.00012486034919374415,0.00012455075642813724,0.00012504103933563468,0.00012520391908084127,0.00012478535072473753,0.00012495903289805378,,0.00012482021347980557,0.0001245126028552601,0.00012485712142152816,0.00012474143558172053,0.00012503090512972477,,0.00012466075968902617,,,0.000124684351410065,,0.00012491717516216672,0.00012520702767251292,,0.0001248519822422499,0.00012505080226014642,0.00012495989199849046,0.00012457044394781835,,,0.00012529525386208707,,,0.0001246801527262108,0.00012525940656354367,0.00012476553491783078,,0.00012527668567162222,0.0001248043616061058,0.00012485604687103511,0.00012485125644761197,,,,0.00011878459289850581,,,0.00011881622516240026,0.00011869774145675432,0.00011880920998611235,0.00011918348488329424,0.00011860454689952063,,0.00011866832788468633,0.00011880456461934143,0.00011919837355625301,0.0001186875191741049,,,0.00011907177048894691,,0.0001186651079605144,0.00011918290145817696,,0.0001189727000289359,0.00011908222140030169,0.0001187076545441721,0.00011894279484652286,0.00011897339617561109,,,0.0001190044684068885,,0.00011902135220947788,,0.00011864930307426376,,,,0.0001191929032103889,0.00011914980906909748,0.00011869505173720178,0.00011901150273685786,,0.00011854119396919208,0.00011855426154317224,,,,0.00011820737508438906,0.00011843911794881443,,0.00011858319837789018,0.00011874607905800678,0.00011847410658005676,0.00011872526228926015,0.00011863585754494581,0.00011879374670829668,,0.0001190930393626582,0.00011885014721809416,0.00011904705042925566,,,0.00011897828256845957,0.00011886953556405268,0.0001186479211816523,0.00011714467892197218,,0.00011849643830644942,,0.00011870769173791611,0.00011892907967048318,0.00011841739885022771,,0.00011839447149993194,,0.00011897349299206464,,,,0.00011928383737256451,0.00011882967570052458,0.0001186617441378333,,0.00011895022731926628,,0.00011883631711361926,0.00011848817661802458,0.0001190376503261873,,0.00011918261171923412,0.00011896887602454303,,,,0.00011879434830694907,,,0.00011906719720563987,0.00011904191685888008,,0.00011914874285598952,0.00011882363558871112,0.00011895019579351056,,0.00011856651531874245,0.00011892293184988673,,0.00011898124055759613,,,0.00011868688907511935,,0.00011869105571647151,0.00011837512490576457,0.00011881390232889283,,,,0.0001187146621782065,,,,,,0.00011846147306788649,0.00011857484895940994,,0.00011883848529208296,0.00011936249488735183,,,,0.00011941091614155042,0.00011958530854870738,,0.2549028362824705,,0.1313096652509912,0.13151270336458212,0.00012453444501355615,0.20785411530474024,0.2077347399545839,,0.2074668487151749,0.20746932937197873,0.2078241165726107,,0.20763620741801425,0.20786690511089953,0.20751152446317933,,,,0.20787698264610413,0.2080971987587614,0.2077029488204019,0.20814584349154933,0.20818240862797832,0.20723979734790646,,0.20731657490297695,0.2083978632248572,,0.20783250905670486,0.2075151714082547,,,,0.20782673762573015,0.20778287369425522,0.20773303942152566,0.20827755893084696,0.20734821426053546,0.20759142486584176,,0.2077623305480365,,,,0.20769355183344376,0.20777141389779202,0.20757735869006105,0.2075751130626562,0.20869459083619005,0.20786724643435653,0.20759524821051092,0.2076460033077058,0.2074041477945544,,0.2079832324275552,0.20817407626978737,0.2081497246767116,0.20798786386018978,,0.20759242512992765,0.2079869093068661,0.20759391087604395,0.20837608797573967,,,0.20787160157697088,,0.20763415164867474,,0.20819716118432732,,0.20825777198126974,,,0.20834251003797913,0.2074328719253358,0.2077455323918559,0.2080035644773396,,,0.20852619702732644,0.20778427884957765,0.2076481852413696,,0.20757438996010666,,,0.20764183380373366,,0.20808210666569002,,,0.20819481413072805,0.2082964948181648,0.20783936203943332,,,,,,,0.20862508206818434,0.20780370084950656,0.20855118880094622,0.20761651751913845,0.20769007833718484,,0.2080490040934115,,0.207820539571449,0.20729549375401343,0.2080339327964492,,0.2077491991097509,0.20805586683508817,,0.2076279453051266,0.20775085464601273,0.20840134192553783,,,0.20843878688640755,0.2085165640538922,0.20805536628485544,,,,,,,0.20796240966656765,,0.20809572857703498,0.20797299454599416,,,0.20789564641033567,,0.20790536854725306,0.20738519792014276,,0.20786210172765376,,,0.20782073156784386,,0.20828772487901367,0.2077629644642116,0.20817033403675891,,0.20770300851199303,0.2079682452586425,0.2081105793503789,0.20786337849823566,,0.20783439509750312,,,,,,,,0.20744640062198016,0.20783358774070318,0.20771987394317354,,0.2081094976693591,0.20826416416147642,0.2077197785829422,0.20803731567325065,,,,,0.044302061912542656,0.13198604510426112,,0.1318268811748481,0.20852153635585594,,,,0.20935178710420732,
7,5,DG_10pct,20,Z05_F12,5,3PH,282438,283955,True,8137.224546907387,8081.9615906695335,8121.6215443898345,8122.954148780888,92.78954407495874,5.920395910596909,5.959538568626047,55.67542716926316,55.57991077429757,42.08333787608107,42.50126091701444,21.108243024303363,6.933136975523447,18.600443027307676,17.44499751501366,5.9435277024518625,5.347678834000413,2.026501118848349,10.821607794791207,13.99838762616706,,0.5394724322088519,,0.539565292887402,0.5386762695138751,,0.40122329936153156,,,0.22700567385725756,,,0.2302615287969628,,0.22982916102892312,0.22996025354904592,0.2296885313389989,,0.22998906945766984,,0.22811285690721522,0.22790118317605262,0.2275089801025093,0.22786584855032777,0.2285759091979399,,0.22584664194939041,0.22588485068458175,0.22511089663626108,,,0.22897293428869728,0.22877482797216517,,,,,,,0.11635879306303579,0.1164867639979185,0.11660502115414559,,,0.11660735607524385,,,,,,,0.1162929238070302,,0.11660635832091308,,0.1167428537143443,,0.10477886659210786,0.10513784589307713,0.10510817302432615,0.10455817816100842,,,,,0.08846692229180511,0.08864966777110435,,0.08878572676206335,0.08857076429978948,,,0.08854163890102933,,0.0885185499747534,0.08819235739643307,0.0884175845489572,0.08867965079670763,,,,0.08851031989718817,,0.08867435773867686,,,,,,,0.07466705926202803,,,,0.07459341943120602,0.07563956626901354,0.0758201321167599,,0.0754925229354915,,0.07566924337927132,,,0.07555904015336343,0.07561817777182878,,0.07574884515401145,0.07567164477253648,,,0.07573709013933727,0.07564073991039623,0.07560292002683103,0.07555271318448867,,0.07598005410768181,0.07566956342803395,0.07556969498025548,0.07571721106043398,0.07548833940405213,0.07576586528102262,0.07579239271812316,0.07547016574275094,,,,,0.07560996400802983,0.07556769574541128,0.0755643720949366,,0.07545124601142068,0.07562035676838537,0.0755033262226731,,,0.07548633292151281,0.07582203284174344,0.07539613205483661,,0.07542513875633822,0.0753708052711144,,0.07544189956455014,,,0.0753570885220219,0.07544049844495627,0.07556746028955363,0.07561536675578649,0.07558715846970385,,0.07536477489219746,,,,,0.07558765548724534,0.07540575403285203,0.07561257825562995,0.07553557846732391,,,0.07542049858458118,0.07532033908061975,0.07556121576161896,0.07559797692134133,,0.0756533120009157,,,0.07543507605569655,,0.0754444917054905,0.07552981422091393,0.07529405811577623,0.07546093249445371,,0.0754107193791038,0.07549434246891007,,,,0.07581413959623198,0.07548724972774844,0.07559289219195062,,0.07569051405110919,,0.07559143452089047,,0.07585124809048152,0.07561042493669656,0.07586541752291755,0.07578277909262798,0.07578246898980062,0.07568196423058873,0.07580283089479486,0.07558090829125937,0.07578588085250129,,0.07579356638557029,0.07569313244320444,0.07567250787331553,,,,0.07550699058939443,0.07544768905537086,,,,0.07549377569436039,0.07587513593127874,,0.07544042070328756,0.0757899109276122,,,,0.07553253687043275,0.07557065884266083,0.07559795817169063,,0.07555689300916882,,,,,,0.07555307347228044,,0.0757411408581769,,0.07555504629182515,,0.07282616895987777,,0.0730655691107911,0.07527922638292348,,,,,0.07537699292704982,,0.07515374237691126,,0.07551267742188798,0.07537726694321098,0.07551960106385351,0.07537104368440171,0.07546595503549333,0.0755775363383829,,0.07577394271003254,0.07558334148239113,0.07548307599046367,,0.07571539972390116,0.07526113251408559,,0.07573100409273073,0.0756051967057525,,0.07545649604270922,0.07562978677464115,0.07557760263281163,,,,0.07525681108227919,0.07555262207141661,0.07559564390852655,0.07551275214387093,,0.07539028205387037,,0.07541186808622108,0.07559967747955547,0.07540982217626879,,,,0.07549184429606506,0.07527601835535432,0.07538800621875083,0.07553400284652541,0.07558629509736778,0.07538580311727265,0.07536559416419888,0.07546637145568975,,,0.07534406010258551,,,0.07576230511740546,,0.075548709545396,,,0.075353520864535,0.0753780628373288,,0.07572391888708924,,,,0.07558094287257591,0.07544918442788373,,,,,0.07550708894503153,0.07547340389303943,0.07548637585211278,,,,0.07540981132945167,0.07537663785064314,,,,0.07547291674730786,0.0755207353458038,0.07516013671168091,0.07542127156083465,0.07518210631704388,,,0.07531406702462345,0.0750677722406823,,,0.07542385585800253,0.07541276069652458,0.07542457341071451,0.07528091305350024,0.07540676421884672,0.07512521139136472,0.07521007410582481,0.07515965079926644,,0.07514886752728367,0.07532021248308163,,,,0.0752884853739998,0.07518469248215688,0.075400980738802,0.07513026398247406,,0.07512947724495053,,0.07515567613386408,0.07515179662033476,0.075237510773592,,0.07553920490999232,,,,,0.07528494247847638,,,0.07507196796984088,0.07530106334897921,,,0.07552113902156558,0.07535089366654443,0.07526808108565744,,,0.07528308593766037,0.0756228148831207,0.07536456545211476,0.07527943328660379,0.0754052543254685,0.07540128885568143,0.07525968661569789,,,0.0753426296933418,,0.07520997036567297,,0.07529960731517296,,0.07505171022104917,0.07537185802780304,,0.07521251803947132,,0.07522923695087039,,0.07548857051669935,0.07548604058190349,0.07541732423918449,,,0.07562149779751068,0.07573398809480036,0.0756327052289838,0.07550019495027577,,,0.07527286036197768,0.07559290957962032,0.07403187351753054,,0.07419026929693945,0.07399354914477371,0.07400218259433729,0.07397852405555697,,0.0757639068940236,,,0.07531011627069001,0.07481017203256052,0.07318361713201599,0.07325598766575328,0.07322299968776583,0.07106452774416386,0.07118668942574527,0.07120299751100594,,0.0758842264426488,0.07589464109528227,0.07687019938190891,0.07711283613387976,,,,0.07745204175684998,0.07767235635491831,,0.07784720919075312,0.07745941843440934,0.0778645495254729,0.07797941854941287,,0.0775994198349134,0.07826534164341757,0.07836226372477936,0.07764233500372915,0.07750170129905438,0.07773540868481799,,0.07739193381379239,0.07726670446246584,,0.07766901530559243,0.07764764518952998,,,0.0777352958710146,0.07760005336121154,0.07775413722251222,,,,0.0774272846435143,0.07912254242852663,,0.07902192765285118,0.07893307839872823,0.07894840579779422,0.07828415470760701,0.07947461067293694,0.0793952197196672,0.07926449959339459,,,0.0791550097794671,,0.0792990990568603,,,0.07914347433238099,,,0.07900061798171523,,0.07920653134376868,0.07903022068694805,,0.07886027868740643,0.07920955506911415,0.07905288356425878,,,,,0.07909465746888943,,0.07892212800793025,,0.07914394308354962,,0.07911361630081037,,,0.07912162549544823,,,0.07902908968957517,,,,0.07928131480077329,0.07883567531691564,0.07891786176553449,0.07894545876912967,0.07906200265144397,,0.07894930803297963,,,,0.07886335861112044,,0.07912165406433846,0.07911189723651033,,0.079268902261897,0.0789249598936767,0.07908176673421859,,,0.07932326147427043,0.07903110704155078,0.07904627989569263,0.07933440620390948,,0.07915330182349721,,,,0.07914423159141984,0.07907715072380415,0.0752794563456965,0.07537177063064877,,,0.07538333778946599,0.07534282151872407,0.07535228746418274,0.0752087750785292,0.0754164218151873,,,,0.07551999742728877,0.075151157431764,0.07550253681640068,0.07542502857141202,0.07557764641775817,,0.07537177164613541,0.07553162852815244,0.07555366827558825,0.07535842112929049,0.07521516566403648,0.07537926265511975,0.07531505344447785,,0.07530790090261386,,0.07534159313439887,0.07544404391626995,,0.07567798932832555,,,,0.0754584438468733,,0.0752889235895082,,,0.07503343015679274,0.07523558311792022,,,,,,0.07521214729068032,0.07519744418592947,0.07505722125522472,0.07501866866409129,,0.07527485861884803,,,,0.07515776021958662,0.07527423170667846,,,,0.07525163438382824,,,0.07553749212376089,0.0742751220513177,,0.07519512468971416,,0.07527249786944422,0.07506389678614157,0.07505559153386601,0.07509652286850334,,0.07510056505350425,0.07540929119131698,,,,0.07535786994656266,,0.07537825825540183,0.07516959929524678,,0.07526662656039075,0.0754176248975184,,,0.0753988495999043,0.07528864366153802,,,0.0755579769019498,0.0752575748971667,,0.0752690078055819,,0.07520640287196571,0.07529995294344803,0.07533582697295169,,0.07542632691924982,,,,,0.07519298183532863,0.07493048358173651,0.07531968599080395,0.07522098403914612,0.07526271290650366,,0.07504466152908802,,0.07491726040964423,,0.07528682940919733,0.074972296703746,0.07511420469876437,0.075248830197795,,0.07506864893001836,0.07536886112477569,0.07525626347012852,,,,,,0.07561498383734867,0.07566012708557228,0.07583877570294849,0.07556174532685249,0.0757358722280621,0.1450819495917732,,0.1440352413825263,0.14460194342744168,,,,0.22940730317128633,,0.22873004962787163,,0.22869312846292134,0.22830596428618574,0.22819712161930875,0.22904410022772742,,0.2299047816969638,0.22828555513187568,0.22855669923969882,0.2286844701576671,,0.22895664956412073,0.22840074010209382,0.22877402653572063,,0.22885244846150038,0.22836143005629114,0.22846291356552434,,,0.22859650734338818,0.2288709665459395,0.2287410330891463,0.2285534150786217,0.22915796853675727,0.22868489301762188,0.2283067591227424,0.22881073551741815,,0.22886862887347986,0.2286688898907912,0.2290071485792336,,0.2292394862381761,0.2291305659769248,0.2289639778541166,0.22804862063634637,,,,,,0.22849470921486417,0.22926751063188505,,0.22779253502853258,0.22919771875525824,0.22847433470280198,,,,,0.22890248898472676,0.22894729072484404,0.22918318979390068,,0.22869334407410744,0.22924192006448385,,0.22888377337265484,0.22857800481052773,,,,0.22842187518893506,,,,,0.22896291650399878,,0.2286741468559456,0.22817949629449025,,,,0.22898892541732319,,0.22858042982776208,0.22841088757092579,,,,,,0.2279659396468083,0.2293896063312478,0.22857739677568245,,,0.22827377291472561,0.2283885601554001,,0.22932273727036515,,0.22844860369531944,,0.22840038601634874,,,0.22809828335737747,0.22854421600214056,0.2287843995539894,0.2291362023451707,0.2290648811203025,,0.22902344666488958,0.2286409423914154,,0.22854942265646397,0.22819385474383905,0.2284077023592489,0.22884830019985458,0.22873574512793818,,0.2281991736963549,,0.22854628115869338,,0.22827609213178018,0.22828113300566333,0.2285792179866556,,,0.22820315289170776,,,0.2286977820923496,,,0.22871428678772432,0.2287222737285776,,0.22842097972580425,,,,,0.2283796873264061,,0.22863067263970316,,0.2285625243193677,0.2287703876184674,0.22857170194781767,0.2288939235629347,0.2282527839283317,0.22917648003681299,,0.2286814056765881,0.22919356563641738,,,,0.2293047629484562,,,0.22858890304967608,,0.2286023791932678,0.22872690200506116,,0.228198130170687,0.2278982936545377,0.00011108018289291225,,0.00011078962924078685,0.14534565484387119,0.14525120531107827,0.14502864156172485,0.22967923504289187,,0.22968584147709697,,0.22957992727924945,0.2296913161339478
7,5,DG_10pct,20,Z06_F01,6,SLG_A,262345,255322,True,3511.5408116728286,3531.677903423243,3550.9931589073085,3661.2520602971963,3637.9265937343403,161.8578390329652,183.78453043476355,1034.4903628223744,1068.5801797723245,749.0360280733262,754.1400264719687,359.09745953325125,115.9983963505821,93.35411226919216,90.78101814161279,161.8418690868404,4773.6477414562705,26.04665612429466,358.6993639615797,317.741845584654,0.774844398800528,0.7731064152627253,0.7737280699024335,,0.8666855497512423,,0.8566001906546955,0.6606998364552756,0.6603571986021914,,0.8409942428230897,,0.6175619721741246,,,0.8537240596610852,,0.9430800695978981,0.9455631669653336,0.9427882976084608,0.6622702443312929,,0.6624753222215946,,0.6625697969669969,0.6642847105553772,0.6549583393727682,,0.6552207692291989,0.6644453451934499,0.6634012753923121,,0.665215933485517,0.6640604251326232,0.6643732170017266,0.5870444488470608,,0.6366953516099415,0.6384353856854219,,,0.6417026142260167,0.6440290887503067,0.6441418096972382,,,,0.6443436040227094,0.6435978139359912,0.6438636903509419,,0.644247971974007,0.6419863493839533,0.6450401569731861,,0.6430389855789551,0.6427229307959125,,0.5520231916457541,0.8604147434447514,0.9335356777235484,0.5425293977446898,,0.5412342696127351,0.5403066886334076,,0.5412309779075791,0.5412230425703097,0.542301251344076,0.5413422278975366,,,0.541421001073634,0.5431631278273362,,0.5409613254741602,0.5393661976957088,0.5410850718711328,0.5408382846224706,,0.5408266358019176,0.5408396767803051,0.542061067864389,,0.542116094607976,,,0.610726830137577,,0.5447786242833362,0.543595526257581,0.5441672104894761,0.5440789865414726,0.542108960540889,,7.825336702522877e-05,7.83790622758633e-05,7.825175297525769e-05,,,,7.815997558209092e-05,7.822542108129873e-05,7.83215321046825e-05,7.791103844348885e-05,7.819506203883068e-05,,7.808068477303084e-05,,7.823527902027702e-05,,,,7.812762877974507e-05,7.815086412938228e-05,7.790521318938979e-05,7.797979080780019e-05,7.810256801726673e-05,7.829431508452708e-05,,7.817063630624736e-05,7.826295280695027e-05,7.793941722388616e-05,,7.81816855820582e-05,7.798342241651758e-05,,,,7.797738904376774e-05,,,,,7.804880860501625e-05,7.812365008227632e-05,7.807294138775773e-05,7.791820514004851e-05,0.9594439333024571,0.9574136072109387,0.9570861634077482,0.9608935250237559,,0.9594655075717451,0.9573016592471956,0.9602426897561624,,0.958124767986631,,,0.955277644866599,0.9584732070613394,0.9537061036434203,,0.9596470347984373,,,0.9613202710329917,0.958333771404457,0.959317567347817,0.9564298062140993,0.9571445656886057,0.9594901618977723,0.9577988269157988,0.9594381359626509,0.9564648218757401,0.9566805719815892,0.9591204307463002,0.9571550627158474,,0.9569274246903628,,,0.9551790081641209,0.9566842631237701,,,0.9585937479784318,0.9550727024828379,,0.9601794948521499,,,0.9780957948810628,,0.9771820453179844,0.9771277836423371,0.977591296041414,,,0.977603839219297,0.9793165404860649,0.9822718250860468,0.9792123371842386,0.97945630033257,,,0.980413429101558,0.9780160062905695,0.9776314274172633,0.9781836952993985,0.9796209746744953,,0.9807028716611331,0.9769909679000508,0.9769439381979609,,,0.9780741138936617,,,,,,0.9760387047894751,,0.9775763828603339,0.9770727011638932,0.9789954336709193,0.98167712164084,0.9814573067610737,,,0.9809568558521278,0.9785028529306713,0.9798957484740565,,0.9817018928731711,,,,0.9769686473014034,,0.9748875593405689,0.9781975441089709,0.9796115981722558,,0.5805642625550014,0.5805176367182437,,,,0.5870762996696034,0.5855547082045977,0.5880655147277765,,0.5873143525119733,,0.3108762511781939,0.3120651905148796,0.3108774453356353,0.31067838885572535,0.31188429298483145,0.3107180216511503,0.31096993139835083,0.31040621181268063,,0.31171882082482755,0.3118781614164947,0.31123046014361616,0.3112005651401732,,0.3105094949034042,,0.31086703413449923,0.3117325634820615,0.310766749555142,,0.3111463997275838,,,0.3107407672642178,0.31083673934354,0.31092982549545933,,0.3116811406425062,,0.3103538997814692,,,,0.31035475594131245,,0.3109872086200211,0.31096670521868297,,,0.2885145418050657,,0.28832904848745844,,0.2884972394825703,0.28887555499728407,,0.28778043597329533,0.28857201924340575,,0.28872992199205205,0.2892001043353477,,,0.2896682740665394,0.28853255715404735,,0.28882808045592706,,0.2887213993593862,0.2893152469586124,,,0.2882231501885965,,,0.2881653628838261,,0.2885744423995018,0.28810464120339185,0.2877634922960807,0.2880011329413915,,,0.919222399588358,0.9217362905703522,0.9189246445891316,0.9204050088568038,,,0.9201574917158043,,0.9192552305287225,,,0.9195436070027555,0.9194521642271891,0.9212428020026829,0.9234291624378904,0.9229139018426115,,,0.92153704055435,0.9212962330527944,0.9219819737236401,0.9178776913051673,0.9178852340781064,0.919200872950073,0.9192653523844455,,0.9191261068094212,,0.9198272295085994,0.9177123029300915,0.9205693276513278,,,0.9227640213429039,,0.9225803098635212,,0.9241487093148053,0.9206913694629195,0.919185706118666,0.9216524944640684,0.920951354690801,0.9198090919222006,0.9196580239959673,,0.9186542543466686,0.918871192278915,0.9202808692717168,,0.9220805868469217,,0.9180880176936772,,0.9206814387328189,0.9206869721698164,0.9195261780362055,0.9203821649359406,0.9212329865198344,,0.9223743645064868,0.9221208309483669,0.9214660229144809,,0.9204621930168378,,0.9198295447065041,,,0.9219259736826843,,0.9188142934864841,0.9210825613929021,,0.9193887872976272,,0.9202990620505686,0.9205487464146135,0.9238714779594754,,,0.9235597354565791,0.9227761923974704,0.9164022788015918,,,0.9401574146307067,0.9416015845569653,,,0.3245572554996648,0.3252219571538786,0.3265143927920178,0.3237535544726717,0.6095038113807019,0.607926852057196,0.6078422366418864,0.6083856410630386,,0.608995622620441,0.2267128918228717,0.9420635413199537,0.9209663343041935,0.5864398560507865,,,0.57029884537044,0.5723623117143068,0.5711473737990523,0.5513986452138886,,,,,0.9120199664276146,,0.9401381956999718,,0.3013524589383817,0.9438032455935528,,0.9462022642359132,0.946468977773819,0.9477524773800465,,0.9446605432468607,,0.9456813125717086,0.9147398783421319,,0.9547738897202134,0.6083290694561938,,,0.6062755551392546,0.6059006432409809,0.6053643501867402,,0.6080660741568382,0.6049727233045047,0.6051467892181137,0.6082895279417138,0.6067751873413998,0.606939541080568,0.6077221510698164,0.6050658576347575,,,,,,,,0.9224800579141754,0.919200379993934,0.3431249409895849,0.3425593733568277,0.342744357241474,,0.9634711604321818,0.9676361207835381,0.9629489379461607,,0.9222734545564,0.9227083325737593,,,,,,,0.6174495376938491,0.6194209843266292,0.6170091633943513,0.6181781060382411,,0.61778509917066,,0.6188568932460182,,0.6175496101797195,0.6155731017313886,0.618075718647371,,0.6171067732461568,0.6162657317816628,,,0.6168969192000598,0.617625386571762,,,,0.6172744616828207,0.6184161979047599,,0.6166046481072758,,0.6174570252218252,,0.6172766839531164,0.6180241343763261,0.619162774471532,,,0.6176641610135161,0.6176026701480601,,0.6169365010146768,0.6188805260996211,,0.6175200599163165,0.6181131456743002,,0.6173371586220106,,0.6186253251369062,0.6173457404466549,0.6167277346108501,0.6171054138547066,0.6181833266904141,,0.6187656447467321,,0.6188634952949017,,,,0.9364874010744968,,0.9375853742786517,,0.9386670687038072,0.9388423768610845,,0.9395956851561958,,0.9370416794173239,0.9378061645125022,,0.35997379816836217,,,,,,,0.36075900782636205,0.35901609057170136,,,0.36056979156803526,0.3594539196389867,0.36022777631837904,0.35912297701605767,0.35953754169127466,0.3598679300492238,0.360805500434893,0.9393388840625582,,,0.9402014497815026,0.9400827680376528,0.9430472205203385,,0.9398588063104132,0.915228204566718,0.9170676118857688,0.9181318265325789,,,0.9158629305306909,0.9169577894772006,0.9182681775794614,,,,,,0.9171200463825001,0.3592170247166889,,0.35993181600997187,0.35995786233581795,0.3602283332166614,,0.35988591057317326,,0.3608062598364598,0.36181748094587624,0.35963769591116324,,0.3558316041357137,,0.35982875622570076,0.9174617181600632,,0.9184890122107805,,0.9169636918692373,,0.9167669956639881,,0.9401338184256631,,,,,0.9386111719430242,,0.936292214857717,0.9404772149296808,0.9396050468828747,,0.9364664116824042,0.9406837360763846,,,0.9380858166468137,,,0.9392828436872266,0.9373037545703864,0.9389172239929312,0.9369887348490421,0.9405871002292737,,,0.9379093221615509,,0.9210207879120444,0.9196635982903328,,0.9184765055401976,0.9201294991633967,,,0.918905794816714,,0.9166014574024012,,0.9171531945800969,,,0.9173510006274496,,0.9188354161796966,,,,0.9214491266057345,,0.9176999785463138,,,0.5911746414714562,0.5904130962325727,,0.5903835172570048,0.5931894658630522,0.5921707755269201,0.8658493312373592,0.8522636106994343,,0.6525532619439607,,0.32689921133929023,,,0.6635262230880852,0.661398169863931,,0.6628876541526063,,0.6637932435086642,0.6625975164852032,0.6646294839573671,0.6617634136960246,0.6622794535131662,,0.6623370124624707,0.6619008792466098,,,0.6642004706267487,0.6646285126551671,0.6625955903172879,,0.6645839846828226,0.6627993880695332,,0.6641717810397577,0.6614095980455064,0.6654465400057308,0.663508039487146,0.66186645929349,0.6629235624670887,0.6623118262688245,0.6607580494152503,0.6644460019381582,0.6644867891007953,0.664167902356163,,0.6626736975642297,0.6631166764787418,,,0.6647795510227535,,0.6627422136129381,,0.6640682796889397,,,,,0.6636835999378506,0.6630048631574543,0.6638046434379155,,,0.6636315159473761,0.6629407986133682,0.6650493543668216,0.6594773586340907,0.6645110951243971,,0.6648786666281549,0.6624221732333978,0.6634815001869809,0.6627367474680587,0.6634083036132178,,0.6637333106136407,0.6631899892729779,,0.6623183372587202,0.6638628931163952,0.6671347647134708,0.662683633647444,0.6633648298862869,0.6642953598529222,,0.6631138289611419,0.6620759288948038,,,0.6629555627994487,,0.6625854111015261,0.6628438438865221,0.6657958827831085,0.6621411048475415,0.6635051528569761,,0.6623536874307421,0.6652295277858892,,0.6634514455462979,0.6644068057528729,0.6636947889833786,0.6632118266433281,0.6647259803641035,0.6648538917479967,0.6618203788893465,0.6633116293548397,0.6646051205822623,,0.6641841056245845,,,,,0.6647740668826594,0.6654048156395557,0.6628681775261954,,0.6650007235833607,0.6638337013254294,,0.6649622623052843,,,,0.6640186006654234,,0.6636366985254024,,,0.662746927452581,0.6647475405355531,,0.6625859048510648,0.6625209236497343,0.6632506838392215,0.6619937263938005,,0.6614630557892215,0.6631573998628106,,0.6639785821428418,,0.6628654983610728,0.6634755140748455,,0.6618046369404168,,,0.6642381856201158,0.6646389939573788,0.6643056570413582,,0.6657352077553167,,,,0.6641761021829231,0.6627064683963949,,,0.6640127327711965,0.6625341421121412,0.6627510840622075,,0.6638087965788706,0.6651790755780964,0.6613282930777822,0.6636573947800863,0.6628672677699768,,0.6629335849525724,,0.6636625537472872,0.6645016684364192,,0.6160544815564866,0.6151236076734731,0.6152028545418,0.5727711971300286,,,0.6193819852814539,0.6185343899795611,0.8550288421136322,0.8569411877802793,0.9380195523491216,
7,5,DG_10pct,20,Z06_F02,6,SLG_A,175002,181927,True,4365.837437010926,4375.419962367988,4400.822389162849,4532.674151589261,4561.972548798604,185.96346374485915,213.66472052565516,1246.9349421137204,1266.9251611894845,889.9852654172303,897.3978142274841,423.89899077534324,136.00443553366284,100.29395505007433,98.15501314120469,185.49862962032316,216.52951410466235,25.92178286024278,448.2337192546808,382.45260809581686,0.7418416058724221,0.7420366362864743,,,,0.945322689666958,0.8366779590628911,0.6029621292547975,0.6038302102019568,,,0.5435706107813983,,0.5420531997343079,0.8329876373420346,,,0.9329617323606305,,,,,0.6053526979453914,,,,0.5992435389134018,0.5976096657860731,,,0.6078158157299256,,0.6063912373381267,0.6081608936411637,,,0.581539139348504,0.5798570239712793,,0.5799731475850352,0.5807292935165639,0.5793527055414288,,,0.5819917145721633,0.5812891046431757,0.5807192630163819,,0.5817690695554941,0.5822755011389864,0.5808824277528654,,0.5805841943075016,0.5815558549633698,0.5814419501806805,,,,0.46013241806716765,,0.9238887301485833,0.44796265251059825,0.4471205938430248,0.44709788961801405,0.4479986896573817,0.44701548234078914,0.44778188894170945,,,0.44793729337849075,0.4486183908863975,0.44758349360728933,,0.4481223531739694,,,0.448183993769621,0.44859622575780655,,0.4477414016573312,,,0.4482611038099125,0.44892685636219204,0.44747491956601804,0.5425735331439777,0.5404436058471281,0.542739904378137,,,0.5257472151774218,0.5247162403040138,,0.5241988035325467,0.5254453024149768,,0.04426152534127237,0.0441895244200146,0.04423527599227856,,,,0.04421240854396001,,0.04419064060525984,,,,,,0.044283208846739336,0.04420302151006669,0.044251148629928634,0.04419831342923659,0.04422529702429911,,0.04429207433581244,,,0.04417098888718343,,,,,0.04414337442516929,,0.04415869940666284,0.04424593472964712,0.04417469456573108,0.04416974015988465,0.04422807310644845,,0.04434103977957578,0.04431962503979925,0.044253968067991506,,0.044126324339785604,0.044159519519830374,0.901710852272336,,0.9011535177406437,,,,0.9026702385564918,0.9033135054724353,,,,,0.9038472884983431,0.9029123282392583,0.9041812733365125,0.9054412323618032,,,,0.9039157132573826,,0.9041216376201675,,0.9015704480590373,0.9012656127717766,0.8993582721983903,,,0.902726203437194,,0.9019152656414116,0.9021037899212488,0.9036065507581168,,0.9036231406136004,,,,0.9054345404725128,,0.9020720471018503,0.9027703992846458,,,,0.9363397569742627,,,0.9375667777746561,,,,,,0.9357203312146362,,0.9357728529908109,0.9366540762820532,0.9358758413789217,,0.9363428708076355,0.9365547709544572,0.9323118467122369,0.9367146859436851,0.9347307717730367,0.9361832404088252,0.935109776595138,0.9343350438681647,0.9327577941594002,0.9324432320605839,0.9352149517964714,0.9346653677330609,0.936654335109762,,,,0.9350603719985758,0.9347925984115407,0.9351642375643396,,,0.93558336959422,0.9324204737387629,,0.9327933899773185,0.9389431181276314,0.9358117848590859,0.9321952522774372,,0.937264102737612,0.9348528536085879,,0.9342128520186856,0.9316448368758834,0.9333892355438145,,0.9342666778341797,,0.5251350008876009,,,,,0.5230544715796351,,0.5248765063843382,0.5244240810978414,0.5215130002924238,0.5232294014698049,0.14967174618599102,,0.1494630414270342,0.149195712617382,,,0.1493698127581832,0.14948887977021977,0.1493547008069907,0.14977042634568888,,,0.1489065816194174,0.14923499263145693,0.14944103327437133,0.14911563946065212,0.14962665171866135,0.14948221117251706,,0.1494563331242782,0.14984627385143873,,0.14922739847003413,0.1493861144637218,0.14916289294171725,0.14927162184679135,,,,,,,,0.1493375334817112,,,0.1491785613613768,0.14907274851919547,,,0.12104344389209591,0.1207095901707292,,0.1209008100088784,,,0.12090991852919943,,0.12134843565967723,0.12129662076916821,,0.12102102162259239,0.12082652454741158,0.12063615556775725,,,0.12112307807859365,,,,0.12085498389967719,0.12087675515632117,0.1207755872195338,0.12112718489666925,,,,0.12121610702893931,,0.12081154545258267,,,0.9009017814468485,0.9029987495787829,0.90071156675348,0.9018480028032432,0.9014413038384427,0.9041886603698498,0.9026127672995066,0.9007414372671512,0.9014126411456032,,,0.9043057325634014,,,0.9062699314395929,,0.9041576027266774,0.9013385024714008,0.9047364591082436,,,0.905418184002355,0.9017486776116375,,0.9028290409940177,0.9013089211568501,0.8989059956758232,0.9019530989882105,,0.9004698707232994,0.905182874079488,,0.9019304669144234,,0.9023738631530536,0.8996687652236437,0.902162711735112,,0.9014394520947631,0.9028769859276742,0.9035565891951286,0.9007716559894116,0.9029175816912856,,0.9008796412454301,0.901365325183279,0.8998556628429218,,,0.9005373879355516,0.8988151631956108,0.9016576551095294,0.9051657006327108,0.9004126460526835,0.9016590403197537,,0.9003174929139064,0.9015086098763109,0.8998251864206943,,,0.9046657630292521,0.900221302526731,0.9020866008706719,0.9029360528928774,,,0.9044697371758021,0.9003553819900804,0.9014412294877993,0.9023661841856134,0.9051565673999984,,0.9044415280771062,,0.8999636980888904,0.9032213363551594,0.9024436922830791,,,,,,0.9029567438375002,0.9047550546975166,,0.9322700263372251,0.932270892726564,0.9326043913071197,0.9322876928977564,0.16648564170097618,0.1667952121488976,0.16700504024047588,0.16704245465990994,,,,0.5447092608937572,0.5454185351311432,0.5468251520920554,0.5458520652936358,0.014117185023096026,0.9380593581472433,,0.5242437288737899,0.5241274241414953,,0.5099716250257096,0.510380739105098,,,0.4979701207306469,0.4981615833973814,0.07221009179180693,,,0.09848884455316706,,,,0.936430530884035,,,0.9457079662077644,,,0.9431950508109772,,,,0.9541451458399614,,,0.5414883496879853,0.5417640002264938,,,0.5395368200110611,0.5404424241706516,0.5407005864492958,,0.5416160462139382,0.5428680598184247,0.5425441252721735,0.5419222604467685,0.5420747283652285,0.5410816503822798,,,0.5419943982810445,0.8926234334827945,0.892597881014497,0.8917100875086225,,0.8920683334454461,0.8904975394615741,0.15723469815250163,,0.15708497865979357,,,0.9637004402791566,0.964624191649105,0.9644813903937433,0.8940211337630248,0.8925948248146203,0.8922701432513935,0.8901312015294122,,0.5510665761732948,0.5507882486577986,0.5506665344039201,0.5522366101775348,0.5517015898541394,0.550364179401269,0.5501756961638271,0.5501174081792904,0.5510823022468938,0.5508100898683285,0.5515184191178683,0.5516493582038681,0.5510789539888026,,0.5515557074755675,,0.5511119844204073,0.5524587534327441,,0.5517131780456775,0.5509354830208084,0.5503471943754827,0.5528075506114446,,0.5504369689949241,,,0.5509329334626343,0.5525171937200329,0.5526680936195795,0.5501828231679974,0.548822923812753,0.5509269229755382,0.5523415328473921,0.5503529244472402,,,0.5513694575727769,,0.552370901166935,0.552975541500612,0.5523055932864788,0.5519812560566119,0.5523484326488203,0.552507499275173,,0.550531998336734,,0.5520506296490945,0.5502604056381805,,0.5528205306698527,,,,0.5512025390850702,,0.5508899456171595,0.5514624558762363,0.9300220895238906,,0.9278059985122233,0.9296063167553064,0.9273608775451987,,0.9278560196502523,,,0.9309455792104282,,,0.21103935058786072,,0.21062866282501957,,,,0.21208923257951037,0.21131232356156454,,0.2115734443924994,0.21086012218818037,,,,,,,0.21194830370061635,0.2111139201023126,,0.9278461421257446,0.9312450444488817,,0.931868358371609,0.9306521644221246,,,0.8996256127028528,,,,0.8966379497256034,0.9006320867440613,0.8975333742222609,,,,0.8976502576574922,0.8969107705743435,0.8987158381116047,0.898600410847195,0.2106853920801259,0.21052549616839566,0.21078129558681208,0.21056279222551647,,0.211334705078992,0.21160548117127767,0.21108278585814952,,0.21011194205864053,0.21135568863120868,0.21084565958598864,,0.2103484795466443,0.21032227730216935,,0.897695293029225,0.8971593038626365,,0.9002815576322182,0.9028895590773255,,0.92983888859023,0.9300665944163813,0.9286537276261252,0.9295829823727225,,0.9291962268299022,,,0.9297953298216991,0.9281798040865696,,,,,0.9299403603101742,0.928771448523135,,,,0.9297654353906987,,,0.9305188275092634,0.9293013337383468,0.929630553291006,0.9300505178590406,0.9285653886850602,0.8992668292458396,,0.8990293786633954,0.8997441286350606,,0.8956534515932206,0.8995911905641726,,,0.9000788198146485,,,,0.8987827531754906,,0.899032982051214,,,0.8987194484084985,0.8964564702184464,0.8996506487522369,0.9019242575545081,,,0.8986959720086589,0.8966088793861738,,,0.5276640657517989,,0.5270900779816844,0.5286853567022675,0.8469253460372013,0.8319739373500618,,0.591151090717774,,,,0.6037925557844989,0.6045604215347498,,,0.6050107169749749,0.6046767334843243,0.6047285575173396,0.6040099466815783,,,0.6074071041167746,0.6067176496682395,0.6038600201327081,0.6057722677735595,,0.6059350572376667,0.6048748660216385,0.6062608155908803,,,,0.6047142888967842,0.6037757191371763,,,,,,,,,,0.6042969881437911,,,0.605348623005693,0.6050452418721591,,0.6045022703349192,,0.6038467299994769,0.603107061025361,,0.6069471248482442,,,,0.6057710581499991,,0.6043505853001216,0.6050373143656457,0.6051443936588727,,0.6057500689226791,,0.605747077510325,0.6053024305927657,,0.6063923973919001,,,,,,0.605072495491859,0.6055484333242256,0.6043547780355027,,,0.6055499645220828,,,0.6046515765289465,0.6055042884604247,,0.6067224723719674,0.604911324613105,,0.6060717511046158,,,,0.6056328635449127,0.6045121315633452,0.6046727590298083,0.6056006442888686,0.604294979616913,0.6060239572998631,,0.6060125531626921,0.6051352005906747,0.6048515912732763,,,0.6063468415215014,0.6057004676724211,0.6053560600764151,0.6077473789334963,,,0.605841408861402,,,,0.603528972654977,0.604390217047406,,0.6044637022502338,0.6043843754612894,,0.6052117495704754,,,0.604901520733734,,0.6042039455808277,0.6055427781906677,0.6041603008608931,0.6066825979789614,0.6053653265106047,,,0.6039324697781907,,0.6064605734070083,0.6055037205399664,0.6058549635836885,,,0.6047826965362756,,0.6032726126121707,0.6060359991135016,0.604764401706213,0.6056444648109605,,,0.6052594500487457,,,,0.6046025539567318,0.6060836884313255,,0.6055669305657774,0.6047640368481889,,,,0.6058096160740002,,0.6054042260667931,0.6053673245084403,,,,,0.6057030413284843,,0.6058136629514586,,0.6056820069401821,0.6062164498068504,,0.6040444370332795,0.6055294610052014,0.6042587186062115,,0.5516656427021185,,0.4897649355042499,0.8448988552995293,0.9268357909854261,0.5434396945688931,,,0.836641686712933,0.9335637208652366,0.9359175548804628
7,5,DG_10pct,20,Z06_F03,6,SLG_A,174990,181925,True,4400.329280505743,4404.5224659904825,4452.779178356486,4579.706379865867,4556.932408356682,186.39863954329937,214.71589873993702,1242.9144124866264,1272.5117053901874,891.7356386978121,893.3693853429487,421.47274883564114,136.96090916814265,100.52802315418688,98.61596571016148,187.24978636392748,215.76821387808505,25.959288004461076,450.3633331209906,380.86949215956906,0.7413122086932521,,0.7412527260985013,0.7311970805227817,,,0.8377524101146071,0.6016483023669806,,,,,,0.5428043180774068,,0.8338147251443795,0.8372784727890547,0.9357693214387636,0.9316546357916459,,,0.6015131290123186,,0.6018643312341612,0.6008380940966701,0.602808833891986,,0.5963451905382726,,0.6037115461263761,0.6054654311529193,,,,,,,0.5763650908926418,0.5779154482566564,0.5790326024531465,,,0.5782600674721989,,0.5788890940351384,0.5801750859875254,0.5786934185706469,,,,0.5791898081465522,,0.5797469619850456,0.5782866545741622,,0.579349159601139,0.5779487681711422,0.45438510684525524,0.4567082846429291,0.8421687654684243,0.9243032316881891,0.4446286130593948,0.44303695847086444,0.443646843731265,0.4427773444311675,,0.44541703430534896,,0.44465711366526406,0.4444361111029486,,,0.44564247326959616,0.44452906833360784,,0.44429146950383547,0.4457506667250608,0.4443659433099326,0.44359779081326745,0.4431806722338633,,0.4428784386893992,0.4448226970126998,,,0.5396564796882289,,0.5399017400566347,0.9326941063438843,0.5231802898972094,0.5219363694578191,,,,0.5224220312546858,0.03669206847758942,0.036603311094447755,,0.03668518718435089,0.03667898095213984,0.03645665767337047,0.03658952735794454,0.036622352470063756,,0.03667707853718288,0.036603055064075754,0.036571852094119874,0.03664187855315937,0.0366889422434047,0.03663042437870475,,,,0.036643333612885104,0.03661619282813547,0.03662929900079972,,,0.03651889188621827,,,0.0365260904828797,0.036663139243883154,0.036632401834388637,0.03665358417536999,,0.036565162711671505,0.03652539707828258,0.036578508344939906,,0.03662117208141193,,,0.03662910761266876,0.03659506344719504,0.03656138222234691,0.03654572172720492,,,,0.9020448976051196,0.8994270054621603,0.9021453538123423,,,0.9016543042582588,0.901483378087948,0.8984020151435541,0.9015995682174253,0.90526300968719,0.9021086276667966,0.9002537582528738,,,0.9038027174357401,0.9042035496736783,0.9031176694975345,0.9009610837301655,,0.9005934233855382,,0.9028418121872372,,0.9021153122744324,0.9005143858159724,,0.9040090677729826,,0.9005809913016709,,0.9027220847386591,,0.9016650033734026,0.9063880501345606,,,,,,0.9006951681400205,0.901995157095172,,,0.9332669109459716,,,0.9344740957230845,0.9341205335204772,0.9348227785478445,,0.9358203952871162,0.9375678532808307,0.9341327673415586,,0.9363390151942876,,0.9342110730866549,0.9358645435942747,0.9357879278455377,0.9347031781411739,,0.9356375686682499,0.9364958153442399,,0.935355604750929,,0.9324756048903142,0.9304014173106581,0.932644830883169,0.9340089383508207,0.9342184712127817,0.9350158345877929,,0.9317612841028189,0.9317526972541933,0.9323100096435183,0.9362082897677685,0.9342302048337024,,0.9359770826878805,0.9317690394971139,,0.937030098118344,,,,0.9342048992487403,,0.9341177432410054,,0.9387192866102926,0.9305682341199731,,,0.9348654042982432,,0.5216592784046462,0.5212963340137312,0.5212150643103636,0.101640864937335,0.0008061241017091951,0.5216507153601342,0.523480359513232,,0.5216492745041068,0.5234209090276142,,,,0.14247784461360716,,0.1428195913979621,0.14230467733311658,,0.14286583024826752,0.14272704740166994,0.14286138899317194,0.14226775898237692,0.14266867945464382,,,0.1429109846945427,0.14283887579125149,0.1425137260792896,0.14236293561830446,,,0.14265903765336607,0.14244726531502028,0.1424417673692192,0.14231205833141916,,,0.14291626995934775,,0.14215150836087573,,0.14224414654729767,0.14255324591871532,0.14251681585354184,,,0.14279022662592836,0.1427775942373288,0.14226228211170297,,0.14257295298639416,0.1139884490236509,0.11370712837392001,,,0.11340753519853417,,0.11402667605904757,,,0.11411615347762259,0.11398750578881561,0.11412185385247899,,0.11399645009833173,0.11418720534110818,,,,0.11396258056847633,,0.11408548880385988,,0.11347445842288917,,0.1136512815300539,0.11370847842103385,,,0.11424652120384651,0.11388195641570185,0.11374079774881661,0.11402696550058797,0.9010874896336406,0.900632821657909,,,0.901311881196669,0.8975634575846422,,,,,,,0.904322577039918,,,0.899400921345374,,0.9010243177141267,0.9022376080127856,0.9023590641057507,0.9047187546586276,,,,0.9011903297289491,0.900538072416125,0.9006694471137425,0.8999839661072399,0.901070008093423,,,0.900117796922297,,,0.9021656026948109,,,,,0.9015589278752332,0.9030475459957631,,0.900003515517664,0.9002365427090858,,0.9018679162819813,,0.899318360891694,0.9010606052203278,0.8990605528779947,,0.9019659902139247,0.9000468217002301,0.9021350419778709,0.9018334222514051,0.901719424677024,0.9005450602952499,,0.9021911110871509,0.9015617399476089,,0.9019695533829369,,0.9031458496958762,0.9015868990838024,0.8995457278597409,0.9031209021803734,0.9008734785543173,0.9035001966144608,0.9009356083760329,,0.9005491989226356,0.9023862340524114,0.9040944353478161,,0.9037799291300581,,0.9053737733189635,0.9038410898185801,,,0.9038458708345799,,0.9037233133521231,0.8992556256607276,0.9016886811163087,0.9322680044646945,0.9345004173448515,,,0.16023748779362582,,0.16006097926098786,,,,0.5448968762628446,0.5436539996424146,,,0.5443890171902019,0.006668638833659919,0.9387517044196458,,0.5224538227061091,,,,0.5094940394344629,,0.497057892786198,0.49536089831932395,0.49685816835934504,0.06839390526675203,0.9174696989183346,0.8954726240176679,,0.9303956875090283,0.890132898163862,0.10386478621406446,,0.8872698693276977,0.9417478150431424,0.942264417127295,0.9414976476937384,,,0.11251479673057764,0.9415983934637292,0.8912456951175276,0.9501973863028222,0.949814129249458,,0.5402508111835934,0.5387158080441864,0.540476873352215,0.5392376733595495,0.5390409775509966,0.5403354186365047,0.5415100373319451,,0.5401269289388146,,,,0.5390558590603572,0.5398140837788137,0.5380270538357289,0.5388148387827887,0.5411653633875517,0.8914335352081008,0.8918681835932691,0.8903126806781181,0.891789246218606,,,,0.15261418448597308,,0.1522297464075256,0.9644853105169763,0.9662075485912965,0.9650953507728507,,0.8897589174087539,0.8908324823672862,,0.8931902101012654,0.5507497332168868,0.5485050731809961,,0.5490573319787153,0.5490655939713834,0.5503371286065347,0.549297533733445,0.5486239848305476,0.5503152445392732,0.5483251623371013,0.5485940479601907,,,,0.5500647550563001,,0.5495870960496901,0.549984140345487,0.5489411712773056,0.5502581426934943,,0.550549667013118,,,,,,0.5491839150059465,,0.5494271692385162,0.5499577484853752,0.5496378571427585,0.5500683817171468,,0.5486209959713819,,,0.5516018065859148,0.5507668679120956,0.5502730186389205,0.5503525319027451,,0.552024436212684,0.5493663225316746,,,,,,0.5513536099461503,0.5496117787124226,0.5499668310319736,0.5491990126061288,0.5504856091495646,0.5504957222000051,0.5503288404403043,0.5507694383451801,0.5495509445742478,0.5503624755826384,,,0.9278950204272589,0.9261124408498449,0.9271265788590611,,,0.9279467895117928,0.9287142270887465,,,0.9290109566649206,,0.20509638262970498,0.20491354687438107,0.2050575244355207,0.20513867671403188,0.20538835725406068,,0.20488912878838358,0.2046392777606533,0.20444428203648252,0.2048057777552962,0.20489923005933763,0.2052011245281748,0.20503440632111858,0.20470154481244626,,0.20469872482400123,,0.2042515767219737,0.20504468470162593,,0.9290510789897758,,0.9309739625926072,,0.9292662147979914,0.9333453866189295,0.9301855630293974,,,0.8992266158070986,,0.8988165166053124,0.8990353959062141,,0.8996921018148453,0.8933878590223207,,,0.8968860155667162,0.8985055738400767,0.8977901581733001,0.20507362792272793,,0.2047712657218817,0.20446759929496544,,0.20444406027395418,0.20472962268767217,,0.2057714650037649,,0.20487298044047753,,,0.20442828007062944,,,0.8976344272595859,0.8949840861767417,,0.8960930730272573,,0.9020366971727094,0.931063241511813,0.9276300507501037,0.9285456272281997,,,0.9293973256043714,0.9269971630187978,0.9290208579697908,0.9282379605059291,,,,0.9291954359792283,0.927169411347732,,0.9301543055109638,0.9311295714427862,,,0.9324045052591697,0.928424901965881,0.9302311400455286,,,0.9295187046790656,0.9278437814140719,0.9324447784126283,0.898382254943255,0.8993147868990419,0.8976402801143127,0.8994988963169073,0.898574487485573,0.9016555428617633,,0.8980045824675577,,,0.8944584664712191,0.8964264571330308,0.8977925605793352,,0.8968860242064296,,,0.9007750762376963,0.9019078417175346,0.899836057446621,,0.8976585485206228,,0.898957702056981,0.8981589923061585,0.8975978125596679,,,0.5274360852565286,,0.5272391858262099,0.5256380561874081,,0.8313706359136769,0.589254249468467,0.5898273082056684,0.5895645442613479,,0.6043086904842302,0.6031132514805277,0.6020912891900909,0.6029065086855996,0.6037194577349657,0.6035463650886513,0.603406059284817,0.6025630038847383,0.6024690038331953,0.6036053285240519,0.6022419410223762,0.605244389450696,,0.602318493883014,0.605042881572304,,0.601534835267861,0.6052684659120264,,,0.6037229026624267,,,,,,0.6010975810528655,0.6046426727508352,,0.6038074958787663,0.6031874347301278,0.6029683218646771,0.6038219568369104,0.6033872944400736,0.6038465075421362,0.6026143022776896,0.6029977037648258,,0.6035314368608231,0.6025100572435708,,,0.6028520188789653,,0.6036158453892386,0.6044787905061005,,0.6033322099571446,0.6054316174925815,,,,0.6045424942930216,,,0.6022337582174225,0.6045854585345677,0.6030956694529518,0.6025481571886198,,0.6037813002888767,,0.6014278621439505,,,,0.6046703736424777,,0.6021733264545769,,0.6026753467338276,0.6038038237666691,0.6037535409718088,0.6039948617232392,0.6031391677736864,0.602735452680184,,,,0.6039872443529292,0.6041540307684702,,0.6057162639317625,,0.6034202930813053,,0.6036395601433933,,,,0.6011765043970951,0.6019109367206393,,,0.6030026629473226,,,0.6027639561464578,0.6044446919921713,0.6029441562201989,,0.6022594022009617,,0.6041672098015146,,,0.6044060426133816,0.6029052159190775,0.6033360903078341,0.6020212438085562,0.6036457547613892,,0.6035544792300132,,,,0.6016475286248681,0.6046709259122273,0.6035299795654828,0.6022302222357515,,,0.6032410691125834,0.6033442388646382,0.6029751097402976,0.6027117305515447,,0.6044537625159696,0.6021925441075452,,0.6038907835610537,,0.6043297529730886,,0.6036997714253234,0.6036812357029012,,,0.6013934996736483,0.6021633370208613,,0.6018296414120112,0.6034908588481879,0.6021327060044517,0.604000294597248,,0.6020257345531779,0.6050835572956755,,0.6024921096709113,0.6021833416927537,0.6043681429711845,0.6025155076290759,,0.6009768859454506,0.6031308801046436,,0.6031448912066499,0.6048623076261108,0.6021430439753684,0.6049205798320475,0.6040334161537924,,0.6024537534166844,,,0.6022260678708645,,0.5485154741667926,0.5494699776217377,0.5480895194246955,0.48480543758438377,,0.9247874505844041,,0.5415684054867951,0.837985557783808,0.8355737591291017,0.9314874792530029,0.9328289172020069
7,5,DG_10pct,20,Z06_F04,6,SLG_A,174982,181917,True,4441.983090425642,4426.285226973388,4478.4208790865,4639.962367921366,4600.944574682781,193.265493625952,221.56604975936176,1207.9526946837484,1243.6727131675764,870.0105022346883,877.664144216582,415.7318983414681,133.88539598363937,101.9381182863021,100.67035560326816,193.3742771524666,228.73713295359278,26.17345055814654,434.24343419415203,370.454370232344,0.7394311322906322,0.7383350603536557,0.7413527732605193,0.7287116393339348,0.8514709088445883,0.9460822012831045,0.8380768647027794,,0.598520354477683,0.5997144585333393,,0.5358396346597346,,0.5356057780624871,0.8347817351472865,0.8343554650313715,0.8400206821704301,0.9378997799773049,0.9362786427787031,0.9336752938627645,,0.6022646115025817,,0.598900420080522,0.6026634637218505,,,0.5945642023058852,,0.6028964784330902,0.6008516979115814,0.6032439954583282,,0.6032794759575201,,0.49560080399745676,0.575420407661002,0.576689068120476,0.5752062523383984,0.574215680591234,0.5739059223682309,,,0.5760554116824059,0.5760454592240515,,,0.5765879359145573,0.5756860269075712,,0.5766710130475932,,0.575069978918874,,0.5759745568795941,0.5785587731413784,0.5773836232106432,,0.4494287820303527,0.8436665381057277,0.9229990605451889,,,0.43843620173608167,,0.43797979672964155,0.4390613842845752,,,,0.43880993221500814,0.43772033756645745,0.4392539952225095,,,0.4400228140821692,0.437919087484945,0.4382174023436706,,0.4396681242240588,0.43801588039092154,0.43886343449814147,0.4377211975183074,0.4388971523693883,0.438390641416911,0.5384284254901397,,,0.9367065690181312,,,,,0.519625265774939,0.5203316085706282,,0.014321318207614625,0.014348586440251752,0.014296810756536401,0.01433239601464078,,,,,0.014323172452818157,0.014313611255618024,,,0.014366607156232116,,,,0.014318340891489615,,,0.01430767790428001,,,0.014339548404974872,0.014321192796336814,0.0143024966042325,0.014336836596732029,0.01431598098406847,,0.014308511098009622,,,,0.014325565325411361,0.014277101041915208,0.014274062948584116,,0.014322944327715751,0.014332926863842493,0.014270366697619804,,,,,0.9031136531009282,,0.9064201329558041,0.9045449202734308,0.9033891123893475,,0.9059718767547593,,,,,,0.9062636500697284,,0.9077741820923584,0.9054590950550149,,,,,0.9029549862237116,0.9054425079838138,0.9037084360963473,0.904777704185519,,,,,0.903554403882948,0.9041664726377839,0.9064936520992007,,,0.9052748324134717,0.9053649370680176,,0.9037837944727,0.9053541333552367,0.9040373742298781,0.9053085300478181,,,0.9032708578269993,,0.9406089148630943,0.940176777142497,0.9400007571251013,,,,,,0.9416319118092024,,0.9398642967529847,0.9409028064062172,,0.9385501476914437,0.9411503793784741,,0.9381473327314622,,,0.9398659569638038,0.9380710312230638,,0.9391829909910885,0.9364353841884389,,,,,,0.9381084683211603,0.9394503017357069,0.9372433540612678,,0.9381910821022449,,0.9368793925318682,,0.9385012448284019,,,0.9382001367571375,0.9389735265647341,,,,,,0.9395151028832235,0.9365777098923044,0.9376521931260353,,0.9381433666181714,0.9385688598356935,,,0.5204157573130542,0.08923679519713026,,,0.524077330154402,,,0.5246514239152017,0.5242809373539794,0.13102640553088954,0.13138613861631254,0.13116078338220338,0.13095000672066898,0.13124730767971352,,,,0.1314394233971362,,0.13098386159754372,,0.13138056977593637,,,0.13130806587948485,0.1309888204790628,,0.13182335201799625,0.13124881901963656,0.1315871877177454,0.1312069643661216,0.13113952465392725,,0.1314231972512921,,0.13096751422273922,0.1311537173254138,,,,,,,0.131049584058815,0.13088005120633006,0.13105570099557284,,,,0.10205586568232501,,0.10183311448497255,,0.10186183482049672,0.10190531943352496,,0.10180147441125792,0.1021234028544704,,,0.10180127476717495,,0.10192668700969931,,,,0.10180464124860711,0.10181821509816642,,,0.10185573652147356,0.10185212492928616,0.10186139229812324,,0.10182012088602088,0.10174010617084629,0.10180184628977158,0.1018976974602547,0.1019817823932644,0.10230908905218711,,0.9023618416932472,,0.8989908999062589,,0.9042842075647537,0.9033106239261985,,0.9058107702743348,,0.9018971571115679,0.9027067201007081,0.9054700415356498,0.9015869646982761,0.9033055485066408,,0.9044066445140178,0.9008448064093812,,0.904021156793404,,,0.902203284088925,0.9000203089227155,,0.9036199188269771,0.90320708230769,,0.8998549387691384,,,0.9035497301143812,0.8984544609862363,,0.903734248479517,0.9032155314572625,0.9010733777170599,,,0.9009381171689539,0.9018865043563269,0.9010667389349584,0.9033382186758934,0.9044774605249959,0.9034232738511848,,0.9009229641254365,0.9014094925996626,0.9028408834484596,0.9009535913153199,0.9013048117266533,,,,0.8997147347979093,0.9022233415106063,,0.9002212858226829,0.9021149133967872,,0.9037996212111375,0.9021068482599081,0.9034591329689,0.9035232370892485,,,0.9062039133388449,,0.9024329160558373,0.9025625479837814,0.9029238462396162,0.905048227902338,,0.9041391921796336,,0.9045604726453504,0.9049491166134723,0.9057278669994066,,0.9033777972544506,,,,0.9049040136140374,0.9038184600867186,0.9052412794631812,,0.9354954041942123,0.9344475649398319,0.9355855863874649,0.9323852212765154,0.14919710045027826,0.14916731298344196,,0.1493685242693465,0.14900297614661714,,0.5414157440461762,,0.5434759595226868,,,0.02354807070689373,0.9345572085304739,0.9015268580147652,0.5233002813769788,,0.5227172055515671,,0.5096736472838187,0.5096194682787698,0.4996665707777939,,0.498220066532781,,0.9175427994271903,,0.1081752453633088,0.9303659650768725,,,,0.890045804625872,0.9406504795206558,0.9423856734583285,,0.9417478966092746,,,,,0.9513077029724729,,0.5420374131736766,,0.5420165001477575,,0.5424682810060232,0.5422587872657916,,0.5426831055239666,0.5405213510853274,0.5414949484900113,0.5418000394892957,0.5413416392357682,0.5419195494288027,0.5407515788592943,,0.5417879431031155,0.5423730691045989,,,0.8945165340392277,0.891748054234452,0.8916394061538002,,,0.16417382786421758,0.16415963461645286,0.1643999721982106,0.1643244552093117,0.9642040952460574,,0.9616531738217026,0.9625629859409934,,0.8927447026716303,,,,0.5502976933973743,0.5505880842424878,0.5516727546358322,0.5519549319335033,,,0.5503679707335201,0.5510706123894428,0.5513222009740342,0.5513956069748802,,0.5515318296399926,,,0.5514221191105029,0.5513595902257864,0.5497431603956187,,0.5518115273335761,0.5504293723909082,,0.5517768220489336,,,0.5504635602631323,,,0.5497467439257674,0.5519607257795891,,0.5524994381403531,,,0.5495422339962237,0.5497213209716588,,0.5525771272250852,,,0.5514895028975886,0.5521481830791449,0.551766273325496,0.5527968072550613,0.5519684925248791,0.5517768791814553,,0.5524497619269731,,,0.5515479877044408,,,0.5521095427500382,,,0.5515882342100505,0.5526427626553915,,0.5520106530266243,,0.9304706098948198,0.9292338888560321,0.9288599632688757,,0.9325254685159106,,,,0.9322341652350102,0.9307005677893351,,0.1949327804050916,0.1950205259342966,,,,0.19509750456525296,0.19574068325125185,0.19519376604894623,0.19407503138922969,0.194723956378737,0.19529383842030562,,,0.194436853660402,,0.19448233739751702,,0.19460446185491453,0.194658630634282,0.931396260994006,,0.9320147346174934,0.931459764617164,,,0.9360598679332163,,,0.8977887526048316,0.8965638095507936,0.8981422826292289,0.8986217210305357,,,,0.8967690173768664,,0.897278778394671,,,0.9002605374201447,0.19490373532770086,0.19423514789926613,,0.19474418205393598,0.19501107884029395,0.19442433377870744,0.19493566521268488,0.19437453030043456,,,,,0.19229256124529098,,0.194370175655154,0.8979216862124803,0.9009338448630108,0.9012131850180874,,0.8964897379919897,0.9002448703241498,0.8989792980468728,0.9301652097486763,0.9329348492727905,0.9319100238863686,0.9273758578894251,,0.9324025300634567,0.9323686986513962,,,,0.9321765030942086,0.931305675283546,,0.9323704196429357,0.9307671514837236,0.931703102732873,0.9312159931831164,0.9298548749607297,,0.9315329275949659,,,,0.9320102792733443,,,0.9323174578799867,0.9034707464264375,0.9006026915942885,0.8978921188066388,0.9001635051476307,0.8995266067807409,0.8971621645572156,,,,0.9020083144939726,0.8997089320595465,0.8951993005591103,,,,0.9011436942297419,,0.8985344313195328,,,,,0.8992283728038755,,0.8980867358687776,,,,,,0.5280823655713965,0.5273596680157326,,,0.5859150817834325,,,,0.601920130331202,,,,0.6028516671795126,0.6029901528641971,,0.6008992384216018,0.5999063478319253,0.6004975764726909,0.6011787202814126,,,,0.6003479408819951,0.6015017914316243,,0.6018014143194359,,,0.6025930994233931,,,,0.6014478468336737,,0.5994493441820886,0.599962018534963,,0.6020940609718574,,0.6019465202400843,0.6018383927100641,,,0.5997705440186436,,0.6008111071023542,,,0.5988210155593175,,,,0.6029489171152268,0.6007446414645388,0.6009009512497439,,0.6002164108919182,,0.6001717499682268,0.6010009524529553,0.600541463581326,,,0.6012087795281466,0.6027326536932543,,0.6027661485156499,0.6010396449939129,0.6003867446654648,0.6018250746333036,,0.6027981312655804,,0.6028317835370917,,0.6002738687999404,0.6019342707563652,0.6000649170499924,,0.6016874080074398,0.6010601746283452,,0.6005620877378431,0.6013802594719698,,0.6028663447999044,0.6012617049238039,0.6006709794566486,,0.6024290855712887,0.6024172626870828,0.6019275183703006,0.6025275884963347,0.6001368479378655,,,,0.6013848385617159,0.5999537404014131,0.6028989280323263,0.6012580719751298,0.599395340376752,0.6001310193818621,0.6013714911415269,0.6020063339596176,0.6006527956556956,,0.6015001877637639,0.6019551317888422,0.6009528257128075,0.6012039537539292,,0.6006821424443008,0.6002120096683397,0.6018447369962909,0.6021916759638183,0.59946135251147,,,,,0.6010107175964907,,,,,,0.6013777087116968,0.5998278021583519,,0.6026296927015745,,,,,,,,0.600290165488212,0.6011899482032591,,0.6014666466078167,0.6007450603242928,,,,,0.6007950652369608,,0.599740011891292,0.6036642875856332,0.6001100576259568,,,0.6039567656592583,,0.6019621209237447,0.5991725467511948,,0.6024688830098597,,0.603140954296805,,,,0.6008761527484408,,,,,,0.6018197026703896,0.6019265448852342,0.6005339834927673,,0.6005795121993842,,,0.5465618005321871,,0.845261506521243,0.925418039486102,0.5374344832371505,0.5367480324381596,0.837302468188178,0.8341014919644262,,
7,5,DG_10pct,20,Z06_F05,6,LL_AB,175053,181928,True,4934.109074983188,4937.43647131039,4969.658095065213,5023.2551588984115,5000.931708844452,156.96889748183605,186.87895119100133,821.0052454422705,828.5343446560144,564.3631790234072,562.9656228473452,265.1716191749994,84.75354700178501,86.79836551271377,86.2826348540649,155.5932858895247,204.0755612950091,18.61540861323927,425.1477549801195,280.2913263024777,0.6901622697068658,0.6860224316658889,,0.7443556349259477,0.6802083726252439,,0.5940029707475196,,0.495899564396915,0.49544433402557925,0.4812400438323346,0.5619356481248005,,0.5622464304742216,0.48853358350777476,0.4859078705440875,0.487484641350325,0.7756308945526732,0.7757352412269634,0.7715565203085599,0.49686161740622325,,,0.4956602724734769,0.4961246549111505,0.4946086959641378,,,0.4945342195825128,0.4963025911857682,0.4974409294726108,0.4969578862541486,0.498419338367611,0.49667159580792825,0.4981171948391692,0.5183574906388458,0.43693342376968886,0.4383142148859705,0.4370836369955183,0.4251108416590935,,,,,0.42496534845908135,0.42445104839473297,0.42648581506286376,,0.4264144988420319,0.4252940606488095,0.42435743546203514,0.4238945106800834,0.4251673159196902,0.4243823423198598,,0.4259660036045528,0.4251826708785907,,,0.40975777044740197,,,,,0.46388383270910755,0.46322787836491713,0.4630379048127362,0.4644210758080174,0.4630898424284894,,0.46449584293513335,0.46419902577040817,,0.4638074603959362,,,0.4664632192134476,0.46240252935650433,0.46512921294410653,,,0.4657590540115412,,,,,0.36881979054817265,0.36939903000522034,0.044864167013177,0.01896906870721211,0.018924437596786595,,0.018976294700278215,0.01894179648462435,,,0.04005039124038532,0.039999300875024776,0.04010126238052223,,,0.03998934986384685,0.040062409725844836,0.03995338885437402,0.04000138965801257,,,0.039999440732838606,0.04003716861075611,,0.03981168521101624,0.040050985891213794,0.03989698276356358,0.04004640553575,,0.03998229143429258,,0.039916926403269756,,0.04005346773214003,0.03993509924902489,,,0.03998624613752195,,,0.0398937627830833,,,,0.0400580429680006,0.03977911848146629,,0.03995116479916154,0.040032711603278245,0.039990001806820004,0.039955461333682316,0.03995143308180727,,,0.7495766194654819,0.7493394997420499,,0.7507169636436734,0.7485948500058346,,,0.7498544729145834,0.7501662922954903,0.7487871098004855,0.7486052880509119,0.7498676766689224,,,,0.7496934422952182,0.7506063635488898,0.7484009838567098,0.7482255006319318,0.7485783791079355,0.7499591108520643,0.7508668535447711,0.7495779667095391,0.7489770102220494,0.7528745041103854,0.7493261204234644,,0.7478855307923423,0.7485342300535801,0.7468898813035872,,,0.7492212826060987,,0.7486588532045614,,,0.7502513013168818,0.7499873665051999,0.7488895939160802,,,,,0.04506192480728778,0.04517010837849784,,0.04503884009777613,,0.045070231505042024,,,0.04508860137827984,,,,,,0.04510049344184251,0.04515739049916099,0.04506992829494164,,0.04506334705686609,0.045108945527655,,0.04498875253180112,,0.0451712495662203,0.04504421113762441,0.0450415037218708,0.045042454148504434,0.04516421739945284,0.04511180788215803,0.04501438479342043,,0.04505142495664904,0.04511014939115527,0.04512744066964335,0.04514942248631086,0.04531637274891408,0.045069674158854406,0.04509413714436548,0.045008992268730924,0.045060729473100636,0.04510219909317262,0.045184253951254104,0.04515231468394612,0.04512423308992759,0.0451723871341993,0.04514947573457754,0.045085022343316544,,0.045060483155677546,0.04502473462329984,,0.04507527429017205,0.06216867321877468,0.06216926622828595,,,0.007864919420454912,,,0.003962899831047198,0.003940184163710619,,0.003947072596492723,,,,,0.13383876258161853,0.1334901655475667,0.13372291780687529,0.1335539069230247,0.13388500903078848,0.13335046310193305,0.13443135358748157,,0.13364428232884865,0.1335312027434941,,0.13374478938044262,0.13361226781254337,,0.13380765161187733,,0.1338680732088265,,,0.13375278864954837,0.13348036777330116,0.13401490547854533,,0.13379357094625616,0.1334010712328816,0.13350150722925647,0.13370513098026005,0.13343638653259438,,,0.13365385363810062,0.1335293523028631,0.13342461321387156,0.13340537347546347,0.13393976854411505,0.133190224376028,0.10808414653421751,0.1078366920832234,0.10843435803359572,0.10826933346720008,0.10844941153491151,0.10824026822340618,,,,0.10831954997131987,0.1082869210357783,0.10835523771783222,0.10823435869859697,0.10836938208672543,0.10830404938207283,0.10821155439722667,0.10853644569734226,0.10803117532751355,,0.10810013353468226,,,,0.10808240090586474,0.10791752985220639,,0.10816177184072331,,,,0.10805691257651863,,0.749641764302174,0.7517409242269733,,0.7485348424400976,0.7488497844278774,,,0.7490512866521095,0.7476722487068213,0.7491803520829993,,,,0.7513962354158862,0.7507828261752013,0.7499925081321931,0.7514267621866736,,,,0.7507695671402402,,,,,0.7487931441422413,0.7460298609485323,0.7480995450545812,0.7470799002813219,0.7479402999228002,0.7466943501698824,0.7467254155320958,,0.7474466767445423,,0.748516500943535,0.7460104281788695,,0.7467911595510983,,,,0.7493708000144865,0.7478264655265225,0.7509723497327194,0.7482841486408041,0.747749890016412,0.7499838823599824,0.7470895930407861,0.7483014603387891,0.7491089846180923,,,0.7481525610242176,0.7508443746087111,,0.7456171442670063,0.7493756781236345,0.7519139505021696,,0.7513390349510073,0.7493346058025581,,0.7493359496354903,0.7511704493809964,,,,0.7504558838995448,0.750485944965301,0.7512992684907468,0.7503094968139693,,0.748056741060783,0.75145083045396,0.749509434271673,,0.752462404940571,0.7522016408596778,,0.752254549439335,0.7515458868164052,,,0.7505232677424842,,,0.16290293623001145,,,,0.1481666454769437,0.14838050079085394,0.14798692821724616,0.14812442294468486,0.11702850949335564,,,,,,,0.007113416901390499,0.7672236799045599,,,7.08071176127141e-05,6.938819012382476e-05,6.904337339857319e-05,,6.745184572964235e-05,6.748908384104709e-05,6.753762610295335e-05,,,0.6930581452810921,0.11846581507646065,0.11885016759243672,0.6717309263325194,0.1296435361750812,0.13029378490576793,,0.14050032413607172,0.14073259155725404,,0.1407179314753393,,0.13988049709647657,0.14054080074120578,,0.15332068287861014,0.15342237855798244,,0.004077613320735428,0.00408180514841553,,0.004089120982064951,0.004080748608918891,0.0040913285138281805,0.004079105387193678,,,0.004084984125765841,0.004083366665495211,0.004076063949912393,0.004086533933132162,0.00409344266266126,,0.0040802310065410855,,0.6361535124497514,0.6370123035867573,0.6380448894204025,,,,0.187614681671893,,0.18806018616855522,,0.18952357873726344,0.18914158720771376,,,0.6312486285896594,0.6318696219781669,0.6323593150231036,0.6324967886075363,0.004156986465418241,0.004165566515464192,,,,0.004147018589946289,0.00417549335042042,,,0.004159824866564389,0.004161678260701683,0.0041469325771062914,0.004171004252904041,0.004162272996382123,,,,,0.004162376881393009,0.004153934472935887,0.004157925064518512,0.004155661451435405,0.004161850956277854,0.004167953102969753,0.004162584457927597,0.004166511849670529,0.004161563342403638,0.004155989266054246,0.00416241367374948,0.00416348801114863,,,0.00415636205445026,,,0.004156983644056208,0.004172141300685026,0.00416930553314079,0.004177799095432482,0.004159542791655307,0.004159480160541149,0.004169420283404472,,0.004156504277985199,,0.004154291152088353,,0.004163530492913445,0.0041713985421037575,0.004159713180489476,,,,0.0041613626048708245,,,,,0.004177697224719163,,0.20260110866302247,0.2027964303977604,0.2027771467092225,,,0.20171986705674746,0.2022221834851418,0.20220138644736652,,,,0.2016872119934036,,0.18987575644463411,0.19041249766229562,,,,0.19026815104238257,0.18997812011573634,0.19001673152937812,,0.18977411432814104,,0.18993214959287424,,,0.18906653551717975,,0.1896626261917171,,0.20255116969388318,,0.20325516038816388,0.20268182405896856,,,0.2024127584340544,,0.7433936994259379,0.7434870195885681,,,0.7448687059794515,0.7443806524377399,0.7436905995286875,0.7429786093478129,0.7433865477502921,0.7449762762793922,0.744803482610607,0.7430123550379591,,,,0.19009818604047668,0.1898626001033362,,0.18989736633195603,0.19040233630115486,,0.18959825127901658,0.1904138691722958,,0.19014481620301157,0.18976293779350364,0.187702156671628,,0.189497361164738,,0.7424244803573409,,,0.7459720434610446,0.7453585274726106,0.745031233508722,0.20209574742290973,0.2021596330805236,,0.2020022616081876,0.20262664055753193,0.20265295181802032,,0.2019816209843726,0.2030850876894434,0.20289314004993217,0.20242492974374793,,0.202565505862138,,0.2020044682037258,,0.2018875138677183,,,0.20219505025459897,0.20206189843630992,0.20259924908781038,0.2026926397561888,0.20213598353244686,,0.20311255535305187,0.20214296616892702,,0.7464054854962291,0.7471637586139876,0.746199957718636,0.7435631289059439,0.7465857639930903,,,0.745904832636013,,0.7428293018656461,,0.7445302644819456,,,,0.7448830040667321,0.7446018361887702,0.7439660251995567,0.7451888880431378,,0.7445142194009952,0.7441681995217887,,0.7468760814516012,0.7441941969867714,0.0039710452963810944,,0.0039863468678015285,,0.0039710923750423425,0.003983151266927921,,,0.4426850236033502,0.4429411051228955,,0.16603365820036345,,,,0.49606331467207365,0.4973250065042192,0.49643204561441634,0.4967491228121428,0.49466255439603174,0.4962984844536422,0.49816878490677186,0.49587624386072077,,0.49591950780098737,,0.4972927899467572,0.4962284022301671,0.49693144875050804,0.49681075026005905,0.49406343078456966,0.49457948074320934,,0.4959815976500749,,0.4942788673199744,0.49634620439678023,0.49759563134909346,,0.49634056445453556,,0.4960231452081809,,,0.49829932069027416,,0.4950690886987941,,,0.4969519484344277,0.49643833241375795,,0.4961572721638272,,0.49667063965333436,0.497203512103207,0.4971163752133941,0.49570668291225756,0.4973516118231836,0.49609906880933835,0.4953473167138926,0.4967110306498343,,0.4988068616719399,0.4963931670331627,0.4965902607761034,0.4964000221561909,0.4975035591354855,,0.49685497993435007,0.4947018744538882,,0.4957685086690049,,0.49643430154824475,,,0.49692164428967656,0.49726160844624234,0.4980537169576993,0.4955990845030354,0.49467419613028996,0.49561641348976204,0.49564479623670926,0.4962377223515346,,0.4953631016022977,,0.4954512491842991,,,,,,0.49569021296614557,0.4952210695952169,0.49689493107236704,,0.49546956832066513,0.495350774142213,0.49659391455593227,,0.49535049324945923,,0.497887537061299,,0.49627785599616214,,,,,0.4962982886298767,0.49669062440756817,0.4961935461941185,0.495330982988274,,,,0.4974858608950472,0.495383813292622,,0.4967030100602763,0.4975273931893279,0.4957573800316801,0.49677646083168503,0.4952907651400888,0.4950040400128152,,0.4974283822071447,0.49550678662860337,,,0.4965878521946894,0.49645382743526806,0.4954720473276268,0.49507271941063313,,0.49709591377700146,0.4951592031580817,0.49681907499683436,,0.4962682232296913,,0.495467328634431,0.4980421103707636,,0.4953150160250335,,,0.49720412217165266,,,0.4964013554194836,0.49471338981274043,,0.4963470913835402,,0.4946350107928674,0.49674653992577517,0.4951224680251276,,,0.49564885588210805,0.49683082886186597,0.4968185034860705,0.4961595716032498,0.4963719027045543,,,0.4966784950131433,0.4944715704411781,0.49693216748194646,,0.49547222468323737,0.496225598106327,,0.49340636969327684,,,0.4967875212663137,0.3905349800583107,,0.3907206715381949,0.5028527127051085,0.43646132836038387,0.7660314611557978,,0.562531069300807,0.4899354976739211,,0.7695826935714488,0.7731306959053471
7,5,DG_10pct,20,Z06_F06,6,LL_AB,175005,181939,True,4582.983228195995,4549.306347498377,4597.204408807731,4636.777850889205,4612.499601868618,134.7773595828865,161.66684339251708,776.1206960774028,776.7302953832229,540.6424676158828,538.2242055401277,253.43785142639712,81.83560305901484,83.59183302341235,81.77507667984317,135.5287761661907,176.40591525818618,20.08726025593164,359.252795798175,247.83284938302253,,,,0.7685233544410872,0.6954418576356751,0.8427590317053512,,0.5304997801677893,0.5304366754917943,0.5309583161951056,0.5178691204864166,0.6094530102478537,,,,0.5230947081575007,0.5230290085194906,,0.7978396002569966,,0.5314665962766509,,0.5311961708893963,,0.5322992050069845,,,,,0.5320659203431205,,,0.5317114897881522,0.5311907292811149,0.534041905081929,0.565581610222099,0.47497599915611766,,,0.46457523810614404,,,0.4637273121149894,0.46415099944861093,0.4641508308472195,,0.4644044384096714,0.4667749506757483,,0.4650032298927466,0.4653621741945991,,,0.4647250946911093,,0.4661178996490727,0.4660440905661073,,,0.4536840070900666,,,0.5191288397074354,0.5197711034653316,0.5197322612959774,0.5207070899632462,,0.5198092562549719,,,0.5203317530205124,0.520209404178157,0.520864472344252,0.5203823491825278,,0.5202649016893147,0.5207523637824052,0.5213445355418568,0.5206546592444335,,,,,0.5219140663834541,0.5219067833705541,0.41607231660001637,0.4140493548844975,,,0.08559146492927666,,,,0.08536893256804784,,,0.14505199348918763,0.14551372879550742,0.14568638832351044,,0.14560295883739316,,0.14523479040570042,0.1454564700018366,0.1448723946591524,0.14513432518085664,0.14546985316140829,0.14556370970038607,0.145211509532912,,0.14531406447357886,0.1455714845811997,0.14515844668927755,0.14523432969182787,,0.14555941997380056,,,0.14540586083410667,0.14514037324137807,,0.14493805787905195,0.14536056994892396,,,0.145102008735735,,0.1448489373767796,,,0.14548964320006386,0.1453848631439818,0.14493484679142288,,0.14503826777694284,0.14535530284792664,0.14534615645279836,,0.7790822385558483,0.7792084495764993,,0.7795294862007667,0.7781050826940459,0.7799176100944283,,,,0.781633499338696,,0.7799241597142134,0.7805187575706202,,0.7779750603488342,,,0.7808832100682109,0.7796618512269472,0.7808222269317722,,0.7797433132991923,0.7798538091346067,0.7795785802327736,0.7766754876742892,0.778400086680624,,0.7811970187266528,0.7794202691377036,0.7786692475382317,0.7791107659380266,,,0.7794498849764545,,,,,0.7779316024869064,,0.7783980211142187,,0.7785696815764113,0.7802692541621005,0.7791902743253596,0.11496106652363874,0.11498676739729045,,0.11508543280254462,,0.1153995488242465,,0.11542879297940316,0.11524443478416856,0.11496200972605929,0.1154064713190309,0.11501355830284991,0.11490758867362838,,0.11523882498240244,,,0.11523608467130379,,,0.11514760862800387,,,,,0.11513946666684019,,,,0.11513923635907562,0.11519160268056788,,,0.11550851369006856,,,,0.11543845962661567,0.11562029483797484,,,0.11538043273886692,,,0.11488642981800147,,0.11533087650802953,,0.11517633063896486,,0.11538203809871268,0.11539197401470054,0.1154917064444579,,0.1209282883810053,,,,,0.019493629459991016,0.019531980420398144,,0.01952024244342813,,0.21829022475199084,0.21841306957600035,,0.2187019633769741,0.2184889342976333,,0.218401570176236,,,0.21884162198990423,0.21807731240773023,,0.21796261904384567,0.21851807133176718,,0.21867721859047567,0.21873085492632785,0.21891000226612978,0.2186265080953332,0.21856741880872313,0.21833455324984566,0.21879684355165271,0.21772192734684923,,0.21799284565199675,0.21772419387524514,,,0.21807798678219067,0.21887167687113424,0.21877361901795517,,0.21834716984980715,0.2183641576238413,,0.21731889883206726,,,0.21846984744365439,0.21817730729940998,0.19762477013729557,0.19744306543916507,0.19687464504490385,,0.19717798156671318,,,0.19702071004980506,,,0.19702706128435313,0.19745668188792787,0.19747391131657746,,0.1977770764442817,0.19739167787651643,0.19758720622826367,,0.19743622325466953,,,0.19709687212482102,,0.19727163535081554,0.19725831866560267,0.19707058051364224,,,0.19736661818775847,0.19705319947344585,0.1972751653090295,0.1971276948594676,,,,0.7780650247067785,0.7818652876154569,0.7798703304932897,,,0.7798255032427641,,0.7777273864058594,0.7792003175803055,0.7806196280670759,0.7815303911595813,0.7827505301000642,0.7794896179821369,,,0.7812998068341886,0.7819655409365088,,0.7820689795035753,0.7799269622141013,0.7820569586208725,0.7820342687703692,,,0.7774453083916699,0.7767632667229608,0.7783308404759625,,0.7769713897220676,0.7771869586657684,,0.7770782428463812,,,0.7802505079746841,0.7771665851253714,,0.7803646398364207,0.7781923842010394,,,0.7800338351169244,0.7770393660155295,0.7774949230299946,0.7809474745604894,0.7782862588261804,,0.7786373281065623,0.7790578625609658,,,0.7807483374099128,,0.7811018126770216,0.7803072823851884,0.7800765084753405,0.7814411162395846,0.7804921171122525,0.7819865695567332,,,0.7812303532751818,,0.7816040693030183,0.7802914446769871,0.782253823190486,,0.7808310864715963,0.7801268844990684,0.7818908627848093,0.7810644114084714,,,,0.7853042271552934,,0.7826857057838049,,0.7828714656151732,,,0.781961320302038,0.7825240703516448,0.22147088799355266,,0.2218047998868172,0.22112236591958037,,,0.23088554767284958,,,0.16844757416023676,,0.16850419667172292,,0.1684434582304819,,,,,0.07518991297809458,,,0.07381324214680131,0.07366739697735515,0.07365964180455893,,0.07101276727540537,,0.18527449858414785,0.12514856036615674,0.730559537720594,,0.15215112595900865,0.7163721525030644,0.2239513232878544,0.16146062916816778,0.7103172770240896,,0.1709941673071046,,,,,0.17107068754596816,0.7046594935184963,0.182343287986309,,,,0.07586022963350281,,,,,0.0759714562854984,,,0.07619616290991575,,0.07596772807099454,0.07604004213608871,0.0757998991336645,,,,,0.6873843642913103,0.6886953350259042,,0.6873531537521201,0.6925464100321745,0.2771944810927916,0.27767545683873546,0.27736127536805516,0.2775091293883819,,,0.21281369563658561,,0.6821067467744519,0.6820454754017863,,0.680630735131341,0.07748304928922524,0.07733042926469808,0.0775565804652033,0.07752517610669919,0.0774644755936056,0.07737311257174984,0.07757465253340391,,,0.07739628181857602,0.07753081785255075,,0.0773287832432455,,,,,,,,,,,0.07765790934931004,0.07738572722811003,0.0773956772289793,0.07765856107197003,,0.07722981734005029,0.07764472894963044,0.07739037083825866,0.07748601517390273,0.07751320558168152,0.07754573865458042,,0.07746596836310185,,,,,,,0.07734048242491307,0.07724985309578015,0.07742110108622434,0.07752730245188241,,0.07724164293243242,0.07730760586127663,0.07725636031851822,0.07738945467013676,0.0772704451307139,,0.07745909451448921,,,,0.07764859748987313,0.0773489718573078,,0.25748650200493806,0.2570454546036871,0.25706530196617866,,0.257343114492041,0.2571918776301928,,0.2567353806032844,,0.25713518522832246,0.2578519372144482,,0.26579297804226626,,0.26463642084973116,0.2652993273381311,0.2650570408349463,,,,0.2645934033777956,0.26481535432042014,0.26485051474785176,0.26582326001397827,0.2652332150093225,,,0.265105215043213,0.26483402886146945,,,0.2579859012037032,,0.2577245381928996,0.2576435739181608,0.25728867445461173,,,,,0.7746526926606219,0.7742379742241853,0.7754968596378605,0.7741377102605059,0.7741946538171784,,0.7729240155379028,,,,0.7749856493675494,,0.7746182337009558,0.2641075026822637,,,,0.2649719995666481,0.2654099608419145,0.2658238440538611,0.2647652807208186,0.26488266702940594,,,0.2643615762110601,,,,0.7739331946804279,0.7748442725167086,,,,,0.7740564634106152,,,0.2580094579219078,0.2573246261336361,0.2567248303269735,0.2570533204675147,0.2574100918720545,0.25776280752628805,0.25736155579170805,,,0.25702034631508625,0.25725644471909714,,,,,0.25771803222714934,0.25658940366003846,0.2581796786282826,,0.2572771595889446,0.25756912760873446,0.25756528253855965,,0.2578373217496543,0.25675379106488516,0.776494530499297,,0.7771632318190475,,0.777417588621618,,0.7759938307514083,0.7774675098322619,0.7769748781972455,0.7757178554939574,0.7713714372953964,0.77273662060883,,0.7728063352209286,0.7729187800583307,0.7742689344065442,0.775520962646434,0.7756742954222731,,,,0.7763533891486473,0.7768879309894235,0.7764687249068496,0.7765649617418006,0.7748072730941824,0.07434042882204112,,,0.07416260670574769,,,0.4770234679761565,,,,,,,0.5304572893965935,0.5317714904794344,,0.5309537098413862,,0.5311168790446406,0.5322832782344867,,,0.5299816509361092,0.530758017145622,,0.5307642293727161,,,0.5307308935115616,,,0.5304325045916959,,0.531307861540082,,0.5310794418202706,0.5298899699736936,0.5304352185537764,0.5322727308581889,0.5294378536759756,0.5314624225337624,,0.5313657684897194,,0.532242244772359,,,0.5312980601696071,,,0.5312010685564991,,0.5314806269381855,,,,0.5309644641342849,,0.5308346038300172,0.5317827413701632,0.5317282040862098,,0.5325040351605409,0.5314584124070316,0.5304473243139064,0.5300072024842499,0.531420600418022,0.5305795340931797,,,,0.5316629280764474,0.5315335719893473,,0.5315939074841123,,,0.5301135792240012,0.5310538840181064,0.5315144958919775,0.5325830210016789,,0.530662627166702,,0.5304459185680883,0.5313737180126362,,0.531390227558056,0.5307913330773106,,0.5305982487615161,0.5315211806549753,,0.5312474035342746,0.5310104602563278,,0.5303593470543759,,0.5305384844569476,0.5302098917008522,0.5309964068267764,,0.533832588896131,0.530598025842466,0.5305875473774185,0.532201607077543,0.5327010093107544,0.5292969054174652,0.530177393644461,,,,0.5303246472478522,,0.5310329138964442,0.5303566277190588,,0.5301282904062907,,0.5298145793698874,0.5317825652911563,0.5309754211407085,0.5326375691593586,,0.5298773640326414,,0.5326688876032476,,,,,0.5312440970834487,0.5314846580449034,0.5304600207117569,0.5308761434120454,0.530118694514095,0.5328100436427414,,0.5318234915261617,0.5315714723799398,0.5306275484637438,0.5325826142690517,,,0.5308144763805739,0.5316732686511746,,0.5303820845377589,0.5311010812085365,0.5314327833174743,0.5309663905876928,,,0.5305921257726515,0.5319500721755454,0.5304329507142446,,0.5315887866899711,0.5305325998493386,0.5312910335750897,,,,,,0.5314475498928101,,,0.5313453725987429,0.5322400644437874,,,0.5309367729079733,,,0.5320918643248053,0.5321843353724995,0.5321251191092543,,0.5317051313222105,0.43519368553607213,0.4341653127423012,0.43357113209224424,0.5525910252136355,,,0.607573999527997,0.6075652256176857,0.5227017979334172,0.5231423867511559,0.7960456178671582,0.7985318039023261
7,5,DG_10pct,20,Z06_F07,6,LL_AB,255473,181929,True,5299.433448123822,5305.46814770723,5335.842188474526,5377.407853242246,5405.913916114045,194.13457256492424,234.00408264925107,725.726256543686,743.5763035479407,501.68122957079345,498.01359435179324,235.96729117773003,75.61055179140864,97.79325944288762,97.19663362022173,192.90583225404046,196.96111110396845,18.540102138974124,365.9126212385285,250.10540007237407,0.6691120872104767,,,0.7330553559404605,0.6606711477616148,0.8193925056710464,,,,0.47043561993510313,0.44944152187957603,,0.5308006628267345,,0.45451744017037704,,,0.7775167365154274,0.7756858017346053,0.7763471307515899,0.47026178622475723,0.47153778760027837,,0.46913287850484287,,0.47024327395544563,,,,0.47131164119862995,0.4700121423977492,,0.47152509194818515,0.47043384986018205,0.4708691138514186,,0.4072799901501006,,0.4072179307126735,0.3918792855870784,,,0.3937489947226417,0.3932899262200849,,0.3935215208489801,0.39396837428587095,0.39312958357766625,0.39350636066214234,0.3930755946644653,0.39356525776696555,0.393213245090462,0.39474414641363714,0.3931364863791383,,0.39285113144748063,,0.4360686711342406,0.43710280372453225,,,,,,,0.4244872706971504,,0.42508783955079465,0.42337537024839483,0.42329418926897355,0.4244200795066881,,0.42444406988139766,0.4230092004854098,0.4248719001897576,,0.42488399357963125,0.42453899194629063,,0.4254839740850074,,0.4241915722141694,0.4257971144276217,0.4244057595753316,0.4242367006033303,,,,0.04802899847806403,8.269502006039443e-05,8.269179197657086e-05,8.245246268994733e-05,,8.365367222974619e-05,8.349847996269405e-05,0.04851849151062817,,0.04856213138403124,,0.04844607592664916,0.04850121160568883,0.048520544864637055,,0.04850600531392952,0.04856081050901948,0.04852267121580673,0.04845464583797109,0.048641349357961404,,,0.048430302533478624,0.04864531548578777,,,0.04866047654621293,0.048438976196031706,0.0484960518498239,0.04835706813397319,,,,0.04851472010659235,0.048551022831989074,0.048507546509905075,0.04840712934668967,,0.04821163670689686,,,0.048488369872760416,0.04862366920572267,0.04849727987983709,,0.04839466109452269,0.04854202232024821,,,0.04863579252890978,,0.7430921855023562,0.741259195955055,,0.7391002889093243,0.7400945967765099,0.7396881338096601,0.7408454107024658,0.7400968359185326,,0.7401939844748111,0.7425696028843161,0.7413158243471131,0.7391581493144453,,0.7426676026016068,0.7398080182971664,,,0.7411648753209681,0.738798204639403,0.7398937919924116,,,,0.7410960375332099,0.7401176172984995,,0.7410784872277231,0.7416005947590204,,,,0.7403476630699324,0.7411472548687906,0.7386605308109665,0.7381029254470975,,0.7425129656180205,0.7385127110353075,0.7414587467638778,0.7380874194382727,0.7402394985020003,0.7385675432388015,,0.048388731712880516,,,0.04845451566026858,0.048407141194099904,,0.04823785521961611,0.04838084484686743,,0.04835287608801494,0.048395542782833714,,0.0483123691679396,,0.04830457818638243,0.0484379046723935,0.04837651917247974,0.048362839628769104,,0.04827740633802702,0.04832334942855824,,,,,0.048314251247474044,,0.048438436127458594,0.048380805511313976,,0.04842831723500858,,0.048373275796359035,,0.04836572292706254,,,0.048458791041041296,,,0.04847726034119114,,,,0.0483409164933014,,0.048479755246419856,,0.04833897972048436,,,0.04843138591051835,0.04847802976992772,7.389708726934355e-05,,7.388884932373093e-05,,0.043369237705563814,8.136925831990468e-05,,,8.148158450417336e-05,8.134927777128919e-05,8.130544542424193e-05,,,,0.05764075380065795,0.05769553182421701,,0.05750682513767045,,,0.05766984788778067,,0.05765156621643195,,0.05749293666892991,0.05764019099439824,0.0575389951075877,0.05767562101732425,,,0.057739623151161684,,,0.05758096077796472,0.057645301479750805,,0.05754932342147044,,0.05745656369462702,,0.05752703081483932,0.05777682453862025,,0.05732330512402714,,,0.05763065012419056,,,0.05754482856360959,,0.02880403549761181,0.02878013767757361,0.028735017770746978,0.028682555714297144,,,,0.028806160889661883,0.028693735955178264,0.028780100559978997,0.028854224794846235,0.028822389344386516,0.02880680587712256,0.02880675522147135,,,0.028801832275407627,0.028717108130560137,0.028725997533780325,0.028803110668541566,0.02881833217167284,0.028756789344196874,0.028751365702318177,,0.028713909989739335,0.02871007397802444,0.028728191904679058,0.028721695063605404,,,0.028699144315953235,,0.7770147592549859,0.7760114747584179,0.7734164093620557,,,0.7746473227246243,0.7761922642963806,,,0.7737343093224218,0.7716382650361665,0.7802616049435142,0.7820510376349458,0.7828000120523881,,,,0.7797073250779617,,0.7816989427129305,,,,0.7788227401296557,0.7778951017129859,,,,,0.774280430067555,0.7711895997141707,,0.7743674961012369,,,0.7703455805781396,0.7750471365565251,0.7770503945120969,0.7742724749145619,0.7737241951838202,0.7725872253684325,,0.7742590342736968,0.7737314801365045,0.7722975442369824,0.7721096930348346,0.7750500625350515,0.771421766255373,,0.7738794207847075,0.7710859599560709,0.7761882532944885,0.7723128400356375,,0.7751263170135761,,0.7758223370630611,,0.7788102424774949,0.7811281259820341,0.7783930710471357,0.7797872260344294,0.7780642670107417,0.7816955061195782,0.7831121560610432,,0.7822880645755279,0.7823410032284173,0.7809137343356217,0.7812309871082722,0.7814095309463691,,0.7812165864470689,,,0.7818767535091802,0.7800417540487089,0.7805702140081475,0.7835655097443964,,0.7824129325108503,,0.7848224617334253,0.781207034662885,0.7800333117167639,,0.08585368140460116,0.08542866266449227,,,,0.07424093359078705,0.07406513591941088,0.07403304264750306,0.07434156640520753,,0.057382904391604685,,0.057508924149835626,,0.057720572827158825,0.04886145949285049,,0.7363415095417692,,8.119037175723594e-05,8.111338287417494e-05,7.952845630086625e-05,,,7.738446714183887e-05,7.748489443327939e-05,,,0.11381578796994213,0.6775833405173602,0.14145402716742037,0.14144934018148764,0.6614923019861693,0.15110891471586022,,0.6557140948734898,0.16027377103616217,0.16041970884527346,0.16047999150459358,0.16030886821858528,0.16033376271307237,0.16051366297853556,,0.6488265902023321,0.1717075922050332,0.1712019767281614,,,0.0001203851807645409,,,,0.00012017034824230206,0.00012013106697747305,0.00012029810541897211,0.00012028399478842352,,,,0.00012020352795226909,,0.0001199842530137532,,0.00012014385380805318,0.6337059533212022,0.6326365437404579,,,,,,,0.2029392202592578,0.2038189801127625,,0.20233475463070782,,,0.6304232674772497,0.6266836885705583,,0.6294696974806521,0.00012193460477988564,0.0001215012124422445,0.00012160235525677377,0.00012186781451288778,0.00012195357985420837,0.00012164600484662796,0.00012171916083364538,0.00012204743370362165,0.00012161441763746972,,0.00012218748395031973,,,0.00012179916227192081,0.00012177645559760582,,,0.00012198547507870654,0.00012192012005291785,0.00012152129681330675,0.00012205639445999114,,,,,,0.00012192347743098837,,0.00012179254089511262,0.00012180962968605112,0.0001221260639818069,,,0.00012149421244981033,,0.00012141008776829959,,,0.0001223647962002941,0.00012183814090131717,0.00012216703427087212,0.00012194266288679333,,,,,,0.0001221918459350649,,,,,0.0001219448138082987,,0.00012146962600216483,0.00012159237959563997,,,0.00012198527712558708,0.00012182607405557012,0.12955951972512045,,,0.13005254118055248,,,,0.12949725687036012,,,,,,0.12124012074737135,,0.12184513995659128,0.12149203999821367,0.12144424399931135,,0.12124006144880455,0.12139371453383596,,0.12128172600137786,0.12112709541757116,0.12114093246041384,0.1212135855997104,0.12098714953869134,0.12095326980713113,0.12114019838825317,0.12139977307781749,,0.12993879784912202,,,0.13033583775447613,0.1301613963617981,0.1299257498579689,,0.12993554945496896,0.7659991894863933,0.7656226145558865,,,0.7647123829266963,,0.7633775449223711,,0.7622593128492526,,0.7657162119475361,0.766897793457983,0.7643078402853772,0.765264165429499,0.12126568558312431,,0.12089994763606862,,0.12162183903175713,0.12158819890161005,0.12145190383079309,0.12151215473709166,,0.12118289950044955,0.12111558898002811,0.12123901270019317,,,0.12105986427841774,0.7660842366795849,0.7655123925318572,0.7678576985523612,,0.7649594061130219,,0.7656360914834586,0.12994957608703195,0.13023873374936257,,0.1300181754772126,0.12988145779353322,0.12967585456359562,,0.12976586781286212,0.13026243497849693,0.12983397574847302,0.13009568248389988,0.13020940189244815,,0.1301581300282369,,0.12964605223511144,0.13024970869966643,0.13009464512285485,,0.1300086264178582,0.13012608307328835,0.1301183789253322,,0.12985538414274786,0.12989219284585354,0.130396226419023,,0.7677668119510243,0.7661976359903451,,0.7674356362177333,,0.7674996608589293,0.7665487892780989,,0.7660230981536205,0.7659899118159347,0.7628175897018136,0.7666300389580816,,0.7659849643386941,0.7661683459507966,0.764517481906239,,0.764748876621103,,,,,0.7659830123075684,0.7650033813369161,,0.7648341748152016,9.861937426838617e-05,9.845676801411896e-05,,9.851706587992516e-05,9.889645265357162e-05,,,0.4814029707919003,0.41184161382267814,0.41136453700242454,0.4116799222455631,0.1840605487211644,0.46926515075782715,,0.46926078389892484,0.4688022960735697,0.47141333792643764,,0.46968031210944905,0.46988215486269785,,,,0.46906145551193656,0.46859568049438977,0.4686891739673141,,0.4693316568090022,,0.4697795812104954,,0.4720371140052968,,0.46981427757343625,0.4709317385479661,0.4691386841961212,0.46882313073075177,0.470265904307541,,0.46977483672552955,0.4691021735494322,,0.4701878837502743,0.4697944671257099,0.469849054696756,0.4693978298995953,,0.4689397685919868,0.46985665877533234,,0.4686852104859279,0.47002571571116014,0.46951575600408163,0.4697108281785008,,,0.46907089467920743,0.46991734022728987,,0.46897870577914713,0.469048862513991,0.4710165346948862,0.4709717587151449,,,0.47050723413426626,0.4705602690514983,0.4701038516822263,0.47035405898033156,0.4689806664425723,0.4694770290416782,0.4702551248281606,0.4711294795810547,,0.47076207394586367,,0.46977687261293793,0.46849209439323136,0.46887949488089375,0.46964287824133855,,,0.4706838464689198,0.46977266951877317,0.4707847398742731,0.4688824770335579,0.4714735444163748,0.4695255641046606,,0.4700227675195872,0.46889894312977615,,,0.4712376656819416,0.46955758826307686,,,0.46961992754906257,0.4698358384196347,,,,,0.4697328229966455,,,0.4699615113016609,0.469231316994119,0.4693749921765697,0.4693772981230518,,0.47007424800497166,,,0.4702869572338159,0.4690856971082053,,0.46909342378507196,,0.46996560314426666,0.4705992820984947,0.47021315004237685,,,,0.4694095913897535,0.46909057728045894,0.47057050536374534,0.47041034411003163,0.47017930402485836,,,0.47002449657084217,,0.47021114553335985,0.47023400549347905,0.46908508287223255,,,,,0.4687054941544667,0.46841692636994003,0.4695349960631088,0.4701603271286084,,,0.469288421456112,,0.4715299800578652,0.47012575245746674,0.47061291381487375,0.469759710813868,0.4712124767062187,,,,0.4688749987179868,0.4699296501589048,,0.46992029370870925,0.471080468159919,0.4678282404854969,0.470067697612015,0.46984096117392216,0.468798557519387,0.46895386838573144,,0.4694715770781701,0.47133583202745044,0.47033975802738126,,,0.4694207688718211,,0.46887467472450683,0.4703970897509854,,0.46993867823228214,0.4689631757806389,0.3585554683714308,0.3599503277705526,0.3584805440960752,,,0.7707175850886747,,,0.4564388125950403,,0.7755351244022117,
7,5,DG_10pct,20,Z06_F08,6,LL_AB,175007,181932,True,5438.893579956097,5408.579838436806,5451.973286382645,5549.488282433594,5542.847905427777,209.11717313549048,219.42283380115725,690.2654489447924,707.1104626652146,480.6064448793588,474.3941283702806,225.19315176077953,72.34059850725285,101.56033866805802,100.78343205623483,207.3190442356151,186.5940079842801,18.216434313945083,347.38281740926317,237.73011931277395,,,0.6646151833913272,0.7304980963525961,,0.8191708430664617,0.5592621084407328,,0.4615064930396978,,0.43713302057748266,0.5243811720859379,0.5235923104789468,,0.4432175937005686,0.4433676256219313,0.4451723227998125,0.7804486529502005,0.7806206491407023,0.7845818801260712,0.4620605265333049,0.46271499057226534,0.46149249037819484,0.46007388626403867,0.46138867541293815,0.46165425244255276,,,0.45946510148164865,,0.4613339820715283,0.46230630608518664,0.4627477539976974,,,,0.3969016349809928,,0.3973564608278948,0.3829870283190958,,,0.3834687079462019,0.3825874866416851,0.38394100008933224,0.384716488444678,,0.38196448617437806,,0.3835920612659261,0.38362215809556777,0.38271262014652735,0.38244197914123584,,0.38259079430834053,,0.3822066074694727,0.4227843183192389,,,,0.41056049407276035,,0.41150453560896,0.4097834527249498,0.4099552397184201,0.41124621276607237,0.4099562288640305,,0.41065489148354545,,0.4101677326224762,0.4115149880448908,0.4103121249167382,0.4113250805903627,,0.41259563358753376,,0.41093834118916006,0.41232918392454854,,,0.4107048197140745,0.41044712252321713,0.4112480490754947,,0.325748486515007,0.3254448647321554,0.0635949415004146,8.75631116594378e-05,8.773719059771229e-05,8.77021507867183e-05,8.89414242462052e-05,,8.908500043268436e-05,,,,0.06404386599407141,0.06426066875282752,0.06378217639601516,0.06417274148142013,,,0.06415832020931996,,0.06415917904397611,0.06417001981580259,,0.06412015586175276,0.06427858479730522,0.06405007165951809,,,0.06404172992529512,0.06418087103096146,0.06419277303314234,0.06430751252715804,,,0.06428162831817971,,0.06401934824779022,0.06406969064715477,0.06416851435765984,,0.06410220084590026,,0.06388206200798406,,0.06412835422157027,0.0640306628379019,0.06409969543983861,,0.06406896555861112,,0.0641630895903656,0.06410003324788646,0.7348530224640663,0.7376745072309369,,0.7365295454042797,0.7335123877581801,0.734683557510591,0.7347129162877664,,0.7371564951770261,0.735545364717475,,0.7376355907909197,0.7354450332098733,0.734927838118689,,0.7322831512955897,0.7332818678602117,0.734379557489156,,,0.7354049816837727,,,,0.7355257036875089,0.7332557196496109,0.7346935452993255,,,0.7323351880083784,,,0.736850833119248,0.7354378347388996,,,0.7340048079261258,0.7355481863369266,0.7355268652459446,,0.7345296228529724,0.7362019691700994,0.7359617751444407,0.7332334784921247,,,0.0640483603962401,,0.0639428526028623,0.06397147387301648,0.06402709698614603,,0.06393333288862334,0.06418319266412727,0.06393662228226209,,0.06400411996481314,,,,,0.06409129131525484,,0.0639748017707086,,,,,0.0639242890563199,0.06407367440058666,0.06389830690887291,,0.06400920463015225,0.0640323175728149,0.06392102233059324,,,0.06390917664550916,0.06400944303542434,,,,,,,,,0.06394693160255224,0.06428502494646836,0.06412728028882378,0.06398190590252217,0.06388448774727713,,0.06392745228326488,0.06398406824630365,,0.06397841551008196,,,,7.780989953451194e-05,0.007965893058184695,0.059086413492989896,8.549042389281131e-05,8.554312805695705e-05,8.562515048910494e-05,,8.5601152546642e-05,8.563063230377438e-05,,,,0.030184025065062584,0.030132695954624564,,0.030275766477808958,0.03014586770131627,0.030151086683745918,0.03013176571087439,0.030179234490614982,0.030206811643579887,0.030227633570854808,,,,,0.030206388182961435,0.030071905989385,,0.030101527550936643,,0.03012104294823312,0.030171304208330765,0.03007350431330212,0.030099801927707434,,0.030109180940887676,0.030156527045179102,0.030168182485312015,0.0300652907545633,,0.030046201403180227,0.0301364613158137,0.030069709186594375,,0.030070979273536726,,0.030136339269228436,0.030129682059319336,8.45977174723526e-05,8.464041508717121e-05,8.428202195171789e-05,,8.454125984855477e-05,,,,8.462248782848485e-05,8.484262929030334e-05,,,,8.499038757164864e-05,,8.485398481675502e-05,8.472453902017677e-05,8.495346168605583e-05,8.454249248742965e-05,,8.48419881354939e-05,8.460549150537128e-05,8.466487924668467e-05,8.476284979936575e-05,,8.456366601643589e-05,8.468620761703393e-05,,8.454622286207516e-05,8.468403555711117e-05,,,,,0.788835187569254,,0.7925615449183967,0.7924215081899798,0.7901078151641954,0.79007911151508,0.792288033263774,,,0.7956831006402094,,0.7944281793121702,0.7950381456039601,,0.7968058876758122,0.7937530796649751,,0.7973502543171129,,0.7970413063510391,,,0.796829505070798,,,,0.7872960893372217,0.7874556601096727,0.7902681181444455,0.7883794825594433,0.7873783541620032,0.7903942736339407,,0.7881739487293262,,,0.7906936909009454,,,0.7908055274813022,0.7893028864047824,0.7903542670603099,0.7907171813444184,0.7891314058083931,,,,,,0.7909887952987317,0.7867380097581954,,0.7891281767424883,,0.7879787228314767,0.7958360360530728,,0.7960081297250123,,,0.7943218206194942,0.7948337535843939,,,0.7974885208493371,0.7968087617970151,0.7966009626142884,,0.7958112173760971,0.7971330476552781,0.7971647006025498,0.7967776826843496,,,,,0.7960926381119017,0.7980066114814446,,,0.7988402979714484,,0.7985360653145902,0.796984466001404,0.05760562249386192,0.05754843638453811,0.05755316294791335,,0.04755250191055759,,,0.0475856220141724,0.04757317891494433,0.03577015588387226,0.03567909361045997,0.0357184718967756,0.03562886955495038,0.03580045643560238,,,0.06435259740923842,,8.547519248514033e-05,8.56011085523789e-05,8.549901429229333e-05,8.355924452304252e-05,8.369521113144023e-05,8.380161959790504e-05,8.148746193429384e-05,8.165514308789759e-05,,0.12555537916497675,,0.6745383981394056,0.1518965400930262,0.15238166571600803,0.6624249709618697,0.1617665289071853,,0.6574331741869087,0.16998476152303033,0.17019604628038856,,0.17003956128560066,,,0.16973614912864665,,0.18075104994219846,0.18095469521446117,0.00012701982948365895,0.00012687542067852476,,0.00012717453765603815,0.00012678574276830877,0.00012692164007268114,0.00012695879461424874,0.00012695006720013976,0.00012711878107806476,0.0001263629489400588,0.00012692648524554733,,0.00012728331752284112,0.00012671097109646874,,0.00012687705387724686,,0.00012691975735424154,0.6370850290589352,,0.6362087510620857,0.63556027688863,,0.6395763854200532,0.21099800428985763,,0.21097361929019479,0.2116863568376602,,0.21080136733790042,0.21075890681521878,0.21081204951636148,0.6302420790901521,0.6311615314152266,,0.6281932672666422,0.00012865679859815245,0.00012845667437400143,0.00012847961234287286,0.00012854709694816015,0.0001282219605609138,,0.00012868538428875416,0.00012875517777856548,0.00012863519315067183,,0.0001285019115443663,,,0.00012856957423592973,,0.00012840323285950338,,,,0.00012833578103556477,,0.0001285267686499571,0.00012843059550392342,,,,0.0001286398640729192,0.00012916307388732216,0.000128767602831779,0.00012847101970299958,0.00012849052715686106,,,0.0001291670304744056,0.00012858795081008577,0.00012862074872425783,0.00012871193408887623,0.00012854825450657923,,0.00012880267843418661,0.0001289009732345352,,,,,,,0.00012887263250901544,,0.00012881455464073884,0.00012851024498076013,0.00012880532727131003,0.00012874309977757155,,,,0.0001286441074543014,,0.0001286194515966765,0.0001285689547331377,,0.10350129638302391,0.10345126134756782,,,,0.10349120753879322,0.10351117718299695,0.1037236811019704,0.10340760644907973,,0.10356887236326441,0.09664636727793094,0.09650329771162226,0.09654610534429166,0.09677035434883989,0.09657057355541496,,0.09669617749756708,0.09677145478938465,,,0.09630390147764464,,,,0.09671663368775658,0.09621944069459469,,0.09654792712162624,,0.10376216094128925,0.10369685075357893,0.10335620575324962,0.10356635560566159,0.10360139412046479,0.103612092395641,,0.10371070764357417,0.7771304386225628,0.7782614447107092,0.7787523562007035,0.7763531714117895,,,,,,0.7777962441212455,0.7772901524068183,,,,,0.09630417379668404,,0.09601874095624248,0.09650222511209329,,0.09645912670467792,,0.09665248286119607,,,0.09654920487165505,,0.09613715664160491,0.0963947619591331,,,,0.7773659881544172,0.7805570021746175,0.779383331376038,0.7806655349987391,,,0.10341261470555077,,0.10362418196867541,0.10342549705690793,0.10335492926452765,0.10324748026865961,,0.10341473234053301,0.10354218898464865,0.10325330878635734,0.10358392055570152,0.10350820180503591,,0.10355490713105941,0.1036927090221465,,0.10376041347883291,0.1033787202466971,0.10363172098603633,0.10376350086210955,0.10337269010152038,,,0.10322231969914542,0.10339890644725638,0.7769081920390107,0.7785626273699253,,,0.7812804067782713,,0.7814213434886292,,0.7809014941641359,,,0.776447749984651,,0.7766061541642422,0.7792970292441302,0.7801403054280039,0.7778537187985721,,,0.7782210223803903,,,,0.7807496246239606,0.7774635897435207,,0.00010413067785833784,,,0.00010392392011659036,0.00010394790622075367,0.00010392883187448015,,0.4720606206048268,,,0.40136587270730956,0.1930587934215892,0.4616788971199338,,0.46095213466897816,0.4609863604138306,0.46038756863197894,0.4603217204740589,,0.46152694402595734,0.4611940455369278,0.46108935200305246,,0.4615404599881413,,,,0.4600724017240223,0.4612199852458717,,0.46250240481755567,0.460835912285051,0.4615392602955267,0.46122125645365014,,,0.4605492678313165,0.46218113461329574,0.46088684903204874,0.4602859098372083,0.4612419630886133,,0.46102825797726266,0.4620402758655766,0.4612293351804462,,0.4612263168383783,,0.4608586246409184,0.46173608137881333,,,0.4610164723761961,,,,,0.46162485636627576,0.4609261755528193,,0.46011548649656075,0.4608219349618318,,,,,,,0.46102159038128826,0.4599809034135587,,0.46121709195107086,,,0.4613239511776979,,0.4611014465387599,0.4615687296121996,,0.4631873251993388,0.4600901162754473,,,,0.46165683824343184,0.4603792982202371,,0.4597872654917519,,0.4610946899043211,0.46056795918483434,0.4601796397230959,0.4613716909240129,,0.4614016030775967,0.4619491184341755,0.4618840583717421,,,0.46197104588744015,0.4619172171024336,,0.4613854810223711,0.46168651823724294,0.46045429234291757,,,,0.46029407899485925,0.46118147694291256,0.4604356621684891,,,0.4615318501542692,0.4615867515975018,,0.4612287815403251,,0.46000214461187416,0.4610539392566993,,,,,,,0.46121007820342014,,0.46155561593805217,0.4619051279373219,,0.4615972987761801,0.4619790522433783,0.4620830100590081,0.4611063587553739,,0.46009558205013873,0.4617111925369442,0.46033568398431113,,,,0.4621307575225413,0.4613806617682705,,,0.46112516585154734,,0.4601968609643043,0.46209858578284757,0.461425735986961,,,,0.4604815342834259,,,0.4612072931617907,0.4609733640930185,,0.46102296810920107,0.4603777097529683,,,0.4615240820870947,0.4614500784064434,,0.45955450907809203,,,0.46000265143884306,,0.4611070665199001,0.46075754673753394,,,0.460994894375294,0.46137775263396386,0.4600303715638288,0.4612876448711586,0.349853422323569,0.34898127516280353,0.34830185811932424,0.45497665057487247,0.38742918106955926,0.7754437441045565,0.5236041307573509,0.5230168469814299,0.4450706863447587,,0.7797927748435819,0.7815679304178981
7,5,DG_10pct,20,Z06_F09,6,3PH,174981,181917,True,5203.9004728798955,5181.129641901831,5245.30666091898,5268.865777987745,5265.786470578694,8.227845498153666,3.977647890092357,3.2451569934621665,3.2797841588915144,2.472298414121396,2.4776286219211583,1.2321926737811604,0.40661929329095275,39.94410349764855,37.64513264598413,8.33006575786922,0.0051636271322179055,0.001948026533174024,0.6286531160001031,0.8217347429017652,0.6813132239010744,0.6848198324211123,0.6812044153554978,0.6862414528857603,0.6863139927646876,0.685418336544476,,,0.49043364685079827,,,,0.49461507349129336,,0.4943425348883597,,0.4938025402118114,0.49498137809448717,0.4946320791755511,0.49372411901853297,0.488899129501928,,0.4902437140422521,,0.4909229805231355,0.4900719842538975,,0.4850911810123571,0.4854939111689085,0.49358641442497847,0.4925662378791448,0.4920759967832314,,,0.4920250894346623,,0.4289968138882556,,0.4268687760000114,,0.4176057910079553,,0.41856469947358266,,0.4184137199779557,,0.4188273122153496,0.4193249521787816,0.41941615489631706,,,0.4199551236966754,0.4184896247557339,0.41865155110322083,0.4182343776931688,,0.41938417551942536,0.4112790026164827,0.4121677148242477,,,,0.40169195785904654,0.40153463625506264,,,0.40282496478038243,,0.40213591315916736,0.40306458140514734,0.40220670466733716,0.40274322581072447,,0.40284898719925283,0.40123499797137746,,,0.40071293226508214,,,,0.40260283483747394,0.4017097042171957,0.40234532719502547,0.4005614335723239,0.36198643524026936,,0.36173975894026306,7.221146477505314e-05,,,7.181089151018983e-05,7.179594385088914e-05,7.188178412719851e-05,7.19695537489054e-05,,7.259782585404111e-05,7.25544646855785e-05,,7.257648216851839e-05,,7.272638496108237e-05,7.26410360740285e-05,7.24679756852753e-05,,7.274469958190386e-05,,7.276297214558386e-05,7.258937124858325e-05,,,7.273758165512958e-05,7.272552374297911e-05,7.27773698233629e-05,7.251915058989526e-05,7.255147338441376e-05,,,,7.228349897877154e-05,7.265022916976328e-05,7.273293195388259e-05,7.269697762224325e-05,7.263319249877329e-05,7.262312453619517e-05,7.275359850005629e-05,7.269367197267431e-05,7.253178729508871e-05,,,,7.248213374859597e-05,7.265601795917411e-05,7.260036155551628e-05,7.266083995834791e-05,7.261914266801128e-05,7.254379147460944e-05,,7.262966058455763e-05,7.262896968548261e-05,7.258815058205749e-05,,7.281946445973538e-05,7.272694834833353e-05,,7.261775277640321e-05,,7.264800716113545e-05,7.276341057679948e-05,7.294531589752477e-05,,7.267615559861176e-05,,,7.262011485464506e-05,7.261647462981337e-05,7.290242143485875e-05,7.25330558910672e-05,7.277570776972097e-05,,7.259003740420279e-05,7.282140023647168e-05,7.264295460117653e-05,,,7.275166996032814e-05,,,7.237286026794908e-05,,7.257969368077017e-05,7.24628528165628e-05,,7.2530453714095e-05,7.264554989543064e-05,7.265023861520476e-05,7.28298364501482e-05,7.277881221858677e-05,7.25298910705961e-05,,7.274454828715139e-05,7.257632048196554e-05,7.257070668123866e-05,7.272726596091877e-05,,,7.242651279910522e-05,,7.240400212684984e-05,7.245617011851549e-05,7.267851219915894e-05,7.257945481675487e-05,,7.25770490676377e-05,7.258076991898192e-05,7.265482861380795e-05,7.264829513544267e-05,,7.269171267211379e-05,7.26035506671198e-05,7.255423132741441e-05,,,7.271947062052076e-05,7.251892249802338e-05,7.253610150374439e-05,7.253070276717369e-05,,7.265477588929796e-05,7.246113135044842e-05,7.259120169310931e-05,7.262486573079802e-05,7.248059702004516e-05,,,7.286565544667384e-05,7.242215697597865e-05,7.251204295177014e-05,,7.252263110371374e-05,7.270571049200814e-05,7.270755356169932e-05,,,7.262847068920916e-05,7.2451800025883e-05,7.268151355803943e-05,7.258934316352238e-05,7.23416631658478e-05,7.274231384476569e-05,,,7.253773006165683e-05,7.268316982541601e-05,7.251277254665013e-05,7.248919700238835e-05,0.04868649521902765,0.04866686501182938,,,,,,,,,0.004390774851796676,,0.0944330590163795,0.09430301512422874,,0.09455333367034677,0.09476454048172583,0.0943565868456636,0.09415676028112495,,0.09433627726863836,,0.09450286801558241,0.09413535962715214,,0.0943807682806117,,0.09453125890117554,0.09435683134228087,0.09455852933685684,0.09440831585961897,0.09443288573054455,,0.09434115749704279,,0.09420717192144049,,0.09457144749389206,0.09406108677810653,0.09452722966920031,0.09404636363827694,,,,0.09435430506418183,,0.09436175109057897,0.09424729364823109,0.09436824794351985,0.09449552176687141,,,,0.07215565308199033,,0.0721843436935025,0.07239093578820821,0.0723013683508319,0.07243696434590755,,0.07241872210681294,,0.07241082872552973,,0.0723737900498189,,,0.07235527254855718,,,0.07226779386984993,0.07239940208856743,0.07216430697423434,0.07229916054403981,0.07231305210768121,,0.0723141591297247,,,,0.07244744514395761,0.07226382632513674,,0.09449358853732805,0.09429588696894392,0.09413782276189347,0.09412300568211798,0.09435554949743417,,0.09437323833701453,0.09422031054031842,0.09450230309033857,0.09445628389617805,0.09430388739168095,,,0.07211832136700044,,0.07231900886934826,,0.07237516118710535,0.0722343776098883,,,0.07227618210387916,,0.07215072591865807,,,0.09419417194660144,0.09428766707710973,,0.09404300916596782,0.09398897199044659,,0.0940673104240305,0.09401049431756975,,0.0942805754514933,,0.0941881712223047,,0.09418653088078541,,,0.09424888631447162,0.09415759980114272,0.09456023974355672,,0.09407302407236448,,0.09414918635369791,0.0944995775697809,0.0945098006064227,,0.0943975740889869,0.09474310309183856,0.09439714485412143,,0.0944495951560712,,0.07200007894025855,,0.07237780026575676,,0.07243307883674563,0.0720862769398586,0.07222283325507732,,0.07192132615902685,0.07216497949576722,,0.07231028702834005,0.07234019066854845,,0.0722699680940767,,,0.07259237834640477,0.0722383481911777,0.07223778460569401,,,0.07231609675861696,0.07229710810429192,0.07204809173688013,0.07233961740724726,0.0722987145162073,0.07232072204889788,0.10652076979917036,,0.10634495134790625,,,,0.1062225703250812,0.10580286373700319,0.1059315345554121,,0.1040518847302553,0.10390580901091134,0.10417441674475118,0.10386652020614467,,,,0.004396339245949092,0.004375587167360417,0.004368414860514231,,0.004278996856719917,0.0042829228726637665,,0.004154444016187309,0.004150374822613546,,0.004426719147526682,,,,0.004484206592026637,0.0044764178650767835,0.004517861200595571,,0.004500435065639083,,0.0045319129101388895,0.0045180662108893046,,,,,0.00454048561843312,0.004556957550637135,0.0045594713055313,0.0045454584262745335,,,,0.004522917314523597,,,,,0.004527213732091005,0.004543442420317213,,0.0045314626434363,,,0.004535130101670392,0.004528766726128732,0.004527776952900818,,,0.004610332022269902,,0.004604811825236444,0.004568678044801622,,0.0046376601809552925,,,,,0.004639026585646611,0.0046327343249248755,,0.004623639745659243,0.0046373424086708845,0.004641978221548113,0.004632443313706265,0.004629568546809068,0.004620711035535532,,0.004607611523302729,0.0046300521608963925,,,0.004610753527640437,,0.00461243986764748,,,,0.00462428534115215,,0.004613374978657114,0.004630351816942719,,0.0046409573021167876,0.004609229243423387,0.004619121493857766,,0.0046179556709137586,,0.004614407534627502,0.004607413482853713,0.0046060430542193605,0.004624499078130285,,0.00461069686601142,,0.004619470861606825,0.004620334351023827,,,0.004623518107442236,0.004625731835466449,,0.004615619126362614,0.0046244466823050934,0.004634061537627613,0.0046060786890441624,0.004618141974429297,,0.0046235768793608375,,0.004620428314673084,,0.004628405449285871,,,0.004610605750366572,,,0.004620307111848187,,0.004631263341536364,,0.00462859461317926,0.14637045679004856,,0.1462698289178696,0.1462949381644325,0.14666407966853984,0.14630393608587822,,0.14674830672908326,0.14632768301870933,0.14649304302529614,0.14673400165042372,0.14636584232745434,,0.14674791425907638,0.14730852300725703,0.14704755521117086,,,,,,0.14687565567994149,0.14620188873044768,0.14657419091263096,,,0.14664870725332596,0.14663809641712797,0.14679578122373502,,,,0.14701635511401778,0.14677905881696335,,0.14650910268372477,,,0.14666171951202966,,0.14696182136098926,0.14643427474401466,0.14602109942023755,0.14625671029607437,0.1463368975458186,,0.14656965010024983,,0.14578558919464168,,,0.14653928976325498,0.1462348909469633,0.14623447221853034,0.1462301031900834,0.14633267503964695,0.1468951512774847,0.14666092400966083,0.14666175372109727,0.14674255988627405,,0.1467511536733027,0.14646066564965324,,0.14634971987905115,,,0.1463146258984603,0.146813906005358,,,,,0.1464661969399274,0.14656417009948974,0.14669432370840987,0.1463390807823926,,0.1465938300178103,,,,0.14712538309991935,0.14671510081450403,,,0.1465701836272271,0.14678998358678852,,,0.1470236327746076,,0.14675956075322036,,0.14652371057772265,0.14666053306259377,0.14663244270021028,0.14629311579852758,,0.14686579972181404,0.14673236077172894,0.14653238844414598,,0.14694398443726317,,,0.14697608219238098,0.14679561152353787,0.14687492828406282,,,0.14650595833162547,,0.1460244501363053,,0.1464291879960236,,0.1466211558143325,0.14630730432936748,0.1465203962144543,0.14637152210252927,0.14666271290320096,0.14710403656525411,,0.1465561928688836,0.14674443126594305,0.1463431048237577,,0.004430890932349814,0.004413318177242268,,0.004431304715852028,,,,,0.4341048059664458,,,0.004584800281334876,,0.4938214647657817,,0.4925003834345855,,,0.4915319287542169,0.49230562060290306,0.49279508071719424,0.4915641563722322,0.4926480404984927,,0.49162551195081117,0.49142774031975106,0.49200319441229545,0.4911023589933528,0.4911924742579495,,,,,0.4920274146962027,0.4900794531587391,0.4923248159555544,0.4928850137353314,0.4917630803619838,0.4928717278794756,0.4911914831233249,0.49186925003441107,0.49154859876959184,,0.49173932677748855,0.4913266141163806,,,0.4916446207599751,0.49174791222393455,0.49165931315069994,0.490569171751389,0.49170626998366757,0.49239894797586725,,0.4925101131316427,0.49154663620009637,,,0.4915799639431457,,0.4930436057533986,0.4923163371554771,0.49073639899862387,,0.49161500026285193,0.49160044832067323,,0.4914661858798704,0.4904168855158824,0.49096796406870125,,0.49136030219737603,,,,0.4904824901697191,0.4913680652236164,0.49164725030137607,,,,0.48953384407283485,,,0.4927440624563887,,0.4916935910402317,,0.49011852633001046,0.49132689667031554,0.49138390379708224,,0.4919905749805306,,,,0.4916665873627574,,0.4917500046070314,0.49118186827801835,,0.4909063619219431,,0.49100538396463955,,,,0.491241005229824,0.4917487544256488,,0.4917143019699963,,,0.49178112152089026,0.491711920670691,0.49105248917628624,,0.4913536763103748,0.49203068044454246,,,,,0.4931036161672184,0.4918623051895083,0.48985630139461345,0.4921482289609381,,0.4919315707900874,,0.49246828800361225,,0.4918791077584183,0.4923819904290786,,0.4910644510891216,0.49156709964523776,,,0.49165998999070976,,,0.49300132632946636,0.4929190427337359,0.4923025357830445,0.4900898149101471,,,0.4907924404519535,0.49228458548825665,0.49231482063076215,,0.4905313572185235,0.4920610480046259,,0.4919643198583339,0.492155001471892,,0.4922821376564578,0.49194656866230596,0.4909279987067024,,,0.49189917179827275,0.4927451723272848,,0.4914411904658562,0.4905738607949221,0.49270498676523056,,0.4930682285571972,0.4910838335053696,0.49235302492533367,,,,0.49056593311623314,,0.4896287537784062,0.4923374220437032,0.3807905858932205,0.38189516282961516,0.380188140008658,0.438116380447548,0.43852996674256217,0.43724668171907755,0.4941438028854493,0.4952579198777474,,,0.49520245168113214,0.49483952892910077
7,5,DG_10pct,20,Z06_F10,6,3PH,175001,181939,True,4760.41847468534,4750.058104197985,4783.646768178717,4865.119405741151,4841.219914698694,13.341606469804516,9.736655113969896,54.50418440207425,55.12016925657113,41.494721611353796,41.385399904645524,20.545561368717323,6.793315386195043,43.261556292743876,40.251330251283505,13.492348399258725,6.1044718022751265,2.318144046732025,10.674310289918314,13.768629179410993,,,0.7038825495770674,0.7114636927015037,,0.7103002000054727,0.6300036691759305,,0.5309289332927305,0.5295156258592179,0.530198505469576,0.5364192492024364,0.5364793878953947,0.5345478904862921,,0.5359928101847579,0.5337083829189563,0.5359637846906363,0.5363852981848468,,0.5311964414513898,,0.5303390494334118,,0.5314862968304686,0.5308168691930268,0.5255405490523488,0.5255854601981911,,0.5323068465692053,0.5345667619165276,0.532654046962136,0.5334605931012832,0.5333140931903918,0.5335804482738815,0.4957288483583642,,0.4731208037058514,,,,0.4633726015312739,,,0.4672487243186154,,0.4673792614212017,0.4672699767705474,0.4675407845354019,0.466983790643226,0.46527985906278685,0.46679121841681764,,0.46767722290234104,0.4665033771629054,0.4661421338173048,0.4663307313863217,,0.46067201191834284,,0.46046031559677614,0.45120946609291646,0.45128921565250235,0.45090464746224707,,,,0.44984780756452436,0.45041814050983836,,0.4515585138311067,0.45187774120672,0.4517350799086073,0.45156021442246425,0.4508240618262073,,0.4506983007488586,0.4500459610825,0.45214075699361983,,0.4515725392921428,0.4506613380460396,,0.45157529144337366,0.4497442892350211,,0.41330638109503853,0.4145871912562289,,,0.0850802711431113,0.085310090435443,0.0851688550512747,,0.08503030097860607,0.08636681902994556,,0.08619558503600615,,,0.08636256973765746,0.08603524900070325,0.08646090721766925,,0.0862209244139209,0.08608603983416696,0.08619906154514788,,0.08615020485481821,0.08598152888116233,0.0862581901433704,,,,,,0.08624820439991676,,0.0863636483283306,0.08614139114356428,0.08616612938078506,,0.0863410774491346,,,0.08616609779501339,0.08634082454297559,0.08617178304334203,,0.08638123926270286,,0.08630703479535023,0.0860216272122802,,,0.08592125792794796,0.08623925123108948,,0.08620300793367887,0.08619316061850389,,,0.08611170353735255,0.08582215655547944,,,0.08600062393479235,,0.08612127493446702,0.08597671459427124,,0.08629958377491109,,0.08623360625276003,0.08628780731891394,0.08596182538547863,,,0.08627137980430175,,,0.08605300351477294,0.08610176464203698,,0.08617327161192323,0.08632473496859562,0.08627286817673342,0.08589105982119247,0.08618238278087936,0.08621636229854841,0.08618825918210304,,,,0.08622932854552506,0.08601765113718687,0.08609312195228383,0.08616806398894294,0.08612994218328622,,0.08578751840718686,0.08583972234065805,0.0863096984901391,0.08609332117937338,0.08604305435200085,,,,,,0.08626051909913394,,0.08610647059478106,0.08611455148439658,0.08625740867230543,0.08630621165302618,,0.08636933575413161,0.08631773937020247,,,,0.0858696712213927,0.08610423461972047,,,,0.08587627985659614,,0.08611211072854082,,,0.08601047677235017,0.08605203232379412,0.08605720503258533,,0.08631402178720451,0.08623693688547977,0.08606020315414042,0.0860713723651001,0.08596969502490004,,0.08625101632087204,,,,0.08622912265512037,0.08624826285525834,0.08603207484130096,0.08615904820901601,0.08577409958727965,,0.08626436651372135,,0.08588393317312872,0.08608590267049476,0.1197021428850715,0.11937811091784367,0.1192497537307428,0.1337086018182639,0.06567646408071487,,0.019629873591741513,,,0.019604282259564718,,0.16132284001011135,0.16077493977338628,,,0.16085412006142705,0.1610176303515773,0.16086292724376183,0.16100680232770337,,0.16114133195042438,,0.1608742689122171,,0.1612860670414439,,0.16080720079090327,,,0.1611451464711314,,0.16068502346881608,,,0.16104186354578792,,0.16075767296923313,0.16054403522888933,0.16118269042596506,,,,0.16087488230190258,0.16080132790189763,,,0.16083320103261373,0.16090371283027188,0.1609178324081031,0.16074683573750084,0.160756885881704,,0.14203019170984627,,0.14213297862748356,0.14148582138975976,0.1418780330673086,0.14170758299073852,,0.14226621781905302,,0.1420066222242693,0.14189022113982214,0.14184031649522483,0.14166268283140382,0.14211112708900675,0.14192860981649766,,0.14199875035199386,,,0.14203301472054605,0.1417876137473046,,0.14157996808410125,,0.14138253464256642,0.14156620991781596,,,0.1421338403713366,0.14174282361364962,,,0.16046699034401937,,,,0.16071992423538117,,0.1609268346762558,0.16106196975701742,,0.1606727144905091,,0.14153591030071094,,0.1419956272199977,,0.14153559423753115,0.14146945911964606,,0.14176107693789922,0.14155006914112486,0.14122827615640202,0.1413642837809258,,0.14186283008778147,0.1414212086148739,0.16046477126405936,0.16049386354538484,0.1610091309931082,0.16031892245436255,0.160933003471006,,0.16065757299947717,,0.1605729806983181,,0.16044018112588354,0.16031625462241894,,,,0.1601232141558707,,0.16028233954867369,0.16064102916100792,,0.16064424868532362,,0.15992837865874615,,0.1599118708162124,0.16077676842283,0.16016977814798602,0.16066328287127685,0.1605228155567343,,0.16080785045500548,0.1415080847319524,0.14151777076991864,0.1417029258897166,0.14183509552125378,0.1418744563971557,0.14159179944967965,0.14135417733239303,0.1422300359737145,,,0.14196576889525883,,,0.14186290734545462,,0.142095946427276,0.14190474403877962,0.14186636830692742,0.141564991456185,0.14165645290748802,0.14229904353424966,0.1411683452207352,0.14211035552653645,0.1421636670319699,0.14241562412788922,,0.1422984974664523,,,0.17132941247062602,,0.1704367608167535,,,0.17150096617349575,,,,0.1678321228786949,0.16745741274339268,0.16794702218500102,0.16744460686926724,0.16834294877570355,0.16759624940784806,0.07517506142565779,0.07521730374407579,,0.07483975157785451,,,,0.07315643866553759,0.07309024254890598,,0.07121021510484607,,0.07449462564533238,0.07436046653926615,0.07430594605287386,0.0756165375827459,0.07555106752391913,,0.07574445374249601,0.07570327592812126,0.07588434516480286,0.07612420771745643,0.0763799396750272,0.07606911360437081,,,,0.07606498342697045,0.07610913533087528,0.07654531062585318,0.07686177318632179,,,0.07610737211670014,0.07638729827766409,0.07628156931497108,0.07591374240517253,0.0763364108342381,0.07595355091434718,0.07620837144451485,,0.07598092964847328,,0.07616295348383104,,,0.0760132837263378,0.07618903677041876,,0.07764739664859704,0.07745242611494504,,,,,,0.07783389235139956,0.07777779520439618,,0.07782105386502672,,0.07784232673411753,,,,0.07794276033678123,,,,0.07738923280502277,0.07761816318900588,0.07775566967264289,0.07735263002790867,,0.07757114930512718,,,0.07730638976534955,0.07739839756757462,,0.07760153233565058,0.07752319755200303,0.07753171615723001,,,,0.07738073217072097,0.07744209399643984,,0.07736000324410809,,0.07740674851311703,0.07747766986971737,0.07750444650067811,0.07739236954080093,0.07742342362641876,,0.0773367131472992,0.07748629463127843,,,,,0.07759745908248883,0.07771102191659304,0.07763526826264623,0.07745238259102945,0.07749281842801319,,,,0.0776189162610203,0.07739606482127222,,0.0775366025652133,,0.07758260312499234,0.07752004668709302,0.07767131368301877,0.0777991843810017,,0.0775870630035566,,0.07756368170067054,,0.07759546981387361,0.0774349723630795,,,0.2066019634349679,0.20661750247241997,,,0.20627711894934034,,0.20660951010847442,0.20669174115323358,,,0.2072884725758627,0.2064261457949816,0.20682792233714195,0.20628307761361125,0.2065734367234898,0.20630993510639403,0.20687821459058306,0.2060369520171189,0.20649986482161767,0.20638685779095756,,0.2059891138391942,0.20651729736084312,0.20714416677605652,,0.20686038478597663,0.20699876548355015,0.20653207980661098,0.20646723301702083,,0.2068094940005691,0.2065530712361023,0.20710060036651967,,0.2065295946789978,,0.20654615988621108,,,0.20599554017708174,,0.20597006817931532,,,0.20651137265609318,0.20628431508798267,0.20595683106220236,,,,,,0.20618262615251082,,0.20656019293566344,0.20647852818922863,0.20768219703580962,,,,0.2071444924890164,0.20627218412981135,0.2063080567279543,0.20409077778060292,,0.20584274780658224,0.20615646662488674,0.20581468139598885,0.20652585351506106,0.2060514607713783,,0.2056267250600524,0.20640073198797665,0.20681801729447724,0.2064636127222887,0.20677103157415605,0.20654717621549773,,0.20656509717241495,0.20639858226234867,0.20689122369169186,,0.20708650550338953,0.2069431991210327,0.20672728115198108,,0.2074009333948593,,,0.20647483002285952,,0.20608656778990414,0.20677813507547219,0.2061933149228876,,0.20680195837257875,,,,,0.20651585565714722,,0.20687564063298683,,0.20598453522482296,0.2061717179549484,0.20653269274119548,0.2069223948710958,0.20616818357904992,,,,0.20594774065793406,0.2061764595820733,,,0.20660779665149917,,,,0.20539173344440018,0.20612458314537405,0.2062772520450482,0.2061562819411806,0.2066987398978365,0.20615519572950622,0.07416904983687536,0.07410152752980274,,,0.07404306416432366,0.07437741252831825,0.48373862886938546,0.5582413757680733,,,0.4817767040380654,,,0.5344022584699799,,0.5326155841829664,,0.5321635682757211,0.5321881807870081,,,,0.5336079545057325,0.5326509579794593,0.5336112670779444,,,0.5323256377169441,0.5315239929634281,,0.5335536137732433,0.5309100244879059,0.5333287088723035,0.5333072068401095,0.532837561514987,0.5338504302803199,0.5325400194560199,,0.5330568837407149,0.5316433888879245,0.5323371062886595,0.5317099300138046,0.5307059770664814,,,,0.533585032785003,0.5327166012069615,0.5340370082703401,0.5319028355914287,0.5328923870707454,0.5329398744529578,,0.5322204877842861,0.5333624066463363,,0.5314077985524565,0.5335200747171105,0.5338751945989775,,0.5330592709312172,,,0.5330330130946092,,0.5335277323821531,0.5325702593423639,,,0.5327949986868025,0.5333190231072152,,0.5324476136044681,0.5322996002207859,0.5336437934070968,,0.5325429154083063,0.5330990604504953,0.5332685369475014,0.5346237383277813,0.5314901544456356,0.5327864445832919,0.5326691981061146,0.532917227400313,,0.5335226185572381,0.5331681326893456,0.5321835598579339,0.533518882707981,,0.5317075487819675,0.532253777729899,,0.5322326821215038,0.5327080005776919,0.5309561150006532,,,0.5322135763888141,0.5322198199409878,,,,0.5332743029730561,0.5332417507073969,,,0.5327721210763814,0.5345162043209908,0.5315228896023887,0.5336663531001891,,,0.5341891757270449,,,0.5338269240412209,,,0.5333887441024013,,0.5338650680453776,0.5324514594428293,0.5340467264601986,0.5327706557814108,0.5316732719804421,0.5318050504490796,,,,,0.5311519792048545,0.5333223389622165,0.5322650138635452,0.5307207944366988,0.5333132048852635,0.5327558278283452,,0.5328758616829209,,0.5316022692451634,0.5347650706669921,0.5328725943017784,,,0.5329765665073741,,,,0.5320517268495855,,0.5331484250027019,0.5328069946385193,,,0.5323688949703715,0.5347516920278406,0.5312487066380387,0.5326306325136967,0.5326561411280635,0.5320132098371324,0.5316366706786534,0.5328216722771242,,0.5339903782956871,0.5318526736714138,0.5326165108326286,0.5308263049200401,0.5321918589468182,,0.5324437778201382,,,0.5316501074789836,,0.5350739647520933,,0.5311876570460043,,0.533232785325625,,0.4299233415057768,,,0.48302781804168377,0.4831209097656211,0.5354851526786956,0.5369226673441202,0.5348292756730639,0.5362553304209375,0.5353814978180965,0.5349095086365707
7,5,DG_10pct,20,Z06_F11,6,3PH,183046,189963,True,6008.230600380738,6045.865174730554,6001.722582563028,6110.599941014966,6107.25838946704,1.393953009383828,1.408632778867591,13.21273615572107,13.290834779600845,10.03854565857471,10.102398081234554,5.012705160067418,1.6425793283753933,35.5270285120867,33.6288360854797,1.4001669905969039,1.2744403388986285,0.47894453654015,2.5419191256649487,3.351906235144621,0.647724746158102,0.6507153561869466,0.6509432133932284,,,0.6528216375354059,0.5557847020138524,,0.43737752400244967,0.4364998574838162,0.43710798807230333,0.44281380245769314,0.44190895351286547,,,,,0.4414738474719796,0.44179121668237203,,0.4382135143910748,0.43719290419630397,,0.43789666689562634,0.4384455537873077,0.4358080272160886,,,,0.43827763911036766,0.4393387620129155,0.43839123534863406,,,,0.3898171721927255,0.3664850385654379,0.36665000777588796,0.3667754185152973,0.35464169872233836,,,0.35507126014984103,0.3560964368449995,0.355531143488944,,0.3565620699740039,0.3558233081154294,0.3569456733467064,,0.3562039331943505,0.3571631514772459,,0.3558015391253452,,0.35587021105520256,0.35566055731786955,0.34887427617584593,0.34873675424746065,,,,0.3378523896866535,,0.338500102731884,,0.3384252782082295,,0.33768221997260733,,,,,0.3390692555028595,,,0.3382759677625592,,,0.33900169175538053,,,0.338760622091481,,,0.29959089603497924,,0.30042685711259814,0.017848681181674632,,0.017748346158964153,0.017711763812394785,,,,,0.01796729612516489,0.017953247235784578,0.01798058092467762,,,,0.017939978810784744,,0.017957559141616192,,0.017988669558705213,0.017935134364897194,0.017910501325314753,0.01792428580531313,0.017943403850876026,,0.01791464573787822,,,,0.017940257476523176,0.017938718859370848,0.017948630306877912,0.017891752478832228,,0.017963497635417235,,0.017946255813703682,,0.01790297993427245,,0.01796512266660308,,0.017951437750295833,,,,0.0179174656491452,0.017893170053483603,,0.01792028676668357,0.017937061501709442,,0.017973001944461244,0.017937089654699985,0.01793247709736236,0.018011149207291032,0.01796271150850263,0.017887759887733026,,0.01791067834107993,,0.017963033161338536,,0.017941000011211877,0.017944892356229293,0.017961726184654202,0.01795039350370834,,,0.017959486405585208,0.017948842491186754,0.017942337221504366,0.017948801830672396,0.01792499621454122,,0.017874248470815184,,,0.017899956273640275,0.01794868040263438,0.017955723988495695,0.01797429396176829,0.017946872890211248,0.017935998157414364,0.017948870761116516,,,,,0.017936031704466653,0.01794753576818081,0.018007067811364148,,,,0.017931464971616344,0.01790114590612798,,,,0.017926044563635894,0.017939499561470573,0.017936679672874635,0.017956764970014794,0.017955809984326762,0.01796740060844204,,,0.017984903272400647,,,,,0.01791834485385041,,,0.01798322095229597,,0.017925730362960957,0.017924702730899175,,0.017951590577951933,0.01792384792982119,0.017898887680529583,0.017952494145719044,0.017917903585947265,0.017871715825946762,0.017936164230880118,0.017904746166410655,0.01794221386927991,0.01787768746169442,0.01795365107781496,,,,0.01792670273800775,0.01791755434724572,0.017901171840376442,0.017932087652002375,0.01794602017673604,0.01797345271558191,,0.01791934253240051,,0.017954343125180718,,,0.0179578022420463,,0.01733095001772718,,,0.01789561935870615,0.017824098925322766,,,,0.01783551732339238,0.017845374428217414,,,0.01790508312494206,0.017917473555549953,,,0.01790133827180268,,0.01788102658301386,0.01787512364029188,,0.017933426409141327,,0.017914175272373555,,,0.01793956000247201,0.017881459748453274,,0.017929811595984536,0.01790946638016958,,,0.017979995026660065,,,0.01789519824250741,,0.017872981553538968,0.017912210438320926,,0.01790919398740829,0.017942230166077634,0.01786621253096609,,,,,,0.017900407723887173,,0.017961339221657515,,,0.017939808016644437,0.017890607993973004,0.017910266873770203,0.017921737300990025,0.01792516218564509,,,,0.01791672062817953,,,,0.01792974897146267,,,0.017967702466223753,,,,0.017949288551725954,,,,0.017961267438562634,,0.017932153827973602,,,,0.017880383469281086,0.017874702971333468,,0.017893527862518917,0.017895591422448374,0.017920018032726,0.01791862320986685,,0.017881143297262675,,,0.017936891251338377,0.017919249483486176,0.017930667989851812,,0.01790844477475267,,0.017878396040878326,0.017867518285776426,0.017849989974674327,0.017896363203225678,0.017899270851045448,0.017842128340123553,,0.01788080933036763,,,0.017892899334750183,0.01782466691315614,0.017896108788164285,0.017891231562182707,0.0178696867380399,,0.017881492403513263,,0.01782878249727308,0.017953065550451737,0.01790241693368838,0.017872555207132032,,,,,,,0.01788520453881726,0.017997475516183817,0.017922941235957893,,0.017862745564980055,0.017920078333169515,0.01789633260312082,,0.017932347344066592,,0.017909015725411943,0.01793963331193841,,0.017908846859150934,0.01793106310164985,,0.01790603707233637,,0.01791116540609068,0.017879138860178848,0.01785143660616538,,0.0179592061611055,0.01795214109319419,,,,0.01794635967012878,0.01786532854978147,0.01793597947629172,,,0.017873996160301622,,0.01789645071467336,,0.01787222363399472,0.01791629273495276,0.017913950132497622,0.017952548484290207,,,,,0.017943706133606623,0.01787628371824152,0.017870651954703255,0.017904250228382282,0.017852419241072507,0.017916991083172244,,0.017556495988745084,0.017566451908908584,,0.01757235308121962,0.017547899747569946,0.0179279982948442,0.017908275944415006,,0.017821397610462784,0.01779532336131106,0.017846012084384702,0.01740173551265901,,0.017444589064190184,0.016939661899651147,0.016914718790076978,0.01696419282824531,0.017983488455519444,,,0.018249713078718668,0.01823314669466373,,0.01832400858293798,,,0.018427047513857563,0.01841769224384037,0.018468265299494496,0.018398819233406683,,,0.018411238873223313,0.01841644641892592,0.018507003793191222,,0.018396545453405723,0.018402820149129365,0.018395407920704755,0.018324324950200383,0.018412057435285782,0.018373420173247834,0.018430662311266253,,0.018402154174625332,,0.01840422939203053,0.018411324677097638,0.01845772476865066,0.018409234755974335,,,0.018448509023122582,0.01841226885146636,0.01878931281124731,,0.018775341980472073,0.018784235998792562,0.018778312034870362,0.01860854817053909,,,0.018857403967425378,,,,0.01885262929961219,,0.018868441669900808,,,0.018867059348168118,0.018775716419055528,,0.01877850859011695,0.018799261452364307,,0.018752753123201946,,,,0.018824580747933906,,0.01873374353802434,0.018804628054393233,,0.018726464769143115,0.018765578814338952,0.018710521654829327,0.018762942038963677,,0.0188040788165588,0.018788679290033333,,,0.018812891488398036,0.018760347984105186,0.01877348355327065,0.01880064776536224,0.018786454483377093,,,0.018778686347476464,,0.018801203026606126,0.01881526277592277,0.018770153271754467,0.018774572803857175,0.018749414122349633,,,0.01873387382759309,0.01879240827713676,,0.018804548445903357,0.018758929694329202,,,0.01879051867642072,,,,0.01879201248034187,0.018787395598358785,0.018854589789110133,,,,0.018786345907427345,,0.018790279051344224,,8.393961795831726e-05,,,8.382118002603874e-05,,8.395565067769405e-05,,8.358349190362694e-05,,8.364655631674745e-05,8.412443457258185e-05,,,8.412023883268047e-05,8.417812822272471e-05,,,8.392131681083676e-05,,,,,,,,8.378426378204393e-05,8.389885430849783e-05,8.41186983964699e-05,8.407568298632861e-05,8.385825748532353e-05,,,8.404498984569065e-05,,8.39701831055529e-05,8.406033248184e-05,,8.41009769626556e-05,8.399758655293098e-05,,8.379069162796694e-05,8.386768701014974e-05,,,,,8.352376857442716e-05,8.373821765946297e-05,,,8.381768169948751e-05,8.397204817252455e-05,,8.388197529594275e-05,,8.387514415857201e-05,8.379442260725803e-05,,,8.389432311077038e-05,,8.399126682487967e-05,8.411933616952987e-05,,8.39774041543939e-05,8.298518156752873e-05,8.374724760621279e-05,,8.385467038303172e-05,8.413426264179269e-05,8.385547774626393e-05,8.386222809571154e-05,8.397922237155641e-05,8.39693293192585e-05,8.389797794251158e-05,8.40224738105856e-05,8.395789704503752e-05,8.405606184606266e-05,8.40182815400715e-05,8.412168358919276e-05,8.405936517675945e-05,,,,,,,,8.408228201336119e-05,8.398745038042972e-05,,,,8.387254676105651e-05,,8.416871437827367e-05,8.410236603566333e-05,8.401469760112864e-05,8.391007264334028e-05,,8.37981391777922e-05,,,,,8.39391924513623e-05,8.39395367088431e-05,8.382115780485302e-05,,,8.372923566074798e-05,8.390377199192526e-05,8.36388635964444e-05,,8.39520844904221e-05,8.410924210976765e-05,,8.382111540002899e-05,8.425750552948175e-05,8.428785416944764e-05,8.36125007312435e-05,8.392335169149509e-05,,,8.40216424470068e-05,,,8.400879380292304e-05,0.017970822028134627,0.01794074283777463,,0.018006533985316975,0.017983753576035467,0.017944436151681578,,0.4688810377682965,0.37386166988146896,0.373492392899306,,0.018628197779656883,,0.43897608257749426,,0.4372587177617376,0.43881448545349505,0.4389481930307613,,0.43851885153478193,0.4394422885119908,0.4396724907212258,0.43923104558582904,0.4382468867216542,0.44028696182339294,0.4384396749282331,0.43853801559773065,0.43991730832656906,0.43870778286488504,0.43931727343040117,,,,0.4380912877898975,,0.43934039218045634,,0.43900377750615094,,0.439753724191926,0.43921992676691973,,0.4378189403002051,0.4393268907400783,0.43912755972370154,0.439576664870385,0.4405220117868241,0.43852648766148344,0.4394436234162839,,,,0.43796691375703195,,0.4391596594686485,0.43930643651365453,,,0.43921837312160233,,0.4388186080090464,0.43937320908741617,,0.4401433792471284,,,0.4389798082900309,0.4389490394010549,0.43918933320071746,,0.43970732181906397,0.43893095763471035,0.43831036877387913,0.43889994822717754,,0.4386009718030356,,0.43977412480588257,,0.4388642912616717,0.4399009888348384,0.4395221123143916,0.43981261704473884,,,,0.4393295576420501,0.4396470352016884,0.4393322209219411,,0.4388915481354239,,0.43887705269034877,0.4388504399051239,0.4381531600844979,0.43975161272228586,0.44043792047200014,,,0.4398232613751784,,,0.4396130217286119,,0.4393587717365048,,0.43928845133700106,0.43924656233505704,0.43867454640407,0.43929134121470537,0.43959388634378466,0.4404195926239766,0.43954418646986443,0.44062203581037673,,0.43794938701260433,,,,0.4388804765767199,0.43868488867702243,,0.4388823119608798,0.4383818934399031,,0.43887559349393834,0.43842939581621243,,0.43866061907654397,,,,,0.4382322945107234,0.43781885352872724,0.44026110243152966,,,,0.43919931892499137,0.439746836565073,0.43800254389693155,0.4384068008693256,0.438403466890561,,,,,0.43960577963271125,0.43855147932429606,0.4392008420006573,0.4385651991756454,0.4385956299155864,,0.43936400768776207,,,0.44014844579021783,,0.4400003182465606,0.4383868197699862,,,0.43829574641538926,0.4381878695487085,0.43921557420085755,,0.4402948870904466,,,0.43885688128940153,,0.43743224846651657,0.4397304553061681,,,,,,0.43937851274883094,,0.3197502231982484,0.3189935838022585,0.3762789671758561,,0.3751401892318258,,,0.4418849468140319,,,
7,5,DG_10pct,20,Z06_F12,6,3PH,175060,181926,True,5131.769292554257,5130.183456611745,5140.900059389167,5198.521481459271,5178.674423068576,9.150719641499164,4.921737108429312,0.05276415604200182,0.05308382855522312,0.040044590277605596,0.040069830048719425,0.01983914141075157,0.006581028337268584,40.37708478270416,37.87780110238627,9.223525034900739,1.216292227275174,0.4625263620912988,0.27391721799960056,0.013338411442298881,0.6866662881437259,0.6859215690342089,,,0.6901027403757237,,0.6034823026686158,0.49451440377876427,0.49579185802150466,,0.49483517182610476,,,0.4989858014974315,0.4987147848203823,0.4999255689863513,0.4975863704134769,,,,0.4950369119105097,0.49350815903680056,0.49731448109982485,0.4940599815723238,0.495342842671076,0.4953361798359107,0.48956967124127054,0.4888241124275303,0.49019228730997877,,,0.4971829324324966,0.49706815528427695,,,0.4589432267401685,0.4325991159780073,0.4317439851865422,0.4318824415631576,0.42326034646236343,0.42378686929032444,0.42405120893481896,,0.42589039572670245,,0.42348788804027404,0.4243381277138232,,,0.42565198258003517,0.4240149207259853,0.4260421876354214,0.4250715346082346,0.4245049929309102,,,,,0.41821298249175204,,,,,0.40770811847285876,0.4084502494024624,0.4090621052425745,0.4080230960512611,0.4065406754270058,0.4075119386248722,,0.40751323323001565,,,0.40655925290321393,0.40659059112528434,,0.408378483936905,0.40801302593500727,0.4077763880627782,0.4076270129088682,0.4070639066616444,,,0.40755196568741914,0.4087914033959183,0.3667782442730443,0.3680602419244171,,0.01711366907885746,,,0.01704247892887786,,0.017056495688184785,0.017023108025087823,,0.017236923100440834,0.017202734823548112,0.017202477128381462,0.01721829905012625,,0.01723606981331217,0.017237292864037093,0.017192006065560074,0.017209490339639616,0.017216327249275208,0.01717787345825242,0.01723971543789983,0.017218861112467947,,0.017242421296333185,0.017183211086190742,0.017200245591043932,0.01724828714596585,,,0.017227856345319963,0.017228492068474172,,,0.017190218912233757,,0.017195046939469216,,,0.01727644837596679,0.017178535376818446,,0.017186107470721995,0.01723810658609959,,0.017156368489313296,0.017198741530243183,,,,0.017200041034093515,,0.01723993731180178,0.01723019957140773,0.01727665561292889,0.017225895052371664,0.017227125559122782,0.01719620191122432,0.017217179637667966,,0.017198856291355123,0.017260443488576718,,0.01723258876425867,,,0.017231861712843154,,0.017199384395436213,,0.017227428082016254,0.017259354943252026,0.01715901982998442,0.0172134240561892,,0.01719508860107856,0.017179843424363652,0.01721570983446154,0.01717555570384907,0.017224151187496706,0.017256354783231394,,0.017237927509356068,0.017248136593955708,0.017269395281951778,0.017219106126410668,,,0.017200494457348416,0.017235399593271215,,,0.017183508132266864,,,,,0.017269853075125605,,0.017302191319647182,0.017196964919389747,,0.017201629786302214,,0.01721373891037754,0.01722085591751469,0.017225119936195438,0.01724139851562248,,0.017210566436188006,0.017242314658219595,,0.017209338823819156,0.01721321628937338,0.017242876837153774,0.01723581732732609,0.01723525368421713,,0.017196500021878735,,0.0171572897825618,0.01716048450255973,0.017238203824225123,,,0.017212877989393586,0.017234470122729446,0.0172498719910976,,,0.017259616186970844,0.017205306177140462,0.017181388857363162,0.017226864547876582,0.017282311497370886,0.017215360925425423,,0.0171636216586469,0.01722444959628638,0.01724584922457253,0.01716495571887973,,,,,,0.017214145805834732,0.017197209956140658,,,0.0602968497079381,0.060376576654661715,,,7.12394938742915e-05,,,,7.09506885201846e-05,,,,0.10624214727457515,0.10612067281333702,,0.10599872532858963,0.1060009711843844,0.10618656586505726,0.10598268447492082,0.10616867217940344,,0.10605967976285743,0.10580600721957885,0.10574136250526363,,0.10610787534210003,0.10587827725492976,0.10604315333013936,,,0.10588401154629429,0.10584806580226594,,0.10570192590619334,,,0.10606583890531884,0.1060191905596428,,0.1058020559498318,0.10577919180993037,0.10590477898809694,,0.10576368830169043,,0.10598591327807336,,,0.10609139692669561,,,0.08404461993345598,,,,,0.08419927563846702,0.08387966400132095,0.08411591904333751,,0.08400764554153448,,0.0843963368484651,,,0.08423691074978161,,,0.08440085983415185,0.08460380528588651,,0.08427892936231669,0.08417982083217543,,0.08424418070762235,0.08427980105909139,0.08419943788792879,,0.08440652356334769,0.08427123641239131,,0.08419983545865917,0.08432748896258181,0.10585118118249448,0.10606523260335099,0.10582054824132152,,,0.10585654432803498,0.1057426587013877,0.10564642915073927,0.10582862217752464,0.10590597307360841,,0.08408934480985777,0.08411018399551641,0.08411077504152865,0.08385315338718817,0.08405234373435909,,,,0.0843948744571226,,0.08395361193913085,0.08408647711223724,,0.08394857432913946,0.08403115096352737,0.10589577593619669,,,0.10582375113756418,0.1064095597049839,0.10583086762569514,,0.10582534205731778,0.10589594038971893,0.10597850541064606,0.10616369599922867,0.1061951740145958,0.1062024571708299,0.10591599190484934,,0.1062885467614931,,,0.10616242861047935,0.10565335511107334,0.10611711785489132,,,0.10608718635290801,,,0.10608992461910537,,0.10601515023703556,0.10601792025045362,0.10595096762613236,0.08419834814741994,0.08426066966055029,0.0840490396052125,,0.08433319122789164,0.08423777431265028,,0.08414110877798607,,0.08418972852704612,0.08419952653576052,0.08409159801267978,,0.08416702250700178,0.08409889049797178,,,,0.08386818344249516,0.08392257252687602,0.08442516268741529,,0.08397060707903838,0.08411505434912704,0.0844527887640339,0.08427328567948805,,0.08428084295784165,0.08424710734634036,,,0.1173015253619018,0.11762102184790352,,,,0.11755402713253339,0.11773465604857393,,0.11578408345228572,0.11489815589732573,,0.11541909503613093,0.11542659917276614,,0.0019280657119307646,,0.001910191805486597,0.0019108213417143329,,0.0018722453577554143,,0.0018704009099530623,0.0018194496978155604,,0.001820008313672061,,7.196080008115047e-05,7.180022247673625e-05,,7.298047588221914e-05,7.293828377036141e-05,7.350430821279535e-05,,,7.345789231321087e-05,7.36661427675825e-05,,,7.352632354322059e-05,7.364120054586474e-05,7.359930547333404e-05,,7.412337277343915e-05,7.40436644710006e-05,7.361270928263967e-05,,,,7.356984546196255e-05,7.326739343762158e-05,7.355582687846248e-05,7.362930757004633e-05,7.34992043401316e-05,7.359390430342465e-05,7.322631397279592e-05,,7.336807514805536e-05,7.343303908174957e-05,,,,7.344522705988923e-05,7.511614142903277e-05,7.48116990258846e-05,7.488230336618774e-05,,,,7.53897220118979e-05,,7.51665796206582e-05,,7.516505193584961e-05,,,7.51668335339785e-05,7.513626917866607e-05,7.512185311069849e-05,,,7.5059740660468e-05,,7.465685722481111e-05,,7.492096678832374e-05,7.503343786702817e-05,,,7.460157579086296e-05,7.505119388979358e-05,,7.474992061843866e-05,7.491149123540456e-05,,,7.498468231158935e-05,7.501947003558625e-05,7.487147885752298e-05,,,,,7.49744704552483e-05,7.476056006164822e-05,,7.482822920689805e-05,7.494810275923469e-05,7.481766414898978e-05,7.49678030294937e-05,,7.491179601972805e-05,7.508584070336396e-05,7.502115333741381e-05,7.479260417015574e-05,,,7.50492265972303e-05,7.504740399654188e-05,,7.481493361402701e-05,,7.478928925222962e-05,,7.506642812802614e-05,7.502717231258327e-05,7.484223865910305e-05,7.488302604558399e-05,,7.513489894730175e-05,7.509354469838063e-05,7.494247368849239e-05,7.503456965981686e-05,,7.527887354748491e-05,7.477496867643789e-05,7.488679391884186e-05,7.516568734431162e-05,7.519558828886294e-05,7.491599480359881e-05,7.50178499567601e-05,0.15784145068669822,0.1579726003108457,,0.15749126025157464,,0.15802900635741574,0.15701042428756448,,0.15745304960789944,,,0.157441687611596,0.15768431278313355,,0.15772063353033589,0.157380757318619,0.15759044134866584,0.15822279969613792,0.15742707781929152,0.1575885869651938,0.15753249645424827,0.1577057959213565,,,0.157714514109121,,0.15735384148094114,0.15725293456672618,,,0.15717502284566537,0.15768365764060718,0.15757050444743056,0.15783249962793225,,0.15755206217756945,0.15792989670447424,,0.15820029984167744,0.15728468239688032,,,0.15729206986140776,,,,0.15704056230711005,0.15721777591899153,0.15716456462677011,,,,,,0.1574852942877179,,0.15773111725075328,0.15752519277427784,0.1577054219159369,0.15765556637706274,,0.1574072545588296,0.15786258269075168,0.15742733041015158,0.15763878810546011,,,0.1570347337654377,0.1569354819049612,0.15741715408704526,,0.1574494510500839,0.1574436113294401,,0.15749257378075285,,0.15743616045350423,,0.157663063089583,0.1573546673317861,,0.1578855907562779,,0.15803913951342854,,0.15773841338741265,0.15767680269966217,,,0.15753841829624937,0.15804216147947803,0.15806740100991543,,0.15745763228114834,0.15757548635807161,,0.15722831425722467,0.15753372997004322,0.15808132689449292,0.15720751437273822,,0.1577908253938997,,0.15748157126175588,0.15784284650222208,0.15760926898295424,,0.15748176335046465,0.1578600019571599,,,0.15723785585520247,0.15721067905744468,,0.15671478454674723,0.15735924062905113,0.1575343914186171,,,,0.1578467677564651,0.15696893399342998,0.15747945177653475,0.15752037075577127,0.1572278432527914,0.15716557960322117,0.15719343631347427,0.1572034873672339,,7.16457064633732e-05,7.177146481735696e-05,,7.166085399464914e-05,,,0.523570442771303,0.44147073686699057,,,7.450057388874186e-05,,0.4956739772202864,,,0.49496489191103493,0.4968183425034446,0.49618834603532375,,,,0.4970881966453463,,,,0.49667273909048154,,0.4974399288839775,,0.495805776774514,0.49787592240044803,,0.4977945039627581,,,0.49665767892043566,0.4974814891787255,,,0.49667536353735137,,0.4976893701080841,,,,,,0.4967230416693869,0.4952657124274633,0.4966586935910729,0.4971950729928252,0.4957039008591741,,,,,,0.49597355721943037,,,0.4955198110576984,0.4968839242750663,0.4964535805808617,,,0.4955457438904454,,,0.49666157112345904,,,,,0.49813167096115124,0.4949627294207531,,0.49627299110080353,,0.4956595369414837,0.495917099433067,0.49736963275615287,,,0.4961515140132479,0.49560987788909805,0.4959774726027587,0.4959939391563607,0.49783659890088566,,0.4961469603385055,0.49588681640640275,0.49716091724130346,0.49753736518178393,,0.49651986329082265,0.4983919348684304,0.4956275226780674,,0.49799623637575363,0.4962527692566244,,0.49657969862174,,0.49669095748222164,0.49705277028750844,0.49674483376632245,0.4972113470110689,0.4967629611160124,0.49637836441751515,0.49718604175066644,0.4975439538676754,0.4960386876976671,0.4971535640282033,,0.49708832047160073,0.49889562985956976,0.497261285195016,0.49570567047514497,0.49636177062208064,,,,,0.49685860140526666,,0.49781635378732453,0.4962078179688838,0.4973133033042889,0.4969080855266717,0.4976368462122108,0.4963456868106641,0.49569509880135565,,0.49823474875626894,,0.4969877954657396,,0.4966394758233421,0.4966027827388528,,0.4969936974945568,,0.4963344591355226,0.49517343027010124,,,0.49767983160876866,,0.49722647019935146,0.49615493925094933,0.4980849550006583,0.4973038941777908,0.49875964890324337,,,0.4966767491932845,0.49701700476939825,,0.49743614254809004,0.497818288023317,0.497265106993454,0.49722609972968906,,0.49660502967868614,0.4961650010701364,,0.4970353200851325,0.4969713938149761,0.4966538130455105,0.49771457712815953,0.4966620636864081,,,0.49705335416175217,,,0.49609903062251937,0.49534902111037726,0.49717639364027433,0.3868764511586742,0.3868145762545149,0.38789784776313846,,0.44293396983121724,0.4436379219132468,,,0.49942806230269116,0.4993079382315559,0.4997007032359532,0.498043073473045
7,5,DG_10pct,20,Z07_F01,7,SLG_A,175040,181979,True,4756.560862820302,4737.290676684317,4790.221547253529,5013.779843807501,5033.51280371148,6353.7628162619285,220.4003483724705,1057.778433538141,1072.8356951144328,762.9464606660074,762.5607734895829,365.55478460530946,118.40138760659373,119.1562562847201,117.8547556887966,266.90353620796316,182.70922151351263,25.794410836306117,357.4704463410055,319.1853945505729,0.729865578938153,0.7296487135446691,,0.7190119323053449,0.8461968312246699,0.9517806294515044,0.8364225099697723,,0.583706854246503,,,0.5086191234388976,0.5088358054578699,0.5095949055888129,0.8411562363569852,0.8395107056641903,,,0.9365639039549092,0.9398965909603301,0.5812273866528608,0.5841296356048935,0.5824493119405845,0.582070761871405,0.580731348831955,,0.5786523006839462,,0.5772527930384622,0.5828771421671127,0.583829933646097,,0.5827997465430614,,0.5833797637612874,0.4611311324799993,0.5565549604330472,,0.55647333704622,0.5541677853846737,,0.5557121444928571,,,,,0.5560603293388856,,,,0.5552229685512629,0.553801210588364,0.5556535339475934,,,0.5551714297376382,0.5563555297516203,,,,0.9301996270103101,0.39799456852169857,,0.3987981483381887,,0.39745434620622466,0.39860192107686804,0.3987682669838104,,0.39906598798658244,,0.4007375927853691,0.39817950553589404,,0.39974542581590744,0.3989915485971413,0.3980475321157395,,,0.39922714807162074,0.39917356182183106,,,0.3988970334320406,,,,,,0.5382486223320572,0.5385814384331409,,,0.538483513680579,0.5398564191043494,,,0.11935476626263604,0.11946731582456999,0.1193503189750394,,0.1194796616381829,0.11939232010891655,,,0.11945411706725094,0.11915818911436696,,,0.11913495429850274,0.11964447435171989,0.11936677942886363,0.11872232490725386,,0.1193818416269314,,0.11931251012007733,0.11960842389699713,0.11974525852183711,0.11932407483121717,0.1193942570651026,0.11951613928553682,,,,,0.1192715624452087,0.11900084778892511,,,0.11911712783437464,0.11872295148652814,0.11899757451317848,,0.11932035760860135,0.11889687438721913,,,0.8951579113606654,0.8994543424357552,0.8973357157328755,,0.8974300325360418,0.89587387321711,0.8957612488233553,,0.897455385811722,,0.8959158918976668,0.8961797292180547,0.8966956708215587,0.8941332946477463,0.8969689425621625,,,,,,,,0.8958237732721512,0.8958071699855661,,,,,0.8954944674828341,0.8958962180042267,0.8930315111320055,0.8983611608672262,,0.8984730450365453,0.8946095485163316,,0.8962105486887292,,0.8963861852623521,0.8973642204179584,,,0.8946373734220212,,0.8962157830331324,0.9220532230501839,0.9247911147198871,,,0.9269157058597974,,0.9263311620947217,0.9259801946319306,,0.9272842478544643,0.9268256296906131,,0.9245504067204667,,,,0.9283925229692906,0.9255098896089157,0.9273130318217402,0.9286172667953677,0.9262357453968267,0.9276495513210647,,0.9271768564388279,,0.9253897363465802,0.9267362888190815,0.9249395562535012,,,,,0.9252895796223926,,0.9268898988597232,,,0.9294931675425473,,0.9270002329369152,,0.9254395115843678,0.9279168608022023,,0.9254575459832123,,0.9260637526388891,0.9282346313929544,,0.9254712504055526,,0.9266377610977796,,,0.5252992265506626,,0.07917687762419416,0.11452280626952055,,,0.5413406844819932,,0.5392588596039448,0.5421599390533186,0.0616301790480091,0.0616377595605473,,0.06144554200860906,0.06145666014474261,0.06129215431356867,0.06158493293803365,0.0614211417532145,0.061397039342712505,0.06134781201290198,,0.06142888335961193,,0.06143209042368067,0.0615387601799782,0.061437661468598206,,0.06152927755492657,,0.0614966023399312,,0.06149060626097173,0.06143544761132402,0.06144926027705048,0.061274676995170536,0.06144374340414636,,0.061339695016172625,0.061497699543437825,0.06150110252978315,0.06138863760454233,0.06165422984837152,,,0.06145275970497847,0.06148741430463983,,0.061395219781399925,0.061380491474440045,0.06138767196155884,0.07370161973668686,,,,,,,,0.07402095414907653,,,0.07367965213231173,,,,,,0.07409325527197215,,0.07368786554591245,0.07394413382224972,,,0.07384178881513676,0.07362080105118679,0.07391177903854612,,,,0.07395660596632514,0.07389587340125034,,,0.9169148515118585,,0.9201115260234747,,0.9142815061086368,0.916161519911557,,0.9164852225613291,0.9145440022864323,0.9158514853593548,,,,0.9110698213549581,0.9090988205010444,0.9104237202609354,,0.9107926691134474,0.9106864664462221,0.9104249712240223,0.9106738013049193,0.9111885756082979,,,,0.914742802396987,,0.9165688409814376,,,,0.9135242378721563,,0.9149091028990067,0.912756299923195,,,0.9136432858397877,0.9166614362997584,0.9156628543280648,0.915051131367791,,0.9144560521481313,,,0.9147874830560261,,0.9183725650658701,0.9175546897636405,0.9153763516788925,0.9148908787364192,,,0.9171557385528972,0.9190420481320631,0.9170132698516184,0.9130218475272684,,,0.9110274107852342,,,0.9111613528888398,0.9093023099256884,,0.9131510415416648,,0.9099075981790792,,,0.9100497902817563,,0.9085745108252811,,0.908300507113741,,0.9105925744446804,0.9128746122456217,,0.9098508942726141,,,,0.9127245453862236,0.9111113192076927,,0.9557000374084482,0.9585600174445714,,,0.0019492215051438936,0.0019484234308446314,,0.001946141979789897,,0.5205047469005122,,0.5204734465148387,0.5199995858270778,0.5207893791011079,0.11912148439347714,0.9245426882683564,0.8987914660416815,,,0.5405135441296399,0.5284848181190379,0.5271997294491294,,0.514849913008991,,0.5140400317827725,,0.91010802035857,0.8903260875099076,0.18414941763459913,0.9209238036611944,0.8963109696479739,0.19170528356416516,,0.89460592265274,0.93332769307807,0.9322986124080473,0.9299400862456848,,,0.19832983958830314,,0.8952113164317465,0.9369944575329393,0.9402888045307127,0.5591107895048313,0.5597482717446263,0.5600118626079924,0.5597436946115354,,,,,0.5606203607855503,,0.5599439293862549,,0.5611807197465645,0.5591611369872668,,,,0.5605942530042152,,,0.901906693567387,,,0.8981038873666682,,0.22991382023588255,0.23122585595235012,0.23021535906964685,,,,,0.9056978100687744,0.9067921658151076,,0.9073056576019541,0.5706520247491287,0.5695735099452551,0.5695233407448839,,0.570768375706436,0.5695175877245952,0.5691729477269487,0.5694701100253948,0.5702605122390387,,,,,0.5689864943584111,,0.5704695243183436,0.5696995475984784,,,0.5705132358774744,,,0.5692360784176791,,0.5704251704119273,0.5691644530583728,0.5691758904891384,0.571145614351785,,0.571261825445297,,,0.5690057666838149,0.5704581535495167,,0.5688371897034873,,0.5704099841481298,0.5701241642170561,,0.5691455581725076,0.5707034898042458,0.5692091383343771,,0.5698746302346651,0.5702076323383138,,0.5712349969089145,0.5699135057320129,,0.5729768028986222,,0.5698530471909798,0.570238871846735,,,,,0.5703126648713456,0.5691265430128153,,0.9414961182383448,,0.9402339456887309,,0.9444936249143292,,,,0.9462568947988356,0.9436028898356317,0.9427632652980313,0.10718212666297765,,0.10718527937615277,0.10732551848529445,,0.10775303828496346,0.10758727458510903,0.10726528878977896,0.10685254996622928,,,0.10723163737671482,0.10718542382864978,,,0.10720818449559683,,0.10714871478302986,,0.9430405316551058,0.9431380787605851,,,0.9434935250605356,,0.9420208933666759,,0.9137839018230186,,,0.9113931918421245,0.9118881359828396,0.9109648702526406,0.9086502624526283,0.912256612252561,,,,0.9115568353115437,,0.9142123122128013,0.10704273746338558,0.10678777224485819,0.10739065261132034,0.10731768376445447,,,,0.1073207323041612,,0.10745624941689488,0.10760827171112312,0.10721753316130196,0.10582965515172127,0.1070319476315883,0.1069745768524297,0.9137520337461174,0.9152000834753218,,0.9153743087166568,0.9103628388104389,0.9152701135047825,,0.9466007934298277,0.9415058835974219,,0.9436281734613037,0.9439267555611592,,,0.9438146119282432,0.9443274541364343,,,,,0.9436730895228377,,,0.9411800155108784,0.9453654833772926,0.9429278273690551,,0.9473235265863346,0.9454623429645608,,0.9452479428283295,,,,0.9162084582931477,0.9150607652556025,0.9136548361870404,0.9134548324886939,0.9141335623562663,0.9151063519347852,0.9147232186173135,,0.9153459388163545,,,0.913398760137129,,,0.9147433624097425,0.9118584449526799,,0.9107938093652556,0.9114170105567629,,0.9122281343181144,0.9156048132116394,0.9134756109019916,,0.9120723768061184,0.9142759373225064,0.5451225299251488,0.5459781624635587,,,0.5456667105910935,,0.8530611194746373,0.8394339440282652,0.5668730867079391,,0.5657358290159316,,0.5828167763826979,,,0.5841455803640904,0.5841843228219606,,0.5856255477805302,,0.5823196725532398,,0.5838221953225357,,0.5824497762038516,,0.5830286063420191,,0.5818480929088107,0.5848836053943982,,0.5825131167372586,,0.5818687166705321,,0.583229466111287,0.5829472013975655,0.582746781476611,,0.5828781810473849,0.5828747645252007,0.5817449200910668,,0.582530031419652,,0.5829395263603243,0.5829243229381825,,,,0.5835150495679882,,,0.5826240936407217,0.5824306152727747,0.583459625270765,,,0.582531323221103,0.5822657116620118,,0.5826066715200486,0.5818046727811389,0.5827920458291651,,0.5830211934885579,0.5827756111353554,0.5820344885090473,,,0.5830743416221833,0.5828651973616844,0.5842192889563707,,,,0.5824123496940182,0.5824521893598843,,0.5833221878776074,,,0.5834166542206216,0.5832576753106107,,0.5821416444784036,,0.5820976838315259,,0.5828543510523936,,0.5844949810035016,,0.5846817414043494,0.5814159761282189,,,0.5832192806268216,,,0.581690571348265,,,,,0.5848722626481243,0.5816606864970366,0.5834824963642381,0.5830951348261972,,,,0.5826139469919862,0.5832444430905424,,,0.5836944602779827,0.5811909220857892,0.5828730393930461,,,,0.5832931938283588,0.5812588746772934,0.5830205360564112,0.583803989336601,,,,0.58382737816152,,0.5822117455031658,,0.5825574433183727,0.5831456203275602,,,,0.5812587883916249,0.5838277403537189,0.5822281210099727,0.5839281585883989,0.5834802511151325,,0.5839239801926738,,,,0.5827230356025568,0.5817897268401788,0.5833323392151812,0.5844992565849164,0.5854129405905175,0.5798005556708632,0.5828395842137497,0.5847017836654628,0.582241299464363,0.5834811179190352,,0.5825316353430924,,0.5843820398605083,,0.5824724413535088,,0.5833778632294306,0.5828076181753917,0.5826681368145054,,0.5828857460454875,,,0.5830139469892367,0.5837851141177774,0.5819473465145116,,,,0.5825079229141926,,0.5250237850417143,0.5251355356339902,,0.4440009395084917,0.8505383485900958,0.9301677516886717,0.5083644038209384,0.5084785674170489,0.8411200267206985,,0.9383434257692059,
7,5,DG_10pct,20,Z07_F02,7,SLG_A,255469,181979,True,4744.050613235926,4750.829475356124,4813.2719125296035,5048.51583710743,5026.322266315756,6366.458074671263,221.231144092698,1057.5483470443164,1080.0027701996826,766.6172496649434,764.5159650397009,365.612785514049,118.93150654013779,118.75610427034859,117.53234830735299,266.31937907217355,184.78687013314894,25.969005530034615,358.98152225261265,317.21911000816255,0.7318102869105494,0.730812128733303,0.731033583056968,,0.8453090560635501,0.946490825375069,,,0.5819572471666735,0.5832851738011777,0.8295166557965679,0.5087393273110749,,,,0.8388536107410032,0.8401045320467216,0.9368696052244652,,0.9408968437990012,0.5808789458831203,,0.5814392529978216,0.5801560432593854,0.5816186972997451,,0.579286935294389,0.5777291431317717,0.575653408939236,,0.5840830679077842,,0.5821714505843942,,,,0.5554275609953734,0.5550780429480181,0.5557343472281635,,,,,0.554365463858228,0.5548149688988399,,,0.5552393196002336,0.5551601930541438,0.5552027655308329,0.5538408103371183,,,0.5554460788221891,0.5546388465245933,0.5558451376840235,,,,0.8533437703387303,0.9295636070405345,0.3983745956438505,0.3982463652744246,0.3996959856298398,,0.3984400185971703,0.39919950617787203,0.3968648192698426,0.39856031402663933,0.3996699985084195,,,0.39830955395088785,,0.3987926871042252,,0.3984297798048962,,0.3987247882077047,,,0.3989381255887867,0.3984142600548222,0.3985803178705914,0.399138846322537,0.512884095030566,0.5132988459753511,0.514689279975502,0.9246138966752692,0.5402392933355459,,,,,0.5366628095352202,,0.11915175102612051,0.11906223489437864,0.119216138528083,,0.1194136932851507,0.11957167341602118,0.11941226434001447,0.11928607475081537,,0.11910188463669608,,,,0.11915042308549491,,,0.11901260497337354,,,0.11912427440730836,,,0.11911817602504944,0.11932179475768842,0.11926028071730138,0.11903232638247219,,,,0.11910355117189567,0.11897531535356129,0.11916968434127978,0.11908752358448232,0.11914832086682181,0.11919566528636777,0.11927521982183728,,,0.11901584063956584,0.11925992835009383,,,,,0.8980182979337394,,0.8976316799087148,0.896002841221868,,,,,0.8993368939395348,0.8972327000277128,0.897080220623016,,,0.8959235441752291,,0.9000274903714531,,,0.8950002110235056,,0.8963208324156066,0.8973983929121143,,0.8959893457452028,0.8962024933677873,,,,,,,0.8936964939145442,0.8949696948132254,,,,0.896906397356053,0.8970879235231982,0.8954116593909641,0.8975203456345985,0.8971893366755466,0.8961934937685145,0.8949446021881337,0.9269482180136426,0.9256041608861165,0.9261117385078877,0.9253696318380649,,,,0.9276768018158063,,0.927712051002866,0.9298982483459448,0.9243495169400013,,0.926823351205979,0.9252565900590934,,0.9266648789028324,0.9253260406540635,,,0.9257856306465418,0.9289413093121841,,0.9242754214321492,,0.9269254793308496,0.9250969281431451,0.9278086825621976,,0.9239281322518682,0.9278114806390739,0.9264683384550321,0.9257272605495146,0.9258932224521847,0.9255825693876327,0.926664371834157,,,,,0.9278896830367798,0.9301558267611354,,0.9277006794842091,,0.9264709767875274,0.9267022471375578,0.926380202416969,0.9280368802033091,,0.9279751361151456,0.9252777512795485,0.9244608670952298,,0.5255549835634289,0.5244399729383878,0.07914050677694846,0.11502442040810028,,0.5411784595177839,0.5413452432302812,0.5410872534370242,0.5424043798682046,,0.06149781254969909,0.06152550157285361,0.061321855415284246,0.0615361844894569,,,0.061599687374246155,0.06157756692774654,0.06148319631204931,0.061423979722140636,,,0.061550919374586975,,0.0617287676048461,0.06151727212693383,,0.06138068592279375,,0.061621524010149566,0.061680114636817905,0.06139678913945977,0.06145503605273204,0.061362340296200066,0.06147783838133327,0.061371842978691464,,0.06116307460486819,0.06153661671635725,0.061318870512285024,0.06145633450821093,,,,0.06140954742911882,0.061473259492227296,0.06128607563258601,0.061549628816538936,,,,,,0.07375296922544064,,0.07345148319762089,0.07397138713862972,0.07381039182974,,,,0.0736085224544747,0.07392101430402666,0.07400317768422907,,,,,,,,,,0.07373531045572293,,0.07379181075941751,,0.07389721332994009,0.07367403923026274,0.07388786292095044,,0.07362726048830939,0.9150320183915779,0.9168213076460365,0.9132602870333226,,,0.9164578660272484,0.9172339067940912,,0.9160437298064923,,,0.9123443255580215,0.9100381931368396,0.9142642587500828,,0.9127851044133687,0.913439128466998,,,0.9102228051954785,0.9094983744941124,,,0.9073853015910126,0.9069966577117258,,,,0.9139313650669784,,0.9157526526391796,,0.9170536880939038,,,0.91530949775151,0.9160459212610764,0.9143937397000294,0.9154341800265087,,,,0.915555848831863,,,0.9132410435572726,0.9168108550055315,,0.9160653455023116,0.9171464553863228,,0.9154407158070624,0.9142394541470836,0.9148606320308621,,,0.9158324354954941,0.9123587839849389,0.9130912021576781,,0.9104925785474463,,0.911130139193769,0.9113609888572101,0.912949699322702,0.9142192787906988,,,,,0.9116469654009123,0.9085072006774322,0.9112598022493847,0.9122265947031752,,0.9139381127134846,,0.9131718109630783,,,,0.915203833272383,0.9144050564503143,0.9117433860815376,,,,0.9573313272080732,0.9564593768165587,0.9584008440997537,0.0019485778009475517,0.0019479689330718125,,0.0019465043660758655,0.0019448965355782185,,,0.5211387256453857,0.5201556145072266,,,,0.922156881026818,0.8937239315659152,0.5398754414672066,,0.5423775081477313,,0.5270253249380419,,,0.5125583993606735,,0.16269250395322982,,0.8920309633999615,0.18469424606528104,0.9251536357916047,,,,0.8952879563393941,0.9288447597519571,0.9322063063491147,0.9303205117687864,,0.9346002698058252,0.19862454196893212,,0.8963586289361413,0.93959276933564,,0.5589531066618008,0.5608563463748848,,,0.5611512750875051,0.5596850569629263,0.5606101732415358,,,0.5602975428109823,0.5618882382286797,,0.5592915063082654,,,0.5585066976618859,0.5597941941026805,0.5597722360290116,,0.9036203423757526,,0.9050830391185958,,,,0.22971689703409387,0.23001252699579297,0.23025760605534487,,,0.9528161050213393,0.9513824684202021,,0.9038268497574825,0.9072718656628299,0.9035322299912706,0.570288722232131,,0.5710850876178012,0.5698551915566483,0.5686824985119732,,,,,,,0.5700933164019845,0.5684662709531682,,0.5694495212266694,0.5694567257747626,0.5694626536030446,0.570667415146765,,0.5684980922212,,0.5682340414299519,,,,0.569265207448005,0.5693127093375273,,0.5706408211455521,0.5707350547100769,0.5711352767345048,,,,0.5696791242386617,0.5692971127929995,,,0.570036380899607,0.5700072629375875,0.5697946509117389,0.5710368865558996,,,0.5698608611666814,0.569703680522021,,,0.5698101356533666,,0.5700067711761594,,0.5714062729164592,,0.5702335266025402,0.5703242011600799,0.5709698927886045,0.5728187433048989,,,0.9422543670259501,,0.9391786832839146,0.9425938394498801,0.9453404145314932,0.9417604829336947,0.9421212756058919,0.9404001503149497,0.9436583890192276,0.9439016708386245,0.9436061034836798,0.9453479188222621,0.10692272621416002,0.10752648846458439,0.10746042864225865,0.10739690820277491,0.10747328764604391,0.10746685192478612,0.10734990941351713,,0.10756770571635249,0.10729793903628833,,0.10684005539350445,0.10722142858355407,,0.10719093888274142,,,0.10691059887603256,0.10734208325442074,,,0.9439799029987028,,0.9481476348603314,,0.9468612143580105,,,,,,,0.9115254670523479,,0.912754075084615,0.9076626442803093,,0.9112208598372887,,,0.9148158729450268,0.10749461096656143,,0.10701372041720784,,0.1074131451778807,0.10734678014738828,0.10720877125139454,0.10750779449794214,,0.10748785507425042,0.10732523434037523,,,,0.10673799621786717,0.9136246324922163,,0.9145298207370969,0.9150842332704531,0.9147265302302227,0.9139778930897703,,0.9421699433314189,,,0.9428803267023476,,0.9436604380232144,,,,0.9440790058514985,0.9442128376275716,0.9429282914228848,,0.9416699609553466,0.9441970590931247,,,0.9440223755802011,0.9424315949149743,0.9433679677804709,,0.9441088908498401,0.9477540703867998,0.9436811381141984,,,0.9433540759427553,0.9126389901154088,,0.9169847466852714,,,0.9150970249592646,,,0.9122379855038151,,0.9085028283307944,0.9123864245469813,0.9153955836692469,0.9140830764874264,0.9121448961734611,,,,,0.9147476422891262,,0.9149381392298876,,,0.9144800662707294,0.9119723015395295,,0.5465112728085023,,,0.5451831705169159,0.5465793042561203,0.8553556817781928,0.8369327704685934,,0.5680766113973509,,,0.5830592052085157,,0.5831577711198902,0.5844780864792719,0.5843635654651274,0.5837303968209134,0.5844899623521023,,0.5807271771814474,,,0.5807779751767423,0.5827220414919114,0.5832830666956658,0.5810389894720882,,,,0.5824461359356812,0.5842183567518701,,,0.5828000167539962,0.5816053889272182,0.5827775141830126,,,0.5826245531811903,0.5832043868315228,,,0.5835180485438498,,0.583884090359645,,0.5828497832284449,0.5835109270079533,0.5841859631258625,,0.5843499429225304,,0.580594994089107,0.5845869833573986,,0.5843046450045803,0.5837390845643594,,0.5822029647119529,,0.5820361311075238,0.581798004187553,0.5839241428932334,0.5823432881675273,0.5835334010538962,,,,0.5840312450195255,0.5832451520451462,0.5841730878738257,,0.5823780988245174,,0.5848144913942984,,,0.5847909219837291,0.5817303351671628,,0.5851811710230589,0.5832989023736621,,0.5834794906141038,,0.5828144529514225,0.5833236057629291,0.5835186739303757,0.583577887310227,,,0.5821763583860695,,,,0.5837697855660716,,,0.5823416404436579,,,,0.5835529175949193,,0.5825537746591153,0.5825951693711167,0.5844661256836177,0.584646623458216,0.5833037718439652,,0.5827617931742067,,,0.5832821408490173,0.5850238423365932,0.5836476723618212,0.5849285768490697,,0.5835020431822073,0.584015867341584,,0.5829982670817694,0.5850655685597861,0.5828774195932338,0.582549777788809,0.5808611037991714,0.5831165842156157,,0.5826458154011528,0.582700463310894,0.5847711782863294,,,,,0.5843820209844454,0.5840073179070915,,0.5841279230165353,0.5831349996503324,,0.5809316973579778,0.5828717643900626,0.5852126131970959,0.5834493069972038,0.5858075261617492,0.5827292884712073,,0.5833840278822002,0.5825455183131424,,0.5823174605249785,,,0.5811654704398251,0.5835967789304068,0.5845448403748091,0.5826973131959006,,0.5828045482124424,0.580966315612708,,,0.5830900186567693,,0.5845539170413718,0.5839490955568123,0.5827269347656088,,0.5840108829442054,0.5839350177790511,,,,,,0.5823577339707401,,,,0.5260175425139578,0.5262194121897301,0.44378018929895624,,0.9326158379118681,0.5090626355434938,,,0.8393180622095444,,0.9382299537011233
7,5,DG_10pct,20,Z07_F03,7,SLG_A,175040,181979,True,4754.429522342122,4745.201139945495,4790.020791867682,5000.971389489768,5033.152719786811,6359.526332435582,220.4482100790527,1054.0297054533894,1084.8210059597895,762.0280541237643,766.4723574641739,367.4667816223505,117.64829672246385,118.54758884752171,117.85318391242646,266.0687595627078,184.27163660897597,25.900367409566936,359.4286234971423,318.9990620767257,0.7290382954367784,,0.7290271913088687,,,0.9503964054716222,0.8373318599241397,,,0.582759201530114,0.8300104741806537,0.5080372841089231,0.5081370520176482,0.5090234559396972,0.8409267130521775,0.840750543602557,,0.9407027174639881,0.9404078042882248,,0.5832535234777257,,,0.5828905272085304,0.581448655148746,0.5824765063028154,0.5770818138301196,0.5765264666671528,,0.5850235844165317,,0.5835041454784455,,0.5835197121385379,,0.4606239219106924,0.5572279382888682,0.5580915479969283,0.5563239512678932,0.5543754357657924,,0.5536316607785626,0.5569773457744135,0.5555718860362334,0.554440440321948,0.5563954391817925,0.5557934472762636,,0.5557709140898413,,0.5553568963345132,0.5549343980507558,,0.5544347652205277,0.5548017611215641,,0.5547603003900302,,,0.8540415466620124,,0.3990177054826853,0.39822351032043113,0.3982063348177108,0.3990328649479678,,,0.3985147452114614,0.397274256852635,0.39866575914430236,0.3992355114371414,,0.39841942615647796,,0.39800894118432606,,0.397827598149718,0.3976847992536058,0.3977184257427647,0.3990692110232066,0.39785502594560557,,0.3979684502354259,0.40055932710381265,0.3980905865680868,,0.5146983079611779,,,0.5416160552675131,,0.5410108536195611,,0.5386713710840024,0.5393639507926864,,0.11912446181833981,0.11921455951628881,,0.1189133590005289,0.11924439955363288,,0.11902797230226268,,0.1191268078389941,,0.11950318382127774,,0.11905461385621306,,,0.11905342551524369,,0.1191347958330788,0.119143225943217,0.11948103761646948,,0.11932053607931366,0.1189864211649617,0.11930375317223738,0.11920467440993229,0.11916737580512603,,,0.11943405305912479,0.11900156573485927,,0.11924117143846535,,0.11928110953422076,,0.11914341574143174,0.11913705060680509,0.11885058875503329,0.11882972765808111,0.1194407684956006,0.11921919615476369,,0.8974595381979932,,0.895922981107138,0.8985599762805789,0.8991133977063295,0.8949396673111361,,,0.89499729537861,,0.8984861119187294,0.8957951806045812,0.8958733924136563,0.896691764296496,0.8973341511326081,0.8979560103693299,0.8968732781851891,0.8967312863997349,0.8967149333245777,0.8972555292450272,0.8971711771206815,0.8975853857135402,,0.8952709210609782,,0.8981654519058025,,0.8966520980762288,0.8966701803250249,0.8954607072219444,,0.8963459122355949,,,0.89514759787651,0.8945189378336683,0.8966446840343806,0.8952524900919778,,,0.8950704680856738,0.8967988743405021,0.8962069482460324,,,,0.9258256397082175,,,,0.9239125848649834,0.9273221618136289,,0.926423680819534,0.9272706404352493,0.9278660996599214,0.9302021328596284,,0.9235335065581842,,,0.9272337206112027,,0.9275253769881417,0.928893936947444,,,0.9284123891779351,0.9275141302989159,0.926160354612798,,,0.9266922575547749,0.9242643495438937,,0.9260076657377014,0.9285915564971479,0.924901584763243,0.9266270569387685,0.9307969897709243,0.9278830360749896,0.92696963651336,0.9241510816420634,0.9264708890207748,,0.9267647167136207,,0.9260470547353714,0.9256968112250159,0.9234185466079068,0.9280126539650595,0.9270323657125056,0.9255921645172254,0.9264580271101666,,,,,0.523607613168661,0.5250602263969184,,,,0.5434689567936227,0.5399959187547665,,0.5414884860874168,0.5423379669278466,,0.06168424710295455,0.061307950366814655,0.06148516314894465,0.06138056224365301,,,,,0.06164879518528673,0.061434181140487924,0.0614351648132269,,,,,,,,,,,0.06153488641451998,,0.06144321858423218,,0.06136327188635315,0.061313254604257204,0.061399460468558896,0.061284969491881766,,,,0.06136890332882064,,0.061475431386650035,0.06136412285583317,,0.061590479555196545,0.0613705755952845,0.06141493619831459,0.0736504329552837,,,,0.07381597899960134,0.0737266519671122,,,,0.07384862034867846,0.07399982475493419,,,0.07371219210498076,,0.07374831595844496,0.0737192132162396,,0.0735506995030728,,,0.07358460765802498,0.07389482811455411,0.07362924739442911,0.07379989993836832,0.0740571665076904,0.0739908612864532,,0.0738388180538867,,,0.07363865356607519,,,0.9166942243412758,,0.9164567909053678,,,,,0.915024846092826,0.9151106854376954,0.912449332106594,,0.9115809927999691,0.9098628517506628,,,,,,0.9128017971190886,,0.9114841920150673,0.9115129888249865,0.9082842486734529,0.9107820221194334,0.9143804079000549,0.9154599224602722,,,0.9165953721329506,,,,,0.9144366387452594,,,0.9159429162792193,,0.9169309178196156,0.9135192484844497,0.9143454396569132,,,,0.9147164315543291,,0.9184135205783778,0.9156670751967172,,,,,,0.9133239334756469,,,,,0.911607349279947,,0.9097374582762728,0.9089462377452998,,,,0.9110014712137938,0.9108075560755748,0.9122477769579603,0.9082236168339441,,,0.9096221285274488,,,0.9090995784489905,,0.9095175368478146,,,0.9091291320881316,0.9110922425667349,0.9130820031860329,0.9127922510519801,0.9136005508451048,,0.9533966513406543,,0.9581858940824437,0.0019426277206443824,0.0019425132480953915,0.001946329110064153,,,0.5213480320083593,0.5203319686484955,0.5202840450379935,0.519943555709248,0.5193435190195754,0.5202329456322605,,,,,0.5420909122973511,0.540708018057439,,0.52591842266114,0.5274138589646247,,0.5134534858997566,,,0.9115445890808582,0.8905181925146457,0.18458558251207816,0.9241945881152799,0.8959048832679227,0.19186326777631077,0.930809570556326,0.897465369021111,0.9292138435475968,,0.9350726548314157,0.9355215873977473,0.9292431015845048,,0.9287864788156289,0.8980325970365169,0.938292412141313,0.9374677543129556,0.5599243634931867,0.5592010552177336,0.5602600034664458,,,0.5601185828684007,0.5595983611047443,0.5579647845326994,0.5616114197979344,,0.5601664515031274,,0.5606969716150212,,,0.5596060961373651,,0.5588421056902778,,0.9027777940866396,0.9050717306108271,0.9014828741701639,0.9037263365048048,,0.22979179747405507,0.23112055530121914,0.22997305198776904,0.2306808881124728,0.9532844009595614,0.9537957140656419,,0.9513558228103559,0.9039999586573562,,,,0.5693669506501631,0.5697219503867476,,0.5692876357420741,0.5696979819978139,0.5699310850246596,0.5687316474011065,0.5706077854851781,0.5696255661850096,0.570107160378288,0.569951719353879,0.569074793866804,,,0.5699103355397532,0.5690650077963302,,,0.5703139747281755,0.569102150341679,,0.5709899862498944,0.5705748326413055,,0.5700605477987168,0.5690446269656072,0.5705340052380702,0.5709518440197436,,0.5696909589188178,0.5708109420859735,,0.5698448470159159,,,0.5700130008871315,0.5698073298789403,0.5681887545780279,0.5693900125345489,,,,0.5687968191812096,0.5714649975261756,,0.5696634643771153,0.5716427664601271,0.5702494384468104,,0.5698637386984216,0.5720146289729615,0.5694655546530643,,0.5711477430196776,,0.5699669136381112,0.5713081012100202,0.5699784676326836,0.5692582969865098,,,0.9422990686367188,0.9437699159043907,,,0.9439422120794673,,0.9440586494607218,,0.9413800893322952,0.9421487599445095,0.9426583051731182,,0.10744430959071313,,0.10721914642988947,0.10748446138006557,,0.10737986480616382,0.10761037280102809,,0.10709565086392328,,0.10738517573673195,,0.10687057991125112,0.10713433285173778,,,,,,0.9452048791945578,,,0.9451590543832742,,,,0.9142665917197585,0.9130808964470615,0.9139204853861146,,0.9109877314969886,,0.9140944854309084,,,0.9134353586611831,0.914233720601853,,,0.9137450431745932,,,0.10694237518456776,0.10711783059953152,,0.10737149113761346,,,,0.10745828410411168,,0.10747108559817817,0.10578663303782253,,,0.9141396972364642,0.9178825270524636,0.9128493009092374,,0.9127943655365783,0.9138734176346326,,,0.9414091103380897,,,,0.9437245192272484,0.9447892000474013,0.9413268580528342,,,0.9431360730567947,0.9424092059121659,0.9452004933382165,,0.9454309216585345,0.9411215543140572,0.9417808837695295,,0.9447295871144477,0.941274069075207,0.9436473787217298,,0.9458466471256473,0.9440636553970227,0.9439319426786441,0.9438562362442808,0.945893504605248,0.9141603909210699,0.9163461076358285,0.9148117961798522,,0.9129199387982653,0.9128405071071867,0.9171714044588679,0.9159207635486851,0.9162709434475362,,,,0.9147915202943644,0.9134103738816074,,,,0.9125218648873308,0.9154677934846436,,0.9143233821184943,,0.9146344063677536,,0.9144508593097518,0.9138368666223023,0.5456682867912149,0.5453897016979707,0.5463667977290976,0.5451673213028185,,0.5476101002886744,0.8534818549520253,0.8369103065969963,,,0.5675692290384122,0.2156298858183314,0.5827969128895878,0.5820047159514331,0.5822981753086065,0.5814514676248806,,,0.5833984044305599,0.5823168218185525,,0.581442891012063,0.5827100499293597,0.5818684661000805,,0.5838393508731881,0.5837788947774913,,0.5808267710489575,0.5816845767051158,0.5832278769087039,,,,,0.5843393347788406,0.5823036135807191,,,0.5811149365594418,,0.5818807327331331,0.5825088900211473,,0.5816859328009932,0.5842570333207124,,,,0.5843810695753281,0.5828987745837532,,0.5836138359102364,,,0.5831718998400233,0.5815440294802356,0.5819238863307824,,,0.5842388160933518,,0.5826599843768208,0.5855995583469735,0.5826637047485309,,0.5823461330660232,,,0.5829154916848074,0.5836496177349512,0.581230737290443,0.5832264872705957,0.5834995443845866,0.5832970081427766,,0.582743082750941,,,0.5810576277266333,0.5821415210271145,0.5836357394320165,,0.5847950390185803,0.5814343239348999,0.5814492377566303,,,,0.5837673121867446,,0.5839308829173667,0.5830798870361944,0.5852593157403286,,,,0.5821024893052609,0.5823920127509808,,,,0.5825010305901009,,0.5840697470412514,,0.5827353797174246,0.5836203354463968,,,0.5843829649934379,0.5829232759362438,,0.5823899947878538,0.58131352130013,,0.5822475818171365,0.5835518512188596,0.5842383171029583,0.5835895585870404,0.582214313701341,,0.5834219197407585,,,0.5848412492501708,0.5819635276583133,0.5840088612974684,0.5814337736515417,0.5840749354998835,0.5828274502914385,0.5832230220994256,0.5833917203499487,0.5826156466004678,,,,,0.58261560649325,0.58201048685513,0.5828223198637972,0.5815652522181592,0.5840926923203598,,0.5834663739874091,0.5828106269210042,0.584311630029689,,0.5837421092681705,0.5825559846622004,,0.5832717944271304,0.5835100497297746,0.5820849813974307,0.5816579660720136,0.5831707712484158,,0.5844109973654477,0.5826938910320113,0.5835356841742243,0.5836050209750834,0.5817420511901183,0.5836622197833303,,,,0.5833064002157363,0.5836808554564736,,,,0.5856002807162485,0.5831962287312792,0.5834320407638544,0.5823491959334596,0.582323879298663,,0.5843616860746891,,,,0.5245247326966856,,,0.8531252737368787,0.9369464417637291,,0.5081755824949737,0.8398731128752696,0.8389801315704459,,
7,5,DG_10pct,20,Z07_F04,7,SLG_A,175035,181971,True,4673.096794600511,4663.063902313126,4738.346791991011,4924.217415241532,4937.258170358815,6297.990616913678,218.3305848248376,1046.0550173731374,1064.5275672224268,756.88377250729,758.3683957203579,361.08249269693187,116.62267962239177,117.57258343544648,116.35419150895837,263.5406168871443,181.79556271990614,26.103623875057274,354.002171087481,313.77760456012953,0.7336405415416586,0.7321745355507848,,0.7253561038590863,0.8445544165700022,0.9501677764710604,0.8381278823694278,0.5877134743049058,,,,,0.5159324077355637,,0.8404471921658906,,0.8380624000941221,,0.940358670882698,,0.5876256338156044,,0.585316553446512,0.5856622377286977,0.587162038280219,0.5862562184272344,0.5811076109487796,,0.5818985131314148,0.5869141828864757,,,0.5889454819626591,,0.5882965905393739,0.4695637860344362,,,0.5593872069787158,0.5602785976890742,0.5581519755254312,,0.5592128339117998,0.5580248131377505,,,,,,,0.5588692555693595,0.5592523902096638,0.5590182603661068,0.5597472665329956,,,0.5586879839580778,,0.4220759973793276,0.8544689446403526,0.9339747695057385,,0.40930079089273724,,,0.4091814173883547,0.40840873262271793,0.40937532954349115,,0.40952955924002354,0.41068683141610496,0.4090475564556965,,0.40885910879966636,0.40874302160502135,0.4084608277078111,,0.4094938500367768,,,,0.4095525893720126,0.4088094211537679,0.41093204558044705,0.4099197929109249,0.5177510555220144,0.5171492102214722,0.5188269506358737,0.9206782436082389,,0.536461487327032,,0.5357917652449713,,0.5370678264191747,,0.13372723826589267,,0.13383609609578728,0.133531221122256,0.1335565061532407,,,,0.13377386234770935,0.13403299777557776,,0.13341558211880766,,,,,,,0.1334307642439307,0.13381916302686916,,,0.13350020722233635,,0.13372470514951892,,0.13385784730253997,0.13381889696232824,0.13380006389821447,,,0.13371801944191278,,,0.1335573978127602,0.13349101041782,0.13355018571063876,,,0.13368534527360507,,0.1335963982056095,0.9018920331488263,0.8983752315923724,,,0.9004289320814706,0.9006639626964449,0.8994702605835123,,0.900786638424418,0.8997879020312792,,0.9004658467607718,,0.8987772002007679,0.9016830198450353,,0.8979529424161355,,,,0.898031453812573,,0.8975845534804672,,,,0.9006185015886897,0.8971215719488543,,,0.9001634067250055,0.9017474247130041,0.9008071603029043,0.9005610487796194,0.897882127791518,0.9007772412869335,0.8994466448581817,0.901013633397108,0.8983908244458784,0.8985095209721332,,,,,0.8968736831779218,0.9254236497660259,0.9256201339907271,0.923907259370153,0.9221590497811374,,,,0.9276688133194532,,,0.9283281567468664,0.9251527877397804,0.9266076869479711,0.9244463813628109,,,0.9268255938774219,,,,0.9284189424367817,,,0.9236535275658433,,0.9248221482233167,,0.9236791066887978,0.924156270387164,0.9244732470355113,0.9254193581801251,0.9261625881030424,0.9260653468444133,0.9284498069633533,0.9278842410142208,0.9267829206768379,0.9267266726191313,,,0.9262228389561942,0.9244036398141185,,0.9253221362689545,0.9249049915512493,0.9273857814187867,0.9268512822062632,0.9275542932165429,,0.9285074757128885,0.9264787412597321,,0.9259836860873987,,0.5247015262768863,,0.5234898733969046,0.09467075026039637,,0.538987285703378,,0.5398734900871339,0.5394245503907185,0.5417657870160417,0.540356556916115,0.07777988435137752,,0.0780044814085904,0.07783525516748037,,,0.0777526510093736,0.07797149169643229,,,0.07774868925642239,,0.0778602624582113,,0.07759346703595875,0.07780957566456814,0.07785428294387137,0.07775553846429009,,0.07772588674041289,0.07792831151141907,0.07754864213930646,0.07795061665451987,0.07779727789925421,0.07774435846843161,,0.07764677217386642,0.077634622469715,,0.07749077097120038,0.07802938606837104,0.07766318324098245,0.07781269296523337,0.07768816860748838,,,0.07805449743306188,0.07784525066668958,0.0777360170083519,,,0.0897971062914821,0.08958381663950336,0.08956070773034176,,0.0895441227701241,,0.08958499168587471,0.08974603300695025,0.08972902984425479,0.08975118906248848,,0.08973931448182099,0.0896801751947195,0.08949205827353944,,0.08993728089883085,,0.08977232945130395,,,,0.08968155425834237,0.08981005093670281,0.08946756388043237,0.08972584966835609,0.08961792461270719,0.08989754578364195,,0.08977812616444725,0.08951337009046101,,,0.9223670834664612,,,,0.917216946574423,0.9187410991260849,,,,0.917226681440888,0.9138831753610149,0.9106670732667768,0.9118970773555809,0.9125064571644236,0.9146864136724289,0.9119753125595457,0.9133179795420558,,0.9142806325160235,0.9160108347082797,0.910835730127196,0.911939789809184,0.9142138512667335,,0.9149852581833969,,0.9173279970448842,,0.9169723718692475,0.9183720942762652,,,0.9190793823653768,,,,0.9219285173452169,,0.9173136051470627,,0.9219356285760621,0.9198296256070293,0.9193868409767691,0.9199805479093789,0.9177312901223651,,,0.9163417524506113,,,,,,,,,,0.9144885547499536,0.9108861519791498,0.9121043154900541,,0.9138922631979016,0.9152076808021007,0.9166985416383113,,0.9146378339443786,0.9139088865963598,0.9133169664356555,,0.9125299796367446,,0.9163195864319562,0.9132506902031498,0.9133402114353157,0.9131616841311399,0.9155797203996825,,,0.9142003924614579,0.91483085333724,,0.9155709578571691,,0.9147943296328646,,0.9546593248733916,0.9543381733623447,0.955879757694342,,,0.01934139717927655,,,0.019286228254890375,,,0.5308493256791574,0.5307870524140722,0.5281644800378169,0.5294800291162196,0.13391235612681346,,,0.5386376684312059,,0.5407582989523324,,,0.5266670103611609,0.5097331303389274,0.5117882846323503,,0.1763249564113534,0.9097515134498498,0.8958022773847573,0.19820011959655778,0.9241326063901957,,,0.9263800436167218,0.9015007014508081,0.9336412524562163,,,,,,0.9298861166818907,0.902368721166526,,0.9344560136945341,,,0.5584189540384028,0.558421882168137,0.5573557198505387,0.5598944792013999,0.5590137793145784,,0.5585041263575284,,0.5575695591364589,,,,0.5564914157672989,0.5581823317139043,0.5580446582025379,0.5571847498691312,0.9097204254073925,0.908284482736275,,,0.9086554585718254,,0.24270437150858892,,,0.24344571353807398,0.9482469321936732,,0.951010855026478,0.9490949587073162,0.9074426743624614,0.9108149303815216,0.9102523646149216,,,0.567355583724498,,0.568347693350718,0.5677179354693972,,,0.5694421150495517,,0.5678048764421779,,,0.5680082527660911,,,,0.5671836371064453,,,,,,,0.56959393050504,0.5680278766912773,,,0.5676611428848211,,,,0.5674667480481067,0.5681672122249142,0.5691913258156489,,0.5681711661950528,0.5697130759489458,,0.5685348199624494,,0.5695396478855491,0.5686549476425982,0.5696229820459685,0.5691664451975468,0.568829392566987,0.5698350414138036,0.5689820475252677,,,0.5697168080185697,0.5671837563288452,0.5689349450446846,0.56804089587514,0.5669620492840082,,0.567859515573369,,0.5685411509329468,0.568054875809276,0.5694905224304887,0.941507582836919,0.9402026953613579,,0.9424995145211027,0.9388652049191522,0.9435909435414205,0.9411992615966567,,0.9397903538294409,,0.9411166036545935,0.9415830053841089,,,0.12192028775748211,0.12194287167159949,0.12223491323691275,0.12179422884564037,0.12213667255858386,,0.12187076736039336,0.12195096622499559,,,0.12173566826495777,,0.12195396395520806,0.12177503115258731,0.12155844104148385,,0.1218581479840467,0.9447448237294109,,,,0.9473213129103664,,,,0.911867684466807,,0.9134430616149332,,0.9158456537262721,0.913090851846863,0.9153116910251896,0.9127339211671698,,,,0.9165320442144914,0.9152380609510212,0.915621255533398,0.121666117342781,0.12157383348941671,0.12188167513376932,,0.12176173435966256,,,,0.12201445411210425,0.12199311735512122,,0.12150528660415441,0.12050315496195549,,0.12160263604395202,0.917555503985966,0.9159291838259482,,,0.9175023739658896,0.9170236990963186,,0.9415223974792037,,0.942014417772226,,0.9406861562807042,0.9441348215339501,,0.9425987663517793,,0.9434766655644226,0.9391266808878721,0.9413915037129823,,,0.9417286191399703,,,,0.9433480562575959,,0.9418991104129931,0.9422093612779665,,0.9440838767140286,,0.9436881888363691,0.943258494714651,,,,,,0.9179971693251968,,0.9162976284152464,,,0.916712624429355,0.9151424575992593,0.9152331450688063,0.9156125591752505,0.913233140706268,,,0.9129129959072594,,0.9165069451194228,0.9154996527627386,,,0.9192614917194831,,0.9175709524419892,,0.542682866213885,,0.544868337481041,,0.544999405480759,0.8535752063828225,0.8390601544563121,,,0.5713064968893807,0.22853331300648402,,,0.588407304392007,,0.5862107080802287,0.5859261545318346,0.5860331507493873,,,,0.5871092045415448,,0.5878955020856071,,,0.5860966890753897,0.5883094311953266,0.5864280530864282,0.5860741506995767,,0.587927213249041,0.5868595005054548,0.5876114166685824,,,,,,,,,0.5877199579147083,0.5855144557463768,0.5858559312012095,0.5863454699363089,,0.5877265868458691,0.5885138873972531,0.5877747002331775,0.5868253722841494,0.5863373221586278,,0.5871054151736527,,,0.5868644315603561,0.5871859658012554,,,0.5882370483502101,0.586773195145457,0.5875887265027334,,0.5872452541211928,,0.5892502881820719,0.5869418939813066,,,0.5852328555872253,,,0.587670644190791,0.5874754999850135,,0.5877929790027665,0.5876445676143214,,0.5878004105585556,,,0.5880184173673851,0.5873399356410163,0.5872701615336564,,,0.5872954326499266,,,,0.5862878765555033,0.586864050038716,,0.5882169268241221,0.5875367123033519,,,0.5867240802024075,0.586574271836314,,0.5868704462231854,,,,,,,,,0.5871138317125139,0.5879839949931513,0.5874465441972466,,0.5855709736311974,0.5855229088605293,,,,,0.5863943846868581,0.5880934013429084,,,,,0.5884290117166624,0.5870744306438531,,0.5876811766238721,0.5885308635359154,0.5885023012233488,,,0.5852515755484086,,,0.5875305051283619,,0.5873790160671344,,0.586129865953194,,0.5882925592843917,,0.5878073190628309,,0.5867009647855448,0.5855955891675924,0.586959923407687,0.5855055073362813,,,0.5877305243348795,,,0.5863403313716073,0.5877595598643494,,,0.585932694771611,0.5843753822341078,,0.5870053497138893,0.5875230729652983,,,0.58715879835167,0.5869723142799596,,0.5879488981585811,0.5863963202378424,0.5864472707621498,,0.5869169439241617,,,0.5866824789079758,0.5866019623604972,0.5310868438559894,0.5294386977664529,0.5302116206145462,0.45276581644293135,0.8528850172231803,,0.5178306511897199,0.5170293560332953,0.8395329687071733,,,
7,5,DG_10pct,20,Z07_F05,7,LL_AB,175042,181976,True,5244.969549423164,5282.439478015179,5294.584200659729,5369.504754185545,5358.350989673785,6016.167641968752,178.4735919468343,617.8781199610362,615.1668564377956,429.60502964294847,430.93628529779966,203.07512770914462,65.35718320209165,102.64147987344066,102.73538829844783,246.90032941488977,152.41055695918482,19.035687901838497,283.4172785316617,195.13381355510424,0.6742041734058174,,0.6752068527236663,0.7447553208236082,0.6634655911176417,,,0.4832864493820343,0.48433262662878596,0.48480463199412777,0.45844142539344207,,,0.5522901169154559,0.4618846380360575,,0.4612448778558703,,,0.8035989282299305,0.4851544499766135,,0.48661297211385646,,,,0.4812735144911645,0.48126696041400924,,0.48483525265618377,,,,,0.4846543093120535,,0.42141972430579455,,,0.4075309638164299,0.40697831926424355,,0.40774816635829014,,,0.4075129512262082,0.40783912262669186,0.4074336507859062,0.4073513232266318,0.40761524496907114,,,,,,,,,0.4566698861660058,0.37928402108762826,0.8018214851000109,,,0.4440331777070618,0.4445236234860557,,0.4459667928600004,,0.4447740116490856,,0.4450607673390675,,0.44408762429220466,,0.44520751205594306,0.4435955896863735,,,0.44362425612449463,0.44405230562018333,,,0.4446929315263635,,0.4454766193846985,,0.3555302393995801,0.35471825623480935,0.11803731553057695,,0.06480564627468563,0.0647013395673341,0.06483417534303929,,0.0645287837450288,0.16871790767459827,,,0.16838003315909789,,,0.1681408943556331,,,,0.16803476785105737,,,0.16862495590002724,0.1680706827759395,,0.16844688913887415,,0.16843788699902,,0.16824420293994902,,,,,,0.1686865124448547,,0.16777813770000122,,0.16788120966718065,0.16819327898158826,0.16775415562536902,,0.16828030794204638,,0.16803253072073984,0.1678213014369944,0.1676032301604589,0.1680514031321696,0.16813579065438086,0.16783898784846496,0.16824791297614938,,0.7484885214975638,0.7498489433741568,,0.7485349273764499,0.7470488859664168,0.7478478900381544,0.7502678872500526,,,,,0.7467181976042596,,0.7468564408568639,,,,,0.7494672483691531,0.7466802709188579,0.7482932020086462,,0.7463114452924507,0.7473422526121563,0.7477515552806628,,,,0.7463711148048985,,,0.7495099221285306,0.7468326628159508,0.7484960325383141,,0.7468527564284085,0.7458610992427022,0.7463109518432465,,,,,0.7456821966192506,0.7496064162501096,0.11844587848199022,0.11864984544572538,,,,0.11860838088243345,,,0.11882972408229303,0.1188099611507029,,,,,,0.11885656215853271,0.11853119626648059,,,0.11919185760910651,,,0.11856404894252338,0.11866440147468342,0.11858708703016735,,,,,,0.118290039583276,0.11879030034216832,,,0.11900915589897255,,,,0.11844049182907213,0.11851869653577016,0.11893002924440507,,,0.11865402066161124,,,0.11894723751620076,,,,,,,,0.06322295566676031,0.06322941806649689,,,0.06465054966024679,,0.06462037136500719,0.06462418487808637,,0.06477582125713728,,0.1022349793195326,0.10238890754503464,,,0.10265450532979875,0.10247160048948903,0.10219309987213737,,0.10259445947643721,0.10227615396232188,,0.10248600144872634,0.1022527174901533,0.10229907202900698,0.10223334892873065,0.10218382782540426,0.10248969396194374,,,0.10251695952111937,0.10226269260877234,0.10221496676377197,0.10230353661321566,0.10211156130892542,0.10220432426735646,,,0.10203214941258272,,0.10240424961249833,,,0.102329455730773,0.10240516913246453,0.10249854602439211,0.10193600544706233,0.10198666896712158,,0.1023509604111469,0.11705581286007018,0.11690743187012988,0.11715072182373218,,,0.1166217116146028,0.11670788490819145,,0.11726640848459192,,,0.11730353717715528,0.117050132840642,,,0.117205701028418,0.11712167923336186,0.11720008093943717,0.11746884366722771,0.11719415381842017,0.11695866141148897,,,0.11708946324695793,0.11684290715501305,,,,0.11692724225673637,0.11699215149809043,0.11736422756942336,,,,0.8118085926429592,,0.811941680042166,,0.813561193947866,,,,0.8118135267167957,,0.7976786423253248,,,0.7962440343896543,0.7956047468313111,,,,0.7978973368546101,,0.7957536573645997,,,,0.8124724621779756,,,,0.8098363171699954,,0.8121715769685984,0.810149623519646,,0.8100906050896999,,0.8125360430689614,0.811618069738411,0.8123044300069269,0.809543857371334,0.8101890884586578,,0.8129637786319694,0.8151479586778918,,,,0.8114199409753672,,0.8103976789417767,0.8146713932329956,,0.8119044091193234,0.810283791663484,0.813446322659831,0.8094558899645122,0.7951335160546446,0.7945663270879754,0.7982935001115176,,0.7988121284207836,,0.7990513824520413,0.7970671370281145,,,,0.7980400941962172,,0.796623757272817,,0.7973103641150217,0.7974134050674823,,0.7979334840323943,,,0.7994284338718403,0.7978148851959396,0.7977653835803339,,0.7984075592601679,0.7974737949762026,0.7997263288388266,0.7964034647243373,0.003111476958944737,0.00311779543342025,0.0031220373030205846,0.003118122318702986,8.10562243692754e-05,8.12956122365796e-05,8.113915153834754e-05,8.133519071725149e-05,8.139499583915487e-05,,7.561447507495648e-05,,7.56547554340801e-05,7.557897364414294e-05,7.579702357004005e-05,0.16861965746969912,,0.7450565154223686,0.06477254240486616,0.06495359703025129,,,0.06367483548720973,0.06386617387992889,0.06129121008576765,,,0.2186456322713065,0.15825023337451943,0.7003945336080505,0.24021341360980777,0.18132476306188697,0.6933209174199362,,0.189648168299809,,,,,0.1967773329556653,,0.2566073197143526,0.1967780978091089,,,0.20592159854686864,0.06676009457724545,,0.06658590589676514,,0.06662993592916412,,0.06675950914515402,0.06687605685292401,0.06664324025870447,,0.0666609743858507,0.06674983004221786,0.0667013913747835,0.0668199423908065,,0.06654233690653051,,0.06646942494550603,,0.6743286925326135,,0.6726361035624555,0.6743420360612159,,0.2911787386822211,,0.29113499838597867,0.2906927324759813,0.23082722700277444,,0.2304707761713024,0.2303748225479099,,,,0.6722118582340071,0.06815868398306671,,0.06784760877088332,0.06812379073705813,0.06797754709190328,,0.06798215561076028,0.06787263453431397,,0.06788102110734125,,,,0.06806869643700685,0.06804362504919555,,0.06802700267903343,0.06803566539378024,0.06777864453548177,0.06792298182414713,,,,,0.06806146438457121,,,0.06796747479374063,0.06779393694826395,0.06787593548004213,,,,0.06798827349578841,,0.06787384229537709,0.06786798205737626,0.06791399077152796,0.06798463170300309,0.06797502110867998,0.0679271681545937,0.06803886994341087,,0.06805567899144926,0.06800834003748225,,,,,,0.06811969185737364,0.06787352429313435,,,,,,0.06804383173240029,0.06795038956981508,0.06798689888692384,0.12043111217939319,0.12017465642706796,0.12016598900663333,0.12021682875558089,,,,0.12018730964839834,0.11993214283567546,,0.11990193124558653,0.12018545768022319,0.13549487817876243,0.1353671297105308,0.1357237021560381,0.1356108037781613,0.13551717856944823,0.1352447512969258,0.13561631511962635,0.13532098518876476,,0.13555493570069566,0.13505012659519092,,0.13570667042563372,,0.13497750299452188,0.13534670172565869,0.13538575591513194,0.13527193391674316,0.13555525696230242,,0.12039402602560856,0.12048017780342783,,0.1205289667926158,0.12072694888920579,,0.12062915898826312,0.8096366259073998,0.8093051879133702,,,,0.8087692958422127,,0.8097263804314149,0.811040961156784,0.8079970115837054,0.8122961069261443,0.8095084531865151,,0.8095577636055237,0.13595107747374932,,0.13514835613311846,,0.13520277604889833,0.13508784348138578,0.135396389683546,0.13581393705618497,0.13532685018506502,0.13518823779239075,0.13495817268083818,,0.13378382879782186,0.13547843773066787,,,,0.8123889448288842,0.8117938482102266,0.8108784859579596,,,0.12015836196317468,0.12030868995581148,,0.1203450748213485,0.12027573373926022,0.12074267323157241,0.12026022642334556,0.11996333494898638,0.12049235924791077,0.11990475880193462,,0.12035775249001149,0.12018718960327686,0.12018501831692616,,0.12034215236678161,,,0.11993519921852068,,0.11990814699688913,0.12030539473668318,,0.12027845657166908,,,,,,0.8131971897945948,0.8124901160842345,0.8108964008002926,0.8113616410092206,,0.8123599016355921,,0.8119398583164626,0.8089345123710622,,0.8113492799548611,,0.8112064667230087,0.8115220856137458,,0.8111273493362283,0.8119968579548077,,0.8108783572527475,0.8095415189464307,0.8099072103991507,0.8115221829678154,0.8119220336795898,0.8107909385749258,0.06509471270130554,,,0.06493383332775629,0.06501895219198985,,0.4081872122093801,0.4891540079895316,,,0.42413570141895013,,0.483040402981713,,0.4836209289499168,0.48321863358278755,,0.482426688392396,,,,0.4826677500489868,,0.4826682732553449,0.4834625948059103,,0.48375341049544635,,0.4831723297212173,,0.4840991009488778,0.48253633228005127,0.4841615059048803,0.48432877590495993,0.4843916085370698,0.48288567388885056,0.48293921622427377,0.4831074029485063,0.4817503501107263,0.48265733218454426,,,,,0.4818121284595136,0.4831372875084784,0.48277746222652174,0.48353865523228,0.48404834180375234,0.4819454390888689,0.48326084288198384,0.48331282340944387,0.48208125634379045,0.48347659971737195,0.48372914751081164,0.48196790614151414,0.48308649069336296,0.48216163134878465,0.48222348271812016,0.4842126337936228,0.4827153496666642,0.48321745751990813,,0.48352127230580366,,0.4839474892197494,0.483944578152038,,,0.4854594380013564,,,,0.48400370457327446,,,,0.4829776974521143,,0.48379946264821033,0.4839570605424131,,0.4839600242229324,,,0.4820239736057817,0.48335325194056045,0.48358564614544575,0.48208340296719454,,0.48331618651204394,0.4831499672709699,0.4827185390811158,0.4819285582052365,0.4828358256893397,0.48250585984231203,,,0.4837027458908146,0.4829834754922372,0.48329330064082676,,,0.4828142560304942,,0.4842017471837467,0.4836502737764976,0.48148625321301813,0.4830578380711866,0.4830683926565521,0.4837146436426826,0.48296538779696907,,0.48294884677019967,0.4829970583417289,0.4845713232278752,0.48361998939454065,0.48365861681087796,0.48358187814978054,,0.48352520240670305,,0.48386663121245205,,,0.48299394741337043,,0.48309070891394434,0.48399389429998096,,,0.4828105357141616,0.48404840734787286,0.48474228262448593,0.4850720538264263,0.4839553688056504,,0.48425539131176937,,,,0.48409886476744673,0.48246069754428533,,0.4826387104039596,,,0.481719723452513,0.48243194416787993,,0.48194812965238437,0.48304237595962957,0.48234963419776145,,0.48289789357868407,0.48249594120659434,,0.4834954360243121,0.48308902616521254,,,,0.48336628181599006,0.4837605327591681,0.48313298234490615,0.4830989522300632,,,,0.48173842995689803,,0.48273941135665627,0.4852122978846388,,0.4836483130512181,0.48305677051691587,,0.4828014975723297,,,0.3770719572313897,0.37648237381608185,0.376878127054291,,,0.8011890846609,,0.5529298851059216,,0.4637760323313732,,
7,5,DG_10pct,20,Z07_F06,7,LL_AB,175048,181972,True,5290.416059308454,5318.6150011173195,5370.937039509958,5425.356515095714,5448.866880377324,6111.326555920241,180.59687799588386,619.7588863361487,617.9980853922515,431.1177754811274,431.35235605892524,205.1635764592091,65.64357410157609,103.49201491769382,103.15161261393888,235.79994694303497,155.28405458850636,18.854226723422354,287.4173708834827,200.02485931655426,,,,,0.6595155411186053,0.8322457131217883,0.5651659422743197,,,,0.44960090065671826,0.5422226837853616,0.5433919662546055,0.5436334275294266,0.45636736251082566,,,0.8010409121106229,0.8018896933289797,,,0.47652061176400273,0.4758886856676598,,0.4752073854485238,0.47476074484469116,,0.4755290105395685,0.47385730684265626,0.4761911374582749,0.4759704887426248,,,0.4772382626969982,0.47604028199073795,0.4929215177181706,,0.41203110072139837,0.41318900932411595,,0.40009151100687396,0.39883454812111596,,0.39868923745615936,,0.3992523633206128,,0.39913910900200106,0.3985877113211904,,,0.39868289255145484,0.39850847442701454,0.39910778475157915,0.3985281364235725,0.39978812957744425,0.39767245496513587,,0.44705379606114437,0.3707286712355162,,0.43459639197739885,,0.4359784067709879,0.43601901287061556,0.43484611920771804,0.43546605876662625,0.43451998390720137,,0.43386094555146887,0.43530535187196256,0.4351909939947798,,0.4342036888011909,0.43372756055035444,0.4354147881211623,,,0.4340951692052381,0.43491791333481516,0.4345863096308796,,,0.43455856585390484,0.4349713125322094,,0.3466926810554376,,0.11323520001014367,0.051241556329818694,,,0.05112391357960767,,0.05110688576725404,0.15307437294922543,0.15263488653141605,,,0.15274790531978585,0.15270931725256817,,,0.15274982153817487,,0.1532015734842345,0.1525659862960712,,0.15273582388898194,0.15237413468136696,0.1520919619180791,0.15252250122213581,,,,,,0.15239243550741946,,0.15195438776967024,,0.15288003547836027,,,0.15229752988677275,,0.15297341493820268,,,,0.15281597490767584,,,,0.15236792160376728,0.15268769114043143,0.1525752281712074,,,0.7472060586942513,0.7459769432866881,0.7466831010237893,0.7473201156861371,,0.7455661518567203,0.7457340351535088,0.7442936883992719,0.7462616388099179,,0.7459235127061474,0.7468079262131861,0.747501185582183,,,,,0.7456635459713954,0.7462810218884611,0.7450951557754953,,0.7476994565674726,,0.744981445941072,,0.7450149291093353,0.7470025988777319,0.7441505400463165,0.7459009855443638,0.7434661505412515,0.7461878983071021,,0.747649729792193,0.7435742421175308,0.7465788338424141,0.7456706107934874,0.7464968460145929,,,0.7455125301031079,,0.7456760518481104,0.743811711832165,0.746866342811297,0.11379029783265172,0.11374965548122933,0.11391149026226194,0.11390847519317138,0.11392695647608253,0.11360833876112401,0.11418369123487726,0.11382410603606806,0.11382600796197466,0.11379298632621017,0.11388422965752844,0.11388294853893291,0.11404639375520474,0.11381715591855421,0.11389530580717122,0.11386194707672713,0.11405725436330297,0.11364544278467961,0.11382212979670375,,0.11381248313942939,0.11381409931850078,0.11401885102645569,,,,0.11378616011541129,0.11367011120650697,,0.11385872063885996,0.11375524060636512,,,,,0.11394084079948627,,,0.11371277861553589,,0.11409300737704439,0.11400567918281759,,,0.11410877896609568,,0.11406176708210185,0.11377256373024316,0.11387283671666897,,0.11388484223648529,0.11342859016386356,,0.04988803897850155,,,0.10687627959066381,0.14814490473650427,0.05125019568069222,,0.05129913034971382,,0.05142942971544811,,,0.08557305398648618,,,,,,,0.08585411303927587,,,,,0.08556804331960284,0.08587861171892609,0.08589294749037121,0.085342508455109,0.08567949603059156,,0.08579317145624726,,0.08572973244193645,,0.08539614447406255,0.08532477766704373,0.08576264613958454,0.08547330667965031,0.08571208861197224,,,,0.08570972219487977,0.08589934518049701,0.08574979469793115,0.08547160328105574,,,0.08567114462162259,0.08550803150887144,,0.10045451457508858,,,,0.10076635753358203,,,,0.10099152398110124,0.1009489910041458,,0.10061674749476615,0.1008076288491853,0.10082478793658903,0.1005428360450549,0.10101527375750491,0.10078352376312796,0.10080138638516056,0.10078147594887041,,,,0.10053670531232259,0.1006200029736918,0.10054078962499464,,0.10066105311802519,0.10062283300150754,,0.10065140480114818,,0.10061193413288846,,0.8127712471941525,0.8116246127103984,0.8099926867597844,0.8124599045291258,,,,0.8134694748721449,,,0.7947225585559042,0.7946998461804952,,,0.7981615276932982,0.7955459418853781,0.7950497488214069,,,0.7951456313311215,0.7965190604031097,0.795362198309131,,0.7951302659806441,0.7942714492379622,0.8094322885157127,0.8089457865893473,,,0.8107288698864404,,,,0.8106982630088893,,0.8147503757594132,0.8130122540110607,0.8114152183665796,0.8129829010711678,0.8106395289004463,0.8121963481141954,,,,,0.8114319579571867,,,0.811199350545355,0.8123003864079359,0.813599018999497,0.8110491003614545,0.8103714457098898,,,0.8104530336431616,0.7950769374879592,0.7956177936506195,0.7957032868074327,0.7960426205827462,,0.7937858285121241,,0.7955956799172155,0.7966260651340565,,0.7960567710448974,0.7993748885311545,,0.7982087677485598,0.7996888551081789,0.7966683179233509,0.7961080341236244,0.7988281426852852,0.7971728664370172,,,0.7962630831497823,,0.7988115561619401,0.7981326015195507,0.7986277135297604,0.7970722935432809,0.7963024897679433,0.7958445856233832,,0.022078404743804483,0.022097997059829445,0.022148251069835086,0.023569679683505877,0.02358128769515214,0.02353713988715352,0.02361101512351384,0.023579894754262837,,,0.01399647786443925,0.01393158494718893,0.013933393925189635,0.01392564754528269,0.15286478913990453,,0.7454039807606518,0.051417363878817124,0.05129524401299294,,,0.05024852182005858,0.050183581056981924,,,,,,0.6964993872542882,,0.180968563520483,0.6887747789235842,0.23510151108286687,0.18854947912594075,0.6838390856635176,0.19629301410579014,,,0.19708578471583635,0.1966834790596137,0.24192759570109557,0.19687111237862553,,0.20547098784085116,0.20558581653013563,,0.05298483159008377,,,0.05269738272667675,0.052829815734802936,0.052912107695706756,0.05288554141570405,,,,,0.05303584519909968,,,0.05291255273572643,,,0.6707212148032353,0.6691742898676355,,0.6690378259199496,0.6698556755006926,,0.27728420386136327,,0.2777281787798791,0.27816312610480287,,,,0.23115610978611648,,0.6664461459880598,0.6641119804288084,,,0.05398282379328179,0.05393093348732787,0.053937747071298725,0.05410858051974111,0.05402215095530089,,0.05398806198675904,0.053916033788205316,,,0.0538879231656799,,0.05388649090417687,0.05386479190191713,0.05409880805434585,0.05384491624063361,0.0539180145106957,,,0.053946835313423536,0.053853043779020386,,0.05395774907823552,0.053872637587761514,,0.053926666465664894,,0.05406309986951433,0.0538020664883555,,,0.0538488435712903,,,0.053844930956595594,,0.05391805852447672,0.05400784347441497,0.05385106330452546,,0.05390823637365554,,0.05410239622163252,,,,,,0.05404250479577238,0.05402836748334665,,0.053912192401200786,,0.05406928034862355,0.05377742456042685,,0.05381647390473797,,0.05391074298499801,,0.11035570643964546,,,,,,0.11040780096220543,,0.11019234232994811,0.11006496836081425,,0.12046859917328251,0.12029319703496938,0.12047879266328433,,0.12023039465614647,0.12041975129142578,,0.12004361201920946,0.11987382771574008,,0.12016016109659569,0.11990977034941172,,0.12031549504648441,0.12028810957627954,,,,,,,0.11011717236717843,,,0.11043401663685248,,0.11060669324061642,,0.8085696023435744,,0.8095914961186297,0.808551708114172,0.8087991279538221,0.807739945580039,0.8113679951456807,,,0.8112471580900505,,0.8077340833727471,0.8089779380017308,0.12015679533724528,0.11966831139745208,0.11998463941775193,,0.1203884493133469,0.12046598448570212,,0.12038633825034044,,0.1201839835432824,0.11999142079428393,0.120331802628005,0.11839732779877789,,0.11985424298710494,,0.811560482450817,0.8100785483808599,,0.8111180089546248,0.8134716887578346,,0.11012956505666883,0.11068280269729723,,,0.11026012172332236,0.1102056092078249,,,0.11047771582545218,,0.11038817474336324,0.1103116759469612,0.11024695802199165,,,,,0.11038121616288493,0.11025138648441121,,,,0.11036122312240491,0.11032365810803943,0.11037173237720714,0.11046974341424642,,,0.8109289551006049,,,0.8093189816704407,0.8137328660991516,,0.8137795742543421,0.8146894060211856,0.8129588297876628,0.806629017508173,0.8087905488336845,0.8100914578677977,,0.8104328666829046,0.8084473292707209,,0.8106920521134636,,0.8125611793481661,,,,,0.8117820128556598,0.8133891145773612,0.05168154822778171,0.051734212790689155,0.05169192344221911,,0.0517937817353068,0.05162271507919597,,0.4798151879736498,0.41542663137761815,,,,,0.4758279469587335,0.4764745059910241,,,,,,,0.47581738177129274,,,0.47618769249165943,,,0.475352629588111,,,0.47593632559923055,0.47440392052350255,,0.47609791865767204,,0.47566722876253237,0.47452058433471295,0.4757491569225476,,,0.47610390305272315,,,0.4752311013968327,0.47628638893575104,,,,0.4754165973537747,0.4758959467365044,0.47677178290110617,0.47518159871569987,,,,0.4744181256682436,0.47545307621222627,0.4765824366058746,0.47468855918339975,0.47538508983530764,,,0.47645067542680897,,,,0.47643684632889693,,0.47444142672654704,0.4753718476428281,0.4760342232530187,0.47544534698377316,0.47516932860478445,,0.4767278920333259,0.4754407434721583,0.4762691373739256,0.4751550694067739,0.4761598455550479,0.47482619692971856,0.47606136345431355,0.47625522026281375,0.4745664439049339,,0.47520211136785906,,,,,0.47568073587405096,0.47506051443929975,0.4759100965246687,0.4749912131837493,,,0.4768117723815555,0.47389014506204236,,,,0.4764767921463185,0.47594419844754776,,0.4763210314911709,,,,0.47520038530570935,0.47545415878906644,0.4753218690401276,,0.4757860739517208,0.47578791238492874,0.47680936349288955,,0.4759527511671256,,,,0.47559091298185,0.475929932684418,0.4756521487847205,0.47682081634698686,0.4757681191704449,,0.4753507032852733,0.4749076477397346,,0.4755903394068023,,0.4752382431584597,,0.4751001356420964,,,,,,,,0.47630940160451773,,,0.4757496649121993,0.47427297496551024,0.47476232688492614,0.47456484152824463,0.47585481169358884,,0.4759607655722668,0.4748970659090199,,0.4754397196078164,0.4763858005317597,0.47606017948685375,0.47589586627462,,0.4758497667654272,,0.4753991012937947,0.47593874206931447,0.4739033346062405,,0.475734916982943,0.4766665480398786,,0.4733752785955821,0.475566386674714,0.47489354281263896,,,0.47523727549307404,0.4761449354028083,,,0.4744110818521679,0.47590177613813545,0.4749866425330944,0.476077563776323,,,,0.36728521846368783,,0.3981930963426264,,0.5440498372506468,,,,0.7996480649803751,0.8007273021481721
7,5,DG_10pct,20,Z07_F07,7,LL_AB,175040,181979,True,5420.8180641102645,5382.968212202228,5428.891824117098,5535.094005824612,5552.908060380137,6197.480914221293,187.354556923135,625.5274582362304,622.359670411794,436.94991903020366,433.5234002650898,205.46774692972292,66.34765195838723,104.89113093087856,104.9911338310477,243.13194471598982,158.59463625709378,18.552941966234023,298.4018163798577,205.1018868992646,,0.667802280237008,,0.737363081525901,0.6535758195230801,,0.561377014053529,0.4701520776504339,,,0.4433283314168125,0.5336766675107619,,0.5352574591709227,0.4482922169712462,0.44698236986727674,0.44887044991233827,,0.7954094771056918,0.7959177926525612,0.469353854903049,,0.4688465172873423,0.4658940151534645,,,,0.4655157244810778,,,0.4694187282503308,0.4691897658100315,0.4690558672455965,0.46938218657205383,0.46862984804801183,0.4819361544626833,0.4033915041788504,,,0.39026504233587966,0.3902711710085124,0.3919404312098876,,0.3893655729852545,,,,,,0.3899816536476406,,,,,,0.3905652930423944,0.38929824000881214,0.4326751164519965,0.4340359336584567,0.3621650765144083,0.7977537593806872,0.4210932466330255,0.42170667489986635,,0.422839773442032,0.4221364965208597,,0.42256882971376075,0.4213858266476834,,,0.4225006564627748,,0.42128462361149166,,,0.422523339343006,,0.42183212148492216,0.4213160724913321,0.4219508535931039,0.42304592374592515,0.4227884529809154,0.42164141294262797,0.42139520532278896,0.3357899332151036,0.3347386981880514,0.33587665424819185,0.10275765096314576,0.03725956081707023,0.037293755566362975,0.03727258890385632,0.03728483271840069,,0.0372439940644424,0.1344575588785373,,,0.13423440995185346,0.13399330761349376,,,0.13446503766409323,,0.13419341065394041,0.13386581401041073,0.13416347491025726,,0.1342498526623141,,0.13420286106196866,0.13440072413313595,,0.13427835158969076,0.13411015327399323,0.13415314341257303,,0.1339349763931661,0.13408702414751544,,,0.13400956277479578,0.13417781767183695,0.13414758119549205,,0.13419406096251563,,0.13411888357528062,0.13415254058522255,,,0.13386477545990594,0.13420452837137348,0.1341516856990049,0.1339798166850069,,0.13387599416846327,0.13406580139453392,0.7391073261774771,,0.7379976521376924,,0.7366823196672954,,,0.7408865143740763,0.7400860304537469,0.7401586083119555,,,0.7408824547966573,,,,,0.7389692177191088,,,0.7392527316885129,0.7406075054792217,,0.7374460425167824,0.7391781409303788,0.7392629201476023,,0.7402653521070485,,,0.7380257042692653,,0.7373963409967752,,,0.7379455679833374,0.7374474065260882,,0.7380047110649169,0.737958788826493,0.7377789637369776,0.7347900188734809,0.7403002386482074,0.738427847969066,0.7393762525526126,,0.1033385443215909,0.10377738453947555,0.10365519586939353,0.10323509348267043,,0.10304566347360779,0.1033528730881839,,,0.10349431452407017,0.10360751286552065,0.10373721655638031,,0.10314813944719875,0.10339362855845158,0.10375263401757064,,0.103708485250861,0.10330390431411532,0.1036035612841201,,0.10341148882709628,,0.1034112775993367,0.10345763205952373,0.10314641625136221,0.1035087397429436,0.10327287871169272,,0.1034347203637558,,0.10341665761496932,0.10332552153956528,,,0.1033871963671148,,0.10361861929449592,,,,0.10369684640299244,0.10339857817274888,0.10351985294476383,0.10343307731856355,,,0.10364169650274807,0.1033418403929474,,0.1033475994060687,0.10359634685965544,0.03638281466888486,0.03644596628468989,,0.08704262050390855,0.12981091436825237,,0.03755668524128102,0.03756290297644801,,0.03759453817257484,,,0.06505775826707663,0.06506891875890086,0.06513210559898427,0.06490806851462654,0.06508103995319806,,,,,,0.0650783794815952,,,0.0650971944743429,0.06515401161920412,0.0650202422110043,0.06511542138277604,0.06511194291750681,,0.06489177921710684,0.06498241346199451,,0.06493881604974834,0.06490184642188093,,0.06485321712919465,,0.06476946465678006,0.06485071588483439,0.06506826940763952,0.06513267319123707,0.06504942084159474,,0.06500195401187622,0.0650303645293768,0.06499295435894369,,,,,0.08046057556022244,0.08057895261426791,0.08045120014328982,0.08033634697685109,,0.08004804435073884,,0.08042892161776265,,0.0806787962529683,,0.0805710946501399,0.08047698087532545,0.08055290556183613,,,,0.0805797173811775,0.08023376176486705,,0.08044194005371644,,,0.08031481195413091,,0.08034952362574574,0.08036001304328906,,0.08047705836751401,,0.08041005138708418,0.8082940450851064,,0.809016190236513,0.8058418430101456,0.8069757126246258,,0.8065867870099633,0.8084138304727183,0.8093353899131938,,,0.7910222806566358,0.790390661520555,,,,0.791391771676518,0.7903167198712125,0.7912549009662763,,0.7927642146234809,0.7919767947035595,,,0.789575751198689,,0.8029417941646751,0.8062915080210594,0.8059945023594913,,0.8057250510759105,0.8074931119515042,,,0.8076829996397812,0.8079497347855681,0.8097954855256714,,0.8059962626321829,,0.8088228225326572,0.8060520154228386,0.8072491144748661,,0.8091828744860537,0.8050949218727528,0.8062455112055376,0.8066041000908066,,0.8068937024284114,,0.8074647808996996,0.8089177460803678,,0.8082903182142099,0.8061738294381839,0.808744164606501,0.7903999467392864,,,0.7922318121704407,,0.7909388260457827,0.7910369833749148,,0.789965046095897,0.7923993515568971,0.7916151113201331,,0.7906415965405456,0.7909541653417743,0.7929429908627657,0.7914158611248007,,,,0.791342862957327,0.7938145090594005,0.79217233109775,0.7913213781973176,,,0.7923728425075721,0.7939515245875832,,0.7925147289703488,0.005200175762499025,0.005191878277088399,,,,0.0022292778659076225,,0.002230724574782399,0.002225399057120844,,7.742233387128643e-05,,,7.750103848539384e-05,7.747698337169343e-05,,0.10369809797354933,0.7376084601058772,,0.037543055796084294,,,,,0.03570432330719102,,0.035742655091325994,0.18722331349790136,0.1507391957658777,,,,,0.21826313587162918,,,,0.1907774453198911,,,,0.22616713449483905,0.19099617257830914,,0.20047091552986943,0.2001803523194649,0.03886255861007635,,,0.038829575192807636,,0.03878550364784157,,0.038725637268419724,,0.03872190011606915,,,,0.038799279384285755,0.03873607985422891,,0.03883982925060512,0.03880834760001013,0.6587787970340541,0.6591809350768568,,,0.6620493137774988,0.6610840229268097,0.26178995921428905,,0.26262138960644005,0.2610795406707315,0.22684311160252968,0.22675094079593247,0.22699335722193265,,,0.6553320570195373,0.6546136488033194,0.6557803477167351,,0.039538137944287656,0.03952592289706722,0.039590815609583656,0.03952769745827899,0.03949126989080924,0.03953170613274184,,,0.03956714768594822,,0.039395858807242584,0.03947318371142552,0.03967489360139047,0.03959106623362144,0.039531423171469224,0.03951871533536825,,,0.03948014050446997,0.03963547166580522,0.0396173825468653,0.039568024872637275,0.039566889390643234,0.03957598340905677,0.03945625992920924,,0.03947758160918328,0.039563574617982794,0.03956024737803163,0.039601259873877144,0.039494968583393485,0.03952518904370988,0.03948397853411432,,,0.03951048049642247,0.039502474210044866,,,,,0.039700323038679694,,,,0.0395909125944158,,0.03950827359763196,,0.039504634281533765,0.039688127245003965,0.0394870127783084,0.03965282952401182,0.03958626788059109,0.03959168296201925,0.03960452292129033,0.03966898192776758,,,0.09525104022636048,0.09546251990754828,0.09546628094354342,,0.09531847694043091,0.09523560553859393,,0.09512575357263275,0.0950588187972987,0.09516598253272729,,0.09547608817071909,0.10150434744737656,0.10158604411498535,,,,,,0.10126640939668731,0.10161148951209749,,0.10102773115356332,0.10136818029500395,0.10122264331350407,0.10149707297370048,0.10089652955771107,0.10154795751201784,,0.10128362842176876,,0.09559074499907701,0.09564868016981232,,0.09546599791252436,0.09539232755347533,0.09545128540000643,0.09526850410858531,0.09554739527480749,0.8032095362747231,,0.8074479514056594,0.8043172962178775,,,0.8037253667131489,,,0.8050389796043919,,0.8038546647430805,0.8055626281863445,,0.10099519688320925,,0.10130290995319413,0.10141313845238879,0.10130272427663277,0.10161527897803385,0.10128671232274003,,0.10171055810186456,0.1011214008134061,,0.10147889969228102,0.10016959664823505,,0.10075654771826247,,0.8066129495563966,,0.8068071042326216,,0.8043967404473474,,,,,0.09538097142596699,0.09539986356559702,0.09554266343100473,0.0956139638228416,0.09504627359958727,0.09523199587006903,0.09534296465071772,,0.09530059114029858,0.0954503318668155,,,0.09526627140125071,0.09560776807350133,,,0.09548023110524816,,0.09528895340830718,,0.09537598960143609,,0.09533150622311648,0.09552851307746836,,,,,0.8082455149171568,0.8081967815180917,,,,0.8048978273799068,,0.8038140018044918,0.8068812620981672,,,,0.8076698653248134,0.804105830078991,0.8088142598075705,0.8053674857485649,0.8069670292713504,0.8041846538739444,0.8065876696915745,,0.8047838272263803,0.807407353445743,0.03780823677879809,0.0377466241353482,0.037896373319930524,0.03780983490162401,0.037920175293671816,,0.3917568320320747,0.47410542440504766,0.40737694614117703,0.4082056493515978,,0.24603700204120668,0.46861355319558157,,,0.46865520693271473,,0.4675462701818131,0.46839927916979573,0.46751824296379657,,0.4685117656458999,,0.4670714141966733,0.46725267315441515,0.4653242206739951,0.46633561073135904,0.4686531300325598,0.46830915614980856,0.4683705891672476,,0.46695251191458,,0.4673400811479861,0.4668151203572089,,0.4668094009067091,0.46879092226274693,0.4658824923030853,,,,,0.46748471413515075,0.46798245175186537,0.46762969137878313,0.46863095850908937,0.46819748119961146,0.4681388174328298,0.4677378651924988,,,0.4688186143878948,0.46611353012369966,0.4688191067258871,0.4694614445068329,0.46855480461867294,0.46729919818986265,0.46753345630830273,,0.46777894776516155,0.46835184689849446,0.46741015945297476,0.46845853561669626,0.4684665561356153,0.4677989832942112,0.4674173482974128,,0.4678088705221567,0.46885034542986365,,0.4666381477477242,0.4682981173985598,0.4680792714710213,0.466537942594592,0.46756914079385054,0.46770082679343883,0.46764098515875724,,,,,0.4668317524591161,,0.4671562391759373,,0.46704889217033496,0.46897619127455487,,0.46722377778890095,,0.46775435277845323,0.46957080991050515,,0.46720685820855146,0.46785567041446047,0.46667727574737744,0.46720227069843473,,0.4678386166453519,0.4678690855551721,0.4676111192720184,0.46881041838197546,0.4686411209892533,,0.467565508596354,0.46772754948090095,0.4672813892431696,,,0.46870132462700276,0.4677764114523473,0.46673823252085106,0.46812508644627765,0.4684199474731325,0.46899549159542764,0.46527842260369384,,0.46865632191104906,,,0.46729802869927084,0.46709235949553946,0.46607331485054204,,0.46741071369448317,0.4692031109175301,,0.4676477868881704,0.4676069574168907,0.46952873796479944,,,,0.46816519451195787,,0.46829182688871634,0.4672051598281113,,0.46824104069102845,,,0.4685866843250957,0.4672765825205807,0.4675535688105596,0.4680908836406257,,0.4674601857345126,,,0.46717586765345037,0.4679871101215593,0.4678533413370802,,0.46755761950253394,0.46870531875829485,,,,,0.466993574522364,,0.46735309613603954,,,,0.46856178941148807,0.46852295898884866,0.4675469318584327,0.46851207824378127,,,0.46717997555587787,,0.4687245346276489,0.46764372683841526,,0.46722243955135856,0.46805680027983676,,0.3576423567590807,0.35845531002185976,,0.46488967734354536,,,0.5330652432568058,0.535236912775428,0.44931858853171686,0.4483826433765466,0.79466919879446,
7,5,DG_10pct,20,Z07_F08,7,LL_AB,175040,181979,True,5409.047162196557,5415.949963698746,5436.942970452696,5526.796232830386,5499.624730615968,6214.932356199659,187.04500970858265,622.7807770562489,620.8550264366716,433.7030963117126,434.05587352434003,206.5615432390358,66.32019420923538,105.08311151792194,104.99673313440148,241.8227940662294,159.52467142180967,18.613173319286794,296.5625613483309,204.86894647751433,,0.6667355830176076,0.6679480328631472,0.735830111322256,0.6537197164024017,,,0.46915120752124534,0.4684842551013982,0.4688612450692296,0.4415275203675919,0.5344322309087756,0.5332322813976296,,0.44792912740195706,,,0.79811305199707,0.7983786065445241,,,0.4678393136257438,0.4700672760235844,,,0.46797723279689835,,,0.4655567195091879,0.4691547015684738,0.47015947108330985,,0.4705916464229849,0.4699059339766468,0.46867048547851714,0.48183797815743057,0.4043923330118273,0.40315244057881605,,,0.39000738111612354,0.38994305262647516,0.390547141334482,,0.39043849684705795,,,0.39111993177205434,0.3901081507420379,0.38919655796767644,0.3899635893607122,,0.3887920167595541,0.39030590235609747,0.3905151721908554,,0.39032546027455434,,,0.36126752672494417,,,,0.42169554612682314,0.4227075218370456,0.4223527978499019,0.4223244619205254,,,0.4222837366975878,0.42305145211908124,0.4215561684785392,0.4222818994349401,0.42184634065163684,0.42263905063953255,0.4217190234196017,0.4225780259724888,,0.42152452027049403,,0.4214424052677575,0.4232673314253949,0.4231385451918562,0.4208772950413123,,0.33697511239794375,0.3363695921033564,,0.10303754397507897,0.03741421335905984,0.0372729697205663,0.037289243141331814,0.0372530983501719,0.03734910382057149,,0.13447806268995302,,,,,0.13404503550165833,0.1345837601760273,,0.1339515911686438,0.13496054519516287,0.1344203864702361,,0.13436354341443066,,0.13437397357817582,0.13378074462518846,0.13437191110846067,,,0.1340838860101008,,0.13434694684080284,,,,,,0.13419789349880254,0.13404295898844945,0.13411355066862085,0.1341503310195236,0.13389849113087085,,0.13423348186165746,0.13451496625610435,0.1337810345047454,0.13382285968397237,0.13391186418087617,0.134154310780427,,,0.13405783181359535,,0.7406504085391402,,0.7381469154301227,0.7393257237576764,0.7423224562082319,0.739091917576219,,0.7403521618455434,0.7388185651011274,0.7407923045058301,0.741628378538735,0.7416835029266621,0.7416666758485234,0.7378382289659688,0.7395532416714873,,0.7377732378599465,0.7385307830987056,,0.7399606601447982,,0.740744399716105,0.7367703901270193,0.7370658282578537,,0.7394671983555049,0.737349931343974,0.7388812757431598,0.7381004074385901,0.737793575605622,0.7409928745690867,0.739374608576948,0.7409201658908359,0.740020491383122,0.7374825685321302,0.7381529851940947,,,0.7385424377327878,0.737686188868769,0.7403007268693629,0.7409374853010214,0.7403785196610765,,,0.10353074940786747,0.10328954107567728,,0.10400780369823932,,0.10340098087619147,0.10347900664493752,0.10344488776376431,0.10347490292171685,0.10387296899963691,0.10321108471111849,0.1034400650330513,0.10353636836720113,0.10336376914686295,0.10343028990575846,,0.10346140644992961,0.10368155758245899,0.10356408230501427,,,,0.10297420213282713,0.103135592653407,0.10340765096529565,0.1034240262715716,0.10323658077115978,0.10336336896624454,0.10337839681393791,,0.10343727380146121,,0.10333611163039252,,,,,0.10340910755126403,0.10343387856839902,,0.10356404585182191,0.10342978229734875,,,,,,0.10344033449855028,0.10335896512895562,,,,0.10318085185246677,0.03642610858684049,0.03644989363837336,0.03643215992612469,,,,,0.03739391032507004,0.03755165434661224,,,0.06507132140352787,0.06515293028464066,0.06499156617566845,0.06490759362585771,0.06515363200809268,0.06484769031910391,0.06497500042316412,,,0.06498639016660429,0.06499643637914379,,,0.06514618663967148,0.06499813751853929,0.06494266071925178,0.06498449711524078,0.06524486531539163,0.06519091800992219,0.06491052488725857,0.06514435521742928,,0.06508412495909667,,,0.06494516930297205,,,0.06506853551685902,0.06503059130617625,0.06501186174012326,,,0.06509622378547826,,0.06496605827887023,0.06500844670383332,,0.06501026670769579,0.06477683668631352,,0.08040527384778276,0.08047463294430124,0.08048111718862026,,0.08033084407408222,0.0803560962647314,0.08046657632280958,,,0.08055638191178904,,0.08067508568542277,0.08064102463121856,0.08049285175094416,,,,0.08033108313590093,0.08055861434354643,0.0804983957968324,0.08057065477749356,0.0803729235730225,0.0804729631338356,0.08036953696497728,0.0802553126360341,,0.08037945472350122,,,0.08049246023483558,0.08045903669124803,0.8089318335941049,,0.8089466543510362,0.8072055723180173,0.8091198357476441,0.8056985997498055,0.8088984230340202,0.8081357509526893,0.8078240998038794,0.8054559600504674,,0.7909111589108766,0.7893060663074442,0.7888235947512022,,,0.7908002970862709,0.7917435940326302,0.7941561333987667,0.791668473159123,,,,0.7893490380738465,,,0.8066864859403924,0.8075495588794108,0.8054689596372229,0.8078119422159733,,0.8061965245876221,,,,0.8088892358853085,0.8074955209298321,,0.8075667190777297,,0.8078045040517912,0.8086305234514289,0.8067268667856263,0.8076334336142097,,,,0.8054003051442953,0.8087164291007854,0.8080322582911953,0.806712482141158,0.8067851525440876,0.8055038093433622,,,0.8055443768408007,0.8058708451182292,,,,0.7917077202793452,0.7903501687982358,,0.7910291881855113,0.7922064376428745,,,0.7925444598176312,,,,0.7917638196322506,0.7893629497126659,,0.7892146276195303,,,0.7896981958513735,0.7920149716030929,,0.7913443608856433,0.7912575806719162,,,0.7935109047355938,,,,,0.00520572926106689,,0.002232157517038883,0.002228561553365052,0.002222700294485989,,7.744896146897809e-05,7.730071658701338e-05,7.73787168128752e-05,7.729763839638502e-05,7.723832707488539e-05,7.737833860604079e-05,0.13443879875473697,0.10373717232553405,0.7375742314146628,0.03755135838898665,,0.03749225229342656,0.0367056717616408,,,0.03570698367973947,,0.03564015593516207,,,,,0.1743390129439548,,,,,0.19080478068742374,,0.19075188769833407,0.19143517815726394,0.19061828694843003,,0.19066957519757396,0.6726772107277962,,0.20103434261041112,0.03873175825475587,0.03874775694262277,0.038850866899478975,0.038856944356505885,,,0.03872464901730742,,0.0386746168678049,0.038761900702317886,0.038852984864408094,0.03892398588166826,0.03868844151234398,0.038884031493532104,0.038807643585994374,0.038803511102617115,,,0.6569850967789804,0.6586076723390578,0.6589497558940955,,0.660548105748465,0.6621746781456586,0.26182882524377904,0.26148213074354815,0.26190201100915594,0.262029090925473,,,0.2264546309482629,,,0.6561556981090538,0.6570816091549943,0.6583236759613508,,,0.039586679352738484,,0.039556638987889144,0.039464908003085615,,0.039678021584505854,0.039547862147532045,0.039507329497200865,,0.0395607312087075,,0.039406184717536485,0.03952321504147692,0.03950777780469896,0.03959282497004462,,0.039488337208752514,,0.03962245497076535,0.03961184506954159,0.03946028887545482,,0.03949465315894063,0.03950180744763611,,,0.03963120857303784,,0.03948126837556847,,,0.03958110848668892,0.039502029957499164,0.03967985122977374,0.039487798188986636,0.03963177326522927,0.03958598675640506,0.039668173069805183,0.03966095676288338,,0.03965119722958374,,0.03953418055478595,0.03952019713210487,0.039559059426884924,0.03968809188407581,0.03957676497104437,0.039410814950984654,0.039503090552447495,,0.03953447003047584,0.039598497314512204,0.03954023878842781,,,0.03953700677375045,,,0.09518809599476515,0.09544464254649908,0.09533554502320407,,0.09548014682089041,0.09529023679365672,0.09555935000459592,,0.09519875113710172,0.09524778578732004,0.0952416694069168,,0.10135038098257902,0.10144368607431216,0.10147341328602337,0.10148539383658953,0.10130416916661293,0.10125006322424995,,0.10143521860102624,,0.10145930573120272,,,0.1013943299931142,0.10141065911758324,0.10147797577529043,0.10139997055923958,0.10113384913179808,,,0.0955982078067564,,,,0.09532988021831426,,,0.09547466299441602,,,0.8030381292729941,,,,0.8013786957707619,,0.8020823808401825,0.8060122962871327,0.8056388283289955,,0.8043930748196473,0.8048660780058349,0.10135113011151928,,0.10133585120241183,,0.10129259494448825,0.10156007744410502,0.10140801799353923,,0.1014821085947237,0.10154959945736737,,0.1015233056031749,0.1000121332835053,0.1014330034028264,0.10114038874117948,,0.8056254877678286,,0.8051307246495624,,,0.809512898388185,,0.09521772191162742,,,,0.09536872870576124,,0.09527055485751601,0.09522737205654992,,0.09550623368652618,0.09540609651949303,,0.09531194012516175,,,,0.0951993890449634,0.09552496473431572,0.09536805519005549,,,,0.09520253197999752,0.09530278266116804,,0.0954248755880485,0.8078366957032983,,,,,0.8038554064621102,0.8054075454897417,0.8076606064493137,0.8051822890221845,,0.8028559358516776,,,0.8086223048156447,0.8063729337391672,0.8047340474117193,,0.8073869239422531,0.8056908707297064,,,,,0.8063244213787562,0.806365921488369,0.8071628480364702,0.03768351083437363,,0.037886201480766935,0.03779086093636989,0.03767314170035585,0.037930944257731504,0.3903503845799611,,,0.4067850543855117,0.40686447986051966,,0.46793382838484804,0.4677408211538832,0.46813058870363106,,0.46801389887962935,,0.4693528481270705,0.46927942250549987,0.4681924428454304,0.4690694960966496,,0.4667193241067894,,,,,0.4683590420314607,0.46799563689941426,0.46714621093013897,0.46816593085861025,0.46764791032106506,,,0.469184299443797,,0.46871806912443903,,0.4681122787678241,,,0.467789291540406,0.46723774693729014,0.46852757779897736,0.46830489583280754,0.4687453419754062,,,,0.4673023867457493,,0.46836402223062584,0.4669488370070972,,0.4678885077161979,0.46696203755471427,,0.468381716618939,0.46754690430612855,,0.467308572638821,,0.4668801075642407,0.4681024100532588,0.4679696717803721,0.46815001797355277,,0.4690555206045928,0.46828863256288056,0.46740986316998495,0.4676334541507698,,0.4672232953639088,0.4673625320868313,0.4683207789355899,,0.468445641890889,,0.4678266206204215,0.46816351198268497,0.46728087386864225,0.4664300478428622,0.46905096971397375,0.4676323839255968,,0.468291691567727,,,,0.4671796325733516,,0.46748335507647504,0.46801312943366674,0.4673476339314482,0.4681484820067625,,0.4678741913194961,0.467261219348156,0.4677502593378816,0.4683170527066656,0.4683782139423676,,,0.4681916515927491,0.4679505982788925,0.46893302667942477,0.4673945949832355,0.46761828182038506,,0.4672224469947618,0.46804940063727235,,,,0.46799897647120303,0.4680251921102188,,,,0.46720295858492916,,,0.4688854455326513,,,0.4669052590169258,,,0.46832349322678696,,0.46863107948360244,,0.46787951274799244,0.4677180162603985,,,,0.46715970832889653,,0.46724924105538945,,,,0.4677052349696059,0.46934619394630495,0.46875628478940107,0.46778690446989873,0.4686807776018756,,,0.46766922444828396,,,,,,,,0.4676412239681393,0.4672086511197271,,0.4669059377075159,,0.4685018054236807,,0.4688094019779986,,,0.46905415095396547,,,0.467781309165819,0.46697813137713023,0.46856907537969045,0.4677639239331268,,0.4662092147204678,0.46740057463640283,0.467293941972054,0.35729001665755317,,0.35713706277159696,,,,,,0.44863231437583945,0.4499120851700067,0.7978407200112416,0.7959830560691123
7,5,DG_10pct,20,Z07_F09,7,3PH,175035,181971,True,5568.598526593675,5570.238831875042,5597.332102412477,5668.564361588026,5605.378354342479,5682.245728212099,3.872808787992249,36.51676146238603,36.78234721506373,27.878139052933943,27.802349346947622,13.771766534327169,4.519114856342918,38.83300123156012,36.303829573187166,0.952527531213943,3.507381929644086,1.3375662783039493,6.975589664159554,9.244173703355054,,0.671686654575228,0.6726823929592922,,0.6730199798451186,0.6727763305956277,0.5857811881081234,0.47399623521110384,,0.4734358709876932,0.47468470121556455,0.47896494759015906,0.47915230222793836,0.47883859073070195,0.4784821578197736,0.4786760989370805,0.47898737678268166,0.47858878268554345,,,0.473159549222755,0.47445376799964284,,0.47400573701180154,0.4743923539227656,0.4743982643977107,,,,,0.4767233967072373,0.47556452745464595,0.47471206972511837,0.4766262121101774,0.47506129318105783,,,0.4072331494328907,0.4074560811933867,0.39837948841166015,0.3979441898725641,0.3979068633251825,,,,0.3987995458401752,,0.3989493343161304,0.3988115228776851,,0.3986866976863831,,0.3996398215762304,,0.39880314340888834,0.3997894069025364,,,0.3916530006729908,,0.3927258078768276,0.38240705216233023,0.3819718220435939,,,0.38268847851980264,0.3819820745496818,,0.38217446783493886,0.3824457701865837,0.38254713800375684,0.384399694946704,,0.381578368225138,0.38205073732862926,,0.38014288026853305,0.3817741342507566,,0.3831448431622719,0.3816227935044455,0.38322625272906613,,,,,0.34563652640921205,0.34388012749834007,,,0.04904393142045641,,,0.049110840332591735,,,,,,0.04981617265923631,,,0.049511261039260374,0.04954562663548534,,,,0.04965115941288992,,0.049829030141618255,0.049578011802313054,0.04965201990415805,,,0.04945944877284031,0.049550875705053864,0.049600675902276715,,0.04965275579911902,,0.049736455157101365,,0.04959071106260741,,,,0.049649682701209445,0.04959942199443446,0.04966833370816424,,0.049515053344772825,,0.049641037030182245,,0.04946289888010296,0.0495447974104992,,0.04956085121228446,,,,0.04959426428033544,0.04955505327406883,,,,,,0.04966512070496108,0.04971177112095457,,0.04952754510380536,,0.04949454536042039,0.049666519609361144,0.04959913153873814,0.04959077282205083,0.04946809702101245,,0.049512867877118526,,,,,0.04959058280384945,,0.04947094336215482,0.04959173347422145,0.049408619632113286,0.049516643510498254,,0.04957183655959656,,,0.04946689573913282,0.049596540058224725,0.049648581772995345,0.049547909350026446,,0.049574908510558506,,0.04945264255703883,0.049595148426923155,,0.04963703615004444,0.049607702512856545,0.04964626834800451,0.049552557182120746,,,0.04955245066014462,,,0.049547082823590195,,,,,0.04962697224748924,,0.04959472536228551,,0.049565949940603184,0.04960928396462771,0.04949575404235112,,,0.049646783762962714,,0.04956997182479161,0.04963225516048645,0.049589310785005364,,0.049575655399555586,0.04941256035708276,0.049464705321263125,0.04954879475745141,0.049477543637033064,,0.049656810200729345,0.04961861662406523,,0.04968682376662318,,0.04958032824791785,0.049601630264468274,0.04968188053349538,,0.04954612000967598,,,0.04953540052137922,,,,0.04967370349580389,,0.04785807810809296,0.047846339573610716,0.049591735131346196,0.04924994644012294,,0.04927811360747111,0.049177877537919905,0.04940623043490179,0.04927808848017895,0.049366583285956486,0.049527024986767934,0.04950487580864238,,0.04946211039486209,0.04955525555154099,0.0493713775967799,0.04961046688264841,,0.0494588112641177,0.0495469852571965,0.049513040220844726,,,0.04960596637509674,,,0.04954710395348968,,,0.04950414681000779,0.04963686319282088,0.04949738780411228,,0.04965758548035209,0.049503010198729595,,0.049481617887961446,0.049460005438948164,0.04943077474456046,,0.04943891120996769,0.049475064594368005,0.04945429654857556,0.04939730693056405,,0.049448755517728364,0.04953420223420783,,0.04948256055870938,,0.049468333526378166,,0.049515266175107014,0.04950276688966242,,,0.0496040981528899,0.04945403412862878,,,0.04950411876641897,,0.0494399858956853,,0.04960912261778137,,0.0495139430515366,0.04968915093007555,0.04957483145759466,0.049464702296765375,0.049512294013396865,0.049533689313868826,0.049544882233918876,0.04947047564810951,,0.049619474030373825,0.04947443844267539,,0.049456740555795894,0.0496415873499013,0.04950904305169383,0.04954191412422225,,0.04951538428731386,0.049623453740978145,0.04963398813698567,,,,0.049497874144301235,,0.04959263784539482,0.04943637341563277,,0.04944524520766369,,0.04959414049285438,,0.04944903777890283,,,0.04957051985006214,,0.049440614447840286,0.049380614255485414,0.04939107767174868,0.049353479162649816,0.049363951824578145,,0.04942969256250193,0.049442859784139426,0.04940624885684148,,,0.0494500879496943,0.04947360162152631,0.049464934410285204,0.04926507283418625,0.049535942174593665,,,,0.04946560426249096,0.04956359212395956,,0.049598753473313516,,0.04948560323569012,0.049631481099453825,,,,,,0.049405906297636706,0.04957182434815488,0.049511968437162365,0.04953232835125278,,,,,0.049420476945011685,,,0.04952240942293181,,,,0.04950380002171178,,,0.04936179990497545,,,,,0.04944339964320345,0.04960161083268178,0.04958547765975569,0.049417054538548326,0.04954330847471514,,0.049515488144439776,,,,,,,0.012181957758043718,,,,0.012214914414798812,0.012142256785560142,0.012160986709598547,,0.011941011319234746,,0.01189956657510625,0.011921788318786031,0.011903859249293533,0.04959608891008003,,0.04944243735418791,,0.04916319133977151,0.049108297984559554,0.048108997944753054,0.04808197319281002,,0.0467926806653179,0.04671476400385939,0.04682219193831723,,,0.049721537549098395,0.050582406145051606,0.05047005879307633,,0.05083281074025261,0.05091691328453869,,,,0.05084301642317486,,,,0.050949329890237975,0.05092580036265754,0.05134083468124528,0.05144864201784866,0.05089527106850291,,0.050888315661686966,0.0508866200724453,0.051062762305256755,,0.05093096328956105,,,,,,0.050837443041209046,0.05101907674364802,0.05075365559276809,0.05087695831757754,,0.05093825395577496,0.05179881509997092,0.051925395775423815,0.05189618152164739,0.051939495426279673,0.05152954860180543,0.051562348629344674,0.052096791364354536,0.05218610060399029,0.05207162856005311,0.05200747166740201,0.051928215579392395,0.05199950858081082,0.05211108632650508,,,0.05210518613133226,,0.05195224449034308,,,0.05191206393025449,0.05191747624419062,,0.051813916573874914,0.05180400051539137,,0.051999385692911695,0.05193625745462194,0.05187457745362546,0.051924233889221745,0.0519145698778818,0.051773991875629616,,0.05176233078926252,,0.05190391055257796,0.051839297434603755,0.05187067112608348,,,0.05190441630699495,0.0518939680513668,0.051731744170439194,0.051894778021147586,,0.05195658609873641,,0.05194556896790826,0.051952916016369824,,0.05184221386497096,,,0.05178933289729373,0.051936149733163704,,0.05197360145123123,0.051932176583562396,,,0.05189157372293277,0.05178499374878632,,0.051944684144700104,,,,0.05203429472851411,,,,,,,,,0.05188739954602285,0.052024838731922755,0.08619974202061935,0.08645813264919365,0.08651319807037426,0.08633786449265253,0.08618693750303175,0.08631071762916001,,0.08629576552446942,,,,0.08613701165445818,0.08638354248425952,0.08669119554284892,,,0.08620678814366543,0.08635491889663383,,0.08623151753018675,0.0863236285090828,0.08614068079647415,0.08628622504746718,0.08659503286832532,0.0861400620305415,,,0.08630713308891881,0.08644831254284005,0.08595575676766025,0.08632922356085933,0.08622519776173493,0.0861759179967989,0.08652935120103025,,,0.08627231501341047,,,0.08616629951748313,0.0861498894049003,0.0863415027953294,,,0.08617154241159247,,,,0.08624466059600026,,0.08626639305833397,,,0.08625922429264195,0.08600783719733898,,0.08626581504861616,,,,,0.08631858105477483,,0.08610634846481528,,,0.08591390842012457,0.08599862011939072,0.08619625537724375,0.08640308180443852,0.0863617892610134,0.08625194156892727,,0.08637650619982824,0.0863623195572974,0.08628170376009509,,0.08653001704603273,,,0.08648021648052041,,,0.08658272584438223,0.08643075158068038,0.08639662930497691,0.0864887575085935,,0.08619620257768972,,0.08646130847785148,,0.08623907821677644,0.08627522268377702,0.08612224255506397,0.08628331271524166,0.08630811700218756,0.08658575812997937,0.08658944622351568,0.08640262371820154,0.0861419071573933,0.08625841888469336,,0.08619009961448196,,,,0.08635494068611083,,0.08662611641306908,0.0864115167321885,0.08641005223433192,,0.08614974710187309,0.08619476814730326,0.08632638731946835,,,0.085854265720715,0.086159468295255,0.08655230878584402,0.08621856077356847,0.085972393172715,0.08635702015192892,0.08630295747400271,0.08638600280044233,,0.08618676999058952,,0.04952948121402237,,,0.04969996166702828,,,0.5019960942806891,0.4147740565429891,0.41588172399673295,,0.05165685106506925,0.4747697836976744,,0.4763028013366789,0.4768414662123561,0.4769258807960663,0.47563331735254794,0.475433114423146,0.4765559528240798,0.476686630635859,0.4762956347870902,0.4759127877032192,,,0.47446167862072464,,,0.47575685568416937,0.47608965370846984,,,0.4760933271626571,0.4755379533197146,,,0.47615655519759376,0.47487491114704466,,0.47702577909353105,0.475211835774782,,,0.47656683124079124,0.4751890160657309,,,0.47637822932784096,0.4767465140551923,0.47603052060198575,,0.47491110017715554,,,0.475394754114709,,0.47644281384414067,,0.47640378137574635,0.4756385152491689,,,,0.4772904316717524,,,,,0.4760446781210786,,,0.4760445036935243,0.4750918590152648,0.4770169893565163,0.47549348099383554,0.47711752391780465,,,0.47634398060229555,0.474630277064294,,,0.4767221823003092,0.4758067138225453,0.4760159293408393,0.47655947474183946,0.4759901880250261,,,,0.47685693368671045,0.475287982196237,,0.4757048761000851,0.4760347493413381,0.47570149335426226,,0.4753070493594439,,0.47435115442952736,,0.47638484729608815,,,0.47753348188098127,,0.47573667387998436,,0.4758359029062942,0.4758269851558192,0.47577086068103697,0.4761848876782705,0.4763199052993398,0.47649020157456484,,0.47573841402801675,0.4755281553108207,0.47608231158978404,0.47590386902427284,,,0.4757174699742937,0.4760443488984,0.47723635251041024,0.4755753266897784,,0.4773864059396558,0.4753703171469557,,,0.47517308046507595,0.4753141521089264,0.47600183586367006,,,,,,,,,0.47725963544284067,0.4764620058036281,,0.47528843026560325,0.47572465788289564,,0.47551232477536864,,0.47719165733240143,0.47553756497665645,0.4775087287397468,0.4753449510071677,0.47527042939781305,0.478143172575923,0.47635847339722326,,,0.4773804431288935,0.4764736872102265,,0.4756473432877294,0.4763463988232263,,,0.4765644416762187,0.4767911414219528,0.4741160842020086,,,0.4746226539354987,,,,,,0.4752646923779948,0.4765005728705993,0.47704537998054636,,0.3616796548468169,0.36304820535251636,0.36298629957555806,0.41719896725146904,,0.4169029386609036,0.47820868751196066,0.47910733832627267,0.4784633264475017,0.4794078494217297,0.47749844300654015,0.47820265373592447
7,5,DG_10pct,20,Z07_F10,7,3PH,175040,181979,True,5646.561752261361,5611.399813741105,5691.994509427543,5717.019745535764,5713.171251535672,5763.848443723033,2.967086101604165,27.68662497297561,28.08471781015815,21.092303729389908,21.235067667415095,10.643454656200541,3.4700967510080827,38.32611301871411,35.91964731715902,0.0061918680632335995,2.6966607578609794,1.0165458467003596,5.365099624382992,7.071048031692279,0.6685882264070315,,,0.6717841998924171,0.6695060666624293,,0.5811144439165856,0.4674519160453575,0.4676517657921208,,0.4661015416923152,0.4716413963608559,0.4722060469589687,,0.4718092277212846,,0.47211337434829376,0.4717366058679046,,0.47141809396656176,0.46935603833955314,0.46703372233169826,0.46778027009559436,0.4685257031173832,,,,0.46279309370954563,0.4645817203595738,0.47055530463182915,0.4706949656669611,0.4694220493816035,0.47068471899223635,,,0.42495969874170175,0.4000566950650801,0.39948141202733856,0.40035429908921955,,,0.38984303686601396,0.39049881330283714,,0.3929582850781694,0.3909215862446577,0.39146277084306397,,,,0.3919044301376816,0.39238863533574597,,0.3912231786166364,,,0.39071780867771255,0.3842865373677101,0.38521885268473,0.3840063731311114,,,0.37498247627624726,,0.37343328855748337,0.3738471369863221,,0.3741182661786043,0.3739425052159095,0.3742631570650838,0.37435881778627567,0.3751328965563418,0.3735325102954936,0.37342038255298976,,0.3749668554503219,0.3743718254111413,0.3756714434495663,,,,0.3738925843152485,0.375178296490992,,0.3738264422318106,0.3366947327039849,0.3363398751856906,,0.03767550073789056,,,0.03761038094841122,0.03750730821880128,0.03749171870824031,0.03744894159214288,0.03785784030979865,0.03790093596675252,,,,0.037863366348492494,,,,0.03791062686148404,0.03788045753875687,0.037907195965322736,,0.03780296906070072,,,,0.037859002879252625,0.037841809239277144,0.03786877647718763,0.0377885761983781,0.03790799123525256,0.03796596445413868,0.03788689379248083,0.037817086950710475,,0.03785794362890598,,0.03787025939518051,,0.0378292679804214,,,,0.03776209310021943,0.03773554801364411,0.037754044824949345,,0.037786070719520365,,,0.03779356881456029,,,0.037689073242509884,0.03790660214093427,0.03788848467388095,0.03789611302956697,0.037760176432007464,0.03781848785069314,0.03784500137165596,0.03773895475028795,0.037871259520347186,0.03786329337221768,,,,0.037853538369621374,0.03788650513588088,,,0.03781258006245346,,0.037796011160148905,,0.03787758564059991,,0.03785343995406481,,0.037863129613261576,0.03779221072502202,,0.037877120438424595,,0.037948016684913856,,0.0378020088261877,0.03777737211701426,0.03784291835376071,0.03778419756547327,0.03783166800494632,,0.037890736930124236,0.03796624096147778,,0.03789209205557678,,0.03781919002289508,0.037838024225735435,,,,0.03783235719220633,0.03776558335075845,,0.037925446279895594,0.03782316125359607,0.03781384072660369,0.03787008462752941,0.037909425361493186,,0.03782840149924215,0.03794838295678805,,0.03777376223770505,,0.03787287466023613,0.0377599626923734,0.03784577627857019,,0.037800387955838385,0.037794893851665935,,0.03784176801792942,0.037876638952686545,,0.03776916155072808,,0.03774948348321987,,0.037770379926276264,0.037812007141370736,,,,0.03789975207977819,0.037851947784406086,,0.03773199196675926,,0.03781515797549598,0.03784618963989733,0.03787544300779909,0.037925500555929255,,0.037814973896377446,0.03781345304276311,,,0.03783457334383714,,,,,0.037739202424537474,,0.0376335969643319,0.037611530719822726,0.03768922069397293,0.037575803378094914,0.037666949792059805,0.03765233593312628,,0.037863883699847764,,0.037680445948697606,0.03782753785459392,0.037805427750897326,0.03776212719007231,0.03786966039456832,,0.03785773424978259,0.0378512351709857,0.037861872160427516,,,,0.03784869498383537,0.037882052127846594,0.037743835566417444,,,,,0.037779524527779274,,0.037802486596996206,0.037868457129385115,0.03774931365788237,,0.03776267887315938,0.03779404195828876,,0.03767529313977671,,0.037755187299700156,,,0.03776599252036816,0.03774968884685646,0.03782790433588113,0.03791480564719325,,0.03772698101123041,,0.03782659713471133,0.037808610413230234,0.037766119518047356,0.03769952768589593,,0.03783589598088594,0.03787012708563683,0.03780990997032067,0.0378914954339603,,0.037837077712014555,0.03787246602834753,,,0.0378750002464346,0.03774865652975271,0.037770186192577555,0.03798263810670447,0.037792537798181876,,0.037706366723471746,0.037831277334478663,0.03787000459178435,0.037810709170632326,,,0.03786781877623617,0.03773743512994941,0.03784079733052375,,0.03774862287008569,0.037767085144579104,0.03769426356801453,0.037841554553457495,,0.03776549451678413,,0.03773891003094433,0.03768469688212163,,0.03767073494097268,0.03779815942546977,0.037791241063058756,,0.03770689738865484,0.0377654961996295,0.037804279438143004,0.03767666101997914,,0.03777968967906473,,,0.03777946645623399,0.03770373700381174,0.037802882894476204,,0.03767139588046677,,,0.03780646275260211,,0.03773947692494941,,,0.03763490474152223,0.03768187393325446,0.03773985702264468,0.03775301842689746,,0.03778253443108749,0.03777318141191915,0.03775755441854447,0.03778079112292032,,,,,0.0378047182736792,0.037812232333973524,,,0.037795310310471564,,,,0.03778031941588209,0.037814671778685485,0.03771837524713123,0.037623133452876,0.03775945964950614,,,0.037771713018920315,0.037719590326755446,,0.037749321140252576,0.03772368170304174,0.037797994488230055,0.03769860456715502,0.03767545095491995,0.037689852456973975,0.037740559855434286,0.037729311952666475,0.037740404283320955,0.037711802390447365,0.037767004491236135,,,,0.03786439130542945,0.037905095695732076,0.037799607432182726,0.03770275092865992,0.037828016469872196,0.03785537474326525,7.900942692132148e-05,7.911745359027943e-05,,7.89908365643955e-05,,,7.897647796630516e-05,,7.923842021633207e-05,7.748940421285957e-05,7.755739759937487e-05,7.74800044763157e-05,7.763229867751202e-05,,,,0.03782327952612659,0.037763366068864254,0.0376382487250402,0.03766900939397594,0.03757720318935232,0.03670015994549547,0.03665943068811665,0.036774933008895304,,,,,,0.038060297853548385,0.0384646063271889,0.03846313973947788,,0.03872283364581427,0.03867980600938164,0.0386591805446472,0.03882361238370575,0.038954835801269176,,,0.038979001077392245,,,0.0387379534911346,,0.03921657823609057,0.03887997305041711,0.03895274013530227,,0.038912192969894725,,0.03877630941493947,0.038827596046148674,0.03907240079707578,0.03891304287769282,,,0.03888487170601265,,,,,0.03869281970839811,0.03897029641645016,0.039670104999949655,0.03961357386345245,,,0.03949403413275737,,0.03981209241861551,,0.039852014779933956,0.03975535061462744,0.03968390644509294,,0.039637439882428044,,,0.03969094011384152,,,0.039601767982589554,0.03950529204441229,0.03954266389227413,,,0.03953977843530914,0.03955694290026023,0.039535897296271806,0.03950665548976826,0.039481283919780494,0.039454854010159406,0.03945561889804385,0.03965847244815499,,,0.03952310783367838,0.03965774484896106,,0.03959380783879217,,0.03956965116399137,0.039613612908038554,0.03957077369085417,0.03969592238204402,0.03946716618949283,,,0.03959797779524528,,,0.039589877637811965,,,0.03963057242565645,,,,0.039537748606372235,0.039534362309538176,,0.039559181791228346,0.03970827553682393,0.03966527520042378,,,0.039642476441774446,,,0.039570543923468614,0.03958513626127064,,0.03962748156432977,,0.039559263771519686,,0.03966508362226922,0.03954557463557139,,0.03968446403372893,0.03950882138523959,0.07607878636995095,,0.07620515725818246,,0.07614577103099834,0.07611736354392312,0.0762383104661957,,0.07629527340732048,0.0761838269267034,0.07646904761424125,0.07624819850432303,,0.07626189050012748,0.07653477656078031,0.0763521694458494,0.07618646978575279,,0.07614909816920988,,,,,0.0761465260377777,0.07596397139055394,0.07653833890265764,0.07611010683925144,,0.07635053162839796,,0.07621291132675356,0.07646321789722832,0.0762780370803771,0.07635430718582835,0.07639130898817777,0.07622046845589996,,,,0.07635980576954289,0.07615396189562977,0.07630173972736465,0.07623525404774056,0.07620147623042951,,,,0.07608868042953135,0.07617645814110781,,0.07614468522862973,0.07582378699926841,,0.07617977211172541,0.07634739689604358,,0.07610761427758332,,0.07618488721376042,0.07631493909211193,0.0764044022417161,0.0762856700797013,0.07631359197342828,,,0.07543147545200572,0.07617275113936262,0.0760124959832815,,0.07633820848166614,0.07607122316380002,0.07625187068798593,,0.07635951618028289,0.07628323923415026,0.07626444010734956,0.07644372173070929,,0.07612530393276801,0.0762435662931176,,0.07636397620371801,0.07622134483707649,,,0.07638534419518227,,0.07605646717534269,0.07663759790591441,0.07628519839793792,,0.07644150426364822,,,,,,,,,0.07622687142408319,0.0763307736177771,0.07621683326147942,,0.07624752824380815,,0.07636029673306004,,0.07637990069998755,0.07642023468384032,,,0.0762303184113843,0.07599291961550121,0.07608030677255617,0.07637023194175574,0.07605169079206221,0.07621009026774521,0.07646511403623983,0.0762889940333167,0.07626192594635561,0.0760789742154045,0.07634376332066539,0.076188868543178,0.07637105991729358,0.07624923192267265,0.07615853113133526,0.076659104500397,,0.03778221854410065,0.037869570458753256,,0.03787985066825157,0.03785424184852457,,,0.4086497729148628,,0.4085504556948613,0.03933750372621319,,0.46931591941576684,,0.469612036292703,0.46870475384150323,0.4697856116910425,,0.46913603230189077,0.47027580178765266,,,,0.46970532696753575,,,,0.4696925813431215,0.46926098111290654,0.4699620131078925,,0.47000187788278436,0.470376884628868,,0.47016525286073374,0.47027858426308117,0.4689398213051297,0.4693251264218585,0.46941918688086903,0.46895227919627136,0.47002098643831675,,,,0.4697498187389709,,0.46950177458230746,,0.4691545822650995,,,0.46997084979574055,,0.4695886985815314,0.46776208510059014,0.4690719016971136,0.46788606791359344,0.4697840026165787,0.4708948211847958,0.4689593498745887,0.4704821862090171,0.4697051661226849,,0.47012023864569014,,,0.46933877469019253,,0.4695227734813337,,,0.4707442779339072,0.47061293604297244,0.4683271546767821,,,,0.4704377556644701,,,,,,0.46935461696364816,,0.4691695613003769,,0.4693453531439958,0.4693140834264613,,0.4692990767784871,0.4690388218059113,0.4682045762515401,,0.4690604129676155,0.4674286987198012,,0.46904726836202243,0.4696443785699927,,,,,,0.4699524205874606,0.46941063067096933,,,0.46781094321989014,,0.46876576941831793,,,,,0.4692689773631819,,0.4706391899534606,,0.4693489529736035,,0.46858454100216407,0.4699856759528364,,0.4704371205900137,,0.4692138382542493,,,,0.46963421561116053,0.47034815118890216,,0.4693622312383309,,0.4706232681965043,,,,,0.467544150610403,,0.46965568117067275,0.46874946302737547,0.4692217545341055,0.47016335540378945,,0.46882944834867385,0.470196693737666,0.47131467176909186,,,,0.4691248486497993,0.4693015840279504,0.46968091470351264,0.4686490074898008,0.46944570267161023,,0.4693389967341909,0.46929689573814837,0.4682029029971011,0.46890611401108084,0.4688407448042815,,0.46848954353952105,0.46969021993516497,,,,,0.4697821926748072,,0.4691987165205853,,0.46794775761873536,0.4689821412319007,,0.4690628214664594,,0.3556555642115536,,0.41063717077751427,0.41002064056482396,,0.47242967272436437,0.47153161756490125,0.47308036517596747,0.47214576294532085,,0.471871389840331
7,5,DG_10pct,20,Z07_F11,7,3PH,175040,181979,True,5628.280532736822,5622.713875989216,5646.583127308955,5707.951558757657,5712.125707328773,5771.458257192752,2.969986114729882,27.726488175451607,28.050789810528094,21.064698845829874,21.3618826216186,10.533072328725842,3.4769199135383086,38.337052952319915,35.927279143417124,0.006168437498530096,2.668785277529453,1.0183969135961095,5.330854864985876,7.03840797003543,0.669783093306308,0.6692608347128913,0.6668935175510805,0.6709093225662343,0.6731615608384867,0.6665674390697063,,,0.4681092200217595,0.46830007138210217,,0.4724809172158781,,0.47232273919493,0.4735607635461368,0.4729447699454104,0.4716000224033734,0.4715897702939848,0.47213489515964396,0.4708838609855107,0.46625835652034625,,,0.4687968387969085,0.46919044411732486,0.46811053125732643,0.46285277783145834,,,0.46966743634726976,,0.4681748995773472,0.4691454546407145,,,0.4264645602323806,0.3995668988465981,,0.40011762421521796,0.39057395756365737,,0.3893078799244346,0.39126063826462837,0.39130998988050875,,,0.3915882609671412,0.3911099278775792,0.39231585629777305,,0.3907375186993968,0.39180720573111744,0.39222988111560364,0.3926652994654735,0.39106350546473284,0.3927486848450142,,0.38357358559536575,0.38380349082999327,,0.38574093007092625,,,,,,,0.3744428326017639,,,,,0.37366586953148506,,0.37440904220914645,0.37430216937987665,0.3750129836671985,0.37429402010836943,0.3751920305908695,0.37453855003336495,,,0.3744641549046666,0.3744275732754663,0.37320908922061224,0.3356177067223202,0.33591256702231803,0.3357536574410513,,0.0374358848132323,0.03748088101265431,,,0.03742830378193814,0.037418450843955176,0.03772437518322574,0.037827846681379,,,0.037850551598867826,0.03792201035412457,0.037897664240868885,,,0.03789297540122116,,0.03782181206991473,,0.0378137129487977,0.03783898783742148,,0.03779219223682853,,,,,,,,0.037876172382887055,,,,0.037826309015655396,0.037866134436015365,0.03785074253753281,0.037940755730591934,0.03794659771163214,,0.03779648481862483,0.03778993843870923,,,0.037816369005488015,0.03791709668831103,0.037892788878309186,,,0.037997689708479394,,,0.037935459207430196,0.037802263627470696,,0.03771544566134079,0.0379443061441661,0.037892442153306505,0.037873716624744556,0.037833876012994844,0.037708347888016934,,0.037979781276491,0.037950319650028,0.03792969212746918,0.03790958448731244,,,0.03782866853535031,0.03778426752817376,0.037817912417283134,,0.03787114098938689,0.037882490743776406,0.03777785400311879,,,0.0378039579553286,0.03782303880085242,,0.037895898997192534,0.03785967926362618,,0.03784730226477311,,,,0.037791460115770246,0.037849138730907714,0.03779480691800975,,0.03783808372426859,,0.037861075655723365,0.03782130501338267,,0.037808353197350014,0.037770327413019424,,0.037971931299772145,0.03790258733737978,0.03777074487390129,,0.037925769642675924,0.03786688197130148,0.03785251819496179,0.03776889661687131,0.03785920355406505,0.037867449003249676,0.03778884919334667,0.03801196550628766,,,,0.037844700865235927,0.03786883313745766,0.037739857935342055,,0.0377712527025195,0.03767347543945846,0.03775067265818763,0.03782262108912734,,0.03781739208407764,0.0378125394220787,0.03777724390842381,0.03777675126005039,0.037908528133153305,,0.03795473630751079,0.0379425259292006,0.03788701571518138,,0.03784485339276419,,0.037812619142456906,,0.03784683969139698,,0.03790979562179216,0.03790337098696023,0.037745862917576874,,,0.037783833794471505,0.03783149509035808,0.0377856103389957,,,0.03656188971593201,0.037763921557061604,,0.037648371616877625,0.03761656587397779,0.03761141077439405,0.037561825435559054,,0.03763790533923278,,0.03776048561816617,0.03776243956647076,0.03772632432594916,0.037843479719944915,,,0.03787989017414463,0.03786150328439103,,0.03767648136826566,0.03785769555528346,0.03774997991636991,0.03778218603481716,0.037687804752209356,,0.037821659737125084,0.037826819838637435,0.03785487542314838,0.037749343060208836,0.03779436840898084,,0.037885105444755054,,0.037766435682891106,,0.037612944908514606,0.03775719544390197,0.03774006023528271,,,,0.03783062048823406,,0.037738811848996405,,0.03778708102702286,,0.03783999756542815,,,,0.03794033970609295,0.037898804393013664,0.037824839964208684,,0.03783526525703322,,0.03792965708238212,0.03788535421374853,0.037855200416795555,0.03787634360164718,0.03786691512570106,,,0.03773895035151056,0.037799235901841824,0.03783111275919085,,0.0377553176486557,,0.03785993388059309,0.037791023016723664,,,,,0.03775287579004226,,,,0.03782221847594971,0.037814170041232414,0.03774277168871827,0.03776553698756176,0.03782469233652181,,0.03786421859118224,0.03774947901357454,0.03773362874915153,0.03776448842748136,,0.03778867817390749,0.037873246438268816,0.03779061967725939,0.03770073417186314,0.037777296325808764,0.03767509244720366,0.037769954745526545,,0.037716904465782554,,0.0378145811490764,0.03784385768778526,0.0377024433061049,,0.037665032030642046,0.03767623726791648,0.03772392888506251,0.03772398750375411,,0.037750011185084545,,0.03769131200793066,0.03774025374495659,0.0376613991424731,0.03763479385161862,,0.03770241386299224,,0.037803448609402907,0.037731431775437224,0.03772769559916172,,,,,0.037909219924008815,0.03766040928725588,,0.03784076948588188,0.037709142774926194,,0.037735228494234635,,0.03765804991590972,0.03784912238585908,0.03767635188360514,0.037825028931819,,0.037787698263572506,0.037723003214077164,0.037825315383943466,,,0.03779729630891237,,0.03771125020677511,0.037758365876861835,,0.03776136730769205,,,0.037789907283503905,0.037870175299423325,,0.03769166883414594,0.03767256682824465,,0.03791505213117052,0.037779525594068955,,,0.0378239959492943,0.037691746321653015,0.037729444386763906,,,7.925330267708679e-05,,7.928336187338338e-05,7.906282084460581e-05,,7.901993372727783e-05,7.9053244262471e-05,,7.88868793061131e-05,7.749072573129249e-05,7.743437973123026e-05,,,,7.780616629622857e-05,0.037815093319672734,,0.03771574542677317,,,,,0.036616493094777894,0.036690390351580476,,,0.03566941492112647,0.0380871501913226,0.037983940117061826,0.0379406507551228,0.03854353987335079,0.03859289895474209,,,,,,0.038889350830511864,,,0.03891352154432444,0.03891635658205076,0.03883723761945028,0.038932520099150075,0.039143873860289204,0.03912033466029423,0.03883888803959405,0.038868662803464536,,0.03892461173366961,0.03886070782651388,,,0.03884088109291819,0.03882783213675543,0.0388900840466861,0.03883842793224235,0.03889134471561437,0.03891299086925167,0.03877236845592803,0.03884592731307972,,0.03886228700431123,,0.03955132115590648,0.03961209230408477,,0.03966683828977152,0.03957320095042125,0.0391842111337162,,,0.03980444568219102,0.03974794110897367,,,0.039699584591907144,0.03974684563905289,,0.03977443447697176,,0.03980997496456881,0.03963565335036191,0.03970012376955599,,0.03966589941046161,0.0395948292479109,0.03964389235759464,,0.03963595106312673,,0.03968509081785072,0.039543366491161955,0.03973144187400617,0.03965110398783859,0.039705292557920234,0.0396415523198188,,,,0.03963614567628521,,,,0.03962162094263922,0.03966719300376941,0.03957623285961817,0.039614971990052775,0.03961842985381082,0.039582301252953804,0.03965136894441794,,,,,,,,,,,0.039581163907011746,,0.03965015033514366,,,0.03956382614427861,,,,,,,,0.03964262827248124,,0.039650665043527496,,0.03963265446777447,0.039692450990003986,0.039599838697595736,0.03953366765341272,0.07593658378722494,0.07637840954790429,0.0762499584243927,0.07637724667248114,,0.0764135846539472,0.07611273770791828,,0.07624849443263962,0.07623728691248105,0.07635507806159116,0.07628402154565896,,,,0.07662562214165654,,0.07616146404337507,,,,0.07627963750917004,0.07627632066886106,0.0764563173956192,0.07618080748719196,0.07613330548110343,0.07615643036515057,,0.07617547082927797,,0.07648225831772289,,0.07629120079337952,,0.07641133218478396,0.07657976674432522,0.07627212470260827,,0.07647283099614144,0.07627422030663523,,0.07629149507516564,0.07607336630020968,,,,,0.07600452723927584,0.07626658166470593,,0.07630261009959878,0.07612295512914119,0.07624004732062753,0.07623651776767441,,,0.07602612782908857,0.07631448854012987,0.07637172241900166,0.07622926246752432,0.07654087417364758,0.07620574858482178,,,,0.07519199477053162,,0.07621858222416955,0.07630174971236928,0.07612795939143466,0.0763096019052075,0.07627664504422299,,,0.0761457464134059,0.07643617797633417,,0.0761524890117846,0.07630190403615174,0.07635573798051663,,0.07612561700177563,0.07642559564002901,0.07631852172122369,0.07615869810312186,0.0763212810240316,,,0.07634690560107016,0.0765577777997464,,,,0.07629129960619617,0.0762646675657983,0.07630477344920435,0.07604775763117297,0.076424547257924,0.07617396475710254,,0.07633708155472463,,0.07635682095370067,0.07627121277190038,,0.07630229597908651,,0.07627255983868887,0.0766897647641488,,0.07632152062268777,0.0762395209861212,,0.07634235427494056,0.07609329241745186,0.07645070465121787,,0.07596856411172773,0.07624338168063818,0.07601937209837209,0.07649715434971659,0.07631755900975136,0.07650000111422853,0.07622767264654695,0.07636503446156961,0.07630012061913065,,0.0763019113395384,0.03789647727707708,0.03800669020373363,,,,,0.40999936582822166,,,,0.4078033242420972,0.03938772734081043,,,0.46845886555699473,,,0.4692111256318638,0.4703546045269901,0.46758752115467883,,0.4691790434535524,,,,0.47113091710832905,,0.4700236179015901,,0.46983348978639916,0.4689127269527453,0.46939105806761033,0.46986193128811177,0.4707575180684081,0.4699579795142685,0.4698650404461601,,0.46897422366711333,0.47044956008813593,,0.4695480596339806,0.4692639019343384,0.46893492765656214,,,0.468595134269887,0.4701982210333086,0.46871029374284556,0.47026236877264155,0.469393240367429,0.4691415295670473,,,,0.4693818987358399,0.4686537629358371,,0.46866710972734354,0.46879554470522883,,,0.46902322303972865,0.46859161128495724,,0.4697419117485935,0.469845698687633,0.4693354618632241,0.47044209532194026,,0.47038147684359155,0.46978189950141247,0.4682167931816127,,0.4689241878305726,,0.46970015173820406,,,0.4697516358788413,,0.4696489952005126,0.4690314424769915,0.46943564864129583,0.46852736427272523,0.4697832480482554,,0.46981318183711224,0.4682856046611023,,0.4701970482930053,,,,0.46918958343065736,,0.4700295322742573,,,0.4694404098078347,,0.46946364026329973,0.47036196927657775,0.4704431135709743,,0.46865893299544026,,0.46957275684026056,0.46982769087579146,0.46905233006435104,0.46901068068615187,0.46865080955599386,0.47077382049417754,,0.46851549327232533,0.46817260229761126,0.4699028425639456,0.4689743386519131,,,0.4683926944586223,0.4668723120477775,0.46890293768673436,,,,,,0.46952654872626526,0.4713171046962367,,0.46886460376345934,0.46973633989184466,,0.4691098824425006,0.4682365034968681,0.4692515833812947,0.4679076355074619,,0.4710770087958658,,0.46886926942421187,0.46916045854637345,,,0.4684676350524386,,0.4693058301346737,,0.4691110814250747,,0.47076485686481007,,0.4692465397345292,,,,0.4682732397141105,0.46991660863560586,,,,,0.4698455680708044,0.469727809272642,,,0.4711698799153073,0.4683909347284612,,,0.46971028966803535,,,,0.47000305609259463,0.46830401836318153,,0.4693914339814283,0.4690212426171772,0.46894232142275827,,,,0.41004519829625174,0.41036960607414397,0.40966752099098674,0.47147179184323024,,0.4715035103854117,0.4723503562008862,0.47274453019897017,0.47341400120692817
7,5,DG_10pct,20,Z07_F12,7,3PH,175034,181969,True,5792.7188433843985,5762.7852020996825,5840.127064966826,5893.651902432892,5891.17593027406,5878.482373957708,0.4359416907716634,4.067991634830277,4.150047250631998,3.1131785637590337,3.116795866898732,1.550223147349944,0.511039198886125,36.62687630196529,34.3841271384287,0.006316613003354092,0.39420878457766845,0.14872125123950103,0.7867346362694133,1.0358800472062601,0.6576332271125834,0.6572205939581133,,,0.6603522064587397,0.6608434058748097,0.5677432733211865,,0.44893568672832457,0.44872228618323745,,,,,,0.4532662917719024,,0.4529640454686344,,,,0.4493934416891693,0.4481060630950287,,,,0.4462453040217891,,,,0.4505291434192233,,,,0.4494524874827693,0.4039366868645383,,0.3799386387331797,0.37905207804885693,,,,0.3709087753473259,,0.3697495815531001,0.37041767674211473,,0.3706328232655796,0.37018156636797617,0.37026196652557497,0.36970981107066947,0.37065263634213635,0.37048293991105263,0.3701196680773828,,,,0.3617903465112259,0.36365069495017344,0.3636332900707026,,0.3525496593689838,,0.35174382927271736,,0.35184881163629167,0.3524289649101418,0.35213840127196905,,,0.3522758573096277,,0.351601208531267,0.35225509776269126,0.3517955717828855,,0.35283835359824595,0.35125084207269547,0.35279448273756225,,,0.3522847795597431,0.3519486058740464,0.3526374050467474,,0.3121932138098139,0.3121407887160275,0.31261398560330766,,,,0.005510105455519025,,,,0.00556438632182977,,0.005552368432799211,0.005551437920016966,0.005571128138442583,0.005554479808472703,,,0.00557160515938361,,,0.005570482712741287,0.005547533230174027,0.005556543975314829,,0.005563890456716882,0.005559559767276922,,,0.005557739780094248,,0.005558429710444793,0.005547948945073492,0.005569821424198129,0.005555727764707316,,0.005583914414793083,0.005583379274031032,,,0.005556732953390151,,,0.0055612969739178165,0.005553405425107513,,0.00556637528115418,,,0.005562492457148367,,,,,0.0055439000202918455,,0.005557524795849497,0.005570476451858529,0.0055691936277336585,,0.005554835477795012,,,0.005564446906147809,0.005580435051724419,,,,,0.005563636638873948,,0.0055733345109655625,,0.005566017621441591,0.005552050810097883,,0.005559116355465673,0.005558772544067049,,0.005554881074383302,,0.005557035069725167,0.005554202013943862,0.005561658409013252,0.005556795411273103,,0.005577510869061616,0.00556724518630703,0.005556142664447308,0.005574528910056764,0.005568032094425841,0.005573431566940305,0.005563279718414216,0.005576906202210584,0.005567817120287766,0.0055739755071281955,0.0055591434131959175,0.005559451662450679,,0.005578819233934766,,0.005563001634717504,0.005535963780643887,0.005569771539260178,,0.00557000884066468,0.005560672763567432,,,0.005576948405791829,0.005562413787292705,0.005565852969383592,0.0055768271088618435,0.005569004051686423,,0.005573550035503745,0.005555257537081616,0.00556491137289566,,,0.005552052591900816,0.005542921623401604,0.005553477069538149,0.005549669792186161,0.005569601202482277,,0.00555992958820631,0.005566342480957222,0.00555528093950386,0.00556292733266506,,0.005559089799650746,,0.00556556109948549,0.005564552233972014,0.005565837930923756,0.005549334150982627,,0.005565182508883067,,,,0.005563056535551341,0.005562819090603108,,0.005569325712890141,0.005551085372870484,,0.005560641118268628,,,0.00537129329089721,0.005380122250000589,0.005374422718439777,,,0.005548105273842994,,0.005546984973368398,0.005528760155119399,,0.005509678410783798,0.005563433083235494,,,0.0055684048869446496,0.005561863351455163,0.0055599248209104125,0.005568026787057357,0.005560822526335069,,,,0.005548256404588711,,,0.005554601586595552,0.005552133297711312,0.005549890799601719,0.0055660173427904405,0.0055558169213308,0.005547691159952181,,0.005550016777765785,,0.005555030351273581,0.005567156836136876,0.00556333822357406,,0.005548475688614238,0.005554313634369846,,0.005553030174816509,0.005563373587146886,,,,0.005556503713086799,0.0055395204650418835,0.005545903804049212,0.00553724280076703,,0.00556123665009271,,0.005551463237044712,,,,0.0055560491518776125,0.00554191703530904,,0.0055594746330532765,0.005551264313048255,0.0055626834575640315,,,0.005558560367226584,,0.005575388851540272,,,,0.005558321469571261,0.005555936051616067,,0.005546276133375507,0.005559949519177441,0.005566488230784849,0.0055510993542152295,0.005564250687025344,,0.005547222881326525,,,,0.005553931295597292,0.005570498500110396,0.005548493414638353,0.005563477358435316,0.0055600735589795185,,,0.005560752022634785,0.005561044530130968,0.005544485793048305,0.005558579566651932,,,0.0055362867025705595,,0.005557639297415911,0.005550626322226244,0.005546713068554657,,,,,0.0055587037988951045,,,,,0.005547133534632549,,,0.005550600635151534,0.005560352085776981,,0.005546202959084073,0.005553108730079605,0.005540074185569973,0.005580919562359775,0.00554613570924976,,0.0055604982115787325,,0.005562637841119327,0.005551209346242323,0.005574151123886806,,0.005552797102828352,0.00555324983130263,,0.005564940009363781,0.005561646956001568,0.005557196327336466,0.005556132627165739,,,0.005556144007742701,,0.0055442425153364155,0.00554684972287014,,0.005557411253501152,,0.005555784687240455,0.005543949811195944,0.005551663873373182,0.005547667116038821,0.005567056171227456,0.005553190614135059,,0.005551761820939953,0.005558398037554956,0.005551625979665741,,,,,,0.005553191600029246,0.005543429774784276,,,0.005567632088372024,0.005542361947964375,0.005566042103518534,,,,8.100541914899885e-05,,,8.136593435240047e-05,8.129670006469372e-05,8.132472289449075e-05,8.095527722262294e-05,8.09822814133773e-05,,7.956297549861748e-05,,,7.958490861629917e-05,7.963729454554579e-05,,0.005563719346235807,0.005550383141132929,0.005520930557706165,0.005525652383344399,0.005526516453792286,,,0.00538274973081845,0.0052425500834520035,0.0052326946031206936,,,0.005579107368285425,0.0055723262451820976,0.005675584189547037,,0.005656618739803031,,,0.005696066600669394,0.00570957414753601,,,,0.005701531345281987,,,0.005723710304063666,0.005757546412974843,,0.0057065712294184605,,0.005723569963178112,0.005717653464786974,0.005715754518810365,0.005727882506414787,0.005712907000782952,0.005731892235497394,0.005718328392751034,,0.0057293223409864485,0.005705689318574161,0.005723121005496074,,,0.005715669273523951,0.005723079316106353,,0.005800703583994941,0.005821253444002085,,,,0.005776411696102583,0.005843462275341743,,0.005849196627330455,,,0.005827824248282628,0.005853785541134461,0.00582995394131712,,,0.0058394164188373225,0.005842644169448716,0.005840733474018663,0.005798554052229616,0.005801058681859275,,,,0.005823775314217332,,0.005806707533468929,0.005823952408811246,0.00581700570242761,0.005832507785759893,0.0058077005568211125,,0.005811409718473861,0.005824545210411617,0.005815861643122284,,,,,0.005801653237950731,0.005816478261882044,0.005800594253757512,0.005815457325838652,0.005815377706812819,,0.005816023374425545,,0.005808748164641577,0.005826322424838437,0.0058085531316840605,0.005822306161201801,,,0.005815588937531763,0.005826382323693755,,,0.005825230429522771,,,0.005820445559959258,,,,,,,,0.005827322114602379,0.0058272938840585094,0.0058243615943545475,,0.00583686797139512,,,0.00583250029486474,0.005810718398871049,,,0.0508254492450841,,0.05101282977874401,,,0.050997147779866844,,0.05089113939967961,0.05094582172374877,,,0.05090679175878139,0.05105752820419225,0.051125700782371664,,0.05107379752310673,0.050984898071999955,,0.05097510448728309,,,0.050997309310180636,,0.05099894807275836,,,0.05094938712302088,0.05082378202899345,0.05099540291178553,0.050866700797201236,0.05099364701110911,0.05127548239259225,0.051032601171209654,0.05096473088284145,0.05107115744853146,0.051021450438282046,,0.05108827952856037,0.05090045212023546,0.05099337808495172,0.05106241614732893,,0.05113083679114924,0.05087415582423247,0.050824265924797336,0.050816429854726924,0.05091055920586651,,0.050910192650528,0.0509292299025765,0.05093427323036669,0.051007599498345026,,,,0.05085025469441165,,0.051066959343272725,,,,0.050951578348565146,,0.051022293491592416,,,,0.05095550223121691,0.051098316981190155,0.05081151085712387,,0.05109381833229437,,0.050938711903318695,,0.05109342795262399,,0.0510543426871648,0.050900943696090356,,0.05107813375143919,,0.05108203298773398,0.051007027376136084,,,,0.05107330801912699,0.051079141087158116,0.05107124321881169,0.051163354095244626,,0.05106434323698392,,,0.050994948393627615,0.051066142121756614,,0.05101605561464185,0.050970886352145785,,0.05104704540713596,,0.0509257013444058,0.051005097207146494,,0.050944572828078974,0.05091967523153889,0.050931456717694924,,,,,0.05097806503202593,0.05102757838670698,0.05092469546638185,0.05082158620136507,,,0.05102582103600965,,0.050981108944623585,,,,0.05105217938468773,0.0510568411577091,0.0055742226003925146,0.005566511278244518,0.005563355672183056,,0.005558529109920765,0.005578452575750326,0.3908511029948402,0.4794049908402395,0.3868926015907628,0.3875942290908304,0.38898428877826935,0.005800293920919169,,0.450391464253029,,,,,0.45187900402035885,0.45046752944460483,0.45145707436005006,0.4498413666343717,0.452190291162855,,,0.4508224485364105,,,0.4515744559210377,,0.4512155744881798,0.4504120692848329,,0.4501535615197954,0.450435861095716,,0.45182371736634436,0.45114235180645096,0.45100368670887236,0.4505646874730495,,,,,0.4511599434549528,,0.4518023898930861,0.44905143761330746,0.45140922696576496,0.45288230852764993,,0.4520997340828734,0.45073711613418077,0.4503242521756223,0.45071013220541495,0.45012170700118587,0.4513424017265154,,0.4517783516117113,0.45062010525779406,,,0.45142103522846333,,0.45019777121853544,0.45203712413922315,,,,0.45266513751210063,,,0.4509992687385665,,0.44919494075252336,0.45037685988713755,,0.44988558993808603,0.4513855244251564,,0.4509975640243645,,0.4499347504366248,,0.4505513471995366,,,,0.4507751594738145,0.45207580561792693,,,0.45229573241918436,0.4496984111000527,0.45039259143660837,0.4502385718207684,0.44966579362957276,,,0.45165201042834285,0.4514780042721908,0.44989361209639944,,0.4504725370769095,0.45014656033886835,,0.4501215643171058,0.45024853092520767,,0.45052704968554463,0.4493769575386008,,,,,0.4523686512878102,,0.45182253543460044,0.45122317136383994,0.4499462299228671,0.45092767815178403,,0.4515100202196089,0.4508317907984073,,0.4512536866931226,,0.4497475195650788,0.451021162519934,0.45019714178642606,0.45149818773093364,,0.4508803165453874,0.45063271383766806,,0.4504500465445872,0.45025721223205556,0.45062022861937145,,0.44979929062481216,,,0.45027126562150926,0.4520584311086096,,0.4511382325119403,0.4502471643499161,0.45167828859659803,,0.45022427829168904,,0.44981197728111916,0.4505723696689187,0.45030502893636093,0.45214532341269664,0.4494079590082701,,,0.45051523556022793,0.4507216171551592,0.4504326740993457,,0.4509439700090078,0.45146206469985584,,0.4504607017365484,,,,,0.45079312917306613,0.4524239447870466,,,,,0.4490390563586202,0.45111827967989315,,0.4502369200717793,0.3319275767225932,,,0.3898991938630996,0.38891934651042465,,0.4537391488431571,0.45246040436141655,,,,0.45307491599284777
7,5,DG_10pct,20,Z08_F01,8,SLG_A,255471,255418,True,4694.831033949646,4681.866668669503,4736.9594104046955,4946.153967255812,4907.553448369609,217.05347723070213,6357.87524636749,1156.9978495185612,1178.4459965519534,831.7356511910557,837.5942190709226,397.6837984175791,127.59605450523576,110.38505521750994,109.28640513682254,216.55095766366165,208.66448153825547,26.09192253735054,408.0391930644628,350.1860181444626,,0.7314592817429344,,0.7179522927268935,0.8477102574079309,0.9472613826523881,0.8368217330976168,0.5883218479237805,0.586651590889506,0.5865259186736245,0.8256589513127803,0.5111580415415594,0.5127523720460002,0.512229162247846,,0.8380430378712964,,0.9326966924100646,0.931841369442639,,,,,,0.5881537505231781,,0.5834889276729774,,0.5821715394230444,0.5895237108970911,0.5897245826826475,,,,,,,0.5629902275047131,0.5641100865166716,0.5608637653408173,0.5624962536461766,0.5600201583039417,,0.562957631245668,,,,,0.5622616393057691,,,0.5622751979300127,0.5633796774235739,0.5630035230404508,0.5623495875108584,0.5637457783926154,,0.41908371226680274,,0.8467697842045296,0.9259265287235622,0.40810050682459376,,0.408398225209302,,0.40806894199422844,,0.40740489005727304,,,0.4068818966514078,,0.40558786011338405,0.4073051144432889,0.4076128888267932,0.406753249306022,,0.4072930531680987,0.4070910553308451,0.4071741891536141,,0.4069923214000929,0.4093361289057604,0.40619142137712255,0.4067764143281649,0.5236196004391096,0.5219344197380881,,,0.5196498692482554,0.5217326060896529,0.5211065410017828,0.5203080735834639,,0.5202300485835186,0.046045146938978605,0.04602421417324351,0.04612820894509663,0.046202425759808194,,,,0.04608986059736005,,,,0.046187544231857385,0.046081442675856746,0.04618369267148244,,0.04609459426574593,,0.046103296403309506,0.04614407866232625,,,0.04600284196356088,0.04607110958863526,0.04608945044554097,,,0.046106240105386054,,,0.04609161559420611,0.046204448398509505,,0.04615379637023618,,0.046008230184133275,0.046077409527856196,,0.0461261681854261,,0.04599329123428089,0.04608349876305488,0.04607534506466922,,,0.8968453135613854,0.8949223022253142,0.894504081676213,,0.8967790366292823,,0.8955425339265545,0.8969296503013678,0.8967943535700501,0.8935545151081519,0.8965205045691965,,0.8961961513358372,,,0.896519149138219,,,0.893972544754428,0.8952918756780406,0.8940139859236461,0.8951114548856615,0.8983581919174409,0.8939266079610221,,,,0.8950867045972004,0.8933311904874567,,0.8952738027650994,,0.8955938100031816,0.8959013247403013,0.8956454273404015,0.8930812586249169,0.8943795386162157,,,,,0.8964763579010049,,0.89633110253113,0.9351971395608658,0.9336338329604372,0.9331164514073603,0.9336248763830997,0.93246796068911,0.9342513264682565,0.9329413521092635,0.9370517927437669,,,0.9331948186709237,0.9378116842840389,,0.9363653801031513,0.9383809543548187,0.932433199693424,0.9360760024974166,,0.9342079349552095,0.935657475813156,,0.9359670916710018,0.9337990939111144,,,0.9339124028813368,0.9342084613066577,0.9352596874618685,,0.93407286729165,0.9346889108098811,0.9357576372234327,0.9328530554297056,0.9343446231155114,,,,0.9333450475683999,,,0.9351631266461833,,,,0.9344444317724595,0.9325656514204571,,0.9375537484349992,,,,,0.9290908507062621,,,0.5061131503732931,0.024131535356114654,,0.5246241532421001,0.5236996004055449,,0.5238537933255595,0.5232791396516132,,0.07030503214062166,0.07032664692324593,,0.07035341314788943,,0.07035360632639352,0.07025354775007724,0.0702118098958598,0.07029129013056437,,0.07043366914161056,0.07013613413323026,0.07034489568734467,0.07026415168146677,,0.07045757368508208,0.07027423858164121,0.07025591550027906,0.07036225250953491,,,,,0.07048165783300916,0.07036391076163599,0.07039699237218543,0.07057259141660649,0.0703418034599998,,0.07014496791889265,0.07059041302345972,0.07034647487653924,0.07030632608209866,,,0.07036059158794826,0.07019622416592455,,,0.07031277615587028,0.037998861336209666,0.03791417846338739,,,0.03803994528480334,,,0.03794992728536492,,0.0380989939113465,0.03799464039258005,0.03806804541357604,0.038080766473932715,,0.03807726949021226,0.03810141108123319,0.03804125196249932,0.03801258872179995,0.03795080130591293,0.037932945382178014,0.03808259370990883,0.03796695695951604,0.03792352756936315,0.03799584042638121,,,,0.037896276959813256,0.0380715741844707,,0.037917583872237495,0.038028269492033424,0.9070430119688034,0.9065568835072355,,,0.905384618644105,0.9048456809783836,0.9055063889738459,0.9065235021287615,,,,0.9072578746550926,0.9062958717879449,0.9062512242780211,0.9096523354104247,0.907670822900438,0.9082004935159885,0.9068232187213022,0.9082850270857823,0.9037002654794912,,,0.9080204220542024,,0.9089280375459428,0.9044389779068973,0.9028758117822386,0.9044794896220971,0.902276351230184,0.9037735777075206,,,,0.9058531761569711,0.9041754691564267,0.9049799028016043,0.9049304960328286,0.9033924833169437,0.9065219646842422,,0.9069955136547464,,0.9054074693831238,0.9052715811872187,0.9074727544321916,,0.9040843003833158,,0.9033946226531813,,,,,,,0.9081209483612335,,0.9085860126081835,0.9076603040863354,0.9084151297912376,0.9061142679358825,,,0.9072649920327032,0.9078103848136229,,,0.9084187350888716,0.9091691809148914,,0.910637722487181,,,0.9086902275398205,,0.907381737995385,,,,0.9061671678681831,0.9090222124560464,0.9084722976017876,,0.9076162002886977,,,0.9438120552757591,0.94108476130538,,0.9438247464759759,0.09062733101304439,0.09034315199959694,,0.09061900419988132,0.09045543148613344,,0.5279790047830976,,0.528641632369222,0.5280026936873902,0.5289181695282997,0.046517619567342676,,0.8967127930165841,,,,0.5078983245508268,0.5110253156057772,0.5101757414684467,0.4982686495205824,0.49692977010144146,0.49744660892301,0.10085334585617246,0.9170109776404451,0.8863392059097579,,,0.8862519060929914,0.13202874108226553,,0.8878112486254844,0.9382129495950579,0.9387768113168912,0.9408274432220689,0.9411671140118428,0.9423786707599409,0.13978393843153622,0.9393759512517624,,0.9486971406873467,0.9478145685338775,0.5398507212017953,,0.540726820256065,0.5395246480357957,0.5407893813499152,,0.5416658915540769,0.5409352604402843,0.5414288286658381,0.5435619870715647,0.5414240029321795,,0.5419423507652072,0.5412835093412107,0.542728564624654,,0.5418329220893495,,,,0.8916163753065308,,0.8902017769132775,0.8889558009545332,,,0.17519007366875644,,0.9638903048829119,0.9597607263233039,0.9626402522396549,0.959779578364236,,0.8945030866928464,0.8924586261216751,,,,,0.551002595182538,,0.5514118642069477,0.552012113857227,,0.5517022854464932,0.5507491452513605,0.551936168798746,,0.5505437652365816,,0.5522684298564389,0.5528629414318583,,0.5514773504707225,,,0.5509080240870378,0.551400578105745,,,0.5497636114652938,,,,0.5516840055691635,0.5497583900701728,0.5522802730400602,0.5510805818581906,0.551000979742312,0.550319916625967,,0.5512182007499021,0.5518453875074769,0.5539367880980283,0.5512340236355798,0.5519002651656907,,0.553386140758641,0.5526865887644995,0.5520338559717706,,0.5506353940573636,0.55280614054918,,0.5511337922430318,,0.5524342331589576,0.5511594028394572,0.5522783719736694,,,0.5516428187153519,,,,,0.9360241820644447,0.9349900013081275,,,0.9377946974312231,0.9349086255210315,0.9348656184024726,0.9347426010575387,,0.9358685380733046,0.9358717668490263,0.9343627288818948,0.14059154714339384,0.14040680859407442,,,0.14048614778215474,0.14066721461840967,0.1399961581652761,,0.14048196294468537,0.1405341350914305,0.1402191727408236,,0.14035628332832423,0.13998690363932192,0.14035563099288625,0.140314789660302,0.14047788141757178,,0.14017794526828614,0.9382406676048242,,,,,,0.9394227385791883,,,0.901826523637771,0.9016831788189876,0.8985577102776898,,0.900617235614258,0.8979460034469885,,,,0.9013912199147969,0.8988506856043876,0.8986788621900823,,0.14003046057166166,0.1398018791057225,0.140114890809993,,,0.14044617611222623,0.1403599084702665,0.14046975456443508,,,,0.14030145721313572,0.1383899429096566,,0.14029371005284,,0.9012197750613556,0.8992663621098177,,0.9032469491611689,,,0.9381807175213258,0.9364948478657615,,,0.9373257266658639,,,,,0.9372630091350359,0.9371357773967298,0.9379758479391446,0.936795550427368,0.9340030346034488,,0.9377075685786337,,,0.9370152937256868,,,0.9386324379253689,0.9374890896863864,0.9367365973560257,,0.9415887266276279,,0.9044471000967657,0.9017717421676976,0.9023367625779295,,0.901876958596578,,0.9002629890652177,0.9001079759852375,,,0.8982591151912203,,0.9040198576514846,0.9009342334304526,0.8988574223008126,,,0.9004464087745202,,,0.9003839904632848,0.9033579966768243,0.9006495223835238,0.9009021072746791,0.9030617760491152,0.8992055137642977,0.5276073348192334,0.5273189815762285,0.5268186032113636,,0.5271599200875247,,,0.8338061263500746,0.5741703492053035,0.5736429235821139,0.5722649574600978,0.15903049777713,0.5894871531416526,,0.5886615540987097,0.5887659610012719,0.5897849730284318,,0.5882978022224752,,0.5872925761381894,0.5894102329690852,0.5876502647049247,0.588083696224741,,,0.5881485652890983,,0.5894103449917473,0.5875044458620804,,0.5905486968985953,,0.5889243574279438,,,0.588500544457549,0.5906017611208274,,0.5874032046176311,0.5878619363827435,0.5870974814442835,0.5884844465383761,,0.5879703870011117,,0.5886195661731396,0.5881978091665222,,,0.5871108399603616,,,0.5882188875004675,0.5885656959885388,0.5887137412954538,,,,,0.5885437133760903,0.5869445369735447,0.5880748551722025,0.5878138793967975,0.5889483994363938,0.5878894028417646,0.5901549756624284,0.5890183603689156,0.5884131926228562,0.5865926290870708,0.5875230842023148,0.5895341565794348,0.5880183576371624,,,0.5885872925770457,0.5876766799973071,0.5880593134055205,,0.5882119985909755,0.5866296916433159,,,,,0.5898527622467344,0.5903427203623726,0.5881393514498983,,,,,,0.5895415649239195,0.5881435708773749,0.588725110771724,,0.5883764022454221,,0.5883153955267376,,0.5886586776284727,0.5890662997917686,,0.5890286832921988,0.587824905676469,0.5893837272086524,,,0.5865309552749355,0.5880762787857109,0.5892237023072541,,0.5871809728554142,,0.5895320537217279,,,0.5871578816892411,,0.5889632575742674,0.5896799423877949,0.5865151633791157,,,,0.5867909007123245,0.5872711329453197,0.5878118195594487,0.587977255538207,0.5875891608692032,0.5892665834896712,,0.5868035678005016,,0.590654123564981,0.5884150713643373,0.5883094842476876,0.5891006729597947,0.5889985365542565,,,,,0.5892226683730873,0.5884622039177283,0.5893158010244053,,,0.5891733838910255,0.5874311417479187,,0.588433711369323,0.5897018018098176,,0.5876339516054118,0.5884285618020189,,0.5888174810261148,0.5879673309687388,0.5886448837584731,,0.5910677120374601,0.5875336302400874,0.5869532688738524,0.5886457894384671,0.5880279319962213,0.5886944153901446,,,,0.5890945373386535,,0.5884688808730362,0.589858658997833,0.5868876410297561,0.5888210283565504,0.5895125427123749,0.5881638375116787,0.5878423591781259,,0.5331883658512108,,0.4507867376867106,0.8486315419070614,0.9264151212195888,,0.5130177980391338,,0.83636400114373,0.9314664322901426,
7,5,DG_10pct,20,Z08_F02,8,SLG_A,255472,181935,True,4535.135522078266,4537.668318405437,4574.614741107728,4729.348284666429,4756.264362988565,212.40797083967752,6124.731685872035,1133.7827733609151,1155.6203976995803,818.0545439645446,818.1786833129312,389.6344017775638,126.04442711927302,108.89101577697764,107.09536492525255,212.10937013764806,204.51472179960706,25.93091686765365,397.58239254921375,346.3032047316877,0.7380958674218109,0.7374076390974725,0.7393177638139611,0.726286404222763,0.8474435809793389,,,0.5956758907088633,,,0.8239458285791321,,0.5286967130719974,,0.8376401415871083,,,,0.9357800137177986,,,,,0.5961209505721223,0.5963753706435959,0.5970730023089845,0.590345846230938,,,,,0.5953900893818032,0.5974504135144456,,0.598403268109592,0.4843374794950294,,,0.572336919271149,0.5697175864958203,0.5686723486625881,0.5697490882549687,0.5724259683890857,0.5709035178678836,0.5706714245772794,0.571433651720426,,,,,0.5716750032293881,,0.5732312609650021,0.5718747720049981,,,0.5711073959342667,,,,,0.424792484978279,,0.424756594398492,0.4257781042872408,,0.4253446327725468,0.4249228793945594,,0.42587025978429593,,,0.42571114135180016,,0.4255036412370865,0.42425890233720287,0.4247583235010157,,0.42548968697067485,0.4254690859151606,,0.42508941728975025,,0.4239357840355022,,0.5306645235545978,,0.5319375974778696,0.9316418257282938,,0.5373060073304037,0.5349549096201665,0.5362935134934202,,,0.07502377483589767,,,0.07508130117326602,0.07486092273964612,0.0749580000971358,,0.07517583568921979,,0.0748343374149571,0.07504717145963039,,0.07522375086238992,0.07486225037146788,0.07501557160507308,0.07507737201402291,0.0747278646274121,,0.07502681740318179,,0.07484069460730294,0.07497377485531613,0.07479663127937466,,0.07517753661395339,,0.07483308934240832,0.07509498711696307,,0.07501700893303953,0.07487857884851103,0.07476470445960119,0.07481241864230752,0.07481595404880978,0.07483860886868929,0.074984486797234,0.07446408331712877,0.07498174424338536,,,,,,,,0.9007154418894887,,0.8994718279590082,,,0.9014644862877321,0.9009948819739244,,,0.8980732618633515,0.9005825547644295,,0.9014529592537819,0.903963157101502,,0.9018388456848564,0.9020622835323685,0.9021744151914901,0.9019841833058154,0.8985502292656264,,0.9009279429629319,,0.9013424159132534,0.9029881740562052,0.8996037106977575,0.9004641053604171,,,0.9009152893051031,,0.9007476566029496,0.8994823463969137,0.9013301601058734,0.9031160265809143,,0.8992762597034641,0.8980636831318465,0.9004716010378684,0.8994423269077066,0.8997196161147005,0.8986389654815342,0.9028781400398644,,0.9351324734057931,0.9320359799182343,0.9353153129367024,0.9325469997025635,,,,0.9327458840878367,,0.9344503025279277,0.9312625059687312,,0.9344729648322915,0.9331854366886286,0.9362136817560465,0.9351920255212931,,,0.9341517377789323,,,0.9312692283153663,0.9349355280956566,,0.9332472992544724,0.9315700222602844,0.935212287000897,,0.9328299616857375,,0.9318452211162171,,,0.9359857662628129,0.9332717259972028,0.9343152179378891,,,,0.9327806719677311,,,,0.9316602639718714,0.9309932103850932,0.9345654763524882,0.9314069265420802,0.9356499082952269,,,,0.9316611427577375,0.5116337873266451,,0.5114979881014816,0.0536210110930731,0.07030054985842045,0.53887790697992,0.5386451443138394,0.5388561070222411,,,,0.09800561180507276,,0.09758697302783369,0.09792213760975489,0.09798086064987362,0.09765093852060511,,0.09785995578425237,0.09788786670753656,0.09773644721421049,0.09740846699432101,0.09762567775123045,0.09779166243569139,0.09809618626029859,0.09756894421808665,0.0976332391086451,0.09794755765477367,0.09775753091923452,0.0976293659189515,0.09765390051427028,0.0977910610386078,,,,0.09796474930209238,0.09782698911382276,,0.09774171404312704,0.09762962033057206,0.09759857201161536,,0.0976245317882787,0.09746076967514984,,,0.09751366033097388,0.09750071444286143,,,0.09778152055739135,,,,,0.06690628159847763,0.0669636322664414,0.06672034482118484,,0.0668919012447419,,0.06671404649050566,,0.06679782301028969,0.06670341399512414,0.0668006084380866,,0.0669663170608966,,0.06690739940995738,,,0.06696476868854484,0.06669884526690198,0.06665873819168971,,,0.06690577359448524,0.06689964216778434,0.06686841172442351,,,,0.9132129246841544,0.9100521976321312,0.9109659895402222,,0.911080060617882,,,0.9091552051274231,0.9122267722434347,0.9078270750423288,0.9113569506441606,,,0.9116785366657375,0.9136264356457334,,0.9140003933159067,0.9125716444277766,0.9135090433480314,,,,0.9115189042703276,,,,,,,,0.9091765908092103,0.9095535887358701,0.9100936155571426,0.9102604803980993,0.9107562144384156,0.9107455271413426,,0.910583072087618,,,0.9123316973808948,0.9082659640971118,0.9115240320657889,0.9119836862835407,0.9101049342801599,0.9116531280069116,0.9091458358829385,0.9087653028708377,0.9086885208163573,0.9101023411248016,,,0.9102797733505562,0.9111906235049043,,0.9090632436420366,0.9120151240346452,0.9128789718498777,0.9103500777988635,0.9121625227041413,0.912986362324984,0.9145443910612455,,0.9136505566025771,0.9156558595620012,,0.913196239812901,0.9164473630023063,,0.9092649817182272,,0.9133980013545738,0.9139603258286633,0.9108646941168635,0.91042600576938,0.9128661855036381,,0.9128449379608757,0.9126959506278925,0.9141695469751662,0.911390955976383,,0.9134307233435304,,,0.9119657328091765,0.9389299911550434,,0.94202260366548,0.9418348063880683,0.11690474303778359,0.11785774369661982,0.11751188074818174,,,0.5438627403230958,0.5445497462104604,0.5444519644146445,,,0.5423371298065939,,0.9317892625154296,0.901644155431932,0.5376799008151121,0.5374911963744645,,0.5246601842261751,0.5230892622025991,,0.5104177665139679,0.5100118944541552,0.5113420122955133,,,,0.1500782500735783,0.9294444166950416,0.8925739409071637,0.15827181988844544,0.9335262099270194,,0.9382974302726236,0.9396053640608586,0.9387792902742892,0.9389713118113132,0.9379847434906899,,0.937955641680933,0.8928756642094094,0.9442934991462201,0.9417580606640977,,,0.5574153402639899,,0.5562040625894764,0.5560081191839371,,,0.5574912713782443,,0.5547678327734851,0.557142158604904,,,,0.5551257804955054,0.5575538828234767,,,0.900739431018137,0.9014517926094329,,,0.8963902249933219,0.20232297989297368,,,,,0.9569502293525923,0.9580139216017274,,0.8982504225298941,,,0.9001371723753759,0.5673656325023638,,,0.5648334302535383,0.5668272004050569,0.5652592684083027,0.5684093545467196,0.5663188246447984,,0.5661532995975302,0.5659731774060156,,,,0.5687366284073663,0.5658179055995348,,0.5669789963852553,,0.5663947003474413,,0.566226894300966,,0.5662847342724914,0.5657103575517071,0.5673070664775188,0.5665439221548302,0.5663837106162741,0.5663751753379975,0.5654700567692983,,0.565862185834358,0.5655804126199084,0.5655460879503418,,0.5674492736034399,0.5673362466218622,0.5668680634805221,0.5673497697733754,,0.5693306979231029,,0.5676966852351318,,0.5673032260089178,0.5669603096604381,0.5677101335039529,0.5657325465430614,0.5691161291877773,,0.5674957525689566,0.5672048276695708,,,0.5673728041350379,0.5670260864576102,0.5672732320612319,0.5658100855093088,,,,,,,0.9362485823002207,,0.9343731912127301,0.9347159813492734,0.9342790003328059,,0.9353177837758764,0.9358345792609716,0.16517442723107692,0.16486619473799174,0.16504530360878503,,0.16498670039893265,0.16546305133446543,0.16527160683472414,0.16533145642877728,,0.16492989657458126,0.1653760806689925,0.1647025128239304,,0.16519433974543457,0.16485283351883043,0.16480140039613206,0.16508519372099967,,0.16494087540238994,,,0.9377880255752443,,,0.936952254270068,,0.9379875193302084,0.9039397849256328,0.9050403533075043,,0.9055227222882358,0.9039926677061361,,0.9035361867415168,,0.9021758576548653,,0.9060460503742945,,0.9069312554430796,,0.164611821667606,,0.16454226414195963,,,0.1650294394847692,0.16516225946403387,,0.16541654871282216,0.16517108519788104,0.16526894866489292,,0.1629869176410795,0.16443963866413866,,,0.90719919078957,0.9050409256159396,0.9072247951564597,,0.9051605927674761,,0.9379970890393823,,,0.9347676366851156,,0.9364863649031778,,0.9335890085306515,0.9352396777264683,0.9362388609067099,0.9347411050969415,,,,0.933787752404769,0.9370227803457772,0.9339843653682397,,0.9352530306885898,0.9388740627745081,,,,,0.9365661961847856,0.9351136029153285,,0.9083277489511145,,,0.9075920963649721,0.9069657319673293,0.9087012180971621,0.9064761784455381,,,0.9080642732325687,,,0.9038251991087095,,0.9067111054299962,0.9094557462008803,,,0.905745388344827,,,0.9058196456934048,,0.9057617993726783,0.9049318769612669,,0.5439740949531802,,,,,,0.8477499009271905,0.8389512366605956,0.581606038627048,0.581935449245985,0.580761168576086,,0.5967976252831624,0.5976147508698879,0.597505469337377,0.5953394268013721,,0.5954160224366364,0.5965075328762418,0.5964220253466278,,,0.594502635360508,,,0.5956789639935511,,0.5960428789958859,0.5961353601152021,,,,0.5967269061689112,0.5964091674027361,,,,,,0.598382724202617,0.5986628848845347,,0.5963079783953583,,0.5968896414706342,0.5968548010322122,,0.5968698135608516,0.5950558609452351,,0.5982170860847184,,,0.5966071843496085,,0.5967032902708121,,0.5966529200850488,0.5972671891968158,,,,0.596572617731924,0.5972143108315363,0.5974360495476958,0.5974695838631879,0.5982994471987413,0.5961328061295813,0.5968250707473856,0.5963424239665013,0.5973373869799918,0.5953259865992064,,,,,,,,,0.5953880623991716,0.5954349769815133,0.5951857178614047,,0.5961747591215458,0.5960647430988023,,,0.5953906881360242,0.5987978631850763,0.5961237503759985,,,,,0.5977716532780314,,,0.5952786490022376,0.5971371659276656,,0.5968040724372632,,,0.5979100344024301,,0.5968819752143818,,0.5982115878089213,0.5994741613015585,,0.5970541888742267,,0.5964078424943423,,,,0.5983486990653974,,0.5979651596908298,,,0.5968297692493575,0.5962220596539889,0.5973305011768044,,0.5950049897945778,0.5952385553337495,,,,,0.597653995119805,0.5976341103736742,,,0.5977791253224548,0.5961907506420203,,,0.5965067354939605,,0.5971852400116351,0.5980444189317802,0.5954512412658646,0.595978993924163,0.5977208352926634,0.5975009307807293,0.5971453775078229,,0.5971399416671348,0.5992005132219853,0.5973319324559107,,,,0.5960646904146896,0.5964011075112273,0.5958601841096014,0.5988986160913178,0.5963993668024304,0.595032530190707,0.5949633459563787,0.5978686452486659,,,,0.5955883039112105,,,0.5964031928787124,0.597648098552152,0.5963218464861783,0.5955510999261971,0.5956419405938532,0.5958978881327995,,0.5963269806784844,0.5944989048917827,0.5969582556556633,0.5421362749053479,,,0.4676164166629475,0.8476059833322388,0.9272616017092089,,0.5278313295403014,0.8377747970891019,0.8358822316913759,0.9370977588083417,0.9365604099192587
7,5,DG_10pct,20,Z08_F03,8,SLG_A,255472,181935,True,4542.815498026916,4547.238619236757,4578.111718798493,4760.636040207209,4743.630071351419,213.2315905353226,6164.282792212273,1136.977909465545,1156.6906612749121,818.9027077666279,819.8388765004911,391.547402655781,125.90633067984359,108.80374013809622,107.58622648652674,212.2305919540961,205.08650979097033,25.956224807118442,397.3902933318093,344.51334270543936,,,,0.7277017758018755,0.8513838737294261,0.9466268054661047,0.8383798031515269,,0.5961319330917768,0.5961205575568579,0.8249538210613621,0.5264477521988854,0.5285181353020136,0.5274988998239696,0.8375914142145062,,0.8403448321221542,,,0.9359808130075812,,0.5956035101448777,0.5946899700730816,0.5962162363997281,0.5966924065343296,0.5957953328501746,0.5894793806650165,,,0.5967068446647265,,,0.5993684176977828,0.5993666202172669,,,,0.570545999863434,0.5730097415365945,0.569953381875272,,,,0.5707314841196433,,0.5707309650827864,0.5707981018152379,0.5720388428463316,0.5705919970393967,0.5706670097101022,0.5710375960064628,0.5720369637246772,0.5708920135753321,0.5700529972875796,,,0.5696222898341912,0.43737485381257857,,0.8505797246250202,,0.4254150071305713,0.42494919990872465,0.42417530528009384,0.42468716925239075,,0.4246497593673116,,0.42502998345251486,,,0.4245295397853745,0.4242875737057895,,,,,,0.42582672419300804,0.42596577880184716,0.4246685764002224,,0.42547220335630337,0.42495763942775955,0.4254940615839908,,0.5314159305497874,,,0.5356833370003238,0.5352057883301485,0.5359143430870527,,0.5338331083755357,,,,0.0748007352270855,0.07488078743019719,0.07487143269308544,0.07518681987798241,0.07477227382800965,0.07492754479973625,,,0.07493912028431722,,0.07477904031092317,0.07482665172476166,0.07493514467227073,0.07472027402172896,0.07477877820658473,,0.07488020895625654,,,0.0750212114921827,0.07465158356992826,0.07491360629213085,,0.07468206729976731,0.07474912802458263,0.07474563603488658,0.07498705051250036,0.07485214778806318,0.07497386729642086,0.07477398194591481,0.0748812340756897,,0.07471271452504524,0.07471907211734498,0.07497670081039802,0.07482410497973668,0.07493264913467255,0.07453462442082638,,,,,,,,0.9005877426080938,,0.90177896895337,0.9022115022827504,,0.9019696040784603,0.9004284230700395,0.9037705102354958,0.9010660958821198,0.9022522952910319,,,,0.9025511290580404,,0.900111018524118,,,,0.9006505538701243,,0.9030566268596488,0.900665623052254,0.9017082181079853,0.9004627398496527,0.9005156167907111,0.901466137324721,,0.8995151608441768,,,0.8990927492356418,,,0.9003708634550804,0.8987908351671626,,0.8997901185083201,,,0.9006789789198977,0.9347316521794622,0.9332363827194815,0.9292674281363609,0.9341013180319317,0.9361771642092434,,,0.9317760007005523,,0.9330048377154367,0.9350066043638745,0.9345044321240539,0.9329495489339897,0.9317055586632927,0.9325703948925637,,,,0.9355998876408291,0.9324423954219591,,0.9323873940067301,0.9351639031100643,,0.9346109267532504,,,0.9342498748431367,0.9364166717500442,,0.935453458449788,,0.9311346443709019,,0.935723955770293,0.9346756021091849,0.9315746336159613,,,0.9352206475182779,0.9306405660510584,0.9350951324661253,,0.9317921622436182,,0.9319338346181497,,0.933966880266537,0.9331598730027126,0.932180587227441,,0.9330913899955244,,0.5116881283230693,,0.5123260996326913,,0.07041558351484334,0.5393633743239283,0.5401374877903541,,0.5372479396710538,0.5390023308217972,0.5379540511596737,0.09776961502065917,0.09790009813404604,,,,0.09794053630295146,,,,0.0980333608247368,0.09779923216272983,0.09764715044982321,0.09757668077850869,0.09792096146966339,,0.09777237583766009,,0.09802910587426862,0.09794637542473099,0.09781152504166762,,0.09727380244450928,,,0.09780690716651522,,0.09804320098658716,0.09776255864287042,,,0.09757537404753229,,0.09751796636676105,0.09734195273936837,0.09765111679430453,0.0976252545648839,0.09769534947384656,0.09757788671162668,,0.09762280708484648,0.06666990278698993,0.06668875485227395,0.06684552497581052,0.06694528433431364,,,0.06691022255854834,0.06669005895977496,,0.06685343719127432,,0.06645369214377563,0.06689296701731923,,,,0.06681236735911432,,,0.06688847707125173,,0.06654514947708391,0.06679295184030011,0.06684357992414093,0.06659724179906366,0.06686892492940372,0.0667646351044291,0.06672781436167059,0.06673730986348882,,0.06666898338909442,0.06684982490265792,0.9114809300452783,,0.9095397911615145,0.9101974224421786,0.9118243575791725,0.9096578290263727,,0.9123733388059921,,,,0.9123049279720725,0.9117452177782194,,,,0.9127455377153405,0.9120901199191651,,0.9139158459402748,0.913886604472907,0.9129799964673337,0.9113184049826254,0.9108320325700671,0.9102653867485146,,,,,,0.9109044577726084,0.9093747665729633,,0.9096510555622499,0.9109225924415784,0.9107490126106879,,,0.9115398407108461,,0.9103702143389982,0.9107367115020472,,0.9120000271825996,0.9088084159444978,0.9139644207003959,0.9091048663715874,0.9121834726062975,0.9129966456900295,0.9108113526800385,,0.9093695849216777,,,0.9102875944952792,,,0.9121547786019899,0.9111073641620001,,,0.9124344765002016,0.9141061037119129,0.9121932653279685,0.9110226476161656,0.9142623739614479,0.911460899549069,0.913024476480078,0.9125665919306895,0.9098934757270505,0.9107479593050475,0.9112751479656815,0.9133704430261537,,0.9144554634063031,,,0.9113395520062625,0.9122363847443441,0.9139206226669344,0.9117781078455636,0.9137777631594532,0.9108116188991867,0.9134401541702116,,,,0.9388955857543084,0.9399549188022366,,0.11735685809653455,0.1177156240594288,0.11785031066884197,,0.1173615840899111,,,0.5438123432337131,,0.5433896438064053,,0.0754780037209644,0.9321143999857139,0.9020902411712196,,0.5374781358878084,0.5371046815226697,0.523093444700017,0.5250119798667393,,0.5123446802560346,0.5122354311846916,,,0.9178604666691084,0.8937900484265944,0.15035088410522363,,0.8932461767816895,,,0.8945337961217239,,,0.9400171052278521,0.9387342710702825,,0.16606036103429556,,0.8932893862772543,0.9466643305315444,,0.5565261698873761,0.5566389822036787,0.556873380394682,0.5565794106604016,0.5561402177175391,0.5567837111215558,0.5576045607659061,,0.5562784401813634,,,,0.5569248336534055,,0.5581428092783219,0.5562158793993461,0.5566277318046294,,,0.8983564937785394,,,,0.8968030142732816,,0.20138382834435406,0.20154753713829845,0.20165691520015505,0.9599876850058574,0.9597592262313611,,,0.8993333362079466,0.8986102077987261,0.9007917725192444,,0.5655971697925711,0.566013559777548,0.5657005677082396,0.5664269254792298,0.5665139295566624,,0.5679119906304426,,,,,0.5664128769861788,0.5666822679039124,0.5668147778758017,,,0.5663691708946481,,0.5651248244836139,0.5656594557285665,,0.5656098829068699,,,0.5670678788971859,0.5665308867288351,0.5674060208884145,,0.5674423748848952,0.5665429137269317,0.5670350425306462,0.565060014831139,0.5639504690905038,0.5631109469646297,,0.5665990928590312,,0.5664086397855428,0.5678735570175311,0.5670014155743696,,0.5660022478472481,,0.5674289406749476,,0.5676569979288845,,0.565522650411101,0.5671964171924131,0.568466081176974,0.5683935206109307,0.5677471476507149,0.5681120561196752,0.5670565233178881,0.5671279243493504,,0.5681875777052577,0.5674923384206862,0.5684449465131739,0.5668092675312649,,,,0.9374731895688074,0.9330348683726887,,,,0.931593486457706,,,,0.1652013620736003,0.16549240290512396,0.1650974283376332,0.16531179577919744,0.1651592886554747,0.16551530630025604,,0.16475814870932395,0.16522918167798387,0.16545707166799897,,0.16489402358430943,0.1651936623126493,0.16515262302257305,0.1655914494227817,,,,0.16480634778696582,0.9369532897194811,0.9357382820121817,0.9356436457447499,0.9382020870223162,0.9343595157768468,0.9361211499510549,0.9365495558936077,0.9385607860783491,,0.9032629855475242,,0.9054883291192459,,0.9063167957036081,0.9059725735092224,0.9051238972892676,0.9039658001685085,,0.9055619861848254,0.904956922551047,0.9038274668566607,0.9057020278252038,,,0.16490955429833623,0.1646774855934188,0.16488589955890068,,0.16532899956563743,0.16507109879734105,0.16550039501144778,0.1654154011669858,,0.16531063452587835,,0.16475318833273106,,,,,,,0.9073048405308762,,0.9381128040068138,0.9347669832206744,,0.9355012229815792,0.9346879326110108,0.9355512174036842,,0.9336162540511228,0.9370795313901786,,,0.9346014617683146,,,0.9357332108604886,0.9375797672282682,,,,0.9374896863263564,,0.9371955152144861,0.9360865910029095,,,0.9357825190147927,,,,,,,,,0.9065218992394878,0.9102577547748939,,0.9040216972135863,,0.9065704715671016,0.9076763601291422,0.9059177092772053,0.9081501932368871,,0.9039053636558634,0.9060590202017712,,,,,,0.9054705805457725,,,0.5427963836872984,0.5427356147320473,,,0.5418451118013369,0.8495938475057203,0.8338367319831068,,0.5822457855888983,0.582809443995128,0.18519533786410478,0.5958435115066101,,,0.5970951676573941,,0.596213610033216,,0.5969746433420845,,,,0.5978252426132924,0.5975274258004953,,0.5953891501531334,0.5954431215201619,0.5967914888576397,0.5980245434169249,,0.5968375616047678,,0.5971692720448214,0.5964009014560469,0.596327211596999,0.595701621177452,0.5982480467610147,0.5969911065729633,0.596171305362232,,0.595491650677246,,0.5987473736882833,0.5968668248461885,0.5962557633356625,,,0.5969418128687904,,0.596267425596595,0.5983439289691068,0.5951557301735145,0.596788839063306,0.5967805657565165,0.5970226032512632,,0.5962765855440753,0.5972399351284632,,0.5958474050463488,,0.5981273365611014,0.59723545211442,,0.5954286151109687,0.5979762035093937,0.5964207487191087,0.5972332348865367,,0.5965017946171235,,0.5958743930716291,0.5973830140156398,0.5951760580287472,0.5961270303476266,0.5969606708464368,0.5965180633617132,,0.5967608968186339,0.5960432866948666,0.5966844464551004,0.5984715045178474,0.5976424177970182,0.5962554709702249,0.5975778754055954,0.5967266982304376,0.5968822028930088,0.5985632364673527,0.5958066376796325,0.598214094894806,0.5935277151104958,,0.5966061622531531,,,0.5948938366295108,0.5979974552473655,,0.5957566743249327,,0.5958108904950818,0.5966011576362892,,0.5970742102588352,0.5963506475871946,,0.5958507477752732,,0.5973577302131389,0.5966281397362364,,,0.5955220842715088,,0.5966910075965389,0.5960107831508407,0.5968629228409158,0.5981818038100277,,0.5963925717588248,0.5942036326925425,,0.5963570275100583,0.5975525307306977,0.5970108611137703,0.594733626204795,,0.5972784319287706,0.5961545289982086,,0.5955720290123565,,0.5962850760950312,0.5957931841552859,0.5978825279373309,,0.5963283158330496,,,,0.5971579113152368,0.5964396495314991,0.5969294108825197,,,,0.596211342804424,0.5956758248813313,,,0.5972802464254306,0.5975554896143208,,0.5957694710991871,0.5977499011621407,0.596825782355061,,,0.5947885463269589,0.5955910671361817,0.5973495668295432,0.5962058150111301,,,0.5968492801280733,0.5965549775238549,0.5980185177404834,0.5970730304917392,,0.595027810601869,0.597644264045032,0.5983772217064095,,0.5951902977292542,,0.5981784696808691,0.5942884111374362,0.5960969938908771,,0.5413955994101683,,0.540680000956311,,,0.9304750266380305,,,,0.8378332449876031,,
7,5,DG_10pct,20,Z08_F04,8,SLG_A,255471,255418,True,4673.816785946688,4685.324218367273,4716.841467936551,4912.7730616378085,4923.651665946209,217.79575394154097,6347.483724357475,1151.6201606423824,1182.6956359434382,828.7685399053149,835.2640984665751,397.2460662317816,127.83449019855206,110.78889556297274,109.17004960862361,216.70734902239002,209.25589456802444,25.94724511803846,405.9539374912609,352.62705040993364,,0.7338279384041032,,0.7212870979938251,,,,0.5863605391400162,0.5877015927238539,0.5871846712357083,,0.5129320405978026,0.512368135842345,0.5117753038349433,0.8342595462634199,,0.8378913663327154,,0.9346057542619645,0.9320050054239059,0.5888288098686832,,0.5873691089954022,0.5867558640729547,0.5883918396793706,0.5874349845916824,,0.5816906200111174,,0.5894879579140144,,0.5878637304638232,0.5887024665944719,,0.5893360948656189,,0.5645979811148637,0.5655954457976154,0.5621357278073825,,0.5619558481368842,0.5609820833390241,,,,,,,0.5639971273607026,,0.5632181173599575,,0.5626433474853368,,0.5619734539718614,0.563483770698555,0.5634448106488611,0.419997482113271,0.42137214764384545,0.8464372621844308,0.9243433782465919,,0.40761558947134435,,0.40764122224016497,0.4072699443611198,,,,,0.4060759903719765,,,,,0.40631306525910477,0.4070958412218742,0.4068810218502513,0.40649626443762304,0.406460028337198,,,,,0.4069735232670787,,0.522881414631454,,0.9277824890906792,,,,,,,,,0.0461933758706074,0.04617890339067224,0.0461880729125904,,,0.04609940477837578,0.046234756809818214,0.04609844394198495,0.0462136903896242,0.04616972093589972,0.046055610202988116,,,0.0461641847943242,,0.04614691330708264,0.04612145548522705,,,0.04601747477052763,0.04597184739323673,0.04605255009409004,,0.04616882526577346,,0.04610449282022281,0.04602740550131296,,,0.04605468413881734,,,0.0460492172926641,0.046021804117796286,0.046046906726396525,,0.04609305370108147,,0.04598188077315079,0.04612152791997001,,0.894006346263879,0.8958683708695597,0.8935837688691054,0.8948605546975072,0.8945258285671585,,0.8957341729838494,0.895059591660274,,,,0.8965054549913465,,0.8957391860942253,0.8969578052330905,,0.8949019023365268,,0.8968094060562442,,0.8949910430546398,,0.8945531503171393,0.8931197946289395,,0.8937124709246261,0.8912261838554423,,0.894559340621079,0.8958016607007131,,,,,0.8985110563834435,0.8938982896716213,,0.8935878964135818,0.894156725597175,0.8930040611097182,0.8959065452753064,0.8967540959411215,0.8941339315755613,0.894579440018527,0.8944260781915667,0.9356849188663265,,0.933824535069284,0.934367229360453,0.9339215350655944,0.9330134312254732,,,0.9331192918906833,0.9305660725843427,,,0.9369477328647408,0.9357329125806119,,0.9366258280284278,0.9313524920286783,0.9360424704585442,0.9367465429794477,,,0.938236417657913,0.9340775988578881,,0.9335225413583293,0.932885338692018,0.9354782840692406,0.9352308358727642,,0.9333215327377926,,0.9332616243570433,0.9328811365313907,0.9352494620947746,0.9384371318842027,,0.9353495687263952,,0.9370654794442044,0.9363325918749915,,,,0.9334648897508488,0.933441748166057,,0.9350585361938504,0.9347257289121318,0.931638823373962,0.9347818092934959,,0.9312217083407501,0.9341474242825023,0.507599070938757,,0.506451234723772,0.024129140544470958,0.04188902635896992,0.5232718173617116,0.5229134282127311,,0.5231188668575936,0.5220234075116053,,0.07027413534757132,0.07047095659525418,,0.0706678095455469,0.07030567254688254,0.07039699437911348,,0.07050684799655058,0.07033102599128309,,0.07045796567806041,,0.07045404384064408,,0.07039442216956233,0.07061218650220011,0.07036762986948122,,,,,,0.07022738629852898,0.07016361185987953,0.07029763605258518,,,0.07016905057010984,,,0.07015971482442827,0.07041846947183496,0.070209354264207,0.07032400032539285,0.07035813615164077,,,0.07023898073393911,0.07033927181705087,,0.03799260103328022,0.037973014122952405,,,0.03794979688547917,,0.03791609975590074,,,,0.03796115650480172,0.03810900216097018,,,,,0.03806666329373666,0.03807225770396805,0.038069438543803576,,0.0380285133130547,0.03805853240009739,,,0.0380120875231286,0.03802794514998854,0.03798983520129298,0.03803109551383874,,,0.038046702536925034,,0.9068651238527526,0.9050370676671663,0.9061520385380363,0.9065586579628433,0.9058350545646978,0.9049198505751482,0.9060152892783362,0.9073251488098414,,0.9050266407554817,0.9057254354138452,0.9086525090185693,0.9086219051690354,0.9071005527876762,0.9090661054052668,,,,0.9065325421735395,,0.907822103617548,,0.9041929763543123,0.9065759470711804,0.9089446816088191,,0.9036611660957344,0.9035782685923327,,,,,0.9078372549379452,,0.9057110761569002,0.905133679186284,,,0.9049872243644691,0.9050233363984022,,0.9048909474204295,0.9054948080670221,0.9040076044666032,,0.9067747173716771,0.9065295771762331,,,,0.9063086676315603,,0.9074919455267406,,0.9051873307756494,0.9032303285610009,0.9080863204897963,,0.9084827944839347,0.9106389650235419,,,0.9065638507660757,0.9086845614110505,0.9083297639700919,0.908919752397566,0.908283672558909,,,0.9075255473276858,,,0.9093579291778655,,0.9085174390018572,,,0.9069855771129015,,,,,,,0.906132364375834,0.9067715917654035,0.9400256972273445,0.9420487440271063,0.93956836338018,,0.090502512430931,0.09055734145282904,0.09040776153064747,0.09042833544376648,0.09056192169052354,0.5296481126062748,0.5280143769628743,,0.5288405779639214,,,,0.9344349748955434,0.8946286516428924,,,0.5226670473344647,,,0.5108304898489191,0.49729754790013614,,0.4985491510071411,0.10068097840689487,0.9135074098965488,0.8862558559453371,0.12403959947831912,0.9310939736232184,,0.13216117741148153,0.9363575913655249,0.8896182500860054,,0.9398502137466982,0.9409593753537736,0.941941940830311,0.9397471126500173,,0.9393255912883303,0.8878683597554076,0.9473481160287816,0.9473691456951199,0.5400537810990761,,0.5402958884371059,0.5417211469485573,0.5416345806401454,0.543083438647194,,0.5424598564157538,0.5428058467338118,,0.5411048881955126,,,0.5401747168384806,0.5420063081760625,,,0.5412672828443549,,,0.8917596878696024,,0.8929892581719543,,0.17605772970151884,0.17584084104256686,0.17576144925302606,,0.960907559370195,0.9629986727743476,,0.9609038145462481,,0.8908596161283574,,,0.5516628009441212,0.5515003686208182,0.5512184338209121,0.5503033297195721,0.5514487225527314,,,0.5526852566565077,0.5511832005055735,0.552123704312356,0.5520992069378892,0.5507028325516625,0.5518347986052421,,0.5512947251972402,,0.5506875978584916,,0.550581562204786,0.5513113466119783,0.5532679875337252,0.5498439950248507,,0.5506847375859348,,0.5506698555001167,0.5511668664008179,0.5517549219431525,0.5508398611501002,0.5510036214383117,0.5517291038159212,0.5516419225422253,,0.5507346254870947,0.5485828437131643,0.5520704970193496,0.5519404634370816,0.5513623089395027,0.5525209295121051,0.5519874352067349,,,,,0.5516347004002398,,,0.5500073462452985,0.5515432886979357,,0.5526040076656028,,0.551551203749674,,,,0.5504186242370163,,,0.5508862772490865,,0.9351891995897674,0.936389707188742,0.9385044107604212,,0.9361787302969645,0.9386606795709838,,0.9367704340050964,,,0.9356511178502869,0.1404622013489137,,,,0.14053639117850417,0.14048936884945365,,,,0.14107626718612237,0.1400385662710094,0.1400013906658083,,0.14011368350270742,,0.14045585479809095,0.1401455844146916,0.14021382296281612,0.14037346089075683,0.9355577590767026,0.9370408460862136,0.9360402553524297,,0.9377656077219572,0.9368278107243101,0.9360325196801854,0.9383980376633438,0.9001090072832821,,0.9004853572826403,,0.9000709278208733,0.8972692828773783,0.9008341917774344,,,,0.9001490109961302,0.899543170678283,,0.9020236246704034,0.14015783958680275,0.14022356857446144,0.1400977243741652,,,0.14022269552058464,,0.14063706080574034,,0.14061854685821598,,,,,,0.9014296466223637,0.9074944061682284,0.9009549954712928,,0.9025360639307229,,,0.9384777574462679,0.9377370223028877,0.9350412275401937,,0.9361180195848574,,0.9390935346558555,0.9383102278696691,0.9373669897217747,,,0.9367532765054634,,0.9388600956392382,,,,,0.9369791719995126,,,0.9391294458737296,,,,0.9369149771950901,,0.9021927016031919,0.9021134096752395,,,0.9010073567546347,,0.9052360872240651,,0.9030240665198445,,,,,0.900744387268841,0.9005151661110055,0.9001616708877194,0.9006918716367116,0.9013226277203148,0.9011500506899409,0.9002152715508275,,,,,,0.8999593117949166,0.5272916887161582,,,0.526790113478544,0.5277359663673088,0.5273103877931112,0.8473812372597929,0.8342364355802746,,0.5730428409037476,0.574137040283648,,0.5878784945947062,0.58867298838037,0.588782186880847,0.5898111610050834,,,0.5875706855373727,,,0.5877647438797753,0.5865772737414731,0.5874109830937077,0.5890865090691609,0.5885633706167703,,,0.5884215703894362,0.5887463085189306,0.5882363083815961,0.5882220419789069,0.5878819015936063,0.589458732369606,,0.5880801054125054,0.587902512706254,,,0.5870230904874283,,,0.5876550888704823,0.588682934492832,,,,0.589334694968,0.5882664245135854,,0.5874992163867624,,,0.587678165197238,0.5891804323432244,,,,0.5871607959957256,0.5901278325051612,,0.5892440099436033,,0.5874994411555142,0.5880605309160689,,0.5880099522680673,0.5871519488626723,0.5890362055239814,0.588491797554615,,0.5882324773959152,0.5886181397071295,0.5885182403379798,,0.5888772387607769,0.5889422659023615,,,0.5899197485144094,0.5890088433817378,,0.5898858384221771,,0.5889466382484049,,0.5901265531746793,0.5896645159034768,,,,0.5878622945502728,,0.5893314335576267,,0.5901003161721594,,0.5905836687443788,0.5875704232577132,,,0.5885704638108172,,0.5883580355845421,0.5874734795052023,,0.5894920314295885,,,,,,,0.5902722371067978,,,0.5908695646317591,,0.5887695254015385,,,,0.5882209046748331,,,0.5884326592755521,,0.5893586734884242,0.5886336388611199,0.5871332495721887,0.588445629219747,0.5868243112696038,0.5892991534167374,0.5891668525460944,0.5873797236960189,0.5890360929588228,,0.5892788106532441,0.589486877469215,0.5873828310797772,,0.5877794133275089,,,0.5895496721886198,0.588691933479881,0.5894781305223693,,,0.5895487712435716,0.5882612463057126,0.5899897632577731,0.5888690980701772,,,0.5884703076079968,0.5897686149140569,0.5874072874004784,0.5890480347477481,0.5892937640093653,0.5888313836817446,0.5884534982260546,0.58583700792521,0.5894413235098487,0.5872047113820109,0.5883238486860228,0.5879086670073923,,0.5878289000625575,,,,,0.5894675477151319,,,,0.5882334217372747,,0.586397615497676,,0.5328781838615596,0.533690635186197,,,,0.5129052072624896,0.5129700973049153,,0.8379830345122494,,0.9354438295872495
7,5,DG_10pct,20,Z08_F05,8,LL_AB,255472,181935,True,5177.7085393512725,5150.096073528256,5151.207892990698,5259.98417647425,5256.578728230316,182.69074628641926,5942.18043592484,706.9745482290987,704.2450860830256,489.79946765192847,488.7787517421992,230.97468324588925,74.10413282721731,94.79231611523369,94.32624079498383,180.90938861709174,185.80393362835395,18.832848338010628,345.6841840474734,235.01959262881877,0.6734933957170002,,,0.7397692545625222,0.6682876199997204,,,0.48230254715433274,0.48083541321817436,,0.4612372293717438,0.5463428903028502,0.5495603372345487,0.5472869868568462,0.46738911405242084,,0.4676511316046083,0.7858545924886849,0.7840486412081135,,,,,0.47946519748557204,0.4808836571966481,0.4797396484928784,0.4778481764910753,0.47830227730461844,,0.48193044972091503,,,,,0.4815209382233211,0.500366527924284,,0.41963239162213356,0.4190817691720325,0.40607364387728007,,0.4055033270817536,0.40570908938303407,,0.4047311999212271,,0.4056121210482954,,0.40551762928023294,,0.40654360588003374,0.40666589722308494,0.40646214589990404,0.40556129081241443,0.4046994061669631,0.4048717654293172,0.40623601285309024,0.4551839513849522,0.45563929642086676,0.38643416548700016,0.7799474346728085,0.4448035263054567,,,,0.44463276237292276,0.4444455864148642,,0.44436557968242923,0.44339899438235053,0.44467065740127015,0.44345473119631945,0.4442753538830574,,,0.4436976360860513,0.44437340225118,,,,,0.44382158582643844,0.444220377416557,0.44400794947690503,0.4450163042816811,,,,0.07086751963011735,,0.020356951048455533,0.02039593509175392,0.020381724564639842,0.020398459660214467,,,0.08112649533292919,,,0.08113334272417606,,0.08126639798768054,0.08122650690601102,0.08106878574201895,,,0.08115198252578668,0.08133912818229613,0.08131873709859123,,,0.08133492647688684,0.08121200620582718,,,,,,0.08109981071685712,,0.08130570488090269,,,0.08120515310171668,0.08137707988004736,,0.08123329219462044,,,0.08104690700771043,,,0.08107383940689347,0.08108358054569123,,0.08105625136152522,,0.08109194942223451,,0.7520202904601463,0.7541829768988573,,0.7533797649084742,0.7529796670356722,0.7534229004952523,0.7538805089058515,0.7505369103954288,0.7524966341041355,,,0.7521307806701204,0.7537686565829185,,0.7566155564300745,0.7510211731018972,0.752388159496327,,0.7543667354839362,0.7506022698212687,0.7514610210721983,,,,0.7532677176553197,,,,0.7521283098845196,,,0.7524398775192277,0.7527280516264278,0.7511097173962743,,,0.752201614772359,0.7500126522560078,0.7515766672013633,0.7526658565748716,0.7531201959736827,0.754913392141422,,0.7511528892585195,,0.07146763725557462,,0.07110811120461864,0.07125174764131731,,0.07117145697458571,0.07117752925426525,,0.07134086633620886,0.07146495028235182,0.07151336412403436,0.07134724649544007,,0.0711067454664926,0.07128628784992515,0.07109226894139528,0.07126115229602696,,0.07130870253125755,0.0713363290102029,,,0.07106406400092258,,0.07113882900769083,,,0.07112851692664356,0.07112347647451873,,0.07128594505491952,,,,,0.07128247753449073,,0.07124989505929752,0.07129831162236244,0.07140516451981395,0.07117043296573845,0.07116852084967609,0.07120702826414771,0.07131443388436247,,0.0712951621140071,,,0.07122523460855615,0.07127058262900618,0.0709941786328441,,7.246438410267184e-05,7.2610109152944e-05,7.213207800037163e-05,0.0505071645446832,0.07660219985724045,0.02044882428592495,,0.020528002659114974,,0.020390735640072124,0.02050664927297874,,0.08882701307581117,0.0888801315232557,0.08873224520084062,,,,,0.08884503436664357,0.08885679616120362,,,,,,0.08900051396380006,0.08857765789726586,,0.08881753268939625,0.08864035712935663,0.08865307734886743,,0.08876082930715427,0.08853216297524451,,,0.0886834032308268,,0.08846196619195931,,,,0.08857850156677904,,,,,0.08844603979029159,0.08833852153831373,,,,0.06172150804543712,0.061559408983580165,0.061837627635021125,0.06179078973379452,,0.06182922955058183,,0.06183338715783926,,,,0.06163868342969991,,0.06175033255576027,,0.061784672085097345,0.06179509124730236,,0.06194927261430142,,0.06175842760116914,,0.06168061731612955,0.06175609436209459,,0.06170331659488644,0.06184574412406677,0.0616823244908576,,,0.7864058581297514,0.7815093277471797,0.7854795003160171,0.7832367620074461,0.7849847733771124,,0.7850696597566081,,0.783083453052185,0.7884865848484497,0.7871897413001838,,,,,0.7906769527992317,0.7912109254543138,0.7899040766294649,0.7914408264667909,,,0.7910904700827621,,,,0.789507888218015,0.7852656555053441,0.7847876572403342,0.7826795905938991,,0.7827131550907517,0.7828846883930322,,,0.7859772000575717,0.7834670204954052,0.7861953971075738,0.7829998080722047,0.7850555494669766,,,0.7844667909066713,0.7852488905710835,0.7825024660476528,,,,,,,,0.7852602383661836,0.7853759093622329,,0.7851744886845181,,,,0.7908077596231735,0.7918234531031619,0.7904307944927363,0.7922337405087727,,,0.7919202919630913,0.7923049866078565,0.7929837115346975,,0.788557001971204,0.7893378151437603,,,,,0.7921426586302441,0.7907844698139641,0.7916586399163733,0.7909545987251998,0.7905153242741524,0.7923587627530032,,0.7924463859558506,0.7920343821633076,0.7900679641268683,,,0.11298664535384073,0.11308175366243071,0.11330674479250698,,,0.10466332178627688,,0.10466431276343935,,,0.07443882899526252,,0.07429663716780618,0.07469504794588208,,0.08165680735072872,0.07141306478455423,0.7517867671581543,0.020468977948970055,0.020447369931593743,,0.01999575317064878,0.019987838097493073,0.01996867957922358,0.019412982035767478,,,,,,0.170020619605279,0.15649472534734507,0.6798854569820758,,0.1662752838689697,0.6747475466711539,,,0.17530304789598977,,0.17490886809558334,0.18719245488258865,0.17509797683743736,,0.1859648317915553,0.18626793065775343,0.021109890060793883,,0.02112072084908689,0.021133233570625683,,,,0.021177576221382128,0.021145405363302793,0.021195740923684845,0.021175116254927535,,0.02114012042389741,,0.0211425289089417,0.02124449205914364,,0.021125330302268108,0.6531008309752784,0.6546789558344979,0.6518539081949414,0.6521439455611886,0.6550546430236877,,0.22759820033985784,0.2283708743183498,0.2283243921552251,0.22786745106766892,0.21610055629580727,0.21607801395811266,0.21575093474410018,,,0.6472321542290658,,0.6490692853513977,0.021538886704085117,0.02161766990882323,0.021585612797167506,,,0.021622645655452688,0.02158395382562108,0.02151315015503509,0.021540237904767143,,0.021501397528139315,0.021545797353187728,,,0.0215882886467692,0.02163085785878594,0.021548761016790652,0.02156769501467163,0.021555500254305894,0.021625298069624786,0.021569911994372453,,0.02153136817484479,,0.02151479092153451,,0.021614518607407165,0.021529116411426675,0.02153568271020442,0.021617562689563233,0.021571261624498766,0.02160058286139064,0.021531012746044007,0.02159051303870059,0.021594567639171013,0.021602049188169516,0.021573046716623807,0.02157121979368737,,0.02157307400221433,0.021604714187541074,0.021591086238559595,,,0.02161745009323957,,0.021593620490848998,,0.021615400173234184,0.021564990608201086,0.021551332028079382,0.021528680341179277,0.021582353588919023,0.02160225199689341,0.021605773410595795,0.021615289393062915,0.021579784053551838,,,,0.15550589273303936,,,0.15565323182298313,0.1557992329439751,0.15576424353878202,,0.15511350456285092,0.1555374079204379,,0.15567034898077622,0.15570204618390066,0.14836439320053538,0.14819038665881037,0.14841473974041686,0.1479717302151523,,0.1482241183355665,,,,0.14822273779958417,0.1484070719989115,0.14807850044550755,,0.1488054150658836,,0.14801030744051774,0.14835419972530048,0.14833853716648676,0.1482060652684997,0.15570834604079004,0.15529939478479285,0.15615656145000692,,0.15588687089386966,0.15562747405532526,0.15616977667933432,0.15573408233632632,0.77563934647439,,0.7783968787607943,,,,0.7746630802891027,,0.7760779604709545,0.7755987687336114,,0.775131235004499,0.7736919081286474,0.7754693704355169,,0.14823681677996062,0.14818267533017426,0.14792806718811533,0.14886597326462062,0.14819202860688496,,,,0.14822291045461997,0.14808492722694627,0.1485871729163337,,0.14810260752887153,0.14770465759062282,0.7781168006781666,0.7783869246571082,,,0.7786263637049783,0.7749447021567486,,0.15560297589077385,0.15563018412455257,0.15551408113263418,0.15527209739461242,0.15602860945974886,0.15558676867815613,0.155060200938344,0.1554093863536776,,,0.1558899357663395,0.15558059905631635,,0.15567729578924325,,0.1556091501406403,0.155407539245894,,0.15539943708612947,,0.1550547729901535,0.15595440111388448,,0.15601141930407716,0.1555982498848642,0.15553847403691334,0.1555267176067133,,,0.7755294899762064,0.7766501283420828,,,0.7757286281411836,0.776154014777191,,0.7765162961981076,0.7756186537586608,0.7738184602556385,,0.7777156924319963,,0.7753408721383347,,0.7751279994844877,0.7783957552936074,,0.7772188426832899,0.7762281440122913,,0.7770280599464129,0.77896622004442,0.7782046104895446,0.020608302305796095,,0.020626501438291006,0.020596961358239695,0.02056202322818653,0.02063857682744613,0.41451509626320454,,0.4238922357300862,0.4228557696808905,0.42425555107240953,0.2102361198343413,0.47998504004401177,0.48099127001730135,,,0.48101128417444944,,0.4796875299785085,0.48072711764113624,0.4798638455998403,,,0.48173329088141464,,,0.48103219462297614,,,,,0.4816566196483799,,0.48052490211263965,0.4807725282021839,0.48058650194968183,,0.48101238564843724,0.4817908506318181,,0.4812707481669674,,,0.4796650000173111,0.48009910890508595,0.47927316272636705,0.4781875861043245,0.48020739792186373,0.4798797756241926,0.4803933930256419,0.48071846712537497,0.4797517761564194,0.479415918700621,0.4805120941427077,0.48007360119611275,,,,,,0.47934479191469537,,0.48012117564478196,,0.48015096068049995,,0.4809056667506458,0.4794163363865728,0.4809991319489232,0.47906565243225807,0.4802629298864141,,,,,,,0.48058878446435926,,,0.4789582590486227,0.4808578915774909,,,0.48048812690528075,0.48006958064421595,0.48185918676118783,,,0.47876893626226114,0.48044597029056063,,,,0.47945317521064457,,0.4801922578633744,0.48028266743633274,0.47851625149837257,0.4819949393986121,0.4800629478751502,,0.48024798070363006,0.4825950709653378,0.4793545261079324,0.47867760791746045,0.4801524763039235,,0.479732158982826,0.4802126885372399,0.48138758125975606,0.48132055147571023,,0.4804786763193187,,,0.4811779112359984,,0.4807403998644378,,0.481476306684133,,0.4810202052092556,0.47970372950650925,0.47935720484682576,0.4811254806614895,0.48103936053726204,,0.4797173381494747,0.4807701976389131,,,0.4807370070695041,0.47941039637174243,0.4791729390677056,,0.48163807322844593,,0.47950778024473606,,0.47998322063598536,0.4793629946188541,0.47851221818148065,0.4802630772917219,,0.479476443835865,0.47923270955442326,,,0.47899849215898926,0.4808183406401421,0.47927297572391414,,,,,0.4805510546713865,,,0.4812579023235832,0.4778449050812817,0.4805734125812745,0.48094444449427953,,0.4806894105170113,0.4811836087484309,0.47955590747382304,,0.4804165252708299,0.4791718153581282,,0.4806462763731288,,,0.47928641707741415,0.4792665721599529,,0.4791437009995422,0.4809207142457865,,0.37204516510038016,0.37276125293601037,,0.4853934358900376,0.4134373011982584,,0.5487931602560993,0.5475036045077356,,0.4670189724043026,0.7838043128803519,0.7852231986741334
7,5,DG_10pct,20,Z08_F06,8,LL_AB,255471,255418,True,5273.596698470495,5276.216116458246,5334.869657644477,5410.424186154576,5392.06236459744,191.2649696927512,6144.099046529954,722.4178158656557,734.2230254683137,494.6656825656902,495.0122074337448,234.4311138492245,75.63951986715375,96.97937268651698,95.528358657851,190.75312945937227,194.5882606201194,18.463245864497328,365.13916845879015,247.07506547434144,0.671263195341762,0.6683215957644035,0.670317347378655,0.7345660512476827,0.661441228001028,0.8198114613968447,0.5682098795282573,0.4711604423362566,0.47148809916535805,,0.4520328314712793,,0.5351775551751831,0.534420278444547,,,0.4549647274654026,,0.7786124046401655,0.7792967384657614,0.4713365852441719,,0.4725921371330911,0.4704342035521154,,,0.4693669171039946,0.4688237186204633,0.4693549643828656,0.4716479928872122,0.47295660863748884,,0.4726788140556733,0.4733541566422915,0.4718191913769455,,,0.40819133793109247,0.4082561385773686,0.3943398778901447,0.3953262815300621,0.3948655422647843,,,,0.3942704622727793,0.3954690586379004,,0.3956226898506563,,0.396327606421424,,,0.39489911914613757,,0.3954236016048186,,,,,0.7718099632032697,0.4264579255211309,,0.4267179234101335,0.42735443174828597,,0.4265679935063676,0.42647696836224014,,,0.4265019638621201,0.4268329517356542,0.42771392657067897,0.427351805897663,0.4267093967614496,,,,,0.4270982321748127,0.42842292428944334,,0.4292677373503864,,,0.33767604590420824,,,,,,,,0.0029099586771099513,,,0.05255871386205172,0.052579429620113374,0.0525317799038668,0.05258500724300612,,0.05261022122156409,0.05269565629635712,0.05256484875759296,0.05259334634702825,0.05241773478332773,,,,0.05255894995100812,,0.05264328981327661,0.052594556567877086,,,0.05250627443674969,,0.05240688767510498,0.05256113257066543,0.05258196020097142,0.05255752994430011,,0.05262805987801192,0.052600270860360634,,,,,,0.05252278594118028,,0.052387608937457336,,0.05249030175545548,,0.052471114775576554,0.05248453323081418,,0.7436035406463415,,0.7429495206992008,0.7411497220706869,,0.7426043831579078,,,0.7413219183490372,,,0.7415172237024076,0.7424616891517093,0.7432759888244015,,,,0.7407357311804367,,0.7420342547498683,,0.7408738515920654,0.7413536883855254,0.7424469797927618,0.7425215504126909,,0.7422229018766978,0.7431851434184417,0.743869378795485,,0.7405496955395182,0.7430361202291257,0.7404137869749267,0.7425249681948553,,0.7443439856260016,,0.7418443072872166,0.7420777028702639,0.7416286000888922,0.7410356468348883,0.7407899903844325,0.7412035778850707,,,0.05314963626137135,0.05321063759721478,,,0.05322993596058108,,,,,,0.05321405519111984,,0.05315009820554401,,,0.053152828416831804,0.05321787041577794,0.05320324779095039,,,0.053238339914730766,,0.05309064959120597,0.053131686655659024,0.05306232379771815,0.0532341114151897,0.05300691024296306,,,0.053080913103603466,0.05314550717750603,0.053051753285766085,,0.05320295296926979,0.05306317020796752,,0.053134793621921375,0.053389380491019954,,0.05293976902332656,0.05330926192634644,0.05319943978163444,0.05303362284887119,,0.05329326509720802,,0.053028696700325714,,0.05332265215707168,,0.053268332977805824,,0.053042438826690415,7.351691142295182e-05,7.352930417143863e-05,7.365989671451657e-05,,,0.0029164394035120227,,0.002920939602366037,0.0029131255126421895,,,0.06234080241897689,0.06229737280434195,0.06236254152367103,0.062466848911129635,0.06243557464928433,0.06243611168648978,,0.06241310706806413,0.06248294772260289,0.062285879209906414,0.062239369482502076,,0.06239943336441715,0.0622394682871623,0.06232694188583886,0.06252933827781998,0.06233821789928928,0.06232221620073315,0.06247303280137124,,0.062204191368347074,0.062332498790668066,0.062361164719707506,0.06230585895098434,0.0624707433809412,,0.06245240120772186,0.06235468671620998,0.06235686301246578,0.06237871564382484,0.06224966064262517,0.06236996785449228,,0.06238159008088827,0.06230376564149447,,0.06228359836859873,,,0.062478718562490806,0.03372342110803542,0.033816284562577,0.033761237999818054,,0.033813433396615966,,,,,0.03371515885310627,,,,0.03374191263719323,0.03387366891012762,,0.03380313717178446,0.033674124127446636,0.03378044336779006,,0.03369650099954802,,0.03359418214680535,0.03370253982922637,0.033675972463800524,0.03371981856728766,0.03365647231077375,0.033724194222376665,0.03371203590213232,,,0.03365625969252202,0.7767509003258819,0.7740295434198369,0.7762886497819264,,,0.7759850321042825,,,,0.7737121742025103,,,0.7808943461045071,,0.7839763755779191,0.7811090578471177,,0.7800890889646935,0.7801972637481944,,0.781654100093248,,0.7806215232649713,0.7797867011853558,0.7805084158880561,0.7799289200077523,0.773711352484594,,0.7749549127833611,,0.777802439835971,,,0.7748624221055952,0.7751604569138393,0.7745558290622592,0.777307104737728,0.7764326959270987,0.7759949511291581,,0.775895266385558,,,0.7757251622320732,,,,0.7774862893565837,0.7760677438289152,0.776417235898214,,,,0.7773425847203078,,,0.7765470664527018,0.782121240579769,,0.7800866866894971,,0.7815075867368501,0.7824822522799862,,0.779708517230841,0.7832482218625326,,0.7815827544978111,0.7810786618386665,0.7814737535765096,0.7822398936173366,0.7840573324217831,0.7808020378484497,0.7810486690740572,0.7840351401127655,,0.7840956673032892,0.7819501555975074,0.7801667630857613,0.7838462664882878,0.7816691492197897,0.7811676615913902,0.7843645245526639,0.7840474480874048,,,0.09093590949761994,0.09035966698458271,0.09075190261107058,0.0906669401997348,0.07886076187147927,0.07904470995270069,,,,0.060363644674311136,,0.06013850894186141,,0.060186641753393444,0.060455959168067806,0.0531424277225323,0.053461657530989436,0.7408383497327571,0.0029140384894585127,,,0.0028563536821212716,,0.002860818606586428,0.0027761435126195198,0.0027825217021713484,,0.11747373617144921,0.11774293466957597,,0.14432257470723003,0.14527415289175344,0.6652078952267977,0.15493185177091262,0.15495268715500443,,0.16379519233969933,,,0.16400892608405176,0.16367177721848702,,,0.6543280200546508,0.17497675363299944,,,0.0030261798447170168,,0.0030230457864047575,0.003035050834561056,,,,0.003020229200338987,0.00302406252563021,,0.0030278466991965135,0.0030243467266628946,0.003024692991113009,0.0030334972951880017,,,,,0.636144526830848,0.6351742127830904,0.637454275791197,,,0.20666269212853816,0.20637395063263095,0.20559531780584933,,0.2066790737419461,,0.20619310593685153,,,,0.6302355601047328,0.6314138395044105,,0.003088619832379426,,,0.0030777755866203352,,0.003076388057430827,0.0030829227834841284,0.003089145344425675,0.0030776354141018344,0.003084212194566646,0.003086111614457182,,,0.003090529753272125,,0.003086883911528139,0.0030762233126977317,,,0.0030921253995054494,,0.0030816669016877924,0.003085540581088496,,,,0.003085285283196476,0.003089139708619236,0.0030813312743262493,,0.0030814486967886668,0.003089611704811075,,,0.0030831989480551263,0.003090502842924542,0.0030821611931082936,,,,0.0030861156157175754,,0.003098997928576638,,0.003087908101734537,,0.0030927875610408996,0.0030913484205200375,,0.0030915197878974916,,0.0030886237255945675,,,0.003083572470010246,,,,0.0030915042999192033,,0.13440675038943523,0.13432972883441346,,,0.13434710176026413,,0.13455373918678618,0.13450437440765292,,,0.13456119742404152,,0.12520800189982187,,0.12582547971406638,,0.12564540145169253,0.12584890846728114,0.12527441305525147,0.12564475512370704,,,,,,0.12561603418135228,0.12519811149047816,0.12526181219101598,0.1257500239022156,0.12554447028435609,0.13515536343553547,,0.13428055499749963,0.13472307343032797,0.13466198286907893,0.13431393524067814,,,0.7662145230343065,0.7669800997084217,,,0.7657843723984131,0.7642279521558045,,0.7636356956898502,0.7665058939456685,0.7677916970026449,0.7666577104268391,0.7652724499846664,0.7655369219315559,,0.125397816824072,0.1254771417895892,0.12527106741807506,,0.1258034415070436,0.1254905538328154,,,0.1252627089722442,0.12556774800270942,,0.12563247480235065,,0.12514035789705222,0.12535153534418286,0.7683246350958667,,,0.767755711226322,0.768506364910851,0.7696654792027411,,0.1345435943461293,0.13444027976042883,0.13448285569756524,,0.13465496424314563,0.1347241674209011,,,0.13464617754475738,0.13431061848309284,,0.1345287387193658,,,,0.13474423909695538,,0.13474225301198903,,,,0.13467658648827574,,,0.1347323992336198,0.13471380713550504,,,0.7703021967007583,,0.7689435797779626,,0.7687509099988513,0.7687571936778516,0.76945042787996,0.7678297214737175,0.7668928462579255,0.7658313540569609,0.7659489132442202,0.7667875900004076,0.7662506333333194,0.7675257070714662,0.768540283577187,0.7680150583064396,0.7663019062666102,0.7673556114069964,0.7693217572347552,0.768392210882342,0.7672192428369725,0.7676541238785006,0.7693771327003681,,0.7683136449861262,0.002957218227654975,0.0029439959402415834,0.0029507682332423845,,0.0029589030021314926,,0.401556291316523,0.4820517022052727,,0.41373215045866424,0.41265632123542645,0.18677093097406858,0.4709003506447443,0.47182197340180265,0.4713824271799299,,,0.4707537617014836,,,0.47152848538050396,0.4719897800642798,,,0.47070894333586133,,0.4706864837645586,0.47122089057183186,,,0.47151645146731724,0.4702257133506019,0.4711974570913984,0.4700075910997426,,0.47182489697920516,,,0.4720913874172367,0.47180522876819675,,,,0.4714968359400085,0.4703585898309969,,0.4713803149894709,,,0.4718319642298554,0.47049935463673836,,0.47066995527576594,0.47044612545489195,0.4720480372306467,,,0.4713736248593604,,0.4719011579463054,0.47047720404983473,,,0.4709916647317687,,,0.4727776546271834,0.4714779585526683,0.4710723037136892,0.4702167943343953,0.4710356095371335,,0.4712244629756993,0.4710275259892305,0.47026182661396737,0.4704067099952039,,0.4710955832282488,,0.4702841148261971,,0.47064485025970015,0.47099843814805703,0.4706067007473181,,,0.4707258081394054,,0.4724820602099655,0.4715389822699664,0.4716312984427962,,,0.46992607395583347,0.47031046456468856,0.47027919805887314,,0.4704426654414879,0.47119950881554323,0.4703096631843693,0.4703842374258153,0.46970433548606033,0.470958182979132,0.4704068202913954,0.4700471619051046,0.47128888739192965,0.4699530216799208,0.47069761430795637,0.4718009587059898,0.4703793739424438,0.4715219626277821,0.4698876355462409,0.47089881685954504,0.47180752845740154,0.4700788892136066,0.4708379986478812,0.47000767114799485,,0.4711198642213898,,0.4709021844173887,,0.46998412106427156,0.47205800882386245,,0.46948217177433754,0.4703335828380401,0.4703302386366776,0.4701517680626008,,,0.4700055090884318,,0.4710226100126187,,0.47157812382893866,,0.4699979958189768,,0.4700579394235659,0.4697552143453216,0.4712406048176419,,0.47160391661405393,,0.47194835078609665,,0.4698974230417746,,0.47165652825914905,,,0.47082555610794724,0.4715681672508487,0.4709029569071159,0.470870556265453,0.4722966220514239,0.47090018616579954,0.4725241095320285,,0.4704675978654462,0.4714893867335045,0.46981139338185735,0.47100481037690134,0.47053823394272243,,0.47012209489759693,,,,0.4712176608232178,0.4717318366185667,0.471026769162903,,0.4702632549867848,,0.47111735887333445,0.47058017710192546,0.4713534093174135,0.4706988959296987,0.36033016271003127,0.3614906105048804,,0.4688491526139449,0.40027271272356574,,0.5350849623880363,,0.45659481031942206,0.456960954265815,,0.7796204750977764
7,5,DG_10pct,20,Z08_F07,8,LL_AB,255471,255418,True,5254.9897939649545,5276.44638513675,5302.314777744566,5379.14950656819,5401.2801496852335,191.22631461687726,6143.914081331442,718.9044160374133,736.8988559172313,496.07233093156066,495.24447770395244,233.84938671047408,74.97104038219653,97.06681727532369,96.31002568209239,190.8342467038717,194.91442220470455,18.519043115000645,361.8002502828837,247.8445457706107,0.6700755842251843,0.6708985132692321,,0.7350757403092177,,0.8204729507210758,0.5685360089082108,0.47220361449228265,0.47188717115803425,0.471311474067498,0.4506118895427773,0.5339010285595793,0.5328289315028086,0.5340878615723971,,0.45582409078921693,0.45610209495684984,0.7763366103834084,,,0.47174097287527456,0.4735606162950375,,0.4702919832238096,0.4696768515033238,,,,0.46896250122141503,0.4720269394039331,0.4728443438567719,0.47252217695381016,,0.47244321590461313,,0.48482560949867964,,,,0.39415937594620537,0.39490651360541335,0.3950132604916559,,,0.3950337885822707,,0.3950686465059317,0.3957177855300813,0.3951530494329925,,0.3936808720582092,0.3938760863071932,,0.3941624391303829,0.3941692884020896,0.3946559527637059,,0.4376585863469552,0.43852229701955786,0.3735382876262195,0.7723219202840791,0.4265404991094194,0.4265804051074768,,,0.4258903121408835,,,0.4270191801870469,0.4286206879212978,,0.42742845114241695,0.4272966260515241,0.42784543880452425,,0.4266579575760094,0.42603444942982654,,0.42696047246685104,,,,0.4287163143946723,0.4281103298248949,,,,,0.0529478122324224,,0.002908579847648874,0.0029110304994360812,,0.002905724955814498,0.002921063953428165,0.052827190081008245,,,0.05278605649998617,0.052435854896166006,,0.05276861063919078,0.05261775806824859,0.05248449280510367,0.052574986518648156,,0.05262538150983214,,,,0.05270013209766997,0.052659928773270685,0.05264140876582373,0.052586079412381595,0.052422492686277924,0.05258255059720579,0.052640786523954035,,0.05256637236084182,,,,,0.052740079125888066,,0.0524706474937521,,0.05245528086932714,,0.05255534235044394,,0.052426158553713235,0.05265447829862963,0.052476694721280595,,,0.05255934177030612,,0.7419261541344668,0.7430676364608758,,,,0.7418608075108545,0.7398824761476839,0.7415755244338847,,,0.7444069292845451,0.7407927049945973,,,0.7448531137369462,0.7415781334389966,0.7431503609533971,,,0.7436519032601645,,,,0.7428011703724281,,0.7401179973873242,0.7427378043177216,,0.7424282514882056,0.7445115471895076,,0.7424839863368893,0.7422201727129955,0.7422980453376499,,0.7428719902330599,,0.7409403873252703,0.7437530471611775,,0.7415210098585066,,0.7432901678913387,,,0.05315622074931287,0.053273081068031025,0.05311897156130784,0.05306858984923641,0.05322031795733399,0.0530637080148323,,0.05308627681832106,,,0.0532160258780968,0.05311173349317976,0.053112600719470424,0.05325928493157338,0.05324314920506689,,0.05303861301874775,0.05298724509136991,,0.053183648664831405,0.0532207968564796,0.05319736706514488,,0.05305920246231725,0.053167874964202874,,,,,,,0.05318211801392476,,,,,0.05315809627615464,0.05311930195890151,0.05328664599785637,0.053087972686389255,,,0.05309994707809826,0.0532556328258203,,0.05302983429514098,,0.053055514562385886,,,0.05319034356041436,,0.05319864277876064,,7.356378357893747e-05,7.368307651768746e-05,0.021393070328599332,,0.002927039177490469,,,,0.002926105020262405,0.0029130984549536757,0.0622083498777393,0.06217732687027957,,,,0.06243275936910757,,,0.06222242010316235,0.062323303687208426,0.06243785899470108,0.06243045050490544,,0.062414492253274306,,,0.06225865432530564,0.06233769175272882,0.06226640928560436,,0.06229783737603334,0.06235795692394916,0.06248042856409794,0.06234009634650222,,0.06234547279985932,0.06250141578763846,,0.062423362751776436,0.0622257003404809,0.06226434763071386,0.06241807452782828,0.062340008378845936,0.0624611167044315,0.06220034354511732,0.062425332372865065,0.062172347091085975,0.06247252033088039,0.06226895858224959,0.0623400154161968,0.03375243081270012,,0.033690391115817266,0.03373666221230276,,,,0.03371338893629007,0.03374698045226941,0.03370533324255505,,0.033685339698466,0.03377239085093542,0.033719682953012885,0.03365830471969935,0.033683500440911146,0.03364592770427426,0.03375874328903862,,0.03374357944211963,0.033765143613831254,0.0336865851631555,,0.033764851142480824,0.03363750025337251,0.03362626337163614,,,,0.033678145636146205,0.03367510730000355,0.03368961767833889,,,0.7758399947325345,,0.7776226487519989,0.7767770693188374,0.7767638445552938,0.7791550519012926,,0.7749374605373288,0.7768513950211956,0.7816658511092622,0.7807500208829652,0.7821650324011405,0.7818301784871122,0.7822333283204744,0.7808071710083959,,0.7810378497333472,,0.7817287423413259,0.7828104172932637,0.7807754473740172,,0.7780007635264398,0.7795836424764493,,,0.7752131750634935,,0.7752230881881199,0.7748882344979167,0.7746744745536649,,,0.7763202443669086,0.775755685907515,0.7784991419739983,0.7767385421292973,,,0.7770396234099592,,0.7736954136385695,0.7778538604800638,0.7736996852567528,0.775739672406721,,,,,0.778905091076232,0.7758370157552635,0.7760143331008986,0.776753712389271,,,,0.7808489993918112,0.7827183523199994,0.780075805409333,0.7812408671930795,,,0.7827184108282599,0.7798147477374419,,0.7817240822010719,0.7825156313064083,,0.7815007096972338,0.7830306169835577,,0.7832802556102142,,0.7814557814519592,0.7844574723322675,,0.782189843371555,,0.7817067930467824,,0.7827881470550556,,0.7811847876101018,0.7817368609452041,0.09054118558283841,0.0905572283214821,,0.09081068931749715,0.07859005115363571,,,0.07881326594694098,,0.060288378708131495,,,,0.060029101959463434,0.060173469615074575,0.05305023845486635,0.05359981571775943,0.7425934688829001,0.002918469974185516,,0.002911958842741494,0.0028516164538385795,0.002855578936910931,,0.002777333212241986,,,0.11740522447729315,0.11742618286026568,0.678384183125125,,0.1453013059827723,,0.1545699040296124,,,0.16390586696974732,0.16357489300291453,,,,0.1634047711694669,,0.6535980231226702,0.1752011043254714,0.17495528501372778,,0.003035786279993684,0.0030194563335802505,0.0030346175247001157,0.0030257691852758934,0.003034751693758792,0.0030314067765077443,0.0030260399401794468,,,,0.0030316514223058598,0.0030279597070628148,0.003030208427279023,,0.0030283682276903505,,0.003029352369805073,0.6345515889119663,0.6371956851787972,,,0.6380518096363439,0.6416734866697222,0.20583809538840628,0.20593920083248643,,0.20578078568067046,,0.2066539376501661,,,0.6325429432005323,0.6307435255241787,0.6328149369668863,0.630959678713824,0.0030933155801700215,0.0030832995948919806,,,0.0030893049135066863,,,0.0030755209488442592,,0.0030857406981634884,,0.003075354378800781,0.0030876839276673174,,0.0030900049145799417,,,0.0030912680843058413,,0.003077715134583743,0.0030832965197397405,,,0.003093318804032761,,,,,0.003090680511735149,0.00308288251658856,0.0030834812759838073,0.00308119011878212,,,,,0.0030882829730643872,0.0030850376357025185,0.0030925067192370944,,,0.003088484430821613,0.0030882522064444237,0.0030840019034672904,0.003091704827597448,0.0030862845964521055,0.0030787908140722654,,0.0030873106262959385,0.003077570351142511,0.003084619963997815,0.00308048414181077,,0.00308974925194987,0.003084402095235409,,0.003086970716340719,0.0030901971939833327,0.0030866059077101463,0.0030925584823879334,0.1345715235498326,0.13469375829052707,0.13441868005925695,0.13392746654680496,0.13454416047171794,0.13477982622613333,,,0.13449142095208433,,0.13420705608353534,0.1345096564515604,0.12569892901496432,0.1255580147364087,,0.1254585993875483,,,0.12553713743918601,0.1257465024895028,0.1252491233885488,,,,0.12500050361522033,0.1258009483293435,0.12570460059582247,,0.12531826360895756,,0.1254149567201394,0.13498830102224135,,0.13437275036981994,0.1343297033274434,0.13436483772690092,0.13458537885785565,,0.13493629260204645,,0.7667065366738984,0.7677302986468101,0.7659295586815373,0.7655861625695032,0.7623657916024867,,,0.7673752893704902,0.7678232996782154,0.7676133983024129,,0.7669737586615687,0.7656262582168787,0.12551304632553856,,,0.12559838050171188,0.12543920350578716,0.12563954536679386,,0.1254113413686921,0.12568356110200024,0.12601245402255695,,,0.12365763972002032,0.12496640430769067,0.12472187025752178,0.7681629811901579,0.7679608538126957,0.7700991050869184,,,,0.7691196041715528,0.13462190459592888,,0.13496249800552937,0.13525247072919663,0.13449207553745426,,0.13467186066809422,0.13427177713204846,0.1349191145243421,0.13431585118594278,0.13482800748393456,,,,0.13488726535725526,0.1346872109035635,0.13434954395085322,,0.13417046766216287,0.13439182189820464,0.1346975316836292,0.13477973811668265,,0.13428590286590558,0.13444530261227208,,0.13434808840997034,,0.7682008821201566,,,0.7704822223561292,0.7682134887277456,0.7677468423540524,,0.7688191287338807,0.7672868518347389,0.7646764171452617,,0.7695555893620971,0.7675829774741688,0.765579342442191,0.7650757299560134,0.7675866276618898,,0.7695997637302938,,0.7676019596854239,,,,0.7673556831256491,0.7667384454098688,,0.002950095324283511,,0.0029524887902297125,,0.0029548347575311038,0.40081929179381653,,0.4125679556481633,0.4134156570840058,0.41381620218958565,0.18727243644436153,0.47087529474235873,,0.47289532382781213,0.4710713051296426,0.47099310115719883,,0.4709213025850082,0.4714979649649784,,0.4730462182285395,,0.47128558624428696,0.47208356459296535,,0.46938660748718086,0.4706162088229274,,0.47046769413089096,,,0.47179363189197604,0.4710833631063494,,0.47166269821736523,,0.4706282588691566,,0.4711426534936795,,0.47025304154980785,0.4726063939746726,,0.4703003728025624,0.4710098981019405,,0.47210171440702053,,0.4689734010642489,,0.4716797814646431,,0.4713536254135577,0.47102363397254776,,0.470428892704339,,0.47056143773150694,0.4705081884910089,0.4707278915957495,,,,0.4703737889821706,0.4716988323085056,0.47074331308065687,,0.47140399050856663,0.47064003663357773,0.4717894796069554,0.4715076549592561,,,0.47033736390919084,,,,0.4698416925805355,0.47139933551778584,0.4709703144547698,,0.47055194427358343,0.4713582851689698,,0.47098990779294625,0.47174727679245865,,0.47214484555159814,0.4713379010052951,0.4702393052646548,,0.47139477817648295,,0.47070897913324544,0.46977534737107957,,,,,0.4703939758019065,,,0.4706286052188623,0.4711930523098805,0.46989719228668364,,0.47141726298521464,0.47068034324201036,0.471706780840164,,0.47130275554687845,,0.47224546519217503,,,0.4711918776051079,0.47047955826297816,0.4696394352452432,0.47123484697532037,0.47091726973674736,,0.4713395829822544,,0.47104335699611605,0.4702639899008584,0.47209838237934526,,0.47109151777356634,,0.47193968043989337,0.4713680133993097,,0.4705085815573992,,,,0.46898580935548884,,0.47271950945028685,0.4721680208009876,0.47108136306559234,0.47094449526180154,0.47063948503659836,0.4715823735428732,0.4695863021451191,0.4714427146000029,0.4696917084676335,,0.47216746948424293,0.4710832669316368,0.46984873491172946,,,,,,0.4698247317047627,,0.47248146788058765,0.46963546109093235,0.4704205394058048,0.4712019000139943,0.47220827980148145,0.4694619141282614,,0.47112829701870923,,0.4701592660967888,,,,0.4707499131636845,0.47122997917734105,0.4715980283431053,0.4720113837280689,0.4708507227473454,0.47226825565915037,0.46890468143346786,,,,0.36000499169791883,,,,0.5347632640382097,0.5353434294398697,0.4562840041502689,,0.7783773446220824,0.7758319056364993
7,5,DG_10pct,20,Z08_F08,8,LL_AB,255471,255418,True,5299.654669215171,5267.14882819492,5314.755881593116,5371.882500517641,5372.567262400187,191.1001487917999,6144.7412095586305,723.3612861581853,730.6299222911562,497.8190084125432,495.1086341594185,234.09489254273748,75.09820848930057,96.7827719194619,96.5794505324885,190.75560050276542,196.20691699677184,18.556258737954682,363.1844572816574,247.409693891568,0.6693892153804938,,,0.7334636976003381,0.6603619075609891,0.8170572985336059,,,,,,,0.5357254816419091,0.534228484643125,,,,0.7798289578527309,,0.7798335927714112,,,,0.47077229562287537,0.4713602838137345,,,0.46901112374817405,,0.4723860372978959,0.47327825315967154,0.47354600338439445,0.4715575866455598,0.47360300311056325,0.4710579285590437,0.4869488866884111,0.4090340391857259,0.4085192814518317,0.40940830689564817,,0.3953309535802288,0.3951588500348277,0.39496581324335434,0.3953959413902037,,0.39647027155051934,0.3957484186210283,,,,0.39510329984178616,0.3946507097456119,,0.3947368315906982,0.3946174049666128,0.3963929299254877,0.3946515642691988,,0.43986681756713153,0.373211255091815,0.7701915460819693,0.4278231552298231,0.4268545401082897,,0.42825237645790437,0.42595634075228234,0.42699355576951736,,,0.4271656943252,,0.428605281101378,,0.42670116154798915,0.426557887775757,0.4276347529473417,,0.4276643669236312,,0.42747895884341175,,0.42722794670812164,0.4273911302443946,0.42804990393723785,0.42800400792179444,,,,0.05285018097342183,0.002908671986566272,,0.00291618703550799,0.002896313101972695,,0.002904114044640735,,0.05255169925750577,0.05269153196356457,,,0.05256699829660823,0.05244628705895429,0.05258500519981397,0.05263130454770802,,0.052438147696432916,0.052559767281741505,,,0.052635634005106444,0.05263172945923886,0.05244719143939566,0.05247105324824019,0.052710001066393335,0.05264701937234566,,0.0525381209097108,0.052487434299777334,,0.05261256690602617,0.05260918498497429,0.05259777245322501,0.052567901430003325,0.052534998084894584,,,0.0526011881635007,,,0.05253736390906904,,0.05262318776482412,0.05246919096994614,,0.05241441312153844,0.0525759621202956,,,0.7421202711374173,0.7445859626477048,,0.7421222679165473,0.7407597502904553,0.7397327047142443,0.7421283449228189,0.7441493613708854,0.7426128943860353,,,,0.7434890579644904,,0.7435917400899352,,0.742616731359488,0.7443374975901298,0.7426308214637273,,0.7426052635754716,0.741932089719082,0.7415313580638258,0.7398599603943501,0.7411442380114426,0.7422092785887658,0.7443779009113,,0.7423954473763794,0.7414505948221084,0.7414221382351194,,,,0.7409374248904307,0.7413118926923323,0.7393913916386394,,,0.7411877906001999,0.7437716105166672,0.7433628863305511,0.7412856715213474,,0.7417482463014213,,0.0532125367031798,0.05311621877882106,0.05307668283402628,,0.05314394005488823,0.05297831260213748,0.05328038576862033,0.05316317662338835,0.05320124041635721,0.053316983184397856,0.053184317795935465,0.05314595281160244,,0.05309271701939433,0.053139428686522265,0.0531169830953123,0.05298609232250005,0.05315895839090816,,0.05317586507933555,0.05316744884792836,,,,,0.05307965812931438,,0.0532227914309977,0.05295091288972575,0.05328524198601959,0.05311664437807568,0.053158438680880556,,,0.05320516194521448,,,0.05309659780701719,,,0.05328632848262454,,,0.053201228537809474,0.0530433237499249,0.053059209862617605,,,0.05303604965896815,,0.052948980023397194,0.05304294361848995,,7.364291741203513e-05,,0.02138263181662934,0.04772571057064897,0.0029215363489971877,0.002915959946340513,,,0.0029182125027784208,0.002922961472560796,,0.062473328063070085,0.06222914480159157,,,,0.062384228261953924,,,,,0.06237953897419587,0.062227512252944366,,0.06237035325050719,0.062175355809629296,,0.06233704768859662,,,0.06255518432749346,,0.062206661192515625,,0.062295632887328686,,0.06225953122087464,0.06257777505036971,0.06226809301254501,,,,,,0.062256500093943075,0.062461686513897455,0.06233438089890767,0.062179332494864036,0.062286538864980756,0.06234556520076974,0.03369773392128077,,0.03372489995418851,,,,0.03375941125471024,0.03374607224933998,0.03377806022838311,,0.0337902601073954,,0.03386978285209416,0.0337515057483949,0.03378791076522673,,,0.03374925146912143,0.03370716498129535,0.03375231593402358,0.03372602880627861,,,0.03359787674702743,0.033760728689278055,0.03384815269099933,0.033617020621451894,,0.033673508816342394,0.03364293485038866,0.03369756403862292,,0.7769466206737888,0.7744035725242568,0.7763126762544729,0.7767818771204804,,,,0.7739721657384767,0.7738318988737107,0.7781521049547125,0.7749057967705792,,0.7822583538586712,0.7828871266596771,0.7796234680451046,,0.7815514878221278,0.7829307783697397,0.7786909534686398,,,0.7813791852298425,,0.780560384498933,,0.7804052980784869,0.7758854783740127,0.7767944927156639,0.7734609368888595,,0.7752548302077923,0.7758024039088068,0.7750388097021069,0.7750279729026188,0.7730284010113582,0.7775719500796815,,0.7762912331647103,,0.7753025793866795,,0.7740390978620981,,0.7772062957805782,0.7769453016595428,0.7771861525573927,,,0.7766439488142158,0.7742607636785497,0.7777915405903174,0.776798393383505,0.7764994889692354,,0.778318702975617,0.7748109685156932,,0.7840611522476247,0.7812691670973371,0.7833795819091789,,0.7807478214519836,0.7796567667621515,0.7802400161155344,,,0.7841323649041577,0.7829492254091359,,0.7829054730797644,0.7818162494040181,0.7811426535046245,,0.7800638318206302,,,0.7828159982049636,,0.7837621120159859,0.780817431530276,0.7825511699590249,0.7801250949874481,0.7831785824342256,0.7814139755041265,0.7800372342570573,0.7810860169193692,0.09051033279919055,0.09050999475908676,,0.0907843395992499,0.07870656396302671,0.07870917398870575,,,0.07878299475823937,0.0602208297333694,0.060214841270156846,,,0.060282350240709284,0.06017882029110399,0.053188015657695084,0.05339363223153817,0.7441266048410892,0.002908738170493112,,0.002918420045845384,,0.0028530110207538274,,0.002777385668142139,,0.0027806223765649537,0.11730622449501155,,,,0.14524872407244685,0.6653437050245842,0.15450417976160488,0.1547767900691808,,,,,0.16361897382880108,0.16394041938980172,0.16347390936217893,,,0.17473196908148467,,0.003038123449961146,,,0.0030163308299835574,0.003028773198917001,,0.0030328896559529777,,0.0030212274443206207,0.003023736058764538,,0.0030226323428393224,0.003023357397285788,,0.0030393433014279676,0.0030253732977640075,0.003025437304242643,0.0030326762622149513,,0.6375385792790849,0.6355866683448358,0.6359473868441203,0.6361612153180274,0.6394425908459098,0.20605262344965955,0.20597499579323375,,0.20588598001010383,0.20637295861678245,,0.20617061177965076,,,,,,0.003090823856779808,0.0030895599170277723,0.003085133097590618,0.0030857789101296036,0.003083192442121861,,0.003081830607063348,,,,0.0030771432113040342,,0.0031025083584326693,,0.0030874828248280478,,,0.0030879226537342238,,0.0030789846946247977,0.0030779353692160583,,0.0030835839601255216,0.003083166178549296,0.003076731624143695,0.0030810635583313744,0.0030809803196657102,0.0030788118162007007,,0.0030793539619938925,0.0030845214986128053,,0.0030755248944033518,0.003082825809956167,0.0030846064028655445,,,,0.003087491967835876,,0.003089273670543498,,,,,,,,0.0030907675483121543,0.0030842828584201907,0.003089727772014221,,0.0030829411274033635,,,0.0030873385143411715,0.003088123947934128,,,0.003078677257167478,0.1345605772173605,,,,0.13475608406806788,0.13443857059013586,,,0.1342151388527211,0.13461359562498754,,0.1343895514738319,,0.1256579888253204,0.1257507769381914,0.12537141940257068,0.12572015924376465,0.12537050388257448,0.12532672166149397,0.12544571383004352,,0.12526046219588627,,,,0.12563033765220477,,0.12522154628575133,,,,,0.13417549785291324,,,,0.1348702271988398,0.13469620886249226,0.13430141201345852,,0.7675472608841736,0.7660078797199251,,,,0.7656075007726125,0.7651677542323045,,0.7673539826042106,0.7655695804844985,0.7647737576582468,,0.7665104600866507,,,0.12515892254934868,0.1254234107863894,0.12574961513890207,,,0.1257052792388352,0.12555664773256933,,0.12548123505267675,,,0.12508051076714174,0.1254682333205814,,0.7652235942495581,,,,,,0.13458451105658728,,,,0.1350833600216949,,0.13468292881201874,0.13436344882940793,0.13400036024975528,0.13451535606840234,0.13475712729327907,,,,0.1345692579249142,0.13477025548406169,,0.13483689749136765,,0.1345028963938318,,0.134554709288934,0.134871845950227,0.1348169544027381,0.1345373361281414,0.1346922009797376,0.13418260756836722,,0.769265236526258,,0.7656584402637646,,0.7677607912316442,,0.7695353303845962,,0.768700560509523,,0.7645857018863114,0.7686251510824208,0.7661959255927859,0.7671121643177053,0.7660511663478538,0.7667575672429081,,,,0.7690633914775943,,0.7691918918572352,0.768779047232595,0.7703441394767604,,0.0029533435334756853,,0.002949567465595175,,,0.0029499321466255543,0.40170557003767743,0.4830406865751663,,0.4151435379962695,0.41308008328732393,0.18666843936733665,0.47012182725402824,0.4714603771385081,0.4702649949954472,0.472653316010972,0.47120446173191044,0.4713418311640186,0.4716215852025059,,0.4704419664847675,,0.46989753613982355,0.4707545081584996,,0.4717013530085102,0.47121364122621945,0.47017387489623597,,,0.4711286930344519,0.4705555603339376,0.47126278434626523,0.4704950860565154,0.470206955889501,,,0.4700307937261716,,0.47064378236125576,,,,0.4717760339768207,,0.4709580423155616,0.4701684899577081,,,0.47090619894560093,0.47058189990182514,0.4706387928855557,0.472007382250907,0.4711712547913455,0.47151179048522524,,0.4726611815942219,0.47184921938415497,,0.47059819813768333,,,0.4718073003098866,0.47254970043895084,,0.47232642044295964,0.47015607345508,,0.47236438282368354,0.47154732282243805,,,,0.47048460543864107,,0.4696153694596182,0.4710438032254769,0.470934782267118,,0.4703496166504787,0.4716296476731674,0.47131519756959456,0.469899973816585,,0.47164392402101557,,0.4691471496278726,,0.4696687807782439,0.4706694849170668,0.4728674581639322,,0.47105563267841555,0.4705988894835356,,0.4712341033018235,0.4718336273335983,0.4708694701100273,0.4706386680924358,,0.47020860371810463,,0.47178965236259235,,0.47099469119593335,,,,0.4713657624986689,0.47044521214244467,0.46997036502646117,0.47123279850301936,0.4713390557716117,0.4712641028398674,,,0.4710674752143797,0.46986933490262506,,0.47059048895239686,0.4712918957170477,0.4721319778698071,,0.47273685352982775,0.47195139277815973,0.46928582948707315,0.4703105745473597,0.4704192895516907,0.47043099711483954,0.4710181338416621,0.472625684165617,,0.46934963297197113,0.4713677912259822,0.46961600335736625,,,0.4711415002110527,0.47087494342021513,,,0.47112217463427014,0.47153589498681037,,0.46993049553065014,0.4711458126387102,0.47057649187170725,0.4696768409301123,0.46907838417966835,0.46884305486283673,0.47017312290986396,,0.47047079740885944,0.47270769493767295,0.47044709437131993,0.4712153358466316,0.47288553213227164,0.470608824066838,,0.4706710750602003,,,0.47087964620879336,0.4717923843111045,0.4706091416561991,0.4713123122749955,0.47013405032930816,0.47102732635130545,0.46985353737340163,0.4696034621916067,,0.4693967057911608,,0.4704189293742144,,0.4709901006975772,,0.4707141583544802,,0.47069748449265,,0.3608655572921012,0.3601908742749729,,0.40111373425584157,,,,,0.4557206558124162,0.7767589188988467,0.7744554883374154
7,5,DG_10pct,20,Z08_F09,8,3PH,255471,255418,True,5480.802184820925,5445.490522764732,5487.601153587502,5564.401105615697,5510.01128500124,4.779835320959359,5497.887907679409,2.1541211370566145,2.1919614969156083,1.6407922155795174,1.6489356498404628,0.8160982837596276,0.2694718212593429,38.244575560703794,36.29280941867677,4.818977335820908,0.20897592159213835,0.07904001000378548,0.4170140862825828,0.54678846159411,0.6724033647274941,,0.6714545485730877,0.6744082915211732,0.6714239162000845,0.6746505052012844,0.5840393956548297,0.469798257743522,,,0.47174199326939126,0.4748930255367848,0.4760002559765371,0.4746065953582576,,0.4747732670646349,0.4748989482235024,0.47534348240375424,0.4744452728388171,0.4741783112784338,0.47006558678663796,0.4703494954015987,0.4712147969084202,,0.47289643944369014,0.4712161577900563,0.4655333028684423,0.46784251513554587,0.4658373882591565,0.4727108549698666,0.4715938331518847,0.4722928476946808,0.47262901411495883,0.47350745309036385,,,0.40496447447401784,,0.403763127413198,0.3958493500391805,0.3955128977213085,,0.3957125323768676,0.3962231107570524,0.3961237829000102,,,0.3960080955186443,0.3964822186359128,,0.3959628513073791,,,0.3955613090494348,,0.39645533172812075,0.3961980044563982,0.3877982041975628,,,,,0.377055796229664,0.37941038626461526,0.3772071557688983,,0.3784610503865293,0.3787361893186722,0.3780890152580788,0.378144305379307,0.3788368567379878,,0.3799886453331649,0.37959043373437995,0.37865976117122274,0.3783645488733925,,,,0.3778494180570828,0.37794253326625316,0.3797585674064516,0.3781422572592364,0.37888246026024186,,0.33778066591916234,0.33710085844083576,,0.0029228179792596424,,0.0029046235910819246,,0.0029093018866067164,,,,,,0.0029490295259268005,,0.0029457167023915873,0.002945613668202391,,0.002944713841381707,0.0029448476492032966,0.002949762723507394,0.002950105650299836,0.0029426859486131928,0.0029480600815890855,0.002944438266736513,0.0029481496351933837,0.0029496174534902994,0.0029465042193066284,0.0029383493243380723,0.002949813989653952,0.00293700618971471,,0.0029428651720120142,0.0029359804341435826,0.002951557305262356,,0.0029402797974244477,0.00294275621944849,0.002937664454245761,0.002945412012577827,0.0029516562581980827,0.002945985648796117,,,0.002942290016258624,,,0.0029346751972911134,,0.0029519868219071233,0.002942141073574249,0.002946045164481794,,,,0.0029473202112071852,0.0029394429511187094,0.0029493275549718604,0.0029465049212830446,0.0029474512807475526,0.0029587327320115034,,0.0029426905714026084,0.0029445442797690247,,0.0029414490032656703,0.0029460761190842634,,0.0029418304885573607,,0.0029484678850532986,0.0029489302331931087,,0.0029458773393043723,0.0029456400241844936,0.0029409428743282433,,0.002940064790606702,0.002945763810758218,0.0029393557949351137,0.0029423995854097012,,0.002936893128387094,0.0029434812611926655,,,0.0029444097190105905,0.002941104035710257,0.002939475505299157,,,,,0.002942579851152001,,0.0029505005501252192,0.0029375855804444034,,0.0029422732013963376,0.002949197995526811,,,0.002942515533296591,0.0029349235414331794,,,0.002944285831837417,0.0029463066674914884,0.0029441384602756685,,0.0029480546758609157,,,,,0.0029450370775866807,0.002956353650480443,0.002949765678634329,0.0029408282122036352,0.0029427002455639146,0.0029411486250089675,0.002939933995390683,,0.0029372084630242285,,0.002943317004170831,0.0029366928999385645,0.0029430224995437007,,0.0029517109813826338,,0.0029417472458090122,0.002940130918808231,,0.0029432930307119985,0.002950743795636445,,0.002946946777511795,0.0029407601764222706,,,0.0029442236032410163,0.002939421204415713,0.002935548496672095,0.0029445858298083306,,0.002944908947215051,0.0029494661682851896,,0.0029437160158888023,0.0029448267176036803,7.394877073186353e-05,7.415053199950844e-05,7.360325407454704e-05,,0.002928904753509972,0.0029269246935341043,,0.002931133497714705,0.0029290214401448507,,0.0029250714910179464,0.04924099701115337,0.049308689314695675,,0.04909744431805738,0.049287230370284305,0.049229352881164624,,0.04931092707815483,0.049337333619833355,0.04929020704624802,0.04935830712870872,0.04915965245111147,,0.04922225216597476,,,0.049220925897300045,,0.049169455228732194,0.049146134313159916,0.049129968018330354,0.04918716881905848,0.04910092780290656,0.049043082120079504,,,0.04926242144633087,,0.049213673655080226,,0.04903988522208426,0.04908406370066208,0.049381498268337515,0.049183688744763844,0.049211121352408,,0.04929387271250694,0.04929967335026434,0.049267520292519705,,0.02606767934738191,0.02598111006256898,0.026056075151249306,0.026064781739330974,,0.026030564043714188,,0.02600984823435988,,0.026020946756037156,0.02616477586655057,0.026083018697187897,0.02605773627403469,0.02608311693319397,0.02600804607645582,0.0260869111473543,0.026011766777015485,,0.026028567400242227,0.025932615456725545,0.026050741030201007,,0.026045942904354268,,0.02600711669411264,0.02600408982546611,,,,,0.0260767954159832,,0.049129821958972926,0.04931254210307955,0.04921450770193973,,0.049276872779961525,0.04925119048324247,,,,,,,0.026024527756533595,0.026005630626059827,0.026014373359538264,,0.025998130047609366,,0.025989663053677028,0.02603112351475984,,,0.02598058610662358,0.02594550634861804,0.02599433188021218,0.025986576520307458,0.04914587008749729,0.049177313915181146,0.049230366646936544,0.048946217303576955,0.04918837164035421,,0.049022385762862115,,0.0491932276084702,,0.049316605763797434,0.049147754356124354,,,0.04938440418585375,,0.04941837032679083,0.04915578459337205,,0.04923694185650145,,0.04915044277740867,0.04913888746151508,0.04925344144662546,,,,0.049301366530201035,0.04922529277513989,0.049276320527284145,,,0.02597479018088685,,,0.02596168163945399,0.025992674991426715,0.0260101989745887,0.026051364276000744,0.026011146394535032,0.025945546793421672,,0.026082554686634285,0.026049129465491608,0.02594655792055669,0.025967588429139786,0.02609317304870874,,,0.02604480045115505,0.026030223724391104,,,0.026094547371322996,0.025994877031246665,0.02600345313614657,0.026018991949791292,,,0.026021125382819713,0.061645599849649776,0.06168504635548973,0.06139446886486278,0.06159416249762764,0.06181804882065086,0.061342039797807016,0.06161713594433889,,,,0.06028088574670109,0.06040010035451743,,0.06034920637189162,0.06037958430647918,0.002944896208300246,0.0029540641256331677,0.002951188095591035,,0.0029179446627265035,0.0029279750882482075,,0.0028655221497085855,0.0028555333434616614,0.0027760773832259254,,0.002777091187396863,,0.002949039174688533,0.0029568611728917316,0.002990658420752888,,0.0029970353767446393,0.0030171124068013914,0.003012080533270183,0.0030168247958764307,,0.0030257924028234896,,0.0030267781405336988,,,0.0030193348569144576,0.0030179115083140075,0.003041699215898005,,,0.0030251436457694215,0.003014386439854185,0.003021233904662249,,,0.0030214392519532355,0.003016905535222541,0.003033789213424177,0.003023621950633698,0.003029967928164801,,0.00301073151275974,,,0.003027350590586228,0.0030201565883042065,,0.0030836152699548415,0.003073677204863522,0.003083482794423914,0.0030679761456676034,0.0030814888943598694,0.0030616016927468705,,0.003085370070664408,,,0.0030877979963425564,,,0.0030951887701709583,0.003084578212667445,0.0030885043646693673,0.003087340692861748,,0.0030749072507888615,,,,,,0.0030775160667798162,0.0030884025224422232,,,0.003080878676887302,,,0.0030791912231834095,,,0.00308385373323729,,0.0030688138265516167,0.003086727218450308,,,,0.0030712639782289205,,0.0030805679053157015,0.0030779614960437657,0.003076341774870391,,0.003085229467623724,0.0030768627094229888,,0.0030744224461400488,0.0030871091612371627,,0.0030820815894351972,0.0030815198967176164,,0.003081974128774915,0.0030820623253806157,,0.003088543955096723,0.003072121396420828,0.0030867352895495984,,,,,0.003088311792049132,0.0030812792267746088,,0.0030839158861804077,,0.003081526421432917,0.003086821798746741,,,0.003081466095398945,,,0.10424350889886312,0.10447472634850444,0.10430312106763702,0.10408847169616496,0.10461252825066342,0.10416838606866557,,,0.10437831736919194,,0.10412182881519468,0.10438473051114827,,0.10439262558477347,,0.10442596810046591,0.10448993099234424,,0.10454327669861124,,0.10461735503619661,,,0.10443290872384747,0.10457448351151992,0.1045306850785777,0.10428140851310823,0.1043801868247648,0.10439448022127377,,0.10446354910488435,0.1043772386122317,0.10452778366730044,0.10480839880154263,0.10458741488954416,,0.10447346788648983,0.10430232116246857,,0.1042988747872781,0.10396295390383567,,0.10422123517457864,,,0.10392400602450727,0.10393583941763762,0.1043652584117706,,0.10422873072459668,,0.10441595490495312,,,,0.10418873099051287,0.10393029695289518,0.10453247809426393,,,,0.10455016933857203,,0.10427482290789528,,,0.10372867509692006,0.10420440086848518,,0.1042423798864168,,0.10416561793985561,0.10443800695869739,0.10462008481317236,0.10464711818616501,0.10399752062699642,0.10402909301117093,0.1044056032003418,,,,0.10471299243232818,0.10436036525859489,0.10436769034855739,,0.10405662888115752,,0.104522748148296,,0.10443510326890226,,0.10436326033942793,,0.1042798652261097,0.1044580312917174,,0.10411317435487202,0.10430748471850709,0.10402634463891862,,,0.1043842781358706,,,0.10432634218868812,,,,,,0.10406414191133484,0.10431624578276538,0.10402742704110175,,0.10414023343151482,0.10411701542749953,,,0.1042108835130018,0.10388400663994175,0.10457568416565509,,,,0.10446705649311425,0.10432063180142705,,,,,,,0.0029511898479835912,0.002952151145369594,0.41648178909378064,0.5007952587846015,,0.4126188499874042,,0.003062855605415222,,,,0.47228509329877094,0.4729284568892895,,0.4705039471596712,0.47208137976041936,0.4730562456546324,0.4718660598416467,0.472739350356704,0.4727681042246995,0.47377146626578787,0.4728925629529082,0.47177325298147144,,,0.4737391112503536,0.4728818154454279,0.4731307184868068,0.4716298315573434,,0.47321810301430717,0.47435862908088366,0.47283194228132247,,0.4718859533742119,0.47316969529364145,,,0.47368757693777386,,,0.47244322670200517,,0.47331933101910595,,,0.4732047219922147,,0.4723537850949556,0.4728363741894981,0.4719690697224592,0.4735384886772388,0.4719246741434984,0.47316576900811735,0.47137880667296295,0.47189984278319896,0.47199202055387984,0.471738855731929,,0.472748528651751,,0.4710279114034963,0.47138813605680535,,0.47188210069524417,,0.47263122531284996,0.47345739118124563,,,,0.47278346606440597,,0.47212213815735465,0.4719290808712126,0.47293058724752074,0.4727196376548926,0.47222039928159726,,,0.47274148826752765,,,,0.4716463039945905,0.4724330110643934,,0.47382856212786073,,0.47208861161634663,,,0.47272522153127794,0.4726132110727738,,,,,0.4711649940347565,0.471833117937446,0.47126731488472107,,0.47237279286651945,,0.47319021488687646,,0.47275641012416975,0.4737617695708013,,0.4725918534174763,,0.4722428474239419,,0.4734991832707169,0.4741794331610136,,,0.47359728887551,,0.47267746756477125,0.4720591582301387,0.4733072828558698,0.4711818588227935,0.4720462461949821,,0.47261279082452173,0.47214925352422166,0.4727187672888185,0.47360358032156513,0.47199765937252913,0.47208468565003514,0.47352725471525814,,,0.4708992238815302,,0.47258454528244903,0.4717369767620547,0.4726065955935563,0.47122657443174903,,,0.4727184411045556,,,,0.472320887699448,,0.4722524779994468,,,,0.4723527612509488,0.472370754230555,0.4712795462997584,,0.4733502779217538,,0.47136550067129757,0.4711186686515387,,0.4721923295252422,,,0.47354129258010075,,0.4730560613023753,,,,0.47299142827048285,0.4730380458748548,0.47235151680739623,0.4718062486907547,,0.47307777610870183,0.35841359969232894,0.35868282410848995,,0.4159548815150048,0.4144833278741918,,0.4755346834815077,0.47491260322357154,,,,0.4753710744238713
7,5,DG_10pct,20,Z08_F10,8,3PH,255472,181935,True,5367.046225855399,5381.480753345009,5378.716105109398,5467.2591399943485,5424.463962372672,5.940203958983136,5454.21429249669,15.214121516135123,15.274375758230217,11.55608877853267,11.52703276252261,5.758091550790356,1.8999820972503756,39.30751461360313,36.8418205837044,5.978428750695094,1.4609459081748946,0.5538293054367691,2.9282735061434875,3.818052486259185,0.677843006774596,,,0.6794287828642479,0.6808383635774554,,,,,,,,0.48346681833668625,,0.48360742843407056,,,,0.48437862821056715,,,0.48075960898429754,0.48017881014164315,0.47942038331932124,,0.48096956658017237,,,0.47594431110120944,,0.4815584806181502,,0.48162970690149975,0.4823799872704352,,0.44016722057848284,,,0.41541542572484297,0.404636970484848,0.4055761836454094,0.40566833460773877,0.4065196485286148,0.40700411965672817,0.40720486986051047,0.4049145817542452,,0.40704011759467845,0.40736576432483107,0.4073838716246792,0.4062919557388757,0.40684849713747057,,0.4064218960243814,,0.406562123007254,,0.39967419766871043,0.39961812308503436,,,0.3899567261473894,,0.38892265006862603,,,,0.3882403646368192,0.3901543853510288,0.38928433558686126,0.38980936785788484,,0.389306172786684,0.3897143311457542,0.38916110752780675,0.38917600976037214,0.3886447380504354,,,0.3886402044923876,0.38906339932155554,0.3896958778013683,0.3891250892063927,0.3889241265919578,0.3903339886963624,,,,0.020559968722789753,,,,0.020437200348184113,0.02044092727194201,,,,0.02060930274049128,0.020677326799151796,,,,,0.020606162886550764,,0.02061946493330119,,0.020685652458322334,0.02067228114172443,0.02064011914316783,,0.02065900777050407,,,,0.020657293701365622,0.0206547750232726,0.02056771408295479,,0.02064564350287328,,0.020609946717294395,0.020624087903032478,,0.020604084824186023,0.020689250523732345,0.02063276961914377,0.020569109864976707,,,0.020584783739464655,,0.02067883702440945,,,0.020681802063810827,,0.020571623648450867,,,,,0.02071377830334076,0.020620559935743486,,0.020609830883040785,,,,0.020628060809336966,0.020685743646534204,,,0.02064837058459014,,0.0206634957490714,0.02064101934377462,0.020705825093510852,0.020601604104556418,0.020644279766333967,,,,0.020624368714234932,0.020647495948725208,,0.02062826071209772,0.020626327601884792,,,,,,0.020649458330468693,0.020633562429715976,0.020617084617778496,0.02073046260996612,0.020639960688737607,,0.020639765919023983,0.02066440036225236,0.02066180624487252,,0.020652538157677616,,0.02064960261539519,,,0.020658005335780442,0.020632265207017792,,,,,,0.020669597444071076,,0.020696003573567885,0.020653602223733834,0.020594417755974946,0.02063498108101665,0.020662512794132226,,,,0.02070868843359709,0.020722916238401005,0.02059783850655528,0.02064045890181725,,0.020680966494491547,0.020589894922383098,,,0.020626680225121322,0.020631165155538134,,0.020650411000687863,0.02059923173338074,,,,0.020706991838438785,0.020651838494732806,,0.020615694789686258,0.0206552859361071,,,0.020622601021548306,0.020666235076687182,,,,0.020617795783476955,0.020657318426160177,7.25342153877269e-05,7.284269365425115e-05,7.263895371156138e-05,,,0.02046128207833714,,,0.020552870976878978,0.020575291417680556,0.0204995464376732,0.06445697512855601,0.06454907734719387,,,,,0.06413354249003063,0.0645111279508913,,,,,,,0.06428802552821612,0.0643388917494453,,0.06417053878433535,0.06431060567765881,0.06423609374607667,0.06422332337166588,0.06435948549886157,0.06416702066097422,,,0.06440267956798133,0.06438871581278603,0.06428040933942271,,,,,0.06420401322908768,,0.0643325823584982,,,0.06427435856707313,0.06432989047007055,,0.04201100538478476,0.041946090102941896,,0.041952130475857934,0.04195620541666413,,0.04191030500314046,0.041916943273169416,0.04203147804164729,0.04193932825550651,0.04207061440600872,0.04215119166704643,,0.04197425210014819,0.04182389709373182,,0.04194810868872983,,,,0.04208222814968475,0.04196814721867372,0.04184947674004932,0.04197862674225195,0.04179661377625799,,0.041936047371054934,,,,0.0419555621546526,0.04205896996879925,,,,,0.06434569383968804,0.06433040322237923,0.06416406582804732,0.06430614919199369,,0.06414838292847236,,,,0.04189949947820496,,0.041987968746374144,0.04186804124432676,0.04206774496092494,,,,0.04197574273465443,,0.041731367223709286,,0.04176538500836089,,,0.06414606121850318,,,,,0.06423835895867819,,0.06434037694478227,,,0.06431443731962212,0.0641405861942975,,0.06436982216141804,0.06401089142285438,,,,0.06420798397084601,,0.0643526190665132,0.06433997824126571,,,0.06421507596399392,0.0642685367685377,0.06444267087238859,,0.06431731960385292,0.04187448901650613,,0.041884789366040655,0.041969875793341604,0.0419866322617234,0.041815271258219405,0.04186386838591963,0.0418575758023343,0.0419228553810404,,,,,,0.041844522949542155,0.04201775939811359,,0.041949574700430564,,0.041996332428889636,,,0.04194225935462428,,0.041935574897607276,0.04186716828558712,,0.04203131180483476,0.04199082304571913,0.07645177955755747,0.07617794034281178,,,,0.07641030082956465,,0.07642166001510382,0.07645411250311833,,0.07444217947713141,,,0.07483190834545271,,,,,0.020462830046091333,0.020498469277109854,,,,0.02003844686273248,0.01944043187031825,0.01944499353882516,,0.020775539148367703,,0.020735268957763123,0.02108232597844709,,0.020948566730775553,,0.021116189374286675,0.021064406408691744,0.02119290407577606,0.021232482603126525,,0.021227682108433506,0.021196879683318664,,0.021170353602487733,0.02115982945889326,0.021405894067539528,,,0.021238738350590054,0.02120795043727532,,,0.021205434125430956,0.021170448826890013,,0.021209114543619286,0.02121257164429213,,0.02114054406179775,0.021187169083725095,,0.021263423588606205,0.02112924609922493,0.021157585299807078,0.02128225134290582,,,0.02159438934940151,0.02160774325633305,,,0.02172384308842424,0.021773252410435227,0.021739367442101205,0.021747284630140168,0.02165743771701827,,,0.021635454945701838,0.02163917779846255,0.021699113810081286,0.02160337841910509,,,0.02149644989451599,,0.021659682837227936,0.02156989725263129,0.021589751671122155,0.02157790901345904,0.02157134494132079,,0.021597680906616724,0.021555069020443268,,0.021581274207307315,0.021612479586341358,,,0.021578958548975156,,0.021596450273190158,0.0215427726874025,0.02157392216111387,0.021644565767817883,0.021566125025377383,,0.021592424882928396,,,,,,,0.02153808365776118,0.02157797400411967,,0.021591240490779155,0.021599001203719728,0.021590161750733975,,0.02164125149499764,0.02167434139005368,0.02162490071902166,0.02167361416239717,0.021667960045113933,,,,,,,0.02164388098318278,0.021626836978048226,,0.02163382368460254,0.02158610000629548,,0.021622010625412635,0.021645181404155615,,0.02162952548779385,0.021605023314735128,,0.11787788284288057,,0.11785750660735164,,0.11802481222849241,0.11831129159428434,,0.11821420428738726,,0.11811864815399366,,0.11767336785409639,,0.11796361117172907,,0.11825804769249058,,,0.11782864016521757,,,0.11803377380632447,0.11806685948882278,,0.11800977889258406,0.11789209616469798,,,0.11804551197593842,,,,0.11816850173457837,,0.11836482411180928,,,,0.11800350529659029,0.11785488902791566,0.11771778943932085,,0.11797683455532622,0.11790718870922166,,0.11795634567381258,,0.11809387698339117,0.11790681139238449,0.11794995119211561,0.11818650770889665,0.11817426117121926,,,,0.11781727729563396,,0.11822533028961206,0.11835930270215522,,,0.11828653212746777,0.11839944553767875,0.11819239903805999,,,0.11792593943264094,0.11798661710282322,0.11828821411697006,0.11777931051391621,0.11848478191737223,0.11762060774220869,0.11809631418701141,0.1179704845783008,0.11752438327237145,0.11795012293992513,0.11818797780236241,0.11771075096029779,0.1179703428140067,,,,0.11787268846192751,,,0.11808386040436959,0.11807072747654698,0.11857511181510924,,,0.1180311771679099,0.1178834187992189,,0.11818850660002315,0.11815020362438106,,0.11808281604462317,0.11812079409652183,,0.11812533957378232,,0.11822996031769234,0.11814390857515218,0.11801911432797259,0.1181220917905162,,0.11784297934841807,,,,,,,,0.11796377223659983,,,0.11757564799716265,0.11770994567763035,0.11797930248943549,0.11782892608826952,,0.117855187857537,0.1179553453298569,0.11780591950151323,0.11797117450777375,,,0.020627180430741594,,0.020636901888475598,0.020665601645411844,0.020700731034074014,0.42636252053426915,,,,,,,0.4809692740239612,0.4809525566070361,0.4801909071656605,,0.4817181522674233,0.48143195141477546,0.4818322011361245,,0.48167449657619954,,0.48050340299324745,0.482194099206894,0.4817822270123191,0.4824601255484972,0.4813348071759945,0.4821848485240133,0.4822491092351051,,0.4807901734720417,0.48013680542036646,,,0.48208371847472425,0.4812412539401454,0.48129466042584723,,0.4813722230758789,0.48286903291806893,0.48144888395723046,,0.48230471191708085,,,0.4819308980209479,0.48109731484484247,,0.4813671551590046,0.4819160005763483,,0.4815567071861726,,0.4826360257997144,0.4807611712903991,0.48154444468490065,0.48276314475524446,,0.4838364270873782,,,0.4817876597027479,,,0.4806834279913283,0.4806152602075589,0.48105018639108865,,,0.48102390950203655,0.4822095721761327,0.4813530305821849,,0.4814055155802066,,0.48072478625169884,,,0.48110336187598685,,0.4818371995943618,,0.48223701600738866,,0.4808633383405592,,,,0.48282157041206053,0.4844324809740275,,0.48220775674864297,0.4814354152215939,,,0.4816747332528371,,0.4822493863058615,0.4807280411838777,,0.48207399411074653,0.48189480658564965,0.4815134804019773,,0.48157462633251696,0.4824538086905742,0.4820922314577105,0.48176532165983127,0.4820479089972769,,0.48088073417192284,0.4814648457341238,0.4820370346742078,0.48161460146082447,0.4815908368754477,0.48126529577998445,,0.4820128930161237,,0.4828125679053367,0.4820734077177886,0.4813529933559321,,,0.4816263115166651,0.48276125611426096,0.4813901063223,,0.48257765868380664,0.48171596506661746,0.482113557833238,0.4823933614743765,0.4810582804053997,0.4811918334016177,0.48172097542028935,,,0.48210464442161616,0.4804974223104574,0.48127894401822174,0.4830842427710234,0.4844400532037157,0.48232639539007843,,0.4817684738310793,0.4811039443811418,0.4816330345745058,,0.4808260458747654,,,,0.48108431512320565,0.48120680723074494,,0.48066995653137373,0.48175468073194033,0.4815074292214698,0.4820705623685823,,,0.48369131592698106,0.4820597511388558,0.4813549359174662,,0.4826831194818366,,0.48198805673726025,,0.48128952185676704,,0.4813202218293171,0.4810794522634211,0.480976411467836,0.4820524602784995,0.48237214690647606,0.4808013722720855,,0.4829591022780322,0.36889761624487605,0.3698968536122127,0.37012375131961683,,,0.4265230188850575,,0.48524363722847574,0.48418672926671674,,0.48361847455795637,
7,5,DG_10pct,20,Z08_F11,8,3PH,255472,181935,True,5352.764352796262,5325.476399850202,5388.420116735647,5438.905171841078,5442.128553513582,5.952262333585326,5463.893263932818,15.208614911385508,15.251592618039847,11.57613764850047,11.580755981565693,5.75025495206221,1.8962612095893578,39.28140450367243,36.70474834664454,5.986105072738731,1.4617985480548283,0.5531798647106436,2.9128751849357113,3.8039926160648485,,0.6755596760201771,,,,0.6796300790634876,,,0.4777419826201358,0.4805573526156371,0.47865490719644216,0.4838879704904764,,0.484738272587073,,0.4848016367711863,0.4818786482471208,0.48364900170962966,,,,,0.48027019659456077,0.4810519946494787,,,,,,0.48244093335663996,,,0.48318308942721805,,0.4824752599084495,0.4401016090417529,,,0.4147814378684517,,,0.40594081743747845,,0.4059252648754458,,,,,0.4083602325959086,,0.4058960059511926,0.40659279445340435,0.4077710874089616,0.40758140623582834,0.4065526661814063,0.40563645751697996,0.4070784155966222,0.39930730972709055,0.3993650073543601,,,,,0.38947572275081294,,,0.38789041181222067,,0.38937228836533877,0.3882186440448759,,,0.39019618324372296,,,0.3900391477331075,0.3896338854837816,0.38813155800996857,,0.390979210354474,0.3885010728864566,0.38911354583294216,,0.38969818873478956,0.3894438481014422,,0.34981938796717954,,,0.020442793377014955,0.02046374039698298,0.02043069701789216,,0.02041819763112585,,,,0.020657579253628995,0.020630469524815245,,,0.02069817479046543,0.02062305898194379,0.020624096163168227,0.02064381447774982,,,,,,0.02065323456874288,,0.020686165433290694,,0.020579794919014315,,0.020625152705924264,0.020696707002902617,,0.020637994707415373,0.020629866671957656,0.020599824003218557,0.020616939412345416,0.020619506280200157,0.020639294823099726,0.020718575932292104,0.020675289428063334,0.020648827367085454,,0.020616027399146752,,0.02057335145381515,0.020601632065362554,0.0206659943275198,0.020609646654667756,,0.02062853559223765,0.020664876599946043,0.020655017303392868,0.020673364877776726,0.020731928119122316,,,0.020720285844314158,,,,,,,,,0.02065221917967265,,0.02063754494601989,,0.020690926752752144,0.020701192664337117,,,0.020648505602071238,,0.02065023229132648,,0.020611826555410794,0.020660592457549348,0.020607345658787572,0.02062362363729795,,0.020673678114987624,0.020632071420828128,0.020594911558582008,,,0.020651210004403134,,,0.020691681581286866,,0.020621166916689054,,,,,,0.020594422205865714,0.020593260509919137,,,0.0206751750871195,,,,0.020714639650328746,,0.020632937716149904,0.02066081473890357,,0.020592424283174794,0.020617002999688296,0.020664077072994967,,,,0.020634136207026522,,,0.020638752789323197,0.020602512540998263,0.02067395679200564,,0.020642000606952277,,0.02064178859551973,,,,0.020622267417862668,0.020657039639732568,,0.020640853964014255,0.020637647581956554,0.020577201250086042,0.02067835790658112,,0.020639022420746705,0.020676786824213242,0.020629124435936504,,,0.020647243547094747,0.020639537272653993,,0.020669119382014073,0.020660842027441152,0.02065152870145391,7.277045170731081e-05,,,0.03246666286486241,0.020574749320608147,0.02048072609580974,,0.020493410233428676,0.020437438445618794,0.02054171203929959,0.02051843367233575,0.06435752273003643,,0.06444900335534971,0.06439888966255675,,0.06435293403860956,,0.06423683525718055,,0.06436522616846378,0.06429171990948783,0.06439179204281129,0.06431407223919025,,0.06446133478195085,0.06459299416999299,0.06429528542644894,0.06434290822372885,0.06398715965279009,,0.06433784510593356,,,0.06417611269032326,,0.06427995300129254,,0.06447699383265605,,0.06442899789964357,,0.06408562123430787,0.0642398164823889,0.06435584453028678,,,0.06429627741016433,0.06440918508083501,,0.06433119535345848,,0.041873685615116965,0.041959638260214385,0.04202314262018416,0.04186026361083703,,,0.04204208124318643,0.04199988228618496,0.04200882548548701,,,,,0.04198231786146139,0.041829471565601566,0.0419418308487961,0.04202095960226395,0.0419449224229112,0.041892590695159077,0.041976793093934005,0.04195984265018891,0.04187015668774845,,0.041958771686736354,0.0418792779805449,,0.0419697347407369,0.04191953954854005,0.04196920308847414,,0.04191488256197049,0.064120412443745,,0.06431930685337398,0.06407120943413952,,0.06407125227603759,,0.06413782828084072,,0.06428262300762022,0.06421519128780677,,0.04193803606864757,,,,0.04185882892268437,0.04177540429531032,,,0.04196986314875625,,,,,0.04174977212718163,0.06415530227698463,0.06426227300601907,,0.06417070329100316,0.0642465013956829,,0.06434547675440097,,0.06429571926201295,,0.06418105352505284,,0.06436650697431323,0.06437859010203538,0.06437076338609032,0.06445512779354687,0.06432797597330178,0.0644214051929144,,0.06434199679754178,0.06440959047272674,0.06423371850587713,0.06419063492337346,0.06431832788082341,0.06431001512789765,0.0643126607407176,0.0641946263572579,,0.06412956353352063,0.06439382255317858,0.06416711792345024,,0.04195674911336937,,0.04186446959595084,0.04187343675294613,0.04196641517211759,0.04181118900743494,0.04184117866062326,,0.0419328630928813,0.041860522456635164,,0.041909922291317125,,,0.041774289372792484,,0.041892439736775665,,0.04206222217485725,0.041879020120568905,0.042022312802599986,,0.041842296763286504,0.041856089877484105,,0.042000173520142,0.04191152660725926,0.04191236552104559,0.07645616142029495,0.0764022597869197,,0.076241196322222,0.07613899158223213,0.07640318944318011,0.07617205610506063,0.07619578404128848,0.07661660424855812,,0.0746686575633121,,0.07510323215293968,,0.07486626700378445,0.020688411577147608,0.020594229950626333,0.020619934781587454,0.020466594679154144,,0.020502446583137775,0.01996604526644928,0.01994410478114419,,0.01950146397443226,0.019524687432161,0.019468970984826302,0.020703793544791776,0.020750000730361866,,0.02099399957673102,0.02099693296251502,0.020998864257613752,0.021160370622517334,,0.021184134117012938,0.021209837953967,0.02122502801335079,0.021231305447063295,0.02123879429455914,0.02117469764975252,,0.02127844732353755,,0.021362465696229127,0.021382279878436702,,0.021239473828502914,0.021226430463438938,0.02124518558531618,0.021262264921147484,,0.021186452023116756,0.021194262357605263,,,,,0.021203950254575825,,0.021197675913199165,0.021247347923006473,,,0.02165010828311812,0.021611779213591857,0.021580600658526,0.021574755704894408,0.021594256193927266,0.021507760286843147,0.02171401353111597,,0.021673777186029676,0.021713383565127385,0.021654842203470668,0.021670924171509023,,,,,0.021712473033598422,0.021676358849515295,0.021648551571475487,,,,,0.02159215854570455,,0.0216249478172594,0.02162277005200543,,0.02164477479502237,,0.021640710311498123,,0.021487616049899516,,,0.021627444704730693,0.021615099230900527,,,,0.021537247290376926,0.021578871133445025,,,,0.021540868756959656,0.021586684658484928,,0.021630530185484366,0.02164650940596034,0.02158889030586915,0.021622341280975642,,,,,,,0.02161610965456603,0.021633746585680874,0.021574174555266876,,0.021501339395212166,,0.021581955697140335,0.021602477519542803,,,,,,,0.021565981866316107,0.021669528315519403,0.021595525260987396,,0.021670236837193775,,0.11791059729537809,0.11797418531638998,0.11812756118628118,,0.1176309665903396,0.11797220012392494,,,0.1175884816317762,,0.1181100839277637,0.11775710738114913,0.11808351275389148,,,0.11782799223173192,0.11771438185319523,,,0.11808336761608394,,0.11788588543990706,,,,0.11784643880319771,0.11809893490246531,0.11840878322684723,0.11790342304866627,0.11797482131521711,0.11785829958930703,0.1177848280328248,0.11806527245298438,,,0.11805429170348539,,,0.11773612431806176,,0.11780875384752214,,0.11763554080512711,,0.11755523365919775,,0.1177753769892358,0.11781439083837468,0.1178336949914334,,0.11820241670085126,0.11819916214977609,,,,,0.11810337753066952,,0.11788867832947321,,,,,,0.11794661901154432,,0.11746721453872615,,,,0.11780912379855835,0.11768531054931972,0.11812907832469004,0.11786202323738251,,0.1181885178833426,0.11858256489027363,0.11814076504151941,,0.11802447340847533,0.11784203343069925,0.11802484782773257,0.11818159799077645,0.11803962258405336,0.11818210152935991,0.11813114735813751,,,,0.11819613069514522,0.1178789543468127,0.11808511063128864,0.11787153715470512,0.11837759972305026,0.1182341393883869,,0.1180588910488606,0.11795059125475028,,0.11818874006478247,0.11781040360710603,0.11802298069800679,0.11788014683514589,0.11787494794431919,0.11809441942842362,,,0.11811901087632808,0.1179710840065084,0.11774469145523954,,,,0.11743295925431198,,0.11800113528827796,0.11794162691231616,0.11812857134821872,0.11828525795322137,0.11781825605112886,0.11807117424595774,0.11776042034834815,,0.11851275889477407,0.11807460691588903,0.11774927602956359,,0.1180630281077409,0.020689675760591917,0.020682240207466087,0.020653119297880523,0.020666750395405203,0.020684636539565593,0.020629109914959032,,0.5087692713819677,0.42347096558750236,0.4237101641105843,0.4228711364881552,0.021510819822603753,,,0.479692510202569,,,0.4819575179065611,0.4811006027311592,0.48169112743857945,,,0.4814137896147012,0.4811452538204996,0.4820563031836158,0.48010509173317567,0.482106258615707,,0.48099917316739205,0.4807978466443066,0.4818047664755858,0.481334034746395,,,0.4823826360781875,0.4820260792895202,0.4816282280134481,0.4830117993860478,,0.4817408783309324,,0.4821168037791403,,0.48059561137958484,,0.48104178859478225,,,0.4822035151075387,0.48152737850612987,,,,,0.4816230538196358,0.48201519522137465,,,0.4829036617718058,0.4816735330410379,0.4811235139444515,0.4814426061315186,0.48103064445950655,0.4819884919631341,0.4815155817814979,0.48056029171129944,0.48081101586770275,,0.48320987618186007,0.4809279624843942,0.48253404186828813,0.48195563981124817,,0.48180286138164874,,0.4822976497700196,,0.48148509513845195,0.48161209586506576,0.4815875812774048,,0.480273034262444,,,0.4816196399654011,0.48180176298588145,,0.4805752087139324,,,0.4817005274487654,,0.4801003745059453,0.48263189980838295,0.4824073846571242,,0.4826816073186228,0.482258809471777,,,0.48125328991530136,0.48093863622250715,,0.48087176512757984,,0.4819143280863889,0.48179705979042686,0.4809301331245943,0.4823892596954638,0.480048050999121,0.4802703476526028,0.4818038054773936,0.48260562603692614,0.48117590083948586,,,0.4815949680854848,0.4817296467379836,0.4818817717500487,,0.4808176361233558,,,0.4823523774134549,0.4828902411477657,0.48014563356048595,0.48272832288773976,,0.4811480859278861,0.48184120112382883,,,,,,,0.48110873148314554,0.4820089137637476,,0.48073808016774067,,0.48244696285595207,0.48205007930245203,,0.4820014394633761,,0.481327068392345,,0.4820128715880689,,0.48055288157448844,0.4829342814799937,0.48016852662131415,0.48227052908674295,,,0.4822288447349746,,0.4821372769436631,,,,0.48077192194773144,0.4826074939411657,,,0.48148044315439664,0.48104796005255424,,,0.4811851187083155,0.4813053529402129,,0.4818664924555687,0.4821733128587578,,0.4810217122365899,0.4812251365167344,,0.4807756394824321,0.369642590127109,,0.36926089153058583,0.4261737045531007,0.42570240353970745,,0.4848907482448685,0.48486108842481207,0.4841706422247462,,0.48312958800463457,
7,5,DG_10pct,20,Z08_F12,8,3PH,255472,181935,True,5360.831580397562,5365.584524807164,5377.770302428284,5464.296740486041,5443.786453048043,5.966088864952711,5459.9780035374915,15.223982760410044,15.384954466415115,11.529577099552649,11.571438208389502,5.735442049042955,1.8934656644168264,39.13851547336699,36.75493980016075,5.988071557646062,1.4650782060429388,0.550790600702922,2.938414757491142,3.8493573470518623,0.676675408177458,0.6768924015334042,0.6778478103220429,,0.679485833683857,0.6796522939513623,,,0.47984947416231066,,,,0.48553585076146333,0.4841602838017386,,0.4839356729815596,0.4845347517073889,0.48339191177780644,0.4846537602872835,,0.4788345596892564,,0.4804917105691103,0.47877270164444835,,,0.4737821714089633,,0.4751970702554132,0.4825415208263677,0.4819508734639504,0.48028795631777904,,0.48241822518233657,,0.44113670437699726,0.41463608167352217,0.41493835074890656,0.414131174177044,0.40556538758563543,0.4049303211325027,0.40642159004732453,0.4070054559489138,0.40653412579715903,,,0.40624743279845166,0.40677715578217677,,,,0.4071681572092946,0.4074253287930675,0.4071383766052371,0.40620176539816083,0.40669784879946463,,0.39884428288259627,0.39964654054057974,,0.399367716240847,0.39002682026214147,,0.38860224203200394,,0.3897509889588021,0.3899722891345911,0.38978414598713607,,0.38861117462234734,,0.38878857362772395,0.39061624077946633,,0.39024483827832485,,0.3898360169962043,,0.3895969590290399,,0.3903662870267756,0.39025728560997536,,0.3886703134280355,,,0.3497962805079231,,,,0.02038080921611634,0.02041169265898267,0.020382566435025833,,,0.02064687477696937,,0.020639134856547895,0.020690499238473256,0.020623052371849616,0.020651152471129235,0.020687695688542642,0.0206904828259906,,,0.020643307517075132,0.02069951982214737,,,0.02064851818029363,,0.020556961766054063,0.020650734599765404,,,0.02061952049708908,0.020686078397672426,,,0.02066689918412864,0.0205359544802701,,0.02061233202703112,0.02062243108724687,0.020607836746742575,0.020628437219993575,0.02061714332764462,0.020643274222588364,0.020622447358240373,,,0.0206953415113242,0.02067935633857396,0.02064602328740295,0.020660043799463627,0.020584421414870033,0.020666234927122093,,,,0.020729411958793104,,,0.020621467824367187,0.02062680662612567,,0.02063434691815914,,,,,0.020678397348030245,0.020628962372549384,0.020628848703773944,0.02064884116691994,,0.020665178218459538,0.020721967486464325,0.020643112993994166,,0.020636322603933645,,0.02063615530464507,,,,,0.02059713182898423,0.020625117805775323,,0.020700012393215384,0.020667791807200363,,0.020615824158604724,,0.02064466342091485,,0.02060848625696155,0.02064250593409956,0.020644896066615043,,,,0.020659184614204164,,,0.02059641012895157,,,0.020610154982408403,0.020686676436728776,,0.020694077894124942,0.02066724133884842,0.020701677338811987,0.020731123273901485,,,0.02068703763951214,0.020666341169007566,,0.020614573221057145,0.020658472982478176,,,,0.020584190302133404,,,0.02064608413693889,0.020621585571303246,0.020666626277212725,,0.02063125672726195,,,,0.02071360184916312,,,,,,0.02064542126011638,0.020597652071922705,,,0.020675684484568933,0.020613037421310217,0.020621909031786703,,0.0205916513503908,0.020609153052986797,0.020685775882219027,0.020678879445796702,0.02062587859408842,7.260637208200907e-05,7.265709406046244e-05,,0.032513626467346866,,,,,,,0.0204763798757594,,,0.06425415807820506,,,,,0.06423078929025886,0.06434475237902482,,0.06448245949947636,,0.06433024138730857,0.06419190737433605,,,0.06429963748228378,,,,,0.06437789699024724,,,,,0.06438803386336998,0.06419138282839695,,,,0.06427562994269466,0.06419894062159084,,0.0641688828242818,,,,,,0.04201886923419506,,0.04193313632118274,,,0.04194058796991018,0.041943000336440876,0.04200566482054392,,0.04200349183321203,0.04193042849776754,0.041938563201749476,,0.04190658663650481,,,0.04199131814393657,0.04176445921693667,,0.041877957230278026,,0.04179588125934445,0.04195606393483014,0.041960022562332694,0.04204185678647346,,0.0419813921051724,0.04181410024810041,0.04184046251487609,0.042013748656781265,0.04192575774955151,,,,,,0.06423940749647868,0.06424187386873471,0.06431085779861832,0.06436746090933804,0.0644410763710147,0.06435095400005628,0.06411701386137084,0.041936872896774065,0.041978614719306466,,0.041860525402388195,,,0.04181677359631466,0.04203343016962672,,,0.041813783231583995,,0.0416791579619761,0.04190215787295304,,,0.0641728251422138,,,0.0642090182863652,0.0642548264603851,0.06415872404682393,0.06430077118206973,,,0.0642443872692062,,0.06424031714619283,0.06439393764139459,0.06404989623667473,0.06414765835072825,0.0643555761260182,0.06439413572595766,,0.06411049449540085,0.06410998851216577,,0.06411850676050723,,0.0644814406407601,,,0.0641063196664555,,0.06440858339447623,0.06436745900177479,,0.0419558510495892,,,0.04184143095147692,0.04182786851178562,0.041809755335861204,0.042028744750067834,,,0.04192564026714468,0.04184963610246179,0.041897866037845774,,,0.04199394238989535,,0.041777485039668084,0.041943633666792324,0.041939095233260316,0.04198350522052304,,0.04182347702786449,,,0.041964526100214596,0.041956429748474175,0.04189504498091947,0.042043629836712004,0.07631920729094124,0.07650309391566094,0.07642237409321975,0.07630881245321941,,,0.07625092576919341,0.07624451243169078,0.07624547169948896,,0.07490951601948968,0.07487608298569962,,0.07481369703981834,0.07467309182988745,0.02062172476098678,0.020632818149220935,,,,0.020490849789148283,0.020078955478813016,0.020033525513056358,0.020044439769380563,0.01945806236163926,0.019435378872218856,,,,0.020760257656240476,,0.020971950645461472,,,,,0.021167198067917475,0.02121275355191295,0.021154672633849417,0.021237461900546636,0.02120236941700691,,,0.02119881516952018,,,,0.02118618091703374,,,,,,0.021232358442813928,0.021202608652122555,0.021223264748281432,,0.021174687587797905,,,0.02119581594809525,,,0.02115708515462727,,0.021632304033819615,0.021666154998805823,0.021553506295268955,,,,,0.02170582522118848,0.021670535209147808,0.02167296533882879,,,,0.02169787518075657,0.021654227617727846,,,0.02156066243111913,,,,,0.02161052037495391,0.021687361089117098,,,,0.0215720917561712,0.02160911613531534,0.021585921805096466,0.02165380751773638,0.02160602799163976,,0.021655074166201403,0.021555081883669166,0.021567924048944566,0.02151908130448106,0.021638678136229505,,0.02150125184426746,0.02162060567116903,0.021542271999249553,0.021597770140233646,0.021607838420863387,0.021578940502713428,0.021566035759300075,0.021588692924907144,0.021627558178428107,,0.021602072956381023,0.021598810253596206,,0.021597517111251175,0.021629492908260765,,,0.021662927876699812,0.02161323289883261,0.021650239291375595,0.021627650804408476,0.021618037252594022,0.021590857148790454,,,0.021567102853707748,,,0.02165492229834135,,0.021612393986778264,0.021613265262072006,0.021623451605235874,,,,0.021566613288306485,0.02160157266334585,0.11792304686229076,,,0.11738057161813972,,0.1178805168908146,,,,0.11793727575411637,0.1176510880830353,0.11789510436927549,,,0.11797171228884128,,,,,0.11803718328047196,0.11813372226018568,0.11807700143742283,0.11778993382661578,0.11785427341087272,0.11834145319162606,,0.11806244850045845,0.11804666158733093,,,,0.1182571182574833,0.11801721974974688,0.1184256234835909,0.11848199757614518,,,0.11834950324345125,0.11819612976137764,,0.11788458365889226,,,0.11801693257359472,0.11775491100962324,0.1177092413273323,0.11776715172354424,0.11795633888515139,0.11791119696672034,0.11772919257327517,0.11804883734810195,0.1179114258937015,0.11785820495834441,0.11784856509477142,0.11814687230596449,,,0.11778524265460077,0.11788135651854888,0.1176250869091978,0.11792276021763379,,,0.11771617492302083,,0.11661912197322233,0.11776400723163193,,0.11860546809985639,0.11806353518517715,0.11810740624695622,,0.11796321017288713,0.11773868702430004,0.11784716522750426,,,,,0.11797529502498372,,0.11827955212789555,0.1182627058245751,,0.11799502691350602,0.1184628640922797,,0.11818262782287986,,0.1184257184436784,0.1178254864876071,0.11809085493778741,,,0.11837571775006138,0.11779970499245912,0.11793725602714532,,,0.11800739383484196,,0.11802182218247909,0.11785567453879149,,,0.11826835258706364,0.11822614497939386,0.11781800656565983,,,0.11782069666153606,0.11823402109059174,0.11776611084174493,0.11769913616697841,,0.11776723929418115,,0.11790306518532166,,0.11766239834110864,0.1176301851305685,,0.11797328910473054,0.11809026007730643,,,,0.1178978671491754,,0.020610729955775623,0.020623623664499012,0.020639599264555553,0.020693437627819493,0.02066804687262785,0.42705995472326463,,0.4240357706910671,0.42267212876169435,,,,,,0.48105020409645693,,0.4821027649884384,0.4818589601853246,0.4815187280541609,0.4802913903033341,,,,,0.48180870676190235,0.4838406033442885,0.48198883799268233,0.48155343352805446,0.48127417118057103,,0.4810741929292507,0.4811813346423912,0.4827893933151415,0.4822617822468369,,,0.4806015802823339,0.4813830789761002,0.47970574502397756,0.4817573593137483,,0.4811708725734139,0.4805318131921818,,0.4822961030978457,0.4832382438418499,,,,,,0.4816303862316058,0.4820838858732052,0.4820095332635542,,,0.4825894241140866,,,,0.48141818351201987,0.4798348308368494,0.4821240094935494,,,0.4802926520714563,,,0.4816396461975214,,0.48202436213206895,0.48042409278096077,0.48127101238854797,,,0.4819720752503145,0.48127780107637214,0.4822812435312477,,0.4830451378590383,0.48291975631447004,0.48121994020420156,,0.48206035297900907,0.48173223656404274,0.4810289104590217,,0.48211393005546394,0.48144982787117996,0.48151333392623413,0.4809413068712608,0.4813621017766023,0.4830484352686121,0.4816530067190282,,,0.4818022048328196,,0.4806894409584904,0.4822922010088828,0.4820680698429416,,0.4832817815802189,0.48151994526154435,0.48126780750615245,0.48105483642410357,,0.48160918528870245,0.4815283744957765,0.4814797810981999,,,0.48226413954984815,0.482057148811331,,,0.4815951307230773,,0.48156065045429963,0.48282627586447574,0.4830199042914213,,0.4821775013298812,0.48209858166818476,,0.4807345916469162,0.4818628665220174,,0.48124288540287447,0.48265378582593704,,0.48280463379375466,,,0.4805372530897876,0.48095387894141783,,0.4811839222709835,,0.48272139199758846,,0.48150813660760844,0.48191163203959647,,,0.47991016981884727,,0.48235559893023217,0.48287865142220215,0.4822783841452815,0.48168593029139595,0.4804382434497609,0.4814513040034612,,,,,,,,0.48188568457942854,0.4827947071091147,0.48036989962215526,,,,,0.48109495186504275,0.48073194442979134,,,0.4816711401698803,0.4823435566065375,0.4831946609145219,,,,0.4826094594094947,,,,,0.42563721971614293,,0.4247315676867646,0.48441779767545706,0.4832754888096503,,,,0.48320808506758317
7,5,DG_10pct,20,Z09_F01,9,SLG_A,175061,181993,True,4213.950110282838,4197.079682762359,4244.121433248638,4358.443749811221,4356.489159830686,175.63414588158582,200.25663522490308,5234.602463118545,1331.4194377934234,935.0850487816076,934.5717323492225,444.8898322020111,143.17976062248317,97.07909235399306,94.55810051738845,175.06652878087652,199.48197972712754,26.00170012655066,416.032154840178,399.97247015778464,0.7501704907796075,0.7498830073888234,,,0.8551167769377507,0.9456004094851042,,,0.6120551998796699,0.6153438130242899,,,,0.5588628006535595,0.8361094226960623,,0.8344610015871493,,,,,0.6124763800695243,0.6137570781382491,,0.6146185509040052,0.6150407987220192,0.6080326313934952,,,,0.61546017276137,0.6156863476390093,0.6168722687455381,0.6161258127829022,,,0.5889132855165692,0.5888500315721364,0.5888337653410863,0.5917166162170971,0.5891543712391341,0.5903750934740762,,0.5917290831521773,,,,0.5906737642048311,0.5908488872209964,0.5926001171663657,0.5912271447753651,,0.5917178006365865,,0.5930396630646961,0.5912493868724163,0.5903274392270597,,,0.8419494485011241,0.925731265560889,,,,,0.4687471077266183,,0.46867769182903285,,0.4684152117393305,0.4685877792233196,0.46895583033740695,,0.46825160658356735,,,0.46737232715776883,,,,0.4686564754519549,0.46903336831987735,0.4697112082587584,,,0.5529233695984181,0.5529911102022983,0.5533742400887873,0.925374252705,0.5370299037264974,0.5368892411416565,0.5349232796373424,,,0.5356097472370558,0.08764242687164588,,0.08779255230053945,,0.08753995878520171,0.08774932203345769,,0.08756359071834235,,0.08783688187829547,,0.08790745755945573,0.08771316892312754,,0.08751092713305214,,,0.08762433441618496,,0.08786757906335103,,,0.08758944793724993,0.08783200831063667,,0.08773739296996243,0.08781946670953417,0.08758197971781116,0.08793800033461616,,,0.08758403016551643,0.08755217994575772,0.08780255391884431,0.08771280513694034,0.08783166900020958,0.08745908267060747,0.08750762173549109,0.08766983351926248,0.08754224392931122,,0.08773523590458439,,0.9048095948486031,,0.9018774684264003,,,0.9066341347998523,0.903688714304196,,0.9052122924307977,0.9043459940797943,,0.9032884747071581,0.904159159930868,,,0.903172488760007,,,0.9041839314170514,,,0.9045621187581536,0.9052121373671962,,0.904027303159758,0.9075752103385745,0.9032466152049619,0.9023187598890055,,0.9022114755026217,0.9032439266089619,0.9020991499480034,,,0.9020534420713012,,,0.9020876312290969,0.9054803112151051,,0.9061057633458451,0.900511295998385,0.9045176432116887,,,0.9300980971315816,,0.9299458002814389,0.9331743260775424,0.9321956097183898,,0.9296062508106965,0.9302925723953972,0.9334108116045846,0.9312402354189859,0.9299739957606568,0.9312556425819032,0.9291995882225341,0.9329358053866211,0.9302793000763993,0.930917408694488,0.933565749895387,0.9308270946923153,,0.9327336812031715,,0.9315459764186753,0.9303012587913435,0.9300720363309488,0.9331024621632462,0.9300111599713994,0.932391548089464,,,0.9297841302842549,0.9315294005657769,,,0.9334473227696354,0.9298429467825625,0.9311983478323301,,0.9316552604947135,0.9314249435760336,0.9306009179722324,0.9300303092521846,,0.9304636606331168,0.932468160659593,,,,0.930080322640941,0.9301800031705099,,,,,0.5352128267080283,0.5349266712994608,0.5357780251040986,,0.05075578588537049,,0.5366863451548218,0.5365925986506862,0.5356461100052912,0.5345419947504949,,0.18751742646353106,0.18656745053870552,,,,,0.1871737316804505,0.187451738407272,0.18689079847411572,0.1868784393984886,,0.18659583140997607,0.1876186042168411,0.18686722819479554,,0.1871551635651587,0.18728864167830384,,0.18723493077600817,0.18687509059681898,0.1873593508442911,,0.18638422111562045,,0.18706422513374893,0.1871230470774184,,0.18726018010611334,,0.1872956387220196,0.1871737289671263,0.18665193087162268,,,,,0.18686436674815723,0.1872874174097859,,,0.15992674517480648,,0.160604018007785,0.16037659159255618,,0.16084023611497658,,,,,,,0.1605347152541622,0.1604949614367898,0.15988361549608102,0.1602774424416267,,0.16053645610510736,,,,0.1602227390800688,0.160375532680098,0.1605938588857467,,,0.16048214491573026,,0.16027080950612815,,0.1601177131511405,0.16043940973407342,0.9047436246321481,,,0.9037091213530187,,,0.904325396299247,0.9023897517368993,0.9047700334073606,0.9060255232857505,,,,,,0.9055305535083339,,0.905066687373562,,,,,,0.9043585128198351,0.9000030368941802,0.9049139884526276,0.9039772040390961,0.9041830288889448,,0.9029970171105226,0.9042662084826208,0.901515064877634,,,0.9025749931040503,,0.9033476941724257,,,,0.9016561480466754,0.9035920998469028,0.9059166041078044,,0.9052921583983302,,0.9041197549328347,0.903045659428573,,,,0.9020390867906242,0.9026306443187984,0.9030256148106283,0.9021956896492035,0.9029118825503429,,0.904911530171742,0.9048802389328202,0.9053850329545085,0.905584298219125,0.9053024692238344,0.9041344177299389,0.9043236981388114,0.9055224686921469,0.9046894524858152,,0.9054950468118937,,0.9022356449021076,0.9049384285529867,,0.9056668179227876,0.9040038312357548,,,,0.9045678379125466,0.9052890010556485,0.9038164600970033,0.9056448880879318,0.9056377797482352,0.9062151012103299,,0.9067940709513191,0.9019826833918936,,0.9295310808365851,0.9276376704567129,,,0.2033934220148534,,0.20346409576254604,0.2038729692523981,,,,,0.5591044312459356,0.5583185171196178,0.05955521603976902,0.9301473024211424,,0.5350609734699864,0.5351382120798666,0.5332965120150168,,0.5201797678787852,0.5195607027906058,,0.5079194790820064,,0.05933426155749798,,,0.0882034644802483,0.9351942079179649,0.8997889216499892,,0.938395221443483,0.89798983829501,0.9445546576219136,0.94408020144542,0.9456064112713155,0.9403283806685231,0.9439806030774847,0.10779131446270018,,,0.9497886909341565,,0.5455764867240249,,,0.544222284316837,0.5438890243431713,0.5444827079748255,0.5453604972132942,0.5461402333846597,,,,,0.5448445997821626,0.5443874286113031,0.5453627376832586,0.5458954590063124,0.5446485715965822,0.546001355344585,,0.8948850249923486,,0.8953471047416113,0.8947806864698097,0.8919074512978661,0.1520706320679194,0.1520283137842785,0.1521035661620401,0.15198726750306066,,0.9645272758493192,0.9661746588690129,,0.8968584748547722,0.8929610844626633,0.894893461684093,0.8933436992147377,0.5560096075986275,,0.552831430428346,0.5525997722437874,0.5541171619365427,0.5535681876777366,,0.5554657333465883,,0.5541642149327376,0.5544794144388855,0.5548031070023347,0.5550955906600261,0.5561511807800844,,0.5562167973009545,0.553451138680096,0.5551465359601296,0.5543159120415341,,0.5553460929593244,0.5549858004500988,,0.5527243025797816,0.5555833359146589,,0.5562094232567001,,0.5542348430146734,0.5528120596916083,,,0.5547541307417915,,0.5544522462919408,0.5553218391378254,,0.5557258580592086,,,,0.5544940446456849,0.5557404015495281,,,0.5551487989991272,0.5559649849356343,,0.5537657808247899,0.5546878046946098,0.556424220647193,0.5541916072585282,,0.5541226853260439,,0.5543465901251508,0.555573487127098,0.55519790901124,0.5549544482469647,,,,,0.9252576424132338,,,,,0.9235216979248958,0.9248176538680817,,0.9258952995208051,,,0.24511740068074897,0.24482411145237826,,0.24495330116814268,,0.24564975068637324,0.24566146479262527,0.24515524535014396,0.24428950056159612,0.24519927595958407,0.24547163529030405,0.24481676256838428,,,,0.24546691077529256,0.24550192059402481,0.9245770637759833,0.9265486047499819,0.9307021224440063,,0.9274943416403448,0.9271478216138321,0.9287036824812456,0.929672009241073,0.9001848311396733,,0.9006412518073317,0.9036243309334581,0.9000586974838795,0.9005719716091309,,0.900854651055076,0.8984588636600196,0.9035718990177786,,,0.8990351411010472,,0.24457933039785817,,0.24515355554683696,0.24473749328725528,0.24560951921429092,0.24617575253784366,0.24530109132963077,,,0.24558672116271182,0.24564751515510572,,,,,0.9004628745874287,,,0.901262597619032,0.9059103520656657,0.9026344519166618,0.9009097725215723,,0.925271146399893,0.9218373074289176,0.9257129189426346,,0.9281571827786398,,0.927590887789729,0.9251634173377631,,,,0.9288053188928865,0.9243475493330211,0.926459015780538,0.9287548272074116,0.9271409112154751,,0.9252710944118404,0.9281421423823563,,0.9273063193379188,0.9272482873021619,,0.9257806367254944,0.9280083192108337,0.928231269068323,,0.9008849251193383,,,0.8977469159856102,0.9042502436984784,,,0.9016262379086053,0.9018590699668653,0.8966244785795214,0.8993359696240177,0.90126406603224,0.9034992491256117,0.9036231700751065,0.9002073645512678,,0.900941096467722,,0.9035937426176214,,,0.9005279208682208,0.9020361310437548,,,,0.532049998901444,0.5323335270282565,0.5314051041518352,,,,,,0.5993228509045978,0.6037701913318706,0.13198678547995488,0.6158398321189905,,0.6141308252051911,,0.6146797060532346,0.6142035366560106,,0.6140040481939594,,,0.6148769312602104,,0.6158118662664833,,,0.6161865044398476,0.6145822686657393,0.6136847904360286,,0.6150957551963329,,,,0.6154323821923985,,0.6145133665917875,0.6139112717709473,,0.613883445052289,,0.6154868734144636,,,0.6149750617305204,,0.6149348484659527,0.6156630516828164,,,,0.6156761263984508,0.6146548465375997,,0.6161106689025916,0.6172587319332465,0.6142869718302031,0.6161140147145094,0.6158461601044896,0.6149554371781468,0.6150440004955644,0.6148855444415333,0.6167283981622721,0.6152606439603032,0.6162871261839885,,,0.6165961630952318,0.6154811686153602,0.6160065762976852,0.6133550303281492,,0.6149456128270226,,0.6170146039515351,0.6164007401609575,,,0.6146334227971297,,,0.6161059825104471,0.6137374479663815,0.6157513656120968,0.6168393177098245,0.6145126362637913,0.6139188681216584,0.6158430562436392,0.6129453786258033,,,,,0.6178579802174657,0.616060811958656,0.6151291595204188,0.6170079197322396,0.6167233591635101,,0.6167195061027568,0.6139257758436812,0.6157251668332657,0.6171270996449214,0.615146600080603,0.6151461585375724,,0.615302877687008,,0.6156710867087274,,,0.6179418720875595,0.6163816633426598,0.6176969546054013,0.6165828046508794,0.6154049053174968,0.6166515278005209,,,,,,0.6167246173084197,,,0.6143142025185366,0.6158598204313616,,,0.6167633451346639,0.6150927971633409,0.6147181246741846,,,0.6157941545759793,,0.6149350526399993,0.6145068337665286,0.6164935975479399,,0.6155678705453227,,0.6157628342607263,,,0.6162953357701517,0.6144558865615078,0.6149434373186162,0.6154541366903684,,,,,0.6154860935918124,,,,0.6160936781680534,,0.6139550528431307,,,,0.6149641690218601,0.6154030566229876,0.6151658637986287,,0.616120317466546,0.6143613861803909,,,,0.6173903883268499,0.6176492647736539,,,0.6149232184180433,,,,,0.561965100752352,,0.8429029433636239,0.9282482328255515,,,0.8355591762340956,0.8350483913157876,,0.9335173474286065
7,5,DG_10pct,20,Z09_F02,9,SLG_A,175070,181996,True,3727.9509614106382,3726.032111306139,3761.8159593939376,3876.6435972866375,3838.968422644791,144.1772402110167,162.12748980051177,4498.164123112412,1500.5284401111176,1043.1405304296154,1049.1435674307277,493.6289982649475,159.49859685281976,87.07868117971334,84.01828620756991,142.74039907168878,159.21900057934388,25.815900398424894,332.61789970171674,460.1837898308265,0.7619129847316508,0.7637260223616735,0.761587758857241,0.760860100900743,,0.9480634694503209,0.8429179750509196,0.6414059937238454,0.6419564253780906,0.6385069077243116,,0.6039392254028069,,,,,0.8362048524566401,0.938994162651339,0.9402414882756965,,0.6402122497788946,0.6414025586358946,,0.6403793180261771,,,,0.6341201649026265,0.634416059013431,0.641968626504397,,0.6425440350236058,,,0.640578719641767,,0.6141041334059427,0.6152296752534666,0.614534415299664,0.6161719361753656,,0.6174224501960025,0.6196542827843798,,0.6182322829443778,0.6173514886900366,,,0.6181034132775457,0.6215178350933326,,,0.6177207511082468,0.6183212821286874,0.6190282537728705,0.6192291397669883,,0.5342469444553026,0.534326091440739,,,0.5268747791593495,,,,,0.5264688002165019,0.525991900996425,0.5274395107221032,0.5274979884004195,,,,0.5268479014188662,0.5283683257676879,0.5259816462745139,,0.5275080866733414,,,0.5270173149538926,,,0.5282436860311176,,0.5828120915023985,0.5824925278462652,0.5824405435144593,0.9147498399303254,,,0.557435145638944,0.5567353177486973,0.5563646384723461,0.556337670955579,0.2051652586481764,0.20450569641626157,0.2048660794131954,,0.20521939631778044,,0.20517930190351086,0.2052002520600226,0.20425146769229996,,0.20426632118933769,,,,0.20425461515544177,,,,0.20491850124955846,,0.20450789965840147,0.20486214274441764,0.20467846048181476,0.20456025786626936,0.20464666544417942,,,0.2047258954453968,0.20492353349992815,0.20548493275610066,0.20448638809476208,,,,0.20488593637366234,0.2046924574883975,0.20471534114617615,0.2040692050962694,0.2049117959269041,0.20477061046812486,0.20443006103811753,,0.20418196349927398,0.9066249892903729,,0.9099860770116928,0.9090949930094929,0.9063189244506461,,0.9069543580538912,,,,0.9091726026053707,,,0.9087547564923123,0.9080551048959494,0.908862030680876,0.9106794395849592,0.9101447951469714,0.9108887655852809,,0.9067255713997047,,,0.9080265817053814,,,0.9102345799536498,,0.9114509531392802,,,0.9076891142495531,0.9086578813546374,0.9084094423271732,0.9077298041462122,,,0.9082348772956544,,,0.9075133655363984,,0.9062941643902889,0.9070065467149944,0.9092123851794136,0.9228804642504878,,0.9204111387063295,0.9195388039419603,0.9176828056037037,0.9181582843458449,0.918086201257433,,,0.9191838502597186,0.9180622046985248,0.9193612269416601,0.9194014789719969,,,,0.9181026114495845,0.9194762264669546,0.9169607512703514,0.9172529510531952,,,0.9189968383159053,0.91771714011153,0.9186032674780334,0.9173701726144542,,,0.9170905806292265,0.9173839059475599,0.9187371315798702,0.9191350442189598,0.919528626036445,,0.917375036379223,0.9208060431447184,,,,0.9191430378909563,,0.9207297876657381,0.9191175692732769,,0.9205125437720759,,0.9189695213306706,0.919637119877002,,0.9211512772189424,,,,,0.5555400759441,0.5548143121033914,0.25720538171498647,0.17501864737589692,0.555901425908616,,,0.5563318860405566,,0.5552222707574872,,0.2883048595834438,0.2881432565837436,,0.2873106577885552,,,,0.2883855934083396,,0.2892136042569126,0.28801144551733887,0.2884448872008101,,0.2888678074677022,0.28869925131978375,0.28897014073329547,,,0.2882111462292619,0.28895003267635866,,0.28846374660706003,0.28906473538716654,,,,0.2885523476207268,,,0.2877304734508613,0.2890730158504508,0.2882904330725307,0.28834874697156854,,0.28815471315761737,,0.28800728853333096,0.2881756876399712,,0.2665772283755722,0.2656117914609529,0.2663016138462239,,0.26645954653161374,,0.2670441314462923,0.2664514626814766,0.26695152676718376,0.2669190678824424,0.2660661291161793,,0.26667480414661343,,,,0.2654484194625236,0.26628291999350645,0.2668302869774491,,,,0.2659811562904916,0.2661535417789159,,0.2654094374193103,0.26698695702031117,0.2657824298956549,0.2653488982692344,,0.26604550286338097,,0.9082448886398581,,,0.9090941530620563,0.9104949942988041,0.9088169914321117,0.9124970635597015,,0.9120002936665429,0.9096090490985905,0.9109684663977282,0.909678536203686,,,0.911566792490916,0.9072340436762358,0.9086410055592226,0.90925200025845,,,,0.9075147974821163,0.9089256869927892,,0.9081090020118091,0.9080164747605953,0.9088752445073407,,0.9100142928418492,,0.9097633151872552,0.9097509857058652,0.9102720715615586,0.9102142914961644,0.9075782932086367,,0.9114519342721762,0.908167934127167,0.9105900281935211,,0.9105879646010189,0.9095998818531328,0.9103504347567868,0.912058681390229,,0.9083347656948724,0.911063825158698,,0.91259950783583,0.9117229640178532,0.9100096531408031,,,,0.9111621362342477,,0.9085267543311674,0.9085100270028208,0.9107393362834729,,0.9095261745359203,,,,0.9082142397009506,0.9087746803717833,0.9077673812827809,0.9109733184943238,,0.9114840284366704,0.9091595694614963,0.9102648437776178,,,,,,0.9104570759458863,0.9116246549343338,0.9088899446618202,0.912837985864138,,0.912330410251761,,,,,0.921942879287034,0.92066273823602,0.9205117062762845,0.30188544244095744,,0.30074668353345196,0.3016277529630869,0.3008794868318073,0.5818968615868715,0.5829615900724624,0.5817085951573422,,0.5834851233292411,0.5800486757383037,0.18253557055812306,0.9208388920294988,,0.5546045554923789,,0.5547684731229127,0.5404696301277101,,0.5402813192645033,,0.523136172875299,,0.01667041699538618,0.9251405149120833,0.9217384483212869,0.051950429101666,0.9376805898259584,0.9095427717903714,0.06456587755805332,,,,0.9484989396000532,0.9492464776931577,,,,,0.904241417831705,,0.9559330172746773,,,,0.5475892788416182,,,0.5479156865567297,0.5483166969890502,,,,0.5474831740876781,,,0.5467602034218889,0.5474869392075213,,,0.8999211088937594,0.8995962249611107,,0.9004926630802276,0.9003317469092502,0.8995406786446123,0.1297753378338252,,0.12922314996894552,,0.9734340012661579,,,0.9727225154999214,0.900941164614276,0.8989049275141263,0.8995264755720828,0.8975691410594171,0.5567935148595076,0.5566579124045768,,0.5579364425578702,,0.5570879675846574,0.557130638000597,,,,0.5568786218932916,0.5578136914206078,0.5579451223163975,0.5572804751102131,0.5563753213403251,,0.557749353361937,,,0.558434344247683,0.558763609615373,,0.5572622607662762,,0.5581057287029455,,0.5579109414753093,,0.5595020625203446,0.5572311604576738,,0.5575507898906271,0.5579829677044875,0.557773062241296,,0.5574946011086185,0.558922277820444,0.5578037316204112,0.5587626328562364,,,,0.556922988344742,0.5570257845990637,,0.5594440903917124,0.5595311912528114,0.5587232282348524,0.5584669439473081,0.5594563606120456,0.5585612993867654,0.5578035225493145,0.5588195945328828,0.5578534765908286,,0.5573770248248,,0.5579762336225256,0.5583151394357324,,0.9163579610102344,,,,,0.9156416197663031,,0.9168013753166985,0.918075842446905,,0.9169554296329907,0.9169516376526257,,0.3371633204348803,0.3372116801206013,,0.33805494563945016,0.336142112107347,0.3365629787080855,0.3366748043955844,0.3370210080469027,,,0.3371559107158248,0.33682355197923336,0.3364046891332454,0.3370645870119993,0.3352428245319,0.3360399948006128,0.3370249022394841,0.3363130223588227,0.918658046653424,0.9175237705624653,,,,0.9174043022050563,0.9197281028325884,0.9190079641441778,,0.9077188145417082,,,,,0.9055662241415361,0.9062754092367753,,,0.905843195228123,0.906159753050893,,,,0.3368588229926989,0.3364135280529172,0.33553093066867723,0.3366315398652074,0.33747405739495545,0.33745147469601056,0.3375219042841105,,0.33709039336531227,0.33691679901969274,0.33642142868631475,0.33272827656136394,,,0.9084235974939486,,,,0.9081670846049825,0.910279388900603,,0.9186233386459771,,0.9185482013504654,0.9173268997112883,,0.9193165156324353,,,,0.9201725571921807,0.9191068085158195,0.9185785215806439,0.9219700662482796,,,0.9170325127826003,0.9205844615295823,0.9198319184100565,0.9174288225568111,0.91849699363869,,0.9198164355994833,0.9192140699516528,0.9191161283491986,0.91884371203607,,,,,,0.9073174918334324,0.9113953434233658,,0.9077062839054119,0.9088957821980851,0.9094052760024226,,0.907152903278646,0.9079549644012317,,0.9076768340753856,0.9057488951526794,,0.9065706718472674,0.9097674715481613,,,0.910108641350591,0.9104438254568586,0.9077200033900461,0.90946408619656,0.9070848320799817,,0.5348255048411269,,0.5347540689933997,0.5317003422912665,,0.533894384373171,0.8444119667022995,0.837766909172709,,0.6282195058452977,0.6269812036805231,0.10530625509962538,,,0.6420385769702527,,,0.640892009890633,,,,0.6423023185250124,0.6417963988918356,,0.6416667820972543,0.640048022047457,,0.6389604227697162,0.639230362506825,,0.6406818767694529,,,0.6407548894470738,,,,0.6422136116819009,0.6390218018127924,0.6410478705883752,0.6418114450834687,0.6434119615180335,,0.6398958747204255,0.643126794452116,,0.6424755735898655,0.6405121831767822,0.643975337163719,,0.6390607171410927,0.6417064072896838,0.6424899453514922,,0.6421233844057951,0.6395508855675719,0.6413255894241491,0.6421038736173172,0.6412728225057893,0.6402197656763653,0.6395800708369981,0.6398350970416551,0.6397265627161698,0.6409555648753459,,,,,0.6403032341009212,,0.6427318171297807,0.6410616972493045,,0.6434293906550008,,,0.6411198519725816,,0.6426759182296229,,0.639883498109107,0.6414607212842375,0.6417425099129935,0.6402121939074573,,,,0.6412839922479976,,,,0.640073761966187,0.6403307441120115,,,0.6422263941787818,0.6427387912636575,0.6395705849693132,0.6406763159084994,,0.6436919694565324,,,0.6407885866274846,0.6398315509976399,0.6413418603469231,,0.642100707434022,,0.6408418398535067,,0.6416380627099914,,0.6409981735008237,0.6418632981916702,,0.6400042989496729,,0.6417261710698466,0.6409607576113607,0.6422664054022924,0.6405401535591153,,0.6402967974618022,,0.6412820634238455,,,0.6410749864065561,,,0.6419243608923646,,0.6423856734679877,,0.6400230662045261,0.6407379215976091,,0.6424960124372888,,,0.6392068041676819,0.6411231736892362,0.6407174284079127,0.6410666382057333,0.6413942414693967,,0.6394989431152871,0.6407255659483219,,,0.6425586035339822,,,,0.6414463096681935,,0.6418100080992245,,0.6412364262229283,0.6430594048457501,0.6402452359434128,,0.6385322911420662,0.6412783218328912,0.6418848446120282,,0.641408522449835,0.6417665611392341,0.6412378240276826,0.6420680588021555,,0.6391312730018883,0.6416769267353227,0.6409707586206097,0.6425774747644206,0.6422932427868251,,0.6416182209706756,,,0.5908292893300393,,0.5604177597936656,0.8429217169011328,0.9310487136460839,,0.6053388271189383,0.8344444496321229,0.8355801982350642,0.93943112329618,0.9388215500104566
7,5,DG_10pct,20,Z09_F03,9,SLG_A,175065,181998,True,3692.981983795272,3656.852992395586,3705.7982924054386,3790.434336435249,3810.6489893580647,142.36467352571128,161.0580102593313,4423.990712331672,1491.9728751791051,1041.1178199205474,1034.4769500975458,491.1270478812226,158.57862194452545,86.47961283959543,83.73259843861925,143.01730076377302,157.42744177513515,26.059903791374232,330.16699281669037,453.86162960893523,0.765112695161653,0.7640148360525443,0.7623461088916311,0.7646127787146428,0.8614489664049078,0.9529547911275851,0.8447575293178163,0.6419810889468996,0.6445339703113272,0.6438539001296114,,0.6088593653868973,0.6098354936863708,0.6102187596920559,0.837523455648714,0.8387633337930208,0.8352175564717588,0.9385847843748502,,,0.643309264892503,,0.6440644318626034,,0.6429855832072949,0.6441153829318175,0.6377049381612835,,0.6374945098825295,0.6449205434451182,0.6437301716327664,0.6452772373862514,,0.6454577764063528,0.6460350233066939,0.5778718855852591,,,0.6194043434851771,0.6216845558668599,,0.6226052463674389,,0.6211637692474441,,,0.6219843887073582,,,,0.6219652719463831,0.623053020583882,0.6214835185978349,,0.6229321101270945,0.6204896767850445,0.6230613951350273,,0.5412558992307741,,0.9343156494128025,0.5332728835927917,,0.5316880902833875,0.5318783173378183,,0.5330493871211799,,0.5302321808414325,,0.5340327480569769,0.5309800214199368,0.5326868359558122,,0.5322745897027878,0.5316367458646941,,,0.5326218212794145,0.5312672323314307,,0.5319069984956271,0.5323852487816436,0.5326182452848771,0.5319878404823117,0.5844675642532878,,,,,0.5593446944472787,0.5604477816349771,,,,,0.2146591815206224,,,,0.2145045467879665,0.2146740884809662,0.21458921246214624,,0.21457533879979282,0.21398289106227936,0.21457663545606417,,0.21449511193120677,,,0.21425945717820524,,0.2141012334662873,,,0.21477593165439662,0.21429116459661357,,0.2137660611274248,0.21457300404216886,0.21438067507880276,0.21419494670510716,0.21423684772838522,0.21452900508022538,0.21448465655104212,0.2144941743490916,,,0.21471387487392177,,,,0.2147685246380356,0.21409486329393754,,,0.21445896943559378,0.9110304953234617,0.912007206980009,,,0.9101856949445034,0.9098674601348453,0.9089177277784134,,0.9107388881984234,0.9094321638612234,,,0.9079881807894927,0.9097888895845945,0.9104371555535824,0.9063770602343729,0.9062683357189655,0.9098241958221819,,0.9109231849981987,,0.906889775314658,0.9090134125522349,,,0.9099749398184059,0.9102747226230667,0.908190311187873,0.9098253450468425,,,,0.912067850183798,,,,0.9123444357404211,0.9102139336565259,0.9060608017766711,,,,0.9112981298493555,,0.9105166771722795,0.9180830369335968,0.9189171384413837,0.9177748014616163,0.9199206502476438,,,0.917228692423276,,0.9179339454550756,0.921053479328396,0.9191679898401185,0.9198675352175781,0.9190470202907965,0.9193603369009457,,,0.9197002136366579,0.919663198468636,0.9200909539759814,0.9196219783122442,,0.9194059286737426,0.9181469364693159,,0.9169300261415249,,,,0.9193563143598312,0.9161796177038288,0.919968140342877,,0.9198407864124161,0.9197359579776956,,0.9182557934695991,,,,0.921401064723205,0.9191686457457141,0.9194740810292773,0.9196731304243255,0.919053530404582,,0.916927752907947,0.9202972857683777,0.9191853517574009,,0.9190291880411343,,,,0.5581634499562552,0.5575010965833612,0.5568329989685469,,0.1858420580474923,0.5583265090317583,,0.5577165490852244,,0.5580723700053449,0.5574074674253066,0.29703810266773256,0.29647007580425894,0.29838031676490984,0.2970106867969934,0.29599525416330447,0.29732653994071884,,,0.2979269924146556,0.29779241248632493,0.297889060532941,0.2973285244093,0.2969757664532152,0.29745006475194946,,0.2975843462353786,0.2975108625634676,0.2973871663792197,0.2975328418349501,,,0.2981069924491424,,,0.29626526230488054,0.2977101820854727,0.29676851892376344,0.2965771647905549,0.2969284423720865,0.2972660349266998,,0.2963685073907896,0.2967004436638946,,0.2965930532157148,0.29599662432595875,0.2978519146252839,0.2976670895945514,,0.2976671946842994,0.2746223225154075,,0.27463586449534605,0.27590201113967466,,0.27587944029573463,0.27482920808981187,0.27568245477196685,0.2756423746023634,,0.2752256222368196,0.27675490744855347,0.2757426878354568,0.27551649347396334,,,,0.27565461219300424,0.275484842552056,,0.2759263927491473,0.2759784131590155,,0.2749572546304325,,0.2749348448777583,0.2753797320868292,,0.27522934923456777,0.2752846701157353,0.27578900240526927,,0.9077026105767347,0.9091342188413175,0.9108961322588014,0.910731697902966,,,,0.9125351236997369,0.9114494035886253,0.9103053176650931,0.9127995078695427,0.9110851344773097,0.9115909084056871,0.9098024880405473,,,,0.9106770963038298,0.9157716541825461,,0.908405346486936,0.9119664575803716,,0.9101264311955212,0.9099939605740305,0.9106759103766299,,0.9108553422000479,0.9106095498324259,0.9138813666050615,,,,0.9099054703036843,0.9110333578103338,0.9096466393125661,,0.9115108095365372,0.9085716299497683,0.9070842045965354,0.9114317287538448,,,0.9099488412320498,0.9130019394485562,0.9083198731914066,0.9118387521892317,,0.9109528190311993,,0.9133291274167185,0.9098333202800234,0.9110232823608553,,,,0.9117270752518957,,0.9108442538437417,0.9122166948423415,0.9111938167190103,0.9132312235498471,0.9109048461705813,,0.9106169892040582,0.9126756218736701,0.9113469748608164,0.9121151167681936,0.9084948439765577,,0.9072163469869179,0.9102344297423596,,,0.9128792861683268,,,0.9121949786500296,,0.9103188627138122,0.9134880833991545,,0.9127202203048074,,0.9134248339121054,0.9122609542658503,,,0.9190372442391123,0.9209028515140202,0.3096536880284039,0.3099620905964962,,0.3113558021416633,,,,0.5852592940733268,0.5855683343227192,0.5871216656620682,0.5866395284737084,0.1933739423468373,0.9202753815979914,,0.5581538956593559,0.5570911426046173,0.5571748342742457,0.5446887653639494,0.5443018777574078,0.5424449299923333,0.5270698219051433,0.5288780462670897,,0.0287502190924954,0.9250247110855533,0.9256321007302099,,,0.9138357444720884,0.07614204694541057,0.9454804582248976,,0.950507262314711,0.9478666601490281,,,0.9514521144696654,0.0873849672480546,0.9503800431415795,0.9083838639107851,0.9570001950054716,,0.5490159510713294,,0.5481929318633159,0.547936926593497,,,0.5499257766797137,,,0.5481789446343537,,0.5489094796685741,0.5493646720500418,0.5503183326705823,,,,0.5486576162071424,,0.9003766837764922,,0.9010154731380833,,,0.14037417039644268,,0.14015173344342916,0.14062466165018092,,0.9717773809519317,0.9735751608754145,0.9722093314093301,,0.90140312486966,0.899893374135405,,,,0.5593127056391379,,0.5582878759872973,0.5595678200818393,0.557188130330144,0.5598335616978474,0.5592537894114199,0.5594107552633534,0.5607770146304663,0.5598371288965733,0.5581156132508657,0.5597469655276189,0.5602415395267796,,0.5595571445424729,0.5598773469958485,,0.5591139631258375,,0.5593891616569575,0.5609279514515318,,0.5594559935395402,0.5595418921590365,0.5589771971732335,,0.5605532557148258,,0.5592971078760768,0.5590840746953106,,0.5578554927040014,,0.5591259596630613,,,,,0.5612761863699733,0.560050615251726,0.5589613111434352,0.5598051566224844,,0.5591846217941512,0.558953964053184,0.558199884669668,0.559314288163724,0.5591144196178124,,0.5600167177090495,,0.5602993490438167,0.5595204763107723,,,0.5591267392541234,0.5586524975614489,0.5593003923756215,0.9175717552190206,,,0.9211113722638198,,0.9163693344531908,0.9168912345813505,,0.9154957055407639,0.9171349557422759,,0.9184706388286583,0.34500935877294864,0.34512586063640704,0.34666826536320056,0.3447517141600885,0.3446316941037753,,0.345914180895376,0.34543033131455336,,0.34461206508417586,0.3439649895482499,0.3447193005721501,0.34516032858964574,,0.34375161452047304,0.34442481493266874,0.34375043907156855,,,0.9197351948009441,0.9201877224827882,0.919938971720382,,0.9184789641937646,0.9172597054044261,0.9172904599845326,,0.9113714165005048,0.9079166018646503,0.9076857044605554,0.9067443667167945,0.9090847053575478,0.907226230733487,,,,,,0.905479673812557,0.9067691330459983,,0.3439761143288228,,0.34444348391621,0.34393730201653305,0.34460971378064736,0.34429459554458136,,0.34521191282262087,,0.34556881334380446,,0.3450365136117961,0.3401545748099698,,,0.9124511882155415,,0.9096628229541922,0.9088909733168514,0.9105585568108776,0.910817127125936,0.9114491096436158,0.9181134151748049,0.9174793822789153,0.919698859177186,0.9159874005808814,0.9210827334893559,0.9213378208993555,0.9177450810413917,,,,0.9206897620543403,0.919810083892361,,0.91757977070263,,0.9195918085646685,0.9195362844783025,0.917915972207639,0.9190070483148589,0.9193650768995983,0.9198506276655912,0.920519874647193,0.91876980951316,,0.9186989117191582,0.9197406929349727,0.9167854937689002,,0.9122247527167374,0.9111983498685788,0.9124023349698926,,0.9101189443358468,,0.9111152405365266,0.9128266741923337,,,0.9052829942726818,0.9072511478933859,,0.9089614849309838,0.9081465724127873,,,0.910681202973652,0.9077495854045474,0.9124655686012177,0.9076627679757451,0.9105534823313012,,0.910509114213398,,0.5359961388607811,,,0.5349523357091344,,,0.8459691006888612,0.8363902110291401,0.6317885682408747,0.631885982341613,0.6302551042822797,,,0.6469414170296579,0.643653882290127,0.6455341378104901,,,,0.6422969215265721,0.6469380743697959,0.6462033182156207,,0.6432099509041141,,0.6455335972328063,0.6441933921761108,0.6447410552166097,,0.6454697212791202,0.6430543980128508,,,,,0.6445333981507685,,,0.6468715826212744,,0.6447303416762014,,,0.6436185137914042,0.6444653390178539,0.6447822739941497,,0.6454916375877945,,,0.6437420438979358,0.6461828356189682,0.6468651152045394,,,0.6428731813960208,0.6444628849917813,0.645839756208719,0.6443921662592191,0.6429903814523755,0.6433845364877208,0.6443197869966397,0.6445921585887711,0.6459290801671507,0.645379916184005,0.6439524981401209,0.6466546063363721,0.6434392785619594,0.6457611273604276,0.6449959481058403,0.6448295677553315,,0.6460063810585762,0.6466255216501162,,,0.6434612762102183,0.6447358412479788,,0.642884887037977,,0.6443279594045853,,,0.6436779942925708,0.6454696970251749,,,0.6437122447757385,0.6438852686983769,,0.6430200237829552,,0.6438940400572987,0.6445133691962371,,,0.6445943073285736,0.6452878596380738,0.6463700980261717,0.6437524297788677,,0.6435757853105235,,0.6453648877974648,,,0.6453842876438547,,,,,0.6449952940406414,,,,,0.644514591410975,,0.6461195627423004,0.6452618240538006,0.6445696236444319,0.6448042301991068,,0.6448528758960933,,0.64669654255046,,0.6448782157276242,,0.6443859192286991,0.6447328000418567,0.6433316405486171,,0.6443278348784913,0.6435333803488696,,0.6459721558672309,,0.6450480761867564,0.6441715810473425,,,0.645604841439893,0.6428573692866842,0.6428323960078849,0.6445083397052351,,0.6422684101514566,,0.6448991887447528,0.6436268604364977,,0.6429682011921636,0.6441902077913944,0.6443952181904243,0.6465514848539698,0.645272488017155,0.6468508099325003,0.6442643721768304,0.6445973772811429,,0.6463114579000405,0.6450675289984855,,,0.6459452899707578,,0.6443230290754937,0.644390949665239,0.6462449767708037,,0.6440006873619475,0.6429222647282924,0.6434824124441636,,0.6449755513436783,0.6446543047312474,,,0.5952123751543187,,,,,0.9321741825682968,0.6086457696316051,0.6091852247935193,,,0.9394948387001357,0.9376816085275199
7,5,DG_10pct,20,Z09_F04,9,SLG_A,175065,181998,True,3674.5971089997356,3664.70989368711,3703.243589246364,3813.3607947043492,3803.356130716299,143.63464027185128,160.2886583696359,4417.491417998741,1485.2180855606105,1038.9008168154255,1039.5385910023926,492.4714465370677,157.90823545423686,87.28710112122901,83.91942503859086,142.81110674971126,159.15913817527675,25.95660226939901,327.92309178518013,455.2531775087161,,0.7636266705798522,0.7641743235899042,,0.8602246528844089,0.945906674281049,0.84269476620738,,0.6423108560625617,0.6426245525132553,,,,,0.8355629068383075,0.8359812575367291,0.8377019705388746,,,0.9393433633251423,,0.6428462255133238,,0.6446135863230678,0.6424237519987862,,,,0.6373111907141134,,,,0.6436683461543029,,0.6437452324450524,,,0.6189914220052615,,0.6189062622491722,,0.6217132733292564,0.6233757099591846,,0.6224042049667733,,,0.6220036440911304,0.6236431961760758,,0.6224832507910386,,0.6240366213192808,0.6219849538305091,0.6226621564732646,0.6233536286567735,0.622014832954409,,0.5412334490978336,0.8462325492330257,,,,,,0.5325543273077163,0.5319122593878616,0.533550799777008,,,0.5319248226916576,,0.5323743182251005,0.5316098074359672,,0.5325328364088999,,,0.5320533919241431,0.5317927916446507,0.5321888478032646,0.5317353035783058,0.5328333667087269,0.5318833484304338,,0.5892945005648504,0.5874462879180907,0.587812533121633,,,0.559963958634055,0.5585040280139837,0.5584486260953117,,0.5600611472984655,0.21473093923364248,,0.21520033014960607,0.21483857057843941,0.21471000435275858,0.21421155574143605,0.21475185554438728,0.21455874470012193,0.21429556866318666,0.21429664618933053,0.2146524712356475,0.21419463455287863,,0.21394137946396385,0.21492674339131473,0.21415714353473062,,,,,,0.2145939162605588,0.21436063487398233,,0.21475928063566632,0.2147173455993537,,0.21483915418427946,0.2154142305548997,0.21385207402254522,,0.2144886432803695,,,,0.21407520372355723,,0.21458010217100662,0.21471475795323267,0.21407967266627922,,0.2137740513425662,0.21452766019476321,,0.9075567097651818,,0.9108268998095914,,,,,0.9074286538957828,0.9111645525492151,0.9075052906343837,0.9123684503179689,,0.9096466637751945,,0.9087115652224224,,,,0.909451889858666,,0.9089158869944511,0.9108913679309403,0.9102595196262444,,0.9088051625248527,0.9088174600664388,0.9087524139386363,,,0.9117444893007405,,,0.9088812229010875,0.9096635260959353,0.9050092282977169,0.9079379391808858,0.9116760973655941,0.9090355308109289,,0.9094648864934775,0.9117624859521885,0.9084467176184442,0.9084735164924167,0.9090510142214548,,0.919603506391461,,0.9214866163470958,,,,,,,0.9185619365386748,0.9184185308155003,,,,0.9193955612084957,0.9191812043385694,,0.916776110278572,,,0.9222254246743177,,0.9171283581851256,0.9185377928088369,0.9177788751426572,0.9179973840036413,0.9195528812190744,0.9200269659034231,,,0.9171595561133333,0.9195775001770377,0.9186676507944279,0.9203960143294713,0.920723347565039,0.9188695783587912,,0.9218796875493863,0.9183538700679605,0.9255141477468718,0.9222047380588133,,0.9193588325305755,,0.9190308610273908,0.919068976540703,0.9185367771634678,0.9176525688996376,0.9195220171851362,,0.9197313553532344,0.919716297358837,0.5572807892767155,,,0.26485918973172445,0.18483640738707094,0.5572387015420743,0.557340238747717,,,0.5577106680842625,0.5566319933169281,0.2978406557439239,0.29797748205903285,0.2977211104368168,,,,,0.29678107706318424,,0.29647870139752874,0.29809495327084506,,0.29663275406710987,0.2977531008450484,,0.2974888522180925,,0.29781385069555866,0.2973374874528141,0.2972004001258605,0.29720021911730055,0.29759537829128946,,0.2965260409058851,0.29625024828371965,0.2962295617730284,0.2977016984537139,,,0.29718453764359537,0.29731587578935303,0.29740788477515917,0.2971505506524994,0.29652112736837727,0.2976173979566958,,0.2965099744234129,0.2980689196236411,,0.297393718852658,,0.27569425792473723,0.2754899478632623,0.2749310895007224,0.27551285633607236,0.27536102385997957,,0.27557786111359556,0.2749128083718014,0.2748537578781943,0.27509730174420594,0.27517011043342404,0.2752711368126915,0.2752991869203985,,0.2752575152319828,0.27540341531850054,,0.275230715680312,,0.27551583065441454,0.27479394735238144,0.27545235655687716,,,,,,0.2756156058877604,,0.27434830406554783,0.2745101399599153,0.912070625062846,,0.9126809161589644,,0.9112185732820007,,0.9130491780161432,,,,0.914111488057637,,0.9117983955068664,,,0.9134908737997655,,0.9129142322289526,0.9117296535180823,0.9126147554392048,0.9112242374444303,,,0.9104919708979629,0.91161762476317,,0.9106823889733562,,0.9113188325679922,,0.9117598308602104,0.9108111036984119,0.9106610887670624,0.912316185046592,0.9087997413561874,0.9086713977304209,0.9103774492084803,,0.9111765359498386,0.9126805364150349,0.9113310447167282,,,,0.9125408539611615,,0.9111695212647589,,,,0.9120102367370427,,0.9115728364754051,0.9071185866302137,0.9112532111290425,0.9107580828768729,,,,0.9091996206021575,0.9095192985523959,,,,,0.9086165274860157,0.9096015624611716,0.911696316568992,0.9118151767558713,0.9101516215989971,0.9112168740667084,0.914239008646996,0.9137629188008585,0.9111870088297344,0.9132519038033957,,,0.9115803339144251,,,0.9106326143055509,,0.9122177498309963,0.9094482793480717,0.9094416569825903,0.9116633938498052,0.9228907535332146,,,0.9225509557440392,0.3092825718084505,0.3093051292770013,0.3104044904303042,,,0.5850192982565985,,,,0.5862919353417126,0.5857473359115408,,0.9199154288122241,,0.5569135044994669,0.5566220559937834,,,,0.5430854634906633,,0.526746941327028,0.5279563121799812,,0.9237558862184759,0.924291132580038,0.0635988889736118,0.9389537934494339,0.9126211022159273,,,0.9093445403727097,,,0.95135541559709,,0.9504343137371645,0.08757038733876345,,,0.9567451886009191,0.9567948655008293,0.5475211972636455,,0.5507627945210293,,,0.5503786225300995,0.5491599685859703,0.5503409761627897,0.5482948945878047,,,0.5488491653093538,0.5497811013963534,0.5494490963239823,,,,0.5489924127463188,,,0.9012789373735741,0.9016466656868131,,,0.1408341941609989,0.1405078442924344,0.14040834148621245,,,0.9709644984264411,,0.9717729353536695,,,0.9001943211426121,,0.559749122563872,0.5595942646692633,,,0.5603955963401313,,0.5590713127357411,0.5595895610703316,0.5596903358002882,0.5593496597619164,0.5595948150900069,0.5592397412032822,0.5592676841277023,,0.5602987797726755,0.5584647098674763,,0.5609311954813818,0.5589761021078483,0.558473143185727,,0.5597032600008762,0.5592781500908912,,,0.5577965732437458,,0.5605342680738982,0.5590506462080773,0.5581662384593884,0.5612471568114205,,,,,0.5591431422473693,,,0.5611220080439236,0.5596969792020411,,,,0.5588699396171409,0.5609166104195603,0.5589716976821052,,0.5608186939778971,0.5612227112753759,0.5596256505789542,0.5607005538526172,0.559495844927581,0.5587266486344439,,0.5591244308876615,,,,,0.560353957669764,0.91766241908649,0.9170480922728066,0.9179288600764582,,0.9162400656916209,0.9196836869382985,,,,,0.9170920072908373,0.9168731821038107,,0.34540946989823634,0.3463306154528304,0.3450830276031575,0.34474599383166116,,0.3449345922507484,0.34550758188121267,,0.344164394765832,0.34445635531252045,0.3447007397844991,0.34434327017128624,0.3454077969089017,,0.3442916932180623,0.34405821421349075,0.34534411149335464,,0.919104400197054,,,0.9163459726200662,0.9200267553389095,0.9203866647557397,,0.9203307170101998,0.909126276990067,0.9064513623938261,0.9072486855724559,0.9092015191391467,0.9064643586944287,,0.9098077686867253,,,,,0.9108707751915837,0.9077149879256571,,,0.3449474165959794,0.34475176104105487,0.3440198761258483,0.34610985848284476,0.3446203422846183,,0.3456376901091771,0.34476701186467534,0.34506610510222824,0.345013559639958,,0.33989273487794364,,0.3432755783042871,,,0.9088747742556891,0.9101162127626686,0.9100527993422944,,0.9096025949927949,,,,0.9196896182463492,,0.9188786856049372,,0.9184421463676989,0.9194572429463703,0.9178914641986645,0.9202081455443998,0.9174834892503213,0.9172283732384886,0.92166143647871,0.9179493180842198,,0.9189429574133015,0.9194452892538325,0.9194568744603947,0.919099565897637,,,0.9195370507525847,,0.9198902981104223,,,0.9114804832406483,0.9108650069906442,0.9114280946878907,0.9111460645763451,0.9090780124168211,0.9112934918982356,0.9087782369015035,,,0.912982640486512,,,0.9092945570525542,,,0.9096581772614594,0.9120676658139221,,0.9114694232171158,,0.9102705825900465,,,0.9072012064495469,0.90991859593746,0.9101559853640199,,,0.5360754427423643,0.5372670745515754,,0.535773910968418,,,0.629709179463976,,0.629848875799536,0.11646245401928573,,,,,0.6453053944882513,,0.6450334728732707,0.6458949447372508,0.6448430793370233,0.6467278762196956,0.6430320952493778,,0.645031716131185,,,0.6436666212610173,0.6436292368775897,,,0.6426269048600799,0.6440844812643219,,,0.6460316117792454,,0.6459279702382077,0.6435278816047343,0.645175410582914,,,0.6450893808400339,,0.645123289502325,,0.6463458714335759,0.6441223069548692,0.6431644119693833,0.6457301427489028,0.6458998141019964,,0.6414105382214752,0.6451013670384712,0.646841448052673,,0.6440561957347861,,0.6444306209162133,0.6462506033032765,0.6452172692483025,0.6441144793332796,,0.6439279647247248,0.6439208830530487,0.6457599300447613,0.644311330519468,0.6465444013457845,0.6443923108794939,,,,0.645361486522084,,,,0.6456863673588701,,,0.6446493688458278,,,0.6443562231031084,0.6433481134281606,0.6466034720035283,0.643072907961407,,0.6436781970455164,,0.6427257339922476,0.6436896452990305,,0.6433578167310124,0.6453508631583427,0.6428520796467099,,,,0.6453917295037958,0.6446447335611978,0.6432899982189243,0.6458761484373473,0.6453521822396445,,0.6454437232166575,,0.6446708875289481,0.6441854392735086,0.6466404851071595,0.6447584306264893,0.6446498256724387,,0.6466118517435445,,,0.6428877233288589,0.6458411366863047,0.6442963240218981,,0.6451119230017814,0.6427118210731761,0.6448259418930239,,0.6455188098012756,0.6439198433055469,,,,,0.6443240226533142,0.6445533619653769,0.6467798973932469,,0.6445217522264186,0.6439285725669198,0.6446589849782368,,,0.6451444059276151,0.6424764366835678,0.6423828057514043,,,0.6451094757427961,,0.6428721395475417,,0.6434541187645626,0.6447971582721569,,,0.6452863292346023,0.6460558980706356,0.6447696526753717,0.6450634012558055,,0.6454904653857799,0.6451032363398659,0.6444594471652088,,,0.6462136042071113,,0.6411760635337532,,,,0.6441981119996766,0.6441846893901693,,0.6451904800031822,,0.6462544985591828,0.645481628037705,0.6428795218747935,,,0.6463613700847273,,,0.5940940426914392,,0.5952006657487559,0.5651753361762811,0.8469772511655889,0.931852357108719,0.6078576202939795,0.6081944595776531,0.8370375264021216,,0.9404045203583752,
7,5,DG_10pct,20,Z09_F05,9,LL_AB,175063,181995,True,4362.2232565645745,4358.916507657501,4392.417567016752,4411.403968777611,4402.547722110555,114.00508789785881,134.4967360085164,4756.397508024455,1061.825545863732,728.562863166127,728.494666286438,336.7533035689994,107.86678633645616,75.79002056691989,73.94737499245956,113.87223462461796,145.0229469227896,18.449101263263934,296.3464546511487,362.0068679830756,,0.7111483664449879,0.7102582508877521,,,0.8341912341537951,0.6315387047299514,0.5404787095872143,,0.5409275759639111,0.5346304078484485,0.6100969394805054,0.6102253652182822,,,0.541439402149175,0.5411479720465905,0.7796103622585745,0.780830912457859,,0.5417379816301027,0.5423595598756147,,0.5407167637510022,0.5414054621902887,0.5410577556597489,0.5377564203698454,0.5368964080416416,0.5369594660874294,,,0.5418086482555494,,,0.5414202771329675,0.573268697239221,,0.48967102861834594,,0.4786393537736441,0.4798089203256611,,0.4793224048706379,0.4785084325699056,0.47965474753594944,0.4795726835425866,,,0.47891776840281064,0.4776769921059792,0.47897980725644823,0.4792099312616545,0.480377172705628,0.47874936488341063,,0.47899857780861094,,0.5348130974992764,0.5372012286635096,,0.7663262802743714,,,,,,0.5295334556415249,0.5282735034978254,0.5278141390277149,0.529373163921803,0.5286426979756914,,0.5281679069910117,,0.5283044462550278,0.5275414584151993,,,,,,0.5279575994700291,,0.5287016660792851,0.5277696792640822,0.4269795021567886,0.42639420402050704,0.4271667942147863,0.17592472644580637,0.1234403757521465,0.12330553877774317,,0.12378176114661225,0.12342893539059545,0.12343672297517501,0.17022020083241904,,,0.1701886107885004,0.170327502305325,,,,0.17053586560705372,0.16957340842592178,0.16977200508516108,,,0.17062954664111837,0.17009115891432672,,,,0.17013028689464324,0.17009988983298494,,0.17024958458126443,,0.16980011915301954,,0.1707279815260236,0.16998334860791048,,0.1701319728924862,,0.16984296890274506,0.16992284487309106,0.17015108270646032,0.1697651923136089,0.1701039078397117,,0.1703769347670537,0.17002287731218904,,,0.1701740772003123,,0.16975049454487642,0.7300742378200793,0.7324091265314955,0.7297474509098771,0.7301090061455928,0.7300026255755785,,0.7316637269073893,,0.7290969038635424,0.7306733836775133,0.731222416678124,0.7298016265758449,0.7317723862374641,0.7297695355038182,,0.731521835703939,,0.730512382763838,,0.7291142847984909,,,,,0.7294650166718732,0.7292173345231611,0.731701766066967,0.7299029952578282,0.7309650846946381,,,,0.7299502270947036,0.7303155012625094,0.729349057231102,,0.7287194216004437,,0.728827365886832,0.7310452205936063,0.729804392789623,0.7313405865566817,0.7304610753270021,0.728986743877113,0.72886791966944,0.17705591452915814,,,0.17664393145340512,,0.1766520704130583,0.17684875194859484,,0.17676891992745936,,0.17731480104534666,,,0.17717397522974992,0.1768149033133578,0.177060726406329,,,,0.17662244976661476,,,0.17668429667118693,,,0.17693346753414285,0.17657673064949292,0.17647970974226757,,,,,0.1772781920188761,0.17706678209910853,,0.1769871198868159,0.1764542358036978,0.1771552262449755,,0.17680867581485946,0.17690970491434063,,0.17693985757285113,0.17714025264339434,,,,,,,,0.17684655118448447,0.1763856380268457,0.16048954737174884,0.16016880445355303,0.16031456555535958,0.21878640714843578,,0.108982445707801,0.10915342069095639,,0.10887937448193077,0.10896632705184864,0.10924033245399005,,0.24943118670889336,,0.2484624975172238,0.24979823970465023,,0.24940169902228848,0.24868550216940163,0.2485209681354118,0.2491972688802595,0.24926634507393164,,0.24900140300424498,,,,,,0.24872545956997105,,0.24921465649493044,,,0.24866820976259205,0.2483932343430416,,0.24885108867787373,,0.248460115923696,0.2487990452183331,0.24834222920179622,,0.2488931733391796,0.24872501846981668,,,,,,0.2485712606933099,,,0.22790007355241937,0.22777141740635243,0.22793826659555355,0.22840052083472787,,0.22853874584374972,,,0.227982727986436,,0.2281750013325897,0.22786877597569305,,,,,,0.2288428903172687,,0.22763832706319143,,,0.22752297371210287,0.22791503287293668,0.2274483187959453,,,0.22827150477865557,0.22829766922516925,0.22745640956878346,,0.736731814876458,,0.7388893796550808,,,,0.738802649864364,0.7378753308015332,0.7355198512471085,0.737555715798673,0.7383659095767791,,,,0.7347582401564242,,0.7389384072013276,,,,0.7357090293882069,,,,,0.7350673084390005,0.7369768993422549,0.7351715187728717,0.736207919390252,0.7355678868974292,0.7382025235208446,0.7372507195010964,0.7361411900354031,0.7358740678474321,,,,0.7369828805581233,0.7387186203776303,0.7381367704670441,0.7387182581127457,,0.7368573729358755,0.7374704466844738,,,,0.7395435287515417,0.7378790682225259,0.7382004064244166,,,0.7389762822211678,,,0.7393686145953489,0.7379065041846973,0.7375179972698532,0.738436087913746,0.7349496513274447,0.7356193109581934,0.7365756856079246,0.7370216612394164,,0.7369324616061279,,0.7384768596268495,0.739200777393147,,0.738670323186758,0.7377872012278818,0.7385382576374415,0.7393170117767536,0.7376679166341599,0.7369678784918606,,,,0.7368397341645337,,,,0.7395796231210136,0.7384427971318634,0.7402933961762759,,0.2743822404901271,0.27420503633236454,0.2751184018272924,0.2606111458443073,0.2609505857786114,0.26105378883678515,,,0.2094209494899121,0.20957438507452342,0.21024079098989115,,,,0.14871646405609903,0.1550961472194897,,0.1104521505762934,0.1106719480401377,0.11050741688137343,0.10835991687428509,0.10798990849318532,,0.10535252498463192,0.1049940780907397,,,,0.7442278007617643,0.07237197222812136,0.07221356706201046,0.7168793175996174,,0.08705859425067584,0.7087429975191959,0.10038503243476055,0.10056045287272894,0.10067242928182937,0.10046406444719971,0.10062633175986367,,,,,,7.946779066523614e-05,,7.942753175353898e-05,7.940867563854545e-05,7.933356977020439e-05,7.952471520046398e-05,7.931538801528717e-05,,7.949721988149737e-05,7.9377311979509e-05,,,7.936712196699766e-05,7.948952187709934e-05,,,7.932434766382561e-05,,0.6678484343960088,0.6677599750857943,0.67005453168646,0.6684887060101585,0.6685391631204901,0.676409685881599,0.16305945779731723,0.16311872262040134,0.1636058730875839,0.16344626238256238,0.1627136259332395,,,0.1632184568704025,0.6602614409530344,0.6614198327827686,,,8.025221215941747e-05,8.030972224346835e-05,,8.050335416756943e-05,8.050713326574813e-05,8.051545697619056e-05,8.018119756379678e-05,8.053493133755237e-05,8.034445277908636e-05,,,8.033464863210916e-05,8.053793203107673e-05,,8.061927747682747e-05,,8.048191678739595e-05,8.051899506052132e-05,,8.045634084888066e-05,8.042095473721766e-05,,8.0161867037702e-05,8.034358954578173e-05,,8.05367971561853e-05,,8.05853330625103e-05,8.032508166142824e-05,8.053795506742622e-05,,8.05411685535175e-05,,8.02711106120376e-05,,,8.064729071197972e-05,,,8.038872393911699e-05,8.056812422753064e-05,8.054299071703834e-05,8.046098167877229e-05,8.06666587270443e-05,,,8.071980194744589e-05,,,,,8.038371876639927e-05,8.041496864511797e-05,8.043947999387743e-05,8.041608078865782e-05,8.049443831541333e-05,,8.037552569645813e-05,8.024973578451215e-05,8.05831301899192e-05,0.3072773168127104,0.30726473458507203,,0.30634043142206846,0.30818596881703714,,0.30758520021017666,0.30759995708909593,0.3085528002051754,0.30806323228302385,,0.30801768428708537,0.2958968240424384,0.2958119209834827,0.2950250012068236,0.29499554134318823,0.2942449732179054,0.29548699508032245,0.294234528327592,0.29437792035044646,0.29556682421929104,,0.294919222317764,,,,0.2937665103454275,,0.29426611309014733,,0.29537873368652984,,,,0.30685112823826716,0.3073308743908897,0.30828272992993716,,,,0.7388146433905777,,,,,0.736944587806003,0.7365068799838607,,,0.738650324686387,,0.7380788475592021,,0.29382396350697104,,0.2942324258151415,0.2942945307024205,,,,0.29468415241444773,0.29480633330744965,0.29485615468093634,0.2958289981745566,,0.2913227466161806,0.2937912945011351,,0.7395386601824617,,,,0.7399500342354951,0.7395709248113427,0.7380475484514297,0.3075517241809451,0.30710910774797845,,0.30791551981708437,0.30760717099707996,,0.3075439209813058,,0.306331505773102,0.30751609094218757,0.30735484090374143,0.30783054829131395,0.3082246666834201,,,0.3075896382077528,0.3071115117396409,0.3082865497984934,0.3072884366438636,,0.30779570631818814,,,,,,,0.7388134863008489,0.742032854895791,0.7372836127608153,0.7370765675459215,,0.7403058427201954,0.7395252446872772,0.7416800339890057,0.7396523024110776,,0.7349877959865307,,,0.7390590841547888,,0.7405793552713267,0.7389131875507507,0.7379697484262306,,,0.7412028829352427,,,0.7393299995273994,,,6.606151609134184e-05,6.630383267163588e-05,,,,,0.499456868734618,0.5629541095541201,0.49549784545008957,0.49526765538675077,0.49399193560002674,0.1345372854308666,,0.541160702211892,,0.5393015242034382,,0.5410152483988653,0.5413469572361949,,,,,,0.5396129096138143,0.5403101222426314,,,0.5410390660164689,0.5414557328880714,0.5419705925134093,0.5405250910588956,0.542601886297955,,0.5419610832327605,0.5406600509676078,0.5404279913645375,0.5412393432547873,0.540601418282724,0.5421347254931325,0.5408436065571651,0.5403776565163605,0.5422408567124682,,0.5401975991333997,0.5423393708851652,0.5426736712771033,0.5406826283035643,0.5401926137007982,,,,0.5418740226223365,0.5403338944402067,0.5408858794123313,0.5412374719508773,,0.5406532556018828,0.5421208377180804,,0.5415135781298994,0.5422267485067211,0.5413795349698423,,0.5417092351703644,0.5398919242703483,0.5428398015111492,0.5414838410239673,,0.5423873242866479,,0.5400271311841145,,0.5405816086149676,,,0.5408462954968578,0.5424381812238958,0.5405580782401521,,,0.5409377529683925,,,0.5413254544642856,,,0.5416679071124969,,0.5429936862932344,0.5416260540033514,,0.5410903430988802,0.5410586186514443,0.5412245797134003,0.5415871943736037,0.5414211300984746,,,0.5402906786839838,,0.5405680774175474,0.5405696844656002,0.5409085778138886,0.5388223987652873,0.5420354987515252,0.5424093746602451,,,0.5405531298964267,,0.5409782345867498,,0.5408444410998438,,0.5415734558285862,0.5406857135024765,0.5409989145372043,0.5414863373344896,,,0.5415235555465032,,0.5404561225644163,,,0.541756061458527,,0.5415949403030821,,0.5423829164263165,0.5424417974016312,,0.5415923491600492,,0.5427340751918703,,0.5418839856026196,,0.541881123036734,0.5406170000094284,0.5410137667235096,,0.540841956184212,0.5411893203380799,,0.5416684013965004,0.5410315933713323,0.541826465090861,,0.5416175943318547,0.5407608906726675,0.5422348014418918,0.5407811001821363,0.5418103666069256,0.5397295733492796,0.5419230218319431,0.5411569589065391,0.5420033184457547,0.541337390273713,0.5413443321259092,0.5416663775745899,0.5423008117962838,,0.5412426276690738,0.541189970088768,0.5420926989561312,,0.5416366358398561,,,0.5417131880474849,0.5399055607083507,,0.5411093112928602,0.5421898343359249,0.5414369434335129,0.5417333063151647,,0.5422912677176611,0.4455674298133029,0.4458574203244859,,,,0.7712347558533703,0.6100864944959671,0.6099602199985683,,,,
7,5,DG_10pct,20,Z09_F06,9,LL_AB,175065,181998,True,4276.330028601192,4270.324120978494,4274.11678215304,4307.2016430467065,4278.167217432632,106.95227805815956,126.17469025842173,4606.807119401285,1081.177537376374,740.3912332016934,744.7053500291262,347.1654897672738,110.28691242180987,74.04420790875065,72.38429078580462,107.09003428300679,136.17335368987085,18.4701275861086,275.8527192994835,365.81129951708357,,,0.7183756360612003,,0.7178323661478593,0.8367986982093817,0.6420471776241594,,0.548473890808944,0.5486489681823868,0.544702101467997,,0.6194990196786829,0.6193616526844999,,,0.5521785486735752,0.7857877951952905,0.7848361727411058,,0.551032017698307,0.5507390986055869,0.5520482104501049,,0.5500087947260212,0.5498814644155581,0.5475133539074275,0.546595673977795,0.5451805230056008,0.5517074469131366,,0.551355585178765,0.5508209487793876,0.5515750657689361,0.5528866949471404,0.5832396430420116,0.498768105873686,0.499979103167405,0.49955654830665086,,0.48916805820967546,0.48968914372248085,,0.4894459224301326,,,,0.48986455670570117,0.49014081411269467,0.4889864268255446,,,,0.49057424976081837,0.49172988358991504,0.4895868358697414,,0.5487232987398943,0.5510724580107017,0.4873971686120262,0.7690937674902175,,0.5419486634869296,0.5409919435447089,0.54009167446876,0.5404291798296306,0.540607893749328,0.5407005882996014,,0.5406024052449753,0.54033426705601,,,0.5390154769813786,,0.5427324533715022,0.5418981414549032,0.5418351979280273,,0.5404971462125258,0.5409653829033846,0.5423139211994363,,,0.5397737343033379,0.4406959808274718,0.43855422414083467,0.439048819203609,0.2003092213671466,0.14433205547863964,,,0.14451201238276762,,0.14488468280462047,0.1966709815921473,0.19684289182211995,,,,0.19646953563487327,0.19655237359736147,0.1966722291924826,0.19667560791932043,,,0.19638125726076808,0.19640786756115755,0.19661480738100193,,,0.19564076157178964,,,,0.19693069656476433,0.19626288488885704,0.1971832836693753,0.1964989829651389,0.196865218684497,0.19702502070735517,,0.1964856889418293,,,0.19712809458707875,,0.19650145624083415,,0.19598219851115856,,0.19653673607749378,0.1966052249016941,0.19595746628308106,0.19641350811310795,,0.1966093375067937,0.1960787222612731,,0.7342551729514969,0.7314733158119522,0.7324674476353598,0.7325703615637154,0.730807843277042,,,0.7299881802157042,0.7315390011298191,,,0.7325443696485459,0.7307022710352247,0.7312802612423933,0.7294338299178964,0.7326961143517636,0.7325003464907113,,0.7321285523751409,0.732132883965181,0.7324822737253512,0.731925807806673,,0.7315866329122213,,,0.7338770884050968,0.7303453476685562,,0.7325935926313988,,,,0.7301800760389942,0.7311877928096819,0.7313322091977597,0.7309281607385707,,0.7308313553479665,0.7293145674219575,0.7308013431399928,0.7313060573142727,0.7309896577869677,0.7301498206445521,0.2009410687480656,,,0.20188191894291635,0.20189988958324656,,0.20164406695379725,0.20186208810577771,0.20191882699009375,0.20165320663520325,0.20219616896713014,0.2016329708655999,0.20188725797480103,,0.2019387057798959,,0.20170784331810254,,,,,,0.2013053523208747,0.20208454539772988,,,,,0.2017923219184568,,0.20168032245013537,,0.20121751923668252,0.20097926893251256,,0.2016904482280532,0.2015846959779444,0.20173574814337988,,0.20185812349093818,0.20200733762707626,0.20238441546189778,,0.20157137822593282,0.20185793198722254,0.20200491593029393,0.20153065620597788,0.20181206989017028,0.20194127023893169,0.2016426100579552,0.20163826143128638,0.2017437698939229,0.20159707468136395,,0.1796673038612531,0.17892582616938188,0.24327359896288622,0.17059268960152962,0.13034632525327874,0.13081627100022855,,0.13047711990059604,0.13056224214026227,0.13060176010690405,0.27294701538032434,,,0.2728792445247553,0.27225815782469953,0.27238063621670516,,,0.27250815300922504,0.2724967084093006,,,,0.27194667964545266,0.2725536617647705,,0.27128935329003545,0.2713328459941526,0.2727357423635913,,0.2721607761248373,0.27198107803811894,0.2727779662204325,0.27142812869200716,0.2721507795519677,0.27291649373914895,0.27177708228324376,0.2721023625105874,0.27165599612571634,0.2725020942706248,,0.27217244428924875,,0.27323330318225025,0.27180820749223017,0.2726557184235724,0.27252831643350395,0.2723897853854567,0.27212238173416875,,,0.25225744083498103,,0.25132800532385274,0.252133279846936,,0.2531891091935758,0.25209801528981063,,,0.25204386470169143,0.2523180171175047,,,,,0.2529815716250601,0.2522808504770979,0.25252070784212083,,0.25249824763888307,0.25275147942479614,,,0.25203017536891503,0.2521315877683472,0.2526582395088233,0.2527902384650277,0.2525112112466277,0.25220380471370646,,0.25186889038574484,0.7406962473393525,,0.7392683069824915,0.7387293584537935,0.739926219052281,,0.7382606382216438,0.7374794991014024,,0.7394213533137121,,0.7403722867969975,0.7384418933030638,0.741755446224685,,,0.7397782851174428,0.7391991619898688,,0.7393089539688995,0.7373711424715151,,0.7394819188182331,0.7358075359803405,0.7368376880351672,,,0.7388189118504673,0.738133109862119,,,,0.7388162474520021,0.7381551072417021,,0.736891280209071,0.7398660571965041,0.7394637390764629,,0.7405419355865657,0.7422202459014995,0.738821129841515,,0.7394431341898534,,0.7401417557811222,0.7420291819321339,0.7391599337422852,0.7379304648964566,0.7403950269238518,0.7394304561373803,0.7382845287219036,,,0.7404611064262632,0.7398669609018733,0.7386296111069091,,0.7373003399350064,0.7392252169207006,,,0.7391675194791798,0.738730789838448,,0.737916655641828,,0.7381400431933642,0.7396592937426459,0.7398235435838224,0.7366114315960618,,0.7385097657928678,0.7387903994911752,0.7390786335308922,0.7384292452556636,0.7376874336340004,0.7405676267814191,,0.7381872090722997,,0.7385819804021974,0.7367287803824387,,,,,,,,0.2840216682538872,0.2838430145945808,,0.28362652947592865,,0.22824149798692858,0.22848723097947124,0.22811668347025982,,0.22793383520924554,0.2274927926144269,0.17668810759542006,0.18086875014341475,,,,,0.12886256691536202,,,,,,0.031009393012299404,,0.7565104286675683,0.07159661917123082,0.07221747012781427,0.7287968362525911,,0.08763684492082494,0.7191129043831233,0.10112784667050187,0.10141527156942537,,0.1013986480501249,0.10149665889309031,,,0.7099350466232138,,,0.006548555400599353,0.006547315850626934,,,0.006533672964275469,,,0.006539172086627606,0.006538662222821837,,,0.006534364925035429,,0.006531681032756391,,0.0065133091046853135,0.006529537406827704,0.006543611613559321,0.6766410116959996,0.6774274510652165,0.6771846170734255,,,0.6848753916738378,,0.1642249387223284,0.16389808307843137,,,,,0.16482514654877106,0.6670381082639174,0.6693727189820172,0.6656764412248645,,0.006657321869673172,0.0066785751583377925,0.006673450429831094,0.006663479027066691,0.00668193940204077,0.006660165064044142,0.006685778147213671,0.006682581897376513,0.006658134023449879,0.006672589616157253,,,,0.006662359690225953,0.006674483591723543,,0.006676250123291926,,,0.006661375908880558,0.006663243601681816,0.006658444840259673,0.006657408280361382,,,0.006670329328344855,0.006657864185503535,,,,,,,0.006669702324600889,,,0.00668122574004303,0.006665350180311785,,0.006668458090016662,,,0.006673111037247946,,0.00665266393827288,0.006660350989283636,,,0.006676347398593659,,0.006663258233719073,0.006657884966145542,0.0066808573907945375,0.006669342436879328,,0.00667554238905437,0.00667750189829902,0.006648693257661122,,,,,0.3273289152184146,0.3270803527853847,0.3258619757911993,,,,0.32682727699846637,0.32759230395418315,0.3252620551028091,0.32715011104828484,0.31589558163820874,0.3168237538173489,,0.3169327873726061,0.3157037577266608,0.3176185604739786,,0.3161249432775411,0.31632905443843606,0.3163567366085169,,0.3156689867382559,0.3169785855960772,0.3168037233630317,0.3162667217445224,,0.31678292780806205,0.3172754206208631,0.316124540545223,0.32723598870328985,0.32767421795786655,0.32763095373787826,,0.32789791536211027,0.3280659691213057,,0.32799288488191536,0.741736645177222,0.7460883414555043,0.7423694629175727,,0.7393550640380046,0.7409845264504433,0.7401975829326979,0.7405240724316371,0.7404349647792037,0.7420511481235346,0.740009680624357,0.7419309819522582,,0.7414612329926026,0.3148466683278941,0.315919810354333,0.31581418497517444,,,0.3171395745874479,0.3172806691774508,0.3173240287038703,0.3159575218227421,0.3161807612409801,0.31666190736694694,0.3163055739064896,0.31154629925653166,,,,0.7438198719955006,0.7418348039077394,0.7438915473020309,,0.7433302435802909,0.7441918965338572,0.32744397228898164,0.32724634963828414,,,0.3266268022959803,0.32793987678042885,,0.32731321108087236,0.32766199475343877,0.3275035218950221,0.32766217499061334,0.32790408216554634,,0.3278802365258446,0.32759478052563834,,0.3285121714139462,0.3282291551204352,0.32767102058877773,0.326710380663213,0.32808384064427476,0.3268089784799164,0.32790500369775405,,0.32761651130325936,,0.3266321702655913,,0.7441005594717708,0.7423659485183374,0.7403412798276549,,0.7451161297572463,0.7439312783390364,0.7432673933644924,0.7429988177473025,,0.7390482306157653,0.7397129966930245,,,0.7417228661966723,,0.741267397037729,,0.741109150273829,0.7403822217405963,,,,0.7417845856069145,0.7447371649160999,0.7439229370507873,0.00637806277926971,,,0.006374169821377269,,,0.511262845745166,,0.5045630277075909,0.5063165087636811,0.5054432197717301,0.13491547357092742,,0.5514870762888068,0.5494366178061415,0.5507741650906998,0.5515346942527409,0.5500306513347818,0.5498463837157105,0.549508413566156,0.5508434193743861,0.5492468596021876,0.5500106367695498,,0.5507041748107193,0.5505488680914196,,0.5506943145056948,0.550869577920946,,0.5497471545767894,,0.5496220504135512,,,0.5515931093388899,0.5506436931981797,,0.5496501268973085,0.5491359247952925,,0.5504652898468922,,0.5514490532837222,0.5491515674750435,0.5496401839653627,0.5489534237899361,0.5522170392184259,0.5516161497127466,0.5494591872037478,0.5509008374909844,0.5509453857143408,,,,0.5527751071824605,,0.5508814971522674,0.5509284170016846,,0.5494150795988801,0.5507163328656463,0.5512175480783604,,0.5498354636880186,0.5515762392067757,,0.5502855306366597,0.5497503072989591,,0.5510287489601665,,0.5510758195953537,0.5510831531992573,,,,0.5519314875294546,0.5497696024931998,0.5506676222961746,,0.5530198678323222,0.5508901869802008,0.5506600323829244,0.5497015486334322,0.5496662551837372,,0.5481374066847223,,0.5492767075241695,,,,0.5505477072492087,0.5518796849761488,,,0.5513951337528022,,,0.551346188627798,,0.5520145858289944,,0.550758240180422,,0.5508466358802473,,0.5509769073051437,0.5503981438058344,,0.5493360585739425,,,0.5502935973723261,0.5521215064245093,0.5499968104771484,,0.549238809466098,0.5498199649625579,,,0.552180846993606,0.550820727864968,0.5504610719726729,0.5515167469895464,0.5497755605659713,0.5503330176966925,,0.5518758895118273,,,0.550030108189167,,0.5508507086987077,,,0.550744963029095,,0.5494558025570974,0.5513128906400557,,,0.5508323864361446,0.5491227862798015,,0.550487261463218,,,,0.5490644615831985,,0.5502050873586632,,0.5494146291970936,0.5507293399032249,,0.5512572329437713,,,0.5506134156336179,,,0.5502813680575651,,,0.5508873885316037,0.5509071447253334,0.550105782512695,0.5502412146578296,0.5498303983897314,0.5521227284289847,,0.551670537683577,0.5495092098692046,,0.5508631665536947,,,0.5505454991247328,,0.45758325456762633,,,,,0.6208730491422649,0.619369928324926,0.5516245801011511,0.5489316780599824,0.7854153092011817,
7,5,DG_10pct,20,Z09_F07,9,LL_AB,175061,181993,True,4768.030817465849,4783.875229787612,4766.44216672639,4844.219712333198,4836.481394233858,143.65930747843254,170.60402389444363,5345.41496134916,902.1656697182391,618.9917429869747,617.2433238943927,286.8611278365296,92.25254239371655,83.15859316287764,82.22632279712863,142.483392778498,185.12976517644347,18.617194279238134,376.8137272457613,306.4507471455181,,0.6914485589574519,,,0.6900040903721021,0.8268702421543292,,0.5072199847783537,0.5076835590815382,0.5068521033554526,0.49612910569626895,0.576221871384282,,0.5759717990328861,0.5004274320211693,0.5028165320760976,0.502096042008899,0.7743569499702903,0.7749076041202584,,,,0.5080348774994461,0.5073728691119869,,,0.5061673208201491,,,0.5078344956058233,,0.5065504567203638,0.5088794755990859,0.5073746583195289,0.5080491694549336,,0.4503735231672301,0.4503492570815211,0.4497759491125328,0.43754361114713736,0.43735655086770275,,0.4385551150390334,,0.43815800762958096,,0.4378588796607508,,0.43703402486044923,0.43726634817952825,0.4398236856716163,0.439644560509802,,0.4378187748459244,,0.43891794580641225,0.43863833279779374,,,0.4279930970895562,0.7633974259624108,0.48228082084716223,0.481021190380236,,0.4824747687367621,0.4810866293089076,0.4820996779255433,0.4821537744887378,,0.48160014312435534,0.48115474465854313,0.48214831425520016,,,,0.48287749861674534,,0.4826640585534005,0.48181772583934784,,0.48018830193673195,0.48375664997921763,0.4819864668799974,0.4814009165613448,0.48261098996003354,,,0.3837669941039633,0.08708338308868811,,,0.047226277773308734,,,0.04729428705695195,0.07744125348121608,,0.07735297598853216,0.07729322967791688,,0.07748520280075731,0.07714057035727517,,0.07724295019404033,,0.07741818994889092,,0.07744382281514996,,0.07737790062514686,,,0.07730977695746674,,,,,0.07723023742932257,0.07753960542588409,0.07747989163704744,,,,0.0773021732185467,0.07728156520413045,0.07720329628347657,0.07721672221898115,,0.07723566992476474,0.07734329300671115,0.0772480770973232,,0.07721838468570345,0.07736181175458708,,0.07711862021631304,,,,0.7454981559383036,,,,0.7436469071476717,,0.7463123683257448,0.7426406978702198,0.7460409734850907,,0.7455124971522089,,0.7464700889859759,0.7449051005752453,,,,,,0.7446168216577431,0.7464592710378227,0.7449141962900919,,,,0.7468363573730931,,,,0.7439043948538437,0.7451255853620085,0.743407024800575,,,0.7456940211622004,,0.7449594189377194,0.7441304187327289,0.74515167702876,0.741846205695265,,0.743496220275508,,0.7459082956186153,0.08747123495190111,0.087303413020416,0.08754517107432483,0.08748391216283553,0.08708398244493622,0.0874809052746332,0.08730101925847927,0.0872059160654287,0.08761552402792852,,0.08761873938538343,,0.08761825523339879,0.08725671351018027,,,0.08757581189922749,0.08728537256577161,0.08753671400593824,0.0871120324229451,,0.08728843833856238,0.08741592942606242,0.08719230968783387,0.08748004913749827,0.08723336722349771,0.08743257493666375,0.08738723359714476,0.08735644345580888,0.08737440822844289,,,,0.08748921728329098,0.08746752840138901,,,0.08754215764670592,,0.08743517167725323,0.08746385470952436,0.08746826159553227,0.08722659894833609,0.08748366433157626,0.08746704838848918,,,0.08733828897816127,,0.0873683350306454,0.08743467626011285,,0.08740338160670717,,,0.08852762926171695,,0.04488820306797203,0.03100201588696733,0.031067981351819915,,0.03100818123752755,0.03100034692293046,0.03093733971567932,0.16672719884837905,0.16654668641168294,0.16687530580642765,,0.1667485526962153,,0.16673125848060427,0.1667368658979851,0.16688240539562532,0.1668496146923851,,,0.166749031801027,0.16683131429645048,0.16706460477110788,0.1672306090460284,0.16710882100644484,0.16742428148994057,0.16694845762486296,,,0.16673636443348988,0.16626533121477394,,0.16692583287734936,0.166374537878751,0.16655575910571324,0.16689956878096013,0.16696401257192187,0.1661058390214661,,0.16692224369296552,0.16695648007093775,,,0.16653181343017778,0.16661439074702009,0.16725395956705535,,0.16666170001959413,,0.14287986073221612,0.14288696243282797,0.1429846531723994,,0.14293650683560746,0.14296090960657604,0.14255636217917997,0.14307565577252987,,0.14299732767560866,0.14291011818448204,0.14274664395176045,,0.14257594380921884,0.1427388946467942,0.14275692688555233,,,0.14289821215120954,0.14292668049679577,,,0.14262628942775177,,0.142793975889033,0.14270934733354443,,0.14270510770472847,0.1428533472449034,0.1426219205561094,0.1425853838243368,,0.7463529631978789,,0.7480195218418931,,,0.7483557373141471,0.7456640585745732,,0.7464791815855978,0.7477345084340318,0.7444464260932836,,0.7527835876327061,0.7468012044743347,,0.7467708678925752,,0.7470858957554919,,0.747222714118052,,,,0.7478165834488836,0.7475022078760658,,,,0.7467180300013095,0.7474349473909421,0.7444086512723994,0.7438193472145451,,,0.7443674477613533,0.7458437228491005,,0.7456113107276487,0.7467463625762288,0.7466580457562075,,,0.7446190599181223,,0.7458665618610094,0.7438558172916127,0.7486365160687662,0.7435481493160339,0.7474492383571203,,0.7467299483862112,0.7462226317855613,0.7462741148792121,0.7455964267883712,0.7467163300672751,0.7477232126943999,0.7478069122402711,,,0.7473992022645476,0.7464285279341507,0.7460104836478278,0.7466061181299051,0.7499139669833127,0.7463662692897691,0.748636292287571,,0.7475130207682629,0.7478208678843181,0.7470979108461602,,0.7456446206659519,,,0.7459398560108567,0.7481555069930634,0.7477253580401999,0.7483465163813776,0.7488850175356756,0.747324533345967,0.7474841049854903,,,,,,0.19835296372252725,,0.19847806937651816,0.1803822061472609,0.18053123644366684,,0.18042446109216845,0.18018571218240945,,,0.14211630591784902,0.14169108031084007,,0.14182770872705547,,,,,0.032744734649835884,,0.03203870817436547,,,,0.03122796515178087,,,0.0711391118746065,0.7149635253006882,,0.10503107545097184,,,0.11781897054417566,0.6848585354171777,,0.1295602917333141,0.1291862913609164,,,,0.12896086448221597,,,,,9.734764845239932e-05,9.705399596758836e-05,,9.734706606851168e-05,9.734289458065444e-05,,,,,,,,,9.744445359088085e-05,9.732537844720265e-05,9.755564506949012e-05,,0.6517045949292448,0.6506812305260866,0.651818028882561,0.6497242091257089,,,,,0.1820149800922222,0.18186310034732672,,,0.18101111057291913,0.18194991566500712,0.6439856939178201,,0.6426823373158091,0.6444047737834983,9.877592295665905e-05,9.868129690180207e-05,9.874517272461443e-05,9.870813485427269e-05,,9.867280406404911e-05,,,9.860956544191751e-05,9.872491033612348e-05,9.8911042863292e-05,9.881359897630085e-05,,,9.866920615168082e-05,,9.87087793207449e-05,,,,,,,9.872418485207908e-05,9.880640828718062e-05,,9.876432002858103e-05,9.882885849775236e-05,,9.853165133396214e-05,,9.851134941626229e-05,9.87627808671922e-05,9.874813953465242e-05,9.834802793340945e-05,,,9.875906800702809e-05,,,9.918450435956411e-05,9.898234315636039e-05,9.870741414426562e-05,9.870334541508791e-05,9.875561223371034e-05,,9.882199881647097e-05,9.879627571886894e-05,9.902613956238915e-05,9.860912889713498e-05,,9.873645681374894e-05,,,,9.886166026960864e-05,,,9.903173721829237e-05,9.888625150013542e-05,0.23608356447337883,,,,0.23557745843694852,,0.23535032254540383,,0.23628214893391855,,0.23588855904580303,,,,0.22012734276761056,0.22048663876722494,0.2197754417494775,0.22020541232445218,0.2194142547383968,0.21972774309150372,,,0.21968795732720275,0.22012180006664148,0.2198634083745276,0.21974929813193095,0.21975964649887889,0.21976540866116034,,,,,,0.2361813624446431,,0.23632227407967427,0.23637208504274004,,0.23573657487351424,0.7436828378310287,0.7440152898095157,,,0.7433291313766688,0.7424392334991065,,,,0.7441938002287217,0.7436109196782419,,,0.7444407493478454,,,,,0.21959003616696984,,0.2205686819413027,,,0.22041618294950435,0.21908264014728757,0.21970214423587786,0.21709786773657896,,0.21947405247458532,0.7442063953685445,,0.7458017058194539,0.745314193791098,,0.7464380105791097,,0.23558371092085512,0.23522671147955837,0.23584885947621695,0.23595550572100765,,,0.23584619662495193,,,0.23635453636522225,0.23613596008535553,,0.2357966739866758,0.23671763394633355,,0.23614233577019214,,,,0.23600280960328798,0.23528654093230567,0.2357331018709831,0.2353559660652859,0.23634822317316484,0.23612203714998534,0.2354884629351054,0.23582776375347125,0.7437306300148476,0.7459842875551019,,0.7442881986823623,0.7447350336967004,,0.7440233318608628,,0.7461746978471001,,,0.7426408263703813,0.7439966210729918,0.7444886503801016,,0.7443248972736862,0.7438157988493195,,0.7445831915169097,,0.7443429081244887,0.7461234841179754,,0.7446512577457124,,0.7446510001582652,8.012670961217054e-05,7.992524073597619e-05,7.998337171360964e-05,,7.995600500976503e-05,,0.4542335957363395,,0.45534487187718903,0.4541434503461643,0.45534033420202813,,,0.5077233447056004,0.507474240897101,0.5055187859646405,0.5066258216953716,0.5078253823843901,0.5065823363523467,,,,0.5070824580811102,,,,0.5082021244266673,,,0.5062223681127302,,0.5062988863435078,,0.507465450120376,0.5081649530447557,,,,0.5068416030882902,,,0.5057833829600007,,,,0.506733724941483,0.5067280817775386,0.508312959556783,,0.5073850620977307,0.5065055789653317,,,0.5089714181873504,,0.507208646095097,0.5080837465269856,0.5061415871958586,0.5064883842610445,,0.5077460692072051,0.509550370014531,0.5075208615759371,,0.5065599434511973,,,0.5066818575295926,0.5077307863661679,0.5061987015012558,0.5086878458916887,,,,,,0.5074283853786383,,,,,0.5055886501019646,,0.5067952446053234,,,0.5080556113290737,,,0.5062488444275675,0.5067263568488442,0.5061969616665305,0.5067466841390036,0.5080000940407159,0.5072787983533006,0.5062153552732878,,0.5061298354534044,,,0.5063398470757252,,0.5072337407705647,0.5068899786472693,0.5066765215971369,0.5072954253564463,0.5055274610582505,0.5061478709954506,0.5070259578479411,0.5057430653057358,,,0.5070639650534235,,0.5073254724401927,,,,0.5067535119462073,0.5066584973226392,0.5072035603372737,0.5060876297710543,0.5070181340160866,,0.5073610562139541,,,0.5084841917003468,0.5060601918085129,,,0.5071804815758226,0.5073641217088287,,,0.5071189082627818,0.5086983502278453,,0.507153717323304,,0.5071367071655539,0.5064698246050449,0.5078887862595928,0.5071010974763039,0.5064189430574689,0.5067174491733206,,0.5074323674582139,0.505643314431515,,0.5080353051807187,,0.5079628181246018,,0.5057978355770837,,,,,0.5082403332481057,,,0.50975659826271,,,,0.5076722130603187,0.506728736883418,,0.5083841967119727,0.5084534876184107,,0.507830632456119,0.5074700111204775,,0.5076224595776401,0.5074663433943846,0.5057976772417323,0.5067170409295739,0.5064402997789805,,0.40392598385341344,0.40475054719188674,0.5189063326877512,0.4533160846455942,,0.5744154818765941,0.5751627159583023,,0.5029188028379581,,0.7757515366555786
7,5,DG_10pct,20,Z09_F08,9,LL_AB,175069,181998,True,4254.902302604039,4257.425007288292,4271.317766812579,4287.169459831148,4286.133474273757,107.49675755532373,126.4284441899855,4603.501931847325,1088.8003434787388,735.0146715427369,741.4123739483331,346.8466937645521,110.766741800834,74.30319985303461,71.92418547060828,107.2088498284424,135.3149710679852,18.534388786090123,276.45843183373916,367.5924447050198,0.7166298771474904,,,0.7700708983975032,,0.8363483619306833,,0.551622666926305,0.5500275702025417,0.5506733139419869,,,,0.6201956343264304,0.550971912087145,0.5506386011198645,0.5526583826883142,,,0.7845159123136198,0.5505098277743293,,,,,0.549029967328163,0.5462652275533564,,0.5470218842403489,,0.5523538226576395,,0.5503842760117282,,0.5520954765794165,,0.4997180243048764,,0.4995193783982429,0.49012349737675776,,,,0.4900087010089328,0.49034342864573804,,,0.49002283075859854,,0.48973425251872316,0.48878565952198666,0.4890230347838132,,0.48897330607165634,0.4901971955413094,,,,,0.487100959436516,0.768155466849949,0.5410455595116334,,0.5404154727304576,,0.5417757147653172,0.5407021375819328,,0.5418305926765369,,0.5405901634841912,0.5424128762105502,,,0.5426683818666291,0.5428500216700797,,,0.5429831981123167,,0.5414350182715828,,0.5406286750196332,,,,,,0.20085833283308865,0.14447761608570533,,,0.1443873103604754,0.14459439471658173,,,,,,,0.19675393150361478,0.19667380607907908,0.1967788595927776,0.19622793578069325,0.19670437847903208,0.19627204070091106,0.19710473076049256,,0.19723409815124615,,0.19706731424393917,,0.19701413269325552,0.1963730424673425,,0.19634074943380173,0.19676996184529097,0.1964683969251985,,,0.19695176497529576,,,,0.19647860930310151,0.19642598064896982,,,,,0.1966588763196529,0.19686021233225645,0.19634321782463918,,0.19718601427719556,0.1964836947198153,0.19654178563150906,0.19647454558570993,,0.7300656140850529,,0.7321382106884569,,,0.7335817135969871,0.7315397252421408,0.7315939285580552,,,0.7319241314267763,0.7327173640157874,,,,,0.7300450233879356,,0.7316198187000023,0.7325821649482344,0.7315143370631078,0.7300874567977036,0.733467979259274,0.7308595668505279,0.7323987830308781,0.7307750853943209,0.7303097986921333,0.730110680059623,0.7292973312742322,,,0.7289878082659815,,0.7323483413154387,0.7313240181599125,0.730146558521908,,0.7299028087556074,,,,,0.7308901939020417,,0.20202595998276768,0.20101351213235089,0.2007576558358409,0.2014521961391535,0.20181725464114628,0.20172219560367674,,,0.2021822148655451,,,0.20144629101360362,0.2026173845618344,,,0.20189995271104416,0.20176898953919395,,,,0.2013912924847963,0.20138012034473532,,0.20122840242241213,0.201717945031564,,0.2014826452655863,0.20113215975663865,0.2014074949613266,0.20169655945896484,,0.2019599114063755,0.20097002337502923,,,0.20236049951221138,,,0.20136888143423395,0.20198364344717856,0.2010844695553667,0.2021226892029826,0.202034493714891,,,0.20138638733486172,,0.20154369022169857,0.20120431372151218,0.20201471648760322,0.2015840214812461,0.20130776595941968,0.20134602725512352,,,0.17978136965616265,0.24301644850093307,,0.130370384872354,0.13058275897199492,0.13025636876449162,0.1305497706267307,,,0.27176105211836665,,0.2719895296142564,0.27242425280484356,0.2727089046073688,,0.2721600976558989,,0.27187561386428927,,,,,0.2721517349765638,0.272158802256307,0.27155816075978656,0.27237412586981524,0.272107086412779,0.272267654392165,,,0.2719274900516469,0.27216948592186957,0.27182283955504094,,,,,0.2720252099530192,,,,,,,0.27264082923649924,,0.2720660619649497,,,0.25204808416007407,0.25256832481391106,0.2519524875435272,,0.2517616488470047,0.2525080620570665,,,,0.2525465680059675,0.25224863020890964,0.2528576275693858,0.252906076824245,,,,0.25239279236503415,0.2524607144330114,0.2531109729857329,0.2522856132282169,,,,0.25234484616208885,,0.2522033991321915,0.2523660130857956,0.2524458147143809,,0.2522746835047494,0.25195300988386254,0.2525068289720013,,0.7411008994188961,0.7404815363777236,0.7390633224976458,,,,0.740599615854817,,0.7397315835268119,0.738098097840549,,,0.7405747759149193,0.740450389659762,0.7381749554597161,,,0.7384759810582593,,0.737133846317559,,0.7383332158907684,0.740105621492551,0.7393272688078264,,,0.7380404707521137,0.7372273438074484,0.7395375218353969,,,,,0.739951987612338,0.7411296309853254,0.7410705504706776,,,0.7398671566573344,,,0.7404965196291883,0.7394966113632208,0.7389789324807038,0.7420143253689647,,0.7375027606029776,,0.7434144320838485,0.7403148806666586,0.7392846516823156,0.737648137149399,0.740317653715088,,0.7412225758059381,0.7409371669416146,0.7393228027338016,0.7416760482837885,0.7385022533547361,0.7370994578442024,0.7379879328435992,,0.738939199169972,0.7402894512776547,,,0.7374305767893315,,,0.7386402611984677,,,,,0.7368922958013353,0.7400637442011624,,0.7417267380477018,,0.7402205530199906,0.7407896012879027,0.7392432362598187,0.740610937542214,0.7390501505405769,,0.29558413242797654,,0.2954366509970308,0.2952207466747119,,,,,0.28382712082916894,0.22901747743932466,,,0.22831425919498025,,,,,0.7370456943466016,,0.13227883857670933,0.13175544494288466,0.12908176288041887,0.12936228580163592,0.1290697180339999,0.12608424877922958,0.1257948214456719,,0.031016642420772858,,,0.0715667628328923,,0.7288611623662276,0.08682499851560993,0.08758762072517903,0.719216961464744,0.10131751875743049,0.10142188157259291,0.10133676116112317,0.10145143247077798,,,0.10176636720330504,,0.11807610731121665,0.1180877658873588,0.006541160943261318,0.0065101781205195415,0.00653580246291459,0.00654346482354865,0.006530413176847187,,,0.006523565580749181,0.006525133082224311,,,0.006542514767313296,0.006536448001225381,0.006548551501625673,,,0.006527378336821462,,0.6745168994349557,,,0.6779082740330271,0.675685277358591,0.6853605188923225,0.16419995311360666,0.16386970092678735,0.16380738805612294,,0.16470915199813063,0.16489575491699643,0.16494179472859027,,0.6688988902671192,0.6666341039285114,,0.6680985501979957,,0.0066592010251744944,,0.006648669790418111,,0.0066589463115788216,0.00666441482207533,,,,0.006659517342948024,,,0.0066449790804156495,0.006664406965637727,,0.006646730008286146,0.0066626435915038956,,,,0.006641065467758721,,,0.006659132774713144,0.006672608715272159,,,0.006660569551197348,0.006659746419423708,0.006648742112330148,,,0.00665246237746686,0.00665621583349982,0.006673390410057759,,0.006678746660423666,,0.0066619672725728996,0.006661886716248363,,0.006643772340598535,0.0066784530404213035,0.006652497323898357,0.00666153816266554,0.006659105986818488,,0.0066879631505486,0.006677043549454568,0.006673392227826204,,0.006650339908049007,0.0066779979018089936,,0.006663111539667881,,0.006677425827232442,0.006678417938085005,0.006643935281761351,0.32777245237543334,,,0.32760750988164855,0.3265494169994109,,0.3272528398906368,,,0.3283543966882634,,,0.31640103932626273,,,,,,0.3159264903758914,,0.3162377665901166,,0.3157281438297786,0.31690092092668337,0.3157550640618661,,,0.3167469389467559,,0.31583868296543527,0.3158144784560004,,,,,0.32848431768569925,0.3283298425998802,,0.3277909834580384,0.739993919218962,0.7415558884786182,,,,,,0.7414107025446817,,0.7416587692535689,,,,,0.31594033507029734,,0.31533446799731124,0.3158517122610947,0.31689103250972933,,,,,0.31633047614215165,,,0.31185249215249466,0.31557055521930805,0.31512743994898157,0.7412168414009741,0.7415483200835286,0.7408328358097808,0.7402515343946959,,0.7414644598232671,0.7440370350594133,,0.32769369866353193,0.32638519268998517,0.32749836139996996,0.32713599223959056,,0.32704092540601765,,0.3274369753056886,,,0.32797243368805795,0.3268224959657066,0.3282580263311291,0.32732243904362585,0.3273001755823115,0.3276042086892089,,,0.3268756745473032,0.32815943062395836,,0.32619028028423575,,,0.32696381491222615,0.3273386075949238,,0.7442667552229782,0.741047543134994,,0.7401420593008865,0.7433919995900525,0.7451413033711503,,,0.742717786979638,0.7427551220736326,,0.7410187824979461,0.7401378148770612,,,0.7431765856954239,,0.7418618006256357,,0.741580890847085,,,,0.7413284389864985,0.7395525018062811,0.0063788287843158055,0.0063767177954758315,0.006367389825048261,0.006382682452749131,0.006362566108514514,,,0.5720218924432969,,0.506804041879863,0.5069533990427165,,0.5506530242850171,0.5487323133606911,,0.5481353483184088,0.5502290959925007,0.5503586716449371,0.5521011612924007,,0.549806102990007,0.5496276117866541,0.5497963531175392,,0.5493569930368314,0.550462605157427,0.55179810509884,0.5501317066124263,0.5504218309785667,,0.5499182302046108,,0.5504680784384071,,0.5500145200159688,0.5512348785897329,0.5485246298913754,0.5496463363577009,,,,0.5514268637165487,0.5504136529589203,,0.5517767290371016,0.5501643755413331,,0.5517681265144931,,,0.5507885853593438,,0.5506512354879376,0.5507278894123073,,0.5510195571889407,0.5511423183352593,0.5489650821864124,,0.5523652158428058,0.5510864123067646,,0.5508450219891339,0.5520753895919651,,0.5497406350314545,0.5510618602282935,0.5505824748764017,0.5495800436589505,0.5525017443404999,0.5520609375244024,,0.5500695701446453,0.5504074283596215,,0.551752295322933,0.5516330633376101,0.550085094850186,,,0.5516572301616769,,,,0.551070295567931,0.5512132739561555,,0.5508304353529799,0.5508938533749904,,0.5514126937703243,0.5504302482322329,,0.5506280660133024,0.5495236416751227,0.5500241802290231,0.5503144207245187,0.5509342759701203,,0.5506600706511423,0.5501871724556809,,0.5505142792502361,0.5520434587782498,0.550809556775441,,0.5510826985788608,0.5508067518976942,,0.5507387326858714,0.5499474177103436,0.5516958453631498,0.5521514757506819,0.5505462387290044,,0.5513445294018842,,0.5500006431171032,0.5512884520173297,,,,,,0.5503678669044546,0.5497349476330698,0.5512221161195909,0.5517653876310208,0.5515145142447269,0.5518376049734637,,,0.5505972050574657,0.5513365686504649,0.5499772962646504,,0.5516021040009065,0.5506213905006473,,0.5523232244421957,0.5507090928807769,0.5489232725575479,,0.5513126966651563,0.5495921204643471,0.5497278866162519,0.5500957876200582,0.5497884678097514,0.549585027295464,0.5530859689190926,,0.5502867852556123,0.5495673738130061,0.5507896914456196,,0.5516349397173408,0.5508676722264678,0.5510447600146192,,0.5501467784223926,0.5509185834298702,0.5501995738623814,0.5514174038705655,,0.5491816121077095,0.5499533266878934,0.5510428901491542,,0.5522777742720747,0.5513217634708399,0.5497611878261017,0.5501873901535564,0.550611399476944,0.5512718675338306,0.5497186081255283,,0.5494632935056734,,0.550869674695417,0.5496933653297883,0.4575958038993297,0.45776217829699806,0.4602786447139701,,0.511931919677496,0.773858491438064,,0.6197506493439043,0.5487675532765158,0.551231624962838,,0.7846373468968888
7,5,DG_10pct,20,Z09_F09,9,3PH,175062,181994,True,4637.162881049821,4618.148129863931,4652.467012054484,4719.817122170049,4698.627562735779,15.452728513923546,11.651208262658589,4700.75817305621,0.04767748649012244,0.036305368143298156,0.036104095646037775,0.018109083600742742,0.005926112292387339,43.41142437196328,40.341396030748015,15.539280250572313,7.602959825131146,2.877180763759325,13.301851645395859,0.012044701315071302,,0.7096691452418982,0.7076734229384859,0.7121817439900607,,,0.6333697649048315,,,,0.5323428650349539,0.5387998200889029,0.53744886072138,0.5387901783966175,,0.5383814606605766,0.5381023875344414,,0.5367876673800775,,0.5316332152692074,0.5323676364972858,0.533078821807674,0.5338856962480981,0.5324755765296401,,0.5267962787877962,0.5269111756278653,0.528403444239907,0.5358609650157247,,0.5350541508253642,0.5341468173942118,0.5331740474481322,,0.5015442089765103,,0.47687207575510415,0.4761104644374351,0.4686009979150948,0.46922038747182465,0.46875847489368,,0.4716233020783141,0.47030644160054724,0.47087253093055664,0.47097375832710653,0.4690856681495644,0.47186653670024065,0.47065027434022677,0.4699988683171782,,0.4714484421337675,0.4694287045650085,,0.4715167469542089,0.4715413034892788,,0.465472248800184,0.46483643983347306,0.46431301135612624,0.45475699392382396,0.45434644878808556,0.4541732988919213,0.4546255652735842,0.45509884416681834,0.45558261636596364,0.45532819526906215,,0.45414036585958384,,0.45527980922656625,0.4548958860503884,0.4542674299318654,0.4556044440642519,0.45529722192345795,0.45649657664157595,0.45525401068754595,0.4543911354038551,,,,,0.4546934067150652,0.4557547634603948,,0.4169619047236252,0.41643643820147824,,,0.10613893228974426,,,,0.10577925497139677,0.10743319935443052,,,0.10714989029924404,,,,,,0.10708838104019472,0.10728735446041429,,,0.10736304285237873,,0.1072318888923972,0.10723672436581214,,0.10719787879925033,0.10734690657300239,,,,0.10719564070419374,0.10703592116395977,0.10690825730652939,,,0.10710302440426524,0.10725870808733566,0.10710246032318033,0.10708472133531628,0.10702806105124524,,,,0.10673049113243785,,,0.10713790828000809,0.10692307612176447,0.10700558607860844,0.10729954510726111,,0.10701906331766299,,,,,0.10730731274681901,0.10730178899113357,0.107123314057801,,0.10731762168746388,0.1073291452052814,0.10712695946167736,,0.10712594312747752,0.10734419479015463,,0.10757135069720024,0.1070244199009313,0.1073889858192443,0.10716394994471394,0.10711797496795993,,,,,0.1069931060736656,0.10684996131140288,,0.10722833146666423,0.10720025841308443,0.10731171600344408,,0.10705179008566905,,0.10687997064600332,0.10732639468789433,0.106880956358564,0.10679801830975172,,0.10731120291331563,,0.10719178293081158,,0.10688300419738975,0.10728023745982411,0.10706141698989706,,0.10697874256220613,0.10729085740673236,0.10690723715495375,0.10704276435668493,,0.10727660713893866,0.10698976640684703,,,0.10738290980114763,0.10748870281342279,,,0.10755150045502535,0.10739582019513952,,0.10721084037460407,,0.10737164659527966,0.1072356568901792,,,,,0.1070636451747998,,0.10719742964252874,,0.10728388510792729,0.10711560074479125,0.10743358285656435,0.10732963777888196,,0.10750860263891121,0.10765111216279749,0.10723547079944772,,0.10748000699325717,0.10732360489899316,0.10718157634996701,,0.10729267512932791,,0.10717710665798032,,,,0.10736435402683578,0.1069637799434775,0.107380253221733,0.14295289134287417,0.1431730124691651,0.14389377357604746,0.158933737411045,0.09102182725255017,0.09105278462501214,0.09133499765346244,,,,,,0.1876522917545163,0.18751533142257631,,0.18724206782849048,,0.18768696170996146,0.18754653624012793,,0.18723361608423486,0.18741409411462198,0.18778922716194402,0.1871168147324942,0.18788688671432746,,0.18738920639684753,0.1877091160211628,,0.18723984985430772,0.18739703955956014,,,,,,0.18750620890896377,,,,0.18708754247646137,,,,,,0.1874461906880135,0.18766315776412998,0.18745792916357115,0.1874615112835713,,,0.16788735051609113,,,,,0.16777876650009807,0.1680964146877779,,,,,,,0.16790665929235576,,,0.1675958508876895,0.16792460715715304,0.16771105593044378,0.1682296958145637,0.16776326433931085,0.16754767786490693,,0.16827825109243527,,0.16786748398764814,0.1675742696628576,,0.16739484342462574,0.1678233473536822,0.16823848481798637,,,0.18743664920059117,,,0.18725821561809375,0.1873103128328181,,,,0.18727477746842283,,,0.16769386174270176,,0.1676765992849358,0.16730551865021634,0.16760189427397437,0.1675969226091682,,,,0.16742957685341037,0.16739463080138497,,0.16756382347349236,,0.18640637740893795,0.1875500225351093,0.18740415571953953,,,0.1868794788894548,,,,0.1874542141864789,,0.18688547848117734,0.1878961307150325,,0.18747181276030733,0.18709846373002806,0.18764427001834902,,0.18699336323089918,0.18757677791917393,0.18722395175481665,0.18675787998458332,,0.18685212271522436,0.18684666883222067,,,,0.18674513335517048,,0.1674298032938973,,0.16699255166501695,,,0.16742610227922314,0.16752380303401546,0.16757466351646996,0.16796150694667858,0.1674591123599166,,0.16766281572219172,0.16746697252238435,,0.1673719370627578,0.16767144156077626,,,0.16762416316250597,0.1677874835934426,0.16831440233217837,,0.16792339211265242,,0.16732464361451452,0.16786507646083762,0.1676637967523277,0.16827417769105643,0.1670994416293638,,,,0.19813437912836454,0.19807603937716933,0.198273643860681,0.19773904380354768,0.19819424110456765,0.19801607132457305,,0.19447783625795062,0.19392420561735604,,,0.19366375605537103,,0.09342445554115054,0.09334569694879215,0.09279635326540868,0.09283878449790753,,0.09023684408043778,0.09060436972764305,0.09063803096127226,,,0.08822623259213609,6.510482565678543e-05,6.477232694343373e-05,,6.569777102534495e-05,,6.586566400867208e-05,6.604360409548563e-05,6.594817238398995e-05,6.602543366492773e-05,6.633621474564729e-05,6.621189708708998e-05,,,6.62960927834968e-05,6.644878948409694e-05,,,6.690366125769685e-05,,6.627029098808951e-05,,6.632844730134652e-05,,,,,6.635298140757683e-05,6.622429466562291e-05,6.625318523990183e-05,,6.645857627567095e-05,6.639250644821283e-05,,,6.636794821820069e-05,,6.629019646303225e-05,,,6.757732560529782e-05,,,6.680268220247627e-05,,,6.767179676714674e-05,6.778618527884332e-05,6.782990350085919e-05,6.788711146984232e-05,,6.787055900235954e-05,6.758380978973282e-05,6.76568795735727e-05,6.772526392819463e-05,6.778722562310389e-05,6.747412282238963e-05,6.761603448976159e-05,,6.770164153053596e-05,6.753533019991011e-05,6.758782334240255e-05,6.759753600578359e-05,,6.756898022698135e-05,,,,6.749211637053376e-05,6.742259670458983e-05,6.754368928464707e-05,,6.74489407532004e-05,,6.73936754516937e-05,,,,6.736076677921123e-05,6.751385128922663e-05,,,6.7585792321537e-05,6.768859937392119e-05,,6.773705563685693e-05,6.74240837697188e-05,6.764651488370195e-05,6.746386342300657e-05,,,6.726631666771527e-05,,,6.761517436710117e-05,,6.771821273824773e-05,6.762485268444152e-05,6.773233865256738e-05,,6.760503555591666e-05,6.775252762974138e-05,,,6.75190351448989e-05,,,6.748142250480945e-05,6.754825751235054e-05,6.76631281801845e-05,6.759443615350847e-05,,,6.756160373964439e-05,,6.751025253291423e-05,0.23295475935703036,0.23346241410791263,,,0.2339300148236132,0.23392899678888432,,0.2335861295870498,0.23385811240723892,0.2330107035634882,0.23313545656586368,0.23332927063595682,,,0.2338538337934027,0.23398496782016182,0.23388936868472474,0.23352511108751245,0.233715390622368,,0.23384191936278645,,0.23350589415175335,,0.2339036257180548,,,,,0.23329285104049594,0.23366669412872054,0.2347859202385708,,0.23389893703017642,0.2345071460450964,0.23429872740359806,,0.23396490547951498,,0.2336384171010851,0.2327196446413828,,0.23356756926585173,0.23345250887950525,,,,,0.2331626505529306,0.23269269677923948,,0.23393797071927816,0.23303188835034536,0.23358509746529799,,,0.23339422948044253,0.2335411134546092,0.23437366095071768,,0.23385046468507506,0.23342420103276795,,0.2340777141064214,0.23390922625861793,,0.23320648869539903,0.2334258017434773,,,0.23411113943048895,,,,0.23328702880735008,,,0.23349804222623877,0.23414585136943808,,0.2338920377700036,,,0.23386285990332567,0.23408798974355796,0.23343370955121173,0.23331586475169877,0.23400721235677022,,0.23339963053498677,0.2337064048071123,0.23422167321718637,,0.23385411276431228,0.2339009456827885,0.23397382576422388,,,0.23358467310190065,,,,,,,0.2335457558593477,0.23478057207121347,,0.23385426249346297,0.23319479592530445,0.23377541565592266,0.23329721694969774,0.2328704506598594,0.23315170737639618,,0.23323222156179596,0.23348936473682516,,0.23357351058536469,0.23339873084981613,0.23316226254178346,0.23351488307582172,0.2326007724007447,,,0.2341841555741832,0.2333927850555578,0.23316133457702035,6.470834163057485e-05,,6.476105745310408e-05,,,6.478919807983069e-05,0.48780180646036675,0.5594735642685832,,,,,,,0.5350370400576577,0.5357421588759909,0.5356309493400109,0.5345744244110786,0.5365660829832849,,,0.5345427938238708,,,,0.533964054919333,,0.5357200774067074,0.5329715953569446,,,0.5343832993967998,0.5337672627637295,,,0.533585287921606,0.5334562200214076,,0.5349641118464281,0.5357150475578499,0.5345378633804373,0.5360874913353305,0.5353434305764192,,0.5348697483586479,0.5327186115340062,,,,0.5360263606517877,0.5348511845809937,0.5341153079356794,,0.5342321110753122,,0.5316817942225543,0.5324539239187115,0.5351542548480145,0.5332267517046203,0.5350729394271471,0.5346514074717393,,,,0.5349451533692151,,,,0.5347657513231205,,0.5347455257867453,0.534749314283609,,,,,,0.5333549757071163,,0.5334701893308539,0.5347899490347667,,0.5336024296426769,0.5327495491660758,0.5345958130633515,,,0.5334719977469512,0.5336174600171975,0.5328315621421613,0.5362104012648099,0.5359423734255607,0.5362801046901611,0.5349299782776051,,0.5351852030260885,,0.5344446373297941,0.5350085540683456,0.5346097514898438,0.5326651191079361,0.5340492423893747,0.5335572987949289,,,0.5333894771530241,,,,0.5338123594057107,,0.5349112328813521,,0.534885474759703,0.5355272607170759,0.5355485274084564,0.5331696465969294,0.5342976005249133,0.5353650722271145,0.5338769894001055,,0.5356106242534568,0.5334135670671574,,,,0.5362492765032998,,0.5353915255274455,,0.5347700780544189,0.5361969733028853,0.5335449154774222,0.5352291211798452,,,,0.5339769304299447,0.5348170414516884,0.5340851624290363,0.5338108887830169,0.5361037854717182,0.5347913278173785,,0.5346253446631497,0.5355465817090528,,0.5345974912664117,,,0.5336667598362818,0.5354529192524118,,,0.5361487685332649,0.5347177829706435,0.5341445802159236,0.5349426071584548,0.5357992593758933,0.5335791330159602,,,0.5339565702418204,0.5340082384165453,,0.5333855755374565,0.5354026239503141,0.5326536128678065,0.5362996756744093,0.5341819260316356,0.5335340244275573,0.5327923152347234,0.5362121115258476,,0.5335880016296816,0.5337346212294531,,0.5337546435180384,0.5333708158315821,,0.43387857783124445,,0.4336950663863833,0.4877790297535294,0.4892055001187784,0.4875184292105647,,0.5392661943541799,,0.5366683826195618,0.5381306307814901,0.5356553376439216
7,5,DG_10pct,20,Z09_F10,9,3PH,175064,181996,True,4443.233736632209,4420.551096721128,4454.9764072166045,4492.461202836232,4512.101931873781,17.706459935134873,14.265264831334026,4513.045624734389,0.04617069184652981,0.034616939579325996,0.03449300587809158,0.017242812481973506,0.005721144573436607,44.02370826655923,41.41121286560985,17.958804334864848,9.966784870467006,3.8122924027368583,18.118000391387483,0.011525851814816978,0.7165505688380273,0.7163393732894596,,,0.7182504922059727,,0.644442409362385,,,0.5459098423514452,0.5441732074995624,,0.5530660845425456,0.5507810308205031,0.5518719181813577,0.553271359462117,0.5525413065244944,0.5532808951111575,0.5533655360723512,0.5520388643046824,,,,,,0.5482792497396868,0.541848524732536,0.5413359780828052,,0.5479297615993527,0.5495343661635622,,,,,0.5180170008419193,,0.4922526779004818,,0.4875431023572615,0.48638781405039583,0.48777771308670037,0.48841331102088625,0.48756602543241817,0.4886832484218205,0.4882376420180574,0.48877520542825664,0.48955471419768676,0.48771564017009916,0.4883601654116283,0.4889539962414091,0.4881878683102543,0.487726843514984,,0.48901047309189616,,0.48928831238116505,0.4824404613469133,,0.48235446854327274,0.48227793221468374,0.4726165892306279,,0.4725657579279721,,,0.47345955915949417,0.4708544043855019,0.4739566232894793,0.47334633806282433,,0.47301808717739746,0.473497394636583,0.47374739189200155,,0.47321445888994285,0.4747063785244972,0.4739950365786113,,0.47426749731885953,,,,0.47329687196183134,,0.43548514993035464,0.43580161208060486,0.4377670738802605,,,,,,,,,0.1408205147088446,0.14082514153074405,0.1405342083237124,,,,0.14090164796997573,0.14109315869647782,0.14072364302444368,0.14075888950323348,,0.14134055176015015,,,0.1409145658899742,0.14134841869987433,0.1417246023319343,0.14062539257569381,0.14100073235148392,0.1407744953065905,0.1408007528647765,,,0.1411474084239415,0.14106323138765,0.1401354315923858,0.14075524558187444,,0.14079010530574915,0.1410554324400399,0.14065201735979638,0.14085665974819056,0.14116620295857385,,,,,0.1407264588963934,,0.14080109113058026,,0.14079495594170816,,,0.14103011899085985,,0.14083017288617808,0.14102230047659212,0.140760400533918,0.1410994821993684,0.1410725333408067,0.14089475744063862,0.14061039551358498,0.1407214525806611,0.1405797899782473,,0.14089082636724373,,,,0.1410342311473495,0.14077028213700535,,,0.14063545078971143,0.1408555417988414,0.14094690482155914,0.14123987323753412,,0.14067892218865488,,,,,0.14057386369743038,,,,,,,,0.14062914873075766,0.14067257396801708,0.14061091427787303,,0.1407649620892408,,0.14081143128404622,0.14066122217484794,0.14098828166482053,0.14111208310576953,,,,0.14119472125922708,,0.14125823685074806,,0.14115084166877692,0.1412249795724144,,,0.14108673808865443,0.14097713203680534,,0.14105564606603865,,,0.14081036124409166,0.14063609605540184,,,,0.1417645858611227,0.14076207442935504,0.14090593008205146,,0.14100983579989385,0.1408674650186835,0.1409411548194197,0.1405412811336307,0.14074024922078054,0.1406608501756485,0.14143962082659015,0.14101407204272318,0.14102330834946325,,,,0.1411723067761001,0.14080890445076705,0.1411132797761004,,,,0.14071769279353416,0.14101360517851474,0.14067922384740414,0.14050328657538785,,,0.1742029439246358,0.19038178883356185,0.1250188669612511,0.12499089389764421,,0.1252000238101182,0.1251474215367475,0.12519085796621562,0.1251756032999507,,,,,,,0.21761708392801032,0.21736027600275099,0.21796295468219246,,,0.2177796662578314,0.21744554797917642,0.21762436441022365,0.2177510278065898,0.21760081177680585,0.21855473746296147,,,0.21789264799330801,,,0.21806188019006462,0.21755837920386364,0.21801159811707194,,,,,0.21719259084477957,0.21790217677715434,0.21808249569594745,0.21764158963250455,,0.21753076535914392,0.21796787245785407,0.21753402944677241,,0.21749939087694103,,0.19951111695323465,0.19868380989094533,0.19885555982423064,,,0.19881308750046436,,,,,0.1993437886344401,,0.19919144329730593,,0.199403559676646,,0.19835258077749096,,0.19931368224804735,0.19927221691823407,,0.19935821482867114,,,0.19847522551002822,0.1986550366762582,,0.19903177037446654,0.19867964933635,0.19895388207720943,,0.19876466722553068,,0.21797387501521653,0.21802966073983088,,0.21752701052805679,0.21803254014838888,0.217912831690767,0.2183036857655132,,0.21814111780882253,0.21723237356959516,0.19875141413847686,0.1987452262574831,0.19851698325111344,,0.19889454185528022,0.19865416210740502,,,,,,0.19848711458466195,0.1981287630759506,0.19901594404547757,0.19883577146018225,0.2170440490723399,0.2176406544267034,,0.2168575877680973,0.21791767763575406,,0.21742928011932836,,0.21707494404412528,0.21762335456404136,0.21730556759693592,,,,,0.21731443993418192,0.21762303628600466,0.21757548248134842,,,,0.21754331966992738,0.21758184008190304,0.21740124446273706,0.21711732307437231,0.21766486470777047,0.2178823003043827,0.21740475689436883,0.21761069053246165,0.2176326758305969,,0.19863619186141923,,,,0.1982986201691158,,,0.19835204078513272,0.19884600894198942,0.19886301559719036,,,0.19866328513814543,0.19861048130826583,0.19836151964777493,0.19900102899256852,,,0.19874360856869344,0.1995014769023778,0.19907512124433627,0.1986136579795969,0.19858812237684967,0.19918795778078965,0.1986922221039507,,0.19872481446919313,,0.19859246090917887,,,,,0.22794747140495883,0.22816020907160395,0.2277884180249187,0.22755671701218316,,,0.22338259642867941,,0.22330067624494634,0.22259343986992683,0.22368631139782386,,,0.12800815622240375,,0.12687097157667668,0.12689049060269653,0.12379255201662913,0.12387666617566515,0.12370619398822845,0.12080506205798727,,,,6.211903718471244e-05,,6.301925691638208e-05,6.30397903839044e-05,,6.345304623833754e-05,,,,6.361575713416089e-05,6.333780751595331e-05,6.360383378499651e-05,6.361239857410368e-05,6.369995730534186e-05,6.382187158241945e-05,,,,6.349480904704584e-05,,,,,,,6.353266688977448e-05,6.36094102919869e-05,6.372604175483937e-05,6.352372882618888e-05,6.353759078256885e-05,6.360676177786986e-05,6.345244255827649e-05,6.373586549381884e-05,,6.360593985819252e-05,,6.490406831799013e-05,6.494611572064956e-05,,6.47421728323175e-05,6.484040115588269e-05,,,,,,6.484229550983217e-05,6.504457090649097e-05,6.515350750901247e-05,6.50894771203918e-05,6.495440106828836e-05,6.50952705461563e-05,,6.492178761089588e-05,6.479310809696262e-05,6.468398821908262e-05,6.474024167386029e-05,,6.500830378421191e-05,6.45446062450526e-05,6.487371790507703e-05,,6.494953072510101e-05,6.496147491995048e-05,6.47263691008748e-05,6.46660548338025e-05,6.487400800448964e-05,,6.476584224994949e-05,,6.511647214274906e-05,6.482912400463753e-05,,,6.489284419815946e-05,,6.472794499314193e-05,,6.476424822129144e-05,6.487618446729671e-05,6.474636646584925e-05,,6.473104329074447e-05,6.485221832081833e-05,6.483092304413323e-05,,6.479189938334747e-05,6.486152455057988e-05,,,,,6.491734694070906e-05,6.482578803263458e-05,,,6.48349187516435e-05,6.496164891228972e-05,,,6.487732117174306e-05,,6.482242506186232e-05,6.475622897646987e-05,6.471094727042215e-05,6.49427824268665e-05,,6.484115135527402e-05,6.492760064019414e-05,,,,6.453057525518934e-05,,0.26146462498323486,0.26259174568361304,,0.2619127551486442,0.262281516807234,0.26268639681688283,0.26208322072103285,0.2627430753741544,,,0.2614966393243021,0.2632338487719736,0.2627706347075094,0.26254156367336073,,0.26198745689075414,0.26192942976701555,,0.26241989522143583,0.2624406634350137,,0.2617942092427914,0.2622473421202283,,,,,0.2625005822322088,,0.2619014894682846,0.26239917190884005,,0.26257223243040534,,0.26287544998162793,0.26186608118476573,,0.26257608979430147,,0.2612179196898412,0.2610714255413161,,,0.2624276941657411,0.26118277187602196,0.2618812877735526,,0.2615268485200944,,0.2618368310962498,0.2614932799608855,,0.26231733806947427,0.26185561824370857,0.26146691096998503,,0.261524485027071,0.26264816925526774,0.26198803732962206,,0.261674417658155,0.26240431387858115,0.2622757136478476,0.2622664059025616,0.2614915512651672,,0.26185732967650405,0.2608496850119255,,,,0.2625092480841288,,,0.26167403314331944,0.2619091005190169,,0.26250837707713887,,0.2622662881551937,,0.2619176308523511,0.2621809664972894,0.2621160367039044,0.2629818851861775,0.26251703549817706,,,0.2621933751615705,0.2624124044063845,0.2629946969812369,0.263331216664064,,0.26177372417128275,0.2623947276999438,0.2619313822888779,0.26268487218597036,0.262664695549117,0.26170080732344847,0.2627867973220369,0.26186196182247956,,,0.2616944412703037,,0.26257934592425386,,,,0.2618280995219473,,,0.2615382363190278,0.26200271653438495,,,,0.26163937598860576,,0.26174404645997495,0.2627315339823349,0.2618749880469612,0.2618273474102507,0.2623506571175115,,0.2622709770957191,0.2621633793099432,0.26206543446908975,6.202194157483742e-05,6.18670690181381e-05,,6.207280096540697e-05,6.202549994364046e-05,6.187161587006095e-05,0.5063943373661051,,0.5025527626634265,0.5036877007625894,,6.445350423705924e-05,0.54844464256342,0.5496195360398239,,0.5487903633217294,,0.5491944853829152,,0.5488832776192449,,0.5489196373744956,,0.5482045683781004,0.5499903446030808,,,,,0.5495854786937797,,,0.5510104676070322,,,0.5508965192675682,,,0.551294288432032,,0.5501326860268094,,0.5498861846715593,,0.5487829320284362,0.5494431163545017,0.5490153340732089,0.5475335167549816,,0.547893296248294,0.5498966602052914,0.5511854957239617,0.5487882341777442,0.5498559167355189,0.5482605407376276,0.5472278875544594,,0.5503140493935545,,0.5494245659066275,,0.5487916377788301,0.5497999332851816,0.5494292998959008,0.5490798978183761,,0.5485272531791021,0.5492368133286065,0.5497660079621782,,,0.5479253841803804,0.5496072618115261,0.5499599355645464,0.549530646261925,0.5496356513608067,0.5490489032184166,0.550359388044161,0.5493547484147563,0.5498549271165722,,0.5490547503090978,0.549297092266875,0.5503695317165345,0.5478991017341037,,0.5492501386935489,0.5496648939940995,0.5500337388245685,0.5497709030612419,,,0.5500991863457834,,0.5499723959846918,0.5505092037627282,0.5487121933677223,0.5507538399497015,,0.5514076202677219,0.5494226815119552,0.5506708430895841,,0.5494069052345969,0.5485545337955517,,,0.5502095354960965,0.5486961798107116,0.547572358043444,,0.5487299343509159,,0.5500068912933794,0.5497513053473019,0.5489447954526401,,0.5505856681346876,0.5494034876115615,0.5483478196829709,,0.5481707198991589,,,0.5481619868995452,0.5507860467066643,0.5487716020276925,0.5494647075941995,0.5506923532648015,0.5496785143435142,0.549020264576573,,,,0.5506126221326255,,,0.5500121707731852,0.5507357750885838,,,0.5486552913167999,0.5498774905454291,0.5488836954897142,,,0.5493176479764273,0.5489555060589228,,0.5494990605462867,,0.5480651863537905,,0.5489084544432902,,,,0.5485101160380329,0.5500246587433925,0.5497068772712466,0.5510978684260219,,,0.5493647000678998,0.5479247625306266,0.5496149112153623,,,,,0.5482466985570479,,,0.5488376470031957,0.5509628597984032,,,0.5505199910273804,0.5506127172288792,0.5504910933678284,,,0.4517487536579181,,0.5049821333908602,0.5048868608616641,0.553989403380988,0.5539746292302821,,0.5518009787796969,0.5520400111682364,
7,5,DG_10pct,20,Z09_F11,9,3PH,175065,181998,True,4411.530628981335,4414.199155430812,4421.380718163185,4487.064483942839,4468.677463826303,18.20349700095792,14.633436957045383,4508.005464491082,4.754462520830363,3.5801011640265616,3.5971712570708108,1.7859893552278496,0.5868026332158837,44.68799584495109,41.414267341868765,18.39037955559573,10.326190561196512,3.909994862791358,19.057759862722296,1.1926692994989518,0.7188530202657525,,0.7188074114005196,0.7186910132700953,,0.7201438330793701,,0.5500615469254143,0.5487863700599043,0.5507356759027446,,,0.5543129955855789,,0.554320349449963,,,0.5539820371113261,,0.554577177658346,0.5503009735539147,0.5496666501245412,0.5482621066544132,,0.5517678309983618,,0.5447577286252493,,0.5447385149630133,0.5520995117825096,0.5520048811048259,,0.5510374429586244,0.5530497670690986,,,,,,0.4909562273423959,0.48784320014550403,0.4883454966714162,0.49084117274263883,0.49094726707909353,0.49090147121228556,,,,0.49086564012924405,,0.49131650395799714,0.4912193728559067,0.4910154130861152,0.49145896949070866,,0.49081503186081127,0.4910372936370052,0.48433882844991316,,0.4840102146808478,0.4851740082996381,,0.47536559192229144,,0.4757367800550837,0.4769759795767912,0.47674545818942426,0.4755192515527349,,0.47589606257234,,,,,0.4774002656847231,0.47601246081011134,0.47541478966342277,,,0.4777742181948248,0.4759888744266768,0.47716751381647343,0.4772541523207476,,0.47635111938249286,0.4411939748778411,,0.4397751351136103,0.1461043364958634,0.1445923958080025,,,0.14499181227125318,,,0.14631991383555934,,0.14665121294625605,0.14652357854808878,0.1468539334418239,0.14633474721763554,0.14663695063741394,0.14664719044833696,,0.1466272855714289,0.14624393134416164,,0.14674313675326192,,0.1466633564089292,0.14620812182507997,,0.14671976180506893,,,0.14621172845448144,,0.14638172808381214,,,0.14642627692423305,,0.14642411712993594,0.1457968549219172,0.14656626376204993,0.14643600922789998,,0.1460787764962353,0.14614577925381322,0.1462809276571964,0.14608808660900843,0.1464270493709916,,0.1461668833392557,0.1459825738063269,0.14630646346844517,,0.14589939728052487,0.1461874254922395,0.14613074208483431,,,,,,,,0.14623113867515095,,0.14661143999656182,0.14635885611841834,0.14653713481688654,,,0.14611860229941523,0.14632078260699355,,,0.1463456356292909,0.14650827445637984,0.1463120948360326,,0.14636048667445067,0.14598489660885425,0.14660567425137697,,0.1462673785883779,,,,,0.1465716257320786,,0.1460539021046549,0.145916454025617,0.1460378680470462,,,0.1458745802109115,0.1465740590838197,,0.14651784277517216,0.14622784736665229,0.1463950393397219,0.1464357777537908,,,0.14608521692444357,0.14650321620132492,0.1462876260945466,0.14657002835064417,,0.14633512174632746,0.14676633528023503,0.146785467772458,,,,,,,0.14620683481898142,,0.14659219392139877,0.14662648620712712,,,0.14601419859960418,,0.14616858389895263,0.14605888957921578,,0.1461199164282077,0.14613092624044982,0.14602721559439252,0.14638415053561948,,,0.14616574313735856,0.1468146290438121,0.1466887566603037,,,,0.1464450413270404,0.14616888846375697,0.1464337325340726,,0.14629747270220494,,0.1462922471627568,0.14619047803924204,,,0.14635837704953525,0.1469493473972235,0.17879326878363255,0.17869724215627467,,,0.13038056511230192,,,0.13038076469776252,0.13069165536876223,0.13037352528389307,,,0.22254750900988296,0.22299570902821048,,0.22243115795937868,0.22262830829440666,0.2235287326247065,,,0.2231234777468913,,0.22306968168334457,0.22264650477729986,0.223486703030572,0.22286562993071693,,,0.22246824691306108,0.22320019961452306,0.22281379539172583,,,0.22262393378777967,0.2226525462944921,0.22267977321139373,,0.22296589487476381,,0.22239779333248658,,,0.2224894219518356,0.2223829851823115,,0.22242282200301394,0.22254713696674935,0.22283943256646263,0.22257550048640273,,0.2227520367576796,0.20365798831774487,0.2041213795118727,,0.20389408933792003,0.20462389227473723,0.20346033653613788,,0.20352000641835477,0.2039998771806393,0.20457257953442504,0.2045381506815599,0.20353482876415185,0.20382451927729844,0.2037549670861309,,0.2045671457739827,0.20423131155239782,0.20449454360823824,0.20432310065966103,0.2037516979775538,,0.20343824850795306,,,0.20402409343665437,,,0.2045982867262043,0.20365330420980135,,0.20395566726259934,0.2042447946502096,0.22253376242298958,,,0.22305621396666236,,,,0.2225704739101528,0.22242702332765713,,,,,0.20371357670114965,0.20378297815402402,0.2037136795078269,0.2034943170837036,0.2039629569079631,0.20358182198223984,,,0.20388572403467384,,0.20320309718226018,0.20311914671320763,0.20350135994523733,,,,0.2219987987311746,0.222337579404754,0.22304936834178804,0.22257283989443274,0.22267321131952297,0.22277680272146477,0.2221385936185317,,,,,,0.22265845078507682,0.2222033468771365,0.22303729992356555,,0.22196521236826772,0.2224531048095328,,0.2219656403647993,0.22358605441332755,0.2225842596138082,,0.22239221844419535,0.22250279370770024,,,,0.20393221183119717,,,0.20440576007148745,0.20350886105803506,,,,,0.20370030249623608,0.20460501753249224,0.20401006047793438,0.2036255684277696,,,,,,0.20375767464516753,,0.20448482832306056,,0.20374494436826066,0.2039618351649808,0.20406105296018628,0.20399134712808145,0.20411139540659876,0.20358606833457057,0.20366482423289958,0.23361019382507606,0.2331856266334721,,0.23309586521212225,0.23208390788743016,0.23277358280579316,0.23328139590178865,0.23314299867643717,,0.22759764543722388,0.22847729054584287,0.22866877001637392,0.227846421638058,,,0.1333022391222243,0.13328616100110255,,0.1321618702033657,0.13235905657905686,,0.1292466365225547,,0.12906153229827844,,,0.12571046879134976,0.00642524553700626,0.006411966959321733,0.006390532573695024,0.006495247153923812,0.006517437119519222,,,0.006538074722534796,,,,0.006543528979525497,0.006575232040495762,0.0065649739577671885,0.006574765027966438,,,0.006595550218221478,,0.006561824548236229,,0.006561192918218225,,0.006564316235162455,,,0.0065703125945109535,,0.006551402882238046,0.006550945468209687,,,,,,,0.006565747499108821,0.006682277680247597,0.0066782869884811575,0.0066812089558380226,0.0066685128910812345,0.0066802120132242885,,,0.006722105649295946,,0.006712378100967859,,0.006703882796573593,0.006685269485667576,0.006714874405304612,0.006710698846762229,,0.006710077168479061,,0.0066863217908668835,0.0066842913522771885,,0.006688905761416471,,0.006703129177630079,0.006669832780430159,,0.006689920073984641,,0.006697367243385004,,0.006679150029632936,0.0066759745067113165,0.006674721126702308,0.006691832335676379,0.006682323611559005,,0.006691073584947001,,0.0066982262510416135,,,0.006675084926747681,,0.00668743832873669,0.006680081368598527,,,0.0066876403124876745,0.006684302201932744,0.0067055842922665735,0.006688610764872904,0.006671512351546463,0.006683414500147188,,,0.006681298080703528,,0.006682472766059165,0.006685915444674491,,0.006669087247215459,0.006688806481621427,,0.006700896158675123,,,,0.006686841037310807,,0.006679212058590631,,,0.006681706338652106,0.0066858712649002575,0.006685382705163843,0.0066901453737051,,0.006706027396721305,0.26663112771028985,0.26655639581073987,0.2668651513671815,,,0.26681822436678154,0.2670772240641953,0.26650289265122207,,0.26737174283417836,,,0.26698055776898166,,,0.26721993692024837,,0.26710222919027476,0.2674625870124613,0.267008541056583,0.2671663121227667,,,,0.2666350805353768,0.2666548255164703,0.2670715199899779,,0.26692133391658573,,,0.26802909750018933,0.2676023683136105,0.26694420246634604,,0.2665789197452093,,0.2676571665168274,0.2675456264513475,0.2664400990053104,0.26681344334677976,,0.2663915211486586,0.26683910434615743,,0.266621003168381,,,0.2665216080601544,0.26667261375513496,0.2668686136342105,0.26627004655076886,0.2659606270292764,,0.26675765746477764,0.2673066622005268,,,0.2667544723315322,0.2662282710393516,0.2665127203056719,0.26698781490355505,,,,,0.266271608553044,0.2657969839010774,,,,0.2657805452699138,,0.26596304705495993,,,0.2668071471752102,,0.2672706570908076,0.2672634640520609,0.2677590491960179,0.26710130493804035,,,0.2669456804328675,,0.26776829494477,0.2675017552805686,,0.2676664940645329,0.26715289403193426,0.26640595481847,0.2672159668217071,0.2666381528767123,0.26702297315062246,0.2666941418291518,,,0.2666867668510673,,0.26684485723422435,0.2670580500121637,0.2670248275551907,0.2672081172768352,,0.2665596082950796,0.26692311126324075,,0.2665602862760998,,0.2672762700940947,0.26719030861657395,0.26535807907076076,0.26577784203970817,0.2662954540373768,,0.26720450931397555,,0.26606343695394286,0.2657219878041062,0.2668384043193192,0.26730807723423144,,,0.2669237483459974,0.26706131017119766,0.26617430483844157,,,0.006401113919890073,,0.006380854698896936,0.006392191924416532,0.00639387395768451,,0.5778619733047452,0.505520642498973,0.5038072781767399,0.5055344822143197,0.0066348009972537975,,0.5522274750924088,0.5532501520860131,0.5535092967743482,,0.5517299815108925,0.5526778396491981,0.553032706831636,,0.5502479551590803,,0.5523701573192493,0.5504293363671623,,0.5515574246516182,0.5530489386690473,,0.5538529192954722,,0.5517545496638911,0.5521768002372962,0.552614723330897,0.5516513975758673,0.5519993315659145,0.5528818832761941,,0.5496735127442877,0.552418824801691,,0.5531723929860024,0.5520718745775723,0.5536269900440213,0.5515731933188216,0.552281868915281,,,,0.5518475816680136,,0.5530768982501203,0.5523110767912857,0.5508510753021215,,,,,0.5499855309670347,0.5541272084851229,0.5516164971494327,0.5536208771752303,0.550889637658955,0.5512814286691761,,0.5502083094404034,,0.5517413220615147,0.5524468980291334,,,0.5520074531116796,0.5522598680846033,,,0.5529165700923389,,0.5514280865110255,,0.5520379946394822,,0.5522125728159216,,,0.5506523771819802,0.5521897848569266,0.5523919652724776,0.5519157769807781,0.5526390844659856,,0.552507044475881,0.5510338429441445,,0.5516590043173343,,0.5512505884461919,,0.5520696991015908,0.5522803663306085,,0.5533969062625773,0.5521716518085259,0.5516507587389798,,,,0.5511483358346666,0.5522870805799612,0.5516714515575712,,,0.5521088816863357,,0.5512358084230431,0.5505996762187766,,0.5528685383494008,,0.551423196758342,,,0.5522180273943289,0.5524251053888521,,,0.5537845179076777,,,0.5522841041617929,,0.5526182143999875,,0.5521596560051654,0.5501520186893955,0.5511994749677761,0.5519309163700319,0.5500753582954008,0.5514594592754505,,,,0.5519319179135452,,0.5517911096751251,0.5521289473236937,0.5512397889414734,0.5512062090828161,,,,0.5518404766587283,,,0.5512595843559975,,,0.5527203347182494,0.5533144481010134,0.5500010190556194,,0.5506361534331248,,0.5521406016976511,0.5510405103497131,0.5526275020338223,0.552386821596237,0.5512898328921388,0.5521300100599845,0.55185172775112,,,0.5512446695196567,0.5515015380652154,0.5518856165065424,,,0.5519248394818975,0.5526987365746812,0.5517461532346456,0.5515127924006393,,0.45696009542837146,0.4555857783680278,0.5086933732363466,,0.5071862311867488,,0.5548964013520651,0.5530859723710726,0.5548366472022379,,
7,5,DG_10pct,20,Z09_F12,9,3PH,175061,181993,True,4965.572794734556,4968.640726831441,4990.712098138703,5038.742471159859,5050.756448636615,11.317361331440955,7.226294560376682,5028.714508614055,0.05134709107706935,0.0389026332453149,0.03866630134927856,0.019246810926474733,0.006360625640733186,41.33689507522247,38.533822301518434,11.432176885225866,3.377569112429907,1.2894411442793337,4.7134038765961295,0.012941945214860223,,,,0.6979700177618827,0.6954329502315744,0.6954775269944672,0.613007284346423,0.5061411674570799,,0.5069614212837268,,0.511485546314435,0.5128164150098917,,0.511217293957925,0.5122975252352047,0.5103276729776315,,,0.5108192843140948,0.5075433142851666,,0.5062500643255675,0.5070685819965982,,0.5065156239775799,0.501702882072561,,0.5011605867989988,,0.5104478826891968,,,0.5081677755603291,,,,0.4471183368923766,0.44700096658183297,,,,0.4392083372969786,0.43896140760366376,,,0.4377321239033275,,0.43908762909147764,0.4386262215676993,0.4394626274925898,0.4388838752942556,0.4403457373129253,0.43949376501247767,0.4383326619462697,0.44003889559512793,0.4399993362416241,0.4317615010822307,,0.43160532122248246,,,,,0.422415333221251,,,0.42298560926064127,,0.42250353785787487,0.4224155806206077,,,,,0.4216793297669804,,,0.42269109797562526,,,,,,0.42144300130501355,0.38379161847816895,0.3828444252434493,0.3840927340190457,0.047602812561020794,,0.04743606062360003,0.04754551161042638,0.04735057471292518,0.04741880139362697,,0.04792106411394796,0.04784783221702369,0.04798180839134883,,,,0.0479392249686442,0.04783864911771091,,0.047991651334917264,0.04797564104100693,,,,0.04784602420589343,0.04812628789599159,0.04797517700199578,,0.047945531391385174,,0.04792495115751616,0.048088337734740756,0.04779669376959904,0.047996991787579234,,,0.048013840044775304,0.047957712324503646,,0.04798465544329075,0.047696460612430956,0.047790042383740315,,0.04788202244689735,0.047997070747305665,0.04788478734488924,0.04786534681915642,,,,0.04776558394148161,,0.04802611171744231,,,0.04785343251593815,,,,,0.048019258016504335,0.04773944452965668,0.048044436530020426,,0.04800028038009217,,0.04792407163629312,0.048170190267091136,,0.04810640279778476,0.047909531671076235,0.04790675108103828,0.047873226978061005,0.04779392790139617,0.04798733497223751,0.04793112528898468,0.047844807500104135,0.04802535473285088,,0.04801122757840027,,0.04783963493433892,,0.047775647991925144,0.04799905043692046,0.04796041492212393,0.04802749433806098,,0.047865369037861906,0.047917327143249235,0.047894978152833216,0.04787599900270829,,0.047898198678939866,0.04785486467681828,0.04798630680245963,0.047969155792500245,0.04764173495646306,0.0479745059476162,,,0.047980523041475,0.04784816040731668,,0.04799269485585445,0.04782739414341294,0.047898917088696175,0.04801247503206482,,,,0.04801132685597364,0.04807850165923918,0.04798125386187937,0.04797622739715232,0.04790167382966739,0.04808537129092329,,,0.04792942764332958,0.0479647727902276,0.04791175328411144,,,,0.04801771430062664,0.0478927666395963,0.04790193392626016,0.0479528241260132,0.047933425731600005,0.047856767097487624,0.048021125645575403,,0.04796504520084132,,,0.04807098045185836,0.048011145683866656,,,0.04792890454477107,,,0.04773130260655536,0.04797863035618443,0.04810996750178676,,0.04796986004065579,0.04790339777694175,0.04791028181737688,0.04785951837370403,0.08867977880056803,0.08891117790412842,0.08851056588074278,0.10364160834608763,0.031139413840715797,0.03110419005729654,0.03106058283384043,0.031101735723237423,0.03108874124296677,,0.03109730379388182,0.1339573071901107,,0.1340917327423342,0.13396302543956004,,,,,0.13383341896038636,,,0.13344689649727237,,,0.13374688327947967,,0.1341171391506598,,0.13359034712936155,,,,0.13372973920349415,0.133887203674768,0.13366115873886913,,,0.13389405783662364,0.13380566203016256,,,0.1336893433733711,0.13386074750148644,0.13409829500104778,,0.13372898566218586,0.13398316038534677,0.133630850075313,,0.1336766869620452,,,,,0.11267468960768068,0.112629473211712,0.11296163523289131,0.11265337269316049,,0.11321451763910977,,,0.11273199327451378,0.11288105175481658,0.11272206850618205,,0.11283442087829085,,0.11302447722295424,0.11302739005135208,0.11289937126657311,0.11245775286390997,,,0.11305198420600027,0.11275990384859014,,,0.11277381833398743,0.11279238010213394,,0.11294861813429982,0.13366660500120228,,0.13413631760766578,0.13379831850769391,,,,0.133872518488156,,0.13392375634259504,0.13364111851308513,0.11267068633594725,0.11266034635994449,0.11256860243868999,,,0.11298059574943284,0.11293080690876832,0.11244303711229497,0.11239655510194828,0.11245562020065536,0.1126577089491826,0.11229477153441199,,0.1127122002080208,,,,0.13395147399889926,,0.1336344084905812,,0.13352952324611359,0.1337280406969404,,,,0.13378832233779334,0.13402881804058714,,0.13327652391920342,,,0.13347819629475677,0.1337456909561336,0.1338052926022479,0.13373609152847013,0.13364007882286316,0.13400747074547434,0.13399782851307593,0.13383910661846152,0.13357149215419745,0.13422204718990322,0.13371451238516066,,,0.1337914369958649,0.1124332641528218,0.11244143667762284,0.11245799443703831,,,0.1123651331725214,,,,0.11242878399013015,,0.11261896363818903,0.11290852873501268,0.11267188676367162,,0.11267174466218374,,0.11286870376864157,0.11266561970394671,,,0.11259075270429504,,,0.11284487905740093,0.11301768544558413,0.1129058077432843,0.11284603844733335,,,0.14531754371101369,0.14501719042432235,0.14560252868479287,0.14479588218870673,0.14514532507904018,,,0.1454573241122197,0.1424032261021195,,0.14240539818073414,0.14213636582135236,,,0.033066550748510455,,,0.03284760918397489,0.03285306911645574,,0.03209417472636975,0.032092583280560326,0.03215455907285909,0.031232623760712716,0.031294867476167575,,,6.955372855601889e-05,6.945885996050618e-05,7.058343410707768e-05,,7.043230652090221e-05,,,7.066694520698154e-05,7.10211053324227e-05,,7.124076776151071e-05,,,,7.120204311274813e-05,7.118142866756337e-05,,,,,,7.091614795852413e-05,7.129996264575052e-05,7.116375104810071e-05,7.126592881807783e-05,7.121965955585311e-05,7.102749967095784e-05,,,,7.1134948706478e-05,7.096459305234312e-05,7.124256956255115e-05,,,7.113772411086828e-05,7.267375597623601e-05,7.258169638875188e-05,,7.243391902540622e-05,7.237401321613281e-05,7.175336704188385e-05,,7.284423650788653e-05,,7.286688161363416e-05,7.266674437805361e-05,,7.284313608204392e-05,7.253297028711089e-05,7.274179021477313e-05,7.262748295571624e-05,7.275724088761882e-05,7.274292891920305e-05,7.266351890937412e-05,,7.235647558180783e-05,7.242489980650894e-05,7.254017288495628e-05,7.248924075677442e-05,7.23769488930992e-05,7.224884973445618e-05,7.247023480160371e-05,,,7.228002168565383e-05,7.212404082701827e-05,7.229080796126879e-05,7.269259425580152e-05,,,,,,,7.248080461961997e-05,7.256042108568995e-05,7.259735758460407e-05,,7.261156182750389e-05,,7.267649192434529e-05,7.25978344767636e-05,7.246008838455688e-05,,,,,7.248333025278026e-05,7.259628651312291e-05,,7.244826156598728e-05,,,7.258007085078406e-05,,7.234634490174691e-05,7.230907869367469e-05,7.222463941650987e-05,,,,7.262182935435542e-05,7.255545164584441e-05,,7.25748966745106e-05,7.222606804924137e-05,7.258433345066932e-05,7.250809226545037e-05,7.233678665922945e-05,,7.248592177421603e-05,7.268315186669547e-05,7.271541269154676e-05,,0.18283138679008007,0.18334126065667583,0.18335826636867827,,,,0.183844115815189,,0.18337970679175647,0.18345618378989284,,0.18402426264877503,0.1838565478780691,,0.1836271585747677,0.18360072818855297,0.18344825900847858,,0.18373738276467147,,,,0.18353838035382478,0.1836704539175957,,,,,,,,0.18366044806207882,0.18449797435924994,0.18388925545048473,0.18390488774842673,,0.18407661241562534,0.18460470842973645,0.18315290204417506,,0.18370448220173452,,0.18350835719332245,0.18285459721779387,0.18359156096151424,,0.1831884113960339,,0.18320570235294065,,,0.1836467158379788,0.18319775837299337,0.1837295319907991,,0.18404235836461227,0.18385308572759146,0.18378721632811165,0.18355435703716716,0.18382653650701916,,,,0.18378270612461226,,0.18316473583627998,,0.18328380116819643,0.18376480176463378,,0.18364534976028746,0.1840011795400344,,,0.18371906645095484,0.18346210703870974,,0.1840110394281387,,0.18417592503264088,0.1840358358106343,,,0.18368264964677147,0.183984828050233,,0.18448031442402696,0.1835255890548884,0.18365886312603205,0.18414052055912475,0.18359095140310205,0.18396571664038097,0.18378890300894027,0.1839109359892953,0.18381895321218428,0.18368209103404382,,0.18341519960356,,0.1837828765702312,,0.18329152615557034,0.18393709029321273,0.18371872168171577,,0.1837056243316767,0.18430196410642202,,0.1839609787275105,0.18365316717024535,,0.18344356345832255,0.1835989997406425,0.1836892764410896,0.18366440924736624,,0.18376071219969878,0.18338923277351185,0.18339802455834414,,,,0.18355196428767853,,,0.18434306722627597,0.1838820393898682,,6.938235356104644e-05,6.944994425575539e-05,,,6.948763211368912e-05,0.4563671223199135,0.5356456526830335,,,,7.233720349765697e-05,0.5089725519497618,0.5088758386486302,0.5070627784876083,0.5073973602582824,,0.5078142842561105,0.5095349715165766,,0.5082929651062504,,0.50687001115661,0.5070342836501076,0.5085242682956501,0.5085036596026637,,0.5079459206520526,,0.5066599806319202,,0.5091628481857938,0.5086722644285868,0.5090144670023594,,0.5085198205219814,0.507944843382994,,0.5076547111100368,0.5076975830982903,,0.5072008825777372,,0.5093816637329045,0.508391359985848,0.5094264531951918,0.5083668533079722,0.5089276287736096,0.5077817649297691,,0.5086516397004073,0.5084523224205886,0.5089069298051222,,0.5087482108706599,,0.5083996069835339,0.5083515208496614,0.5090302733802381,0.5090396577057335,,,0.5095108073842527,0.5081712962060932,,0.507795059717159,,0.5093359760082748,0.508733999920662,,,0.5084065700141404,,0.5092149179411717,0.5087186594822457,0.509130082085321,0.5080932407159595,0.5089410201287017,,,,0.5079274169848449,,0.5093473026325565,,0.5062649045678996,0.5089954893111686,0.5072237174086707,0.5092631724426433,,0.5097542441822738,0.5092685551463686,0.5102910480186799,0.5071996946508446,0.5083326274375,,0.5090346331413621,0.5086822990378268,0.5097347033306653,0.5085410496784892,0.5080253586417469,0.5072774425236194,0.5071666433121017,,0.5082034184960054,,0.5087286722347925,0.5098559188919125,,,0.5095679125013516,,0.5079127118267762,,,0.5081659411328314,0.5080256122531579,0.5102062829439794,0.5079350979250238,0.5089835317472247,,0.5096584714550917,0.5087132747745275,,,,0.5088473741472336,0.5092694141174584,0.5089658383463184,,0.5082510303038094,0.5093132674516923,0.5077031653531782,,0.5077765102644611,,,,0.5086664720230937,0.5085194810514311,,0.5080231210930578,,0.506209317691398,0.5080835115877892,0.5094467312920326,,0.5080458456544872,,0.5093439847590184,0.5090108020595991,,,0.5094940818277454,,,0.5069579790870875,0.5088181010702958,,0.5097258243416661,,,,0.5089602177111916,0.5099312860505735,0.5077928583068708,0.5076697367375418,0.5079139246261946,0.5073423656587703,,0.5082054320938059,0.5072118741992954,,,0.5083863690967996,,,0.5092158020112386,0.508804231338677,0.5079267903383266,0.40115923559076333,0.40126620423104603,,0.4574787862962831,,0.4563488079447146,0.5118321179836416,0.5115710511357273,,0.5112424071872316,0.5104874607104524,0.5113675180854018
7,5,DG_10pct,20,Z10_F01,10,SLG_A,175067,181997,True,3666.596184721365,3649.0552935050823,3693.9668723621858,3767.6532241179934,3767.9880760393585,139.3207560104918,156.8222530488616,4410.767860935916,4372.802428668219,1068.7295907057235,1068.0279401200498,502.29051539710366,161.71329484424166,85.64935427634096,82.61157550236072,139.52881274810923,153.97401338806637,26.009553118253294,319.39089911205264,466.08737877048605,,0.7619853933466098,0.76307632022336,,0.8583574851012644,0.9474824686603025,0.8449463788727661,0.643587347330303,0.6423143692428884,0.6438067003342783,0.8245653748028685,,,0.6112990446989879,,,,,0.9388589826580367,0.9393492767443312,,0.6429635176261935,0.6428162945210953,0.6435888640688129,0.6421090357264976,,0.6378238654285933,0.6385145264229712,0.6371533827547023,0.6454570152020962,0.6449447205746026,,0.645547103028707,0.6448023279141183,0.6473871455583344,,,,,,0.618713933805947,0.620013875161163,0.623676021816841,,,,0.6218099075977014,0.6211351007896814,,0.6221194809721887,0.6231730863236856,0.6231243552644858,0.6226828447194218,0.6216070670476734,,,0.6218477453501966,0.5431739779286378,,,0.9290270316625705,,0.5351996898631065,,0.5361441933895356,0.534408997729854,0.535614180450343,,0.5352858718459562,0.5351926886814468,,0.5348265496516039,,,,,0.5351207682630335,,0.5358976711473679,,0.5356633067407544,0.5341205802053213,0.5348757452273797,,,,0.5867986485327207,,0.9117967602624273,,0.5609640175662767,,,,,0.22072126670822095,0.2201145948311659,,0.2206577680843029,,0.22059425625191414,0.22053555551058437,0.220651730547567,0.22091639213468406,0.2210949910628001,0.22067402587624982,0.22121422255637466,,,0.2201843580579646,0.2211921848346285,0.22035122998820975,,0.22070032995280622,,0.220313583638301,0.220896446943467,,,,0.2201576499890588,0.22059614121917362,,,,,0.22087652828800078,,,,0.2208822573762217,0.22043339310643847,,0.22037043504099474,0.22067938109900995,0.2205994521185778,,0.22083897721783172,0.9108989279224872,0.9090682239972903,0.9101438838077877,0.9117033383989096,,0.9083922633780219,,0.9070182078273962,,,0.9065324281179393,0.909797086686315,,0.9089467722092952,,0.9098730166932006,,0.910545256855661,0.909539323972915,0.9069357034410878,0.911018682303426,0.9098919732532526,,0.9083627847473902,0.905470468469243,,,,0.9097137238388651,0.9079533378660655,,,0.9062611438550093,,0.910887596444317,0.9075077617242642,0.9082113875050926,,,0.9070265877185703,0.9089751285630341,0.9080846688928997,,0.9066550234616885,,0.9151997052365161,0.9163692867872391,,0.9164495081762268,,,,0.9168260170934878,0.9172612334680438,0.9181515691935438,0.9185526868948309,,,0.9144841268796794,,0.9180224234845337,,,0.9179179483957514,0.9198036740872267,0.9159779946465453,,0.9165015823209596,0.9170149503783698,,0.9157196089001441,0.9149263905797469,0.915971698468406,0.9145101629142244,,0.9125546339149215,,0.9173379897718427,0.9180450088346326,0.9127837635747712,0.9151780226217144,,,,,,0.9181725707938068,0.9157467204573507,0.9166034266149938,0.9189390146645343,0.9159282170383151,0.9159009610610093,0.9147151582711432,0.9177564253812834,0.9170110851052016,0.9143769307966603,0.9157835751180323,,0.5551776322065627,0.5584490796047743,,,,0.5557028661937826,0.5560195602078124,,0.5561326203381831,0.5549864469777693,,0.3021846134282833,0.3020251562665968,0.30244739042889673,0.30311236409542036,,0.30235084056609746,,,,,0.30216274053301695,,,0.3027704072069761,0.3017803831046251,,0.30258811092339843,0.30131614968058223,0.3025372284620851,0.3020277484301237,,0.3028842575407562,0.3018930706702921,0.3024146361987577,,0.3018669752367484,,0.30198750129658813,0.3019557536578549,0.3027100218631869,,,0.3014186492155605,0.30129082041075333,0.3019756782187061,,0.30217576112639316,0.30155494336773864,0.30136002713021376,0.30241657879382544,,0.28039219190761966,,,0.28180991157657903,0.2809763411644669,0.2804493051544717,0.2802428105486799,0.2811668720742904,,,,,,0.28078723136056893,0.28077079657909865,0.28068385394890294,0.28084225936715324,0.28161738601313285,,,0.2801852866727712,,0.2810442354557872,,0.28003694067881235,0.28135852398396805,0.2805616066392397,0.28024658425279536,,0.27970425148027733,,,0.9088986536852793,0.9094558963108721,,0.912161533498173,0.9084266493714541,0.9093354966314835,0.9111257934645283,0.9093167226752089,,,0.9116675394455782,,,0.906920380777598,0.9099946664006804,0.9129281181238629,,0.9067106033216031,0.910955787707506,,,0.9109446955279751,,0.9090712311335634,0.9090086458656309,0.9100213639631344,,,0.9092229462026057,0.9103458291153697,,,0.9102209693370182,,,0.9108619910786898,0.9103329961163972,0.9126019387756283,0.9116700490464749,,0.9098057970218302,0.9106165794265328,,,,0.9109957974793703,0.9096756680943472,0.9108769400416352,,0.9066091658846444,,0.9095940728405715,0.9114810702534073,,0.9120581031576543,0.9108903680931848,0.9102719349996498,0.9103973459538364,,,0.9110587241295302,0.9083062836569541,,,0.9122749125576172,,0.9093962142289169,0.9084353900031505,,,0.9101005674168352,0.910497757945237,,0.9100398822454274,,0.9101116756602262,,0.9105044169465069,0.9118188549989077,,0.9117141492697612,0.9116242540688593,0.9127267953581631,,0.9105621347638898,0.9171770878185246,0.9164037225010528,0.9173851315749874,0.9195936857414002,,0.31525791915274975,0.314899000137046,0.3149157058635874,0.3156373497175986,0.5857962741134461,,0.5844454222065767,,0.5857027087914152,0.584860760301282,0.1995834915147068,0.9179125352259891,0.9060567372315097,0.556666695211449,,0.5566478633298634,,0.54270781714499,0.5434010861848494,,,0.5252371181173489,,0.92362329706688,0.9237980159897604,,0.9363703996534676,0.9151937091179245,0.056478274736179127,0.9433876076004282,0.909055280201956,0.9498841535223589,0.9485374077357238,0.9483541173629606,0.951265438507945,0.9523425851548396,0.06852024836255102,0.949527748654773,0.9048339834820545,0.956151815658895,,0.5477441152621182,,0.5460230491306215,0.5463088902593795,0.5471529067151789,,0.5471136671226116,0.5467361488311989,0.547084448361501,,,0.5465456142324658,,0.5456541703203798,0.5467992195741936,,0.5486368847993651,0.5468778775610308,,0.8995201656962513,0.9024252287400298,,0.8979795022690094,0.9010969858845174,,0.12308238812012405,0.12307230160926866,0.12323475268913807,0.9735877652308728,,0.974167954834147,,0.8983570819839484,0.898112452244432,0.8999079322646836,0.8976261876614937,0.557325471318598,,0.5566428008901696,0.5571637138115036,0.55528268814602,0.5560551583253418,,,,0.5568997588122577,,,,0.5554125122125851,0.5564025432629919,0.5567716276961757,0.556080780838038,,0.5564100713339472,,0.5568605159754592,,0.5560213673109914,0.5564097560213683,0.5551679180442199,0.5563987186297693,0.556707084938764,,,0.5588165590740669,0.5568475377869673,0.5569539149846243,0.5558883608868371,0.5566206736371827,,0.5554285702996554,0.5573288358628137,0.5565328336437707,0.5561970767889578,0.5573234442182639,0.5554089735655087,,0.5567995185967273,,,0.5578640254036584,0.5570930566167016,0.5550338809259546,0.5575195612049378,0.5565531270078635,0.5571377196099925,0.557878667859539,0.5558778506779718,,,0.5566679874488837,,0.5563145937260614,,0.556587043672214,0.916774581393171,,0.914437377791779,,,0.9153081709256082,,,,0.9158308329319147,,,,0.3495964753263672,,0.34922547516784525,,,0.3494580879852814,,,,0.3494605324594847,0.34888239924976977,0.3506504063154024,0.34908396520603513,,,,0.34958442146197705,0.34851686959375233,0.9153922316572308,,0.920011756629917,0.9139489323918489,,,,0.9204125161105563,,0.9087654654358547,,0.9081957513735353,0.9066772695955319,,,,0.9080999203237864,0.9074000627836903,,0.9101674769300435,0.9089016790819311,0.908564029606585,0.3479797187923329,,,0.3483454398446225,0.34991638436754463,0.35055307243040945,,,0.3504224538006437,0.3496492335872818,0.3494504179260502,0.35015690134925537,,0.3481962718939157,,0.9089976997791812,0.9086037274768018,0.9115440600848292,0.9108700378970267,,,0.9091011078668352,,0.9175544796800246,,,,0.9164755928033119,,0.9184356429588036,,,0.9173900049760955,,0.91992514304744,0.9169724389418277,0.9174071659503023,0.9155321675892377,0.9178720819803399,0.9167767850493656,0.9170633164080289,,0.9173400844724089,,,0.9168208571786501,,0.9155142551206825,,,0.911126751757802,0.9100119226357283,0.9091337724085246,0.9088388725430583,0.908009789735478,,,,0.9119814825555822,,0.9065347179428569,,0.9101127963152776,,0.9085315819704662,0.9085081726876706,0.9091829502765866,,0.9106091873060962,,0.9105498484877292,,,0.9074789997552304,0.9078620204666481,,0.5331353220999924,0.5335324412052668,0.5336565308157256,,0.5321843629351289,0.843924119481979,0.8332546530343392,,0.6310947217467762,,0.09849561502548398,,,0.6455243341876459,0.6447789964326112,,0.6448580606218453,0.6454840956329109,0.644717734352786,0.6448433556889265,0.6459364692423083,0.6463513110215445,0.6443007110737271,0.6445811061555039,0.6434055484400406,,,0.6444612933782288,,0.6448591303649444,0.6449252704979832,,0.6444978244363191,0.6452698936452068,0.645048113589801,,0.6442096302442556,,0.6449977699309549,0.6429769845720336,,0.6454995542606334,0.6441610181148697,,0.6451650584380194,,,0.6456079354701875,,0.6447837233983446,0.6430429802062314,0.6437303870795105,0.6463209929188366,,0.6461528221863962,,0.6455708857281859,,0.644021446281464,0.6449984969165494,,0.6459867876361147,0.6432011706216644,,0.6426507463816747,0.6438970482115396,0.6446274480148838,,,,,0.6459042375042671,0.6436592328043257,0.6443205139979407,0.6444245412399062,,0.6451644022110453,0.6432721002814162,0.6452388477662594,0.6453435675637145,0.642752195471143,0.6448266398365247,0.6437021576557856,0.6450394239327444,0.6447416246010322,,,,,,0.6447783036637896,,0.6451597625204275,,0.6427658751194151,0.6443485390588419,0.6436431676650072,0.6477002362202504,0.6466977206389177,,,,,,0.6429812956843672,,,0.6430609233998839,,0.6436108493610309,,,0.6467487911210857,0.6456223860895308,,,0.642778788885173,0.6440134001785129,,0.6441280192852552,0.6452881782435674,,0.6457778613571195,0.6444610174792393,,,,0.645208313025611,0.6445992564856327,,0.6453625524603414,,0.6458813059638493,0.6433171577191071,,0.6456833186160427,,0.6441984011328051,0.6437341414209666,0.6459702146160705,0.6442591694310486,0.643797238138503,0.6441088289247264,,0.6435091480951922,0.6430987957416312,0.6458618853672059,,,0.6452967234051701,,,0.6448862380767495,,,0.6433428386291282,0.6445322459190059,,,0.6456046182023272,,0.6448240683037708,0.6439642521255852,0.641346294122293,0.6435267971911207,0.6443546657908786,,0.6439295296535129,,,,0.6452232960885169,,0.6430699776445126,0.6434991693592135,,,0.643354436390742,0.6451096313375976,,0.5956350398052439,0.593236592210624,0.567731357833839,,0.9320082648350353,,0.6109957966613437,0.8369892526719882,0.8355949358811897,,0.9394792277168027
7,5,DG_10pct,20,Z10_F02,10,SLG_A,175079,182015,True,3374.169452971008,3363.014740591254,3393.1981533426815,3500.9450642292004,3476.5016761095317,121.66280239976425,135.3173095895437,3976.6305450697196,3976.6991630610046,1141.004759964364,1147.3504582033115,539.4286482243484,173.18048451107342,79.180925417276,75.77859216554562,121.4706258018624,131.04001288646023,25.894253516812693,273.4772886582997,466.6009185249117,,,0.7706181934859316,0.7810919487682878,,0.9511876108578856,0.8416712344550368,,0.6548634072225985,0.6545181622691246,0.8190568131355447,,,0.6413952288652682,,0.8343225136203177,0.8335252645616071,0.9457390106536365,,0.9459116713307756,,,,0.6545770894568095,,,0.6492707656203532,0.6497667092198531,,0.6569804974609288,,0.6569536121350059,0.6569696289264536,,,,0.6296533455514087,,,0.6298426525949729,0.6295432599487627,,0.6311883536395136,0.6329770788240419,0.6333743767303917,0.6315490894533196,,0.6321953643931983,,,0.6303433475801599,,,,0.631187519887181,0.6324274060692257,,,,0.8347380497689688,,0.5738844211750311,,0.5738761736744874,0.5729912000302901,,,0.5736328500864589,,,0.5736061019437079,,0.5727265479606645,0.5747807741133366,0.5724947987884178,0.5731009572431371,0.5744865494792639,0.5744728419732754,,0.5724906381338575,,,0.5725937904060858,0.5738960522537134,0.5726421559146029,,,0.5977665995934937,,,0.5520100297784413,,,,,,0.28728816999627527,,0.28782296468137386,,0.2872611018462793,0.28724728502897523,,,,,,,0.28779781999068127,0.28868987452153977,0.28727178802728204,,,,,0.2868292308961359,,0.2871271273585598,,0.28710402568805576,0.2881974828197384,,,,,,0.28778650987853793,,0.2881091576668927,0.28787208692350547,0.28700344349364054,0.2869874726969144,0.288644656074352,0.28743069872229443,0.2871027747106193,0.28735605337628906,,,,,0.9147339592443224,,0.9152199583811473,0.9167031866729062,0.9144871260862384,,0.9145376951638061,,0.9154268400067146,0.9145278940118953,,,0.9156313055669302,0.9134855367031208,0.9178724380022466,,0.9158245105968849,0.9148290831412575,0.9140434201651298,0.9144772818531293,0.9138439665109632,0.9123242739873231,,,0.9142563935804509,0.9149610698475016,0.9113439234597894,0.9154830965843584,,0.9147756075339168,0.9105946494786179,,0.912744664626781,0.9151962628055741,,0.913690104903332,0.9137717113047913,,0.9138296669609498,0.9146068301223609,0.9149926460303578,0.9115202958240395,0.9120063084412119,,0.908269983766737,,,0.9064986630111486,0.9064421203398277,0.906419120920774,0.907844904316453,,0.9090431515522462,0.9057482130256618,0.907911856327912,,0.9044714494187057,0.9064788555977275,0.9073908299939751,0.9059072708118304,0.9076656957944758,,0.9053212656798474,,0.9065059877226779,0.9046412833157398,0.9081271036081209,0.9074220834952598,0.9051704451871002,0.9062750918164971,,,,0.9056481505445401,,,0.9058690867124934,,0.9081019445398354,,,0.9058999213346378,,,0.9100990499428102,0.9072470516872337,,0.9071267542280602,,0.9071433195983237,0.9074816494285717,0.9066718146049804,0.9046769958712806,0.9079322999769561,0.9062081713765097,0.9063358259059107,0.5518945211383299,0.552536494334469,0.5525921747009965,0.3316802036673538,,0.5484110727999808,,0.5482090131439824,0.5489518416141171,0.5470321201128643,0.5479503917100321,0.35819814411113693,0.35863378133709956,,0.3576146963091416,,0.3579184296184907,0.35848049835283896,,,0.3586969063284021,0.35789231409069566,0.3589622517493614,,0.3585774828928268,0.359228677676342,0.3586180442410607,0.3585999040508515,0.357664265556655,0.3598811511114252,,0.3586832175100845,,,0.3573602503571809,,0.3594661820567293,,0.3585943575941318,0.35898099804196687,0.35801320462314273,,0.35963124678091374,0.35812566042317895,,,0.3583477515570988,0.3577025132760798,,,,0.3398362769986316,0.33955663752246,0.3396754180627367,,,0.34100877904346777,,,0.33995247083226,0.33971793760586555,0.34132080114811414,0.34118243561063294,,,,0.3397625691607538,0.33986767353327946,,,,0.3406183793243311,,,0.33956405902109227,0.33934875498342054,0.3392044202975642,,0.33960336557523535,,,0.3398987244436525,,0.9158743661760625,,,0.9160748873681247,,0.9191297541187463,0.9181806880721947,0.9193665267575203,,,,,0.9157200919844055,0.9169769691392938,0.9176902134453404,,,0.9162516356084939,,0.9185073316977234,0.9159317937963719,0.916915152799407,,0.9172380630032818,0.9157953381846997,0.9147087512507353,0.9178749060225746,0.9171885515611454,0.9155911980149934,0.9175622869929595,,0.916287385812709,0.9148893534550365,,,0.9163632259814222,0.916811087723742,0.9194577917603619,,,,,0.916341320130626,0.9192502921631179,,0.9189106620193455,,,0.9172366430457192,0.9164090287011124,0.9173615246107559,0.9191681831586413,0.9161154279726507,,,0.9178899738638634,,,0.9173660294822822,0.915667252201586,0.9139428547224243,0.9169387641219007,,0.9139829307930909,,,0.9152505059285239,,0.916291574271471,,0.917533058709275,0.9154165594405874,,,,0.9169813213153436,0.917407132244233,0.919319606701576,,,0.9178745378849978,0.9172389546674159,,,0.9162351339939927,,0.9065624304935427,0.9111618895267072,,0.910162746804494,0.36965967637650854,0.3688908309737504,0.37001595889890737,0.36997474694697857,0.36921413425335453,0.5784079711114174,0.58230337823718,0.5814877309727262,0.5819002961869648,,0.5810289193198693,0.2696319148103124,0.9072358637899625,0.9132038759389145,0.5474002568117399,,0.5490182944738285,,,0.5348247593683385,0.5204694019071844,,0.5188448720757765,0.09281936603469815,0.9174863910881831,0.9176194152173427,,,0.9211851820690687,,0.949121888403438,0.9136049342041531,0.9509328746115279,,0.9547151041663494,,0.9546081150741641,,0.9544877311019732,0.9111004019895462,,0.9626470332876155,,0.5354397993952964,0.5373377817085323,,,0.5372426133958859,,0.5374430507996737,,,0.537147237159011,0.5372405223058759,,0.5369814956171828,0.5369276158436744,0.5386662876618731,0.5367199179987353,0.539338339144859,0.8991197147818386,,0.8970975967316817,,0.8992790203946949,0.9015793319650572,0.09376201432894504,0.09402202137890035,,,0.9761690480563882,0.9808387732303149,,,0.8927943864145448,,,,0.5451399728134199,0.5464391859857908,0.5473156976964507,0.5471589842662236,0.5471459802044596,0.5473356303522477,,0.5482213921103212,0.5460435890457596,0.5459154689208268,0.5473947537384886,,,0.546592977265995,0.5453129755787465,,0.5470813220537867,0.547182465964241,,,,,0.5480235509912613,0.546055258748798,,0.5455083645311283,0.5481648100143334,0.5459790946863892,0.5469668387164064,,,0.5459976906613141,0.5459791183506492,,0.5471571520085943,0.5478550573565183,0.547669461954485,,,0.5476904086372258,0.5481414772907703,0.5473523572871078,,,,0.5477847763414158,,,0.5469427487706716,,,,0.547802114621481,0.546058722667069,,0.5470043116337266,0.5472818829827479,,0.5462086970084852,,0.9079217134447704,0.9076178403823477,0.9065685656979257,,0.9099283512212157,0.9079618589980845,0.907687706722429,,,,0.9065925281145113,0.9046542942357871,,0.39931496131263,,0.39952623696090644,,0.3993056442760322,0.39931884829661185,,0.4013497939000626,0.39969027283223213,0.39986821928002336,,0.3994805474643907,0.3993491563519117,,,0.399137413587355,,0.39910283172208927,,,0.909525080178165,,,,,0.9099195239058737,0.9159480693380703,0.9190893360326641,0.9143649786311985,0.9168975291729795,,0.9140876956700343,0.9157296097420761,,0.9152110531452549,0.9150417651377065,,0.9149893957580463,0.9162012675185478,0.9194188123014522,0.3983832180217631,,0.39972234682218377,,,0.400774983059678,0.39825814834935075,0.39956604536433576,0.3998289726282005,0.400588143223532,0.3998577450810391,0.3996644444632078,0.3937516833697966,0.3982417096341542,0.3985991876493604,0.9169016266528183,0.9158985668780851,,0.9156073571876011,,,,0.9074643515197799,0.9086825433339182,0.9070650765141779,,,0.9073687664321654,,0.9091468933300373,0.9081923084412707,,,,0.9100258763612915,,,0.9069759679193828,0.9090889898436575,0.9062934500776479,0.9078311550839305,0.9085372398902323,,,0.9089337197797772,,,,,,,0.9193144520918886,,0.9200272382432386,0.9168927711615764,0.9152455181974385,0.9186074508651461,,,0.9125171982369356,,0.916149285193921,,,0.9172084073380766,0.9168701021596869,0.917566927375,0.9156371736016751,0.9153995546687645,,0.9168078308615637,0.9156256339977427,0.9161122875235197,0.9158173807810318,,,0.5125151811668214,0.5124545420992265,,,,0.8416119346483797,0.8355256039161115,,,0.641804623649766,0.06626991193280361,0.6561782584233732,,0.6560464727524594,0.6557746647160717,0.6558435439423898,,0.653348939274211,0.6551969898203072,0.654962212633285,,,,,,,,,,0.6569070682904755,0.657073074677061,0.6541816622225479,0.6542907744984152,0.6554388733172453,0.6554067316561447,0.6536946507694553,0.6553772701896584,,0.6552204880326707,,,0.6554516328953475,,0.6558209454287951,0.6555988450950371,,,,0.6562614327313484,0.6567925408865343,0.6567082160221994,0.6558709191794057,0.654871392991123,0.65514010629573,0.6562433990299534,,,0.6534885717326196,,0.6531864024890689,0.6568734618041315,,0.6566528564641961,0.6544974218935548,,0.6570389292147898,0.6569300204066217,0.6573505969803436,0.6555161925595562,,0.6541066583326923,0.654661813860819,0.6547774098296029,0.6537162588920423,0.6573371918297519,,0.6552235837865644,,,,0.6539057187794826,,,,0.6546183644416795,0.6546667793719116,0.6553783409944752,,0.6539394202884722,0.6562138673569413,0.6559762628755792,0.6551987747185314,0.6569391111482489,,,,0.6557962962489924,,,,,0.6562774493816822,0.6568930707508677,0.6568002871265438,0.6550704589784224,,0.6562616409439003,0.6572715921442932,0.6558657584598546,,0.6549755136061087,,,,,,0.6574179290238753,0.6548441744613104,,0.6535009280342243,,,0.6552015239251642,0.6550719117226644,0.6550963539505902,0.6539677981305052,0.6553753157899792,0.6574158819071676,0.6545858979317912,,,0.655872876407883,0.6551186930486306,,0.6567782202011795,,,0.6556405093854192,,0.6560858389947244,,,0.6581708970579857,,0.6552590247256674,0.6561374950613669,0.6552405148371621,0.6565578498501435,0.6544209249285247,0.6567213509000943,0.6563492368709424,0.6551739534929465,0.6564636743139861,,0.6549810605833025,0.6551325890405443,,0.6555944159302685,0.6538161276461384,,0.6553923691489559,,,,,0.6559718021580706,0.6549154164641323,,0.6563849914398295,,0.6556238323355125,,,,,0.6559872475777753,0.6533322133250685,0.6555007511174815,,0.6044271973907215,,0.6055005972842196,0.6021465872649037,0.8388262795267155,,0.6409677606485817,,0.8324957159575326,,,0.9473104057515052
7,5,DG_10pct,20,Z10_F03,10,SLG_A,175071,181997,True,3649.8207739382897,3661.762424330013,3702.7320875445657,3797.548881766349,3779.32371869949,139.42395043425506,156.49093169197693,4402.020711586962,4401.362049007438,1065.8559824472386,1076.2560187826255,504.2297052348787,162.29522871285522,85.83123613073175,82.29409240469585,138.89399929387116,153.84799896764744,26.1640122495869,319.62708902985634,467.25048235548513,,0.764380506007941,0.7659500291889609,0.7645422930349781,,0.9483803323669645,,,0.6426526820509689,0.6438026425787221,0.8269357391242153,0.6091650715698772,,,0.8344154601963202,0.8367906017464898,0.8373749761520977,,,0.9399748835214585,,0.6425581696963323,,0.6443377180657271,,0.6446433548112158,0.6373375225920672,0.6377302585926605,,,,0.6474391896972923,,0.646077171497041,,0.5772802095469887,0.6186997906937526,,0.619993537090704,0.6202907071617207,0.6203784786630759,0.6193891918981467,0.6210542579638753,,,0.6213174002964418,0.622136212648082,0.620987952287208,,,,0.6210469959068505,,0.6197659964628169,0.6224929973493107,0.6219583039635225,0.622845055462658,0.5428341033661137,,0.8398212086898812,0.929885753085878,,0.5349812889337878,0.5368610478164744,0.5346518891263808,0.5347608216392233,0.5355575189312861,0.5338045290302392,,0.5346950542614113,0.5340889207738079,,0.5350754216317408,0.5348145528322658,0.5340943821443712,0.5344359158095223,0.5355879787678364,0.5343023909105152,,,0.5350009502589618,0.5353734171044018,0.5346059946407484,0.5371216490675778,0.5355278069121738,,,0.5861803597391829,0.9110277510571358,,,,,0.5587161776529139,0.5601439178858678,,0.22094881936611396,0.22123219419967194,0.220715912723371,0.2211831184989052,0.22066396166500643,0.22106933571071916,0.22093076120106894,0.21977624970327886,,0.22080682356506817,,0.2201665784308157,,0.22112467809284367,,,0.22041641247838445,0.2212951699423047,0.22081524998051802,0.22119128247254038,0.22023350688681537,0.2204300537854266,,0.2217155368885976,,,0.220737979096003,0.2206485266980429,0.22105625547670832,0.22112601621597233,0.22137408807509867,0.22140761087462923,,0.22088992737071256,0.22086573115494496,0.22073132084382485,0.2206352271601938,,,0.22146190916214353,0.2202191472916019,,,0.909472188982725,,0.9111305925457435,0.9078180527075325,,0.9078871808411728,,0.907684561574212,,,0.9085697287769325,,,0.9061837812095436,0.9044239542686946,,0.910301839328407,,0.9061208970046782,0.9076787629747518,,0.9085162256440424,,0.9081360121825804,0.909652294239523,0.9077869367890227,,0.9085965831992057,,0.9087800059034111,0.9101353179515024,0.9098330350752869,,0.9052290663725346,0.9107490098305244,0.9072324371417868,,0.907213777204413,0.9077284277672883,0.9059281787669183,,0.9101209048107056,,0.9093989525992626,,0.912976103699858,0.9140554796619905,0.9169884013614787,0.9158016694313432,,0.914699782811733,0.9161708643977229,,0.9140161527403748,,,,,0.916101770878904,0.9173081025316947,0.9165937232289363,,,0.917996098808862,0.917931107621385,0.9153327748071955,,,0.9144334343454186,0.9166817627834547,0.9175974309061377,,,0.9165190908153927,0.9163854317888895,0.9130712008837488,0.916178964710066,,,0.9184676424402965,,,0.9182263569411591,,,,,0.918516491660892,0.9160723858843077,0.916531037140067,,0.9146490673393256,,,0.9173968406171362,,0.9155914661875447,0.5571344148802012,,,,,,,0.5568505240092534,0.5565962231880548,,0.5567402720439536,,0.3019809368275412,,0.3020964053317208,0.3014136053537865,,0.3025273143699584,,0.3026888395766258,,,0.30302420313248435,,0.30282342314495175,0.30306110878308623,0.30184155304629323,,0.30234510335621717,0.3031550376137359,0.3025296425392157,,0.3027369283500518,,0.30176679524826605,0.30158541451241955,0.30176471136352395,,0.30222964805333047,0.3031948436123553,,0.30212923605250075,0.3026097427537248,0.30190856709414904,0.3024836807739078,0.3020003501538553,0.303012468603361,0.3022388856702178,0.302517276386167,,0.3022222353798437,,0.28039133039416275,,0.28081993137081906,0.2804702774136758,0.28114113646020583,0.2809416096934841,,0.2805630351140442,,,0.2806403216131324,0.2809746067230832,0.28018926493886454,0.28122083675990417,0.28053106870803807,0.28061480930216404,0.2798667028279414,0.28206887656215407,,,0.2807731919104982,0.28095362345727254,0.28171752239663533,0.28093644581276545,0.28110915157639504,,0.2806617123516399,0.2806334605629258,0.2806300311548403,0.28137994592869403,0.2803113184290355,,0.9122433849081496,0.9080780228440003,,0.9112004029419427,,0.9117355321311458,0.9098528009554805,0.9089183710183725,0.9089273357889915,,0.9105885498135357,0.9089237115801312,0.9106307296555447,0.9089676609884346,0.9101127196483746,,0.9099974273489112,,,,,0.9095747493518938,,0.9081905190601683,0.9089980153687253,0.9103340275594649,,,0.9115104020120107,,0.9073548797838755,0.9110714050079753,0.9100848330263585,0.9079134603511662,,0.9105211753749833,0.9136650641959567,0.9118716830017474,0.907398741046837,,,0.9099615241905499,,,,,0.9132525299960844,,,0.9090169422566977,0.9117416513953904,0.9087078916682115,0.9089624884161658,0.9094123938029148,0.9095289203495251,0.9124102898242851,0.911869591216253,0.9088975168614576,,0.9108247999191316,0.9097326255082593,0.9109563755215533,0.9110320987293348,0.9112395767924579,0.9097062053018276,0.9094961012873585,,,,0.9095007177695087,0.9093356454328514,,,0.9100839114640632,,0.9104568736521443,0.9135863286680478,0.9107254087699348,0.911713966028935,,0.9126311937664304,,,0.9126457257523288,0.9114601231554212,0.9161515480734355,,,0.9203983495106185,0.31453066873396895,0.313929652442189,0.31457894700964845,0.3161853862781782,,,,0.5857035350637363,,0.5858673216445034,0.5863443171491293,0.19981815409614126,0.9192444101192518,0.9095206448232769,0.5576498818852847,0.5549685247014705,,0.5430433570088478,0.5444615629840975,0.5425039568459933,0.5268959132919818,0.5246868801682876,0.525961113122062,0.006855461339913461,0.9230248280892029,,0.04324766178315362,0.9410634610476828,,0.05634442172692705,,0.9130444969060864,,,0.951777746401866,0.9527232584807728,0.949668052070727,0.06845555945018968,0.9500349224876041,,,0.9565046459288338,0.546803989877105,,0.546839638910102,0.5469716142988643,,,0.5440578290935928,,,0.5469753601864308,,,,0.544890681346258,0.545624872295292,0.5446194594176936,,,,0.8986317291789239,0.8999829992916368,0.8974519200134273,0.9001128459467446,,,,0.12295417088261638,0.12329219619461174,,,,,,0.8985165114658861,0.8978386384355592,0.8957855752161834,,,,0.5556661831832294,0.5571926814607734,0.5576990182679465,0.5583247528821672,0.5540913171877497,0.5558608943532786,0.5568046425189577,,0.5571199179549405,0.5554871277903709,0.555182472582107,,0.5567676347845694,0.5554731842493749,0.5573254977224044,0.5575977363976922,0.554488935237536,,0.5563286368032498,0.5546828671325083,0.5568325044497816,,,0.5561585766201559,0.5574259319824472,,,0.5558873865125935,,0.5559834048043629,0.5551641414646337,,0.557305718258895,,,,,,0.5567072915874117,0.5562580436430885,0.5580872298619769,0.5585930655915627,0.5565123462703515,,0.5571393205398817,,0.5563987004502703,0.5555502150463371,,,,,,0.5558057366977132,,0.5570868484297256,,0.9151407589736248,,0.914958091739853,,0.914704401836345,,0.914047673274271,,,,0.9152054623262597,0.9181862204181594,0.34947752141993416,,0.34882950574085325,0.34994849984872073,,,,0.3502826653090297,0.3495431922452229,,,0.34918101994121375,,,0.3484361615127644,0.3487054623325899,0.34931098660652304,0.34907854514038217,,,0.9166650965225612,,0.9204427487843133,,0.9176124383814184,,0.9181611853001339,,,0.9068465868853214,0.9042325695399546,0.9079153356306748,,,0.9076682382720432,0.907289369286034,0.9084573330598671,0.9071325641337161,,,0.9097526336456874,0.34811896348773236,0.3490325070277221,0.3482437708793002,0.3485689572872513,,,0.34910509568373255,,0.34958370260284455,0.34944642120663666,0.3499797777502171,,0.3451955400392296,,0.3483860838463771,0.9070963829255085,0.9095633039340527,0.9070193252403841,0.9117620869706522,0.911499697872368,0.9085209752956844,,0.9177425382270408,,,,,0.9155814822997767,0.9176349192989427,,,,0.917229880589876,0.9165452128529779,0.9167413213550302,0.9160638323442984,,0.9163493070333969,0.9179536761534561,0.9167235594945505,0.9196901196808555,,0.9133199978249569,0.9195852201359928,0.9168193552307335,,0.9173225121402038,,0.9168422398086096,0.9102006667499544,0.9084306879349668,0.9114629584121551,,0.9103710735445677,,,0.9104901702454941,0.909517395227612,0.9079619692747567,,0.9073317861520723,0.9054902165056714,,,,,0.9101159224787279,0.9094225184862894,0.9104776999558695,0.9123082858620917,0.912479345173911,0.9111788111595516,,,,,0.532633328499448,,0.5320689629719366,0.5336479854273746,0.5323870038546561,0.8443241857841096,,0.6320775028894323,0.6306631947492007,0.6319203425639883,0.09822489026435184,0.6425099687485423,0.6436484883362575,0.6435880839513225,0.6432134667180677,,0.6449938899015354,,,0.6439282089701873,0.6424073944015379,0.6455942424303447,,,,0.6450714117978936,0.6459255018423614,0.644567239531856,0.644754792962169,0.6447194690043656,0.6446296801481662,0.6463388225536758,0.6460867931259481,,0.6460512503840691,0.6431867034957267,,,0.6434817872010212,0.6466555785137245,0.6433811856562649,0.6451301729147979,0.6440875327152047,0.6444245813411383,0.6457438821648761,,0.6435149059152019,0.6425848304263831,0.645304615669365,0.6450171545025374,0.6445996824410427,,,0.6444112658910764,,0.644163437789906,0.6430516081710468,,0.6443622336879545,,,0.6461788433122906,,0.6452283576591686,,0.6452031499901398,0.6432097950065738,0.6453911410458599,0.6454887592975393,,0.6443161053857998,0.6449600907382328,0.644429953755927,,0.6448543328377938,,0.6451922689689997,0.6456065319037892,0.6446359256744278,,,0.6428159487078219,0.6456078016576974,0.6434231049059973,,0.6453230206069894,0.644955995286192,,0.6452402577582281,0.6463592029955112,0.6444866758756344,,0.6453954696193892,0.6442600458567198,,0.6445843462522891,0.6437392296160825,,0.6465617516399319,,,,0.6456066465065047,,0.6439441570989025,0.6456266389675794,0.6438266580349209,0.6462760049709266,0.6444997485098226,,,0.6431877834949069,0.643215603057818,0.6451123477092862,,,,0.6436600193136559,0.6431721433618567,0.6447875520884832,,,,0.6447270188273023,,,0.645915812617492,,,,0.6444153253429425,,0.6446828932278804,0.6456083808845937,0.6438200405118537,0.6460341614921112,,,0.6445172600140934,,,,0.645242387333614,0.6466036775606242,0.6441384681393001,,,,,0.644126806618834,,0.6441209485612103,,0.6444531248368232,0.643788116350555,0.6477593879801736,,,,0.6446212873411947,,,,0.645708002691723,0.6458878553202341,0.6445444487002239,0.6456606399821402,,0.6444250361167557,,0.6451144695628719,,,0.6446992140869306,0.6427773706346875,0.6436561709006184,0.6444145586300953,0.6460155144330958,0.6454940439092496,0.5924970380704022,0.592704283297607,,0.5676884837091031,0.8441108059254202,,,0.6124496770133472,,0.8345730702621086,0.938274639151912,0.9385741275755695
7,5,DG_10pct,20,Z10_F04,10,SLG_A,175084,182015,True,3391.5061815753693,3375.7650034388544,3401.8145582171555,3497.820916451148,3471.929356764936,121.36256642453729,135.17650257411827,3967.2765635877845,3992.2815959452523,1142.3459632426188,1153.2939061525628,539.3493975178984,173.3041603866743,78.97033816845283,75.67184880923696,121.60504442821079,131.70660323645743,25.83593378022844,274.51300388485015,465.11113619335646,0.7710704887690597,,0.7711139543777964,0.7786055818803255,0.8616549804504925,0.9539407939509041,0.8422267051947278,0.6534770277743482,0.6549180506968811,,0.8234764657292133,0.6423930952112711,0.6419644701915683,0.6405369849820111,0.833303052359162,0.834634194248826,0.8325075609882016,0.9460132740235112,,,0.653955838557433,0.6575340534089924,0.6553737828693057,,,,,,,0.6589015939739719,,,,,0.6590972923647337,,0.627560507880505,0.6290284633467645,0.6304948867745861,0.6305036755864407,0.632101288457351,0.6306049627606324,0.6316928650024569,,0.6314483023585907,,0.6316389319784909,0.6325621898079922,,0.6319830275518084,0.6304596453581471,,0.6318605872509429,0.6299684831191401,0.6318008870267615,0.6321975256047779,,0.5809664269921699,,0.8392130702391104,0.9369443204794142,,0.5722849128593047,,0.5726570716602009,0.5746055346039995,0.5731274467133164,0.573122344075381,,,0.5740700205284818,0.5758738774007289,,0.5734096762795765,0.5740150921942702,0.571224648663874,,,,0.5720529569033467,0.5718744876970334,,,,0.5732786516829826,0.596796584172806,0.5970057150766547,,,,0.5521362718767201,0.5512563211165005,0.5510361110528258,0.5508590829250618,0.5509872010363338,0.28694234768263843,0.28787290698907414,0.2877101904378386,0.28775597763205935,0.2879821264835994,,,,,,,0.28732328177539934,,0.28738853011979043,,0.28711499166073656,,0.28726704638729855,0.2880634088405797,,,,0.28763895689170565,0.28731655432174025,0.28685198879309026,0.2875310105699411,0.28845893187120214,,0.2874654862855121,,0.28762592988770563,,,0.2874873584598234,0.2873194789278512,0.28789255984570133,0.2883202270228054,0.2874393301029444,,,0.2878683229323722,,0.2864091086421994,,,0.9143244752393511,,0.9131419690660993,0.9164171999514437,0.9130851870682504,,,0.9124174699033398,,0.9157036690861903,0.912266113744445,,0.9153926297314757,,,0.9173042499177534,0.9141422409046899,0.9160783141896676,0.9139020903738982,,0.9145942547642015,,,0.9144204840460538,,,0.9149917736165347,0.910580989312177,,0.9126148883753974,0.9138960057237985,,,0.914149919158498,,,0.9132997793826747,0.9124151029158617,0.9131757231696666,0.9122755268176825,,0.9142441282346953,0.9147386218677034,,,0.9036803379735713,0.9069839307611757,,,,0.9072497604502927,,,,,0.9052826354840285,,,0.9054027158240366,0.90865496624322,,0.9073406534676344,0.9060804624223211,,0.9074438367656307,0.9064876421138249,0.9039394122770075,0.903927644923693,0.9059135968264291,0.9053367981956806,0.9052506594046692,,0.9047065836526695,0.9057020024210444,,,0.903884236040887,,,0.9032946765796669,,0.9075686938419669,0.9081806173588792,0.9070189083073749,,0.9078333292890478,,0.9073039945325978,,0.9073974160752389,0.9063704209372618,0.9052641611435577,0.9048528221843201,0.9082027735003064,,0.9053481967583326,0.550948124606504,,0.5516751714266758,0.33175062080522233,0.2630928742299058,,0.5476019040256633,0.5489699800729259,,0.549034272317863,0.5490145305750095,,0.3589717701379605,0.35768332559899124,,,0.35758600154060427,0.35830172623715906,,0.35822659913216354,,0.3598258613430503,0.3589720038015899,0.3595905702075345,,,0.3581455312551339,,0.3584445900753286,0.35890057209661413,0.359838925923838,,,0.3577153537149014,,,,,0.3583766862733629,0.35739743006670666,0.3581686703761751,,0.35802704286581194,,,0.3594749561943238,0.3584014443601386,0.35874348596609634,,0.35781254764881715,,0.33984771489586885,0.33916928733974705,0.33939056570605736,,,0.33949654535905505,,0.3403511673432854,,,0.3405524026254631,,,,0.3399388755701332,,,0.33992209218135855,0.3396306962437432,,0.3405953043606641,0.33968820757799345,,0.33996253621744893,0.33951774393194445,0.33964198927433187,0.33950682387809183,,0.3402832826290197,,,0.34063489696171145,0.9175449770427581,0.9166162153591971,0.918671612311622,,,0.9174665209957005,,0.9198329909033927,0.915740861450925,,0.9150180262678257,,0.9173136071500635,0.9142400400309718,0.9161584086835726,,0.9150446919544221,0.9166344097485052,,0.9171015810402232,,0.9170633089466317,,,,,,0.9157365048919603,0.9151974056715575,,0.9163914690434345,,0.9143325982308446,0.918443133215594,0.9156579322027426,0.9166472464578306,0.915669372478006,0.9199176075691393,0.9174270269898163,0.9196170639691215,,,0.9173540077287059,0.9168262701739234,0.9194180769714011,,,0.9147774107259532,,0.9157683215903545,0.9169283920066366,,,,,0.9185335444328614,0.9170450945180296,,0.9174071416842393,0.914180919914432,,,0.9158137900063703,0.920060472009381,,,0.9168888672802489,0.9147460234750026,,,,0.9193726215584072,0.9178259316496794,0.9179903632221678,0.9145425013165037,0.9169215534338091,,0.9153375214458538,,,0.9164774309033239,,0.9162052372568713,,0.9154517603319695,0.9165924964562984,0.9078352595738071,,0.9099271289687172,0.9063806916181504,0.3696977304992668,0.3689309035658823,,0.36986957582124214,0.36881991642894396,0.5812910700385311,,,0.5810486070111389,0.5811225945993007,,0.27021820023054177,0.9109268085650306,0.9120728526554877,,,,0.5351769611794683,,,,,,,0.9189064701293052,0.9184337757758125,,0.9432593206062844,0.9176295785041371,0.020076792976175283,0.9481569111775677,0.9134711718927746,0.9550668663856109,0.9540090483061918,0.9515167446766241,,0.9570172957018819,0.03338961150959306,0.953890365350303,0.9084366329460483,,,,0.5375010578071877,,0.5377108127439274,,,0.5380528642631532,,0.5360129880058536,0.536839569976945,0.5385298753365503,0.5369521343167825,0.5381612317673222,,0.5371138302170823,,0.5371047765042903,0.5382307326178672,,,0.8966007057552571,0.898508501289696,,0.8989258604376409,,0.09393293437989318,,0.0940122491739532,,,0.9813040209518918,0.9805057214783912,0.8957175332022885,0.8951090770353368,,,,0.5472888180746439,0.5470803348372884,0.5455299532531551,0.5448206341732209,,,0.5484189439637721,,,0.5475715235727627,0.547491544554147,,0.5457538490957512,,0.5481278552403501,0.5469860704426387,,,0.5460155558226111,0.5475314949481347,0.5468780044361273,0.5460770727642223,,,0.5464165039775793,0.5465352455625067,,0.546916111172203,,,0.5468777609824947,,,0.5470875576930001,0.5477522658499363,,0.5478127620392148,,0.5470119685268291,,,0.5477829513147363,,0.5475004482217887,,0.5469308555650954,0.5483553782242371,,,,0.549091622911597,0.5470992449743135,0.5476340978336206,0.5485587356471051,0.5471816443811136,,,0.5487894747905477,0.5457504024949273,0.9073268107525705,0.9053870203580809,,,0.9061305067191612,,,,,0.9086751491153282,0.9048592948815741,,0.39973416631341324,0.3990568773270894,0.400127092866519,,0.3985552403376992,,,0.3987953723027615,,,0.39924038460926303,,0.3984450048674092,0.39963945895064074,0.3988462279278568,0.39912746740874827,,0.3991982319116779,0.3993282090598498,,,,0.9091591661128662,,,0.908620349898135,0.9100650343265354,0.9153838841607836,0.9165311674348554,,,,0.9161899953358034,0.9167762696808124,0.9166596842361847,0.9132330880129942,,,,0.9176016637557768,,0.39907376392400135,0.3996988806544139,,,,0.3984378765675309,0.4003683087740989,0.3991173410091213,0.39941272927382426,,,0.3984890586402813,0.3950831024494967,0.3982796672098851,0.39777753979851194,,,0.9183944470621843,,0.9153454383620008,0.9152478066283017,0.9157766616720906,,,0.9066731753944516,0.9088127713037982,,0.9087841754299648,0.9084616281810349,0.909857902828062,0.9070482040400981,0.9097080556134404,0.9063597702126701,,0.9058047229791099,0.9094714805252843,0.9084549024759838,0.9087051021585953,,,,0.9094474352013064,,0.9066789316846913,0.9069463769114431,,,0.9098842379809226,0.9058011963798689,0.916221103242977,,,0.9171701789181455,,0.9150359764256184,0.9193634747752583,0.9141683640456236,0.915247743937256,,0.9117322612422112,,,,0.9154097598979131,0.9174149779057019,,,0.9133066899621975,,0.9153946687784001,,0.9186401962207797,,,,0.5122236508317669,0.513604913609045,0.5112517863472622,,0.5132148195533243,,0.8406530938094562,0.8341086914895472,,0.6420430229014784,0.6412085619112878,,0.6559756784781946,,0.6552416882122675,0.6546696871602474,0.6563309360974305,,,0.6540812481103696,0.6551547668950037,,,0.6550296911659108,0.6556168963550671,,,,0.6554878710156931,,0.652770969068545,0.6549135765388705,,0.6550972343370437,0.6560806228685563,0.6540898027128206,,,0.6548476463389336,,,,,,,0.6539414564349142,,,0.6553257852212055,,0.6586374171799626,0.6573284851003931,0.6551527585000605,0.653856742377414,0.6563955700650724,0.6568325239638024,0.6544248042675643,0.6552416897696605,,0.6549687422468009,0.6550024433288232,0.6551953326861913,0.6540004485291125,,,0.6543306084223957,,0.6552343999222913,0.6568957907236518,0.6571474860012391,0.6567216518785786,0.65480242858268,,0.6537402809672423,,,0.6546396178741702,,,0.6562874133649873,0.6546743897101095,,,,,0.6570150297090472,,,0.6561556062428695,,0.6572630262206003,0.6555089891691172,0.6555312795507198,0.6567506868717925,,,0.6546964689245579,0.6572888555457301,0.6547721103651883,,,,0.6569262758221749,0.6572465810533796,,0.6553447940075242,0.6544215981427812,0.6550618723994753,0.6557536284912521,,,,0.6550526071134476,0.6558437615522605,0.6539226826816199,,0.6533181973598363,0.6560599432490531,,0.6568173336641301,,,0.6561580682453079,0.6564590557206239,0.6567956536936089,0.65552909259656,0.6558904842584334,0.654672010394861,,0.6572988218732085,0.6554529014630903,,,0.6559752740297827,0.656377765990611,0.6539980897345476,,0.6553851579043691,,,0.6561270976406076,,0.6556084097699114,0.6555926689720027,,0.6556880104277749,0.6553564114223329,0.6558804307114381,,,0.6566127451482525,,0.6555284289378271,0.656587983479287,,0.655821821623343,0.6564161065178286,0.6543652733795478,0.6559653740726052,0.6543916179298683,0.6559189816399023,,,,0.6552421987470628,,0.6548457234749924,0.6568909664798785,,,,0.6546833123541501,0.6565054233699624,,0.6567970598473312,,,0.6565991752422967,0.6553375316915567,,0.6040336715292758,0.6051003270076325,,0.6019082823832016,0.8380815659872463,0.9377675533595782,0.642624554988427,,,0.8346322277819586,0.9486880749379456,0.9427358158646434
7,5,DG_10pct,20,Z10_F05,10,LL_AB,175081,182012,True,3980.409410235031,3948.3348492568825,3964.5806345625015,4000.86476006813,3973.5449293486927,95.96015316630847,109.57684656392094,4209.617670049506,4244.090676470787,837.3656880160516,838.4681448994975,391.71354370350036,124.2147618725478,71.2517660351269,68.85615458859122,96.23194936641289,112.08596756981557,17.713667756785178,230.06954314595555,433.86045385452627,,,,0.7850005269800648,,0.8377108003387747,0.6630665787189594,,,,0.5725422978971089,,0.6505018347837389,0.6513028219064317,,0.5801813026279177,,0.7781899500497146,,,,0.5821093660072312,,0.5811949891841374,0.5828367390232608,0.5815407078114817,0.5775666947363163,0.5776353075938492,0.5762501712250756,0.5850565869071059,0.5838715768012227,0.5848599693880338,0.5833102901674585,,,0.6166688779808702,,,0.5348111557683243,0.5266782142029075,,,,,0.5264695845742652,0.5269105102098874,,,0.5266895340527498,0.5260990486672845,0.5265353584863955,,0.5265702468643009,,0.5268603949808892,0.5275255454393807,0.5278573615125959,0.5855756677639323,,0.5209854366510827,0.7584206964325735,0.5773201257385012,,0.5774730174365751,0.5784404146643146,0.5785638212309169,0.5783548203785129,0.5762691451363392,,0.5780504526656934,,0.5788855695108293,0.5788478964642749,0.5787081129160369,0.5784449229767172,0.5786741846490283,0.5767897383160878,,,,0.5782579098014013,,,0.5759020223731625,,0.48120163821372874,,0.48226610937607867,0.24341837005499734,0.20463705232688567,,0.2038113600062084,0.20416313446498308,,0.2043731223347852,,0.26662281398693644,0.2663559150703803,0.2655487155533907,0.2657301995614631,,,0.26591173606518687,0.26540132493611285,0.26512812936961344,0.26585957777192637,0.26586925784230636,0.26683406386250236,,,0.2660071348747925,0.2653495299635243,,0.26574762082600045,,0.2650645633949024,,0.2659563814375283,0.2652854147975744,0.26583732414780803,0.2657713374500532,0.266181488566342,0.2662876567246902,,,0.2655084498067465,0.2661803620278166,0.26509591257494597,,0.26629907391918667,,0.26556855378767047,,0.26610120531861564,,,,0.26568204084382224,,,0.7054131558584963,,0.7047793352577201,,,0.7093112130935173,0.7068040800467025,0.7069163002006248,,,,0.7060670947729784,0.7074190612097578,,0.7044578310514266,0.7060699502899458,0.7052096236573914,,0.7048461816957087,0.7048291317321815,0.7068976017033533,,,0.705968777053032,,,,0.7037634654964859,,,0.7042303438422125,0.7055770451001336,0.7040374900543226,,,0.7070799360405755,,,0.7034805581788794,,,0.7044183477968492,0.7055111566545841,,,0.24437447174829863,0.24475213181631847,0.2442577510986846,0.24471598205000272,0.24428850608771194,,,,0.24456054229346139,0.24456778717736213,0.24447192275272525,,,,,,0.24375788650783348,0.24407606724640177,0.24348676455001184,0.2446940319671144,,0.2439691913975493,,0.24398717941765813,,0.2441618138055562,0.24421707311451352,0.2445998433471714,0.24434899612254057,0.24417344301018173,,0.2441451302346519,0.24438255183072793,0.24421762706479655,0.24426874975944768,,,0.24510553770145885,0.24473554075766366,,0.24383346285266003,,0.24417905495923894,0.2448420665948307,0.24408100111172917,0.24331340590920592,0.24401345421437612,0.24421059610785714,,0.24485701532789123,,0.2359639369469789,0.23559944303669195,,0.3075985861967994,,,0.19195132224178893,0.1921349482498353,,0.19136906515983151,0.19210190347280293,0.3322039772960508,0.3324901195942978,,,0.3332790837226116,,,,0.3326593418104882,0.3330801554139317,0.3327315748410548,0.333303555677061,,0.33294575186591807,,,0.33331349219098283,0.33294441240458206,0.3329449315494638,0.33312903055876225,0.33346656651901574,0.3344683417815866,0.3326632010175051,0.332212897297869,,0.33189460306920976,0.33196239282022416,0.3329786070231106,,,0.33124600210489413,,,0.3330702604700202,0.3327779676546489,0.33392062088212815,,,0.3337156755425232,,,0.31483878976042967,,0.315180651986774,0.3160283290663604,0.3157826794072168,,0.3142178422604727,,0.31511550560512963,,0.3142218877207245,,0.3155653863682458,,0.3151943894574529,,0.31576324449046755,0.31529387616666277,0.31559339782265233,,,0.3146286557505242,0.31475370957028714,,,0.3156250289977358,,,,,,0.7193981517674883,0.7192620462293369,0.7183803616742792,,0.7190745502393137,,0.7189877998871713,0.7220119484797277,0.7207871349348884,,0.7185301282880521,0.7169749465673745,0.7161413547612109,0.7151042142560357,,,0.7176046294744057,0.717458933219824,0.7162531115660495,0.7181006507540528,,0.7145392009983083,0.7145536759038721,,,0.7157779783475405,,,0.7198027857645858,0.7185672398993492,0.71873819706132,0.7175730172927229,0.7189718352725628,0.7180427721752097,0.7196884048406642,0.7175963131583879,,0.7180668130837797,0.7175753725480554,,0.7172949005302652,0.7210766506304096,,0.7188277113212511,,0.719519939683871,,0.7200054946444735,,0.7190165255997484,0.7197268625872951,,,0.7208892303352076,0.7192513847350053,0.7188561961727881,0.7175455632213541,0.7149040347031654,0.7184300290400858,0.7167065547765153,,,0.7159056906550791,,,0.7171492572891498,,0.7165586828747703,0.7166275705102799,0.7173477813937357,0.7171573088945344,0.7168256928983748,0.718472966692019,0.7175055166871881,,0.7165373533649153,0.7162837968363065,0.7176304023482979,0.7168963350397899,0.71704464758575,,0.7192013744217993,,0.7188097777693582,0.7179901813966666,,0.330354313621338,0.330530684198276,,0.3299377164087454,,,,,,,0.2795061213555248,0.27893866771362286,0.27947014473741444,0.27987803513551623,0.27947333511357164,,,,,0.1935427415056304,,,0.1893394218792297,0.18939377835528629,0.18442155146355765,0.18390376388129184,,0.07176515295651033,0.05941436114345738,0.7375030195931954,0.02856075483927509,,0.7275277086266106,0.04553274638290462,,,0.0560698810756299,0.056001530724405536,0.05600769708071139,0.05597742140513685,0.05589551774846882,0.06122417753322427,,,0.07432957958280456,,,,0.007106534156829387,0.0071255399350530135,0.007104073738367809,0.00711288074523762,,,,0.007127421152128184,,0.007088006018240552,0.007115615497048482,0.007105425770957614,0.007102300166102972,0.007119225070817964,,,,,,,,0.678851923610562,0.13299490806321934,,0.13294895352060973,0.13331353845636143,,0.1274954992742943,0.12775775562722516,,0.6580041690231527,0.6597318075403727,0.6585885662066201,,0.007245436544519099,,0.007236395687739875,,0.0072531082235639905,,0.007222174889638237,0.007242263004930946,0.007242911180739432,,,0.007255361628183431,,,,0.0072472386488873445,0.007242183257178447,0.007249758113414274,,0.0072574478994255195,0.007259747620709484,0.007243804808099353,0.007246125406818116,0.0072388855424630584,,,,0.0072361581770550715,0.007249605520353975,0.007226614957864048,,0.007243141147895934,0.007236136426157629,0.007264803942838231,0.007233143037393479,0.007236045732040033,,,0.007235791021836719,0.007258164214248468,,,0.007234758995902126,0.007236982502212208,0.00726238994199496,0.007268640848375161,0.007246643239236654,0.007241623670085324,0.007255393062310203,0.007258186418279276,0.00723040809856434,,0.0072497400474911666,0.007261516566645905,0.007252406101289753,0.00726642852969746,,0.007257122792868583,,0.007266637214362324,,,0.359812294892963,0.35914374090141404,0.3588689016494012,0.35883471811407447,0.3595873959928133,,,,0.36123428145680736,,,0.37256391630327057,0.37093683538090555,,0.37264651432778484,0.3720483963883972,0.372302049794772,0.37309256185331013,,0.3715535688685606,,,,,0.37057609610206804,,0.3707758331358755,0.3712928698917068,0.37086755624052015,,,,,0.35932623372293593,0.36000486443368157,0.3600124194371262,,0.721330119090638,,,0.7233010953410856,0.723825400421435,0.723961144724351,0.7250881392826851,0.7242330798098475,0.7229953157628288,0.7241160529676328,,,,,0.37107600951670605,0.3719210597522786,,0.37117916294626185,,0.3708123847077801,,,0.3726632973773568,0.3722505879648427,0.3708903599891313,,,,0.3716222623285773,0.7269518001518622,0.7238613758130372,,0.7255494631352534,0.724290123336746,0.723670153263781,,0.3593131090252483,,0.35978205859424134,,0.3608116459651088,,0.3594957836566104,,0.35975354505915835,0.36056007012662206,0.3600005899279279,0.3588189053492891,0.3595324101456236,0.3595055437569182,,,,,,0.36032482226813095,,0.36066855809989445,0.35938101551837726,0.3597092807333325,0.3598239550366494,,0.358928919746526,,0.7235387130819164,0.7265775910599401,,0.725873119030267,0.7265830748816706,0.726703369983689,0.7254046735996597,,0.7260402256768171,0.721279026142357,0.7231561663880912,,0.725198100135523,,0.723513766122944,0.7251380454065592,0.7242145188767593,,0.7243439700634585,,0.7258287790142889,0.7248009878713608,,,0.725108461379815,0.0598948013789821,0.06016348551476841,,,,0.05993611991533623,0.541984634921023,0.5991129006675429,0.5398807614500496,,,,0.5817956753797019,0.583022797713415,0.5843477059298228,,0.58262839074162,0.5833515792734619,,0.5819041643720018,0.5835680262357849,,,0.5848229476839814,0.5830110981277549,0.5844544854645857,0.5845441500296272,0.583512135383712,,0.5858433846284318,,,,0.5822130001343001,0.5829963695456156,0.5839504982666269,,0.5833012142764059,,,0.5822356575747263,,0.5849233083207528,0.5833400486675813,,0.5831567013054385,,,0.5842093805147023,0.5840381035232757,,0.5844933984048455,0.5835622058791944,0.5832151418902076,,,0.5832792271850832,,0.5848249300841444,0.5845382095928746,,,,0.5829545954365817,0.5838934038166769,0.5844742435012394,0.5836179809605567,0.5832759436689717,0.5852652693434167,0.5831587514586392,0.5837826417091349,,0.5814188551363592,0.5830905833548652,0.5827475925178394,0.5834802779856152,0.5823262636320343,0.5828818691409392,,0.5850035211369914,0.5833947810446163,0.5840413778898954,,0.5837061424926651,,,0.5834087324850977,,0.5830929709146403,0.5826536949931154,0.582512778293785,0.5824914708860602,,0.5814576649277929,0.5831535071436474,,0.5835727227228247,0.5835886876430038,0.5834392082119637,,,,,0.5846195675270576,,0.583340906279406,0.5831345432813928,,0.5813733555878503,0.5825829248834986,0.5827239848230109,0.5814884526108829,0.5834217959367667,,,0.5838588486008282,0.5831865334989522,,,0.5830117085282553,,0.581091270777357,,,,,0.5838087842662647,0.5838456006748385,0.5824807963929877,0.5828892256339175,0.5812284448524159,,0.5839548363971401,0.5837709643467771,0.5824136123884192,0.5830851217678228,,,,,,0.5836648281525642,,,0.581971390264836,,0.5836861241748229,0.5839103736214799,0.5812603285274384,0.5833791798860801,0.5830108638607088,,,0.5830738495649702,0.5835562878702022,,0.5828706098673735,0.5853571562195081,,,,,0.5834559030038258,,,0.5834229285405902,0.5858139890025407,0.5817839899446787,0.5836042665915512,0.583332502911763,,0.5830986193022173,0.5828886806615825,0.5824189202263143,0.5831327103766011,0.5828898069532192,0.5821071487455509,,0.5838833665757847,,0.49891696388806145,,,0.6081231039891645,,,,0.6513756848725222,0.5790402481004441,0.5803680653821071,,
7,5,DG_10pct,20,Z10_F06,10,LL_AB,175075,182006,True,4120.2237921906435,4158.56154886125,4133.466631943843,4165.762906219215,4160.054997804045,99.76458949687596,116.63251558503164,4413.878830724975,4423.760830378824,784.937232765692,785.8975761505404,366.05816300324733,116.53671731378655,72.639631535325,70.10823691611601,100.67777504882663,124.51710639556771,18.329450515067222,253.3900737990228,388.07488960077904,,0.7256273534528322,0.7223837817566081,0.7752381232287998,0.7240010226070539,0.8367814981912822,,,,0.5595353459512451,,,0.6309635130159238,0.6335929418498288,,0.5620184817182095,0.5640606651202887,,0.7860184212298782,0.7835922605137541,,,,,0.5604016745092463,,0.5577393490255672,,,,0.563359701832625,0.5629465564120666,0.5643511977018499,0.5628308055539699,,0.5958186398084949,,,0.512815013098349,0.503877378683665,0.5034695048575897,0.5026775768356471,,0.5036635974868368,0.5046545544258214,,,,0.5048007980626753,0.5033294760112048,,0.5041443258497682,0.5037886339678562,,0.5040837528636132,0.5027562798822385,0.5035276656275989,0.5615631307634898,,,0.7675034531424756,,0.5543940692440653,0.5545576243682527,,,0.554336412896725,0.5537770220577826,0.5552750278515974,0.554274399784982,,0.5545133323746513,,,,,,0.5538737298190654,0.5545421606685369,0.5546060950779961,0.5549818593561766,,0.5552134031062921,,0.5551572797242975,0.45365185276258735,0.45467950209056396,0.4546840512562572,0.2253453183054278,,0.16926493332955703,0.16896837668895362,0.16885289507609916,0.1692150322187576,0.16898391871743818,0.2231053304647515,,,0.22498970897217127,0.22441294748011756,0.22386536427626058,0.2241985308187843,0.2242018147401279,,,,0.2238475999113537,0.2245984702778307,0.2244560538088921,0.22353096203230768,0.2243806999641706,0.22435687362174844,0.22406266700553187,0.22407408553745328,0.2237604050734262,,0.22380522183782336,0.22360743312252748,0.22393335646063278,0.22450246164203516,0.2244516440265243,0.22403577274278663,,0.22395124034221764,,0.2238212401915397,,,0.22368923892704198,,0.22444188307414614,0.22360214899511366,,,0.22374596998155996,,0.22360449863632753,0.22419869647007099,0.7239058341480673,,,,0.7235686826199949,0.7230800505325291,,0.7253184909829947,,0.7251778468424119,,0.7227159769417478,0.7229579278969717,,,,,0.7246240758098211,,0.722628780505456,,,,0.7230988291656292,,,,,0.721248460708151,0.7241294845442899,0.7227897914751772,,0.7211915412318605,0.7239131819077227,,0.723573222917075,0.7229307461065935,,,0.7241829961290495,,,,0.7233058954002759,0.7239525027527389,0.22562969004640118,0.2268439188345667,,,0.22554928172636346,0.22582242278712616,0.22572348138584292,0.22701241848790873,,,0.22604380571199234,0.22553132107559576,,,0.22608163042914534,,,0.22606022145428836,,0.2266657543291825,0.22570540956225127,,0.2259583603906181,0.2258026911819844,0.2262129752850035,0.22634126018174283,0.22607066451634458,0.22621150791764874,,,,0.22538274411413875,,0.22601558790333712,0.22673238863473538,0.22665002956883196,0.22604267542474588,0.2261051626305307,,0.2264796691714183,0.22597083638097304,0.22589555796235966,0.22587993845168783,,,,,0.22568219798713182,,,0.22586174435645676,,,,0.20254600707624745,,0.2687939627741397,0.19971892378697484,,,,0.15574851298652304,0.15609322572740053,0.1557190215029895,0.2961803236863401,0.2959873796191278,0.2963370574721992,0.2970773158434506,0.2969722760778043,,,0.29672591855127073,0.29777775542407714,,0.29706523187340284,0.2964649934833809,0.2968936006625454,,0.29714757662407687,0.29602104047256433,0.2962877741030802,0.2962485009170867,,0.29655674285731265,,0.2966404684254102,0.29623822624074975,,,,,0.2954560169330567,0.2959005696764934,0.29638620185401526,0.2965340396053558,0.2974678570111867,0.2966509259446209,,,0.296622546182604,0.29730244818497115,,0.29647604565773317,0.29591676049944116,0.27734602661340035,0.277499960093957,0.27778060472712574,0.278067171824869,0.27781166642541655,0.2780514806214884,0.2776052969937333,0.27764482098170873,,0.2781076492701363,0.27832370707379867,,,,,0.27717854351883636,,0.27768278640426775,0.27751305253423736,0.2772803659807241,0.2785877958184773,0.27751301951676216,0.2771288594579769,0.2772259096241992,0.27669899987897634,,,,,,0.27748243823717217,0.2782354322914827,0.7335650022336239,,,0.7302298969597822,0.7328047850500959,,,,0.7327088397294554,0.73444372146025,,,,,,,0.7345961450472009,0.7312823700328567,0.7309328168289115,,,0.7336943131540548,,,0.7312566829068391,,0.7334710191268751,0.7333299451268668,0.7325990139980464,0.732385650021118,0.732565471235344,0.7326590490922712,,0.7334686910348189,0.731747195084792,0.7318114855942905,0.7339712497767009,0.7343918594500677,0.7353143361346022,0.7316956146098549,,,0.7311894683465702,0.7344230382013863,0.7330666349336072,,0.7346375624048747,0.7311890963020651,0.7367630302319005,,0.7336848829291256,,0.7319549951805512,0.7341399101164168,,0.7324058343267499,,,0.7328911752530349,0.7322805160517449,0.73056244427299,,,0.7319078421315091,,,0.73036641145376,0.7321379775712422,,,0.7317444794980392,0.7324484673523346,,0.7345928273723732,0.7315305774164882,0.7313734741773664,0.7324591349469866,,0.7318920406758425,,,0.730044854026302,0.7303287208746004,0.7317671000409873,0.7321532526437616,0.7330409717720398,0.31543830296916653,,,0.31609012145460585,0.3078473422407037,0.3074205087069827,,,,0.2504094769662165,0.25012174847149177,,,,0.2501727904164028,0.2039956609252284,,,0.15738128482833882,,0.15734428759207808,0.15376038460385502,,0.1542654353268821,0.14986328109683777,0.14969713645425603,0.15001751982135014,6.530985132994202e-05,6.75721840118538e-05,,0.05840939069950696,0.05594091464122458,0.7321189467508638,0.07427658516269674,,,0.08647750000680217,0.08627511647285264,,0.08636970833968013,0.08641982121947614,0.08878359602257582,0.08641836643261433,,,0.10382899776640779,0.008433254035913067,0.008430394626017683,,0.008429888508602101,,0.008457548571513285,,,0.008434041484990482,,,0.008422611986091564,,0.008414158636197778,,,,0.008416152225559538,0.6778489030359822,0.677224493395165,,,0.6772690226577558,0.6887499544975009,0.1565432387939358,0.15623392835001187,0.156184313642679,0.15626281512718923,0.15302990188579552,,,0.15305596439791253,0.6686979006130871,,0.6678733879295587,0.6685954266075216,0.008599244705076189,0.00857227592271665,,0.008596307749843206,0.008576505293137601,0.008597677649079183,0.00859353102189812,0.00857932205326838,0.008574065020478324,,0.008580389777960629,0.008613407222153202,,,0.008599909654556055,0.008588711344319884,0.008606388104635139,0.008582630339056367,,0.008597877093934015,,,,0.008597833768108711,,0.008587184185169456,0.00858248451272555,0.008571546902078184,,0.008592863754031187,0.008587299014197077,0.008585892108544288,,,0.008584393484708503,0.00856846137472354,,0.00860634606075313,,0.008569491120956521,0.008577901927029934,,,,0.00858932030651419,,0.008604804736265922,,,0.008585701520132062,0.008610968421184336,,0.00858766374667132,0.008601992165902878,0.008584048303535551,0.008627722364993616,0.00858499735285848,0.008596363010753666,0.008592506148539993,,0.3459395812090843,0.34652820035827897,,0.3459396020595072,,0.346436620480932,0.3457805798824987,,0.34686887537224953,0.34619339055171844,,0.34717896512039526,0.33871863045257444,,,0.33912919974312306,0.3388292368737364,,0.33927473493834404,0.33956069457332194,0.3383845801763537,,0.33940371785858187,,0.33740978656908566,,,0.3392737970009745,0.3386035402639128,0.33802986143216207,,0.34693923158163936,,,0.3471343439001137,,,,0.346924094184014,0.7368188174143545,,0.7369815607793077,0.7354109744658228,,0.7368467548675636,0.7353626841452265,0.7370673418426954,0.7371197346592777,,0.7354558629328609,,,0.7371716667511148,0.3381039013899863,0.33782968931013163,,0.33777863350190246,,0.3378086144537123,0.33917408556030115,0.33887864533674167,0.3400036957690629,0.338592250929337,0.338541921945523,0.33832612127312106,0.33464035331301717,0.3380246140434931,,,0.7361519109270334,0.7375202866196537,0.7381002891562495,0.7376231849872747,,0.7367694323822823,,0.34669735435194154,0.34691967017043096,0.3465669345834882,0.3470974725712823,0.34625327947953616,,,,0.34672304346015337,0.347843395874764,,,0.3467825733942846,0.34718361956349036,,0.347494324997922,0.346335799041697,0.3458508681166325,0.3463332236037336,,,0.34681833852665184,,,0.3475900540354859,0.34724820332584994,,,0.7389506816242094,0.7379568607503518,,,0.7384060776336976,,,,,0.7359253956526014,,0.7381055648256801,,,0.7357647287735484,0.7374246681678382,0.738044431827662,,0.7366750229481001,0.7370557121165389,0.7378196877985085,0.73976141835556,0.7374090618172309,0.7368938266750971,5.958006190937337e-05,5.950301500945922e-05,5.934779553843147e-05,,5.950073146638043e-05,5.941659201454021e-05,,,,0.5172380153540229,,0.12561254477004363,,0.5614497904887353,,0.5627941067873732,0.5627785067571094,,,0.562774608561057,0.5625099399472656,0.5612576486824788,0.562624543239547,,0.5614753020347131,0.5619755940859407,0.5621685516543649,,0.5611127750179881,0.5611520529485691,0.5637446942252069,,0.5627137386529145,,0.5623297850417103,0.5625913995643939,0.5620760346891371,,,0.5622538847761684,0.5620415526120083,,0.5637421976640583,0.563125478519868,0.5613020333223658,0.5633140985411002,,0.5635575066757589,,,,0.5607481245885821,,,,0.5611134133583604,0.5625898135962851,0.5624009397212123,0.5632011730473011,0.5629119674858261,,0.5615745136325376,0.5613071312766393,0.5622774256699289,,0.5628626253895266,0.56165158924707,0.5635158241646704,0.5608771319624497,0.5625543793419223,,0.5630267943640138,,,0.5627591921009271,,,0.5620860447330746,,,0.5620550039614146,0.5628183071967756,,,0.5597816130582786,0.5600777528876388,0.5623654830344874,,,,0.5625206052868909,0.5629191804779529,0.5630338211595108,0.5612469997329246,,,,0.5626199274090418,,0.5608306793111618,0.5623670955272209,0.5619707754364288,0.5615383376850922,0.5620695280325035,0.5617069294874683,0.5633142506346848,,0.5634220682365202,0.5633674312442211,,0.5617455018343486,,,,,0.5632842493211877,,0.5630475170469296,0.5621066308780613,0.561892769713321,0.5628666361664456,,,,0.5608124697784317,0.561745648785467,,0.5626570143144823,0.5630683931909718,,,,0.5629464660019871,,,,,0.5610822976545913,0.5608931449090181,0.5627882416945204,,0.563697720231816,,0.5625323177762016,0.5617076383289353,0.5628997459710746,,0.5616095031852415,0.5642916788785537,0.5624994549277883,,0.5617726528648612,,0.5623609582925069,0.5617552618496552,0.5603679597873367,0.5614629770781204,0.5603958549738185,0.562220352732135,,0.562591498438875,0.5630025716303279,,0.560897862464309,0.5625687844714223,,0.5632525596205596,,,,,0.5639261276837657,,0.5632241729740183,,0.5628303661826128,0.5610472305400588,,0.5615983974787304,0.5627784209525956,,0.4718146583624596,0.4728025130112839,0.5827461884895555,0.5247048564767556,0.7731257234999473,0.6310092270313513,,0.5622475957688738,,0.7833079804566073,0.7837649899506383
7,5,DG_10pct,20,Z10_F07,10,LL_AB,223585,221729,True,3981.543957344861,3939.5696245489953,3963.6940093123926,3973.0556393553293,3982.0791566124385,96.42626313089437,110.59177478315787,4197.454279733237,4239.883343575981,753.4691955954218,750.9048028835927,349.04623373567625,111.43382314829104,71.4410155103718,68.8186178705517,96.5854828680108,116.15232698086169,19.323941493326906,234.91080313887394,358.02818906626777,,0.7294760996904198,0.7311009757277714,0.7857994253017333,0.7309638395572158,0.8511787608927209,0.6604485045934281,0.5784174569802686,0.5770319195350029,,0.5708082873193477,,,,0.5756716316304964,,,,0.7998156331536802,0.7973390649009441,0.5762750214176926,0.578771258957076,,0.5764468334797173,0.5762278641816653,0.5765724121024537,,0.5726091859874592,,,,0.57754704133302,0.5779429928594256,,,,0.5279365626677572,,,0.5191656588451439,0.5209379667580205,0.5195369737815962,0.5203369104533363,,0.5210023829483464,,0.5216720886976159,0.521898794259532,0.5209341867811441,0.5219247695470964,0.5232467848773832,,0.5220898148140165,,0.5206673805503123,,0.5209486207138443,0.5861234649358463,,,,0.5808350198385156,0.5814527880825292,,0.5810769690597661,,,,0.5799693548119238,0.5804940777810537,0.5795409949386572,,0.5804758924437339,,0.5797815754543969,0.5779715890749231,0.5799887669175292,0.5794317485199117,0.5799946704203959,0.5793084682057796,0.5805596697858343,0.5806037326938226,0.5802232264557748,0.5793345414939739,,,0.47426873044398155,0.4736009634737342,0.25518642848616685,,0.19631100492261833,0.19580803070996217,0.19600569418121563,0.19645852116866724,,,,,0.26694778724830875,,0.2680948513982611,,0.2673538060609325,0.26825698757795596,,0.26700621448249007,0.2678117787299201,0.267673721020879,,0.267969961173582,,0.26680925655040477,,0.26752422791637653,0.2678889835025246,,,0.2674058969041508,,,0.267233577150366,0.2683056054748208,,0.26778472947732845,0.2674558924877678,,0.2668759797808328,0.26622223233727127,0.26791272354053963,0.2674472084516883,0.26790866914628236,0.2659363982082644,0.26674098814485814,0.2677034905453712,,,0.2669911542159748,0.26759885973621356,0.7462639024002601,,0.7444252099366603,0.7446560122763072,,0.7444132198728227,,,0.7445279506256464,,,0.7456069306941161,0.743933411477448,0.7446089220591842,0.7440516657621533,0.7461851357003816,,0.7442070860908832,0.7433581248486393,0.7438455694900322,,0.7460846435280707,,,,0.7442127975028718,0.7473237423170432,0.7458173690833437,0.7453464468600993,,0.7447109084112085,0.7446400024874882,0.7465384431296614,,0.7416899109375675,0.7461749827497116,0.7439146576895072,,0.7452946205520076,0.7445591005508532,,0.7451770961888269,0.7445806269820611,0.7458155954676353,0.7422732101200212,0.2557244977075362,,,0.2552748897447871,,0.25469697273034403,0.25561588214098085,0.2560759336714292,,,0.25504903437669785,0.25551426701763996,,0.25501236354716433,0.2552077023999196,0.25552322751111106,0.25557552585845134,,0.25596206711667474,0.25587321257489726,0.2545962501426266,,0.2554565734981188,,,0.25523484707496163,,,0.2552240341331243,0.2553072479915887,0.25479349413770563,0.25459829604292483,,0.2558800779517445,,0.25490401729233597,0.2557998775875874,0.2549096531845642,0.254904794773035,0.2552127407075626,0.2558704735959372,,0.25476917642173275,0.2563279894650742,,,0.25433509315592706,0.2552131196741691,0.2555130338945551,0.256109917594725,0.25535680485110507,0.2549213522669428,0.2556569283966502,0.22814464702320722,0.22823523621277966,,,0.24480058781279476,0.1833939320224398,,,,,0.18312235838856264,0.33337410954152585,0.3327132419441387,,0.33362819754702255,,,,,,0.33446322534123274,,0.3329409353143468,0.33315551271518495,,0.33397824156264816,0.3345182455899893,,,,0.33460024952524253,,0.33277495646417643,0.3340074646359312,0.33475788142683494,0.3333619452056807,0.3331354560144273,0.33474879183718154,0.33458884844637726,,0.333133471150066,0.33355208901210515,0.33293265546047357,0.3333029753269863,0.33414961477219446,,,0.33357669179825933,,,,,0.31563752911629184,0.3159907383125449,,0.3157481521481609,,,,0.31644383148011973,0.3157051721358007,,0.3155574222057442,,,,,,,,,0.3165375915335606,,0.31656237060000947,0.31666578448492344,,,0.316515240476914,0.31574072169551864,0.31567809752402876,0.31615674589610504,0.31687504705017494,,,0.7558578053647069,,0.7547215467534603,,0.7540207975714658,0.7556302344201312,,0.7542940672994861,0.7507390342795556,0.7545405624874199,,0.7541957773228382,0.7520787424030958,0.7527772367242498,0.7524729975563429,0.7540229941118156,0.7525649861558633,0.7520880066286304,0.7525578262891474,0.752772314954355,0.751891650715071,,0.7517704469854689,,,0.7537943602707566,,,0.7542608379212351,,0.7527215676064457,,0.7520379611408682,0.7524765798598809,,,,0.7527030907048647,,,0.7543120995050879,0.7511442341370138,,0.7535833124291224,0.7556059037268094,,,0.7541096977654665,,,0.7529682517088438,,0.7543374904661017,0.7528451501903297,0.7538106046694315,,0.7539279786027613,0.7504215004609517,0.7568585724673387,0.7508303567633494,0.753904053590245,,0.7525960119812806,0.7517815998149339,,0.7538088103978033,,0.753943979949422,,0.7531377405349543,0.7531421148414054,0.7521930737388005,,,0.7544296919217366,,0.7506871957508773,0.7552652166121072,0.7542221799675487,,,,0.7565185559845184,,,0.340153512909843,0.3395484281651262,0.3399175553755945,,0.344181409844301,0.3435836151167964,0.34413099710558953,0.3428841138107215,0.3438281165808841,0.27266751847615095,0.27306551507549975,,0.2728781646673093,0.2730723180020854,0.27255257664410776,0.24912501056832265,0.23793659357405128,0.7487353839560048,,0.18531106766822664,0.18464672410491403,0.18211919736170207,0.18209228371250039,,,0.17784688450049504,,0.03432835496861387,,0.7972366441174397,,0.0914392988651772,0.7548485660705732,0.13048576620626212,0.10481169216220006,0.7450205456712963,,0.11766478694971412,0.11764712215612534,,0.11758554640351604,0.14445577803657625,0.11768783788907772,0.7366793029390514,,0.13264527499576137,0.047234694916902444,,0.047102673710289665,0.047237494511930656,0.047403749538511675,0.04723769686148648,0.04710983857326532,0.047238125312535496,0.04731939360806185,,,0.047158896632907135,0.04732017031280795,,0.04715295243536452,0.04722676152104709,0.047268339066723036,0.04709876124325768,0.7032891722527257,0.7017152243138454,,0.7031172424060679,,0.7127056321726615,0.20713278444630315,,,0.20672681615599917,,0.17604521516449095,,0.1761938844432752,,0.6960043371159691,0.6958101590451137,,,0.04806642237895497,,,,0.0481321834690593,,,0.04802833542873202,0.048239210276951536,,0.048218455135565386,,,,,0.04802009590914397,,0.048018352646121636,,0.04833443948090977,0.04818575573522294,0.04819862859029348,0.04813255686668919,0.047979176715177145,,,0.047950758230664844,,0.04809445234291559,0.0480568671504315,,0.0482447959695781,,,0.048045442418484435,,,0.0481689461968219,,,0.04838353820708206,0.04812017855624304,0.048306681544094184,0.04818699846628994,,0.04816290667272831,0.04812933133341791,,,,,0.048275786288348554,,,0.048174908757513756,0.04813216561679676,,,,0.3705032289112112,,0.37074711880231614,0.36942241761921607,0.36993431839423263,0.37070956267342425,0.3704679856656777,0.3703102294662502,,0.37041776462658504,,,,0.37333834272346983,,,,,,0.3723783203952885,,0.3719184007729329,0.3713619854071881,,,,,,0.37216435809975057,0.3718492466828775,,,0.3698220535158557,0.370892875242277,,,0.3707992478739702,0.3710386108043752,,0.7558902156434986,0.7579525169740194,0.757327237614142,0.7563333735771619,0.755913713542006,,0.7561573418112536,,,0.753794745476161,,,0.757524850776501,0.7557345197898047,,0.3716448612495227,0.3717220596969996,0.3709175482180452,0.37362484170393157,0.3731857605603491,0.3720447770925246,,0.37164496853549045,0.37235033952270463,,0.37171780440360985,,0.37048113704590435,0.37151136176762195,,,,,,,0.7566648739410753,0.3699787805642621,0.3694160356446685,,0.37042606141554707,0.36989414020135086,,0.37011858417448035,0.3708306972004996,0.36965131222407205,0.370624891263663,0.37035430542295417,,0.36965469202026824,0.37031956891985296,0.3702020770699034,,0.3688892989552494,,0.3689142154184692,0.370398264881891,0.3703960011657599,0.3711425247956583,,0.3713483441386375,,,,,0.759323468878461,,0.7599458801388416,0.7585616427387896,0.7582267857232702,0.7581292835470728,0.7570386690021574,,,0.7535192891871323,0.7546770518775378,,0.7568144058125004,0.7571434255659362,,0.7592929226723241,0.7584147422561172,,,0.7575203619057321,0.7554810455690251,,,0.7580864250486727,,,5.77871848788059e-05,5.784690989794715e-05,5.796960430560431e-05,,,0.5423473714887989,,0.5367441115208211,0.5339829794409902,,,0.5773789312887391,,0.5785611445170471,0.5765058571726612,,0.579850041893343,0.5782138372068352,,,,0.5787872092381324,,0.5766636577687732,,0.5770883130533043,0.5753696786068804,,0.5782529345950007,0.5760740274335112,,0.5778030851121722,,,0.5772344213172119,0.5776309815195114,,,0.5774490066188517,,0.5772937908537491,,0.576792651468365,0.5783199232457734,,,0.57824979831187,0.5772283922201097,,,0.5781484441796502,,,,,0.5770996674621206,0.5767779136334114,,,0.5769399240328182,0.5769890941604601,0.5779098361657894,0.5769558800072752,0.57750862228372,0.5762783759302281,0.577593517983664,0.5759076536814278,0.5781782924263095,,0.5785856758799233,0.5773958238046193,0.578992256419773,,0.5776788313505902,,0.5772289104457661,0.578517501216092,0.5758646905249587,,,0.5761143445375548,0.5777996694316182,0.5779008046646025,0.5767023612789157,0.5787109530739757,0.5768019137442483,,0.5774778977791537,,,,0.5783049720482865,0.5786219965386056,0.5795439554914438,0.5779188438172559,0.5790789651109549,,0.5771926704466417,0.5778462510952413,0.5756410053798007,0.5776009537976443,0.5797064889037827,0.5776211691043519,0.5775585941194407,0.5770246514611189,0.5762248225427677,0.5780466723586889,,,,0.5775492444101877,,0.5774804445340825,,,,0.5769415767874991,,,,,,,,,0.5766466843348382,0.5787594005734479,,,0.5781363993227784,0.577039584118851,,0.576110817389062,,0.5787312108882071,0.5768772650511985,,0.5786392354017398,,,,0.577159153442547,0.5768804163396006,0.5785996815269963,,,0.578320868564342,0.5779586848969019,,,,0.5771169696441256,0.5789925813923273,,,,0.5789136858738843,,0.5768509416658703,0.5749248341936757,,0.5779646904555525,,0.5771416791329143,0.5774579793233228,0.5767071536911869,,0.5767092893592387,,,0.5769091088088681,0.5771764671730077,,,,,0.5782005867399963,0.579712350232827,,0.4923666422309601,,0.4909568039599696,,0.5423776864771742,0.787901368632363,0.6528742397670352,0.6530517845342897,0.579360970928393,,0.8003696563872046,0.79658211548951
7,5,DG_10pct,20,Z10_F08,10,LL_AB,175078,182012,True,3957.998332717142,3953.6780123790118,3963.990452745239,4000.39385781819,3974.107157715429,95.77366940072143,109.34522344720864,4215.386233736114,4236.361928363926,836.5826112426867,838.380175056756,386.8822879279706,123.75359358933684,71.08506755596527,68.58701128593272,95.74591315975876,112.59436595502277,17.745095701123795,230.49116926724497,435.14337273439685,0.7346667350136722,0.7336253190860423,0.7349827685440986,,0.7314209414879368,0.8391848121725235,,0.5823034517557181,,,0.5718143913022148,0.6493651128086697,,,,0.5783051555174722,,,,0.7817454611457559,0.584057196033985,0.5821477955638715,0.5831929470478507,0.581617472089319,,,0.5781862091538331,0.5784494760958003,,,0.5834629361220549,0.5851094453073155,,0.5833334766067885,0.5836122057443203,,0.5342528123394946,0.5322596408019102,,0.5265412379050909,,0.5255143571217633,0.5267953073268034,0.5278607120373005,0.5259213180740696,0.5283627047886832,,,,,0.5273894390462655,,,0.5271851382218703,0.5269407502717158,,,0.5840410720322394,0.5863859573606484,0.5199022338500799,,0.5771917417858514,,,,0.5782955959982238,0.5769593344792798,,0.5789058059052152,,0.5788136934143102,,0.5768344760267655,0.5785913237551654,0.5779774706344247,0.5774268603876734,0.5777448899580149,0.5765618482952399,,0.5772468127146262,,,,,0.5781686140023671,,,,0.24330255417356486,0.20413467632150195,0.20375705133726332,0.20430320457915827,,0.20445833396289995,0.2043689501090651,0.26576470231411076,,,0.26576634447318154,0.2667041083401398,0.2666426926742512,,,,0.2648686814356972,0.26615533001530006,0.26584566164964557,0.26681043539889754,0.2653566215413116,,0.2646335201753985,,0.2657643373914556,0.26616342739799853,,,0.2653986007308925,,0.26568086180785455,0.26490330201156803,0.26602825026340826,,0.2655760195908362,,0.2657194510086666,,0.26554193305974616,,0.26548284024505336,0.2659493024670224,0.2652837795133342,0.2654469232581466,0.26517713666959625,,0.26518902223284263,0.26528763365559543,0.2658175395145776,0.2652439046587888,,,,0.7063820984436735,,0.7058058870425619,,,0.7072519555848429,,0.7050155786548841,0.7046563724759672,0.7049041652058537,0.7069748500256717,0.7047659300483731,,,0.7068599795537439,0.7092051286071226,,0.7048886839452,,,0.7057779196969293,0.7055414811448334,0.7057997431931299,0.7067785644874461,0.7051559034481998,,,0.7038493726966611,0.7072086922889946,,0.7043001404849046,0.7052362556795153,0.7058455754993156,,0.7049269332990624,0.7066908651421255,,0.7051789494869,0.7070271297623301,0.7057862026097874,,,,0.24400649631254923,,,,,0.24398030698833476,0.24424248330080972,,,,0.2458451339273098,,0.24493310418334927,,,0.24418897802990344,,0.243888532191327,0.24441700480853965,0.24384986829221547,,,0.24469456055277722,,0.24387897310213855,,0.24378268279211648,0.2444884536218813,,0.24447777209307175,,0.24405856449375138,,0.24460430766380847,0.24518499165682195,0.244578757628066,0.24485769843119623,0.24479568368088792,0.24450375044951395,0.24362973874146696,0.24509925128217583,0.24385339382668061,0.2441840262570652,,0.24494707453418393,0.24386924974620627,0.24452751335053508,0.24389709406973878,,0.24422835357441094,,,0.2352275344946981,,0.2359440646209778,0.30723335477985664,0.2417216032280022,,0.1918918424132732,0.19221819523369477,0.19196869038967979,0.19173276971208858,,0.33277334080239396,0.33330008235903713,0.3326483161898036,,0.33262294693145517,0.3319260259292812,0.33369758651011033,0.3332464703104174,,,,0.33236385617979325,,0.3324524202144522,,,0.33245736772138534,0.33279022257978647,0.3325849957478736,0.33266227387721087,,,,0.33261762377086285,0.3322627705135805,0.33197637329068963,0.3339025021449412,0.3323263046630298,,,0.33189505565360394,0.3317248666515507,,0.33240278063989753,0.3323653286083455,,,0.33211533609109617,,0.33265854010614204,0.31510522429963067,,,,,0.3145662433925724,,,0.31605189222881175,0.3163858741161283,0.3155552104882114,,0.315603562079577,0.31566281085787606,0.31466205249731455,0.3151134162931754,0.31527397718272754,0.31441574656213556,,,,0.31593244884623456,0.3152712888714601,0.31488183468570025,,0.31493241206179834,,0.31467165777289513,0.3149224409588956,0.31441788331034526,0.3160708132677984,0.314997112713475,0.7175704204519912,0.7197009664796337,0.7170084327419902,0.720477738289119,,0.719542529558635,,,,0.7210242284265629,0.7194474549297342,0.717805931217881,0.7168023399561544,,,0.7166311751436631,,0.715986111729949,0.7163503645952283,0.7181336022337362,,,0.715137558382045,0.7154760161323741,,,0.718307916310324,,0.7181206802467478,0.7188719102045409,0.7190632241115786,0.7174477143849936,0.7177817986431742,,0.71883570104661,0.717637165023922,0.7197577072549968,0.7218925138527551,,0.7204862873744169,,,0.719905620259896,0.7215165761405234,,0.7182363821480727,0.7202500492204494,0.7175868387070108,,0.719166108507423,0.7191365730529734,0.7197367687990193,0.7194451744674651,,,0.7215104253411676,,0.7173351919137877,,,0.7164351542720135,0.7186312025963472,0.7182826439627971,0.7164713934201256,0.7154978011501104,,0.7138776918423131,0.7166563264808866,,0.7179755851452313,,,0.7197800238807308,,0.7151532232381275,,0.7208453348725322,,0.7180393195111925,0.7157557637756073,0.7198395943450728,,,0.7188788803696027,0.7195004883143332,,,,0.32945407249459063,0.3293676397781493,0.34153443491798535,0.3419494229750017,0.3430758477366248,,0.3429357215961114,0.27904600272114854,0.2794561123784597,,0.2792219724207266,0.2785873380703495,,0.2481656112629302,0.22758194714686186,0.7111918447016066,,0.19327818042930728,0.1933473587782239,0.19002478505723341,,0.19040638388164777,0.1842710621963353,,0.1845523643349945,,,0.7375288956600468,0.028580915642793202,,0.7281393370120024,0.04555592819859201,0.040347095379914835,0.7165971531834089,0.05608542850984605,,0.05601596976003389,,0.05606127324607275,0.06123751467035916,0.05602885906378674,0.7053309817953898,0.07428716510492334,0.07439655597371146,,0.007097760560778367,0.007112298573655745,0.00709880458426213,0.007126160194960725,,,,0.007096900964530015,0.007118898544362627,,0.0071243025434852385,0.007115825672352445,0.007123027650994199,0.007088030471993635,0.007104435543607201,0.007103889305924706,0.007099635643151105,0.6662004479815509,,0.6674589013375728,,,0.6764971065367468,,0.1335881672229575,0.1335657468092127,,,0.1274594416416303,0.1276170162569417,,,,,0.6589873106838054,0.0072606702759468456,,0.007244214983248823,0.007261897701470315,0.007243051444816065,,,0.007258026336890274,,0.0072578185568535685,0.007259050817597118,0.007221973261275636,0.007263116006159205,0.0072326998149179885,0.0072414113657925955,,0.0072393574416818665,,0.007244741717850895,0.007256887650771807,0.007246615915098093,0.007234049917289028,,,0.0072299806003254296,,,,0.007234330651960572,0.007249162670473588,,,0.007258765970161656,0.007237502948637961,,0.007269127320350903,,,0.007252143974005,0.007264050782510848,0.007257669696818249,0.00725068043750807,0.007252844267530556,,0.0072486915110615,,0.007252626517625127,0.0072626692037572925,,0.007242307858307585,,0.00725818656248458,0.0072624182072827306,,0.007259587746036018,,,,0.007243185715392035,0.007253826805200779,0.36049927631367545,0.3593355399482901,,,,,0.36075353515304814,0.3597515048099364,0.3600399614513793,,,0.3595612055355457,0.37189770849891113,,,0.3725679217385357,0.3727455917739652,0.37251161174404784,,0.37195474359951897,,0.37276058414562113,0.3704483426319691,0.3716723326540154,,0.371509002901996,,0.37083318738913,0.37184182960968604,,,0.36093327970161493,,,0.36069776152698624,,0.36039436803207914,,0.36005598957100887,0.7256426907124,,0.7232776507867478,,0.721743402553445,0.7235056600287149,,,0.7229907042151313,,,0.7224784234878122,0.7230304145704214,,,0.37206844926740357,,0.3709147206677137,,0.3722057181674578,,0.3725156269460297,,0.3715417497356936,0.37087234093429594,,0.3672701763784087,0.37162233763767355,,,,0.7250549317341816,,0.725400008590657,,0.7244994938097405,0.35999781166218653,0.3594069965482988,0.35980810448545786,0.35999196618698004,0.36092278525169175,0.36027172922479067,,0.35870237327837406,0.35929930322257125,,,,0.36042948221059706,0.3601688799659066,0.3608102438052542,,0.3605117447445478,0.3591840589863442,0.35995804412130344,,0.36002872022883975,0.35972056267041563,,0.3600945675150644,0.35972975190264295,,0.3599210303496426,,0.7238333888834595,,,0.7245837738228541,,,0.723567676403387,0.7259865471439839,,,,0.7248284247158135,0.7229451304128632,,0.725934589518539,0.7249220455978614,0.7247101564342958,,,0.723010891707541,,,,0.7235401903091041,0.7239788718571164,0.059857862056064796,,,,0.06010428991889753,0.060156805632641634,0.540995593530793,,0.5409031299312814,,0.5405042648941835,,0.5822936119760639,0.5826577554450916,0.5832906122228787,,0.5834700521276946,,0.582772012650773,0.5850766338604748,0.5843360137241441,0.5843110394320452,0.5832860892395536,,,,0.5834517187358782,,,,0.5836712973757125,0.581501654168335,,0.5831694029594218,0.5834129399312444,0.5829147215064396,,,,,,0.5832610767030941,,0.583607894655613,,0.5820721221865881,,0.5835344386615837,0.5847995692572066,,,0.5832381449445945,,0.5844276547996947,0.5821139670654785,0.5818906459925186,0.5834888803305209,0.5830080268223425,,0.5834531920937311,,0.5816448808564676,,,0.583338627221696,0.581784335261504,,0.5838244500818824,0.5821940896648865,,,0.5822416071530071,0.5823892401401479,,,,,0.5820810090431606,,0.5849839849245106,0.5837500897862805,,0.5840165182905497,0.5832003355874287,,,0.5824215913527367,,0.5828050485163137,,0.582243541791897,0.5816321723632999,0.5843306225346232,,0.5841288898338207,,0.5818718728210618,,0.583945827936272,0.5834864446921953,,0.584016236395301,0.5846704811754795,0.5834446942543496,0.5826570903941912,0.5827390143935857,,0.5815568144709794,,0.5823688148816588,,0.5833652946262968,,0.5832196189509529,0.584245074642148,0.5822972816529374,0.5826074273239272,0.5836057776106754,,0.5851547374389586,,,0.5823419026848328,,0.5834277304278327,,,,0.582594590686018,,,,,0.5845199941896446,,0.5839214875042072,0.5816630557926168,0.5808487234918214,0.5828590825453791,,,,,,,,,0.5829211042617057,,,0.5821193883470427,0.5819839315064332,0.5834673112092915,0.5844563341426839,,,0.5837915860654012,,,0.5830146046157749,0.582471384116006,0.5814613064670097,,0.5831662855974519,,0.5830692333380787,0.5838498163184331,0.5829276773615784,,0.5851156847975768,0.5820867110300307,,,,,0.5830633251144702,0.5829137863497684,,0.5828475142235754,0.5814537192289936,,0.4972395933146499,0.4968518687684056,,,0.7666864884472975,0.6505578166181846,0.6492870556916568,0.5799040243214875,0.5780696631603737,0.7785498627398176,0.7771938172278582
7,5,DG_10pct,20,Z10_F09,10,3PH,175085,182018,True,3953.539678132331,3937.962578026042,3965.5554505177693,4012.029979376486,4011.0738081073914,23.480418528609988,20.47800167151759,4086.3236810431285,4076.615848947501,0.030961171685992533,0.03085168081160336,0.015348275741769406,0.005068371646512372,47.30772329342631,44.249705421627986,23.770612027508523,15.954172774488345,6.102014817131701,30.619517199551858,6.162996793997745,0.741561683839214,0.7403424386861766,0.7415517306754295,0.745147112902263,0.7439232783975176,,0.6779990590886462,,,,0.5900848122784191,0.5991410148562241,,0.5984023806355153,0.5997903194413211,,0.6005443630402438,,0.598749707860564,,0.5932257071325565,0.591457730913591,,,,,,0.5854796619262966,0.5867453223752711,,0.5927890922191881,0.5943375533448826,0.5944387384935365,,0.5957224056465019,0.565923686816412,0.5410350231771638,,,,0.53971368623757,,,0.5398889617006916,,,,0.5408582953007098,0.5407765747510784,0.5407409129878611,0.5401771187178073,0.5409296920017893,0.5419426628202877,0.539856674333106,0.5401376838130535,0.5403214348843941,0.5407171472711401,,0.5360728286902365,,,0.5291492134493639,0.5276262816669629,,,0.527411347302395,0.5275545427009797,0.5270724306911793,0.5259388204798123,,0.5285444160686223,,,0.5282302426723688,,,0.5282588572539066,0.5277674627838105,0.5265046396984618,0.5279115607616603,0.5269840100944181,,0.526366831186264,0.5277374729512393,,0.4928459948273713,,0.49523609231985555,0.2247391495921507,0.223868884298228,,,0.22331277675503938,0.22306771803099845,,0.22648295766867926,,0.22624570618268522,0.225933786579561,0.22615946065365378,0.2254123642627826,0.22548822214802733,0.22604295224558826,0.22618024168624837,,0.22547523124941177,,0.22605547169556753,0.22654069331161114,,,,0.22656970667171158,0.2262442675329517,0.22633643653926494,0.22664925420892054,,,0.2261898042603879,0.2261080833114333,,0.2253693632427662,,0.226055182797563,,,0.22595541393679283,0.22576624425773748,,0.2257477186380411,0.22602678542642426,0.226289598268709,0.22595581325867348,0.22563196223797877,,,0.22592030581156486,,0.22659943465583848,,,,0.22585601579670353,0.2255035526763641,0.22611740457669113,,0.2251652055603694,0.22575019748641276,,0.22583339667074032,,0.22579674368332153,,,0.22603465409342471,0.22647646756859582,0.22574294526712163,,0.2256291693259014,0.22603501260749265,,,0.22586685268634682,,0.2250820478148365,0.22527943526056932,,,,0.22576333563139148,0.2260162034702793,,0.22579455544392552,,,0.22629822690713058,0.22569431151972888,0.22566882458404935,,0.2251403539352072,0.22568702691746545,0.2251669488807966,,,,0.22649997682979064,,0.2258375932913604,0.22594924579876757,0.22612044429921876,,0.22666826357810793,0.2260367892786192,,0.22643554536099833,,,0.2259223344617809,,0.22618605449345247,0.22588926829064784,0.22677064781357215,,0.22661457557814024,,,,0.22619964660203434,0.2261436807115813,0.22635772264485668,0.22587760002121635,,0.2263707478590068,0.22597328634009373,0.22550518050485086,0.2268783045979963,0.22619376289689835,0.22629929865121579,,0.22648039411504736,0.22642536056443688,0.2259095016915148,0.22562977252947816,,,0.22663018381443178,0.22567908127688208,0.22621488571542653,,,0.2257870822231383,,0.22597339021163956,,0.2254207839638082,0.2253526569163288,,,0.2507534749834076,0.2686206492811829,,,0.2124503560913505,0.2121499374180785,0.21216301575533322,,,0.2923688985080543,,,0.29181039688152666,0.2930233083606526,,0.29188246117095856,0.29283326442027074,0.29187050277457444,0.29195104250783976,0.29277501679292195,,,,0.29350521809322627,,,0.2923570882711337,,,0.29324846205555394,,,,0.2930865543164821,0.2925798393836081,0.29255483026715234,0.29158355681738934,0.29257272648790944,0.2927168228984429,0.2919523695327842,0.29274234303931357,,0.2922624550148282,0.2919042092177706,0.292368852926771,0.2923396782624701,,,0.2921833198410882,,,0.27590413650435197,0.2755354572892244,0.2758630636391612,,0.2764065941579528,,0.27625538646659625,,,,,0.27607081296918706,0.2760005748899926,,0.2766529048030354,0.27626392745373224,0.27604691290617894,0.276623470072702,,0.276710260176575,0.27652960113108777,,0.2758987471890732,,0.2757351024349824,0.27615063686127184,0.2761476135192691,0.27563723022749376,0.2765147142869282,,0.2917997617933223,,,0.2915093050051601,0.29197996365004547,0.29130705619055874,0.29243959003514136,,,0.29301232860445303,0.2917934877457017,,0.27562023365979116,0.2758703211088047,,,0.27544117412655844,,0.275158655912637,,,0.2747568210192853,0.27547630072106377,0.27448307695587687,,0.275392896950687,0.29222702934820116,,,0.2909618624699413,,0.29218839110217526,0.29249334060843357,0.2910839086464061,,0.2923334758950385,0.29089378175406677,0.2918876685758501,,0.29186394067141896,,,0.29139284447539054,,0.2915633178753351,,0.2914791013252783,0.2916164970656842,0.2910559448660109,,0.29260070263343896,0.29213671111202044,0.29179541532657877,,,,,,0.275928831681741,0.27559575817854204,0.27629366116037085,,0.27531369524503624,0.27502370826436207,0.2765417505640559,0.2751103655686886,0.2761107848959958,0.2756730772125494,0.2751536532754392,0.27526020081914454,0.27536849054471435,,0.27557280677151225,0.2759508013077684,0.2751532222713628,0.2747291821948094,,0.2763451685752717,0.2760886053142652,0.27629396843074516,,,,0.27584055167381266,0.2759004405158149,,,0.30215474440721474,,0.301524372532377,,0.30062013699203394,0.3017182457341737,,0.30085490768502443,0.2954066704509649,,,,0.294542794424837,0.29505548106166607,0.21423148649610538,,0.21534383633410897,,,0.21305628144020194,0.20857048731969746,,,,,0.20245117344541716,,0.08544429198007686,0.08535688175587965,,5.612747219095946e-05,5.610730339854827e-05,,5.6370454071723354e-05,,,5.666085305925659e-05,5.676779812011896e-05,5.684470506686874e-05,5.667645117787194e-05,5.6764490927950785e-05,,5.67984741249748e-05,5.705905225953946e-05,5.692057886208331e-05,5.6585112991606585e-05,,,5.675634028681243e-05,,5.67841334842943e-05,5.6532773132397275e-05,5.662902527170345e-05,,5.6690440598421484e-05,5.6664674474400604e-05,5.6613259847494496e-05,5.670515090776627e-05,5.669598952316354e-05,5.6560757104960756e-05,5.66898432310435e-05,5.655084223498701e-05,,,5.756340128729918e-05,5.7816453473835844e-05,5.768183940630676e-05,,,5.802812019846209e-05,,5.7936550087033916e-05,,5.796110246693157e-05,,,5.7855907978403816e-05,5.797496856472158e-05,,,,5.7671558582676414e-05,5.7679248698172585e-05,5.770678685934143e-05,,,5.7802763947928565e-05,,5.777747708615274e-05,5.7706073384989e-05,5.7657257001844916e-05,,5.772922039222863e-05,,5.766698298577643e-05,,5.7763908824565134e-05,,5.788165009930795e-05,,5.778087326281612e-05,5.774752279708269e-05,5.7595939419973527e-05,,5.777545632691604e-05,5.769274550510685e-05,5.772383905321815e-05,5.7597971120152376e-05,5.769694680012507e-05,5.762894272907862e-05,,,,5.782699549050382e-05,5.792293775942603e-05,5.772927069788106e-05,,,5.7629066085863697e-05,,5.757355130158161e-05,,,,5.7917104952306816e-05,5.7670862418509614e-05,5.770268842769968e-05,,5.770401894665892e-05,,5.77657347337494e-05,5.764111480880528e-05,5.785102614862754e-05,,5.787251475259995e-05,5.7795927272029e-05,5.781377489513672e-05,,,5.78173953460264e-05,5.777526148861862e-05,0.3296453472933803,,,,0.3310041770634206,,0.3308527580039285,,,,,0.33017210584177564,0.3309550200909367,,0.3305437036629698,0.33011658222939916,,,0.3300381762773662,0.3309455798665901,,0.3305098541516764,,0.3302583030540424,0.33019996262525186,,0.3300903085359327,,0.33114053494160384,,0.33018503922149633,0.33145174801846017,0.33102073863775977,0.3308515193015236,,,0.3308936930195198,0.3302373582934256,0.33155479777818964,,0.3300561354526493,,0.33006229183849267,,,0.32985596713324766,0.329709545604313,0.3295734620576239,0.32957537988034,0.3289968211342142,0.33003427026153526,,,,0.3296814146671386,,,,0.33098235273692894,,0.33107706086378297,0.33148127287347723,0.3309290333171536,0.33125521820363807,0.33069499459102936,0.32636561562145044,0.3290688460073295,0.3294326851024474,0.3314588038121242,,,0.33068544191830285,,,0.3292210832772815,0.3315889285049038,0.3311063426721512,0.3307339449135296,0.33022772768573433,0.3309167102538499,0.330537075563897,0.33098787158859544,0.3310581142436007,0.33045005072855316,0.33193095055579785,0.3315653681208693,0.3310480125484707,0.3305534707869684,,0.3304158947363574,0.3310479264343521,,,,0.3315038762333556,0.3309488389182108,0.3312100450336195,,0.3308085290757527,,,0.33049259239713846,,,0.3316512521896225,0.32954765150549176,0.33139918185507294,0.33066867891970997,0.3304898680211016,,0.3299597076184534,,,0.3291579833771398,0.32898562197108755,,,,0.33001266742853586,,0.33067796286920537,,,0.33062152213228524,0.33083965946072497,,,,,,0.08524643889194763,,0.08530785298579681,,0.5559467354466873,,,,0.5522735243698734,,0.5953287301487947,0.5954884290015107,,,0.5955535829337302,0.5960974926286393,,,,0.5954706677748914,,0.5947237448060935,,0.595802253296051,0.5951596387486999,,,0.5956407232999462,0.5954626836565499,0.5953668914104709,0.5933755074243533,,,,0.5943657818145668,,,0.5962674317940138,0.5956151657627115,0.5932774693688944,,,0.5959421615125594,0.5957595432570291,,0.595186536913586,,,0.5967327894624829,,0.5948712465609172,0.5972301626456302,,0.5941742935797768,,0.5962927191856782,0.5939372535042484,0.594735922664224,,0.5953386884467075,,,0.5956572436776132,0.594414442402199,0.5955463310921487,0.5946190436996188,,0.5949538876220524,0.5967388226106953,0.5929998736660065,,0.5947486811201529,0.5942043552537597,0.5935657171803662,,,,,,,,0.5964585239504742,,0.5943080816679661,0.5955804203522672,0.5958319824669929,,,,,0.5949363742175767,,0.5946626243708596,0.5936161915203035,0.5950199941183422,,0.5954193696918978,0.5952118675695507,0.5955431359512927,0.5945004755799445,,0.5956523889220642,0.593443462765114,0.5974275781045932,0.5955936722201755,0.59321913003635,,0.594815031944585,0.5972193178822034,0.5953053720604149,0.5951854644639976,,0.5934476151525238,0.594843100596913,,,,,0.5952134154946562,0.5950988702051547,0.5947052097594233,0.594780427467415,,0.5967649350448725,,,0.596348580883986,,,0.593641149981319,,0.5940588377946052,0.5959185109916803,0.5945412188135771,0.5941913185594903,0.5947601689991632,0.5935872543427511,,,0.5941196895207373,0.5952111507385685,,0.5951305710736348,0.5942919332944133,0.5947300524764115,0.5959400705443204,0.5946561038764563,0.5954447549876897,0.5939770542038876,,0.5958569789953333,0.5949416587359901,0.5966055507837501,,0.5940476755537256,0.5938700258539071,0.596166806371781,,0.5966180200738497,,0.5934056842487182,,0.5947986098351701,0.5958494537335429,0.5943651608642095,0.5953331363364704,,0.5944982166096947,,,0.596431105192387,,,0.5954565317882226,0.5950549616933445,0.5951904063550112,0.5943708196294993,,,0.5071798891208871,0.5068481387603812,0.5559418774209017,,0.5545308428265642,0.5992212953680753,0.5988182322730418,0.5986438376409662,0.5975017954932913,0.5971894495630732,0.5983706755376215
7,5,DG_10pct,20,Z10_F10,10,3PH,175083,182014,True,4024.4443463939065,4009.13591609269,4061.583053996421,4099.958957233022,4077.8963725675776,22.2884845459725,19.324412904421234,4135.052496499539,4142.643587723593,0.031503033983775436,0.031687006879307755,0.015672407262818717,0.005174428404184294,46.96572761710798,43.98755429786124,22.79205499282019,14.932089633464571,5.668507319146884,28.3565062532198,2.4217285808999214,0.7380218248583836,0.7358625555633532,,0.7402812685187906,,,0.6734919643720239,,0.5826150164721813,0.5846872515193519,,0.5927874550073995,,,0.5900248156200398,0.5913449852583049,,0.5900184153256451,,0.591395713186628,,0.5855434478830772,,0.5852962965827186,,,0.5779011283921237,0.5783352721980672,,0.5875167506705141,0.5872919082093592,,0.5853546528188684,0.587265171349051,0.5896891395801025,0.5580598548113103,0.5311843040508194,0.531386162143875,,0.5309655455884024,0.528409174948068,0.5300117643708514,,0.5312917168585263,,0.5308153405610804,0.5318146752160453,0.5314191704207707,0.5314975488693543,,0.5307017180887654,0.5321297043334693,0.5329312862101914,0.5312481054315894,,0.5313336076782248,,0.5256758887329419,0.5263416429616846,0.5264649825530837,,0.5183601940765368,,0.5187582444400922,,0.5177464368514729,,0.517893414120377,0.5183225564563723,,0.5171760554866387,0.5180427265271403,0.5179335062826876,,0.5167560852811122,0.5175960680408295,,,,0.5188121257600343,,,0.5180882574431614,0.519152919403846,,0.4834283040512391,0.4853470452831994,0.48432227865198724,,,0.20840355658648066,0.20784277385573893,0.20829828160856817,0.20852092770844838,0.20811828780823552,,0.21064330911160004,,0.21103710869970188,0.21031661378381025,0.2107909493407947,0.21101085940121628,,,,,0.21010216742429436,0.21064963948921928,,0.2108023485788807,0.21084206396561195,0.21100443774151473,0.21042223513067673,,0.21041395413974598,0.2103172769315557,,0.2107892695505736,,0.21040730714757333,0.21058926389690344,,0.21068880370465579,,0.21116378300886662,0.21027346227224153,0.21071477792182813,0.21018289091025474,0.2111046987705082,0.21086400302893804,0.21045185206994432,0.21034348564589897,0.20975120321927818,,0.2104397768488195,0.2104012601897863,0.21066897055569234,0.21019960179877265,,0.21076795168376322,,,,,0.20999814595219707,0.21100025230984013,,0.21069917710075692,0.2099489407197513,0.21022842303748399,,0.21089009356900676,0.21046555163179229,0.21116228344285604,,0.21051860481732607,,,0.21004063588882768,0.21066751658205277,,,0.2109100037178438,,0.21049263507321428,,,0.21024732964467882,,0.210355776750437,0.21019622230990298,0.21086480827097662,0.21097271195908726,0.21096971101859024,0.2101685785800531,0.2105582624711777,,,0.2102820955748775,0.21036533812770125,0.2101305008971241,,0.21062530149657901,,,,0.21046361190882473,0.21071628123998556,0.2106150462854365,,0.2106782622088007,0.21080565215385366,,,,,,,0.2114082046001606,0.21047405956937038,0.21103319995909514,0.2106785477497525,0.21085482030069366,0.21118152463223258,0.21106985428213598,,,,0.21094138916998587,,0.2101458220193383,0.21065638190420632,,,,,0.2107154536629267,0.21024908025587782,,0.21106425715942725,,0.211486879358908,,0.21108160110911622,0.2107624107251872,0.20947772780816415,0.2101496063859336,0.21061620019650304,,0.21089056633901793,0.2104314267003641,,,,0.21060463658307035,0.2096221991786508,0.2370254357861373,,,0.25467405382615554,0.19651742639792164,,0.19642465791565458,0.19635212767847737,0.19632630687839847,0.19637183908147934,,0.2792916942425077,,0.2793052088981523,0.278639116517553,,0.2792494606244727,0.2793433610687828,,0.2795802595991804,,,0.2789265920180653,,0.27936535458452794,0.2791063094273217,,0.2790259219940417,,,0.27935628051215783,0.27915491752430843,0.2793010094190864,0.27946544723920336,0.2785653052500501,0.27876170815234536,0.27902476478642485,0.27854726465756646,0.27867174548580276,,,,,0.27922095116497714,0.27837650155431953,,0.27843244569869263,,0.2788555487927933,0.2788010264961548,,,0.2615591908541625,,,0.2625277885666041,,,0.26285506136773584,0.26244979318757383,0.262068409184961,0.2630993001196887,,0.2619084642709933,0.2616094545562404,,,0.26222642869452834,,,0.26188980329156686,0.26272344202518366,0.26204196255230083,0.26143428841784294,0.26259191746341143,,,,,0.26233888586595777,,0.2622450491777669,0.26201389688279825,0.2786891760775186,,,,,0.27833360921282274,,0.27894238727724235,0.2785917830114797,0.27852232175986336,,0.26158716584609526,,,0.2612771121101151,0.2616832322942098,,,0.2619018401513338,,0.2615687675439446,,0.26136018688547163,0.26111076814633505,0.26108951888538845,,,,0.2779603287927961,,0.2778858133336231,0.2784151857528218,0.27797922418319515,,,,,0.2787112359099595,0.27869619071341695,0.27893366176728795,0.2779702017195459,,,,,0.27822474596189917,0.27887136647252947,,0.27835125560665575,,0.27831147524738215,0.2790737338681372,,0.27872141703152103,0.278993189793806,,0.2780784198101782,,0.2616937496997162,,0.26133418627850513,0.2615678327310936,0.26122524188623475,0.261991036870179,,,,0.26207566461359755,0.26103548215482136,,,0.26189970534463025,0.2611219104358831,0.26131805643443984,,0.26230719422184207,0.26114068094545595,0.26169892867412253,0.2616029576800018,,0.2617918378467433,,,,,0.26230969388943554,0.288427774073127,0.2870788383636278,,0.28776250177930307,0.2882660324817663,0.2868109067788592,,0.2879497682610474,,0.28212672085655444,0.2820368890757894,0.2820485337955543,,0.2816357564483561,0.28218926190567545,,0.19966055002321195,0.19906916919947065,0.1977107886338291,0.19749667925900738,0.19748240055420976,0.1935505917767543,0.19345862837608963,,0.18733770167629563,,,0.06614693595503576,,,5.732488814904144e-05,,5.7315816650698436e-05,5.7466478335608165e-05,5.7666031496475776e-05,,,5.789503385116731e-05,5.7905907388365524e-05,,5.773238770607412e-05,5.794246676155553e-05,5.7729828332268434e-05,,,5.851805257625486e-05,5.77961854977803e-05,,,,5.7748137465221826e-05,,5.7684985554588534e-05,5.770064815705952e-05,5.7810534823925697e-05,5.774072171238717e-05,,5.7820385559453497e-05,,5.770430791267159e-05,,,5.7903478485577506e-05,5.79217116176137e-05,5.883584142617949e-05,,5.877886762168005e-05,,5.869095557892018e-05,,5.913025266277231e-05,,5.912762507689693e-05,5.917863868142819e-05,5.9137392715442725e-05,5.923560166953074e-05,5.921319267441407e-05,5.918112111258343e-05,5.895697234490507e-05,,5.905140342898564e-05,,5.8610220551344335e-05,,5.88681892168252e-05,,,5.8867873632839666e-05,5.888888108497006e-05,,,,,5.894737325310153e-05,,5.895746601886692e-05,,,5.8871033654010005e-05,,5.884949368133435e-05,5.8794935657992884e-05,5.891829590462265e-05,,,5.8825218668163255e-05,,,5.875094846190178e-05,,5.8984906594048934e-05,5.885027271233197e-05,,,,5.883918372639543e-05,5.881073326987762e-05,,,5.9016707475515256e-05,5.886018067491644e-05,5.887602460962534e-05,,,5.899508899541169e-05,5.88265047078187e-05,5.8927104266167694e-05,5.8924059345377815e-05,5.9082796360627596e-05,5.8878252129797605e-05,,5.90506207157217e-05,5.905460845819366e-05,,5.8965459298112376e-05,5.899747744986441e-05,5.890048193295781e-05,,5.8949216518135887e-05,5.8983325220604645e-05,5.8954105023404495e-05,5.888758225161499e-05,,,0.3191651068171999,0.31859227542266305,0.31813098800778,0.31822716101474796,,0.3191602817106545,0.318155894462276,0.31802138789240975,0.31754767695760655,0.3195822742819984,,0.3177837833418486,0.31937168183336917,,,0.3181528712030409,0.3182262235209325,,,0.3185774376082403,,0.3179542719037032,0.31794566790657347,0.3179478629934023,0.3178043761995574,,,,0.3175071772934028,0.3190792609809746,0.3187396151323182,,0.3186009087699376,0.3183571217622593,,,0.3188949928115776,0.31834644528941425,,0.31773053304877413,,0.31715535555689134,0.31684418316558083,,0.3169407911496764,0.3181214624228445,0.317752690767801,0.3174853065221871,0.3181238968571966,0.317805856367476,0.3178794748826359,,,0.3185055279724292,0.3190341892713446,,0.3187078330410037,0.31839885602148515,,,,0.3185169441685544,,0.3141767153986012,0.3174837746292437,,,0.31681510166040905,,,0.31826020723192455,,0.31818840557309735,0.31868045925287214,,0.3184898748201156,,,0.31767435075541167,,0.31815185197164575,0.31929018457397523,0.3179547464765081,0.3186450151067877,,,0.3190864252356093,,,0.3188795784365755,,,,,,0.3196493799545352,0.3183388292003668,0.3183688393258662,0.31889737596339396,0.31891184489275376,0.3170967152168276,,,0.318330695703381,,,0.3180322993917097,0.3179263099295931,0.31778433251766236,0.31735269946827227,,0.31776137853679454,,,0.3172801266456773,0.3182888696423088,0.3183926698408665,0.31771070440561905,,0.31742465613449805,0.31835393975808063,,,0.3187522036942877,0.31826046653296336,0.3173239978806276,0.06597952508313114,,0.06614107546018952,0.06599059656442795,0.06580714053618884,0.06605137531696306,0.5479345906167004,,,0.5425710687374835,0.5434835142509552,5.8430879364284746e-05,,,0.5869157179728207,,0.5853984461148556,,,0.5876569258472362,,0.586523093028278,0.5844854098824297,0.5862671236579614,,,,0.5873137674953415,0.586838435739379,0.5866668688333468,,0.5869086607472026,,0.5879188004776883,0.5863698314495387,0.5886716199258873,0.5867636517137308,0.5867408470516782,0.586519479152392,,0.5862607717500882,,,0.588618098484089,,0.5877135484059572,,0.5863496998264526,0.5854267570501192,0.5869499456562209,0.5879850177605549,,0.5872368809666968,0.5863955886202185,,0.5874216644942041,0.5876954686867647,0.5858817703527412,0.5888697261293947,0.5856126754262332,0.5876320463103197,0.5857841759304042,0.5870402846716206,0.586747052701033,0.5870484262819996,,,,,0.5871711295376311,0.5880746788428666,0.5865886656394224,0.5875066809062308,,,,0.5881149093722278,,,,0.5876264500453248,0.5853260800781702,0.5884431801485276,,0.5875048295305699,0.5853896738422495,,,,,0.5872918963011582,,0.5854128915376097,0.5858838689095279,,,,,0.5859083841960142,0.5859317666529864,0.5869010697193568,0.5858140343481973,0.5880768638523304,,0.5874846657014995,,,0.5875872573464368,0.5855038432096101,0.5858454003673977,,0.58635423400845,,,0.5877739917756227,0.5867866098677262,0.586144301023816,0.5866340375167367,0.5854236380415893,0.5858630666731549,0.5869837288859763,,,,,,,0.5877464285192253,0.586980324841146,0.5863114019180736,0.5885371078655093,0.5881439257325947,0.5873991737056146,,0.5868316488759706,0.5860647939690508,0.5876450847388328,,0.5876186885936691,0.5870540621093384,0.5865355391404039,0.5865432010833197,,0.5866766227216388,0.5873788924028698,,,0.5873052903801389,0.586753765177783,,0.586834891015587,0.5861929885533962,,,,0.585415460446674,0.5857831858539436,,0.5862920993323757,,0.5868968951134494,0.5847640480571048,0.5860396370626877,,0.5862511077265834,0.5883237862917375,0.5870757860162301,,,0.5880119993548962,,0.5861243274054772,0.5882164501560007,,,,0.5872120678267242,0.5878999477103362,,,0.49789181818129596,0.49865299579818323,,0.5471083082245052,0.5472216346657083,,,,0.5896336870586675,0.5905867510912618,0.5894979921947003,
7,5,DG_10pct,20,Z10_F11,10,3PH,223551,221728,True,4109.471652007433,4129.8481549413855,4132.7107851968185,4180.623351412041,4190.250818498255,21.296354976253756,18.257531861740798,4221.821661399654,4216.6576753232575,24.024702162459462,24.04621618807694,11.94261998809744,3.9278000113094893,46.426677710316405,43.08218290293021,21.56737702020839,13.80415006313998,5.279574017395732,26.203239241504374,8.012738358967502,0.733439634601834,0.7309207862554823,,0.7342127816365488,0.7365144933250074,,0.665976480658533,0.5750265595119346,0.5745831935257709,0.5743580404527785,0.574157751582835,0.5815589911605661,,,,,,0.58222129386052,0.5800098515363387,0.5802288922757959,0.5760366243804164,,0.5735412644465305,,0.5749489989307588,0.5750000977798084,,0.5687066305912307,0.5699849533493214,0.5769080971205189,,,0.5788992903378728,0.5779617337737667,,0.5495896961508472,0.5218380528494003,,0.5242158473060337,,0.5193354539636085,,0.5195084205497603,,0.5200745572103973,0.5204764003176167,0.5204529300925694,0.5220126527441977,0.5209593921688174,,0.5212681612040226,0.521365878329429,0.5213804877313559,0.5195087779987889,0.5213791316684522,0.5206157828509653,0.5207655897763271,,0.5153898847335237,0.5154197192757269,0.5156675905513524,,,,,,,,0.5081635404555388,0.5074605916376407,0.5072509622246705,,0.5064460681463722,,0.5074523298553265,0.5075339357427628,0.5069018495854536,0.5079362726396418,0.5067529531144865,0.5078635538992052,0.507572449575635,0.5078716906959957,0.5070453992988434,0.5065717781755087,,,0.47326399676505704,0.4729818917952831,0.19397230129228532,0.19302078943819195,0.19249325772464154,0.1928455578190122,,,,0.19470661189516286,,0.19523657050645218,0.1952820202056868,0.1956317840031357,0.1958376097761067,0.1948505943729953,,0.1948004238246329,,0.19463478930712108,,0.19503122526742037,0.1949849240521302,,0.1953957779228551,0.1952144114217315,0.19464940599945826,0.194862540359098,0.1951588385224087,,0.1950715426465746,,,,0.19459592612672033,,0.19437059374149065,0.19495160233890604,0.1949582521326089,0.19479468094381,0.19493802747097433,,,0.19506983629339156,,0.1945948946151942,0.19515221499903698,0.19475342365742354,,0.195226534012981,0.19515878921419583,0.19514879310456895,,0.19492582157336372,0.1947366194871723,,,0.19522798929887883,0.19553539263252515,0.19504301200333535,,0.19438875062481428,0.19480837004916923,0.19493484969970887,0.19534141751418924,0.1948628872804195,,0.19478374147202498,,0.19490704811896703,0.19450047833090908,,0.19484628968247156,,0.19500976882356302,,,0.19471406002103792,0.19475032223634242,0.19455839147329354,0.1950421884558396,0.19500409032123825,,0.1947247659478819,0.1947361081935626,,0.1949260847453902,,0.19536119320515902,0.1944687749632123,,0.1947196767978318,0.19503016127803854,,,0.19482316784976275,0.19481456596457924,0.1945063377052732,,,0.1945851109352686,0.19503133742722883,0.1947559877607786,,0.1952643781408658,,0.19500661636474473,0.1952424762900875,0.19527722900693398,0.19555145819837996,,0.1951313544029913,,0.1956492447398838,,,,0.19485381038876828,0.19458829229307759,,0.19467482118470558,0.19505992202671005,,0.19455557524633746,0.19510750326925108,0.19502860461528135,,,0.1954206084184022,,0.1954326609915428,0.19531636167464175,0.19526454869362933,,,0.19490744977137495,0.19523786234314988,0.19540224888192206,,,0.19519190809264708,0.1953919429186281,,0.19492351401973831,,0.1949752351333522,0.19540431710231623,,0.1948235751299526,,0.22346998361051,,,0.24040431634930126,,0.18026217037858022,,0.18050675504012795,,0.1801846247346713,0.1805808625058217,0.2658694751925919,,0.26599914164309313,,0.2668206481410318,,0.2657221399660883,,0.2653384970700569,,0.2656403202899391,0.26551106097911836,0.26570708965799267,,,0.26557032278922693,0.2655902402221077,0.26688969563168313,,0.26531870923955125,0.2664297540231971,0.2657003003812381,0.2655852305678417,,0.2655589891675871,,,0.2647290922045199,0.2652379409658142,,0.26578905587301327,0.2648923781337369,,0.26498136099632397,0.26577892332054265,,0.26598063763302393,,0.26648715455471134,,0.2483152826692364,0.24760640103937692,0.24848321594903983,0.24863401656986645,0.24890923128371104,0.24877411514525058,0.24838340785610413,,,0.2490240923059501,,,,0.24837677542508824,0.24957071142705342,,,0.2487996319850893,0.24924316532109006,,,,,,0.2484474081809933,0.24827171473837664,,0.248469461462115,0.24786592126192056,,,0.24845665209797343,0.26641266472703506,0.2655205495584002,0.26508959830912865,,0.26558020756022443,0.26567390160981086,,0.264801033766911,0.26561672805855113,0.2654884630565218,,0.24831468542905433,0.2481430101022561,0.2484807039073026,,0.24780312518881137,,0.2485596891246901,,0.24793763223507417,,,,0.24771989213558607,0.2475288941882085,,0.2650211393517019,0.26587521528964403,0.26551135564536965,0.26527025007664096,,0.26466219071668123,0.2652971211400582,,,,0.2656935036967599,,0.265290935949044,,,0.2649534533541153,0.265431387392411,0.2655180481015535,0.26486541312417566,,0.2662474217586446,,,0.2657497583560024,,0.2655680277614254,0.264678069608945,0.2655842796410121,0.26395169006358926,0.265714679591472,0.26536675059369436,0.24753707123547097,0.24729773488904178,,0.24843701533775847,0.2478324724142661,0.24850629952910183,0.24801479715737873,0.24810676547806976,0.24778708496272214,,,0.24805425328579933,,,0.24702787573684,0.24824220560707777,,0.248022087596862,0.24812031715877397,0.24733596454995146,0.247938440059898,,0.24725566588722947,,0.24814296577571288,0.24791010555995413,0.2479023373860339,0.24823371035933625,0.24826199916928343,,,,0.27547043352259953,0.2749514659119514,0.27511705624893873,0.2742723872987539,0.27473064882778686,,,,,0.269041251236598,0.26955692871379067,,,,,0.18169363125302054,0.1814087276104577,,0.17747980935862936,0.17760774736992102,0.1776753622020813,0.17274797251095983,,,0.017560113747799363,0.01757982360145064,0.017607582809378387,,0.04375352486509264,,0.043890788305893866,0.04393182086462799,0.043918087103884576,0.04411403778317161,0.0440947584061836,,0.04405510594070938,0.04422087949310816,,0.044072782182173115,0.04425422485956763,0.04437254721597813,,0.044186364913071194,,0.04403613447863401,,0.044170559049309874,,0.044181860233899334,0.04422896286672996,0.04416755095619622,,,0.04422056449809039,0.04421580020574271,0.04411470250636164,0.044184900279079405,0.0440789219987776,,0.04413403157323205,0.044934825966259556,,0.04502481909515938,,,0.04451548032514516,0.04498000754264234,,,0.04505366890875116,,,0.045003536352085635,,0.044996946584587395,0.04512143075124942,,0.04502188073325487,0.04496238940343264,0.04494373796208746,0.04495088248882829,0.04483215156342958,,0.044976850204425316,0.04497702689650735,0.04515411188089324,0.0450520193117037,,0.04498195883064583,,,0.04486720438815899,0.044877268220066366,,0.04491959002382172,,0.04486181760642519,0.044971453040119985,,0.04503910991378487,,0.04491874975635439,,0.04502851659320795,0.045044482327016216,0.0450434769018555,,,0.044877392249230784,0.044939772412749095,,,0.04491736962498565,0.044900758288357774,0.045160808511973544,0.04497511198555766,0.04503042401803091,,0.04505603263747067,0.045117467448626276,0.045125769515021535,0.04497710823305146,0.04505395851598154,0.045029961832850116,0.044971212699750344,0.04500022578443586,0.04510617445057444,,,,0.04508970113518992,,,0.04510753031552162,,0.0450818321284825,0.04500965288662251,0.04510362046888074,0.3065266684205661,,0.3065472687934967,,0.3062674387169991,,,0.3057698003299194,,0.3064758976370371,,,,,0.3068457594966767,,,0.3060090980888391,0.3066229875256041,0.3061491273058122,0.3066572814382077,,0.3058163260085827,,,0.305876445011879,,,0.3067036138454469,0.30584681796570157,,,,,,,,0.30750929011721145,0.3079563658653816,0.30700448012503684,,0.3059539089587161,0.30599704872323497,,,0.30552236170275415,0.30480965324826437,,0.3057338841157391,0.30494979688981233,,0.3063749471614118,0.3049571990359048,0.30659713797161475,,0.30506691442251826,,0.30618969131515766,0.3057838079199136,0.30652866352292824,0.3061133165801518,,0.3074534690901177,0.30617546052902883,,0.30234568270051615,0.30608542769455477,0.30592555832569945,0.3063245130732436,0.3060041418276455,0.30654037020718294,0.3060193577327443,,,0.3060050749463467,,0.3060665751106152,,0.3069486868217404,0.3059007638972378,0.3068812336660057,,0.30657906227291815,0.3066484900309073,,,,,,0.30595856008127587,0.30741732816666834,0.3072477919589416,,0.30594666261256787,,0.30597911408141004,,0.30733833948050165,,,0.3061133364916778,,0.3059440692850767,,0.3063835923778953,0.30631547684054644,0.3065642144125142,0.30538143615817304,0.3057294284171845,,,,0.3057462362770715,0.3057244175025148,0.30623907632190167,,0.3063346857582259,,0.30587043560499505,0.3060973966280409,,0.3060400586240699,0.3058931349071607,,0.3058615311316019,,,0.3068064972847283,,5.8140694295621465e-05,5.817502178690226e-05,,5.820199984331286e-05,,0.5378732153390674,0.6011184030290585,0.5342444806419798,0.5332095344806804,,0.04478336049188636,0.5767941352465427,,0.577761821288639,,0.5758821019381652,,,,0.5762872283598267,0.5791350518171864,,,0.5783550397717944,0.5782529262863753,0.5782914001852077,0.5804211291461953,0.5776743303994026,,0.5772585646608644,0.5787069671276905,0.5772547971438304,,,0.5784120409788295,,0.5781599301791608,,0.5780576352199716,0.5763184843535151,,,0.576922514186251,,,0.5791858393359441,,0.5759371462659928,0.5767882457941526,,0.5783695351877381,0.576974036249275,0.5773494899651808,,,0.5781152442319039,0.5789979971485949,0.5780769822268584,,,0.5764963555958149,,0.5763076495377798,,0.5783158779728316,0.5780267787840643,,0.5776645218062969,0.5774007836792329,,,0.5782395689751432,0.5786847468363323,0.5775324057784015,0.5787853378739299,0.5772839809944923,0.5771467808122169,0.5770087701828506,0.5774071682637442,0.5769453759734637,,,,0.5788787819207725,0.5793186196004695,,,0.575641908195969,0.5789890103301585,0.5783013716654788,0.5773509058942324,0.5785796844389147,,0.5781647205979633,0.5777760580028168,,0.5773813835788555,0.5768669497116153,0.5781935816463062,,,,0.5776578965666582,0.5767938551922996,0.5773398516032691,,0.5792651862324789,0.5781145606291724,0.5787040985838523,,0.5769390758074698,,,,0.5794948318301288,0.5771447888223106,,0.5780720021023417,,,0.5760252641140194,0.5779509109969261,,,0.5774506444111233,0.5783686327810604,,0.5765099865756447,0.5798840239431918,0.5783053160151378,,,0.578610459331322,0.5790706355002695,,0.5786920976610047,0.5771738396683632,0.5759697224240679,,0.578612557895248,0.5785007265157556,,0.576609685560843,0.5792710100399893,,0.5769278964587382,,,,,0.5786063127211005,0.5779868820058038,0.5787819490912068,0.5792212245062739,0.579408249749492,,0.5765709965600936,0.5763029428789942,0.5791295684372046,0.5770046999287293,0.5788739260748536,0.5785001865796424,,,0.5783985550479256,,0.577424076105708,0.5784400308219101,0.5776386295601758,,,,,0.5785300186612043,,0.5764921293557403,0.5780674320977842,,,,0.48576673808811216,0.48614444051494177,,,0.5377839105392614,0.580333037067126,0.5798366918116735,,,,0.580734426111372
7,5,DG_10pct,20,Z10_F12,10,3PH,255389,182013,True,4085.8318067660234,4049.1851114954716,4080.8732415682402,4124.191373770333,4108.750341439432,22.29712487995056,19.13142132868418,4145.02718946165,4168.50515881912,4.309964087233711,4.301450404226178,2.14629997295689,0.7124660119591377,46.88449667986795,43.651326385402506,22.5089152102689,14.556130393244263,5.542362583884516,27.871078339951453,0.010557114000263606,0.7349631950423947,,,,,0.7396203576995524,0.6712488842437717,0.5804871591517723,0.5819121588323801,0.5824074817928605,0.581116459159482,0.5883426070253087,,0.5893968020143627,0.5881864696003442,0.5898034957100361,,,0.5885500564260463,0.5883806004124467,,0.5826340397498668,0.5824754795470988,,,0.5836355399373728,0.5775356061129344,0.5769338517507161,,,,0.5865585537830967,,,0.5846718348023248,,0.5302667338972213,,,,0.5256635481262296,,0.5293914550897676,0.5290889216211982,0.5279443891638596,0.5273706774044821,,0.5291697150705718,,0.5296441484766642,0.5294147267328223,0.5283584676064321,0.5287883134343888,,0.5273886525183985,0.529151862945111,0.5299645936393595,0.5241345257408179,,0.5240072534544875,0.5222026347223435,0.5162438768660034,,,,0.5161506142233077,,0.5159904339333841,0.5158911776214764,,0.5163274030558078,0.5172950406744549,0.5143122456814603,0.5148254486427964,,,,0.5160791673590661,0.5144434883540594,0.5155400406365579,0.5161191462606748,,0.5146989028664735,0.5150792219710264,,,,0.4808771840394989,0.20588507117691643,,,0.2049080506264474,,,,0.20748370985979142,,0.20721202970810643,,,,0.20681407585891004,,,,0.2068674453613308,,0.2072509037050232,0.20736032777497831,,0.20689304674504774,,0.20701736263148612,0.2068327769202565,0.2069856031843255,0.20769469352528142,0.20684183408709134,0.20650198665217423,0.20682437764653164,0.2067679468663575,,,,0.2067531297521259,,,,0.2073911177208241,0.20679365987567042,0.20723444369859317,,,0.20673283611305746,0.20660904091860485,0.20620639665067042,0.20649864363590892,0.2069397787599737,0.20720195984832235,0.2064459624893515,0.2066892877417082,0.20658239570364986,0.20717967602658277,0.20646868291758622,,0.20680709795852634,0.20689934549936875,0.20689524236022913,0.20702932461362009,0.20699127638931264,,0.20727412365151748,,,,0.2071822179113949,,0.20718043974386555,0.20680883883926376,,0.2064127976997351,0.2065778990306901,0.20766288757569212,0.20715254634996633,0.20652003991439122,0.2064978516894527,,,0.20651650460210141,0.20683361789418667,,,,0.2068344758149851,,0.20666420921733167,,0.20689772180992444,,0.20679843062917438,0.20683348105988153,0.20698603725934048,,0.20731462184025798,,0.20733942407960218,,0.20717196829840276,,,0.20802440017574575,,0.20723720918096017,,0.20753348985738343,0.20671692362047378,,0.2072750300765175,,,,0.2071460365856236,,0.20751981313094206,0.20792421896226682,,0.20697806398272986,0.2071517969904199,,0.20657148980822373,0.20686304485781415,0.20719111179090993,0.20729539612570919,0.2070080656711377,0.2073585386925739,0.20643898227023078,0.2068058657753369,,0.20686398490123112,0.20760738125267114,0.20676221390452515,0.20795122923847711,0.2066443037398721,0.20695447126918745,0.20692963202062734,0.2070928427802538,0.20726207573393607,0.20718338817380036,0.20742021934303276,,0.2064556009707496,,0.20692063135258834,0.20671887861607624,0.20668863869328943,,0.20749348707702667,,,0.23428740788119515,,0.19212873731135519,0.1921831846451041,,0.19287790175998892,0.19295074232768838,0.19233752526337974,0.19313497968990848,,,,0.27497457685604454,,,,0.2751712556909807,,0.2757032529209822,,,0.27613387459720695,,0.2760466297753016,,0.2770772660527897,0.27602350155040506,,0.2753779065499777,,0.27619437783389944,0.2760483848795636,,0.2761914826306353,,0.2756081056911352,0.2758860128723367,,0.274726948777254,0.2762976911463715,,0.2750532656759535,,0.2763225656136385,,0.27515430429200366,,0.27677965490104683,,0.25884259461024256,0.2581768430505299,,,,,0.25890692204267934,0.2590538587673099,0.2589429548976937,0.2581838223783634,0.2584436886617254,0.2590186781473314,,,,,0.2590724699915048,0.25860753318813345,0.25981174652852657,0.2585815044605875,0.2594375868140636,0.25848993444974405,0.259143651404385,,0.2593016759383543,0.2591047116893361,0.25877480870396746,,0.2590474861018301,,,0.25852451612199945,,,,0.27577756810454307,,,0.275627824087834,0.27499924817580756,0.27517181060772183,0.27561316268094593,,,,,0.2581677412689071,0.2579399576650809,,0.2591919499048465,0.2583214304799879,0.2584147947951777,0.25897646398259433,0.25862320567648966,,0.2581988060488117,0.2585849727193514,0.25783133031731165,0.2751870382799888,0.2752910683940558,,,,,0.27545002057801304,0.2744089029110203,,,,,0.27551736054952003,,0.2760018168014403,,,0.27458577938805656,,0.27585724665603484,0.2747647771530535,0.2747451445184783,0.27564955821653525,0.27552425800064384,0.27538486041722776,0.2751789907176217,0.2754617185512036,,,0.2753080481956864,,,0.2591631151273765,,0.25867609103650646,0.2573421229856457,0.25844360582720655,0.25849518344688366,,,0.2582987649612256,0.2585599093777216,,,,,0.25875396583701266,0.2588496971622419,0.2582094553079482,,,0.25845535795122837,,,,0.2586640230703196,0.25891934441677356,0.25791965490862906,,0.25875197531191063,,,,,,,,0.28420836758875895,0.2857401104232789,0.2795798289934328,,,,0.27877761727480055,0.2794615407461439,0.19533926712436706,0.19558838838302509,0.19468993034003967,0.193687872587394,0.19404716504893066,0.19399206558665338,,,0.18930578540971252,0.18409175195166685,,0.18455014909829598,,,,,0.007814598715277728,0.007833511016476467,,0.007883444280647559,,,0.007896009305724072,0.007897075126486488,0.007903688268576755,0.007938697557493157,,0.007888856411547508,,0.00797220696951111,0.00796736610764099,0.007910398532223884,0.007905428057840762,0.007903491447412548,,0.007919372553907573,,,0.00791146332809713,0.007935716794584845,0.007916163442810573,0.007924562072836368,0.00790224544441278,,0.007902293997952649,,0.00790755193810786,,0.007896594476547137,0.008083928214393033,,0.008049914726468809,0.00807109117584445,,0.007983251563190887,0.008077464866115453,0.008102710959736888,0.008106946259872844,0.008107831049744326,,,0.008086684751998155,0.00806925340389391,0.00804864069810223,,,0.008085757622157528,0.0080389512539479,,0.008058899190267593,,0.008073383706574112,,,,,0.00805444015348129,,0.008047567248248257,0.008059167489105077,,,,0.00807554935923601,,,0.008059025795761402,0.008060759119495008,,0.008048651403425807,,,,,,0.008091998447976688,,,0.008050847021205646,,0.008054635141276866,0.008066006528598334,,,,,0.008048709683831156,0.008100980193788925,0.008073792382304773,0.008042861958584637,0.008037426644471178,0.008076250989901976,0.008060683621874854,,,0.00806132974610039,0.008058735067755278,0.008059961097324653,0.008072440207669094,0.008033821256072677,0.00804845510365881,,,,0.008076357308588996,0.008056612748050855,0.00806962861507233,0.3155168909497837,0.315532765925462,0.3159428455134073,,0.3151786469350181,0.3158167122782929,,0.3153299717500706,,0.3150453242053072,0.31578249665454283,0.31537731669617103,,,,0.3157309941937352,0.3155448330770538,0.31611652767397275,0.3159818488509228,,0.3164452380807401,0.3158474262380009,0.3157134522725876,0.31581973895388454,,0.3151265531397274,,,0.31523712615240673,,0.3149973210306236,0.3164969196846556,,0.31613784802429895,,,0.3164311234815144,0.31608061439841173,0.315749242933754,,,0.3145777284105234,,0.3140976372204121,,,,0.31454134980883053,0.31492188612002775,,0.3154061717194741,0.31544415710119805,0.3149744217484296,0.3144308416076365,,0.31582059988080396,0.3144621163492046,,,,0.31551411603218005,,0.3160480585010056,0.31590675681709196,,,0.31532233894133904,0.3149493336913609,,0.3143648145647179,,0.3148571786079241,0.3140304719983015,0.3153146148338764,0.31552525542947446,0.31611327906287917,,0.31532111138882124,0.3160980598747157,,0.31545462636268917,0.3157346838243946,0.3157369104777415,,,0.316677370206939,,0.3172097350593674,0.3156475892910546,0.3160825203622666,,0.3157809042714379,0.31539275281253243,0.31540066036494235,,,0.3157754582120139,,,,0.31662999316442153,0.31571260892255654,0.3145966898565758,0.3159983143063273,,,0.31492256790267076,0.3149509007838895,0.3151241883961385,0.31518564220259837,,,0.31476005577552507,0.3153006321836145,0.3140097309452163,,0.3139648757321768,0.31552423727392026,0.3143458799480955,0.3142759127367865,,0.3144373830136955,,,0.3153217183897705,0.31549562991908214,,,0.0607655803548678,0.061047965398247195,0.06093437368554219,,0.0610010716646673,0.06100942964278235,0.54468067581618,0.6069599385921757,,0.5422878572295889,0.5410163538768019,0.007990647970593347,0.5858593790960048,,0.5841546813808387,0.5873307020708085,0.5854970849677756,0.5852018109458613,0.5841775852697356,0.5841068511527695,0.5866437421064237,,,0.5847168246592411,,0.5856029376094578,0.5841984779010313,0.5839191572554981,0.5843660106273355,,0.585333772318883,0.5853898198874147,0.584214500654907,0.584301858571855,,0.5841307425049729,0.5839086127420796,0.5852955450457453,,,0.583251483842108,,0.584274146395722,,,,0.584667544936912,,,,0.5854770853377685,,0.5850590031019856,,0.583784601419381,0.5847443226767205,,0.5857508328167993,,0.5856536465277451,0.5839390213816816,0.584333204703457,0.5834220135913674,0.5862924535357579,0.5843991009636607,,0.5869162287537806,,,0.5853523693260289,,,,0.5844848372198507,,0.5872574052735178,0.583907647645049,0.5846310232818837,,0.5857201329472385,,0.5834914174729374,0.5854691811814748,0.5856734512333551,0.5846381726356868,,0.5847236345838145,0.5854599246094754,0.585145355616432,,0.5845451332258689,,0.5862976558563325,,0.5837121590029376,0.5864296865416336,0.5853825276052982,0.5863793193531952,0.584644721249348,0.5844625513575831,0.5853892385239641,0.5840158720353524,0.5846121882856978,0.5859649712646858,0.5837903167526491,0.5837216991962113,,0.5860894068331626,0.583700567312382,0.5842343051735567,0.5854490687439143,0.5857928144957574,,0.5874465117979825,0.5834866168220397,0.5852417300754615,,0.5841816696408073,,0.5850387686265593,0.5831945801588834,0.5863199633563059,0.5849422705630221,,0.5841884291390428,0.5848498817988154,,,,,,0.5840213025905447,0.5843144710891495,0.5835038777941968,0.5839053091616315,0.5840917634825215,0.5849892608474118,0.5842402678404817,,0.5860787876957742,0.585423891043082,,0.5848146522380724,0.5861638208073335,0.5863429050876318,,0.5853266427118404,0.5866443092190794,,,0.584778543909716,0.5865278328542208,0.5841133113578507,,,0.585711504939721,0.5844348621952516,0.5852018242345047,,0.5856001487842183,,0.5855560547854011,,,0.5845142497983401,0.5847548828928489,,0.5846316067212687,,,0.5839976612393929,0.5841702994412998,,0.5835400857781389,0.5838811238035714,,,0.5853134644891531,,0.585409318877366,0.4961123915308247,0.4941883645866541,0.49627670571439053,,0.5430263709632953,0.5437737738968603,,,,,0.5872716610694855,0.5881532091773314
7,5,DG_10pct,20,Z11_F01,11,SLG_A,175087,182020,True,3184.9842871962164,3180.30630137365,3217.263153006631,3291.014325675015,3286.356870360745,112.87643802422055,125.03934515391792,3708.6336317037794,3741.7768332395194,3996.2784267831025,1196.3749878967194,562.546730600224,180.79390913133545,75.8766429684957,72.23551725402189,112.46896728553519,120.03252224585736,25.708063461591955,251.64124466998237,426.7817868606575,0.7777599616579675,0.7756858287291498,0.7743907312236962,,0.8637131567116181,,0.8429897599492587,0.6631716199041067,0.6618465689624503,0.6609072254750769,0.8239058523064862,,0.6614570817413254,0.6617490616541156,0.8340361699756152,0.8344296398355879,0.8324942842503837,,,,0.6643541357208256,0.6640136956619521,,,0.6629312860289874,0.6625333800437846,0.6568158306531918,0.6579291030848009,0.6579776200482907,0.664364919514489,,0.6648901330157161,,0.6650953528775942,0.665980395880888,0.6352677142348093,,,0.6365594972237018,0.6386908236413846,0.6395649285682858,,0.6401891533877572,,0.640141149836057,,0.6410889723142625,0.6406256718381437,0.6391684677535419,,,0.6394126571150036,0.6406476771409829,0.639531739952794,0.6389050402443276,0.6385697791739577,0.6399427685218632,0.6021894569882489,0.6049443933844845,0.8368485586972103,,,,,,,0.5972881372931133,0.5971530544128304,,0.5980526532683041,,0.5994081843261435,0.5991296730675216,0.5972992531858575,0.5976399923729001,,0.5952561870358005,,0.5986502384147181,,,,,,,,0.6036804552969997,0.6046455233008138,0.8956367822133318,0.5482452506669917,0.5502927438872571,,0.5502361005152177,,,0.3289395821868131,0.32932740037842195,0.32920438344335184,,,,,,0.3300366975375753,0.32882133067546354,0.3278375400612581,0.3291133101735871,0.3291017117870524,,0.3302020686716502,0.3308074578340265,0.33000000376002314,0.3294557665830591,0.3288405976515012,0.32881413141563876,0.3298342367776965,,,,0.32971518849085046,,0.3298848432366911,0.33067488271931667,,,0.3287642265384237,,0.33027055288380924,0.32852443590821606,,0.32885090953818924,0.32877500766902423,0.32949722163995304,0.32923580056892493,,,0.3287387138349726,,,0.921457734418561,0.9196088086023806,0.9217125480226035,,,0.9208504981405983,0.9197937578511728,0.9195877917067107,0.9194511542427494,0.9225850069256356,0.9229931785883347,0.921563569021721,,,0.9226876916251484,0.9211108361511081,,0.9205606822060397,0.9217076839479615,,0.9193294939483146,0.9207035699337605,,,0.9192009672851305,0.9210305488532738,,,0.918494590347037,,0.918126096373251,0.9193636120584475,0.9236816339369538,0.9209454884704139,0.9193738537765045,0.9198095116088573,,0.9233347942329915,0.9237227105542062,,,,0.9210850424197187,0.9197681064196171,,,,0.8997599117412448,0.9011516010214048,0.9048523853461121,,,,,0.8998625584754818,0.9027533705764177,0.8990606884771385,0.8992287138489352,0.8996069092590436,,0.9007176867164609,,,0.8990928590377091,,,0.8977786870700408,0.9028150649877391,0.898729939773519,,,0.8992388015553617,,,0.8983685404063859,0.9026116377249256,,,,,,0.9004107333310587,,,0.9004267064110459,,,0.9015812235644394,,0.8966768524546412,0.8984835460648226,,0.8999637662309344,0.8988041306856659,0.9006027711602532,0.9005620163234609,0.898404485363277,0.5523923409704643,,,0.37092165796705034,0.30873878022472473,,0.544337126526214,0.545953075116279,,,0.5459287363952741,0.3941482873998516,0.3948943581927943,0.3947054818759069,,0.39438415373701724,0.39424901788530214,0.3942930264089929,,,0.3945834437062976,0.3953859001639102,,,0.39479212529604085,0.39471535250014406,0.39360295855924693,0.39376934017927856,0.3953131773566109,,0.39467864946008685,,,0.3943798928007175,,0.3936047413560024,0.39467402751825853,0.3942038882806511,,0.3937846374914813,0.3936858914696096,0.39376412859282195,0.39531479481885473,,,,,,0.3955509830054659,0.3951623805812656,0.39341690057064105,,0.3768299244044745,0.3777461640154257,0.3776883765989226,0.37782162130895763,,,,,0.37803456617331793,0.3777491532596692,0.3767168568371397,0.3777305682260876,,0.3765193889037798,,0.37869307958232684,,0.37739859308912793,0.37711356914833616,0.3784710426692726,,0.3770729013177799,,,0.3753519065497602,0.37582776044549465,0.3765019635048247,,0.3774421329412152,0.3785046121881329,0.3772227631334945,,0.9223648638437756,,,0.9246396635533375,,0.9255664672376025,,,0.923310211781654,,,,0.9216491043162371,0.9217666608341747,,0.9231576987405855,0.924513663434511,,,,,,0.9209736129072725,0.9228809095763674,0.9220462476170257,,0.9223671941124478,,,0.9242096695707059,0.9196965746055167,0.9228768827529212,0.9236298301022674,0.9206132060991112,0.9246286694960787,,,,0.9226018917840978,,,,0.9257503852605634,0.9221188243486669,,0.9232602827742693,0.9233517097366157,0.9262667618798837,,0.9261606814146546,0.9241580459326909,0.9263450547016752,,0.9240090253832923,0.92465068160568,,0.9241538235768806,0.9196231724504408,0.9212642222567458,0.9243474748836336,0.9201571178844085,,0.922508768214834,0.918608827191586,,0.9225459084713507,0.9235082892689634,,0.9220900323882537,0.9202492805514919,0.9245439428707403,,0.91970279749355,0.9248496626321563,0.9214983626326995,0.9238807685648072,0.9227802652354474,0.9235095459103408,,0.9218284152787991,,,,0.924182888785708,0.9229126079195252,0.9013022373357641,0.9023762323798378,0.9016489328332123,,,,,0.40456681602848826,,0.5817789736167863,0.5812546773132226,,,0.5816176506549301,,,,,,0.5448540161788304,0.5452768925642104,0.533295277171595,0.533391955467237,0.5335840681909831,0.5181649272512949,,0.5179961590617119,0.1566402226134819,,0.9173349362535941,0.0505942063463206,,,6.551164327218512e-05,,,,0.9591290183091638,0.9601060441491159,0.9578185377366318,,0.014183611734930785,0.9575851505195349,,,,,0.5343657718735848,0.5332722004679764,,0.533575755510487,0.533464786148289,0.5339473508693605,,0.5323658640592076,,,,0.5346029168371179,0.534147658470766,0.5321349064400895,0.5342300178057119,0.5336352172071408,0.5321700253241685,0.8972752492839746,0.8992238222638047,,,,,,0.07874037097857799,0.07898524348553584,,0.9831357024121035,0.9836958499547291,0.9819453740484887,,,0.8933456015012289,0.8948655237981764,,,0.5422079186541854,0.5428354713246484,0.542002343344941,,0.5423824753755354,,0.542004383651863,0.5431385680190386,0.5422396294474264,0.5430320874525395,0.5414651967752829,,,0.5430517279892816,,0.5418076653365628,,,,,0.5431822994616103,0.5419821479342993,0.5416297832178841,0.5427925808534984,0.5428910773640467,0.5434624643469312,,0.5404314693155671,0.541716436051515,0.5428217158212493,,,0.5426800764344175,0.5417578133983136,0.542261551495826,,0.5422305302043688,0.5430033880487796,,0.5411851529337018,,,0.5429219422225656,0.5413333563661783,0.5433411281761678,0.5449358477617868,0.5430167634953232,0.5417423102826621,0.5428606913306211,0.5429255707246269,,0.5429163431216257,0.5439758667973744,,0.5433781609828161,0.5420033875061244,0.5431055217622,,0.543078596179975,,0.9007739519675055,0.902065777239612,0.9001883451131085,,,0.9001580710894723,0.8995951455821511,,0.9028408457937898,0.9012143298812534,0.9023939091414852,,,,,,0.43098897190566116,0.4316689914876329,,,0.4310647632914734,,0.43132599820589584,0.4317447144962963,,,,,0.4316023777928502,0.4305123953087548,0.9019160047882373,0.9021777422561456,,,0.90217445618126,,,0.9030060687231867,0.9261201833268902,0.9250902599962094,0.9242901595608957,,0.9234726139360814,,0.9218527600004595,,0.9220157161634998,,0.9229125680593391,0.9229442526659596,0.9232047182331089,,0.4312437381826192,0.43009138321655355,0.4308085186778149,,0.43097803634523685,0.4314002223572546,0.4313908726815408,0.4308351068818993,,,0.4319123121052953,0.4313325355033833,0.42568842299123677,0.4297207194753778,0.43029766424830823,,,0.9228145882450557,0.925156853237991,0.9209810453467907,0.9255324628576306,0.921512281788844,,0.9014124129625322,0.9025232635640636,,0.9025775714134924,0.9009579634540087,0.9033146190696795,,0.9027559562169025,,,,,,,0.9036513602889344,,0.9027628889101863,0.9026031204145334,0.9024958102600966,,0.9005755243943012,,,,,0.9013716351821316,0.9259778939592171,0.9248216374791882,,0.9257317076081696,0.9272185903061366,,0.9251901425559563,0.923457285870773,,0.9259556788535945,0.9215159448734568,0.9224296285016105,0.9212238866613531,,0.9211188861394742,,,,0.9246284365333961,,0.9249859526934204,0.9254587508901654,0.9239589821969078,0.9239886570169781,,,0.5028698480804259,,,0.5024280659390773,0.5034765203955454,0.5028098987761142,0.8391926181556599,0.8328744681710655,,,0.6478217489128861,0.049676027369400876,,,0.6650291370681732,0.6660226418095705,0.6649673579252169,0.6634334144445152,,0.6643622289343847,0.6615574689177491,,,0.6649242238598364,,0.6624077142836446,,,,0.6647932350213004,,0.6631519070106277,0.6639538801372965,,0.6650691107748741,,,0.6644809485175683,0.6649797656831308,,0.6621123183545153,0.6635462809356677,,,,,0.662776934789751,,0.661985066156295,0.6634253897688766,0.6641619342472453,0.6658841217937715,0.6632570015289888,,,0.664226912871801,0.6626734372550388,,0.6630282230673029,0.6655937446288115,,,,0.6640674801450313,0.6621667255914048,,,0.6636178235168544,0.6621016464697137,0.6626491800496824,0.6647745482704334,0.66504169534554,0.6629928993620546,,,0.6649485750363435,,0.6653650153002875,,,0.663031999150338,,0.6647127029821247,0.6635712131991992,,0.6643929053156867,0.6639391779992182,0.6646177287954981,0.6641299699432054,,0.6630098863646812,,0.6636283607786301,0.6623809923573127,,0.6639260794962211,,0.6654515379956899,0.6624669473474387,0.6640193451481601,0.662180992457282,0.6625003242595215,,,,0.6645939520392607,0.6656624068075514,0.6627628582203365,,,0.6624939319863259,,0.6644098072793637,0.6627585070547752,,,,0.6646425193524778,,,0.6634298994566653,0.6645703118203138,,0.6633627350952523,0.6650983832063053,,0.6646348557322723,0.6637040625811456,,0.6630899161020612,0.6643631323688769,0.664690191138484,,,0.66277522722169,,,0.6644202929612524,0.6625994047959597,0.6638177557327865,0.6635222685701752,0.6638119993412636,,0.6633224648630892,,,0.6652804682207419,,,,,0.6645402622032265,,0.6626160630683662,,,0.6651505027200806,,0.6651068394726939,,,0.6643759134879952,0.662115280696516,0.6612428339176526,0.6630966831439277,,0.6637095090439362,,0.6635058556928239,,0.6638032382879177,,0.6644694550366852,0.663725448782721,0.6646335470443416,0.663353984258906,0.6654228950127493,0.6659188379252465,,,,0.6152048392798858,0.6131653666217203,0.6245893273534747,0.8373938757479705,,,0.6629456618773785,,0.834158998501181,,0.94952613427642
7,5,DG_10pct,20,Z11_F02,11,SLG_A,175086,182019,True,3327.428502139788,3329.3150750836226,3329.793276297583,3421.1679158771362,3422.514441406908,118.94733224476914,131.60154973032664,3874.822880483825,3886.059416037506,4210.119518816348,1157.0058273439415,544.4325336706218,175.44908903602482,77.89822435554959,75.21299190280432,119.77624352948672,127.854667261838,25.845443277079276,267.1538139150329,456.4868455276346,,0.7723605105666886,0.7725127874303078,0.7847860736266032,0.8599330728819932,0.9504454445794267,0.8423564195923579,0.6558170589413079,0.6561022248856953,0.6542751525079517,0.8230244494830672,,,0.6484877824443152,0.8334368352333597,0.8325348684370025,0.8358644136679223,0.9472661563404889,0.9452935560357099,0.9461747122309784,0.6574520082895788,,,,0.6570788140219453,0.6588790935180339,0.6519117529839796,,0.6503671666861981,0.6597077230624462,0.6591810081793957,,0.6583864571827185,0.658559506845278,0.6594924654426444,,,0.6316013927242243,0.6314208838298486,0.6312661956661317,0.6339921229845438,,0.635716750958774,0.631003254555855,,0.6353700360816609,0.6348029908256058,,,0.6341815753628157,0.6348768993878967,0.634119542396432,,0.6344949806496346,0.6335876178911545,0.6345203801248002,0.6364583219902599,0.5865442571112507,,0.8371865311674195,,,,0.5815940635596697,0.5777156597120474,,0.5798059359059153,,0.5807106886786735,0.5819156573106877,,,,0.5784241624457661,0.5808315976132812,,0.5803956973737359,,,,,0.579659752778928,,,,0.5988378593038137,0.5989259915636229,,,0.5496887066527606,,0.5499835712733875,0.5516448152187708,,0.5487626170595757,0.29974378740144386,,,0.2998868856142534,0.3001514588859676,,0.29928534316330774,0.29976129105061233,0.30017245276347504,0.3001833281496171,0.2994823914359054,0.3005032980731589,,,,,,,0.29954169495303007,,0.299533381838014,0.2993480330078061,0.29916510313439276,0.2992736989639862,,,0.2994208070452164,,0.2997730107330939,0.2996446876831642,,,,0.299784092646993,0.29917418950412816,,,0.29973809177956495,,0.2999207836998993,0.29887210138450154,0.29984214934984993,,0.9152467252831255,,0.9130529139697254,0.9180028301686279,,0.9195016130187741,,,0.9162040017837371,0.9165237457714492,0.9155035334919003,,,,0.9164251393449474,,,0.9146444849777107,0.9180205962232686,0.9168453233470102,0.917257418121263,,0.9116734384656848,,0.9156305366479152,,,,0.9174342215889674,0.9156924574949721,0.9163733816244973,0.9179735331226926,,,,0.9192202019430208,,0.9155366019603891,0.9174360191776335,,0.920375087309075,0.9132965677942727,,0.9157596364119179,,,0.9041806826786756,0.903486075752047,,0.9041162815293838,0.9046535351883004,,0.9051402296961305,0.9053774971390319,,0.902513101808486,,,,,0.905017086540448,,0.9058221246133245,0.9042944650687817,0.9052261210472259,,0.9037437554361062,0.9064835468656808,,0.9052498701499855,,,0.9038174314240003,0.9041851557147236,0.9017203943088004,,0.9035029390672251,0.9036256361205053,0.9053100580030118,,0.9033096036848051,0.9069157256714279,0.9057058312992069,0.9074111806439978,0.9038084284249822,,0.9044418183366567,,,0.9066289231222552,0.9047612385615758,,,0.9040245782889239,0.906378067712437,,0.9041475177227213,0.9054277987092758,0.5526266313403722,0.5516041831393453,,,0.27628763639435333,,0.547124289263739,,0.5467516729736176,0.5453825786308728,,0.36883807166549676,,0.3689248277094535,0.3692859419000814,,0.36815762356698845,,,,0.3685648411606661,0.3682925303591763,,,0.36799437772829935,0.36859482398568083,,,0.36895305197045175,,,0.3694657886298513,,,,0.3684011708510915,0.3691051814013277,0.3690425165075076,,0.3678400101113554,0.36876993347486725,0.36863299787229864,0.3684260941707684,0.3692758197868393,0.3688083259112807,,,0.3686413860010861,0.36816906404826644,,,0.34978476402634656,,0.3503018809796802,,,,0.35041174930207974,0.3506928376044705,,0.3513847570467555,0.3510329540516017,,0.3513446314236606,0.3509534483257811,0.3516295983310171,0.35111661523325804,,0.3512465008797283,,,0.351842013285643,0.3497911064798061,0.35082237019921975,0.35073114862744365,0.3506229359694951,0.3503655722489565,0.35112272707525866,0.35068849530838087,0.35154632862960167,,0.35086434463698996,0.3510020998650762,0.9177116955137024,,,0.9175052078817285,0.9180718833312771,0.9224272125079388,0.9213149442471101,0.9194678165029424,0.9179202190039963,0.9171959050265912,,,0.9188356992498224,,,0.9192697613381935,,0.9213772049334613,0.9214200914804118,0.9156146044708322,,0.9166982892906619,0.9156228814701168,0.9162195924249967,,,,,0.9197389609091996,,0.9197796991801664,,,,0.9177890244846667,0.9196314758308242,,0.920737308129591,0.9188423203916083,0.9181268906792208,,,,,,0.9192102510580086,,,,,0.9174991393733141,0.9186687493039152,0.9165154055388632,,0.9180068735517231,,,0.9187641543371976,,,,0.9187832164040428,,0.9181643598781288,0.9193101289901208,0.9179486817195881,,0.918603926144666,0.9188603909505119,0.9187840877545161,0.9166055917957533,0.9188865845909124,,0.9180735280968418,0.917216536204555,,0.9206663487030591,0.9190611752833839,0.920625600728511,,,,0.9198614082128953,,,,0.9053526096773029,,,0.9039418433140712,,,0.38036794931059176,0.3800903474227394,,,,0.5797194699767995,,,0.5819691830761394,0.2825855850325099,0.9072095487725483,,0.5468320682275969,,,,,0.5329510885387165,0.5197226656460403,0.5190289078618968,0.5188197786977417,0.11223009116399996,0.9169583822601541,0.9188932509536506,,0.9452440300494226,0.922485812801631,,0.95232983164784,0.9141187935524432,0.9555476439464499,0.9569882160295956,0.9527448901715894,,0.9533533619596873,0.028269633087117517,0.9567659240207365,,,0.964227810295423,0.5380471368227213,0.5363387267795398,,,0.5368481000741416,0.53692338942846,,0.5384370320295727,0.5350858331793954,0.5355759530443958,0.5378867933268316,,0.5359378956742611,0.5375235512153225,0.5363668660510419,0.5371614239949564,0.5370668499827529,,,0.898403387661112,,0.8978827952797453,,,,,,0.09004344978577124,,0.9823783523226919,0.9775878322919841,0.9820404832060365,,0.8962369263715135,,0.8965460320431932,0.5463498724001181,,0.5462686875938026,0.5446972855725027,0.5472837506909135,0.5452903604265669,0.5476359445586751,0.5451005109667887,,0.5453438826596572,,0.5451189124031629,0.5467204761091156,,0.5456969263034557,0.5451319546025597,0.5479260996818376,,0.5448162692490268,,0.5455145995804014,,,,,,,,,0.5458547348725601,,0.5440230135620223,0.5453992071561683,0.544769671003384,,,0.5450713882219402,0.5480425003184243,,0.5456411311618764,0.5472318864780507,,,,0.5474830801608421,,,,0.5465858298876598,0.5458777138308867,0.5479647188963599,0.5463459705807405,0.5454978253013696,,0.5461726374191914,,0.5468922392823942,0.5453511869065445,,,0.9028002031379985,0.9060979736230795,0.9070170148166823,,0.906268155728555,0.9039998839267916,,0.9050451883515709,0.9051921952961351,,0.9033655282476196,0.9028644695465988,0.4092499304615028,,0.40884402013094495,,,0.40924257600785274,0.40804489375531106,,0.4082604312455766,,0.4088450908776782,0.4082402392134653,0.40834178950978933,,0.4084315905375429,,0.40940515167330566,0.40755297942604357,0.4082480581494729,,,0.905437942067171,,,,,0.9047328495953153,0.9184260058601237,,,,0.9169276622569682,0.9185376222806249,0.9146640414913819,0.9181382898404149,,0.9179485444759458,,,0.9195907311091303,,0.4084796367360408,,0.4087460721249605,,0.41004504142322223,,0.4090385390400226,0.40918806127508245,0.40824375373359295,,0.40818597395182954,0.4073847009229754,,,0.40674177081070884,,,,,,0.9181466734315973,0.918551025106891,,0.9070940604227755,0.9034016526369401,0.9058365295181275,,,,0.9035767537422421,0.907150007913986,,,0.9066827021789754,0.9057325476629644,,0.9057159590145559,0.9057019377441738,0.9046551734688584,,0.9065354523978545,,0.9047293700139332,,0.9034079035747548,0.9055821402673189,,0.9037398473187189,0.9066274582416683,0.9183852175975306,,,0.9208036850562472,0.9227737374220382,,,,0.9205119998869497,0.919422409659321,0.9157361265679402,,0.91861753766319,0.915122097878918,0.9188599667596319,,,,0.9181346506317489,0.918682994794767,0.9189652987535436,,0.9158073526375679,,0.9181135657009909,0.9219286202690602,0.5097478891652047,,0.5083390878914147,0.5100421810420193,,0.50816014117679,,0.8340202294881721,,0.6442901298040987,0.6432083603262272,0.061839679699250874,0.6566658231385387,0.6575968404124173,0.659170679081473,,0.6586031055524941,,,0.6597776045371321,0.6568382786957793,0.6585225473303958,0.657596696519245,0.6577575476347646,0.6567447665583007,0.6568915935738887,0.6586696213153608,0.6577926206006939,,0.6587968571357183,,,0.6569671309265465,0.6567113221509776,0.6568934492974107,,0.6563569550853993,,0.6571263042291917,0.6574659021331049,,,,0.6581489134572058,0.6587402106026069,0.6588460740535915,,,,0.656603339063217,,,,0.6592808943703815,0.6609543096711039,,,0.6572987320208021,0.6590760336941776,0.658621620058302,,,,0.6573579807334038,0.658750612264509,0.657627168184723,,,,0.6594514318505168,0.6571227607282517,0.6570586914748939,,,0.6564332781715491,0.6578398745692277,,0.657905819982047,0.656829375398576,,0.658285873713379,,0.6579122887995856,0.6574817622380269,0.6587218353524358,,,,,0.6592553904048067,,0.6571416680381514,,,0.6583563556592038,0.6576837855200892,0.6587816218057114,0.6569088378896252,,,0.6585586537116598,0.6579540023530193,,,0.6565581709091114,0.6572570211073929,,0.6565416461384791,,0.6582443286943344,0.6581523316676103,,,0.6588123040859597,,,0.6577833969535504,,,0.6581858180494439,0.6562715604576758,0.6580409990549183,0.6572440315327263,0.656856763490452,0.6571593295675585,0.65775597206118,,,0.6578591598766629,0.6575647933848005,0.6587598283017334,,0.6580636109490255,0.658334095060011,0.6603771600269908,0.6564669350864797,,0.6569292589013244,0.659635900036967,0.6575403713855915,0.6563867252579811,0.6563935175907791,0.6574870604862897,0.6566238164909,0.6573354549224152,0.6582731675401725,,,0.6572310882830711,,,,,,,0.657178428155918,,0.6581643104633407,,,0.6579257445422698,0.6583718768168539,,0.659014050442906,0.6609890913343923,0.6602569142687957,,,,,,0.6584743223595236,0.6582593898052015,0.6575569269251965,,,0.6569678569580779,0.6587725997524835,0.6597841929856416,,,0.6069710585745075,0.6056827719720832,0.6096430404865696,0.8361319620726144,0.9387503716155876,0.6468253327503704,0.648609483502743,0.83349875856417,0.8321117227548058,0.9448822052200854,
7,5,DG_10pct,20,Z11_F03,11,SLG_A,175086,182019,True,3330.2087087069076,3325.6570567677636,3340.804238195643,3423.2488377873715,3414.6683887603026,119.25550019007797,132.1100832835518,3879.9740391360983,3922.318731252984,4219.43491014357,1163.5001172481964,549.1551786418678,175.20351234010369,78.05728062909223,75.19308982872049,118.21619054272324,127.92272248051367,25.764840404389982,267.58863241340646,454.126646362978,,0.770957999169662,,,0.8600508490835739,,0.8451184362251901,0.6556887967341013,,,,,0.6470540716879578,0.6478620233745439,,0.8353292334180206,,,,0.9497366059678531,0.6566031551360088,0.6570245993984544,,0.655346104886395,0.6582691903471747,,0.6481254713098196,0.6497908794429987,0.6531211567593949,0.658498830634979,,0.6571645399279756,0.6592194992011504,,,,,0.6301929764694133,,0.6336407248326887,0.632311686702349,,0.6327323520053011,,,0.6357663283952167,,0.634156286534592,,0.6341481060570507,0.636181435492736,0.6346264994724016,,,0.6337176894208643,0.6347663898684948,,,,,0.9378668641152879,,,,,0.5816698237386515,0.5828567655185549,,0.5799332259889146,0.581528819513941,0.5801300500531259,0.5810870632523729,0.5814433214921476,0.5811841083212377,0.5816120858885341,0.5809649064467051,0.5811628549712092,0.5810246804583054,0.5801671915414385,0.5805481787428508,0.5827380393253854,,,0.5810737231405685,0.5805455168422767,,0.5993197563009343,0.599755693781593,0.8999537103095674,,0.5501761618515333,0.5507360856815919,0.5525450042076744,,,0.29952083055991524,0.30018680968404676,0.3000825519476176,0.3000258053174061,,0.2997392261172846,0.30046694425927917,,,0.29988940296757965,0.2998029313613216,0.30045232003653927,,0.29961267775136907,,0.29927055914913037,,0.30031801079966847,,0.29890475352799467,,0.29945705494293395,0.3004829750646085,0.2989150747419072,0.29923971808847005,,0.3005541131558468,0.2995590088392927,0.29976709372814286,0.3006911754340267,,0.2998808253874335,0.2985994196367579,0.3002441692170084,0.2993506561731742,0.30025164657248576,,,0.29988747579666114,,0.2994172731390309,0.29908581832188846,,0.9157804517522533,0.9173025303618119,0.9169633363287261,,,0.9178744822897809,0.9149349188268237,0.919171623332016,,0.9158016715832153,,,0.9177566280452268,0.9150877696182197,0.917516213271276,,,0.9172073569752903,,,0.9153796149277782,,,,0.9182322600477149,0.9133486999512205,,0.9129947693918432,,0.918047527579546,,0.9161866801196048,0.915058179408806,0.9156255163599387,0.915707624854757,,,0.9176894165997,,0.9167658359619585,0.9156372420483018,0.9176614403586726,,,0.9150267597169102,0.9055015406543537,,0.9040271179558816,0.9031219139073272,0.9011737497779867,0.9060855162592203,,0.9050756387489495,0.9053734530920751,0.903921973161993,,,0.902215923223084,,0.9032888674173029,0.9040699597725977,0.9034720196248948,0.9056523765756005,0.9031307527975927,0.9069740546694443,0.9060764307260285,,,0.9016681823903919,0.9040162829423138,0.9065857228966407,0.9023602632398025,0.9037906812199329,0.902489121083534,,,,0.9046823222383975,0.9084340661918112,,0.9030048659162013,,,,0.9048633705154473,0.904436000154496,0.9025541405251767,0.9080338020602088,,,,,,0.9049404638366048,,,,0.9028570272878702,,,0.5511210878230378,0.3427716711329143,,0.5469421777586917,0.5465003881908098,0.5453286178337896,0.5450558130575708,0.547165703081906,,0.3698350530796905,0.36911082057190353,0.36930772704001713,0.3690050274739658,0.3700759441410574,0.36809438424547386,0.36833918446159297,,0.3680476734545207,,0.36872265970816837,,,0.3688956376900582,0.3698602425454415,0.37052364795128967,,0.3687772925608721,0.36901744418962823,,0.3686685145577264,0.36876377875260363,,0.3688025589826569,,,,0.36930490888585626,0.36738272321792437,0.369385861903067,0.36883962194680936,,0.36737839464931954,0.3677988300271625,0.3686191935746746,,,0.36819787247216407,,0.36876515362146806,,0.3511448904680041,0.34974841198720075,0.34990659356056153,0.3504013155165235,0.3510894144252918,0.35022707587508534,,0.3508319006164174,,0.351311424253526,,0.3513794261464721,0.3503543534390821,,0.35074976772785926,0.3508878684602429,0.35035775850458317,0.35178552984976924,,,0.3518378889667994,0.3505843605517772,,0.3506124609605498,0.35106987944480933,0.35034616712461547,,0.3509065432623941,0.3503474768578059,0.3497026802799284,0.35101799220269475,,,0.9202588305490212,,0.9228855920432656,,0.9182619978451595,,0.9202187933925596,0.9203969518799261,0.9203806814004948,0.917539019369124,0.9174919701646927,0.9187643867355669,0.9172054558400556,0.9174738369269845,0.9195502008270061,0.9170518955844131,0.9182127993033999,0.9193426121764593,0.9193822408613626,,0.9192355101372838,0.9200931076601548,0.9183053616353605,0.9178169257924861,0.9193679167563923,0.9173952307513992,0.9166867721600024,0.9186077201526128,0.9194351660616459,0.9175021516891252,0.9164438760924717,0.920468484347317,0.9174045228007677,0.9178223598552843,0.9188012423116553,0.9171854892248852,0.9183258669665109,0.9174663963288762,,0.9201736206189735,0.9206953383932759,0.919933956504237,0.9192770886029835,0.921280247920396,0.9205309229054296,,,0.9192978818922141,0.9210393153195651,0.9179488137610038,0.9208520100344497,,,,0.9204148785775869,,0.9155530877444339,0.9162242727751934,0.9181449243754747,0.9167711666067109,0.9162951190318848,0.9180461342713188,0.917522770332404,0.9194759978076491,,0.9173521091907093,,,0.9168785954603708,0.9163005547092766,0.9201806647636597,0.9199581787538182,0.9197861215931565,,,,,0.9182573977385386,0.9169992947384279,0.9197074758982514,0.9207030942310405,,,0.9190211305364564,,0.9058753595524203,0.905094034687497,0.9049824999503867,0.37939531463304976,,,0.37973867595962263,,,0.5814074259700176,,,,0.5816073700554385,0.282350679941554,,0.9194932491151809,0.5476793849848242,,,,0.5331649315315732,0.5352336167667154,,,0.5197593170270643,0.11210517382271291,,0.92152291886255,6.782735083042869e-05,,,0.014733817091999477,,0.9150875284109705,,0.9534035592209932,,,,,,0.9106108882304145,0.967011919133833,0.9681641707465447,,0.535862186362442,,,0.5377292974513134,,,,0.5364083887754977,,0.5374883351716462,0.5370701497081395,0.5345872824096125,0.5363637521679633,0.5354191914642821,0.5352540503676964,,,0.897881125455413,0.8973404191555826,,,,0.8988176987438697,,0.08999477237502958,,0.0899861702605596,0.9810518135229721,,0.9812517679530325,,0.8942792981462172,0.8950944905536901,0.8956920587726742,0.8946033704550865,0.5469608004471066,0.5450477399741869,,0.5452284665785393,0.5463252981481073,,0.5467665014515085,0.5442877493923624,,,,,,0.5472838036833283,0.5443918799029336,0.5436127047267162,0.5475051419128374,0.547434092586319,0.5472815814309504,0.5456085864936234,0.5462308722318955,,,0.5459027311649136,,,,0.5448593107152958,,,0.5449530612875801,0.5469360376088551,0.5454048427620316,0.5466244167428896,0.5451133355440319,,,,,0.5460829411189264,,0.5464760947556777,0.5470522535831928,0.5467989992546526,0.5458727800276915,0.5457252917359983,0.5472660928830784,0.5457581293729776,0.5450119935218369,0.546753186422605,0.545166939984641,0.5464684626439429,0.5453885941085947,,0.5476230180117707,0.5476366418332913,0.5445947133211506,0.546297442492301,0.5463485365564967,,,0.9041355755485493,,,0.9061496339739855,0.9047346832892227,0.9039267935026832,0.9055611237932101,0.9034706333544801,0.905813420578968,0.9064296099798628,,0.4081748030892564,0.40928805821520103,0.4085594212284824,,0.4085155409881726,0.40865037606815696,0.40908533721850954,0.4086178875685371,0.40769658574064865,0.40795385830261655,0.4099480458250957,0.40992245736541627,,,,0.4080207170187042,,0.40842233103393527,,0.9066817261532827,,0.9064571557228955,,,,0.9048448576107089,0.9062057377902858,0.9182599455878289,,,0.9195026828829563,,,0.9153913482847669,0.9181881696591412,0.9147013787703432,,,0.917959928195185,,,,0.40886917815350793,,,0.40824494586460247,,,0.4081555417734992,0.4101472095234283,0.4090395195203488,0.40983827485281377,,0.40317275554636645,0.4075266132728996,0.40710000878274827,0.917495763895758,,0.916660415138873,0.9186971199499959,0.9186580585699529,,0.9187910534426624,,0.9098323611922163,,,0.9073726115413304,0.9060958724332807,,0.9054815176881429,,,0.9004956500210625,,,0.9068857313924762,,0.9038529991477603,0.9051145907931157,0.9032913122083714,0.9082053676491423,,,,,0.9085738593340142,,0.9078471482919075,0.9056554246309679,,0.9195596784835152,0.921284172395374,0.9194669703735217,0.9188228856470568,,0.9181413494623581,,0.9193696010686849,,0.9156109571492018,0.9147886102055574,,,0.9168873099855048,,,,0.9176665921251335,0.9215844721736134,,0.9204692436644422,,0.9242679242122507,0.9203392321207453,0.9193741957668153,0.5088006761191843,0.5095877494718472,0.5095856929392131,,,0.5080826928890455,0.8439819889501493,,,,0.6448407295482967,,,0.6575496166950371,,,,,,0.6579160932453618,0.6579587805934505,0.6573623040734529,,0.6562363846910219,0.6575631928545196,,0.6585042162233836,0.6573015824687204,,,,,,0.6577327491918458,0.6582581967461298,0.6575886988442691,0.6571848099241895,,0.6590129323697195,,,,0.6581688425355182,0.6575967846002785,,,0.658568957802817,0.6590958723592404,0.6591858539213713,0.658454272778269,0.6554634253021078,0.6594944239578674,,0.659040855726844,,0.6558556427609773,0.6568806337690535,,,0.6584006610816483,0.6578917451287027,,,,0.6572270153452454,0.6577248912921759,,,,0.6567448766929855,0.6571496168263027,0.6582922303749897,0.6577244323562114,0.6584372512966447,,0.6604561188202486,,,0.6578998718572697,,0.6579607054110164,0.6581463685917586,0.6573239416135543,0.6560964832293478,0.6579038062268537,0.6558446543454941,,,,0.6582586617932091,0.6574855100089266,0.657308621076935,0.6572355444907605,0.656383720301492,0.6586899215524331,0.6583983317547102,,0.6589528077666988,0.657235792437259,0.658122429090232,0.6564287288186099,,0.657084493762944,0.6586732171208565,0.6588495679664992,0.6576658069426249,0.6581741596601974,0.6573811623229486,,0.6572588184831801,0.6576881535774999,,,0.6587382516163155,,0.657007536316091,,,0.6582070351594868,0.6566231068470683,,,,,0.6595978754668265,0.6577955180226077,,0.6581268848294596,0.6587741273458961,0.658296063444144,,0.6601681552884157,0.6563878459579601,0.6572428779996633,0.6593967859321883,0.6586857844477148,0.6583319195732392,0.6570346875827984,0.6590094519319957,,,,0.6581860749535051,0.6586767967553765,0.6576563099906274,0.6571487937458971,,,0.6574646155309531,,,0.6578497325475741,0.6579282292900129,0.6577087029913624,0.6584758205482769,0.6578123447183755,,,,0.6569148747225974,,0.6558661192177814,0.6576098979982312,0.6595682180111069,0.6575354800118115,,0.6576122415120201,,0.6598839463943246,0.6587190050483829,0.6580685984128296,0.6561997398603455,0.6576199099848624,,0.6577206852370504,,,,0.6586138133773631,,0.6068288146276511,,,,0.8389132569936001,0.9408552633926077,0.6471926017685619,,0.8340624374046058,,0.9467791346249219,
7,5,DG_10pct,20,Z11_F04,11,SLG_A,175087,182020,True,3185.4899225542113,3193.357383795724,3231.3705829255,3290.991473630301,3280.1031067160934,112.38840535013298,125.06829492521965,3732.302001979801,3729.5322224860292,4006.1231593352754,1197.5231397090581,560.9678657883906,182.0078432739055,76.1625908145678,72.35747459556326,112.60443274224649,119.59718362335627,25.819185213014592,251.0938921334908,425.1313664728194,0.776423663089002,0.7760880990652572,,,0.8614954346018645,0.9556497798668208,0.8475103699909275,0.6602966082739468,0.6628861517651267,0.6630554883009159,0.8214003863872443,0.6620758994283328,0.6625192767569613,,,,,0.9501850926512017,0.950851438880469,,0.6629502697158302,,0.6638647237074122,,0.6635981006598026,0.6634148012910439,,0.6568865462136592,0.6558470404185806,,0.6644771829846468,0.6660706919901285,,0.6642496289745803,,0.6318607283072138,,0.6375102632300609,0.6368240330534645,0.6396558059155482,0.6398296306997091,,,,0.6391465555085246,,0.6419323225946676,,0.6401289363621454,,0.6401416937467834,,,,0.6381570626943157,,0.640250059482508,,0.602374975168283,,0.9453875293417043,0.5975835603230776,0.597975588306843,0.5964419048011269,,,,0.5960595491543633,,,0.5973188082894108,,,0.5975060857175896,0.6002432813883237,0.5985169126876587,0.5970135741309285,,,0.5976843229756107,,,0.5995563261561827,,0.5972491916911893,,,,0.8969928788242083,,0.549812912561865,0.5490836579432499,,0.549320726582314,0.5492258199380918,,0.3297929381742181,0.3295446389762303,,0.3300849264666861,0.3293829208205038,0.3292152988715273,0.32938436948225147,0.32939119528554206,,0.3287221483377408,0.3298349328147133,0.33019453878736355,0.3290060096159389,,,,,0.3304422844665301,,0.329956978766708,0.3283575412160691,0.32977645120306914,0.32976482369983307,0.32996005330550776,0.3293781402102462,0.32868166756213424,,0.32915637420186367,,0.32990629742228333,0.3303417311460911,0.3285420613331881,0.3283902787097379,0.3306665573961967,0.3284567595474304,,0.32869770324802966,,0.3291744345602595,0.3287436716641694,,,,0.9203185781220428,0.9212008221982809,0.9226604679008672,0.920157803015593,,,0.921417111972945,0.9218705225520605,,0.9234674002879268,0.9217510814579878,,0.9208831925767318,0.9215349712348357,,,0.9235068912044088,,,0.9204409725932626,0.9201269711664963,0.919519353105053,0.9226075823251809,0.9204833073219489,0.9207297118509498,,,,0.9219209747639509,0.9205967875909385,0.9222320711521588,0.9183644067887646,,,0.920746760804113,0.9194644056576297,,0.9220108535602237,0.9202807975282729,0.9227379925109945,0.9233183060467102,,,0.9216628141835933,0.9003910745968805,0.900254515744077,0.8994921184594873,,0.9003181336487796,0.899058173127858,,0.8997443337666278,,,,0.9026483800384232,0.8982958246165953,,,,0.9004871014777576,0.9023395636648043,,0.899906711761402,,0.9012446844316296,,0.8988280938210853,0.9001272308753058,0.9009699702834743,0.8997236563115305,,0.9014695178308842,0.901518971470571,,0.8990909459684088,0.9007718440680459,,0.9015663473301189,0.8997681528361628,0.9007374198071088,0.9029593401186936,0.9029731386896639,0.9008380970912646,0.9025563282763793,,0.90048926785758,,0.9012752546196182,,,0.8993178540865476,,,0.9009447933084072,0.8972830777816072,0.9002380575675186,0.552771900323267,,0.5534988238667031,0.37010303824316915,,0.5454144901090906,0.5453185630546826,,0.5449249653815045,0.5439936695429787,,0.39366213922390875,0.39369754213818087,0.39380040361218765,,0.3944046770269766,0.3950270106640785,0.3943350863051719,,0.3957605941117511,,,0.3935979459956877,,,,0.39470363095751787,0.3946319560480806,,,,0.3940834900987212,,,0.3946131040833791,,,0.39379167982467794,,0.39371297958794305,,,,,0.39342686385693526,0.3938202473633949,0.3943937353376539,0.39424480900841086,,0.3946036702263169,0.393275933550221,,0.3777355266113509,,0.3776663731401281,0.377398607270824,,0.37630093223629996,0.37790497688896035,,,0.37864072486384487,,0.3771865961730911,0.37690263632111015,0.37774662176565055,0.37719926601072146,,0.37737294042364805,,0.37793650687201263,0.3762268893934865,0.37752426201760036,,0.37765109014563,,0.37726421600141324,0.37672868986086977,,,0.3768647083643454,0.3764291660678545,,,,,,0.920868553177126,,0.9224057690427057,0.9233660415239688,,0.9258665617016943,,0.9245501820197339,0.922356470752118,,0.9219867352307224,,,,0.9234192208012976,0.9223647933121046,,0.9241317012102429,0.9202765119422737,0.9200783818913287,0.9225086868672274,,,,0.9248878316423491,,,0.9248932202603924,0.922190646284242,0.9235837672652026,0.9229560804959741,0.9215718673608322,,0.9244490546567727,,0.9237953962024248,0.9260509952524447,0.9254986810417388,,0.9256033484721239,0.9243663705487879,0.9247801164819921,,,0.9254136685489917,,0.9249105761421014,,,0.9207021299657534,0.9234271200954314,0.9244928231513092,,0.9231712268412494,0.9213056969788324,0.9202298150708729,0.9247542060912906,,0.9247091732545335,,0.9226220962285404,0.925037698665519,0.9217457051008938,0.9248737608058676,,,,,,,0.9228393512318922,0.9223058019855669,,0.9217082511635537,0.9227682882574342,0.9235568550633902,,0.9263941519093817,0.9240900256002985,,,,,,,0.9023570965999869,0.40410082637481337,,0.40483555791691966,0.40418752342722,0.40385840718237903,0.5815362974792244,0.5815203436628669,,,0.5806341409906022,,,,0.9195410389872904,,0.5460174586383425,0.5474261962145485,,,0.5328950830553445,0.517577878891791,0.5178824428220744,,0.15645882752842202,,0.9214907687046162,0.050664354882196866,0.9359634345610899,,,0.9525795458229278,0.9196054322063199,0.9559537582730758,0.9594292703232117,0.9579886092671764,0.9571824928103974,0.9542012315962688,0.014206639405572872,,0.9161845448323882,0.9650902044704465,,0.5323170575887796,0.5327221991502559,0.5321347186102807,,0.5325924788651185,,0.5315326221308343,0.5336546873368239,0.5335441657652997,,0.532393914346911,,0.5320291249280755,0.5329972958366687,,0.5356351191756052,,,0.8977548816472823,0.8989828427999654,,0.8986789501245028,0.9001603190236014,0.8991720578303447,0.0792040647845221,,,,,,,0.9866722763826622,,0.8944822145783711,0.8943735057559745,0.8970701063218852,0.5407142131157304,0.5421744273966854,,0.5414009783265538,0.5414084214455459,0.5432060895813761,,0.5419384003187796,0.5416110707505007,0.5420703720603665,0.5420608062077887,0.5430633770810857,,,0.5412055386239344,0.5415926891717858,0.5421611824621422,,,0.5411875978188271,,,0.5427063807652927,0.5403795199255346,,,,,0.5430174230533384,,0.5430767125087426,0.5444204488587893,,0.5422483784192488,0.5413065067851499,0.542434897898458,0.5424830240140953,0.5444950789129405,0.5429301494173099,0.5436486474952378,,0.5433805488317046,,0.5431454329050327,0.542349402061286,0.5425702574505684,0.5434329051127186,0.5441012209627468,0.5426017052600222,,,0.5432811984291004,0.5442532129856121,0.5437761350846435,0.5443949149731679,0.5423384282973778,0.5415135542060705,,0.5442952260268996,,,0.8989272706322806,,0.9022592056425507,0.9026698751354472,0.9004836804944862,0.9038325406092514,,0.9034576139366897,0.9006353143348728,0.8995254918274161,0.9016804373073526,,0.43232371118416674,0.4327092544709928,0.4312896842167807,0.43060982468014863,,0.4315625772319676,0.43206361841553215,0.43157015652115155,0.43146870080295807,0.4304206871004879,0.4310858642482791,0.4330260850330337,0.43066086664272984,0.4318428659129391,,0.4301117522205926,0.43165224002885955,0.43126105243088764,0.9035593408147761,0.9023179147684729,0.9036630701473714,0.9046417089392608,0.9021122424909608,0.899499133226734,,0.9036008524867315,,0.9255593270387671,0.9235692033370685,0.9233865519148042,0.9243731427098071,,,0.9209353304794549,,,0.9208487322755652,,,,0.4316980238701464,0.4310680033945272,,0.43136518987515526,,,0.4309080054807147,0.43247604417766367,0.43203740455166756,0.4295303179126388,0.4323349202626616,,,0.43006998461492474,,0.9233317359009476,0.9249446831565704,0.9223054660996908,,,,0.9254193684715771,0.9011832261679766,0.904310408876776,0.90159761891615,0.8999609197408455,,0.9017944140297176,,0.9043592401750569,0.9040971179010446,,0.9024445778752632,0.9018620905849808,,0.9047463041604115,,,,0.9044684336006341,,,,0.9016173323173639,,,0.9016156679323738,0.9010623994451018,0.9015834086241952,0.9254058786185986,,0.9260773557619723,0.9249692964667052,0.9216400153980412,,0.9230792172861836,0.9262612520601352,0.9276149497384606,0.9233260485993313,0.9216054483667028,,,0.9247393813163222,0.9251998163892946,,0.9244697330247872,,0.9258257859541913,0.9230598688578237,,0.9247125460131902,0.9245485845958317,0.9257478361684546,,0.9201271339586903,0.5015219676457647,0.5028018521393963,0.5023596568448713,0.5026616764662842,0.5023289367802782,,,,0.6485382669372037,0.648583514234127,0.6499589765253366,0.0496641096702404,0.6636619527447265,0.664318617084104,0.6635775465483793,0.6644550043385758,,,0.6618248364667463,0.6649885413134411,0.6638318997922161,0.6626619126949915,,,,,,0.6640179536458715,,0.662462289560635,,,0.6638636919702142,,0.6658346628594386,,0.6641343479821329,0.6644498372786897,0.6649079436848501,,,,0.6629913813380633,0.6652701748040685,,,,0.6623004900191929,0.666328050928935,0.6640050978020539,,0.6636921627425293,0.6626544314827505,0.6645545922483974,0.6653187355742118,0.6656051052310114,0.6637421027629348,,,,,,0.6638616632922199,0.6633716573375187,0.6646623195217849,,,0.6651507429751191,0.6647145706177883,0.66225280348234,0.6649981855028452,,0.6629870024542777,,,0.6656072227300817,,,0.6634853198791623,,,0.6639852260144283,,,,0.6648230951581818,0.6656422585226195,0.6669883551265341,0.665116985097066,0.6632119348754667,0.6647409738662804,0.663911942981426,,0.664053497354897,,,,0.6634918022546287,0.6627220549839496,0.6632998664625677,,0.6622415461529791,0.6633977255321732,0.6637985709122268,0.6617675243487395,,0.6646839626563693,0.6631956597803949,,,0.6635467785776309,,0.6635131312669383,0.6638255283627131,,0.6635513112332884,0.6629040447749879,,,0.6616895223634787,,0.6619680161807416,0.6646285607338921,,,0.6634094039137858,0.661783928920597,,,0.6639158227206551,0.6639290457365381,0.6624202726519324,,0.6661614892044693,,,0.6643761014131819,0.664983852813871,0.6623007649605391,0.6654252120603431,0.6657847724313697,0.664325094520258,0.6649020679489207,0.6642667690676524,0.663166156842991,,,,,,,0.6604856338624652,,,,,0.6648909685851264,0.6640565552703824,,0.6647409800448023,0.6648395679995799,,0.6630365265319781,,0.6623895016807142,0.6625305080612882,0.6648624004464951,0.6649133406663391,0.6644931500979324,,,,,0.6606904391897651,,0.6631321477171314,,,0.6653116076128159,0.6612316184667079,0.6124574541907893,,0.6129742222119956,0.6222344356241863,,,,0.6608340516647472,,,,0.9529796853511958
7,5,DG_10pct,20,Z11_F05,11,LL_AB,175086,182019,True,3819.1632241812454,3822.7324530487676,3828.2306139349544,3844.4059593039574,3859.7404423970934,92.66331018957557,104.2462808268044,4049.1730229777854,4061.2685876913606,4299.686748205358,899.2518256459125,416.0306723585429,132.48447176000127,69.85276758157241,66.96539143661005,92.15956694288096,105.13281540757718,17.74013593492654,216.71544747774865,383.8422439969106,0.7435493629599176,,,,0.7391622631468502,0.8386231232862923,0.6723031945898761,0.5967733882956245,0.5966377979817136,,0.5835878585559462,0.6633810195457055,0.6659135505996633,,0.592503715680794,,0.5914309932280528,,,0.7821342180787257,0.5975126990758981,,0.598382417630946,,0.5964523410628662,0.5974443273331361,0.5908327981102595,0.5923303442046696,,0.5978624773654502,0.5978150778099347,0.5989393209838528,,,0.5987245979195635,,,0.549271169666748,,,,0.5450340742954212,,0.5440079895529787,0.5455638729576208,,,,,0.5454203597947007,,,0.5463042502063954,,0.544550672222745,,,,0.6022591208184626,0.5356944855978439,,0.5967940123597388,0.5960797909006836,,0.5961017885213351,,0.5954254700282644,0.5958075657843511,0.5969061415323575,0.5963544944406537,0.5958749206812932,0.5957094133791839,0.5977853426382814,,0.5971196837306305,0.595536949244202,0.5981302848685265,,,,,,0.5960746542870277,,0.5970572251521752,0.5014323971671399,,0.49898753200200713,0.2662656351979486,,,0.23275997034310886,0.23258265611460538,,0.23215703407814423,,,,,0.2991229380531697,0.29915194995033484,0.29896132826118793,,0.3006037947764274,0.29862033126363247,0.2995141606150488,,,0.29949438004061457,,,,0.2994891214196799,0.29899850804912964,0.2994790777229614,0.2983326275424659,,0.29844624414579374,,0.2983370730645158,0.2988002085836246,,0.2993270000385293,,0.2989001030379546,0.2986429583625135,,0.2986632236422999,,0.29861308479684784,0.29893432382442,,,,,0.2987331752872401,0.2979867187370616,0.29893125184309455,,0.7029501685098841,,,,,,,0.7026783416137153,0.704126790186368,0.7024328830603457,,,0.7028179587217873,0.7057048559164169,,,0.703098033408085,0.7052452369293712,0.7050164912065056,,,,,0.7041408763081701,,0.7019705780225828,,0.7020859999418998,0.7012766355269178,0.7037304332878689,0.7016375527925732,0.7028196208535104,0.7004835524399384,0.7018870165997881,0.7039913039702748,0.7031269401404451,,,,,,,,0.7040126504047349,,,0.26680890836655874,0.26679389461250264,,0.2676562156533548,0.2672088249449593,0.26848236177595913,0.2685240481213913,0.2676818465812912,0.2678505972506352,,0.26773487455625616,0.26747425208336917,0.26768065300108973,0.2681735959608982,,0.2674856535647625,,0.26731108693683253,0.2670062750561026,,0.2675513836496436,0.26810308094341534,,,0.26758456367786,0.2676573857882121,,,0.2680729195470513,,0.2679276933511343,0.26677646023552487,0.26746524702773106,0.2680351924130201,,0.26812973339905516,0.26770329239035495,,0.2680214099047403,0.26805402364027947,,0.26806692347654826,0.267974909303892,,,0.268099008496117,0.2670342474733598,0.2679598393624829,0.2674085981058785,0.2675078126306271,,,,0.2612039358776299,0.33704711351530736,,,0.22079545320874933,,0.2209231999184635,0.2211454191337245,0.2210223974640837,0.3612104555130542,,0.3623494108670673,0.3614916736747882,0.36180572620219564,,0.3610287458684797,0.3617411436064823,,0.3621009504333728,0.36275406059192844,0.3627978181243379,0.3623442617658017,0.36061319627843647,0.36241908101530385,0.3614383743125424,0.3611191425303982,0.36170899840610055,0.3621939343551749,,0.36145015137499115,,0.3608577937579111,0.3621234768951466,0.3613278295071127,0.36262495841584247,0.3629441141806314,0.3619116619506197,0.3627660808936604,0.3614870594332469,,,0.3614154805571968,,0.3613155977532761,,0.36149999172144914,,0.3615624103235567,0.36096441947146796,,,0.34515220513949896,,0.34556071141190214,,0.346162276534261,,0.346085536432837,0.3457436550723475,0.3445401940462661,0.344963813658511,0.34606702536573497,,0.3458869115483098,,0.34509760305764897,0.34547165601434804,0.344797506642803,0.34605069465308874,0.34532721782530473,,0.3448794728382258,0.3454424236239914,0.3446737708183363,0.3459108766486281,0.3439530544567002,0.34564205180303287,0.34507302494129116,,0.345105576059759,0.34584115150398753,,0.717377131850056,0.7167545415373454,,,0.7179790902932501,,0.7168850953298568,0.7181266978597983,0.7150513109987708,,0.7141441517443884,0.7162031777385343,0.7134608118333203,,,0.717605258676761,0.7152836509863122,0.7141072979260024,,0.7156018179456342,0.7132415846095661,,,0.7133920060060931,0.7152631009941246,0.7146494535064869,,0.7163128856983377,0.7163597606790602,,0.7179855568046617,0.7160146563096346,,0.7179045173061124,0.7160515350470316,,0.718725405877823,,0.71774739339506,,,,0.7170576659630392,0.7176875168211051,,,0.7174954955212046,,0.7157360811132728,0.7174685460336501,0.717608071534089,0.717398380022181,0.7175352806798853,0.7155785348899274,,0.7159780228314057,0.7145286543338839,,0.7155868880234432,0.7149339973476618,0.7156996994772711,0.714121907793691,,0.7161144962996829,,0.7161677244159309,,0.7162906503319889,,0.7155385134044406,,0.7144968264392233,0.7133107788739004,0.7154520457871099,0.7141485474719562,,,0.7174129730895906,0.7163233484464174,0.7147493787316245,0.7166609061381861,0.7161186247109674,0.7152915714753565,0.7150938904756753,0.7176684447501277,0.347704126178909,,0.3485660095855563,,,0.3710963811467093,,,0.3719784636854112,0.30426969473209065,,0.3039233901353545,0.3029719412887035,,0.3040214143621717,0.2823838463741719,0.25258926415290117,,0.2217702440171674,0.22284938859213343,0.2223351273586662,,0.21872942526908679,0.21919560757495127,,0.21275190002658298,,0.11685595762448389,0.09704130042676926,0.7244960270363746,6.28908231942364e-05,,0.7408157121534925,,,0.7289274761238168,0.0353553897639396,,0.03531207164299328,0.035398922440178275,0.03532397320348602,0.03534348913914502,,0.715003377025419,0.055188460833719526,0.055386404604952255,,5.729665656209506e-05,5.7288634883737675e-05,,,5.7046773367873155e-05,,5.721427886774454e-05,5.718521352954964e-05,,5.7165722817380296e-05,5.7126481978324895e-05,,5.726172871051846e-05,5.7217773153737936e-05,5.718453827688075e-05,5.7462165097209456e-05,5.7214036884250325e-05,,0.672433782614555,0.6749684149257589,0.6742140931391952,0.6742330043899893,0.6879533025464517,,,0.11286087082593074,,0.1125991450173696,0.11269804492914359,,,,0.6616131302184822,,,5.7866154617202056e-05,5.788063370889574e-05,5.811300458173354e-05,5.803207922277196e-05,5.811111619082688e-05,5.801864454652848e-05,5.804973040104986e-05,5.813366918481132e-05,5.801716663855754e-05,5.807252930285862e-05,5.7965702632444304e-05,5.794094456350838e-05,5.7954937530987456e-05,,,5.805209677906734e-05,5.797021820305018e-05,,5.805084901205764e-05,5.804112849053299e-05,5.8112765050528485e-05,5.820324894242592e-05,5.8129716007291406e-05,,5.8165677327263425e-05,5.8221401696766023e-05,,,5.798974601349795e-05,5.8030801196938355e-05,5.797194049771739e-05,,5.820904097827162e-05,,5.788924493014723e-05,5.800436662919079e-05,5.815567748731618e-05,,5.811148627623761e-05,,5.808473499963824e-05,5.802758147950233e-05,,5.811140655008111e-05,5.813070021833922e-05,5.806377775307661e-05,5.7892407447368495e-05,5.8183313375757366e-05,5.8160975802238104e-05,5.804237161958171e-05,5.829455713968301e-05,5.792253233726841e-05,,5.816746742400006e-05,5.831358379543815e-05,,5.799861705557506e-05,5.7926270413732314e-05,5.810325857662353e-05,5.813849450980337e-05,,0.37692881127204747,0.37794172935782827,0.3773234485885303,0.3770346225692171,0.3767049970857171,,0.37758514224812995,0.377716643375047,,,,,0.3983136444407131,,0.3989312881781446,,0.3991154121881589,0.39969444197621307,,0.3992066724435739,,,0.39888194358480833,0.39886368159837865,,0.3976361423010883,,,,0.3985822214499056,0.3783085896297104,0.37658751520438494,0.37717975704122003,0.3775429388785763,0.3777232584219198,,0.37714329633873184,,,,,,0.7228757149310703,0.7235119904081456,,0.719434777424212,,,0.723623734232514,0.7236828108897173,,0.7236560957223666,0.39720098881938043,,0.3979148737162626,0.39780123842810533,0.39844544448825564,,0.3987534691457523,0.39826001503865827,0.3983237156122122,0.3978017310150771,0.3990643384976456,0.3996938057760764,0.39170031304655845,,0.39751332521162375,0.7249784456549186,,0.7232424138608463,0.7229352026001687,0.7246551234027875,0.7247326087056744,0.721338317990938,0.3755128606743896,0.37735316106693184,,,,0.3773344441808678,,0.37664968701074036,,0.37788643436588953,0.37704695211988865,0.3759575949374747,,0.37616800065742084,0.37794362040865714,0.3784091575719493,0.37770654630169825,,0.37751374711113467,0.37676381045415247,,0.37721026905918087,0.3777457792498394,0.37744123368429927,0.37719175978687725,0.37632222793134923,0.3774334874384195,0.7237543710566275,,0.7228587866069363,0.7243118208654231,,0.7226236330324682,0.7239365009274695,,0.7233264486240871,,0.7210590726879461,0.7210205889879527,0.7229626595573365,,0.7226673272186485,0.7237592728582546,,0.7242899292184044,0.7246675181449481,,0.7257935729269149,0.7227470247581964,,0.7260824835083494,0.7225544554319145,0.7233519461252897,0.0958914082787727,0.09627147095108567,0.09638996566789781,0.09653169700551636,0.09642175643087819,,0.555858100481215,0.6103547857946758,,0.557533240354108,0.5573164680488519,,,,0.6012000798983581,0.5966839061837574,0.5974118886622396,0.5975887523997498,,0.59936600363817,0.5980295366834505,0.5978627348223522,0.5987002226519592,0.5987837977294302,,,,0.5963553569228351,0.597353433190709,,0.5977009890926012,,0.5995742595083857,0.5985058297857137,,0.5993707254309489,,,0.5992135165258384,0.5977051493647714,0.5975000033609165,0.5992930009263816,0.5986856059254078,,0.5999671489096379,0.5996651178972765,0.5985181472390511,,0.5975024306428159,,0.5985276244411285,0.5980307249163948,0.5998663602518007,0.5978806550182592,0.5988067538717167,0.5988061854095839,,0.5993142929772018,0.5998923639082179,,,0.596815279136674,0.597091996434383,,0.6001069831642908,0.5975256782757784,0.5980219682778685,0.5969517084190769,0.5980499093040587,0.5981873396559119,0.598314603728678,,,0.5975597501894861,,0.600249867897795,0.599077547727261,0.5987109947970014,0.5980791370816404,0.5963654831822945,0.5987767161463299,,0.5986952586604479,0.5971894080335819,0.5980184368337816,0.599822233391987,0.5975148166618611,0.5977263603492811,0.5997368420412951,,0.5969608115035289,0.5978749951329119,0.5976676636576466,0.5982853650066129,0.5982979355559587,0.5986880072945038,0.598119257503148,,0.597184458138144,,0.5982376342870882,0.600174850397355,0.5987251175080763,,0.5985024497834184,,,,0.5982582582041448,,,,0.5987039987032251,,,0.5986895803734914,0.5991924866947211,,0.5990240731000979,0.5974107128616721,0.5991585788164792,0.597922945992066,0.5978690406846323,,,0.5974385182906494,,0.5987632915647905,0.5962391760289645,,0.5986545071734898,,,0.5998038460511981,0.5977347670076996,0.598160068111187,0.5985548559775293,0.5995664610839485,0.5974446792668913,0.5979323952114847,0.5977828520044873,0.598515720227511,0.597990330178871,,,0.5986456042221405,0.6000989460260945,0.598027574712939,0.5977530237165009,0.5970405355271413,0.5976649690815368,0.5967661365253774,0.5985934891118094,0.5979173150768735,0.5984469332170044,0.5991730917701598,,,,0.5975446121896225,0.5976828448571971,0.5988087554013707,0.597505181786174,0.5996991780259907,0.5969822344923721,,0.5981392806593634,0.5982685531042662,0.5992396300393108,0.5971607787423547,,0.5989140913905996,0.5994631788680714,0.5963527949671951,,,0.5984117815679568,0.5992882030617153,,,0.5162793824070766,0.5160546597368733,0.5147885313447609,0.6201391801854037,0.5563299470454641,,0.6662980507197375,0.6637017065430743,,,,0.7795402142547981
7,5,DG_10pct,20,Z11_F06,11,LL_AB,175087,182020,True,3657.8727040106014,3677.9562919449672,3699.4610244462197,3715.9741073380587,3707.545469154266,88.94181870811738,100.3806960739298,3852.818630475042,3892.436385996131,4086.7224203915807,959.4844512220889,437.251854526015,139.0011912637529,68.46989010879874,66.12108125081276,88.24365709046243,100.07893332045624,17.774034556091692,205.62639787371296,357.0012711540677,0.7510502780104329,,0.7516591648751035,,,,0.6786316869118756,,0.6111153719880904,,,0.6813318558817724,0.6815043964848464,0.6827342885163691,,,,0.7863783034137221,,0.7848328516274415,,0.6139115180495193,0.6134119129941827,0.6128280131227052,,0.6134597191104726,,0.6080557863097676,,,,0.6145018449941122,,0.6162851011740034,0.6145404767026926,,0.5642017357923835,0.5662085265784794,0.5660401679348396,,0.5609800046084771,,0.5622117023451494,,0.56223007564582,0.5630750761853119,,0.5626778650255135,,0.5617322289644731,0.5628296520643827,,0.5613437656658968,,0.5627667439910199,,0.5633474117388375,0.6225851348868091,,0.5507424594812466,,0.616601939222974,0.6141469009215974,0.6165463738884027,0.6148237940604626,0.6155580851298947,0.615183339695823,0.6155689146118661,,,0.6163018634005621,0.6155111284428627,0.6160708012896676,,,0.616985831343145,,0.6160178497382298,0.6137529108762202,0.6152104865694055,0.6150276434856714,0.6168031064158783,,,,,0.5206460907799275,0.5206345237534167,0.29025380133647194,0.26269545549093826,0.2633464675571822,0.26319636365306387,,0.26307444281533865,0.26295714138098414,0.3339591105583508,,0.33522017120376896,0.3346103520287839,0.3347416338214654,,,0.3344164403116489,0.3347051833383582,,0.3348046413153105,,0.334707682624393,0.33412061402526594,0.3345705283468439,0.3340659359973859,0.3340801003882291,,0.33435943963520964,0.33393520969265383,,0.33348199953831126,0.3345463008809484,,0.33336968532757144,0.33420535840385374,,0.3342663847283569,0.33404781712047266,0.33433015550163436,0.3348696644199923,,0.3340099985158196,,0.3338330971122081,0.33418284759626,0.33421338153549807,0.33511419577587065,0.3348132406148045,0.3347034108363908,,,0.333273286955637,0.701095005211941,,0.7026491453829784,,0.6993326835056535,,,0.6993268536980675,0.7020817298336609,,,,,0.7014950292311157,0.7009505323412571,,0.7006299458861921,0.702495224555186,,0.6984295158102988,0.700056600699903,0.7026420719384904,0.7011291934147864,0.7013389743128083,0.6996967288716935,0.7000205164025471,,,,0.7011423890303422,0.6978208606783244,0.6996582198135634,,,,0.7004882416432721,0.7000108083054017,,0.7024450563353322,,0.7011457310049709,0.6996987778886725,,,0.7019478653341203,0.2911018630038254,0.29145574645992667,,,0.29143452363052125,0.29191109174927127,0.29148139051064004,,0.29104063026774846,0.29180865896095537,,0.2908929599087959,,,0.2904431845827566,0.29127098223535375,0.29193136814413734,,0.29176703045717917,,0.29149183493007874,,,0.29205581443119866,0.2917496490472189,0.29031818884259597,,,0.2905372253503447,0.2915561313171139,0.2908834966978594,,0.290754667292748,,0.29042141356779955,0.2906717651306922,0.2915566308452343,0.2918537931732797,0.2906675915164623,,0.29161376989689547,0.2922104545066559,0.29133766788988913,,0.2922186789190828,,,0.2909913543235164,0.2906231385301025,0.2909589458410334,,0.29136384394328313,0.2918486259056513,0.28944912122964933,0.2891280458890237,0.2903629084912728,0.36996936664791197,0.3122045249330644,,0.25200662557446685,0.2524025334249832,0.2519238257293349,0.2519271223454986,0.25150378365958453,0.3926504916993856,,,,0.39379368747055027,0.39348859181476253,0.39157559255090313,0.39339864115155065,0.3936970976031272,,,,0.39406462259332453,,,,,0.3925503054224559,,0.3932975390985505,,0.3928829149607299,0.39289009915509726,0.39274152947103874,,,,,0.3925510783012905,,0.3936254921190626,,0.3924791475393398,,0.39215771642671104,0.3924366787439617,0.39266109586405173,0.3926094358345161,,0.3923323371216469,,,0.3778162615919437,,0.3760189148818224,,,0.37852301142679273,,0.3786166310883339,,0.3769825079102257,0.3774825726028937,,,,0.3775303573285559,,,0.37740741469103656,0.3775947053423408,0.3768752222112748,,0.3769698054474134,0.3778643638158685,0.37766147773103637,,0.37825928917423207,0.37660788053013905,0.37723079425287775,0.3771709096849985,0.37835504264210557,,,,,0.7166585238209618,,,,,0.716410588785045,0.7180545961312534,0.7140278125074093,,,0.7106858250843855,,0.7128778480483805,,,0.7137641109956916,,0.7150188694695477,0.7116138162901763,0.713063416296763,0.7103601751351228,0.7125554242835285,0.7152839087093874,,0.7150293070973721,0.7147990285639974,0.7178265121513552,0.7145786724889971,0.715766510374876,,0.7168567071030184,0.7156252113085442,0.7169117938769731,,,0.7171171366843963,0.7163950487401376,,,0.7162599893329904,0.7157001450255636,0.7176196255439478,0.7149251575559123,0.7166517798332539,,,0.7172960750304742,,0.7171212303137959,0.7173931918286952,0.7164620002560035,0.7133020813072275,0.7140241450601384,0.7120520042862566,,0.714559619187336,0.7138978802194584,,0.7119291858815182,0.7132873741201087,,,,0.7122436846195003,,0.7151804749194182,0.712516386810157,0.7098362370685156,0.7125396302025033,0.7107155471081145,,0.7131973658171462,0.7146598386485664,,0.7131188101702732,,,,0.7146182343851516,0.7174913607546819,0.7128572635822535,,0.368933093236109,,0.36887770530307545,,,0.40189338817894443,,0.40169315785732923,,0.3287447694825908,0.3290961253330201,0.32972587476851717,,0.32918450477281486,0.3288641279149092,0.31794866870210386,,0.7040636474954807,,,0.2543516299930644,,,0.2495862589482789,,0.24411187539033766,,,,0.7158362013368723,,0.04352759943836288,0.7294123655630796,6.064762736705406e-05,,0.7371113492386686,0.017867796254574523,,0.017856760194971254,,0.01782674622803802,0.017930172918618037,,0.7282516103038059,,0.038869276759772094,,,5.385153198207615e-05,,,5.4087444009001e-05,,5.402452613101074e-05,,,,,,5.379764838661978e-05,5.377441161780001e-05,5.384230078046803e-05,,5.3863919189166956e-05,,0.6786405640017057,,0.6797428812555492,0.6804095781436763,,,0.09987057453302184,0.09975006491501892,0.09998537113090043,0.09961828857745963,,,0.09972501024958641,,0.6688633353278727,0.6692118685585154,,,5.4713126947213425e-05,5.472206835257541e-05,,5.465295117951283e-05,5.480779964030114e-05,,5.489676061793416e-05,5.472104889612426e-05,,5.4724097005122915e-05,5.473330422382636e-05,5.451782378798321e-05,5.4733176375212476e-05,5.4637264261058266e-05,5.466613749893751e-05,5.472553230600197e-05,,5.448357038840131e-05,5.459995480512979e-05,5.474398647971255e-05,,5.462384195937835e-05,,5.4769410386336306e-05,,5.485238262630509e-05,5.480193066009704e-05,,5.4813463226990476e-05,5.4954530666505804e-05,5.4786746892258294e-05,,,,5.477995883514668e-05,5.479061845495859e-05,5.478374362788542e-05,5.477808308195356e-05,5.4852202336204245e-05,,,,5.479431832939328e-05,5.47621271023868e-05,5.490090979333956e-05,,,,,,5.483766612145219e-05,5.4861284767585464e-05,,5.476818251612312e-05,5.4811321644660614e-05,5.476438162102308e-05,,5.475996479982521e-05,,,0.39543307569817837,0.39378222783840194,0.3944836442326473,,,0.3940778372831498,0.3935351597720757,,0.3944608264147017,,,0.42779742205063565,0.42742815849742144,0.4275284738702472,0.42682019107766156,0.4263540521270372,0.4279302887203562,0.4254231836399418,0.42690513235881594,0.4273862452366071,0.4289630583664191,0.4267871525431127,0.42738528571538104,,,,,0.4263090462132847,,0.4254769900022184,0.39573040221948746,0.39594481059325687,0.39543255560663293,0.3956223266196527,0.394809349406448,,0.3954592922988811,,0.7210356560948403,0.7234906536395748,0.7240251200800579,0.7225748275673529,,0.7227924825040143,0.7235239646463192,0.720055470745112,,0.724576772671089,,,,0.720282941168926,0.4258652170625534,,0.4261865769851208,0.4264848733991475,0.4261526663216008,0.42682229792026655,,0.4264749911853519,0.4270445992100364,,,,,0.42605872402144024,,0.7236334858207264,,0.7239475589796432,0.7230716919161465,0.7242575167685195,0.7238561399612732,,0.39455289771498425,0.39631294174381765,0.39471644142981904,0.3956865155887155,0.39476611057007494,0.39559100970617134,0.3952104704898613,,0.3945783427481014,,,0.3949740311196114,0.39582330956275835,0.3944375045082085,,,,,0.39531676245320246,0.39389635002766826,0.3954636624385505,0.3950106773689109,0.3932154164528999,,0.3944985327117823,,0.3949869796571619,0.7253864825343773,,,0.7243500446601877,0.7248870558565005,,0.7227373616218002,0.7211956318403955,0.7225153221842472,,0.7214825390376095,0.7205556718551832,0.7234951313879737,,,,0.7254432836385845,0.7241895679265269,,0.7269706909585443,0.724429993498302,,0.7257485099534671,0.7214210483067373,,,,0.1351234305108016,,0.13511188583403733,0.1349006801685407,0.13519640629801208,0.5702401810606139,0.6267168900729939,,0.5734138970750248,,,0.6136303033455912,,,,0.6136043940021118,,0.6142234418218985,0.616400183600984,0.6147420731243811,,,,0.6136325719298574,,,,,0.6130543341212157,0.6136224127742873,,,0.6126995283254525,,0.6150869604098235,,0.6140225271114524,0.6136385514528944,0.6147860488917791,0.6165460919447241,0.6139439281475914,0.6147638650600328,,,0.613484905913537,0.614206067016814,0.6144361863513653,0.6146451489301618,0.61421817507424,0.614258788638937,0.6124679352331415,0.6131295222575506,,0.615127855324541,,,,0.6164587288399433,,,,0.6157909448674498,,0.6161283764046777,0.6135351205366606,0.6151331629920301,0.615244968240664,0.614937032034472,0.6149792718493434,,0.6166573582866938,,,0.6136873285999848,0.6149384836449274,0.6152196847995085,0.6131841069466734,,0.6149087714776028,0.6145505498859807,0.6147602089243045,0.6145638482436444,,0.6142551068418723,,,0.6147903722378439,0.6154801214403512,0.6147845081086987,0.6156891924153837,0.6166167518556244,,0.615222870677641,0.6125579648095393,0.6152200077625468,0.6158387517836633,,0.6133225247487376,,0.612938973614138,,,,,,0.616301171224225,,,0.6122103603843299,0.6139005777307815,,0.6132786617496736,0.6141289910858494,,0.6137988144724128,0.6148431741642565,,0.6146975419750809,,0.6140727345445428,,0.6122674684990403,0.6140900625140886,0.6147896974702409,0.6148327392267938,,0.613626292686235,0.615867930367955,0.613098102630856,0.6140174022696183,,0.6147591958143047,0.613792692822247,,0.613536295836194,,0.6139391156039052,0.6154780353417268,0.6137128626039058,0.6156228666278373,0.616106536879036,,,0.6154265835820015,,0.6128840987032013,,0.6131743786821162,,,0.6147516038344439,0.615019758661896,0.6130777040303764,,0.6147953750429397,,0.6125338777164568,0.6137211809807184,0.6138547498914183,0.6150514160201088,,,0.6139439813498265,,0.6143790797241269,,,0.6149203013466603,0.6137655250072707,0.6144972548732749,0.6140194591865596,,,,,,,0.6167148605872421,0.6147987789241917,0.5358033292978506,0.5336506004070415,,,,0.7719507149114656,0.6805852552845346,0.6816874471693044,,0.6057675265224277,,0.7821440734487908
7,5,DG_10pct,20,Z11_F07,11,LL_AB,175087,182020,True,3658.9982249783657,3675.4395705251777,3676.8940693102636,3690.9116951657393,3711.8043068799334,89.03215581450469,99.21564668943306,3885.551216401242,3900.651021738003,4098.668111445748,956.5075022456522,438.0340757949078,139.36869497121305,68.88950465682414,66.28838847693844,88.35209110688375,99.69180240279155,17.830756626905146,205.65278476741193,353.82935915749994,,0.7512054684256071,0.7519397901701501,,0.7444140258973297,0.8422255080726407,0.6811080867391613,,,,,,0.6814754886762693,0.6815773819593794,0.6058030237278843,0.6066238425254955,,0.7832982724849376,0.7848327891300335,,,0.6135287362407161,0.614716424724705,0.6141492436785763,0.6124936401810807,0.6118117451145226,,,0.6069381784535285,,,0.6150369928721156,0.614370617214649,,0.613877834614443,,0.5654571857291957,,0.5661018129613664,0.5611967658658786,,0.5617808276702961,,,,,,,0.5617834720458562,0.563701538291945,0.5631110215187908,,0.5620718245604576,0.5615257435807558,0.5623238864180096,0.5618068440657313,,,,,0.7650850558202398,0.6136983237615101,0.6162709372285358,0.6139637490199,0.6128295348793492,,,0.6155775740783522,0.6164364054391491,,0.6144001303212372,0.6145541745025033,0.6161513226017048,0.6178248616890278,0.6161235108514727,0.6152998008027074,0.6157248214311918,,,0.6164441948361311,,,0.6146502318525935,,0.6151964904431868,0.5208061045207768,0.5215365489228958,0.5203975034076568,,0.26347102300886804,,0.2631562288620997,,0.26250772101395486,,0.33471441085744663,,0.3343022379359164,,,0.3340988519295149,,0.3342963803353252,,0.33484651373920166,,,,,,,0.3351539710986019,,0.3343355925362565,,,0.3338407386515079,0.33311631734273656,0.33450687024775544,,0.33461178143116554,0.3329626275720998,,,,0.33379324568505997,0.33329369227879385,0.3341643516662767,,0.33471133451723434,0.33401799142187577,0.3332588149939095,0.33369043775793705,0.333242389173483,0.3336920117195058,,,,0.7009879852006891,0.7013450356166097,,,,0.7024958538715487,0.7018758536955171,,0.701273620798458,0.7037214240824148,0.7011623419848588,0.701681419027386,0.6995512455399255,,,0.7030107739278889,0.7003920581121772,,0.7021656440234736,,0.701366922404436,,0.7000647056504313,0.7001511595684261,0.7028167506572413,0.7007312289823335,,,0.7011495102710473,0.7010138474706058,,0.7003103908405433,,0.7004209709375082,,,0.6984354150163382,0.7013975591152769,,,,0.7001590273949836,,0.6991949105096088,0.700987515194614,0.2916685794054688,,,0.29126464597956414,0.29144280038194464,,0.29052524360402604,,0.29140155977781135,0.29202437340056503,0.291244901616521,0.2910895946194227,0.29192778382284934,,,,0.2910579783084019,,0.2919303933108617,,0.29171201722678797,,,0.29006454997236203,0.29047736253119544,,,0.2905081012560393,0.290243199851381,0.2918083657400815,,0.2908398018847255,,0.2913693277194886,0.29140800171039943,0.29117685430981843,0.29167165430581377,,,0.291517966368511,0.2911521529239492,,0.2909836661625439,0.29111208644138237,,0.2911699039997481,0.2908949603214602,0.2909344055979294,0.2916436979707152,,0.2910122598757487,0.29172927273768823,0.29170601077683794,,,0.2898761311828706,0.3697025273566146,0.31217528129497496,0.25265592204547616,0.251405208095898,,0.2516823561342732,0.25151814819604873,,,0.39296027430230157,0.3932945658137169,0.39314499674630016,0.39202595135277246,0.3931381032105385,,0.3921099046334636,0.3921407188951557,0.39345408638917184,0.3926650548493011,0.3917786661244899,,0.39285058903922626,0.39322393584056375,0.3934819680960293,,,,0.3939968613463342,,0.39189782449228316,0.39132598049748946,0.39323711166114705,,0.39195633773838406,0.39219001910896695,0.39210595152606553,,0.39234109744928475,0.39316896902472326,,,0.39270472150231955,0.3918645784383837,,0.3929241718791942,,,,0.3772676207853418,,,0.37786046022040637,0.3781019191660535,0.376929276874388,0.377259890444713,,,0.3777836336570704,0.3767569478566227,0.37668785517863423,,0.3778551301182324,,,0.3771097963566097,0.3774016930949202,0.37718216883498407,,,0.37722186825927223,,0.3766216828664945,,0.37652861742286464,0.3773800702990786,,0.3774004776663921,,0.37685232009554237,0.37825717006446763,0.7173176168068187,0.7163986331776778,0.7166514658285036,,,,0.7164042134039907,0.7168958478491354,,,0.7160899871406647,,,0.7130107807907462,,0.7144090324842866,,0.7122609959959139,0.7137676179006743,,0.7143280328712627,,0.7125514840793398,0.7123876129110757,,,,0.7160475709536177,,0.7158480973145402,0.7173664696644022,,0.7122080713469027,,,0.7140904823608153,0.7174045583962309,0.7179298949451633,,0.7176415760898402,0.7152945240051171,,,,,,0.7168401231746646,0.7158392551640832,0.7170438799438181,,,0.7155560259752259,0.717846415336443,0.7171928983393409,0.7174141354748748,,,0.7112533038567589,0.7143979474564736,0.7128809412762639,,0.7108722664105349,0.7125714682840456,0.7140772578609957,0.7112244169813051,0.713013394410297,,,,0.7114191755509347,,0.7139199751006728,0.7137205558038396,,,0.7128395865533158,0.7133265235359091,,,,,,,,0.7167801068180156,,0.36743683384717984,0.36875914234075946,0.3669338901807585,,,0.40314509777069313,,0.4004529836217286,0.4011814680459901,,,,,0.32945616751805307,,,,0.7023400639777733,,0.2534673970317807,0.25308781843184047,,,,0.2435898591178436,0.24334126245671697,,0.16383388077478775,0.1353665254634318,0.7167130693252276,0.0529958042924267,0.04360939653012581,,6.0707378539607103e-05,,0.7367624246228601,,0.017852739243135952,0.01783987605266633,0.01783059794747584,0.01791632248188488,0.017952810691136425,0.017917687042816464,0.7268476527060442,,0.038910592693152744,5.385916725171662e-05,5.3805510468655977e-05,5.382949941401879e-05,5.3963467237091816e-05,5.3892675105088875e-05,5.3849007767804573e-05,,5.38052713566453e-05,5.372314950387787e-05,5.371524330975426e-05,,5.381786396034528e-05,5.4042324194177914e-05,,5.402699650010543e-05,5.398297527815517e-05,5.4000939136244206e-05,5.37548926563151e-05,,,0.6792484383506701,,0.6788240080529011,0.6908353093351501,0.0997330142716879,,0.09953168149693527,0.09965175500015742,0.09966046975191203,,0.09944124865022294,0.09987240113889391,0.6681276106079909,0.6701422303522692,,,5.472620683392249e-05,5.473403722953295e-05,,5.4751155132742764e-05,,,,5.4711730883562214e-05,,5.475072517227705e-05,5.4805232092574246e-05,,5.452938596471642e-05,5.452506463684972e-05,5.493636968658888e-05,5.452022630786329e-05,,,,5.463868425647751e-05,5.478567077680827e-05,,5.4621145644884544e-05,,5.471157824362009e-05,5.471205350928239e-05,,5.481797349554064e-05,5.490288252355719e-05,5.46689621882913e-05,,,5.4768577523515794e-05,,,,5.483187988580783e-05,,5.474229042210247e-05,5.465399023597937e-05,5.4874848891619017e-05,5.481656258696196e-05,5.478636485273602e-05,,,,5.4556167959672535e-05,,,5.48703988896459e-05,,5.4771924681797326e-05,,,5.485894953641922e-05,,,5.468969961041475e-05,5.483664667032525e-05,,,0.39454160988084896,,,,0.3950063179996768,0.39462638798731325,0.3953378124437409,0.3944308487997942,0.39488029277501197,0.3955340035891498,,,0.4273330537000806,,,0.4270650039818909,,0.4279537143509173,0.4275846992407038,,,0.42648979867184683,,,0.4283535936655873,,0.4266485147367349,0.4270433362389124,0.4251678865232811,,,,,,,0.3954278855910203,0.39468095975202266,0.3954164959804263,,0.7210491947685244,0.7207666376945014,,0.722344977083201,0.7225992802129382,,0.7219912385321556,,0.7225258687635773,,,0.7200049832587666,0.724273729920142,0.42534097164385676,0.4249988293380966,0.42676344290693446,0.4259319826980843,,0.42601692828256793,0.4271108775303091,,,0.42852741002238653,0.4279862251325558,0.4280846421241716,0.4214635732682993,0.42458387267327685,,0.7231110125635534,0.7244086222037537,0.7254234630427207,,,,,0.39642379887503804,0.39536772962814076,,0.3935283100276471,0.39571355973264466,,,0.39450449696375317,0.39418491006821493,0.39536969070443395,0.3955676272220509,,0.39505359040907434,0.3960864747173574,,0.39468506953512544,,0.3944607233974802,0.39486031998381005,,0.39521939617413654,0.39577347839398086,0.39547239545383234,0.39488513840619915,,,0.39471520125827125,0.7252452385737099,0.722625208071133,0.7246901050326624,0.7261676520519846,0.7234847410579266,,0.7249928191594505,0.7229008837409803,0.7235511179127031,,0.7215966229255568,0.7215235615762081,,0.7216834690777151,0.7228783709090436,0.7224955313117412,,0.7237755153023578,,0.7234247782377681,,0.7229790785765045,0.7246363146846424,,0.723778643602309,,,0.13489369256538405,0.1346172196450993,,0.13462576737475146,,0.5703514344234364,0.6249628133381901,,0.5741918207911636,,0.06276640551184448,0.6132974931412484,0.6146897749391003,,,0.6141666662756664,,0.6129898178507796,0.6129245667330367,,0.6157511583224642,,0.6118891751564627,0.6140785860143767,0.6133317209460539,0.6147852102867155,0.6135819956324771,0.6160481124051838,0.6138651532167576,0.6145770103212264,0.6135830039481274,0.6125261285654818,,,0.6135726514452928,0.6147280639702514,0.6144231395725073,0.6133728595771394,0.6127186157171263,0.616123143289312,0.6140271674499592,,,0.6147709921518947,0.6153137237776816,0.6150203324196138,,0.6164180256506323,0.6156996600665964,0.6142427132743271,0.6154062171697338,,0.6114485147751637,0.6127239518412821,,0.614689036451126,,0.6155760228900021,0.6149578013492712,0.6139135846236261,,0.6145893557478639,0.6151027687348761,0.6141627381162733,0.6149005894365936,0.6147610709114383,,,,,0.6157672045756037,,,,,,0.612234297951723,0.6137644981234023,,,,0.6146097680016308,,,0.6151142735386622,0.6144689785868148,0.6141410698486176,0.6146369999500608,,,0.6152361637078894,0.6154771083100868,0.613114724433425,0.6148462850955948,,0.6146907777998681,,0.6145263385912216,0.6133013736141089,,0.6135017038372784,0.6143497376702134,,,,0.6138010966913675,,0.6159792986576837,0.6127161732475721,,0.6129484927875323,0.6145733280824872,0.6139332275098403,,,,0.6132701097113682,0.6130655557425484,,0.6144091312335181,0.6146690577824291,,,0.6144719316534735,0.6131205203820993,0.6141009687350699,0.6144887840321982,0.6130231370128085,0.6146287155974086,,,,0.6146546663917246,,,,0.6129019271961512,0.61516150434406,0.6143882464391542,0.6119304465923933,,0.6141985480788618,0.6143040538063052,,0.6140184879716534,,0.6121658372644996,0.6143605931665761,0.6137887690155126,,0.615507668220877,0.6149279885320709,,0.6159489413774746,0.6142760538297579,0.6134201841004987,0.6134473285920808,0.6129746461191002,,0.616120393027188,0.614150576719068,0.6132024596422943,0.6139276800476006,0.6147551639132722,,0.6139322085481493,,0.6143919634111457,0.6144869435784293,0.6137924767175545,0.6151416729758552,,0.6122920116312087,0.6143822410013023,,0.6118994405404782,0.61249550374395,0.6141679660402252,,0.5357581064238803,0.53388818532645,0.5346525907598627,,0.5695727278777154,0.7726423249872515,0.6804812733539888,0.6823737871177532,0.6064930852239397,0.6045274943661826,0.7848230193505382,0.7832011264664521
7,5,DG_10pct,20,Z11_F08,11,LL_AB,175086,182019,True,3815.9381387732465,3826.3843426930234,3827.7734740910355,3825.3025433568155,3840.267674902753,91.56674230745548,104.36424944413764,4071.9935759460664,4045.2643212965695,4249.837250266272,895.4274270661007,418.4509308911318,132.67427097516727,70.17750755890859,67.25683058088447,92.22197826518646,105.47162510858668,17.749572626143774,218.39340623449075,383.9154865590605,,0.7436561876766278,,,0.7374207109701109,0.8376300270750315,0.671732302677609,,0.5973415800606022,0.5982395496191459,,0.6655133046513337,,,,,,0.7802621514815073,,,0.599021478782926,,,0.5966987628700449,0.5967851307612706,,0.5925956224044936,,0.5934501413776955,0.5993968622887162,,,,,,0.6333299927682461,,,0.5475999114788483,,,,,0.5457317294711547,0.5430368170588764,0.5452143885551614,,,,0.5431827500244293,,,,0.5441327333846677,0.5453325353219834,0.5444969809861111,0.5437592919200809,0.6026946132090027,,,0.760802009486637,0.5968818894083867,0.5967138400092151,0.5936476363229,0.594062046214668,0.594037396584218,,0.5965289830161753,,0.5965904937520485,0.5972457133968646,0.5957127432633267,0.5975937316993399,0.5958730128747791,0.5970855149051462,,,0.5962626695304066,0.5943732572687427,0.5980400849400553,0.5956312994486336,,0.596432047756554,,,0.49971869924108886,,0.5003475129378866,,,0.23236071185322857,0.23282348899601887,,,,0.29954623913502626,,0.2993541871038626,0.29806583057471686,0.30005386770619974,0.2996355592587926,,,,0.3004171134346202,0.298996557377583,,0.29864095047145917,0.2988964299022704,,0.299217787636672,0.29881720926348004,0.2983192745136618,0.2996111658891427,0.29942330358321484,0.2990810414170026,0.2994460173566709,0.2995035016096059,0.299497567071216,0.29849492255283233,,0.29770031069865366,,,,0.3000453849931405,,0.29853921719459103,0.2992166924445398,0.29841897684880603,0.2990384840585326,0.2973739005687205,0.2987853438868724,,0.2985350329695381,,0.2992337485777075,,0.7046918922263903,0.7026569905109634,,,0.7032264143085053,0.7020844325834115,0.7034288399412716,0.7017560772879501,0.7023839454119364,,,,,,,,,,0.7041758642693321,,,0.7027583366883502,0.7023902095328228,,0.7051221109984418,,,,,,0.7034669360341528,0.701578257025158,,,,,0.7000971434147019,,,0.7041062981133359,0.7016732684412931,0.7022420280471462,0.7013508598289149,0.7019398051262885,0.7033965617590101,0.2673396022189136,,0.2681385930218835,,,,0.2671892733559316,,0.2675007751484541,,,0.2680560393861554,0.26781599663559696,,,,0.2674398856768403,0.26725987843002263,0.26851379111290896,0.26832145345589853,,,0.2668702295845474,,,0.26714448767730103,,,0.2668482258916233,0.2671134244678732,0.2673178167536153,0.2667229579897536,,,,,,0.2670942193212237,0.2671857113210202,,,0.2672360995443072,0.26763561699617283,0.26795935951016087,,,,0.26737687936011983,0.26761266586894134,0.26640507987291023,,0.2674920937895503,0.2673200391953223,0.26137877650609437,0.26173853203699365,0.26152162364452936,,0.2769279538168715,0.22088064659658682,0.22083858523828845,0.22114909426437235,,,0.2206754053980441,0.36233240397071603,0.3616846480200222,0.3627319998581007,0.3614638789226646,0.3623789360162546,0.3626842742104742,0.3605144917308266,0.36153807044774094,,,,0.36232084182476487,,0.3614301906033702,0.362091499626642,0.36195255268244,,,,0.36221066206353814,0.3624708406227071,0.36158557768032645,0.3609010269652021,0.3629769264582491,0.3612318300306888,0.361875111898133,0.3621077268333402,0.36192115024241106,,,,,,,,0.36137815573250537,0.3620697876044145,,,0.36179841490396064,0.34534499970167004,0.344020304377045,0.34571498227236014,,0.3461864764004079,0.3450089048331895,0.3453029083924485,0.34647983045147474,,0.34493980280660824,0.3451325444226031,0.3461765651825638,,,,0.345654047871168,,0.34450471863313514,,,,,0.34480790986012166,0.34609059982772683,,0.3445150944059266,,,0.34461217926181503,0.3449975409813568,,,0.7164357978174384,,0.7186426864504052,,,0.7183605898866291,0.7152368811391602,0.7180725342669717,0.7186914946263944,0.7192187752677018,0.7186741153593249,0.7163340163408175,0.714690301915463,,0.7130218642792533,,0.7144335793537389,0.7144682534890429,0.7141092637703405,0.7164258891635846,,,0.7134560379284703,0.7110780673515518,0.7140979346522289,,0.7165364977900629,,0.715624580361718,,0.7162672126203378,,0.7167195500090815,,,0.7163561384292366,,0.7181924838058488,0.7163276621744523,0.7167493654801411,0.7178431818493382,0.716466487820813,,0.7185144114617514,,,,0.720659387818025,,,0.7167067724212952,0.717280990222408,0.7177972601474364,,,0.7158356208893986,0.7183080391809151,0.7138136133584969,,0.7138541907944294,,0.7132524667415565,0.7154656772617355,,0.7131360848391641,,0.7130925444869586,0.7149658047432009,,,,0.7149553498870791,0.7131420576713923,0.7144117447969784,0.7143771063264821,0.7143160439270795,0.7144562927687201,0.7177122403004517,0.7136563610620071,0.7141855175467354,0.714299369390547,,0.7149794548706608,0.7168543563619434,0.715442833054581,0.7139757015711375,0.34804202411767743,,,,0.3710252628118593,0.37083582371339824,,,,0.3031326007627233,0.3040657155526201,0.30385115899094506,0.302859946067299,0.3029544207704996,,0.2818512037014901,0.25287545829529795,0.7067690274606478,0.22233623247379378,,,,0.21876443538661405,0.21822616685104237,0.2130560714693471,0.21339967465311893,0.2132568150390373,0.11725918431302787,0.09712619056210349,,6.293145688211954e-05,6.52695344408099e-05,0.7413003923757485,,0.018371372835901872,0.729482944195835,0.035385589094051824,0.03537567265631222,,0.03529057382854008,0.03535123634403387,0.035412485737014485,0.035405477618155344,0.7153668826769275,,,5.716065894864308e-05,5.7216530718257e-05,5.715533946595955e-05,,,,,,,5.7242616110699214e-05,5.7172685547038504e-05,,5.7192582009813564e-05,5.73010109881336e-05,5.72232729790802e-05,5.7039268253107756e-05,5.723365325589503e-05,,,,0.6740089647173545,,0.6734272940656219,0.6848926111592298,,0.11304160491723372,0.11292607668998031,,0.11273236549692633,0.11308972111734167,,0.11268922812437068,,,,0.6632524574688502,,5.819454231838814e-05,5.7996659728573215e-05,,,,5.807187337684092e-05,,,,5.825100515357226e-05,,5.789969919855112e-05,,5.8223646153763526e-05,,5.7971504877254686e-05,5.814839688887734e-05,,5.812393660539916e-05,,5.8163688269478003e-05,,5.7932448989528615e-05,5.8097512889609814e-05,5.803571419939862e-05,5.813508818004093e-05,5.825877665544151e-05,,,5.800433643831796e-05,,5.7973149318857614e-05,,5.800203845473479e-05,5.8116236907055704e-05,,5.8227458897620855e-05,,5.809465877182414e-05,,5.82711778260403e-05,5.8225038742656916e-05,,,,,,5.803168595739424e-05,5.816882409944044e-05,,5.8269706280100614e-05,5.818257389850055e-05,,5.8144491379324936e-05,,5.816365555047227e-05,5.803062713228202e-05,5.814963220609295e-05,,,0.3775407358951503,,,,0.37596505894607113,,0.3776279052969376,0.3772676074608609,,0.3772234364755086,0.37715533075598284,0.3983632162554997,,0.39912430600657783,0.3992302425830794,0.3992047041120672,,,,,0.3985033623408523,0.39787896594212385,0.39776518921886483,0.3981437784848577,0.39780191305827506,,,0.39769521588532714,,0.3981773037609914,0.3783070882041876,0.3772476485400515,0.37661446962656003,0.3775341582702539,0.37690725485757665,0.3772056929569943,,,,,0.7212260592054667,0.7204612125213733,,,0.7237049815827211,,,0.722546255664468,0.7228959052915884,0.7227113275356457,,,,,,0.39742649829709387,,0.39924471752438506,,0.3977036018407496,0.3995779253534953,,0.39681192977362306,0.39975365048939676,,0.39759668236167256,,,,0.7237886271383803,0.7237055104873051,,,0.7220270578047232,0.37786109231085857,,0.37676580648522784,0.3777776117511839,0.37743949078439354,0.37792944178159704,,0.37686304101800017,,0.37690756365916867,,0.377257709581055,0.3776123033443215,0.3779837771500382,,,0.37783380243799863,0.3773836261162026,,0.37670539056718,,0.3777980813245822,,,0.37814644327779207,,0.37762310424331524,0.7249799686372571,,,,0.7250231586847601,0.7247646858757838,,,0.7256105651912649,0.7230663679913863,0.7201576179311907,,0.7214570107205087,,0.7215858361069253,,0.7235251240649395,0.7224230394353128,,0.7243726421871405,0.72271711323842,0.7231392719854657,0.7252348469400293,0.7226845755089574,,0.7242250041966442,,,0.09618844168282248,,0.09628939358104724,0.09643132199212034,,,0.5558674704444957,0.5563785334208998,0.555893952499948,,0.5983181198477447,0.5988922929257041,,0.5989570030261518,0.5983420013328891,0.5981917342983348,,,0.598672349573261,,,,0.5975467312598518,0.598234810350853,0.5978986238713655,,0.5988785512825225,0.598773898105681,,,0.5963943744815837,,,0.5987326610513822,,0.5985722685600088,,,0.5982356089974397,0.5980312770972149,0.5989318521746864,,0.5985873939175059,,0.5975831041981043,0.5985435814748659,0.5970626601771215,0.5986552913940549,,0.5995959938812286,0.5980548077230324,0.6004390312687246,0.5999392093842957,0.5980247943707754,,0.5970693927099932,0.5976944735030103,0.5987444965664035,0.5961677726897628,0.5970422781926716,0.5988085933554285,0.599414945293535,,0.5975210986470015,0.5992989669639968,0.6012564878699954,,0.5971209383670745,,,0.5989007102655621,,0.5986983787030038,0.5972630589959764,,0.5984574822667695,,,0.5998509148616082,,0.5994761044438911,0.5973816276902791,0.5975338200320778,0.5991391894664485,0.5969620112923739,0.5990011253742744,0.5988660307302531,,0.5983155262963558,0.598212516788822,0.5983946110239434,0.5982657518118756,,,,0.5964932008182391,0.5987068768778413,0.5986292030040247,,,,0.5958506303778822,0.5988086679312382,,0.5973863765720362,,0.5983138676705942,,0.5969700956239724,,0.597180407451699,0.5968518419980758,0.5973231574019403,,0.5989038448108459,0.5968686891280998,0.5986472402070919,,,0.5983689461418696,0.5979704322106382,,,,0.5976543809581987,,0.5998441030318251,,,0.5996783114884392,0.5976958927195258,,0.5983587212330311,0.597867186788252,0.598600784619429,0.5977189934543303,,0.59822510347296,0.5979766876995101,0.5984412033532331,0.5995503901070761,0.5971661856083855,,0.598885589778815,0.598453762044513,0.5979385670140425,0.5994921188792395,0.5980047169562068,0.597996608252312,0.5992420297912047,0.596728164691632,0.5968342364174984,0.598634349640274,,0.5985246748951258,,,0.597376903878155,,0.598818086735025,0.6000573139850416,,,,0.5964621471719568,,0.5998267617523858,,,0.5972138343936595,0.5970945014185195,0.5993377572308843,,0.598027751042862,,0.5967790600167201,0.5986862977522908,,0.5163413500618224,0.515036322108694,,0.6228362071857756,0.555167924373685,0.7699487614859651,0.6631396463792364,,,0.5939596306187881,0.7794067621354129,0.7811284100908251
7,5,DG_10pct,20,Z11_F09,11,3PH,175087,182020,True,3738.2438274450546,3719.2876812948607,3763.088973379685,3826.5830337259317,3800.948454645143,26.002042814441083,23.476020826774672,3889.669954876258,3886.1868172196814,3906.640740794789,0.029217743248980722,0.014625032763808313,0.004833611801333356,49.25273310711746,45.56471883284861,26.455146069171303,18.807312763078723,7.146581805463777,36.16664056040642,15.85260297949948,0.7534889690625235,,,0.757971966110206,0.7542864300492884,,0.693503934714508,0.6130202753292481,0.614138642236915,,0.6111988294628021,0.6184491994652171,,,,0.6196434238256399,,0.6187397731451608,,0.6197416556854949,,,0.6121354461820723,,,0.6148916577375383,,,,,0.6148154634584474,0.6163840005817911,0.6148577644674139,0.6138046167623393,0.6158948411365097,0.5867211611282874,0.5613338231850573,,0.5632543160018975,0.5601742757707617,0.561217105215004,0.5627328710501964,0.5636740829537928,,0.565803369949326,,,,0.5628245276451075,0.5631313187122176,0.563078208043948,0.5628474346829093,0.5642392687040283,,,0.5634525423863699,,0.5579479378983531,,0.5605401953725111,0.5592320743623068,0.5506965253413596,0.5515849383018904,0.5519757258546785,,,0.5524726958550278,0.5516729304526778,,,0.5508760287272024,0.552371683751644,0.5531609638332784,0.5528375746107961,0.5515878007976261,,0.5527040031700913,0.5526946928751363,0.5517031250482918,0.5509673638901518,0.552723677597362,,0.5526483718721725,0.5518351858223548,0.5536761218643493,,0.5205648228595068,,,,,0.26232978625693143,0.26196418127119425,,,,0.2660720345621888,0.26546713184298004,0.264979610158486,0.264716249803916,,,0.26524250532758,0.2651396636767175,,,0.2657076964972812,0.26564202349119276,0.2656436218875999,,,,0.2653111350214527,,,,0.26563085011155335,0.26454025425336086,0.2645070532100194,,0.26513088647424626,,0.26562213612483765,0.2651154299180609,0.26589580111201616,0.26498681262570517,0.26526471021059367,0.2653624921596075,0.2651571685328824,0.26478076854912913,0.26469514028670466,,0.26462616420350416,0.2648301310675822,,0.265319658153009,,0.26475655560202227,,0.2652414392478764,0.26470172773838274,,,0.2647213594767429,0.2643791815940891,0.264403924345052,0.2651187733241395,0.2642291074682015,0.26533958331727653,0.2656884789883541,0.26543639325562896,,,0.26497824888167015,0.26543985954653304,,0.26478995194869426,0.2649322585790955,,0.2645541865070213,0.2646684370723449,,,,,,,0.26527632564482906,0.2645885218604038,0.26585031281759774,,0.26561773125083016,,0.26552313297312824,,0.2644205120664912,,0.2640960314664407,,,,0.2646237760589477,0.26544647566578894,0.26522421191575696,0.26516156788820106,,,,0.2648850385927159,0.26496389798608777,,,0.26591610101074403,0.26567238121218384,,,0.26556707352211323,,,,0.2661514315482733,0.2651381749943217,,0.2661422718854659,0.2662006844988351,0.26499528592063226,0.26462187328607745,0.2653533386061027,0.26540175849126363,,0.26502182193261864,,0.2651275969863501,,0.26469431795664183,,0.2646398099875061,0.2651111159940078,0.2656755835931394,0.2651044722871137,0.265254714903123,0.26467741195908884,0.2659873862674017,0.2654916250965308,,,0.2660040026106397,,,,0.2649808819282828,,0.26452452995189435,,0.2659617445447528,,0.2866904453461483,0.28661912940568984,0.28684498935261576,0.3056036300248256,0.25136009389699654,0.25167345786388257,0.2518024295547003,0.2517251665371985,0.2523900364328183,0.25224078290517543,0.2523246741521751,0.32678468938554,0.3261505455074634,0.326003979384096,0.3269402187393034,,0.3255560225893293,0.3269003716109686,0.32575195298473586,,0.32608046540245605,0.3260670730641991,0.3266324667047053,,0.3271152307553253,,,,0.32680242245461755,,0.3272862156424748,0.32616195066969506,0.3267212811957774,0.3262231579067949,0.3273576695245057,,,0.3248872770621147,,0.3258795706692792,0.32682899182495334,,0.326407512008072,,0.32690522836599073,,0.32659947012433665,,,,,0.31096341586397047,,,,,0.3112527925259841,0.3116455737867255,0.31182479329862095,0.31234724403868874,0.310765482762383,0.3124389204521588,,0.31082587448324067,,0.3125733955672842,0.31167862735942786,0.3118959957417492,0.3119935029919017,0.31141922928338966,,,0.3114073892251214,0.3117505807304625,,,,0.31139020302264736,,,,0.31198081850494375,,0.3260825807322586,,0.32678549515438576,,0.3253841379489242,,0.32552054525607554,,,,,,0.3105263918963797,,,0.30993030190484905,0.3114656600777402,,,,0.3112900171854678,0.3103065974967228,0.3099291340594805,0.31067979514906824,0.30942030022566147,0.3107175101386546,0.3254356663675684,0.32622545865919494,,,0.32547359191679415,0.32504789318569755,,0.32632437581830603,0.32591008190750376,,,,0.32522367402703223,0.32498547376806647,0.32590573974422693,0.3258923907225736,,0.32649030819552327,0.3258415817775374,,0.32665815311729274,0.3258530876510205,,,,0.3260948906317631,,0.3251916744538236,0.32511029363440924,0.3263561933183014,0.3256213830139054,,0.3113820759872534,0.31027160470104176,,0.31132536080825707,,0.3111617207142386,0.3102418060312606,0.31125893973879093,,,,0.31083738187138915,0.31009439796970156,0.3106280558849923,,,,0.3108510474267207,0.31057249765443534,,0.31108034235848236,,,0.3105568592581554,0.3098839349082206,0.311438160451515,,,0.3351207700538135,,,,0.33468640483695256,,0.33322197963607053,0.3341019898035705,0.3337164002267788,,,,,,0.327436467513588,0.255061907699625,,,0.2526531544208138,,,,0.24625970961863142,,0.24056680159264404,,,,,0.13576705793717345,0.042485353133498965,,,,5.3588147359896416e-05,5.3530890874361475e-05,5.38324975756246e-05,5.3858972787773815e-05,,,5.368242018608817e-05,,,,,,,,5.383482828598189e-05,5.3912963807538073e-05,,5.378219292591797e-05,,,5.378910648219797e-05,,5.375981923619677e-05,,5.3811298623452786e-05,,5.373849725163853e-05,5.380492979173449e-05,,,5.473768928275986e-05,,,5.46385608100122e-05,,5.440183413414482e-05,5.5165872622206215e-05,5.5058678623030634e-05,5.49272542123948e-05,,5.5101332040566605e-05,,5.511193210953983e-05,5.495045670963642e-05,5.487448831605407e-05,,,5.4998557235016624e-05,,,5.481638855430401e-05,,5.475901738057308e-05,,,5.4822399327033386e-05,5.487846070885425e-05,,5.488315324085643e-05,5.4746003540328906e-05,5.488217462488261e-05,5.479140550495943e-05,5.4896851054844874e-05,5.4809069622413415e-05,5.470152911870687e-05,,5.4670548608973107e-05,5.4855700340541205e-05,,,5.480055826672304e-05,,5.4776178909234065e-05,,5.470488920664729e-05,5.486741983626347e-05,5.4902774665652844e-05,,,,5.4794446799574604e-05,,5.507686931417468e-05,,,,,5.4802684492495834e-05,5.4798397315115385e-05,5.47934760515873e-05,5.4837789808625806e-05,5.485987856338566e-05,,,,5.4681526431543364e-05,5.4807231289155646e-05,5.4755272186416804e-05,,5.4939313219424515e-05,5.478778138394368e-05,,5.4960600925067474e-05,5.477881831212427e-05,5.483363698464036e-05,,5.475678995330503e-05,5.4630254107697046e-05,,0.3623155071145058,0.36265427664905014,0.3610330967262809,0.3614507195423281,0.3612767366367254,0.36114508599734424,,0.3631985100769384,0.36211565459552186,0.3631005427766919,0.36094707081681954,0.36166923459691713,0.3627324873217289,,0.36199564655973,,0.3616077096133758,,0.36265050559510587,,0.36198649993057,,0.3619447627228592,0.3610764095439499,,0.3611837966614894,,,0.36108455844523185,,0.36233204035635247,0.36292506312848566,0.36256022721330183,0.36211244123019837,0.3627723640972998,0.3629395896990836,0.36201866930035265,0.3634146620065095,,,0.36076740779119787,,,0.3604982405561393,0.3605667054593295,0.3612086369869979,,0.36137746309439056,0.36094985655066714,0.3612477005056611,,0.3610291999551906,0.3605755359362595,0.3594874099643616,0.3614440281016053,,,0.3625461151438956,,0.3621463351781148,,0.36095216947232817,0.3614177042047767,0.3613825497387198,0.3566996743423913,0.3609706298817453,0.36092711796754984,0.36081786109711494,0.36148684044268176,0.3602864316229862,,0.36121208055845283,,0.3607849558808517,,0.3629317826365951,0.3616213329376313,0.3622945975736455,0.36140587927449597,0.3618832471955441,0.3616950394920993,0.3628901754495358,,0.362745582705497,,,,0.3617858731825021,0.36138883526193205,0.3618913338608891,,0.3625189217696844,0.36308004824014045,0.3623428242093816,0.3621320793333389,0.362112131171584,0.3617601520404475,0.36148975290298163,0.3638848987096718,,,0.3618108013236428,0.36171539296722155,0.3624993924558124,0.36131275667406654,0.36171034905753346,0.36252276800321814,0.3618078420585219,,0.36094825971558797,0.36296548688577057,0.36096092818151826,0.36010080554581925,0.3609566858968104,,,0.36061328909404533,,0.3612592809513011,,,,0.3609670341519398,,0.36185587977418593,0.3617843579141412,0.3616000281991716,0.13520552944945544,,,0.1351518257303601,,0.135069799847373,,0.6367747930481605,0.5754691630494216,0.5751678207119683,0.5757240782956597,5.456867041468778e-05,0.616504860080672,,0.615025418927257,,0.6137971504638681,,0.6157492592969525,,0.6138027881174645,0.6155996402732747,0.6159895271227923,0.6146786402794086,,0.6151509191385219,0.614338926245007,0.6153524355344794,,,0.6173533034435961,0.6159431768226623,0.6152591166130209,0.6179238841578716,0.6162943118478733,0.6152931563660472,,0.6157394328993676,0.6158767004158828,0.6146242410504876,,,0.6158825585223943,0.615016430044518,0.6148298977945111,0.6160603104292968,0.6157074711175465,0.6165106716326242,0.6152356660283177,,0.6173389617606744,,,,0.6170475641588269,0.6156095276086451,0.6143320157036445,0.6169020855933198,0.6158074715060613,0.6153845472621151,0.6153834429177564,,0.6161288139771134,0.6159668951262185,0.6150435218451102,,0.6162911108192397,,,,0.6154443685840322,0.6152715364704976,,0.6152744009278196,0.6154432091539276,,0.6148717702767313,,,0.6165714340896479,0.6164081057708207,,,0.6155837896684244,0.6153808348443407,0.6169403206060602,0.616370358421127,,0.6160825953751019,0.6144753202060922,0.615812232299373,,0.6148148900812299,,0.6155521905691664,0.6160756538863992,0.6147971754543078,0.6159924603178932,0.6166184915341048,0.6170452441638116,0.6165656145677864,0.6162559265117533,0.6151156409517636,,0.6164872519612223,0.6142206431139747,,0.6143786288534266,0.6166376167519827,,0.6145023191269713,,0.6149809423735452,0.6159382903433268,0.6159512053122075,0.6156506892953596,0.615215605915903,0.6157857905202964,,0.6155688663184777,,0.6148539249243705,0.6170992697742159,0.6161028439341703,,0.6162747537805284,0.6166788648948673,0.6163504142931581,,,,,0.615639101628001,0.6131192877523953,0.6150489759879392,,,,0.6148488561816384,0.6167122183875895,0.6164474537883148,0.615578682112355,0.6160991331449113,0.6145229208503515,0.6161588428049649,0.6167516085664256,,0.6165373902467429,,0.6145708403840652,0.6167379072448377,0.6162479462674735,0.6143526213157297,,0.6159324348926521,,0.6169618057401727,0.6153719447151317,,,0.6143821028156367,,0.6153203961881035,,0.6167722466147759,,,,0.6158143280274572,0.6148265154707178,,0.6166470173461194,0.6152291050269024,0.6168731639660412,0.6142231283936517,0.6166815394237105,,0.61485926945999,,0.6177262876216935,,,,0.5778459078968678,0.5768798415383024,0.5788283259995085,,,0.6189570048719908,,0.6207363912032331,
7,5,DG_10pct,20,Z11_F10,11,3PH,175087,182020,True,3734.7153870019033,3734.778134504979,3770.4947439342805,3813.0765050418,3796.7991359921034,25.86172194352371,23.510588687060544,3878.781504684626,3878.8153428706864,3886.872918503971,0.029482373350395844,0.014664081233656904,0.004802739300967055,48.960470696506256,45.56041667568881,26.306124512976538,18.682207114072167,7.136180888713176,36.34030453797002,15.922586081670532,,,,0.756613750468282,0.7557666817381824,0.7562012982161195,0.6917115813829627,0.6127584271300938,0.6124924005038188,,,,0.6213227945173453,0.618567703741255,,0.6184183530389481,,0.6197276098257434,,0.6197267139947379,,,0.6130960072795589,0.6130835625951105,,,,,,0.6165333641536699,,0.6151626865071665,,0.6161038203683268,0.6153057247796379,0.5886206795417429,0.5620338748775073,,0.5619992547932415,0.56234471112021,,,,,,0.5625982217624852,,0.5634261731115607,,0.5643741775177944,,0.5633660710669665,,,,,0.5635474789301871,0.5576968415727217,0.5589742276819788,0.5581771858288056,,0.5521875377492157,0.5512962712961824,0.552227997012495,0.5517340471131682,,0.5534085197269454,0.5533296747292569,0.5526208071271401,,0.551389575579603,0.5520894048652708,0.5537971922065981,,0.5520983754707323,0.5527542384459992,0.5531429512824708,,0.5516080414115005,0.5518022566932441,0.553106032859486,,0.552265503853479,0.5531224954446188,0.5527985956146663,0.5217104973223798,0.5211729345865278,,,0.262294793952679,0.26281075017014977,,0.26213212035309585,0.2622240000488305,,,,0.26561521790930304,,,0.2657947861080451,0.2652322736099645,0.2655550250812024,0.2656862977620324,0.2654630514526267,,0.2653977126292238,0.265727622741841,,0.26467955361267836,0.26505422443834975,,0.2647007774858743,0.2657603183134432,0.26565194054308405,,,0.2646446944280056,0.26538960751430674,0.265789763397068,,,,0.2656413056429412,,0.26460459801117625,,,,,,,0.26515207827232373,0.26418014591680494,,0.2647437872099056,,0.2643622806530426,0.2646972336830109,,,0.26376211938503324,0.26586551235414935,0.2654349368737114,,,,0.26547198182642245,0.26520393559357913,,0.2653522283032406,,,,0.26438368370635484,,0.26437059653062017,0.2658644636331197,,0.2645756046735403,0.2648107290082299,0.26546418660677995,0.2649026563751628,0.26436144373182463,0.26481708171965285,0.264932421845773,0.265063725195907,0.26538130216048295,0.26486645184245755,,,0.26482441354113023,0.2647346043872148,0.264776873392938,0.26455333055029956,0.265558232663289,0.2644837532584044,,0.2648406653697981,0.2644429506149091,0.2648175437513048,,,,0.26477967385188156,0.2644683331930612,0.26544170888249957,0.2651387006738945,0.2648681052933271,0.2651864212099546,0.26577010442417015,0.2652291511627147,0.2648725000127496,0.26527001643916687,0.2655612525059626,,0.26508552443660394,,0.2646548898114643,0.26498205160094407,,0.2650553391991631,0.26530347159384093,,,,,0.26511518312780175,,0.265954385109202,0.26422808815245513,,0.26469241781836533,0.2649689883230533,0.2643743859000018,0.2660456281838945,,,,0.26510897913810866,,,0.26511635456551724,0.26493417927194535,,,0.2652194827908775,,,0.26484794720542565,,0.26510693682556574,0.2650466195290428,0.26508419783819603,0.2654876529066337,0.265154737333429,0.2860559888278108,,,,0.252462814551549,,,,0.2522186541371294,0.25193005832369886,0.25233974829229167,0.3265262846773946,,0.32705007908119443,0.325926842278479,0.3263222561905063,0.32698558101722486,0.3268841335989867,,,,0.3262280502186439,,,0.3262299675408927,,,0.3261752109497042,0.32660694127850454,,0.32611792097026604,,0.32636977357147173,0.32600179115614547,,0.32662637176301335,0.32693393043625946,0.3258907329757898,0.3272375353834652,0.3256442901691409,0.3266832848720221,0.3258168650068349,0.3263267227416673,0.32657450975831126,0.3263887060100133,0.32713071194270366,0.32654097693645134,0.3271747875549978,,,0.3265463927312786,0.3117319954382872,0.3107777652236651,0.311609493721957,,0.31088470316443123,0.3111892100739284,,,0.31168437507255314,0.3122329740653974,0.3119510465713964,,0.31113605959069973,0.3115893170248699,,0.3122951331043668,,,0.31137498780368494,0.3118184785451912,,0.3120527843344925,,0.3112991507452401,,,,0.3118046063840712,0.3106253380112385,0.3112997707767661,0.3105103048403703,0.311137578813956,0.3267178207461958,0.3261792757118535,0.3263044284851371,0.3256610716626624,0.32590018046271,0.3261660045800406,0.32648813858175774,,,0.3265949652113949,0.32673701358475965,0.3102388309366909,,0.31146026731657744,0.31048184531402506,,,0.31062165165159755,0.3103547209108226,0.3116580127267436,0.31050603470331817,0.31101478243879555,,0.31119504051749414,0.31083373205740156,0.31024194748602846,0.3257194953647018,0.32556337943316915,,,,,0.32525909770912287,,0.325109329985013,0.3243773230743459,,0.3269339148733651,0.3262556181134688,0.3257412816458508,,,,0.3258484234167514,,0.3246440284539152,0.3261000668880769,0.32663238183310384,0.3261880586887092,,0.3259113513747631,0.32604364422004717,,0.3262560926975839,0.32600641853797935,0.32510935556542453,0.32596731307621524,,0.31052185644434305,0.311033503422963,0.31070376902862606,,0.31061103885863456,0.3108441333911968,0.3120953908838664,,,,0.31066857047398816,,,,0.3115949891858251,0.3103206424949124,,0.31098502358013286,,0.3108564261557975,0.3110466460993108,0.31176818450932886,,0.31043999106804226,0.31020994865008716,0.3115606471733807,,,0.3354587978772728,0.33479927956966266,0.3348962802866174,0.33500567555568683,0.3334686677552866,0.3336526921328349,,,,,0.3288062889612837,0.327584012499017,0.3274893658897674,0.32754860717099,0.3273133509786262,0.25512053729586565,,,0.25316934893051624,0.2530298166315002,0.2519359957679706,0.24761788016605915,0.24659696775759102,0.24773009231961066,,0.240643400474612,0.2407876477708986,0.13620197857127958,,0.1356022800271754,0.04245134228575154,0.04239571090337906,,5.358384449592938e-05,,5.372860329977364e-05,,5.3779377450894644e-05,,,,,,,5.444339010578939e-05,,5.3798770639096105e-05,5.3831828960044807e-05,,5.376491156163147e-05,5.3828565044729275e-05,5.368650909671528e-05,,,,,,,,5.3802645688017855e-05,,,,5.4040773744234324e-05,5.486710984200939e-05,,,5.461561380970411e-05,5.483108692273501e-05,5.446515569102199e-05,5.499768888111927e-05,,5.5033445697729306e-05,,5.490322155730259e-05,,,5.488991132718157e-05,5.4983516970418045e-05,,5.502797410011002e-05,5.5007393736930786e-05,,5.494579255313518e-05,5.4862872996145294e-05,5.494723832056683e-05,,,5.484535708569068e-05,5.484962350574414e-05,5.48606095997866e-05,,5.4743829589088886e-05,5.481235815996817e-05,,5.474793240952709e-05,5.469684995815116e-05,,5.474888181709923e-05,,5.47467667576623e-05,,5.487528954566194e-05,,,5.4775662430295164e-05,5.468711543645817e-05,5.4876615645854176e-05,5.478973632375194e-05,5.483747778448747e-05,5.482663363055724e-05,,5.4874185817311506e-05,,,5.469492538926655e-05,,,5.488663133227944e-05,5.4787669595528244e-05,5.490066766341232e-05,5.486148883565111e-05,5.497084972236335e-05,,5.471755384051487e-05,5.490210768287459e-05,5.488742462212534e-05,5.477685525371209e-05,5.490557904442934e-05,5.480752716462495e-05,5.487291249979159e-05,5.487159346688944e-05,5.4733800777864014e-05,5.500772821034663e-05,5.489663033209988e-05,,5.4891940088870444e-05,,5.489881361989377e-05,,,,0.3616314540224085,0.36211055279595794,,0.3618540277679292,0.3607859611551108,0.36213219133951197,0.36244689321650836,0.36176456621835695,,0.36203681913397334,,0.36215128569001753,0.36126450314845326,0.36166249110707954,0.36244256085825277,0.362838040437146,,0.3612095638432883,,,0.36101404482206734,0.36236669975781594,,0.3623664327048135,0.3620755615193224,0.36110572683826475,0.36190803418710243,0.3615135582998575,0.36104615281495717,0.3611418666668302,,,0.36262218432755683,0.3614512763571367,0.3639226572174382,0.36202895871722757,0.3618382102164422,0.3612754167860038,0.36234028717794886,0.36113544143457943,0.3609923909314848,,,,,0.3614042497184162,,,0.36113613542384837,0.36009483142409837,0.36167014572197875,0.36117191975881635,0.3600630647710727,,,0.3615731716925674,,0.36246148161710395,0.36210509253085327,0.3608823458601745,0.36236563573456815,,0.36233653716835884,0.36237486578347883,0.3608839942393934,,,,,0.3624706889903398,0.36096033833330504,,,,0.36121910704472876,,,,0.3621686724417993,0.3618710863377943,0.3618632447167837,,0.36190176913277977,0.36198083768688166,0.36230501776373514,0.3620456137255842,0.3620210651135431,,,0.3607808432518672,,,,0.3623274935494671,,,,,,0.3624652337655646,0.3623731785978398,,,,0.36024675713121307,0.36104470061506394,,0.361467129968923,0.36155638261303685,0.36144142949286157,0.36253018456908287,0.3615312413912837,,0.35936382483405893,0.36090068976071316,0.36134785068258435,0.3607213310133139,,,,0.36177314098951063,,,,0.3617204125474565,,0.3615433057757922,,,0.13521289772305975,0.13551246857352997,0.13547917689653516,,0.13532458162286948,0.5772040435631065,0.6351880491405034,0.572928038124421,0.5740400487594433,0.5740917975296598,,0.6157576594908267,,0.6159806270532818,0.615233666800059,0.613325701891782,,0.6155435161064736,,0.6157837411764802,0.6171368857790285,0.6167428812461915,0.6133004362879251,0.613637008588484,,0.6149387593621705,,,0.614369714282765,0.6156236197908794,0.6143321265454854,0.614731908367578,,0.6156992866361513,,0.6154002155777538,0.614488567491183,,,,,0.6155522116805252,0.6162120873854651,,,,,,0.6165796905409907,,0.6155276042924498,0.6161807678943935,,0.614760092136132,,,0.6146444391717724,0.6152738192852439,0.6148457589807941,0.614934929294505,,0.615302668759256,,,0.616392267905282,,0.6149710001336072,0.616312306805184,0.6162153082659133,,0.615358942579411,0.6156624887559168,0.615875788821349,0.61492746533312,0.6167684078359618,,0.6163712960505277,0.6153810170999411,0.6158251361218219,0.6159780622332803,0.6169213015993923,0.615119289000858,0.6145767184222867,0.6140791927760639,,,0.6156646964891852,,0.6164884487769574,,0.6156814142204377,0.6133577298030922,0.6165412846048541,0.6151183658573005,0.6144380932523759,0.6162271080169464,0.6158167327295619,,0.6160454837063881,,,0.6152822880855312,0.6152048294731765,0.6150531245906463,0.6152346985296169,0.615790857539588,0.6143368411476111,0.6159956904551388,0.6159200731397103,0.6133433518644706,0.6173340470390203,,,,0.6155993031966457,0.6168171501357934,0.6145169047737243,0.6168656788077742,0.6161584547554184,0.6157495773624242,,,0.6154408154045655,,,0.6152969029993043,0.6160066753088322,0.616003271819029,0.6174126258834207,0.6163523600620089,,,,0.614087112088897,0.6166051216819386,0.6166617563497849,0.6152934118120349,0.6159998154423985,,0.6173886990686247,,0.6148321050556096,0.6145130337564536,0.617429672085635,0.6136288631610599,,,0.6166186001474254,0.6178590546671568,,0.6138157400324362,0.6170404005386884,0.6154009713770006,0.6152069147229828,0.614795004520786,0.6153904621211822,0.6148287209605893,0.6147302825525783,0.6164051491717281,0.6152540893211171,0.6157828163241615,0.6162123942537886,,,0.6167077616757691,0.6131679076033403,0.6160452429634484,,,0.6156935006357157,0.6152047105189957,,0.6156563374476222,0.6146580435628641,0.6158064631409537,0.6163376878803584,0.6146373345354196,,0.616138002477931,,,,0.5781644206334225,0.5789471751970627,0.5779400564780018,,,,,,
7,5,DG_10pct,20,Z11_F11,11,3PH,175087,182020,True,3727.740618786198,3715.6591474625952,3770.822365499722,3820.719881094167,3821.491628331859,26.04663184622174,23.418241865250653,3870.229885680112,3868.9977985674686,3887.176124290771,0.0295190323097228,0.014515035118892029,0.004842627399110153,49.32154136604941,45.84068764873914,26.19128889837349,18.75479849338026,7.118560642369696,36.34961225258233,15.922545349446766,0.7531737993205477,0.7543253381626023,0.7541923047284593,0.7586723140813373,0.7550706386592451,0.7535407726462352,0.6929279736244655,0.6103413401258142,0.612740052879878,0.6123251326164458,,0.61854833780627,,0.6180065465112476,0.6199644284647711,0.62036374546852,,0.6191740331238401,,0.619265023623009,0.6128190240989072,0.6131201377822894,0.6134930819698086,0.6143750633656965,0.6137494018933828,0.6148025917275631,,0.6082746495442788,0.6063331384576535,0.6144017152477692,,0.6157329335125052,,0.6178967012864991,0.6167593645617301,,,0.5623524704922416,,0.5616858079325718,,,0.5633906011468086,,,0.5635751730429995,,,0.5638323575550405,0.5649643946205405,0.5625584220787008,0.5638904695703564,,0.562274726283313,,0.5649020178659188,,0.5575423098328598,,,0.5599187638883488,0.5538429073489574,,,0.5515443215655024,,0.5531765998686695,,,0.5516779028236577,,,0.5529410515190243,0.5519693398643952,,,0.5522419829863819,,,,,0.5533284251856475,,0.5539746168272112,0.5531909920979287,0.5217167173807502,0.5218937463806478,,0.2638035193425272,0.26261567943609265,0.26241813510508305,,0.2626641218192414,0.2613826720140314,0.26246306655005125,0.2660147676472785,,,,,,,0.2651520236082566,,0.26582426891802624,0.2655971918159415,0.2644890753965029,,,,0.2654517313767133,0.26527786215684895,,0.26613622250935615,0.2651408404402469,,,0.26478961454314875,0.26494455158133806,0.2650553333350129,0.264323293104032,0.26555801464502665,,0.26541309266370994,0.2645816515941837,,0.2652010126959176,0.26480056996029566,,,0.2649473292035925,0.2647250897758312,0.26479315119811486,,0.2653054298946625,,0.2647323929252488,,0.26536845196888104,0.2651849067147208,,0.2648871176268952,0.26487162832602257,,0.265617788459664,,,0.26589415465472444,0.2645801556463474,0.26495391648945893,,0.2647667444741985,0.2652893265231939,,0.2648624126655254,,0.26529603402630547,,0.2647560880267067,,,0.26476373641885576,0.2644047946557288,,,0.2657554590684836,0.2648686406421612,0.26487539965023993,0.265710158518709,,0.26480984174777694,,,0.2648154694799728,0.2650528169877152,,0.265894203496329,0.26521033711376174,,,,,0.2658931645068153,,,0.26503422744764693,0.2656275665852297,0.2658193506406221,,0.2651092858506951,0.26545941328576167,,0.2648577075395523,,,,,,,0.26480165912721726,0.2665292581417092,0.26585714636567265,0.2655773191668937,,0.26594508339273293,,0.26478943544272937,0.26522135561900134,,,,,0.26488924519593265,0.26565071802911294,0.26404154953245834,0.264914415508732,,0.26546599866077986,0.2660902826331046,,0.26516908156872127,0.266106731330899,0.2650173174323068,,0.2661372503124657,0.2658104680690521,,0.2647304587328544,,0.26483264397497297,0.26533186704256756,,,0.2640123899266881,0.26514072100389524,,0.2867348705789958,0.2864449177359382,0.2861728859761339,,,0.25104361652055734,,0.2513810840549969,,0.2512261443728537,0.252284282680375,0.32618508087689185,0.32616856911904785,,,,0.3269965943434811,,0.3272477701536281,0.3262175827150126,0.3264416202622348,0.32695781540463636,0.32608219091433716,,,,0.32653101261970463,,0.3267429125803898,0.3264976558016323,0.3269427560750183,,,0.3260067605706028,0.32601052759644855,0.32708572937733255,,,0.3265595424626742,,0.326496161701552,0.32698201624676154,,0.32687268698235333,0.32598082837808784,,0.32654915929468037,0.3256627878704989,0.32697944146428876,0.3260703363836852,0.326885083161838,0.311044960147902,0.3119347700445385,0.31034130857961617,,0.3115669549526295,,0.3117606464891121,,0.31187614330619823,,,0.3121752129578102,0.31108978080629596,,0.31147179508961026,0.31169321744776396,,,,,0.31158070141642924,0.31139916915777727,,0.31188807240472854,,,,,0.3107773591186443,0.3121355910644211,0.31093404891325127,0.3120214111392522,0.3262791609603988,0.3271534232687854,,,0.32625857457140106,,,,0.325895798607336,0.32670733508841066,0.3257752821069185,,,,,,0.31069174076747924,,,0.3113798238521161,0.31275412824815657,,0.3104865957065278,0.3105900524143931,0.3103835785571744,,0.3262561535409159,,0.3256913647736137,,0.325759556357896,,0.3254422763680862,0.3259106157738047,0.32599622972356673,0.3240716288980318,0.3265391246580763,,,0.32568176544718636,,,0.32570052327450916,,,0.3251804150948771,0.32534927304529865,0.3260468007053046,0.3274892432564995,0.32577565693798616,,,,,,0.32607426502201975,,,0.3095136453560822,,,0.3108711026377931,,,,0.3102474647881914,0.31043682910198567,0.30981455184921736,0.31136663340896215,,,,,0.3107696123567909,0.3108317399460163,,0.3112853736982163,0.3104087823043859,,0.3120250803438045,0.31126822252989056,0.31052547909961103,0.31128817514826634,,,,0.3348056846737711,0.3350305962457878,0.33522492405800947,0.3349832010357425,,,,,,0.32867026599356863,0.32702778374007524,,0.3270637797262526,,0.32779104213235677,,0.2544023974275597,,0.25292853870454834,,,,0.24711896617933707,,0.2403607704252072,,0.24072775809782102,0.1354898949217748,,0.13555689498491322,0.042377053630760185,,,,5.3429168699867e-05,5.3402439662949224e-05,,5.395475576927878e-05,,,,5.366645405088492e-05,5.380973155045502e-05,,5.413290314939206e-05,5.409336115355056e-05,5.3792925464925224e-05,,5.381346089637785e-05,,5.3955025393320856e-05,,5.369951048352015e-05,5.392303790133536e-05,,,,,,5.365109275649304e-05,,5.376646550612835e-05,5.377807587310004e-05,5.380301907773481e-05,5.482770816317991e-05,,,,5.473477169864187e-05,,5.486350886003903e-05,,,5.502651218248751e-05,,5.49086705193968e-05,5.509478736856478e-05,5.485889575062788e-05,5.502187767401747e-05,,5.498723147226885e-05,5.499484222206398e-05,,5.4822450482078816e-05,5.488273256082997e-05,5.4754409200668594e-05,5.480839816948108e-05,,,,5.479856258405661e-05,5.4866072091642293e-05,5.4728580073131085e-05,,,,5.484943491048542e-05,5.477669472397366e-05,5.475191518007926e-05,,5.476673653954766e-05,5.480420717089151e-05,5.470346142385416e-05,,5.483672589337832e-05,,,,,,5.4988188566656975e-05,,5.479712443514419e-05,5.477306648947743e-05,5.473628388992043e-05,,5.482448294678312e-05,,5.4810511408668863e-05,,,5.491550344417522e-05,,,,5.4867924274686804e-05,5.490044709672439e-05,5.502829049184667e-05,5.4972907304951156e-05,,,,,,5.4904534882644756e-05,5.490909349430466e-05,,5.4741307680680463e-05,5.4782169583054364e-05,,5.475332828977595e-05,,0.3628003564397353,0.36164617442855845,0.3613968113073557,,0.36165225667626794,,,,0.36124711617087285,,0.3622832552299882,,,,0.3614935328282673,0.36091790064740553,0.36121025215346086,0.3612632801674438,0.3620263745461387,,0.36040730850689734,,,,0.3621111467387803,0.3614858127132296,0.36134770432756697,0.36119345838200123,0.3620991433632048,0.3616584563716191,0.36115380104017114,0.3624932896940911,,,0.3611029039170194,,,,0.36212145257253736,0.3612949990711887,0.36059977920643926,,,0.3603769643193178,,,0.3604961817786266,0.35992138829692416,0.3613540680164658,,,0.36069842738850566,0.36070790707781336,0.3618290916723328,0.3608738055467322,0.3624521327577611,,,0.3624061196248302,0.36180183959410933,0.36289811667278593,0.36062346864011846,0.362405890453568,0.361491228994267,,0.35765641012197896,0.3599654513512237,,0.36123270562406906,0.36080284989020056,0.3616238084981396,0.3604913135198275,0.36187215223216695,0.3612730992619302,,0.36204039773192453,,0.3614445760721902,,,,0.3614140806240593,,0.3607089730637652,0.36237330916407356,0.36302456185984844,,0.3615079978033117,0.36255384330069873,,0.3616007305560394,0.36234135683424623,0.3626676372629188,,0.3629242837447367,0.36196092791492473,0.36017817773161315,0.3633217507760655,0.3634975622099589,,0.3619144441152308,0.3614635392276676,0.36099957501293184,,,0.3605246458834331,,,,0.36195502736952223,,0.3617100671197145,0.3596295020820508,,,,0.3619986459385344,,0.3618093362939077,0.3607056076065659,,0.3619464599380003,0.36234429437048005,0.3613072196858906,,0.36138244611131515,,0.3627658793198422,,,0.13542827808053048,0.13512818863539625,,0.13562769423149318,0.5792105851670208,0.636118931374789,,0.575741882517532,0.5754542801237846,,,0.6142931958224236,0.6177538190683453,0.6155899051104627,0.6158319278787572,0.6157237873271938,,0.6163555339859337,,,0.6169012031758505,,0.6147975973953206,0.6137539513043662,0.616547072560002,,,0.6144688394916934,,,,0.6137103775287224,0.616946990029049,0.6152557285312105,0.6162055033992156,0.6156940869585433,0.6155564679152119,,0.6150406095268673,0.6140745016436929,,,,0.6169697823706881,,0.6156353304268234,,0.614686920318945,0.6160374780242726,,,0.6160081576972518,0.6160556565770816,0.6152879783659133,0.6181562470615365,0.6143233919740753,,0.6146931900048906,,,,0.6173260113558339,0.6160955144324728,0.6150297563423401,0.617040671143897,0.6139872416845891,,0.6143144967341616,0.6148931781303629,,0.6155441146065971,0.614432726086561,0.6153181729287293,,,0.6164238153670297,0.6172190329486331,0.6168426821602253,0.6164204144465786,0.6164381440539783,0.6165791011504725,0.6163970711094857,,0.6157382978604646,,0.6156469775483875,,,0.617388293016915,0.6151729082396283,,0.616207965789687,,0.6153333812117221,0.6159935060997033,,,0.6160776043288191,0.616586323965309,,,0.6147567707157472,0.6177389880510721,,,0.6158237495511737,0.6141619750191382,0.6167165859563796,0.614541081521269,0.6147179838893444,0.6164384751131666,0.6156427131328875,0.61454106032426,0.6149360866073809,,0.6166209826435395,0.6151257025265676,,,,0.6156819587521387,,,,,0.6132346395029279,0.6146693330589017,0.616072014804679,,,0.6154850517566258,0.615808205353872,0.6158474841040852,0.6156856348018406,0.6154178937217727,0.6147877041740812,0.6136451782215073,,,,,0.616096144292862,0.6157021612318312,0.6148216827459375,0.6167924681690197,0.6146305016685981,,,,,0.6163504668643097,0.6154213532010503,0.6156093078348878,,,0.6150491652681195,,0.6145004041982797,0.6162622948720025,0.6161286117428211,0.6164576633249716,,,,,,,0.61613397285641,0.6162264415885754,,0.6160465974202992,0.6170115193012776,,0.6157426523640949,0.6156625860060413,0.6178177944928661,0.6151779167720416,0.6137418278871759,0.5303731428833314,0.534241571487145,0.5311981118376279,0.5797900632638583,0.5765028365817783,0.5785835013504017,,0.6190218147779492,0.6186129004819356,0.6199880206731465,,0.6215195052573348
7,5,DG_10pct,20,Z11_F12,11,3PH,175086,182019,True,3912.978817379983,3903.237168685929,3911.314663178439,3977.4303486306853,3950.8528820628103,24.004683654957272,21.40096678517547,4004.6746788863784,4024.845642061951,4055.452816706447,0.030620292117888748,0.015132932291872995,0.004991270442133944,47.84215669695777,44.47702569398375,24.273207819390418,16.49395331242413,6.285538033313394,31.94319403682896,8.397387881447797,,0.7432309780964433,,0.7451439325286993,0.7453749688264416,0.7465529277057023,0.6837080190104119,0.5953725746111165,0.5966760089695079,0.5984552418284256,,0.6050660051861372,,0.6029405580635374,,,0.6048763013170685,0.6033402460533892,0.6028158747530069,0.6041994176343626,0.596640943355806,0.5982292582020197,0.597041332485957,,,,0.5904811529698036,0.5913377657046349,,0.6004916319399425,,0.6013578181520065,,,0.5997731713644111,0.5702578793345051,0.5456103989232371,,,0.5424851514883086,0.5425527984557883,0.5426346250412991,0.545572546628196,0.5459122645379214,,,0.5473287290692885,0.5465979653179435,0.5454656666108474,0.5451679574317183,0.5455581457362131,,,0.5467777769318912,,,,0.5383539488324671,0.540433307885903,,0.5397861231904661,,0.5322044243691176,0.5326334382099649,0.5314964949714434,0.5342964123520837,0.5339300330122636,,,0.533381437482243,0.5309577050583333,0.5335345705276828,0.5335898651416935,0.5337842472922499,0.5344555000802949,,,0.5333045467308359,,0.5337851222376692,0.5327022281381703,0.5328676365047533,0.533884184424655,0.5343835466393584,0.5331863386666789,0.5005730680369329,0.5005673183908708,,,0.2315968084670594,0.23215177805130963,0.2321152717145547,0.23129180827608528,,0.23189855478504431,0.23462847358359748,0.2343975802511924,0.2356192769928124,0.2349500240142882,0.23503559475490843,,0.23545371669048729,,,0.23445675166859362,0.23451514028735515,0.23391432692680672,0.2350474219673395,,0.2350300536466692,,,,0.23487435445049148,,0.23470823454973735,,,0.23430287143746276,0.23469651480095666,0.23401060965657733,0.23542515729920285,,,,0.2349843746964525,,,0.23501317492606788,0.23461070951760205,0.2346059625238976,0.23453535602556363,,0.23463554710758505,0.23445792146757402,0.23474399311273852,0.2350952747877415,0.23457744606919656,,0.23484749135095528,0.23525740120207383,,,,0.23407257951862728,,0.23471033851512074,0.2346657852373624,0.2347821378391816,0.23516630667080643,0.23499841101885108,,,,,,,0.23458617716670155,,0.2347114192422786,0.2342111889062875,0.2347507618899747,0.2340148806811913,0.23405926399037882,0.23493544271966685,,0.23385784211679922,0.23440938105127396,,,0.2344544639082844,0.23459132147512263,0.2347370911510138,,0.23548513324150347,0.2350041961125159,0.23367821472586994,,,,,0.23416903391802116,0.23445023458553887,0.23462556163515508,0.23418029326339593,,0.2348257147140104,0.23492240114873822,0.2351621991901747,,,0.2349701282407834,,0.23501460829480825,,,0.23472828475399457,,,,,0.2349627642048445,0.23531224214425955,0.2342551111665638,,0.23465342853285237,0.2343962105503519,0.23456542827008717,,,,0.23458349852059698,0.23444465867911327,,0.23543678333271612,0.23486746197032313,0.23417436707593428,,,0.23560390520304758,,,0.23456634387285893,,0.23496342964887174,,0.23413088097034046,,,0.23443489426773537,0.235131204638329,,0.23448986894036616,,0.2337045984206824,0.23479124918243868,0.2594290319162746,,,0.27686057030364547,,0.2212501657869157,,0.2204210380892331,,0.22109610759124293,0.2214808660965845,0.29951292077174596,,0.2998904746211695,0.3002280186737243,0.2998448043670882,0.2992736165849797,,0.29976069661515653,,,,0.300264195480452,0.30075025049337323,,0.30060876556110444,,0.3005858543853469,0.3007442515723138,,0.2993275622927861,0.2994493566718842,,,,,,,,0.29986879584648735,,0.29963431567777377,0.3000562429236333,0.2997809327229084,0.30022786785812294,0.2995976596834387,,,0.2991471310219491,0.2996907991068196,,0.28346432868929966,0.28289699618815506,0.28373872519448234,,0.2843358434790609,0.28321318913953036,0.2841815900707642,,0.2853955690358986,,0.2839748213039963,0.2845713400944518,0.2838547920962826,0.2837363251806553,,0.2840691577166703,0.2842646771649778,0.2841958475219413,0.2840891111256913,0.28317717286329147,,,0.2853084975740731,,0.2847243261362614,,0.2831241938726051,0.2829838055948903,,,,,0.2995896504203469,,0.29924632413682195,,,,0.2995115788164857,0.2994888654508922,,0.29878249615436236,,0.2825758795013047,0.2828652744705759,0.2833791946659525,,,0.28334325048588427,0.28338892976648716,,0.2832974209370911,,,0.28329277850608514,,,,0.3001469467054916,0.29897463666529794,0.2992770629315555,0.2978999916705192,,,,0.29925012537451073,,,0.3003312238921493,,0.29957000566430986,0.2999132344154336,0.2998121549865092,,,,,,0.2995967513686524,0.29915157023000355,0.3001625267036914,0.2999572422179108,0.2991249416766867,,,0.29945428417290487,0.29866008851678205,0.2995873591460426,0.30043166861569864,,0.2833729208316851,,0.28324096103462076,0.28306776476043893,,,0.28390941225356836,,,0.2825272874949046,0.2838171473988464,0.2828434498435549,0.28290516459420445,0.28341990962789687,0.2836591434402471,0.2836061480295372,,0.283804328789994,,0.28453739126279376,0.28444894754816985,0.28385857129934006,,,0.28388538115622564,0.2840055389370434,0.28301607316226324,,,0.30937039192076693,0.308698748661019,0.30892811299446216,,0.3084509464429702,0.3086217376932532,0.3081991968001624,,0.30171735023140883,0.30209462795753317,0.3025493425380734,,0.3023635291457985,,0.22373345110092388,0.22402199094288194,0.22311092896527598,,,0.22215922010862735,0.2167076206132069,,,,0.21090974597429843,,0.09716033252186304,,0.09692695295292292,5.556963165825829e-05,5.5375419215633755e-05,5.5549319660244834e-05,5.576823182432139e-05,5.592717903160736e-05,,5.60907155188377e-05,,,,5.613696256308421e-05,5.599750569109981e-05,,,5.6445335110775744e-05,5.638625935256085e-05,,5.598932396465811e-05,,5.5915779112130486e-05,,,,,,,5.596686932628982e-05,,,5.597169589693303e-05,5.6019019035461555e-05,5.584837347384984e-05,,,,,,,5.7024012459080176e-05,,,5.7157306518708874e-05,5.7455229703680676e-05,5.729958576929426e-05,,5.7346942272421354e-05,,5.745785827050205e-05,5.728400586098567e-05,5.7266132365244874e-05,5.713915237256117e-05,,,,5.7011844052635565e-05,5.709080359726541e-05,5.713748543796166e-05,5.6930464898211025e-05,5.710547358556345e-05,,5.6956154452277345e-05,5.719127637632752e-05,5.7102734269624856e-05,,,5.70876492549588e-05,,,5.696445443092646e-05,5.697125707335468e-05,5.7024519446305605e-05,,5.6958751994902294e-05,,,,,,,5.70160177318965e-05,,5.6974772377313475e-05,5.697748312697689e-05,5.6885460394267064e-05,,,5.6943061824617617e-05,,5.711395679214767e-05,,,,5.7128271991269574e-05,,5.696478317860184e-05,,,5.713375140065328e-05,5.7220863329928e-05,5.710521010380851e-05,5.71975867145201e-05,5.7244852642095684e-05,,5.7116997348691407e-05,5.702852815999852e-05,,,,,5.70204882142199e-05,,5.709010476753324e-05,,,0.3373423006747252,0.3378463723714207,,0.3378571430573905,0.3381519766375082,0.33807759216784755,,0.3379844690625331,0.3383598366900944,,,0.33760900000626226,0.3382970374339484,0.3377208264842494,0.33804934414814747,0.33887582495224705,0.33830281177436056,,0.3371545739962424,0.33835752712926914,0.3383369858253071,0.33838461801009817,,,,0.3377873551852418,0.33665918904952113,,0.33703410046306653,0.33786667035072476,,0.3379282674167525,0.33808724435360665,,,0.337926591519445,,0.3371395864060905,,,,0.33789488702505516,0.33675975501714883,0.33677126183642747,,0.3355808420341481,,0.3369409765821001,,0.33670467867882903,0.33662292680747435,0.3363666619690479,0.3368115075205591,0.33737884560115877,0.33797524588714406,0.336732601291125,,0.3376148729398642,0.3380935320059264,,,0.3371165824119675,0.33744895417304893,,0.3355868935424605,0.33709698542168404,0.33816186052188013,,0.33675420945385864,0.3375794915529441,0.3366804111393905,0.3378027566953627,0.3369077164088108,0.3369727120985018,0.3378878828018422,,0.33775392757098927,0.33691460321478534,0.33634725124842824,0.3386440391151388,0.3375028246727137,,0.33841593196500513,,,0.3382256529430522,0.33743475099504316,0.33863729686250804,,0.336999613070531,0.3370372068701299,,,0.33766941237781156,0.3377445349071301,,0.3375840830911028,0.33795025681400637,0.336596453058593,0.33876670491962657,0.33779525826711,0.3365427221384794,,0.33642481911823524,0.3373507573965555,,,0.33793578331586516,,0.33709825824498013,,,0.3375475238574245,,0.33624554485473246,,0.33736798295733195,,,,0.336248739520594,,0.3375322248383619,0.3372223336819286,0.33612516228693334,0.3371672117584593,,,0.09661915756030388,0.09658926031126834,,0.09680837593113231,0.5616590803917495,0.6220405186184944,0.558163538670566,0.557011704519372,0.5553054161725096,5.668413343382886e-05,0.6011879448237311,,,0.5991877835481115,0.5990462041007367,0.5970888578943725,0.5988495580348312,0.5974236379989539,0.5997945454709203,,0.6006456777603519,,0.5995908379428904,,,0.5997399845821936,0.5983365416714451,0.5993052099949586,0.5997003420220641,,0.6008994323751258,0.5992840897956524,,,,0.5989601607894387,,0.5989595219695215,0.5986213972183434,0.5968181445989088,,0.5994177367081015,0.6000040872724038,,0.5990260785533617,,0.6006070697378769,,,,0.6011433200389041,,0.6022539674675559,0.6003786655484639,,0.6001559668384218,0.5983125259492387,0.5987644902528483,0.6017086876794121,,,0.6000575714301083,0.6000990968061303,,0.5980204756284643,,0.6003044669392449,,,0.5994516908080344,,,,,0.6002678498314732,,,0.6002715332585091,0.5989269337256872,0.6009784936681251,0.6010976048075196,0.599650462677634,,,0.599857669857221,,,,,0.5990604178352604,,,0.6006071070701471,,,0.5976597789146264,0.5995252334066126,,0.5984358980984547,,0.600209066851625,,,0.5992002919865381,,,0.6003392612214258,,0.5987497276045828,0.5965318912569105,,0.6002542835544664,,0.6015647989394107,,0.5986093789716729,0.5990979475305807,0.5997049475798816,0.6003663021336672,0.6001980580254365,,0.60022109624405,0.5995262625842727,,0.600867725378089,0.5984813959540086,0.6004087337967624,0.5995876738385743,0.6012390233876067,,,0.6010009345946373,0.6003984400557394,0.5982795795876171,,,,0.5995346081343971,0.5987241971107522,,0.6019788886398506,,,,0.5995949268557395,0.5997355524612976,,,0.598597083103153,0.6015254456341158,0.5982874012192689,,,,0.5985853434516074,,0.6002125469619816,,,,0.5992213051712614,0.6004409007228089,0.6007424988510501,0.5999014939367496,,,,0.5998516783421414,,,,0.5999466673484776,,,0.5986570292438195,,0.5987062974566854,0.5996447906238407,,0.513118463184359,0.5122317557141718,,,0.55998820905235,0.602047339016809,0.6054053095151171,0.6036905498322411,0.6031212117073153,,0.6028521480219714
7,5,DG_10pct,20,Z12_F01,12,SLG_A,175090,182024,True,2965.9490405147517,2958.6576452006125,2992.13192546099,3060.606976061389,3035.267584629101,103.40515235708808,113.78389870180864,3463.4130393860587,3456.9432099046167,3717.6993526489487,3697.590871547877,588.4769344559157,187.30831273114353,72.69925702559838,69.4588686812508,103.60726019949894,108.65538318964788,25.69833734892033,227.36881479070342,380.1895823805306,0.7836141281824354,0.7861003403139851,,0.7985061986455175,0.8645564176632985,0.9618987835152234,0.8448769489164403,,,0.6749930733977471,0.824615513198709,0.6847647625156469,,0.6824554015116272,0.8340948015790005,0.8321035976947286,,0.956044905619086,0.955593135553273,0.9586461766763915,0.6743368993060074,0.6722924165264567,0.6778053459206886,0.6748316772043718,0.6737636828252307,0.675450711172446,0.6701594938336997,,,0.6787056508966027,,0.6743687929127536,0.6755756637598129,0.6780996283799592,0.6753694322009032,0.6575401656869889,0.6465503421497537,,0.6475830817403128,0.649521492868929,,0.6513650111710881,0.6502105823409259,,0.651582585592612,0.6528759383431095,0.6527256572674861,,,0.6522086800246404,,0.6494564070325374,,,0.6525470241187338,,0.6513072661189976,,0.63091365572192,,,,0.6253408824358923,0.6245257044155551,0.6263710009093681,0.6248477082559737,0.625350518078798,,,,,0.6267207419143765,0.6235438986379227,0.6276140218800901,,,,,0.6232232804383482,0.6271160569037895,,0.6265921102017761,,0.6262664639193695,,,0.6181366523216568,,0.8920934087373693,,0.5537850347821328,,,0.5511923813431567,0.5545977078726941,0.37802092018910755,,0.37926921635900257,0.37761909369211577,0.37942046187131645,,,,,,0.3783225143694212,,,0.3798795707983207,0.3778825822409599,,,,0.38028830716588263,,0.3785892011773687,0.37766931835021805,0.37791248121620524,,0.37887357398999594,0.37856766384240353,,0.3789356467212075,0.37912762526832755,,0.3783082504505417,0.37786933995590555,0.37825250884422146,,0.37862118783799203,,0.37838312988639905,,0.37771631570773434,0.3775435599245377,,0.37928434571021713,,0.9326101777873634,,,,0.9300079316908588,0.9307702986459342,0.9307880929975553,,0.927758314609401,0.9306787581643791,,0.9293648972780537,0.9305615433194317,,0.9324509312808208,0.9282970721537183,0.9292751880554009,0.9299029899511735,,0.9306642140833197,0.9316289675198955,0.9298756797225145,,0.9312423345261489,0.9320537018337199,0.929479924924565,,,0.9311262477862259,0.9300580930798635,,0.9287292527707789,0.9277723997831041,0.9283400363638638,,0.930522668873162,,0.9296421263028702,0.9296780730928638,,,,0.9272536702213112,0.9307756542402993,0.9302866998838697,,0.8921143427049447,,,,0.8919548582420229,0.895004750932015,0.8935050200978971,0.8942531130755097,0.8932475865051672,0.8940943387280778,,,,0.8933279922789029,0.8971080461560464,,0.8926579222404591,,0.8957463806818241,0.8927435685111137,0.8959774648405551,,,,0.8936724819292469,,0.8898409681782294,,,0.8933584578198023,,0.8941468874231032,0.892080767887387,0.892330498631584,0.8936072109007496,,0.8934678166262825,0.8937028776037569,,0.8952370743925996,0.8950219935035854,,0.8946082031845194,,0.8932956716814634,0.8925512255452913,,,0.8932171943573819,0.8903328215036015,,0.8950609857942232,,,0.5553318998147001,0.41504565465964277,,0.5492137510677827,,0.5489770191009768,,,0.5485395772556734,0.4389372854719956,0.4377138368122565,0.43785964973712505,0.4367490920160988,,0.4371309969839175,0.4385286992106538,,0.43723685551145364,0.43670681364265546,0.4361125106076427,,0.4374715460301745,0.4365087623037897,0.43574326750459685,,0.43815211794479475,,0.43655649821394926,,0.43603165576337366,0.43785808252117436,,,0.43694936411410873,0.43712063576158916,0.4374499169586332,,0.4386981395648326,,0.4371292458457606,,,0.4364680283941156,0.43612247526020737,0.43663066762753105,0.4350681042268285,,,,0.4225987632760468,0.4215448795537766,,0.4216791135679594,0.4230568833628595,0.4215859476839656,0.4229908379429271,,0.42366619776492015,,0.42132743162811037,,0.42232278846198207,0.421850894517859,,0.4230003302315144,0.4225558340796522,0.42205173622446085,,0.4222047541719841,0.42119895600427293,0.4221866085456543,0.42325841059034647,0.4227258349787165,0.4219203676609299,,,,0.42250244092707717,,0.4221840198038879,0.4216815373012432,0.9347640815253838,0.9326162447824516,0.930168417146921,0.9345016391187848,0.9310693545730742,0.9336166982385049,0.9338198729456691,0.9335138337593626,0.9336819463960108,,0.9340824246655645,,,0.932165247726137,0.9297941287827131,0.9308799577136426,0.9313047003782372,0.9322079824229225,0.9347964361575536,,,0.9321769812864378,0.9304516428571944,0.9267156638232907,,,0.9316785362579072,,,0.9315361892953367,,0.9330782064888379,,,0.9306221240334658,0.9332554932551985,,,,,0.9353902240109083,,0.9316838024494943,,,,,0.9334913604647781,,,0.9344449505638309,0.9293279198799392,0.9336977020501674,0.9325004391887971,0.9322219364170085,0.9354398052159871,0.9318173861265496,,,,0.9330504516980281,0.9301718592401319,0.9331569016966057,,,0.9309040448581003,0.9279179147676745,0.9342960849766903,0.9312695187796791,0.9315750731489921,,,,,0.9311436845480991,,,0.9334904551654857,0.9337264532168055,,0.932508890840931,,0.9324351164989723,0.9319739795772031,0.9323697129402982,0.9304532022745613,,,0.8998033863621806,,0.4453122774230948,0.4470088703158708,0.44610173870323394,0.44520137798540155,,0.5856851827352141,,0.5861880082240072,,,,0.36614318858060785,0.8949425247633187,0.9284950516030762,,0.5483381960952091,0.5490935375716254,,0.5387976933773094,,,,0.5211887591950874,,0.9097757277278562,0.9230139760614495,0.12992698354441226,,,,0.9455954299970091,,,0.9566033551028656,0.9562124830450373,0.9572309775386426,0.9591728403989948,,0.9549146417973924,,0.9663976756435786,0.9695065949764545,0.531352031843864,,0.5309171330552552,,,0.5300142820578442,,0.5306453185935794,0.531666225316831,0.5299170084119312,,0.5283392567381299,,0.530569456044418,,0.53044334030075,0.5305217590109071,,0.9024438596699397,0.9005298563331855,0.9024856898635552,0.8993921774274988,0.902024238804824,0.9070619159675266,,0.07613591499918726,0.0761956799278154,0.0761436419672656,,0.986021457129205,,0.988017990347127,,,0.8996847805680039,0.89982095186077,0.5465330823297292,0.5452659622041216,0.5454884281949747,0.5457209921080559,,0.5455133295745783,0.5463003761737264,0.5466433918288953,0.5442513109461568,,,,0.5444222535675137,,0.5449467300174741,0.5458434620868549,0.5452064459263709,0.5463771246187139,,0.5450702501893019,,,0.544502655561866,,0.545688366470924,0.5449707225896506,0.5447365118201621,0.5468958312972301,,,0.5441681385695029,,,,,0.543739201915316,0.5475871559166303,0.5455735813229897,0.5459452998967347,,0.5463614133241677,,0.5466492548768178,0.5471069262233674,,0.5471959491941234,0.5441037748672289,0.5465635774506176,,,,0.5468157886756408,,,,0.5464029480626432,0.5442656639123351,,0.5461412568232638,0.5456063116984088,0.8930749686635189,,0.8968781912322317,,,0.8955352918407475,,0.8969667765284909,0.8967733558992779,0.8960111862123263,,0.8970810126794967,0.47061607450991066,0.4708725940210358,0.4695076799525121,0.4711584405285997,,,,0.47064794299497115,0.47059146613269975,0.4700941250260664,0.47028645883286185,,0.4690014819229147,0.4706474196753906,,,0.46997892776317574,0.47030071906837534,,0.8963198209619696,0.8987880230839195,,,,,,,0.9333268234665962,,0.9330597782399919,0.9329526813406239,0.9313035717645322,0.9310097947874348,0.9289826581790944,0.9310477664825922,,0.9305556230800889,0.9324020046364531,,,0.9347889515331749,0.4697212467915008,,0.46952705996447114,,0.4703045725441524,0.47084893348549217,0.4712577212591317,,0.4714324686921761,0.47097079418971083,,,,,0.46823784657654627,0.9324830179746445,0.9318043267635329,,,0.9314063079267378,,0.9329269979038973,0.8948944682899079,,0.8997329709567127,0.8988964937803098,0.8977814385551602,0.8963424189182377,0.897918925514492,,,0.8979443355096387,,,,0.8982577095380626,0.8972883844350913,,0.8948727200179751,,0.8980050046769349,,,,,0.8961344679589839,0.895431735092714,0.897171070138311,0.8979906667372313,0.932679271465303,,,,0.9319681779856069,,0.932689015350329,,0.9313579804358736,0.9347382628407099,0.932795975117157,0.9291320673258571,0.9328470296363708,,0.9327562047508082,0.9366479118100018,0.931780880389674,,,,0.9350063165494548,,0.9328252043939045,0.9346035724535503,0.9340404718261246,0.9320813246191405,0.4998386418158736,,0.499877954072188,0.49961134588908307,,,0.8388589231306136,0.8341210579222927,0.6593285506036647,,0.6580758118138779,0.045095666827924305,,0.6747080044395344,,0.6759361478872186,0.6753578489417649,0.674396496778721,,0.6770357098494273,0.6732220908482741,0.6745274072775418,0.6741964220349078,0.6757167771792059,,,0.6778445764783679,0.6758512162763042,,,0.6757906412822684,0.6765054102064042,0.6748787260164211,0.6748686845318427,,,0.6748729980286945,,0.6755108013433031,,0.6735582915182988,0.6758693460016942,,,0.6758208778885356,,,,,,0.6767423044386929,,0.6750535785868691,,0.6761088483610618,,0.6759655700089879,,0.6765974967392024,0.6764204608502927,0.6751934916993071,,0.6745463111512408,,0.6735114575436376,0.6746937606453509,0.6751394140352674,0.6750399561595243,0.6779804276909286,0.6757733916209839,0.6757979240396722,,0.6744844065389946,0.6756094414329736,0.6756706995383371,,,0.6754324599368051,,,0.6748827987254687,0.6739198348608386,,0.6756059500260624,0.6761932286514849,,,,0.675898078645144,0.6763584639893839,0.6768160574838895,0.676461650130143,0.6743876201272979,,0.6774693074108136,0.6735482189558549,,,,,,0.6748931554717319,0.6748161681282102,0.6755390033537396,0.6758420009666732,,,,0.6766191393855833,0.6758839047652202,,0.6763657807094958,0.6754348645493625,,0.6750056266188461,,,,,0.6752915689581349,0.6772235741962164,0.6748332658164892,0.6737700188757645,0.6754020853811435,0.6747342546195744,0.6764131591412574,0.675881539229568,0.6759318011791557,0.6771995078336287,,0.6768232345077703,,,0.6760688426355888,0.6753099523369843,0.6766517713067234,0.6772939921343268,,0.6744872022641906,0.6770445492140552,0.6731825300109144,0.6768267575818501,,,0.6748619806440587,,0.6790466261343069,,0.6762998980929377,0.6796216966594903,0.6749989913510076,0.6764160437595167,,0.6755989647948444,0.6753003381079242,0.6749954381130342,,,0.6753155712980451,0.67734013346451,0.6751658807049645,0.6759151403075385,0.6766634853020018,0.6760200632087748,0.6746029404048653,,,,0.6753544617997479,,0.677803054221606,,0.6773542965460652,0.6752187080845178,0.6752619947413758,0.6752428575849165,0.6752206229163787,0.6757340988253023,0.6755195410316863,0.6756191529302055,,0.6248628404056248,0.6234992362192017,,,,0.6834679031814075,,,,0.955397706312324,
7,5,DG_10pct,20,Z12_F02,12,SLG_A,216925,215932,True,2743.8690455488854,2737.4080781659436,2782.609341647253,2851.559706281059,2810.210448887006,93.72103600151226,102.43712370577035,3155.0450907628588,3198.7002118292676,3389.328540184341,3403.9628215128623,639.0112452595754,204.5898603014488,69.83210843027241,66.05715402499762,93.76420151040264,95.4944398947433,25.627081529230153,200.59977648271217,332.4923951350315,0.7872629690118197,0.786120039721928,0.788729942124106,0.8111548061508363,,0.9612701153559998,0.8479771112485258,0.6841166512382155,0.6858973980465024,,,0.7057883006967909,0.7052984881092308,,0.8378079966938983,0.8349773786542419,,,0.9640381499433831,,0.6875986531719853,0.6849448637640835,0.6879248096743609,,0.6859478729573193,0.6866888972177967,,0.6804970140624045,0.6797488582101604,0.6866201966207028,0.6876159098918325,0.6859467394494357,0.6888985181475918,0.6877005570748654,0.6871830080511273,0.6803630619248247,,0.6581288830458746,0.6594883693711658,0.6609321920818176,0.6605903365452294,0.6610100797562103,0.662190243380628,,,,0.6629423105337182,0.6629431560900725,0.6638561068349413,,0.6633981930462609,0.6635474573548944,,0.6645471276825047,0.6632304863548506,0.6641373225089754,0.662008609980509,,0.6562115185119484,0.8331865624150039,,0.6518298296530116,0.6510589962318244,,0.6523875740113747,0.650622911626285,,0.6522335051365379,0.6528698653658512,0.6510013844166755,0.6512702652456452,,0.6530428985865517,0.6530305770589802,,0.6520410218323868,0.6519487338619072,,0.6518294204934011,,,0.6502244337223979,0.6533605398025147,0.6502703991849437,0.6533201234585332,0.6292691024262342,,0.6292674115377025,,0.5596590710735376,,,0.5599453250532561,0.5606337228660756,0.5589998406902873,,,,0.42728569310901493,,0.4288130419031966,0.42817651697139875,,,,0.4272636723871586,,0.4266935702626907,0.42719628053166014,0.42726741713901634,0.4279388298467447,0.42615678739977797,0.42803038888844563,0.4261084580838824,0.42663563034512425,,0.4277733837314434,0.42691959629984877,,,,,,,,0.4262726974165791,0.4278172774914932,0.4275069386030092,0.42673305554461205,,0.42563504332073665,0.4262458060619878,0.4266748481649945,0.42723658279094806,,0.42694726547584083,0.4276469529850074,,0.9361427223992848,0.9376043873184323,0.9371479130393988,0.9370182648987763,0.9373422474889668,0.9376825865166927,,0.9361932134597215,0.9380654489837813,,,0.9414466942879552,0.9353855892888419,,0.9395676752258748,0.9384207240566148,0.93795238636947,0.9378549541980106,0.938995970104923,,,0.9386843741444238,0.93666172067324,0.9403849336140566,0.9377978705953872,,0.9352990714686448,0.9364575314504667,,,,0.9367709638077634,0.9408765898353262,0.9369321381816884,,,0.9359201359399832,,,,0.9349819917121344,0.9378941305316979,0.93573409283057,,0.9389546795344635,0.8867074274919395,0.8889864527275266,0.8881658396627647,0.8851205692827397,0.8889593550195276,,,,0.8896283967623252,0.8858704030740888,0.8893520704968384,,,,,0.888902864284191,0.8884491804614537,0.8891375237888114,0.8886960454538889,,0.8876391191240703,0.8891777446962569,,0.88760368418989,0.8864947294170537,0.8860920385195583,,0.8867194288740811,0.8880451928721623,,,,0.888190768906107,0.8882855485002081,0.8881075928021614,,0.8886198106032583,,0.8911617288119412,,0.887687260656962,,,0.8886125957752796,,,0.8888658662252888,0.8891167031978188,0.8879042253154181,0.887318233500128,0.8884191878249854,,,0.5628292595960595,0.5639902830435413,,0.45778413168377713,0.4101876480745685,,,0.5556333369463877,0.5555354024519354,0.5557085275194266,,0.4778830024227076,0.4787304360262952,0.47840526814854867,0.4785072215414654,0.4783470600222567,,0.4786864526469125,0.47933053678661036,,,0.4776695560684957,,0.47836467991396303,,,0.47907117874941446,0.4786636853859671,,0.4789793680841209,0.478037460195584,0.4784733920011805,0.47811937224200624,,0.47740619244175186,0.47954082231961825,,0.4779497639821283,,0.4779219299786956,,,,0.47875919067925565,,,0.47935701939732106,,0.47818540720012176,0.47826887445776517,0.47923657582898466,,,,0.4654298262163042,0.46368894657483445,,0.4652959763685666,,0.4663360940053918,0.46585103983840215,0.46499523774937024,0.4666295814570403,0.46555370088553233,0.46602758458968574,,,0.46567287413738667,,,0.4659689349310658,0.4664305700215574,0.4652451886663918,0.465538952434186,,0.46525121514990464,,,,0.4640774463180312,,,0.46475078178721363,0.9415413295816814,0.9401924625027761,,0.9392141848321143,0.9409419432399904,0.9390693105456739,0.9409903818916082,,,0.9385466078618738,0.9396150222152159,0.9403340373540763,,0.9397582802839476,,,,0.9386143206054818,0.9375841698049638,0.9378539456085968,,0.9395251359669984,0.9382617414168686,0.9376323131877907,,0.9362857163790332,,0.9410166966366711,,0.9399214902315327,,0.936514877287113,0.9394022907084085,,0.9392314839420584,0.9382648187667953,0.9400784331189842,0.9416832839744523,0.9383461254726063,0.9434715797182095,,0.9413365284715447,,,0.9404296898658601,0.9385286613650694,,0.9396930052483182,0.940329605686152,0.9413582580428045,,0.9429958506827313,0.9382003636958562,,0.9406410716122668,0.9424821342706995,0.9389387072966559,,0.9372677384888976,0.9404150254492422,,0.939224655765814,,,0.9411127441724412,0.9394798965652273,0.937750046546108,0.9411442188575452,,0.939393539377339,0.9405702113905459,0.9409934775937524,,0.9419016637391672,0.9384428172034751,0.9418593488699455,,,,0.9402325396870496,,0.9406020670912925,,0.9415582041483348,,,0.8934613364188608,0.8939402164994925,0.8915097083457713,0.894571115015868,0.4867056433119095,0.48644465533412334,0.48719877926577865,0.4850390189075306,0.4866143579705174,0.5950125859469673,,0.594009132234132,,,0.5947629630896265,,,0.936903846764042,0.5564515753241711,,,0.5429045158382164,,0.5432923970149073,,0.5280179486553086,,,0.9002006498965623,0.9270001161832643,0.20772065197586254,0.9309388079119167,,0.16565894674906143,0.9404494330224806,,0.9505072362299355,0.953275791021661,0.9500055414596614,0.9517792813965715,,,0.9521029596331119,0.9169990759116617,0.9678227848123591,0.9675325655934083,0.535988534237277,0.5363709579557389,0.5376376270931591,0.5388569904385841,0.5367667925401226,0.5366724713157051,,,0.5382495339969505,,0.5370163910406586,0.5362380965867978,0.538290833023337,,0.5355802251848127,0.5385508625135872,,0.5361022819647857,0.8999184707435366,,,,,,0.03520075922241022,,0.035098170186747414,0.03515775255265515,0.9967127813726978,0.997073969719589,0.9978911223888594,0.9973475931334169,,0.8984243987889013,0.8945523631083995,0.8946796576498336,0.526811234401857,,0.527252248563824,,,0.5285422599206469,0.5269066568278291,,0.5268932968186508,,0.5284469401964876,0.5284214692386422,0.527172697710025,0.5274521834559456,0.5278871542606004,0.5285958595384577,,0.5273198685776721,,0.5274141043674153,0.5274267992096301,0.527375810574245,0.5283805702867743,,0.5282186300031432,0.5272903684192138,0.5281062297773343,0.5282000693550822,0.5282221994085311,0.5264935472812805,,0.5279207653183169,,,0.5269700638062543,0.5275127850657948,0.529684297134683,0.5281579559248697,0.5282940018997413,0.5280593433518685,,,0.5287544340327234,0.530201773058001,0.5283117718155882,,0.529140457735125,0.5283665920713241,0.5295408705562208,0.5282771454009654,,0.5282429533242022,,0.5290348430327915,0.5282191849829156,0.5294548494673653,,,0.528395086900489,0.52790451072508,,,,,0.8928649081458732,0.8914434745233789,,0.890669369075035,,,,,,,0.5092558659257679,,0.5089481895141658,,0.5086328644939214,,,0.5079259211037103,,0.507135182215279,,0.5075821818375429,,0.5074809104046744,0.5079648826334586,0.5078844440513514,,,0.8955162935211263,,,,0.8924527250950693,0.892253888519801,0.8915400346793415,0.9391713185194208,0.9393242180651908,,0.9394544385253673,0.9362255274958233,,,0.9386746883059065,0.9382738185041216,0.9408732411340277,,0.9366201122641737,0.9397906406185602,0.9379532519105521,0.5073236594229872,0.5072955190269887,0.5061173666232339,0.5076113642909914,,0.5066060707056298,0.5079194352376556,0.5082815677466336,,,0.5092068601387495,0.5085211522328699,,0.5042048804735573,0.5066280270502503,0.9412717596658804,,,,0.9418950934844048,0.9409739268681219,0.9435575864369287,,0.8915945741564234,0.8930636781398493,,0.8931173209050097,0.8937062392488618,,0.8927647886450532,,0.891872298361423,0.891655871749391,0.8919374944204416,0.8932254045096525,0.8937806291709711,,0.8953793210591672,,0.8908537506125543,,0.8908871901610372,0.8951713211265365,,0.8953218837631527,0.8930282580404344,0.8944348795902691,0.8902550192388693,,0.9411455940645269,,,0.9411927435569744,0.9391489307050889,0.9445889687687058,0.940193181604945,0.9434914201194097,0.9410436769830565,,,0.9395633561036794,,0.9399243842404609,,,,,,0.944411924564787,,0.9381877823883706,0.9400318258715495,0.9415844471003741,0.9424872082268032,,,0.5025308649629951,0.5026160124239771,0.5019115317571246,0.5008968304183172,0.5017647630223802,0.8391637023018909,,,,0.6724281013881982,5.824044815405452e-05,0.6872565996998123,,0.686481336394932,0.6855571588049659,0.6876404611867492,0.6863318004607186,0.6858359255853879,0.6864632003110755,,,,0.6874190379741103,0.6862657844460927,,,0.6873025118776452,0.6874152286221891,0.6887791343743469,,0.6856175451789314,0.6875402076114322,,0.6863146871697349,,0.688358949014738,,,,,0.6870441653676193,0.6872253712282415,,,0.6881508324356878,,0.6856106191007166,,0.6846184226636141,,0.6870414999844016,0.6869181402015375,,,,0.6869998269516965,,0.6860272265497466,0.686697151299026,0.6871183149300427,0.6877787363945155,0.6855617426266322,,0.6860004014878684,0.6857574220937938,,,0.6865543538310488,,,,0.6870979255371313,,0.6867298597746638,0.6880329402919154,0.6871228559921986,0.6884235289470421,,,,0.6866308553081019,0.6861029519590308,,0.6879416884718762,0.6862924752243034,,,,,,0.6873230979915369,,0.686341266879169,0.6875433682589688,0.6877358210308816,,0.6871960943762869,0.6881609390514352,0.6883937839465293,0.6872568085874694,0.6867629905647511,0.686423312340412,0.6872329541290872,0.6882183258404936,0.685099912206723,0.6866281090678853,,0.6876336111967055,0.6870209843001077,,,,,,,0.6874902515558338,0.6859978725379863,0.6874192701015129,,0.685789430417671,0.6873199194818808,0.6885756837983514,,0.6864215733334406,,,,0.6882361161486111,0.6870747706194954,,0.6860280218572254,0.6883269829479159,,0.6872093820786083,0.6876756967416738,,0.6873032282018154,0.6873273087042402,,,0.6895533464320431,0.6874573805788304,0.6882231452874616,0.6872729333818837,,0.6873025286870164,0.6885945931327794,0.6872031081520454,0.6877357953327025,0.686427968485801,0.6881960740709221,0.6885673555832458,,0.6859725241531541,,0.6867022358718562,0.6860477720708983,,0.6866316013031947,0.686308323563139,0.6863573366712566,,0.6873544414848362,0.6860179524615636,,,0.6866594663352871,0.6876958534879047,0.6875906273374837,,0.6872784077395974,0.6859454381188484,0.6898856388127442,,0.6861981177136277,0.6862516411107388,,0.6883022891678757,,,0.6341737237325177,,0.6720665157429981,,0.95587158519733,,0.7042963033407525,0.8344641473697081,,0.9628213229386178,
7,5,DG_10pct,20,Z12_F03,12,SLG_A,175094,182025,True,2938.244627651316,2945.259188313482,2958.1507186260515,3041.8742837208215,3011.5597200664006,103.17623065658807,113.58416373319311,3424.4241641952226,3433.265833759751,3679.77934466651,3678.975648092473,584.0396640523915,187.22599429927928,72.70655702039075,68.89824177373141,103.14455322636432,108.3447003178026,25.6622046040322,226.88395972716498,378.93235593585223,0.7867012716868319,0.783205049645698,0.783054634344125,0.8035911266691061,0.8628837393065697,0.9587827643125936,0.8469533718444207,,0.675823153935598,0.6763455729601959,,,,0.6852162780311221,0.8388768278064426,0.8353550899248231,,0.9556636509958885,0.957611135100063,0.9545968952995967,,0.6767836663131245,,,,0.6757146249878003,0.670456441706055,,0.6714640983223297,0.6780684004694849,0.6756005332321938,,,0.6775990686413609,0.6769852977895898,0.6605498029379567,0.6488660288923658,0.6500830184920546,,0.650538820677004,0.6534167291931904,,,0.6519533224419867,,0.6536266368776545,0.6528222850380201,0.6534094898803775,,,,0.6531316448055462,0.6531646336927421,0.6558151933057756,0.6525224050116353,,0.6539183931030718,,0.6330071814771997,0.8364606159598869,,,0.6279617994496927,0.6265794003787964,0.6261883314558325,0.6275284599010519,0.6264677429416844,0.6285738579021692,,,0.6300565392688819,0.6267648653228739,0.6293539440991898,0.6294447852972149,0.6265539966558715,,,0.6281158281851394,,0.6269339157872182,0.6278102102228796,0.629236913612855,0.6266379859074953,,0.6279161023340245,,0.6187852592679403,,,,,0.5554331531297215,0.5560988464973037,0.5552510896590775,,0.3822479088632598,0.38368745923054226,,,0.38161171401305705,0.3832100168065085,0.38295118328944405,0.3825905376722855,0.3827108199317233,0.38344750834082214,,,0.3827673487923921,0.3824318903635308,,,0.38323905629445165,,0.3838416777307856,0.3821180206210992,,0.3822258630387658,0.3826007388307206,,0.38285112053388437,,0.3802410315922884,0.38250598453655454,,0.3826593810220225,0.3827363765880896,0.38170465028189954,0.3834869923722508,0.38288586723337836,,,,0.3819348349816311,0.3840267442997185,,0.38207424715044597,0.38327815465105547,0.38176173322222684,,,0.9358121528932507,0.9290832723840523,0.9333596746282932,0.9301840832835381,0.9311554005019171,,,,0.9296330454477993,0.9311151484935195,,0.9317897001376656,,0.929558850939644,,0.9340294371484675,0.932008917840047,0.9333511088437731,0.9312438954423359,,0.9301520769936038,0.9283030551344272,,0.9319082774291356,0.9312989724366433,0.9287548195379832,0.9309965060580806,,,0.9309859418957629,,0.9277935184048667,,0.9293313821137306,0.9300511615699583,0.9278467470464421,0.9270582268522557,,0.9308745813253942,0.9275948122528948,,0.928651436593745,,0.8928946575887181,0.8951598161097765,0.8958890564625345,0.8944493689923219,0.895177728106511,0.8942961918000308,0.8943198872778801,,,0.8955916456226791,0.8952307245414179,0.8967693282375466,0.8970202776486759,0.8965631635168251,0.8945807979610509,,0.8979747988570183,0.894349012785538,,0.8971267936286776,0.8973211457055879,,0.8936150959562947,,,0.8937418023939822,0.8964093991264317,,,0.8943273512153465,0.8922134488405609,,0.8944845395090171,0.8947507019579605,0.8956037864991377,0.8927782212387698,,0.8943388848057185,,,0.895313480322351,,0.894755174736801,0.8955118676638587,0.8964616890473072,,,,0.8962362613176311,,0.8938631005981683,0.8953745827784313,0.8949589617781479,0.5577507407199123,,0.5586492724915364,,0.36341060867656566,0.5511632504081045,,0.5515080623282151,0.54904294124434,,,,,0.4399962062396542,0.44051858655226905,0.4406648850757077,0.43995407216267574,,0.44029472039662343,,0.4409427745417323,0.44182845916026686,0.44001320329671745,0.44222512106330286,0.4406637903405996,0.4395056969622286,,,,,0.43994773267215176,0.4415711445918394,0.4401434818029772,,,,0.4408080160920191,0.44063352511954385,0.44129395852994624,,,0.44086148966833266,0.43936387815182104,,,,0.43899172605547787,,,,0.44010730623200833,0.42565792035928773,,,,,,,,,,0.4262767808597882,0.4250088773717177,,0.42621694365417717,,0.42737575569750175,0.4261466230216199,,0.42682247787670585,,0.4264507267594685,0.42537700694640257,0.4250018598385632,,0.42535465626622826,,0.4262753455148126,0.4257130468610591,0.426085564326353,,0.42666127440195445,0.42491226846053465,0.9365049673021281,0.9355650692785493,0.9334217566194455,,0.9343540628948905,,0.9344948584583145,0.9356403488024329,0.9358508778698299,0.935989574683327,,0.9335969528362924,,,0.9339079371415927,0.9322836844680097,,0.9312179573207124,0.9311711637480802,,0.9343396924868393,0.936265204858925,0.9305360789267749,,0.9303551181208314,0.9285876930688273,0.9342823560024542,0.9326484215465041,0.9334310081034337,,0.9321291242177023,0.933790086847987,0.9338486112032915,0.9296801558599732,0.9336348390896405,0.9338069401321036,0.9337895403980022,0.9363516658946179,0.931583302932773,0.9328568845431496,0.9332713732048313,0.9312750354157872,0.9370802276919877,,0.93694085268229,0.9353741631095429,0.9313763121403664,0.9339054015133174,0.9325877552438903,0.9325805224617764,0.931274384939694,0.9341033655385473,,0.9350499933254511,,0.9336409998227392,0.9344217409105566,,0.9332377924460528,,,,,0.9326563099728795,0.9279172844172031,0.935853193837771,0.9337549280894614,0.9327720759545611,,0.9321253139708233,,0.9316833568310289,0.9321782736224548,0.9317418710397958,,0.9330726899060858,0.9331122271801593,,0.9357323394309163,,0.9347622068703157,,0.9332903807115626,0.9316731982606182,0.9323678593835191,0.9364255077690892,,,0.8986475194015416,,0.44905360055826826,0.44946059081634054,,0.45007248940408573,0.4489921732973267,0.5866214133135029,0.5895758175429607,,0.5875402285954834,0.5882980432778531,0.5886149415787105,0.36895077058849,0.8944839276507135,0.9309811197760989,0.5531300548857432,,0.5519841242070723,,0.5398293107900092,,0.5243953085065562,0.5246034811387686,0.5229369223869773,0.2289924884098436,0.9074559682084786,,0.1341849429232175,0.9360385790277257,0.9211940611725287,0.08867508155673993,,,0.9568191025429899,0.9558775943574683,0.9592952608770311,,0.9594947740721165,0.053925832205299534,0.9563058211596412,0.9204701082266196,0.9692729771390689,,0.5301753266912924,,,0.5315508116296029,0.529880588487521,0.5327101076595008,0.532191856361373,,0.5322424890103332,0.5323683207956038,,0.5303512416718498,0.5316962350955736,,0.5323445702752313,0.5325501747010072,,,,0.903832795438478,,,0.9021353632161379,,0.08214034998462723,0.08191407329640517,0.08189088188886574,,,0.9886036732902354,,0.985853692176451,,,0.9008719382649342,,0.5470396847514927,,0.5465251471889063,0.5467270757997265,0.5474158644216496,0.5472960083720803,,0.5484111610926675,,0.5468721533702745,,0.5464217493307475,0.5458257106149565,0.5454032183602652,0.5471558319320735,,0.5470328008079376,0.5464012313698858,,,,0.5466742622623831,,0.5465448089210563,0.5460807633276428,0.5464907373565554,0.5478913975336439,,,0.5470291624508371,0.5453028766053081,,,0.5475182832058489,0.549375850707639,0.5471676783878027,,0.5461095162077876,0.5476928736149078,,0.5473409778631384,0.547274717860935,,0.5477960339541172,0.5475412833554802,0.5480643930610237,0.5469130676085023,0.5482730773032356,0.5468403009673767,0.5483184526823759,0.5476701738252409,0.5490667718907499,,,,,0.5473457890832011,0.5485429673075681,0.5458515543811152,,,0.8965181037626124,0.8982971353892955,0.8979235646114242,0.8962466745758537,,0.8961595414036209,0.8970647509219623,0.8944426562908101,,,,0.47347474976635906,0.4733164934049468,0.4733118028353205,0.4741126173487137,0.47280805694715466,,0.4736060987777644,,0.47230668524056363,,0.4735541854607094,,0.4723664915458409,0.47436198157183374,,,,,,,,0.8987040091532082,0.897733741562971,,0.9008701337317122,0.9036019904704661,,,0.9324715017527696,0.9310851270645825,,0.9356263788139086,,0.9317014537957816,0.9322321764361009,0.9305451404208274,0.9291087028275145,0.9328962832263619,0.9328611832021533,0.9336352993634862,0.9318310858373996,0.4728895946840108,0.4737196642842198,0.4733933284565955,0.47206596946184287,,,,,0.4738932741663072,,0.4744848816715508,0.4735287847004972,0.4689323476306829,0.4714289038913422,,0.9348409644015999,,0.9317340937471047,0.9313481323757449,0.9358168797862162,0.933067494857608,0.9310150293290711,,0.8987222538116904,0.8986518322966938,0.8979926061983847,0.8978970666321938,,0.8973686920331796,0.8955264527554038,,0.9011203675680696,,0.8979856966992636,,0.8967481553805783,,0.8964735631759384,,,0.8953560670924515,0.894928310664406,0.8967624359949667,0.8995683894646962,,,0.8983011910096095,0.8957356980497039,,0.9361121049264914,,,,0.9355084141770821,0.9334716470654062,0.9322260207384966,0.9378683744399569,,0.9334252751877621,0.9308961103008201,,0.9317113512107471,,,,,0.9329925023505913,,0.9351011615869274,0.9344978756014745,0.935232801242141,0.9335158456442535,0.932192123611587,,0.9333766719515956,0.5002763689999978,0.5033341319989834,,0.5016507431071261,,,,,0.6621270757404962,,0.6609555551422549,0.051180915354244155,,0.6780279402065748,,0.6775202856986778,0.6774364499776063,0.6760692932110732,0.6772594542013562,0.6783397877697146,0.6777540768404594,0.6772736353277186,0.677603285563272,,,,,,0.6779349475492225,,0.6755261536993505,0.6782826288562044,0.6774112423089323,0.6782027877224769,0.675274165723698,,0.6755348784720693,,0.6784994078284965,0.6770831837548075,,0.6768573645689097,,0.6759979185709317,,0.6754481706050246,,0.6769712024823583,,0.6753796573406168,,,0.677784635949161,,0.6765886965419803,0.6762998222371022,0.6784636664148967,0.6786399638965976,0.6779565052045339,,,0.6788155686745058,0.6792823226437797,0.6753929795817626,0.6767072921719904,0.6764595713097193,,0.6760969014993832,0.6774293856563243,,0.6761570232032096,0.6770228869083986,0.6765249648754166,,0.6783554236533318,0.6772018743316088,,,0.6782199836912788,,,,0.6776052436309216,0.6780369598163777,0.6763068425921439,0.6770931774085484,0.6758984533654591,0.6786574546428775,,0.6773187742358809,0.6779242344833273,0.6766618841766728,,,,0.677291795822996,0.6769739593441721,0.6748606705832879,,,,,,0.6770241744994525,,,0.6773932510960465,0.6768469923428746,0.677946834653528,0.6772237751504107,0.6782470312029324,0.676805227011958,,0.6778645518073366,0.6789816269675926,,0.6772236021090237,,,,0.6760355703881429,,,,0.6790477243731288,,,0.6784411833872426,,0.6782601925801843,0.6772640128351466,,0.6769743307660868,0.6765945894860295,0.6753099467112121,0.6773329623715448,0.6764243541613003,0.6766607005349132,,,0.6776534650320951,0.6771420510997603,0.6768630947702526,0.6776682035345076,,0.6766081310014694,0.6781703872699459,0.6772005054958791,0.6765859012253033,0.6758501520724625,0.675688333860925,0.6785126964871746,0.6793206974542455,0.6763075880385299,,,0.6760181395155804,0.6772494016939562,0.6781924756032298,0.6773801010853142,,0.6777868462773197,,0.6780160626220337,0.6761446891534868,,0.6774840524977672,0.6767933669719313,,,,,0.6788907427554395,0.6781652978958874,,0.677434345261103,,,,0.6773881916802278,0.6249304287392404,0.625201478673818,0.6260813097272652,0.6498439925464515,,0.9463615296653152,0.6834970591883931,0.6865665581613303,,,,0.9541716204375746
7,5,DG_10pct,20,Z12_F04,12,SLG_A,175088,182017,True,3080.3827856238663,3084.478476193408,3124.0643641145134,3195.2335745259497,3173.986304345648,107.8290267165048,119.30742423479019,3611.162974242745,3575.244125942986,3873.078465629493,3871.732677767507,582.2920513729831,186.60782924978335,73.91532647113591,70.74776795387433,107.79450539407956,113.61210848493471,25.75122533073153,239.2406404732183,401.4844310201957,,0.77600781232153,,0.7940420951319055,0.8602778133619803,,,,,0.6682996060882854,0.8215456635784291,0.672031202676861,,,,0.835230485043547,,,0.9528057636143975,,0.6658587909742274,,,,0.6682081610763193,0.669725586310219,,,,,,,0.6691000993808923,0.6688444784285974,,0.6439995742026233,0.6411705305431503,0.6390947572717557,0.6418263900901657,0.6433305856295887,0.6436093968288084,,0.6431350085505378,,0.6448974002500953,0.6426871519923456,0.6449265161999367,,,0.6434181270107607,0.6448363482204141,0.6461983653821526,,0.6449351169860167,,0.6432047455733553,,0.6146237388222996,0.6154393380086105,,0.945085237344691,0.6102312812062919,0.6086535778999687,0.6096325522258118,0.6101361663022729,,,,0.6113031878584102,,,,,0.6110903401055997,0.6100736699799935,0.6085496775457819,,0.6084728272307831,,0.6112431693529827,0.6104276061296656,0.6098264439119931,,0.6109320070533028,,0.6113305122045092,0.6082386288902203,0.609617371593647,0.894835567722562,,,0.5506227671912368,0.5503151898673444,0.5492697234069427,,,,,,0.3505735510685127,,0.35121298553283936,,0.3503293471115395,,0.3506877995583388,,,0.35223319999340696,,,0.3514846493730848,0.35121489953189483,,,,,0.35108389378046395,,,,0.35187542314496306,,,0.35110345552464184,0.3515013965354244,,,0.35060622656268176,,0.3516640221981874,0.351098813582785,0.3514485808249103,0.35136499467205945,0.35134346528625543,,0.35176833940333513,0.35159350534970457,0.9254860439065687,0.9270310504484497,0.9264642441287954,0.9263666579857357,0.925771789452503,0.9239796986315971,0.9272286826429175,,,0.9249909635011987,0.9265230831199219,0.9231612010630053,,0.9235060749219325,0.9233911587860122,,0.9256278814411265,0.9236646542500303,0.9254407404826195,,0.9249896380821613,0.9224757892932643,0.9253463567774048,0.9237520241877277,,,0.9235107478435365,0.9239981513094847,0.9236162074141232,0.9240585719348514,,0.9221285017196077,0.9210812870206513,0.9233293468093686,0.9240277900547164,0.9227548833865563,0.9249451259285135,,0.9244154657264058,,,0.9237729574572593,,0.9226635348917142,0.9234473120741127,0.8976758940192,,0.8954866542451,,,0.897076824809711,,0.8957323852040795,,0.8961565704244029,,0.8977721441258188,0.8971997900554868,0.8969450127822699,0.8996517055036082,,,0.8970385760660425,,0.8976416287914861,0.898270551284749,,,0.895387589316785,,0.8960769162280267,,0.8984076646701251,0.8975100318576771,,0.8956588980585486,,0.8952326623685422,0.8997124627163342,0.8966168729253693,,,,0.8992005609543148,,0.8980645664916618,,0.8980227648036092,0.8962758124509901,0.8976942171316179,0.8972798833187045,,,0.8974279703852398,,0.8968556371640805,,,,,,,0.33150540597047545,0.5462220468109656,0.5439652936603114,0.5473264928720224,,0.5447867530958996,0.544720973246581,0.4139398431124544,,,0.4130790462539784,0.4129898703079523,0.4127791747321181,0.4115616740703697,,,0.4142368649698328,0.4122134355475247,0.4135713976351125,0.4140773472453338,0.41214250020716525,0.4124758051550742,0.4132257824595121,0.4127584937611421,,,,,0.4121687027367421,,,0.41289332521425404,0.41176041904686667,0.4126785078414772,0.4127175021871489,0.41261248001177336,,0.4137180804287961,0.41243655849589433,0.412729267765419,0.41290187439317005,,0.4141980639537501,0.4120961715352513,0.4130694674577576,0.41260985825323165,,,,,,0.39766806514964204,,0.3977368693341917,0.3970558943809939,,,,0.3967977888304561,,,0.39672369474934305,0.39844019935835495,,0.3960583948951931,,,,0.39647966898070236,0.3969478975206443,0.39683951379594,0.39676478878220317,0.3963201423718086,0.3965335019787914,0.39628548382229634,,0.39683718702267895,0.3977137472045135,0.3965150309465092,0.9287234342716965,,,,0.9259504592858061,0.9256029654952874,0.9237639050930498,0.9279001939276026,0.9260871483948941,,0.925897635687703,0.9279330754504979,0.9267201566960058,0.9283203931737666,0.925834897678549,0.9228884839557999,0.924166232985744,0.9254688479900001,0.9308309611206766,,,0.9263630124918026,,,0.9266960448709324,0.926792720094542,0.9273410211329444,,,0.9264559936232483,0.9260461775482106,0.9264586317202241,0.9289140731287167,,,,,0.9289736234492013,,,,0.929836031000038,,0.9287720466846023,,0.9309537154334381,0.9253037079234938,0.9258419636492863,,0.9264293842155604,,0.9287251279214085,0.9281422380724564,0.9272650435316211,,0.9265860827727265,,,0.9242880876444712,0.9257340588366364,,0.9257101302353014,0.9250865033390445,0.9282350707991935,0.9277508871120946,0.9247756833441562,0.9272736204040816,0.9269269104688455,0.9265666525842375,0.9241078645806401,0.9256985381744868,0.9270221787881906,0.9261945921392727,0.9286448660309712,0.9283195792117238,,,,0.9286135603555321,0.9260556142925397,,,0.92605226829958,,0.9292782025611079,,0.9005360030016223,,,0.9016665580205728,,,0.42318507916286774,0.42275101408425153,0.4219224926246219,0.5815697584993312,,0.5817909390047855,0.5826771143709272,,0.5843205890567337,0.33676003444628305,,0.9225837668878097,0.547248183123335,,0.5465902226342461,0.5331395030282683,0.5339829019053386,0.5329626804732138,0.5178413582695743,0.5176409372007391,0.5179848204377927,0.1884344607724522,,,0.08710518440537768,0.9366400377105033,,,0.9498758789397213,,0.9600900969256987,,,,,,0.9604586379026214,0.9134782305630068,,,0.5302215870857037,,0.5281192999925677,0.5299982619092062,0.5298299207153401,0.53052893603462,,0.5295816221051988,,0.5292189968781583,,0.5298612853620343,,,,,0.5305226604108804,0.528317096872635,0.8954005802430779,0.9008810780291417,,,0.8994336939037054,0.9021643988417788,0.06900900622870854,0.06916001985372636,0.06914073152797963,,,0.9875675467077762,,,0.8958442861095207,,,,,0.5391320364238827,,,0.538850926518677,0.5368019799140458,0.539297847990516,,0.5401330924750597,0.5369921911164193,0.5400075908988574,,0.5393212269340509,,0.5388345021253258,0.5376809990288118,0.5394514657367218,0.5384947067857359,0.5386371548910572,,,,0.538862633781754,0.5397201063494502,0.5400529765065621,0.5389640925685057,0.5375381296387371,,0.5394899599275157,,,,0.5381798937317662,,0.53788923268089,0.5381086541737349,0.5401370051301546,,0.5394187427083376,0.5389301101782079,,0.5401566759945007,,,0.5390748351939252,,0.5379936979685266,0.5383578517166834,,,0.5397111782788354,,,,0.5402350521033473,,,0.5389832845278638,0.5380432759231343,0.539110212281002,0.8989269402486514,,,,0.9000544303721826,,,,0.9003141752350078,0.897634043661769,0.8995009609807816,,,0.44878704444669737,0.4475657796029599,,0.44793404135517056,0.45036434353019256,0.4483362134804482,0.44858568788985187,0.4481158600853215,,0.44760459553790133,0.44850903176608986,0.44817374022165446,,0.4483596664756277,0.44740060218084926,0.44877736665644336,0.4477628884135043,0.4472021798331783,0.9019266566463806,0.8993260791092748,,0.8989744891579928,0.8991051432373882,,0.8993250429908914,0.8976725123058805,0.9252422438952113,0.9256286576253373,0.9241906192398375,,0.9249921448798978,0.9258636809636274,,0.9243132229182892,,,,0.9246314077483623,0.924226631509864,,0.4482313104198875,,0.44703374241379795,,0.44829847577124526,0.4494243979935787,,0.4495200339293909,,0.44805833665763783,0.4498777390778308,0.44855729689944357,,0.44822125013870984,,,0.9257583231755594,0.9260492546706353,,0.9288638345524522,,,0.8984434066596962,,0.9018416658908851,,,,0.8995563457039002,,0.899943590115491,,0.9006772355131812,0.8990908104292812,,0.8998997192207935,,,,,0.8984626579229436,,,0.9019428054922712,,0.9000592574680472,,0.8987373742936319,,,0.9270284270713716,0.9283770634163178,,,0.929467363008955,,0.9310825763368114,0.929505442474361,0.9268002105406541,0.9240691611820245,0.9243628024607247,,0.9266054604907213,0.9281653272121717,0.9262829188864167,0.9263462196007727,,0.9258071178429385,,,0.9278565677617802,,0.929029840447083,,,0.4988451166102782,0.5003004742028995,0.5007076176332079,0.49927268541153486,,,0.8390863373659007,0.832897791611613,,0.6546490613028093,0.6551583076711476,0.03878712506812846,0.6679865308024817,0.6677234376672913,0.6676062643493303,,0.6678200221747497,0.6686422880451894,0.6686360066614991,0.6681666476523919,0.6681004597520972,0.6689681938702925,,0.6688800708292966,0.6685275366702196,,0.6674724457452286,,0.6660602189517346,,0.6675002287306002,0.6682186220334962,0.6683025816043406,0.6691602072359348,0.668820226554815,,,0.6686879922147174,,0.6668313113067571,0.6686197231791972,,0.6685553800831076,,0.6693548643079608,0.6683339718808197,0.6683051317325821,0.6666629115349219,,0.6661013380605875,0.6686414642521635,,,0.6711948297555346,0.6673268629467345,0.6677542610968631,,,0.6681460274860034,,,,,,,0.6678714704182442,0.6682296980384022,,0.6676839280845266,0.6690269908693499,0.6686186946265339,,0.6665842730651722,0.6677634400451637,,0.668147737693163,,0.6698629060843543,,0.6683717044206477,,0.6689616090387758,,0.6694036349385954,0.6679797398065268,,0.6686467738613506,,,,,,,0.6677917505375476,0.6692196940566266,,0.6681187811946895,0.6680612133663669,,,,0.6681305376424201,,0.670502588189151,0.6681876963196951,,,,,,0.6685883772851429,0.6687518938223068,0.6693415919967419,0.6675840589384037,0.668878610520334,0.6668538230472734,0.6685039030596667,0.6682901447763622,,0.6699957003261404,0.669580640907954,0.6701421323654332,,0.6672204050360415,,0.6688736362538605,0.6672023717681507,0.6691764718276957,,,,0.6672698882123393,,0.6694491855833112,,,,0.6693011534266797,0.6679093173423515,,0.6679668886614225,0.6686398017906783,,0.6679573972019788,0.6709493052208011,0.6695956316985218,0.6664222242979594,0.6669737456429896,0.6694952847077149,0.6676852110584032,0.6672508456683461,,0.6694800469049234,,0.6694847317149927,0.6664273536930668,,0.6697048160431747,,0.6691153243894281,0.668088311815112,0.6680438797051059,0.6671795687017096,,0.668240035832517,0.6683910384034886,,0.6678835333848807,0.6718161281838677,,0.6691323208953776,0.6692113402651714,0.6687302520358438,,0.6687654592346887,,0.6684070556417936,,,,0.6166888731870166,,0.6164836626349491,0.6313379330226493,,0.9451331225094105,,,,,0.9518308586715672,
7,5,DG_10pct,20,Z12_F05,12,LL_AB,235187,232294,True,3052.5624035447113,3043.9927992856,3062.41206340168,3074.8316085361066,3069.3519706497614,74.38536132687797,81.13680470759786,3171.0296447398723,3201.826023150178,3285.063403359779,3291.463061862802,544.8662870565784,170.2384804611886,65.68649691910677,62.198379889581645,74.54431283543038,79.77882492461023,18.585111379772677,163.8287808725822,262.85831785896016,,,0.7882125813145335,0.8369624568971636,0.7771600436623491,0.8594751194469807,0.7253169255314981,0.6809999506045873,,0.6831757533493107,,0.7520359386808869,0.7505540631313243,0.7511774810117555,0.6648368121565598,,,,,0.8044822733828045,,,,,,0.6842052741900084,,,0.6752238530054925,0.6858123217486234,,,0.6870240154229399,,0.685111441304459,,0.6403678430130827,0.6396256263644652,,,0.6430519093197319,0.6401781374636718,,0.6445159706029445,0.6432416778578103,0.6434842096397508,0.6438243970341827,,,0.6424871527750997,0.6442284840240272,0.6442215826115262,,0.6421242752927131,0.6413813555289846,,0.6437722280725475,0.7029400979750561,0.7056948973500432,0.6220346725134543,,,,0.7011668139956198,,,0.7012872458861842,0.7022511346601669,,0.7019754748296466,,0.7017064632571065,,,0.7023815117658506,0.6996727291197979,0.7038567975462173,,,,,0.7020823904487383,0.7014800881855048,0.702125068727278,0.7051379033178137,0.610389788892018,0.6087078949328445,,,0.4001966802598349,0.40117934728313237,0.40045168261536507,,0.4016999242266835,0.39991965032762616,,,0.48992269971877733,,0.4911247896371231,,0.48950689292322275,0.48944167866908705,,,0.4901867127615181,,0.4898366154854181,,0.4885351276637956,,,0.49001171031925045,0.4912994520014134,0.4897394930691378,,,,,0.4893655302732858,0.4895694484756001,0.48924025869582055,0.4900883586496199,0.4888384447851068,,,,,0.4889868155748948,,0.4897460381139987,0.4883039210724048,0.48991525228668104,0.4900617116107894,,0.489576567981015,0.4887352174547851,0.4897754252090341,0.7142050881180578,,,,,,0.7116189037492218,0.7102540862302837,0.711554757053205,0.7131466619848243,0.712358603997171,0.7134973710694854,0.7121310460394273,,0.711217395144308,0.7114267635029307,,0.7108724798774924,0.7136416630939879,,,0.7123769519478419,0.7120433404356696,0.712300504021372,,0.7112885763812885,0.712072697304997,0.7127925481639522,0.7123702149170669,,,,0.7118100634337188,,0.7120543402779551,0.7122772807159791,0.7094966959041752,0.7127249618726519,0.70886801543018,,0.7138083811174506,0.711464667376392,0.7099993262272024,0.7125264472479136,0.7107500397234799,,0.40470087585246595,0.40352905035749537,,0.40287476451857157,0.4035862838085916,0.403032701028949,,,0.4055226356803788,0.40371913391784037,0.40447415609239007,,0.4036960209956317,0.40404442123249806,0.4048803080867424,0.40413421896898083,,0.40485801222090717,0.40264525307001103,0.404033312427722,0.40347310966778965,0.4036322837404744,0.40302250323525335,0.4048110530982183,,0.40404869306419394,0.40424641673358747,0.40358210822868734,,,,0.4035514819881001,0.40422733122784876,0.4029176300670881,,0.4049573797099091,0.4029003003535416,,,0.40420952585095643,0.4038523056503395,,0.40394554881801265,,0.4041086364417913,0.4025193744497981,0.404144908718324,,0.4041209183586438,0.4037992960047189,0.4038814136049638,0.40425333860155727,,0.419488948091651,0.4196005554799104,,,,,0.39266033955079677,,0.3908873486422508,,,,,,,0.5310412754233957,0.5311081134011887,0.5317385421200407,,0.5323488713142895,0.5304000685671862,,,,,0.530483145668516,,0.5312379948849534,0.5311124268646644,0.5316376575971757,,0.5324578485068874,,,0.5308311585178742,0.5291760727790741,0.5312129862120968,,,0.5305818944811433,0.5299474387223252,0.5323480467513225,0.5321958141431454,,0.5303127659598318,0.5300951165242427,0.5310456931837689,0.5304506385018003,0.5321353017547715,,0.5208930662770155,0.5202957945927992,,0.5183903042148711,0.520254383494867,,0.520464051819889,0.5207622825947879,0.5202227309213686,,,0.5198627892569192,,0.5210611478462928,0.522200539673071,0.5203349978579118,,,0.5220939721263749,,0.5215713319626759,,0.5199127195823259,0.5209166325405877,0.520791956191192,,0.5208461475254255,,,,0.5196842186728702,,,0.7298835589290092,,,0.7346051738489161,0.7307939153693487,0.7315197578164917,0.7293707446925936,0.7294724572986004,0.730291770227734,0.7310805705134591,0.7281071485785808,0.7247410823318915,0.7256914155626912,0.7258285190410585,,0.7265492459078593,0.724499065581098,0.7282691480832776,0.7255159331072296,0.7252711702762349,,,0.7252964034753526,0.7266359258480077,0.7271901284938773,,,0.7316080068014583,0.7310048745819271,0.7308261741689156,0.7296321240783621,0.731212159458708,0.7267691589239783,0.7302216914025587,0.7286795125997224,0.7311340517038845,,0.731429841013419,0.7300862712099063,0.7313062650104805,0.73044389984712,0.7310785646186779,,0.7295194217086465,,,,0.7286557367405121,0.7285974698484035,0.7300074901655794,,0.7319307816225893,,0.7305363028530074,0.7281013539401139,,,,0.727726389697466,0.7251993855475515,,0.7243866527133581,0.726213687329748,0.7247622225149474,0.725285185376771,,0.7248092450423655,0.7283996111012174,,0.724817178024593,0.724944326341196,0.7242936382425311,0.7268917034136096,0.7269463242950291,0.7262522232022954,,0.726602870222045,0.7274713335623683,0.7254580393868152,,0.7252212517078508,0.7287548082470151,,0.7264230600400324,0.7252259796947479,,0.46257260799477123,0.4632405031018871,0.462529652210085,0.5377877891873581,,,,0.5375608880542676,,0.44915986735940716,0.4510552448568871,0.4508990510442632,0.44868021553925036,,0.4782295247600525,0.39649434282392454,0.7110687938137087,0.39373032186083623,0.39390482421045075,,0.3888395016219237,,0.39090987284604134,0.38323529153959324,0.38349653142991325,,,0.2933340712815777,0.7027744037793361,0.27903522746075576,,,,0.18822683806954463,,0.16285960445786268,0.16286247685038607,0.1632118954295598,0.16297076558194196,0.16318317882900116,,,,0.10986454416584472,,,,,0.13505853345308916,,0.13559969079001458,0.1350328078463882,,,,0.13490971225876217,,,0.13540371613047458,0.13553095328776493,,0.13524442212751384,,0.7270228200990816,,0.7289002261434724,0.7256975777872493,0.7270359149374986,0.7250105749075197,,,,,,,0.055567347533986504,0.05556122279456059,0.7105476250141338,0.7137752416935278,0.7121908036094429,0.7127781299301901,,,,0.023127569600057445,0.023096283000553608,,,0.023099755409705457,,,,,0.023048482803104096,0.023058421133186232,,,0.02312669223320151,0.02299492368510434,0.02305593837527289,0.02304032927440646,0.023131807839003597,0.02305486629888906,,0.023046256117594553,,0.023062558543260493,,,,0.023078101077079267,0.023095925857472045,0.023054804028543745,,,0.023034246307521777,0.023056629183629395,0.023114273675541194,,0.02315697501215722,,0.02306181047252782,,0.023112322737743454,,,,,0.023119534566405045,0.023078356058830393,0.023083097981314575,0.02312791637905215,,0.0230174688185218,0.02308179008784009,0.023036835721705323,0.023068595526766936,0.023038020783120734,0.023078540910850164,,0.023007299637662435,,,,,0.4836588772672358,0.4836129483525526,0.48197844303053716,,,,,,,0.556456236315146,,0.5566431680923586,0.5541954614079165,,,0.5543577560508984,0.5570587566073153,0.5552008831289946,0.5559462339941729,,,0.5547733532238516,0.5543469605912128,0.5554151119351362,,,0.5549919133425519,0.48439879157275145,0.48392985762623963,0.4853588328102927,0.4843175315204183,,0.48535082342826863,0.48486591041351257,,0.7373586224961086,,0.739468576994833,0.7391748650587638,,,,,,,0.7387082525539015,0.7384765505348553,0.7380560086334446,0.7367630395541596,0.5546146259594568,,0.5544815363226641,,0.5562734225640665,0.5546152616299928,0.5540863126975994,0.5560364427962835,,0.5548929845595817,,0.5565179564156699,0.5483667604097853,,0.5536842811935037,0.7387594276070486,,0.7397703365216561,,,,0.7387518713035555,,,0.4839507373758426,0.48327085859325286,0.4847959676549387,0.48478010734302024,,0.4850123871107773,0.4841031667941327,,,,,,0.48398668159721364,,,0.48505778362637336,0.4834846284156765,,,0.4850168119371789,,,0.4837308041707496,0.48493332851118315,0.4832661104034039,0.7384425396946168,0.7393850468674507,0.7363018734045602,0.7403154548929807,,,0.7380852171987659,0.74091535548456,0.7392250064721718,0.740687311714119,0.7371236140249456,,,,,0.7409480839654496,0.7383602571730371,0.7385412390544976,0.7382024110608656,0.7378026677470003,0.7396425865189243,,,0.7405852772074867,0.7410644218910929,,,,0.30043081354045476,0.30062504507050064,0.3005607298563674,0.3005669630111317,,0.6826046794316508,,0.6519005168305205,,0.07231910432396668,0.6843885421039088,,0.6864451274857961,0.6848880676535987,,0.6862298862714462,0.6843178488436636,,0.6860293212708568,,,0.6856192444137331,,0.686476176325704,0.6852884662829853,0.6858972118849721,,,0.6863470119456345,0.6855969554087744,0.6859595636470892,,,0.6845041055931488,,0.6850533475745616,0.6838276160501516,,,,0.6842735424803991,,,0.6868133289617374,,,0.6861738718166775,0.6847939049368499,,0.6860254393124976,,0.6836253504959332,0.6861887491786223,,0.6856950436981856,,0.6862720081159567,,0.6864816126510533,0.6860534410222877,0.6852856246280508,0.6855807849653687,,0.6844771283911097,0.6858084100519709,0.6856745267271663,0.6860070794264697,0.6852665700357484,0.6843440141199408,0.6857278493185166,,,,,0.685670732435847,0.6861063788957883,,,0.684635028455601,,,,0.6846895830827509,0.6875168431339543,,,0.6868101167637668,,0.6857186612514655,,0.6846819059875994,0.6846815149455896,0.6847561789341833,0.6853939750792266,,0.6862270593683737,0.6844502763042843,0.6868307837606863,,,0.6872605773961195,,0.6817552961689547,,,0.6856146536140488,,,0.6862848940980447,0.6851648540525571,0.685619980425415,,0.6846442374221856,0.687452358165786,,,,,0.685194755478741,,0.6852016354214355,,,0.6851647739924563,0.6859556793654209,,0.6839919560761721,0.6833735814656055,0.6823842201042168,0.6843684794813683,0.6850421942469671,0.6858989583731981,0.684894825311599,0.6857579154038281,0.6837085538347815,,0.6859750538318965,,0.6873764706352629,,0.6853580175816414,,,,0.6846021394525938,0.6835617956370196,0.6832781566757773,0.6846371955553963,,,0.6852482521428758,0.6827777587717554,0.6852289924377167,0.6858981220712216,,0.682171858946903,0.6870602378537947,0.6856722290529762,,0.6867092099700393,,0.6870405887516499,0.6865169789561975,,0.6858891350698256,0.6851954534361596,0.6846325201316604,0.685675459619809,,0.6842700110272282,,,,,,0.6867398411603014,,0.6854650439017052,,0.616819104977367,0.6174492232825486,,,0.792525060047105,,0.750648610104931,,0.6672293419762806,0.7996595975132776,
7,5,DG_10pct,20,Z12_F06,12,LL_AB,182910,182155,True,3157.7407339644174,3167.7351145871407,3191.881623793033,3201.951488674393,3186.225540791805,77.02937919103768,84.75319432145393,3306.678499828488,3349.8578441015256,3463.22470236149,3446.6501645635963,534.708879253984,169.61984572422628,65.74592459095369,63.05251133596902,77.07688415269152,83.46312935163982,18.304371918131256,171.3213739282034,280.4254528512051,0.7799730229121206,0.778209168411188,0.7809523758769451,0.8298743661833621,,,0.720541277388674,,0.6674957061789494,0.6700509068786081,,0.7378198607676449,,0.7363748367015903,,,,,0.7945616281488659,,0.6704115701510148,,0.6700149440754443,0.6707050942167508,0.6672716059642468,,0.6609059164433186,0.6635298762709815,0.6613065783715826,0.6713640993138574,0.6731793300386227,,,,0.67010275748824,,0.6252641836443188,0.6249988049788928,,0.6233508597600587,0.6229958829480817,,0.6245281866243146,,,0.6292724255062605,,,,,0.6258027609357333,,0.6268627015938395,0.6268086995035126,0.6285834580408797,0.6260751636938332,,,0.6886516489173294,,0.7749895433135277,0.6841651274053228,0.6835912363564068,,0.6842356119319768,0.6818734304126771,0.6847502519830788,0.6835453795539953,0.681394469554224,0.6830530123192262,,0.6827937366940325,0.684532060956308,0.6830002904150408,,0.685265026434269,0.6834751704358857,0.683138283312473,0.6836416209719519,,0.6828195172693171,,0.6847927274133204,0.6850503474662288,0.6835934731472347,,0.5910875604235012,0.5911757933150601,0.3777622982732387,,,,,0.3716000749185893,0.37110849124651524,,0.4572678306485737,,,,,0.45680602823935473,0.4584123470838733,0.4574496035406555,0.4579496491526573,,,,0.4562010164306842,0.4574212943654615,0.4567137503431879,,0.4572971643130983,0.45632705840239796,0.4572905222643718,0.45857433107776374,0.457887182256508,,0.45706575191595344,0.4575183838676563,0.45806068927943083,,,,0.45671138786314286,0.4574796307886549,0.45613603919266454,0.456877394130868,0.4578062095574507,0.4562922646643063,,,0.4563618226937355,,,0.4568150106367149,,,0.7063436943415539,0.705964031149627,0.7063226725575434,,,,0.7064552892867715,0.7041697751224762,,0.7070678185032765,0.7049042447781169,0.7059537159330571,,,0.7058747469413725,,,0.705096153356226,0.7063022605800674,,,,0.7053890334213611,0.705764201641999,,0.704766013272227,,,,,0.7029600871287596,0.7047222968709207,,0.7059379883864765,,0.7040591745970671,0.7075130421272325,0.7051174788632272,,0.7038786589908144,,0.7054800611959967,,0.704393675714072,0.7046317196058294,,0.3791808197588579,0.3807720690763847,0.3795402138547826,0.37927868914285606,,0.37974538924605145,,,,0.38047631020321193,0.37929979212229314,0.37865149311345797,,0.37971407189559625,,,,,0.38135506676187747,0.3799208807421376,0.37964915358170037,0.37983130620233374,,0.3796519515421411,0.380726345513415,0.37934694897000304,0.3791495401023197,,0.37897640379752984,0.37924327057168333,0.38036419868328797,0.3799568678649576,0.38137696345202027,0.3796285278531742,0.37940708189469935,,0.37951829569425666,0.3793550528960883,,0.37916795582739743,,0.3804024282896136,0.3797716894218194,0.3800727221964221,0.3805041460130444,,0.3777815607408848,0.3798776984924578,0.37975078852070665,,,,0.3909307594302241,0.39145118828079445,0.39268510763777853,,,0.3627336029024658,0.3630627789545734,,,,0.36278707088243883,0.5023071826442757,0.501541933761058,,0.5032115537237328,0.5015107369753011,0.5017345129512065,0.5024814637420371,0.5031418689641631,0.5020678904140202,0.5051740708246681,0.5015917394252135,0.5020753236173603,0.5009788953666322,,,,0.5024766389058846,,,0.504294320626678,,0.5031591609655197,0.5028872038297059,0.5010486435730228,,,0.5014870614758857,,,0.5020059537433795,,0.5017229515091387,0.501985693930962,,0.5033033628391279,,0.501515678264031,,0.5035959660727833,,0.48983250892056635,0.4906704960887205,,,,0.48995977778495264,0.4914376342364595,,0.4903732025266244,,,0.4922314994736359,0.49169326330763174,,0.49051005355802013,0.48989472774897114,0.4901747387656979,,,,0.4905671217536037,,0.4896509118460022,,0.4901692289442544,,0.48970247469767536,0.4894984001503335,0.4907683276455307,0.49017878356493094,0.48863343649676627,,,,0.7217870721701327,0.7229096753915057,0.7233639299273498,,0.7237948786117038,0.7268852403571028,0.7261393902193914,0.72371698630794,,0.719131321064004,,0.7198772815039237,0.7177350582609098,0.7201990784066481,0.7202495963542856,0.7180193343129752,0.7194733145589461,0.718103900325619,,0.720235547381285,0.7214707755594082,0.7177664432724287,0.7191222386305313,0.7172586073766773,0.7237728175555301,0.7205080857350433,0.7239037370983437,0.7229325547694107,,,,0.7202802376991115,,0.7239853932100887,0.7226787696174962,,0.7259470246555453,0.7244285030085443,0.7242114478492927,0.7248485232770658,0.7245474155492697,,0.7241329658309588,,0.7238906574044868,0.7234321532396031,0.7244913090439118,,0.7225514403592463,,,0.7243043150808678,0.7214382722538573,,0.721471097719801,0.7185648220739375,,,0.719615557588468,,,0.7210160368070322,,0.7202877896709945,0.7186523888403106,,,,0.7181340420997041,,0.7204333531628793,,0.7198941184332264,0.7200531920261806,0.7192847743470743,0.7171736286465086,0.7189664147835857,0.7204414449875197,0.7192972780873605,0.723348582398714,0.7212691836718916,0.7194251016260398,0.7211408485543861,,,,0.44101838016794737,,0.5083802334883495,,,,0.5085362731745149,0.4240975839941689,,0.42313691353685745,0.4240054581169558,0.42490695393570016,0.42417037003525404,,,,,0.36630618296471906,,0.36121068369205955,0.36147633944248087,,0.3545983851805481,0.3538118924291048,0.3538819768821175,,,0.7008944443792845,0.23143055753875053,0.18617005608723464,0.7057157921259285,0.18814314404536314,0.1504487158172436,,,0.12325471119798481,0.12339833678176966,0.12306945754287509,,,,,0.06674970200911377,0.06677222304569123,0.09543177940457748,0.09529113817883718,0.0951992838914734,,0.09516400806166174,,0.0952656981820068,0.09535838004066786,0.09490281902941933,0.09496406843985121,,,0.09494586159947672,,,0.09513071100161208,0.09475638091608335,,0.71441118548741,0.7145159278206636,,0.7151055315742164,0.716213129157634,0.7377973079963656,,,0.0562759190927622,0.05637058254817002,,0.05302496021438052,0.052868082772859544,,0.7002513128075899,,0.7013352304618065,,,,0.007599017400207713,,,0.007632129241207768,,0.00761526398509374,0.007627021992365458,,0.00760900757306744,,0.007617263526448308,0.007618005321630241,0.007629689574086716,,0.007623971372550215,,,0.007615887904425117,0.007619426330237021,0.007630146749088262,,0.007601737532230714,0.007625332632503383,,0.007599616078813539,,0.00762891014217128,,0.007623810328592849,0.007624445983431192,,,0.007590536551611742,0.007617577135257922,0.007628823297650038,,,0.007615134189459132,,0.007626469882896491,,,0.00765953555436499,,,0.007631831848749116,,0.007633834987705541,,,0.00761275677164007,,0.007619825651897659,,0.007661591790483439,0.007633754383899295,0.0076397857134726625,,0.46503429545374286,0.46355476413508634,,,0.4616825193711577,,,0.46314338328480253,0.46405414547723606,,0.46481737040099635,,0.5278946259231514,,0.5289377941143497,0.5282785348274882,0.5276501684197844,,0.5278962150781252,,0.5277028427213912,0.5276688302380933,,,,,0.5273996518782572,,0.5285628785206663,,0.5285320947232309,0.4643322639562135,0.46400726969676087,,0.46354858976160296,0.4643841183278412,,,,0.7317548553736098,,,0.7307651508398972,0.7319755575248095,,0.72895432067553,0.7312160749664157,0.7303590733842397,,0.7341241610173703,,0.7338250526216733,0.7299891727229133,,,,0.5270338096594492,,,0.5270652541016043,0.5298299113925414,,,0.5269657631504412,0.5273381414036449,,0.5251582518186689,0.5263014587315781,,0.7311919875592758,0.7330637577455714,0.7330346745949392,0.728725600982937,,0.7336213299482338,,,0.4651474710416916,0.46449076469594053,0.464378917210122,0.46411578284460003,,0.46416677563164743,0.46443370529360983,,0.46603359902833386,0.46417582647882905,0.46293687945003786,,,,,0.46471011847402266,0.46445495112155655,0.46443614056865273,,0.4648193405566376,0.46366434317396354,0.46481493034531757,0.46546858473877734,0.46500307274678565,,,0.7329245034690566,0.7340569166024291,0.7339397909855534,0.7335792479813389,,0.7330803408004978,,0.732273602260756,0.7338369191490486,0.7301000856974194,0.7268523795158028,,,0.7311900838984232,0.7311423067525918,0.7330810909703408,,0.7320919814198228,0.7314541286455861,0.7323116288253531,0.7347802674451853,0.7347549259800992,0.7326811867283844,,,,0.26593588293809445,0.2670150956927938,0.2668119001654432,,0.2667742417270516,,0.6706013613431238,,,,0.01294439358444099,,0.6687639372560915,0.6708786690126373,,0.6724688035734062,,,,0.6687406740184519,,,0.669883667297449,,0.6723129138933863,,0.671220207637917,0.6703703860499437,0.6692363659624363,0.6715277192764907,,0.6720586351903618,,,0.671369311579163,0.6705323735196058,0.6721245894692466,0.6702203291617961,0.6697348565206849,0.6731813333722322,,0.6700499524714082,0.6707938598461122,,0.6686060369662059,0.6686282074686225,0.6706112327916701,0.6713195989929972,,,0.6703105832694551,0.6726495847889489,0.672774206924929,,,0.6727902536090635,0.6699117227610484,0.6702952616799736,0.6695135166248437,,0.6695894967609358,,,0.6703003874409221,0.6692353763274685,,0.6711979279700642,,0.6700192765849543,,0.6717228173404535,,0.6696696241538046,,0.669883520367106,0.6692397399206987,,,0.6696475134608285,,0.6689674504834671,,0.6704806796388589,0.6687092313444238,0.6713470732730596,,0.6700789662657923,,,0.6714375031458046,0.6723484282034451,0.6700121493618747,0.6709444878911908,0.6721682529333519,,,0.6702633858081343,0.6719871550856796,0.6700469112986154,,0.6710921445331771,,0.6709978547868676,0.6701041006006485,,,0.6681846245199753,0.6719653352224129,,,0.6719459053652642,0.6700254760167667,0.669433764588369,,0.6722437130708765,,,,0.6704899763647473,,0.669815869335028,,,,,0.6700259240233546,,0.6707906412840072,,0.6709213866331392,0.6707365373868059,,0.6694717936739991,0.6706982113918161,0.6695478369068789,0.671335308203121,0.6695830665433894,0.6715270022162172,0.6688190838274753,0.670645461047951,0.6704156718505302,0.670274708832987,0.6698276874983141,0.6698474765230256,0.6717743804012299,0.6707604369785177,0.6694065383526653,0.6693721696469196,,,,,,0.6699115999274394,,,0.6705143635787882,0.6714154337647366,,,0.6695453843503578,,0.6706615247393636,0.6698404172524015,0.6701603252651724,,,0.6711089561917855,0.6701193564266351,,,0.673089933738751,0.6700487149568836,0.669984903288812,,0.6708037370726789,0.6690029352038946,0.6703349130519438,,,,,,,0.7839402884747415,,0.7381617295983672,,,0.7959005319430439,0.7961763456500691
7,5,DG_10pct,20,Z12_F07,12,LL_AB,175089,182022,True,3484.962672292998,3481.5309855495716,3474.14842434691,3523.912988659302,3500.733725446745,84.21303755176548,94.1998488750493,3673.445183537251,3666.3385761659847,3845.259251821418,3823.1939091211466,441.3585222125948,140.68499677538034,67.55176516715873,65.09663055367433,84.0517592644994,93.79510821662143,18.27949210125917,192.71895252719864,325.29918266533423,0.7604898055326923,0.7611252289796087,,0.8108838179338811,,,0.6952579528753009,0.6321276374412879,0.6330140421297747,0.6330519050373346,0.6157558225615511,0.7016231797594712,0.7034441938098246,,0.6222666309260638,0.6228168166507388,0.6236846247686378,,,0.796776292876809,0.6330114749391883,,0.6335094607614422,,,,0.6267194597899269,,,0.6347879840893073,0.6359952295977058,0.6361012898232079,,0.6355497186552042,0.6346255685576614,0.6723720200544765,0.5839418141282329,,,0.5833440782493069,0.5842200927941986,,0.5848097513124341,0.5870752340569728,0.5856514089410743,0.5861527677391577,,,0.5868269442497621,0.5857892819767172,0.5850495095735716,,0.5858021808482453,,,,,0.6477432817655744,,0.5712941613854329,,,0.6426410441824827,0.6412998400949261,0.6424272693547899,0.6442110268898921,0.643903830581098,,0.6434482327381247,,,0.6432231402270613,0.6416493355136657,0.6425030724905967,0.6439098400517089,0.643849758661306,,,0.6397756588020244,0.6426778238189405,0.6410468906878547,0.6421079512440285,,0.6425737858320859,,0.5470029695464579,0.5469536775485129,0.547094275923709,0.3236971611624835,,,0.30182181995832524,,0.3021016080861695,,0.38379670448213066,0.38313206553620316,0.3829541059958271,,,0.38380044747351955,0.38405699684438743,0.3831654910419271,,0.38226893950956364,,0.3838903307287531,0.3838425941931927,0.38348588316599824,,0.38417766587799645,,,0.38207865271946745,,0.38387085267639026,,0.3820600966031815,0.38361502749796855,,0.38244060634468335,0.3833464347517541,0.38238216002226577,0.3841218108178829,0.38297411387903674,0.3839924027748429,0.3821018171597302,0.3830846234770337,,,0.38263551728166234,,0.38272068920158375,0.38337589526720306,0.3843475904674601,0.38286131609686297,0.3830591937392227,0.38414598457688154,,0.7094712371646605,,0.7080930497360923,0.7083253657724163,,0.7107943006414695,0.711793643525608,0.7081265454244462,,0.7107719538035681,0.7102650531229971,0.7107439005481069,0.7091898418618555,0.7111289389366753,,0.7132769285422936,0.7105589611844959,,,,0.7099036487381624,0.7081496761407323,0.7109441336151734,0.7111636153783326,0.7107223435346212,0.710445962780846,,0.7107935539954191,,,0.7088974922520269,0.7088951239907251,0.7091770437467676,0.7088414506692722,0.709898165490065,,0.7118054473268288,,0.7089414902947196,,0.7103360332994816,0.7099703807705632,0.7125302209606555,,0.32561635213217294,0.32657471108579805,0.3266568834004713,,,,0.3263255617470011,,,0.3268133275514426,,,0.32636314628744817,0.325789885985017,0.32449856569089625,0.325950579508414,0.32610577086096626,,,0.3265507297621742,,0.3262109954894309,0.3248910529796538,0.3254615120803927,0.32569703788016685,,,,0.32524529141971403,,,,0.32470382795277053,,,0.3261701472211763,0.32543562448227065,0.32596940456373313,,0.32557026006699047,0.3247120287109646,,,0.3258727204430681,0.32610959156427805,,0.32625021935884857,,0.32539873301430483,0.32673789107949475,,,0.3251235493484248,0.32627831084663,0.3256631123207762,,,,,0.29250956744321127,0.2934973900216342,0.2923357746605153,0.29316325148032846,,0.4363157038671653,0.4356560489910829,0.4364100056829746,0.4365391342803545,0.43611120100579537,0.43528621136952905,0.4359506388800566,0.4354759868788593,0.4362316976794893,0.43560856504906814,0.43570457794495177,,0.43529447313205405,,0.43622624000308596,0.4360797527586151,0.4362179716369497,,,0.4374229767263566,0.43544747560237373,,,0.4356396451871612,0.4362251308138777,,0.4357154364772928,,,,,0.4367327820539721,0.4368524458283264,,0.4365657374148027,0.4361181590054006,0.43611800601807493,0.43446937747247794,0.4358456622776415,0.4365876481944483,0.42218007734714164,0.42364632959916043,0.42160790986556845,0.4221405561196921,0.42152460725008983,0.42184748375608455,,0.42288256174757805,,,0.42296205374016355,0.4223844983266439,0.42230798263356545,,,0.42226068711673526,0.4219413963653037,,,0.42148381803086266,0.42234385674560265,0.4212431658481534,0.4222811761934286,0.4218699106593757,,0.422555671356308,,0.4200533986459782,,0.42187596759369456,0.42195557427841457,0.4212070702957141,,0.7260089854866103,,0.7263250028969327,,0.7273526521747589,,0.7254731436355552,,,,,,0.7233211167715958,0.7244740698108675,,,0.722108794468322,0.7238832977207921,0.7201405584150643,,0.7225477342572892,,0.7206873752484456,0.7207567946046131,,0.7245916123356324,0.7245188335469916,0.7258250961963646,,0.7250541725706614,,,0.723417611480237,0.7252293056857886,0.7249887898539865,,0.7250268475992772,0.7278996409919177,,0.7289026822885938,,,0.7266663125374921,0.7252711718322612,0.7258909489546431,,0.7251303674246067,0.7253407721204631,,0.7264357268764147,0.7254496555602054,0.7265778428263051,,0.72725387713825,0.7234090012635032,,0.7246887914732264,0.7228946470855548,,0.7212412729725545,,,0.7214503810251647,0.7205295123703556,,0.7229782680927406,,,0.7214798706985635,0.7224249485349591,0.7227432345407462,,0.7225161979407154,,,0.7242761265892818,0.7235213922678672,,0.723872044664319,,0.7243045249525827,0.7250550189906525,0.7230117656459103,0.7232300996371693,0.7245260865329459,0.39556769866280816,,,0.39636776864504564,0.44328871634870953,0.44449091980690053,0.44419346352259353,0.443463167574218,0.4440333235354027,0.363173169489872,0.3632095415046173,0.3626785312395307,0.36315686953395404,,0.3638316161579577,0.3690669208995415,0.31456810550452563,0.7132781286480755,,0.29451229547825813,0.2947759682756287,0.2900867797642352,,,0.28430168647563814,,0.2848077830307154,0.22887782810029397,0.1846021801626832,0.7202369818391134,0.12491866911071202,,0.7292845387811215,0.07572614631395325,0.0596273928173712,0.7337433066705671,6.049913046044982e-05,,6.0569629710951436e-05,,,5.754944537679973e-05,6.057070959089384e-05,0.7514545578201832,,0.047076546444842236,0.02336578313905195,0.023422934824809078,0.023408860815761115,0.023442099346251487,,,0.0234041862610491,,,0.023395190794526653,0.023390352065348452,0.023382839635017826,0.023443535899592787,0.023448350237464315,,0.023408843220306497,,0.023440641821886835,,0.69482144181767,0.6959355567398559,0.6939365339480505,0.6961090374502478,0.7058017856947933,0.11837419825295101,,,0.11797635187054184,,0.1043148480233784,0.10406704943853397,0.10431152462302927,0.6815403366107754,0.683285115194294,,0.6832867925551276,0.02386373765037809,0.023858623867601878,0.02381991932142025,,,,,,0.023749369856868468,0.023877661720153202,0.02381491458245373,,0.023895350066250185,,0.023866874631844243,0.023857509813120785,0.02382732632105311,,0.023814762215065757,,,0.023842195059402042,0.023845530480318136,,,,,,0.023876644912753445,,,,,0.023882303367762724,0.023847835099047213,0.023895484988146014,,,0.023817576896937264,0.023935795402409685,0.02386656547372548,0.02392792256842703,0.023898753060070613,,0.02391321398764139,,0.023848181898640297,0.02386319122784196,,,0.023932338925415637,,0.02378628752443126,0.023888847323877697,,0.023897747272683536,0.02385775076459126,,0.023934871722575902,,,,,0.42158449512776414,,0.42062443672739097,0.42037785008541706,,0.42084947417030355,0.4210897676662305,,0.4219941886794221,0.46768037344102287,0.4671817078369861,0.46643084321708034,,0.46814231996446115,,,0.4659218126319041,,,,0.46692941635423585,0.4673528029305154,0.4657338849859462,,0.46680200353405776,0.465534830007089,0.4649930853464483,0.4661697600541639,0.42358329195297173,,0.42176590388437313,0.4230059503378216,0.4228289796109336,0.42280769096009213,0.4226561207104121,,0.7326030631628765,,0.7311896553646788,,,0.7345735139289677,,,0.7316933144055494,,0.7317600011157902,,0.7326784850579805,0.7324581499868976,0.46602621470808614,0.4643276149657779,0.4665973220464045,0.4661689115249708,0.4668077443582059,,0.46587517980883514,0.46628133759333795,0.4669781598188903,0.4666610077076043,0.46677786417353634,0.46728767637769403,0.460659803838646,0.46330987620940856,,,,0.7346896729411013,0.7344185899733252,0.7331331565131398,,0.7330946518115595,0.42149367106461527,0.42173337489091056,,0.42217507113438896,,,0.42201904889505776,0.4206146569715676,0.42117259722008843,0.42144190352880134,0.42241864250583905,,0.4215672460933792,,0.4210154091539053,,,0.42233347194064397,0.42198026564685276,0.4211264985791867,,,0.42169119500072544,,,0.4210478179075328,0.4206958925097687,0.7346476221488242,,0.7341740783337783,0.7341659339675144,,0.7355551637107143,0.7328974508815005,0.7349042404379922,0.7338641501302043,0.7349606265095634,,0.7318318365447732,0.7335493912435459,,0.7310294112427776,,0.7313442585319742,0.7336113543994641,0.7336761711917271,0.7311979961199133,,0.7340604730083231,,0.7330178093123298,,,0.1845832124265944,0.18419900199714243,0.1838730546900824,0.18382578316220954,0.18471559720460057,0.18380779497200697,0.5903265494947694,0.6414785146944303,0.59519429293803,0.5974875485093235,0.5964510197401238,,0.6342094322787781,0.6336190536898025,,0.6345586315344347,,0.6346498894556324,0.6344508697134168,0.6317744396956467,,0.6336834866418718,,0.6339307146384406,,0.6355593222470566,,,,0.6337540017567564,0.6350687435924576,0.6359758534891866,,0.6357309215976725,,,0.6341127358435843,,0.6329655235943885,,,0.6356255578902408,0.6367359844849529,0.635107063926793,0.6332490449281953,0.6352817135458858,0.6338948480591655,0.6350227612066315,0.6356619571883511,,,0.6337838103106158,,0.6364018610050961,0.634028310956237,0.6343785086148873,0.6342735342643107,0.6344723095791066,0.632138623365581,,0.6327607501153061,0.6369216771381324,,0.6344799677332051,0.6342971907786382,,0.6327963654750596,,0.634166381823427,0.6345046164939151,0.6346542331614795,0.6350908858824164,,,,0.6350247748198108,,0.6338827236257552,,0.6336629997096315,,,0.6348448982466122,0.6324719360415735,,,,,0.6364392061366585,0.6346172883701339,0.6337860603059184,,,0.6344266373981855,0.63463445933974,,,0.634285999435654,0.6353457751171926,,0.6346416328223163,0.6339497335352201,0.6341116418624025,0.6342881209816361,,,,0.6359367511278793,0.636308740453378,0.6354512306129063,0.6355728928794042,0.6329178477613386,0.6344218246619147,,,0.633259154526032,,0.6355377294087377,0.633144460262631,0.6344612828953605,,,0.6345613189231233,0.6336636807884185,,,0.632810319346279,0.635628144660061,0.6334900835478343,0.6345300440119448,,0.633282093687912,0.6351066804969558,0.6348519261238146,0.6345157126991219,,0.6343127306339642,0.6340735379896174,0.6323814127701652,,,0.6344598020197962,0.6352996578038015,0.6349772055462688,0.6341882873593748,0.6348818306764075,0.6339161418248055,,,0.6347753580353046,,,0.6341260638617057,0.6349530730235918,,,0.6348143446457042,0.6350637064071196,0.6352391869427543,0.6343663006567387,0.6343170036697465,,,,0.6325683734266628,,,0.6355254526144147,0.6340848588721842,0.6362935489990263,0.6348776573628742,0.635249913764072,,0.6330982964875923,0.6344611258556094,0.6357027999088001,,,,0.6343263497893483,0.559165671519089,0.5586140819882486,0.559278602459777,0.6637787506545801,0.5893045310655984,0.7790555425140684,,0.7044116269097755,0.6244227319120714,0.6236533379513092,0.7909209546375437,0.7913489473152345
7,5,DG_10pct,20,Z12_F08,12,LL_AB,182909,182152,True,3127.587465885955,3126.755136075788,3126.8493919659836,3170.651652332589,3133.8788211141336,75.79418519194299,83.13281411898649,3260.863212335455,3268.8391949331585,3377.5977682912476,3399.538244601043,576.2294565466339,180.84917867023938,65.77970227375192,62.34131370075965,75.36570870972713,80.92906561469388,18.0354085772913,168.40264782143,270.6790092002548,0.7857840758871861,0.7852523944586602,0.7844338648311905,0.8349371644344918,0.7742396657327452,,0.7245719416241599,,,0.6745309980549017,0.649584301729546,0.7434885191400707,0.7447325380763398,0.7420057612847343,,,,0.7940628725372918,0.7950296530633699,,0.6760725882026817,,0.6752506565606435,0.6742207223254268,,0.6761278698959716,,,0.6674249890462866,,,0.6774919469569524,,0.6784102139395447,,,0.6312638996655826,0.63329353541751,0.6330248126015721,0.6327615080910949,,0.6341344851462357,0.6347872504254419,0.6352756595742232,0.6350667090846955,0.6339694347603486,,,,0.6341609743479422,0.6341523862926608,0.6357646789380871,0.6337809575080678,0.6348436997301563,0.6334954467356257,0.6374887757161201,0.6319150323953188,0.6925584316633853,0.6923035498716811,,,0.6873697845534518,,0.6873425023578473,,,0.6911862572766451,,,,,,0.6920708555417574,0.6903000172869691,0.6912938030403365,0.6906138549700112,0.6901487014017259,0.6908053399549333,0.6890975910089019,0.6910727528190584,0.690689277339869,0.6898978805697504,0.6908917942101265,,0.692016711842705,,,,,0.3842190909660083,0.38524922187816474,,,,0.3861183508730381,0.46879836859745655,,0.4707076324501817,0.46962505780937047,,0.4689031675689835,,0.4698799872585517,0.4690049269117741,,0.46960855705436366,0.4703891218587663,0.4694251557904164,,0.4702986084771344,0.46888066213786606,0.4693297917778057,0.4696993885607098,,0.469947288922908,0.46926773234664404,,,0.4691947902737942,0.4691989235124858,0.4699963919110735,,,0.46915615131357863,0.46976148631068726,0.46851997901432807,0.46998607256399183,0.4689691265822505,0.4696124361662811,0.4695317561777483,,,0.470350778613819,,0.4689468269068908,,0.4691069168859963,,0.6981690819990094,0.6974348101117847,0.6989429570837181,,,,,,,0.7001587480517932,0.7004270078632856,,0.6989500023123797,0.6997450862197778,0.6987075787416535,,,,0.6981011127619771,,,,,,,,0.6970218544669687,,,0.6979207502155564,,,,,,,,,0.6983187886138524,,,0.6987595967442172,0.700419259964402,0.7002069411294461,,,0.3874911395389188,0.3888718832359496,0.3884368471783448,0.38877109559067247,0.3883953467892717,0.3888814222316912,,0.38895863620804405,0.38959094972638625,0.38910088358458633,0.38865286964429013,,0.38999338081717166,0.388887204238495,0.38954219633359627,,0.3887566373280578,,0.3887002029137313,0.3887604872633873,,0.38854694870909806,0.38797005714983623,0.3881901910457713,0.3895904280473086,0.38839597004345516,0.3886002334968327,0.3880287859250243,0.3872356310669114,0.38823607230289847,0.38827153088774724,,0.38841888060720003,0.38915292311236666,0.3892709690609179,0.38884444837793913,0.3891330117003556,0.38909501315239614,0.38873736728874014,0.39004940184736214,0.387421446955784,0.39019070642529363,,,0.38887996088586246,0.3888130976117539,,0.3878695446507734,0.38815071690442715,,,,,0.4052546910159741,,,,0.37691774668139677,,,,0.37793333274527213,0.37847615747478797,,0.5141338318122335,,0.5133238017707918,0.5143208887036915,0.5132249428064147,,0.5141457233462049,0.5139948886689877,,,0.5124288620609505,0.5143149317829883,,0.5132198407876515,0.5152106817276579,,0.5147895724913125,,0.5154881933475001,0.5146346140667489,,0.5132584325575422,,,0.5141990476659734,0.5153351121677612,,,,0.5145277278110347,0.5147085853076201,0.5140045571271078,,0.5147120417322423,0.5141606038780061,0.5139971296983727,,,0.5142658081215372,0.5027905161633248,,0.501271064271334,0.5014728924799614,,0.5021678014916313,0.501825995674632,0.5023707144890452,0.5028281404108161,,0.5019659500265237,0.501831287735492,,,0.5001155268393556,0.5037558271709284,,0.5019468100821609,0.5034945614870707,,0.5032222444578945,0.5024988879125856,0.5026240614947349,0.5031218937786535,0.5009685963858452,,0.5000134556122933,0.5019274618133951,,0.5037946982312929,,0.5035616306829257,,,0.7191023329149115,0.7186228265469632,,,0.7187137709752347,0.7183314254379557,0.7176355282683959,,,0.7128392566352164,0.7122545875828187,0.7136563324596933,0.7138384078695427,,0.7149741171930225,,0.7131035943076577,0.7141900048284648,,0.7138220286848567,,,0.7113321435359712,0.7127106590825673,0.7165725265223286,,0.7159921218127357,,0.7179726850573784,0.7167325207187937,0.7172799879781847,0.717374331009529,,,,,,,0.7163789706893414,,0.7188311242047195,,0.7177910174527928,0.719170373491409,0.7177265191229475,,0.7165639159254741,0.7179371373953485,0.716997237290826,,,,,,0.7178945616475515,,,0.7133602997172543,,0.7145707301465696,,0.7150317720104878,,0.7147437759456686,,,0.7130068265629573,0.7146523640640776,0.7132454174342717,,0.7126463484014677,0.714365405821961,0.7137274068482653,0.7135539862563905,0.7156282509882248,0.7112685802584408,0.7152452074923953,0.7145867919029689,0.7122255309172357,0.7134310152082909,,,,,0.44879422426006044,0.4493750317959183,,,0.5199065122411971,,0.523317449556202,0.5207175903812914,0.5203774581234202,,0.43677660784401323,,,0.4372972558106153,,0.45783127351709013,,,0.37974131182571763,,0.3792386897594792,,,,0.36786772401323925,0.36797779341763853,,,0.27479036762848674,,0.25059309829424853,0.2006635812844878,,,,,0.13946357708436374,,0.1388260481630439,,0.13925707987926106,0.17484378908672527,0.13950113228605887,,,0.0843120022904306,0.11444501909432173,,0.11494416623660995,0.11450297424506718,,0.11453418334248389,,,0.11469348658926186,0.11420811240113139,0.11465300568036861,,0.11466716373974083,,0.11491526439065805,,0.1146288453713481,0.11477380372197277,0.7178544599172398,,0.7176488633961466,,,,,0.030657681214397218,,,,,,0.030644138038650008,0.702351911574924,0.7030965047277031,0.702281181279264,,4.621683376879937e-05,4.6214809109422536e-05,4.599321759015029e-05,4.633635884572074e-05,4.626238595097283e-05,4.61961614705259e-05,4.610512946296455e-05,,4.631724476401701e-05,4.6279395717401855e-05,4.6239652352897025e-05,,,4.61505234964298e-05,4.6107408376334015e-05,4.609210649718619e-05,4.619845363248814e-05,,4.605319688629311e-05,,4.612942039196918e-05,4.61882694800928e-05,4.6182538837401855e-05,,,4.6248100179426225e-05,4.630925398506618e-05,,,4.6091605267692205e-05,,,4.620976761422983e-05,4.620308085668768e-05,,4.628364852961371e-05,4.632182126598085e-05,,4.608732878036778e-05,,4.625037633561455e-05,,,4.6290112605479654e-05,4.627333116381773e-05,4.6186951149103734e-05,,4.62892868789574e-05,4.609279203081742e-05,4.627506496966184e-05,4.620722877455272e-05,,,,4.6259955618572465e-05,4.624843899638418e-05,4.633686158392387e-05,,4.6272547228340136e-05,,,0.47093903033106843,,0.47049704203407006,0.4714709458678613,,,0.4715308050960984,,,0.4708579229648965,0.47047672847416555,0.5387903243112632,,0.5377703642364648,,0.538961908329627,,0.5371907642325993,0.5388034529922759,,0.538896881910059,0.5397032946920971,0.5396219041548894,,,,0.5382386520845495,0.5362575205597249,0.5370171726212024,0.5383671590297755,,0.47050272463701936,,0.47260464741954167,0.4714872540070885,0.47082009688920234,0.4714363294965402,,0.7256012255950286,0.7272295118128002,0.7265896311766591,,0.7250615467242272,,0.7253085735077447,0.7239637771723547,0.7261348506378467,,,,0.725655834383804,,0.538475259736106,,0.5386620278829466,,0.5400368057114767,0.5384703874173131,,0.5400505562735577,,,0.5395301729829127,,0.5319668788544972,,0.5369510181796261,0.7273590170252525,,0.7266062820059747,0.7298356267627232,,,0.7256256629420899,0.47166396790123744,0.47094073783987733,,0.4726161538043281,,,,,,,,0.47242718883648877,,0.4718734178977326,0.47134163883751523,0.47046274900191787,,,0.4723957214194392,,0.4711383792629537,0.471563629959311,,0.472080907014607,,0.4709603497136606,0.4711823585671834,,,0.7269765232675923,0.7266944832358929,0.7293918811458628,0.7275497097981697,0.7264977054952074,0.7291434955373126,0.7286958321148332,,,0.7241278631771562,,,0.7267098898492859,,0.7275414493863356,0.7268631160730747,,,,,,,0.7302092843561098,,0.2832416262975973,,0.283035439250956,,0.28300665300401345,0.2827522063638927,,,0.6432132773214687,,0.6412409136381687,,,0.6766665653745312,,,0.6784101445091021,,0.6779431132176517,,0.676759282369036,,0.6766976043901242,0.6770264186469912,,,0.6786619632829883,0.6776360421020753,,0.6773081176173701,,0.6760862117317581,0.6771052369028585,0.6788157098165581,,0.6796280943469516,0.678386579503478,0.6762423902878455,,0.6793957579703801,0.6774931456236981,,,0.6785289534065316,,,0.6766136362547502,,,,0.6784724219677731,0.6787541154452195,0.6785695634027918,0.6751239354858344,0.6769730216128534,0.6770309299929566,0.6775037518295801,0.6782274214131745,0.677662614519972,0.6773502087789792,0.6778591314338632,0.6769328891084261,0.6766336078018025,0.6768730203878333,,,,0.6783692579814518,0.6784908535157621,,,0.6782161618613768,0.6760328763346591,,,,,,,0.6762184690381954,,0.6777742073350443,,0.6775596778355685,,0.6764173697731454,,0.677331259484991,0.6779470749681364,,,,0.6776173695379113,0.6779204880797175,0.6788908172529758,,0.6773884228439343,0.6769485629626647,,0.6793881088653237,,,0.6763759181964268,,,0.6772471670424253,0.677304359470874,,0.6781707180498672,0.6786331926571004,0.6769637068980208,,0.678350430958078,,,,,0.677971475320268,0.6772902251676782,0.6788630905310912,,0.6761526415496745,0.6782979559278399,0.6768813492358433,0.6792368515704852,0.6763460649168125,0.6770337824597953,,0.677113426318814,,0.6772903110655863,0.6758362025645506,0.6767039129663964,0.6764838810805077,0.6777570985180812,0.6776547629893657,0.6762629708828256,,0.6780389443569792,,0.6769480865715228,,0.6781748786236131,0.6789508652364167,,,,0.6783737827994339,,0.6774345496257866,0.6782347160238962,0.6789095941280833,0.6777213762998391,0.6758689010002619,,0.6799997078320059,0.6793677877862351,0.6753592874281766,0.6767927818161688,,,,0.6787985297184816,0.6773827770650069,,,0.6775660840839016,,0.6779413060397849,,0.6769849354946434,,0.679649290529719,,0.6802715669899573,0.677700320399941,0.6771892478649536,,0.677429295478946,0.6798424263139975,,,,0.7103364910541388,0.6262369172057987,0.7813641519714257,0.7417894237835952,0.7433963190744685,,,0.791661234393665,
7,5,DG_10pct,20,Z12_F09,12,3PH,216920,215932,True,3188.776225130859,3175.5284162650737,3202.92670153301,3265.483592495879,3268.0686605371025,32.964558566172606,31.237419122247243,3376.015465280429,3410.6479864503517,3415.319335366406,3425.236790434994,0.01266385350629901,0.004163019267852677,52.95850362307471,48.98993117568658,33.60720250725965,26.171860057492523,9.919523007091774,51.413708924053736,40.39726338556368,,,0.782304366052008,0.7836060548022618,0.7857231838088957,,,0.6628923869757056,,0.6639525830714177,,,,0.6736644146880452,,0.6729213670470908,0.6735330453289712,0.6709479903277316,0.6735969762970496,0.6717680872019433,,,0.6659742131164547,,,0.6661025409244811,,0.6568562798421664,0.6564001240617526,0.6674622537940155,0.6683278373120197,,0.6699996476699135,,,,,0.6163919272733299,0.6161153749974735,0.620409640429204,,0.6208887629338108,0.623343217021836,0.6220029625312151,,,0.6212784432693698,0.6235941597574735,,0.6218378187063347,,,,,,0.6218084044161405,0.6236014596620322,0.618533308146545,,0.6201963260862019,0.6198447018709514,0.6158772355048064,,0.6134684383989711,0.6132521899893405,,,,0.6150022240870894,0.6150653565391082,0.6150681023156798,0.6145002521336766,,0.6155838024397663,0.6131965184269805,,0.6140897225627446,,0.6152091203531306,,0.6130705871542476,0.6136222429190618,0.6145022828843913,0.6122801403077357,0.6161666643260532,0.5861600762550611,,,,0.36448502370052227,,,0.36406464634162655,0.3629695648652459,0.3646498834345932,0.36948206139928436,0.3677465643987617,0.3685885165109728,,0.3691816595180319,,,0.369488475063548,0.36987697507315337,,0.3676744966205879,,0.367849513612912,0.36895106904208036,,,0.36764705090482197,,,0.3692017245107643,,,0.3679756623112307,0.3693989146871713,0.368188463201466,,0.36845148223920376,0.3685000332821886,0.3688429422909468,,,0.36892337746046416,,0.3681301789797721,,0.3678978458105143,0.36839451152663766,,,0.3678925777443261,,,,,,0.3681076239880127,0.3686548008346589,0.3688893669998363,0.36875285467709557,0.3692064002571342,,0.36700165162002085,0.36816070839783743,0.36724253011645236,0.3691889352704599,,,,0.368997425699952,,,0.3680672634624976,0.36900421622347634,,0.36847776619599665,0.3681718575308747,0.369010283854653,0.3683218546231281,0.3688807024838824,,0.3683306777130267,0.3690750785101265,,0.3679858534690693,,,,0.36692797959423507,0.3673726687359112,0.36862432622904107,,0.3683205877853353,,0.3684897742934516,,0.36908802906329724,0.3687838531580385,,0.36932213082629745,0.36879420699866644,,,0.3694378938491983,,0.36837777180844916,0.369390517710139,0.36980290292331974,0.36837593673096325,0.3687493620501032,0.3683192896770806,0.3709110693289464,,0.3693435541789296,0.3688628530761566,,0.36921013882855935,0.36963251877206393,,0.3687080351422307,0.3689388232554064,,0.3692244024316209,0.36958704708362866,,,0.36880937110230577,,0.3685745574589076,0.36913684223571047,0.3688480106820124,,,0.36977896952978334,0.3698183033070149,0.36939784961439404,0.36943401294752937,0.36861376187254885,,0.36861215923413587,,,,0.3693450260691442,0.36898913376160547,,0.36863254425244024,0.368231420459225,,0.36789734352299713,0.37010446355317894,0.3690009949850182,0.38137283419097423,,0.3806347951481762,,0.3582263813618955,0.35790152688692045,0.35778341224685317,0.35629220475409423,0.35786066980752124,,0.3570168701998533,0.41785096113684617,0.41852920704625535,,,,,,0.41825020739770674,0.41761957018714063,,0.41804416772201686,0.4188835990792256,,0.4179970207298371,0.418408651469391,0.4188372544819757,,0.4189078253239678,,0.4183450917929478,0.4184461721333439,,,,0.4181681272329089,,,0.41849159608030906,0.41757829533227836,,0.41845994032781964,0.4180573147331211,0.4183477884587355,,0.41887409266708436,0.4175341356736833,,0.417802771263396,0.41832861971442303,,0.40512070555999485,,0.40535800755643187,0.40690202764091365,0.40530009812084045,0.4067235581303122,0.4064433406393838,,,0.40574866457632014,0.4052970370030141,0.4062502905000656,,0.40628975982874793,0.40621656494271585,0.4065047091469974,0.4061466671528721,0.40615174052243824,,,,0.4080218609094911,,0.4052696250509201,,,,0.4062706315069382,,,,0.40739002780881406,,0.41787415301289055,,0.41714988337786824,0.4179653769725589,0.41848446345013685,0.41751357966766456,0.41700813277826454,0.41706085747884014,,,,0.4061975873250094,0.4047167225965932,,,0.40426406385220814,0.40588255906383514,0.40551427544343843,0.40535890247630346,0.4056548960050937,,,,,,0.417430942694678,,0.41746564950719184,,,0.41581999459557945,0.41706671879775203,0.41726099361300845,0.4172246563454241,,0.41791789507980176,,0.41745915039294035,0.4177048737793263,0.417813692541815,0.4180139929195164,0.4175610712544751,0.4183112325981688,0.4166836105061389,0.41708480429348466,0.41787622540986713,0.41843390843763056,0.4181698426418896,0.4178646883117546,0.4174596755512264,0.41741379348329744,0.4172974606382678,,,0.4168991542610817,,0.40483676718174494,,0.4050915156994145,0.4051745287698724,,,0.404087632649018,0.4043540579708837,0.4052466907991759,0.40547787708838146,,0.4052964286824701,0.4052696312445661,0.40535473136420136,0.4060320145001943,0.4054952552446478,0.40533572499583165,0.4051680778117395,,0.4040856023066405,0.40408428725880796,0.40410380705232485,,0.4053364104627704,,,0.4057627080659378,,0.4052324456604181,0.4255896434008638,0.4254410086051816,,0.4248320986500293,,,0.4253074214134302,0.42533119736776276,0.42478556752126984,0.41603586587367836,0.4160705367477187,,,,0.4164723386407487,0.36158559013191394,0.3601231402363115,0.35912406775514133,0.3578315726103173,0.35721833593025054,,0.34954196932423787,,,0.3406180341220619,0.3404180465498676,0.34028390185208407,0.26183721563170387,0.26139347998959644,,0.17964381241514554,0.17954597451197718,0.17994358539077226,,,0.14276017402269398,0.11319038822638819,0.1132196544329695,0.11287131869911779,0.11277122173124263,0.11312780172975372,,0.11346005246905655,0.11282276753565995,0.05698740155234192,0.05709735190692099,0.08825273317400385,,,0.0880463428547438,,,0.08819063296717469,0.0881897435444246,0.08815222735763832,0.08801204246067598,,0.08827896479073885,0.08833939614446022,0.08796793594446951,0.08816384127752508,0.08824932305759697,0.08793458248019483,0.08819230480528129,4.753312829829828e-05,4.7528807174844254e-05,4.742759759436672e-05,4.744055202263528e-05,,4.714349331043081e-05,4.762357794028166e-05,4.7586183428657735e-05,,,,,4.76422403330747e-05,4.7671672934598674e-05,,4.757828388960753e-05,4.758522681762392e-05,4.782448095447229e-05,,4.748272584074845e-05,,4.7499509831810884e-05,4.7506082743168154e-05,,4.731805421936289e-05,4.732762223985748e-05,,4.74525448444481e-05,,,4.7462428219925286e-05,4.746839746113945e-05,4.7449690437843846e-05,4.736388301108141e-05,4.7546751307359745e-05,4.733737614491015e-05,,4.7308106345519544e-05,,4.753685348735071e-05,,,,4.7507616933594784e-05,4.746626330693842e-05,,,4.7510650473378785e-05,4.748243420587794e-05,4.762136864954678e-05,,4.75281884709232e-05,4.73384223189052e-05,4.747268743228155e-05,4.740482027706746e-05,,4.7449240136826344e-05,,,,4.739998225182583e-05,,4.764575783792012e-05,4.757330514619043e-05,4.744833868766075e-05,,,,4.752277438952289e-05,4.74986580251988e-05,4.7507397860093996e-05,4.747397257471163e-05,4.76340737322715e-05,4.748199936437696e-05,4.7524204351308594e-05,4.7552505980912315e-05,4.7428927412851275e-05,4.749255827291175e-05,,0.44760513305075633,0.4461386731108604,,0.4472299693327434,0.4474971154341788,0.44537092664196015,0.44699177467746876,0.4472346152607829,,0.44649210263965255,,0.44616877390984255,,0.4460565641190605,0.4466167448591204,0.44792423365872447,0.4452569847817755,0.4465112508995556,0.44707777697056206,0.44600119927925974,0.44643588251981486,,,0.4450424677795567,,,,0.44586876725611846,0.4460480430365596,,0.4472718648316002,0.44679145469029474,0.4490710415003,0.4470365614186833,,,,0.44683530997886656,0.4458997347016946,,0.4442195854591458,0.4463476946315473,0.44595954404654703,,,,0.4460764947544884,,,0.4466864674928497,0.44489713507464246,,,0.44623138458673306,,0.4451412493890232,,,0.4467032768026055,0.44562139903058257,,,0.4464627990306165,,0.44021956830224784,0.4440777206514826,,,0.44618737243659223,0.446332624483972,0.4461988624904575,0.4447858531198155,0.44629640602613124,0.4446139428717843,0.445607041426989,0.44792152894958803,0.44516228044187367,0.44872046123755577,0.44624857237188614,,0.447469551359201,,0.44762267234847136,,,,0.44651814764196346,,,0.4487411724597337,0.44681656471208536,,0.4460414371588812,,,0.44773216389037407,0.4457466422611227,0.4465446531968879,,0.4472018645095376,,0.44538118988497893,0.44591999398051996,0.44612076793699945,0.4450815626630922,,,,0.4463264355384446,0.44574078142403495,0.4449229135821454,,0.443969057350623,,0.4450703174734418,0.4464339753586904,0.4453228812929287,0.44655442720242733,0.44439987449813934,0.44706462917854195,0.4463274310571494,,,,,0.44532476522059977,0.4464166434328716,0.2613325376941947,0.2605049524157138,,0.2602965505341471,0.26103229915223863,0.26040613700057197,,,0.6315334461750383,0.6312979305159754,0.6311453020992969,,0.668709251594956,,0.6655295124549964,,0.6680636680171822,,,0.6677775781965316,0.6660036800202979,0.6680486065669001,,0.667544496131389,0.6696881509284192,0.6685167416601289,0.6672538729659307,0.6666746805267941,,0.6664033851451814,0.6677594613451796,0.6686961671234556,0.6676027740728334,,,0.6675193332026599,0.667158647040504,,0.6680480201836002,0.6687624800413987,0.6665419307961324,0.6651300509138413,0.6673538355439492,,0.6677390770525211,0.6663592972227393,,0.6656186433412801,0.6663097882530343,0.6672865708723509,0.6667314192774537,0.6682323536726485,0.6687824412799027,0.6662528316486043,,,,0.6675369652788878,0.6654077720452084,0.6666265137187877,,0.669512627924433,,0.6686838250310053,0.6680192212387048,0.6680023751422297,0.6665988925830797,,,,0.6678981468671913,,0.6673215295892247,0.6674555021526878,0.6670631547695544,,0.6669296941688707,0.6695073281522972,0.6654772044329219,,,0.6679402753090128,0.6668949806031471,,0.6690632455511918,,0.6689108371305929,,,0.6687049319310666,0.6668732627256104,,,0.6673929832607681,,0.6694943693498944,0.6671546078535903,,,0.667889573943485,0.6674050073768736,,,0.6686488770943597,,,,0.6681704706712082,0.6703197376589943,0.6700203735450586,,,0.6685133057252747,,0.6683886682541375,0.668689398625639,0.6679500511145364,0.6670385429695108,,,,0.6673647131988205,0.6681150331428983,,0.6683665208853691,,,,0.6675832188075825,,0.6680103241195559,0.668584195868145,0.6665523341203003,0.6675717147109591,0.6674838890027952,,0.666420299839369,,0.6666048994484096,0.667517938564189,,,0.6672332294486021,0.6678875478230649,0.6682309874385277,0.6681699078244754,,,0.6666820921971567,0.6680477773200243,,,0.6677994294835207,0.6668671432397862,0.668033484488026,0.6690036711562147,,,0.6687439599088952,0.6667834552451519,0.6667294973371503,,,,,0.6671804955759074,0.6669906868788048,,0.6684317977090414,0.6677494297917451,0.6691749255023071,0.6692498289952732,0.6698355149336468,0.6657949518513393,0.6675123228582909,0.6674034520053629,0.666956038350852,,0.6679251657674558,,0.5927695836235526,0.5936862546913452,0.5940115524301376,0.6338405265769879,0.6342242856988575,,0.6731460847515551,0.6696992811049244,0.6715025549353397,0.6714987339312429,0.672677744050398,
7,5,DG_10pct,20,Z12_F10,12,3PH,182908,182152,True,3063.9626011614378,3070.4242226250185,3106.8464237191024,3189.1592311613085,3157.0702215035444,34.47393638892912,32.54281295078724,3271.971630965018,3299.3439377462187,3319.721686251549,3335.1242537773132,0.01229036850210987,0.004064989160932925,53.342534578492184,49.75719251327081,34.81242371991045,27.30792370666244,10.409638602332672,54.147636720508444,44.54274939376967,0.7872522050041827,,,,0.7894131115942932,0.7901830479104038,0.738472319227595,0.6736549269749167,,0.6720830621305371,,,0.6785436493126064,0.6826980592180523,,0.6815428228579196,0.681327546488435,0.6819224702015884,0.6799402607465438,0.68098291891915,,,0.6738818012909314,,0.6753488452954544,0.6739217818535299,0.6657040204032246,0.6632197370122769,,0.6744313943683553,,,0.6765597995653666,0.6778274657439907,0.6754856428270686,0.6539271001797623,0.6257530305938626,,0.6268608434841192,0.6299390969718947,0.6313206921208092,0.6302932509900678,0.6343172153307558,0.6329327196885529,0.6324529128784246,0.633180214704702,,,,0.6336781176120188,0.6345243962642457,,,,0.6328848318549102,0.6333218431800198,0.6335761747186943,,0.6297033776652469,0.6307815053971085,,,,0.6251266028974714,0.6252613760274546,,,0.6252445836755361,0.6256345938909424,,0.6267797402021874,0.62553365524409,0.6237862862344086,0.6255864672442206,,0.6255312387489901,0.6255776070516937,,0.62628662319105,0.6236038196455811,,0.6257335841633119,0.6256146494133482,0.6239712500225741,,,,0.5986996399062969,0.38399420778934706,,,0.38284495448837147,,0.3822885278701513,0.38425731206275604,0.38804747928937183,0.3868616636209232,0.3871093931598045,,,,0.3876581107695266,,0.3871232880023055,0.38694391959108254,,,0.3868778696992776,,0.3864093859361256,,,0.38725349390292874,,0.3858878442234065,0.38651065739337626,0.3863555091239644,0.3866274875617493,0.38614339086985056,0.38700318163523634,0.38784169317673556,0.3868789983037334,,0.38781376565654574,0.38618499948914475,,,0.38630624091627375,0.3876178858800864,0.38753552506849603,0.3861824313938121,0.3860473208520126,,0.3867077502038518,0.386675790982888,,0.3857680801072537,0.3874980651710212,,0.3862223602490968,,0.3869437674030719,0.38605618467378156,,0.38737018288850417,0.3868128182712501,0.386614351534424,,,,,0.38652985637177273,0.3872351426826808,0.38775814380332163,0.3871610874931973,,0.3860391054188401,0.38697666948456694,0.3871074553402979,,0.3873337213458312,0.38573810479700416,,0.3869709962972694,,0.3863460498544288,0.388217567326666,0.3862082688502321,,,0.3865370512730439,0.3863426116285601,0.3863910888009432,0.386688107126977,0.38802270862962457,0.38650597824510213,,,0.3861293109244452,0.38716014045095926,,0.38626561634694445,,,,0.38720396763760706,,,0.387474309972999,0.3877517168136714,0.3866930319403972,0.38869573166959115,,0.3881051210424785,,,,,0.3875385188616722,0.38850762953007323,0.38861179570182847,0.3886249177080743,0.38803272837050173,0.3883080428668823,0.387104565499447,0.3865728541440466,,0.3877376468744759,,,0.3877548513747675,0.3879957800002683,,,0.3867096990669899,0.3872778881632699,,,0.38818565648624515,0.38727721818581673,,,0.38725334985816134,0.3882170016289103,0.38643765332705,,,0.3872623367299864,,0.38755733781932106,0.3878652240133824,0.38760644087796753,0.38716696839497167,,0.3880820476246923,,,0.3989987872007092,,0.4172115265023828,0.37713502303840185,0.3760749504202976,,,,,0.3763326811193042,0.43599223826363953,0.43522119178773583,,0.435074959796026,0.4342776113174869,0.4350041392639606,0.4348078101528757,,0.4362839730066248,0.43510737114503756,,0.4357353640319093,,0.43564285584801926,,0.4356752967950684,0.43551663171664134,,,0.4343247283824231,0.4344635966704055,,0.43391708661463774,0.43451454723950855,0.43544406797562174,0.43556133597144625,,,0.4369563386770413,0.43469892873274196,,,0.4351973188431191,0.43464973700746434,,0.43561513725495143,,,,0.4351314826770294,,0.42318268134353443,,0.42328450375802,0.42400790441515895,0.4228209869324745,,,,0.42366741710818623,0.4229258902534609,0.424492661800131,,0.42472262148003387,0.4233241854583297,,,,,0.42327443986575386,,0.4231320237657434,0.4240074424116497,0.4236177960283594,,,,,,,0.4230050350191258,0.4222496223755416,,0.4356956958569292,,,0.43350651734919676,0.43449357049245196,0.4347671447666221,0.4351056497209198,,,,0.42392513542388904,0.4234949688616216,0.4227109709526386,0.4221888142291818,0.42304783718959893,,0.42245340347579374,,0.4222960726636246,0.42298042841888966,0.4230739533247811,0.4220394135601222,,0.4222640489409068,,,0.4346151911296728,,0.43378480365705163,0.43400269941320624,0.43493863377872877,,0.435143331685114,,,0.4337775430052165,0.43466994866602077,,,,0.4346367904035491,0.4347007818211394,0.43409631182140096,,,0.4339170740962813,,0.4336005579075931,,0.43362518808050554,,0.4347963862427991,,,0.4341567810528544,,,,,,0.42172352896171555,,0.4214067588436879,0.4211065727414269,,,,,0.4218759775772878,,0.4219141161990062,,0.4221448517665657,0.4237431194978547,,0.4229138734627092,0.4223924985410797,0.42348963010311236,0.4234738461851723,,0.42338592770882655,0.42210312232362956,0.42247268543402783,0.4233351665521091,0.422307515595747,,0.44135131858723703,0.4403949719054319,0.441870163149233,0.4418689555985976,0.4419000641538309,,0.4403127223278864,0.44211359333043126,0.4327838601705297,,0.4318753354430825,,,,0.3786191217792269,,0.3786399931723024,0.37561172428787537,,0.3769534349799855,,,0.3686669783565198,0.3571419455870951,0.35802818370202794,0.3568810270773966,0.28284391267634973,,,,,0.20398697528910953,0.16789330685282486,,0.16746544275826603,0.13894036417664013,0.13875800682466377,0.13883243557391534,,0.13849512872638006,,0.1388089123386349,0.13904197091278409,0.08425066747197006,0.08456424812260561,0.11462763358564039,0.11439140148927734,0.11436768301134306,,0.11441537662348239,,0.11441734732416059,,,0.11439169642099063,,0.11440100991079004,0.11399327328175979,,0.11446307214169407,0.11447091680966075,,0.1145934398571068,,4.616409884625724e-05,,,4.6142197643052416e-05,0.028730352249975347,,,,4.6178012679868166e-05,4.636189627990801e-05,4.627732537771356e-05,4.6323764289914516e-05,,4.62344650034952e-05,,4.623226314894374e-05,,,,4.603945808938546e-05,4.6097030460729245e-05,4.611694503428942e-05,4.601919824840556e-05,4.607325890318856e-05,4.620149489947937e-05,,4.609756448806615e-05,,4.6016707115406106e-05,,4.619730777519924e-05,4.616611823914492e-05,4.606895320151045e-05,4.6078840031306e-05,,4.607541444266604e-05,4.6260828341505015e-05,,4.5938633120288915e-05,,4.61354680967531e-05,,4.606423221880759e-05,4.617802210215139e-05,,4.611122251754925e-05,4.617813755884554e-05,,4.6059139115552507e-05,,,4.6295764507592015e-05,,,4.616035503007301e-05,,4.612153902423276e-05,,4.6069698153045957e-05,4.617109884699281e-05,4.610613625394375e-05,4.607781939538958e-05,,4.62030693666483e-05,,,,4.625440502010229e-05,4.6157942976487285e-05,4.610379252538919e-05,,,,4.614792790052477e-05,4.609598462899757e-05,4.62486420730166e-05,4.613255692924533e-05,0.4620221344492374,0.4627425226372201,0.46327325692076227,0.46174313202126466,0.46304405113100633,0.46256514717071334,0.46267143307637815,0.46158083163011193,,0.4629987528543222,0.46262616952118923,0.4615908061864196,,0.4607003646352829,,0.4628154010591488,,0.46213785189345497,,,0.4619162814382683,,,0.46214096578642627,,0.4618399608388028,0.461292930343198,0.4611720974638301,,0.46067387798495474,0.4624878644376182,0.46270868798294873,,0.4630790991976084,,,,,0.46384974651742583,0.4612075433271755,0.46068358868054365,0.4610969586850174,0.46214580910635156,0.46091325575046216,,,,,0.4603702592527597,0.46173901916159227,0.4609596629039071,,0.46133230720519974,0.4610517532336382,,0.4614574409467527,0.46111186090723516,,0.4624056255513558,0.4627622826885605,0.4615793161806376,,0.4626664681336076,,0.46415370529824695,,0.4614491221109023,,0.46150693725443676,0.4612991468851561,0.4622802866912934,,,0.4610624424345537,0.4616873276948942,,0.46314355244336713,0.4613678724651077,,,0.4619631647830743,0.4623117472598494,,,,0.463205480798184,0.46343305829964077,,0.46363423203580284,,0.4633368914504611,0.46197719341539495,,0.4632971037957806,0.46429454065103903,0.4623097498656998,0.46438967554687305,0.46336782671285026,0.4637021433578947,0.46226804117567455,,0.4633273277630735,0.46137316290201885,,0.4618030005643122,0.4618844613779118,0.4618937890885071,,0.46179618908200737,0.46196582816603443,,0.46259401309624526,0.4601866258560933,,0.46184960386464896,,,,,,0.46094700726173266,0.4632057463548299,,0.462566217846533,,,0.46239695034509576,,0.282019948400939,,,0.28226188923722173,0.28277599608876747,0.28264454187295973,0.6470068273819036,0.6942013607524218,0.6389675101390054,,0.6409857476292565,0.02868704682168481,0.6763566319517927,0.6769632796484862,0.6754257687493784,,,0.6770970328398124,0.6751361627252204,0.6758221456942862,,,0.6762993041763555,0.6762408030319128,0.6767650669924207,0.6765897440196774,0.6760890708219172,,0.6753471400254725,,0.6757436678536315,0.6766675331411257,,0.677045015445448,,0.6751678622735376,0.6742241908526119,,0.6752879370212351,0.6752623750294038,0.6760211237358738,0.67307719129799,0.6760060962424274,0.6751589775584055,0.6770709124155955,,,0.6747582984840612,,0.6754617529058639,0.6764834118010222,0.6760517081193009,,,,0.6768678344318356,0.6756146691481763,,,0.6762632459581196,,0.6770669419582266,0.6760275786984871,0.6778538872373254,0.6778714235818893,0.6775252692368322,,,,0.6792326663768041,0.6779377894964772,,0.6775503065451399,,0.6751945549616183,,,0.6762484079361404,0.6764756092106493,,0.6781453512050641,0.6745603884586098,0.6762599848128906,0.6769956169337958,,0.676171150227356,0.6765129645799376,0.6749472358893183,,0.6768211103145774,0.6778711790409242,0.6754430861687851,0.6750208142024791,0.6777242152121453,,0.6754889377249516,,0.6765977882904658,0.6745010482286771,0.6774014282398261,,,,0.677691897078725,,0.6739965356512705,,0.6763083028846315,0.6788640836669032,0.6764955044820292,,,0.6759403113821121,,0.6773662661038266,0.6752014718029036,0.6776926226270111,0.6772833422420681,0.6747526913528974,0.6756224213734109,0.6774780493705724,,,,0.6755081290041092,,0.6773572749051042,0.6766915766058146,,0.6765123364031456,0.6752602374996982,0.6781480627632719,,0.6780839180799269,,0.6756868308877733,,0.6758500435874775,,0.6764927120262355,0.6768807716148261,0.6789533185773731,,0.6767208690064944,,,,0.6756623762610748,0.6754250061454697,0.6767868044662293,,,,,,0.6758972426198165,,0.6789777479944598,,,,,,0.6764948407927651,,,0.6766179685902345,,,,0.6769188140841655,0.6788577586927825,0.6770896521024345,,0.6773979197978527,,0.6744566803300328,0.6758175721232574,,0.6772528103827291,0.6037013721220954,0.6036839217159715,0.6054677197839278,0.6441122233761355,,0.6445579632328348,0.6817251272108319,0.6825594478738706,,0.6795988146916921,,0.6804218958622862
7,5,DG_10pct,20,Z12_F11,12,3PH,182907,182153,True,2964.614721819676,2974.1523085555223,3002.0484796517776,3089.0227885164804,3071.6585037145805,35.56956666619801,34.084802392098865,3191.0369328566208,3197.402262694057,3227.5285206442495,3227.210063854647,3256.6935005496957,0.003958152617303733,54.14640227552463,50.17433989286652,36.08294544592177,28.86287421162987,10.909592842808822,57.27679459441306,49.306538847594794,0.7899297964784012,0.7916786169031268,0.7921647582798889,0.793936955399428,0.7944755582068271,0.7920343331771845,,,0.681349884727004,,0.6825205063897007,,,,0.6914749818770534,0.6882288312109015,0.6917129605596529,0.6903088683661549,0.6914169344472656,,0.6820333447648527,0.6827269651020145,0.6819738465530508,0.6825492008614202,0.6836382761349239,,0.674744899038279,0.6753130699925269,0.6753328497601113,0.6864326886519364,0.6856538215665355,0.6848474375857957,0.6838706458807702,,,0.6630687591838782,0.6350625508115691,0.6372009107459554,,0.6423315609742298,,,0.6442454258197243,0.64282662258164,0.6440033788257067,0.6447540789334409,0.6442745498867914,,0.6440052389460686,,0.6443021976254744,0.646053112558209,0.6435887331951378,,,0.6444310952805223,,0.6392478720894162,,0.6421415789368351,0.6409566340958999,,0.637493182263122,,0.6359914785235776,,,0.6353407533122271,0.6354891305585233,0.635713303604913,0.6350744985413024,,0.6363717922941219,,0.6368185522806674,0.6358047854705177,,0.6393404076220136,0.6374605783608738,,0.6369508306539404,0.6369681572113716,0.6369776913706838,0.6366194402694743,,0.6092246064534731,0.6104035638246385,,,0.401672647698869,0.40172446375139276,0.40266366508218443,0.4021392217838743,,0.4033483244300503,0.4068660550417335,0.40626467772527675,0.40724460294561016,0.40554622332394613,,0.4070676087786522,0.40781066030962443,,0.406302544405528,0.4065184106839855,0.4065701375678952,,,,0.40771589148780957,,0.4059977705274616,0.4072069429922921,0.40730039144533065,0.4066216361983108,0.4087073940655404,0.4067867685978461,0.4056641073858605,,0.4071826521990198,0.4063139936550132,0.40657337754717865,,,0.407524428992185,0.4066453183823128,0.4060853841452917,,,,0.40650627444031623,0.4062948015316685,,0.4069941403651211,0.40628880428448233,0.4064443815754193,0.4068839674003214,,,0.4068492619113849,0.40606641501483565,0.40628896804834747,,0.40597166519408534,,0.4082240094586188,0.40647871269630376,,,0.40612083877640925,,0.4074471541213557,,0.4064855611484568,0.40551295643897856,,,0.4071112680233609,0.4069274440455925,,,0.4074581700744784,0.4050609533357302,0.40672316976742734,,,,,,0.4062253421722849,,,0.40625034173646946,,,,,,0.4052554524900164,,0.4076999134114086,0.4064555560815346,,,0.40706765991284183,0.40692616397686154,0.40640944184749783,0.40794551928450656,0.4074181412159058,0.4073531278399867,0.40684174645757953,0.4075601493186171,0.408474449027977,0.40892900903385787,0.40769352223731087,0.408284769237348,0.40805098454329336,0.40673389394463616,0.4080602203117428,,0.40762589354369577,,,0.40764422393943117,0.40820968910214706,0.4063536190381051,,,0.4069980582397601,0.4073190604189245,0.40488913912855423,,0.40759208307439054,0.4077331389798874,,0.407868077307334,0.40699480133852645,0.4078413611838298,,0.4069689418473079,0.4079336430533455,0.406900501686723,,,0.40840450021907776,0.4064358107754319,,0.4072331326457012,0.4077590116061209,0.40614842261733497,0.4062658542980696,0.40656413521587886,,,0.40657096162624573,0.4073126955873277,0.4154004902783483,0.41604951636945214,0.41504653118418117,0.4364307344385725,0.39546074727539327,,0.39649091721055024,0.3951556894872817,,0.395753398833071,0.3951034661060474,,0.452780054116303,0.45263856508214667,0.4522324249290147,,,0.4533556916833114,0.4512069511089486,,0.45279084509679307,,,0.45299953603269794,,0.451671026024618,0.4537249878928946,0.4531109785694367,,0.4524101165694413,0.45321338559419044,,0.4533220687244436,0.4526466070838297,,0.4523670594828159,0.4532984903349054,0.45178090241075103,,0.4532804981756809,,,0.4523599587079506,0.4512351415051028,0.45169306358375233,0.4526384167135777,0.4524271864693576,0.45214358168421,0.4525328250598047,0.45135094602574666,0.45210521090176947,,0.44176897008989713,0.4417441293164644,0.44145345325254565,0.4415890564169329,,,,0.4413608276003153,0.44318703055374653,,0.442201790230053,,,,0.4417646802847667,,,,0.44190558927777795,,0.441135304523904,0.4431808289573942,0.4405664600587855,0.4407135219895553,0.44196452080088117,0.44191016701372043,,0.44175894445031494,0.4434237881424923,,0.44073932105227964,,0.452399718898484,,0.45155510325734993,0.4523302283382042,0.453036563561281,,0.4536339658580958,,0.45277968451250844,0.451669297449112,,0.4400876482658465,0.4403787143874553,0.4396158439270895,0.44026404297735244,,0.44018665179889127,,0.43928730718075965,,,0.4404735994065822,,0.4396591830863276,0.4400067670641627,,0.45262380669148783,0.4517233788611928,0.45255800419323955,0.4522414873550756,,,0.4516080487969416,,0.4507095007685778,0.45231654184708514,,,0.45212943859273874,0.45159544664368917,,0.4515622705778923,0.45294309423878065,,,0.4518699692296756,,,0.45158984872786767,,0.4523795291324768,0.4519533354477905,0.4516708845570744,0.4518296731104412,0.45225918555966554,0.45284699018714814,,0.4398406755842614,0.44034396204878207,0.44101933040283664,0.44033179775188885,0.4398222360570988,0.44168623221315956,0.4431176742948464,,,0.44090260192383174,,0.44062874515158845,0.44184217792951846,,0.4409779710286764,,0.4404306643323753,0.44059000817463223,0.4418066777095771,,0.44213839952477685,0.44078094524742834,,0.4399261629796086,0.44091729713284705,0.44097521501891873,0.4410491786788425,0.4402269827622441,0.459428997427531,,0.4601751022307999,,0.45961255482156305,0.4588850979817647,,0.4597687194772749,,,0.4494342314930036,0.4505208856598173,0.44964980255002496,0.4500408701032139,,,0.3990209517131689,,,0.3963741220448743,,,,0.38670877831899436,,0.3759440832217018,0.3765450154202667,,0.3062031071408044,0.3065438842520345,,,,0.1947595255410076,,0.19426963484439405,,0.16585886521387436,,0.16627035855801747,0.16622654336540274,,0.16625249188496505,0.16585829640564773,0.11376423453284738,0.11355163336523233,0.14231743622628876,0.14221837543536245,0.1426054683351333,,,0.1422603508942696,,0.14243574493699918,0.14193878197944337,0.1419636652453331,0.14212941809092997,,,0.14256749557097056,,0.1423810007642838,0.14239397167390566,,,,4.49104971439851e-05,4.476522613442107e-05,,0.05884683752276063,,4.4982492472918494e-05,,,,,4.508286976965823e-05,4.5098175046820166e-05,4.486718695466659e-05,,,4.4975169871938926e-05,,,,4.480653038505677e-05,4.48135536377479e-05,4.4810968364153085e-05,4.482841303394212e-05,,4.4810991717889144e-05,4.4715581259114735e-05,4.481803848635593e-05,4.484513216999477e-05,,,4.484641947118553e-05,,,4.489666225868773e-05,,,,,4.488549585749019e-05,4.473755443679999e-05,,4.483082570361727e-05,4.472160025278647e-05,,4.4763560560664955e-05,4.4798292727898826e-05,,4.4801446816180104e-05,4.481154135635068e-05,4.488354097358893e-05,4.481809460583019e-05,4.475467453329938e-05,,,,4.4797285830838935e-05,,,,4.4859272756531633e-05,4.4920395531339374e-05,4.4894967919327093e-05,4.498403815091805e-05,4.4895634192931294e-05,,4.4841122512979796e-05,,,4.472174670153505e-05,,4.486145861335345e-05,4.4981450338233394e-05,4.4856197497999494e-05,,,,0.47887889280519685,,0.4783901374590823,,,0.47838657967074055,0.479444114072292,0.4786934895542735,0.4784567851267835,,,0.47915742731957145,,0.478284472527361,0.4788491212633779,0.47752442351247926,0.47770976141526045,0.4782723183828661,0.477423205079124,,,0.47811821809831095,0.4775054456599107,0.4785119198857306,0.4780620566421309,,0.4784474437590994,0.4763827002021254,,0.4780080870544388,0.4790152091685079,0.4792163797632108,,0.47898370845966126,,0.48071558706954987,0.4798566209102491,0.4785147463960458,0.47939129678890974,0.47726878439591813,0.477565726689969,0.4788996829847765,,,0.477817545133567,0.4761742292088301,0.47773994526603636,0.47696840537185164,0.4780673451411041,0.4763275205868185,,0.4771468702165488,0.47708885446801574,,0.4780153032282647,0.4773262874978692,0.47832484427810135,0.4795754077473213,0.4788465605704512,,,0.4777153400903593,0.48055586126653316,0.48001490062495344,0.478470218523775,,0.47841110817695526,,,,0.4781295434188052,0.4777326096850671,,,,0.4772679185967114,0.4790652634408464,0.4787718054951434,0.47967345826513996,0.4804252179773939,,,,0.47937559160578314,,,,0.47865890061610156,,0.4799843986119404,0.47996505910991316,,0.4785612708321662,,0.4794657287318336,,,0.47868052197153355,,,0.479495421256555,0.4786835972124382,,,0.4785639104811796,,0.47903372933880367,0.47814795291872714,0.47891809110859546,0.4787291809866181,,0.4790438314378764,0.4776423692826457,0.4764156676132734,0.47808219540449665,0.47851369648882836,,0.47791504995106027,0.47688787395070165,0.4784427394887012,,0.47723559289119666,,0.47875609509690176,0.47803453143512564,,0.4784601760296747,0.4785970466127172,0.3057528579943374,,0.30515394448562505,0.3045733760409386,,0.30489253704489133,,,,0.6512923490497979,,0.059230967429094984,,0.6864183275702851,,0.6844850354775202,,,,,,,0.6863507911348108,0.6877649826056437,,0.6855989786565174,0.6862376753101218,0.6857883827437208,,,0.6866164634129363,,0.68575268318765,0.6871460116785577,0.6869496871502536,,0.6848312389532796,,0.6845179641642513,,0.6861201744763009,,0.6868257156421128,,,0.6831410085253321,0.6861465465793508,0.6882480740182549,,0.6878992640698941,0.6849203876133872,,,0.6848494430100227,0.6858648131854432,0.6858634825830525,,,0.6868389114649387,0.6854895758368491,0.6847073184250666,0.6866367139696153,0.6860532441099313,0.6847185014428304,0.6851781813077593,0.6856827201040269,0.687427914824584,0.686078891082193,,0.6863811393343202,0.6877729157619723,0.6862613181542649,,0.6859300524704467,,0.6877442043864721,,,0.6882768304319917,0.6848628969996919,0.6869413301408358,0.6843080580014608,0.6849521901476217,,,0.6856216505571524,0.6855951455894513,0.6877351072301114,0.6859282021722413,0.6849534685331236,0.6837447397790197,,,,0.6854808259269906,0.6855101506531386,0.6852296203670849,0.6857822307005754,0.6856233566407031,0.6857201071166213,0.6850739499291303,0.686576031399778,0.6832388103951064,0.688154843902319,0.6849799339872119,,,,,0.6857977428794977,0.6860127704904827,,0.6873572501735464,0.6869196897143878,0.6858675062219207,0.6888145419270622,,,,0.6832598663883068,0.6882210057721883,0.685437752639582,0.6881287800827781,,0.6859660031371695,,,,0.6865164316165615,0.6846998782813769,,0.6870065711687939,0.685981503362269,,,0.6854687884806911,0.6852206061080617,0.6838440523887017,0.6857900506093272,,0.6841322421279158,0.6861107101740589,,0.6861684096508427,0.6843447206872064,,,0.6853645557548932,0.6855910783514325,0.6837744399364012,0.6842881150264079,,0.683450147550282,0.6844603482744891,,,0.6865237957779119,,0.6875445550824989,,,0.6855512991439371,,,,,,,0.6885995171102344,,,,0.6842944183615652,0.6854543966343044,,0.6866911022036847,,0.6852124005310676,0.6865961669441636,0.6872971334886108,0.6152213670463907,,,0.6556030387697965,0.6548427971058111,0.6541632776128287,0.690429422685803,0.6914142166192351,,0.6895647957777065,,
7,5,DG_10pct,20,Z12_F12,12,3PH,175091,182017,True,3587.389839240832,3601.288541002783,3632.3162094976383,3681.954406712221,3668.1558205499905,27.57070066494415,25.258332951827484,3758.8923977620448,3760.871826606723,3780.09513332016,3779.3072259287383,0.014218611823806801,0.004684980445105992,49.95272842855683,46.516719119916026,27.878592905657005,20.355384042248218,7.753961757137889,39.86525123887031,21.5967333986676,0.7603829576743505,0.7588786224864237,0.759373910863684,,0.7625107192147164,0.7614312721036753,,0.6233767743191623,,0.6234055368138255,0.6254909712937304,,,0.6323771156583393,0.6322681002322977,0.6310744120679803,0.6299150221179366,0.6322070948068761,0.6335492042635343,0.6310307834224291,0.6253602927826754,0.6251463900236903,0.6247054932616263,0.6257793065656823,0.6266159394392227,,,,0.6184656017921797,0.6289553358267113,0.6271370456988662,,0.628390431386511,0.629003759828801,0.6287686103721966,0.6004526962677115,0.5743661138018353,,,,0.5745960403935304,0.5744233794349382,0.5781978776328908,0.5765364807998481,0.5773553483460488,0.5777160896805139,0.5766526284057893,,,0.5776326969861556,0.577172284543481,0.5772039848197892,0.5779596011739281,0.5773486840961557,0.5771039394599038,,0.5776269813460875,,,,0.5724273109101813,0.567006277673683,,0.5652673525528464,0.5657600666890362,0.5655336271491673,0.565806956016211,0.5686494361415754,,0.5661814746624383,0.5670512663899655,0.5674651670767731,,0.5666761513750116,,0.5672781136476232,,0.5662824481739843,,0.5686436302724787,,0.5647348585071778,0.5678251745194762,0.5665626836508353,,,,,0.2880225948953713,0.2859641805530466,0.2852834325997901,0.2854368844564581,0.2853306550144897,0.28477036535340944,,,0.28813046785450086,,,,0.2881793180797004,,0.2884436595268719,0.2889911838589558,,,0.28806706466191584,,0.2889410666800998,0.28790377668606154,0.2881202686784829,,0.28797967249711043,0.28877517277776193,0.28841413794816134,,0.2902557617899764,0.2896099228138798,0.28921995491032426,0.28869098798946846,,,,,,,0.28811709966724447,0.28852711324701397,0.2881135447264373,0.2889616502944748,,,0.2890930071598365,,,,,,,0.29001894408382883,0.28915516572275446,,0.28873797620259,,,,,0.2891669673207488,0.2880210506338619,,0.2891491723780942,0.2889374433606044,,0.28925939899447684,,,0.2884947495018479,,,,0.28870312076026056,,0.2887514405340781,0.28812584252810663,0.28793379615926307,,,0.2888557303087731,0.28852458548762977,0.2883458230230192,,0.28855008269161925,0.2880310317416918,,0.2892379123616258,0.28829869021282084,,,,,0.2885267500442546,,0.28928932731740786,0.28811586089731883,0.28878214900085875,,0.2884215132027867,,,,0.288364998422867,0.28874010654428073,0.28793262287495824,,0.2885160774808979,0.2885844286759469,0.28870165509779405,0.28875838800919984,0.28988803018938497,0.28894559507527684,0.2888429286358086,0.28887507548925906,0.2890232831928886,0.2894920155139443,,0.28903259578123375,,0.28851437211091463,0.28792334316718754,,,,0.2886902614051948,,,0.2886914721765858,0.28856011757481037,0.28952957204246255,,0.28873497465367187,0.28815910447009735,,0.28973448676886315,,,,,0.28943651528838304,,,0.2891367708661423,,,,0.28861809269333727,0.28892028946294845,0.3071522802751131,0.30739970307743186,0.30801992419466245,,0.276775114317273,0.27590070197657024,0.2754109700267845,0.27536545907650795,,0.2755266205941475,,0.3462025731472233,0.3464416978885891,,0.3464002176512483,0.3467971158465144,0.3463504847717062,0.34717420113089426,,0.34701305747632866,0.34578958919760805,,,0.3479013834758936,0.3471990729624001,0.3459448977587804,0.3468307472299164,0.34757399945024464,0.34642065303842234,0.34737317148586333,0.3469737666760604,0.3470226047981427,,0.3469983359981861,0.34594296215589104,0.3469933913225761,0.3475946693423338,0.3472866023812562,0.3466580400354269,0.3464624445910369,,,,0.3467394398100279,0.34741135328812456,0.34657238264471163,0.34760211351310716,,,0.34668164732430756,0.3469017183442635,,,,,0.3329029693700701,,,0.3330682900754516,,0.3326835747420714,0.33319252984887604,0.332114074946519,,0.33365539461209637,0.33212459088313545,,0.33257057242011895,0.333110828358837,,,,0.332171566300081,0.33177011061255307,0.33389624095237014,,,0.3329366186914194,0.331428447296372,0.33217697587115147,0.33213975346270824,0.3335878827955158,,0.34669425687446537,0.34719389104950443,0.34657117842622703,0.34652501691145643,,0.3470004248870431,,0.34718564161677457,0.3468336552745837,0.3464335101245918,0.34693112750139726,,,0.33233806108545777,0.3324109712370867,0.33080059755791086,,,0.33164420036044767,,0.3324430988435324,0.33155873834702865,0.3318573936635283,0.33262816786247995,0.332192983975126,0.33186268189573637,0.34636890283543,0.3454896113287569,0.3464156213601698,0.34713898737082555,0.34485049190561773,,0.3459872759511402,,0.34562812149752176,0.34714729289331886,0.3464008032492907,0.34653012874973055,0.3458662404357422,0.3455851949021618,0.3470864065314922,,0.3462183167536886,0.3463192951432538,,0.3466891543204272,,0.34649299683519585,0.345701293908332,0.34692156278006614,0.34640847912379163,,,,0.34694409037513074,,0.3460499387895934,0.3319542444626348,0.3325398633190404,,0.33207452647606145,,,0.3318327963716283,0.33222208690451444,0.3323242462637121,,,,,0.33217353435071306,0.33156420899427097,,0.3313354716686216,0.3317362158456801,0.33299852700186167,0.33197143896081055,0.33161496909768956,,0.33235262543301236,0.3316917166600749,0.33162112606611155,0.33123494872665,0.33178558031049343,,0.3328312628975893,0.3556517809708504,,0.35493301502168645,0.35417243419421446,0.3553963771482448,0.35527457313701094,,,0.3546829689207846,0.34709569918006483,0.3475350805136387,,0.3472832736846902,0.34754314852324864,,0.27875678039987883,,0.27797550261869447,0.27622215544610756,0.27685612915616686,0.27567893977153096,0.2709152005109507,0.27046863506588775,0.2704601831713292,,0.2636384572013018,,0.164628825445845,0.1651372877630448,0.1646258325111296,,,0.07387144923444079,,0.033119829371258645,,,,,,,5.221676627934488e-05,5.21766340129497e-05,,5.264374632066223e-05,,5.2166491387641164e-05,5.214161488320269e-05,5.2106440720823414e-05,5.206055719582383e-05,5.212824834956918e-05,,5.23148015084414e-05,,5.2197864948018104e-05,5.204986079663227e-05,5.208416543377403e-05,,,5.2284209600958486e-05,5.211572142319802e-05,,5.206470313786537e-05,5.2044770030514224e-05,,5.308238701144328e-05,5.2980276591043374e-05,,5.302037551981208e-05,5.268293916074954e-05,5.316343069097906e-05,,5.327065621822546e-05,5.332753174740185e-05,5.318954173939904e-05,5.3374828624295706e-05,,5.327688606702033e-05,5.312126765725604e-05,5.3318718556980735e-05,,,,5.3026258753170234e-05,5.294302355886996e-05,5.324464766523382e-05,5.3048704747128023e-05,5.306808575679446e-05,,5.3035452951493224e-05,5.3203160773665816e-05,5.320235942101698e-05,,5.3149066449479303e-05,5.31387700497599e-05,,,5.303467262427042e-05,5.2961936972315467e-05,5.2923660202010724e-05,5.3029066557466044e-05,5.301151913405404e-05,5.3008669938297794e-05,,5.2982628554508364e-05,5.316860691090099e-05,,,5.313559763225509e-05,5.304709017105138e-05,5.306136656206487e-05,5.321804160312428e-05,,,,,5.297389366724642e-05,5.298881871643442e-05,5.3072251469974506e-05,5.301664900436443e-05,,5.3026372565683196e-05,5.304567532008007e-05,5.296804678933818e-05,5.327124457456273e-05,5.309070398005267e-05,,,5.303798558362787e-05,5.305006098825247e-05,5.3225162014044114e-05,5.297080474853299e-05,5.345142351367197e-05,5.309592422019807e-05,5.307243644983513e-05,,5.318297621734645e-05,,,5.313629842941133e-05,,5.315920611975862e-05,,0.38033982339273287,,0.38042951537502956,0.3805685572034018,0.3817637212067988,,0.3810715442666818,,,,,0.3812418440435627,,,0.38180255802375795,0.3802093348137649,,0.38001055442304843,0.37929729498635584,,0.3805279625046406,,0.38171867328297326,0.3809876287805985,,0.3804796327824495,,,0.3801991153114088,,0.38250444042031884,,0.3820806927118488,,0.3813876913500367,0.38126060040977927,,,,,,0.37954408014800617,,,0.3801431126229811,0.37872190563271635,0.37879716115552525,,,,0.3787798565168938,0.3808013095808659,,,,0.3807633736258288,0.38092193513139166,,0.38022310630757267,,,0.3820350693100735,0.38106168606654606,,,0.3797539280560445,0.3799026139293776,,0.38041277056006484,0.3791749125937527,,,0.38054479446029343,0.3800767073101623,0.3816222822966484,0.3816709155085086,0.3811442957747918,,,0.3809454236543057,0.3821203461166664,,0.38185477927962774,,0.38071740531292425,0.3811836554190058,,,0.3799213010597685,0.3808646822777631,0.3817243930966838,0.38143422775969943,,,0.38046676884627056,,0.3812164725954786,0.3814424457901684,0.3820311179755108,0.38156100649449093,0.3801332462587021,,,0.3808522077779249,0.38105732330448044,,0.3803367396375091,0.3797970349195131,0.3807852036323324,,,0.37904026800240415,,,0.37978459724243224,,,0.37946076582634847,0.3804067846736245,0.3793374369178617,,,,,0.38008596227389285,,,,0.1646063083489958,0.16462220910812367,0.16483323058921856,,,0.5920011841566906,0.6476167109567352,0.5855311275223278,0.5866393007694404,0.5863347336144921,5.280111761144317e-05,,0.6289329542117756,0.6297959528801607,0.6272130477920388,0.6267574663543919,,0.6262514170646624,0.626480580952693,,,,0.6279251354803196,0.6271225022330031,,0.6265008762579184,,0.6298864377916343,,,,0.6271581933091024,,,,,0.6272040959377234,0.6273317661635467,,0.6280843260989268,0.6281472092349334,,,,0.6270147353054356,,0.6277473205790214,0.6285482741131141,0.6268153938009664,0.6289153965540152,0.6277745139004809,,0.624751366057435,0.6279601484918834,0.6273628822658035,0.6276609784016479,,,0.627215714595226,0.6262486738872177,0.6277199561771367,0.6287640696801808,0.6275744601045301,0.6281960649404249,0.627853832242024,,,0.6283467917610058,0.625638772822994,0.6279317623323072,,,,0.6293395124626128,,0.6275218900235412,,0.6282068344403229,0.6265287016177965,0.6265051373333227,0.6274746510426213,,0.6275643501381176,,0.6267494640954236,,0.6300954552457085,0.6272953397970248,,,0.6264975762880205,0.6273084077233696,,,0.6266457378006909,0.6283239776924086,,0.6271692320186326,0.6271276319908944,0.6267194031684347,,0.6256343811298755,,,,,,0.6282331629363859,,0.6269580342395947,0.6255359628954646,0.6299982171972258,,0.6281094652528804,,,0.6275507377333633,,,,,,,0.6280202088818763,0.6252822037750947,0.6283743657218491,0.6275228464529282,0.6298434382806242,0.6259849116938028,,,,0.627559124691328,0.6277732122679456,,,0.6276271006549804,,,0.627901858084781,0.627149607473074,0.6270606889344544,0.6284034743129829,,,0.6268487457021764,,0.6262978794023936,,,0.6288016339136476,,0.6274409988059201,,,0.6280021607592947,,0.6293109674455863,0.6282478712628801,0.6289973387106202,0.6263822843786426,,0.629243628499078,0.6267121070452794,0.6261311281584313,0.6281123934499614,0.6275679801006351,0.6272520846727343,0.6258871240554967,0.6269504990544669,0.6278274638214159,0.6282809536133668,,0.6286485114418755,0.6257020390293772,0.6282972582955247,0.6276324940778711,,,0.5444905016266469,0.5456329770044371,0.5455291365397028,0.5910192947149041,0.5919604856229562,0.5904520926900578,0.6337442187444429,0.6308790769370026,,0.6289168985266252,0.6312293884617346,
7,5,DG_10pct,20,Z13_F01,13,SLG_A,182914,182158,True,2307.1418231076277,2310.166150521108,2327.297691079441,2392.288150105735,2366.840615201802,82.62955484242424,87.71052133138366,2628.990408886078,2648.1863885915677,2813.504593277537,2817.888747673467,3184.172958133432,245.09904057066638,67.62174256429711,63.58063426905544,81.95161661015557,80.6479298661076,25.927938812727305,171.08853850932582,270.453974320951,0.8099513262933368,0.8112344462145077,0.8087916484825013,0.8357791437301444,0.8777619882153256,0.9624679000768895,0.863408701031585,0.7189587496084011,0.7170939538780257,0.7162529218559894,,,0.7491289246230274,,0.8466828350564134,,,0.9689785543596663,,0.9678655450709778,,0.7166325429441665,,0.7208727270790826,,0.7173502649636252,0.7132588574752748,,0.7123729417115569,0.720557570636477,0.7205343496482788,,0.7204263310809071,0.7207541269538017,0.7204385970825474,0.724342289849445,0.6936928530423256,,0.6918221602216896,,,0.6989659908596162,0.6999760694041043,0.7025214256185385,,0.7016258746768573,,0.6994250599345512,0.6997430616464175,0.69930499547544,0.6994989173680287,,0.7017543353155595,0.6989923772790217,0.6978793847008852,,0.6997641762098997,0.7055355611158208,0.7089065088751588,0.8457421906188973,0.9633482514395784,0.7041377066600204,,0.7001383631994066,0.7018967923994561,,0.7020046486413438,0.7047969348420029,0.7028216629184132,0.7055452274319044,0.7042512730850393,,0.7040871969123434,0.7002235960465695,0.7053265936189229,,0.7019508705888381,0.7028186985792649,,,0.7038781720136559,0.7039994661270114,,0.7017876826697683,,0.6718869504358526,0.6704625268857934,0.6711644178200823,,,0.6010882348839401,0.5992535355198225,0.5998476517711783,0.599627183692175,0.6010719268833092,,,0.5189488395446655,0.5184902922793302,0.5208727663086741,0.5197088519689108,,0.5194944339111983,0.5207765940266428,0.520029420064763,,0.5192658979330147,,0.5197400950220218,,0.5182842526825452,0.5203163686656387,0.5192732771996116,0.5182091184381278,,0.52017085364459,0.5188767579031721,0.5200966014836087,,0.5199199129281102,,0.5188853406616563,0.5183710915166722,,,0.5182224006199764,0.5177617717112777,0.5177695505192763,,0.519760090776705,,,,0.520042580081142,,0.519466004520356,,0.5205658506413191,,0.9564530832101699,,,,0.9556299142618717,0.9540250099758143,0.9515825125895178,0.9558275938271902,0.9555886780101954,0.9582302364626246,0.9569749587263019,0.9580326832902721,0.9553225800818044,0.9530632725910152,0.955249924016521,0.955730236538903,0.954243315794765,0.9566089818097487,0.9568349089483801,,0.9530518036836028,0.9552936626947887,0.9545309869100583,0.9511186929627746,0.9524126977788776,,0.9529885048127258,0.9521572553824684,,,0.9542484390859483,,,0.9560486727892462,0.9559948796427129,,0.953395340151912,,,0.9560511686095466,0.9536948180061511,,,,0.8900190046752271,,,0.8886578084182696,0.8892458576939603,0.8880466725986925,0.8879768507352422,0.8896999180153805,,,,0.8890272826282867,,,,0.890117988428272,0.8893483763970482,0.891129744272125,0.889899197418453,0.8910798555280454,,,0.8849220120435143,,,0.8883196527688736,0.890813058049916,,0.8890903837395004,,0.888752198158376,,0.8900275238255034,0.8888579801135525,,,,0.8865276093371419,0.8874533914673219,0.8911590813486601,,,0.8924451390455929,0.8878697255785489,0.8901946210224829,,,0.887751386687709,0.8889609047328468,0.8889318628497602,,0.8868908964364572,0.8910248829056984,,,0.6020400840654975,0.5461793662133285,0.5037790502970038,0.5963972515557964,0.595795950738687,,0.5972725556196747,,0.596198493152518,0.563411562756002,,0.5616143193306289,0.5607144409892143,0.5587681506658841,0.5608706938054979,,0.5601436654812664,,,0.5613580221698627,0.5608823897672554,0.56352803829043,,0.5618791382771978,,,0.5634811822824326,0.5617786039387075,0.5614856292424979,,,0.5624535359496463,,,,0.5610119179372516,,0.5604312841002247,0.5630020735409089,,,0.5612778544421063,0.5606252979479857,,,0.560924790082836,0.560231442246406,0.5615829372983905,0.5613456036844243,0.5515953239495802,,,0.5512787950444037,,0.5492866174745661,,0.5515819881215862,0.5513023052593244,0.550975883217519,,0.5513314189048685,0.5498119578596319,0.5517708289858946,,0.5515173688398534,,0.5502906317653445,0.5505803873366005,,0.552681207688335,0.5519530666253359,,0.5516226192067789,0.549897977962045,0.552112960511852,0.5487592083748651,,,,,0.5513432988423072,0.9558989061556605,,,,0.9573946944268847,0.9594061713530143,0.9578611052891338,,,0.9563279653067833,,0.95297639476914,,,0.9532600380714988,,0.9572144373162423,0.9536842525330748,,,0.9579553057559366,0.9552414539092329,0.9533217803269982,0.9522633582795639,,,,,0.9565532947732778,0.9529942833505012,0.9526486557796953,0.9576478736011583,,,0.9558310173226013,0.9575998795328019,,0.9575011722764882,,,0.9555058920184434,,,,,,,0.9586265280781737,0.9557927014593893,0.9564535896908103,0.9555130758023349,0.9542677225111691,0.9586197381762408,,0.9555101529227639,0.9570085468350632,,0.9564077734398457,,,0.9580081120128603,0.9557406313399468,,0.9552877265596206,0.9521652868712519,,,0.9547002919055535,,0.9537364958928326,0.9530384456569448,0.9539630609805204,,0.953830247332664,,0.9538599516354306,,,,0.9535239064892606,0.9560019364325899,,0.9566895099120984,0.9568813452994762,0.9583051206967953,0.9574405255452273,,0.8942267877366873,,,,,0.5684406463814532,,,0.6303215383348642,0.631260505215353,0.632149295449519,,0.6330377753720068,0.63306435485196,,0.8925577402517739,0.9541761627878821,0.5978706478692668,0.5980228499838504,0.5946129508874569,,0.5837909050225181,0.5846366655485619,0.5673846262413479,0.5678823049579573,,0.4114210438551023,0.8994972499294943,0.9431557364862903,0.3416498389409956,,0.9341327733169968,,0.9358006498746304,0.932718045549304,0.947852934350126,,0.9454334235311814,0.9505841819997547,0.9480463390326546,0.2829275132617633,0.947655289999056,0.9258273890942982,0.9666187201095958,,0.5494834868789685,,,0.551593369545937,0.549874814588391,,0.5494949138268339,0.5499453617680002,0.5482725304388776,,,0.5493087953169142,,,0.5500715933286379,0.5493830677491093,0.5498721298490842,0.5495213803159685,,,,0.9159349345895667,0.916442570131788,0.9147305966994819,,0.011263012424055332,,,1.0171924382167916,,1.0152003829753868,1.014856312541666,0.9170012323687566,0.9145108255592502,,,0.5277616155059518,0.5274321747313152,,0.5276705522739271,0.5274093450138005,0.5255398234980799,0.5286905800842633,0.5282924657051984,0.5281147990508638,0.5276430024537991,,,,0.5271439069162295,,0.5273633680292916,0.5266193102192699,,,,,0.5262592273312984,0.5257788986676035,0.5280027392446149,,,0.5294264725491794,,,0.5274910119817017,0.529041543841483,,0.5273980207350976,,0.528891721604825,,0.5268738463531943,,0.5280934737535709,,,,0.528155828176616,0.5284204600706093,0.5279874173549665,,,,0.5287516377961803,0.5283578234215539,0.5279247371135335,0.5276162810111575,,,,,0.5275022966725387,0.5271412518523125,,0.5284806070880181,0.8948654275856094,,,0.8959905398265688,0.8950557691804185,,0.8962265662463462,0.8961763762971839,0.8924665754419051,0.8954260838385303,0.8939682278082177,,0.5848589746485165,0.5844618942890883,,,,0.5844723177900243,0.5841277540146386,0.5854726889402901,0.5851453429406698,,0.5854553095807813,,0.5844223545093833,,0.5821158599117598,0.5850514962798711,,,0.584046894296763,0.8965351046917228,,,,0.8966926677832019,0.8966008678132374,0.8951754881118161,0.8964664115668965,0.9579769343859186,0.9536013537753741,0.9528906376367423,,,,,,0.9534146882472615,0.9546123563399913,,,0.9549509892481453,0.9557288003768128,,0.5835686169669525,0.5831143070583162,0.5831902755793212,0.58510556210457,,,,,0.5835055684866943,0.5853056963497746,0.5842293376134357,0.5761486040626816,0.5831971408405948,0.5843749210243241,0.9581921707290192,0.9572977997768567,0.9538822478709408,0.9566004924008212,,,0.9574890271924261,0.8962273995719972,,0.8931724400406786,,0.8970506461879241,0.895570801855755,0.8955405818500497,0.8944359807158593,0.893294004719065,0.8971119196470703,0.894932637375011,,0.8960838817127122,,0.8962370321598935,0.8987094459180104,,0.8936099837540554,,0.8929240226230879,0.8978481599454512,0.8937340178904382,0.8967787538062721,0.8948235336555538,,0.8971125822331762,0.8966599191348703,,0.9583272660249068,,0.9573051048278083,0.9583134086003463,,0.9563794563846957,0.957961659729537,0.957014360656364,0.9552956308706037,,0.9535862036393561,0.9577830846885145,0.9555094421003828,0.955558896937128,,0.9572798583800006,0.9538107725731143,0.9576438465828035,,0.9555428194097826,0.954084844017604,,0.9576181300492763,0.9556440842529764,0.9569261826956704,0.5410636581277916,0.5408083672254269,0.5406973609425586,0.5409494976775798,0.5416322057711168,,,0.8471051456556761,0.7048314058017727,,0.7065070476556128,,0.7194762943830377,0.722478250797943,,,,0.7226078651849729,,,,,,0.7229684241820149,0.721022178807604,0.7223200627932067,0.7219453312465479,0.7203296627983135,,,0.7215375835259449,,,0.7211827929944308,0.722016481186602,0.721102932697882,,0.7196436843479344,,,0.7222976442236153,0.7203760392524111,0.7220950146709311,,,,0.7208085198864683,0.7233646035289941,0.7211414279801577,,0.7191988374573569,0.7219223342915516,,0.7222549172184033,,0.7210885749896112,0.7247935863114777,0.7218812955237854,,0.7215735866237851,0.723531245616434,0.7210224748074338,,,0.7238267351060209,,0.7203586336992204,,,0.7223201697889646,0.721012589971987,0.7212379726892237,,0.7212496303932682,0.7209245993169341,,0.7220268518020666,0.7209670897217362,,0.7200151300500022,,0.7211772021640854,0.7205414756142698,,,,0.7227362818439927,0.7218753396266376,0.722895974154776,,0.7208271501306036,0.721416866038085,0.723842280698522,,0.7212800221464364,0.722015032064375,,0.7223941621432393,0.71972263284412,0.7210980196409889,,0.7208526824847673,,,0.718783516044783,0.7219148472732755,,0.7222034610589417,0.7220047974564251,0.7211272737854899,0.7208833940882566,0.724203835929378,,0.7204119977675653,0.7200950581693248,0.720254527487664,0.7222814231646802,0.7208142431831989,0.7227289845915198,0.7225921269547549,,0.7226333517861206,0.7225470173906189,0.7218565521423249,0.7213947487372102,,,,0.722245037363128,,0.7204819384590713,0.7199603286480736,,,0.7217463816122812,0.7184621777088152,0.7197430537541495,,0.7219632464925472,,,,0.7225587500262847,0.7223199903473153,0.7188445976925695,0.7198071334890911,,0.7235302819420586,,0.7214188439401752,,0.7207002944120604,,,,,0.7238182665395794,0.7212314194719097,0.7198657710291985,,0.722098774797775,0.7189171513371666,,,0.7231758344757442,0.720144976651426,,0.7224422106168884,,,0.7220017442963752,,0.720695001137779,,,0.7227131802486455,0.7209261249284724,0.7221589263394036,,0.7222174650198244,0.6736776364228505,,0.675700157353133,0.7193224067403937,,,,,0.8441951068819641,0.8468506984138501,,0.9679751280053936
7,5,DG_10pct,20,Z13_F02,13,SLG_A,182901,182148,True,2463.1729451938945,2471.025313442733,2517.068677028435,2584.113096117202,2556.09005664046,85.72553220259461,92.20454080039056,2850.024775039788,2869.848760715575,3054.251295412976,3042.520523226554,3463.8408293232446,224.23584111588852,67.92893718901965,63.8233483318279,85.75338486969952,85.53183336996464,25.873878021543955,180.86920169669153,291.6163308326458,0.8000529340944919,0.8003777160558014,0.8006640955382235,,,0.9622054599813602,0.8549283834154039,,0.7016316533463838,,0.8276192776175166,,0.73229938027397,0.7309407713235925,,,0.8395030083409734,0.968369000028813,0.9645415200027808,0.9681747763706241,0.7033267839806092,0.703062792843683,0.7015982670996809,,0.7026012189163915,0.7051358186658269,,,,0.7063850863866875,0.7047067697766944,0.7076162667563591,,0.705087100189872,0.7050658868094619,0.709785608614244,0.6791817439651913,,0.677366254357803,0.6806123076350402,0.6823949582796573,0.6838330147252428,0.6834750069147889,,0.6839934983247874,0.6840419763375887,0.6834084617695388,,0.6841439338245549,,0.6828906714563827,,,,0.6831167903758583,0.6837257298100207,0.6826159764364192,0.6860287390584979,0.6913743528376572,0.8400234362409614,,0.6831423417414499,0.6818992017910364,,0.6820115317474162,0.6834387716149246,,0.6836539781608937,0.6848878309337,0.6833795237967871,,,,0.6826999005810178,0.6831300922414093,,,0.6847793902474879,0.6804436105939737,0.6826101953426454,,0.6817951447038325,,,0.6829554651353855,,0.6540900670354596,0.6525191460365201,0.8812977093758833,,0.5779161515327105,,0.5805507865679319,,,,,0.483818802229396,,,0.4831762397399933,0.48322958832510005,,0.48334105999579124,,0.48242662813265136,0.4829453725707871,0.48339807101342064,0.48269260944361864,0.48387309228818365,0.48434251790492694,0.48309078592522403,0.48361403918270895,,,,0.4844898473414604,,,0.482921520084873,0.48322348817243255,,,,0.48371383473910085,0.48317844260303977,,0.48364393742567113,0.48318653429501446,0.4823879977162289,,,,,0.48138502607010564,,0.4818750587356354,,0.9487724228964556,0.9470717692794816,0.9502030424913455,0.9480751972983008,0.9473791583827584,0.9497640352033596,0.9487693405253138,0.9483932739654065,,,0.9479738085136654,,,,,,0.9470130616136739,,0.9515421594533059,0.9481620408417829,0.9473158050400724,0.9499050841283527,,0.9481686839649345,0.9447742808069983,0.9481826416067458,0.9496070453732615,0.9476119364792183,0.9452858898721688,,0.9476385599435273,0.9496139173442292,0.948612501138567,,,,0.9468916114568067,0.9464146657910049,,0.9479252518737596,0.9486581819734474,0.9495673609926985,0.945326752722278,,,0.8832939957263458,,0.8841000131967786,,0.8858718385345883,0.8850594775225076,,0.8863652310813157,0.8855680856063565,,0.8860462271911204,0.8852789425048437,,0.8882216365982764,0.8871769372192442,0.885178290628622,,0.88545229453243,,,0.8859405593656591,0.8874114533855727,0.886820982305811,0.8856136722843531,,,0.884848008711992,0.8863017136622859,,,0.8848007698584919,0.8852017233904514,,,0.8866983658488347,,,0.8847451687936324,0.8847463258830305,0.8895191473103751,0.8835625102895497,0.8842385489283272,0.8859092365540531,0.8862860997588854,,0.8838454488999046,,0.8880022197821329,0.8852540221622053,,0.8851140734752172,,0.8848745609409614,0.5840300348891002,0.5823836013187254,,0.510797083876249,,0.5751122163877107,,0.5754273129083951,0.5753794537596643,0.574209578580404,0.5758873461074022,,0.5268372749521723,0.5297443433083868,,0.5283897324827843,0.5291746927822218,0.5294839676720434,,0.5286847180928078,0.5290608137618572,,0.5292568392415989,0.5288477080879104,0.5296969833875892,0.5282625658909859,0.5286904248883356,0.5290177173819154,,,0.5291958674055915,0.5274615319390182,0.5292326076106928,0.5300347290950609,0.5277601068117557,0.5286646051411787,0.5277679977473694,,,0.5267072559246657,0.5291861792216362,,,,,,,0.5287371243051521,0.5284222860772203,,0.5284611070903178,,0.517524650861201,0.5172555341526807,,0.5171294902731226,0.5154312689205792,0.5179873598522375,0.5166752239899559,,0.5188911089634534,0.5178996056818588,0.5170169401884561,0.5165610586277374,0.5178210614375437,0.51698708582526,,0.5189995715149349,0.5169492080041428,,0.5183256722772162,0.5170651238226839,,,,0.5172869349483544,,0.5169501996032897,,0.5167081422919073,0.5156381391339951,,0.5172889265906047,0.9511249737911361,0.9513341102317052,0.954814743626314,,0.9452782153466242,0.9507825875096761,,0.952081924890739,0.951227834792042,0.950544029601409,0.9539500146766765,,0.9488323253674984,0.9490148161742871,0.9508132151707626,,0.9518916746356745,0.9505510689455289,,0.9490343572070951,0.9507443490676464,0.9510437240990627,0.9472651888940801,0.9480698777456046,0.9495258352259127,0.949342196610611,0.9519375079924262,0.9526215574841828,,0.9500062245851499,,0.9490495562619258,,0.9532161246328864,,0.9497514566493377,0.9527985423056915,,0.9492652488306649,0.9531140981819176,0.9538986906735082,,0.9506297519191929,,,,0.9508705490523596,,,,,,0.9513467309874626,0.9507986274574727,0.9492919557077774,0.9485856265860638,0.9498665305093087,,,0.9492078732613565,,,0.9483105694136449,,0.9515871191727329,0.949017354898164,0.950095860940442,0.9483438197991979,0.950679806921942,0.9479729767571138,0.9472542596353892,0.9495726167044373,0.9494444886777823,0.9473977567570186,0.951384263258302,0.9486586921822782,,,0.949958397020954,,,0.9511195305526645,,0.9506252356019095,,0.9526264825299183,,0.8890016272552752,,0.8906118157915129,0.5352208572525834,,0.5335235978767409,0.5349968724359141,0.5344668381742146,0.6100348339550674,,0.61228053962091,0.6112855025638622,,0.6132863044849172,,0.8848540479366938,,,,0.5744135914968723,0.5643285231978269,,0.5646219402638113,0.5484306737386326,,,,,0.9352200037078064,0.2902820573025108,0.9225480854633442,,0.2536840088830149,0.940528280197315,0.922114885696887,,,,0.9446833886145092,,0.22651605388080684,0.9456571195645014,,0.9636366942990128,,0.5353990737013781,,,,,0.5371782073512461,,,,0.5356995473245683,0.5365396124166755,0.5358211662422993,0.5351246073348478,0.5366574486266263,,0.5354286200749887,,0.5371113182357747,0.9067195769679502,0.9075177515388948,,0.913400582585221,0.9096538481668768,,0.011835415101625077,,0.011835378993460434,0.011810493010160333,1.009256660354417,1.0047685099032673,1.0059876314994847,,,0.9041413923956089,,,,0.525325266232994,0.5245795424839532,,0.5256799897492335,,0.5246249960383235,0.5237029005396002,0.524102108877919,0.5243432675436095,0.5254434124431625,,,0.5227979649627053,0.5269355000093345,,0.5255637150149978,0.5258638250781554,0.525379533138427,,0.5240260233766562,0.5226791176005222,0.5245015524981983,,,,0.5262405703588344,0.5232685690701631,0.5271065088941469,0.523970981091044,,0.5245605209663936,0.5247567871171653,,0.5257159722995475,,0.5257849417004066,0.5251917161532818,0.5250154960239724,0.5264357060436369,,,,0.5251461181166709,0.5245750658519373,0.5258037640726415,0.5246390530942315,0.5252578514064982,0.5261080411892447,,0.5260260269340274,0.5270425169427895,0.5243114954051717,0.526036578726276,,0.5243420685879923,0.5254859685726098,,,0.5243459164873867,0.8911289326790549,0.8895922997813444,,0.8929551181174712,0.8904390333229616,0.8909719275988552,0.8920108835540449,0.8913208627735852,0.892949364508829,0.8910415744391632,,0.8895865498496167,0.5537790454761264,0.554119799679549,,,0.5552810189401807,0.5539798599257872,0.5542383980861275,,,0.555164870335427,,0.5537603165977477,0.5548281327045355,,0.5535537849077875,,0.5530106361743066,0.5523390953555136,0.5544099194551178,0.8930006346874794,0.8920319060637568,0.8911196885561458,,0.8936072395328534,0.8942565441970768,0.8940121754103263,,0.9486095794510077,0.9488219464137397,0.9492485319152293,0.9510020543517336,,0.9466108897602156,,0.9468974465131125,0.9487260520678498,,0.9489738467505361,,0.948093600474784,0.9470191527529801,,,0.5528408523545925,0.5532400785375797,,0.5567860563408447,,0.5541013623853422,,0.5537626806921555,0.5567700508544845,0.5541524327858267,,,,,,,,,0.9490755788896207,0.952715216347303,0.8923197171583228,0.8910659494380566,,0.8934559366366098,0.893444895288219,0.8904567320457004,0.8921485174460655,0.8927046024587278,0.8926122004821747,,,0.8922293181092424,0.8915304270489536,,0.8900064444611083,0.8927650632523983,0.8893591979002908,,0.8900234510994731,,,0.8921954858547871,0.8924754611043276,0.8897274035884527,0.892231994486988,0.8887841021112688,,,0.9516097604794747,0.9523505568021027,,,,,0.9532212619862894,0.9492106233117531,0.9485112509617517,0.9490597850989559,0.9490184965592133,,,0.9494108302188848,,0.9506768153410182,0.9502720691904764,,,,0.9495700374780368,,0.9528785197966552,0.9516409580119025,0.9538252999489606,,0.5186277923766588,,,,,,0.8429758318193376,0.6921954396575057,0.6935536495509016,0.6882625614677859,,,0.7043990203837485,,0.7066148112418286,0.7059200711165268,,0.7064509481250436,,,0.7048070421572156,,0.70542948010569,0.708970593484846,,,0.7053992266470321,0.7057154031217442,0.7066972989005889,,,0.7057075706246029,0.7076291541499375,0.704005519533296,0.7073318160773521,0.7045213280128513,0.7057030868254399,0.7061984802077799,,0.7049411182541928,,0.7048600634508724,,0.7079505993992762,,,0.7077422080200683,0.7071450007371514,,0.7089148101805007,,,0.7059587173615642,,0.705951571589383,,0.7062412645799072,0.7069784835941694,,0.7083199003865747,0.707050667993939,0.7071926826303513,0.7059289741749843,,0.707280401980692,0.7076935125799567,,0.7046867361728018,,0.7048278173159311,0.7062505009755936,0.7057272577782123,0.7042314348892433,0.7071184355057574,0.7066455541030008,,0.7080044784814435,0.7076210472985017,0.7039740966254174,0.7041190447187635,0.7067434835913464,0.7073219157279999,0.7071442782448517,0.7052941643612026,,0.7056905161508951,,0.7064635260175097,0.7055656607512228,0.7043947985948629,,,,0.7053675039521085,,0.7061876427138676,0.7067685384853198,,0.7084438235144509,0.7059489909644053,0.7058724313346081,0.7059089380007587,0.7064360594260115,,0.7048852853857829,0.704487313631973,,0.7044654492076866,,0.7074448810411649,0.7064091847004114,0.7045618346715811,0.7065133248553058,,0.7041469786835898,0.7073377625677815,0.7047648426936751,0.706064303557192,0.7058618014318021,0.7043617999854549,0.7064533138108682,,0.7063964405855551,,0.7054913118668283,0.7058071585847243,0.7067063921145871,0.7064103255335742,0.7056570556169576,0.7055492470827229,0.7058807607597681,0.7066274722922643,0.7059880727981709,0.7057889677709985,,0.704720357970948,0.7070139745807935,,0.7064043171611963,,,0.7051604982141745,0.7049898803503617,0.7082732737241745,0.7056920205515456,,0.7058019130023394,,0.7044221841283832,0.7055341695473929,0.7087852250760879,0.7054840078709257,0.7040926109101051,,0.706086147248249,0.7049350670394995,,,,0.7069377941688343,,,,0.7073643115242527,0.7059261241535565,0.7044061419224331,0.7072689975687799,,0.7051063495171003,0.7071235109076613,0.7061851081310749,0.7068130523518843,0.7067348869135892,,,,0.705276518919556,,,0.6572477269858952,0.6583671306819442,0.6578192154258227,0.7008352696621147,0.8418402488104042,0.9596081793879445,0.7302502486045225,,,,0.9667263488843528,
7,5,DG_10pct,20,Z13_F03,13,SLG_A,182915,182158,True,2303.718686048813,2301.47465328786,2315.341156279552,2386.9377340350384,2363.3572456441257,81.63344787557513,87.57352938783102,2620.298042383694,2646.0756487601598,2825.0235590488974,2816.525146065439,3193.4640254902856,246.10563734868344,67.00508828281724,63.50228278479156,81.77665183244248,80.93752862792655,25.964748267659516,169.86815735921473,270.5280798279928,0.8087648006415433,0.8108371031938045,0.8104680480530858,0.8354816493303883,,,0.859871492546153,0.7181039888303868,0.7193859511030718,0.716229134288032,0.8321197726231268,,0.748313256620773,0.745891387415628,0.8456142076669818,0.8470923506003148,0.8479510168186924,0.9662728788820418,0.9684861167269719,0.9679828729612442,,0.7171498696731199,0.7194906716405095,0.7178887747910301,,,0.7154594235426014,0.7124216077833774,0.7109906617403705,0.7205188394381038,0.7221764902059992,,0.7188186510647349,,,0.7260221476341976,,,0.6925422551284323,,0.6974894634368112,0.6993993472120414,,0.697889353526681,,0.6999357307827377,0.7011475879614866,0.6990427691533209,0.7008980315340663,0.6998222140745279,,,,,,,0.7003363060384082,,0.7082210707534768,0.8431224366454965,,0.7008309809074248,,0.7010402823018786,0.7016945976756495,,0.7046021464279842,0.7030171678447503,0.704543895738725,,0.704569194695821,0.7031998590181003,0.7024131877821151,0.7013891547725324,,0.7036942580695679,0.7026581811090797,,0.702553942261505,,0.7035467139607396,0.7025867462406769,0.7038604017552507,,,0.6714244456305972,,0.671662175786549,,0.5997543471696782,,0.6010786111985679,,0.5994097220575715,,,0.5197811183326381,0.5192776935466259,0.5184035393168671,,,0.5215301659564838,0.5198949998797651,0.5195346151893575,,,,,,0.519248814941403,0.5193317963347528,,0.5196527531276407,,0.5183298114006624,,,0.5201812570153351,,0.5188574044819754,,0.518621609417305,0.5194690720771459,,0.518925667010027,0.5188009259639016,0.5201988409872884,0.5191288173330156,0.5192558961703581,,,0.51859493277811,0.5187459557182807,0.5194154897708495,0.5196224501327897,,,0.5200273939515906,0.9527963140843605,0.9525518948580787,0.951261061361863,0.957344217222792,0.9563204533528245,,0.9529768707433574,,0.9545191486161803,,0.9540174280120722,0.9545659382335433,0.955642804351196,,,,0.9535389504619951,0.956475453745829,0.955540481791035,,0.9551866451826693,0.9549036122332393,0.9550349339003213,0.955151060909758,,,,0.9568083581130147,0.9558149270106144,0.9518163162930333,0.9521123904614404,0.9550157088675906,0.9555170753117196,0.9567956195774989,0.9528041197059495,0.9568961171779212,0.9541783344535812,0.9559305309359253,0.9540218034064937,,,0.9525254199797629,,0.9563138016752054,,,,0.8894999780542276,0.8888140906294634,0.889137721266875,0.8881064567476485,0.8864111945819647,0.8894236558632933,,0.8904313011911094,,,,0.89061549469668,,0.8907174893955061,0.8898366349889455,0.8919713300763936,0.8899050312993766,,0.8897464090837782,0.8907545609373446,,0.8873526888873057,0.8867333141122874,0.8896243245752123,0.8874420390950014,0.8897750177876352,0.8878661793109554,,,,0.887980730460059,,,0.8896070616568773,0.8915303511174737,0.8899112419857768,,,,0.8897060471116994,0.8888894355539435,0.8905643511047389,0.88972595298828,,0.8866353728270886,0.8893682544398849,,0.8922595196063826,,,,,,,0.5451242563949381,0.5051599201660605,,,,0.5952615708144061,,0.5967180095595648,,0.5618175589167914,,0.5620559051177196,0.5622527948950846,0.5633441624064714,0.560123503865727,0.5628091187140533,,0.5611326963128277,,0.5603823230823517,,,,,,,,0.5610249096184234,0.5612306151627346,0.5615148452801676,,,,,0.5622234219255148,0.5617816226998366,,,0.5614657798034225,,,0.5612219792820758,0.5621085981480075,0.5608852627938277,0.5625889789689228,,,0.5609215574574768,0.5515837625529976,0.5511111646186708,0.5519539062840387,0.5509765034811213,0.5502713998282623,,,0.5516726056103742,0.5521972625600091,0.5509517739609924,,,,0.5510019620739472,0.5520741753936297,,,0.5515853411792946,,0.5531061449787454,0.5508530168142274,,,0.54973759452631,0.5492473094624883,,,0.5513803968059454,,,0.5517240888306797,0.5498374604361961,,0.9580686612023334,,,0.9573871139850204,,,,0.9565674859759321,0.9575919381479676,0.9611712745783021,,,0.9529995054852074,0.9551081999145052,0.9556459923556205,0.9566249109214741,0.9565575797132629,0.9581556659216932,0.9543423349436528,0.9561011685489578,,0.9546883473752082,0.9536634653049831,0.9543023704887196,,0.9569249280737182,0.9562020943008968,0.9553724788618273,0.9561484210052645,0.9571123606623226,,0.9566302277433537,0.9570658523521105,,0.9555084828671029,0.9539448637932887,0.9573507236121117,,,0.9592858812492291,,0.9550737268375357,0.9591086255896157,,0.9569646608629144,0.9581782349790262,0.9532985831762156,0.9565656022183607,,,,0.9582150427674627,,,0.957281214161268,0.9559721759915194,,0.9553696409137075,0.955013621934706,,0.9536522963329895,,0.955819436598082,,0.9533892076148672,0.9557184038642131,,0.956593088473599,0.9552017480383892,0.9526586967738937,0.9520951216628548,0.9572600423181821,,,0.956885584413852,0.9562694254418745,0.9579146886431572,,0.956331461165704,0.9573866831221489,0.9579801742340678,0.952968623117954,,0.9568455944045182,0.9555250936220943,0.8942243838531304,,0.8922772952476862,,,0.5673434952225408,,0.5667508938662801,0.5675121536958809,,,0.6309875523661961,0.6320163521684291,,0.6333693318560119,0.5100574901659932,,0.9496789990529526,,,0.5978306807409243,,0.5827335959275306,0.5852189368841553,0.5684416132753161,,0.5677155691128072,0.4106935050416512,0.8974833935035204,0.9438464612592138,,,,,,0.9301813901595742,0.9468707666800209,0.946019536893307,,,,0.28282902999561604,0.9458313740983002,,0.9651982526303221,,0.5506329358773211,0.548311964452015,0.5497697387615463,0.5491137947674448,0.5500338256953867,0.5487289183802798,,0.5508934420918372,0.5502504798581713,,0.5498158929598851,,,,0.5503471289735791,0.5492167500597517,0.5491823728212314,,0.9151944168339256,0.9153491539674198,0.9152815779741329,0.9132142394592719,,,,,0.011253862150636153,0.01129652624988428,1.0149839386781896,1.014397454285235,,,,0.9171093184446211,,0.9187386475161466,,0.5262596411786571,0.5268663936175202,,,,,,0.5273100280403686,0.5274528275729568,0.5275469756475393,,0.5290034174467835,,,,0.5282238167898737,0.5278074715403005,0.5282969860299679,0.5279854831685609,,,,,,,0.5258362619027024,,,0.5288837151895522,0.5283473023124862,0.5270243419424693,0.5271747972427916,0.5272739103857437,,0.5287860753382336,,0.5283195028626868,0.5285976571735487,0.5274246560344316,,0.5289780808477783,0.5269003301856638,,0.5281082840953291,0.528093936678056,,0.5273076211344521,0.5281403694494736,0.5284671935078774,,0.5282831590905609,0.529320069917928,0.5280567356016495,0.5273878351941889,,0.5290865092288852,0.5273956530268377,0.5283703992200575,0.5299052872790192,0.8956917542246753,0.8944253740864532,,0.8913067643377397,,,,0.8950226650231506,0.8941329295705254,0.8924513161819423,,,0.5840689731689371,0.5852011325091812,0.5855653859078711,,0.5839450702182596,0.5847969536512659,0.5841544263734137,,0.5845377111260969,,,0.5850818564656093,,0.5847214431563991,,0.5848603196988166,0.5843438403521981,,,0.8964491760916541,0.8961800772472204,,,,,0.8939167627237532,0.8948359938686334,0.9576607799095465,,,0.9549870397004155,0.9564173603284948,0.9555078747354915,,0.9526093447268319,0.9525057059756163,,0.9563875998990564,,0.9515285682198144,,0.583631741337608,,0.5843822089518572,0.584813590941561,0.583233903998547,,0.5842697505261313,0.5848325308134105,,0.5863908928430935,0.5845461059746155,,,0.5845432574071632,,,,0.954540700534947,,0.9558777512643211,0.9577314868873961,,0.8964559580450354,0.8943319257609172,0.8955520141634907,,0.8954006983357925,,,0.8976814867407201,0.8962114610292935,,0.8959332177073344,0.8964444877841259,,0.8946820520476706,0.8943532461579761,0.8944017751521001,0.8937518162334598,0.8950731426264565,0.8962216130494075,,0.8979052794173595,0.8937188070805226,,,,0.8972464669668541,,,0.9575637266379096,0.9548590560045119,0.955119415497219,0.9551317387253088,0.9572259803265785,,0.9575626860204594,0.9543244069414301,0.9570607567318912,,,,0.9535872511302252,,,0.9574967692306169,0.9560226393780461,0.9546313161822161,0.9552351786918707,0.956739112820217,0.9576545560054597,0.9569802164260679,0.9541196969113271,,0.9573307251960181,0.540269530682458,0.5413795177648992,0.5401747003119798,,,0.54110628943895,0.8480914986086561,0.8482080474740505,0.7073532783126237,0.706288942825239,0.7045137332247922,0.1754178661285044,0.7219921308125171,,,0.7213938759655301,0.7225479674263368,,,0.7201885440554452,0.7227645381301524,0.7211990477574624,0.7229740243801684,0.7229017233377624,0.7202238804134267,,0.7239015260373699,0.7208385313951811,0.7213237606998438,,0.7233758879477916,,,0.7207626254928552,0.7208231067926077,,0.7225351617918483,0.7219816718144146,0.7236467255885713,,,0.721832634469357,,,,,,0.7211283476580409,0.7223653907911552,0.7216952194165859,,,0.7215626159855614,0.7202874172516993,,0.721436522436872,0.7208232316379878,0.7220136098485932,,0.7221180894103821,,,0.7227245667694598,0.7197995344264502,,0.7221822067996139,,0.7211688652304414,0.721220341033347,0.7213156558290872,0.7209895841944808,,0.7219281354519727,0.7211469472359283,0.7223244408194593,0.7212245329207659,0.7225958177408665,,0.7228095616876977,0.7228681566467963,,0.7220311137956716,0.7210434364757657,,,0.7182108039009241,0.7205928499813444,,,,0.721424732375255,0.7208207898233425,,0.7191815066333973,0.7217211724113655,0.723598306398785,0.7198005384758591,0.724258800408641,0.7176007622568503,,0.722018457429727,,0.722538000272651,0.7212503126120648,0.7228479287693398,,0.721281000201366,,0.719757773356878,,,,0.7196672748195739,,0.7196548229286092,0.7214210739835306,,0.7228034843202542,0.7227426083079802,0.719396546952543,,,,0.7218132581649458,,,0.7209595371425448,0.7226265943486473,,0.7227494400026936,0.720493714131799,,,,0.720794684492294,,0.72170707035629,0.7201987220420747,0.7199887274098977,0.7204135786558348,,0.7206319829718726,0.7184271256286106,,,,0.7233361716177253,0.7206543798764116,0.7206847279627828,,0.7214651048071002,0.7202975589513084,,,0.7198192590916831,,0.7193765414120832,0.7196815533658187,0.7213375615820609,0.7227044076147503,0.7205765145919204,0.7194106770247832,0.7205494775739268,,0.7225780804491673,0.7237777024952202,0.721108487186192,,0.720272468278065,0.721732023516638,0.7211866267022314,,0.7226001966441266,0.7215573342667513,,0.7202569780462152,0.7231303527864363,0.7215411358847584,,0.7218225765163041,0.6743736836634778,0.6752804305690454,0.6763701606552615,,0.8493832190342052,0.9647619080493457,0.7482377873859765,0.7476578908090774,0.8448655096213086,,0.965797206129519,0.9681320364188556
7,5,DG_10pct,20,Z13_F04,13,SLG_A,275695,182149,True,2491.2525237275695,2483.182354814378,2532.2202526438905,2585.9374520936826,2567.421971474823,85.81542364115741,92.6962214797027,2853.8207530502473,2880.0614320542463,3043.9900244606606,3076.142855276837,3489.1416063334964,225.21531440575566,68.05577259047318,63.85720942073816,86.04278104159563,86.16334361725049,25.581951143368318,180.248857900136,293.40727261613625,,,,0.8291132468054695,0.87032714703724,,,0.6999127485766591,0.7000369228158029,0.6983505919879206,0.8273538906374305,0.730455303949757,0.7311546264930847,,0.8389785640772687,,,,0.9644445397639686,,,,,0.7042071560197815,,0.7040423088846004,0.6971327626923988,,0.6982080726550919,0.7074761140259911,0.7030758534897061,,,,,0.7072373502329439,0.6797798496871482,0.6778186020528072,0.6764087916430669,0.6817838328517057,,,,0.6834759124574964,0.6823642354113737,0.6841120785568569,0.6847986047196963,0.6843880749081417,0.6825140679007735,0.6847831090217854,0.682332608268149,,0.6817389326304386,,,0.6838588251030463,,0.6840501387714302,0.6862645529796441,,0.9608921107453114,0.6845458045913503,,,0.6823380800661407,0.6818799973799486,0.6831643294470525,,0.6820181513690318,,0.6838978343788954,,,0.682952650060976,0.6821872880909949,,,0.6834638381236747,0.6827928852533812,0.6815133684523497,0.6828319892969833,0.683925193985769,0.6814758522272153,0.6819814468695963,,,0.6513962871640289,,0.8794004928584966,0.5782646733558152,0.5761482327207007,0.5776604930643304,,0.57875856362764,0.578446332226207,,,0.480880282587724,,,0.48051122414849334,,,0.4803419287414102,0.48126133528876613,0.4819164196284587,0.48155519979625344,0.4797698479211568,,,0.48246997705272343,0.4805982621046924,0.4817141720551687,0.48257102292870235,,0.48049480085832397,0.4803739960680964,,,0.48169511859764574,0.4805550508272065,,,0.4821939377325367,0.47912708852213987,,,0.481719355522619,0.48156958016660123,0.4808956364952071,,,0.4809412244366495,0.48011208926056215,0.4802010142864188,,,0.47910939205827463,,0.9497475169282168,0.9472487998703969,,,0.948652651853659,,,,0.9503975619446744,0.94974527608266,0.9494175347666027,0.949892083399821,0.9461367611665085,,,,,0.9486793012894672,0.9453249530875661,0.9501542976625791,0.949179379527788,,0.9468164770375891,0.9481846588314,0.9468576884263001,,0.948299110662229,0.9468700287716699,,,,,0.9454785289588074,0.9479880577420711,,,0.9464060761968381,0.9458325319669518,0.9483561937454785,0.9478932310060988,0.9500809726955807,0.9466680091890796,,0.946078653911872,0.8852328759492929,0.8834156641171056,,0.885324763840261,0.8844943154049397,0.8848542758656645,0.8854339083376268,,,0.8860114546303343,0.8900906852640604,0.8886818998334639,0.8847330925903821,0.886428925408833,0.8850327182526819,0.8867249461996712,,,,0.8856043066813328,,0.8847161124409497,,0.8846595458641814,,,,,0.8864454687494284,,0.8850858613080125,,,0.8875397822434405,,0.8850971057019962,,0.8878700655647491,,,,,,0.8857568119320689,0.8880433460270295,0.8878549157386957,,0.8842021740418202,,,,,,0.5816432421357833,0.5804799155264642,,,,,0.5743274541174588,0.5714318984377541,0.5733016871942301,,,0.5267223430859012,,0.5257905512308797,,0.5275875688765255,0.528686774261188,0.5281540399001187,0.526688810036924,,0.5277856024363173,,0.5271215102458152,0.5270953036006222,0.5272580770079698,0.5270918785778839,0.5272241102876897,0.5264842833492812,,0.5265307665641731,0.5289384146222454,,,,,,0.5262557975561872,0.5271905324656985,0.5273919392438471,,,0.5256891898224423,,,0.526393066787424,0.5274880444116788,0.5267229249018145,0.5283385316001938,0.5268619623289081,0.5262787984393051,0.5259534937173068,,,,0.5156529939635599,0.5136868834214896,0.5146046826979419,0.5159923227588643,0.5155591916022603,0.5161735167109349,,0.5144409038887774,0.5149894111558118,,,0.5150175819529372,0.5153301901229971,,0.5163956121558337,0.5157337352940524,,0.5155063289445583,0.5149392192747825,0.5150156514483246,,0.5161587910948439,0.5163046035352382,0.5154100308724376,0.5156634854895727,,0.5147476502215338,0.5148105732250218,0.515915447155302,,0.9489864583118842,0.9521904261986923,0.9510091647350885,,0.9514213330670611,,0.9498284249105987,,0.9520183601585468,,0.9508160184082006,0.9467466379878768,0.9511739293416571,0.9506321068802628,0.9477203452447092,0.9472187045684265,,,,0.9446442197299532,0.9502086085347233,,0.9477579633073466,,,,,,,,0.9501928432299619,0.9492649648614929,,,0.9491219723468418,,0.9495985213066145,0.9527441589035044,,,,0.950240593927986,0.9517831394616643,0.9472314176922368,,,0.9505607354104278,,,0.9512138921751362,,,,0.9516199328331673,,0.950082062551845,0.9492171111470346,0.951282158959679,,0.9483409098452329,0.9474104294837034,0.9472627946539642,0.9496204858915578,,,0.9486146967015792,,0.9526111965842218,0.948636167992966,0.9489076447454261,0.9470468830320029,0.9475837053608195,,0.9511931564693515,0.9487572419178296,,0.9505008437004022,,,0.9511317623232918,,0.9527573909745658,,,,0.8899527841643642,0.8923649975819562,,0.8901039896851147,,0.5320098444623691,0.5327350179949272,,0.5329501745517684,0.6119745799488534,0.6113997647136964,,0.6112883530096466,0.6096307238553952,0.6117453690722425,0.4709848578824109,,0.9439401211012585,0.5733962423908384,0.5742707350927733,0.5731211255105945,0.562530837017425,,0.5632585999275146,0.5439793158465084,0.5438227324522886,,,0.8987664029917748,,,0.9248384582280099,,0.25121134862689265,0.9366456656174242,0.9219759057684516,,0.9462409282694659,,,0.9473531872645876,,0.947263006860371,,,,0.5349160546481381,0.5348475876375569,,0.5368320044887621,,,,0.5340991275368101,,0.5349209377129254,0.5351176728129083,0.5351132130752383,,0.5346825361551617,0.5351751682995448,0.5344380902176101,0.5358028735537054,0.5363357249699693,0.9090257763327723,0.9121718692594715,,,0.9076102987821095,0.910232656134433,0.012519511015525526,,,0.012494749898272577,1.0057575849833602,1.0062965233999637,,1.00655277901123,0.9038067003433975,0.905541862700498,,0.9041731719913975,,,0.5244252739982312,0.5249126203242555,0.5260243893985596,0.5226256148855716,,0.524045802230136,0.5262367345540029,,0.5252276490359296,0.5245669048343148,0.5243216329652576,0.5253074757846937,0.5234854810158618,0.526223877570286,0.524577404679596,0.5249897880609216,0.5251895840342414,,,,0.5233796835260952,0.5271783332429906,0.5255291871605854,,,,0.5229743520833207,0.5245828581422076,0.5254719771635286,,0.5241283807249352,0.5252899134778277,0.5252293492716625,0.5244036792213611,0.5254922606865332,0.5252722875008757,,0.5252968666228247,,,0.5242864157989539,,0.5261416161551536,,0.5261097919091119,,,0.524634467006575,,,0.5263476246501353,0.5263096306784409,0.5234622629091423,0.525100040201048,0.5258609188469789,,0.5244040585472047,0.5247439945975454,,,,,0.8882231496665218,0.888186928004093,,,0.8921695396609416,0.888916093961238,,0.8899728382703946,0.5518244590158824,,0.5525501929005228,0.5535713868373661,0.5526489802972652,0.553376241635092,,,0.5516627127977807,,0.5526641215923986,,0.5518164175755323,,0.5523677894161966,0.5512541324746325,,,,,,0.8920974673457381,,,0.8918294916116439,0.8924109897880964,0.8916821650200365,0.9504794994160466,0.9480060960275034,0.9482613267254849,,,0.9482681872637643,0.9475327123965807,,,0.9491417815322342,,,0.9486224089047185,,0.5517565651264873,0.5517475334996946,0.5533431961837861,0.5513569927137496,0.5527486749838328,,0.5527916414646947,0.5527423375537125,,,,0.5530553006471208,0.5437632626365227,,0.5508990564268169,,0.9514959550016107,0.9502704358141942,,0.9520818548625731,0.9517831656649935,,,0.8898266781658122,0.887865430236078,0.8883078036328304,,,0.8924565180592948,0.892514155338359,0.89279020967409,0.8908704342237114,0.8904163310988016,0.8939924443459938,,,0.8927458031693984,,0.8923625829181362,0.8914721569145698,0.8903878962381379,0.890041703769653,0.8930193947252938,0.8910639011230159,0.8911929371485632,0.8909044544254894,,0.8941423704740621,0.8922709480313117,,0.949110393289877,0.9495335662404777,0.9532777947698032,,,,0.9516468263097415,,,,0.9486345309937196,0.948490608414689,0.9476947552866919,0.9472843720104129,0.9492057288427457,0.9534213458457745,0.9522952887459424,0.9512151435564226,,,,0.948943291536661,,,,0.5172369364617794,0.5167614514436168,0.5165724847107465,0.5173575150711311,0.5160062022897961,0.5164037531247838,,,0.6904816242389081,,,,,0.7069173289737134,0.7043665015598812,0.7029351392474761,,0.7050209978519263,,0.7032913990949871,,0.7064431519706548,,0.7056470081946931,0.7033721871288062,0.7042362881218202,0.7056363221224384,,,,0.7055081995673008,0.704590540081396,0.7063282850211707,0.7050443616854625,0.7062165188451162,,0.7042494176561971,,0.7068613959471107,,0.706087830616466,,,0.7060896075374805,0.7043971761575454,,0.7052396625486188,0.7056241102651323,0.704319373021504,,,,,,0.7038610383363969,0.70532301059954,0.7051831139752673,,0.7039710060843667,0.7066381435125402,0.7039946720640394,,0.7054969438425376,,0.7058281238792636,0.7056735615484422,,0.7048330320334909,,0.704946839958135,,0.7069405963800321,0.7048254914650912,0.7052205279513928,0.7048308653010178,0.7041006041976795,,0.7037739571174008,,0.7046892891275742,,0.7047194355955396,,0.7042106070396713,0.7070021006245393,,0.7059554184540782,,0.7031868517100627,0.7031649857943403,0.7060388680161921,0.7062013472197707,,0.7044520121964378,,,,0.7056500592776586,0.7037750035319227,0.7048546171744399,0.7062006997711319,0.7071575085763826,0.7044254013895465,0.7034436220672109,,,0.7056716613938764,,0.705336659214592,,0.7018495563436743,0.707064849578642,0.7057538071259527,0.7044375116048797,,0.7052756533154876,,,0.70492293300534,0.7063781812451406,0.7049124103024226,,,0.7049378475049868,,,,0.704515980837824,0.7048500088329765,0.706977828389947,,0.7062046009769224,,,0.7037706962928683,0.7050031157494002,,0.7063648114067852,,,,0.7054518767590108,0.7039701100392325,,,0.7051194197924843,,0.7058278141431353,0.7052187535616508,0.7059749632369836,,,,0.7050813324085102,0.7060130592866063,,,,0.7059148371561597,0.7053063968750934,,,0.7063606917508646,,,,,0.7053806698670195,,0.7051398739113496,,,0.7051485798661853,,0.7069679445208862,0.7035952806933304,,0.7049026176998894,0.7058177945200063,0.7042792462828382,0.6560382620496298,0.6580876107082889,,,0.8443024441100726,0.9586933373829793,,,0.8389542015313728,,,
7,5,DG_10pct,20,Z13_F05,13,LL_AB,182914,182158,True,2802.3185131137147,2797.3981603420025,2804.698629672678,2811.3112266536564,2821.3434768615925,69.2609167163486,74.88979427854693,2890.544498154044,2913.9357574570286,2961.7951287963724,2976.9861429159237,3222.5830937033084,221.7714209656994,64.15330183889434,60.52903538250057,69.06238104229742,71.91416738755369,19.82106721410733,148.63801292466476,230.1500084673583,0.8030292002202913,,0.8062307032886874,0.8581677916676027,0.7931804684467733,,0.7454200808800113,,0.7071729166342134,0.708578330303452,0.6805412601185488,0.7817262278016234,0.7802754813594326,0.7816494361154463,0.6906803339840393,0.6888723920218764,,0.8173812274381042,,0.8177529088631964,0.709474229256683,0.7113780738524772,0.7095896442154688,0.70837406405437,0.711053456781782,0.7095814036622182,0.7033643867053495,,,0.7122024500296876,0.7134050410054209,0.7135855874160284,0.7134473028433793,,0.7140197935039778,0.759528766689192,,0.6660661461137606,0.6671950615471681,,0.6717906450882762,,0.6718647607295106,0.6731502279288013,0.6730608463786472,0.6746879591035664,,,0.6737546316781986,0.6726390868132095,,0.6738074757406676,0.6732250813270276,0.6739690861157198,0.673955363929688,0.6729332180130952,0.6731108525696458,,0.7410518604417101,0.6473755575603642,,0.736191344583324,0.737807771305944,0.7359497580459305,0.7353449578119354,,0.7360543386061492,0.7383869925249779,0.735776913217565,,0.7367894893906185,,,0.7378042749429629,0.7363944110672218,0.7391790049304607,,,0.7359948440446376,,0.7365321767869555,0.7342779778516407,,0.7372713512133011,0.7355470464086658,,,0.6418104238580487,0.4494432212578677,0.45434653466591207,0.4535617024144934,,0.45286223830191,0.4526896894767135,0.4517631851473361,0.5516170059801401,,0.5515349859299121,0.5530124130898173,0.5509943024168552,0.5517639313179457,,0.5500000394771483,,0.5511831811872846,,0.5529229645899206,0.5513748354093974,0.5526790948401079,,0.5523341955997186,0.552026321031916,,,,,0.5532606678663947,,0.5519120246739176,0.5507163054554384,0.5518501227905974,,0.5516879194682205,0.5519809100376417,,0.550473291556771,,0.5524327315932815,,,0.5515918916967457,,,0.5518280265585294,,,0.5519758836023361,0.5520043798188792,,0.7361165641763311,,0.7358675928063011,,,,0.7379945315046712,0.7352907008471632,,0.7368551715123101,0.7369598407336154,,0.7387187444942789,,,,,0.7356036305360554,0.7373742138264091,0.7368972594802226,0.7368604764690652,0.7360735229387222,,,0.7362859497933274,,,,,,,0.7368749299448941,0.7366503303467071,0.734706506321377,0.7372908322088413,0.7368250372138456,0.7368013989147202,0.7357137057652762,0.7377772894223044,0.7349572295566462,,,0.7350398859229123,,,,0.44961993791482213,0.4539799195169975,0.4513387615418577,0.4510839029489906,0.45056299208175316,0.4518851312164165,,,0.45095377131146064,0.4519033821169031,0.45171634148535383,0.45208263552175987,,,0.4503305623072541,,0.4524125929365783,,0.45317387011423976,0.4518673365380673,,,0.4524231894481284,0.4495950516645997,0.4516966561866909,,,0.4521637471010169,,0.4504481459169671,0.45102901130540574,,,0.4527770738075246,0.45217607108276076,0.45285310584569827,,0.45212202780060334,0.451382716834601,,,,,,,,0.4503621263931587,,0.44943021597562727,,,,,0.46953670812699305,,0.536526478956786,0.44582055376404117,,0.44646214453071653,0.44650716590965756,0.44609885783662484,0.4453581111575241,0.5878702188167431,0.5870077767086965,0.5890742004119959,,0.5861551099713052,0.5873568473587927,,,0.5881591354611606,0.5891627438771556,,0.5889129770768619,0.5885781480696123,,0.5894710849921774,0.5875551427838415,0.5890279631885038,0.5901211493964125,0.5883382907884219,0.588278746258558,0.5886119167405383,0.5886956478357183,0.5881712225223161,,,0.5863351547101937,0.5880461088109906,0.5884425791483378,,0.5884503840258088,0.587948025167727,0.5879312399955438,,0.587420056762715,,0.5859558636071426,0.5883520438052964,0.586454711601264,0.5849383252084321,0.5874618741260773,,0.5799154105152808,0.5788902579753183,0.5789180056084406,,0.5779337533917316,0.5778097838436835,0.5786553162134223,,0.5801006201048665,0.5780140377824509,0.5799463299403698,0.5774621097412999,0.579289663547101,0.5778344337703196,0.5783959854920369,0.5803813687021407,0.5794285524437611,0.5815112258245395,,0.5786859142197934,0.5781580717075695,0.5800189143471225,,,,0.5782085955693227,0.5788556756145532,,,0.5801174533058487,0.5782839565726051,0.7531104483888509,,,,,0.7549713681652745,0.7553411827768503,,0.7540226936908826,0.7536681184539065,,,0.7488751451890971,0.7492642019677502,0.7514239018910083,,0.7487508853496675,,0.7498698403650572,0.750623674698857,0.7495173584893254,0.7460939060929705,0.748840413694656,,,0.7502294713983184,,0.7540007725807488,,,0.7526891475965956,0.7538058894757451,0.7535763681829803,0.7526112144821961,0.7542771479281536,0.7533398230466427,,0.7566449047709454,,,,,,,0.7552509936779829,,0.7538571468177757,,,0.7533536618369092,0.7535299627726811,0.7520412620594935,0.7531840526379115,0.753213398733686,0.752707531767655,0.7539993059315979,,0.7508075059928335,0.7483152189745609,0.7475354038909355,,0.7485299660074547,,,0.7508226937734634,,,0.7489100198639927,0.7486701558775473,,0.747643848024208,0.74753010035991,0.7498759918920895,0.7493352939448036,,,,0.7499630145461117,0.7501046257262163,0.7469791083343225,0.751275761145379,,0.7509385332023529,,,0.74964233928129,,,,0.5041220353698904,0.5934087487916337,0.5923400207473233,,0.5924961708980321,,0.49737458537138235,0.49830671315222197,0.4981073221548825,0.4982688652378837,,0.4978950492359095,0.5427395062833806,0.44476579186707993,,0.4492957210751577,,0.4486339515024592,0.44251412894098746,,0.4428136383839769,0.4334308761618608,0.43520072276557975,0.4361526483944591,0.44533021751288265,0.3495914931841885,0.7200637714867606,0.3695663829837703,,,0.3326558759127384,0.2583036288841906,,0.23631631668223932,0.23636805489149088,0.2360099761574468,0.23652461043803988,,,0.23754114184293523,0.7272971739646203,,,,0.20877577220072938,0.2089584244908458,0.20883153819230088,0.20826923316675247,0.20859459843293113,,,,0.20855370365745785,,,0.2088912210403344,0.20872173315322098,,0.2086306644117143,,,0.7505632952556536,0.7481744377454516,0.7499353296309574,0.7499873598726914,0.7498060322455075,0.7359373849125496,0.011613388268926566,0.011641517698268593,0.01161908327964479,0.011615598806242067,,,0.01002448951018634,,,0.7808010802820362,,0.7803502835546409,,4.18865686401696e-05,4.188221651883673e-05,,4.193548761152705e-05,,4.194754177187005e-05,4.1825037927406204e-05,,,,4.181881123148529e-05,,4.186579437186573e-05,,4.187027024882457e-05,4.18622610323122e-05,,4.1905682417542565e-05,4.1945619135574825e-05,4.183676141090735e-05,,4.190491096022902e-05,,,,,4.186417787129353e-05,4.1893289741176927e-05,4.191544715788558e-05,4.176270673041453e-05,4.18322423922587e-05,4.179294339658816e-05,4.188807114500801e-05,4.176557639101252e-05,,4.1956381454546704e-05,4.186439232448307e-05,4.179913970122255e-05,,,4.1960693257517715e-05,,4.208361161703027e-05,4.178755130476835e-05,4.1974002114884116e-05,,,4.184346954019656e-05,,,4.184157791080962e-05,,,4.199590797243776e-05,4.184130825206323e-05,4.1989838327098245e-05,,4.188154726053119e-05,,0.523720843249848,0.5261405477330572,,,0.5231266410373678,,0.5237700109145478,0.5213078776794473,0.525102116380012,,,,0.6088585232525612,0.6073601281562956,,,0.60823569063331,,0.6082472963390941,,0.6091277626320432,0.6106829455790498,0.6076952462151973,0.6074900469314694,0.6081826270068353,0.607019068697876,0.6079417126457126,,,,0.606919656598637,,0.5250028692867517,0.5252389248908597,0.5238609202734296,,,0.5259108288749696,0.524540437142063,0.7609964459191182,0.7622731633226264,0.7617954467141534,,0.7601436290353893,0.7611271722170411,0.7589548027778954,0.7591090720599605,0.761387686108856,0.7598312607685394,0.7603009251870094,0.7620378673334031,0.7601283879946532,0.762020628935325,0.6069587777999501,0.607159560246555,0.6074616312647328,0.6069102072310852,,0.6096593149447358,,,,0.6087482207288729,,0.6077338045056392,0.5989329921201485,0.6054357128709371,0.6050169153909429,,0.7602177516148625,,0.7628373326998068,0.762834982612331,0.7625610616587635,0.7630390029490599,,,0.5236368360088991,0.523959945746825,0.5229765602367804,0.5236188932273493,,0.5238727496545887,0.5234447335160437,,0.5240180282075246,,,0.5239780684815077,0.5242381894384952,,,,0.5231012970298717,0.5233878662373711,0.5248266176405344,,0.5232963595662565,0.5241151200207433,0.5233868922647762,0.5226060569497822,,0.7625573741129249,0.7619480393034013,,0.7607328302401963,0.7653831641756851,0.76496791106713,0.7638772310054333,0.7613467868049454,,,,0.7611946260727572,,,0.7610344662123179,0.7602438227125133,0.7620826587940508,0.761091731164518,,,0.764437800065835,,0.7607682900312047,0.7625158297512499,0.7598253222771387,,0.35939080139847845,0.36037662546634786,0.3606235468155223,0.36087909860815026,0.36077852214863365,0.3598591077454911,0.6631066729898129,0.7020245444263805,0.6808860808165609,,,0.18713215736835034,0.712252046873648,0.7119892049426221,0.7122157289087417,0.71134192311649,0.7121786579385488,0.7125677707939223,0.7131043420452756,,0.7116027977955726,0.7120549546818506,,0.7147278911644946,,0.7097441951369252,0.7143539900270076,0.7114545090195386,,,,0.7126800609149868,0.7119553482365385,0.7113909187202525,0.7136354200816104,0.7131085595023698,0.7105427100945295,0.7105784444935813,,,,0.7119865773983064,0.7109386303710786,,,,0.7120259963074093,0.7117909909015382,,,0.7122895725531406,,,,0.7131769917674825,,,0.7122026906369531,,0.7115091379917139,0.7117449041158509,,0.7106796955800296,0.711031160280898,0.7112723838937575,0.7119649534166104,,,0.7122781514280423,,,0.7121232868383277,0.7130128274188468,0.712034705640596,0.7112357517826604,0.710926227730302,0.7138921206241224,0.7121611879266578,,0.709508711512244,,0.7103610869585172,,,0.710650477718303,0.7122476351633089,,,0.711369510596715,,,,0.7106132069802441,,0.7138228211166868,,0.7109982611542355,0.7145008640197263,0.7124478348710787,0.71120325868413,0.710806509243992,0.7108585030179159,,0.7133044022871463,0.7118694599313404,0.7121495682932083,0.7120368362410961,0.7091805546439217,0.7117318959190109,0.710465582037351,,,,,0.7106706514280207,0.7123185388529792,0.7112191123504553,0.7123535648683664,,0.7133088632222834,,0.709699067083128,,0.7131979361113423,0.7117685653832944,,,,0.7114477383623421,0.7107543169939265,0.7096684080797356,,,,0.7126786290762295,0.7126146298784721,0.7127143268500816,0.7132751683986241,0.7103535370121624,0.7119302318244237,0.710333542549777,0.7113722410721207,0.711232383919707,0.7122816171496049,,0.7110219140955361,0.7115858570437459,,0.711865533364147,,,0.7108121645983132,0.7101828878347629,0.7118934004306897,0.7114504753735441,0.711770491913325,0.7103908451329101,,,0.7117517822555652,0.7111644246320692,0.7111808049191413,0.7111126632167304,0.7138814535078895,0.7127913196837865,0.7117800799810159,,0.7103350628828922,0.7132266893957294,0.7123514863135271,0.7115391664991302,0.7140894448031486,0.7087306681751335,,0.713477637591561,0.7138159326633676,0.7104452001830868,,0.7126644155853361,0.7116075505136619,,,,,,,0.780435320133834,,0.6904771725595976,,,
7,5,DG_10pct,20,Z13_F06,13,LL_AB,275695,182149,True,2935.648028071846,2945.911613554804,2967.1618994412374,2993.440731940601,2988.8494689014933,72.89720509510724,78.98127822321258,3074.7371970745507,3098.549774212581,3195.1511034139635,3175.035259025991,3477.466261624815,197.86629330354214,64.69754562653095,61.48015913903476,72.60369820873036,77.20027508380025,18.947118404966535,157.8637048028003,252.00639551365015,0.797777987258743,0.793679203737137,,0.8433299155968786,0.783943007698493,0.8606669138308495,,,,0.6935933342754529,,,0.7642374491650751,0.7621296718640934,,,0.6773568020119852,,,0.8037595290229016,0.6922241178495793,,,0.6950239670903845,0.6948682903465686,0.6943274167117864,,,0.6880294526255737,0.6962976799064611,,0.6940308550250295,,,0.6962779185773216,0.7350726279388232,0.6499126058335328,,0.6500327251652894,,0.653797392297083,0.6542646209948508,0.6556468085551046,0.6539547214002605,0.6547690167622109,0.655928261341044,0.6559637659076616,0.6546467786122407,,,,,,,0.651220955925692,0.6561379816485913,,0.7159869903241403,0.717445395227144,,,,,,,0.7136158287014119,,0.7141587647862434,,0.7127454644223539,0.7135617362405385,0.7139766141954825,,,,0.7136769741168036,0.7152879428496725,,0.7165801578114323,0.7134434985339476,,0.7158230725422652,0.7146738099848062,0.713753654796384,,,,,,0.4197133466847128,0.42043067820882024,0.42129556988818667,0.4217454471134558,0.4209129294592021,,0.5107752106436987,,0.5125492940108504,0.5114377151469521,0.5115397997092462,0.5125033185943593,,0.5118215357375696,0.5126835610442607,,0.5127500369751122,,0.5128462630186389,,,0.5110871071791353,0.5118524042726684,0.5109210206506707,,,0.5118882433232028,,0.5115803793343963,0.5124268162691347,,0.5111847336687964,,0.5121201871797362,,0.5115030648621559,0.5096975019192342,,0.5113664287392862,,,0.5116609538026763,,,0.5130720089489461,,,0.5120316592362176,0.512296296093764,,0.7157148492816249,0.713284707855062,0.7144674401720311,,,0.7141334478307859,0.71471597060448,0.7129297440561828,0.7167575396765689,0.7137949077381158,,0.7149877138203607,0.7154353514737872,0.713921490447721,0.7161042909197274,,0.7144360858967226,0.7156827289716502,,,0.7124348049726007,0.7159417308264872,,0.7160907605654162,,0.7131947530385788,,,0.7134871607612876,0.7155214487689013,0.7133836535965326,,,0.7121343704528211,0.7151341187839494,,0.712891429690825,,0.7126507978529572,,0.713551424238722,,0.7142629320220967,0.7154271512419044,0.4200688289220202,,0.4216903030005199,,0.4205562022668866,0.4210570844417594,,,,0.41993885119129126,0.42176606427079655,,,0.42107781529114185,0.42172230288749285,0.42052451134147395,,0.4212267589867056,0.4202838993217707,0.4210129059776323,0.42223377980554955,0.42189178558188184,0.41873448819407405,,0.4195309662819589,0.4207583603667838,,,0.4200928117578445,0.4214435396193174,0.42043295370018413,,0.42031324477448967,,,,,0.4208729563894316,0.42085875688081614,0.4200296015826866,0.42053323622961297,,0.42108828235591933,,,0.4204851027620213,0.4208990136020054,0.4215994737944561,0.42129207188748174,,0.4199888446223557,,,0.43830996118546006,0.4377254962106554,,0.5352046985085148,,0.4124375072043825,0.4126767011171796,,0.41420660946653687,0.41401945289945785,0.41303364238563656,,0.5501583232018534,0.550723506528632,0.5505021404188365,,0.5512523995569232,,0.5517327545721733,,0.5521027400960347,,0.5537239677904878,0.5511811460612301,0.5505721584398158,0.5514279656916704,0.5504381860140066,,,0.5520291055273457,,0.5503657276632286,0.550707461919734,,,,,0.5512240909335876,0.551815884859408,0.5492668574437766,,,0.5494758716950906,0.5501938148921348,,,0.5510280051958374,0.5520000985753082,,0.5504494814738603,,,,,,0.5411104043814157,0.540689643607045,0.5424376211975516,0.5403303817425953,0.5407183810609484,,,0.5410789027526972,0.5423158992808574,0.5408555647709463,,0.5410948078311123,0.5395144074233372,,,0.5415206819648504,0.5408344426766291,0.5420117395689209,0.5406764934124649,0.5413858873362026,,0.5401561376728495,,,0.5418256339226398,0.5405516392711227,0.5412277360135606,,,,0.7350021072625218,,0.7334469537197742,0.7344319266375401,0.7337532490779978,,0.7324909883442675,0.731756623456716,,0.7283082424752628,0.7306964493312749,0.7286781035812162,0.7278979708701725,,0.7290321031687377,,0.7294512324115094,0.727982582458203,0.7286636943996257,0.7287045332982892,0.7287707781140874,,0.7285457182695765,,,,0.7315052876348294,0.7315295840296236,0.7304459587056621,0.7324078944650777,,,0.7315253830048506,,0.7332765793628154,,,0.7346528998152386,0.7342535648059736,,0.7339083436082551,,0.7332943556972681,0.7339935023180985,0.7359478360767497,0.7341412964838915,0.7334251152369833,0.7337433296104845,0.7322366124199378,,0.7315675051580893,0.7309901757783713,0.7354129665515461,0.7303698035061166,0.7305214068182313,,,0.7280486946486164,,0.7286521837909541,0.7276533711923097,,,,0.728832724046067,0.7282613550344925,,,,,0.7305827097486219,,,0.729055219616333,0.7290175880771761,0.7277122987659387,0.7290512434162916,0.7295371410806482,,0.7285786379224655,,,0.7294024625131001,,0.47717618173461485,,0.47620106498471754,0.47769287492035656,0.5578295872912751,,,0.5589904559442151,,0.4675514602507475,0.46780259550241843,0.46845363137398316,0.4683414319673175,,,0.5017304426679704,,,,,0.41437261225691496,,0.4106177316530087,,0.40328030323779285,,,,0.3140741096582256,0.7009557052985853,0.3107310735275841,,,,0.21416264128652746,,0.18916731960738953,,0.18942744433634168,0.1893362402707702,0.18958351041610813,0.24049585147035427,,,0.13874123843764954,,,,0.16377936888181474,,,,,0.16394345078664907,,0.1638097830273583,,0.16370373698306848,,,,,0.16374933202069442,0.16357332275071848,,,,0.7403916788871538,0.7377810443102883,0.7208336710833115,,0.015983034782708846,0.015965155697370056,,0.01593960751428933,0.01589347456833008,,0.0159283968721631,,,0.736086178535842,0.7361817679737138,4.408391424241428e-05,,4.409155982042698e-05,4.406527497019634e-05,4.409215398537432e-05,,4.4119371992354714e-05,,4.407400089196979e-05,4.394723572554368e-05,,,4.406805787867953e-05,4.4138028306905895e-05,,,4.4106149797513065e-05,,4.4121144935719574e-05,4.412795610808332e-05,,4.410497808083294e-05,,,4.403461385581673e-05,4.394578595601411e-05,4.40554289645054e-05,,4.398478394852095e-05,4.422758657101594e-05,4.4039955750314716e-05,4.4073184345896285e-05,,,,4.3955847265980284e-05,4.398774819230584e-05,,,,4.403716356738961e-05,4.421574261519492e-05,4.397332389660373e-05,4.4031978329180145e-05,4.412516913892058e-05,4.41652723415093e-05,4.415737875504186e-05,4.404523576760319e-05,4.4030434052586656e-05,4.421491996388702e-05,,4.3989235248769224e-05,4.4244209056202354e-05,,,4.4092963829302344e-05,4.412851544873193e-05,,,,,0.4963068109374794,,0.4974506406006556,0.49650126419985874,,0.4974766116626279,0.49650864641066966,0.4988620792994179,,0.497022205881187,0.49706280227271266,0.5723869423902391,,0.5743796742349252,,0.5748315382595833,,0.573789578901409,0.5742522404222529,,,0.5726902568886558,0.5736697090619304,,0.5723987337706997,,,0.5740968544423692,,0.5734216503702675,0.4993046044653745,0.496565623928079,0.49664539458691814,0.49901174221599387,,0.49839716181098015,,0.49640602187615057,0.7416660978229882,,0.7409097660016769,0.7415927042313303,0.74385877920353,0.7419371805321799,0.7407771780480447,0.7389225188981833,,0.7421443255503049,0.7423847873389733,,0.7421551029984013,0.7394504618110279,0.5740419038835864,0.5716558811918875,0.5736604402797857,,,,0.5731426917970208,0.5731826963626663,,0.5727594266736831,,0.5729875417951561,,,0.5723505535836325,,,0.7441830514899879,,0.7410610696706883,,0.7431574923461517,0.4985825724740465,0.4978392447529796,,,,0.4972752880941534,0.49881700028438086,0.4962049148852584,,0.49738960422586637,0.49825882543601646,0.49745548905575293,,,,,,0.4983114803273836,0.49807741227369245,,,,0.49580130955977164,,,0.49814121959456853,0.4982744762342914,0.7431839017562215,0.7416723130177454,0.7432650729358609,0.74451538943061,,,0.7435004736459508,0.7421419546231861,,,0.7380640273068209,0.7411374702765108,,0.7416190987570215,,0.7419819962798704,0.7411332641367809,,,,0.7426987262823279,0.7407812655284888,0.7409850749085677,0.743014332899589,0.7425582385630778,0.7413150579726779,,0.322810129067723,,,0.3246374128336526,,0.6457960714840523,0.6877839307916574,0.6621133495018277,0.6628293404411401,0.6627355578729969,0.1119723847130424,,,0.6953657750519536,0.6952067669299958,,,0.6964169013335019,,,0.6961487597817214,0.6953555540937983,0.6949661241329936,0.6944909825108595,0.6945610981927461,,,,0.6951281169663094,,,0.6948809973902815,0.6976480249132306,0.6960489899614716,0.6975561912447428,0.6940323433052236,,,0.6967928601722952,0.6948790844328344,0.6954105776659396,,,,,0.6944764609621323,,0.6945824055483278,0.6945746570918983,0.6951400840674529,0.695294788860902,0.6961315501926646,,,,,,0.6957624861471176,0.694423505424652,0.6938514245067605,0.6948783788192906,,0.6951293333023201,,,0.6957413529836615,0.6980109962970057,0.6952857118921792,,0.6952529005334017,0.6942166777922247,0.6971666082296769,,0.6949361610740719,,0.6987000702041233,0.6957614257578824,,0.6963235575878844,0.6942579239166251,,0.6970190669667261,,,0.692393170433998,0.6959141883716483,0.6950093172533777,0.6943086449294618,0.6937352387049849,0.6957353609633983,0.6974514294444134,0.6967656025493547,0.69684794108795,,0.6939530685338722,0.696213187417108,0.6936205996917565,0.6960430174523599,0.6957932037112502,0.6946271362186908,0.6992372060726821,0.6938134040928808,,0.695204631208888,,,,0.6965105316853473,0.6967698250392843,0.6986017374914607,0.6978322812756208,,,0.694347841088332,,,,0.6945426301532134,0.6956206540974522,0.6971823117691858,,0.695918725364126,0.6947834205295209,0.6952337581670958,0.6957231890096435,0.6966880138928292,,,,0.6950599154029933,0.6958845408182038,0.6957778332971897,0.696828740103249,,0.6970580467543236,,0.6957438453929335,0.6980818742482907,0.695474260830434,0.69632215549297,,0.6955997725770995,,,0.6971752929191628,,,,0.6984437790359848,,0.6962794256866933,,0.6991297960280106,,0.6948528182777088,,,0.6941483530059864,,0.6943212655412405,,0.6941082892364744,0.6948192272311285,,,,0.6977274705338339,,,,,0.6960900057954079,,0.6965326456989731,0.693556843026084,0.6980209962050946,0.6958291397650695,0.6974669186196517,,,0.6287037615758331,0.629952123235036,,,,0.7629516331437712,0.7624164125218819,0.6735302734077175,0.6767424972605138,0.803343272268213,
7,5,DG_10pct,20,Z13_F07,13,LL_AB,275695,182149,True,2947.25338008895,2947.5379236257572,2971.1207195756283,2982.5450210838935,2977.8190342710686,73.12340535585311,79.54642256114872,3084.425382090253,3098.6574568030874,3194.327412088454,3188.3774987976813,3499.4244112223473,199.7391869317483,64.7504161015837,61.68749286181594,72.87706657489588,77.16418850175975,18.92151063337163,158.59468642176094,252.5481425214243,,0.7955391931772611,,0.8433357460236733,0.7841475095886107,0.8621793069200594,,0.6957366509585152,0.693546926647095,0.6949111307305785,0.6674018464086069,,0.7631175153655395,0.7612967825369621,0.675181291831444,0.6758506482403737,,0.8038266809904548,0.8060847082874175,0.8041136964746735,0.6927244029785944,,0.6952030824132234,0.6937693561071667,0.6952505790024184,,0.6853422356596592,,0.6868083404082138,0.6962678822351106,0.6969392967071304,,0.6952451592434896,,0.6954877602535138,0.7376939887312525,0.6515484922012087,0.6501959379733466,0.6511779203018838,0.6523682615521508,,0.6556593845611504,0.6565460602150127,,0.654435861015855,0.6539495796643503,,,0.6570189356750743,0.6552284897459146,,,,,,0.6532970918517513,0.6568524329613815,0.7150020113695537,,,0.7846233908714274,0.7138900770707974,0.7146820287321949,,,,0.712510970573768,0.7134236719285219,,0.7155126155979541,0.7148297222993057,,,,,0.7142582208357449,,,0.7144419684522672,0.7148988587895286,0.7166177300534748,0.7146538083913656,0.7139978760061592,,0.7152660351974776,0.6228446889545269,0.6219149682110625,0.6238086390451013,0.4185729623477943,,0.42104445473951246,0.4207137780065772,0.4194964987082715,0.420309163699138,0.420579972130002,0.5117937707807004,,,0.5113318499429701,0.5135980943538577,0.5134306212776952,0.5120864824548712,0.5110889774441656,0.5120876153235373,,0.5112652775727597,,,0.5117505890097862,,0.5117619949101341,0.5125957281148702,,0.5131931039684406,,,,0.5124653732096396,,,0.5106893208096309,0.5124955289047588,,,,0.5131765826278059,,0.5113770194008079,0.5111180987823641,0.5119484017741931,0.5117032349735079,0.5118776536557503,,0.5103531656521051,,0.5108250788915657,,0.511141758478855,0.7149363209472357,0.7136960636493123,,0.713979846834745,0.7123383575775598,,0.7132171864645794,,0.7140446900129395,0.7161331837592728,0.7144618464561999,0.712365286063609,0.7143778033637075,0.7153653934529235,,,0.7134024940916789,0.7153296434262036,,,0.7155469300235446,0.7133837757727647,,0.7148134664058597,0.7146332838192418,,0.717457157710704,0.7131339318405564,,,0.714696852970935,,0.7144484849261304,0.7149947833233218,0.7144588406484881,,0.7141374329916867,,0.7139930850795353,0.7139833816329306,0.7147717764989672,0.7153264893567162,0.7141262141556793,,,0.4200221099946197,0.4207605682352193,0.41952703731511143,0.4202783107451789,,,0.41991992472101325,0.4207936089240591,0.42000000000601834,0.42070818791181247,,,0.42036131572510904,0.41977606399369777,0.42182183300332454,0.4199967119253169,0.4201616695258247,0.4207356560863408,,,0.4207560255126215,0.4209765046719224,,,,,,0.4210259196967143,0.4197586228408652,0.42019867470240263,0.42011879709544586,0.42109573559150976,0.4190727398847322,0.42027494942230176,0.4208834544673084,,,0.4213443531572508,0.4206751198180622,0.42176761430215326,,0.4220736294719873,0.4198594537283835,,0.4204835547257344,,0.4209067535784382,0.420487587839689,,0.42158055200772593,0.4205118538424946,0.42070144955531397,,0.4363456020331873,0.4382991742219688,,0.5361134576612437,0.49618887856693417,0.4118943856157118,0.4142040513926429,,0.41308453206195334,0.41281448117168107,,0.5526387676829136,0.5518208029961261,0.5518338983513035,0.5525195616402034,,0.5506955359114162,,0.5506534131099432,0.550631403177724,,,0.5511333512858413,,,,0.5513663000062867,0.5506211210065958,0.5517961066984379,0.5525656339148871,0.5507430346064526,0.552194559641464,0.550713897648694,,0.5521761619011719,,0.5503730154349468,0.5513500691913052,0.5513122368593248,0.549497348542086,0.5517672811773664,0.5527413467844938,0.550910461111774,0.5516655464516983,,0.550379005762989,,0.5521251529025316,,,0.5497024607891685,0.5418063127689543,,,,,0.5405552680028615,0.5420312971512383,0.5398324274484632,0.5425891809460106,,,0.5418654088694019,0.5424606234109592,,,0.5420425632889124,0.5413152424177944,0.5408801599928331,0.5413842520788107,0.5407222689547307,0.5414758945479884,0.5412651962683034,0.5403307678718958,0.5401289030155678,,0.5417022958843163,,,0.5402192017099878,,0.540992566136004,,,0.7337609200658268,0.733501842495148,0.7338368366530031,,0.7344220282861187,0.7349613845175638,,0.7332521634859754,0.7318494933092985,0.7343228847793515,0.7293193118050587,0.728649775934341,0.7295842196077225,,0.7307827019290644,,,0.7264181155740096,,0.7292554506419959,0.730301313248615,,,,,0.7318837376097552,0.7334165378422789,,0.7330345752445743,0.7337585549520992,,0.7310361958474604,0.7353885472369046,0.7303892560184922,0.7331908711969355,0.7306370313515026,0.7325370165711311,0.7327833626575093,0.7322391712251088,,,,,0.7310470666404058,,0.7318501680093492,,0.7328451922270414,0.7337750721389902,0.7341475234353366,,,0.733153488372641,0.7337497740997018,0.7362430081145116,0.7344158408810241,0.7265740756796446,0.728184475762873,,0.7295508938910268,,0.727638667398304,,,0.7308085250966214,0.7288500391035829,0.7299671144625524,0.7300723917580144,0.7282374514292248,0.7288657179659607,,,,0.7297402671089841,0.7287615015748398,,0.7291747172584814,0.7286110201119727,0.7301796487193998,,0.7300049123202988,,0.7283750871396522,,0.7307472785923285,,0.47654235601349376,0.47687566420942173,0.47669663016242453,0.5574745390386813,,0.5577175298369367,,0.5571736453493052,0.46750462655541175,0.4683963323824856,0.46854995975413705,0.46747108100706597,0.46755083874555264,,0.5015503137725531,0.4140644136829699,0.7147353611454215,0.41490443105400826,0.4148533981231187,0.41464774241209984,0.41050461305267644,0.4102367514485184,,0.40395416876403895,0.4024661873685099,0.40360592376528076,0.39459461096242143,0.3135605782393529,0.7018085949518105,,,,0.2703956113032582,,0.7047277124624434,0.189296857467562,0.18905317339944458,,0.1894139233350739,0.1894394387609134,0.2402974728405102,0.18952988280359045,0.7058986352988994,0.1388520796181135,0.139228095255354,0.16330173056124078,,0.16355517125424626,0.16398959169359686,0.16410880056941335,0.16360986431228983,0.16369495007724585,0.16404202979639762,0.1629705408314958,,,0.16361269266589198,0.16366385607372744,0.16336466759334858,0.16352234730719678,,,,,0.7380227346338109,,,,0.7206173122283837,,,0.01595662750608558,0.015957553180540665,0.015945358731238545,0.01595822321171203,0.015913732321081408,,0.7375343814054491,,,0.7376687780877852,,,4.398888752229683e-05,,4.402435417245797e-05,4.4083493616734663e-05,,4.4085761001502146e-05,4.392905932883654e-05,,4.4090033711594415e-05,4.4108520430307165e-05,4.4037139270054025e-05,4.394815947531655e-05,,,,,,4.406307435625566e-05,4.3979926442774235e-05,4.4129558292188735e-05,4.400134487705646e-05,,4.405634031652672e-05,4.4104248203828174e-05,4.408278716581752e-05,4.392443728122562e-05,,4.399306356312132e-05,4.411588452141595e-05,,,4.404299251519509e-05,4.4018124071765466e-05,4.4041140634101906e-05,,4.4102869365686955e-05,,,,4.407110015462269e-05,4.407941323774563e-05,4.398950875316516e-05,4.4082523129855456e-05,4.416609524598689e-05,4.410525825849693e-05,4.414477420100208e-05,4.4142250572014084e-05,4.4120709338709445e-05,,,,4.4121517295771234e-05,4.4032566290650136e-05,,4.424388251511482e-05,4.4126340138853075e-05,4.4200869277650286e-05,4.418908052385548e-05,,0.4983809632197945,0.4971502008494379,0.49626477976220057,0.4974380813648951,,,,,,0.4961908597454713,,0.5739705724366462,0.5732338759129042,0.573428742890582,,,,0.5753825609110331,,0.574885650957363,,,,0.5755373986641255,0.5719324594773294,,0.5741240410147208,,0.5737478305671423,0.5758516158769538,0.4986973773866402,0.4980081349885493,,,0.49784628369529726,0.49823241469744456,,0.49909245029034466,0.7413457252523283,,0.7428608281922165,,0.740907960222452,0.7420544643871104,0.7398421145705858,0.7412448540191957,0.7399198306457108,0.7419896728375175,0.7398512041524705,0.7412305573923597,,0.7422598038266145,,,0.5734691132469194,,0.5743120322358071,,0.574006170642674,0.574632442476343,0.5745410046561636,0.5742651649502861,0.5721211382349586,,,0.573059673907635,0.5728976640622665,,0.7432901623375368,0.7430147194399511,0.7423463858208943,0.7405723724400094,,0.7409302404982727,,0.4980837071357692,,,0.49808034067759843,,,0.4966360915215766,0.4953730874982691,0.49812948647827326,,0.4972107524946336,0.4989387973072395,,,0.4972495283861799,,0.49693656774477935,0.49820757143809974,0.49658179786263845,0.49855943066041775,0.49724628032738094,0.4981863388187319,0.49723472083063347,0.49750631405370993,0.4979549148606118,0.498559257837822,,0.7465437720134259,,0.7441903134285354,0.741967946689064,0.7420343566274394,0.7419596653035951,0.7427536463180802,0.7418400308109928,0.7429432607862675,,,0.7430527898803279,0.7425264572543016,0.7398861144306763,,,,0.7432798178341231,0.7422969468798777,0.7436499086218986,0.7414169676633842,,0.7439572357067497,,,,0.32396087366136006,0.3244913942720163,0.32368614307426236,,0.3231557080305958,,0.688506896634562,,,0.6621315512303145,0.11202211154592256,0.6952133450747944,0.6970486417582972,0.6952288136733225,0.6949766038855371,0.6952155037773394,,,0.6953885880780457,0.6948717932398274,0.6964063641474412,,0.69747098598199,,0.69586479873607,,,,,0.6952415259801429,0.6941767749702652,,0.6949628855443188,0.6953587754732585,,0.6958238718633485,,0.6948115007014547,0.6948141036237819,0.6953148599978456,0.6968639213596037,0.6955816129935387,,,,0.6974023682099987,0.6944592280620587,0.6949256035878526,,0.6942565803138437,0.6971627985235642,,0.6954896140345272,,,0.6948640032946699,0.696375594211168,0.6954254396231435,,,,,0.6949218452725667,0.6963805531611312,0.6941980949300772,0.697276370423713,0.6953057797753187,,0.6951958826119657,,,0.6963034577268441,0.6974153311317413,,0.6952113356293788,0.6976713495703022,,,0.6962701417770513,,,,,,,,0.6953052353124596,0.6951240820959874,0.6963508109764691,,0.6948881532453804,0.6976287223759559,0.6959884748759898,,0.6979271511908103,0.6968349687849045,0.6956083350085565,0.6958577667644802,,0.6951766467817968,0.6978566878479321,,0.6954959326871025,0.6961834549121546,,,,0.6939012865890308,0.695392411445373,0.6950566341107846,,,0.6977025367024907,,,0.6951072798319343,,0.6950942767121127,0.695242922974601,0.6951983061901654,,,0.6967152064942788,,0.6954271220632349,0.6948420581562383,0.6959807727077229,,,0.6989387576460836,0.6946879943733479,0.6948590995713556,,,,0.6969424929666211,0.6955511517555066,0.6940755455353761,,,,0.6941349230011417,0.6927941586057544,0.6953921229515216,0.6961373581616123,,,0.694549476297392,,0.6955820696991611,,0.6946511821536807,0.6952823266815706,0.6957130268835567,,,0.6949668996163971,,,,0.6971392083319825,0.6965847483066527,0.695298292932787,,,0.6960891208868737,0.6988502536803181,0.6972023842389129,0.6948314085935883,0.6960018893727694,0.695689216967009,0.6941234084168869,0.6938333824625114,0.6951898413290403,0.6954710839980729,,0.6971512453656605,,0.6946125203726525,0.627852855032236,0.6288978472824375,,,,,0.7608622298627589,0.7610250900763673,,,0.8040456949757704,0.8044603473089875
7,5,DG_10pct,20,Z13_F08,13,LL_AB,182901,182148,True,2964.5894198215397,2948.6595658915016,2947.9626619927594,2965.9044657566596,2972.576525721368,72.60510815350044,78.86465884347119,3057.3497309487484,3093.6294409132506,3183.5473560293067,3164.201714928339,3494.021809713955,201.27318288361465,64.57655303165032,61.34087804927019,72.18304456540555,76.48789843143872,18.88841270642585,156.82114399900098,250.05333235163724,0.7968277515030293,0.7947471954589406,,,0.786692742729911,,,0.6945747321754636,0.695925396944454,,,0.763465632944647,,0.7620466614078788,0.6766162943754965,,0.6756630846564163,,,0.8039981532626731,,0.6947270700096493,,,0.6936901190252248,,0.6881249264888903,,,,0.697057669549664,,,0.6967092345393089,0.697705036074726,0.7392554923852798,,0.6512591757362574,,0.6530474829390864,0.6549970446411771,0.6533200861158726,,0.6562011121690706,0.6556093947831868,0.6565318195200702,0.6549045097929399,0.6569008722455068,,0.6566058989543485,0.6554685118329661,0.6551266646414086,0.6558313089648061,0.6561880255590349,,0.6544353198197413,,,0.7186960186377694,,0.7838835421603851,0.7165200242753509,0.7140105578833731,0.7159612914389549,,,,0.7149637103634711,0.7160801530666016,0.7150417295513144,0.7177800995515123,,0.718396158131473,0.715880941339661,0.7154638648169785,0.7134406601827707,0.7179551347520542,,,0.7139363568257031,,0.7170311241422521,0.7136147915141278,,0.7171661419322425,0.6244729277804436,0.6223442474279202,0.6241080831464132,0.4200698160882247,,,,0.4224660923307216,,,0.5147067116854007,,0.5136814576277501,,0.5144902914293217,0.5147984476693099,0.5132732096663352,0.5126591493993903,,,,,0.5141774107387688,0.5140270322586803,0.5144423912760565,,0.5129503581245379,0.514447234670056,,,,0.5119020984235538,,0.5131301886477105,0.5137457896497655,,0.5145735151511396,,0.5131501096556114,,0.514012126093922,0.5133136007458794,,0.5137304814591652,,0.5131703650164955,0.5144202056318093,0.5125037709518648,,,,,0.5128214909750526,0.7155663265014824,0.7171487724749624,,,0.7152764520422196,0.7162957248763502,0.7133409633263949,0.7165534359764824,,,,,0.7165693775820983,,,0.7160618392080781,,0.7158174491458945,0.717219200595236,,,,,0.7155426455644506,0.7138043198363021,,0.7173102097126616,0.7160966728983966,0.7155829052277155,0.7151071841672667,0.7171082227000352,0.7157906480394737,,0.7155283718849426,0.7146411076142519,0.7159360391008479,0.7161182938655659,,0.7176476733908917,0.716839362864494,0.7164938458785929,0.7162419443337406,0.7153734153138445,0.7147881360116703,0.7160550491274937,0.42138828856389565,0.42274469493902617,,0.42209039440702,0.4208942449162323,0.42067622468976124,,,,,0.4220584267710491,0.42306066662427017,,0.42101766432197407,,0.4234728218517184,0.4230173237937916,0.42354463390982194,0.42273297021561357,0.4226467365337047,0.422353881012357,,0.4209237510324297,,0.4217244295402453,0.4228432786048597,0.42112708757755957,0.42226117130425883,,0.4227442671672356,0.4210943792800644,,0.4212937600397547,0.4217341007292423,,,,0.42225789243984346,0.4224920025105842,0.42302263221038955,0.4216962962471168,0.42292540193962996,,0.4215907068565706,,0.4211044276791546,,,,,0.4217573430207224,0.4222961585534553,0.4218455904047387,0.4383666177159738,0.4392784286132241,0.43977247486781607,0.5381241247408314,,,0.4145387580997282,,0.4144103371854263,0.4141136071524321,0.4137219115450458,0.5550531135643795,,,,0.5542237256527154,,,,0.5530208086669722,0.5533125471583302,0.5519674309179805,0.5520349940297049,0.5527355593919822,0.5526754812003892,0.5539270293748804,0.5527256528376387,,0.5538003064468463,0.5542929220852453,0.5525801514389778,0.5537190377336262,0.5533079998034336,,,0.5551043088554776,0.5531288999665996,,0.5535492194824273,,,0.5551469203051058,0.5520835421739279,0.5528964794803173,,0.5528671303541636,,,,0.5528517709330958,0.5527580307872312,0.5422530093894875,0.5419163278782739,0.5419384172263301,,,,0.5439348654219747,,0.5430216989474609,0.542343036589783,0.5440824233478485,0.5424996592929834,,,,0.5417953138394759,0.5448315563047813,,0.542305221533212,0.5424818722742488,,,0.5426080323141261,0.5416263103164485,0.5430293288958526,0.5448334739236274,,,0.5423039291706613,0.5423988169312914,0.5436089809901724,0.5417795083545719,0.735126456493799,0.7343815884289974,,0.7350308401264183,,0.7348640282423916,0.7354760450963489,,0.7371359218034432,0.7351838950917478,,,,,0.7323431766911768,0.7311905058053496,0.7301340298455729,0.7301742309477026,,0.7316224629637621,0.7309983843977943,,,,0.7318143655109743,0.7297433383775693,0.733910449014482,0.7337951372760043,0.7344495266134006,0.7334049029452105,,0.7332350382901657,,0.7354518185499109,0.7328332577228532,0.7344978422983355,0.7345231118741475,,,0.7350860692274538,0.7361590330147969,0.7359910484414254,,,0.7358532529403744,0.7335257515029148,,0.7329627096478254,0.7347588645045183,,,0.7351899348881928,0.7342420115632373,0.7350366991595201,0.7341838366084961,,0.7346692659549787,,0.73087343033132,,,0.7282796449103777,0.7302189336150626,0.7287311647130051,0.7298571539437043,,,0.7307109213804506,0.7284411391231892,0.7317370855460932,0.730324501755629,0.7311657900678767,0.7298697610865987,,,0.7311124429624445,0.7310872725539156,,,,0.7328494891997608,0.7301324122699688,0.7305149850717997,0.7323613692681289,,,,0.47926971104926,,0.47960773310053767,0.5585684743834287,0.5602126928161328,,,,0.4694172899275063,0.46844085584244216,0.4712504698021392,0.46946860130923007,0.470586698681896,0.46982387426250793,0.5052604555542758,0.41437051262800284,0.7148164141628927,,,0.4160215147594306,0.41090257747015907,0.41141626978488854,0.41100435288144616,0.404546177958805,0.4036618735181891,0.40422934450282993,,0.3145473311483566,0.7025290304969617,,0.24612778775890462,0.7049428639820116,,0.21608390945127157,0.7073480491116793,,0.19145301780136106,0.19170117559994396,0.1908949378524205,,0.24407445723240756,,,0.14124730290133003,0.14146935988365386,0.16544311183606747,,0.16525472177831532,,,,0.16514989731458862,0.16560689086926494,0.16542343842929813,0.16513846958419717,0.16578752656172893,,0.1658556672619891,0.16551567475005863,,0.16559657259523158,0.1654500378526759,,,0.7402161371642391,0.7398388203844387,,0.7394024023018998,0.7235785356205974,0.015077173870873695,,,0.015088529553296278,,0.014983148300799835,,0.014984641709438704,0.7382774524583908,,0.7386993643983997,0.7390687062989769,4.383314322833488e-05,4.389476775531738e-05,,4.381818860527794e-05,,4.392844515206934e-05,4.3727383729091827e-05,4.3854814504581515e-05,4.4004086727914165e-05,4.390089817475351e-05,4.39248106925871e-05,,4.384807955708924e-05,,4.410560431853536e-05,4.3976860478095184e-05,4.396097884293546e-05,4.3974993059018355e-05,,4.403261988526214e-05,4.3968066597002696e-05,4.384588252230433e-05,4.397839797944624e-05,4.391510955434113e-05,4.39391327443959e-05,,4.387806912280455e-05,,4.394165034260804e-05,,4.400980797250678e-05,4.394782962839725e-05,,4.3892929034572294e-05,,4.3934203697387554e-05,4.3990154643297426e-05,4.383238232024825e-05,4.3981825333008314e-05,4.394496420433895e-05,4.4085201831594923e-05,,,,,,,4.400492762467096e-05,,4.386446790138253e-05,4.405166117377698e-05,,4.391080582061157e-05,4.406067161739435e-05,,4.398007331199429e-05,4.406778706849713e-05,4.406176366435825e-05,4.4134603550476735e-05,4.394501635352272e-05,0.49748883079978373,0.49700328746408795,,0.49801645335033257,,0.49872374654793034,0.49990827722932596,,,0.49913707143037833,0.49932381616813054,0.4971658717318756,0.5764846363054782,,0.5759859624939035,,,,,,,,0.5751030004797053,0.5746862386592363,0.5738118534107961,0.576219171799158,,,0.5745460324264701,0.5748347859295672,,0.4997687578379528,0.49943548386990344,0.4977599568596177,0.49969014485546265,,,0.49910089158942417,0.49938542704595396,,,0.7439567089752349,0.7432528183764519,,,,0.7407615669414647,0.7417246815997064,,,,0.741264882668929,0.744890313858052,0.5749115256289564,,0.5750394368857072,0.5753595239082128,0.5758004454577973,0.5771790686141347,0.5766145689245127,0.5762335202795754,,0.5747984582407961,0.5761842369896684,,0.5671001699571786,0.572650727968175,0.5744462878669577,,,0.7452594095874423,0.7454204608440256,0.7429025869003139,0.7450260695713548,0.7432581322313926,,0.49896047776248903,0.4986107635969537,0.49957492611388277,,0.498397672122272,0.49984359221513924,0.4985715557268378,,,,0.49753925621487094,,0.500840546100346,,,,0.49876812791197367,,0.4995668326430005,0.4994997646673829,0.4993485072827988,0.49951877598344735,,0.49967056837721363,0.4991327463302105,0.49675827372325,,0.7448413558717851,0.7461695194415155,0.7447305187973876,0.7440461628749726,,0.7438926142877017,0.745887388676643,0.7448463675477396,0.7438934951252371,0.7423370231743751,,0.7435116709167284,0.7429180453143999,0.7428966980991595,0.7436751645354757,0.7423504911925556,0.7421370710664658,0.7445395171815063,,0.7450069688585562,0.7438622648689885,0.744746445702375,,0.7437363206151137,0.7443030402671181,0.32664357607978806,0.3259526979033159,,0.32631666989800057,0.32732595130662956,0.3252544939383921,0.6462118184460545,0.6907468505841078,,,0.6638759827079551,,0.6972747648844194,,0.695146892525412,,,,,0.6955732029157967,,0.6962942861201571,,0.6955838555260873,0.6949884030710183,0.6952047039994338,0.6964866093327778,0.6952936169127948,0.6971624022061804,0.698680192800778,,0.694140372220446,0.6959938616339997,0.6970757271458308,0.6976980509577442,,,,0.6948958062969914,,,0.6961008964796016,0.6963168603473403,,0.6961354396773692,,,0.6963857989874153,0.6942220597309922,,0.6955447619888812,0.6959418363697163,,0.6988881274852881,,,,0.6960043560055575,,0.6957986806875062,0.6967840107140386,0.6950078434624473,,0.6955021680147819,0.6947369062525521,0.6955080349765654,0.6982266920098509,0.6966254304379041,,0.6965067666027638,0.6950686073574956,0.696351872549593,0.6973334248983086,,,0.6973798128686586,,,,0.6964684170799845,,0.697369019485402,0.6960299048469599,,0.6941808976444231,0.698072014502959,,,0.6980249878049676,,0.6952930121736496,0.6966999898552725,0.6964297709207343,,0.6967908748165533,0.6958267995954838,,0.6977640823921789,,0.6970972342345374,0.696323334368711,,,0.6969873877944939,,0.6965569105861693,0.6929999087678417,0.6944507660056867,,0.6968348001494694,0.6962983640325259,0.696342417480428,0.6948482424762334,,0.6945843004503073,,0.6971058023090533,,,,0.6981392047612652,0.6970447277861725,0.6971834831513452,,0.6984693808189172,0.6956177426214661,,0.6978840448096746,0.6980106421672678,0.6941393949608634,0.6963484167822434,,,0.6964723514087829,0.6945267078700703,0.6954352408119067,,,0.6963973069755657,0.6980531046273656,0.695531337148393,,0.6959249479775654,0.6977764598122812,0.694882054042047,0.6980728455883088,,0.6966786003401649,,,0.6958417605471864,0.6937418701922277,0.6971678727921984,0.697820469854519,0.6971226990654414,,0.6980895704179948,0.6950907986329832,0.6950312426233566,0.6977567527092458,,0.6967611412657646,,0.6983226084263258,0.696687542043873,0.6974375647617003,,,0.6973674678326277,,,0.697034554553787,,0.6942662093308776,0.6947106277808768,0.6967851836158394,0.6969323047270342,0.6984587507660445,,0.6939828939023014,0.6287417688562392,,0.6308324485640027,0.7299864844136013,0.6469909149557337,,,,0.6772625516474954,0.675535515796763,0.803720464306923,
7,5,DG_10pct,20,Z13_F09,13,3PH,275695,182149,True,2897.413079488833,2881.156693085148,2930.7566979077496,2987.7752163155906,2982.8024760207786,36.55668288777494,35.12715400275688,3120.320604719182,3117.6567816313263,3177.802030903405,3167.3792520321404,3201.058880787284,0.0038483526060945736,55.00595944538235,50.896513963159364,37.234319344599086,29.749069581088094,11.328988742722515,59.326621625873294,52.4347047335981,0.7946673214224091,0.795237540797767,0.7954832034718912,0.8009160576608358,,0.7984021980361294,0.7516795366774915,,,0.6903151341505918,,,0.6987863695660286,0.6971352883721528,,0.6962374064302843,,,0.6968469703560453,,0.6878260346595669,0.6885396858165413,,0.689868891169102,0.6904705812964372,,0.6806157329447624,,0.683012899168537,0.6923614900695952,,0.6923775820581832,,0.6917942204438379,,0.6711060974813642,0.6434533505084717,,0.645178667266582,0.6487394908513929,0.649440354617279,0.6500849422978977,0.652244867234265,,,0.6508499523433791,,0.650752543027123,0.6538584570004244,0.6534361256852143,,0.6522912424998892,0.653394504421477,0.6523483968875865,,0.6522032567625122,0.6498261501019277,0.6471483997908021,,0.6515401355462386,,0.6448123622983495,,0.6464958344151045,,0.6454330946722525,0.6446811906898781,,0.6444759498950671,0.6460069522500838,,,0.6451575122208267,,0.6460369796946858,0.6444774703575475,,,0.6447386068759232,,,0.6462141466424729,0.6461082483053143,0.6449645816184343,0.6466201839609441,0.6200272862485684,0.6194061957377981,0.6183836445791322,0.41920788250873603,0.41798512075064725,,0.4173092083242337,0.4170407049779748,,,0.4202285975134809,0.42038236394722206,0.4212743905704962,0.42071498281590597,0.42066099916259214,0.4225451615389334,,0.42078220147773626,0.4216587792321089,0.42243886734628733,,,0.4215195511119308,0.42196662886551156,,,,0.42116583643579186,0.42132948168864726,,0.42171695382096697,0.4217147746458369,,,0.42049678550274305,,,0.42068083304131215,,,0.42120891048362563,,,0.42171037127648486,0.4216470787281622,,0.422280182149944,0.4202943604426021,0.42107655922645826,0.4202509064820647,0.42189320884650616,,0.42179120120471314,0.42089636752018555,,0.42067456743863485,0.42093262862687797,,0.4215730612309526,,,0.42114558435926835,,0.4214332892051361,,0.4211035258888665,,,,0.420292456165334,,0.420459499458255,0.4206998093337959,,0.42108716851276157,0.4214288011573705,0.420572951775391,0.4205453961974667,,0.4206432055228721,0.42002829946266823,0.4217246164396921,0.4221466648002857,,,,,,,0.4221311388258225,0.4217002691633141,,0.42077330161464693,0.4201297546895882,,0.4200746710229337,0.42050943687856496,,,,0.42188118463461893,0.42229369246061654,,,,,0.42217402916435576,,,,,0.422207580093083,0.4206086983495761,,0.4218600650065401,0.4210056828740251,0.4226583380275913,0.42285360244778486,0.4229326096307475,,,0.42128942679628467,0.421242311103708,,,0.42185166826376835,0.4215863500654338,0.4214859638635634,,,0.4205070463315196,0.42151009872031214,0.4214179840036677,0.4212493209568679,0.42119249996506625,,0.4207477856938772,,0.4224388122337012,0.42227897462455455,0.42071332887894014,0.4222910066930587,0.4218952027706893,,0.4214116565483814,,0.4215120693427823,0.4218894639630275,,0.421967987560173,0.42098715138532383,0.42831857075160007,,0.42816328839068724,0.4494250852417793,0.41137538033596577,0.4094489399213419,0.40868780986492614,0.40992540293386376,,,,0.4666761632911433,,,0.46665409908388,,,0.466986762997236,0.46530873485244983,,0.4671300237157236,,0.4668477613783373,0.4662256139735851,0.46681789776411503,0.4671928012611188,,,0.46626275707976417,0.4662870649625899,,0.46645759697918404,0.466348667167216,0.4674874233582057,0.4653088256892525,,0.46550110209963413,0.4657787655231558,0.4658564987242159,,0.4667549315576136,0.46567396434012,,,,0.46595873530369597,0.4674052756371539,,,,0.4655003682767425,0.45589347599912733,0.4552710629831249,0.45533005459110004,0.4560048945284706,0.45441905483598577,0.45450000670311985,0.45541972524282487,0.4554532262925636,0.4545136560632238,0.45451993451995604,,,0.45402348122783326,0.45477770833953557,0.4561765861212989,,0.4542417069331129,0.4554902093481561,0.45566036119501574,0.45568699519617745,,,0.4546521043944909,0.4560511612965362,0.45455020903949095,,,0.45593460903525634,0.4555974835331033,0.4552446622570374,0.4554560922416019,0.45598214934177006,,,0.4649113175074102,,0.4655181305060106,,0.4656155783182833,,0.46542757325890877,0.465719732328085,,0.4545959583534825,0.4546309702297347,0.45294705314489553,0.4549995062771057,,0.4541907980592755,0.4529938869892367,0.45409603585423747,0.45228610481888504,0.4542059566585207,0.45317379613166264,,,0.45429567876565674,0.45339336296033544,,0.4660536065001496,,0.46523749705960427,0.46551365100803355,,0.46489153330784255,0.4647037079228723,,,0.46539977100208096,,0.4644209776412587,,0.4649117914215974,0.46501687766348826,0.46576602967591485,0.465283691330036,,,0.4650480438923618,0.4636835998561678,0.46627632097225596,0.46553944268780617,0.4632788713909716,0.4656790923728859,0.46634512114454596,,0.4661636016550745,0.4643591545031305,,,,0.4543113144231763,0.4542229511546161,,0.4537415788774589,0.4529297440514702,0.45356332401570093,0.4541654320096673,0.4550532066488876,,0.45371618756926607,0.45416353559968997,,,0.45418045666200346,0.4543037270427062,,0.45536300475563984,0.45398658629975847,,0.45477773742083194,0.4533062576624564,0.45325503107540693,0.4545273843890456,,,0.454780896819008,0.4553521631109811,0.47265213111115517,,0.47136733078616233,,,,,,0.47230930142007177,,,0.46248834044354636,0.4626494973258188,0.46246163827215375,0.46354740471545286,,,0.4136699460081775,,,0.41039546509950836,0.401054768111334,0.40161465031703847,,,,,0.32395525287453447,0.3247782723204216,,,,0.24767136233341266,0.21406787526577833,,0.2137275188510535,0.18671410093360194,,0.18633044728988757,0.1861333466417014,0.1864057290807526,0.18652066111449483,,,0.13483413253857687,,,,,,0.1630416800830189,0.16272089897015962,,0.16256422189925682,,0.16277418046901773,0.16300099690571768,,,,0.16305344070841624,,,0.16270679842012928,0.02372362947409359,0.023716173532944786,0.023697752602257392,0.02370411433124118,,,,4.411568608880542e-05,4.405521572880733e-05,,4.409150290727198e-05,4.3942951240050264e-05,4.40732676394982e-05,4.4164702981246496e-05,,,,4.403842060035482e-05,4.3747678091087736e-05,4.3973216370370406e-05,4.384829898928502e-05,4.4013949477992194e-05,4.387170780851734e-05,4.374595252791217e-05,,4.3971540687830544e-05,4.3849054676035014e-05,4.386960761839327e-05,,,4.372478442511024e-05,4.3856177440409644e-05,,4.391118474925077e-05,,,4.3979443279420176e-05,4.387027749678086e-05,4.388066121929923e-05,4.381072359300976e-05,4.379731284660135e-05,4.3821504819844435e-05,,4.384402840011981e-05,4.400348190238078e-05,,4.3890290848057554e-05,4.387459632792111e-05,4.3766496581462515e-05,4.377617638159804e-05,4.379408924466339e-05,,4.4001049672351526e-05,,4.382821218140096e-05,,,4.3898759611906015e-05,4.398333642209441e-05,4.397255451572358e-05,,4.3895697641337446e-05,,4.3900507321182734e-05,4.378491870838978e-05,4.383393474334138e-05,4.3937939231960364e-05,4.390956624444385e-05,4.3781113523971e-05,4.384296616426807e-05,4.3993442230772324e-05,4.392191465849703e-05,4.3906537703944686e-05,,4.39669026861782e-05,,,,,0.4902134648439572,0.4924597982548855,0.4917969183443921,0.49254618635307545,,,,,0.4903954803886755,0.49241877358031194,,0.49125973344276896,0.4903209644743387,0.48967289693058835,,,,,0.4912693149699646,0.49149803002120995,,,0.49000030436388714,0.4892600069270615,0.49162125455205974,0.4903960518157025,,,0.48916617277029745,0.48970758802311015,0.49146717192042,0.4905792258648299,0.49329540434730595,,0.49245811554968627,0.49061613484553623,,,,0.49063663454157447,0.4890811739288454,0.4879743463904553,0.48910974306114174,,0.4894083058788297,,0.4916417348959773,0.4905942748035542,0.4896451865101172,0.4893576044764089,,,,,0.4913506119313511,0.491404710026309,,0.4907647029181814,,0.4915764563466512,0.49195321855065244,0.49164197296318934,0.49218315529974166,0.4916339896105589,0.48486626061370325,0.4891896258092518,,,,0.49001890687250343,,,0.48972175252901257,,,,,0.48989593355194644,0.4903134816837821,0.4908571976443151,,0.4905803819351196,,,0.49212537475072515,,0.49244918148291245,0.49303151467320544,0.4918494598414388,,,0.49326759250194235,,,,,0.4923723987909587,,0.49128304400433254,,0.4918714775989178,,0.49181067260412353,0.4902806274867507,0.48949229624468643,,0.4917120074122115,0.48941556588436563,0.4909291848784895,,0.4906232797029147,0.48970909472332946,0.4896316560834951,,0.49059041708384776,,,,,0.4904140510987726,0.4918038604639933,0.49141429909350826,,,,,0.4909537228408988,0.3215069704548595,,0.3225558345046572,0.3225750605696119,0.3226812125436185,,,0.7090695061041761,0.6584430988768532,,0.6611015523021313,0.08143452467924728,0.6946230416230734,,,0.6936417307806501,0.6929495673803872,,0.6950490353626627,,0.6920089377942237,0.6918883178459349,,,,0.6929526866522433,,0.6943354339191355,0.6926282287222493,,0.6917416139524313,,0.6921732341726088,0.6935708331979829,,,0.6929135388439243,0.6935453527775165,0.6928666871492306,,,0.6919887763979742,0.6934217663535817,0.691906048502488,0.6938233244344659,0.6920924830629167,,,,0.6935996411447439,0.6927386471631728,,0.6920653046263395,0.691427437653325,0.6923554169934879,0.6936701896751342,0.6945119142767681,,0.6936837599625817,0.6936744912141027,,0.689892520220334,,0.6942939778851934,,0.6927575116714662,,0.6953374806423511,0.6927509299995486,,0.6922430293124128,0.692567332020328,,0.6935078596202082,,,0.6930480207423163,0.6916715475378704,0.6937334328802703,,0.6909272559228761,,0.6925640306341199,0.6938097701248905,,,,,0.6929838737698544,,,,0.6933317426294057,,0.6936525486814898,0.6928426416282214,0.69233132134085,0.6949175932619802,0.6928479391841615,0.6906926317110013,0.6909188603026677,,0.6933066292454014,0.6938186486650586,,0.6929078585437752,0.6915278974455698,0.6909133166139915,,,0.6940040080273431,0.6938046496101371,,,,0.6921651698936306,0.6922270474074415,,0.6936548161672698,0.6934446145920924,,0.6925194090726834,0.6933922530781954,0.694239895392929,,0.6939723347426281,0.6924237862639877,0.6921599565239607,0.692944280318296,,0.6918780457866361,0.6942689223221057,0.6924652052877132,,,,,0.6936988066732791,,,,0.6921598352901027,0.6934602325873375,,,,0.6908297725821078,0.6942011998531792,0.6938089540533804,0.6931186003329763,0.6923536759422799,,0.691841063102145,0.6935700925415585,0.6935807577981048,,0.693001438105361,0.6919904348034759,,0.690806364319321,,,0.6926663787228876,,,0.6943528329911867,0.6932318300515762,0.6935184966228954,,0.6940209291549667,,,0.6945173830343355,,0.6945886303215998,0.693560849140532,,,,,0.6230222420081294,0.6235696248959394,0.6233804918928891,0.6624134052383682,0.6635878496637283,,,0.6957115894727858,0.6999197695185047,0.6985798485827225,,
7,5,DG_10pct,20,Z13_F10,13,3PH,182901,182148,True,2864.132302778378,2868.508155146225,2922.5613060506166,2977.0012449839855,2959.0144389595785,36.74789866141233,35.39158410299653,3115.1776699620364,3114.642670456865,3147.033175053626,3157.8673465090574,3185.2971403853103,0.0038498392682147224,54.62240485457775,51.04073198853284,37.63515164566536,30.151764190057552,11.292864321553617,59.27044060436068,52.98312047998363,0.7938725968912084,0.7956940222695582,,,0.7982133411666438,,0.7527207548064282,,,0.6893767989291636,0.6912133895157128,,0.6971536014946229,0.6984640019132335,0.6978436832120247,,0.6988168418322721,0.6995483056215143,0.6999180161213616,,0.6907465044795774,0.6917036421554568,0.6889620160331378,0.6916479384782135,,0.689700889722453,,0.681311275573648,0.681897440637311,0.692550137422579,0.6936641162569476,,,0.695455323201987,,,,0.6442846452728154,0.643828152486565,,0.6498480661971371,,,0.6526548614046037,0.6530888560522432,0.6528541662102136,,,,0.6523712989433926,0.6541419443793921,,,,0.6530344452394644,0.6524179057359909,0.6522428473642963,0.6483708573895539,0.6514547954657913,,0.6492248340391167,0.645029548202017,0.6452286029242619,,,0.6455337047471915,,,0.6484250171518391,,,0.6464575539261151,0.6449855461378617,0.6476757543974865,0.6462178776210228,,,,0.6468365422700542,0.6467025142588549,,0.648040750478415,,,0.6460312439705999,0.6197731400941787,,0.6210062903869024,0.4216064672191607,,,,0.4177110168891129,0.41851823758038853,,,,,0.42227293420823514,0.4225414242313553,,,0.4232733368223198,0.42239081655124144,,,,0.42367093779287984,,0.4221049014170439,0.4230967409837168,0.4230002894063206,0.42319245106716274,,0.4237305192820642,,,,0.4220253462008796,0.42253178853274986,,,,0.42291163030227863,,0.4231792451948429,0.42264948810200353,0.42239747970713026,,0.42370735133394716,0.4240067981048572,0.42278509817009124,,,0.4221501396184266,,0.4220667076095187,0.4231089907360869,0.42223803811379396,0.4232891152521082,,0.4216981299240429,,,0.42353156426336497,0.42225493108316653,0.4221295568486982,0.4230734456515705,0.42253453663616963,0.42192299438647185,,0.4225321817288141,0.4212608048366416,0.4223990758205495,0.42134163150660936,,,0.42229152364230066,,0.42192272807358694,,0.4222408239783719,,0.42349493075144895,,0.4221823259417358,,,0.4221050435965799,0.42223174340226505,0.4224507221444576,,,,,,0.42196164508211326,,,0.42203888779499277,0.42248492627675965,0.4216686251948937,,,0.4229975404765376,,0.4231721066889353,,,,0.4238915436160606,,0.4238814781664484,0.4246853369263042,0.42374197532904,0.42111220609510996,,,,,,0.42265593215470604,0.42410155319155357,0.4242289321247237,,0.4241945342223141,0.4233185127094218,0.4228644856284689,,0.42247757745784587,0.4235776717418056,0.4225461917498088,0.4224177283762992,,,,0.42265756784661884,,,,0.42367186012147456,0.4214752510888777,0.42271134528560556,,,0.42289277714842244,0.4227234979781388,0.4236609222014371,0.421885768236362,,0.42235339600571453,,,0.42292786638201135,0.4232854336208636,,0.4308337794233678,,0.43133905609346973,0.45168867198305906,0.4122627951213972,0.4117346169257203,,0.4126719537153802,0.4117214688320848,,0.41281725960912014,,0.4670821463452137,0.4651596042745505,0.467840064991784,,0.4673760007457751,0.46535044676444,,,,0.4680153987796401,,0.4674325537550695,,,,0.46780431749853263,,0.46653633153857604,0.46833847052923044,0.4680847694985355,0.4671478362661499,0.465219054180146,0.46693523756007027,,0.46779868408860703,0.4670423785673481,,0.46765530154722046,0.4674123459238649,0.4667900312182047,0.46623610219293216,,0.4677718218773108,,0.46715506669446744,0.4659420129054979,0.4675209315549808,0.46808558964371755,,,,0.4585562766782014,,,,,,0.45749750087102165,,0.456991411969235,,0.4556617831074994,0.45657908150720233,0.45698481614503794,,,,,0.45753885837381664,0.4569651171925644,0.4567860823940358,,,,0.45673994445171323,,,0.45766848115063186,,,0.45705014544736605,0.4670550588601644,,,0.466814222649287,,0.46640000542739485,0.4681944074960936,,0.4657477328501514,0.46634913809399836,0.467280800026352,0.4551349392633731,0.454199670740501,0.45475374513568356,,,0.4566427746459507,0.45490930296544996,,0.4565104374499684,,0.4548641621894995,0.4560467273129245,0.454492257236493,,,,0.4665851165432828,0.4648172583988926,0.46736952250151337,0.46635544555988334,,0.4667658804809442,,0.46734694781600916,,0.46621498468269085,,0.4665841648796111,0.46553408572113214,,,,0.4677468297247271,0.4659274542526254,0.4669761986475684,0.4658062345470617,0.465749550801822,,0.4652238341747695,0.46780897983485076,,,,,,,0.4555072527603954,0.4555388324648088,0.4555792719187864,0.456140261415145,,,,,,0.4551325469815657,0.4552774995327267,,0.4556384877450293,,0.4555485582879702,,,,0.4573938167095385,0.4566891042941185,,0.4562962204064558,0.4550700081835909,,,,,,0.4559033843438178,0.47326324210866805,,,,0.4718609208602313,0.47407929095596896,,0.47345335784467013,,,0.4630536567585647,,0.4634945209386627,0.46473934050424864,0.4644752896439498,0.4157076063582012,0.4148744314840842,0.4139553865999962,0.4127021632261884,0.41259670497277656,,0.40218583184078877,0.40350908590940476,0.40277082692684035,0.3911332482027725,,0.39334545997117226,0.3246888315437148,0.3254946994503864,0.3245400608344894,,0.24942945984326767,0.24990073418774125,,,,0.18839956431535568,,0.18871965657936654,0.1880136579864873,,0.18828145356251685,0.18790773376317074,0.18735741687492552,0.13607989715551688,,,0.16410347738714784,0.16463580546586468,0.16508126833517617,,,0.16465764444085293,,,,0.16486525306690197,0.1649300481708935,0.1648899889654948,0.1645321757999275,,0.1645815684442134,0.16525525084151282,0.16459250088634608,,0.026027046426044708,,0.026056746076000174,,0.08326867537058576,,4.4016356362026355e-05,4.384991226717084e-05,4.398284898254915e-05,4.388000387849447e-05,,4.394362390309449e-05,,4.382373091046745e-05,4.388479760238461e-05,,4.3915660578231494e-05,,4.3729881033333936e-05,4.379505827194191e-05,4.378376966412225e-05,4.3796869770043516e-05,,4.3658116978576234e-05,4.3831877152667775e-05,4.359140489791811e-05,4.3825749904444654e-05,,4.378365081617547e-05,,,,4.38521564248798e-05,4.372197278292718e-05,,,4.3828950839232756e-05,4.382283767844053e-05,4.377986592277165e-05,4.3754980691741256e-05,4.385440113076424e-05,,4.369999818356562e-05,4.382521233653598e-05,,4.374784015536417e-05,4.37974358564314e-05,4.3766265616246575e-05,,4.372492706864093e-05,,4.3701655386385984e-05,4.3849266628271334e-05,,4.380272388894209e-05,,4.364978524718155e-05,,,,4.374253540842808e-05,4.3860924513462656e-05,,,4.3704089345239554e-05,,,,,4.3814710612765176e-05,4.378103876167602e-05,,,,,,4.367303749186147e-05,0.4932914961129836,,0.49374567474425807,,,,0.4920320703297895,0.4919987928080579,0.4916988086205697,,,,0.49322391853406305,0.4921852316724701,0.49273531281538935,0.491880896395511,,,0.4913354020041597,,0.4923956882342633,,0.49262679361198886,0.49137546229628987,0.49201181470672445,,,0.49102247597404663,0.49282428583386895,0.4920157062342093,0.49253701930169164,0.4922981116236601,,0.4936326681167177,0.4924689557639252,,,0.49358588391643743,0.49456025864783887,0.4919150625548202,0.48995545894055875,,,,,,,0.4900234014072554,,0.49167919847651215,0.4920479441941091,,,,,,,0.4946351969895364,,,,,0.4923496861175574,0.4927045846523333,,0.4865794884535992,0.48902682871433895,0.4902457013999856,0.49122494065192285,,,,0.4921248884248159,0.4920026638032278,0.49230126655626705,,0.49198247497886255,0.4923350818026116,0.4937219128486104,0.49235645423140545,,,0.4923901485250165,0.49354438821944396,,,0.49274166266296,,,,0.4940385676608623,,,0.49346703599830893,0.4936331083218084,0.49194517660206855,0.492391241046707,0.4939366699229891,,0.4930057302525046,,0.49265259644745607,0.49190440151247206,0.4934824711662295,0.4920492764512324,,,0.49334037172539397,0.49024220064233454,,,0.4919100626725846,0.4918255929174546,,0.49072342903312227,,0.4925524817385379,0.4907104462931796,0.4911747889185872,0.4923784559122907,0.4914635991367191,0.49091079932610937,,0.4907831562811405,,0.49078970358807084,0.4914140951216399,0.4918316388773467,,0.32339662392533874,0.3235636638670842,0.3241321053069162,0.3240569425287113,0.32414764519118966,0.6663399647403827,,0.6601109151668554,0.6589943135747435,0.6583269515129305,0.08347967557756523,,0.6919522513380811,,0.6927824495059781,0.6941712873562133,0.6949594024237988,0.6937604273259965,0.6941630532495424,0.6941729927847506,0.6921336198364227,,,0.6934658071752102,0.6936181157945357,0.6930832606485076,,0.6924475740519354,,,,,0.6938099788809446,0.6939031794019571,0.6938499648842336,0.6930131080344364,,0.6929066880266753,0.6947535041672466,,0.6928965710971804,,0.6927355424767149,0.6950637160816913,,0.6923287810041622,,,,0.6940660508000484,,,0.6943303859339327,,,,,0.6931677523697953,0.6941899302807342,0.6937603197566877,,0.6935085124103452,,0.6925785542354069,0.6918107779236912,,,0.6932199478190277,0.6928572087221014,,0.6933598184696669,,0.6942290360909069,0.6931031766794826,0.6936439829643185,,,0.6921649970609575,0.6942405411954001,0.6947444255932859,0.6936596032451304,,0.6953466782781126,,0.6930391735370758,0.6950740186681735,,0.6938058284274904,0.6950680421933383,0.6931000152958509,0.6953785612471688,0.6915083535204544,0.6951086891942596,,,0.69527059532155,,,0.6949767949899904,0.6933708253198981,0.6932429013843924,,0.6925942567639704,0.6953332998857716,0.6930168132530926,0.6950713378185984,0.6932707563425243,0.6924910945944973,0.6937460979961054,,0.6930932719508345,0.6949795933841872,,0.6923020078458637,,,,,0.6941230865632361,0.6939226297729796,0.6939773578335099,0.691841833240241,0.6946369173978499,0.695515067022859,,0.6940224286850086,0.6927584581823627,0.6937150117363889,,0.6928079774406781,,,0.6938240793110636,,,0.6949631289759173,0.6912102384850416,0.6928453655595396,,0.6939914053739163,0.6936127243265207,0.691495853927714,0.6930378739021328,0.6945075143272645,0.6928795880573697,0.694252640778947,,0.693469448975377,0.6937205406688259,0.6919083318368542,0.6922970562110757,,,,,,,0.6923616599504842,0.6944494424246783,,,,0.6925097387873839,0.6934210246034018,0.6935596565666842,,0.6918368487160708,,0.6947696976251551,,,0.6923564751669056,,0.6931883891756533,0.6965221869029344,0.6914672089137487,,,,,0.6213649942462317,0.6237320243401434,,0.6644957461149011,0.6616917828484021,,,,0.6984074010455289,,
7,5,DG_10pct,20,Z13_F11,13,3PH,182912,182157,True,2710.9008032870315,2736.3030257872197,2752.2491771402506,2833.947766448679,2816.176434958461,38.7330006301492,37.39258467507878,2950.36820607506,2956.044251344044,3007.1415376995806,3014.2835591876346,3051.738726730593,0.0036697778382949004,55.629680720225785,51.43971064659778,39.38280648076868,31.857440581904516,12.05275980776864,62.84574468098285,58.791675264958926,,0.8000408972317459,0.8035544788375221,,,0.8093414780703325,0.7618568361139948,0.700684619713441,0.7016747891907376,0.7033909726564708,0.7015032889722579,0.710953297845158,,0.7109158605694142,,0.7124249326561309,,,0.711203027505053,0.7114355980386213,,,,0.7022741533873987,0.703215356843343,0.7028029524227402,,0.6939273514844726,0.6950777860605208,,0.7055268369753684,,0.7072705639972874,0.7042872127654208,0.7070943197534788,,0.6579929868890458,,0.6591979956775444,,0.6635431040854963,,,,,,0.665566717734425,0.6681146625060067,0.6689701707086905,,0.6669453192858203,0.6665896910804923,0.6654445104033709,,0.6673112434208727,0.6666288722724927,0.6689370973060844,,0.6650283329199203,0.6641102581820566,,0.6598834400763504,,,0.6591754985000452,,0.6584419074799852,,0.66106996205116,,,0.6593030360228362,,,,0.6627194333943127,,,,0.6591442745139348,,0.6603547172882173,0.6612572884273525,0.6595995707704844,0.6614010577460666,0.6381085216772233,0.6339271198483605,,,,,0.44433834204543715,,0.4432304926989046,,,,0.45035416999416455,,,0.4502443661565771,0.4486363787739876,0.4493972386941257,0.4496088334507379,,0.4487911172481634,0.4492820896902366,,,,0.4508969387373653,0.44874106598943636,,,,0.4475332359301422,0.4493610542647935,0.4487168395167175,0.4492406505122108,0.4492482753831216,0.44950272663233826,,0.45039981253877776,0.449929319292045,,0.4491383933753678,0.44888405641551216,,0.44845820616202137,,,0.4500225833469531,,0.4479563042763577,0.45030881395010436,,,,,0.44839859368093044,0.44757073654915847,0.44946537217639454,,0.4504635962567879,0.4493501535820183,,,0.4485912138065464,0.4496731763776165,0.44837766055934614,0.4485979469387872,,,,,0.44980760811319764,0.4505761708304921,0.44931918693326517,,0.4497343980238982,0.44987349966441326,0.4499791366399927,,0.449165188655067,,0.44932018670123086,0.4492380528498386,,,0.44983168471085244,,0.4495604444085665,0.4490700237765618,,,,0.4481261331954612,0.4481358620269056,0.44792427967202025,,,0.4489292740754899,0.44751104329967367,,,,0.4490224382452372,,,0.4494618473742577,0.4494885084571526,0.4500007765116692,0.44909878767815825,,0.4507271932540506,0.4513456732443459,0.4499178069120917,0.4505627429494869,0.44895416149310874,0.4504585386766401,,,0.44898058985797634,,,,0.4493150969729452,0.4500521255136506,,0.44830906775402996,0.44992954369849375,,,,,0.45018954100041625,0.4502877221701182,,0.4489904381908342,0.4494090757496266,0.45096671706113284,,,0.44872180553214513,,,,,0.4489926616360633,0.4489839209685191,,,0.44868922949271406,,0.4502827468295738,0.44948775749061415,0.4541163109128681,0.4550950391824771,0.454469905803647,,0.4388450522124355,0.43862982756287905,,0.4387191198654074,,,0.436346891743042,0.49173314818780506,0.49207664198472073,0.4911045043453543,0.4919091396221526,0.4919310415052111,0.49159053827460797,0.49310238290058983,0.490973808565385,0.49227212833040856,0.4917678922772188,,0.49119236618255785,,0.492042489747125,,0.4903214259524604,0.49136606575233394,0.49125543113939296,0.4925839707995768,0.49115934845315967,,0.49263494146130693,,,0.49173691264029895,0.4897928392684945,0.49104512640838865,,,,0.49158371403192025,,0.4915396030201963,,0.49060563412099606,,0.49018503200683256,0.49049967689534746,0.49111656255519676,0.49174897531854955,0.48198568954501786,,,0.4809369344088612,,,0.4826357984896524,0.48113207762037963,0.48112689422342575,0.4820017765224906,0.4821056727225178,0.4832697088577357,0.4815420325172757,,,,0.4817087872555449,,0.48146880689944077,0.48207534808732966,0.48232695005263154,0.47981645302308035,0.4814536340193847,0.48209864149340637,0.48150059000720014,0.480882134621184,,,,,,0.4799072241597087,0.48981352488677155,,0.48942436700293257,0.49042712934144156,0.4894615558121372,0.4904149586713695,0.48935824770347003,0.49197703940250265,0.4903366230827138,,,0.48090549439536423,,,0.4807396151434299,,0.4807386343002395,,0.48049956260843024,0.4798938275806812,0.48054971896146886,0.481053296633917,0.4790570823123816,0.48005240672584043,,,,0.48979801594771805,0.49103400703128613,0.49077128043059753,,0.49056918077928446,0.4910322496744994,0.49081426292318536,,0.49041014364028024,,,,0.4909013552260081,0.49024353786308905,,0.49003794519613614,0.4912311333531545,0.48996828380737106,0.490232106141303,0.4914816608659568,,0.48975584930253413,,0.4905035064469894,,0.4908672785225726,,0.49106216784297424,0.489698222091633,0.4897288131897142,0.4822304242026116,0.4808312404430648,0.4801606828977627,,,0.47979514972495907,0.4807185161580201,,0.47963518053706694,0.4807169755862571,,,0.47955581090461474,,,0.48081095279002595,,,,0.4810869166868601,,0.4822711172866096,,,,0.4805543543676849,,0.4802132965172917,0.4818119607665463,0.49806261757441433,0.4982457187880815,,0.4974582954037584,,0.49545331037962737,0.49655325593601063,0.497857986092536,0.4968206523777145,0.4865409827509995,0.48612775272035935,0.48545638286637616,0.48749352639792287,0.4877893600919632,0.48636587130415554,0.4420662137700591,0.4418291363457024,,0.43814733169350595,0.4389901120915891,0.4387532448131967,0.4279015223094735,,0.427736714662795,,0.41561224045958856,0.41657734017880027,0.35499308916950334,0.3550440053359119,0.35485301389093643,0.28420731864879906,0.28310272946997644,0.28307623861874776,0.2508083664345304,0.25101816500561946,,0.22470331169126478,0.2245798784373166,0.225024682889974,0.22436848855264416,0.2251109883048776,0.22409705536101412,0.2249899684970765,0.22384396271849666,,0.175287195506858,0.20203531448245948,0.20196138121144774,0.2022113212643942,,0.20186716692311046,,0.20225421968873075,,0.20243279727099245,0.20209711110617062,0.2018947827122918,,,,,,,0.20230963640147281,,,0.07028987152086674,,,0.12433471850048675,4.210964308675511e-05,,,4.202907257710661e-05,,4.21065936251048e-05,,,,4.199104589961699e-05,,,,4.1893246651244134e-05,4.1824724791190666e-05,4.196619599421338e-05,4.1888919151703747e-05,4.1924463945499254e-05,,,4.195315746467458e-05,4.2015611716534675e-05,4.192401609433884e-05,4.1732716466541585e-05,4.1827481917185246e-05,,4.193991223876171e-05,4.190142469903874e-05,4.185915125289858e-05,4.184261646436485e-05,4.191448075874809e-05,4.198747276251865e-05,4.1855641390270354e-05,,4.1861199498764105e-05,4.188836727105284e-05,4.1839620370864126e-05,,4.1876268722420994e-05,,4.181113033783164e-05,4.188925785983831e-05,4.186168500545498e-05,4.198421358647824e-05,4.187688662443602e-05,4.1786459034662016e-05,4.1887302619465776e-05,4.1979706623273674e-05,4.182546573220047e-05,4.1972366847921775e-05,4.202123472888653e-05,4.189932880688213e-05,4.1937174365689715e-05,4.193542086819525e-05,,,4.1812710944521616e-05,4.188956523847582e-05,,4.188125548493042e-05,4.188119538056974e-05,4.19217075045034e-05,,,4.1967059439421734e-05,,4.2013648590498325e-05,4.187452190947403e-05,,,,4.1926764687904386e-05,,,0.5164505134925449,,0.516807916557093,,0.5151015146556712,0.516134632002281,0.5157493008973295,,,0.5142683572603176,,,0.5163886226643564,,,,0.5157106027172044,0.5164578269025898,0.5154412294319992,0.5146573586097433,,0.5150546113211857,0.5158809455138774,0.5144916361436417,,,0.5152727695791746,,,0.5178586141117556,0.5159122233936582,0.5161217278530599,0.5151762393464795,,,0.5149326319056727,0.5160619673307281,0.5146725249306113,0.5132022485299864,0.5141634909906547,0.5142500912395523,,0.513125683833501,,,0.5133885804811675,,,,0.5142326504448371,0.5145691856925984,,,,,,0.5150081861738609,,,0.5145853161643119,,0.5158715099236304,0.5158653005899605,0.508657904599221,0.513412187478202,,0.5134644423570427,,0.5135624099879559,0.514226891020184,0.5144936202722303,,0.5142971979956596,0.5169366808018672,,0.5160909294368353,0.515169662979909,,0.5167143193140558,,0.5153914580801897,0.5177224008019017,,0.5154686202627546,,,0.516089366453451,,,0.5154791949186185,0.5158232480066786,0.5163591504042422,0.5163762999614298,,,0.5159903666147447,0.5172356997202636,0.5155750451797185,,0.5156703468148945,0.5146847225939601,0.5164364148787365,,0.5156544187018578,,,,,,,0.5131465079091044,,0.5138865160448098,,0.5153925768033593,0.5141041335705009,0.5144241221915622,,0.5145672633212296,,0.5132051939645538,0.5149131296430578,0.5164561369038625,0.5154881860998018,,,0.35401937558694757,,0.35306457537763014,,0.3544701532062252,,0.6794515340786119,0.722977417137651,0.6747622046160233,0.6727894106381476,0.6759241266305479,0.1254896372839003,,0.7045477884990495,,,,0.7060207864654265,,0.7041511079320703,,0.7066457238166713,0.7065157768726893,0.7045606338478598,,,,0.7062537598270537,0.7042802334964194,0.7053351185261506,,,,0.7061967123942561,,0.7051881677232406,0.7063283995371546,,,,0.7069029618226845,0.7047349522531919,0.7054359306556873,0.7052355963282608,,0.7067444309121392,,,,0.7058470718047017,0.7054223912177847,0.7090501333321729,0.7045446423683638,,0.7050341904103264,,,0.7064955156921244,,0.7067032069310811,0.7071443094869645,,0.7070203806675525,,,0.7067466320860373,,0.7073350497131655,,0.7053205146343444,0.7063172736443202,0.7076125048631284,0.7066531829528446,,0.704311112011041,0.7059201472180849,0.706849720039685,,,,,0.7046658590182799,,0.7065640368241494,,,0.7062273997105115,,0.7048811499584653,0.7049119041646988,0.7052095131321524,,,0.707528695343794,0.7044693618112452,0.7033734850880903,0.7063887960735638,,0.7037475615772573,0.7043277508729223,,0.7051050102415891,,,0.7060288344817283,0.7064466574400917,0.7051514061037356,0.7057670791967624,0.7029866720887856,0.7062432634999142,0.7050367848515042,,0.7063801245324922,0.7068449495708576,0.7050572698154155,,0.7042276989750822,,0.7049933795069451,0.7044140860323134,,0.705557837570755,,,,0.7058067433638223,0.7067217064567362,,0.7051463665004506,0.7057106916707614,0.7062053856595699,,0.7058921273881088,0.7042090661469803,0.7061779133532797,0.7038640715696391,0.7067643104277501,0.7056293056598029,0.7058038276972074,,0.7055107768839332,0.7046411527275062,,,0.7064106534226726,0.7041440221322621,0.7055969079531936,,0.7060121290676484,,0.7055033780156305,0.7054385143691828,,,0.7053973683660498,,,0.7066303001177038,,0.7060816530458253,,,0.7056506891873049,,0.7064735168986754,,,,0.7063402040707337,,0.7057819803200683,0.7064259080124101,0.7067545126389918,0.7048202163492103,0.7044709932805161,0.7051922461146896,,0.7053385787583704,0.7051031304602128,0.7066592515599605,,0.6370956021572991,0.6390282210322406,0.6788115482281809,0.6785418047411984,,0.7107094599519655,0.7107638063898254,,,,
7,5,DG_10pct,20,Z13_F12,13,3PH,182915,182158,True,2718.6313818187764,2708.779705216231,2746.2046658890736,2800.4640857808486,2811.4591911552584,38.88215352572198,37.46876962853936,2936.903945530314,2960.4672413326666,2994.2796719989587,2988.7426818575846,3021.7844345160893,0.0036688883563876823,56.18616130242898,51.4554545510876,39.59737087623681,32.06809354703682,12.226194436645835,63.36582876550628,59.612750360337806,,0.8024169349233109,0.8024612221145669,0.808978018052951,,,,0.7018428007689007,,0.7045882884958934,0.7034657768888481,0.7122563263411892,,0.7127792790960051,0.7133966696800524,,,0.7114538789974043,0.7104794666871607,,0.7031870424386298,0.703679138339727,,,0.7053309042166181,0.7072196398551753,0.6960306518334165,,,0.7075882074110946,0.7072466347829991,0.7059845209332655,0.7059751479592155,0.7084417296965239,,,,0.6588922718185325,0.6597906922232379,,0.665808444387744,,0.6689482266716459,0.6701788332072259,,,0.6711617668368209,0.6690247737965531,0.6681416101525479,0.6709922552033352,0.6686843020868397,0.6692139366973427,,0.6672865518688745,0.6691908775521114,0.667814632492841,0.6690467199439877,0.6641690018039043,0.6665982452071043,0.6677521912960747,0.6676652955418251,0.660998700041276,,0.6619064909735387,,0.6642588672675819,0.6611260300512859,,0.6631987923403575,0.6631655238075992,0.6631596944819219,0.6652528225855904,0.6636085832794063,,0.6638622564463196,0.6616399508319506,0.6627539507310182,,0.6641841241921673,0.6612500406872635,0.6646727195812964,0.6634605613080732,0.6643687694370682,0.6630746812979655,0.6638461862322357,,0.6369043864721522,,,0.4465574023880347,0.448915889043532,,,0.4474436894449597,0.4477313318565126,,0.45254438855480594,0.45145751111730265,0.4517665106720947,0.45511232158844,0.45397661939842676,,0.45287402072612387,,0.45275985255464546,,0.45392968444776965,0.4534292746826735,,0.4528529227568974,0.45475095869825344,,,,0.4524788216789081,0.4535528484133474,,0.4513631904769819,0.45221751308035374,,0.45257111763251473,0.4514056262592519,0.4527359742491012,,0.4525888789740517,0.4530187308654061,0.4517016709402671,0.45174008641987595,,0.4520570472540405,0.45169419956700335,0.45183355196127484,0.45137334507553867,0.45255685743652485,0.45105212427384545,0.45091465548117027,,0.4518411912300262,0.45325838595640516,0.45228127136924345,0.4538390116223331,0.4533232749005037,,,,0.45260788224719284,0.4523257626952361,0.4530527840446552,,0.452583643621283,,0.45168078561980485,,0.4530719587257011,0.4539673053638132,0.45211756280126913,0.4531047196041905,0.454101059518848,0.450760339269039,,,0.45272157809684793,0.4507052726877313,,,,0.4532250678243072,0.45238737899551423,,0.4523981246599501,0.45169831035207686,,0.4544221565439271,0.4508251424651498,,0.45283036275174904,0.4523172577175627,,0.45185480315637183,0.45194892461953506,0.45154606856874707,,0.45287488802938297,0.4532127451905848,0.4533236384212066,,,,0.45271864497540537,,,,0.45437206955212966,0.4538692752567793,0.4538252989077446,0.4532841739605649,0.4532853475513065,0.4534020570821026,0.45277096389314625,0.45218938389841656,0.4537585072413093,,0.45195549193536955,,0.4526660023898513,0.4513454901504298,0.4532084335003955,0.4538618079478534,0.4517437870865498,0.45339759927148093,0.4527125635503279,0.45267571833410336,0.4528192147986032,0.4526496428253425,,0.4526165886133719,0.4529218171141565,0.453229755458378,,0.454128571377909,,,0.45414675651743147,,0.45228731859350385,0.45254611700508696,,,0.4530373576656049,,0.45147901269193436,,0.45286659987780997,0.45331458469234015,,0.452712646663006,,,0.4576624869528322,,0.44300726764316917,,0.4411828241265388,,,0.4410062396865458,0.44219745224587664,0.4943386409289418,0.49482976968594994,,0.4935823340400729,,,,,0.49652992581442434,0.4943891002077729,,,0.49583095709274194,0.495808719075137,,0.4948796909433784,0.49584077274637645,,,0.4951627797955931,0.4945785161693298,0.4961998859679442,,,0.495118757893769,,0.4955377793885266,0.49477787512925886,0.4947655584282342,0.4947194372541302,,0.4956814972349242,0.4931768383104472,0.4956718882604085,0.49542774653493815,0.4941453924967236,,,0.495663101217821,0.495295076535014,,,0.48486589189564744,0.4839481919826952,0.48402984960912343,0.48434476386184205,0.48398102001758303,0.4852023016522195,0.48523267074553583,0.48418533205242836,0.48534908362236245,,,0.4842267443193614,,,0.48446234650810055,0.4847423484920936,0.4853244787301992,0.4850246477157118,,0.48520545529457343,,,0.48510835828970367,,0.4840601916267663,,,0.4844211531045587,0.4843977433885829,,0.49441823836808774,,,0.49329847210606353,0.49291517417975483,0.49324992763287234,,0.4941691388309501,0.49339899632298334,0.49415440093418656,0.49319568474942965,0.48526978833309975,0.4837835376402907,,,0.483890987151546,,,0.4833343488774338,,0.4842288043399861,0.484072331259881,,,,,,0.4937392865700315,0.4939503828312403,,0.494138646145117,0.4949432400195087,,0.4947159025048483,0.494436102989025,0.49275084738210007,0.49475226496486807,0.494609694667282,,0.49400621098407066,0.4949507914108292,0.4944337072022863,,0.4951470694509409,0.4941038826949553,0.49319249045129815,0.494976097229189,0.494224107348575,,,0.4947689360845871,,0.49402691815739513,,0.4944704342997461,0.49417876490368606,0.4943027722901712,,0.4836468683830153,,,0.48382088330333645,,0.48302257086850364,,,,,0.48330408183432094,0.48383721403798885,,0.48480934908230033,0.4844146515075363,,,0.482878584643262,,0.48418927807848006,0.4834026348390781,0.48310494278865207,,,,0.4838729422018191,,,0.5017784615914649,,,0.5005163034699807,0.49886571254085066,,,0.5007520504493809,0.4997804933221779,,0.49077542470003754,,0.4915969215223003,,,0.44579676196498474,,,0.44316217706407435,,,0.43168694019797116,0.4322824783837471,,0.41981546207865655,,0.41928959705185126,,0.3591550431635537,0.35922276778072465,,0.28832078606946376,0.2881473475354738,0.25546232634973387,0.2561383732899374,0.25572348987269466,,0.22928465011588958,0.22953902957242517,,0.22975938909837432,,,0.229939280686073,,,0.20723550837265076,,0.20693648676308582,0.20723543956137364,0.20733263933319915,,0.20733569180308803,0.20744415083301665,,,0.20717067239288736,0.20718400009845428,0.20741731267618438,0.20705982195824493,,0.2062289623891668,0.20711375710444546,0.2073629663124173,0.07597264497342508,,0.07613686956255891,0.0762520602636094,0.07618254135223611,0.13042046439334845,,,,0.006530974765356581,0.006558863214155398,0.006565551193681104,,0.00656790066164243,0.006549133557987938,0.006543934160747141,0.006539507638024249,0.006550292098745679,4.158677210409047e-05,4.156331248264426e-05,,4.168164879221904e-05,4.160683473896121e-05,4.161291969231439e-05,,,,4.166784109994379e-05,4.164599739291031e-05,4.17149903248316e-05,4.16239911353364e-05,4.15495227441343e-05,4.156013116213429e-05,4.162208419083095e-05,,,4.1560610264789686e-05,,,4.154729627460236e-05,4.170043483266592e-05,,4.167316432732597e-05,,,,,,4.158864184967831e-05,,,4.1635640199870666e-05,4.168064303231545e-05,4.167010982917109e-05,4.164957972722522e-05,,4.174018570507276e-05,,4.189460844771683e-05,,,,4.1667379447616434e-05,4.160210785064722e-05,,4.159133459137273e-05,4.165962108912423e-05,,4.16490633777708e-05,,,,4.178747052393064e-05,4.1781101491436944e-05,4.167086736331501e-05,,,4.1673792787812685e-05,,,0.5210382768917118,,,,0.5179696760116231,0.518288101992816,0.5185157440350067,0.519028107953717,0.5170481291351274,0.5190237876308711,,0.5174755130796379,0.5195731797026798,,,,,0.5183171815282613,,0.5183403306262572,0.5179865803350082,0.518358058932344,0.5183946387387419,,0.5175264792951226,0.5183740604253129,0.5187542567967153,,0.518579379771621,,,,,0.5202172376810741,,0.5187632063916547,0.5199558354717866,,,0.5170941221573127,0.518187073028204,0.5172907732103006,0.5173617722002029,,,,0.516322042747084,0.5165914882655759,0.5183222257094219,0.5158180478442956,,,0.5177946083380311,,0.517509037591189,0.5181497924601782,,0.5189140575370194,0.5191353696720322,,0.5184701961973956,,,,,,,,0.516250929346443,0.5174133030492275,,0.5190288966914652,0.5177497439610719,0.5190866462264819,,,,0.518559866399937,0.5186569131168565,,0.5194387143565474,0.5195596988340927,,,0.5191029767045895,0.519793290351841,0.5182566538575983,0.519987519925956,,0.5188387220588926,,0.5177982005291212,0.5172965270173867,,,0.5192437076625884,,0.5196187029785655,0.5195666822781918,0.5177161581630888,,,,0.5179542617887816,0.5166291062722527,0.5173835088041459,,,0.5194441989664468,,,0.5169799804308399,,0.5193738581207429,0.5159314630960051,,0.515814723688091,,,0.518233690367897,0.5182567969867128,0.5185815737617079,0.517238071984973,0.5170364601739648,0.5173918889921238,0.5188186964799318,,0.3575852640092826,,0.35843294626656175,0.3583667060486865,,,,,0.67570066140718,0.6749004974793017,,0.7054866693683808,,0.7086421977441859,0.7051237792031979,0.7079777895005629,0.7058044519560869,0.7067990550910395,0.7084986885953812,0.7074980289635735,,0.7060365181977917,,,,0.7048027322161357,0.7067883897272719,,0.705389877917525,0.7080014874932739,0.7066547312297927,,0.7086262637668819,0.7077978669790531,0.7073149047902286,0.7058246555798683,0.708275508130704,0.7064184446006956,0.7074414554571964,0.707868506401009,,,0.7070461407522961,0.7094844625273856,0.7071110042758626,0.7054056784592244,0.7064478586082098,,0.707253153632403,0.7051797459290107,,,,,,0.7081872059843042,,0.7062964176739449,,0.7050730300127005,0.7072737110550058,0.7065207547248852,,,,0.706444219115695,,,0.7069655466152864,,0.708111841768982,0.7081947217499819,0.7077136507965895,,0.7084804806732082,0.7077975931263423,,,0.7069304815517219,0.7087135364883324,,0.7087986349414745,,,0.7071192381914234,0.7083331256542876,,0.7080782900072111,0.70770943105169,0.7072063572673533,,0.7074710299057242,,0.7079372048231717,0.7058885639666399,,0.7072363450344059,,0.7093199600506355,0.7075037665826717,0.7057424323863476,0.7063504608587948,0.7087179471569655,,,0.7067802885156242,0.7091666648927035,0.7080712173471515,0.7090623031014991,,,,0.7074599908880206,0.7067479916326174,0.7075105258898566,,,0.709886016956755,,,0.7092746324690271,,0.7071474898814706,0.7073141136065489,,0.7086288651571587,0.7072030613426354,,0.7054542070962803,0.7081801006506353,,,0.7066444267581116,,,,,,0.7094354524185027,,0.7071718739937614,,0.7079412327800022,,0.7057939978472264,0.7078512435583101,0.7059352469723673,0.7072270283414674,0.7046994774190201,,,0.7069278803710768,,0.7076379662569375,,,0.7083743069357792,,,0.7049390259523111,0.7076918378648046,,0.707485065692645,0.7076306554502961,,,0.707236828143375,0.707699939701089,0.7063075527341081,0.706554741407168,0.7054821073068027,0.7071923991303589,0.7069052480810095,0.7075036439078093,,0.7055270875474684,,,0.7055137526128356,,,,0.6813405869725297,,,,0.7119139421523673,0.7117552021737447,,0.7134839306578968,0.7122730018902422
7,5,DG_10pct,20,Z14_F01,14,SLG_A,182916,182161,True,2207.701397788896,2224.1421913821264,2152.4842395943006,2202.680278530811,2198.465489040167,79.7461110446198,84.840174535388,2433.0715267730898,2449.134960117618,2621.368489358728,2632.610573365577,2938.6962259164347,3239.4651512146347,67.53331279248424,63.07240526060724,79.69283157521113,77.91050302604684,25.79297705983252,163.35045308255076,256.5790525442042,0.8216653604882256,0.8167376048006487,0.821383516405938,0.8449234079752129,,0.9606988079059281,,0.7314980999368931,,0.732148159305505,0.8410078137934552,0.7616514647160485,0.7627354011545076,0.765206629629372,,0.8525767843279526,,,0.9719716850199066,0.9711343018727568,,0.7307266102557327,0.7306888590145143,0.7319265807100152,0.732876033712621,,,,,0.735102533053352,0.7348137840390087,,0.7371894611107226,0.7351051231068577,0.7328851088990036,0.7436068208609975,0.7093381519569706,,,,,0.7127151968370389,,,,0.7136882579818565,0.7171654080283318,,0.7164798402771118,0.7170594173252358,,0.7141970257141697,,0.7164172574315175,,0.7147063279863911,0.7152758284255866,,,,,,,0.7209508389234036,0.720291222560719,0.7214469972551129,0.7201409211809711,,0.7209332312740189,,0.7215661122521708,0.7225911519548749,0.7220983538090345,,0.7203052925639822,0.7223843533906861,0.721115947142644,,,0.7206474594868404,0.7212003070636355,0.7222761000649871,,,0.7218864776630165,,0.6878041814906641,0.6896835991152667,0.8875337202090672,,,,0.6217782022418968,0.6226321822910412,0.622276013129661,0.5523395986779798,0.5513611824708554,0.551260770785452,0.5527461387398988,0.5526434201794228,,0.5541584382483028,0.5517920553714125,0.553250744841197,,,0.5517022762827448,0.5522809360509435,0.5527554807039596,0.551073286998344,0.5522413148180322,,,0.5508439916794945,,,0.5523056769746636,0.5527826954986272,0.5518202012539875,,0.5529063138229602,,,0.5545492399548091,0.5499395795008091,,0.5513596656758457,,0.5524529636110954,0.5502855262829206,0.5507123819867794,,,0.5514193265277296,,,,,0.9573942766705902,,,0.9607823213916107,,,0.9620958334997485,0.9599885500072155,,,0.9607267132684073,0.9589212126251296,0.9590079979804439,,0.9656775363453239,,,0.9601651077226929,,,0.9614842401095852,0.9596272583360607,0.9583607309457027,0.9571589029839878,,,,0.9598282474436962,0.9588627893872222,0.9604336590336695,0.95940355371167,,,0.9573564640627821,,0.958713056302487,,0.9606801871646129,0.9586208296367029,0.9598275335202902,,,,0.964238018377699,0.9591224854103528,0.8926609651326644,,0.8936016390159304,,0.8953374524402935,0.8943647287966379,,,0.8947493297661944,0.894437832761406,,0.8977165285466628,0.893427866972631,,0.8932353346756235,,,0.894580454316639,,,,0.8925675950941326,,,0.8952579547147042,0.8923285022749489,0.8948616173216983,0.8910564032213261,0.8936691670249596,0.8946076719289568,0.8920148585624572,0.8910406136051368,,0.894115621860069,0.8906828853921127,0.8923830622267199,0.8935475151166119,,,,,0.8960810657607787,,0.8931532204836875,0.8956026701005658,,,,,0.8904439245037412,0.8937988978246826,0.8947217934595013,,0.6208288607807789,0.6228289145433245,,0.5777167201382998,0.5398317862898452,0.6170803839291006,0.6160319884386389,,0.6189806624574254,0.6172484421559692,0.615542928314543,0.5919348882454536,,,,0.5908618480932857,0.5929192272360505,0.5919473604972388,,,0.5907823694805397,,,0.5920577156513402,0.5903755951461861,,,0.5903269168315826,,0.5927988683793353,,0.5918456795343088,0.59226830582195,,0.5905190128791551,,,0.5921418267876625,,,0.5907226250616319,,0.5898581301072311,,0.5905086552470326,,,,,0.5935908017720601,0.5910824345167818,,0.582340251193334,,0.5810402119370147,0.5813373772959415,0.5821599339824666,0.5818786659844805,0.583110986239677,,0.5832069344105016,,0.5797766423992708,0.5832591151191894,,0.5821524268635732,,0.5806400782425412,,0.5820554778524326,0.5822310440262288,0.5837693372229993,0.5816987078807918,0.5807283804208792,,0.5800167363937143,,0.5819069004615208,0.5817102118673775,0.5804862308760352,0.5824215738580774,0.5814580180444378,0.580598402802859,0.9617437862984803,0.9622484106338303,0.9613159725879497,,,0.962924099564537,0.9620694542933047,,,0.9622700504929459,0.9637330682424912,0.9612654266692707,0.9597616562942638,,0.9620265816802256,,0.9615456977318053,,0.9607994417559786,,,,0.9586128521724285,,0.960036035670212,,,0.9605777345306873,0.9606451505098597,0.9625721769174715,0.9605791616791004,,,0.9578612757779985,0.9593518890639018,0.9601831489325588,0.9619423667506324,,0.9628427216328964,,,0.9601893335300616,,0.9616858704321446,,,0.9620476033060261,0.9616223537380862,,,0.9610484334026053,,,0.9617980276052981,0.9633536366824461,0.963329925938023,,,0.9588487007328739,0.9609831275140525,0.9595823108035922,0.9592928008010434,0.9617745994756225,,0.9617497165442078,,,0.9610925562328081,0.9624106782679804,,0.9613596651976811,,,,,,,0.9636875115668997,,0.9640190995214493,0.9627848922404848,0.9636608036360296,,,0.9613988667120853,0.9614294220164284,0.8997250421407368,0.896732092328372,,0.9003210835312757,0.59810656398553,,0.5961184101759979,0.5980681781362346,0.5972707364574781,0.650395268298133,,0.6507777877739294,0.6499753332495881,0.651743971283048,,0.5437643003042574,0.8970506144907686,0.9588164119178055,0.6179054598964532,0.6178287623070825,,,0.6054220381375542,0.6036289308502696,,,0.5877904190879364,,0.9017108095248548,,,0.9269080813231731,0.9418011242562357,,0.9392575251822038,0.9381530835248609,,0.9458140643217174,0.9439419636549259,0.9479640459159822,0.9488899733439974,,,0.9348554790124212,0.9659587408656426,0.9657210397837679,0.5676370572960717,,,0.5680785688115243,0.5661996482041844,,0.5656456011666093,0.5662834179173315,,0.5659669262279641,0.566763613234997,,,,0.5654787321129825,0.5663274085138502,0.5667601186128569,0.5645380423581275,0.9222131909897605,,0.9241018126811479,,,,,0.08408971023566811,0.08450980047899366,0.08433594150630688,1.0143853488009449,,,,0.9205778558031097,0.9241514487033891,0.9242809791850374,0.9255671298045395,,0.5562413366899486,0.5565026831651858,0.5570174857086292,,0.5552565888081402,0.5575423723456449,0.556395831313434,0.5556309563711046,0.5563719072384483,0.5560474293042814,0.5575988557314672,,0.558936259507513,0.5539349759408968,0.5576499201131055,0.5550225903383582,,,,0.557986399196549,,0.5572992548154599,0.5554648981681507,0.5326021021261039,0.5321426951031115,,,,0.5327857408035325,0.5315108203825815,,0.5324252067504922,0.5319920041557663,0.5335132216666694,0.5333824331454288,0.5361702989698793,,,,0.5327249891606745,,,,0.5345763610480515,0.533724384443349,0.5334806415838866,0.5356965370489524,0.5350381587900042,0.533245336850931,,,0.5337011273848147,0.532925409867874,,0.5332067675507318,,0.5337045741196295,0.5328227468793556,0.5333879433658234,0.9002220684979277,,0.9001181020985233,0.8986559008309757,,0.8970638840378174,,0.8992836173882457,,,,,0.6125620977769801,,,,0.61227281327919,,,,,0.6106129985525238,,,0.6132499042668225,0.6142429169798291,0.6122155608485801,,0.6120791544409451,,,,,,0.8995345121432818,0.9010612317720224,,0.9021288343177521,,0.9605685500570109,,0.9614364241662281,0.9585345062750829,0.9606055740148215,,0.9607464290303803,0.9583384697220997,,0.9569989591567434,,0.9599095090138315,,,0.6117658631024318,,,,0.6131537457092189,0.6116453776501528,0.6128872230718206,,0.6121747943288482,0.6155867667810775,0.6149534330459011,,0.6035735504881711,0.6097595157303222,0.6119056226621902,0.9592733468223148,0.9602197210416754,0.9617394863359338,,0.9602133965147504,0.9613895190005353,0.9585809423523423,,0.9016156042105054,,0.8994750676722092,,,,0.9001808894327948,0.9023555255106354,0.8981671219756523,0.8973437658052899,0.9012100261100485,,,0.8997933245947298,,0.9003688749470913,0.901845577184236,,0.8996324187717624,0.8995403054567155,0.8977965634763366,,,,,0.898157644846058,0.9622614323650175,0.9595065093167313,,,0.962934266324787,,0.9619615913836854,0.9626858816397684,,0.9609014373968952,,,0.9613693965172957,0.960475426311411,0.9603631965185814,,,0.9610533304209324,,,,,,,,0.9636952201074779,0.5640966569049336,,,0.5649514163740378,,,0.8604811269690795,,,,0.7228531355356412,,0.7388230649818542,,,,0.735353250993423,0.735819072487237,0.736277534080719,,0.7360459941490237,,0.7348212538774551,0.7378168187186673,0.738525285236343,0.736153478752251,,0.735980577403947,0.7355761881712343,,0.7356020094480669,0.7363030072369906,0.7367541871832374,0.7383316599319554,0.7366825420597489,,0.7377455266497996,0.7395803027421245,0.7353524282119428,,0.7387249905654819,0.7341439032434043,0.7358111688875506,,0.735169327130105,,,0.7362325143696218,,0.736947816901985,0.7364533586100313,,,0.7361585003613197,0.7370592175354717,0.7343222975894999,,0.7342920853077517,0.7376107312291894,,0.7379523730041609,0.7362279890005412,0.7381780849408407,0.7349235010018053,0.735520002017868,,0.7359858895578679,0.7348455031995278,,0.7376416144668112,0.7356019200981057,,0.7354062773009291,,,,,,,0.7363392259440794,0.736222090011415,0.7385730888256887,0.737521601205997,,0.7366651019626509,0.7380674066994336,,0.7354313751875378,0.7361334491989134,0.7363394513574143,0.7369526777222175,0.7357728254203808,0.7357875047774101,0.7355502408322031,0.734443901191809,,0.7367572386191054,0.7367325366737896,,,0.7370777885812069,0.7334125073492664,,0.7371492273599811,,0.7358892281118684,,0.7339933615220571,0.735657090046324,,0.7351853109341964,0.7366752514894839,,,0.7351266856853376,0.7374251587450218,,0.7369678954827903,0.7370482896874792,,0.7359996922248039,0.7348885091421594,0.7349209455076053,,0.7364304249678421,,0.7357465061796147,,,,,,0.7375443817912539,0.7387250648353365,0.7363560934905784,0.7351912353044329,0.7378683474880834,,0.7361491757386209,0.7371255858872574,,,0.7365428845038597,,,0.7373993138460697,0.7357314155656121,0.7357824008703322,,,,0.737672304601727,0.7381762231915776,0.73676690573225,0.7355050555525947,0.7353041866502007,,0.7363668110216943,,,0.7349854923975876,,0.7381725850104158,0.7359322302569872,0.7367963239423714,0.7345944404258362,,,0.7380721106166346,,0.7359750885680997,0.7373321109192698,0.7370215808386308,0.735598579317385,0.7379430630043852,,0.7364215342708076,,0.7341963855295208,0.7341653454771968,0.6920709193651712,0.6923093775137051,0.6928425942443243,0.7362114361097535,0.8560010047746457,0.9647169825178467,0.7641385278776521,0.7637794588963196,,,0.9699789271724842,
7,5,DG_10pct,20,Z14_F02,14,SLG_A,235185,232292,True,2238.2945171175215,2246.5124293770928,2231.9434032206555,2270.026747472448,2251.093215017268,80.87176135296384,86.16715250148125,2500.8932778540848,2541.733055736171,2689.141726225341,2698.910588162141,3044.628351818216,3330.6222258289245,67.37342160193228,63.148834210375064,80.43319386018175,79.04710095214399,25.935890028811986,165.38437240070573,262.0816059009766,,0.8152850448841075,,0.8399860188419013,0.8790640266242808,0.9666771214457298,0.8635053789883227,0.7251996586457566,,0.7245035067058387,0.8381722285553632,0.7582931534672748,,0.7585925051646353,0.8493493167382244,,0.8514442782175444,0.9708532853077921,0.9691918045819323,0.9667255429028605,0.7257570636492136,0.7247522399718717,0.7255062089380665,,0.7289115946123368,,0.7189320762522217,0.7157490995140449,,,,,0.7288021664278274,,0.7298674157797248,,0.7050115603732191,,,0.7070356808163298,0.7054776810824933,0.7051786142044351,0.7089239978586892,0.7098249058678798,,0.7103708099715564,0.7088335746989582,0.7091823488948261,0.7077450410947944,,,0.7113419511159531,,0.7114570112196795,0.708780202964395,,0.7084433428175752,,,0.8496881901521299,0.9622882875930866,,,0.7131850524329433,0.714312484004876,0.7143837495434395,0.7133732949124376,0.7156722074299734,0.7129216825332678,,,0.7149311028962109,0.71544955786856,0.7147319287840267,0.7153650448400268,0.7128489164716298,,0.714545524822522,,0.7140757044045346,,0.713750826703086,,,0.7137969443723019,,,0.6847326197176303,0.8855885984289422,0.6128716317213965,0.6132880113636169,0.6118926373731821,0.6132508771003674,0.612236979601469,0.6135091673132136,0.5387029325351818,0.5400941487257416,,0.5405566760080756,0.5395861581542144,0.5406141212497622,0.5402537030809298,0.5391352547321658,,0.5389192240423526,,0.5388090910354751,,0.5401577455275952,,0.5393748200610816,0.5392372873226063,0.5382915553661497,0.5398075032990114,0.5367357272057464,,0.5391276433231914,,0.5401468464962205,0.5398375022728499,,0.5391970063134364,,,0.5397931796987747,0.5377987517829365,0.5376869696039931,0.5389896207692576,0.5403056035724001,0.5368869059159809,0.5381193061540376,0.538810024858428,0.5374037577086876,,0.5384885754620474,0.5395537456513598,0.5393519067721799,,,0.9582454422426556,,,0.957509652203008,0.9575041050372253,,0.9575123636895677,,0.9597858683934278,0.9611933253171385,0.9605689883601283,0.9583637079092996,0.9576878862963848,,,,0.9604231384640611,,0.9593576628992313,,0.9558714727975671,0.9553739152829084,0.9576734119435318,0.9583674761606527,0.9590271610229518,0.9623045897005404,0.9585403590638217,0.9585658022924523,,0.9570333031057378,,0.9565938932818019,,,,0.9554249449879116,0.9576144128940681,0.9576523080507598,0.9563349970288977,,,0.9564314044324169,0.9597387161972525,,,,0.8916169548412995,0.8925283011472877,,0.889991637960362,0.8924907483017916,,0.89290411151945,,0.8914674163760223,0.8915336685801354,0.8934423491723308,0.8946167247170937,,0.890182399623053,0.8915671651030673,0.8920858412772588,0.8928868267302513,,0.8898014850154626,0.8937913822522144,0.891773086311137,,,0.8914511195470659,,0.8915223921342602,,,0.891492275905472,0.8915899766696253,,,,,,0.8930217899397018,,,,0.8939499067524223,0.891933183232872,,,,0.8922084308489509,,,,0.89249633333905,,0.8908543227704164,0.6126391563814118,0.6136766058246446,0.6136490419472675,,0.5255837079403485,,,0.6083393333221692,0.6073702523776907,,0.6084099745647732,,0.5802197498264116,,0.5794107664911681,0.579463815724821,0.5815981538142166,0.5795714099182606,0.5817079783972693,0.580158376110268,0.5797887054364887,0.581295798550708,,0.5784884235544366,0.5791995014215755,0.580200393656725,0.5808572880267998,,0.5800485510165209,,0.5809382819495689,0.5803464815352466,0.5797021423749049,,,,,0.5792080807911415,,,0.5802890653392668,,0.5779571214119339,0.579476039530369,0.5809849949257394,0.5802349325985675,,0.5783195466069063,,,0.5798848659156822,0.5691362781800539,,,,,0.5697930414726486,,0.5684704280781686,0.5687917402600395,0.5708246620416625,0.5702785224194559,0.5692137943713599,,,0.5696930154362627,0.5710857656727127,,0.5714624776506702,0.5696945570000372,0.5701460180599783,,,0.5679863621318904,,0.5683718583637467,0.5698125566666304,0.5683236983456078,0.5705208891322333,,0.5693096334091,0.5692489123928738,0.5696653199822181,0.9613600660231868,0.9614659954066292,0.9604377837416198,,,0.9629061324056544,,0.9595392078797983,,,0.9594546086417887,0.9588293289193333,,,0.960041274757328,0.9578353370660871,0.9595761968167507,0.9582644059292456,,,,0.9623399047317377,0.957337606774141,0.9584033334972774,0.9580767813316732,0.9594536360530855,0.9607905908473443,0.9567782171615471,,,0.9576946715795397,,,0.9600656886343797,0.9603814855463546,,0.9577601283772338,0.9625405245542642,0.9560017971678486,0.9609974044333347,0.9571100933122902,,,0.9588433508981493,0.9602615964115305,,0.9612662073732443,0.9620951791223094,0.9591507703365384,0.9605819961439942,0.9614984127324264,0.9585860936838086,,,0.958326572178901,0.960460057092509,0.958676906358021,,0.9574654248365028,0.9606322870701948,,0.9607869574702508,,0.9579225222165085,,,,0.9566641896633209,0.9597832368004428,0.9579365671135219,0.9612369436584497,,0.9598386923313982,,0.9576077800497862,0.9604478614122871,,,,,0.9556085254502152,,0.9580701626616103,0.9588898927769781,0.9585196356928758,0.9606013022921857,,,0.898299342332164,0.8954410290395114,0.5863490092901289,,,0.587320683772415,0.5849564437975556,,,0.6442471138258432,0.6402137205609839,0.6437210207311335,0.6433059715374824,0.531338508089753,0.892001197131838,,0.6096652361280326,,0.610908732175276,0.5955807639160381,0.5976824062960994,0.5953843862722634,,0.5794616133528634,,0.4368501902753444,0.9006173541712833,0.949703139215944,0.3696079187504621,,0.9403794475804633,,0.938955886667805,0.9354023161169926,,0.9466462668538828,,0.945582143909696,,,,0.9323775383437377,0.9632840983813714,,,0.5594214731774196,,0.5589618890432605,,,0.5594652589502127,,0.5584004264555668,0.5586555240376135,0.5582659258652288,0.5600775260244062,0.5586568788013161,,0.5601303598825116,,0.5588272277348445,0.5583669931738413,,0.9194843555740838,,0.9173227997624954,,,0.05530336630246273,,,0.055350881105181216,1.0146477792025144,1.0154847565085132,1.0167770625518093,1.0155225980292901,0.9213174147740749,0.920091016777169,,,0.5449776929129793,0.5441478075384448,,,0.5433312020770843,,0.54494338300577,0.544416568119908,0.5460687691117813,0.5453027332890903,,0.5465154122254867,,0.5451553767092436,0.543549572533459,0.5466995192660331,,,,,0.544768707076649,0.5458476475983227,,,0.5296481732259725,,0.5306255130772607,0.5318873557606641,,,0.5290152866437298,0.5298216001875408,0.5287983503530191,0.5310711110863287,,0.529503288682876,,,0.5328991092081561,,0.5314149104291184,0.5297930751990555,,0.5319771803358115,,0.5326453383630677,0.5333902009473189,,,,0.5304319080254534,,,,0.5317573060908184,0.5324762660747581,0.532502671108832,,0.5322347297115667,0.5321982349751461,0.8995911869433334,,0.8984309673099994,,,,0.8986222750413727,,0.8988223306724832,0.8941164856066895,,,,,,0.6019917756744654,,0.6023339521839627,0.6017383871262011,0.602527760604361,,,,,,0.6023749672861892,0.6018017008543183,0.6015776948559858,0.6023552354522822,,0.6011693444258792,,,0.898661197354765,,0.9007563256031352,0.8994509501325432,,,0.9588110725723092,0.9599332909320324,,,0.9587820630069448,,,0.957801097327239,0.9569877624918169,0.9595156187834117,,,0.9578488650110547,0.9602038241680652,0.5995280895292684,,,,,0.6022822625484489,0.602033393112905,,,0.6032689007240195,0.6017478224400682,0.6027204689380821,0.5923593182115607,,0.5994481346690395,,,,,0.9595714613874156,0.958486698078737,,0.8970144244483642,,0.8978688149884423,0.8984030688064795,,,0.9005059902580332,0.8994517424135557,,,0.8972732847184891,0.8967556916040865,,,0.8963063171331128,0.8989139142683801,,0.897414934232785,,,0.8979219271590658,0.8992924088355737,0.8974553869188177,,,,0.8950019312587626,0.9572874876677576,,0.9594214393429314,,0.9587408737154618,0.9597593574101603,0.958017509746046,0.961108527027178,0.9602259630032598,,0.9569478109085292,0.957217901663355,,,0.956034771311703,0.957854846566365,0.9601420589240585,0.9597691998100168,0.9592775022312312,,0.9603371114966205,0.9592164612948735,0.9568970135092776,,0.9605435173321272,,0.5543150800569537,,0.5525844669869239,0.5554417444253013,,0.5537137043415415,0.8539228349288163,,0.7164579042483853,,0.71537122150774,0.21134295692612276,,0.7320927194749651,,,,0.7335032710294792,,,0.7317186983497775,,0.7320182434769449,,,,0.7293789692124358,,0.7299961726413086,0.7310504706430158,,,0.7311498519024343,,,,0.7291588279180006,0.730552745883083,0.7277672880182015,0.7304570396125428,,,,,0.7300639616037594,0.7314726052762606,0.7294680879498976,0.730515155611849,,,0.7302715222343591,0.7313592446734516,,0.7327023688661835,,0.7289608521328079,0.7292786085890726,0.7283021232419393,,0.730139747181273,0.7309423530933741,0.7301989637250517,0.7291683188959988,0.7309583739840682,0.7294124651159025,,0.7311347327323977,,,0.7290317983312716,0.7296028413246849,0.7300977655580241,0.7300793557747596,0.7293688670691082,0.7330187042574822,,,,,0.7295336677739084,0.7297392397519901,,0.7319047225217747,0.7305884800398127,,0.7288619668371883,0.7312215641951193,0.7298743589397655,0.7291100284345557,,,0.7294196369479777,,0.7297298063672062,,0.7323851902191229,,,,0.729446547336998,,0.7288543483506028,0.7303982449611128,0.7304831418811477,,,,,,0.7324512485800827,0.7300307889689361,0.7301203209703373,,,,0.7310411091581076,0.7328506571853008,,0.7285591429083942,,0.7292191369934768,0.730494168609596,0.7306661124881313,0.7301090531555163,0.7289225563778947,0.7310572083648186,0.7288603323302971,0.7299566240225974,0.730861824485292,,0.7290124454343684,,,,,0.7288872829644288,,0.7298744351150145,0.7317616553710469,,0.7317677807739678,,0.7295798679841559,0.7307978685489002,,,,0.7309061976209497,,0.7314968437675388,0.7317927553825051,0.7307122588087002,0.7282680439843504,0.7282806158762862,,,0.7296107614118934,0.7315853150011771,0.7294935800278122,0.7315991437952167,0.7301401068696836,0.7313262816720135,0.7311752821905675,,0.7295334549050468,,0.7292209813570356,0.7304091567481722,0.7321280511637507,0.7311359940023467,0.7338842883851601,0.7280400126057385,0.7288930920802752,,0.730313094279306,0.7303232948701894,0.7298028084980634,,,0.732364580399607,,0.6851130644986756,0.686226215642203,0.7293697698030516,0.852217408019814,,0.7549880580928438,0.7555060974559149,0.8488365626493426,0.8509256023898569,,
7,5,DG_10pct,20,Z14_F03,14,SLG_A,235185,232292,True,2245.100211372329,2247.9823745043395,2233.513079508532,2281.4913171212615,2255.635086163586,80.42546091546966,86.28401059804385,2502.1575692111705,2529.279472686553,2709.2738595114524,2687.9802362072955,3041.168580349538,3332.52710804648,66.82436829265339,63.13732050432512,80.40712966324979,78.71098412960399,25.802407362571024,166.0911791982395,263.24710989506247,0.8137215368934779,,0.8180212268506918,0.8411940127997369,0.8787633559488317,0.9674637902045965,0.864263925421742,,0.7255126963199832,0.7264730183187673,0.8383624746703171,,0.7568426904393757,0.7570051749809932,0.850481391902361,,,0.9651565226533878,,0.9656296283263912,0.7251676150105258,0.7268319983938042,0.7248804488655249,0.7270755842652402,0.7284401861454881,0.7273273667306496,,0.7172841014179452,0.7167989343712683,0.7310907016554339,,0.7307497755156779,0.7294052599418183,0.7274583033658875,,0.734432603341578,0.7051972548774762,0.7027951743992706,0.7025369822457281,,,0.7079532518683892,0.7076262800249682,,,0.7093524118941332,0.7101680398208159,,,0.7079986956056543,,,0.710128598868061,0.7090489635880158,,,,0.7173307165645133,,0.8508328144761174,0.9612352185488025,0.7129999358879829,0.713820891599385,0.7135328489391811,0.7154269459109285,,0.7141200904165557,,0.7125467465975136,0.7135315743386805,,,,,,,,,0.7135802248145188,0.7150849711815597,,0.7139202581326247,,0.7133142391602848,0.7138781616632095,0.6839626688805485,0.6805533433813878,0.6826673950569526,,0.6132215699069635,0.6120834474051655,0.612178064198962,,0.6133811478699139,,,,,0.5392584364834344,0.5391334750036535,0.538881332569883,0.5400072393452358,,0.5407671523245259,0.5397503662384299,0.5382936598084451,0.5393245714699594,,,0.5400123852931973,0.5393723582316396,0.5387032700438884,0.5408098764576776,0.537850047312252,,0.5393101778434943,,0.5376769755005597,,0.539501643554475,,,,0.5396973267102996,0.5393837256114133,0.5399908561348944,,0.5383597855245914,0.5382491932977208,,0.5378199729601089,0.5380302702867316,,0.5369672045461614,,,0.5387273849535262,,0.9596654813121088,0.9585549195199331,,0.9583755136648427,,,,0.9581307880592577,,0.9574331638686064,,0.9589966901242031,,0.9585069658818576,,0.9598114213277912,0.958155749379713,0.9608905243023409,0.9565038197739485,0.9588950256581978,0.9578334401763278,0.9585816594772243,0.956353554479065,0.9566747637803814,,0.957436136385461,0.9556555439997546,0.9562411708376305,0.9566827549731506,0.9570629447593322,0.957396947306654,0.9562828337649384,,0.9576906341955176,,0.95991399160778,0.9574121260163138,,,,,0.9602002504820226,0.9571709994594252,,,,,,,0.8902895494557297,0.8908824299233781,0.8895735920007831,0.8917301980654139,,0.8940855316635976,0.8891785347881911,,0.891252647007082,0.8917513127785891,0.8911659216046451,0.8910816937798066,0.8913061461920398,0.8910614411089334,0.8917571393860009,,,0.8953276674638802,0.8919334821781087,0.8887452634955154,,0.8890136057974622,,0.8920131835059544,,0.8903383606902708,0.8897373330450001,,0.8889770288076204,0.8906964879285509,0.8936088011074997,0.8940362957071089,,,,0.890403351739843,0.8927949450039022,,,0.8922953938526934,,,,,0.8919528790440822,0.8901066263865312,,,,0.6134484896527607,0.6137183617762585,0.6144621478769535,0.5638547145479206,,0.6101740119109076,,,,,,,0.5801193554727706,,0.5807643648249209,,,,0.5805569791450403,0.582078323173622,,,,0.5804766989058429,0.5793469131402627,0.5794150432982204,0.5789504922844143,0.5789249908056829,0.5792649066568515,0.5786213795642354,,,0.5802706410452134,,,0.5783270957362674,0.5785038927995767,,0.5797636017383648,,0.579749642066105,0.5777340172786604,,0.578678689132094,,,0.5797407129341163,,0.5805178012622926,,,,,0.5707136311171498,,,0.5714340949288479,,0.568840840879225,,,0.5693481550176049,0.5686458307842931,,0.5701376320867004,0.569325911463475,0.569399975848033,0.5701770116142781,0.5685559993707247,,0.5681309216542044,0.5700779939815109,0.5678677569871649,,0.569528379378319,0.5707201616961307,0.5681748135189565,0.5690191219600792,0.569620915193621,,0.5702699912536283,0.5679980157670903,,0.9597315875834748,,0.9592711280930878,,0.9574578367842176,0.9609615762828874,0.9600298140479205,,0.9597071258014496,,,,0.9597682391657767,,,0.9578514667239739,0.959192048091364,0.9583109535486481,0.9581839238254776,0.9600550667985321,0.9575751908541301,0.9621448002639106,0.9594285127783136,,0.957504285856446,0.9569259786348093,,,,,,,,0.9605436473928383,0.9596881349609397,0.9554011678564642,,,,0.959210246304972,,0.9604875914515846,0.9603532302842144,,0.9570313755066131,0.9615307798191113,0.960615116306843,0.9589851713440442,0.9583815463332593,,0.9564999079134369,0.9600685535104828,,,0.9623225457041226,0.9618988184156498,0.9581080412610572,0.9592777845621642,0.9606641290017134,0.9594746159256478,0.9606077359666272,0.9572098504999633,0.9598878375734065,0.9594900962285747,0.9584363295251522,,0.9601048174930314,,0.9590185678947666,,,,,,,0.9586662096400643,0.9583450631975852,0.9597816226882274,0.960933860217572,0.9601002789549686,0.9582115483865304,0.9593047663517387,0.9602761773274134,,,0.9582015783276595,,,0.8959653833513764,0.8987049141009688,0.5873294220356252,0.585446406321559,0.5859299904128076,,,0.642676029715806,0.6442497384320248,0.6428148706444502,,0.6412570294840383,,0.5320188524693845,,0.9545716026900621,,,0.6087025676826884,0.5962130040406161,,,0.5772483880681821,0.5789149820986516,0.5776314575992564,0.43667294528776707,0.8988461732481725,,,,0.9414046350221289,,,,0.949488813019329,,,0.9483810175836794,0.9432765093648141,,,0.9341751829534839,0.9652928981382602,,,0.5591365006404824,0.5592808947417046,,0.5588711294439651,,,,0.5595996373167648,0.5595813618902555,,,0.5591198540732708,0.5576500227357662,,0.5575024066954438,0.559231239198189,,0.9219054342811336,,0.9206867142573426,0.9192960766466978,,,0.05522304083022336,0.05516809070655721,0.05523503388135149,0.055186120600190576,,1.0147891910710607,,,,,0.9192604424923193,0.9208736772998651,0.5454037003765951,,0.5449302439414196,0.5458212065196605,,0.5455075842367546,0.5452599269003234,0.5455862710773258,0.546304233372728,0.5431854780147735,,,,0.5461161722321678,0.5438014860311157,0.5463209914071478,0.5461413203990211,,,0.5440681221081025,0.5449457815359695,,0.5445970831847399,0.5455319064087353,,0.5304115117746592,0.5306740462594859,,0.5311467417768314,0.5302242574571746,,0.5314271932404773,0.531293841448313,0.5324634931964354,0.532063126742949,,,0.5311938588795749,0.5311297245335845,0.5312844506449467,0.5320719153177365,0.5315528910997129,,0.5340138331294091,,,0.5319452717383066,0.531367081536871,,,0.5309681553961973,0.5306241567752339,,,,,,0.5312873423447926,0.5298102475818967,0.531419485735211,0.8976170345056721,0.8967502468814422,0.8959145938881801,0.8993656420075467,0.8968296289458236,0.8945946353366255,0.8967544741583788,,0.8968417307920553,0.8975048762470309,0.8961811034411876,0.8983720858099662,0.6014324685296422,0.6025131292251441,0.6011582846583038,0.6005072815698673,0.6035837429910359,,,,,0.6025685822600622,,,0.6027790397965691,0.6012685556813345,0.6012546871956502,,,0.5996601952017417,0.6019032479021657,,0.8983672117655724,0.899591372665351,0.8970859076548126,0.8968036954762059,0.8979266268331396,,0.899341437183636,0.9559410026470082,,0.9588245579100672,0.9595782307038635,0.9575582891737678,0.955255278657774,0.9593623655987176,0.9585997308078706,0.9611846501999536,0.9577448304843353,0.9604025558720392,,0.9604547324858445,0.9592448474136831,,,0.601823491024836,0.6003673486047022,0.6006057488307807,0.6024698141619935,,,0.6030415680497431,0.6021429063183436,0.6018903132214887,0.6025173116995881,,,0.5993799449036845,0.9603714753798692,0.9596014224673265,,,0.9584270335310513,,,,,0.8990092279947398,0.8979566630984493,,0.8997801485273431,0.8940742698994643,,0.8965727895003686,,0.8978065596012844,0.8997984606235535,0.8933947918759426,,0.9001220343999123,,0.8973470483719855,,,0.898395244447883,,0.8960844348950089,0.89742307522518,0.8970556277958992,,0.8963909660383497,0.8965896683798866,0.9616617816217642,,0.9574053532650669,0.9594007213730942,,0.9594696450374588,0.9625023848634824,0.9611293974449499,0.9598381147373006,0.9638806856547755,0.9578233059050577,0.9576954197484018,,0.9579181971980317,,,0.9624513899136178,0.957512511926726,,0.9604335934195032,0.9603998887648606,,0.9582896758800168,0.9602355216628529,,,,,,0.5545505867282076,,,,0.8500185915839263,0.715193992922885,0.7143911409475109,,0.211422188075544,0.7289926030021766,0.7286846006855725,0.7298693628202173,0.7305331207759173,,0.7315907123317058,,,0.7327524496695411,,0.7284831221131147,,,0.7298891052411548,0.7292626531575124,,,0.7312496139545376,0.7288573746474083,0.7309926203502238,0.7319183230970727,,0.7307227649105238,0.7298415418257869,,0.7300935424142295,0.7291174906244632,0.7286387253513791,,,0.7311111726171504,,0.7301814897344002,0.7304760920830009,0.7285588763295061,0.7286315144745007,0.7284471335076473,0.7331207386964601,,0.7306603726780685,0.7290261728260474,,0.7314159722432849,,0.7310645136796853,0.730074048953959,0.7315057640094227,0.731732326456029,,0.730499012220163,0.7315500420624039,0.7280082099941109,0.7292387289700055,0.7293553485665579,,,0.7304858126081446,,0.7307266566834243,0.7289807115936036,0.7280571895381082,,,0.7317661499238021,0.7279746540248628,0.7295702897604085,0.7283125331624125,0.7304002051847666,0.7300346286823307,0.7294976241042928,0.7294232395386834,,0.730661708973942,,0.7294648022882427,0.7300345033305468,0.7296061253288271,,,0.7291965642822862,,0.7286261574360244,0.7287211294051628,,0.7287899292092475,0.7281375466691751,0.7305153416784772,0.731036855257085,0.7326268738896368,0.7303272148943246,0.7296743206270111,,,,,0.7307880037370518,,,0.7311428557473474,,0.7318169283969974,0.7289037977879097,,0.7314120013863753,,,0.7293870492629414,0.7327162913280887,,0.7303504742278125,0.7313296737994524,,0.73066703717012,0.7302371349847888,,,0.7302158728937491,,,,0.7290384929126396,,0.7287220292467607,0.7293421146224502,0.731373000982988,0.7301355790805046,0.730110491517337,0.7310463918601304,,0.7326100487149131,0.7291678194788938,,,,0.729168037381749,,,0.7301640895392724,0.7290836603566403,,0.7300045775119913,0.7304349852214135,,0.7307564390089981,0.732018305668523,,0.7304703333628948,0.7291778003369493,0.7301866193930897,0.7297194130500769,0.7287178375703118,0.7303483985808688,0.7305464068500854,0.730879008457435,0.7308450818510752,0.7306682904663567,0.7300927070127446,,,,0.7334425293912018,0.7299030466749359,0.7296565571055587,0.7308645891622676,0.7310937112555167,0.7296781416083516,0.7299911323128898,,,0.6845329896716809,,,0.8540625351139592,,0.7578084747399022,0.7559327946909289,0.8508978897963982,,,0.9698613941350348
7,5,DG_10pct,20,Z14_F04,14,SLG_A,182916,182161,True,2202.5559258344524,2217.577761092649,2159.862980957406,2198.6623305135226,2189.22652501688,79.67536721842646,84.56459252167492,2422.3107054614634,2455.4507757983274,2619.1303610982077,2614.4827071324407,2952.4571123499845,3233.67743865748,67.03835916862549,63.20312266513573,79.43811780593695,77.3887617702771,25.930130974424117,163.72035587984624,256.8901600658535,,0.8193306474489271,0.8195056941982569,,,0.967340166152321,0.8657178067579886,,0.7294026975387033,0.7324026827235872,0.8409961867980963,0.7631930781658394,0.764564581623203,,,,0.8540511162470192,,0.970559723363235,,,0.7305442958665591,0.734845060300799,,0.7339786882711806,0.7326679120623751,,0.7236541292368648,,,0.7353653347090382,,0.7355451616279897,0.7352828184980651,,0.7438006893273785,0.7089098603401841,,0.7088282552402414,0.7113301780234919,0.7132585959906034,,0.716443437113445,0.7169284120112405,0.7135112554384365,0.715771712747868,,0.716555174513806,,0.714144154905315,,,0.7161339465941857,0.7163445786808398,0.7170240203348703,0.7154990468135248,,0.7229486490727866,0.7259354087517894,0.8552367770409451,0.9652735008093761,,,0.7198896813262887,,0.721127979715281,0.7202956670363421,0.7195587394897112,,0.722905334073938,0.7221264995224148,,,,0.7195769769436292,0.7205105567047191,,,,0.7234744023294968,,0.7227659194168952,,0.7232385908908565,0.7206625017343533,0.6901195741411651,,0.6881409005634878,,0.6217958897686228,0.6212043554017592,,,0.6196994845514303,,0.5535161660575064,,0.5518627301395893,,0.5520392984037568,0.5522848175303078,,0.5525534480172875,,0.5521935167622847,0.5526528514252046,0.5523334392923723,0.5510801309653209,,0.5514529177451829,0.5530066916715173,,,0.5526228058000182,0.5504423576957985,0.5521778322562683,,0.5521087435307709,0.5534047117652929,0.5505746927274995,0.553239949389233,,,0.5522888668188702,0.5531681277452218,,0.5505660051083519,0.5511418253341342,0.5512743555704137,,,,0.5531568585510713,0.5508448017317699,,0.5495206686253219,0.5494040794152797,,,0.9581786986658142,0.9594801907174851,,,0.957952772398944,,,0.9618876195835415,0.9631372534945628,0.961251035302557,0.9630360161826917,0.9592095003551568,0.9613377579805836,0.9605306012343533,0.9613165823021269,,,,0.9621674806591659,0.9598610123688669,,,,0.9634559667369827,0.9591637794319686,,0.9620962593455926,0.9628038149615723,0.9599736169692495,,0.959277103753243,0.9612997721531509,0.9595220105862984,0.9596902266300874,,,0.9616198569884191,0.9583791802054464,0.959014493642682,0.9570096283527991,,0.9589808818446328,,0.964321913177099,,0.8923052667990008,0.8940213639874215,,,,,0.8935119780478421,,0.8938764538290611,0.8960756852209828,,0.894977778431015,0.8942240986180011,0.8962380163242823,0.8965726583106695,,0.8926805916972222,,0.8939784541849367,0.8938311454699812,0.8963911466159973,0.8939455640159648,0.8922795583829858,,,,0.8922748255385701,0.893164922661741,,0.8904676151379469,0.8942749659340108,,0.8920845170359316,,,0.8941990462990194,0.8960994847063082,,0.8954384700245759,0.8915820761559952,0.8941652802413884,,0.8934594328764264,0.896347382254182,,,,0.8918686322060655,,0.893211204470488,0.8967442647233967,0.8940766896893702,0.6234241436219018,,0.6218515007099137,,,,0.6172878921751275,0.6184488672213301,,0.6167564808480986,0.6153655391786012,0.5905561857834059,,,0.593134286035733,0.5934360878061098,,0.591255830252591,0.5925093985832672,,0.5923719243604733,,0.593505403633661,,0.5910079753308755,0.5929170412759118,,,,,0.5922816748648388,0.5933118930744619,0.5902763211274865,,0.591032271219558,0.5918306222490874,,,,0.5906609455632723,,,0.5938812122742905,0.5915537089090669,0.5933094340439804,0.5909614924245457,0.5918403899091594,0.5916069876796386,0.5925018209511675,0.5923134486382468,0.5914564286267389,,0.5817188191461443,0.582006790450753,0.5806879503779063,,0.5811211277655215,,,0.5811996464338478,,0.583167268733104,0.5825180642692124,0.5836049009041848,0.5821814598394187,0.5815090605900894,,0.5822089532310376,0.5815760738385987,,0.5814199105627303,,0.5828709038871729,0.5813680962449118,0.5807522969732192,0.5822873047465971,0.5815516117785985,,0.5833172733307309,,0.5815204000070006,0.5816942629920021,0.581491740333527,0.9601848332887197,0.9621898251815315,0.9637849044949646,0.9623399249544324,0.958859605262997,0.9634003404570176,,,0.9619895163068766,0.9626595405521456,0.9622159316549029,0.9616465982552033,0.9618467659797835,,0.961370389060843,0.9592201298089057,0.9595451212551472,0.9601494595412642,0.9603052387678465,,0.9596906137112281,,0.9607753603830331,0.9615642057031015,0.9574189906509311,,0.9589910743401533,,,0.9608440760490973,,0.9632752910870463,0.961264555467798,,0.9610691207062808,,,0.9617279171609041,0.9610337559988721,,0.9636557375415024,0.9620636214299532,,0.9631168833607978,,0.9614451343738296,0.9627319476870437,0.9594125949500929,,0.9611399126992404,,0.9638260936829309,0.9618124462028431,,0.9582065564213774,0.9623115966546792,,,,,0.9614844152786387,,,,0.9618569511444045,0.9617258285081117,0.9614750907068458,0.9632403449413137,0.9633731545303132,,0.9588814049729958,,0.962167854943593,0.9597024836578874,,0.9598997401365389,0.9623635256094479,0.9593376400447773,,,0.9622340823211009,,,0.9615113413365572,0.9619422790343582,0.9613292433165505,0.8972960414536991,0.8976073339607649,,0.8969537671797745,0.5969979782220238,0.5957871886967124,0.5981594796642572,0.5974287208858148,0.5973162697308313,0.6498928079952647,0.6526028157521716,,0.64963743932762,0.6519838079941913,0.6514667920926317,,,0.9615139341172647,,0.6172053411682431,0.6201872015986098,,0.6039832549725583,0.6042959237726984,,0.5876523875039711,,0.4525881683855142,0.899144663481052,0.9466325491209351,,,0.9433313897000843,,,,0.9485199839743348,,0.9471730901118939,,0.9484636417966638,0.33446580369164847,,0.9394084078640855,0.9636364163136817,0.9623367109658693,0.5654499524874261,,0.5670698002036082,0.5667567873208009,0.5654261642303094,,,0.5664529384308539,0.565226070135069,0.5659138156062963,,0.5658488165803939,,0.5651026290493834,0.5662907916272616,0.5660034998439663,,,,,0.9227256779250903,0.9200216836588839,,0.9252355485898534,,0.08460504592476968,0.0843176523232044,0.08430699476842059,1.0135600724033562,,1.014104577144381,1.0148349753262267,,0.923415434905575,,,0.5571380737046255,,0.5590523140215696,,0.5560341617242966,0.5584471883762294,0.5565162265116028,0.5583691031812273,0.5567497354232466,0.5553864609588668,0.5574342425912804,0.5565535148048474,0.5561696652631551,0.5567371647222346,0.5579657183353458,0.5576048188410683,,0.5569632613586716,,,0.5565085759854239,0.5563197150131641,,,0.5313997894811182,0.53289897465423,0.5328982487499184,0.5322685630540864,0.5320148594128816,0.5338403952940854,,,0.5332625506821504,0.5322372961213377,,0.5317807638347972,0.5334130423658475,0.5339639621516421,,,,0.5346488940969915,,,0.5326036090292663,0.530708679314857,,0.5340727435223437,0.5332158955184723,,,0.5334886313829929,,0.5328676125142982,0.5336402302056414,,0.5339929538154302,,0.5333686294423399,0.5337837026915291,,0.9006183957513249,,0.9003749107800354,,,0.8982410594319182,0.897287582049215,,0.8982979711514405,,,0.6137467876931338,,0.6120209569401693,,,0.6133457422037892,,,,,,,0.612788335987488,,0.6138428224126398,0.6118685488705784,0.6131266422215248,,0.6123503768327317,0.9011580998992579,0.9010410545269493,0.8981306496216452,,0.9003980119841268,0.9002271756554305,0.9007770370207636,0.900948864106673,0.9589369998146128,,0.9604281627340611,0.9594970821889267,,0.9604865010064679,,0.9584691971820387,,,0.9609738302323857,0.9603473075245589,0.9584391790987661,0.9624440577074841,0.6120706727230538,0.6112312081370865,,,0.6121269762909398,,0.6129291454887429,,,,0.6135614437435315,0.6126619154098557,,0.611549850307193,0.611706812151414,,0.9567958290786737,,0.9626223990328739,0.9619658254655887,,0.963263837585597,,,,0.8995823319737657,0.8981103713637782,0.8968408953185395,0.898123659232474,,,0.8998015650230569,,0.9008125626931143,,,0.8996181458666271,,,,,0.8987182242302123,0.8975478521543654,,,,0.904776078875851,0.8986184893714316,0.8970604098145367,0.9627437767851035,0.9623455532446081,,0.9622251530980727,0.9593708872336867,0.9620813754793578,0.9615099435920075,0.9604822777377083,,,,,,0.9582903716931298,,0.9631210843713257,0.9630118928136707,,0.9597206952037712,0.9623592378262811,0.9625944937298981,,,,,0.9624505125326306,,0.564265509232955,,0.5636925837647432,,0.5627196463941018,0.8591099277276939,,0.7214211842779152,,0.720677744951193,0.23523790468219935,0.7349461222050676,0.7363626245608526,0.7400675301178505,,0.7354689983022864,0.7352863951828023,0.7388784534468584,0.7357970061791769,0.7378571762153697,,0.736510080841681,0.7352535771691345,,,0.7354587182345266,0.7361523465187444,,0.7371103243605377,,,0.7370458799174201,0.7366228358888335,,0.7385850609001348,,0.7357058340390196,0.7362975322709374,0.7381988038132864,0.7380543491815772,,0.7347791608671138,,,0.7358124939555635,,0.7365337193355019,0.7349749658292524,0.7373714434397891,0.7348094553482304,0.7367510729662876,0.7367850362312452,,,0.7379721052095581,,,0.7364197274200563,0.7354193474262517,,0.7369762039533315,,,0.7380033961896166,,,,0.7344754709654489,0.7374023965105299,0.7373546258112239,,0.7349156560767793,0.7357248826807142,0.7345216467565213,,0.7379432011477811,0.734718400394575,,,,,,0.734475539831868,,0.7360827142051342,,,0.7370265939772283,,0.7373367431148488,,,,,0.7372426996156621,0.7359537610927916,0.7359268693543154,0.7346007052753145,,0.7374956927064938,0.7360530319060445,,0.7358661461399896,,,0.7365239155132652,,0.7335666058372746,0.7358638301427254,,0.736421611664323,,0.735308388464439,0.7340905713055383,0.7370672685676857,,0.7357781248438438,0.7354998348537688,0.734048272303137,0.7347419728410203,0.734933846418295,0.7353192290168881,0.7347625080299016,0.7373951802736856,,0.7376643702925805,,0.7348090510931043,,0.7358748669758468,0.7370050740287901,0.7350425080977162,,,0.7369804289851613,0.7340908255153856,0.7368543390605835,0.7335326422107719,0.7347665379807494,,0.7350934175375196,0.7366762776409791,0.734295769204324,0.7360342287810084,0.7372714391022097,,0.7343941628728496,,0.7345434180249083,,0.737719323451504,0.7374006618008239,0.7384668861875839,0.7336467626476254,0.7361763358317428,0.7346729083132018,0.7369185221446257,0.7350669142943088,0.7360520325910447,0.7356148544233928,0.735921859374962,0.7363650212996199,,0.737206804853668,0.7345717577477014,0.7359764038634435,0.7373663281404702,0.734360218518691,0.7373556012099702,0.7372475969921931,0.7390290965763944,,0.7352315024993107,,,0.7367589897739611,0.73521753954283,0.7342536599754604,0.7374674742174054,,0.6911368690032711,,,0.8555370733368665,,,,0.855145535041715,,,0.9712863722877848
7,5,DG_10pct,20,Z14_F05,14,LL_AB,235185,232292,True,2736.507824242376,2714.5926418182885,2732.357690785136,2744.4321021126766,2724.5129345173896,68.19990587695366,73.007673543906,2782.7636851033026,2804.8899892785225,2871.967759320645,2877.158148732215,3100.27487298645,3352.4613231306053,63.877881200346735,60.31198806175061,67.81348846040707,69.97461578436292,20.362799903747657,142.21486271647174,221.49650211267792,0.8092429886534467,,0.811411236478359,0.8644868225032579,0.7966736796748455,0.8724644307724368,0.7499347279767462,0.7166105685801696,,0.7183193368249752,0.6890778136541823,,0.7911462432455171,,0.6957588408348081,,0.6997484228370345,0.8235066472804838,,0.8240771013685124,0.7183291244889061,,,0.7174205101142739,0.7180108525409333,0.717686965662873,0.7108035308606145,0.7111005700671925,0.7090638233733138,,,0.7192217700765497,0.7204761815702584,0.7211179118860459,,0.7673444650444202,0.6765445247266755,0.6764293269547687,0.6758912838824225,,0.6818066153696355,0.681636045457099,0.6821522763013165,0.6842769071293683,0.6809298632459624,0.6811298659226082,0.6817957769101081,0.6841324595432718,0.6822236707090023,0.6841772494187223,,0.6841424467017327,,0.6821865845840538,,0.682887883489895,,,0.7515348048218866,,0.8081269886590726,0.7476853452411876,,,,,0.7505122775939358,,0.7479065721028544,0.7497052378436518,0.7502904181984411,,,0.7477317816258063,0.7487919758067468,,0.7502319025533212,,,0.7494596746855197,0.7480016425707994,,,,0.7498625512074766,0.652846978019797,0.6536277223478448,,,0.46949693602113307,0.4692997184964451,0.46875611698183767,0.4685717647914626,0.4693990646674906,0.4690823671955037,,0.5724389629900171,,,0.5734448094230028,0.5732483399228504,,,,0.5737174565498986,0.5716543477296888,,0.5745432144507794,,0.5739575401955733,,0.5739036434675767,0.5736255623720617,,,,,0.5717935402238667,0.572929836101788,,,,,,,,0.5725223666110464,,,0.5730685014444681,,,0.5732644840749358,0.5713794203165656,0.5721656316933218,,,0.571279362397819,0.7495800145340393,0.7516602573135377,,0.749226120251716,0.7520523062560802,0.7505338355494675,0.7497770522781821,0.7494634335939111,0.7506448396041718,,,0.7498340478535994,0.7506314199929083,0.7496242907085405,,0.7515615305260491,,0.7473960128874475,0.7489128129200695,0.751818981421806,0.7497347556166333,0.7488136790673506,0.7492121584197583,,0.7501692275235659,0.7503005728578972,,,0.7496927253111322,,0.7510705030974216,0.7509618193610694,,0.751490091764744,0.7495271498048807,0.7511684600457229,0.7485406028292677,0.7504656111106768,0.7495130360265813,0.7494245777434022,0.7476410503601533,,0.7506238757101489,,0.7492730058423744,0.46840278697815435,0.4659534089646905,,0.4677829497032623,,0.46735281171448745,,0.4665711723854422,,,0.46807573025901483,,0.46648685868833906,0.4663157558482521,,0.46719270418006287,0.4677765366941174,,0.46705284380412565,,,0.467472180401875,0.46717058823680374,0.46705765734782867,0.46746348050630615,,0.4660864579483756,0.4669739143502147,0.4659395442324788,,,0.46668372607279923,0.4657745430793813,0.4671193864243854,0.4681865390373478,0.4656395669507793,,,0.4664636392596182,0.46658439757868087,0.46690923089215663,0.4664473233793614,,,0.4681251883105954,0.4663837918974567,0.4674345290242801,,,,0.46601983549368037,0.46620238318677937,0.46539531239309645,0.48586632441123834,0.48617810234683106,,,0.5552618265278009,,,0.46211579835237243,0.4635170834258473,0.4619740545315812,,0.6061528884012282,0.6073455614156371,0.6066317482162331,0.6071594488066363,0.607358755341777,,,0.6066970257821869,0.607124111287957,0.6071103536237914,,0.6070558908265385,0.6058946676644046,,0.6082386548495552,,0.6070116683566666,,0.6057818463892285,,0.6058901937124914,0.6083626879319014,0.6058364255291986,0.6080330887689354,0.6066970134109101,0.6053920071190935,0.6064330455896636,0.6071813390523918,0.6047287426620265,0.6084501542024628,0.607057976483316,,0.6070059289738272,,0.6072025520580315,0.6045816661051137,0.6061612288438919,0.6076819407096707,0.6065568851517013,0.6070078187712211,0.5978190542506217,,0.5981003391874009,,0.5965828587512075,,,,0.5968210386681937,0.5979119863385798,,0.5990225613364202,0.5982121612982209,0.5975934150516602,0.5977239581337814,,0.5972617695241014,0.5991388916959921,0.598560962831982,0.5993905103160538,,0.5971147061532642,0.598489273936552,,,0.5979071325015597,,,,0.5971116937641265,0.5974996669027473,,,0.7654930340050327,0.7686629932719594,0.7658703584205423,,0.7666576038837936,0.7655343390194954,0.766113681850515,0.7667464980497218,0.7666687810291994,0.7678251240852217,0.7619743372428207,,,,,0.7617821360367627,0.7617478283620832,,0.7641882461276193,0.7617922341574509,0.7620546172414667,0.76213926803223,0.7622199400810059,,,0.764697195429184,,0.76574866992828,0.761686122089039,0.7664011835997264,0.7650816819409537,,,0.7652592619600525,,0.768593607547375,,,0.7648490101444145,0.7668571241742468,0.7670434349482315,0.7662602144141977,0.7664630866706059,,0.7648337053303373,0.7680833022063629,,0.763553249541466,,,,0.7657569245960195,,0.7661867591909678,0.7688054019066306,,,0.7589085747373896,0.7603460642138221,,0.7639573147576681,0.7594326925440764,0.762693602068675,,,,0.7630439493247042,0.7637225731574134,,,0.7613258255633708,0.7619518122971098,0.7604300052086836,0.761992028968562,,0.7648497046453407,,0.761505264982818,,,0.7618395401400025,0.7624159388311099,0.7620483797219982,,0.7652042270467798,0.5180201661197976,,0.5188908345421323,0.5170687832102212,0.6125519519707613,,0.6124578936513717,,0.6106826206822077,0.512208366064638,,0.513145843822866,,0.5121502784633011,0.5138803626060644,0.5645257785116686,0.4598914669121611,,0.4632428879877189,0.4647636469755157,,,0.4586183426534568,0.4590208776771852,0.45179136712281576,0.4523327373460743,,,,0.7336660928379073,,0.30813701065977955,0.7358399988737633,0.3631052095519788,0.2815535646851554,0.7378629385412112,,0.2610951664525651,0.2596952845691414,0.26140752686620755,0.26082242513478343,,,0.7377263178285792,0.21744540458777395,0.21838952687567162,0.23159253456324036,0.23121085829912721,0.23119461026498273,0.23108802267091375,0.23105259915367243,0.2316216043513847,0.23128921166142083,0.23065341163851627,0.2313213972087718,0.23205195469929385,,,0.2312658357133339,,0.23119858942996072,0.23103958554452395,0.23135735148565292,,0.7634816449317554,,0.7605735018769645,,0.7603705387398642,0.7482113368996088,,0.05686793340744756,0.05701632582250621,,0.0478704527228257,0.0478673294384151,0.04783431257146128,,0.791241531668117,0.7910882294452581,0.7905868088004904,0.7907053428847187,0.02830135837597462,0.02835265241284125,0.028277927092892202,,0.028248329931369952,0.028241396019004508,,0.028184584332026266,,0.028293767683143383,,0.02811971841681456,,,,0.02827106624340252,,,,,,0.02834131120422676,0.028188442890968196,0.028347911820568342,4.070753339771715e-05,4.0815440251948776e-05,,,4.084355266989322e-05,,,,4.090971068536619e-05,4.0792374163716054e-05,4.078508317170531e-05,4.087700734690311e-05,4.082666684689284e-05,4.084700036694091e-05,4.0807242706294675e-05,4.078009567184992e-05,4.1001125576398214e-05,,4.0820623777760475e-05,4.083164852617484e-05,,4.081347026196557e-05,,,,,4.078028184493944e-05,4.085128205438074e-05,4.0996671346983605e-05,4.074658199444487e-05,4.085498892998602e-05,,,,4.084563920903291e-05,,,,0.5373477240789415,0.5365288282557865,0.539198467445225,0.5364213655710465,,0.5376962101230202,,0.5373502733917154,0.5361960400192798,0.5358017737519355,0.6259170573494699,0.6261517981333502,0.6244370322525322,0.6263106437683064,0.624655970660514,0.6237515048536088,,0.6269847440787523,0.6251273710782278,0.6258616771383314,0.6260183442956169,0.6257515853470731,0.6259624612875229,,,,0.6236839117714404,0.6257221849769298,0.6243728128077813,,0.5391260064282611,,0.5391655521843695,0.5388574206073612,0.5387286112655038,,,0.7770132788552312,0.7728354822764686,0.7728968223634624,,0.7713914302149458,,0.7712166775506014,,,0.7749688840166463,0.7715680943153678,0.7741662371856468,,0.7750013787167014,0.6241239725793248,0.626320508483033,,0.6254295435734912,0.6247376213262161,0.6264432120633028,,0.6250477955114686,0.6263729856534317,,0.6261927621913304,,0.6163282359622715,0.6251081900146235,,0.7751748997102909,,0.776882326270756,,,0.7751792416466732,,,0.5376868298843387,,0.5390900473431554,0.5398348569237761,0.5385314155899504,,0.537752663849561,,0.5376461075854498,0.5380338244570684,0.5379446332859453,0.5381433483228379,0.5370703389175573,0.5363601463053315,,0.5379688572937841,0.537611231439246,0.5386235979677051,,0.5367668837697622,,,0.5385677752926704,0.5384307241400536,0.5374392172991806,0.5383909979374683,0.7759823985506871,0.7747050956631357,,,0.775994872708587,,,0.7724480340931908,,0.7749863486042416,,,0.7744100890597078,0.7748883849830971,0.776876902582151,0.7731085402642922,0.7745916627797035,,,0.7747632457892214,0.7758917460055686,0.7756261623322076,0.7744598962371798,0.7734960000732426,0.7734707618340476,,0.37914686942733533,0.3797890143682867,,,,,0.6693466695805895,,,0.6926802734019281,0.6896522150863492,,0.720544253060076,,,0.719535892555282,,0.7197324853217407,0.7218989701678906,,0.718719264304264,0.7177963871816577,,,0.7186798745512876,,0.7195067583021406,,,,0.7193867208556657,,0.7195310866270983,0.722095671108257,0.7178753084456153,0.7207883106426437,,0.7208793119942616,,0.7188320005424604,0.7206665552378163,,0.7210752904875717,,0.7210182426897206,,0.7203018393547072,0.7196185086761576,0.7204341640767625,,0.7182475535564701,,,,,0.7198681662836629,0.7202531574370632,,,,0.7199278697608544,,0.7228794396538362,0.7183127431379234,0.7213416288954843,0.7210913057420482,,0.7177722309620075,,,,,,,,,0.7181618964320751,0.7202945953046715,0.7211172313776132,,0.7178304299736791,,0.7200149910248236,,,,,0.71946686757899,0.7183261830710265,,,0.720148759570522,0.7209936146086905,,0.7212059984115896,,0.7210324501917608,0.7204003989461273,,0.7185052072153724,0.7221630541158389,0.7180685168991455,,,,0.7214575689288638,0.7199848739431579,0.7213429173536618,,0.7185689061505589,0.7209485978435975,0.7222692835129771,,0.7195925314102175,0.7183086475561555,,,0.71907631722425,,,,,0.7201507914407761,,,0.7193715076015403,,0.7214566406299331,,0.7181785187326126,,,0.7215172468323118,0.7189580668649505,0.7203391152625468,,0.7202820405968174,0.7189041532845784,0.7182526568947755,,0.7198113454158889,0.7199343168488169,0.7198783245042434,0.7183867741292957,0.7194754699110436,0.7196011070633213,0.7203623056368681,,0.7178870704304188,,0.721552252689324,0.7205198273698828,,0.7183651847658246,0.7210212329132397,0.7206787777504049,0.7194632112425303,,0.7206541373691618,0.7207862186956857,0.7215713738289328,0.7209690313140044,0.7196961895634092,0.7218687563670612,0.7193177760346035,0.7210927557178245,0.7181553695630478,0.7187580207289103,0.718885375607757,0.7198531800802096,,0.7208687941088474,,0.7175941485757523,0.7198800203177774,,0.7183088010324379,0.7201228932009875,0.7204667694022489,,0.6571841001523074,0.656220100919785,,0.7596193716181764,0.6686889386903763,,0.791591210599464,,,0.6975073665664712,,0.8230621386623475
7,5,DG_10pct,20,Z14_F06,14,LL_AB,235185,232292,True,2719.346123528379,2711.2344699955734,2748.804905089391,2737.727102213885,2736.8715357450787,67.68285880647637,73.36740781449672,2784.9803581738765,2812.5571725640752,2870.73418437249,2860.0078936748537,3097.5440822196347,3342.8937823370284,63.663844198457134,60.29900078630545,67.52137605401214,69.61229240536879,20.421693396703777,143.59036959453596,222.48267023213955,,0.811136124945234,,,0.7964841652076498,0.8727863785041823,0.7499070107320754,,0.7163437784387764,,0.6883670276123809,0.7876950962112613,,,,0.6961389601833692,0.6972500745705786,0.8265807319099094,0.8243192919797492,0.8238263778837168,0.7189110666337251,0.7189021031541533,,0.71955235092809,0.7181799716956744,,0.7115592858201253,0.7097366832361741,,0.7193742885680077,0.7199013066503328,,0.7196966540687445,,0.7206930990789032,0.7698537479585834,0.6753889963497849,0.6762505646085243,,,,0.6789477071773374,0.6827753908537614,0.6824906274483813,,0.68337950488436,,0.6835976085617477,,0.6820266600602977,,,0.6815764585162316,,,,,0.7507621643022045,,,0.806808343239735,,,,0.7493561683726601,,0.7496212313098884,0.7483846330645352,,0.7505421456760384,0.7495689239922178,0.7511210727665505,,,0.7492349597712353,0.7474541233092054,,0.7501877785236597,,,0.7484079998158458,0.7508234423666328,0.7501486421299011,,,,0.6525487171626927,0.6519684062647617,0.4640766615518111,,,,,0.4690413779111098,0.46911835059778606,0.5728720459279766,0.5714567063730065,0.5720928230810018,0.5722553866805695,0.5708244971431717,0.572761656695261,0.5715053050187509,,,,0.5717346535713733,,0.5720892892602464,,0.572398760917546,0.5720202414668196,0.5717857691116822,0.5728898180076201,0.57192875769388,,,0.5727140091640694,0.571841597309117,,0.5730760569518429,0.572881371469657,0.5736370453200446,0.5745898803403225,,,0.5723471895919079,0.5721529838468198,,,,0.5726964349729231,,0.5714152059633,0.5703394255593253,,0.573060828167697,0.5723241795589504,0.5708418284200415,0.7494856006939915,0.7493397297271567,0.7495882583533865,,,,0.7486449173713774,0.7503876564463362,0.7513239673650359,,0.7496480024807817,,,,0.7514087065832522,0.749966395670038,,,,0.7503807106737438,,0.7499572823178372,,0.74929277261556,0.751094671006082,0.748822294029193,,0.7495779373777817,,,0.7482766200417924,0.7477964495695409,0.7482044972979477,0.7495855051511188,0.7494074854117581,0.7476319500368797,0.7492006981567856,0.7499301875094407,,0.7469627004278435,,0.7508054385026895,,,0.7520662844597018,,,0.46624591247096975,0.4662443589292774,0.46731680885523946,0.46750483142985033,0.4662719404701458,,,0.46632688005931083,0.4680298607840278,0.46701626565719734,0.46762455520858687,0.46837252967695414,0.46732408076343596,,0.46627280199733273,,0.4668482740089119,0.4667782293588504,0.4678260246979218,,0.46654198188475277,0.4664945535586724,,,,,0.46634510778229044,,,,,0.4657777594264341,0.46689374502057873,,0.46731469536904324,,,,0.4672277467402036,,0.4676519212175541,0.4677368107241162,,0.46595606400242895,,,,,,0.46526528597937866,0.46627168032377675,,,,0.5930937063654073,0.5571260560862893,,0.46353507383016607,0.4614955844675627,,,,,0.6056885086052564,0.6066389718944537,,,0.6082795163663881,,,0.606423297097429,0.6063148138557233,0.6082869798204245,,0.6056817586110852,,0.6063392326571646,0.6067049589012549,0.6070023448347891,,,,,0.6069885931987631,,0.6092031323354868,0.6053038479211652,,,,,,,0.6054754965313363,,0.6081003814011348,0.6070933832966174,0.6101587445862099,,0.6058942772722329,,0.6077814970777468,,0.596344199509805,0.5984184529920422,0.5988278443708536,,0.5967070854791159,,0.5987599552990474,0.5974479953408376,0.5980826922995204,0.5996507923958003,,0.5991918112475626,,0.5966166969331478,0.5986682385905805,0.5966320376691646,0.5975682129579666,,0.5977274358770867,0.5973563478847012,0.5973577127253732,,0.5975304132243354,,0.6000568637202988,0.5990411262823491,0.5962686425651889,0.597635448536674,0.5979493484536675,0.5984382299770393,0.598402581909542,,,0.7663284590135689,0.7665207370300655,,,0.7673496476720578,0.763060900146595,0.7666240538693087,,,0.7643054572136487,0.7608781152653983,,0.762292379145167,,,,0.7608055224704118,0.7621107536704568,,,,,,0.760075479301322,,0.7668559418840831,,0.7666288719430644,,,0.7661975956303171,0.7659187326199749,0.766585341858534,,,,0.7660555243829996,0.7658141326639546,0.7653228325464566,0.7671045226695334,,0.7632869041468697,0.7672711230016978,,0.7662941274536842,0.7665914765030626,0.7689452810651148,0.7664254487715781,,0.765729816836151,0.7651831162672268,0.764412935663465,,0.7654401837058054,0.7681001100197888,,0.7626584907397825,,0.7620576861151307,0.7636210720694303,0.7621415320904557,0.7616621186705214,,0.7623636520475204,,0.7633176433780322,,0.7628051520745704,0.7627203579968143,0.7623096324200573,0.7617913032201431,0.7620169301723173,,0.7628565537815037,,,,,0.7645943215116139,0.7622756104041747,0.7610498884313891,,0.7597708498007527,0.7641092653902657,0.5186188417721931,0.517943953985359,0.518874479621098,0.5177253833538956,,0.6118064269675323,,,0.6105002111859514,,0.5125029012668619,0.5116680747952873,0.5121555280882193,0.5122422013336332,0.5127875662095192,,,0.7468966798180774,,,,,0.458383201330956,0.4585562745973965,,,0.45244386206077575,,0.36731495823968574,0.7349693518325363,,,0.734361818678906,0.36403401632609944,0.2815224075734524,,0.26084082008053094,,,,,0.3366909392873414,,,0.21734299362354195,,0.23123694070566309,,0.2315386435388324,0.23077481814834486,0.23124380052166496,,,,,0.2306921523601695,0.23141413226256957,,,,,0.23145154915899938,,,,0.7629294576492862,,0.7619331154686885,,0.7491122513696351,0.05683961544082561,0.057001111235793725,0.05710916058181363,,0.048065144348052764,0.047748182612400394,0.0479925273891761,0.047820313739317846,0.7879876026579217,0.7902580252447595,,,,,,0.028275846480264263,,0.028214749950276587,0.028192956513033177,,0.028246970500773214,0.028179286805477162,0.02820430853692382,0.028220008597605137,0.02821556875404837,,,0.02821622665875322,,0.02826327140417361,0.028202212816445454,0.028219871152981815,0.028234770330025426,,0.028241377747520877,,4.085820741085622e-05,4.07101624312294e-05,,4.089658330178799e-05,4.0711339538776276e-05,,,,4.072233206151858e-05,4.0746650410577683e-05,4.077240529853567e-05,,4.074628264255687e-05,,4.0815634462048405e-05,4.073557820076336e-05,4.079117997378627e-05,4.082251942122478e-05,,4.0906904758971076e-05,4.083894150408579e-05,4.083162384676941e-05,4.090654470851425e-05,4.093361961010244e-05,4.09225524642003e-05,4.088060335719721e-05,,4.0837685953728235e-05,4.090943257216866e-05,,,4.089818852962717e-05,4.077116294304371e-05,,4.086701354873152e-05,4.079276775635792e-05,0.5359374311653249,0.5378220067887479,0.537828364657748,0.5374029529607536,,,,,0.5362592056412997,0.538461469144291,,0.5375407809138166,0.6252053574163662,,0.624963445506862,0.624975127751873,,,,0.6256204970685151,,0.624419429567746,0.6257062096900987,,0.6267760946581064,0.6256064314459121,,0.624541967863237,,0.6265696734588687,0.6268236622325379,0.5380879728138216,0.537239896648993,0.5384489726829634,,0.5371396086144347,,,0.5368872963397471,0.7729949999171611,,0.7727007170598956,0.7733257248250689,,0.7752082944644972,0.7715843881910879,0.7722374263176027,,0.7720588746182334,0.7697039102562819,0.7728034297875928,0.7753520952342966,0.7756148589554078,,,0.6226486392114838,0.624498479311756,,,0.6249084063572155,,0.6255822447168248,0.6265946389355085,0.6243698349103874,,0.615995837571589,,,,,0.772878334848105,,,0.7726966120013482,0.7752128862633572,,,0.5381440365313518,,,,,,0.5368360379517064,0.5382763347080245,0.5378175991774857,0.5384566440016073,,0.5397184750246523,,,,,0.5367713037251751,0.5379594761491927,0.5378064146928435,0.5392015714418931,0.5367819721323301,,0.5380367792393065,,0.5377711282629889,0.7748175088969571,,0.7726354626966191,,0.7733667119423545,0.7742700321898588,0.7734619224094816,0.7740852844305627,0.7763808530793783,0.7742041777101342,0.7734175205556323,0.772887465491635,,,,0.7738088072056883,0.7757215018481916,,0.7734906706255391,0.7735879481844952,0.7734259341819808,,0.7731372195369088,,0.7732047545353543,0.7750257730527806,,0.37812136508410626,0.3789857098245203,,,0.37953284602029363,0.6714105184437662,0.7082982586678556,,0.691248329387543,0.6878220365145449,0.22408327102522066,,,0.7195422033260532,0.7192141315867326,0.7177376085680942,,0.7226559073352956,0.7191975244438015,0.7194340328515884,0.7176399475815953,,0.7212065309050633,0.7205419780318462,,,0.7195578919171844,,,0.7209884771953512,0.7205662159878251,,,0.719631196507986,,0.7196843638472205,0.720404302247275,0.7206058240956309,,0.7212799976227371,0.7201901376885183,0.719220811589896,0.7188321059503229,,,,0.7161177413871708,0.7208375247014097,0.7212604877559504,,0.7206131726184747,,0.7221334596269884,0.7216387644511872,,,0.7187690120613822,,,,,0.7200447028067428,,,,,0.7185532128977825,0.71865882157706,,0.717637048521761,0.7195903369511907,0.7203947877388005,0.7182932203536138,0.720422551263006,0.7212900004959183,,,,0.7192106851159966,0.719656487558911,,0.7201835205389877,,0.7193026813218795,,0.7202725127669494,,0.7197458869421295,0.7192060471888346,0.7199571830761309,,,0.7190516321592648,0.7184024400275328,0.7197438939883812,0.7200918586873948,0.7195045385856543,0.7198277590266903,0.7194262880085069,0.7207695029942119,0.7173200249242125,,,0.7219401898834263,0.7207782323326903,,,,0.7218632335925831,0.7192368842233431,0.7185338399747834,,,,0.7191947640330487,0.7178409422811629,,0.718819706582656,0.7194675035780982,0.7187579423282429,0.7187902255376738,0.719146691996838,0.7186622348218087,,0.7173264072947159,0.7195160402605992,0.717037142851269,,0.719606188798323,,0.7194893449744872,,0.7181256058530964,,,0.7188299230968835,,,,0.7193483444537121,0.718397443783966,0.7180254969234057,0.7207833062456905,,,0.7202498057667254,,0.7186394788617707,0.717758046182558,0.7195546323613354,,0.719176538036404,,0.7188722817010693,,0.7234814143747306,0.7198756414126494,0.7208562463607111,0.7201434173739597,0.7183068617086638,0.72160803893767,0.7202129686816447,,0.7226254679771724,0.7197819830278174,0.7187326351069925,0.720289852091859,0.7183699942602071,0.7191569006953764,0.7181471566746263,,,,0.7197981014288397,0.7207516080145405,0.7204258363125594,,0.7208012050714118,,,,,,0.6694333318064809,,0.789459625445395,,0.6961556255989872,0.6950535773635194,0.8219330922873542,0.8244620619640909
7,5,DG_10pct,20,Z14_F07,14,LL_AB,235185,232292,True,2715.6413509657687,2719.609507451182,2733.5740185153145,2737.9880367724118,2743.465027312109,67.8517442188398,72.85034901700351,2775.2637901923576,2814.0375711581764,2886.6460127421014,2868.407731874999,3093.7288590762623,3341.2920080448275,63.60852152963356,60.1055045158275,68.06675660362387,69.61869457542015,20.34197912317658,142.6647777638019,222.00493097924098,,0.8114013173038508,0.8113767052265582,0.8641672855360734,,0.8738096629387314,0.7520452783168315,0.7171064189094029,0.7166953595267569,0.7147151829868744,0.6869468268656945,,0.7896957380968607,0.7923145474138731,0.6977168621095063,0.6969749747375277,,,,0.8231919777950278,,0.7180752696757413,0.7169027587125059,,0.7159690791581447,,,0.7099856574051728,,0.7191921708337877,0.7194746255009952,0.7209697172318302,0.7217128698677506,,0.7210207792684684,0.7683161936733874,0.6780163364181309,,0.6767192292791695,0.6801241395274559,0.6804307296323595,,,0.6832130307524079,0.6815527676459495,0.6809351139752639,,0.6829301280189845,,0.6850162868266605,,,0.6824456077138328,0.6837784242963186,,0.6834215488128264,,0.7514169869446345,,0.6564317177026795,0.8053044592312233,,,,0.7470335598525955,0.7476746440197015,,0.7479009080577698,0.7483817093124746,,,0.748016376117039,0.74948349883115,0.7494036800423631,0.7480133389945376,0.7490560565141351,0.7465287126613087,0.7491326483333702,0.7484109263027108,,,0.7500419997700515,,0.7486351728360486,0.7471532031896322,0.6535402212828023,0.6535523957980547,0.651819356294683,0.46413800738300925,0.4690035213543374,,,0.46931617894059274,0.4681155353800719,,,,0.5729730414100982,0.5731198156320187,,0.5741013709540593,0.5722687891841889,0.5748492831662829,0.5721127814256428,,0.5726000442925965,0.5718779798057118,0.5735188616342481,0.5711760683018117,0.5725057616296754,0.5723051020118947,,,0.5727576009833129,0.5730533496117796,0.5715255681245004,0.5712817645142413,0.5746214168939505,,0.571962973044231,0.5721748946126405,0.572857093377505,,,0.5713725424010115,,0.5716782898421772,0.5722281290205117,0.5732073526393572,,,,0.5723675466088226,,0.5727168467214924,0.5710405609443581,,,0.7488143823502461,0.7458840117366897,0.7496922933064389,0.7519919394138919,,0.7475297258386036,,,0.7510105866540092,,0.749037232211612,0.7506544667181133,,0.7501611084774776,,0.7498606232846945,0.7513896699949593,,0.7520502861956592,,0.7501605336414963,0.750061718004922,0.7499038343589285,0.7480430976885506,0.7502568973858735,,0.7506107948848294,,,0.7507851923144087,,0.7498599554124165,,,0.7514075368640212,0.7498336694629086,0.7505129104369036,0.7517283292946894,0.7515981989422552,0.7495087965959162,0.750120297232165,0.749812776103313,0.7491753200939532,0.7485578354117354,0.7486158715534978,,0.4671904500507611,0.46758245780474084,0.4670132135438801,0.46700356498454965,0.46606446744825614,0.46700106716875694,,,0.4672499307940947,0.4668551861041219,,,,0.46755591224428217,,0.4669291286816025,,0.46833154167150204,0.46679096939369247,0.4677846367346854,0.46748963000194144,,0.46708364528121005,0.46622951140282365,0.4659138691134652,0.4650073063027747,0.4668007649837585,0.4670844664475147,,0.46791424063223513,0.4663242467171867,0.4670474671306319,0.46840248823885844,,,0.46775748768485514,0.46686823277397843,,0.46650269275758827,0.466170443332818,0.4666957123212402,0.46721872758884553,0.4667968407975134,,0.46805551969457104,0.4670560551127209,0.4669122026543034,,,,0.4657463459304109,,0.483743968468851,0.4851304250297141,0.4855197500663112,0.5927013074646301,0.5589694702125305,0.4619424476728068,,,,0.46255182883700297,0.46107232344003407,0.6060768659714677,0.6079092388987778,0.6053269771293294,0.6080505342168739,0.6070186139971201,0.6066917032783793,,0.607337940744398,0.6085248093199593,,0.6061215632957446,0.60728070379026,0.6071487926266544,,0.6084864720865503,,0.6095465855170651,,,0.6076734861867409,0.6071236682534915,0.6066851388783451,,,0.6048923676658365,0.6060944618787745,0.6082159544115626,0.6055529739717422,0.6054110128118521,0.6077160762862437,0.6075187147678315,,0.6067625685298719,0.6066109364053828,,0.6058989030094745,0.6066669202853061,0.6069700818690827,,0.6067825263925778,,,0.5969853504082568,,0.5971410156086701,0.5972493053717749,0.5980811029840005,0.5959806503306244,0.5987766001853129,0.5985455238599329,,,,0.5997704813032793,,,,0.5988586498740359,0.5986928827442126,,,0.5982677897787833,,0.5973227550263037,,0.5969403355075784,0.597596332972517,,0.5985531686140181,,0.5988858009141449,0.5983712950524362,,0.7649629946438926,0.7658551230316573,,,0.7676273846276762,0.7669286801269446,,,,,0.7620947330489886,,0.7614834739159283,0.7634988418647033,0.7599417662978101,0.7617578227733883,0.7599067474442671,,,0.7634490208931497,0.7633163406841461,,,,,0.767379870456616,0.7657945998026204,,0.7647130645152801,,,,0.7657887911024958,0.7637261640141232,,0.7668549569158659,0.7659575127294939,0.7660431362913703,0.7652559733130917,,0.7670166096251928,0.7664833998761362,,0.7684600233049298,0.7651634179099166,0.7643443050428071,0.7655379927994744,,,0.7673331474822822,0.7664425373033652,0.7653697024289473,0.76665300337403,0.7655610100496478,,0.7648389413464501,0.7607335278037884,0.7631991820858891,0.7619583843799074,0.7594790807020806,,,,,0.7621080025431366,,,0.7620595739109406,0.759256667870737,,0.7613412424402848,,,,,0.7607693501593423,0.7615044971790611,0.7628323967324564,0.7620463620360143,0.7610625234423746,0.7626774955208568,0.7650043525385004,0.7644219967233987,,0.7641211497882081,,0.519848132055622,0.5191981079382982,,0.6112983258750289,,,0.61197216833894,0.6108464906959635,0.5121105560573177,,0.513523389451304,0.5108302414292375,,0.5111538097885414,,0.4601563507371807,0.746760301079062,0.4646292600257902,,,0.458926663293598,0.4606637761167424,,,,,0.47170299399365834,0.3681053720632387,0.73594332938821,0.3982928672272114,,0.7366928817663346,,0.28120660317133617,,,0.2600632853292937,0.26116516116495697,,,0.3361026913172179,0.26020045140203246,0.7377843696745814,0.2177393102352756,0.21835208303896356,0.2311860291688099,0.23112871615021885,0.23022638182449393,,0.23100798906481998,0.23084460984537647,,,0.2311699516243478,,0.23130834760069427,0.23123739654922623,0.23178600876122676,0.23065192569060905,,0.23108700173788066,0.23026790859278606,0.23104320985691457,0.7625378514162298,,0.7613831558702538,0.7640727496503488,,,0.05683166795316915,,,,0.04774712098489006,,,,,,0.7916541869801615,,,0.02817923577476479,,,,,0.028182904487693766,,0.028341873255905026,,0.028349833715973667,0.028221017958375085,0.028232474309361686,0.02827823251006015,,,0.02818990973051872,0.028228466865520094,,0.028184881916733077,,,,,,4.0934236494911346e-05,4.078886219771946e-05,,4.080662058964462e-05,4.080313321545427e-05,,,,,,4.072646382713953e-05,,4.0760400548091896e-05,4.0876835642144416e-05,,4.0944518261783e-05,4.08348499102737e-05,,4.084658013112876e-05,4.0758013317815057e-05,4.07298600121444e-05,4.081433055956531e-05,4.091833895054425e-05,,,4.0775567344885456e-05,4.083942824513792e-05,4.089757988765579e-05,4.094332265527303e-05,,,,4.0870455598711596e-05,4.092718982307952e-05,4.0808699691655383e-05,,0.5381051480589469,,,0.5384255534497883,,0.5380793683909958,0.5365132430500763,,0.5376717816998746,,0.5357444273669334,,0.6246915454408726,0.6262828907360131,,,0.6269942097414507,0.6259956876815089,,0.6250514556315842,0.6250877192540842,,0.6252802836775417,0.6248742413349665,,0.6241643888878137,0.624880238999327,0.6245536415874899,,0.6234432682933446,0.5368583065450991,0.540086513893176,,,0.5367008039032554,,,0.5394838496233793,,,,,,,,,0.7725377633940292,,0.7716822844176912,,0.7702719365463135,0.7750203493717973,0.6252919902797847,,0.6249014429570262,0.6249714309630198,0.6278401021826483,0.6251400214150081,0.6253511327381747,0.6251339578205077,,0.6270573112084324,,,0.6148487029160247,,,,0.7743268909136871,0.7729787502760286,0.7747219458021726,0.7744534813517263,,0.7748176612316908,0.5367708436694182,0.5371869183638618,,,0.5386781819926092,,,0.537677990928522,0.537960341485133,,0.53753655347128,0.5371630768446125,0.5371363746260857,0.538408035059572,0.5388760655043593,0.5364727931715236,0.5382276918141391,0.53780376369636,0.5383115318554194,,0.53790762651133,0.5381155262571566,,0.536892756804465,,,0.5376349082361321,,0.7752270826212241,0.7727908952745766,0.7741157950029468,0.7750403562042222,0.773490907821551,0.7754016235402548,,,0.7752157508066615,,0.7719186544126746,0.7757985837121534,0.7728433686044689,,0.7741112307178896,0.7725919819000968,0.7740274214570927,,0.7727691783126465,,,,0.7716692191388949,,0.7742421057758208,0.3796119251074472,0.3790751982295257,0.37898752581524714,,0.37763704123265585,0.37845239089817256,0.6694720544830328,0.7099629791645001,0.6908580487598935,0.6878030078069663,0.6898002356731174,0.22402206208696715,,0.7199931146095478,0.7210239538040608,,0.7210223187154644,,,0.7213443795263905,,0.7198285421644327,0.7191057103367288,0.7193027878513749,0.7199433891692943,,,,0.7196072846445848,0.7197606115567429,0.7194360066194131,,0.7187307883021177,0.720710277487885,0.7199302083393766,0.718687235221884,0.7211494969839011,0.7185551883254072,0.7208781060926307,0.7179178585137069,0.7200096727889068,0.719226098991715,0.7194415635711235,0.7215607923670627,,0.720465155466494,,0.7181718979426034,0.7183401447129109,,,,0.7190635969083712,,,0.718982090983399,0.7201197330648939,0.7194365604278298,0.7187396354608228,,,0.7204041451619945,0.7189826011122645,,0.7198441031832745,,0.7211572207340095,,,,0.7216815225750246,,0.719179960619142,,0.7207944145105747,,,0.7201614623792393,,0.720383311229714,0.7194523766893005,,,,0.7182167705113458,0.7196493748399138,,,0.72169415333884,0.7195082064845244,,0.7186369372132451,,0.7200307476161306,,0.7198089084726638,0.7194273528259015,0.7211102171198213,0.7204539610276107,,0.7199711106306336,0.7200968584867067,,,0.7199597018667274,,,0.7182182908427225,,0.7198938249066825,0.7201659073756097,0.7193713588855425,0.7226335589305781,0.7209397172695424,,0.7197211692168163,0.7186916229902176,0.7207931087608924,,0.7194273648850661,0.7206759903347841,,,0.7191029476275367,0.7203623570791614,0.7197697441834991,,,0.7207113655154848,0.7201285658338101,,0.718988217988675,0.7200011343885292,0.7187568475713564,0.7199046193934595,0.7197759283142667,,0.717372709867857,0.7208119857788997,0.7183863267562759,0.7207375759326865,0.7189542405148687,,,,,,,0.7191686413825169,0.7189364131302514,0.7181362615332966,0.7213918548338772,0.7178735903520586,,0.720256836938158,0.7204390959885209,0.7186239057030085,0.716432625418716,,,0.7187076056546611,,0.7206589538571242,,0.718487883603703,0.721175354803393,,0.7220651836020867,0.7186551734244426,,0.7221839681655357,0.7205375602754789,0.7181190740778018,,0.7200538159676232,,0.7200212193375097,,,0.7203830833903946,0.6584027931863643,,0.6562046782946357,0.764424379853873,0.6677406310616063,,,0.7917045452431728,0.6977464462459634,,,
7,5,DG_10pct,20,Z14_F08,14,LL_AB,235185,232292,True,2717.6481815825673,2714.754287689739,2739.460268331455,2744.0985561641864,2738.314380554936,68.06746723120635,73.25065378542452,2791.0982086488484,2817.49226339139,2879.71366866321,2882.8253432546244,3095.9383290220926,3343.9894638911214,63.43713072136633,59.81738659040972,67.8497967302871,69.77675643644884,20.55665090121112,142.67033744124993,222.22445556312607,0.8124219500045089,0.8128141777104942,0.8115674372192537,0.8614214594339844,0.7976529662813648,0.8737904663720703,0.7509626682159807,0.7179334483674482,,0.7171980000544717,,,0.7872040060779499,,0.6974387493067905,,0.6965877099880569,,0.8251654119379463,0.8260529044557028,,,,0.7181035763114619,0.7190934179620039,0.7200586473701048,0.7110760826241719,0.7100173356322326,0.7109867101523198,0.7182955231950379,0.718785049247932,0.7190325409581628,0.7209237815561803,0.7190073114674327,0.720677461869853,,,,,,,0.6817118854947167,0.6842655191516189,,0.6825563408810854,0.6837095052883471,,0.6818041036429546,0.6837810205367825,,,0.6828460506960348,,,0.6836741269979423,0.6836218528495838,0.6819172936276582,0.7506571762148301,0.7511514338233811,,,0.7466305322149617,0.7502684804268126,0.7474127773017849,0.7503727004828633,0.7473989250463784,,0.7484895617604018,,,0.7493814387490588,0.7479999535496653,0.7453706192014068,,0.7485637750607236,,,,0.749731357226233,,,0.7481621398377517,0.747924465730355,,0.7475456470002717,,0.6520761283840344,,,0.46881885307848065,,,0.4689335012214849,0.469717181244093,,0.5709857553899139,0.5728282381224549,0.5741194983217969,,,0.5723948687570829,0.5729343119659026,,0.572142165514403,,,,,,,,,0.5729489701451086,,0.5738017427325656,,0.572812708150425,0.5714400444792398,,0.5731288964937264,,0.573689270387849,0.5731171988217023,,,0.5731240086435576,0.570623682310544,,0.5717039834809139,0.5725507478103934,,,,,0.5720288057603028,0.5702441138678405,0.5725784693242332,,,0.7521389924406123,,0.7512716156281102,,0.7512205682609217,0.7513445541940253,0.7512342659413912,,0.7511172316784501,0.749001918633196,,0.7510728030605921,,0.7505728889366862,0.7500987146496845,0.7519925366516633,,,0.7502671438502063,0.7495929317706563,0.7502167994782573,0.7488131111482175,0.7494044858462136,0.7484024677786756,,0.7495278153764529,0.7515644185975412,0.7488487917869591,0.7492486616366151,0.7494173786541788,0.7500173817139353,,,0.750149727397122,0.7481073585145458,0.7500992468890175,0.7496050997818215,0.7491636487411583,0.7516148440626585,,,0.7493590668834623,0.7495237902760711,0.7492351702287569,0.46687675281099955,0.4677765931707903,,0.4660621695906915,0.4672596995254247,,,0.4678188754791939,0.46631519319236875,0.46640726546515193,0.4677729114824988,,,0.4681670244940481,,0.4660606899908446,0.4673982466777453,,0.46594227295078766,0.4656017420740255,0.4672356732697284,0.4673805446868856,0.46655214403503975,0.46684483783162467,0.46740616535373125,0.4659464799849547,0.4657204999741831,0.46734104887976446,,0.46659143432093475,0.46700403116809913,,,0.46680520434824935,0.46602933671085073,0.46603126921274124,,,0.46813904281767016,,0.46700530733530277,0.46763360061644327,0.46694108435330756,,,,0.46636525987731076,0.4658592339375025,0.46750270413275596,,0.46719494489480756,0.46742887070001343,,,0.48588200530072556,0.4843337477459887,,0.5579451593012016,0.4626993996487118,,,0.4625354829251392,0.4619932715857455,,0.6072639370497857,0.6060923272749521,,0.6082017943553859,0.6071579162366255,0.6067122234764025,0.6067934845955626,,0.6077077274172312,,0.6058954007565144,,0.606214685462367,0.6069287892921801,0.6075469994363921,,0.6071185160791375,0.6088102021458041,0.6080341737703049,0.6069827687749687,0.6074760217056913,,0.6058244264869146,0.6052817103978503,,,0.6066523760588296,,,0.6061498692713347,0.6058296295668009,0.606168569238645,0.6062330571910838,,0.6076369654010138,0.60821326601891,0.6066427151167113,0.605876401249446,,0.6072698074395152,0.5981738849938458,0.596960837222702,0.5973381065070115,0.5996832864860193,0.5980861403982501,0.5970828101120128,0.598368762679597,0.5984232279075203,0.5996950130196794,0.5979740374716266,0.5977074721770937,0.5982964692208759,0.598666215080497,,0.5988981483858453,,,0.5971617568578392,0.5977462759341967,,,0.5981817766735199,0.5986601323400286,,,0.5983591704969883,0.5960337864728795,0.5973658738066772,0.5987042135778537,0.5971244087219525,,,,0.7666965456957605,0.7683510415976585,0.7656127692642896,0.7651982047691843,0.7669354144855536,,,,,,,0.7648390261309375,0.7622835753001488,0.7632811532326681,,0.7641695151521283,,0.7634577571306038,0.7633058974532355,,0.7618720586384146,,,0.7612551437626527,0.7631816996451737,,,0.7654510036638584,0.7662438063976011,0.7644585906650482,0.7652853791578247,0.765178418063675,0.7660454356620329,,,0.7653840665437767,,,0.7654935162721109,0.7681007035482164,,,,,0.7654181022124725,,,,0.7641468400485698,,0.7654653400468832,0.767230856867303,,,,0.7677831989598561,0.7611967756980187,0.7628264506388028,,,0.7616778295328791,,,0.7634941267987303,,,0.7627488313190193,,0.7630634297652221,,,0.7621574158556904,0.7641339282858409,0.7633639498322428,,0.7626846288152396,,0.7636540737971715,,,0.7642077390101087,,,0.7620777255626283,0.7609070064504166,0.5190393374222865,0.5182153271721619,0.5183106518930193,0.5190437273557861,0.6091989914989537,,0.6131527349082121,0.611097128608818,0.613002433918292,0.5121747093958793,,0.5117512520802098,0.5134945576546524,0.5115407211637379,0.513052699563364,,0.45774848447704725,0.7475511680261409,,,0.4646246183315134,0.4590124835622577,0.45960793234204333,,0.4510392148884068,,0.4515348712721322,,0.3672487938136115,,0.39697075078702854,0.30855339107683083,0.7347000508279913,,0.28173782464294206,,0.26099623923303034,0.26062404779213333,0.2604473629849835,0.26093099794369085,,0.3373309986110453,0.25981204266360963,0.7381068622649866,0.21783530046809274,,0.231253037616396,0.23062069298948032,,,0.23124029132608778,,0.23049321760167613,,0.23094899673870556,,0.23115368465849045,0.23129115832190814,,0.23096806273710677,,0.2308150240029646,,,,0.7620816581827928,0.7613070183607914,0.7631615348892374,0.7610886774933364,,0.056941422488433945,0.056901511711441234,0.05689658547212687,0.056882931538847596,,,0.04790447062856159,0.04795695710960812,,,,,0.02818689293307265,,0.02815371970951484,0.028264079001570727,,,,,0.028230359855360425,0.02827574659743786,,0.028224001774435913,0.02821302783878904,0.028277175588198988,0.02830992631447624,,,0.028200626629647414,,0.028189119909277915,,0.028245285271967555,,,4.080721978021178e-05,4.088721562574304e-05,4.075085762362301e-05,,4.0866595230373614e-05,4.0769187660636395e-05,4.090340398759411e-05,,,4.077600153434544e-05,4.076235797952141e-05,4.0771696042652964e-05,4.082797888560553e-05,4.0790319054705454e-05,,4.089742859617122e-05,,4.082833284686389e-05,4.083479299681977e-05,4.0803545821837606e-05,4.089668898856837e-05,4.072751150339939e-05,4.0781749376647834e-05,,,4.0829771643005235e-05,4.089948314558386e-05,,,4.089995084788883e-05,,4.0762812649688794e-05,4.076455128094094e-05,,4.086794345039076e-05,4.074628188966401e-05,0.537048641609933,,0.5375171617920813,0.535744326225018,,,0.5375846846715037,,0.5371171679007299,,0.5362732895467344,,0.6253418446465874,0.6269536838244674,,,,0.6251469803025929,,0.6257587284778802,0.6250588203749365,0.6257741271339538,,0.6273418794221423,,0.6267432783549094,0.6248125267655645,0.6245246297340884,,0.6241096598832787,0.6231664258775129,0.5364286731622439,,,0.5375928441225835,0.5381484798174075,0.5396069063041853,,0.5373215464484842,,,,,,0.7740520989447633,,,0.7736421849689828,,0.7713073361228872,0.7737749029182355,0.7727842319104474,0.7722139257182589,,,0.6238166955311154,,,,0.6258001028014293,0.6251502153694247,,,0.6267016279689293,,,0.6240511527723919,,0.7742641357376464,0.7738522589522527,,0.7745540838412526,0.7735066669792365,,0.773712488218724,0.5369415458938898,0.5374489345535798,0.5375225085497268,,0.5384198716755196,,,,,0.5379772094318337,,0.5376843599182387,0.5369319942036197,0.5383865062562999,,,0.5376866263548046,0.536712464712018,,0.537103707767764,0.5371620961905914,0.5376964323676188,0.5359129328507285,0.5385892365783018,0.5376924964094537,,0.5378201870066419,,,0.7744957388133054,0.7753445098301188,,,,0.7763827223012782,,,0.771282338951078,,0.7742340733339803,0.7750141382675592,0.7748624339406435,0.7758060248146077,,,,0.7757255919295789,0.7749868262664085,0.7744080964591149,,,0.7760366253958685,0.776219735421431,0.38011148157533703,,,0.3802095403019201,0.3794316969738278,0.3791884479077826,0.6703314011096039,0.7113420543679391,0.690461086290623,0.690382092652637,0.6905943433352978,0.22365423886587416,,,0.7190207101774779,,0.7193736977106737,0.7186712572452222,,0.7213262801663594,0.7193957575441924,,,0.7177382430674939,0.7177116261510378,,,,0.7194643222914889,0.7204710051449632,0.7218069583842543,0.7211287788857837,0.7199628873723631,0.7193983332302778,0.7211724524581767,,0.7212910395406993,,0.7206738956931393,0.7201561353983006,0.721827273740595,,0.7193700688086496,,0.72055988648011,,0.7195045747495789,,0.7202371666063445,0.7214895938725681,,0.7182649218700964,0.7195541127247467,0.7183589121281062,,0.7174769450547036,,0.7207118626534456,,,0.7205548243957622,,0.7213237709125008,0.7175359677536407,0.7185437578061304,,0.7194356485145211,0.7175666388403624,0.7201831833144549,,,0.720024755740266,0.7179091511309497,0.7194261237072407,,0.7199881970256029,0.7204163331150784,0.7187739577949404,0.7218341649335248,,0.7208739542104848,0.7205198933701523,0.7216052111433386,0.7219497633103299,0.7205302160410387,,,0.7215425798335451,,0.7188705788128938,0.7188091355349578,0.7187359963415055,,,,0.7200861560363633,,0.7214326193778747,0.7206691989719709,0.7194276573652082,,,0.719241626880655,0.7185079796890333,0.71798814879227,0.722684116193871,0.7218612403420206,,,,,,0.7188449840077362,0.7201150194190629,,0.7180557527757256,0.7202865427904758,0.7198576551406161,0.7203958819990637,0.7214171334507804,0.720044148260293,,,,,,0.7198360645809143,,,,0.7176857726017811,,,0.7179567550437254,,,,,0.7195573832767574,,0.7209261940747658,,0.7203776156984978,0.7188834048688956,0.7193481396555151,0.719635093463621,,0.7203945217608749,0.7202783258808372,0.7191224419283743,0.7199768122827606,,0.7195796933708639,0.7214708773259589,0.7187247782127832,,0.7208225668686201,,,,,0.7205718854431812,,0.7193455880651772,0.7206348734688972,,0.7202032885981163,,,0.7211772888983299,0.7201213600060788,0.7192442595114703,,,0.7211227250562334,0.7201097466233006,,,0.7177384299684822,0.7205368746818598,0.655537265323188,,0.658411969366113,0.7614466690109928,,,,0.7928373852892153,0.69627264316692,0.6977733065978842,0.8230386193766454,0.8225567014572426
7,5,DG_10pct,20,Z14_F09,14,3PH,235185,232292,True,2611.0312119114733,2601.2512553620445,2658.1633851659735,2723.087166043076,2719.0268677069544,39.87011526509125,38.75074718723672,2849.2290475155805,2857.7833943038604,2894.314914784329,2910.1422078215805,2931.3252435875565,2938.103847494772,56.51916907330363,52.24312232210772,40.42178086191966,32.99285277137578,12.575925985001188,65.90947906352315,62.63918881903264,,0.8071068342159043,,0.8133038981962677,,0.8118951990001273,,0.7100271156111904,0.7108269383421201,0.7111673379482922,0.7098912432189519,,0.7187975578220107,0.7208734990807882,0.7184866572151095,0.7185503627467595,0.7201807193573937,,0.7204626244833043,,0.7106395061701222,0.7081181980194956,,,,0.7140009958757378,,0.7011423447759312,,0.714838851669414,0.7167075773242048,0.7137104958270476,0.7135552823756792,0.7149029254795447,,,0.6666167406651935,0.6686271963742102,0.6662033283138002,0.674080285218811,,0.6750424380744688,,,0.6777134970420785,,0.6762742336490621,0.6766583820148784,0.6784128128534034,0.6762500311728616,0.6779264934282512,0.6774606329881199,0.6782404123507251,0.6779079339262458,0.6783476958341558,,,0.6743050956035738,0.6740323097317207,0.6763099524134938,0.6770715718861998,0.6712416257116482,,0.6693315548350584,,0.6718352788029,,,,0.6707050178462005,,0.6699938171397106,0.6710980703006479,0.6726945845706629,0.6707291426369211,0.672416417368963,0.6703758283482889,0.6713819567225193,0.6730466139975894,0.6745168181482875,0.6737847347339823,,0.6716623662531447,,,0.6483651680140281,,0.6462248815746006,,0.46233679462262073,0.46251270114291754,,0.46332789345030095,0.4636331422476987,0.462240227713748,,0.46709617381520446,0.46824477404091935,,0.46873255255321145,0.4689518444538682,0.4696591318565053,0.46795197482890527,0.4689556575533528,0.4686816035400553,0.46827540022927167,,,0.46881297801711874,0.4674087302713387,,,0.46805776159440543,,0.4675340997255541,0.4683534199256932,,0.466576063451728,0.46881983657473636,0.4675602761116696,,0.46832587947567406,,,,0.4675180700956043,0.46797668174376233,,,0.4672865442447649,,0.4689990684714136,0.46804803115572546,,,0.4683819499713901,0.4685671506411499,,,,,0.46772911882296603,0.4689212948903354,0.46708091882991454,0.46918946144719553,0.4680694794899244,,0.4677040754041809,0.469211357556963,0.4683761287693728,0.467495341553975,0.4678048442471141,0.4679595465269522,0.4693299144156074,0.4682610872785761,,0.46728499784489175,0.4684525665316964,0.4682345910222557,0.4665713209924999,,,0.4672872034091588,0.46758191146835826,0.4681887434867917,0.4679305364311484,,,,,,,,,0.46781000450378085,0.46771354559509537,,0.46684235382645556,0.4688093820753396,,0.46701156283668754,,,0.4686671745844447,0.4686966054271982,,0.4689068070052087,0.4696438033326553,0.46886949305852615,0.46814471582345774,,0.4684143144248288,,0.46939311980313747,0.46864010818550805,0.4692344847715444,,0.47005848875469214,0.47007597739539686,,,0.4682841352210442,0.4708584750240179,,,,0.46823442082551436,,0.4697453638006468,0.46833652609220494,,0.46952875258807897,0.46981639597992475,0.4681561761480427,0.4672136879783133,,0.4683602333186896,,0.46773036858299044,0.46781867982365566,0.46959761261712235,,,,0.46795068360026326,0.467581049477134,0.46952191831960294,,0.4688824456483268,0.4701412520926865,0.46841548243189896,,0.4684445254816122,0.4689575959793575,,0.46756088997663053,0.47317428836542497,,0.4734185519801638,,0.45848637419960264,0.45653893783144295,,0.45832654188950117,0.4583936377803728,,,0.5096428545307176,0.5092503792445747,0.5084464732769488,,0.5101057935413502,0.5096994744082297,0.5088692995232132,0.5116383611007805,0.50999118396673,,0.5098953353798282,0.5110968736448289,0.5097242634516416,,,,,0.5108553157966347,0.5093934100530677,0.5083889632518283,0.5098195340633681,,0.5086217526462574,,0.5082119490843453,0.5093796219740206,0.5083664354775811,,,0.5084700824736471,,,0.5086924682605091,0.5079462798106892,0.5087741958842181,0.5080876059151772,,,0.5082750844792644,,0.49974080193556303,0.4985982052953374,0.4994127068330834,,0.5007648664165958,,0.4990531256685336,,,0.5009738788686106,0.4996814459786118,0.5013833748911679,,0.5011410070636135,0.5000519786360142,,0.49977442184958615,,0.5009318839854703,0.4997673152220688,,0.5001041852041149,0.49980299936010214,,0.5004169356276271,0.49960620581416737,0.4992943469799755,0.499057641009575,0.5001420829620051,,0.49982516948607614,0.4988619929927378,0.5091346008104009,,,0.5080493264999981,,,,0.5076799669515071,0.5096772900306298,0.5087527406801833,0.5087489225049077,,0.49874050933460956,0.498084786910873,0.4972876802666368,0.4977604292323919,,0.4993146328003206,0.49829761922824767,,,0.4982274464499429,0.49683639031419335,0.49656628959191595,0.4981868566372756,0.49742650434233243,,0.5078986630731742,0.5074861088217061,,0.5091153405662637,0.5085827275024688,0.5064240254830652,0.5095612508196181,0.5087341276914586,,0.5083099919515845,,,0.5068908301553257,0.5096532053466928,,,,0.5079827961938276,0.5099880490015233,,0.5089213946892006,0.5090280684489933,0.5081475779063113,,,,0.5084178614274697,0.5102224100889502,,0.5086425226937896,0.4991830392707328,0.49715719651083007,0.4981163326555238,,0.4987856115962749,0.4975607246894302,0.4995656982608532,,0.4987290703763617,0.5000683740008053,,,,,0.4986306757566541,,,,0.4980422749823121,,,0.4997787608723302,0.4976090777085241,0.499953798752164,0.497808908793334,,0.4979215750077294,0.49943205593129236,0.4978203994827865,0.5157948764343321,0.5159066896740263,,0.5157730227378559,0.5144634806585939,,0.51540737043274,0.5139049740979023,0.5145364017924748,0.5031592132633671,0.5022177833109378,0.5063828045493469,,0.5029353562633024,0.5041844663423056,0.46095900571019494,,0.4610433551065874,0.45776215306986223,,0.4585478121156719,0.4481214086254475,,0.4469594347519871,0.4349087863705782,0.4351067612506976,0.43575294359440275,,0.37745599655423767,,0.30847424841551097,,0.30718266705267794,0.27731609410974356,0.27681326459464073,0.2765507157822347,,0.2510593561943495,,,0.25242392705964156,0.25152764743681955,,,0.20440914198336688,0.20348700361989713,0.22980378161313594,0.22937889794885763,,0.22969841385037337,,0.22938786341192235,,0.22931936534577593,,0.22986857578195327,,,,0.22967276977989443,,0.22919923525819014,0.22930020296768858,0.22995479879057495,0.10236860640178085,,0.10235859509809987,0.10276038430718513,0.10241656676554337,,,,,,0.034588376886775005,,,,,,,,,,,0.027995203317372264,,0.028050505613922354,0.028030376180509006,0.028109022173980334,,,,0.028049058124453945,0.028068238625851887,0.028005320933723148,0.02799698880691334,0.028086698225568342,0.02802259110204626,0.028060922248452705,0.02807796496808427,0.028047755445520177,,0.02799286155325547,,,,,4.051163716342705e-05,4.0768321152977625e-05,4.058063111229282e-05,4.0555695595619625e-05,4.056639378780019e-05,,4.055234655104899e-05,4.04723353424219e-05,4.06396087833827e-05,,,4.066118447606141e-05,4.064806932930527e-05,4.05989078557751e-05,4.070437283487736e-05,4.0706780690328233e-05,4.067589964079039e-05,4.062276676850085e-05,4.05540580573634e-05,,4.0623567707566165e-05,,4.062387346733703e-05,,4.0626991688660776e-05,4.051272189197042e-05,,4.059520064756074e-05,4.06320601002546e-05,,,4.060032952390664e-05,4.058959891277547e-05,4.0646546468901526e-05,0.5316898566220303,,,,0.5327945657811183,,,0.5327330896937206,,,0.5324092492490086,0.5321422091339073,0.5316500123350255,0.533215259463876,,0.5316750129256083,0.5316013822332705,,0.5327436110270707,,0.5316269286037094,0.531619759506254,0.531060215733245,0.5323900282778162,0.5320103679104536,0.5309253777276415,,0.5320645430104891,,0.5301182999946638,0.5318616215526418,0.5337124963408768,0.5344713285840187,,,0.5317168450479867,,0.531940334762805,0.5331985442834516,0.5303785752440994,0.530605065496092,,0.5310875579940735,,0.5292558480197473,0.5313309433191247,0.5289921634196462,0.5301188801313199,0.5320121374916628,0.5305304993093145,0.530832191349515,,0.5315068732828527,0.5309742608486259,,0.5325649637079714,,,,,,0.5334325980573456,,,,,0.5309522701525574,0.5312426912441282,0.530305578417415,0.5328384649504796,0.5315529648870625,,0.531879664195286,,0.5321762177402288,0.5326025327366056,,,,0.5326866465131819,0.5334971840567985,0.5316814968929322,0.5327658193080143,0.5331781974060967,,,0.5337520698686616,0.5328953118530475,0.5319331049429,0.5339497949449493,,,,0.5332255573719696,0.5324757193781575,,0.5335317315187575,0.5326133241029608,0.533237042603818,0.5332240749191363,0.5317696835875586,,,,0.531885646817423,,,,,,0.5312094732024525,0.5336546980634858,,,,,,,0.5296587347873172,,0.5318776687850613,,0.531391513793614,0.5309199444129538,,0.5302013023188152,0.5302706618841658,,,,,0.37581395158296343,0.3755005960730637,0.37504688499275474,0.6885487060528812,,,0.682231913328534,,0.15511345517262803,0.7140745929660091,0.7151577913980564,,0.7132443009760442,,0.7149691564453137,0.7131769798659893,,,0.7116036007301899,0.7134802952338671,0.716285232369986,0.7143747845379814,0.7152406812334506,0.7163886376607989,0.7137838335349377,0.7131976280150786,,0.7148990977334928,,,0.7162594837837399,0.7159728652537009,0.7150874725586205,,,0.7139394722151328,,0.7123952104176062,0.7123185738623524,,,0.7115273856172435,,0.7158025208513688,0.7131474489611731,,0.7150324517002309,0.715151497907768,0.7145721012150568,0.7143693287637001,0.715951065930235,,,0.7136111171117329,0.715332898725138,,0.7154406787111984,,,0.71388029676793,0.7154877286925329,0.713646906894011,,,,,0.7144035876196866,0.7155719463052134,,0.7141931104529502,0.7152030167293891,0.7141344637370127,,0.7136751872181001,0.7154572402589117,,,0.7147011497693653,0.715013586948043,0.7114057008802239,,0.7143404135010908,0.7132397228679279,0.7153485462972414,0.7143523357208251,,0.7138233258422363,0.7133875666419024,0.7156131377285986,0.7148215206222459,0.7149457818745395,,,,0.7137515129633138,0.7167757553985697,,,0.7142211656436677,0.7150421788016885,0.71547608182212,0.7149564905270761,0.7156840148786758,,,0.7158792235561405,,,0.7138720815954144,0.7156947890692471,0.7136287541087731,0.7135070852220877,,,,0.7142764294147842,,0.714311864340205,,,0.7134005881912299,,0.7153098771900781,0.7136341932611069,,0.7152607404269808,0.7155893543831809,0.7131734601600112,0.7143349402286129,0.7128319810929569,0.7162059859108808,0.71390413052705,,0.716312579824375,0.7156830115688223,,,,0.7149409455702338,,0.7139660178203746,0.7146337151608665,,0.7157880439358644,,,0.7136518290132711,0.7137185315984379,,,,,0.7153393768179644,,0.7143964768733555,,0.7125254081662828,0.7151594386427242,,0.7151601674520296,0.7141285051009705,0.7141424042989303,,0.7120098734316143,0.7135813152877635,,0.7143927930096331,,,0.7126746366382453,,,,,0.7138739796174631,0.7147995533212205,0.7144982164439201,0.649581340133513,0.6494394665487092,0.6470293778202334,,0.686343042510184,,0.7192435924173542,,0.7194085214787715,,0.7171143360941905,0.7186155677554348
7,5,DG_10pct,20,Z14_F10,14,3PH,182916,182161,True,2541.3635610951947,2548.7951312618457,2603.1824405761654,2654.3803023746054,2640.7154746088745,40.54401312549992,39.39146888724202,2783.1041304079513,2794.3213442127612,2862.589384648483,2854.137697978807,2885.8296363678005,2903.268191656628,56.6035885166594,52.20262039460986,41.292926173039014,33.873517752243856,12.903080718022984,67.5425598907549,65.53421404014317,0.8110545546139435,0.8089295333656198,0.8099906006350777,0.8154289889497214,0.8159553316305019,0.8117751772150008,0.7718726757362913,0.7147182027451117,,0.7155233024339284,,0.7253300176995798,0.7248857542217783,,,,0.7235018901270589,0.7259490322751639,,0.7260819235648084,,0.7166259829509437,0.714700703027379,0.7175103478200805,0.716280005626477,0.7132714246114621,0.7075670266574491,0.7082903376848141,0.7075551967972532,,,0.7194818752142969,,,0.7222579048855073,0.6988206620767305,0.6720398069430851,0.6720649661047036,0.6733935119107946,,,0.6814940297488743,0.6849816058614578,0.6837488208970491,,0.6858792795122961,0.6831389397537309,0.6830923103082592,0.6828864404230985,,,0.6830542625155009,0.6815094082426595,,,,,,,0.6835359384309634,0.6803042839088652,,0.6777568012001538,,,,0.6782337287198941,0.677091231197478,0.679479309690027,0.6773335686803555,,0.677743379582226,,0.6779547750170766,0.6753112993251899,,,,0.6776231393986666,0.679571302070993,,0.6767069586633622,0.6756686016050923,,0.6774335673304441,0.6536351720641927,0.6514976337946291,0.6518776492949839,0.4778063154245527,,,0.4736223234192956,,,,,,0.47957275846256,0.4781334744303791,,0.47906405223399556,,,,0.47738587426143914,0.47976952061350414,,0.47844918979639073,,0.4793008123704575,,0.4785707625025884,0.48043230852801055,0.4795146044093239,,0.4770539365624873,0.47819283650233113,0.48110625000999113,,,,0.4792820725053802,,,0.47886322787679403,0.4790470103861172,0.47794174568135656,0.4779188234545065,0.47913357288801534,0.47844682172035685,0.4785374250111153,,0.47876282247838814,,,,,0.4785972270571582,0.47834648257848195,0.4783481594792544,,0.47883958883057026,0.47908813588251625,0.4782454584814487,,0.47913412837623903,0.4790523717885492,,,0.4780294433582432,0.4794986827402307,,0.47886262059965773,0.4778140214528653,0.4788807399807485,0.4785335676148593,,,,,0.47909199854620366,,0.47825880363753953,,0.47788976829181706,0.47800756160116264,,,,,0.4786162427389427,0.47793292482711836,,,0.4788754066640846,0.4779076649059861,,0.47881575631393375,0.4799125691396427,0.4786646823758779,0.47876558625591353,,0.47844190436000616,,0.4789213383687245,0.4797928639140286,0.4798961257272468,0.4800951292310455,0.4793369103674357,0.4798122827320047,0.4793421774044227,0.4798865841166482,0.4792473400735929,0.4793959810405033,,0.48079844612165884,,,0.4800466446894794,0.4788108127855758,0.4807493678485741,,,,0.48059397931951153,,,0.47912125616559,0.4798251937529963,0.4791805309193283,,0.47873273072395184,0.47972274453443015,0.47801282489049207,,,,,0.4810257344988662,0.4810766546738954,0.4791713986512439,0.4807307331989382,,0.47984522017263376,0.48067592060125275,0.4812816330559408,0.4798909021835936,0.47993225923262445,0.48018929752010897,,0.47801702140695324,0.47837077960095375,,0.47884029123314914,,,,,,0.5051650461546002,0.4675193562295703,,0.4682537085640396,0.46889031463420044,0.46839228930927657,,,,,,0.5198031883325633,0.5199857032126265,0.5198500980756918,,0.5184034176994393,,0.5194553197245926,0.5190693550036022,0.5195675573413036,,,,0.5193563894697559,0.5188111040351608,0.5197286914810033,0.5185490952939847,0.5220243148420775,0.5187338629581478,0.5176483532500096,0.5172957806136966,,,0.5185758804447532,0.5184636155391107,0.517620472577208,0.5193004960338469,0.5172997773347037,,0.5172435609482338,,0.519042807975942,,,0.5196651063493085,0.518025961241341,0.5190555922106809,,0.5097579024924557,,0.5099179350440737,0.5106246061461155,,0.5091176599483279,0.5094130524080127,,,,,0.5089019151623941,,0.510616205380608,,0.5083913961010327,0.509901529623499,0.5094525782678713,0.5106512517205417,,,,,0.5098299059885615,0.508508152977277,0.5087538449437927,,,,0.5093480283298552,0.5107342538780384,0.5119229567570388,,0.5172893126048532,,0.5180097948927846,,0.5172352081635704,,0.5176548814278501,0.5177119824290639,0.5200074348860774,0.5190158806205293,0.5090564956989629,0.5079643975851431,,,0.5080669017618226,,0.5069434322999202,,,,0.5090488981406349,0.5083229682437569,,0.5085882247742429,,0.5183824550262024,,0.5162525780327287,0.5173081698839049,,,0.5191545867667052,0.5182095867996913,,0.5166682520280559,0.5181848462548795,0.5181793282823758,0.5190158345258048,,,0.51774087584685,0.5175962595058989,,,,,0.5187833529532279,0.5175675507194771,,0.5196979951868443,,,,,,0.5184317277118504,,,0.5084059099537708,,0.5088858978332749,0.5082654536533586,,0.5081695122429316,,,0.5081284817624189,0.5077297866126164,0.5084361217836847,0.5081828354233182,0.5082816597582943,0.5068358903244126,0.5097679112695787,,0.5082715862966196,,0.5093435757602403,,,0.5088702113238216,0.5093007132173107,0.5077697696270438,0.5097073976800901,0.5081892600428213,0.5075628305096882,0.5244819600057077,0.525463586914845,0.5266686414442564,,0.5237261273283617,0.5242897131187614,0.5234421816139289,,0.5242495253381949,0.5117497980357917,,,0.5137737364804037,0.5132939372343729,0.512629808575755,,0.47340833013744194,,,,0.46816521531123406,,0.45837470645776546,,0.44519082480471195,,0.4453964007955052,,0.3900976526952827,,0.3217114560063846,,0.321471628613869,,,,0.26643932724658614,0.26610359328194094,,,,,0.2672863714583764,0.265747246711092,,0.2191376476899486,,0.2453750396308614,0.24470328900225247,,,,0.24472027973208135,,0.24431349538747266,,0.24424937244046036,0.24452368613146028,0.24475066542518528,0.24462067898245043,0.24489646890204522,0.244837186297534,,,0.12027998360454271,,0.11994138606506097,,0.12011986540872473,0.17171793102193775,0.05368504018312772,0.05374502916410559,,,0.0538446629729361,0.05381831638890606,0.0535806708006978,0.053958568214983675,,0.053715366389605335,,0.053458277386561406,0.04721860702971462,0.04740139948868101,0.047289934706474565,0.04723376402866393,0.047260029471463294,,,0.047294791582904915,0.0471316754511817,,0.04737390676988923,,0.04741377879417238,0.047210978253827265,0.04713356762705298,0.04741115351125911,,0.04719356774665398,0.04726687885256249,0.04721260000794052,,,0.04726280194478199,0.0472608210093683,,,,,,3.985285963842838e-05,,,3.977497367720341e-05,3.978614026593905e-05,3.977579108609303e-05,3.9719471929011024e-05,3.9845019564683555e-05,,,,,3.9961684286611796e-05,,,3.987646983244355e-05,3.9884608672943414e-05,,3.993325987168088e-05,,3.998918283332798e-05,3.992765008962656e-05,,3.98072171763728e-05,,,,3.985484482520833e-05,,,3.979135400349811e-05,0.5400745424291503,0.5415512473669781,0.5414743832751472,0.5414144057755235,0.5412577016763914,0.5401396817745033,0.5412518446896434,0.541152260535835,,,0.5411724443537096,0.5425813102197845,,,0.5428763530857255,0.541175476321959,0.5411443291223115,0.541602071192525,0.5417728171912992,0.5395679630190423,,,0.5399163342618573,,0.5421727763536123,0.540317644743148,,,0.5406853051957962,0.5420361843876916,,,0.5414805163100249,,0.54323455145301,0.5437856972478421,0.542490440721075,0.5433184505223683,,0.540779610233485,,,,,,,,,,0.5388876417630842,0.5397506289626104,,,0.5389445213435553,,0.540170442600261,,,0.5409213169634514,0.5394269055271051,,0.5410288616294453,0.5408162564696255,0.541985879055711,0.5429839071280608,,0.5392632133795706,0.540154599289458,0.5402507774885917,0.5379690135225274,0.540155541102246,0.5390722814112381,,0.5408541271200321,0.5398108002088017,0.5426386842273677,,,0.5418537566691481,0.5422431619542933,,0.5421513051126603,,0.5418543727618453,0.5438343610206195,0.5426790097544167,0.54131033451653,0.5430920871042204,0.5418772945735919,0.5424087286189785,,,,0.5420024160855632,0.5414061004407345,,,,0.543700329837953,0.5394424381579547,,,0.5403722725763066,0.5404002002997721,,0.5410360052522301,0.5401196877414228,0.5410707684283314,,,,,,0.5393014646635347,,0.5401456463062382,0.5398389223541602,0.5403606082559629,0.5401692233366487,,0.5396224968630154,0.5394648417899599,,0.5403237857559806,,,,,,,0.38883669120401304,0.3868820601445295,0.38799991217973573,0.3876599260351288,0.6948224574981606,0.7337246319737513,0.6886664977205696,,0.6875465605095011,0.17178280535968873,0.720240718270426,0.7188289747295875,0.7202495787937385,,0.7202601931769669,0.7191445844597031,0.7191861840217889,,0.717140533750424,0.7203732692261305,,0.7199529865059106,,,,,0.7206422219361284,0.7172699901906042,0.7187621162574487,0.718517468126303,0.7183618887437485,0.7183072896630714,,0.7196084354522725,,0.7203246683259948,,0.7191577959259202,0.7181528258765465,,0.7210170941800961,0.7191041673311009,0.7196272993224584,,,,0.7214792199053296,,0.7199200715430751,,0.7189155694532732,0.7198096548981451,,0.7189006876827919,,0.7198782369462421,,,0.7192134788426823,0.7196539876662912,,0.7203595647115207,0.7187241212567231,0.7182924203550058,0.7193477238638296,,,,0.7186126175147929,0.7212173465438849,0.7173297850404416,0.7185447514762059,,,,,,,0.7221676027039244,,0.7188041348951476,0.7191661434624905,0.7159745610405159,0.7184226190132459,,,0.7191924916615393,0.7216955993939045,0.71903468682828,,0.7199064880281094,,,,,0.7197911172688405,0.7193981464656494,0.7200823652157521,,0.7164307349921148,,0.7162208244080731,0.7205462658725665,,,0.7195039614254637,,,,0.7177729670277501,,,0.7197278084908707,0.719946942125274,0.7200823234139481,0.7174627945409818,,,0.7183954290640645,,,,,,0.7187610254289698,,0.7184338598103056,,,0.7203755936937942,,0.7184784041320411,0.7197895508384522,0.718348577226835,0.717820634534714,0.7175447557713703,0.7159766808147542,0.7183756528220053,0.7182613680355826,0.7209040575468985,,,,0.7201891310788168,,0.7187823153729123,0.7203837315574707,0.7186659779138833,0.7184507645141106,,,0.7175848046786236,0.7190061359184964,,,0.7214648230166564,0.7196195760608132,,,0.7172559863486873,,0.7203224923549034,,0.7177771514945874,,0.7215875343833577,,0.7188313648395772,0.7192400376472404,0.718446297267636,0.7204027957065741,0.71991729490615,0.7181112565502307,0.7208822465589735,,,0.7200673145332566,,,0.6557467113563965,0.6547715136607932,0.695267316631718,0.691556399544497,0.6941505293612598,,,0.7239884127410404,0.7253221723424742,0.7242591257038852,
7,5,DG_10pct,20,Z14_F11,14,3PH,182916,182161,True,2557.297707729843,2532.8332258543996,2596.2752380623997,2659.9502250471874,2651.7224663862294,40.83640756939156,39.22105099308317,2787.808928891184,2805.2981164320895,2851.4429681783795,2840.915427478001,2904.006410361554,2878.2473802939417,56.65681857032244,52.239107193279146,41.38005144934127,33.69365597026313,12.849070078348564,67.363954714348,65.18067895368988,,0.807808984526086,,0.8148816811770454,,,0.7715546848503397,,,0.7152237167701512,0.7145468627306442,0.7277888002587887,0.7242972617730975,0.7238059366596082,0.7215241417515817,0.7237665896742969,0.724789829613176,0.723925720636614,0.7241202198610994,,0.713562617631059,0.716200241318059,,0.7171244772013501,,0.7166193053652082,0.7080078765815921,0.7052762536845564,,0.7189871361423988,0.7215761314350754,,,0.7180502460320174,0.7209882386841863,,0.6733489723516345,,0.6730644140064543,,,,,0.682271835141947,,0.6830216302352686,0.6842578925224864,0.683565933324253,,,0.6839382197270835,,0.683180659754722,0.6844860073179287,,0.6815829729268523,,0.6810478845059336,,0.6824252010254984,,0.6755400266278414,,0.6757312907594516,,,0.6768944883499589,,0.6763770750112404,0.6784580842616275,0.6785022440120736,0.6782595285716273,,0.6786992371699841,,0.676375557726633,,,,,,0.6773704492651095,0.675761279990217,,,,0.653430326131808,,0.477393417728927,,0.474116496945593,,0.47197126824288604,0.4729101673668969,,0.47824756193032825,0.47946060552961606,0.48099587720843834,0.4795822785081776,0.4788102560944585,0.4785975067298462,0.47806620866550265,,0.47909470692607337,,0.4795060160340122,0.4787485986737733,0.4791782763203647,0.4809947796367574,0.4785926103475004,0.47891193597852,,0.47865428965989054,0.4790950134874804,0.47846640523043393,,0.4786972541670929,0.478445609700641,,0.4793523150707304,,0.4801884979382322,0.47719123410814884,0.47930761041232606,,0.479667685559581,0.4793011632966456,0.4795975016011028,,,0.4787941169434951,0.4786741856605858,0.4794862628227308,0.47881775646139424,,,0.4774221345747301,,,,0.47927597770404823,,,,0.4782166197778166,0.478094062274418,,,,,0.4787688705580456,0.4787354689392603,0.4797234433008149,0.47881992825546255,,0.4800502051142181,0.48079788736137663,,0.47782065301677185,0.47786942565376117,,0.4776849920010894,0.4790793128767692,0.4787041121065949,,0.4787308786456626,,,0.47811338093404787,0.4784230619029405,0.47927169158503036,0.47811578567139695,,0.47807195531507796,,0.47864736080559855,0.47837221024365945,,,0.47895468162261107,,0.47772946373159336,0.47635866859538945,0.4782898348052817,,,0.4786721891108382,0.4787137007635839,0.47857555077843533,,0.4810860773149423,0.47996462133167717,0.47937827772426944,0.47977308232936217,0.47936402176205173,0.47978763871216756,,0.480591655332638,,0.48013631216066255,0.4784486109183393,0.4790062254300153,,0.4815584259199374,0.4801231749615361,,0.4790127056704648,,,0.47777355153284073,,,,,0.4809100908416473,,0.47923032279402383,,0.47946947812996493,0.4802999187479745,0.4799261345302276,0.47908329909069397,,0.48010046228397174,0.47997233362552794,0.48063154469883157,0.4794180802147406,,,,,0.4798899856952447,,0.4783543081117025,,0.48068298735988474,0.4831671164330155,0.4826154811923661,0.48322993115830143,0.5039438894194337,0.46712912711020843,,0.4679536832027755,0.46964610778984545,0.4680876078390018,,,0.5211074743483123,0.5192445753552057,0.5185087648211073,,0.5199733420472226,,0.5191243576929734,0.5189533797150375,0.5195757736497665,,0.5209436336555427,0.5180173980473017,,0.5181754089247648,0.5178508636816476,0.5194556405109902,0.5198001531004022,,0.5188341003648015,,,0.5199039907103807,0.5172359242731583,0.51896971575954,0.5185487788785432,0.5185857272476896,,0.5190332709340696,0.5178698941698766,0.5189899793947297,0.5184038636380013,0.5180150613685528,0.5188661029176064,,0.5193022743852089,,,,,0.517971084094532,,0.509061818369554,0.5097643697322856,0.5089455278914863,0.509933221113468,0.5091162858428792,0.5075163097209299,0.5086383864611819,0.5089274899282774,,0.510250261776007,,,0.5106903401804583,0.5108048599686991,0.5096998029723921,,,,0.5098685944490854,,0.5092012836661162,,,0.509472510696182,,,,0.5095211302954721,,,0.5084604833953733,0.5180104111642567,,,,0.5186217538800256,0.5177653232794294,0.5168559188214656,,0.5178839598904436,,,0.5080640333352913,0.5083339861615701,0.5086274813163693,,,0.5092783086948193,0.508444284185334,0.5073776690852357,0.5080945256346252,0.5063035321179984,0.5080326125191778,,,0.5074362258026566,,0.5185350475584979,,0.5188021520330067,,0.5180099130804836,,,0.517741330266291,0.5176675758715995,,0.5191391988127405,0.5187359332264623,0.5174680405440112,0.5182139855744415,,0.518302426418626,0.5181930382195139,,0.5188326668061922,0.516481342216865,0.518214020127247,0.5170906676888158,0.5189523338209189,,,0.5183264247642032,0.5170658655504907,0.5183092688986831,,,0.5181767016154499,,,,0.5079257396116149,0.5099418040591942,,,0.5081146033057317,0.5092757092284204,,0.5078040832916292,,0.5096030335076751,0.5077065393633386,,0.5091174627559942,,0.5094178019876799,0.5079219035146558,0.5095079585153605,0.5083097122263966,,0.507936972932645,0.5087717434169047,0.5084259859076805,,,0.509056386912037,,0.524367453210989,,0.5245548641927517,,,0.523347036357469,,0.5242910193875607,,0.5143201180732702,0.5141373763954983,,0.5125873870958962,,0.5131755580946297,0.47282437977213315,,0.47088936849528873,0.4685764748994169,,,,,,0.4441102097355733,,,,,,0.3209366936689593,,0.3210621836302905,0.290613723611347,0.2903741638587073,0.2900515985730835,0.26642320672323133,0.2663958405440057,,0.26639385275857647,0.26749656697486895,,0.26611816652561565,0.26566470171781503,0.21990958298368266,0.2190762459454345,0.24433891395859947,,0.2455207886613114,,,,0.24539114606423162,0.24509486554906382,,0.24474644831507858,,0.2449783232074496,0.24453838296911057,0.2444501072931231,0.2444089971350277,,,0.24457254060809142,0.12021998880485177,0.11996473305637328,,0.12030355616701434,0.11999097624768405,0.17138622117012767,,,0.05386577974651976,0.05369990679978359,,,0.053712400740723504,0.05372279711509964,,0.053595007085102175,,0.053766923067396534,,,0.047282445031510946,0.04732047246669758,0.04718477838860804,,0.04718921358013152,0.04726396251962609,0.047238948702611826,,,0.04714473947634989,0.04733085590519968,0.04724479116411966,0.047292113309603985,,,0.04744938915000533,0.04717919039209618,,,0.04728995140184384,,,,,3.963657410702894e-05,,3.980279270000117e-05,3.98747938851233e-05,3.976943707697646e-05,3.983885977157495e-05,3.9796833605651056e-05,3.9835606127570445e-05,3.984978341615219e-05,3.970378797809016e-05,3.984676123400206e-05,3.976468683988796e-05,3.986361871442276e-05,3.994121836230735e-05,3.982349490709154e-05,3.988322966482003e-05,3.981096685041087e-05,,,3.992633010340395e-05,,,3.97408690576162e-05,3.9828617256177715e-05,3.981463814172687e-05,,3.983266099679657e-05,,3.980312814367433e-05,3.9883897271945794e-05,3.977826548831609e-05,,,,,,,0.5419906094211503,,0.541437449753347,,0.5430440858165786,,,,,,,0.5414350250757513,,0.540892110033416,0.5416811268149037,0.541852364472863,0.5414524087066409,0.540757373160277,0.5416004364657355,0.5434646766245703,0.5420431069252384,,0.5411610804948923,,,0.5427153045734491,0.5397211534011406,,0.5426576798135246,,,,0.54217378612449,0.5434909388138813,0.5415499662313199,0.5430062858476041,0.5403473186578832,0.5402732526374177,,0.5392279124540174,0.538740389154598,0.5376540948355859,,0.5383590148050933,0.5399462029330881,0.5394229735014223,0.5402952869645431,0.5398918051753191,0.5394532835139609,0.5390824510686977,,0.5405948725507637,0.540626075625259,0.5397152516449208,,0.5404474618792937,0.5415010676732475,0.5405352234801353,,0.5400980030036938,0.5395802381677648,0.540551248569216,0.5338822463717764,0.5394916408854937,0.5398154179953119,0.5380119859096218,0.5410726255841497,,,0.5393529080601936,0.5395266336478077,0.5391201545528302,,,,0.5411532058307903,,0.5417523028913175,,,0.5429178127059906,0.5432108141252239,0.5424941389310299,0.5426248656492867,0.5429139967919161,,0.5419222499887736,0.5413965001281444,,,0.5421590168934519,0.5432516318709067,,,,0.5407252646752619,,0.542446715840242,0.5423293414472657,0.5416465367000325,0.5420141066949967,,0.5406921028633388,0.5415794101924546,,0.5409423253908116,0.5399697529843993,,0.5406069921377015,0.5399634829766525,,0.5400916315515314,0.5402691004865663,0.5401743918199828,0.5407795248512874,0.5397161304854041,0.540960225878054,0.5412841826415729,,,0.5387791996025963,,,0.5404149393851536,,0.38792044718424007,0.387570561591082,,,0.38693212155836026,,,0.7345656352837839,,0.6905916686406102,,,0.7213339279358307,0.7203598963629089,0.7196396156382485,0.7194298611401181,,0.7202779624385411,,,,0.7210429703396926,,0.7189699632505023,,0.7184541348298115,,0.7201033758415815,,0.7205408002145174,0.7206303816516307,,,0.7202565134734058,0.717859035705181,0.7190371156227278,0.7194111070882899,,,0.7196713062410408,,0.7197125235864312,,0.7195989565957388,,,0.7190899571043657,,0.7201347881058457,0.7195825153055618,0.7181436313207675,0.7173945221878534,0.7209107696595082,,0.7180480473877385,0.7194033839877033,0.7172667308331188,0.7196780475227484,0.7200053526012293,0.7206131711003556,0.7187123227511637,,,0.7172712969694944,,,0.7187987634534274,,0.7200202328058868,,0.7196053905481028,,,,0.7202864581077632,0.7194174753213848,0.7206606261169635,,,0.7168936682717657,,,0.7191425666137843,,0.7182479542028194,,0.7193464249960262,,,,0.720582828951108,0.7197923899763597,0.719777455240205,,,0.7198672714705663,0.7199864241905475,,0.7166442057949681,,,0.7197705284514299,0.7197074382557856,0.7199316627186528,,,0.7196613181692241,0.7202226478033361,0.7189072278481172,,0.7208242563294222,0.7188438752576817,0.7214043481180853,0.7203981467602376,0.7193892884090572,0.7187384919965516,0.7192686171433291,0.7201795973510076,0.7192612088025255,,0.7187930084947184,0.7201871442105613,0.7206506294129927,,0.7203944250615871,,,0.7190737228579807,,,,0.7209780345240503,,0.7204600035593304,,0.720991530905062,,,0.7186653842611915,0.7194065770160746,0.7193878357063807,0.7176008718797394,0.7182551188614325,,,,,0.7195957768892424,0.7201714334117548,0.7202833679238303,0.7197189590135931,0.7208934459802272,0.7205000760506748,,,,0.7199533585660085,,0.7189906271981934,,0.7161209349008975,,0.7197730388814088,,0.7194416134505677,,0.7202803690268398,0.7185019977447408,,0.7211959528388812,,,0.7192898145292441,0.7206134571252598,0.718234200355893,0.7196391907374815,0.71860504984734,0.7166543330956183,,,,,0.6555773599264209,0.6940813909505701,,0.6935869850082019,,,,,0.7239106432669826,
7,5,DG_10pct,20,Z14_F12,14,3PH,182916,182161,True,2566.6893364048738,2559.7322941433467,2604.7054912832155,2654.757501668437,2659.931163443427,40.59210348932249,39.43466458411188,2796.8109641170663,2803.56097720164,2860.834535138306,2856.034654287319,2893.0867421591443,2892.1745512758584,56.73773809387201,52.543167814523756,41.265322466199706,33.91220787953038,12.838770460031531,67.48749186521741,65.2658309163287,0.8091739950888077,0.8104594970654909,,0.8163083770792835,0.8133939652745601,,0.7709443827354422,,0.7159207579300237,,0.7147212906385574,0.7248786603753095,0.7237773642566321,0.7229383257421377,0.724458341098693,0.7247596126908611,0.7248891601920106,,,0.7243228041710928,0.7168471904215145,0.7163898435986056,0.7155550289575945,0.717078344114492,0.716815972805892,0.7156730885765185,0.707744419652738,0.7091515258747321,0.7072154565954047,0.72069133290491,,0.7205485480919419,,0.7196749261341039,,,0.6723332451120774,,,0.6810616945318321,,0.6797390914793956,0.6810507295788459,0.6832938924971613,0.6842209246193474,0.6838291137210216,0.6836446683423313,,,,,,,0.6824046660994183,,0.6824046638134255,0.6830608691371979,,,,0.6814068370548911,,0.6769353977488978,0.6772067433888105,,0.6774259853175957,0.675566514862084,0.6777957438724839,0.6772487538390687,0.6793878772218301,0.6769952313701969,0.6759282684770475,0.6791741536397574,0.675860803052219,0.6770835906967739,,,0.6764386520566964,0.6767876491878269,0.6791207516264526,,0.6788631777937987,0.6784312855210676,0.6792575771525698,,0.6530769779515577,,0.6546184509738607,0.47720745212115495,0.4741762568297734,0.47351451138685036,0.47277752754781294,0.47447253783019044,0.473298725624808,,,0.4806892316789111,0.4784490331229422,0.4786506198086998,0.47710349550001097,,,,,0.4775249700305028,,0.4799548846009587,,0.47936491743774007,0.47953813370025095,0.47894749523928964,0.47846533432131694,0.4790272567216935,,0.47989110756550796,,,0.47912520007573256,0.4789066126043129,0.4789106998638595,,0.4790036236336628,0.4782212733994012,0.47978389950326,0.48012369427390544,,0.4796648638059937,,0.4788574419236398,,0.47686240169086025,0.4780494428343881,0.478879866101143,,,,0.47840417080707165,0.4783255293233062,0.47848855320398664,,,0.4781063467759776,0.47875484084111986,0.4778252186095344,0.47857167578143,0.4788354409309307,0.47934643225946555,0.47850790151801437,,0.47885651894109516,0.47733885171018864,0.4778873109229084,,0.4780744329377897,,0.47982149927141776,0.48017941157633226,0.47942970905203475,,0.47884259120635164,0.4793544079233023,0.47896102241779087,0.4788546287139287,0.478013343146467,0.47821337440037054,,,,,0.479149652296614,,0.47993224577823695,,,,,0.4779347454425383,,,,0.47849564808317996,0.47988486912654327,0.4783445253782359,0.4796717649549576,,0.47852776017460763,,,0.4789086664869829,,0.4813226513150703,0.47946406991777707,0.47889800585597897,0.47993867129292556,0.48022068043184507,,,0.47928808944883966,,,,,0.47934327870346705,0.4807470503221895,0.4796419716566229,0.4791921139079726,,0.4790731704602191,,,0.47917880419194364,0.47929006220354975,0.4791288813212672,0.4788161279601347,0.47920753197060345,,,0.4792345239478664,,0.47958649151045246,,,0.47873308445404195,0.4798705597841295,0.47942565856252634,,,0.47989600874354504,,0.48033697510468965,,0.4791188564919462,,,,0.4792419358482613,,,0.481984707299874,0.5037705765299522,0.46769040821803753,0.4702001602189935,0.4677255795229028,,0.4678503150589072,0.46850955117346355,0.4685409094366808,0.5185794362949255,0.5195500167814963,0.5191638886870903,0.5196020523349584,,0.5186735580499662,0.5188090254125467,0.5199810171276762,,0.5193626594175182,0.5181381440425624,0.5201888863068811,0.5194724448929741,0.5192004541534234,,0.5199873923059045,,0.5190323015133885,0.520760073644599,,0.5204490948608524,,,0.5200305733739533,,0.518678976865051,,,0.5184934723304132,,,0.5183862389221531,0.5184810635043798,0.5195984890962652,,0.5177709813512434,0.5186367582913349,,,,,,0.509105939378403,,,0.5092874863190127,,,0.5090468765506494,,0.5094593316562166,0.5102142361494479,,,0.5112615551103248,0.5085337467029514,0.5090826454971327,0.5091985871369142,0.5087539042815614,,0.509173078398741,0.5091809709264425,0.5106063091689689,,0.5084432249764872,0.5095943994357082,0.5092798737044444,0.5098773673997498,0.5091410500037515,,,0.5081553818281715,,,,0.5178526103799984,0.5175834955843182,0.5184937880292219,,0.5186241980838391,0.5182659667041439,0.5171590344045792,0.51636862508659,,,0.5073534470138796,0.5075411761595613,0.5085118473609629,0.5089275829666412,,,0.5091532804184781,0.5074761228356941,,,0.5081885351587201,0.5081902413010033,,,0.517732893336733,,,0.5186176067733401,,0.5180802759423365,0.5169995497820467,0.5167988693977373,0.5170668650412016,0.5170689783547973,,0.5192564770332138,0.5199808511207442,0.5207381680824117,,0.5183955002559241,0.5188138727193742,,,,,0.5183863737185557,,0.5177213737880637,,0.5181210695595125,,0.5173761720038025,,0.5194061745211742,0.5086690705759406,0.5075788703190939,,0.5069891446145908,0.5069351011059463,,0.5070853756399816,0.508981303909058,,,0.5073469344145539,,,0.5085368625255867,0.5092651222101897,0.5069593117566796,0.5090334325484032,0.5069846202751329,0.5079525565568372,0.5088935330357728,,0.5089385253078426,,,0.5080424044464114,0.5092810822920234,0.5086748503105091,,,,,0.5265201248644938,0.5250044893169438,,0.5244213341504027,0.5246310721298134,0.5240025082050823,,,,,0.5134842937367287,0.5133640863233695,0.5139344001639046,,0.47215180987348077,0.47062652340242617,0.4678095178338721,0.468335545860618,0.4672906283656301,,0.45714915455024635,,,0.44506628840918105,0.4467464664459755,0.3886729095093974,,,0.32215116844614083,0.3222895424118664,0.32215524831172454,,0.29104356295119604,,0.2655687959328434,,,0.2664485969205013,0.26580579455750425,0.26636205727165035,0.26555692575061757,0.2661730931053015,,0.21981025742052782,0.2446268521765209,0.24505474471416552,,0.244881242224225,,,0.24446471009052093,,0.24521679401884666,0.2445430612903386,,,0.24476873757164447,0.2444671242452574,0.24497653594413343,0.2453027165025479,0.24458862865139178,0.24487597848436102,0.11995185400678372,,0.12026454175078513,,0.12056695167161935,,0.05371685449021933,0.05359511671884958,,0.05359730018980762,0.05357455692294794,0.0537548392314741,,0.05369374492938501,,0.053551713333016816,,0.05377541847743656,0.04711961367895459,,,0.047276743063618315,,,,0.04726256858563847,0.047378912584554865,0.04732675512271449,,0.04718023675978262,0.047374655807066124,,0.047312308655165745,,,,,0.04723193640282649,,0.04729026405644178,,,,,,3.9806288087350475e-05,,3.984934980817544e-05,3.974015418650977e-05,3.984609545041506e-05,3.9832117270778084e-05,,3.975899452510892e-05,3.9653707875559345e-05,3.9769749979930045e-05,3.987366795057764e-05,3.980032664149681e-05,,3.9728005482275654e-05,3.98488219605317e-05,3.982021569295893e-05,,,,3.9937293806938e-05,,3.979219183938181e-05,3.9846596293981705e-05,,3.986510461206153e-05,3.9890215529451226e-05,3.98885513147761e-05,,3.990099677975442e-05,3.981769568343276e-05,,,3.9842473577836596e-05,0.5386345123770713,,0.5410656661260733,0.5418457743406117,0.5415917711312409,0.5404751576812881,0.5429237695735866,0.5407633053286711,,,,0.5408492657289395,0.5420251857137612,,0.5416378629647017,0.5418510685036955,,0.5404395748506053,0.5407281228847812,0.5414910040728382,0.5406641525428622,0.5408593275962675,0.5416740002418865,,,0.5414049632935926,,0.5412910643731041,,0.5403390916457501,0.5411554893414329,0.5407769320054485,,,0.5415626396026931,0.5436885321853281,0.5432583913605131,,0.5422346836945418,0.5400417235672329,,,,,,0.5377077429106866,,,0.5408229141490138,0.5393182680427352,0.5386885854405873,,0.5393107646369538,0.5400315919467289,0.5399415754438875,0.5409815703328035,0.5396153162987382,0.5424932959150225,,,0.5422534815687433,,,0.5416114413403297,,,0.5383758157750594,,0.5386469375318504,,,0.5410269747775539,,,,0.5406912643451147,0.5416681594536303,,0.5412086809384848,0.5418362584870019,0.5420814444033193,,,0.5430715350994966,0.5428414956625431,0.5431903505519575,,,,0.5423060307261592,,,0.5415740612029454,0.5410149857710022,0.5428713495077531,0.5417018462676252,,0.5397979835368129,0.5424543629906552,0.5419595780346135,0.5425286667720993,,,0.5392132886082465,0.5424114951016524,,0.539962926814655,0.5400021698500818,0.5399672484474888,0.5403178818593256,0.542179652434343,0.5399255176585227,0.5394316722016861,0.5389901485484575,0.539962334022783,,,,,0.5385681451002803,0.5424764007607806,0.5393703451322301,0.5396147680640778,,0.5390741098724856,0.539462803289671,0.5417200677946726,,,0.3875829728453006,0.3882080586363636,0.38680731541206265,0.38809144726324796,0.3881224997210886,,0.7347290797375364,,,,0.1721488382101349,,,0.7170391717267904,,,0.7202774429286788,,0.720708997806987,0.7197986200860856,0.720544253889556,0.7180539603798743,0.7210858290258916,0.7200993826509543,,0.7190411612299499,0.7222959495099198,0.7194233319086456,0.7186145928005906,,,,0.7174708131771149,,0.7213731682399922,,0.7172190354200737,0.7203539410384824,,0.7177958726578854,0.7171926357517343,0.7202969919132551,0.7175911597297705,0.7192123631968309,0.7202691772373682,0.71839423726579,0.7200448540789319,0.720150242613083,0.7195339641802205,,0.7215542265327749,0.7170100036821103,0.7211314778814679,,0.7201874000128293,0.7183653003151853,0.7220032065629594,,0.717502125200813,,0.7209427250830998,0.7191828670687436,0.7199690346072493,0.7189276790772147,0.7186848371905032,0.7191798786641944,0.7202512087982096,,,0.7191406980560863,0.7190369816838529,0.7188993319757128,,,,0.720723624228317,0.7194154004300688,,0.7173563766145247,,0.7189380987052342,,,0.7216553854869826,,0.7180396937319314,,0.7186780548073035,0.7196391470145643,,,0.7207017952922019,0.7183011786295503,,,0.7179559728538748,,0.7197700110150455,0.7204026601113136,0.7196104441835326,,0.7193555068794408,0.7196024544165135,,0.7196538036106741,0.719744490771154,0.719590223901725,,0.7178622014891036,,,0.7185884128006808,0.7190842427058663,0.7208521314577309,,0.7202932877823544,0.7206495696175618,0.7208475990571127,0.7192401771070038,0.7182066125897699,0.7194002154903549,,0.7204633185523468,0.7212862104386675,0.7181382324101345,0.7167584549498611,,0.7175200044769886,,,,,,,,,0.7195717394935494,0.7186976112810817,,0.7191081717646421,0.7200689875083447,,0.7185594551070009,0.7206468084113188,,0.7183431193141203,,,0.7200979443243557,,,,0.7184875462376105,0.7203577478591443,0.7180163341089253,0.7172227037856109,0.7205223795740174,,,,0.7184048893357898,,0.7198535077601346,0.7179782321492088,0.7189989086724236,0.7211251141124351,,0.7171600913811608,0.7182397218170263,0.7200962586485756,0.7183724754372873,,,0.7230581130196713,0.7204798281521073,0.7213281001519927,,0.720375749843569,,0.6549309927073684,,,0.6943832523065596,,,,0.7254057600805293,0.7254653218016969,0.7247789029795091,0.7233046189895386,0.7250883669844361
7,5,DG_10pct,20,Z15_F01,15,SLG_A,157128,165461,True,5688.697711567423,5692.405485576217,5773.250860355364,1499.7711331577357,1503.569816004312,127.0060898366427,118.5898969456875,718.6845854679173,731.1059200708168,532.9993346687817,532.8080781236558,259.6005724616015,84.2164725222743,6761.066648629182,205.2468073169159,126.72083592472435,98.7049244229069,26.005470527244633,198.7675399547766,205.02045460023598,0.7281655167614794,0.7311105077720685,0.7309657042550869,0.6802812678437469,,,0.8694355837775302,,0.5881388155764461,,,,0.3698568149053265,0.371095143783504,0.9035694473526148,0.9010177469807504,,,,,0.5873220518020384,,,0.5804287378082069,0.5815494338206634,,0.548180548510053,0.5502543536841826,0.5496835112926306,0.5580090671939711,,0.557610361095997,,0.5585238928693135,0.5586706854972845,,,0.5795575217732691,,,0.5922546770037203,,,,,0.5932270364021738,0.5925020572109126,,,0.5949548935844371,0.5935605971203851,0.5934173652222513,0.5929363903691093,0.5938125787206551,0.5935435059897171,,0.5939096858152064,0.38820262426424196,,,,0.39437090060067315,,0.39467883563877165,0.39512786582688075,0.3941312704608177,0.3940747832427375,,0.39483437228318163,0.39486109554087906,,0.3956191719324318,0.3942629326062486,0.39469491047315264,0.39478323023467304,,,0.3952122991007871,0.3939142809748941,0.3946998799249093,0.3952982425122136,0.39486341287152,,0.3941726254945969,0.39435038559665503,,,0.5935466982626711,0.8936540023617572,0.6220727318653924,,0.6243074491385291,0.6220818485809557,0.6234612294047307,0.6211420518608621,0.5133769174179816,,0.514894278505108,0.5142567074945028,,,0.5138358836126097,0.5139286593236077,,0.5157202003737152,0.5145197020268693,0.5122742963570256,0.5153684185080348,,0.5144032869750086,,,,0.5134687384284846,,,,,0.5150506769767543,0.5138914742244841,,,,0.5139193301398577,,,,0.5147434979265577,0.5155711134671329,0.5150107833938503,,,0.514298010687715,0.5131998588089598,0.5135250929618149,0.5145171702931872,,0.5136059005973457,,0.9700061089616626,,,0.9701208702536592,0.9705770493572237,0.9735971406048541,0.9725326128768765,,0.971393156651318,,,0.9714952068688497,,,0.9723237495613708,0.9727469216472252,,,,,0.9693400325127624,0.968734413767609,0.969925137270839,,,,0.9720584723019695,0.9697346664516039,0.9697559400921844,,0.9724131441602641,,,,0.9707296719325248,0.9692722738858924,0.9708843758572733,0.9710133467813913,0.9645490651225525,,0.9738500468008934,0.9690326471682723,,0.9715491777359038,,0.8953904458273134,,,0.8963727221902175,0.8959691327439298,,,0.8987205770491851,,0.8980960592818215,0.8993819764248725,,,0.8970929208754406,0.8961547718385908,0.8976784603874519,,0.8970802882256218,,0.8977213744697741,,,,,0.8945342848682523,,0.8957214205455724,,0.8948289168899276,0.8980690471033352,,0.8996346431846834,0.8961121595369099,0.8971173118215642,0.8975308256351106,0.8961689799665737,0.8959412679911307,,0.8982667874371327,0.895744746785,,0.8959218041519283,0.8953988236065842,0.8932687036552944,0.8959131836364266,,0.893106697966688,0.8952369298458521,0.896925711949136,,0.8957186540325274,,0.6074089768963997,0.6075888824555876,,,0.5097861412520756,0.625313282415346,0.6243405565639965,0.6242366931124244,0.6232321864101932,0.6245419138913373,0.6246136615305047,0.4942955571043404,0.4942212035911453,,0.49495944025072053,,,,,0.49368346659468015,,,0.49260648581579364,0.49324042704730975,,,,,0.49368224962921975,,0.49463975729008736,,0.494552339650666,0.49253745544999156,0.4925301383382609,,0.4925218580421588,,0.4937777919066053,,0.4951283439157347,0.49155896893342577,,,,,0.49390548562816516,0.4939807423294543,0.49393911304665883,,,,,,0.5005989402180291,0.49821855109232016,,,0.49877954080626286,0.5004842533537877,0.4989349296945325,0.49771714893329283,0.5002256626120746,0.4995954685758401,0.4986391516704988,0.4984356992041885,,,0.49914307537959546,,,,0.4981258958878134,,0.4970175714491612,0.4974030338243059,0.49718783212143136,,,,,,,0.9740799135903635,0.9737424405048193,,0.9731878759230517,,0.9745689803296531,0.9735235371957988,0.9708388553473655,,0.9734136874755153,0.9720656043935322,0.9735096952395269,0.970048306609725,0.9716459268580262,,0.9703807053872399,0.9705686020005152,,0.9719571463152106,0.975234984779913,0.9730399204203007,0.9686209756430212,,,,,0.9716531419510377,,0.9704456330416278,,,0.9718449613844224,0.9719804839495914,0.972923336678491,0.9692385243669062,,0.9750951933244836,,0.9744171548569243,,0.9734939538849133,0.9729708289301585,,,0.9765872105501394,0.9734173201037591,,,0.971230809276135,0.9698248105910429,0.973491104583499,0.9753133007403427,,0.9737664977507848,0.9723519476764857,0.9738672088895689,,,,,0.9734017152690295,0.9698681075869325,0.9760639491178447,0.9706825647562128,,,0.970225711052138,0.9706910034346021,,0.9703046736364002,0.9742789858606616,,0.9732461545157605,,,,0.9713583211115145,,0.9714712634226395,0.9738982181548391,,,0.9749873353191291,0.9708483606547539,0.9739727473568358,,,,,0.9082850857040741,,0.49250209601776723,,0.49263154014268995,0.49217271091933973,,,,0.6148544638808612,0.6159289839338302,0.6164969956064799,0.5148512609282182,0.8933843546773885,0.9708387321947322,,,0.623131758431386,0.6094580473810481,,0.6088990566031826,0.5921419527608196,0.590211383719106,,,0.8890837302903164,,,0.9018366978380407,,0.5477746833393866,0.9013801271622135,,0.9085560286947193,,,0.9061958044844053,0.9066811265706517,0.5522484503199968,,0.9858109443839191,0.9135467019478595,,0.6444710169561767,0.6444142307106484,,0.6441595588354445,0.6395343050523254,,0.6455571074468719,,0.6422439713791837,0.6440508586872766,0.644022888532883,0.6441710508614785,0.6461418997062499,0.6445598396936509,0.6424335208514754,0.6453083970039888,0.644491537045777,0.6433381267442593,1.0010343262524302,1.0042743156038465,0.9999029347393431,1.0021430633117812,,0.9954115550954963,,,0.5733400868494147,0.57382280812426,0.9209587038417582,0.9229179236617409,,0.9224288474437079,1.0049723811147502,,,,,0.6550484802003604,0.6560601961149329,0.6559683416871166,0.6580675819487759,0.6559906835147178,0.6562833020476396,,,0.6538998508975584,0.6578330704307586,,0.6566162607425294,0.6557077207259537,0.656308710636436,0.6559841466764301,0.6553730336015032,0.6564359318430224,0.6568758495181217,,0.6565404322550136,,0.6542818824499127,,0.6569226650467958,0.6566426174848204,0.6579158599844013,0.6542855874694686,,,,0.6563074144928019,,,0.6558091764543271,0.6558532764577581,0.6568073253321891,,0.6562017280673775,,0.6570122020197432,0.6550458506126049,,,,0.6574432734970074,0.6561150444483581,,,0.6557769923931408,0.6559375900532051,0.6576469030262676,0.6562235797031867,0.6562403669818984,0.6565739626341907,,,,0.6553925463658965,,,0.9114752696704765,,,0.9111298356052847,,0.9111432701410734,0.9121647626834459,,0.9139029177294982,,0.9117269445752619,0.48017924138248436,0.47985361954352246,0.4794598033242968,0.47987379627071214,0.47953600634909876,,,,,0.48019293840871485,,,0.47879414588901054,0.4782340851211601,0.48023279854362033,,0.479520590034767,0.4788235157990562,,,0.9117153194668072,0.9135664760516732,0.9113041927201834,0.9136690550495719,,,0.9163601725217462,,0.9712422347943382,0.9729271584172539,0.9714412313395262,0.9722317396041482,0.9718405215406424,0.9714498692388531,0.9726378063524949,0.9744783125646509,,0.969005244240536,0.9730291482732123,,0.9740206913140439,,0.478766551889147,0.4777182086876842,0.477694559893708,0.48046209605976664,0.47988700694013814,,0.47901958055222255,,0.4809232458469539,0.47963335691513925,0.4784708395618665,0.47387408491935934,0.47854916951343424,0.4780868869559374,0.9725381662366385,,,0.9731263248497831,0.9706927515665352,0.9705255168150733,,,,0.9114789683752682,,,0.9131491916473654,0.9121740316971155,0.912985940124739,,0.9119713439197863,0.9155304236099521,0.9133293151605846,,0.9094427740846925,,,0.9110388154129845,0.9145179619008195,,,0.914293067624113,,0.9132770574366726,0.912179379659584,0.9116013545350066,0.9115274296008226,0.9122852786929161,,0.9719551405461183,,0.9739980710824095,,,0.9749884404147275,,,,0.9718829863513638,0.9702541640671334,0.9710643062246263,0.9753884222689927,,,0.9733966947144399,,,,,,0.9726794001488083,0.9709858920907983,0.9738718885775894,,0.6287523966858158,0.6293543198283534,0.6288757300279433,,0.6268308954031108,0.6289159815166773,0.9012712453810182,0.8887073118709986,,,0.5926365812272334,0.5628967137072945,0.5881483140451705,0.588746307903547,,,0.5889228713321429,,0.5883727322432544,0.5894331412206034,,0.5877455808218309,0.590671503780536,,,0.59004290800087,0.5862954990772451,0.5870747341101329,,0.5891900582035837,,0.5889283459722351,0.588503069460412,0.5875391596234419,0.5898167090078685,0.5877088896912865,,,0.5882483521391972,0.5887674770023541,,,0.5871891600192591,,0.5888340797205668,,0.5894553881418438,0.5877766307443912,,,0.5893468192845052,,0.5880878458499907,0.5882588197693428,,0.5868982440229606,0.5885653122935914,,0.5887838184816078,0.5890707780607233,0.5904719724366534,0.5883362022867076,0.5890975756436934,0.5888086258119639,0.5888037297030844,,0.5881351781857884,,0.5905670575427422,0.5910327111782048,0.5890222465136021,,0.5888487860288023,0.5891160197189306,0.5888113530642437,0.588823354553434,0.5901236927511235,0.589645544618002,,,0.5898058682441203,0.5881486899517899,,,0.5881307975282831,,0.5885116608740495,0.5882128983816458,0.5888869571848054,0.5884871517034632,,0.5886989097039572,0.5887476359070208,,,0.5895764649255396,,0.5889737212295827,,0.5896337575376095,0.5900807684810494,0.5892984275756382,,0.5893537530916171,0.5882712855859008,,0.5878244196748174,,,,0.5897838183219268,0.5890381473037686,0.5898630825796204,0.5898188120849959,0.5888606819755235,,0.5895983005779674,,,0.5889539568189215,0.5885719024000182,0.5902285737896619,,,0.5891914880488173,,,,0.5895011189910031,,0.5895492162903265,0.5886559409161383,,,0.5880392323318052,0.5880021327736868,0.5890376924009972,0.5893543222675665,0.5881201252228301,,0.5882274852102165,,,,,,0.5898239785417826,0.5889664393592435,0.5895535210902938,0.5887977213423641,0.5893160513815405,0.589546177466449,,0.5883995879054877,0.5884014673440353,0.5877092253233901,,0.5897686149021573,0.5896604218160405,0.5889435307032039,,,0.5888496466359932,,0.5902584927515278,0.589365216752698,0.5866664005171017,0.5897711394506667,0.5890430980915953,,,,,,0.5902443874306708,,0.5888830550683246,0.588710757031421,,,,0.5845526708273622,0.58666017263736,,0.8983106551979773,0.9759455849854729,,0.3725040559654957,,,0.9686977507602301,0.9741179819110555
7,5,DG_10pct,20,Z15_F02,15,SLG_A,157129,165463,True,5193.78473768804,5207.5229065213325,5290.425048997565,1428.4227795324184,1440.0538630584283,120.48838406918385,112.94631944129222,702.3195072269529,715.4598504885918,518.221265131595,517.9225619773714,253.3338551444049,82.31508830484438,6226.968760832284,191.98918025357358,120.35686861497109,94.73095546782562,26.09252494615087,190.94076040156955,200.0347499805672,0.7434823840139878,,,,0.8622214633135438,0.9584184752545741,,0.6071879215003396,0.6098534984313788,,0.8951593597655999,0.4206594832787917,0.4212732087495142,0.4209419668929588,,,0.9057188497632725,,0.9729560698967362,0.9708383570620848,0.6094997011689688,,0.6083726521574894,0.5994097070081946,,0.5996330262534333,0.5586088604545045,0.5587610066793743,0.5603528596609684,0.5679107312777232,,,,0.5692544685134358,0.5678551611517242,0.42656295866104466,0.6004667804423589,,0.6004201923613882,0.6133928275032133,0.61417291285432,0.6145347355390597,0.6173366994017974,0.6157852464586275,0.6165615194831642,,0.614524896341602,,,0.6150977569972524,,,,0.6174094898469433,,0.6183734937221521,0.6177784946398989,,0.4384313042261036,,0.971430066528046,,0.4422084262350824,0.4420391888376982,0.4410836209699651,,0.44134410712186956,,0.44335104472772424,0.4419603826876475,0.4435478280049167,0.44274532215825496,0.4435401646481415,,,,,0.44281055618531406,,0.44224046010347606,,,,0.4428324726298224,,0.6144201073883392,,,0.8960921543605457,,,0.6456716393703322,0.6450006751130348,,0.6458063024453229,,,,0.5558963389401146,0.5536466109409025,,,,,,0.5537046039108174,0.5549929078257774,0.5547189616710114,,0.552997049665661,0.5531078228641418,0.5545655178283552,0.5554562417525013,,,0.5552748691946182,0.5538286317358795,0.5532462527292068,0.5535368025683082,,,,0.5559139465821047,,0.5522006032158655,0.5523332565950091,,0.552976352311581,0.5529413612948522,0.5539716566292922,,,0.5550280925409293,0.5539117440543174,,,,0.5521017495740957,0.9771631529936277,0.9778771547055489,0.9717215361983342,0.9756211184440715,,,,0.9740937888220543,0.9765360683668016,0.9749363660613192,0.9757755068529373,0.9739908007530848,,,,0.9765411264977931,0.9789754113657968,,,0.9773923525862006,0.9757557553222302,0.9736845206899704,0.9747841167919373,0.9736217005446638,,0.9741675700942963,0.974106719967097,,0.9755894446430147,,0.9778512199899151,0.9775703837701949,,0.97461030273566,,0.9760085440493743,0.9764045189430745,0.9751395504243774,0.9758345449910764,,0.9769020342210506,0.9759510838694544,,0.9770833811862493,0.9786508377395365,,,0.9011188584345516,,0.8980471673075358,0.9012303049697639,,0.902696576369276,0.9036776423721172,0.9020101284528379,0.9025839526303511,,0.904488985237123,,,,0.9023250728035332,,,,0.901352450984095,,0.9001629608929574,0.9014135377142809,,0.9012467267060086,0.9019068318435018,0.9011151999697474,,,0.9041613699354883,,,,0.9010794713591775,0.9015160842002864,0.9027729661651578,0.9027803610270995,0.9015162585549648,0.9040224494667034,0.9022399651762272,,0.9023832062385404,,0.901281713326023,,,,0.901283692576765,,0.8984567042862244,0.8992604268278743,0.9004719350321737,,,,0.5404170871689324,0.5474358900536271,0.6460050545147937,0.6472747427517614,0.6464756774500922,,0.6462740047713712,,0.5357452715730092,,0.5360300982234869,0.5350981381352102,0.5348299092677843,0.5357446725407082,0.5372382538864114,0.5337938378258986,0.5358474793211837,,,0.5353952116637481,0.5354160073812101,0.5357527762290004,0.5352264468772617,,0.5351393287309187,0.5361128096415043,0.5345014371127907,0.535567819255785,0.5355011253894166,,,,0.5359941218146328,,,0.5368070880702585,,0.5347050051743414,0.5354918059088677,,0.5363429720397931,,,0.533336699821076,,,0.5345225665282545,,,0.5396159706365712,0.5401476181837979,,0.5407632352784421,,0.5397219542620579,,,,0.5401735143098707,0.5397820872320189,,,,,0.5396458035326205,0.5400621174962202,0.5416761922999677,,0.5405109434606348,0.5384941915321682,0.5395423371683038,0.5395799573635681,0.5401444244288239,0.5393236773451956,0.5405128414772227,,0.5394753140552923,,0.5394577856314345,,0.9761798558992615,0.976480735520707,,0.9756138489285221,,0.9762056041696907,,,,,,0.9763559081301438,0.979514751512271,,,0.9780269835978542,0.9780812115565715,0.9757892622625809,0.976957864478692,0.9751356824991148,,0.9770609093878486,0.9754114306123356,0.9770844134573361,0.9760345191035011,,0.9793474211808842,,0.9751139500749267,0.9776312588288866,0.977694755910432,0.9784845399391193,0.9759215345840527,,0.9759623116938698,,,0.9777299105319054,0.9778395486510829,,0.9744563486644597,0.9751086680339893,0.9784922048483555,0.9800474505707935,0.9773363982502234,,,,0.9761448708246651,,0.9782863469581258,,,,0.9797953738571004,0.9733342914530619,0.9786559551525943,0.9763010915651795,0.9737996154224452,0.9736270505163358,0.9760745100523418,,0.9743969929787415,0.9792982557752984,0.9779669223464293,0.9759953642407583,0.9762852689785176,0.9783830782601113,,0.9781025485456305,,0.9771976353694516,0.9778014909033274,,0.9777918961338892,,0.976385771835864,0.9751434705390748,0.9776297802962652,0.9785384918790068,0.9780706758679983,0.9757890380203743,,,,0.9774831801617702,0.9104040525838902,0.9143894986824347,0.9131926507508002,0.9130680893233585,0.533911778427905,,0.5337386539927982,0.5359183254914177,,0.6370949324469927,0.6378366607638813,0.638417887121708,,,,0.5534077529750763,0.9010932870041171,,,,0.6489280065595054,0.6339463149366645,0.6329894005385927,0.6328082121555303,0.6134228300261275,0.6127719379866847,,,0.8964200109619239,,,,,,,0.9940376598617088,0.9140064231659623,0.9106935963262203,0.914772295515144,0.9130627210398173,,0.5894282851312334,,0.9942764859445754,0.9209299454748231,,0.6674781508283123,,0.6686240914157349,0.667862291786496,0.6683024250436431,,,,,0.6688953428283959,0.6674524588601473,,0.6685702480007102,,0.6662655655744899,0.6681953115752128,,0.6688910793410531,1.008866111381033,,1.007189632615844,,,1.0012157475723245,0.6106361896548592,0.6109714005143035,0.6089276483053729,0.6117037550562069,0.9288753015083108,0.9293139321096435,0.9280780852178871,0.9276886082844271,1.0139065421959863,1.0109383988245189,,,0.6802553359237129,0.6797274412885254,,0.6825852641502869,0.6793641514990221,0.6803864644389209,0.6809700349820885,0.6784237164894134,,0.6794363187643915,0.6790778401855591,0.6799826237194724,0.6806522637251169,0.6800850158288192,0.6834774469987135,,0.682129787322103,0.6810380452032254,0.6809342653321971,,0.6803512216540555,0.6816426117433109,0.6811651981033734,0.6814735998408538,0.6796105271915629,,0.6813732600659953,0.6800161380991985,0.6807724753375438,,0.6830792594629391,0.6804043468522241,0.679732194786344,0.6806936038678821,0.681710093560573,0.6791201847016534,0.6814713928947232,0.6815404604350179,0.6814791843893697,0.6812777862710387,,0.6795378295106399,,0.6803691750924942,0.6799779604001854,0.6805544624275436,0.6808621919926506,0.6821812886641913,0.6801750525422768,,0.6803132502131781,,,0.6813571028444909,,,0.680830090980973,0.6805778685956664,,,,0.9148788075069854,0.9197498074926834,,,0.916914241510166,,,,,0.9153432942858272,,0.5225846141448229,0.5219786539231376,,0.5218510816704227,0.5230614415394633,0.5217923512713323,0.5233487676713245,0.5240085533557027,,,,0.522101154766586,0.521513947374294,,0.5227786891492946,0.5221984862094607,,0.5215916622384137,,0.9172697358904723,,,0.9133963655899796,,0.9176694095970398,,0.919308566588032,0.9771085290399582,0.9746527234489635,,0.9744752133163349,0.9755392931975319,0.9743612452167242,0.9748407899211022,0.9777610648382439,0.9778634570205875,0.9779314164615793,,0.9766975172000384,0.9750865646029484,0.9741310792822391,,0.5212023294657255,,0.5219275835375056,,0.5235158448267848,,0.5224167968844443,0.5221198539147262,0.5220427358018506,0.5230365772456684,,0.515705184072882,0.5194840543910613,,0.9773387659004288,0.9772777390323308,,,0.9779796705554892,,0.9779698048034793,,,,0.9147052574493557,0.9146006375131999,0.916510240737128,,,0.9182419913057177,0.9145199584612143,,,,,0.9183850563445166,0.9176765646894046,0.9192602179949328,,0.9182271345614096,0.9164217460439039,,,,,0.9169913826707301,,0.9158610389336133,0.9772508831682778,0.9801756726428017,,0.9785509974337846,0.980247408190319,0.9795580163600606,0.9769850366617275,,,,0.9718003504288941,,0.9772747323451241,0.978505289043003,,,,,,0.9800655276332346,,,0.9781669348747989,0.9767801428520321,0.9801313635602183,0.9738056056087221,0.6508770252720819,,0.6524795870668063,0.6499393199396141,,,,0.8941360787974018,0.6157433664295094,0.6131151531508399,,0.6004147504421612,0.6107968569190222,0.6123501556313503,,0.6121522873590466,0.6098486026371481,0.610778833734011,,0.6105330567769294,,0.6104368026344885,0.6091074394441413,,0.6102031025966528,,0.6083750580515742,,,,0.6107502361674353,0.6115604696600448,0.6132923812381121,0.6109039327190935,0.6113269871112403,0.611328156118289,0.6101604901846924,,0.6106147186303512,0.6120188047511269,0.6102719316401005,,0.6116405590884718,,0.6122357956991631,,0.6106099937416969,0.6103153356175,,,0.6104379508600166,,,,0.6102897859600855,0.6104668480904525,0.6110894187659682,,0.6107826087564828,0.6116394745991693,0.6127838948279047,,0.612206090494302,,0.6106933159247606,,0.6106864151915393,0.6112229340036897,,0.6112790912524162,0.6121692959696945,0.6108036851665495,0.6098293904589651,0.6125617327204675,,0.6113365037562687,,0.6103498606772954,,,,0.6115486471864431,,0.6117384147541747,0.6079656025968871,0.6120389986595728,,0.60991478121623,0.6113729812586378,,0.6108370703171244,0.6127503049874282,0.6105355189963337,0.6121234623059632,0.6122355436428676,0.609810740290105,,,,0.6087809505301095,0.6116429767633382,,0.611043728914034,,,,0.6100590301264592,,,0.6101208057652372,,0.6122482038381754,0.6109232024078478,,0.6109273916394299,,0.6098616464345048,0.6111675107597903,0.6119153457515327,0.6111936499933727,0.6123222776617101,0.6119384316965542,0.611283160969763,0.6112826537260835,,0.6089764602679777,0.6106429714641299,0.6118745180857059,,0.6115204451639983,0.6122877034137219,0.6115867738520526,0.6117823315643021,,0.6120663113854518,0.6119244258271196,0.6103725897495199,0.6095720850557861,0.6099141356598669,0.6102724622602903,,,,,0.6101433139869257,0.6107424684358019,0.6120887165040165,0.609997413745036,0.6135465644043896,,,,,,,0.6097159114296239,,0.6107337157810828,,0.6129948992927113,0.6119189105022909,,0.610757874283693,,0.6123264173049356,0.6095925346791071,0.6124524538289776,,,0.6097605628462267,0.6104792386280219,0.6098267717461134,0.6115324227617966,0.6091365210136296,0.6084848068576252,,,0.6113830797412525,0.6123319414788763,,0.6067205654562214,,0.6094632593548545,0.4315758127980477,,,0.42210882824616974,0.4224605318402018,0.9048120256353326,0.9059584410722941,,0.9701404293397197
7,5,DG_10pct,20,Z15_F03,15,SLG_A,157131,165461,True,5685.23257029375,5701.57821260424,5761.019136755487,1491.6730283440927,1513.3861641671108,126.88941782586969,119.95610748845861,720.057507379536,731.3328455830393,533.9989582807004,531.400737654192,259.60665361405637,84.06779733230069,6804.256904459151,204.7449906684903,126.68248806283917,99.41901485064346,26.064206581853828,198.58121755815912,205.86335281792904,0.7306172419341301,0.7310771781725413,0.7296043283751482,,0.8563062602851921,0.9579055122328598,0.8659264781132721,0.586908139356179,,0.5882356534765912,,0.3711874761228872,0.37154103304200786,0.37157686441716253,0.9020839355339417,0.9015686154607307,0.9008817713947396,0.9732970582409958,0.970819033447007,0.971183675425164,,0.5871087382952793,0.5881487002175271,,0.5795759704465837,0.5798698997830054,0.5490957615092065,,0.5496414481954871,,0.5583695743073505,0.5587945968764476,0.5586658361961091,0.5575003135331253,0.5569947277691002,,0.5798669290167836,,0.5797000459705776,0.5918446929935383,0.5921683676039082,0.5923759750760366,0.5937694992075573,,,,,0.5949187642660617,,,,,0.5961035557159579,0.5929941427498212,,0.594539166527478,,0.39021547053616584,0.39066556496106103,0.8919959023175945,0.9702757695575166,,0.39411952672290856,,0.39411206750066136,0.39466422161302606,,,,0.3961334074897112,0.39532002696408924,,0.39468927701259515,0.3948579767952972,0.39488806687156375,,0.3944072927915441,,0.39468740499797483,0.39573252027373784,0.3944614326209846,0.39451671287381906,,,,0.5928330111304206,0.5920165567035657,0.5931605671442303,,0.6218683741139867,,,0.6198713180884485,,0.6234861461285319,,0.5148415899044471,0.513141469851046,0.5126020559247799,,,0.513805024636129,,,0.514046555540079,,0.5137392939206296,0.5148603668407146,0.5145890210400724,0.5133180673866963,0.5146104417529793,0.5152699912694411,0.512935983533686,0.5144728854437689,0.5125961931641626,0.5138243384286273,0.511852544850731,0.5148353094157967,,0.5127521487942136,0.5122004428604796,0.5132516927699367,,,,,0.51400650277961,,0.5139238503338999,0.5139714246463645,0.5136846017310558,0.5135989763106366,0.5127156155792534,,0.5140066720542601,0.5132543983975301,0.5131854518279156,,,,,0.9696182331227856,0.9705880016984648,,0.9696158103171085,,,,0.968433246490606,0.9699448050815463,0.9704548929157143,0.9710167716439481,,,0.9756452681423399,0.9714905486602814,0.9678926097128874,0.9706076559287773,0.9706876711108178,0.9709479187563067,0.9691968597089593,0.9694638211625691,,0.969368800564364,0.9702297654741163,0.9689584206635429,0.9705463430072524,,0.9714724821530883,0.9671436097747514,0.9692081061766624,0.9696470975003172,0.9672611795661626,,0.9698387122030447,0.9690532307505821,0.9720219180151872,0.9716572885296073,0.9698489835147697,0.97313648822809,0.9694736567016936,0.9685849703566896,,0.8947696312342953,,,0.8962006975508168,0.8953647584397184,,0.896151543358633,,,0.8985115009808564,,0.8953450972072053,,0.8993472781701367,0.8965762325914802,,,0.8946222961776057,,0.8968464919933891,,,0.8950273410474457,,0.8947461816237493,0.8957525321868876,,0.8957643415300126,0.8945480193219267,0.8958644878169985,0.8960172626091776,0.8963462872674309,0.8950322631701868,,0.8966539674405556,0.8952496144782691,,,,0.897597893274583,,,0.8951038260856968,0.8980592901824495,,0.8965777534833875,0.8956319743250539,0.8955982742995796,,0.8980646400979726,0.8922135619242871,,0.8974310164007007,0.6066777223329928,0.6072838139054374,0.6090722254975809,0.4987253341529717,0.5115732629720828,0.6240564091352818,0.6253437453644723,0.6250958383608076,0.6258558692528816,,0.6245806670931394,0.49224689345979794,,0.493975681456485,0.49429380132224277,,,,0.4953777258462404,0.49409542345085883,0.49355998510777743,,,,,0.49358190132313967,0.49594226444432044,,,,,,,0.49384313941137215,,0.4933864231060428,0.493751569857328,0.49433519663031,0.4949896891532749,0.4920312632419481,0.4928443692401684,,0.49415962898441645,,,0.4940728975705136,,0.49362411660769057,,,,0.4978385858288496,0.4996204164037174,,0.49681882270596944,0.49809873752649375,0.4986613909978765,0.49840798005272935,0.49765271783888215,0.49819841852493646,0.49892706642333007,0.49764138593466267,0.5003485570912404,0.4997527428771338,0.49907057916079184,0.49994546031192094,,0.498036823004748,0.4997207756576891,,0.4973305416642028,0.4990949122075936,0.4976575249836914,0.49776654095216966,,0.49927994193940695,0.49793161766434335,0.4990220935082898,0.49807951421330154,,0.4975874979015051,,,,,,,,,0.971427932457073,,,0.974490289645236,,,,,,,0.9746128651514433,0.9690723792213314,,0.9705747831627338,,,,0.969797579341082,,0.9720330698804345,0.9730716193776244,,,,0.9731570989680318,0.971304633616163,,,0.9723968013989888,,0.9737538460912633,,0.9741868488238761,0.9741966682063834,,0.969377788151558,0.9760343020873906,0.9743028804403386,0.973379893074574,0.9734349650500382,0.9762957863299593,,0.9728480902249786,0.9735974172130333,0.9709370339657555,,0.9757249387111568,,,0.9748379977488439,0.9719766420418562,,0.9697843124502872,,,,,0.9741100136708615,0.9713849699867178,,,0.9721482342501586,0.9716742347995593,0.972447629728696,0.9705616394644482,,,0.9748242935343465,,0.9701746845589232,0.9764781857507072,,0.9710431752805184,0.9719279906961055,,0.9728276564987753,0.9723610544207718,0.9725501056982109,,,0.9080007317369904,0.9104244578303636,,,0.4936025731947881,0.49501833590170924,0.4933735340590858,0.49209765945843703,0.4933267981424172,,0.6186705560386362,0.6173761599577329,0.6161453782428216,0.6171219777540798,0.6158968993449097,,,0.9676832761275383,0.6236129498089706,0.6247350200524032,0.6260699541106045,,0.611798984278547,0.6100018479607567,,0.5913579795371434,,0.5299144971918117,,0.9709185602344063,,0.8991413254562866,0.9828722509433739,0.5468592322036562,0.9022216641989165,0.9843225252243575,0.9098538038601954,,,0.9068306379545511,0.906773359168825,0.5525662129336784,0.9076904226253352,0.98859831976703,0.9133999423939201,0.9123214837828256,0.6438058062907253,,,,,,,0.6448062377781816,0.6439175857876441,,,0.6451832171635042,0.6442907890872661,,,0.645176414673133,0.644946814779297,,0.9971912816739822,0.9999787810763984,,0.9985624996828262,1.0008136637846279,,,0.5730779776816592,,,0.9221375007122208,,0.9223264808878774,0.9203390495338033,1.0026298422428632,,1.0045820210255274,1.0024618186861067,0.6560806581772254,0.6547369007525747,0.6587514337216712,,,0.6561713520122202,0.6550647135608128,,,,0.6574680037965736,,0.656221416667845,0.6566002416565841,0.6547963588909651,,0.657448678297033,,0.6563976582273138,,0.6563348792100124,0.6558466101848373,0.6547122861776077,0.6574903833933564,,0.6559814192430675,0.6560832504245496,0.6551122421598761,,0.6555862985667785,0.6585619756141518,0.6580296223106175,,,0.6561447503244565,0.6549335762622359,0.657311064093966,,0.6561733354827696,,0.6564503725332018,0.6571110910147892,0.6542307897463256,0.6540866261892896,0.6567165005602502,0.6566645064241661,,0.6576432947202289,,0.6574668904648254,,,0.6581822370185695,0.6569519226192638,0.6570184041126047,0.6573207216511308,0.6583631466388795,0.6564788457637328,,,,,,,,0.9114517012417568,,,,0.915030125581268,0.9127800670593924,,0.4797514282528257,0.47849116706947525,0.47922089077423213,,,,0.4802980881873343,0.4780608672352976,,0.47911189226580714,,,0.47905062463065023,0.4796333245055259,0.47840753701189154,,,,0.47988551526306067,,,0.9150206472905514,0.9143936684749457,,0.9151329110733711,0.9114365031595325,,0.9700394843974324,0.9761693853868516,0.9712661807388373,0.9728671212111641,0.9705159896458089,,0.9718129219234656,0.9734185890299774,,,,0.9738430273605244,0.9727463248117957,,,,0.4784548506779698,0.47753520795419585,,0.48017871417559055,0.47960605250217214,0.4795698738146265,,0.4793558553937565,0.48026282006358983,0.47984817309633093,0.47341167707200055,,,,0.9768554774868071,,,0.9733671672048738,0.9708506973654634,,0.9126582172400893,,,0.9121237540853393,0.9099474985398333,,0.911303241426809,0.9108234889034489,,0.9148348147780021,,0.9154975831006265,0.9125243290832182,0.9140899912623848,0.9121345129016803,0.910516992086029,0.9119854413335656,,0.9113361350684952,0.9131887650435906,,0.9156609551195471,0.9086828298404219,,0.9114693788879863,,,0.9757744103800524,0.9742490133952459,0.975381965298089,,0.9735478594090846,0.9747328909107777,0.9747417396522906,,,0.9745914506158799,0.9726789635177592,0.972826583667349,,,,0.9692882325598797,0.9725642978531381,,0.9733743529009008,0.973619342442892,0.9725636717800695,0.974627383701504,0.973317729637735,,,0.9756612618018992,0.6316349469136638,,0.6280498128788846,,0.6301424396103589,0.6308795071146721,0.9023892858174783,0.8899545420426733,0.5914287334725868,0.5909520556856023,0.5939335612858742,,,0.5896096068808888,0.5883884661131369,0.589754969703933,0.5875098610705295,0.5904449084808537,0.588337846370699,0.589565848115261,,0.5892322168878195,0.5893068072511111,0.5903494810473465,0.5899682221884809,0.5897486033041439,,0.5878286948603209,,0.5872809406065713,0.589261062808599,0.5887489943082045,,0.5881896693349999,0.5881638207773706,,0.5898554403152139,,,,0.5878027916670849,,0.5887650667948247,,,0.5891950886385456,0.5910410450730931,0.587778635074946,,0.5886037092031495,,0.5885363839519702,0.5878910428064096,,0.5881176695582682,0.5891528958331075,,0.5888538916149768,0.5872563954408297,,0.5881331632848471,0.5895471698897938,,0.5893770662851026,,0.5872402651063269,,0.5898534015725606,0.5896326410782864,0.590155951580916,,0.5891487821308208,0.5893618716532725,,0.5880348991193739,0.5888903206897068,0.5897097682122042,0.5891550406154872,0.5896195404879749,,,0.5889494948770618,0.5883485511345026,0.5890933386653137,,0.5874520100433209,,0.588809392334564,,,0.5892037149538558,,,0.5890146355576821,0.5891423306003187,,0.5902646488431024,,0.587825720553101,0.5884604448216085,0.588440050844357,,,0.5891097667852379,,,0.5902156287914712,,,0.5890899849297838,0.5894519255792662,,,0.5899732747701031,,0.5893728008648966,0.5864395213651971,,0.5887623763172372,0.589040777178801,,,0.590061669194025,,0.5883636580215258,,,0.5893666928202793,0.5885086105570887,0.5871091552454413,,0.5885191733938273,,,0.5894768261064994,0.5895270602190313,,,,0.5866958827295148,,0.5887852492525797,,0.5891992862804588,,0.5880707635442648,0.587616633689035,,0.5898127214727807,0.5892978304843157,0.5886302019370663,0.5885131988554647,0.5880426201186949,,,,,,0.5892595110506916,0.5888617872252516,,,,0.5886050300648006,,0.5897241442555328,,0.5889149986223788,0.5872674142535259,0.5913555936892756,,,0.5885536026015634,0.5878096523989151,0.5891079234172603,,,0.5891871046581827,0.5896622333612079,,,,0.5853498218177619,,0.8972836947007434,,0.37250594695853206,,0.8996544417543032,0.9019220970536944,,
7,5,DG_10pct,20,Z15_F04,15,SLG_A,157131,165461,True,5673.364891898695,5698.9151220061985,5781.416692285054,1500.026044983463,1502.6196320024974,127.79927724458814,119.25870399360798,714.6435361625801,733.3923297023213,527.5331041721034,532.9839816905932,260.01218945347796,84.54518060646635,6792.064453679923,205.4662501886932,127.20162373127103,99.09397483304436,25.961137636409582,199.49984472609066,205.48986466088428,0.7320561600934171,,0.7323509321298882,,,,0.8699789707109697,,0.5871525209435673,0.5860114784678598,0.8898540017752992,,,0.3710027180059824,,0.9017724517043121,0.9035763733726268,,0.9744911407846313,0.975493611168267,0.58832510224964,,0.5875066811528351,0.5801249201019969,0.5800837710742525,0.5796147780438321,,0.549532385637224,0.5497477236593445,0.5576688522773786,,0.5574353566174575,,0.5589168862499121,,,0.5804043511747861,,0.5798092115184813,,0.5933747095847501,,0.5950314984230185,0.592075153275887,,,,0.5954799365346202,,,0.5927156597149508,,0.5933131816859436,,,0.5946423233651295,0.5936213663151967,,0.38996403385063255,,,,0.3932901813530178,,0.3951224514392722,0.3956078427804032,0.39551906635096207,,0.3934549088350728,,,,0.39555488898084384,0.39543570926020677,,,0.3940768193941602,0.39405598798189295,0.39453115748450024,,0.394449439522631,,0.39497030719490817,0.394029865420337,0.3946214471454464,0.5921855457828676,0.5928933584222899,0.59159552072264,,0.6223226759865235,0.6221797136189872,,,,,0.5126670588492483,,,0.5158657349183982,0.5133987113624066,,0.5155508265014134,,0.5137988453785948,,0.513335969088751,,,,0.5143751409719167,,0.5154159720930261,0.5150278979483357,0.5142473889487,,,0.5143257043759889,0.5139722117268066,,,0.5136722828931329,0.5157002710560806,0.5139958275059485,0.5144109818760499,0.5130730573743482,0.5150346189045358,0.5133799909635786,0.5134997831570695,0.5142765887256625,,0.5135125447295436,,0.513942883454368,0.5141069798791019,,0.5142556608350255,,,,0.9701994265923402,0.9730035237394893,,0.9684847201426643,0.9708986561904694,0.9684093362638329,,0.9677136370068783,0.9716400807754142,0.970158162194408,,0.9712465090571483,0.9726347777919551,0.9737708439832142,,0.9714646011333209,0.9703493352214125,0.9707493844892155,0.9726669423646312,,0.9682445943750077,,0.9693397546566344,,0.9703712692260078,,0.9703720539342874,0.969354426996891,0.9698169593292418,0.9717756782050511,0.971977361442318,0.9703708778068412,0.9692091508104289,0.9668512548087486,,0.9677842390324409,0.9673793137913363,0.9693519777379309,,0.969445626801039,,,0.970722173948617,0.9707722333468828,0.8966325486236345,0.8970007373184449,0.8973599965646877,,0.8947548168642827,,,0.8971010549849885,0.8944125539813005,0.8965950087585666,0.8974683772821146,,0.8980356805914913,,,0.896508910301624,0.8951190573838609,,0.8978144694573513,,,,0.8973727735211788,,,0.8951592057239162,,0.8932781186348115,,0.8959474686158133,0.8990057599057555,,,,0.8953346902902847,0.8944363591258029,,0.8970741096139254,0.8943748785082793,,0.8955126954709004,0.8946257919400025,,,,0.8957253867497665,0.8988929469413524,,,,0.8927484723418168,,,0.6070261808508682,0.6073878321436513,0.6063189138615098,0.500709881230128,0.5093859460366249,0.6270152422307366,,0.625849777620229,,0.625929989741218,,,,0.4940296285081276,0.4934890244760236,0.4952363119163379,0.4928601562348479,,0.49516987678685714,0.49317969091186764,0.4946603327950277,,0.4935817645805569,0.49454087239284455,0.4940846414590546,,0.4937380871546261,,,,0.49240007975469025,,0.49368062116082423,,0.49310489254925466,0.4934042891842634,0.4935878370850731,,,,0.49295846227349815,0.49254116742203,0.4953533012142619,0.49403508490441156,0.4929088693436043,0.494136440652694,0.49393845747954385,0.4909776094334195,0.4943617772263808,0.4930653624783187,0.492134463375509,0.49810687138334286,0.4976491955804565,0.49780025018546825,,0.49778241033114684,,,0.49842037202474204,,,,0.49847492483391576,0.49945216013545846,,0.49881867200994245,0.49762165684010196,0.49851438240974094,0.4977807781322996,,0.4985295087208877,,0.4974502692258032,,,0.4986313811713152,0.4986981375551937,0.49879488055692983,0.4975086492547368,,0.4981604116760785,0.4984789395716173,0.4979036602651979,,0.9765975259863602,,0.9713896577129789,,0.9735978040236551,0.9729342918035735,0.9720800513095085,0.9751217126109742,0.9742185276560236,0.9746834674186476,0.9687251181452051,0.9741849765876966,0.9710407541658344,,0.9718203881369984,,0.9722653595021922,,0.9721563682637777,0.9734388879910743,0.9694461695378015,,0.9732008291712474,0.9733297460304324,,0.9727521881022076,0.9707910697393252,0.9690539891121351,,0.9704449825383556,,,0.9724993447185566,0.9739441433649461,0.9730540811265901,,,0.9705602432420435,0.9720269694202835,0.9702940929284712,0.9737346114149952,0.9717532581611812,0.9737958625645489,0.9706391920264211,0.9704383173025772,,,,,0.9750277164026028,0.972237919721476,0.9708678783712128,0.9720543547709277,,0.9740178504206458,,,,0.9722594862841629,,0.9699281156202625,0.9716310849073005,,,,0.9710479275391333,,,0.9719261182409945,,0.9722318938600756,,0.9678534267769541,0.9729586734154961,,,,0.972813991603533,0.9736765596408204,0.9730467182835016,,0.969712663146043,0.9730365851784226,0.9714781465303962,0.9721564431775632,,0.9110090763967096,0.9085722305425015,,,0.49302560282722036,,0.49200509840755335,0.492028523778087,0.6150487375427426,,,,0.6165519671452522,0.6159228446313267,,,0.9698274138851747,0.6252443824316722,0.6238096253368685,,0.6110986306206342,0.6111679102681497,0.6105315465444793,,0.5905175649751515,0.5921143175440778,0.5293928448873022,0.8890237012597415,0.9677525551689589,0.5435375231392925,0.8998754595445569,0.9828750727725135,0.547073755992321,,,0.9074761856833105,,0.9070237169187733,,0.905024623837306,0.5512889782064865,,0.9872726419479515,0.911089971320334,0.9113682873465883,0.6433920598797952,0.6435781796960961,0.6445604085042272,,,,,,0.6442203642512692,,0.645474538555988,0.6438730615595026,,0.6441890113997333,0.6448156594497735,,,,1.000199572899456,,,0.9973147345576955,0.9993995123327425,,,,0.5734178419526553,,,0.922653094160821,0.9213289691768834,,1.0043333945178072,1.0036916158988631,,1.0029919730137993,0.6572283913926958,,,0.6549189425889188,,0.6571907810632451,0.6552771137916249,,0.6551262108558018,,0.6558715417222942,0.6563176221843203,0.6557313120429887,,,0.6564081825583454,0.657215582984265,,0.6563665682161492,,0.6564674125247332,0.6574556125916082,0.6558319145324183,,0.655144299326056,0.6579112975524398,0.6581395200033029,0.6556035456352699,0.6572181148248044,0.6569162250959059,,0.6563466654776681,,0.6562672003433205,,0.6558297662212638,0.6579717543158934,0.6555636858607107,0.6554705681974966,0.6563255394432614,0.6583436298719842,,0.6550241324365681,0.6567263640338168,0.6554102815155052,0.6578124253082045,0.6563327333255771,0.6566132025077269,0.6575407694513221,0.6557951986269636,,0.6567301770670594,,,,0.6568658732649638,,0.6582180878698233,0.6552073940150606,0.6565085469388677,0.9115277461930592,0.9108716291400483,0.9111836376512206,,,,0.9079719254189478,0.9098849245310647,,0.9117983910749915,,0.9118512977282514,,0.48029957417148805,0.4802385648925388,0.4792465978807849,,0.4790806933567163,0.4802967604100785,0.48095079990199435,,0.47898455257285477,,0.4804959944927022,0.4798244438785994,0.47968094820650303,0.4799724530450542,0.4799988779553576,0.4797701906130969,0.480350922049244,0.47969787810291403,,0.9142442336038731,0.9137370308530404,0.9139551359666414,0.9127836960388357,,,,,0.9701256911617293,,0.975560977251833,0.9755242550234147,,0.9753558734485162,0.970915769094,0.9744389443626001,0.97291732470168,,0.9732356850502137,0.9735143408548911,0.9710139896733421,,,,0.47895652062281796,0.4798524912959016,0.47866307591215684,0.47858857004369676,0.47930840163396915,0.4795306267566751,0.47933929766739936,0.479694402507561,0.4790731646118845,,,,0.9760131382442276,0.9700715160558183,0.9773786483805925,0.9739364513730429,,,0.9710018535695188,0.9112726796063978,,0.9108180437778324,0.9123945377555299,0.9105050600719651,,0.9135711738160404,0.911547130519975,0.9140268071650524,0.9116754398996234,,0.9120896463297139,0.9134070573023544,,,0.9108299033864131,0.9126867629355968,,,0.911934711612158,0.9143012816960225,0.9128069547468413,0.9106508456173644,,0.9134262561299449,0.9108412054349851,0.9156528721584706,0.9739418885213773,0.9759278342238206,,0.9767953000646072,0.9761645392977432,,0.9761492877759665,,0.9748820462452972,0.9732472961010743,0.9702804553139347,0.9719833997536995,,,0.9712498123057767,0.9739144347412739,0.973282393814023,0.9748339806048767,0.9745591727933346,0.9728097368578784,0.9739519550662163,0.9747195985330229,0.9745831586548269,0.9737883977845541,0.9744322916576255,,,,0.6289735945945328,,0.6277173575375979,0.6293040021123387,0.9006597468959888,,0.591957956754132,,,0.5616328258392264,0.5877803319756385,0.5887746073722768,,,0.590113039670265,0.5872076741157345,,0.5887633739732991,,,0.5883387639961613,,0.5902838869538942,0.5875839202322403,,,0.5901229098927682,,,0.5896548810993479,0.5869508475288366,0.5877720475519522,,,,0.5884605464070113,0.5899493746693023,,,,,0.5881483931292587,,0.5891053811987397,0.5911852525206787,,0.5897633185523726,0.5895311675822094,,0.5874519580494374,0.5878521770357125,,0.5888806995837957,,0.5890922992514418,,0.589911550831878,0.5892216551613648,0.5881419681144349,,,,,0.5889929776446663,0.5904751525362574,0.5886285177924115,0.5877690417399128,,0.5875869477935773,0.5882736007518519,,0.5882859260328208,0.5876810677101326,,0.5887889238191183,,0.5898730563422201,0.5890664507712357,0.5894449089575815,,0.589880491849724,,0.589774220467556,0.5888161376992437,0.5891818872250825,,,0.5891369927283159,0.58788843182037,,0.5894093055572959,0.5897222907793656,0.5871756796222415,0.5880867774905698,,,0.5875603974668346,0.5884304429128813,,0.5880675153269072,0.5895170196512237,0.5899465239312809,,0.5881683869162296,0.5903347124544936,0.5880306029245119,0.5874125932678355,,0.5887547894584371,,0.5898234805039616,0.5885868949187946,,0.5905422248741786,0.5875080003075674,0.5892227580428443,0.5910492503195528,,,,0.5890804681000316,0.5895885847917365,0.5881401364391831,0.589333472410631,0.5899591426533596,0.5890378501452971,0.5885994618631656,0.5899538969996899,0.5905739230370981,0.5884001042205329,0.5873087501593978,,0.5892558624058609,0.5886632455656338,0.5888407298344204,0.5893401312577573,,0.5889340790068911,,0.5884318510470242,0.5879329148233691,0.5901108146969223,,0.5900113989492443,0.5881598040608209,,0.5884394542821559,,,0.5896154526516921,,0.5891448271593649,0.588044341611531,,,0.5888358748074237,0.58785385879733,0.5879559493011555,0.5895326955283613,,,,0.5884189269022101,,,,,0.5869568618807595,0.589289455464991,,,0.5896099705090836,0.5895384774297554,0.5879454916169522,,0.5884045651797425,0.5907055891673082,0.5867463255465668,,,0.5853717730814737,0.38112587123315517,0.8970799462118957,0.9746975863423613,0.3733927499278538,0.3722499468747634,0.9017901609500172,0.90512731747053,0.971523273418553,0.9711699894673724
7,5,DG_10pct,20,Z15_F05,15,LL_AB,157128,165461,True,6945.466566676464,6948.824896921805,6965.934877048727,927.1230691966441,933.2975380866443,82.72388226021181,76.58331548417809,515.573930254292,534.5564165652487,397.6448779891567,399.41389112614786,195.20392421048138,64.55462104652928,7484.12119968361,152.01423583931708,83.09759448529013,68.58239335018513,24.100094879866734,132.4920902664946,141.655985727241,,0.5718187571450303,,0.6797765704906351,0.5712315874901472,,0.43971775855233264,0.30166408733142774,,0.3026983197578418,0.27606998694701196,0.39260082886678294,0.3919797115597228,0.3919626377466096,,,,0.9183463220813581,,,,,0.3026964611755562,,,,0.00010690074935440171,0.00010735961740778503,0.00010704215121730015,,0.00010675854972358105,0.00010703944006589089,0.00010681552825611105,0.00010691491726327858,,0.3984716553616756,,0.301833372502005,0.3027119982197566,0.3031003220846893,,,0.30379879016592276,0.3033574096081336,,0.30468187012755493,0.3037622976552586,0.30365907871153863,,,0.3034865488853398,0.30329033328958355,0.3035388084253505,,0.3041603206638397,,,0.41135299063899167,0.41367296238650425,0.28179924153425523,,0.41763492162371507,0.41766208109181413,,0.4182038696962275,0.4174066317000858,,0.4185409069323051,0.41859667871032874,0.41712996841812267,0.41805126549377425,,0.41679788282056657,0.4189802569637548,0.4194585718579449,0.41948073541156167,0.41915417556188317,,0.4181686702968298,0.4185760619738425,0.4184050139847277,0.41770956167299506,0.4188342637043082,0.41935460868943686,0.41853229385999113,0.3045244833408677,0.30393094380718094,0.3047598248510004,,,0.3195293168513377,0.32000607383868857,0.3187993415556971,,,0.5302638445539231,0.5309922358666856,0.5295433528288014,,0.5313186176781658,0.5316986800402769,0.5295929581774691,0.5295860249966305,,0.5306673022093689,,0.5316283532852194,0.5294056426227688,,0.5313911489685562,0.5307568657370798,0.5297022543403556,0.5312400127163187,0.5310189909812448,,,0.5293710849908543,,0.5298311676174104,,0.5304020873676704,0.5304640943088414,0.5301824583176568,0.5289776703481791,0.5303411574717304,0.5295657501394923,0.5303422585806792,,,,0.5312543690409818,,0.530387335008675,0.5303085714212933,0.5307070811913623,,,,,0.8467571384454634,,,0.8446790782024517,,0.8447768275391803,,0.8464094992569848,,0.8445614517636961,0.8446535773731724,0.846062249701016,0.8479977049739603,,0.8445667335517517,0.844857769792729,0.8453777160767943,,,0.8455349667070664,0.8444363681399893,0.8458294065151414,,,0.8436237069042309,,0.8467687173025819,0.8430859602859052,0.8441475510303182,0.8401664647962749,0.8454827182824265,,0.8439893312147435,0.8432318003686964,0.84527023252659,0.8448573180319902,,0.8443959815968126,,0.8447411868513169,0.8442620817714711,,0.8426295318571292,,0.34640939007809934,0.345417472926933,0.34668370866510884,,0.34659960353588565,0.3471222735222227,,0.3467721109575793,0.3459541207934177,,0.3466463542653645,,,0.3474191815944207,0.34667765684171914,0.34636650284347253,0.34599250476205806,,,0.3466076627863693,,,0.3470477008074163,0.3464742796987186,,0.3459832078652169,0.34629795004776437,0.3463386370227194,0.34745835800294905,,0.3456820866775724,0.34625353405035963,,,,0.34655821960279265,0.3465950406974212,0.3472663604845909,0.3470413785130434,,,0.3465813899019193,,0.34580688307980917,0.34765292385560165,0.3453829068081323,,,0.3468512736833819,,,0.3457257058509383,0.3458995919737117,0.3178790365054038,0.31808556285504463,,0.5149658933562618,0.526903931161559,0.3195927531380231,,0.32066282032637855,0.31939645269014133,,0.31976960429524703,0.5095350143422859,,0.5100189762531999,,,,,,,,,0.5110189599799417,0.5097371156693815,,,0.5093181805345228,0.5101671815557237,,0.5102214538307432,0.510013696156947,0.5080899833250072,0.5095604574166367,,0.5098312789518379,,0.5091791232682483,,0.5109843884374784,,0.5101076614141344,0.5085909337152246,,0.5095700514400108,,0.5079957094376497,,,0.509301058594029,0.5094366991849856,0.5092159690568969,,,,,0.5146792997114877,,0.5119155569578363,0.5143994089473365,0.5138363081712214,0.5134007681191112,,0.5148444637811935,0.5140398710587079,,0.5141797137458155,,0.5146528776740874,,0.5144414073037291,,,,,0.5128066857887115,0.5143127492348633,0.5139796366721712,0.513866497382678,0.5127268072016029,0.514236213409307,,0.5145257281485579,,,,0.8666099614359382,0.8655494292195858,,,0.868367778559658,0.8655819816964242,,0.865270573212317,,,,0.8612702896223123,,0.8602091871729372,0.8612953615257836,0.8638888475625601,0.861434172262915,0.8573311469465573,,,0.8595514534523847,0.8590871550660758,0.858731112989392,0.8581766371360631,,,0.8634198858767094,,0.8650947281099448,,0.8644503609760023,,0.866324480043132,,,0.8639075307600022,0.8686619466687909,0.8659141334283654,,,0.8651905775865237,0.8625804042602472,0.8646182006374125,0.8673106749495373,0.8649273387546582,0.8666145411331106,,0.8636708351303111,0.8664091338743829,0.8670270378007188,0.8643647558189155,0.8627541436508341,0.8657991051262675,0.8644647707522479,,0.8602465678804015,0.8606783898592273,,0.8597733421958378,0.8594030770344478,0.862305266303347,0.8634394714321698,,0.8592172884232171,,0.8592851179848784,0.8582785040198744,0.8613853080513757,0.8577819120942511,0.8611019659258,,0.8618218795117235,,,,,0.8627956117653999,0.8602454513604849,0.8643625141406931,,0.8603794336870839,,0.8602107454678245,,,0.3382713561508232,0.33895579158010825,0.33832706788533223,0.5078807159319365,0.5081675184785377,0.5074393515405682,0.5071095732934995,,,0.31873702420985467,,0.3188587192882977,,,0.5312511192664733,,,0.3211807178423174,0.3210033383298232,0.32023372969650593,0.3188897712609707,,0.31879243563339893,0.31493545258333633,0.3145090967537908,0.3147077366069237,,,0.833161074743665,,0.36117018199846046,0.8364877954838794,0.5670528777765041,0.3653715476569977,,,0.3689592371584003,,,0.3693130618676473,0.5717356981899971,0.3686381340746829,0.8420010057676103,,,,,0.3294974949065323,0.32834463900458205,0.3293643417347643,0.3297144288953935,0.3301484449476062,0.329195744662345,,,0.3296091531719818,0.32950291278935123,,0.3302206033907655,,,,,,0.8505441655622099,0.8496761675103809,0.849587571373744,,,,0.5910424124606476,,0.5919801613847203,,0.38301358227278026,0.38404182111749463,,0.8540078652164544,,,,0.33468036338984763,,,,,0.3354252586686042,0.33646760629314526,,,,0.3356345946267387,0.33498723528502383,0.33610738509169463,,0.3362688321240755,0.3362794817409243,0.3352423582854076,,0.3352701421752885,0.33569624814066645,0.33519577540251405,0.33586198384773697,,0.3352518568512681,0.3357889906381453,0.33557985901100734,0.33634277553590414,0.33553498539507925,0.33591633181582187,0.3356486388903447,0.3359945409321794,,,,,,,0.335732734720968,0.3354025466504557,,0.3356131079077872,0.3342623617571369,0.33554610724568845,,,,,,,,,0.3361387764716847,0.33630511170912625,,0.3365208178822728,0.3351635058112536,0.3361527193563501,,0.33541467238450334,0.3355116169176598,0.33096593815207664,,0.331186562833594,0.3318055096408515,0.33155358815517477,0.33164693464359035,0.33194272656697754,0.3314434787756943,,,0.33043679156891104,0.33091838100135496,,,,,,0.49403619069545734,0.49517676848285314,,0.4953166263884681,0.49516241528826477,,,0.49402512520966047,,0.49399205050927775,0.4950139041605003,0.49447238823917555,0.4945627625193786,,0.331929819602534,,0.33097126542390326,0.3318717863300823,0.33222604297836844,0.33217433751649994,0.33232052149926705,0.33114254289576484,,,0.8772882955792249,,0.8753089256393097,,0.8782790831879824,0.8748485363241497,0.8747256919189207,0.8762634643929732,,0.8751709965902142,0.8752512688126376,,0.4932791546354854,,0.4942086385421589,,0.4946037917209439,0.49420763345325064,,0.4961181332189678,0.49462906693969405,,0.49566735175505566,0.4949270675032192,,,,0.8779066132627432,0.8772492914228097,,0.8763056222830164,,0.8779385509406894,,,0.33141229409545814,0.3319842103387958,0.3311728302276338,,0.3324800658735484,0.33199525413987313,0.3309150202124583,,,,,,0.33111684202477626,0.3321014468891002,0.3318053239513241,0.3330081116104649,,,,,0.33095070427926254,0.3321159459345918,0.3324734017437129,,0.3312459101408158,0.331568820823111,,0.8789059409314172,,0.876177960165881,0.8776162508639687,,0.8772516784496791,0.8789210240945359,,0.8802653048541651,0.876081718718288,0.874623252666682,0.875483075548033,0.8776455501507663,0.8781852132509687,0.8778186024190207,0.8760870516278403,,,,0.8756754774281292,0.8760500028699857,0.879301094610086,0.8770516618192383,0.8768763934578541,0.878097913003348,,0.32144605837847356,,,0.32259474530145826,,0.2823697701012235,,,,0.30456599055821776,,0.3022899101737763,,0.30114305212077,0.3015424812785222,,0.3012793308367971,,0.30081758110381346,,,0.3006287188644241,0.3016067007945597,0.3016796898159249,0.3009498262394739,,,0.3016835999539796,,0.301517753082905,,,,0.30147770312280103,,0.30136347001813074,0.3009442170537547,0.3009281397250295,,,,0.30152967642958955,,0.3019479072103844,0.3010919131755609,0.30177306627357126,0.30185723902130396,0.3013413758663661,,0.30023188463442246,,,0.3016223028099397,0.30214447732661054,,0.3011482291459599,0.3010624170990343,0.29992713671972376,0.30125452267181296,,,0.301755737608593,0.3017247911454108,,0.3012540590481022,0.3015750778983137,0.3014449004318054,,0.3016935488127625,,,0.30214283602008507,,0.3025194643400075,0.3020030027768468,0.30190321665817804,0.3010998437185258,0.3016996487448362,0.3015546660481364,0.30103378510276624,0.30094057153476583,,0.30125947962990646,,0.3013429837471275,,,0.3017721579654946,0.30168564145896226,0.30138036741890994,,0.30225845608142515,0.3009775568312812,0.30131922112300535,0.3005708767981633,0.3015092070537261,,0.3016665535269988,0.30119954011396216,,0.3008413463131383,0.3012269721607467,,,0.3008383956643753,0.30091956378304896,0.3012249152225381,,0.302425972084022,,0.30158471313683,0.3015720024753848,0.3014486382684101,0.3014450257643902,0.30186466782534516,0.3009205272697811,0.30187109644805277,,0.30064439393757747,0.3017056932874029,0.30094747585543263,0.3011595723966862,,0.30216206085995667,0.3025153382866301,,,0.30171661089906693,0.3018013318998214,0.3020053112361035,0.30151971109909026,,0.30090933004243703,0.3016173592356188,,,,0.3018170220295491,,0.30072796634316046,,0.3017745685429164,0.301629783467292,,0.3015080231090158,,0.3016492116680346,0.3026935375065713,,0.30086564252477727,0.3014484166564006,0.30174373227104456,,0.3018550688297462,0.30117823444280206,,,0.30209977450609055,0.3011045795182586,,,0.30218957518947553,0.3015355353640369,,,0.30150302679699603,0.30105864368689483,,0.3012758055677853,,0.3008631164901877,0.30191792592127475,0.3018225833335102,0.30176467926678613,,,,,0.30196556754574033,,,0.3022427109293843,0.4040266772107746,,,0.3935137165455122,0.3926529824058704,0.2818877906168772,0.2815809065059848,0.9152387441451822,
7,5,DG_10pct,20,Z15_F06,15,LL_AB,157130,165465,True,6446.7072098780145,6433.384417752957,6459.340434560623,926.8902926938928,934.2522780689338,80.14105782803922,73.36597741805518,536.4925195319997,555.152246054167,410.2503370448147,411.98701540969745,203.19280496160155,67.60107084081763,6803.309286100826,139.82628891854657,79.88999876402333,64.28844478006947,21.33180153981447,127.52357617403038,143.65566955581082,0.6043188009070254,,0.6022072446033699,0.7101104154293317,,0.8751374256029867,,0.36130068651824,0.36136872599919734,0.3608205244879802,,,0.45602770786426344,0.4578668408482081,0.33308259370762644,0.3337668848648109,0.33406809296181966,,0.9226261865147874,,0.36113514167944505,,0.36041059326468844,0.2947335793141199,0.2941892144936834,0.2948986286958103,,0.014115234370335267,,9.849191949442703e-05,,,9.878755295417037e-05,,9.869584005653593e-05,,0.3601236480047293,0.36019573777767844,0.3594258413037411,,,,0.36062232957012874,0.36101560779522335,,,,0.36049951932462154,0.3624559169918224,,0.3629176236850378,0.36252583083110673,,,0.36091260965476146,0.3614770568148514,,0.4744198135739183,0.47612356835448527,0.33541377650138166,0.9069758175910215,0.47935565955449566,0.4783827265456448,,0.4791638390954838,0.478927250695247,0.4792592214046681,0.47886267327982573,0.4787434853185621,,,,,,,0.47966781041524836,0.4796466097725195,0.47932419658502345,,0.4796343159442758,0.4785292394583118,,0.4797882225602746,0.4791818641169653,0.4788366366457573,,0.3621397199104313,0.3611317656341804,0.38965441653932664,0.3796816913765696,0.3809171092521002,0.3811713966521329,,,,,0.5836024673782971,0.582122772697008,0.5815094876964794,0.5813122895727661,,0.582457109015306,,0.5808315766771003,0.5820812907797759,,0.580801324109208,0.5821407309562836,0.5821637519191374,0.5817831461561203,0.5832084054901416,0.58016294360115,0.5814977459258872,,,0.5818747115890229,0.5816829563299606,,0.5804084660767028,0.5831424276080462,0.5796971023805996,,0.5804985954648969,,,0.5814738644185139,,0.5813104119327849,0.5831679206423682,,,0.581622820165628,,0.5818752430871288,0.5816900531559047,,0.5806247615630259,0.5802847912209125,0.8640807921987148,0.8643574402885846,,0.8675072215671709,,,,,,0.8640007304327446,0.86516999631112,0.8622447509087534,,0.8640858698691023,0.8629221201576893,0.8653685943662237,0.8650315579379342,0.8642131519911137,,0.8653523346284255,,,0.865372504294708,0.8631532672389509,,,0.866040816965793,0.8662175995049878,0.8616250484137686,,,0.8634684135207465,0.8625973482948586,0.8652390461114781,,0.8624394610425797,,,,0.8634343965294287,,0.8684911589769118,0.8652588189321456,,0.863438014647204,0.39036307853717206,,0.3907359025335439,,,0.3909612099967766,,0.39059882171696825,,,0.39114778304085224,0.39063909566283583,0.3919093570212069,0.39071213248706355,0.3911188021266902,0.39054472352399794,0.39129432772507833,0.3906980019453625,,0.3916159396614007,0.39094830643565365,0.39047095634177764,,0.39198550102361435,0.39094967326880314,0.3909226384024164,0.39077900857865144,0.3926886328615595,,0.390599082491368,0.3918078062060256,,,,0.3917684415731205,0.39102501070628487,0.39220035876910553,,0.39121308589694714,0.39152417774431314,0.39081424581171936,,,0.3906008999854002,0.39116650982772344,0.39094458148690775,,0.38971347291434244,0.3918423645526268,0.39114810166487246,0.3909850777909991,0.391784723807191,0.38988840399355507,0.37736822429950356,0.377069381913107,,0.5689497227344795,0.5763295964774022,0.38152648965598257,0.38037827907159466,0.3804840806296976,0.38149713848762956,0.3804997819714598,0.38108798035298475,,0.563871697553037,0.5640350305620566,,0.5639428698936618,0.5636458201918882,0.5645780777003017,0.5654481487319871,0.5635907855248603,0.563638710267634,,0.5622325010787942,0.5637956811966165,0.5635265193467549,,,0.5636969370765039,0.5630414586645813,0.5632007843905316,0.5643608626936768,0.5647409609135188,0.5649907014839728,,,0.5630250800151587,0.5629206096466803,,0.5620065462608917,,0.5610556410534605,,0.5619113505975388,0.5634567013271145,0.56289860224385,0.5636475078596312,,,0.5631669481979781,0.5641481367419632,,0.5676798322071367,,,0.5675593794268685,0.5691169426413119,,,0.5672824424780739,0.5689861178652788,0.5681352453024169,0.5688593599756536,0.5684284873936517,,0.5676628101091139,,,0.5697267845227061,0.5682718030831756,,0.5695697245303447,0.5681488520191988,,0.5665375593465471,0.5669561683340252,,0.5658648298181466,0.5672159790472721,0.5666652230580934,0.566373620857234,,,0.567926760136219,,0.8799445914957128,,,,0.8783559143204818,,,0.8821769127197154,,0.8813429741392136,,,0.8775933126845998,,,,0.8759952600831018,,,,0.8743102393695206,,0.8745633956995069,0.87562585137718,0.8734911838155424,0.8805243719622704,0.8790262162434145,,,,0.8801998704231281,0.8808677994753858,,,,0.8795590019933175,0.8797930491884629,0.8789822472034481,0.8794975685167906,,,0.8803127321816686,,0.8818986261544796,0.8802059157335005,0.8808140205946478,,,,0.8797582182461623,0.8804280447882605,,0.8813066131888855,0.8806414146478874,0.8821258855930767,0.8794522554667418,,,0.8759929142142227,0.8754466166280742,0.8772137010787956,0.8789473053878493,0.8756224523179656,0.8771316891466187,0.8771896509135002,0.8753587377447863,0.8779070889786198,,0.8756486249455699,,0.8779690317746871,,0.8792438270100739,0.8770938076063702,0.8764860152963619,,0.8764534191198582,0.8747489158100541,0.8753166421492995,0.8776378772481856,,0.8761082675951609,,0.8764276447096732,,,,0.3872534850663727,,,0.5609811742867125,0.561083346299712,0.5617851551830133,0.5614397776110825,0.3801707822707501,0.37963000728606017,0.37989178555304987,0.3792527588183974,,0.3783510488613565,0.5828069695926028,,0.8602698493542459,,0.3822538911046418,,0.3800043016325707,0.3794443288257674,,,,,0.5966066920792444,0.39553237414139164,,,0.4047893122021013,0.8611548619226317,0.6149568259673038,,0.861531217548429,,,,,0.412139565418137,0.6208998209964249,,0.8633652562801553,0.41454171924146715,0.4149235253247165,0.39197455381985097,0.3909200842872772,0.3919455143149559,0.3923684097631547,0.3917405692332609,0.3920214076680753,0.3925615990368891,0.3907183956807101,,0.39229883733674575,0.3922294593664564,0.3925202327820498,0.39278284590310053,0.3920323884350016,0.3935745195614405,0.3921631852972148,0.39270705153148916,0.3918480580517233,0.8746382567149509,0.873586419167442,0.8690002494117135,,0.873134768646664,,,0.641428467268375,0.6408816372707555,0.6427195472818945,,,0.4248444612835703,0.4245140733086593,0.8770305770982937,,,,0.3988574792188046,,0.3993352304788053,0.4005724183352715,,,0.40033511903078667,,0.3993265267102594,0.3992695184893648,0.3993070072668865,,,,0.39860020053766626,,0.39946709227198557,0.3994992312548091,0.39992626896705075,0.4000187019228408,0.40022932062557726,0.39960033883538043,0.39991605383356027,,0.4000136594172545,0.4002551648045191,,0.40048354068725317,0.4000211745276418,,0.3996194456198509,0.4001856038717471,,0.3989891054761782,0.40071038255851305,,,0.39997354530752766,0.398315112519456,0.39930010991063847,,0.4001473846150045,0.40059922322539304,0.4008361033041812,0.3995600918379399,0.3992742783979627,0.3994199942407161,,0.3999462863907498,0.4002634080470797,,,0.3992939813667376,0.39940281899724284,,,0.39969075463931647,0.39991987499272424,0.3997504049073113,0.399904594626174,0.37900540636177266,0.3797465136967124,,0.37833523723048007,0.3799507802837771,0.379763234923384,0.3801887852592195,0.38057864949791625,0.3808275134332571,0.3815514123024786,,0.3801404100881748,0.551095038617496,0.5530778295907334,,0.5505005597247782,0.5513460909346529,0.5514289469367702,0.5509002933557691,,,,0.5507010882256829,0.5511350193289034,,0.5497398391750746,0.5486469738237524,0.5506508337833955,,0.5497969526307819,0.5509558234557657,0.3801232743627893,0.38015941351326454,,,,0.3803330275150581,0.3790118330883487,,0.8874764114547771,0.8879651791328191,,,0.8912717241567092,0.886388367068209,,,,,0.8896284624136058,0.8886251133505538,0.8866718782095552,0.8904853114953157,0.5492970312143778,,0.5498620876806377,0.5476947941140328,0.5503953486495007,,,0.5510698551804509,0.5509275539081906,0.5505241359242853,,0.5498229086215374,0.5416381360550665,0.5488557926573355,0.5484455961274609,0.8899652229509862,,,0.8917582277357343,,0.8891726286494012,0.8904065265167178,0.37991539755101983,,0.37985245591526656,0.37997636918186545,0.3809690635484194,0.3807239225541957,0.3810672248861376,,,0.3804639482556106,0.37969067209942464,,0.3799798982795476,0.38037695393389853,0.38024975778333475,0.38123678584199944,,0.38006640581806933,0.3809361549614052,0.38006455759378077,0.38147644306472867,,0.37958053293600136,,,,0.3798217117049348,,0.8901587464106238,0.8896936616171428,0.8890171620493441,,0.8899808926988156,0.8917792757934815,,0.8911360165831625,0.8909476413733908,,0.8857640130568079,0.8911354712418403,0.8890238096298471,,0.8898178944315729,0.8894518446666301,,0.8901552833259928,,0.8906047937341132,,,,0.8925423883824001,0.8883169993735384,,0.38339582887602514,0.3835706945602327,0.3824644561692972,,,0.33526839574488615,0.3662341691930431,0.3626743402094355,,0.3626355148627554,,0.3586577324641512,,0.3598689640104676,,,0.35913801362423536,,0.35940827558824073,0.35880269151478167,,0.3595141304296092,0.35853832174977207,,0.3589416009103421,0.35976364552993617,,,0.3588623535896861,0.359423904879214,0.3590736071433607,,,0.35927391472295717,,,0.35933861914246945,0.35897484594618057,0.35959636908314035,0.3594155677094685,,0.359521636046984,,0.35782996887492763,,0.3579925908018617,0.3596771813806205,,0.35993573135727824,,,0.35968600149159585,0.35932461228476836,0.3594701071155566,0.359091054806751,0.36002535043121503,0.3594439417286947,,0.3587512802052897,,0.35785184911700635,0.3595532452848433,0.3596111082981114,0.35857425991233394,,,,0.3587238908915864,0.35857356294131,,,,0.35925883745080445,,0.3593948131223126,0.35967852669347566,0.3596260714757981,,,0.35922357849009895,0.3596917530254314,0.358955383973433,,0.35933457021906606,,0.3595332016398432,0.35908132229166273,,0.3584032012674954,,0.3591608511833863,0.35974031850772564,0.3597544599149683,0.35947698667454364,0.35904431251188085,0.35998973946225343,0.3590056228418754,0.3600654316812613,,0.3596656270112743,,0.3584951509313339,0.35876155844459806,,,,,0.35878350603290304,0.35898705672324027,0.35927318979145856,0.3599389122690295,0.35940066378039676,0.3592551345293702,,0.3597124956702047,0.35957064003974065,0.35911500332927565,,0.35884705472157447,0.3585186403320363,0.3591532574709037,0.35933369188186093,,,0.35821941394014967,0.35924577338907565,0.35887480019661266,,,0.3591444124801052,0.360081953509234,0.3589154480375918,0.3599465904755977,,0.3586669436899589,0.3597564625954495,0.3584933839674444,0.35889715884905904,0.3598986578238171,,0.3590524874527261,,0.35839486075639226,0.3583270184609217,0.35892322887904105,0.3591913145009198,0.35920099673266204,,0.35985062658387795,0.3584276185794542,0.3596671796705081,,0.35802967491628407,,0.3596548207814979,0.35918609484956354,,0.35930447293919365,0.3589573401215441,0.35956882681342495,0.35996513176055295,,0.3596582320002437,0.35848835001541607,,,,,0.358175424702123,0.35895059309142135,,,,0.3590565972654478,,,0.3584450450302886,0.35936973865299887,,,0.3601685980904983,,0.46613484328834703,,,0.45761161186869265,,0.33494906717815265,0.3346014594992878,0.91823110948158,
7,5,DG_10pct,20,Z15_F07,15,LL_AB,157131,165461,True,6986.369642641209,6956.2826198053845,7028.126715990268,932.0544034295953,934.9875799638311,83.21509722109907,76.93837845934023,518.1416835947394,530.3369110304691,396.13079051620736,399.20853870598125,195.5622721060562,64.1978029717623,7498.277451517468,151.78990833778,83.41311113382898,68.61415207324384,24.1827178297188,132.234839408475,140.37146926521055,,0.571723760911471,,,,0.8697557234157984,0.4424700103529156,,,0.3025088939578876,,0.3928819404741476,0.39262128308866573,0.3924241844729046,0.2805280698659152,0.27956669873048173,0.2810668313132933,0.9184284885066921,,0.919300831798522,,0.302683707899928,,0.231802174291731,0.23213351447397984,0.23216759269562967,0.00010698109402739555,,,0.00010678631405304143,0.00010670645124110627,0.00010701568734414322,,,0.00010673296085400062,,0.3027704158817721,,,0.30378320538570786,,,0.30473839695347615,0.3048308171333305,0.3040404553808574,0.30428698076420063,0.3052113378662009,0.3047664974911525,0.3050031120511162,,0.30347875464436413,0.3033669309412639,,,0.30300799196389056,0.3040960030042422,0.30358178470537345,0.41258064770029973,0.41406853688263623,,0.9028247831738299,0.41783464328791015,0.4174892902250735,,0.41957324827621884,0.4180869784145488,,,,0.4189204013520656,,0.41788746007475436,,0.4184379398732215,0.4189862498354786,0.4181000977879087,0.4178030851726675,0.41769790157508496,,0.4195778768392579,,,0.4194676309165802,,0.4185019488028549,0.30514658306439163,0.30429191811587286,0.303550445188167,,0.31997912177154847,0.31907620556563604,,0.3198672021813493,0.31965934365186327,,0.5303434102259156,0.5318761410758411,,0.5304250695618486,,0.5303438984132979,,0.5302902137150236,,0.5306247473376016,,,,,0.5312010695691016,0.5308416966989833,0.5308055676513447,0.5298288088267716,0.5304402751608046,,0.5307194300762376,,0.531240801719865,,0.529047820010539,0.5320811938453835,,,,0.5292294290899143,,0.5304107110758471,0.52950628873573,0.5295835235489565,0.5315166637658181,0.5308304383910161,,0.5296035817332793,0.5314515461058172,0.5301039880753995,,0.5298809987332408,0.5309017079607973,,,0.8467129321918193,0.8457490495175124,0.8442219290588255,0.8456575263299014,0.8429806387099618,0.8447496730770635,0.8454793980837275,0.844027566423601,0.8450728737095186,0.845801186949809,,0.8461330979813277,0.8490328936730128,0.8463176292663981,,,0.8484499756444757,0.84418804809882,,0.8456682030809256,0.8419448092322797,,,0.8444450793480397,0.8420988486229642,0.8448424104830374,0.8424218687993361,,0.8430090293952397,,0.8447450111532777,0.845847564809988,0.8419820167187062,,,0.8450371835179259,0.8462847208204658,,,0.845067124809353,0.8452668801603577,0.8447462417402488,0.8461873077870494,0.34614387651170214,,0.3467497676197053,0.346849559506868,0.34571625609790774,0.346374468671793,0.345619790318012,0.34728380952718796,0.34719845873825306,,0.346204740019152,0.3463846832190385,,,,,,,,,,0.34670421601163837,,0.34572334649288033,0.34660944795324905,0.3468322616374108,0.34784998913858695,,0.3459623271124187,,0.3467425694171733,,0.3461177620822709,0.34632993288759006,0.34557640509344084,,0.34698891032995366,0.3456142816106483,0.346000048305034,,,0.3468841447264847,,0.34634320264561824,0.34622707547757914,,,0.34615526876337716,,0.3462931188848085,0.34637212482857377,0.3459162896561637,,,0.3174249287553386,0.3172023312011316,,0.5271159762925679,,0.3205645326121784,0.3198603079898464,0.3195784899498866,,,,0.5089996170941742,0.5114772499574082,0.5097626627074101,0.5110454414167152,0.5106116417667846,0.5106314217457845,0.5083945478623525,0.5098999507525631,,,0.5096701727311215,0.5082663035917067,0.5092523859618365,,0.5103070352239004,,,,0.5108227998191399,,,0.508678341490095,,,0.5119252491466854,0.5093086640212606,,0.5095416138681585,,0.5083902192609873,0.5095291654904712,,,,0.5075197328139307,0.5101247309545665,0.510210664202516,,0.5090790006435718,,0.5144381269631364,,0.5136852298026781,,,0.5127653165586743,0.5129797391602847,,0.5132589412595527,0.514285168816076,0.5143317955990243,,0.5146385412708625,0.5145999125010381,0.5147431534459941,0.515347473173338,,0.5137529882425926,0.5149512218997752,0.5149004675170029,0.5129257041914226,,,,,0.5137518918059583,0.5143690866289282,0.5134444194499056,0.5141231331355635,0.5148401802977141,0.51411863175102,0.8661468369689362,,0.8629979656786112,,,0.863786654789108,0.864907666859133,,0.864135903019186,,0.8681125157626055,,0.8595239737310322,0.8606776402408906,0.8615312391498665,,,0.8609600084815925,,0.8605204557583799,0.8623955771179462,0.8610061347564637,,0.8601014499763973,0.8611920810901187,0.8580461631282467,0.8647266002360033,0.8633017227530095,,,0.8650247537473609,,,,,0.8649947223215072,0.8661270756310414,0.8664837700773377,0.8664166393364241,0.8632529323827969,0.8653154705832462,0.8654605572211427,0.8666265763115282,0.866922372733555,,0.8655991978784501,0.8659431265044154,,,,,,,0.8672449734935825,0.867546612281666,0.8661906340803661,0.8635438035493924,0.8612975591462829,,0.8586915153027108,,0.8582024425892906,,0.8601463296426853,,,0.8615921932275493,0.8624744969780375,0.8606452723513796,0.858691946513342,0.8585610682770602,,0.859394289461249,0.8619599553863803,,,0.8603127092481028,,,0.859110214820341,,,0.8638181743161811,,0.8625535837536765,0.8625585158122825,0.33859970439116993,0.33761919119062095,0.33878309899285497,0.3384644955231567,0.5086180932647464,0.50893413179709,0.5083595387348165,,,0.3173953386697474,0.31860675343702527,0.31923503400722075,,0.3186977268603087,,,0.34669685593322935,,0.3211534672192152,,0.3210631652318036,,,0.3186869365575564,0.3158364035034906,0.315041477268864,0.3157803077698011,,0.3538287439576929,,0.5602230024156346,0.3624269862200432,0.8371064079551568,,,0.8389832215142414,0.36957432751246666,,,,0.3692074865379527,0.570904528322337,,0.8433323834213945,,0.37387474286974504,,,0.3300345650630345,,0.3301970921918316,0.32884838295679414,,,,0.3302569169709046,,0.3298825180589364,,0.33026528040960096,0.3297532890238256,0.32905632844241656,0.32883060941595027,0.32933764754605166,0.8508647049593085,0.850161261456559,0.8496882297380548,,,0.8453939578618979,0.5903121266915436,,0.5926601488815701,0.5907681761955642,0.38211730392777854,,0.38339259217960153,,0.8533895130201687,0.8520604555839677,0.8534875897800911,,,0.33622528371941973,,0.3359269437044278,,,,0.33599255815280715,,0.335120196597982,0.33614882173424615,0.33631474450296983,,0.3355185265689529,0.3361567036567617,,,,0.3360795564686468,0.3353672781166623,0.336550317587068,0.3363527191455051,,0.3360435407570651,0.33546575849273663,,0.33651308294078525,0.3360876213223325,0.3353745219438012,0.3346691431764924,0.33595966413932554,0.33651161157347564,0.3355296300643797,0.3359345190568582,,,,0.33609870926672064,0.33590295392978503,,0.3369363825703456,,0.3359563319340515,,0.33540580935826825,,,,,0.3360708185744251,0.33525280126835,0.3354855177002992,0.3357053296645169,,,0.33643812294216957,,,0.3356471418790574,0.33544163209998706,0.3323147406221612,0.3319514652294185,0.3314453267231001,0.33198818493724996,,,0.3320371529209101,0.33191710591629,,0.3320638455727153,0.33205267664135557,,,,0.4938918040241784,,0.49520575780979964,0.49507686385199917,0.49485246357752893,,0.495313115795292,0.4937591818705628,0.49561403997658726,,0.49531097969329557,,,,0.4947774987020443,,0.49376093147225647,,,0.33237525324246425,0.3324707450431386,0.33226297965464463,,0.3315807867683714,,0.8769200607130236,0.875435569970984,0.8766008897497465,,0.8763355705204952,0.8770900304526583,0.8734575450866872,0.87445367112149,,0.8741290515316863,,0.8774012887430576,0.8771844267817613,0.8765513218678717,0.49428528126859067,,0.4938747808361724,,,0.49636534486049294,0.4951651317333139,0.49438421665332694,,,,,0.48914024230817743,,0.4929057109013717,,,0.8770220289304883,0.8778690448013377,0.8769942934019752,0.8779192865432784,,0.33180766364983416,0.33077569799245665,0.33101262106425494,,,0.3318576227394897,,0.3323105129759776,0.33245852847792695,,,0.33203701957984155,0.33143065552716483,0.33253880815254094,0.3320802007691607,,,0.3322806884101527,,0.3314192827404095,,0.33106289389844523,0.33219899857300356,0.33152585960093556,0.33157251110542485,0.33209325922488314,0.3320781689042367,,0.8781494165729126,,0.8774600112614811,,,0.8810314922063414,0.8776971922547495,0.8772236059309468,,0.87681682157342,0.877425346147956,0.8764842287621508,,,0.8795223063464601,0.875393781232299,0.876172705811946,0.8771282032871707,0.8757936685178397,0.8774346129326593,0.8769819996759021,0.8748429130682114,0.8749683691757514,0.8757844084223446,,,0.3227414390496039,,,,0.32230453889035043,0.28184929473320147,0.3169858795753295,,0.3038582118707261,,,0.30171092969408597,0.30252782703380476,0.30092155623532596,0.3005029431702871,0.30168763338851895,0.30123927893802993,0.30191921325263094,,0.30164061769726824,0.3013224996376322,0.30122361126732633,,,0.30139410805901007,,0.3011349687419621,0.30124519383173365,0.3010299730011583,,,,0.30095921450263124,,0.30188779732503235,0.301412571727561,,0.30177898106970197,0.3017303196015568,0.3018752852577702,,,0.30066254856162006,,,0.30129900855171354,0.301731457565533,0.3016640813489659,0.30079182962179024,0.30180672093807376,0.3016946160766009,0.30154283658053893,0.30149300660483774,0.30158905329514274,0.30102981300673193,,0.3008556989219197,0.3013688883029761,,0.3020882070478469,0.30188674881199085,0.3012087299946088,0.30151877554257,0.3013060934432099,,,,,0.3014378669697929,,0.3012958932739795,,0.3005173849322201,,0.30146215616874805,0.30156798878862906,0.30105308814670656,0.30174496990615085,,,0.3018048691722334,0.30150087316120666,0.3011855333984394,0.30130261009712106,0.3007707000678323,0.3016899935928801,0.3002719255915327,,0.30136733702799645,,,0.3013782448536208,,0.301262587494464,,0.30154305101503664,0.3014758268189997,,,0.30131359796528695,0.30104389942658644,0.3012238966162605,0.30158711407655525,,0.30151582166067886,0.301351928694353,0.302084517472469,0.300595020921745,,0.3009617286421733,0.30130234593818955,,0.30094971444817675,0.3020715241958176,0.3015852279523085,0.30192802492485676,,0.30198951604545643,0.30078197407820667,,,,0.3016948833542031,,,0.30147800883412496,0.3010828302353457,,,0.3008622925205262,0.30186379397068225,,0.30146568726134154,0.30160363136610785,0.30188228656906607,,,,0.3017707914449257,0.3023323944646657,0.30177692289685787,,,,0.3013507018278452,,0.30095346312774995,0.30156211444244896,,0.30124836696702734,,0.3017177129535174,,0.3009028905772998,0.30149487677452685,,,0.30071464716401414,0.3019549685947808,,0.30135286065646466,0.30248474508938333,0.30192437102006875,,,0.30176483702018164,0.30133600604838107,,,0.30123335734007234,0.300753831164298,,,0.30202115320455397,,0.3016133733121446,0.30155892413580265,0.3011250256876531,,0.30207575187764446,,0.30352627427725953,,0.28217261059572457,0.9122234607270456,,0.39308652108154174,0.28229206393979817,0.28217042225895095,0.9174406771298566,
7,5,DG_10pct,20,Z15_F08,15,LL_AB,157129,165463,True,6510.083072108565,6516.393309868926,6509.111290663945,927.0520078576407,932.7046155724521,80.35280188990886,74.01407582957694,532.0605132085695,548.4286694088419,407.27495881792754,413.06143509379297,202.11097179057208,67.0148863704059,6957.014938289257,141.35464166676658,81.1130614598988,65.02342580401871,21.130382798492906,129.36849621754646,143.26420425813126,0.6006558671233726,0.600463566451886,0.5987484604623623,,,,,,0.3511247156940454,0.35075035624386697,,0.44608505278597793,,,0.32412487272465407,0.32425695005471666,0.32488712864227065,,,,0.35214089435986856,,,,0.2848839002451895,0.28413881595104146,0.00010000504610078826,0.00010013306364013168,,,0.00010006056065388419,,,0.00010025204018185035,,,,0.3504916236957528,0.3513403646138705,0.35278256449164125,0.35180821161850434,,,0.35242915374377043,,,0.352737473450299,0.35169561449062425,,0.35278264432760875,0.35219826029098716,,,0.35183657531857104,0.3521159955883083,,0.35313712811660974,,,0.32598890878594533,,,0.4700472401547999,0.4701427012019192,0.4685732044624715,,,,,0.4695019867321576,,0.46876473181304174,,0.4695674478375231,,0.469254771651909,,,,0.47144902725602916,0.46953057108047197,0.4700664664436959,,,0.4692568492577271,0.3533913121523196,,0.3531785774269337,,0.37104545836149044,,0.37124566219325167,,,,0.572656822330483,0.5737646260099749,0.5742146677059131,0.5737602631329394,,0.5722522067397222,0.5706608369027938,0.5712116648049131,0.5740950465886431,,0.5723578553245514,,0.5736913776293502,0.5725385520981612,,0.5736615342146648,0.5735208913218088,0.5730296726260242,0.5729059553873657,,,,,,,,,0.5735366226022874,,,0.5730131436753835,0.5722676024825064,,0.573757104134413,,,0.5733404296622714,,0.5739753815698542,,0.5729197460455578,,,0.8610172069840945,0.8635192051966634,0.860020657878774,0.8609305681813446,0.8606285744174147,,0.8605932699308481,0.8621090275811591,0.8603272545087705,0.8607396573941475,0.8613733846172476,,,,0.8606463899457731,0.860533285632653,,,,0.8626714333562524,0.8600956087445526,,0.8635426567855622,,,,0.8626624461103747,0.859890787012531,,,0.8619606324003073,,,,0.8607678183281666,0.8597963236892683,,,0.8614583377684836,,0.8594852048916789,0.8600839076836649,,,0.8628411610564328,,0.3825586723128226,,,0.3828261158078867,,,0.3839949334305976,,,,,,,,0.3837248164701271,,0.38293718423527406,0.38376567801817035,0.38514911762604515,,0.3838339700574259,,0.3833214986282425,,0.3823133495006339,0.38371028919883476,,0.3836714262193485,,,0.3839934028058888,0.38294301893472393,0.3839958869321308,0.3827730367270822,0.38401814831266756,0.38338401273214073,,0.38304186064620427,0.38286041267429854,,,0.38188933760113214,0.3838018293933706,,0.38312947971004274,,,,0.38266696549801305,0.3830431109780853,0.38261747288929665,,,0.36759331241213794,0.3682824024697391,,,0.370786051719193,,,,0.3713687148792286,0.37134043904448055,0.553990765571049,0.5549922956134861,0.5556982924101616,0.5545706013984596,,,,,,,0.5542284268426017,0.5552862231104342,,0.554172229910258,0.5551577899896954,0.5554718474327837,0.5563480728718595,0.5552091769562906,,0.555414874377587,0.5543192290808876,0.5538673737070334,,,,,0.5534574638124506,,,,,,,0.5538168266462875,0.5555219166100933,0.5556308058766745,0.5561271448397247,0.5545602929040881,0.5530823553619784,,0.5583425071894594,,,0.5582870250769666,0.5590507294972099,,0.558508748775554,0.5581689163930713,,,,,0.5592219286364731,0.5569547724538486,0.5610372496622007,0.5600666817277463,,,,0.5582918471375058,,,,,0.5607628378197979,,,,,,0.5595185405129873,,,0.876925378951932,0.8766365408467974,,,0.8793010781157273,0.8758793491806776,0.8775592353390144,0.8782290285369005,0.8783150053546972,0.8792596359540824,0.8729478867032596,0.8747236879036699,,0.8716784318206761,0.8712980066375554,0.8722052251295512,0.8706204809269397,,,,,0.8709125611135565,,0.8720685923654068,,0.8759916081554977,0.876012113664814,0.8767169578694958,0.875725873206631,0.8793938621038565,0.8787513288011366,0.8750665463840112,0.878874872939237,,0.8731122879733477,0.8791378362806962,0.8778001140248374,0.8751692152675056,0.8779493888482895,0.8797021220576655,0.8773973631979284,,0.8778929350205691,0.8788454236218078,0.8775887393321907,,0.879348038762554,0.8768803287265474,0.8786517582231239,,0.8761643423231268,,0.8769635965428194,,0.8778412192972213,0.8760597282696856,0.8737022577288809,,0.8761459763749765,,,,0.8745075125878375,0.8719934641769466,,,,0.8729871718228234,0.8714520088861941,,0.8749816102556898,,0.873633747429286,,0.8721477348960982,,,0.8728613081408774,0.8725167003116793,0.8731237859465445,,0.8715461554657843,0.8726617710760161,,0.8718185785647412,0.3772066445527354,0.3772737506924931,0.37694796840360484,0.37666977829408327,,,0.5529146913144428,0.5532566898453646,0.5522961432633214,0.3696747027924581,0.36967642748587753,,0.3688091318343697,,0.36846363022741296,0.5730860812184762,0.383336480053192,0.8608455742036055,0.3719524146033524,,0.37236059626624635,0.36971332050037103,0.36969651337725207,,0.3649326742016301,0.36593495113256813,0.366094424132751,0.5891479012116749,0.3887082329511762,0.8484617427731412,,0.39733318259013317,,0.6065144288565281,0.40085813292898576,,0.40379921533348273,,0.40397934826445636,0.4043360819056585,0.40264089479625637,,0.40234390399199865,,0.4077055303010909,0.4075401186782782,,0.3814599245395516,0.38291734759356166,,0.3814694336923999,0.3817338534877239,0.38136369065734427,,0.3805420779443403,,0.383296995275178,0.3820662187900466,,,0.38176310859199547,,0.3822152863995095,0.38265375613599095,0.869330363173249,0.8674366298865154,0.8698419464853272,0.8680985728578873,,,0.6342472111832671,0.6337932781126442,,0.6339293983337108,0.41703932024221557,0.4184380174984226,0.41746546516515554,0.4181996823692319,,0.8686337787633532,0.8694211414736941,,,0.38768570301999783,,0.38917216011337924,0.39086417405509827,0.3897723288333775,,0.3891266067241882,0.3892589956049075,,,0.38956037214108963,0.38865050243132526,0.3897569681147566,0.38966473161246235,0.38975917013152817,0.3888771625219372,0.3895940742007903,0.3890648365025822,0.3900108686351914,0.39079670644302866,,,,,,,0.3908244558798638,0.38957528158016563,0.389842548503581,0.38950954909362817,0.3898087219552712,0.38954519811773564,0.38939228710519397,,0.38924705281170513,0.389457919761472,,0.39046569106340234,0.39024811132468384,,,0.3895557850026167,0.3899326910855662,0.38935946946118016,0.39030843531330855,,0.3886657212852786,,0.3888777891083931,0.38860708346180123,,,0.3893237765022686,,0.38924699317060685,0.3891072033893726,,0.3897024411379696,0.38925262863890225,,0.3717040553656998,,0.37143904196991623,0.3709077905171033,0.3712415646458489,,0.37162134166811245,,0.3699213607229682,0.37216496164085944,0.3715694737043056,0.5413867220206363,0.5433132467942658,,0.5429557938540578,0.5407429497320856,0.5409808573140432,0.5407667400471825,0.5423360192976087,0.5413686759074064,0.5420857467839953,,0.5413428007068227,,0.5406525101860311,0.5405624970446383,0.5416544344085639,,,,0.3739579789209851,,0.37327247698536997,0.37232452625212753,0.37287544174376847,,,,,0.8872126980364996,0.8857801674987197,,0.8880063907214762,0.8872813259904622,0.8853842402561228,,0.8868707912096265,,,,0.8861390340417375,0.8866300805142189,0.5416053012025684,0.5401684693753962,0.5414717421849625,0.5407886153767473,0.5412857739581799,0.5411666866532153,,,0.5402475564043305,,,,0.5332290099361682,,0.5381044904820037,0.8874005187895008,0.8881789556368873,0.8873160732428573,0.8859444002524092,0.8877100955066826,0.8876766914418982,,,,,0.37133700810891646,,0.371636310030023,0.3719321561776594,,,0.37147306258605045,0.3720119425513124,0.37101802381111093,,0.37225594264610895,,0.3719759480021872,,,0.37167634783353004,0.37194498601195314,0.3715277649404032,,0.37205348588220705,0.3719763510966874,0.3720849802228396,0.37266058425484583,0.37182475470703213,,0.8883652781118209,,,,0.8888188708616614,,0.8888859210240523,,,0.8864231416583775,0.885853314344272,0.8858245121868842,,,0.8870485330475139,,0.8819021396690274,0.8874929926784633,0.885970143962062,0.8871718121111826,,0.8851689097171497,0.8879286636701452,0.8893674348243743,0.8878391823533525,,0.37443983429022043,,0.37284406901561923,,0.37380902087049955,0.3265079087578413,0.3582689148567632,0.3521212623002719,0.35216172797588974,,0.6229407002113123,0.35032257382513377,0.349892515661591,0.34982715885321314,,0.3497879333239454,0.35029166463352235,0.3499883825518149,0.3485740566134485,0.35025453935876155,0.3493221841089666,0.3493616653565483,0.34999480889537843,0.3493971081125287,0.3502228507776386,0.35002705640215026,,,,,,,,,,0.34926889377912085,0.3492280075032015,,0.34978468075208446,,,0.3499388928664804,,,0.34991717288103585,0.34948716956898923,,0.3505129528241897,0.35057171288474376,0.35171947968693207,,0.34952097758212053,0.34953748495940173,0.3505404645926608,0.34850203428297755,0.350335179286773,,,0.34970508625441005,,,0.349605240711252,,0.3496720480005901,0.34991708547862443,0.3508357119690099,0.34920526362483323,,,,0.3502952864950849,,,0.34988513466782467,0.3501350027331381,0.3506407907688578,,0.3503869442299664,0.35057919146048966,,,0.34984706599362664,,,,0.3493862361105312,,0.34960964116128473,,,0.3491813312362844,0.3495706408046235,,,0.34771808355831685,0.3497214951901892,0.34987266121870614,,0.35007064921031755,,,0.349870421452493,,,0.3498926210517365,0.3505457400982024,,0.3494115461553334,0.34903140162433743,,,,0.34967741557063203,0.3486455755563516,0.349870884327948,,,0.35013571703499524,0.34975402030875224,,0.34967014574024574,,,0.349512056743718,0.35012911118663337,,0.35037901665550464,0.34950710767918436,,0.34897124906250976,,0.3497890646150907,0.34957627040502637,,,0.34960976942323324,,,0.34964562227367824,0.34983273589733804,0.35064178332565676,0.3495423663879519,,,0.35000189651212016,0.3501980418949108,0.3493760793157804,,0.34958054858611715,0.3506689562012685,0.348352274854143,0.3510404431355848,0.35058163048557545,0.3500447921762878,0.3493558677293603,0.34975201462792227,,0.3502850937942037,,,,0.3497054813882316,0.34984127123191344,0.3500788821179304,0.34919514521403705,0.35000308808227076,,0.34988703746148414,,,0.3503507903441122,,,0.3486204453790048,0.35012886067009935,0.3502086406129053,0.3493921124328305,,0.3491438988130605,0.3522335730489789,0.3504833105034725,,,0.3260394153773984,0.9111271325119795,,,0.3256501837315816,0.32559599332505534,,0.917725307060837
7,5,DG_10pct,20,Z15_F09,15,3PH,157130,165465,True,6892.182148969419,6849.730525501816,6898.799568948805,468.67796427105674,472.87419416754386,29.870472164469906,30.397623197330347,282.6646981427963,286.3801425338816,215.62610005518022,214.93981409635953,107.03905255415538,35.39153591144807,7174.907357282362,27.68621857839389,30.26664981767671,27.176347477617078,10.396180852200725,55.008724038925884,71.4160641419006,0.6078755138091118,0.6067143060610375,0.6087836327638245,0.6111283042753943,0.6064924391543188,0.6070454347642221,,0.3603109210717186,0.35981063309611344,,,0.36307578884004343,,0.36342941755677627,,,,,0.36212748235480974,,,,0.36083470594529093,0.295496931319589,0.29471484539236875,0.29556216528284845,0.014030747006561595,0.014030373321454159,0.014023257521846102,,9.858168599788515e-05,9.901290593678556e-05,,,9.866338477925826e-05,,0.35628179592609427,0.35506779083840745,0.3557986660876741,0.3635584162470165,0.3635667037913284,,,,0.36422580756323547,,,,0.36467563392001756,,,0.36394832574919805,0.36485530076162664,0.36302460545450976,0.36427252593714426,,0.36482559391956704,0.3641128795057391,,0.3653759016514415,0.36468287443337527,,0.3654377668991819,0.3657528849923499,,0.36584500050268054,0.36544177135312655,0.3657963689208829,0.36512157533466383,0.36639195177089806,0.36540753327871317,0.36654630378375175,,,0.3667594455867478,0.36593806716073657,,0.3661152114799761,0.36565502959556917,,0.3655581900318927,0.36588923113717525,0.3660488430064845,0.3657776229858054,0.3661137252096897,0.3630867634117969,0.36326550226468546,0.36321576197954386,0.3832010302137343,,,,,,0.38030307594217716,0.38485940669233115,,0.3846442682241937,0.38593110579191764,0.38583707671741546,0.384988717260281,,0.3847708207994843,,0.38462714965362965,,,0.38556201327379414,,,0.3849948056264196,,0.38514553234969956,0.38484866892187036,0.38508296909307993,,0.3850539801425732,,0.3848102048366013,,0.38487340319355234,0.38429779614749116,,0.38468076742132623,0.3855523565766615,0.38542416228709375,0.38523219278627086,,0.38556265502075887,,0.38506426652149656,0.3849816404365425,,0.38353175275918205,0.38399246579612073,0.3845330784377859,0.38510887278721967,0.38499011712524805,0.3858447476110174,,0.3853636110315184,0.3844544177179038,,0.38622017021606014,,0.3849394866780229,0.38540272060306047,0.38509843378894815,,0.3853963084945588,0.38688005505641593,0.38531488537916464,0.38528860198686216,,0.3853538018367128,,0.3859286678328435,0.38628807648655017,,0.3843842406381527,0.3860619733535217,0.38449205443043394,0.3842975856310523,0.38503626395870677,0.3849152839535942,0.3841220746399782,0.3848576718016434,0.38557563877113,0.3858560204696242,,0.38473932698946006,0.38434751035032455,,0.38501417375291325,0.385087297988525,,0.3845327039096139,,,0.38554238379469213,0.38465424480050686,0.3846936098500244,0.38499808889405324,0.3855986856782332,0.3846887216491202,0.3861150400273061,0.3861316813017661,0.38505610006148916,0.385725310731801,0.38649640764219356,0.38589451586605145,0.3862543851593356,0.3856137130721149,0.3859209030722955,0.38578874623572523,0.3858083511154876,0.38536839067845086,0.386143759934213,0.3857821729102122,,,,0.38731480395631857,0.38633498923187043,0.3870275841109857,0.3865757357924311,,,,,0.3854401439246094,,0.38553744855173366,0.3856095862009709,0.3864183406407709,0.38478586116693214,,,0.3860865378498504,0.3863417566430868,,0.38599365733026214,0.3857662249025415,0.38681249381584565,0.3858298919046978,0.38616071156168286,0.3863529789251955,,,,,,0.3842860850743557,0.3847852311531913,0.3854604584658096,,0.37166118277170457,0.37270786376057347,0.37112062357055114,,,0.382267944085271,,,0.38155749275481005,0.3822271488633447,,0.38464373949589714,,,,0.38509531559036103,0.38531154584016936,0.38487467674017484,0.3867543246282367,0.384671653181624,0.3846494757611603,,,0.3855969301156174,0.3847432519747226,0.3849801413269228,0.38490129323628314,0.3856817473756035,,0.38454584089641564,,0.3839469614283094,,,,,,,,,0.3849302770433965,0.3831692712501177,,,0.3830338235876031,,,,0.3846013801607636,,,0.3849547598200639,0.38529954548792056,0.3834739108819402,0.384355102356664,0.3844267482751919,0.3841918314523181,0.38474657859165307,0.38429456941790585,0.3860154479768115,,,0.38386905939935334,0.3849012265954794,,0.38584671432529355,0.38446040141815896,,0.385541243665925,,,0.38528950200648326,,0.3835927759032986,0.3848436148906344,,0.3845038724974199,0.38468150147062585,0.38350713008649356,0.3848394133110076,0.38361572004220695,0.38521325429515957,,0.3848000768493267,0.3840767797715293,0.38598462109889786,0.3841819636620569,0.38502760214715764,0.3836713118909651,0.3841143335235312,0.3847764266154891,,,,0.3843082365047853,0.38403862364860525,,0.38307451112369545,0.38442087653375306,0.38314608826803986,0.3838078090011501,0.3827242232377987,0.38466274366333314,0.38525669718541566,,,0.38448448291676407,,,,0.3829037969882319,0.3834513718838682,0.3832251154822724,,0.3845487891463853,0.38371168064620975,0.3839432385620782,,0.38246236510499254,0.38325396527198397,0.3851242572676229,,,0.3824849082922676,,,,,0.3836365743457257,0.383737310919152,,,0.38509170878883386,0.38593737383468985,,,0.38491721377711463,0.3844161480830134,0.3848040032231898,0.3844819675327719,,0.3839277683807485,,,0.38385737204130904,0.38503188614590667,0.38303795779492317,0.38389798198534714,,0.38366461439206445,,0.38302161473713137,0.3845464774588425,0.38401048987086395,0.384247506214145,0.3832966712868138,,0.3846169055980585,0.3847991020770297,0.38294946398597696,,0.3842023102734577,,0.38476895370574615,0.3842871228155661,,,0.3846364277470007,,0.38502475570403866,0.3850865076351205,0.38602470760809315,0.38563664646389567,,0.3847691616671502,0.38450577931681545,0.38467019131339464,0.38351276656838856,0.3765730479842353,0.3763827585546172,0.378173126553408,0.37708225997678324,,,0.38513493906824414,,0.3850117254132561,,,,0.37338508736332643,0.37323468968370593,0.3732371743750039,0.36365358196226033,0.3633153387125651,,0.38757726464855696,0.3876730358245629,0.38527375523919744,,,0.39267227395834897,0.3948172289024773,0.3962070796674132,,,0.3960298343291483,0.3964983282322523,0.39571465170956793,0.3957712093926586,0.39513945120807176,,0.39483903256008157,0.39861939685544917,,0.39556189168507033,,0.39555673069525693,,,0.39463658247993033,0.39627476683934676,0.39485413704656946,0.39562267434544285,0.39455529428438224,0.3948720437943973,0.3950839174307414,0.3953122268332155,0.39532577506610717,0.3948667902382029,,0.39488208826507915,,,,0.4025484507168053,0.4029056391720979,0.4027631853634847,,0.4041216932871971,,,0.4045558222329481,,0.4048955869707898,0.40349759338331975,0.4053876191802585,0.4044600999577048,,0.4043204594793491,0.4041571911461883,0.4016597441687662,0.40287829851795415,,,0.40184161930122714,,,,,0.4031919228283888,,0.40344423136336877,,,0.40435200345981615,0.4030837285836182,0.4030676356792895,,0.4017262094815284,0.4031491482186489,0.40257017093262765,,,0.4038777627870393,,0.4022443222995013,,0.403166097121951,0.4032379918042303,0.40199044280485513,0.4020171288816746,,0.4017281464241594,0.4024721421861004,0.40298434730412785,,0.40403496486475077,0.40239809275318444,,0.402533837343036,0.4037375802428398,0.4028535492399867,,,,0.4020487362042584,,,,0.4033165303914261,,0.40424522595900264,,,0.40328722340922873,0.40248404535834287,,,0.4029201538420341,,0.38531540720152696,0.38382399464852923,0.38519538959702554,0.3833087774648455,0.38337430808784945,,0.3841186300180972,0.38462480002386384,,0.3852797916044728,0.3841736375841617,,,0.38372240148286063,0.38490391522662376,0.38431399959853824,0.3842412200625394,0.3845712332047289,0.3841829210195756,0.3843940919743094,,,0.38417508658307503,0.38216149576892605,0.38374149536203334,,0.3842086731768362,,,,,0.38465696129446875,0.3837609530876432,0.38457313612194843,,0.3848658908494413,0.3847028449799449,0.38610300926530966,0.3851271005389013,0.3821797638673489,0.38196213783348776,,0.38309401132947013,,0.3818964249246408,,0.38278865745047247,0.38424744873046374,0.38296080781251285,,0.3828629605447609,0.3841806584710392,0.3822823183317537,0.3844200045854536,0.38376350088060435,0.3831923555646711,,0.3835920024084741,,0.38569103065073673,,,,0.38347082365848484,,,,,,0.38378122293882727,,0.38348003565062844,0.38311436848829966,0.3828170323221694,0.3822462723756713,,0.3843549466487953,,0.38384211251529854,0.3840534146242813,0.38357874844124934,0.3856565255054911,,0.3847908056842325,0.38493075890064654,,0.3839867303882896,,,0.3841791877250601,0.38468318553652936,0.3830230313046644,0.3856639575527343,0.3849386837409154,,0.3838229642563768,0.38466681202667596,,0.3844051812942421,0.3855331343696401,,,0.3830516423716323,,,0.38334003955946727,,0.38187511385439243,,0.38437654393104775,0.3832148788566074,0.3824150383218242,,,,0.3836127068325459,0.3841925741764178,0.3832442857317048,,0.38276072643672476,0.3830520707414563,,0.3835038148604878,0.3826327513850336,0.38314544877071055,0.3830063303361427,,0.38318928671277164,,0.3856397527575189,0.38556051557586135,0.3849762693799227,,0.3857582125051756,0.36560675741127874,0.39498723499747423,,,0.3632471387575155,,0.3614308214188309,0.36178985625887333,,,0.3610337969449224,,0.36121736304234275,0.3616563110196688,,0.3617467000463912,0.3612054774938819,,0.36073559971365876,0.36142975083227974,,,0.3610030120293879,,0.36185361968258856,,,,0.3611990937236541,0.36024164680112764,,,,,0.36205422680409505,,,0.362050764565874,0.3622690128784396,,0.3619133730098027,0.36131540863936334,0.3619912433598536,0.36221044107699774,0.36112881712886996,0.36072895266471466,,,0.3613358962103735,,,0.3619124500664599,0.3600255018494187,0.3617625537437241,0.36122914738256917,0.3613877527374068,0.36248660870989546,0.361573645519264,0.3609613107483729,0.36218294108906307,0.361412450870465,,0.36255230858669535,,0.36162971737582356,0.3621956914438876,,,0.3615016194284125,0.36129815092240775,0.3612374414891688,0.3621867106649955,0.36076484942981807,,,0.3615279554894676,,,0.3610520550054743,0.3617211767658739,0.36270208061048304,0.3619819986206082,0.3605841762321979,0.3610356372006109,0.36120823792089973,0.36104751279209807,,,,0.36142334153709005,,0.3601984497628089,,,,0.3610979088796697,0.3611187584205081,0.3606135545103672,0.3601448864487618,0.3610922672676744,0.3626664717681745,,0.3614703185403728,0.3623742830746695,,0.360311615795506,0.36195084770501174,0.362002127009816,,,,0.36169836162285984,0.3615331632306624,0.361645721361317,,,0.3613473040985531,0.3618324627537482,,0.3616867335353067,0.36218553052546537,,0.36214458129477756,0.36112951952168737,0.36125619338679055,0.36121724155632623,,0.36119088500294294,,,,,0.3629985937162789,0.36179953220209154,,0.36167894030117587,,0.3612000805586144,,0.3620576464018868,0.3616102791443228,0.35989094092566576,0.36199533201844397,0.3618188819822651,,0.36120688807792106,,,0.3616097451359597,0.36198369199078473,0.3621970410727394,0.3621413999655051,0.36193240328060655,0.36151851820812353,0.36119850668326564,0.36151150970431806,0.36121389990517233,0.36199772582262657,,0.3614538488728589,,0.3613998859608739,0.36135279063020587,0.3623871846525178,0.36204240605325594,,,,0.36050195195422935,,0.36173927314800636,,,,0.3583686016618661,,0.3585333602738479,0.3652986229556527,,,,0.36316663318181275,,,0.3634330999561387,
7,5,DG_10pct,20,Z15_F10,15,3PH,157130,165465,True,6850.487271092876,6823.498006603339,6878.811006142777,471.56352820412167,472.6130413202705,29.957638276804545,30.540815913162977,283.44247225712314,285.6472304402813,216.10534151121996,216.16055581712592,107.56210985569113,35.33103701862129,7212.43027860877,27.81542704445576,30.400418645675614,27.22738150353186,10.350240164634494,54.91473822156889,71.7654811122842,0.6085947527604539,0.6080270156900374,0.6059675308866944,,0.6099731914934301,,,0.35996530949728733,,,,0.3643942203685749,0.3633151033805248,,,0.3643248674337569,,0.36311121573742916,0.3640959006055474,0.3625330700396801,0.3601194135010794,0.3599158976840572,0.36140347866902195,0.2947600515751375,,,0.014010017739036965,0.013990274939496413,0.013965971445797722,,,9.878689432103296e-05,,9.893127345168223e-05,9.848015511832298e-05,0.364899061983808,,0.35563432424408714,0.3560210368552365,0.36313976472502874,0.362837748580314,0.3627076844650186,,0.3646382975541529,0.36422864240736524,,0.36411862305441933,0.364796523468098,,0.36323516578100895,0.36451666870422833,0.3638105290507405,,,0.36444827404616814,0.36380404522309995,,,0.36468580010849844,0.3647685468255391,,0.3652882825591667,0.36516187672747846,,,0.3663961882102385,,0.3662497735278108,,0.3659375419003749,,0.36576382477794017,0.3663166896492159,,0.36529472382588407,0.36548328693420645,0.3658541934977487,0.36543133356268015,0.36621445388758117,0.3654652521344889,0.36579043807483314,0.36653398421705347,,0.36512597319945844,,0.3636898020665641,0.3626003608331162,0.363370999006773,0.3835246496485272,,,,0.3818252881543934,0.38047169698804156,,0.3851749411484502,0.3858114959721843,0.386103737877399,0.38539578930720364,0.384760594810927,,0.3859280527573809,,0.38531400724643877,0.38529048792317616,0.38588022640656455,,,0.3849741471170415,,,,,,0.3853822330650135,0.3839090421364468,,,,0.3851600010172669,0.3849429921059959,0.3849613850712342,0.38637594287344734,0.38439520866907007,0.38490537305353717,,0.3848872849042067,,0.3845791853705122,0.38554120795948715,0.3841793748578023,0.3858050517357359,,0.3839902916692271,0.38406899009256523,0.38359185061443424,,0.38488309032845713,,0.38371629804937973,0.3851866036852313,,0.3853669701448386,,0.38550895938621565,0.3848546098448769,0.38475242085328204,0.38606639459356273,0.385544307117487,0.3854517905297091,0.3855541674014186,0.3861866736325779,0.38564221168471946,,0.3846006597111501,,,0.38558555698932345,,0.38352431317194363,0.38557610560319094,,,0.384754887426777,0.38452878057771467,0.3858657598671595,0.3853149939677042,,,,0.3856699477924109,0.38315178535557654,0.3845905289800988,0.3846596952721209,,0.38398819958222513,,0.3848353737061657,0.384130186451226,0.3854141800543281,0.3836220787378576,,0.38455246120473596,,0.38591395929506944,0.3858384405768358,0.3866354776990252,,,0.3862520345987913,,0.3862956536666002,0.38739329758757823,0.3856474371047366,,0.38564068271215807,,,0.38570531862648105,0.3866715133524118,0.38654649678054687,,,0.38641360008987674,0.3857643401616311,0.38613263878226933,0.3853101112661751,0.3854648776062198,0.38656594564828073,,,0.38561412661670275,0.38635629383162834,0.38623329300329384,,,,0.38550085024547165,0.3859358362367384,0.3850739148705124,0.38432990311740994,,0.38505040854660016,0.3863608480426566,0.38610873789507416,,,0.3857613150374087,0.3855280577707091,,0.3852028307439989,0.38561443593376615,,0.3855647329632143,,0.3870845455700395,0.3720702402701075,,0.3728243332848885,0.38443367851748966,0.38331122484544544,,,0.38286258877909757,0.3824185070070409,0.382668091674456,,0.3843353422389885,,,0.3840169557640169,,0.3841451277061224,,0.3837322388280176,,,0.3859204593264209,0.3839948877877377,0.38574496699762617,,0.38390257110469117,0.38474486848331085,0.38462122989559305,,0.3844393567169795,,0.3860991223674799,,0.3843552905083227,0.38443357495613856,0.38493744778601774,0.3847404047642579,,0.38418677329752393,,0.38501077888530116,0.3845529696067971,0.3841290027650513,,,,0.3832605204415056,0.3850042683451441,,0.3850899413267612,,,0.3833322433596084,0.3853641829107259,0.3850168129282584,,0.3846225799474545,0.38578412592932887,,0.38453727642072,0.38600616612639066,,,,0.385777108467442,,0.3846342443674806,0.38501092202732073,,0.38377599521027805,0.3848182320990254,,0.38521124276080054,,,0.3854483915241018,0.38458031998703024,0.3848313650388003,,0.3860270845689743,,0.38486872252120163,0.3843119879008065,,0.3853699452091881,,0.3835211898252802,,0.38459059064842027,,0.38393231798180943,0.3842981116314853,,,,0.3832543609315741,,,,0.3835999188217029,0.38355079324864877,,,0.38430587021123047,0.3839643158557243,,0.3833883918878424,,,,0.38304910413112825,,,,0.38371498838208995,0.3839294665989391,0.38545252551407,,0.38427112323772694,0.3843596012303316,,0.38350378312260014,0.38434721127797644,,,,0.38455581957569157,,,0.3842128702111605,,,0.3833399280685467,0.38447017597459765,0.3833981655260677,,,0.38458855601138314,,,,0.3844662023628716,,,0.3841170332746015,0.3832881633512835,,0.383747739422807,0.38455233783273607,,,,,0.38358988350931295,0.3853988284259101,,0.3843069086998452,0.3840972786578294,,,0.3846236040879676,,0.38420901694744763,,,,0.38451974978934117,0.38502334131016736,,0.38518001581154737,,,,,0.3851668904868869,,,,0.3767899426005881,0.3760563824478778,0.3775385402259287,0.3767396217575351,0.37780686550687503,0.377130053557966,0.3856053398551431,0.38600077843047637,0.38487484967635366,,0.38187426474238406,0.3823225800958654,0.37319679336771744,,0.3732836753297878,0.3632022404222632,0.36228127645084474,,,0.38781630073117745,,0.3916027115604681,,0.39170112240197485,,,0.39376814376721725,,,0.3961360933880162,0.3956707449092304,0.39551030049644476,,0.3956402681746463,0.3968167592128551,,0.3974207616630876,0.3954597635177337,,0.3946902847421045,,,,0.39581365877083496,,,0.39568673136277516,,0.39531884130895256,0.39434571431268556,0.3956492606490675,,,0.39639774782762444,0.39557504191080967,,,,,0.40200465834663524,0.3996387681409291,0.4050568389464279,,0.40494246014392726,,0.4056675655447424,,0.40591004040529377,,,,,0.4050891958644088,0.40285223810271054,0.40383343305921876,0.40309371524344617,0.40260397813877946,0.40397739834489427,,0.40118112667029493,,0.4028088561490761,0.40350249899707324,0.4040794198320826,0.402763867018699,,,0.40269039454853195,0.40341522257025386,,,0.4035199818613313,,,,0.40130848778575573,,0.40262421845888285,0.4038023474586589,,,0.40221456233061453,0.40292536217116187,0.4009647923709232,0.40195021644721274,,0.4027226097637104,0.40302905500149017,0.40269602109957303,0.40304791448584143,,,,0.40389733247147447,0.40482550910994614,,0.40352424839450524,,,,0.40381638139207654,0.4034852803246283,0.4036648274821474,,0.4033593279962328,0.4034870382882625,,0.40284962807698016,,0.4039043947017741,,0.4034832400418937,0.4020360560016101,0.3838323019321465,0.3829830770454883,,,0.3842579744960373,0.385068787313003,,0.38497858217560205,0.3842462353716778,0.38363520612657925,0.384701541322552,0.3850346716127446,0.38443030472207435,0.3847712557882072,0.38503972396199665,,,,,,,,0.3835105947970299,,,,0.38352309910440874,0.3841696886693972,,,0.3833926234145252,0.3852214067009269,,0.3844359635470556,0.38444329453664156,0.3848162540972137,0.3853707232479532,0.3850617465718013,,,0.38335060829442963,0.3827263905877181,,,,,0.3814756062784768,,0.3817047602658059,,,,0.3838202105518815,0.3828722341576928,,0.38304745128355167,,0.3835405628330735,0.38469518314214646,,,,,,0.384456311374753,,,0.38203504198979665,0.3829313756310342,,0.38420538857864106,0.3834547572029337,,,,0.38365177311623144,0.3842856888009131,,,0.3836490807337702,0.3847623980896029,0.38297840725070315,0.3845967873206133,,0.3846119657785432,0.3843672853943308,0.38477620367960624,,,0.38441800030984885,0.3839598559487694,0.3846887635111902,,,0.38462422735633955,,0.38377550726573284,0.3852871111847006,,,0.3844344977892983,,,0.3849252613796661,0.38367932118486303,,0.3836570311155528,0.3835057679191187,0.3835436689294759,0.38447986791884026,,,0.3813580884473304,,0.3828901069401769,,0.3824033079337948,0.3822220538230441,0.38329623559955955,0.38351877785815247,0.38322130732026743,,0.3827002568828168,0.38312669688357726,0.3824816948458787,,0.38334249555472066,,0.38623042805991,0.3851047965017941,0.3843936401652926,0.3844939846896902,0.3856697101356012,0.3850186818800627,0.36586906336046104,,0.36274922531891063,,0.36328788898122855,0.4012405355954198,,,,0.3612324132649829,0.36198566582072483,,0.360486847721617,,0.3618701096374499,,0.36151643080751267,0.3622688110383185,,0.3600578804079838,0.3616568341605863,,,,,,,,,,0.36157294302173826,0.36136954274684413,,,0.36173355232185816,,,0.3609176128908166,0.36129956366627497,0.3613931027322365,0.3615024391072282,0.3617630279432181,0.36262516099711356,0.3609688250935144,,0.36047608890154353,,0.36181064524859097,,0.361346128994924,0.3627799259049297,,0.3623303328527906,0.3613564677333072,,,0.36220973106731585,0.3619965697713246,0.3596537420442501,0.3624728641809424,,0.3620684463688843,,,,0.3607674058522507,0.36262578787525357,0.3621834587472175,,,,,,0.361485961218768,0.36048539331239576,0.3607715035356911,,,,,,,,0.36207785463512215,0.36314253693636983,0.3616085844555658,,0.36129043092769403,,0.3607211906512702,,,,0.36038435063084406,0.36200979622951773,0.3609490356617998,0.3618281334333104,0.36123811001561956,0.3622241193522559,0.3616266155574321,0.36199718533992503,,0.3616603744158328,0.36256303894816566,,,0.3623976820899192,0.36157975952164323,,,,0.36173140468527476,,0.36187403806625185,,0.36181834767166615,0.3618056513524937,0.3613916341791145,,0.36162047116935664,0.3612576803776754,0.3620639189089477,0.36194641953028384,,,0.3613828320861406,,0.36268075025465407,0.3619981950405109,0.3600860116170663,0.36258781542920987,,0.3617086714312157,0.3620127329325987,0.3612691746657208,0.3615648266988328,0.3612393849893448,0.3623526671447423,,,,,0.3620388393354834,,0.3613835983588734,0.3619323333172898,,0.3607144237294899,,0.3605562000547719,0.3614910163331416,0.3613596707523869,,,0.36274501804204495,0.36217029150478197,0.3614641334188685,0.361601126963382,,0.36087759594780505,,0.36111978727577904,0.3613484160619338,0.36115814567797194,0.36108249434483497,0.3611516574276954,0.36356388557019015,,,,0.3620024348010714,,,0.36121259473676565,,0.3581904925249995,0.3592979883681878,0.3642161274766726,0.3660649417770333,,0.3642586929705915,0.36371054128892644,,0.3623937413452605,0.363359851950286,0.3629508438403072
7,5,DG_10pct,20,Z15_F11,15,3PH,157128,165461,True,7536.717355082566,7465.834307920865,7563.9509312773935,393.9433055364679,397.85891208335175,25.163626756001324,25.429649127944916,239.5927085507913,239.75725694461173,181.38914600413608,181.10230480376165,90.35051942939174,29.646284693997558,7791.463391672016,23.228789292160307,25.503757052026465,23.048507149199107,8.704210550080274,46.160884500495946,60.61177167943917,,0.5750849129608806,0.5765034612079982,0.5759639908512053,0.5747881411784606,0.5753829826481098,,0.3017178591420272,,0.30254755713980597,0.3021059987703529,,,,0.3054374530725916,0.3048982360073849,0.3053463806481403,0.30472658335258335,,0.30500310119659757,,,,0.2319932870879519,,0.23194700626231785,,0.00010574964841713557,,,0.00010711611016322329,0.00010708019386483248,0.000107210203543139,0.00010716857570406024,0.00010663535953333743,0.3063448702340063,,0.29914361525967226,0.2993306842717042,,0.3053473393708228,,,0.3050356277532149,0.3051190824678494,0.3055174119714029,0.30598796487262364,0.30636106070829777,0.30608108114693616,,0.3057388628048113,,0.30660376244400783,0.3056779726351214,,,,0.3067600429986311,,0.3062435623416892,0.30603627529425065,0.30739367550056573,,0.30728366994927986,,,0.30687624995846163,0.30761822152683016,0.3084744201213427,0.30801784275956745,0.3078802331598293,0.30716818836545295,,,0.3073539045167825,,0.30757734444456647,0.30720993080198117,0.3069774436618648,0.3080312493577018,0.30775783923505234,,0.30755302574426974,0.30752053304109106,,0.3046741911093781,,,0.32207884836540357,0.3192882502584509,0.31938233128417154,0.3184649269668893,0.31930880471338663,,,0.3241331913176799,0.32435114988089914,0.3226700501705878,,0.32349920212637057,,0.3235803107020024,0.32427923374565354,,0.3241079888831406,,0.3243529731565165,0.324505422434804,,0.3236437029375515,,0.3235926003397437,0.3235597871517587,,,,0.3238135547812631,0.3231248396468453,0.3243795909806179,0.32291304155005657,0.32324228014086975,0.32304948935844174,,,0.3234538233599489,0.3222713624011316,0.3225736952653603,,,,,0.3224117189343819,,0.32307285018924203,0.3225986172534254,0.3239612333035202,0.3225362752988069,0.324543603142713,0.3238846342923694,,0.32358372677090536,0.32322363843308366,0.3235588003492498,,,0.32210109389904457,,0.32316851193249996,0.3232595296510046,0.32361859976406226,0.32299130184195457,,,0.3241681223496466,0.32232904942468266,,0.3238205154829904,,0.32322080829818656,0.3228792413270001,0.3238407615851325,,0.3236957452487474,,0.32243903600834306,,0.32327446984988034,0.3228038370403022,,,0.32319578326638854,0.3231314533503944,,0.3229265341947372,0.32304470677830194,0.32294088809351174,0.3230302062623152,0.32202493014801986,0.32290339811865704,0.32245751712453474,0.32336861885779505,0.32344650700154115,0.32305706318380817,0.3235277592741171,0.32405417424334615,0.323644709958502,0.3235487609253919,,,0.32406216941022137,0.3236172968036322,0.3244157367897657,0.32433157777057753,0.32388923952663895,,,0.32297490811412016,0.3240614296108797,,0.32317565157036804,,0.324430473987537,0.32406147424491255,0.32386893967922975,0.32406067681650413,0.3242187268241092,0.3232533032493347,,,0.3239654948493708,0.3235825880768407,0.3243350405356428,,0.32461061076630354,0.3230729180675951,0.3245614156909393,0.32308869830862036,,0.3246706717678179,0.3246881429862508,0.3241137098622169,,0.3239085396762956,0.32415655462773846,0.3236882387597903,0.32356407189617353,0.32470496631563056,,,,0.32428664123946993,0.32416888853224607,0.3236404297165263,,0.32348640992152483,0.32295945557779704,,0.311937253999462,,0.3232511595411271,,,0.32113653261204744,0.3216994782011881,,0.3205080935788798,,0.3236256329539576,0.3231760665411235,0.3230192972883138,0.3235137477312187,0.3226666465241158,0.3236635432307552,,,0.3230417995268668,,0.32236152112507144,0.32375264010961663,0.32317968808475717,,0.3235672416641146,0.32214511652242556,0.32327388018522657,0.3233309072353197,0.32332227630974886,,0.32334806872873345,0.3230883001854775,0.3233593151619545,0.32337984008438314,0.32329079538420946,,,0.3226359811097371,0.3222240271262712,0.3221836718291758,0.3232798096466887,0.3228193345461508,,,,0.32232667126403236,,,0.3231749338704194,0.32230971123478047,0.32296799456295966,0.32377173179321955,,0.32296950618967185,,0.32336386688109836,0.32281769112325054,0.3231428099658676,0.3231801921086249,0.32338012249234677,0.3231638696189652,,0.3234292965117683,,0.32273533418748196,,0.3235784530007919,,0.3225301261798339,0.3232521564866887,0.3236435816661533,,0.3232887575287616,0.3223507517230703,,,0.3227209694330095,,0.32303526298655577,0.3231178411205474,,0.32275682186929117,0.32312779094743166,,0.32265244188425896,0.32317952372356173,,,0.32281196162223286,,,,0.3219686913296744,0.32296439228849594,0.32196264679018605,0.32178528917665516,,,,,,0.3226188504305606,0.32146024461629075,0.3226255476265644,0.3215674296084958,0.32120917032087287,0.32223249581366437,,,0.3217303274606757,0.3212828109067555,,,,0.3223769382222452,0.321650897275425,0.3219085748328356,0.32170841346396906,0.3232686192254933,0.32243438156601806,0.3227389771862163,0.3222633263453831,,0.3225249057149184,0.32272962554583323,0.32185127923537643,0.32175894642031255,0.32228890500727836,0.3223929704794479,0.32192148263305714,0.32172421253542266,,0.3233976359706476,0.3227873740974283,0.3227647601646162,,0.32178520766968505,,0.32117340171247893,0.3223280013714743,,,0.32198527293176943,0.322120873514198,,,0.32254070322894135,0.32107128141826285,,0.3223015577024471,0.3230855131299458,0.32176986233075366,0.3224660390981583,0.32217733637139345,,0.32181118548554416,,0.3223783831105574,0.3233696766417963,0.32219696356750094,,,0.32222663205651203,,0.32325309502590377,,0.3235427417218173,,,0.32306039636934625,0.32396016877445455,0.32307155168782886,0.322459076209304,,0.32343804871583415,0.32196103110606,0.32306287411332035,,0.31649642440418374,0.3169676458052735,0.31546510059600485,,,0.3233705970693832,0.3231735688800563,,,0.31981157314565756,,,,0.313555112852247,0.3048202935573539,0.3051054691541323,0.3042494327531008,0.32476988805892537,0.32466288602835003,0.3241145029880689,,,,,,0.33012705186077856,0.33275322931304213,0.332078813126365,0.3318275413155437,,,,,,,0.3352119954554137,0.33176311898289346,0.3306822201754314,0.3321003499006807,0.3317717235975697,,,0.33210534742742776,0.3312524972038629,,0.3324197217785498,0.3305903975058701,,0.33253718082855266,0.33154540227166823,,0.33177336346971775,,0.3326694234498912,0.3378376704834712,0.33797149215919364,0.3381776531415086,0.33864605295763733,0.3385644703144676,0.3359974281039733,0.33942948022007535,0.33947456830895684,,0.3385463525521733,0.34078654558042504,,,0.34091561839562706,0.3397114092906274,0.3394532197925134,0.33947832433499686,,0.3393425240213838,0.33804951796585364,,0.3389508987298052,,0.33726920342109185,,0.33755479951954676,,0.33916574494813634,0.33682942395292664,0.33896323125472316,0.3379572881199157,0.338027765325725,0.33916710051909743,,,0.3379054730956431,,,,0.33864434734798105,0.33775501252022255,0.3394536546279968,0.33735899035056965,0.3384769427365694,0.3377549697674482,0.33864568792759336,,0.3390631277506796,0.33845337231618167,,,0.3378351019052209,0.3390182833807049,0.3390849163903244,,,0.33847307287467315,0.3387003955910637,0.33764411436427344,0.3385359468339874,0.3380407223239219,,,,,,0.33914598580349226,,0.3383641438038073,0.33943908464232575,,,0.33828918246096,0.3389367652131054,,,,,0.32155395376777607,0.32264719840291056,0.3217480650484402,0.32143005887664444,,,0.3219206045665614,,0.32180040796786324,0.32278466764442615,,,,,,0.3228122337566981,,,0.32239242347377967,,0.32160389468893447,,0.3221397275623184,,0.3217526226277851,0.32183459446029417,0.3209385375624383,0.32222602424677693,0.32247402222762633,,,0.3216939602610656,0.3239729190528242,,,0.3230545501913474,,0.32300931551474443,,0.3213356569612195,0.32127378513985616,0.32139855684877233,0.32134278635584157,0.32087939614941347,0.32064267824813986,0.3205532578584358,0.3209534163474989,0.32179130996266786,0.32049940150277967,0.32124211832411287,0.32222196804072334,,,,0.3212879953725102,0.32210857881881927,,0.3218549477362344,,0.32192833903008666,,,,0.32222763981449215,0.3231103994640853,0.31789325845210503,0.3208088403641965,0.3208640291476276,0.321306158648765,0.3223669861236257,,,0.3216673396862538,0.3218766871280395,0.32217066418223206,,0.3221611917563559,0.3233036341673268,0.3231385586735215,0.3225232231893705,0.3233125163860776,,0.32249630863296713,,,0.3223390450256809,,,,,,,0.32259211657910797,0.32382196232001514,0.3223145320193815,0.32268739984907513,0.3231784054883966,,0.32229278486954777,0.3219828210325156,0.32269263193806447,,0.32221081323808154,,0.3218381447485279,0.3218148239374177,0.32212588132281417,,0.32189817399238124,0.32138460945354597,,0.3213204828086286,,0.3205237005705438,,0.32168625493044123,,0.3217187869667237,,0.3212162869547957,0.32157512890027873,,0.32101225083727813,0.3205461203716931,0.3217500784228554,0.32116873681801394,0.32194328485666984,,0.32333655628652647,0.32415097976765417,0.32311757890147924,0.3237111116011467,,,0.3067170692116258,0.33983009068805414,0.30429065742298606,,,0.33555406014398265,,,0.30378174337805763,,,0.30299366147661405,,,0.30331633153052207,,0.30277272105897995,0.304241789231388,0.3042911376054769,0.3026045581138323,0.3033949601497976,,0.3040392439401869,0.30423367351574865,0.3027420237023285,,,,,,,0.30359455211240066,0.30380633639603927,0.3030489100316226,0.3043669303651054,0.30290776394485186,0.3031366215654902,0.3030327144134364,,,0.30355429523579597,0.3038799330162359,0.3040623793024855,0.3031523329540603,0.3043546264558501,0.3027179523330656,0.30308897587414224,,,,,0.3034607853978433,0.30359567537272414,0.3032393044656522,0.3036793721256287,0.30339915902711334,,,,,,,0.302668814414418,,0.30388070792713384,,0.30352711576308894,0.30261468969057775,0.30363388764956845,,0.3030347622994242,,0.3036550371495515,0.3034785286791708,0.3035410731596417,,0.30279864462501993,0.3028106120297547,0.30381596484987294,0.30404948551950334,,,,0.30365660584795084,0.3034845939376225,0.30292663053666147,,0.304308302797294,,,,,0.30428065194111314,0.30325443615066744,,,,0.30403039325618303,0.3037057605793368,0.3038085052788129,,0.30354092232722873,0.30325837802019334,0.3047042931993437,0.30281345164619794,,0.30263240957148435,,0.3038671065494394,0.30360662591787285,0.30313273956035086,0.3032119296085412,0.3037429320712656,,0.3040252286807671,0.30337068724008487,0.3033982366470949,,,,,0.30401992577024733,,0.3035776136034131,0.302991658296755,0.30326111685528734,0.3031544922045975,0.30312562755684547,0.3036840628405252,,0.30288175187338073,0.30295331330179376,0.3038714225594304,0.30384828923824614,0.30314491835762025,0.30241580981229227,,0.30301142695082783,0.3042109152905141,,0.30375857539752166,0.30309949456104335,,0.30272145454390764,,0.30345721034301887,0.30391322998068704,0.3035914702758006,0.30382664518756053,,0.3033336956389316,,0.3040742491726803,,,0.3039668500845041,0.30324734957589283,0.3035057197313304,,,,0.30371330973260996,0.3024856466489154,0.30367712090937876,0.30294735488790714,,0.30311997072649716,,,0.30390898364407076,,,,0.30366090207596974,,0.3011741988210847,0.30090711345837645,,0.3059060706347898,0.3054842688926685,,0.3055985633475638,0.30441130954823964,0.30616987642342663,,0.30518432201018014
7,5,DG_10pct,20,Z15_F12,15,3PH,157128,165461,True,7552.6075421444475,7495.298763996671,7547.865226693031,392.9989818326918,398.5719375416651,25.1651934452509,25.512180302973803,238.07722407054462,239.26137567770056,181.69162395066041,181.1583524850463,90.0187787819765,29.740741086401975,7777.507547131733,23.164490520922502,25.46347403635492,22.84561605469218,8.649914683403557,46.00422950642906,60.6555403429627,,0.5749908012563895,,0.5764342847175881,0.5761300344468347,,0.4527178444771687,0.3014748802084722,,,,0.3049595407679921,0.30554725407064476,,,0.30507499299129087,,0.30509312807324246,,,0.3027452032323701,0.30166722736055446,0.30252688402072936,0.23243235514912275,0.23220865077381533,0.23264960630004072,0.0001053613332369047,0.00010529575277091162,,0.0001069472079830615,,,,0.00010686277166334452,,0.3065224308952524,,,0.29873165827495934,0.30522774095716887,0.3038209199394609,0.3043356560736765,,0.30580876256953926,,0.3056856428934447,,0.3068890329654975,0.30618624731869815,,0.30588989223931756,0.30603449133927063,,0.3056646273820792,,0.30571952258403445,0.30562845242499903,0.3050302400129509,0.3067437858913101,0.3072421228865149,,,0.30719751498312037,0.3071523705257007,,,0.30637850740567296,0.306884925680397,0.30707659282393684,0.3072873126347184,,,0.30696507793126754,0.30696768075422076,0.30700069628635135,0.3075933279228421,0.30698317963654465,0.30748617159604047,0.30686509156376446,0.30766052459706383,0.30752990683214,0.3075996897923692,0.30671954007952484,0.3078487104130061,0.30819679491014285,0.30464891136320316,0.3049775404147661,0.3051682421637048,0.3225441467123137,0.3194834375775513,0.32003776918913907,,,0.3186556222507052,,,0.3239755057960714,,0.3235199679147166,,0.3231246322126421,0.32318488104289983,,0.3232353388792087,0.324115745013237,0.32463990244481583,0.32385384573677,0.32441211334767456,0.32332692057091034,0.3244502236389159,0.32361766580684515,,0.32371610311676396,,0.3232769665882619,0.3231513656490706,0.32222529690968904,,,0.3233458986441429,,0.32467360254153194,0.3238675861364677,0.3236839131791567,0.32208815182185624,,,0.3231301520221714,0.3225724095371558,0.3241854598168956,0.3227513791776146,0.32316263430627246,0.3236166623591247,,,0.3226639343212415,,0.32318933419603235,,0.32398408167211545,0.323066687421583,,0.3237521400783,0.3231555020810293,,,,,0.322914196981234,,0.32294781549558316,,0.323565385883638,,0.3235692877258825,0.3233024963119299,0.32335227917077386,,,,0.3228087379675696,0.32280299037045423,,,,0.32387562252654434,0.32374436882850577,0.3223578420744389,,,0.3230751318268562,,,0.32282797129698254,,,0.322870747135246,0.32321276011226546,0.3238130036060335,0.32342290957683173,0.3239067585280134,,0.3224617667068944,0.3242564116171055,,0.32316478251873193,0.32374233001535724,,0.3237869849372483,,0.32427643519143345,0.3231209315972332,,0.3234933963182874,,,,0.3243911919010566,,,0.3245926676346401,,0.3230655001867565,0.3246534011273075,,0.32366378371506277,,,0.3245702514824877,,,0.3239227661543682,0.324350798592441,0.32335075463310375,0.3234584873448335,0.322918078169494,,0.32305563632816703,0.324870662623675,0.3236643001901277,,0.3236594204868944,,,,,0.32449183232275775,,,0.3234767191123484,0.32397927909122226,0.32320087070856746,,,,0.3232636649412134,0.31249750107586144,,0.3115745719614304,0.32237622107530794,0.3217975119596878,,0.3216812999877322,0.3211495496544807,0.3214052730184863,0.3216467741988588,,,0.32314278241167266,0.3236085359955715,0.32328057698312596,0.323215570512144,,,,,,0.3230780321673958,0.32346811878745163,,0.32260078584160196,0.3222387828276166,,0.3236158977545728,,0.323424837264009,0.32299163315687,0.32316895783757416,,,,0.322722225169603,,0.32275077842172395,0.32337447601216235,0.32275672393131705,,,,,,0.32341126819469257,0.32272142257627684,0.32362531508662096,,,,,0.3228553304600057,0.32381764846273875,,0.32181576199752543,0.3224018398814341,0.3233138934121435,0.3234715400775478,0.32341603398338203,0.3237423195050922,0.323331565189323,,,0.32311433721460325,0.32302105619890636,0.3228445908893047,0.32327766156928556,0.32305863823484304,,0.3229359436497601,0.3235645672551327,,,0.32348049400934187,0.32283876616482704,0.32313854406027964,0.3226275655400412,,0.322855261299609,,0.3232395100448515,0.3230815967097756,0.32197811559524386,,,0.3228235091224783,0.32272361023250007,,,,0.322464819980682,0.3227213671183631,,0.3219707539111767,0.32219261904196633,0.32176047063685476,,0.32200432479525665,,0.3226525961508052,,,0.32211418471053316,,0.32108018767470253,0.322455314605563,,0.321385581168125,0.32248005279060327,,,0.3217032801858423,0.3211268451449545,,0.3227180556364291,0.32187143789622524,0.3218336365084949,,0.3216581851078876,,0.32128947644599243,,0.32310308374896324,,0.32339416827312034,,,,,,,0.32221199499443254,,0.3218798852677621,0.3227994912746897,0.3227929179752848,,,0.32359515985027004,0.32213936131264465,,,0.3228868889360075,0.321953864173159,,0.32285533517751636,,0.32217626463575805,0.3218405455127706,,0.3220680663374191,0.32249816859792674,0.32274403541625396,0.3224195101795253,0.32196899856909594,0.3227545066576988,0.32134975700041646,,0.32198547308206293,0.32297660937958467,0.3230147527496417,,0.32195782855374827,,,0.3222769294845801,,,0.3239374975778985,,0.3231878058988098,0.32391876863048463,0.3231042847981839,0.32380358187711705,,,,,,,0.3158712627850298,0.3173282060840746,0.3161672050417303,,0.32388444069692074,0.32252671636050145,0.31999526460232713,0.32080264487917615,0.32096817976062053,,,,,0.3047495713484661,0.30512860681612114,0.32430452036921364,,,,0.3285980507180224,0.32793353616123266,,,0.3303901261863563,0.33296449127442207,,0.33389661477609145,,,,0.3332581780330916,,,0.3347258717121174,,,,,0.3317619052037774,,,0.3317445397705326,0.3319413680918003,0.3324783898993272,0.3319539601600975,,0.3334392516798266,,0.3327686493604331,,0.33202144797460426,0.33064687916488944,,0.3378107046557795,,0.33775015934026503,0.3390983947819836,0.33489913894282164,0.33907581282761357,,,,,,,0.3400918318192828,0.3397216624813655,0.33992641009998226,0.3388120369974014,0.33931046037076606,0.3381234784247336,0.3385959085898593,0.33849274485205166,,,0.33824705347324985,0.33835996905901006,0.33868989469885036,,,0.3380872146156483,,0.3380110085128342,0.33946420414899103,0.3377829177887472,,,0.337319496141337,0.33761559899668925,,,0.33812176904807156,,,0.3384084233607671,,0.3383492079945942,0.338435667501087,,0.33752815546591153,,0.3376455057591528,,0.33842589550889296,,0.338169034930793,0.3388271257889175,,,,0.3383879451459271,,0.3386755336635367,0.33907807627588266,,,,0.3390243555088806,0.33863871764094466,0.3393178750164147,0.3382242738926742,0.33862517673939446,0.33896034862947644,,0.3388751437085574,,0.3380302914677907,,,0.3384224114241792,0.32254394831693217,,0.32306653429884563,0.3216759108000027,0.32194274283766827,,0.32243181777369495,,,0.3226527922523215,,,0.3223298194332243,0.3217922256486162,,,0.3227252989204083,,0.3222263062089818,,0.32139118306671843,0.32251725560018407,0.32251345049326385,,,0.3222291218043188,,,0.32216581868694116,0.320949914535024,0.3215474387835015,0.32363092935467125,0.32369622477997234,0.32260738933314687,0.32333365808620906,0.3229354136129108,0.3219802656802632,0.32267636856587567,0.3236811291593611,0.32099390445510634,,,0.32150056323033943,0.32136259777289994,0.32023532849228925,,0.3209994995087234,0.32088554503824424,0.3210227240900818,,,0.3211727551988915,0.3209242459591119,0.32114983761221166,0.32175512800756273,0.3218207308112309,0.3209776920731871,,0.3225864352037382,0.3227867105154918,0.32188606086260985,0.3217829962910648,0.32291576441710124,0.32219260079020673,,,,0.32153469230116044,0.32094235390724524,0.321313249368601,,0.32127945539014624,,,0.3205766134918981,0.3222911201197891,,0.3227889541955057,,0.3218471887932794,0.3230014754774876,0.32212336902682115,0.32319644059279257,0.3224165926316799,,0.3234711519847305,0.32296200762919025,,,0.3223834027676283,,,0.32284755312546803,0.3222518897582392,0.3228274379929789,,0.3236123318504085,0.3236163309834765,0.32366099828004735,,0.32319664837827106,,0.32236330757383547,0.32163568856650004,,,0.32182289331724634,,,,0.32031486569599843,0.32178333861697417,0.32055015003598153,,0.3216914134491678,0.321713025530669,0.32117845465706885,,0.3225203039119468,,0.3217647854357306,,,0.32195796900196544,,,0.3208962395178014,,,0.3235562710645031,0.32302736848080466,,0.32311464729187006,0.3231580730027521,0.307913636914424,0.34101289217573366,0.3044003923768954,0.30409217357818913,,0.3371174045287231,,0.30384504610078644,0.3034082742008687,0.30383389751962375,0.30426684137207327,0.3047895766219085,0.30450475751453726,0.3033259284016746,,,0.3040626726735191,,,,,,0.3027049078433603,,0.3034726950535384,0.3030105868580651,0.30374779167780347,0.30334046296349165,,,0.30330095891896325,0.30408054744907687,0.30372546835845615,0.3037132461576876,0.30388951145477466,,0.3037272043318695,,,,,0.3037824622862798,0.30385327641681953,,,0.3032119778868533,0.30371155685966295,,0.3040965439273623,0.3050398332738203,0.303717190990434,,,,0.30411657925381586,0.30312371247502923,,,,,,,0.3032235654079177,0.3032665121824103,,,0.30435086161178143,,,0.30356347302675263,,0.3040689899230979,0.3040023828443684,0.30393021315807117,,0.30313345372913986,0.30388960154862954,0.30365618473563777,0.3023758128756881,,,0.3031740811696399,0.3046046852074087,0.30353393980455734,,,,,,0.30380644619135083,0.30318932926738285,0.30397314946249265,0.3027962952906937,0.3034719429662685,0.3033062581817949,,,0.3039984736885639,,0.3027752009761829,0.30338437892144265,0.30305093787543524,,0.3036291365976288,0.3031358013485134,,,0.3040070136985457,0.304083742944841,0.3037827233914596,,,,0.3024960684560078,0.30363874615110326,,0.30400720274772597,,0.30351677329707016,,0.30457198868054824,,0.30344099411380415,,,0.3032628026030304,0.30320232817271314,0.30493894190189924,,,,,,,0.30315572492233933,0.3031022151264903,0.30338075037583795,,,,,,,0.3027858737651836,0.3035714552632378,,0.303771546522077,0.30372047418176795,,,0.3038158431210291,0.30395561181190056,0.304043288530076,0.30338499361979826,0.30390011208190726,,,,0.30346252105442645,0.30323641955176944,,0.3036882609477179,0.3038572453284543,0.3033437302736418,0.3028422275752957,,0.30428816746826914,,,,,0.3034749932610133,,0.3043418512953137,0.3013682716367776,0.30123231737245193,0.30056224295087336,0.3066546776044027,,,0.30561496006331446,,0.3045176693685963,,0.30563322634604595,0.30459329301994237
7,5,DG_10pct,20,Z16_F01,16,SLG_A,282085,283563,True,6479.710355361861,6478.11467620535,6589.244463100064,1561.7897156123188,1572.5218938326225,135.70489658025102,126.11649435463606,731.6226392719218,746.5938097154285,542.3437247953108,541.5181291174333,263.79089440305256,86.69440891923531,224.0246950168697,7759.147295830226,135.21409319655527,105.38559585566904,25.697074061589873,211.02873681953648,210.31314588891826,,0.7052222371030478,0.7046185038331293,0.6471767484918477,0.8430523243463808,0.9590577664332136,0.8590935446549641,,0.5368648401423897,0.536681264892,0.898770453429587,0.2085079625755829,,0.20866051503905408,,0.9141813491418979,0.9125970059431314,0.9814766027166673,,0.9823581474572849,,0.5406223388392041,0.5413402472662058,0.5416772590363387,0.543039494389397,0.5441829628463106,,,0.5395780904222715,0.5448448579812672,,0.5455025785790326,0.5438909807257751,,,0.30797984627890446,0.5385524865839532,,,,0.5454876440178303,,,,0.5473738740000801,,0.5493339901778352,0.5485129722186527,0.5475436199817775,0.5487529438329819,0.54791171351348,0.5471949946299496,0.5494224813303565,0.5483640486369016,,0.5477969905668275,0.5469275489853366,,0.3216790489882991,,,,0.32764832634201757,0.32664728572705565,0.32788265784621373,0.32755390284178265,,,0.3280784712044614,,,0.3266356202007195,,0.3266375335882891,,,,,0.3266175222891983,0.3272926336262814,0.32603198577871045,,,0.3269015643128678,0.32723377248998897,0.5460981177122715,,0.5478542618186304,0.8761300041943251,0.5744236462904085,,,0.5742153369561204,,0.5739781854441167,0.4538656634299083,0.4537180335498877,,0.4538485612921286,,0.45506026029689567,,0.4545685205610241,,0.4539102054611657,,,0.45482700315123514,,0.4552047384942247,,,0.45403866602598364,0.45517142871134375,,0.4543344640283703,,0.4545402017129257,0.4539739559066288,,0.45369994551539355,0.4547818368540527,0.4537706727306177,,0.45560588544104963,,0.45297683530998006,0.4528745472020752,,,,0.4525817193570916,0.45375613816253524,0.45374952365530996,,,0.4527140351526465,0.4547601516558599,0.9712409961883363,0.9661478837105111,0.9663087732078439,0.963713104224322,0.9615820929168926,,,,,0.9675464414106569,0.9652693689122201,,0.9641953960754591,0.9649529683723898,0.968901634493243,,0.9644168088773969,0.9656109031493785,0.9664554163885042,0.9645648420308784,0.9672881683440746,0.9680639611144247,,,0.96659013184576,0.9649402888617098,,0.9675299452620821,0.9657569671694012,,,0.9687236800652794,0.964000644877716,0.9656513896136418,0.9641774425306961,0.9637789207604941,,,0.9639380316667251,0.9645493800028732,,,0.9640392412461178,,0.9650527059277397,0.8814114360460485,0.8823015593981658,,,0.8819812421329367,0.8841810499685351,0.8831854906001049,0.8816190522084295,,,0.8823567123157692,0.8830489736145904,,0.8802979948762042,0.8863265791931837,0.8805385311479941,0.8827011935582881,0.8835264084099146,,,0.883246681427342,,0.8787986365313467,0.8792958978806413,,0.8815470465108328,0.8821473151124494,0.8829289351266754,0.8823332708730866,0.8805040145300624,0.8815980550583623,0.87973453270124,,0.882122307980392,,0.8816623614789182,0.8786253275429908,,,0.8810531620853607,0.8821737749404155,0.8835397036824727,,0.8807845688612254,0.8841523148643088,0.8802334311640075,,0.8830924399393085,,,,0.8798735446649149,0.8777639580865261,0.5642974802730109,,0.5626859604313218,,0.45024637192299305,,,,0.5773068561498881,,0.5774729304744932,0.43311195953680875,0.4325606796216633,0.43160557782689846,0.4316701019125349,,,0.43260242549873495,0.43243352784073597,,,,0.4318339938105858,0.4330763216232475,0.43280177615123294,,0.4323592192392753,,,,,0.4319780579597256,,,,,0.43314719127095713,0.432587457169591,,0.4313256142179382,0.43267958857957356,0.4330640867321946,,0.43167996503107653,0.4321716437606912,,0.431997602654835,0.43162465941731787,,,,0.43717274137313167,0.4362238790921343,,0.43631864309829704,0.43702387283533434,0.43716042608078076,0.4369959954937029,,0.43716359490313406,,0.43746301252621245,0.4377177501573922,,,,0.4372784471724971,,,0.4379829110086934,0.43707441349212556,,0.4354998705004558,,0.43711584791404023,0.43684918414535995,,0.43694504336194767,0.43690700263699256,0.43738590841804864,,0.4378555716129003,,0.9698616493501897,0.9678727222490356,,,,,0.9689107801467884,,,0.9666729603570223,0.9685513790099295,0.9698102681619802,0.9689201716999916,,0.9659915109852706,,0.9691336572024595,0.9674791333013489,0.9676650008545282,,,,,0.9643042374023963,0.9695266459370013,0.965851479214342,,0.9684914398158091,0.9680008324931215,0.9656990550704209,0.9674635296577873,0.9676478464112725,0.9666016995550445,0.969184566973248,0.9684015513440909,0.9688719619345713,,,,0.9640801714804758,,,0.9678002450881734,0.9663209171215646,0.9663779701611551,0.9666099101652845,0.9701147598535391,0.9664930886018053,,,0.9669669342824248,,0.97148517334347,,0.9714939104278416,0.9700952983456909,,,,0.9671072502552386,,,,0.9660227742616033,0.9709590890376051,0.9700064295291465,,0.9673478558393643,0.9688669472351088,0.966405010141839,,0.9698052622437452,0.9656377682196421,0.9656020501180358,0.9673030976159435,0.9664678414438074,,0.9689276685497289,0.9681151451676044,0.9672189899569218,0.9679107833025583,,0.9686714750964803,0.9685455975383719,0.968411492189664,0.9675056026336436,0.8957489552353515,0.8971344701355636,0.8940669000328327,0.895938910504346,,,0.43110870918726346,,0.431837222911502,,,,,0.5692959182929171,0.5688317152193528,,0.8824434897675022,,,,0.5774901178429512,0.5652174786982871,,0.5647012744512021,,0.5483311414494707,,0.47101016856306127,0.8760349426165494,,0.48466455592562474,,0.9757224652068047,0.48958065656899186,,0.9832773297406121,,0.8895256472190706,,,0.8888768528886158,0.4939465281005907,,0.985985721395301,,,0.5951497676335465,,,0.5956166564339976,0.5966134364253438,0.5945489494953681,,0.594813993064097,,0.5939072104576172,0.596164071487748,0.5964367096993713,0.5958658990277752,,0.5953354160799812,0.5949364397858891,,0.5961280640777628,,0.9962881448515897,,0.9969703841359893,,0.9901047579817037,0.5143668572728322,0.5159020321558259,,0.5137484116815185,,,0.9061075300185031,,,0.9981164030107245,0.9988015853794805,1.0005614908689284,,0.6065377241347192,0.6056027694945212,,0.6056296563338073,0.6057595279683794,0.6054986073885913,0.6054065876604995,,,0.6060073554751524,,0.6065427161176628,,0.6070189312899235,0.6054640635994938,,,0.6052576477297393,,0.6062041475385338,0.6056026274208549,0.6069031939413512,0.6067652998542291,0.6081212522091732,0.6056273124358663,0.6054270617341772,,,,,0.6052686353271637,,0.6062317061876672,,0.6050908683045426,0.6073466907080449,0.6050709368340492,0.606338496008539,,,,0.6064529616637919,0.6061783094811322,0.6071295941642387,,0.6064067775293674,,,0.6091739814888191,,,0.605793167258341,,,,,,0.6064592661076375,0.6075352584640626,0.8999403814173587,0.9015089417193486,0.9004673071228507,,0.899930912238361,0.899492407676894,,0.9032726843067822,0.9000429116569436,,0.8990753935109105,,,0.4159946032691673,0.4176166822677309,,,0.4172875117511059,,0.4167227027473524,0.4159826528101595,0.41779776742427416,0.41708962412890915,,0.41597749253524924,0.4159546215700231,,0.41652958878622226,,,,0.9048826656552644,0.9004676479241165,0.9010463628074002,0.899031837979918,0.9029866574599497,0.9007274007470684,0.9011644495748489,0.9010077775730242,0.9653207598417645,,,,,0.9671758070381226,0.9662667035594628,0.965948826595926,,0.9656200063711521,0.9690005888832911,0.9682446801014358,0.9699440440865558,,0.41606154413201213,,,,,0.4162946750448993,,0.4169063457529982,,,,,,0.41575172300241875,0.4158938418025481,0.9682492005179943,,,0.9693808599640443,,,,0.9015082004671953,,0.9017390720533822,,0.9001220987118258,,,,0.901346554660806,0.9013732760372632,,,0.9017247704037682,0.9004323761246006,0.9016121860305308,0.9013185801650715,0.9015316561236033,0.9015754967588621,,0.8990053849074391,0.9023324890528663,,,0.9021619394346946,,,0.9015746244918531,,0.9731889971313358,,0.9680872719621105,0.9668774041016367,,0.9702482584584966,0.9708526381937705,0.9720610823365912,0.9691164326745453,0.9676155473858064,0.9664713503685264,0.9672025781249809,0.9673443694682415,,0.9632717317635185,,0.969677779589245,0.9682728076086464,,0.9703583244638865,0.9699967274986143,0.9700815899527532,0.9690019280568248,0.9676818236401304,,0.5805213022627568,0.582839171209161,0.5808364595280087,0.5816532701553364,,0.580295912887831,0.8930804284564245,,0.5461885044818666,,0.5467025056368794,,0.5434086621745465,0.545025088635163,0.5439248456891138,0.5433435815140417,0.5440647020661659,0.5438301375396727,,0.5436337349137124,0.5445843024417459,,,,,0.5434165400652922,0.5426733128061515,0.5445052289791934,,,,0.5447169333212097,0.545814141160519,0.5432390871548594,0.5413560404058437,0.5440472747004991,,0.5449458582372263,0.5449543674951249,0.5443225169046473,0.5429826510383466,0.5431973346244233,,0.5429487468091483,0.5430629311350158,0.5429094621534641,,0.5452324139766409,0.5436325115516416,,0.5436404115964901,,,,,0.5433969888778388,0.5422058641768172,,,0.5443730177589102,0.5421563231562877,0.5436063293740171,,,,0.5429955591255274,,0.5439925765554605,,,0.5433522614187806,0.5441498249735898,,,0.5422115759462453,0.5442705985631444,0.544592282894779,0.5445752368837031,0.543481305830309,,0.5416915188418185,0.5433555496238012,0.5425501266051631,0.5439944884060169,,,0.5443063476698341,,0.5438554508047374,,,,0.5439461364990884,0.54565379435773,,,0.5441090941441905,0.5421646286685797,,,,,,,,0.5437731229448285,0.5446068727014566,,,0.5430762636218893,,0.5434889953798316,,,0.5448534589987369,,0.5431624498697255,,0.5439022152229201,,0.5426021475649243,0.5437490590825846,,0.542797385419412,0.5436640196032728,0.5445058057923445,,,0.5450110858149421,0.5415172650656085,0.5430897694652609,0.5436031849899257,0.5441039060908793,0.5442757594239561,0.5438715223581442,0.5437444677944573,0.54254597294255,,0.5426758721390766,0.5442231821307353,0.5434130158801578,0.5431708901946929,,0.5442609334991634,0.5432101661288541,0.5434634113417778,,0.5420875910680387,0.5452648073004284,0.5448843341932765,,,0.5433586329887512,,0.544109115078729,0.5435940472535741,,0.5426846145339033,0.5417892748789898,0.541947993805885,0.5431932263849182,0.5440504788897204,,0.5430094143933211,0.544093931715395,0.5426455092702035,0.5446424373027148,0.5438079602276378,,0.5429589208275322,,0.5432196206227742,,0.5433639592498846,0.5443999244129967,0.543234112200484,,,,,,0.5410608973004226,0.5417188848000127,0.3128703949501291,,,,,,,,0.9845280762247522
7,5,DG_10pct,20,Z16_F02,16,SLG_A,157123,165455,True,6148.3026118232465,6157.1422947983365,6213.722431868574,1514.8716372129093,1525.9107757444062,131.47613085806168,122.14399246058085,720.5831625425409,736.000148651942,532.6416348196072,533.7503601972418,258.9108876603498,84.65909427810814,213.84777092636634,7413.324135532902,131.0416572034723,101.72197460145979,25.75394395930085,205.0014402619468,204.65357631993518,0.7138938447669481,0.7140937292416392,0.7132122621861847,,0.8449903684517892,0.9580699309642328,,,,0.5459745335442425,0.8954375804729909,0.2507015026230128,0.25079963483208906,,,,,0.9797113355670718,0.9761197001071672,,0.5459756731828184,,,0.555674940878222,,0.5559365059600684,0.5514016809042973,0.5515746658491656,,0.558915618739733,0.5590093236062111,,0.5598442221469845,0.5590889028780731,0.5584618613830369,0.34557075487774735,0.5507816655579441,,,,,0.5618025959437432,,,,,,0.5629911219534731,,0.5622930082744263,0.5628700669885449,0.5624365978091747,,,,,0.5621374852092935,,,,,0.3618931866241473,0.3630349807032978,,,0.3627306497352394,0.36372156071568346,0.36217960532934584,,,,0.3620897882919695,0.36238979291668566,,0.36286680858163406,0.36273297199254806,,,,,0.3630815601428691,0.3636421706252583,,0.3619610285410516,0.36345685309774034,0.5627973306976338,,0.5625454079410409,,0.5895261498326654,0.58849241423419,0.5893069212524282,0.5901425441494141,,0.589838718849706,0.4839630502596672,,0.48411221356516554,,0.48562117574188557,,0.48475880314775965,0.48705785200011303,,,,0.48559068825619206,,,,,,0.48544476771742534,0.4844896353548682,0.48456425001112513,0.48641655890216373,0.48484346160261393,0.484958018443274,,0.4843143514174893,,0.4845961353008798,,0.4867232197614356,0.4846767099098265,,0.48523209034828846,0.48240132621335363,0.4852259594120352,,,,0.48446369811793294,0.4851128206369238,,0.4838705737097385,0.4849318041970943,,,,0.9703506789443339,0.9719420189960251,,,0.9713253291709475,0.969600659835649,,0.9735655895219716,0.9715524355244454,,0.9699478459690678,0.9729636217426872,,0.9723572597003755,0.9725948362775537,0.9724237206860004,,0.9720723287892575,,0.9704297438422089,,0.9701068458920672,,,0.9707292410769343,0.9707502177479489,0.9661961216283108,0.9678284865611172,,,,0.9713778083976969,,0.9689987699835353,0.971086244479353,0.9690206783019905,0.9732071682597272,,,0.9706909049908982,0.9724472622713977,,0.9707366775084095,0.8840420314070098,0.883613656733713,0.8840284742623393,0.884518599791335,0.8838489285951753,0.8857405253869086,0.8845563543388357,0.8874822005178709,,,,,0.8861641656223457,0.888885815977822,,0.8844537839427846,0.886151198744101,0.8850217872572584,0.8851268019418951,,0.8889104930443539,,0.8829994851416209,0.8838979227661277,,0.8831862494255774,,0.8858237805276187,0.8841606692425372,0.8824295048320344,,0.8838447237423291,0.8844084386489566,0.8856919556307846,0.8807551938441252,,0.8868199158400927,0.8840894853582805,0.884406090690362,,0.8833541597945146,0.8834849275511438,,,,,,,0.8852006815203615,0.886496671725421,0.8837333252179539,,0.881352309018641,,,0.5773375319289069,0.47102289264242636,,,,0.5914806329941795,0.5908835503149914,,0.5925706706582905,,0.46471302121311886,0.46185145286023227,0.4648457806681967,,0.4658154521427098,0.4651800847069578,,,0.46505295690894854,0.4658171792462052,0.4636618807835651,,0.4639488954893719,,,,,,0.46520936086679443,0.46444483857905583,,0.4643723394013787,0.4623543984984154,0.4640554219611064,,,,0.46429368913354857,0.4654598635017094,0.46358196853178507,0.46453118586388314,,,,,,0.4633926695155146,0.4646526881836416,,,0.46918046875894154,0.4671462957591278,0.46920826223100387,0.4683625174799661,,,0.4685564007083254,0.4685076112313824,,0.46902994391487624,,0.4683350040335944,0.46855451442176105,,,0.4690265022859665,,0.4677855794374134,0.46983745850605046,,0.46882446397682226,0.4676912323982696,0.46878949547862797,0.46721949051153233,,0.4679873419631254,0.4694562435164149,0.46916763435575665,,,0.46849074582381994,0.9761516844774659,0.9747955453482212,0.9755490136615612,,0.9732426608353436,,,0.9720333177692416,,,,,,0.971482676110942,0.9705949002408496,0.9753982596349062,,0.9719195519705806,,,0.9728388184684803,0.971643964165641,0.9712281044372325,0.9719999649004011,0.9720693444400639,0.9711847942508687,,0.9717331202962647,0.9712397483123891,0.9712557100214504,,0.9715329563226575,0.9734704974492931,,,0.968563928511671,0.9741434732624981,,0.9694469161459607,,0.9767573367297894,0.9718268049470312,,0.9737386000681013,0.9738715940558952,0.9734333093299691,,,0.9714080353835857,,0.974135519186693,,0.9727682742468634,0.9722639507371313,0.9729018999893165,0.9723664093601581,0.9739087343438207,0.9715603053154032,,,0.9729134178345167,0.9716823264422579,0.9733514700161808,0.9717145059656792,,,0.9715132383479544,0.9733434109141539,,0.9739778805017393,0.9749530402501562,,,,0.9689291422200118,0.9702562928602533,0.9743844918432103,,0.9740256128942102,0.9713606622330582,0.9723089545934648,,0.9697150238383216,,0.9717790464150229,0.9729290912983469,0.8986467978638633,0.8968566369643607,0.8987458156407415,0.898936802326819,0.46354000286856384,,0.46322661677411153,0.463201962971285,,,,0.5842421632460931,0.583031260150011,0.5840941309692244,,0.48374394004767324,0.8822670819808038,0.9701620271227239,,,,,,,,,,,0.8761765411929332,0.9735998735567492,,0.8860049209731798,,0.5184254212739131,0.8917030430712827,0.9883167058179677,0.8929384160014058,,0.8916030564822272,,,0.523380152847295,0.8927143878573384,0.9878027664801602,,,,,0.6095439986357074,,0.6109701867257435,,0.6115038552393389,,0.6122631479980073,0.6102060097291346,0.6115243528539608,0.6109171034622266,0.6102208084954884,,,0.6105395252786734,0.611441833339949,0.6109434779491917,1.000017625494385,,,,,0.9988053683659524,0.5432776515470039,,,,0.9088689281822346,0.906669990920202,,0.9106043788521291,1.0034224625395576,,1.0086032729395873,1.0069694392032356,0.6206786336115441,0.6218157313027394,0.6244619920757148,0.6217580525215515,0.6230417764117891,0.620232990185017,0.6231491815766602,0.6246397768601685,,,0.6232106286428027,,,0.621221690784588,0.6223861655697911,0.6215223884127574,0.6249670994590841,,,,0.62248229286396,0.6219838765186683,0.6220625531651084,0.6229917272181063,0.6222919228767934,,,0.621596717236666,,,0.6211895277083223,,,0.6222766667912495,0.6209014640246839,0.6212702998734122,0.6207742699693541,0.6225587763777176,,0.6233632593969309,0.6205166759610253,0.6232826000367229,0.62252463298265,0.6235054328875727,0.6234953882001726,0.620985467571119,0.6233913343633111,,0.6209525838692919,0.6233281503265351,0.6233658043040753,0.6239370125985949,,0.6224900746249874,,0.6220300648236902,,0.6214768947951679,0.6230213591893511,,,,0.9030917747096898,0.9019518752715594,,,0.9054218137804417,0.9012834128680829,,0.9013812907772457,,,0.4495940706441704,,0.4502703561070064,0.44970231436446045,0.450040229271541,,0.4504207798727822,0.44996945506277375,0.4495545615742902,,0.4502906101282697,0.44802289794829087,0.44909812301449975,,0.4498029869439926,0.45063070413244344,,,0.45037355133437956,0.9046299069267365,0.906148739254791,0.9052618713717545,0.9022599161068182,0.9041036335143128,0.9033355633386781,0.9031145714871267,0.9019610394328181,,,,0.9726350539056355,0.9761405727609116,,,0.9711641093869016,0.9702515925547559,0.9732054393734991,0.9728883946484671,,0.9717364801501983,0.9761477300002889,0.4479795227771725,0.44925174038834004,0.44947805416212533,,,,,0.4503115739553155,,0.45037993719158986,,,0.44368879821332396,,0.448776287110653,0.9758293831930166,,,,0.9727859197344861,0.9738650766018985,,,0.9031726600119622,0.902942160035922,0.9043983328971642,0.9050021202623856,0.902154217502016,,0.9024021608665485,,0.9031460648428588,0.9043480374009821,,0.9033734488348044,,0.9029088634705807,0.9029183514739452,0.901270393066872,0.9033450700586421,,0.9047308885822748,,0.9030279937178914,0.9038482630083755,,0.9022093265465655,,0.9022967153982642,0.9736977945814652,,,,0.975387933709607,,,0.9719332380135012,0.9740879447424142,,,0.9724446710623663,0.9721560206339985,0.9714994938258338,0.9726533518856978,,0.9729688862164031,,0.9745970477065913,0.9745418806638165,,,0.9740758375492213,0.9742566208133723,0.9753120794405665,0.9700489881869274,0.5946491187971568,,0.5947009168768922,0.5967243501252326,,0.5957006506731498,,0.8890899449887594,0.5611407124488464,,0.561110563016113,0.5336428698827025,,,,,0.5495427360217036,,0.5499585345575503,0.5500693739590802,0.5490698786693025,0.5493926503767013,0.5486156572885893,,0.5506626914515219,0.5482129887133271,,0.547402175890184,,0.5494263404455983,,0.5482432283331061,,,0.5493612856745385,0.5498393688805596,,,,0.5497306389204979,0.5504501175188344,0.5479480574089002,,,0.548727147964026,,0.5495644300292947,0.5498925486241972,,0.5508229791105174,0.5494279567172831,,,,0.5494509718253658,0.5495351551065123,,0.5496452596552591,,0.5497118785651414,0.5506383173273961,,,,0.5501595268001471,0.5484080415007393,0.549684853903822,0.5494684895950042,,0.5499222204337262,0.5499400447928335,0.5502140895810518,,,0.5491117312674098,0.5499747631950582,,0.5498090890985469,,0.5497103659948965,0.5486389496614118,0.5500960536421339,,,0.547034795240411,,0.5504142014740667,,0.5500717346638992,0.548492328317742,,0.5505313041417657,,0.5501030323362811,0.551057669070078,,0.5496148940948229,0.5491734797910052,0.549164723175201,,0.5487791933116273,0.5509192450817254,0.5498027004502444,,0.5486360542152637,0.5488730990690539,,0.5492910740313581,0.5501622678439613,,,,0.5490047069110641,,0.5488201294739916,0.5494000522532179,,0.5503135375133057,0.5496788081324012,0.5509590562886131,0.5505515090310071,,0.5488176620821833,0.5485220873812278,0.5506871909554473,,,0.5501340489934878,,,,0.5496759688073896,,0.5498561599705377,,0.54969703863433,0.55061309059352,0.5477518045741818,0.5488689617495417,0.5499772544986423,,0.5495499926472533,,,0.5486403755070545,0.5493189986068007,,0.5506275130847027,0.5501834449708832,0.5471712953737149,0.5496177880585067,,0.5474208088739356,0.5475788690249292,0.5501002370509698,,,0.5498603042141735,0.5496220324105306,0.5525314668064457,,0.5505448001765325,,0.5479188059499521,0.5510025773922831,0.548191025680252,,,0.5493942727453981,0.5501112040128799,,,,,0.5493059507392409,0.5506000154317744,0.54930164256836,,,0.5500504228364389,0.5544726491078533,,0.5572170549294386,0.3500810447844574,0.8948572878720994,0.973236289014447,,0.20776434518891682,0.9215626264527342,,0.9784921105992691,0.979866312691178
7,5,DG_10pct,20,Z16_F03,16,SLG_A,157122,165452,True,7006.279583833282,7013.650977554107,7146.801199801965,1640.45732899082,1644.1569529855788,143.2199333908394,132.8851700007815,757.5200437189673,774.8589018531541,556.9518507675715,558.7995652820946,271.48514255945304,88.87614812948354,238.97914416982456,8431.893661267373,143.2296849314214,109.95173583087089,25.6890421596616,221.64971903898987,218.37751547316583,0.6931516395811047,,,,0.8373594857687048,,0.8525521949381254,,,0.5309332722924822,,,0.1419880341582308,0.1425547040995025,0.9104022371782041,0.9075008058966002,,,0.9849578400041094,,0.5324007274613347,0.5325491145344806,,,,0.5252916020244663,0.5212297438254644,0.520609401445403,,0.5272819444040526,0.5279125681151303,0.5276128688615327,0.5274142560600191,0.5285995888221456,0.5275079645808711,,,,,0.5294487842607023,0.5302868096045009,0.5294832650333736,,0.5305541419825099,0.5318355681056773,,0.5320282448389688,0.5307744469860181,0.5318075177782957,0.5310255688058743,0.5323015801495853,0.531913231032614,0.5317649248087634,0.5304931715599975,,,,,0.26485667106730204,,,0.26960175972306294,0.27060044777830666,,0.2697837652958665,,0.2695794468743928,0.2699327168444001,0.27008932615472064,0.2695325689039921,0.2704403793078307,0.2707093381945866,0.2701803899193793,,0.26938338942737305,,,,,,,0.2702010690466397,0.27040982849992873,0.2707016590474164,0.2696145439264984,,0.5298176184088083,0.5321871171979204,0.8752004669267943,0.5579971184983574,0.5555675283690754,,0.5577981379352485,0.5576144218159076,0.556430098419753,0.4067169244422675,0.40741503581291877,0.4078058934981701,,0.407344612896714,0.4075270839743103,0.4069957844027399,,0.40711359980411566,0.40692938722986,0.4071724304030449,0.4079625630409308,0.4064741277454491,,0.40839753988169997,0.4070768109382663,0.40702193372596657,0.406915204170395,0.4072247122189022,,0.40797505346947477,,0.40722851942165217,,0.406847467239654,0.40628131550838625,,0.40647895077816965,0.40703146301493504,0.4067880851665974,,,,0.4073214213670727,,,0.407145568663427,0.40720656674541184,,0.40712635568320027,,,,,,0.9562915629275331,0.9584163240217448,0.9574484666923692,,0.9584139902580793,0.9578526566405855,0.9585470688361529,,0.9558814630993969,0.9540325021359273,,0.9566300483173854,0.9567129314742836,,,0.9592833385053805,0.9552003796452907,,,,0.9544862647698766,,0.9569708483378894,0.9524631993713348,0.956412901582844,0.9567745302112185,0.9554227764639981,0.9553872762624956,,,0.955675304084103,0.9546088563841095,0.9575661811905138,,0.9573682209345621,,0.9548502340725743,0.9541717275909917,0.9531798503680087,,,,0.9552057089145568,,0.8815798829298571,0.8816573494843304,0.8806372259424279,0.8798108903240209,0.8798137791513658,0.8810555368023961,0.8790127677256697,0.878602572073957,0.8818842717085708,0.8789585931007737,,,0.8844048499993572,0.8829867799369409,0.883120384510275,0.878869950436018,,,,0.8786272769143093,,,,0.8782578310174289,0.8788378240846225,0.8791696297820539,0.879460661639222,0.8783335580391217,0.8803167196081464,0.8789701046864162,,0.8791005215991293,0.8813929433429211,,0.8800343347418208,,,0.8793970947326152,0.8810329565610382,0.8802666372722585,,0.8786492782211957,,0.8803592423796118,,0.8782123853279046,,0.8813473221700676,,0.8807548095678495,0.8790417576438486,0.8796445944916887,,0.5450453086713081,0.5443739982802687,0.38879140966239667,0.4029553465458731,,0.5587531175843531,0.5606582067874273,0.5604083833368202,,,0.3817673107863399,,0.38188165018352244,0.3824100443336825,0.38221614848332736,,0.38155148178263903,0.38211502727974433,0.3811950193942944,,,,,0.3825466202197263,,0.3833311008250794,,0.3826883438233237,0.38279634037499705,0.38343571737631665,0.38275899372541405,,0.3814546090336039,0.38271432826188695,0.3818369302020889,,0.38138996482411996,0.3808826570569109,0.38256762201201044,,,0.38195642974731603,0.38192770898870737,0.381769961074259,,0.38188927601640976,0.381952052174287,,0.3829781698569123,0.3815590729388379,0.3880760929346448,0.3869685473823601,0.3877649188843959,0.3880963544598059,0.387206770818296,0.38808002124508817,,,0.387358338322363,,,0.387988487729379,,0.38825766866912764,,0.38682469862386215,0.3879802947502596,0.38736120973211824,,0.3875720140688964,0.38673934426100204,0.3872520998206628,0.38615965187066587,0.38768491944477373,0.38738939802039624,,0.3870536601020373,0.38798416989200374,0.3883682331816309,0.38843697107298436,0.38742488301036276,,0.959792043827161,0.9600446501181286,0.962603866433413,,,0.9615068371269215,,0.9575010996045686,0.9591807731062639,,0.964146379608366,0.9554173625630694,0.9575014591362944,0.9592577537927413,,0.9560687566202598,0.956080649852414,0.9550832573226209,0.9604220187917539,0.957980046298982,0.9564839927671681,0.9605961329996859,0.9574157746682104,0.9559017598681393,0.9561902825488099,,0.9589998123644845,,0.9586442875262895,,,,0.9600932893132424,0.9585234242487044,0.9598897098413673,,,0.9582511742682847,,,0.9589144410173132,0.9598967149894534,0.9592090833268306,0.9585261608564485,0.9633271523219732,0.9601048276201974,,,0.9601603857435973,,,,0.9585930857131015,,0.9622848631721911,,0.9581734014997078,0.9587248850370894,0.957767052451068,0.9569368283044418,0.9593645975529382,0.9601749659526716,,0.958486437800475,,,0.9578392630054099,0.957964533386454,0.9575483702700549,0.9591781228199019,0.957496516217258,0.9595492666880081,,,,,0.9598276869347766,0.959656223333983,0.9565508030607751,0.9604266577752839,,,,0.9612699917486578,0.9601205251118604,,0.8944362068355974,,0.8935691435804353,,0.381645101658549,0.3808781295625257,0.380685816715266,0.3805300526705258,,0.5526158598177489,0.5529242205676917,0.5517061765729171,0.5523158130972026,,0.5529892278351133,0.40670156158527365,,0.9540135738592159,0.5612561261107549,,,,0.5488167648134223,0.5463497752376331,0.5328210515071087,0.5319486928180049,0.5327760847126697,,0.8694083393187158,0.9570930914687173,0.4388200809624918,0.8796977371927133,,0.44410096515242287,0.8827215264848205,0.9704643140125223,0.8895281843039639,0.889388724815524,0.8876105819774206,0.888914768657004,,0.44849038168906885,0.8922509409691938,0.9726043311729389,,0.8936753689767851,,,,,0.5774037846107323,,,0.5759320054764552,0.5779486851972073,0.5753680177128675,,,0.577857917674833,0.5769648613699543,,0.577995539951894,,,0.9846024258640629,,0.9832224937103204,,,0.9812841749527607,0.46878731604412593,,,,,0.9069306526761086,0.9086030106539187,0.9047613358616068,0.9848802075714239,0.9862750491804064,0.98701018802291,0.9867819743463794,0.587377346265563,0.5882076179404235,0.587496936455798,,0.5876592639137455,0.5879354399459754,0.5873914486761086,0.5880229365227898,0.5878322420793272,,0.5862505688546924,0.5872306582882432,,,0.5891023025729599,,0.5883203489741409,0.5890052670453801,0.5878072421854161,,,0.5890261797567586,,0.5879447483754096,0.5874804555171154,0.587605139851627,0.5875593911731305,0.5882282248038456,,0.5876900256120504,0.5887794403610221,0.5863832388997003,,0.5892751966704081,0.5897080277128557,,0.5884626383775627,0.5887784573569991,0.5874950847913952,0.5898941295137102,0.588205432939072,,,,,,0.5901837559297776,,,,0.5872424528026687,,,0.5884163711313062,0.5893194989712162,0.588668121589873,,,0.5876050920631178,0.590694772961235,,,0.8991243424219004,0.8975801245737661,0.8967425867550648,,0.8975692007768727,,0.8979810555139583,0.898274745749912,,0.8957169435265468,,0.3654370627837424,,,0.36432688351645665,0.36503244713236166,,,0.36496302581087253,0.3647578692611343,0.3658624375267596,,0.3645449175193302,,,0.3646632373061274,,0.3644638621797317,,0.8983622786946643,0.9002115340568182,,0.8977110967433802,,,0.9001599388403486,0.8991424431135716,0.9616364927685431,0.9618108300832169,0.961494379246766,0.961267858712804,,0.9603935892352702,,,0.9618527174512462,0.9610692556747857,0.9612884135426065,,0.9595996342246078,,,0.3642340491766394,0.3646696344054445,,0.36614868262355443,0.36564136867552993,,0.36521789697167056,,,,0.3649838352515995,,,0.3649853933519996,0.9657295474438642,,0.9590101092943534,,,0.9604071264576078,0.9639603245557955,0.8983057373334581,,,,,0.900525345480578,,,0.8978347502446523,0.897294940853511,,0.8986181652000015,,0.8976951012643523,0.8993054797430181,0.8979697871470445,,0.8983055395159543,0.8956081082774742,0.8998730644024541,0.8987541516697952,0.8984925979549607,0.8971325844944775,,,,,0.9640075549754359,0.965503243833939,0.9633897607741703,0.9645512895673665,0.961668070383514,,0.9612898897794134,,,,,0.9586426040364571,0.9634141640371184,,,,,0.963242251433626,0.961764340798444,,0.9639600864163282,0.9632666012820438,0.9634310543324919,0.9626160396792748,0.9645115054302059,,,0.5622030630217474,,0.5638652802339243,,,0.8867014853758606,,0.5306161344872428,0.5298444278452688,,0.4601584111430997,,0.5323090170997786,0.5357313254765262,,0.5348455831157762,0.5354015125682562,0.5327033935777264,0.5360783867251867,,0.5347488684216324,0.5350231347513421,0.5354958389541564,0.534918293374253,,,0.5351282804315798,0.533109262350717,0.5340593571789195,0.5343552555339847,0.5327233955243452,0.5343211498720551,,,,,0.5340353008589308,,0.5328821013434369,0.5340324264481271,0.53394865957113,0.5332228146267237,0.5350013686339398,0.5334155399644457,0.5340586597163212,0.5329409440074465,,0.5340225502261687,,,0.5352788739578237,0.5353194076339916,0.5359906929719909,0.5352776235134664,,0.5350056535400475,0.5350515260584435,0.5353728204232184,0.5334934602000714,0.5339646251925817,,0.5351265760379279,0.5350965726086091,,,0.5335905483492274,0.5338508969395953,,,0.534002942413915,0.535629557034409,0.5346491267794268,,0.5349027495194334,0.5333686458967014,0.5346588878235493,,0.5341157736443546,,0.5346675594895378,0.5353206327169078,,,0.5354130894440778,0.5342407946572879,0.5337489477929253,,0.535127074596493,0.5353945201942053,,0.5335845831042905,0.5348941344969104,0.5348635438620688,0.5359277558826844,0.5341790144802748,0.535804227533419,0.53559133660021,0.5355072970687047,0.5341510677579537,,,0.5346382547528807,0.5336391024140665,0.5330445656948474,,0.5339079372017348,,0.5327048340425448,0.533972917610977,,,,0.5333519263996092,0.5356790550026286,0.532906354133761,0.5354949146016991,0.5351041762997651,0.5346119236516802,0.5337447862110064,,0.5362406240615458,0.5337955877201052,0.5333829697429059,,0.5353770494368586,0.5342575118213949,,,0.5356538864961812,0.5358389732899878,0.5336965422808153,,,0.5334331713476599,,,0.5357391038673082,0.5345863072087869,,0.5351131976985735,,0.5364636900728137,0.5350326299538954,0.5343652914371831,0.5351395603422996,0.5342680955169865,,0.5359939414949852,,0.5324569196680486,0.5349331660243771,0.5334748947215305,0.5354576326934142,0.5348966703242923,0.5334327011493091,0.5351528129354296,,,0.5341172484023494,,0.5338383525352108,0.5348231749829899,,,,,0.5345092666642571,,,,,0.5348362276731103,0.5351137555318124,,,0.5348851156677965,,0.5338501687282915,0.5334856912768613,,0.5243849700208468,,,0.8882073290792797,,0.09305989165836016,0.09316234605399458,,0.9163784309118983,,0.9867394414596157
7,5,DG_10pct,20,Z16_F04,16,SLG_A,157121,165455,True,6137.154104899195,6122.869502894336,6241.899597230826,1515.6542388841985,1520.8185834233993,131.07656095349438,122.72763260580211,719.6534833593498,730.412949993081,533.155876355026,532.7716563389246,259.4630918371771,84.22525863563273,213.66631850985542,7402.635996197663,130.3240362035094,101.27146931682962,25.97973693805952,202.77694575350975,207.0574778062676,0.7128619973386221,,,0.6625504086420172,,0.9577639142125712,0.8605677125285545,0.5472171605001201,0.5448829390602682,0.5449217148261438,,,,0.2508054026854105,0.9152961888420397,,,,0.9803732054134519,,0.5473622692038985,,,,,0.5555304933900527,,,,0.5577260867493402,,0.5575294662867771,,,0.5598343371943487,0.3453612705807549,0.5500128386406868,0.5508597357117635,,0.5606423823740566,,0.5618602616735108,,0.562022809620003,0.5628842395972563,,,0.5625890902724584,0.5634643901393256,0.5610135007247113,0.5645066493904812,0.5627133703019834,0.562348363308567,,0.562918544057922,0.5638467074233261,0.5622659761411614,,0.3589664643643011,,,0.36165527553288584,0.3626096230525381,,0.36253892571530727,,,0.3629384319961239,0.36308117944409457,0.3630201254176041,0.36343925211377454,,0.36351626152231264,0.36392906470996084,0.36400240681434437,,0.3629629906321124,0.3615771683774235,0.36355883635403596,0.3632287816041217,0.36246503542080744,0.3630163680890902,0.36281175713087466,0.36350647708069794,,0.5603193778231392,,0.561446559950362,,0.5902986280642898,,,0.5890142701745967,,,0.4845623109170345,,0.48502082100862837,,0.48471035409748237,0.4842129501997437,,0.4857291720929574,0.485558477491466,0.48494688860443835,,0.48647883576592077,0.4849983410211634,0.4853005445212625,0.4842847818312779,0.48496160959093676,0.485310778506944,0.48607542589047553,,0.48465550531588797,,0.48501832589080884,0.4840310356514199,0.48471211766438077,,,0.48331904870270287,,0.48506459500536536,,,,,,,0.4858201866003939,0.4850255866239512,,,0.4858599752365793,0.4862610901054149,,,,0.9692119038388582,0.9703607504235905,0.9714089578515583,,,,0.9708804482656985,0.9700219369088524,,0.9709482865601213,,,,0.9699474990884842,0.9718595949590848,,0.9751761660188789,,0.9678202842670357,0.9712125241920442,0.9706834721202522,,,,0.9716699665695878,0.9704694975832214,0.9710947193119558,,0.9727882196037034,,,0.9712579945593618,,0.9676781239698391,0.971411423330482,,0.9717156720251203,0.9718662922447845,0.9696066600990029,,0.9681220504834152,,0.9717450231654001,,0.8842639341780133,,0.8840222215615983,,,0.8850065608912422,0.8884854735573822,,0.8857121989248866,,0.8867686029508731,,0.8842429004974998,0.8841407572454549,0.8845018888979794,0.884689095157157,0.8851856210844619,0.8847355915542522,,0.8872372136411161,0.8845392547831743,0.8853738001711983,,0.8844883070345567,,0.8834888372523171,0.8828318450227004,0.8869605076852148,,0.8848830571717147,,0.8828444229244781,0.8846676670164195,,0.8846465267705788,,,0.8847140303598694,0.8831483292423488,,,,0.8866102775155273,,,,,0.885505363996671,0.8870856404630746,,0.8837094519573663,0.882003503284355,,0.5793092961648754,0.5778593199535285,,0.4701854263973241,,0.5909517296470046,,,0.5900803628895497,,,,,0.46564469110861206,0.4643709818199024,0.4662368427045073,,0.46499754646919983,,0.46428198884253313,,,0.4647299778347377,0.46397079509543493,0.46397563846594186,,0.46387122834063,0.46288626727570625,0.46416017088755235,0.4651622113370139,,,0.4654670197937363,,,0.4635149690161842,,,0.46341806848277856,,,0.4635488163469486,0.46402117064989057,,0.46275879528201713,0.46325907154812346,0.46460041120118367,0.46342699577180385,0.46364301912140704,0.46441465589446745,0.46216996720754105,,0.4687628448926518,,,,,0.4674673122129157,,0.46807663467892313,0.47069060067876417,0.4721857747391818,,0.4684474864991683,,0.4679482363245364,0.46926471334100917,0.4683864464478977,,,,0.46790753532524454,0.4687179658367502,0.4692499218202804,0.46915222953716157,,,0.4681082708466789,,0.46913802764469953,0.4679231324741632,0.46941307201527005,0.4683933557509344,,0.9723603605977129,,,0.9739042459375417,0.9744230008395395,0.9709463687336198,,,,0.9728583867276314,0.9740921267276371,0.9728997931958221,0.9722798997001277,,0.9734323015939185,0.9721359052281711,,,,0.973322064607827,,,0.9716997532401708,0.9705458799972372,0.9704842200837074,0.9722984293929712,0.9716580720888278,0.9710576782123063,,0.9704139630863583,,,0.9709303262708657,,0.9696653214296644,0.9762779529701079,,0.974045228900003,0.9742159953261104,,0.9739231950287098,0.9735598807209681,0.9743393200170035,0.9740558447342196,,0.9729168395720514,,0.9716116603369382,0.9710712276550605,,0.9734177760353934,0.9736018177826566,,0.9710977969177178,0.9723560536346533,,,,,0.9718881659706661,,0.9716088998920647,,0.97356774774034,,0.9712227568538933,,,,0.9681452608629324,0.9745272744199533,,0.9724240244697765,0.9711770555435649,0.9741918153833798,0.9755079774426044,,,,0.9713338206109408,0.9736103646696112,0.9710506075811774,,,0.9717862892556001,0.8990859417856784,0.9005991579575834,0.8983894442076302,0.8984384141634629,,0.4632878474389264,0.4627459038103177,,,0.5854491208919845,0.5847040765668177,,0.5838202888463802,0.5842842375623142,0.5854715838623391,0.48461720500595407,,0.9700575224842484,,,0.5923249907123375,,0.5811529938141282,0.5798500306730171,0.5620393572647484,0.5640800707736903,0.563035666668477,0.501078040214854,0.8749860243046453,0.9754965694289368,0.5144921329168205,0.8854395735956421,0.9826791826320059,,,,0.8920102543708337,0.8927457975351507,0.8937203274344714,0.8949560787330209,,,,0.987386241974232,0.898679538629369,0.900119591163924,,0.6096448983218112,0.6100410673136206,,,0.6108184660021063,,,0.611301233339068,,0.6104733850449688,0.6095070572313143,0.6102343226692578,,0.6109897610951724,0.6118159180383099,,0.609697336580047,1.0028010402188692,1.0029530470195702,,1.0025804517362977,,,,0.5411790777429442,,,,0.9075055408531806,0.908612886317643,,,1.00866443164557,,1.007376473115936,,0.6230639359945579,0.6213196106974409,0.6202868326992783,,0.6208636906877734,,0.6226738928021145,0.6219757187304783,,0.6210902838916507,,0.6232244165912266,0.6213465515520544,,,0.6212307187701056,0.6222018454482187,0.6212105515550677,0.6233688953693604,0.6221811994638768,,,0.6219199900658774,,,0.6223224446025523,0.6214399612593935,0.6208595687287898,0.6225094498956166,0.6228688904498645,,0.6225379037222027,0.6227529204011258,0.620706538824516,,0.6225022721893333,0.6212383464165415,0.622290517951499,,0.6208986570072063,,0.6235007986713582,0.6218799838886921,,0.6222774335981455,0.6222828626001657,,0.6238089216793187,,,0.6232664180393234,0.6220843445924994,,,,0.6223008322416748,,0.6230028366040747,0.6233933373694632,0.9003465004670547,0.9034620986807144,,0.9031571009052695,0.9038714876068061,0.9038718077300253,0.8991667603252745,0.9024360307360675,0.8995961428986079,0.9021897803293111,0.9029501591217556,,0.4503674906640405,,0.45022716860672657,0.4494246422550904,0.4504317704603376,0.44947977702883035,0.4498591701868786,,,,0.449743531205285,0.4503244086012123,,,,0.45124152204940193,,,0.45002377372754754,0.9028316503493048,0.9041402628647602,0.905911782286858,0.904023715898328,,0.904895675053509,0.9068053089917226,0.9026989953268777,0.9706799757980994,0.9722258824224965,0.9713170034771624,0.9731846211603845,0.9726245581410975,,,0.9720588161976639,0.9713866421194634,0.969868121608238,,,,0.9738977513235834,0.44760415460867803,0.4504839336757881,0.4503632583895693,,0.45167225239667746,0.4509806702006912,0.45060088841588813,0.4501082751579121,,0.44916094881182733,,,,,,,0.9751262108536847,0.9719554701324842,,,0.9744322231919949,0.9735539115692307,0.9020530669298573,0.9044239919943793,0.9019686790797261,,,,,0.9052124143325637,0.8998833307897621,,,0.9037697397333645,0.9047293541197257,,0.9026099810862769,,,0.9041019578214635,0.904775004318834,0.9017264516983122,0.9049566852408192,,0.9031657359694695,,0.9027416805729938,,0.9019363763744799,0.9750252662307164,0.9745985383807836,,0.9709961392308974,0.9731934729653096,0.9709232739585623,,0.9720751481212806,,0.9735008930273094,0.9682353350510161,0.9730065210161473,0.9710823187341057,,0.9733018364009561,0.9704796228740575,,0.9728006389243969,0.9728116664431977,0.9748305948757189,,0.9711752462996178,0.9723975943470304,0.9697607444432922,,0.9749614943431483,0.5967459953799638,0.5963331313626273,,,,,0.8972313803439714,0.8861521382513868,0.5611318684010941,,0.5622102326259648,0.5320149487019442,0.5498739714497933,,,,,0.549433731962368,0.5500471767397784,0.5491796286046544,,,0.5505517004246943,,,,0.5494169707532115,,0.5492594063116747,,0.5499481325652827,0.5485247518443573,0.5495034846185924,,0.5493897316992765,0.5493015563276492,0.5496425261145576,,,0.5497938695253545,0.5484000000665551,0.5485173773502776,0.5501452633385134,,0.5521381802791877,,0.5489946276913324,0.5480052298525404,0.548981832044142,,0.5483055274417504,0.550360321725721,0.5494971302481649,0.5493039775749036,,0.5490307455938209,0.5488198468689275,0.5490719774418236,0.5508777133717813,,0.5487354644214553,0.5508098926082926,,,0.5506017977150259,0.549077105020648,0.5493925573466945,0.5486465639907073,0.5500989097525137,0.5504482164253732,0.5494597169405158,0.55055105422123,0.5490077717693885,,0.5493212505972125,,0.5497072209433675,,0.5490449713856616,,0.5505226954339069,,0.5491719402456021,0.5474153240422294,0.5488649837111538,0.5498422383799523,0.5483133111965729,,0.5497357637006034,0.5478292718001441,0.5484771359147504,,0.5493102872958511,0.5488072875307582,,0.5495069577902181,0.5500237483211683,0.5481120206465321,0.5505132097685497,,0.5485222128620423,,0.5482703936470056,0.5489598872572514,0.5494129672030807,,,0.5499292734163092,0.5499294825308919,,0.547413240278889,0.5496709091998176,0.5495796635520404,0.5492720343410622,0.5511958506470233,0.5509272055806709,,0.5484533413019265,,0.549514285755258,0.5503910339700043,0.5510398942167286,0.5483246709728485,,0.5515115656436721,0.5506584149014163,,,,,,0.5486408913710314,,0.5501394191823435,0.549982269619427,,0.5508922887498936,0.5495041547782304,0.5485693626743512,0.5497926925315009,0.5470698487575112,0.5488239497701594,0.5500018481149287,0.5490201578604457,0.5491101292333359,0.548574884439897,0.5485224094542636,,0.5497325970335397,0.5490968109952813,,0.5493961179095314,,,0.5498150961957733,,0.549132935323644,,0.5505308622436124,0.5480815843266023,0.5484850797654713,,,0.5486810815773324,0.5490969582158455,0.5501467488511362,,,,,0.5508008942268475,0.550347272944296,,,,0.5481077886923564,,0.5504074356359236,,0.5508434608465962,0.5552837222809835,0.5542577315124548,0.556268495194967,0.35005630222438644,,,0.2074528705483149,0.2081182848837689,0.9207490745134572,0.9221854858410952,,0.9829575092770182
7,5,DG_10pct,20,Z16_F05,16,LL_AB,318386,283563,True,7612.76093038136,7565.194856887625,7622.100091961557,963.179203021106,966.8040438128361,90.53300153120016,81.28136676996981,479.91632593210517,499.58160142096074,370.58099689036095,370.1673133768328,180.95730596383353,59.91656123957686,170.68960244229206,8285.730664773644,90.86598414932459,71.0484259115738,22.763340321690272,135.6432288884198,133.25331344461367,0.5440589587594795,0.5442637088027824,0.5441063142360274,0.6506976399001559,0.5386742560941281,0.8577170943897183,,,0.06744502738398662,,0.18449792004237814,0.22885962206491273,0.22900080498191203,,,0.15934375164391915,0.15974895055428442,0.9362513072925317,0.9377568713304779,0.9401201576049759,0.0001165686252260661,,0.00011665711727922814,,0.26086180481325044,0.2607732471609821,0.26124819798129983,,,0.2616050776840776,0.262084528090557,0.2622542977057087,,0.26206326758248644,,,,0.26338253885529567,,0.26301357242039813,0.2624757718261248,0.2625951097794178,,0.26291538250519025,0.2627126689901794,0.2634141921265041,,0.26284045701559305,0.2629771753971449,0.2639505691619434,0.2624835538709196,0.2629598437139292,,0.26261655864870287,,0.26302345357664897,0.26304013223415645,0.356458699983762,0.35578110803475543,0.2277198369738953,,,,0.3634692144789895,,0.3628135458099554,0.3613125248058197,,0.3625196653330356,0.362222710618547,,,0.3624047070910426,0.3631382711850302,0.36199816186191036,,0.3621382980519617,0.3625785762230036,0.36184905928699135,0.3626199060434449,,,,0.3617933013954652,,0.2639445260366679,0.2638527146104705,0.2634276998747866,0.28487911707542934,0.27692048741728,,0.2770601834202012,0.2770284493685475,,0.27679078792166384,0.49515518309849577,0.4930338839569038,0.49431239613753725,0.49422628237229693,,,0.49563683218635357,0.49575978144060967,0.4944922907988472,0.4956090425856387,0.4948282078980706,0.49410186309281273,,0.4964327013499805,,0.49410933037097804,0.49449325977400277,0.4952417411600096,0.4951286912482278,0.4951157901489577,0.49468219950018544,,,0.49443497186648533,,0.49548841808487565,,,0.4939216866759983,0.4948029135859601,0.4945255191455001,0.4942003550890962,,0.4935189011079119,,0.4947925088359741,0.4937651582180793,0.4943835332760106,0.4953171348637318,0.4936743470590151,,0.4958050955408859,,0.8196850698061355,,,,0.8191340502521623,,0.8184476863427799,0.8194688186939592,0.8167797115125334,0.8194583853931199,,,,0.8175238227735199,0.8150461597129042,,,0.8173557815466324,,0.8166070127512236,0.8140130710375522,,0.817069622988196,,,0.8182093522383683,,,0.817268497468094,0.816428822914991,,0.8132215352883269,,,0.81630790033035,0.8168946199149092,,0.8184424155853959,0.8150066460294513,,,0.8153842185555705,,,0.8132962720831874,,,0.2878900243537531,,,,0.28714161001254335,0.2866292080975718,0.28622808762839164,,0.2864652511350077,0.28649698941572066,0.287299692300316,0.2872600185844056,,0.2876269563363025,,0.28787634595109846,,,,,0.28601576188419786,0.2874271264465897,0.28705028516387726,0.2872486794098519,0.2875431772079771,,0.2867195112154641,0.2873094780983049,0.28598552759519114,0.28786752255871906,0.2878253270166543,,0.2877471520765861,0.28676967053658414,0.2876346109996031,,,,0.2881032905371541,0.2871166006593154,0.2863858464294779,0.286953109398584,,0.287210784820084,,0.28753777955917387,0.28699655718942035,0.2868849138703424,0.2875495925244486,,0.28783775934115985,0.27613883413198215,0.2761038227236799,0.2761603620585497,0.4764047046016003,,,,,,,0.2770777207134977,0.4696008452986328,0.47022436347183527,0.46955923944256933,0.46892677325119103,,,0.46885112127110556,,0.46883649949760864,0.4698334477089124,0.4701700891641494,,0.4680964830903527,0.4683391381706155,0.47056948960067424,,0.4685987985679252,0.46830768109965415,0.4692820371416938,0.46866313888961675,0.46993618355060424,,0.4686520404619156,0.4684563868123633,,,0.4689789340077834,0.46869435942247123,0.4683692690073299,0.4682591951309997,,,0.46950612774654843,0.4692828939732165,,0.4685842535668079,,,0.468903411432377,0.4682371691505484,,0.4759329455260259,,0.4743312372261236,,,0.47668359684803496,0.47594957387983455,,0.4752146188214505,,0.4756487658287597,,,0.47508067114748276,,,0.4757497591990183,0.4750494876503032,0.4748397654539036,0.47476109523668186,0.4748900786443841,,0.47523255072871695,,0.4747153689231324,0.47583578464166026,,0.47502093398634315,,0.47501017773888293,,0.838430625904591,0.8382428811494427,0.8422066727476821,0.8417679993248529,,0.8399476773722319,0.8386713660385804,0.8388939013705168,0.842094434356283,,,,0.8358471970041418,0.8375441911647749,0.8332084364062916,0.8362359724005968,,0.8337074222795958,,0.834477412367779,,,0.8328332789219098,0.83217035568965,,0.83470030697697,,,0.8366182061667751,,0.839867523845862,,0.8366844671623423,0.8377022993311151,0.8380792489667761,0.8380162459745837,0.8398544835791758,0.8421330612710054,,,0.8411181542182107,,,0.841722103017546,0.8416855422695084,,0.8404298441917911,0.8405651097466647,,,0.8409311583750486,,,0.8409981202266007,0.8420331626273626,0.8393561554261422,0.8391328786564343,0.8329189858611195,0.8326839542799255,0.8326979508328473,,0.8338654077584225,,,,0.8347673818676551,,,,,0.83477988359269,0.8338092302544656,0.8350335632079332,,0.834631304230325,,,0.8350488702957656,0.8358992460920657,0.8350491303009737,,0.8341502617134156,0.834111056524688,0.8351622287635058,0.8339662579877615,0.8391061285264891,,0.2777776825688074,0.2787393209873242,,0.468106311868666,0.4664536440355645,0.4678694531681998,,,0.27595289527205463,0.2764991157536083,,0.2761858177251457,,0.27653576387142514,0.4923416839233974,0.28651496984500174,0.8159606297529735,0.27870759666772454,0.2778489415950864,0.27892409209680347,,0.2775879861712874,0.27766432106646544,0.27452368624719775,0.27445973564283543,,,,0.8020418899007594,0.5302735082093678,0.30366275929748676,0.805622073173974,0.5359102435342082,0.3056936388084635,,0.3098005593715491,,,0.3101114889337918,,0.5389446867756577,,0.8065328501309582,0.31468429420971233,0.31427580460614796,0.2855683540961815,0.2851295131226056,,0.2853813091520534,0.2852294619572838,,,0.2846495205700875,,0.2844442767140553,0.28555920002213947,,0.28439511359902875,0.2862696285449339,,,,,0.8112829614491655,0.8140936357276569,,,,0.8096391720629929,0.5634321370966314,,,,,0.32362847472777617,,0.32474910571685445,,,,0.8151382341298394,0.29039328156219046,,,0.2903806572568961,,0.2907184857690152,0.29102420144322033,,,0.2909184708659338,0.2903706612918261,,0.29156271494380054,,0.2898270366032454,,0.2910215387162081,0.29059630449630824,,0.29063152352299715,0.2903252253125049,0.29065878368761505,0.2909383905244794,,0.2914720513210374,0.2910857994636018,,0.291622814196995,0.2913274254379425,,0.29032899498499315,0.29028710197347146,,0.2901723038777755,,0.2905029840851454,0.29083302152108065,0.29194669019857916,0.2909303107452637,0.2906379819013022,,0.2902243673643482,0.2903101051319409,0.2898192070216877,,,,0.2918895554811755,0.2911652448476578,0.29091847704454993,,,0.29119020457279104,0.2906446643325825,0.2911827152084086,0.29026221112118206,0.2910493405674628,0.291475867732296,,0.2911565955288435,0.27201316992741037,0.27151109900749876,,0.2719622262765552,,0.27238552907910846,0.2717300118859021,,,0.27126015278581217,0.2717103449537089,0.27110188729309354,0.45063182685407466,0.4506313347142642,0.450663280039196,,0.4517919173020352,,,,0.4520268296738498,0.45115825287866507,0.45141906823297256,,0.45247243140799753,,,0.45107926043304636,0.4506643556811787,0.44975276260271313,,0.27182644442075365,0.2713871974539715,0.2725173456023135,0.272116048982899,,,0.27132553507935064,,0.8534254086492511,0.8538194571964351,,,0.8540626250953587,0.8546534167181533,,,0.8546325873412253,0.856742076010522,0.8562373471529848,,,,,0.4496146799432141,0.45230064376119394,,0.45236545724911587,,0.45133717037582494,0.4502105513365296,0.45072393546817024,0.45060425508729246,0.4524619059435023,0.45207793662215645,0.44550604614421957,,0.45016158747468893,0.8555664793542929,,0.85646526541856,,0.8546160314292505,0.8554056996490845,,0.27217749697518123,0.2712431608942991,0.27164423741286803,,0.2712387805477207,,,,0.2717500077625344,0.27219393960199045,0.2719944876106028,0.27160898060857375,,0.27249561574558573,0.2720708273437681,,,0.27226283455425765,0.2715853166319116,,,0.2719102659185634,0.271449108962785,,0.2717492317558363,0.2721665264393649,0.27196347479204036,,0.8589631339971208,,,0.8573099716168476,,0.8573640940414341,,,,,,0.8569816411136345,,0.8541674378292551,,,,0.8549787358936759,0.8549516178497478,0.8544037592530485,0.857311525872281,0.8552335575192219,0.8556778107254198,,0.8554874546900105,0.27870920425674517,,0.2782114050352325,,,0.2791859236208338,,0.2665138896925917,0.2629603746489029,0.26314232379312963,0.26305333090010136,0.5522961813523877,0.00011480823159177655,0.00011550895770752656,,,0.0001154850556933174,,0.00011581550271857113,0.00011555526651193535,0.00011552436654085945,,,0.00011560429160271646,,0.00011562450877937001,0.00011541570599393629,0.00011551602193417396,,0.00011535471335299258,0.00011538770079056396,,,0.00011565901661413944,0.00011538129098226535,,0.00011542847680020893,0.00011547916768718294,0.00011526167242616817,0.00011545445865157483,0.00011558277126655005,0.00011561977858643693,0.00011548626997016059,,0.00011534323774651094,,0.00011542155688547627,0.00011512111632303986,0.00011566179276065411,,0.00011532511970215055,0.00011532088329515672,0.00011558941085691844,,0.00011547639841711706,0.00011563853743528662,0.00011560870580017031,,,0.00011553281972202469,0.00011555448135486815,0.00011520817856640605,0.00011566025361708155,,0.000115485710109043,,,0.00011549436547680987,,0.0001152476583039898,0.00011514681892797075,0.00011519356166438187,0.00011537988426183381,0.00011533865824784805,,0.00011548736649519975,,0.00011547447053229367,0.00011555069045333732,0.00011541589425020288,0.00011579150600259024,0.00011564039893437436,,0.00011587838697139514,,,0.00011526574871607873,,0.00011540511273174084,,0.0001153233112606794,,,,0.0001153839189844359,,0.00011535825688838475,,,,,0.00011547592250330622,0.00011580535824154334,,,,,,0.00011570888160920439,0.00011547270221277581,,0.00011565894007537152,,,,0.000115785104945885,0.00011571190059883442,0.00011553205817830583,,0.00011547244090051473,0.00011543744507270349,0.00011531999924372577,0.00011544821483228932,,0.00011536568352450668,0.00011549575045820071,0.00011563950899844278,,,,,,0.00011523821529821222,0.00011582075095241059,,,0.00011532538108383934,,0.00011543974537994966,0.00011548663456239366,,0.00011548879571832508,0.0001156051225627575,,0.00011529325126377912,0.00011522349512210645,0.00011549133082708217,0.0001152214534840424,0.00011529662700410344,,0.00011537996229903316,,0.00011535756587571787,0.00011550796124424679,0.00011548160181763154,0.00011513411439967663,,,0.0001155824057762004,,0.00011544520233129541,0.00011510394237890653,0.00011570162073980898,,,,0.00011557164427150814,0.00011544415009546342,0.00011520108631584816,,,,0.00011555161525677328,,0.00011549512127104889,,0.00011568824333705833,0.00011570697660508292,,,,0.26279645588000067,0.262668764807889,0.34490842489861945,0.22969430530765095,,0.17882240074390324,,0.12522233537966124,,,
7,5,DG_10pct,20,Z16_F06,16,LL_AB,157122,165452,True,7969.359845914198,8022.614981489957,8043.686365768348,976.879336464893,978.7816938828975,94.72036008628453,85.43244906668848,472.42798121240804,491.2504218475961,360.1726075732917,362.1225170189784,175.6943519371151,58.59572053745094,183.58701176367637,8904.278644343212,94.26125147799735,75.69291764124324,22.196209952886672,143.57363782230078,133.1070081091177,,,0.5138552762616138,,,,0.36274116044254584,,0.00012310445308129678,,0.1333579949357405,0.15487624204708778,,0.15519387461188835,0.1061235938210118,,0.10616893133289738,0.9383769015568307,,0.938567745128179,0.00012318919857464984,,0.00012320768709413776,,,0.2056718869223514,0.2057486016345555,0.2058259104085996,0.20598488384541896,,,,0.20591459396233192,,,,0.20653103808996992,0.20673187175860203,0.20682333588696675,0.20709884594525413,,0.2062251629845559,,0.20647385727400888,,,,0.206710703691172,0.20693609908171662,0.20650884419160223,0.20677419137730144,0.2079314059923691,0.2067270290007195,0.20677277149755954,,0.20665515802380624,0.20655629110670462,0.2928964448098545,0.2944928221517635,,,,0.2998413801739176,0.3004500704594686,0.30054340631382587,0.29992965579902864,,,0.3000373443143782,0.3007434415694118,,0.30018561120936216,0.2994041072872761,0.3011043760312287,0.30040945465986774,,,0.30002644509620524,0.3001831655591026,,,0.3005688643603706,,0.3005160601328156,,0.20709779207363815,0.20731312728341647,,0.25484930957300705,0.21864369901839323,,,0.2177701292536919,0.21717826178143365,0.21769044171304952,0.44163883278492977,0.4412010074876928,0.4418925852492683,,,0.44059677924300367,0.44048413623851806,,0.44046210674754604,0.44260900093212063,,0.44166350187898146,0.441927541342825,,0.44152351725104605,0.44123384924564707,0.4407825467577661,0.4422960070218449,0.4392445512525857,0.4414155790987861,,0.44057236575647446,,,0.4398061139791879,0.4412802124551397,,0.44086685898172495,0.4416037780456997,0.4403478337038272,0.4398968304397939,,0.4408781621966035,0.4394159427162575,,,,,,,0.4411521433478976,0.44128898044961556,0.44129783753409446,,,0.8006486428014032,0.8022363696379173,,,0.8023380060848132,0.7997544292117302,,,,0.8018324232970316,,0.8002213130197736,,0.800164439569387,0.8004181204111693,0.8006840884066063,0.8021876415819852,,0.8000817854241441,0.7971808175056345,0.8009252858320145,,,,0.7976921453410714,,0.8001711755341864,0.7976886190803189,0.7977871252792013,,,0.7987735055294662,0.8023815166320637,0.8006935881671791,0.8008106042382905,,,0.7992101153003579,,0.8006170029142873,0.7985293687346896,,0.8013692604195667,0.25621785078743803,,0.2562625327536631,0.2565439029766873,0.2566677132623028,0.2559859058799368,,0.2565402606556338,,0.2562689189445602,0.25667630337825087,,0.25661592178705567,0.2569538040636857,0.2560460381853703,0.2568285296858479,0.2551496741193978,,,0.25683145913088684,,,0.256123117111818,,,,,0.257032447828065,,0.25592434824719956,,0.2562438216877302,0.2560753064864385,0.2569578225684617,0.2564145005045519,0.2569727161447071,,0.2560015067804806,0.2564334571047926,0.2565187826762529,,,0.25580003015931746,,0.25621720467201453,,0.25649888669534565,0.25596266597458334,,0.25601063653847494,,0.2560190547300999,0.2559713579192949,0.21675381183228265,,0.21664495164393718,,0.43631982218605225,0.2182159772045697,0.21778852834730214,0.21753392337520916,,0.2179966826093991,0.2182529846874084,,0.4129820602046195,,0.4138400060201828,,0.4138756537594835,0.41347071836462146,0.4127862681916053,,0.4137973041455749,0.41512054748768845,,0.4137254719014336,0.412985162023154,,0.4134530237157943,,0.41301802774315743,0.41410740132131363,0.4151229477960328,0.41399747490264827,0.4148880643851495,0.414049602994604,0.4136899630454211,0.4122349565347613,,0.413572549937825,0.41210118686893515,0.41297782421490786,,0.41392689850351183,0.41253423184791554,0.414304176186005,0.41219111628520133,,,0.41282308415139335,,0.4136277025900266,,,,0.4196321214208546,0.4183260247364485,0.41896180584361126,,0.42079492923509465,0.4190308935073248,0.41921236148115054,0.42005564960571556,0.421032974620315,0.42003820215781074,,0.41971354047713333,,,0.4200194779140989,0.4197547632773378,0.4199341113688742,0.4198077086912343,,0.419163751041067,,0.42047972155773905,,0.4184948496884831,0.4194869586246545,0.4186272978722245,0.4189736581104242,,0.419591834837162,,0.8280182148542689,0.8255827217952301,0.8262847986563046,,0.8288900167033812,,0.8257410272692868,,0.8254487622034741,0.8268677561204038,0.8256128086995705,0.8224059850895624,,0.8203304863410337,,,0.822421655544166,0.8222704407628789,0.8202770493322697,0.8199822075604101,,0.8212749903188087,0.8146029541388058,0.8188004968678615,0.8197515592312948,0.8202362730892606,0.8264278925974737,0.8235626392350212,,0.8263453242617123,0.8265545043361676,0.8228793606051494,0.8242482233086482,0.8274957535000036,0.825812439780965,0.827005010747861,0.8250103750048242,0.8268914069864455,0.8255548167150719,0.8248187675532725,0.8276887699504738,,0.8275153680053995,0.8263850166771319,0.8264603747736876,,0.8245165355177795,0.8248308159540678,,,,0.82403259932059,0.8264719174788293,,0.8261712375759536,0.82631911053271,0.8236865602638708,,0.8173572403986975,0.8183374756903535,,,0.8229092926490835,0.8204560890706871,0.8201615674159625,0.8198735229234032,0.8205616793664063,,,0.8224356053408598,0.8185221222019922,,,,0.8196600303151136,0.8181074986973935,,0.8189397454947496,,0.8226199590206849,0.820003772709229,0.8192863645082802,,,,,0.24227741870439154,,0.24277248801807083,,0.4120099521337375,,0.4117460640915269,,,0.21682020821360146,0.2162694364492365,,,0.21740683484742207,0.2172437007273716,0.44071925223563874,0.2562072461923473,,0.21864874185473465,0.21916396078738895,0.2186850265196095,0.21813650465988335,0.21803700787475527,0.21857333348298752,,0.21645175774443443,,0.4629530592253883,0.26715718868903787,0.7824145130623446,0.47826156583234924,0.2775334110785515,0.7852138230120053,,0.28196832975914315,,,0.284608034667238,,0.2841964161719877,0.2835970935749641,0.4881887886926098,0.2845512283177643,0.7882206742943598,,,,0.2241679312004278,,0.22454352758390286,,0.22429619229732048,0.2246737877476677,,,0.22415492248250554,,0.22393364145906436,,0.2233890491682957,,0.22491930201046786,0.2242400899999826,0.2243652464669124,0.7926096647390871,0.7942769290768281,,0.7920795741483503,,,,,,0.5112244755924105,0.3005759530442895,0.29983758120876935,,0.30098102347274297,0.7921262655582102,,,0.7920728396702327,0.22737714919408905,0.22836665315906413,,,0.22799390279966414,0.22777175748691064,0.22869555115219709,0.22802673173208143,,,,0.22839288678118708,,,0.22825542509802174,,,0.22851436768780453,,0.22816550690210619,0.22800228533283487,0.22864988137898487,0.22795728095506818,0.2285619767401286,0.22874443349717213,,0.2280977136443545,0.22807641519254446,,0.22816314162437765,,,0.2281373923220165,,0.2281100333136169,0.22818116170572258,0.2278913757639204,0.22807475126725538,,,0.22897529255105625,0.22824543194937308,0.22825929121540264,0.22835359860604737,0.22940349129973134,,,,,0.22901724492673967,0.22865253962877666,,0.2279183044727438,0.2284615484632396,0.2279921921804207,0.22790815047433888,,,0.22865405024975713,,0.23344643836409196,,0.23338581013285994,0.23319977731864866,,0.23311813380575808,,0.23264065285546975,,0.23292014319255985,0.23405263943193136,0.23392720813850068,,,0.39415823268513484,0.39459111754008686,0.3937529642081235,,,,,,0.39369170555161964,0.3933708986010175,,0.3941813621406897,0.3940361563043278,0.3934632208680426,,0.3933007911428427,,0.23256032278095182,,,,0.2336842923181648,0.23331142934375573,0.23375668222051468,0.23253334538836165,,0.8428829259607119,0.8431336462806565,0.8378532953544192,,0.8376732073005183,0.8405922368011652,,0.8392838497820501,0.8388015653533535,0.8406208068988594,0.8403590680752541,0.8406280111164244,0.8433680472954544,0.3937639815931773,,0.3947788744269391,,0.39490386927127935,,,,,,0.3943662279355542,0.39437165443511324,,,,,0.8430611378172825,0.8392944945676442,,0.8391006666873558,0.8433941094178692,0.843045543841213,,0.23278147058182933,0.2331787274848704,,,0.23314254529739217,0.23325497313670104,,0.23323939634983712,,0.23353199293470261,0.23348395682128514,0.2326620159768017,0.23399075169216033,,,0.23328476183737562,0.233563366365542,,,0.232725209561186,0.23266709384620432,,,0.23318082244183944,0.23328947797071697,0.23334760033380975,,,0.8420295598338267,0.8420054217276156,,0.8429535756596559,,,0.8387965761752951,0.8436860580857574,0.8395869358746915,,0.8400089823085788,0.8405923148145051,,,0.8397603402723464,0.8421636588677677,,,0.8409249991699704,,,,0.8400795898665183,,,0.2195385333641688,0.21805039976786125,,,0.21848799346465933,0.18053628791919535,0.2199755483833058,,0.2071497863370458,,0.5001426899792955,0.00012206857974878328,0.0001225156750585678,,0.00012199538018239862,0.0001217636770331739,,0.00012212161827672126,0.00012208204886101346,0.00012216746810734798,0.00012194387589581964,0.00012213840286019265,0.00012214253754548268,0.00012185289161628209,,0.00012196648517554667,0.00012222397317275134,0.00012182799527809235,0.00012145059276086437,0.00012196337265470822,,,0.00012209589108304369,0.00012203375122243509,,0.00012207229619782186,0.00012187587002476178,,,0.0001218544238662981,,0.00012176091473729234,0.00012219936783565365,0.00012199718223192122,0.0001220320631272678,0.00012219595296918056,0.00012178297885326942,,0.00012204374670844915,0.00012203000909942917,,0.00012177924680345268,,0.00012203419465414895,0.00012196792849489263,0.00012217238743465568,0.00012202937586944228,0.00012176934297278897,,,0.00012171504627913456,0.00012212953233160917,0.00012206533817774545,0.00012199608822440043,0.00012173621527686974,0.00012208826012642646,0.0001218750252786875,,,,0.00012212150546259744,0.00012220670240892625,0.00012217560705020256,,,,0.0001221461529827079,0.00012207763111766846,0.00012185754243832765,0.00012171464141875355,0.00012166888846526996,0.00012210869135575994,0.00012205294140179291,0.00012199400506008818,,,,0.00012184936636124376,0.00012197180177765566,0.0001221342751316482,0.00012168335258227476,0.00012219172527896217,,0.00012186468215047493,,0.0001219893443370573,0.00012165773418422618,,0.00012216375042328019,,0.00012202683198980908,0.00012165180993873617,,0.00012169874554844171,,0.00012218100048273252,0.0001222591753244443,,0.00012191339751999214,0.00012168660679772126,0.00012201940327752021,0.000122222562601663,0.00012189477861193413,0.00012169682586378463,,,0.00012170006978136449,0.00012176632176938536,0.00012197888409650623,,,0.00012153416775464215,,0.00012181212619322321,0.0001218857307952547,0.00012150586543309174,,,0.00012235321152390287,0.0001219670503066595,0.00012218453379686872,0.00012216286879564378,0.00012165358963121183,0.00012182139780918697,0.00012188846033716517,0.0001219304962874125,0.00012215154086720446,0.00012169433680672127,,,0.00012198218728503366,,,0.00012184862912265815,0.00012203052938342078,0.0001219960218337729,,0.00012161639482968263,0.00012174673266340325,0.00012171524977959085,0.00012215825885920307,0.00012213248508881645,0.00012200073574696168,0.00012192869383195168,0.00012177218453666384,0.00012235421724217342,0.00012219493298601053,,0.0001221269603348347,,0.00012182537428808041,0.00012229675083732968,,,0.00012235261239215857,,0.00012191446080006267,,0.00012205566878489958,0.00012169006773597161,0.00012165726251558337,,,0.0001219085401176313,,,,0.0001217940182590138,,0.2066359780720403,0.20678391596872933,0.20701168543393153,0.28001275398256237,0.18075453981113326,,0.10176209875822291,,0.0701518521201666,,0.9506530285239788,0.9487699504512256
7,5,DG_10pct,20,Z16_F07,16,LL_AB,157123,165455,True,7238.016976966703,7271.3477103331115,7303.630239506172,955.4957540741983,962.1175335426149,88.31858053335736,80.23617955830314,489.2689678937727,507.06755555165284,376.63570341296463,379.3823998601236,186.00981654506904,61.65741963757378,163.44020946513643,7962.196508170841,89.06820449607007,69.02403608329196,23.31757934507713,132.86267232650343,134.9329541637892,,0.5635771142650978,0.5608356560588225,,0.5544400325793831,0.8629359815714174,,0.10971216975662895,0.10975041035313533,0.10990481223417688,,,0.27369582679963594,,0.19416765469963324,0.19398095085009423,,0.9389474746025673,0.9395568147202661,,0.00011200889121441995,,,,,,,0.29639212553147926,,0.29696034438355,0.29775856421102487,0.2967542677237622,,0.29635041563036985,,,,0.29668693869404444,0.29749409796932236,0.29860039358507323,0.2980212570668188,,0.29703765919557623,0.29754669762771296,,0.29784436071475834,0.2983177164763192,0.2981291188698312,,,0.2983924734597772,0.2972187360006808,,,,0.2977914339783679,0.2975775156605015,0.39454844558501095,0.39594251873643016,,0.8966308030611768,,0.4006265638859277,,,0.4009430956959564,0.40063800297842006,,0.4013995699369307,,0.4019215501851283,0.40124865849939495,0.40066536226125804,0.40126316849139987,,,0.4009389454977367,0.3997353333870873,,0.4021689965729313,,0.4018072508730722,,,0.40151002815770614,,,,,,,0.3140648700855689,0.31468369158649134,0.31364272564749685,0.31400619023484516,0.5273798090743148,,,,0.5270225017200985,0.5257074325117143,0.5247318866405063,0.5269831803384462,,,0.5268571167652419,0.5264958497488786,,0.527180321860222,,,0.5262952057179611,,0.5287297189404847,0.5273865651043416,0.5268325723867179,0.5283078636877265,,0.5253595372500774,0.5272122391630122,,0.5277557673344784,,,0.5260749300202,,,,0.5267787382104872,0.5265129615805898,,0.5267575818624148,0.5274578408528673,0.5251622804437991,0.5270423252137295,,,,0.8292426665586572,0.8303324157885618,0.8274923891270181,0.8277898614699076,0.826435504373328,,0.8283270765159537,0.8287228356852774,0.8264907187704078,0.8273932651824675,,0.830514420385946,0.8246222058734114,,,0.8282196127561406,0.8281814797661643,0.8274634236367332,0.8276628763242162,0.8265820434271156,,,0.8264916485691379,,0.8274443348997944,0.8287770982947885,0.8282221808420747,0.8284072498647242,,,,0.8243499428607356,,,,0.8262654053766695,,,,,0.8271009259495107,0.8264965250119175,0.827776028943446,,,0.31163698864724154,0.31268613360554703,,0.3126886065345376,0.3117602619303829,,0.312017577663027,0.3126399459262563,0.31305672774211263,0.3121728833200563,0.31255252184433824,0.31304803023415767,,0.3123542531795863,0.3135217026193962,,0.31322381395975746,0.3126385634087072,0.31240552507346403,,,0.3124501039901133,,,0.31193458918127237,,0.31228485686151036,0.3111117613499191,0.3121261954230758,0.3108317078237122,,0.31238576473008794,0.31101467135236166,0.3123646878028506,,0.31249898201060866,,0.31250334737496294,0.3121617106880501,0.3124226983532132,0.3123046294487223,0.31066964199928226,0.31249918325710846,0.31137933128123535,,0.3118235166627039,0.31258799023518213,0.31308584400343364,0.3114402751008768,0.31229214372416403,0.3115699328564157,0.3121545213661548,0.3120606266658462,,,0.31296120150681,0.5102166406172122,,0.3140015115364594,,,0.314887738052746,0.31411636782603397,0.31421390988351244,,0.5035717886626483,0.5040966060957381,0.5029974194607139,0.5032636997009985,0.5036134641112863,0.502579003570008,0.5015627699346061,0.5025262231119024,0.5033414498348358,0.5027753546607462,0.5031315711086003,0.5010882134405922,,,,0.5039178991794063,,0.5049400111370758,0.5036793154694831,,,0.502846947576034,0.5028771103309995,,0.5034494855148137,,0.5019369763161395,,,0.5033126676772277,,,0.5039481382606988,0.501883884237049,,,,,0.5033994015959475,0.5097083619481662,,0.5086993629885693,0.5089157186186624,0.5097399335227895,,0.5094534247586995,0.5090092265247969,0.5083817825717495,0.5096349627579578,,0.5085026598794571,0.5107308276617692,0.5094221488589452,,,0.5070241141152436,0.5077008282384907,0.5081271773832018,,0.5093952792825893,,,0.5082197744019813,,,0.5101737661427259,0.507642288989039,0.5086488080310038,,,0.5077097073061637,0.8489511919422954,0.8498952635536998,,0.8482826100516643,,0.849191246415161,0.8475623144810641,0.8480354020934021,0.8481783878513016,0.8452188041389681,,0.8450853990894996,0.8416540872267154,0.8413145607305419,0.844089555629802,0.8423595604681383,,,,0.8437156652738247,0.8418048668026952,0.8428733720584417,,0.8424904371027082,0.840801670819088,0.8421444250225554,0.8470149287266951,0.8471583905502544,0.8479811143007212,0.8471106876085533,0.8505037765422706,,0.8480253635924441,,0.8486432699624314,0.847432747379772,0.8488574713737677,0.845110689704921,,0.8514942052655085,,,0.8502776541071648,0.849183701618228,0.8483915611470667,,,,,,,0.8487294259020053,,0.8487476716835641,0.8480248264626895,,,0.8449089475528441,0.8414260099024267,,0.8429688937261886,,0.8436591151789811,0.8411233777945748,0.8445471211943016,0.8423831960767761,0.8440122686568344,0.8419193452888892,0.8437236367047904,,,,,0.8436731149273097,0.8444097453267937,0.8400608010128416,0.8444976352970447,0.8448612599561225,0.8453273327878693,0.8458070872090404,0.8443492387044205,0.8449305542045612,0.8436227699651939,,0.8446819770063074,0.8411144776869902,0.30532908027806804,0.3061392262005928,0.3055064159930337,,,0.5019281603107649,0.5016531021661614,0.5022772806517026,,0.3131464435698161,0.31228130830012435,,0.31219552901219205,0.31254910986803897,,0.5256937947480836,,0.8256352083517006,0.31486476060688195,0.31552561233048443,0.31499957300801956,0.31360807816945147,,0.31310994462972286,,,0.31060165814283114,0.546066620123886,,0.8138230137484634,0.5608592537250008,,0.8163086711142855,,0.3295924056797517,,0.33209542741331227,,0.33266982519133675,0.3324972020722411,,,0.3321919229753693,0.8193917150547042,0.335934096610249,0.33629142221077,0.32239913940675524,0.32303133427002556,0.3240481706465267,,0.3227846850277694,,0.32325728710125834,0.3230731898979635,0.32357198146668237,,0.32302035058910067,0.322359298676795,0.3237046912135201,,0.32318019806582293,0.32299518671471383,,,0.8275586734175363,0.8259874994889634,0.8277379946563879,0.8275174554528775,,,0.5928509843392425,0.593375468007158,0.5920831097240576,0.5935040193528285,,0.345983326959763,0.34638074539652547,,0.8282072559320119,,,,0.32885940510595174,,0.3288764801479704,0.329275223597152,,0.3291760708422407,,0.329175270203075,,0.32960154454052654,0.32888744388758484,0.32897115475637123,0.3301933850004256,0.3293167669305424,0.32820523761617393,0.3292751903390079,,,,,,,,,0.3285699922439951,0.3294004386481337,0.3293095746425604,,0.32885261050131565,0.3298385047526086,,0.32878205391865406,,,,,0.3294812310619874,,0.3285036420499476,,,0.32968527508630296,,0.3292367042605538,,0.3298171571740627,,0.329515381052058,0.3293548796946606,,0.32935134167591723,,0.32879501991689397,,0.33045421685517185,0.32849976245220325,,,0.32972123052342905,,0.3007680717594788,0.29928380496018947,0.300335147314761,,0.29974486801783085,0.2998464421891325,,,0.29969602882184143,,0.3004436413060678,0.3003358029636685,0.48767889706848366,0.4855090428053703,0.48701941518550657,,0.4875709344661632,,,0.4861518415187637,,,,0.4868604322000665,0.4851551898856163,,0.4867135335742295,0.48628196980572075,0.4870941764359966,0.48647172017353396,0.4861049029781095,,0.30072538670354276,,0.3005474764969666,,0.3007808649710228,0.3000038774679365,0.3001505104936,,0.8613798896962847,,0.8612891764408944,,0.8619170127312733,,0.8613110784503681,,0.8599247068241127,0.8610810818840143,0.8620829814070684,0.8644485387562266,0.862499652683292,,,0.4853963831551938,0.48602289901462875,0.4875908505450059,0.48724902231025935,0.48723510718086743,0.48755093185169074,0.4861711564743867,,0.4871541850931932,,,0.48570441872780185,,0.8627380654921781,,0.8638442868334,0.8610229254706009,0.8626744252974573,0.862289009178285,0.8638142381503587,0.30054223282212394,0.2993423836358881,,,0.29995265932802867,0.2993918132720516,0.3000781666127834,0.3001125548232014,0.30023971424459317,,,0.3005625161475144,,,0.29974393118146175,,0.30104409128950715,,,,0.30089865394368726,0.3004679497022265,0.29985868094766077,,,,0.3014045528516099,,0.8661778459133289,0.8636972469114321,,,0.8629041994074403,0.8621110962139957,,,0.8640033685708621,0.8635617119354594,0.8603437087140373,,0.8642665852850304,0.8626182057817474,0.8618828538165241,,0.8632679530288175,,,,,0.8628348155517341,,,,0.3154826559461401,0.31605752515863933,,0.31556806554571304,0.316012880508749,0.31513092826794054,,0.2970848322123781,0.2988672668643984,0.2982152215908979,0.2992160626444312,0.5833652207929502,0.04496938082843628,0.045087148775013984,,,,,0.045061370514148234,0.04498651700350077,,,,,0.045108412309765554,0.04506429432865333,0.045065499661668916,0.04499319998735076,,,0.04508248705606194,0.044960803267237524,0.045094356592168754,0.04508040210855587,,0.04508111069598388,,,,0.044914780129845885,0.04504206128711528,,,,0.04507538877931233,0.045218415819742,0.04510269085944777,0.045073146116232275,0.04504619309213996,,0.04505986315746322,,0.04510554529132902,0.04507683198104343,,0.04518910904514555,0.04502171275759294,0.04497641480720066,0.04506666997686714,,0.04505119507593136,0.04498749049003066,,,,0.04514343764815997,0.045106672613754596,0.04510607851622733,0.04503216169573078,0.045044224567419654,0.0451279950548446,0.04517459914583604,,,0.045024424481101,0.04503506003585516,0.044904995551222036,0.04505725829515204,0.04499480869460963,0.04516019676738819,,0.045116384037580844,0.04508452273725036,0.04499547218280521,0.04514851249466165,0.045001120816807606,,,,0.04512493229485015,,0.04509976735314722,0.0450448525547587,,0.04497390353055743,,0.04504269403591714,,,0.04507792048928293,0.04504337560442629,,,,0.04501134381660837,0.04520783630679563,0.04507334695121874,0.045176283335949516,0.04491255069961371,0.04505185042525722,0.045126998117801104,,0.04511109967497721,0.04519380637409479,0.04506973691233226,0.04508476166613083,0.0450980506899322,,,0.04510004867951886,0.044954604547716034,0.045031172587750426,,0.045076082398729844,0.045120398928282957,0.04511545501203697,0.04502259644459362,0.04506066707698262,,0.04501702637723525,0.04511307299550706,0.045137429982789336,,,0.045048092818597965,,0.045203993437296634,,0.045023538723604,0.044954815438027165,,0.045051555911836905,,,0.045229750144884784,0.045096081691394806,0.0450327088826387,,,0.045078348853015766,0.0450830994211388,0.045024558414412864,0.04504599284399934,0.04501347607043974,,0.04511570122974314,0.04504710787732883,,0.044980298659535206,,0.04511037573950981,,0.04519772805644839,,0.04518363653205781,0.04501260482667199,0.044897481952870404,,,,0.045084517343728474,,0.044981962562382086,0.04509509136113223,0.04510921601978614,,,0.04498588127001183,0.0451034343299908,,0.298583913007033,0.29805294478667765,,0.3840398621393244,0.26187806204790226,0.9090698041238914,0.22685260794979203,0.22687877602367387,0.16086014580980046,0.16101050826988672,0.9498353816380332,0.945169577215995
7,5,DG_10pct,20,Z16_F08,16,LL_AB,157121,165455,True,7213.203709122518,7236.554028347339,7303.297118098662,952.1557020217895,966.3861910836537,89.14002456130567,80.10693314375872,489.91952465289694,505.8838196323623,376.3748866240731,377.8746452685173,184.0738405056751,61.29568074556232,163.92816027608555,7908.35335512753,88.47962209038513,69.3389910959502,23.27939034820476,132.94536903654597,135.3801422896475,,,,0.6703060755913094,0.5540524000720243,0.8609245020572207,,0.10958113931948751,,0.10999354567708139,0.21803784891102163,,0.27439793232270787,0.2736870517599489,,0.19402478568386508,0.1936430090301781,0.9352895245683387,0.9391207876473051,,,0.00011161727666478795,0.00011214913560559097,,,,0.2967166754204053,0.2967342439223196,0.29754521671296896,0.2975946552512647,,,,0.2974372469065455,0.29707759811167184,0.3780874599022286,0.29776805044351445,,0.297413589538727,0.2981047489151538,,0.29730107035022013,0.2985558204040241,0.2986863084755456,,,0.2987300236035372,0.2976139154256368,,0.2988598305267006,0.29798313244263,,,,,0.29803833317184,0.29795612769287716,,0.39582581930561445,,0.8979731669717959,,,0.39935733073335883,0.40090009798153037,0.40174981400305965,,0.4014882678613665,0.40014888707879837,0.40069341525122604,,,,,0.40027369518287137,0.40109094558152464,,0.40077690548501244,,0.4004233712394979,0.40105819393015446,0.4015281305578583,0.4008140684812548,,0.39916437390879633,0.2990226464379338,,,,0.3141674094375503,,0.31370068850021593,0.314872271535283,0.31463636279465135,0.3137881882533773,,,0.5268495554240997,0.5261986408895518,0.5270180030446866,0.5274369660294741,0.5263949190161414,0.526846065193078,0.5271672187027888,0.5264260917626506,0.5279968226164337,,,,,0.5273801729307659,0.5269964345383368,,0.5280096832085386,0.5263272889515473,,0.5266194417566921,0.5271362347415357,,0.5273393519069292,,0.5272441377444362,,,,0.5264718209790619,,,0.5255642340544845,0.5268785849810733,0.52712335544293,,0.5247143232456022,0.5262055316702641,0.5248337290980306,,0.5269773029095222,,,0.8259681725428576,0.8265255481551035,0.8257791969521244,0.8284293629709939,0.830263084045538,,0.8296402225673997,0.8269375033019127,0.8293825773540121,0.8270645914036837,0.8284657617509464,0.8293297957984971,,0.8307572974946863,,0.827858728098613,,0.8267612773450507,0.8289306261075796,,,,0.8268285818136497,,0.8250367031690473,0.8270330070415806,,0.8289306259292775,,0.8280029351370088,0.8292355222494686,0.826045913700191,0.8258886230859233,0.8275139939217024,0.8283520208463866,0.8275843998282612,0.8295069021232557,,,0.8266900962289498,0.8252065804159023,0.8262342786492223,,0.8262646664081027,0.31276064564137285,0.31176427024261694,0.3119348126755921,0.3119110387848132,0.31246329891471947,0.31210647866982866,0.3114285417011492,0.3132461112184775,0.3124529515216606,0.31156095310755116,0.31168439991892,0.3115194710319427,0.3121566174750271,,0.31211630374430227,,0.31264329440344996,0.31139621725493827,0.3123998070477856,0.31206157195943557,,,0.3123995319654753,0.3122790794846385,0.31215259753892327,0.31198652173603864,,0.3123105464581602,,,0.31090107147750823,0.3122793641823127,0.31195650780941186,0.31237735728783916,0.31228123246338496,,0.31147731350865837,0.31279214167985014,0.3114127551984922,0.31224467248248233,0.3125935356781606,,0.3116879105659019,0.3122919097024084,0.31191626462520317,0.31173929719393056,0.31124080399100756,0.3123076980738786,0.31149374512820993,0.3116219131314707,,0.312378035647208,,0.31295746716431977,0.31182769496983076,,0.5092108382321624,,0.3144354133601197,0.3130648645393089,,0.3140678371222934,,,0.5029819744148862,,,0.5033653288551968,0.5021574497450375,0.503637802877797,0.5037387277469663,0.5042587463078353,0.5034510813837488,0.5036871264415085,0.5017303101072668,0.503579400391579,0.5031452276173408,0.5035150418111548,0.5038618106434178,0.5024075827341858,,0.5035288967269754,0.5038777987097334,0.5024702765711819,0.5039997335114617,,,,0.502393368971507,,0.5037674285371552,,0.5017805711576152,0.504300151679406,,0.5008484694710499,,,,0.5036345602967777,,0.502697623136009,,0.5021606357421597,,0.5083140985459134,0.5073169742212604,0.5073865129571639,0.509698525175798,,,0.5091325753445911,,,0.5079792345019658,0.5083847722270621,,,0.5092631830671518,,,,0.5091656134593219,0.5080647614358055,0.5101483925497099,0.5089837170684182,0.5083717626940562,,0.5089002055544397,0.5087572042141627,0.5084103310729555,,0.5088336020783147,0.5081884745210887,,,,,0.8479601740880046,,0.8505062837508941,0.8465348071119637,0.8489966569874424,0.8496037815535241,,0.8489105677694317,,0.8431813632833478,0.8407176258692749,,0.8417721300896631,0.8426946134184119,0.843570383038073,0.8412532108993139,,0.8433304396024669,0.8432376207406785,0.8433030734432031,0.8435964843706057,0.8428267933830604,0.8437474856924357,0.8434849850105642,0.8453300839701027,,0.8464192481557649,,0.8483857112222212,,0.8495075909160408,,,,0.8465306633074734,,0.847491733233346,0.8477055386719466,,0.8483343326630093,,0.8484779458090551,0.8477997421487057,0.8489101202568518,0.8478461762751085,0.8488745574987112,,,0.8479933304761844,,,,0.8479599437417474,,0.8487444625667236,,0.8426230377313434,,0.8406196885180984,0.8426332566883572,0.8428332753330083,,0.8449460346554132,,,,0.8452007941237457,0.8441271478540605,,0.8432187085830986,0.8437991289005718,0.8424919772252274,0.8423794331203949,0.8429915688920897,,,0.8450043759606303,,,0.8425871936412254,0.8457884001886751,,0.8467778998490978,,,,,,0.5018886101012158,,0.5020977543741221,,0.5006657428925916,0.3130939796734187,0.3137580127704364,0.3131970743500203,0.3128125542112518,,0.31247672187376785,,0.31194156349123137,0.8251759477214394,,,,,,0.3128262809135096,,0.3109087065187682,,,,,,0.3267403137516566,0.8164722069887369,0.5633391175615388,,0.820335547866561,0.3319549190661323,,,,,0.5707376777309316,,0.8189083509634233,0.3358648189388438,,,0.3236700122969124,,,,0.3227038614526313,,0.32320925570198583,0.3228687107644147,0.32279280538166555,0.3225499433176929,0.32334890414479794,0.32359910847597934,0.32384153916481545,0.3225149403614525,0.32355624401709215,,,0.8233599879229412,0.8280127466842404,0.827699091318635,0.827601389091839,,0.8226028274882337,,0.5929799883865514,,,,0.34624278659478724,0.3446803499855179,0.3466060806255758,,0.8291193438494928,0.8273036625709818,0.829057586377878,,0.32904092471873253,0.32986675351785727,0.3286067999005486,0.32848684227243724,0.32852306339776627,,0.3298140041358636,,,0.3293677025209808,,0.3293873565098989,0.33031496554237916,,0.3293500279052,0.32915451591222045,0.3292070009557682,,0.3295719639409804,0.3299863984190785,,0.32938647222647655,0.3294121369570779,0.32942976744143465,0.3295300263732029,,0.3294886345528059,0.32963117268506337,0.32879018400496324,0.3301587089907553,0.3295507113200368,0.33000908670750734,,,0.3305289851437241,0.32926696542918915,,0.32903060617884905,,0.3291322921587153,,0.33009762849096064,0.3286303193540188,,0.32993338170917913,0.3300351000860036,0.33004451910828153,0.3301290681238879,,,0.3295461751412703,0.33001575250876863,0.32902260407158257,,,0.32942401240745356,0.3291759952812042,,,,0.2993468660960432,0.2996014256896552,,,0.29997406325244513,0.3004763602412957,,0.3001741681036508,0.29984813464577265,0.2999918613695687,0.30169193620887075,0.4861229577757224,0.4850789733381782,0.48593404857191985,0.4874609809727658,0.4856682338522067,,0.4863684445465949,0.4866877224216933,0.4855901269639607,0.48596275525450344,0.486149878716379,,,0.487039950567691,,0.48665993577509953,0.48984084349636375,,0.486389866357113,0.3010566474585761,0.2997793689055549,,,0.3011655000514195,0.30053749348925834,,,,0.8616799704375245,,0.8619846233448012,0.8607017785244108,,0.8619741036411951,,0.8607701048752455,,,0.8634521679679051,0.8637734640141826,,0.4846761713162904,,,0.48597183304941444,0.4896912194971693,0.4867805885780024,0.48590285587706045,,0.4859580602730103,,0.4874918726580575,,,0.4853291612757514,,,,0.8639171033828602,0.8623905999591929,,,,,0.3003712280320953,,,0.3004620803947023,0.300750331812191,,,,0.2994288630542899,0.30097613036928184,,0.30101676995237076,,,0.3002099328217706,,0.2999033968548369,,,,0.30048863263605013,0.29986485676637215,,0.3007807706162544,0.30157613344451933,0.3002621746451847,0.8646074856902675,0.8616523943324208,0.8656955431227222,,0.8627560170361297,,0.8626791098056991,,,,,0.8604174406383875,,0.8619010451377838,0.8618493353802343,0.8636343836930084,,,,,,0.8626495941536486,0.8647335620625527,,,0.8633378507854008,0.31613196080714856,0.3158835672214931,,0.31611310682561494,,0.3156834212952601,,,,0.29794681257173705,0.29827471127679556,,0.04520139256722444,0.045034746663122995,0.04505246181480745,,,,0.045028577927459026,,0.04514184547393037,0.04500131162086085,,,,,0.04513748536771532,,,0.04511418747225646,,0.04507553339494254,,,,,0.045026941751248654,0.045137612721755635,,0.04506428709529403,0.04514757049420706,0.045079915283974085,0.045110394236631525,0.04505938740589471,0.045119179025026795,,,0.04518918628455483,0.045085062544069354,0.045028003544932235,0.045034434799337206,0.044888801384812334,,0.04492056238858081,,,,,0.045131361942095445,0.044972841983656836,,,0.045009036313084554,,,0.04511610329445797,,0.04497514185057677,0.045103816930680427,,,,0.0450751836112128,0.045135260795026506,0.04502528494168538,0.04498749394693781,,,,0.04499159001881022,0.045002060345955386,,,0.04505667068370072,,0.04502959452615586,,,,0.045059620694600275,,,0.04515414806875437,0.04511724445977751,0.04502515306967558,0.0450912322946234,,,,0.04496839140663183,0.04505433509631067,,,0.04505777527503493,,0.0450764593649247,0.0449307281209654,0.045143989702937114,0.04511769072420096,,0.04510468048865768,0.0452054228618581,0.044962843374736564,0.045026505855963475,0.0451102556781106,,0.04505849360610975,0.04507916744769276,0.045105931886129255,0.04497709646203979,0.045046573391427334,0.045087816429040924,0.04513465081967544,0.04492835721201651,0.045086060034548084,0.04501913434593768,,,0.0450324848180044,,,,,0.04508200869471748,0.04501534419012997,0.04518583231218626,,0.04508995464344847,0.04506158869463849,0.044883633975475234,0.045162969287098016,,,0.044978845137266965,0.04514960093076246,0.045063621677361804,,,,,,,,0.04488256323900894,0.04513110642770688,0.045118101798434784,,0.045076277678955674,0.045114991713241494,,,0.04508467358180282,0.045032583673114496,,,,0.04509359637225579,0.045175831617736625,,,0.04511343069049988,,0.04505690612284745,,0.04522844013072704,,0.045102987039260155,0.04517585349541704,0.045033429374930906,0.04500223328790026,,0.29771020485551136,0.29839928440047897,,0.26193746103026133,0.9089802753686897,,,,0.16047085178798676,,
7,5,DG_10pct,20,Z16_F09,16,3PH,318386,283563,True,8223.410963773986,8192.492854887627,8185.648594812064,342.81494777117706,343.20619965363875,21.78287951189678,22.1658441351471,205.46744354486884,208.4533973230314,156.60674358502285,156.9048302361885,77.25566518042109,25.839408493887102,21.331828420840214,8526.179455400483,22.101920934343944,19.806106150510782,7.502546274783277,39.71515558788177,51.910774738356366,0.5448860271218394,,,0.5453532602854321,,,0.41505674411250004,,0.06707068762213435,0.06700794973222211,,0.1833329072339533,,,0.18299585517094222,,,,,0.1829556044357777,0.00011567878957846859,0.00011590431299185804,0.0001158380416669019,,0.2623848700176846,0.26159580695250856,,0.2595370711325555,,0.2631109031963239,0.26254851593545214,,,,,0.26600735486643534,,0.2592978793045435,,,0.26425828010210606,,,0.265585467938744,,0.26451055445606936,,0.26516950763777697,,,0.26505398466052127,,0.26503013157799554,0.2652175857617006,,0.2654162070334364,0.2654831116144259,0.2654893780496384,,,0.2654013298936608,,0.26523793236467924,0.2662798454621539,0.2661667216255853,,,0.2664808830667578,,,0.2665114080182229,0.26700237815702466,0.26610464376628634,0.2661669554158343,0.2660303005816308,0.2655957651542756,0.26600426162368285,0.2656425947798164,0.26543098704370416,0.2661820960133224,0.2658934827011412,0.2665431625270457,,0.2658447455500784,0.26576973543670124,0.26420319498539985,,0.2645790311220991,0.2783584931612353,,,,,0.27700556642766083,,,0.28024570897533313,0.2804948975384004,,0.2807397085178091,0.2804552297326353,0.28020991406807944,0.28054752829529156,,,,0.28065717450708283,,0.2798062353836355,0.280322249317251,0.27989441577291546,0.27986250809375657,0.27976515557353715,0.2804930874013332,,,,0.28045725735184496,0.27985984576047335,0.28042154053547674,0.279996833391286,0.279570337050746,0.2804436557382838,0.2814262910314155,,0.2799501594063546,0.2802484599104496,0.2793353823035431,,0.2805984433640242,0.2790553472843603,0.28042445640642594,,0.2794448459498181,,0.2794635581085821,0.2797765974010982,0.280784384866236,,0.28000561011569,,0.2798945533954018,,0.28006333976234543,0.2791957157165171,,,0.2808355767979082,0.2803600529416788,0.2802808344006297,,0.2800941133832309,0.2807407713447405,0.2791231532973304,0.28060071934303554,0.2800040189009938,,,0.27977137042336103,0.2803376744480834,,,0.27911183566651554,,,0.2792364470159839,0.2792842020784904,0.2802778373906179,,,,,,,0.27988017558849365,0.28037206451112673,0.28002046902536526,0.2797774376567178,0.27867351279764957,0.2802756933557319,,,0.2796780508577793,0.2800154557780079,0.2804648158592149,0.2802553545640755,,0.2805924372007214,,,0.28067209876062066,0.28135555357286807,,,,0.28070663409636387,0.28021866221710867,0.2805767869808573,0.2806960104594544,0.2818223007473661,0.28087307899779407,0.28125876159089824,0.2806942779231831,0.2812191590099492,,0.2800894480179488,,,0.2797454097414768,0.28042650955898796,0.28028965162419656,,,,0.2815048316822108,0.2799948741291264,0.27994536719711205,0.2809914091151001,,0.2806733389894214,,0.28083816064741834,0.28112961675795395,,0.28039062303683376,0.280925628219326,,0.28088234254204314,,,0.2805545984674738,0.280256194369177,,0.28046276497558237,0.28002921090001714,0.2806962895362804,,0.27049198834423743,0.27013412993504793,,0.27857813362161804,0.2782873127795567,0.2783658132251368,,0.278199241361232,0.2782561425542115,0.2791496697143506,0.2795751420274752,,0.2802308602219155,,0.2796958365792734,0.2803609517082982,,,0.2806906349879524,0.27990499287602577,0.2799141677181656,0.2800818386326857,,0.2797008034818379,0.2801744665170649,,0.2795445283857678,,0.2801243860093203,0.27968468452996553,0.28017314839008683,0.2796673915372745,,,0.2794329923366513,,0.27874046571606614,0.2795763563105119,,,0.2792696444518794,0.2796527446900162,0.27965784401163796,0.2795646466273734,,,0.27914203089290934,,0.28011852404791526,0.27961456904630133,,,,0.2792657640678906,0.2807240194677058,0.2800389570279846,0.2803821979198039,,0.2804122489282076,0.27948144013982107,,0.28062826060021767,0.2802339275795028,0.28024039784826915,0.279958341618274,0.2795715907319635,0.28067241719798125,,,,0.2796196176179908,0.2806298045894814,0.28056726034349244,,0.279617546412476,,0.27930978178923327,0.27977142006762423,0.2800357936949236,0.2802291251242427,0.2794590256550158,,0.2802308953927902,0.27874045644378875,0.27944036219956864,,0.27908194699692535,0.2795697456588419,,,0.2795484980032574,,0.27934316930764314,,,,0.27940269796527467,0.27969917061714467,,,0.2794113497171804,0.2797039556601279,0.2789552534179673,,,0.2793056418280991,0.28002818493445286,,0.2787035310179278,0.2794435837419494,0.2792395545514695,0.2784803277516352,0.27857354131314616,,,0.27906473480167593,0.2790225311630288,,,,,0.2787848450133846,,0.27920211147089435,0.279793751583167,0.2792099803378006,,0.2787149305370904,0.2789562574200644,0.27899936669509934,0.2792121294488012,0.27941446789212626,0.2787382728283012,0.2793082318493985,0.2786594729753102,,0.27923069092167274,,0.2787589405472349,0.27931856399614924,,0.2792498200412972,0.27870827812042454,0.279254232310475,0.27872742786238197,0.279660840663649,0.27929464300091683,0.2799318289768088,,0.27903961920785103,,0.2788241419276292,,,0.27974214868076996,,0.28024362620826654,0.27960029723888047,0.27991439318045747,0.2791782188167983,0.2801195374772337,0.27961522783824955,0.279702991806823,0.27961248900637775,0.2799177745716811,0.2803729192747696,0.27906861019114293,0.2789233887576319,0.2802252272857063,0.28021317250870253,0.2813241359496522,0.28015161489979024,0.28062095108617563,,0.27951849481493624,0.2799573669351112,0.2795777122878849,0.27329515871961424,0.2740156591162093,0.2735539024842684,,0.27417071146487315,0.27386140239611695,0.28008332805120334,,0.2800033894338557,,,0.27723520585299627,,,0.2714837924400432,0.2641428247410539,0.26390285122864043,,0.2812775904438231,0.28218693706134323,0.2803997136681246,,,,0.2868120851359361,0.2867517009900672,0.2862121604474756,0.2876124982198756,,0.2880829775647417,,,,0.28764480115115637,0.2876243234810237,,0.2893890772774762,0.28764319994862564,,,0.28732831896680566,0.2867874574943522,0.2866554608681576,0.28757348583694514,0.28812861035186377,,0.2873170932338297,0.2880466334557431,0.2872573934248536,,0.288045100800874,0.28747613130477956,0.28857151044450263,0.28828245179352946,0.28742641508600625,0.2929335372425133,,,,0.29228096802220754,0.29041899358047296,0.29396795829998146,,0.2945130881019483,0.29502679597470166,0.294556037353251,,0.29386506105388494,0.29471287075285096,,0.29342809570553263,0.29377950422548527,,,0.2919489736399485,0.29263590347281787,0.29289802457179065,0.2925570449186779,,,0.29227678306348187,,,0.2933908757166408,0.2925761422045304,0.2930165069179413,,,0.29373012586725916,,,0.2931458138359861,0.29255782658930257,0.2934434724129699,,,0.29279214806871573,0.2933735223854578,0.2930926618866137,,,0.29236641597662494,0.2930511039761293,0.29288267325830486,0.29335523108969147,0.29257579042923154,,0.29357867650334724,0.2934579965910019,,0.2933969772534707,,,,,,0.292489098013592,0.2938863568679776,,0.29382733334776373,0.29385213480364764,0.29265307520878076,,,,,,0.2935046153989696,,0.2932221137147239,0.2931403021157342,0.29192883446563633,,0.27987473952580233,,0.27943244619056684,0.2795358633586725,0.2786718502665833,0.2786414456773323,0.2798564326397067,0.2796787421524222,0.2796818782278445,0.27880155021495795,,0.27966172091756064,,0.2791708915472281,,0.27965343984638324,0.27930419470617895,0.2795343458140085,0.2790893043932202,,0.27915379261334344,0.27881379423966934,0.2790519648174337,0.2795287949847575,0.278506173002262,0.2784162288975044,0.2796093172963302,0.2784620026820761,,0.2784464819172947,,,,0.280442807689276,,,0.2795129565413454,0.2795532858500343,0.27964112147104014,0.2789368706333469,0.2790140199364117,,0.27802662118422233,,0.27762205826337766,0.27670640802266644,0.27809844711097687,,0.27918660300435766,0.2777832465912955,0.27762359881384413,0.27845364302704245,,0.2783464429856297,0.2787187826235898,0.2784474065966136,0.27858838478488684,0.2786360047572498,0.27863443177395125,0.27867034695897824,0.27851258106719967,0.27892363504584866,,0.2791659888453239,0.27939981938812997,0.2758930372497619,0.2785265610799902,0.2783193997415046,0.2782173880995966,,0.27863128773938756,,,0.27875118302524066,0.2785019028523055,,0.2794455701687751,,0.2789011045964256,0.27945539374763007,,,0.27959087046494896,0.2793207589317674,0.279586087970208,,,,,0.2794419100142196,0.279833582210366,,0.27948137328030004,0.2799065315884735,0.2802177500874018,0.2799994048256832,,0.279330409475795,0.28036676337626165,0.2798845003649713,,,0.27885012651162255,0.2777462036747086,,0.27856157026389855,,,,0.279083473137848,0.2783904463810852,0.2789998779446288,0.2778432770334496,,,0.2782236005530049,0.2786416000987155,0.2777301417312978,0.2782576198286352,,,,0.27876923717754953,0.278196405741589,,0.27886822988527643,,0.2789704814728941,,0.2801254915479669,,0.2801087356286618,,,0.26584965759257156,0.2977974295558545,,,,0.2905768280857431,,,0.00011637529233919773,,,,,0.00011633354485088335,,0.00011629287664684948,,,0.00011648005356150175,0.0001164252890515405,0.00011631567052679343,0.00011620022666934745,,0.00011618299932053807,0.00011640519763354892,0.00011643286211246095,,0.0001162637676376107,,0.00011641761322302651,,0.0001165663107202623,0.00011612045268248169,,0.0001164908489601611,0.00011616578903315943,0.00011603296366423583,0.00011637283123764839,,0.00011610485138992704,0.00011608528418393677,0.00011639501264641165,,0.000116312052081882,0.00011625035069073999,0.00011634005915110653,0.00011646578121676247,0.00011666071644175465,,0.00011633512425134056,,0.00011645711044498519,0.00011639108683353772,0.0001162853702882619,0.00011669002488608712,0.00011628404746898653,0.00011621347091029605,0.00011597516856052239,0.00011636252026733661,0.00011606831799925358,0.00011612346957271159,0.00011611017996918345,0.00011593133254319675,0.00011633416201747074,,,0.0001163486574324803,0.00011629554502773031,,,0.00011645067887741077,,,,0.00011643003870765662,,0.00011633382352453558,,,0.00011577136467631928,0.00011640317182700171,,0.00011624965369340314,0.00011664356106674938,0.00011638453991166028,0.00011606526685009222,,,0.00011635538721922764,0.0001161208367427182,0.00011601884752339757,,0.00011643282382711143,,0.00011616870679743228,0.0001163709225338237,0.00011585334618404782,,,0.00011618843138752915,0.00011635857416229239,,,0.00011625820731533764,,,0.0001165396843907448,,,0.0001160679715139559,,0.0001161383004645143,0.00011612306479409496,,0.00011635532011670125,,0.00011591930951034335,0.0001164781244156956,0.00011626406478601542,0.00011644156019495931,0.00011601239051826187,0.0001161945843518129,0.00011621972329158737,0.00011628504253420388,,0.00011633738645003257,,0.0001158535337651089,0.00011626275881236477,,0.00011635209101951315,0.00011650367705400377,,0.00011627878423773623,,0.00011644903919325497,0.00011599782213391885,,0.00011647105121183308,0.00011621330057717129,,0.00011595270864015304,0.00011618868693610848,0.00011632252284288932,0.00011607061785299687,0.00011616611211315342,0.0001160076906052557,,0.00011625818084624526,0.00011655226730315797,0.00011604850992200697,0.0001161550579802191,0.00011619975256353947,0.00011611518748266131,,,,0.00011636177873688365,0.00011624793289951414,,0.00011618773711053165,0.00011634368087302507,,0.00011606004210588923,0.00011658045965140064,0.00011629383910151073,,0.00011624284058663837,0.00011577576828187422,,,0.0001158112595503558,,0.00011643093873051809,0.2606525549419783,0.26099310393853886,0.2603204153396176,0.26543181977043895,0.26481846698147493,0.2655970369707262,,0.14396661257725474,0.14350794545000575,,0.143246590161921,
7,5,DG_10pct,20,Z16_F10,16,3PH,157123,165455,True,7815.997596242449,7787.59072767016,7890.94074226559,387.58838748445186,389.9712991605925,24.795269899594533,24.99611411815752,234.08181023397356,236.38616207167996,176.1037435327413,178.59352238745052,88.37128226063227,29.138711859025342,24.235083467838987,8193.654637403233,25.03417103870226,22.397727683687325,8.503223334705215,45.34502718350336,59.30547801877964,,,0.5657525474730657,0.5684331754238325,,,0.44310496151865925,,,,0.24955974408034676,,,0.22164965257173036,0.22138175022456077,0.22130931712874408,0.22177497281862094,,0.22119338486454004,,,,0.00011084578561602722,,,,,0.2942167987179194,0.2941015305810469,0.29839255399833137,0.2975859639592943,0.2987688768313265,0.297188014976596,0.29770003867705286,0.29751131654387886,,0.29363249284581633,,0.2925613519467019,0.2990130696223001,0.2998159702076272,0.29929731945866617,0.30009725406984056,,0.30026359628595534,0.3009101241119095,,0.3003278231353988,0.3010181637100689,0.30013236715287256,0.3006199252360805,0.3001803252410896,0.30035450032691885,0.3003295566788233,0.2998905255401398,,,0.30061450345148416,,,0.301020641923912,0.3012130797524393,0.3026002768516346,,0.30118565460982416,0.3018382513976664,,0.300526117103425,0.301350382000162,0.30185309001564314,,,0.30058259734645737,,,0.30154170420897647,0.30120320190861444,0.30134425347754296,,0.3011918521967123,0.30117112693903103,,0.3019695506497504,0.3019831878109503,0.30240105945311613,0.29956734791381806,0.2989289712404492,0.29889169369078494,0.3163019663466787,0.31457874233055605,0.3144457237827759,0.3144828151860006,0.314873506946763,,0.312674304940142,0.31779233517137845,,,0.31736305004446014,0.31725716935138887,,0.3175553498618671,0.31760048077856906,0.31652053549957,0.31759331522395984,,0.3179200586950326,0.3175445682918345,,0.31795462911570443,,0.3167709805464024,0.3169634766542192,,,0.31724437716725684,0.31727111270687236,0.3168014511858302,0.3172350627320895,,0.3176768265702178,,0.31724225465731437,,0.31654865060192605,0.31681607641888676,,0.31706975712347085,0.3173032614740483,0.31694192935835763,,,,0.3162230215986771,0.316751251373647,,,0.316666272310897,,0.31603593625855597,0.3168738668119353,0.3178721665704018,0.3171530416395946,,,0.31753139600375807,0.3174446312796185,,0.31871308646354346,,,,,0.31720756981055503,0.3177881200660967,,,0.31736980715165947,0.3169021946764682,0.31703230865292537,,0.31790304274829523,0.3176763248168696,,0.31683795432239925,0.3176943088090239,0.31732596373645455,,0.3175544482544647,0.31727450209358177,0.3174085819551745,0.3171885585422472,,,0.316862820740719,0.3170458935669358,,,,0.3162940221214395,0.31729595341320566,0.31690594523037746,,,0.31763093977887236,,0.3181072471374491,,0.3183340255708222,,0.3179793566025549,0.3184729966233775,0.3177957561302308,0.3179946812975603,0.31799237459457586,0.3186561714798679,0.3176614047650629,,0.3188011589453277,0.31860125733724237,0.3183448742256342,,,0.3175576314042894,0.31770231682274735,,0.3178933305203787,0.3177450358514456,,0.31810500125772617,0.3178158366948156,0.3177301426846326,,0.317617186172688,0.3166532188176588,0.31774427956945467,0.3185465363178476,,0.31775252207788013,0.31721957890002406,0.3177788297526905,0.3187580173142927,0.3173107885120164,0.31689438241686135,,0.3180095874783226,0.3173073047072865,0.31795837355533674,,0.3176694468276121,0.31713099878656165,,,0.31760619392258876,0.318131445578831,0.3187740247574853,0.3066634727752816,0.3057090473044599,0.30741329016153807,0.3168775948080709,0.315447618713147,0.3144888966888898,0.3141351032726771,0.31572419123687684,0.3152025671484515,,,0.31658081371670693,0.31728184073772886,,0.31719953775905596,,0.3168569620225748,0.3170892407094721,,0.3171341967506214,0.31671880502891675,,,0.31779504924299795,,0.31772686227398445,,0.3171665544708823,,0.31699181495633094,0.3181601146221611,,0.3179018480643586,,0.317113363665203,,0.31745964084102085,0.31668334796756115,0.31651347851170664,0.31661646419802103,0.31685838130019056,0.3161713562357059,0.31743268767562716,,0.3175176607863558,0.31601806595069176,0.31575330231623333,0.316344990922992,0.3173721664123735,0.3175684875007901,0.31721922224608107,,0.31641757500059586,0.3174899531052229,0.317292461883865,0.3160518533566317,0.3174283644796547,0.31726206401013995,0.316831990736393,,0.31743091721968786,0.31796631681929216,,0.31676778989828264,0.31707394291663743,,0.3172819883746764,,0.31789341848645647,0.31606870124285324,,,0.3161459178130302,0.31603057630171855,,0.3168957878039639,,0.3169692274245118,0.31618878761353314,0.3165995036426238,0.3165487025684171,0.3177621318193405,0.3173678151878951,,0.3166177335465647,,0.31649773696840916,0.3163174204396034,0.31544851298001464,0.3159111909734618,0.3169368080862703,,0.3156474759277592,0.3163179724879601,,,,0.31609124310671616,,0.3161705147870076,,0.3160625764613899,,0.3167217003087885,0.3168117408082252,,0.31615387939234574,,,0.31641391539787067,,,,0.3160776296542053,,,,0.3159444122638193,0.3156596086420591,0.3161544899880768,0.3157672542386404,0.31559269716319865,,,,,0.31676114225215224,,,,,,,,0.31659392112482676,,0.3165253115789977,0.3164816656096675,0.3161117170382982,,0.3165163384972475,,0.31579645257200795,,,0.3166305278685493,0.31630550731116863,,0.315983346302138,,,0.31624992486976233,,,0.3161088228567815,0.3155480239710605,,0.31710742918813445,0.3170910835117483,,0.3168685943458089,0.3167189025562017,,,0.31636771142601977,,0.31672446352767547,,,,0.31667382397318167,,0.31803308327272656,0.3165724910804826,0.31694200817389023,0.3171140195398427,0.3165278190996786,,,0.31064854675474934,0.3106602666348906,0.31146453535134067,0.3103795124504958,,,0.31820000547521987,,,0.31525790500930495,0.3149611190001532,0.30659970565381506,,0.30837507723656027,0.29954394881444807,0.29868412731313176,0.299225460174412,,,,,,0.32190140614523033,0.3250299097508737,0.32515284402869354,,0.3268284713907629,0.32643171652737724,0.3263578038979162,,0.3265565305100032,0.3267141421743983,0.32644376774103223,,,0.3283277208487092,,,0.32538209210484537,0.32421681397071267,0.32627470386652163,,0.3253876337996753,0.32556370247881483,,0.3257564420201294,,0.3265026580644346,,0.32580910217278664,0.3254902039673955,,,0.32615949210994966,0.331835990815726,0.3309984840714053,,0.3314725788866889,,0.32917085304853966,,0.33274816866514045,,0.33314348582068065,,0.333434954411245,0.33346732559700254,0.3336875637890652,0.33253896381245474,,,0.33322100297429,,0.33108565102419224,0.3322643273020125,,,,,,0.3325228976174521,,,,,,0.3315794128606982,,0.33137839436498023,0.3316140832323892,,0.3308488068647217,,0.3321734858175379,,,,0.33091236693357495,0.33152514354027174,0.33279623008250575,0.33153990974908343,,,,0.33199771877068707,,,,0.33161555980035273,,0.3325313748400763,0.3319327181995194,,0.33129299612014446,,0.33164857195111286,0.3315866964179556,,0.3323839923591989,0.33263652554874723,,,,,0.3324348163524436,0.33077861504529993,,0.3318388755870244,0.331339352158856,0.3327576843918583,,0.33213261131790467,0.316542173181286,0.31629737930357954,0.3159030540848284,0.3163915275039532,,,,,,,0.31619204707663257,0.3169328848384444,,,0.3163172003540477,,0.3166671885778932,,0.3166895124028058,0.3159661002134875,,,,0.31597954731336325,0.315587750223762,,0.31564657910382543,,0.3159471942042609,0.3162462148775115,0.31511049798293694,,,0.3170154352895388,0.31691004250750965,0.3172403315167718,0.31715456057228153,,0.3165146683190208,,,0.31437443156202144,,0.31530222156580184,0.3152814977259837,0.31516857538099735,,0.3141389443102663,0.3145681918094734,0.3153195899339508,0.3159357058228571,,0.3151602075467318,0.3156384028492386,0.31624990461790276,0.31580736561785283,0.31444769898282887,,0.3162783780560944,,0.3156170990728994,0.31704129379895285,0.3176172681900313,,0.31607783492577285,0.3129570616460632,,0.3155949580426448,,0.31440067901172547,,,0.3150737445476059,0.3156504929324103,,0.31613778816490207,,,,,0.316140062313307,0.3160791742880846,,0.3163014441654968,0.3169034351465217,0.31751604591940946,,,0.31659206150495195,0.31797643199055986,,0.3171452660899898,0.31679257567836233,,0.31702499818804386,0.31651213051259636,,0.3164204688607685,0.3160098982701657,0.3164544131505627,,0.3171122340103436,0.31632470983549293,,,0.31564938120616176,0.3156534805475435,0.3156369219041096,0.31597056291143083,0.31676616684072934,0.3154441283529231,0.3155194810153017,0.31476202170004586,0.3150317237244728,,,0.31518674516910794,0.315769697441114,,,0.31563737982952667,,,0.315172209255145,0.3151832007831007,,,0.31532899988904206,0.3182499494590356,,0.3175769195122104,0.31769720270976154,,0.31639782140530864,0.3002510123512712,,,0.29926127122241203,,0.33093235497609114,,,0.04545747958094999,0.04538082078755507,0.045417068360996356,,,0.0452968902030223,0.04534665869983753,0.045277334102052744,,,0.04542803124158274,0.045367314353269725,0.04539517200702701,,0.04535740799509882,0.045335608529604575,,0.045475038084516695,0.045416472164126934,0.04544045419059933,,,0.045459820604042286,0.04538135243540893,0.045239506738964944,0.04534217278451815,0.04535481334834739,0.045311243644665905,0.04550268906114528,0.04535100670696612,,,,,0.04556509728379713,0.04545455456427604,0.045410135075576515,,,,0.04536075446609861,,0.045389617050957114,0.04532068136883743,0.04542379153886598,0.045450856041549144,0.045369658687050306,,0.045388989053982275,0.04528304577051594,0.045282168179967,,0.04531446514353239,,,0.04542474915571548,,,0.04545246215506032,0.045365665451360136,0.0454686251407148,,,0.04526874635083609,0.04529941381265844,,0.04525762243921406,0.045466788943870885,,0.045501527738270466,,0.04551200773734039,0.04540297157434973,,0.04537219126213549,0.04544093120816443,0.04537812392695508,,0.04535652319130748,,,0.04534685885550362,0.045406942360208175,0.04551265361699061,,,0.04532924836509967,,0.045436643622788445,0.045440357039484895,,,0.04541348685364671,,,0.04532411196046773,,,0.045374680094350216,0.04553978605515109,,0.045460628466480066,0.045394955263683985,0.045424583407477265,0.04538859463075168,0.04540801889770041,,0.04532705064013907,0.045438693070836395,0.04534325488271918,0.04532787599999506,,0.04531842366992214,,0.04537861804019859,,,,0.04530297397965371,0.04537651402309793,,0.04546918812439507,0.04540346460944697,,,0.04537933794780739,,0.045430270926379496,,0.04543493313936055,,,,0.04541768941994392,0.04530112432904279,0.045371988456158564,0.04529045628242047,0.045486535833033796,,0.04533165729526551,,0.04544812709845253,0.04540594128776862,,,,0.04526257537204755,0.04543212478465756,0.04541993438108774,,0.04540037662465851,0.0452932697783944,0.0453885403508301,0.045394974626608325,0.04529171795839581,0.045342433406522435,0.04535775182108439,0.045518294349404124,,0.04542208753344919,0.0453554717892436,,,,0.04531693476878211,,0.295378319665549,,,0.29991939600541745,0.30098201440792305,0.29976973215416064,0.18377168149584752,0.18404836281874343,,0.1834434799064752,0.1836665135811416,0.18336891245903683
7,5,DG_10pct,20,Z16_F11,16,3PH,157121,165455,True,7862.437099462288,7840.67317269868,7849.302516830803,387.46800710193924,388.86317428648397,24.678199426198493,24.989523585132314,234.02619480957725,236.00845093415919,177.7926876015553,178.90839702220185,88.67615290085197,29.11548343363711,24.275516287846315,8180.203988415472,25.06967758483634,22.409732633914686,8.49524309389215,45.29723694836531,58.923042804359014,,0.5662954953311848,0.5659165372537948,0.5672306251930821,0.5671616663660873,0.5656179240750366,0.4419822891714904,,0.10950351986098886,0.10938039088688016,,,,,,0.22140553674882116,,,0.22010302871469475,0.22118130388726798,0.00011101152370138395,0.00011132367578712138,,0.2975135472232458,0.2968796366646837,,0.29318759646819376,,,0.2970715103432491,0.2981988214212367,,0.29753559431842164,0.29665818104145675,0.2988457292919348,,0.2928183796470425,,0.2931295820760041,0.2981175389866485,,,0.30127100307391363,0.29977134930257965,,0.30070634061506096,,0.3000681100340775,0.3005699663168071,0.30021084807814585,,0.3003682821369049,0.3005305115027825,0.2996244221105599,0.30030058513674157,0.3004908562376839,0.29974861150117993,0.3002094859223277,0.3009209100838088,,,,0.30109676899133614,0.3007427336714956,0.30175952125073946,,0.3012781481538928,,,,0.30096140724104087,,0.30156158781402137,0.30187169240969813,0.30184911434617895,0.30214756304967094,0.3010721895230239,0.30224030656189876,,,0.30086545355350447,0.3012646538030132,,0.30126325989646374,,,0.29926940663178087,0.2993039610862478,0.31589878919018466,0.31369356624508693,,,,,0.3132217020804323,0.3170397852809186,,0.3166236769178063,0.3172881913848325,,0.317485010174147,,0.3174823740979699,,0.316747564373536,0.3174935053776972,,0.3176772377961348,,,0.3179650298362191,,0.3178643264839213,,,0.3177004337422875,0.3163644194999997,0.31792905735104343,0.31696421900260274,0.3168551777331958,0.3172673254125093,0.3178406781209031,0.317388339919993,,,,0.3171332573165229,0.3169948314531168,,0.317618132472841,,0.31795063319975747,0.31698804837006006,0.3173117997935073,0.31664407661133276,,,0.317093763485729,0.3169538258825444,0.3170915198251453,0.3169861144562653,0.3163151530931433,0.3166668694427105,0.31659471898091834,0.3171960704490472,,,0.3173825802701299,0.317214713028914,0.3169168549737193,0.3171509520081851,,0.3170748102776513,,0.3175739974899336,0.31789223765864916,,,0.31635378002795855,0.31805016454402335,0.3168985878720942,0.3179559101350446,,0.3170590943014287,0.3168952041522267,0.3175815353430129,0.3170230220647415,0.31711336946843766,0.3167246529686266,0.31726992871453985,,0.31654483837434483,0.3180181594930486,0.3167441537535237,,,0.317521672741888,0.31739784114795194,0.3167108990027681,,,0.3178111963833566,0.31690101604821597,0.31790393710841053,,0.31762279933583937,,,,0.317661240033921,,,,0.3179160480455472,0.31790951203648066,0.3182294238983949,,0.3169376322664876,0.31761246766540313,0.31746684403753417,,,0.3182861816052379,0.3181847523819128,,0.31691153266013605,0.31793934155814746,0.3182439837615419,0.31746806056784443,0.3169921293515,,0.3173446660296455,0.3183674670771076,0.31826652334082695,0.3171465266491474,0.3168444951822965,0.31697296122370344,,0.3174571054305019,0.3176437336823786,0.31757021158771365,,,,,,0.31770646335116387,0.3177363789924784,,0.31709411931381826,0.31747669666631295,0.31809345668920386,,,0.3170259443476489,,0.3062803590888451,0.3055029456429824,0.30678773076251187,,,,0.3153705867877105,0.3154752045872008,0.315733126110533,0.31502985115765053,0.3148723536675044,0.3165218815712201,0.3167860115668679,0.3169874075603937,0.3167133466769504,,,,0.3172066502623822,0.31651127004236096,0.31725798333121275,0.3169931242325155,,0.3171183482026003,0.31702071099698054,0.3172955890867447,,,0.317320711965667,0.31745381573823717,,,,0.31726224165166494,,,0.31628262027637155,,0.3171337009744041,0.31656859784100666,0.31708144240093156,0.3172678415786972,,0.3162344041076827,0.3171099513783251,0.31773771737346335,0.31663607257740767,0.316482190856038,,0.31682495137659633,0.31611944240439516,0.3171326682794964,,,,,,,,,,0.316951961415189,,,,0.3166755512478856,0.316930216376051,0.3170011198056151,0.3172500115074077,0.316405187938395,0.3167449126837464,,0.31745908185701793,,,,,,,0.31762813756997393,,0.3174700484330518,0.31692418248059145,0.31703397719632437,0.31614897909379047,,0.3167506131125138,0.3162428467187591,,0.3162930358672742,0.3165244597997704,0.31581027516067484,0.31619716973190787,,0.3165324376203757,,0.3159562250661622,,0.31678636692894646,0.31637127263633613,,0.3163606608321744,,0.315999439859038,0.31595798117596785,0.31720000567396434,0.31513691755644885,0.3153999074622352,,0.31605311402205755,0.3171312534455439,0.31531413667431823,,0.3161565653792461,,0.31575422815242793,0.3152107112493416,0.3166521310505615,,0.31630673389155567,,,,0.3165617560254997,0.3163217541149478,0.3168728326763229,0.3165921066023938,0.3170895825412159,,0.316075728825997,0.31593095938526766,,,,0.3174024160272623,,,,,,0.3162691244175204,0.31539802304677067,0.31690129313543713,,0.3158849757016084,0.31686969483927657,0.31671485670005267,0.3160866609936958,0.3161154858844315,,0.3160283620097005,0.31597329550671194,0.3169126580163463,0.3170543803982572,0.31584693767262634,,0.31670207899987424,0.31738071272620183,,0.3156825378819083,0.316713035984725,0.31685901833123287,0.31754927685975165,,0.315936972225449,,,0.3164034939270799,,,,0.31769330535078294,0.316617159610294,,,,0.316941516271769,,,0.31052142098085467,0.31048724451551657,0.3117135968723885,,0.30982280173585497,0.3177124610872756,,0.3166896535487876,0.3155632297501188,0.31536364787108556,0.31424641988826096,0.3079105697462464,,0.3069565162265208,0.29964363652472265,0.30007086891366236,,0.31986190408506515,0.31881754123102385,0.3174676454928429,0.3234081086698548,0.32288260077584535,0.3220914303640741,0.32349968005692536,0.3247621487577406,,,,,0.3262602753241893,,,,0.3256897656997908,0.32860384311851126,0.32970273432255265,,,0.3259011338531181,0.3253235581637928,,0.32556481712688773,,,0.32529882131051957,,0.3263482264414398,0.32513634461973184,0.32561497545975165,0.3260341856421412,,,0.32559060570454934,,0.3319765922365802,,0.3332307520681054,,,0.3295358988544915,0.3339921269692674,0.3335572073008911,,,0.33445863527746,0.3337678565851318,0.33322876428326215,0.334285162682397,0.3328799645432776,0.33358424203921644,0.3339444540056815,,0.3325158144781438,0.33144612031630305,0.3312238179548303,0.3329214919776602,,,0.3320145808671714,0.33195295598866553,,0.330960854868414,0.33137403473233845,0.33190703717171643,0.3320386167647034,0.33204701284294386,,0.3317047502262008,,0.33059442386761034,,0.33186104143765716,0.33058986646178756,0.3317220048900493,0.33239366483962657,0.33252027264340944,,0.33137343073723946,0.33107461433231833,,,0.33210614774698644,0.33198927695455066,0.3325205075423328,0.33241448529340056,0.33082557283897157,,,,0.3327822493104334,,0.332726221098897,0.33215083726909556,0.3312459252969898,,0.3314820002041925,0.33179259563853924,,,0.332005022115286,0.3317202721213128,0.331731965605655,,,,,0.3312783465335215,,0.333068308182296,,0.33165357364363424,,,0.31602406081107476,0.3159123398121447,0.3164701226458859,,0.31519658934406414,0.3164217065249539,0.31545719203873024,0.31551465668970696,,,,0.3168536546293524,,,0.31660116318159615,0.31599791317598175,0.3157982240241864,,0.3160776966716329,0.31641566543531496,0.3170539995139898,,0.31587488251677365,0.3164163999273434,0.31570913423436214,,0.3168406429652316,0.3156686566866242,0.3162558389088954,,,,,,0.31715640579711973,0.3169206917816175,,,,,,0.31590472194960534,,,,,,,,0.31481235499531185,,0.3150181768709284,0.3144267263347855,0.31612281033076417,,,,,0.3168898236788753,0.31580977236034935,0.3162797627312524,0.316309120606037,,,0.31265606540370283,,,0.3148454227044739,0.3160389298828046,,0.3155022476993871,0.3158633010333763,0.3158060356659169,,,0.31667436540949234,,0.31592586804353867,0.31661391879827294,,,0.31590231553877457,0.3159297105178935,0.31650838045133817,0.3173919046084341,,,0.3166541579287226,0.31690376111238955,,,0.3168773491916716,0.31694306427208585,0.3164656933496581,0.3169500058138177,0.3163619469725693,0.31629340373997855,0.3168192639595854,,0.315693608022228,0.31674615698155034,0.31616084876858275,0.31631164680411106,0.3158634903180437,0.31537498213727383,0.3157551367114882,0.316163101130905,0.31708346742813515,,,,0.3147077559052198,,,,,0.3149723372039269,0.31616746131692836,,,,,0.31637037610204694,,,0.3153246119728026,0.315338405882686,0.3177317160356579,,0.3170565479080935,,0.3176715314146786,0.3183263713966285,,0.33254028270563707,,0.29815333477577727,,0.3305667061056209,0.04523880808632312,0.04526954569674731,0.0454211273211771,0.045444556456823396,0.045544680790379634,0.045332555415989975,,,0.04543051745286559,,,0.04544974447415183,0.04542500048198494,0.0453995985312395,0.0453469522296247,0.045375919022041904,0.04539100313327947,,0.04540299454038374,,,0.045392909108038525,0.045350682259478775,0.04544453116911086,,,0.04542069704988527,0.045296044580657766,0.045378415716710384,0.04535402138307196,0.0453809662034434,,,,0.04538548703854777,0.045398104527723734,0.04524852166643631,,,0.045340410215858495,0.04536303180070307,0.04544814268713895,,0.04543839026611473,0.045535830017338075,0.04545763108894451,0.045289064797506204,0.04544812434270985,0.045367385459568046,,,0.045399029974092314,0.04549359892750282,,0.04525965136731245,0.045327399214435064,0.04549070524115393,0.04544130547368191,,0.04556011678141002,0.04537399607336128,,0.04538007183490078,,0.04533655154659576,,0.04548399244294396,0.04544440873290915,,0.04541899055795753,,0.045431916564701455,0.04537383709503236,,0.04543126286837716,,,,0.045344885541599635,,,,0.04532240650989913,0.045342249473399425,,0.04551348410380592,0.04537119924711475,,0.04541217675936423,0.04549750348653156,0.045373454877973084,,,,0.045251102297465935,,0.045289032083909025,0.045489201775497944,0.04549229979701331,,,,0.04536300060457647,,0.04537290801572535,0.04546036801246244,,0.04554808773292728,,0.04534924904948247,,0.04544717889553559,,,,0.04533860532258216,0.04515100467970457,0.04537134458624817,0.045347141480044165,0.04532924174979326,0.04537543255643363,0.045193100684047374,0.04541708804564495,0.04526780328057449,0.04536283531883035,,,,0.04534711282598267,0.045460967172956654,0.04536739253385374,0.0454240668770673,,,,0.04542553618669111,0.0454083062396151,0.04540379502052281,0.04530761147221073,0.04543179622212457,0.04544111132871074,0.04546902061428858,,0.04533959594091557,0.04543784676536527,,0.045489247557066764,0.045194995763808817,0.045366080254765656,,0.045467439377153286,0.04540529153371782,0.04529995547917732,0.04543663607611551,,0.04558209447020676,0.045371653071452606,0.04550308590442346,0.04542946742902106,,,0.045476772301223774,0.04547373434437752,0.0452989644264228,0.04541620786556633,0.045362845020169615,,0.045577702102201946,0.2958687807188133,,0.2947312354426268,0.30037485163473987,0.3011047692509245,0.2998243942266337,0.1827537084143141,,0.18330661516721006,,,0.18332254620618316
7,5,DG_10pct,20,Z16_F12,16,3PH,282085,283563,True,8235.965283644497,8185.540709762695,8237.484045723617,342.31205085477933,343.9225954001275,21.687740850512146,22.09153343839157,206.74231811785307,208.14344907070657,156.9900009897111,157.34086868913735,78.10167766230914,25.74119769789625,21.45367926849176,8501.51194069805,22.04496997361841,19.777673919343446,7.559317580632245,39.74727986977366,52.17579696877274,0.5456125908133009,0.5464545034896221,,0.547613673158999,,,,0.06696616937104581,,,0.21288686157000256,0.18285314401595204,,,0.18315649132316605,,0.18354536655185835,0.18270859044622945,,0.18327707784277103,,0.00011591186557601886,0.0001155704472011864,,0.2622593041843187,0.26229860507086394,,0.25971252050877974,,,0.2628227580989879,0.2632106361168079,0.2628283136597691,0.2625886893929839,0.26249675495122027,0.26537815081484284,0.2587737067682702,,,0.26397605512731676,0.2636714308477589,,0.26463973711384803,0.26506957604696996,0.26500962073012296,,0.26478558994908874,0.26475926391059607,0.2649133436732565,,,,0.2647212108506625,,0.2648340073693071,,0.2647806788068951,0.26424058157021996,,,0.2656860374726451,,0.2662661517660591,,,0.26591735114936166,,,0.2662710283565337,0.2664250439645441,0.26545417097745744,0.2657465337655768,0.2657036280623007,0.2660609786580039,0.26530524511782755,,,0.2656121409774819,0.2667634967486657,0.2666777092321308,0.2666160262837161,,0.26574106667521913,0.2664710622970551,0.26681311536045665,0.2646817360050359,0.2635404729504063,,0.2787633445032744,,,0.27725673221437963,,0.2761869181653118,,0.28114590657335475,0.2806770726379021,0.2796455923383632,0.27977814651818766,,,0.28117906065216075,0.2799890875015696,0.2805339722195652,,0.28082416196888116,0.28046001245391927,0.2804949236705769,,0.28040243481748095,0.2795353288344947,0.2809198785499665,0.2806749098454378,,0.2800818395311578,0.2807213995951147,0.2801124483575376,0.2797066742249291,,0.2801086215602455,,0.2799996333262569,,,,0.2799596108927645,0.27983956182005837,0.2793017522914472,0.2805502954186755,0.2799914472399029,0.28073465476636966,0.2798768625235046,0.27970833238670584,,0.28005568061154246,,0.28094155263699055,,,0.27981532507384255,0.28066182819228075,0.2803322644073439,0.2796831770997803,,,,0.2800072276779573,0.280375091594638,0.27931342216002886,,,0.280738434189242,,,,0.28019426200215425,0.2809106738086337,,0.27975682796728113,,,,,0.2797894972104539,,,0.28022210343607473,,,0.2797831661280371,,0.28070646823253725,,0.28041005402419883,,0.27950113852296976,,0.27935076301849715,0.27971530508823456,0.2789790859315273,0.27947848680888093,,0.28011568755263305,0.28124054234118023,,0.28101545143705164,0.28008425049673874,,0.28065692388831465,0.2804813502120414,0.2813015493443274,0.28170447541040566,,,0.28052154614319336,0.2803811345283535,0.2803805117797923,0.2811361806417988,0.2813261111959709,,,0.2804727390735925,0.28088776961886275,,0.28044613658452167,0.28041153469501634,0.2798538971139561,0.2811186964112551,,,,,0.28003092423508696,,,,,,,0.28084728144919713,0.280463913175417,,0.2807014885488912,0.280622682926114,,,0.28017753300627257,,0.2805838958356163,0.2815665034994277,0.2810302835610293,0.2800945262543073,,0.2816569322892088,,,0.2702565088375217,,0.27043525245638894,0.27937499592171655,0.27846986867349355,0.2774738432010107,,0.27726791651451077,0.2786070945924858,,,0.27916722492032015,,0.27953176965384324,0.27926921769773233,0.2803554452471372,,0.28005727665624613,,0.2794858618028086,,0.27955836814188406,0.2795940700411395,0.2797108804003622,0.2803670910694822,,,,0.2805485911168495,,,,,0.2791821127842589,0.27925920892820705,0.2794225219628412,0.2802316381744618,,,,0.2800741523127368,,0.2796287494749483,,,0.2797721636234519,0.2793062854203419,0.2795666277757489,,0.28040192084342425,0.2791179960015975,,0.2798130218692491,,0.2794321369950012,0.279623093491736,0.2801413968603804,0.27981978953827025,0.27954084112569205,,0.27958154858253115,0.27953445481509415,0.2804024002150519,,0.2796317488373034,0.28097631398161704,,,,0.27997671108023015,,0.2800992298954448,0.2796578653071514,0.28066017813817123,,0.27992499436459223,,0.28020433088282715,,,0.2799258975670069,0.2799484018499452,0.27867980774471024,0.279122283166712,0.2784815349420973,0.27950966034286917,0.27930321028978833,,0.279615205233337,0.27952094760356033,0.2792064082486097,,0.27892867502496355,,,,,,,0.27934324383593057,0.27864739461357896,0.2797747116959895,,0.2797126500021586,0.27969751243873764,0.2783869704155968,0.2775123473903716,0.2785875243339021,,0.2784783820399535,,0.27843674815417746,0.2793763480449239,,,0.27867989597196036,0.2786373478598042,0.2784292915107873,,0.27969121973370453,,0.28012079949207996,0.2790709029003727,0.2783801000012674,,,,0.2788854783503087,,0.27899518781747373,,0.27907944390199085,0.27898662307787314,,0.2797965054469323,0.2790082747952085,0.27932920642316633,,,0.27911243715800943,,,,,,,0.279434777682935,,0.27918861024451874,,0.2789449807921306,0.2796373981999731,0.27990294729227316,0.2795135860364275,0.2786407356178848,0.2800207444199364,0.2787306766832418,,0.2795533550139176,0.27934063919974716,0.27992039120551737,0.2793556458249235,0.2793382841818651,,,0.27950584993684097,0.27958936387586897,,,,,0.2801050938842578,0.2800955570826155,0.2795778388780377,0.2796996414634689,0.2794877796348475,,0.2797453295212828,0.27390534638496405,,,0.2740974330863109,,0.2737013126639017,,,0.27920497224325114,,0.2770508550948432,,0.2714146487738596,,,0.2635489738296225,0.2640101977146237,,,0.2806985537787567,0.28030991419415957,0.2853296694092908,0.2863930230818576,,,,0.2871299506725875,0.28693061047865187,,,0.28858578247082445,,0.2874827679581589,0.28798518929141764,,,,,0.2872417561893923,,0.2872126825586702,,0.2877055650334721,0.28704424435874304,,0.2871649016067115,0.2885387527859864,,0.28761141580731847,,,,,0.2877484059753979,0.28742110906204815,0.29339626757579174,0.2928135111064758,0.29302617199133263,,0.2933201525488014,0.29024976112025264,0.2940243586094675,0.29471407475930966,0.2949175809886129,0.29564682599882597,0.2957483291117243,,0.29513681778149686,0.2945624758472255,,,0.29455584770301396,0.29401085916586184,,,0.2928683667159993,,0.29374747892262737,0.2932885948282285,0.292896720499052,,0.29398170174058347,0.29320339024164127,,0.29294271834079255,0.29195552225826576,,0.2931263227430876,0.29286667474964584,0.2933242879844262,,0.293117299940939,0.2929490374756385,0.29295901706085387,0.29257547174927406,,0.29269883255431833,0.2927627566547033,0.29273352307626643,,0.29239853316234693,0.2919155533549687,0.29298267384147825,0.292309816606619,,0.293662888110972,,,,,0.2937658061897376,0.2939406010543512,,0.2929010142652258,,,,,0.2930077610160946,0.293309248838515,,,,,0.2931193303813968,,,,0.29230383859900255,,,,0.29245856515142804,0.2782558552980016,,0.2798671933389992,,,,0.27932449008969357,0.27884292284257906,,,0.27939338861805485,,,0.27933474173517264,0.2798178803615921,,0.2790534946865251,,0.27865076849721704,,0.27907066297153993,0.27881380372629255,,,0.2788309836381804,0.27853228419908505,,,,0.27981038975017886,0.27944635216467073,,,,0.2797260316105104,,0.27943134613960846,,,,0.2778886850815793,,,0.27889037259489213,0.2778549436977271,0.2781212037862841,0.2778203390218848,0.2776271985062654,,0.2783130067911727,,0.27750452605370535,0.27769216613711994,0.27886368973615644,,0.2782180483955582,0.2789079385855984,,0.2788497461054454,0.27966282108904805,,,0.27869804315440116,0.27940021452758224,,0.27485995749749087,0.27872879901585784,,0.27833315595223146,0.27914863474088014,,0.2790292726534753,,0.2780343888957365,0.27841023944304844,0.27969612040980846,,0.2794621566900568,,,,,,0.280303282995164,,,,,0.2789587983177554,0.2790808024928921,,0.279600411398894,,0.27916963427966973,,0.2801361783339168,,0.2797211744969873,0.27955932171557996,0.27969174545862613,0.27934487645589096,0.27923550294479504,0.278898514904517,0.2783317327740838,0.27909343481425486,,0.2780007713886886,0.27825160781210645,0.2791384350581959,0.2784006722786821,,0.2789133296182563,0.27802966608354657,0.2783744064068872,0.27803275888432216,0.2786769146691454,0.27864159136506406,0.2779180641870416,0.27872990140492304,,,,0.2787253860358355,0.2781929877741625,0.27883462733170666,0.2786520663362546,,0.27852392303797646,0.28050691255299165,,,,,0.28041847741570597,0.2659861614695089,0.2981579667091327,0.26392777777979093,,0.2636889733310204,,0.00011650569647156217,0.0001161345114443552,0.00011642654895527607,0.00011611619107835008,,0.00011640618427061718,0.0001162569844942603,0.00011636381566846208,,,,0.00011618801135726781,0.00011610847441085409,,,,0.00011594029996177955,0.00011591540509661432,,0.00011645256198012333,0.00011633355908802421,0.00011610953223367649,0.00011643002012308576,,0.00011652645398925449,0.000116297538041928,,0.00011618716979480809,0.00011647503356808008,,0.00011607648455070837,,0.00011652765143154632,0.00011656040716101313,0.00011667865149727137,0.00011621962840456339,,0.00011578563731146759,0.00011614799699604343,0.00011629904942915103,0.0001161857332804506,,,,0.00011600699216785078,,0.00011606917258887249,,0.00011645664405183148,,,0.00011642144292936493,,0.00011634547361060313,,,0.00011614703261935276,,0.00011652070302662605,0.00011622916210617065,0.00011613561345446432,0.00011619638771899708,,0.0001161867211649918,0.00011659009213687199,0.00011659475405579284,0.00011608147828601775,,0.00011614794627410585,0.0001165913395057734,0.00011624606582211123,,,0.00011632569940013925,0.00011653418065593672,0.0001165662649887175,0.00011623275957480364,0.00011628069701481942,0.00011636363554972279,0.00011630477358709136,0.0001164794338381227,,0.00011610838892404283,0.0001160688234606656,0.00011623246543645632,0.00011627065040689751,,0.0001162184088555504,0.00011650408241839185,0.0001161161294497882,0.00011644263329231354,0.00011625656896175998,,,,,0.00011620127087998539,0.00011647105417259189,0.00011656064879738216,0.00011672671865782087,,,,0.00011651976460905784,,,0.00011659509610417368,0.00011669908280844069,0.00011669141990841395,0.00011616711425237265,,0.00011634236404497126,0.00011615333714684703,0.00011638892348745125,,0.00011590756970709018,0.00011644465837515166,,0.00011631294660978918,0.00011606078508311757,0.00011618174487069176,0.00011637093199024157,0.00011655239189463078,0.00011661765891043499,0.00011604837160149785,,0.00011622517355457396,0.0001163312130719121,0.00011630403467301566,,,,0.00011640077271086511,0.00011595541262223649,,0.00011612806074773757,,0.00011619823986978736,,0.0001163536888810268,0.00011624922958834843,0.0001162238283577048,,0.00011632062616112566,0.00011643157466512851,,,,,,0.00011656898748505767,0.00011629010648928325,,0.00011623336372821954,0.00011625990480037408,0.00011645025094805727,0.00011625468312051227,0.00011635347080454571,,0.00011637528738767239,,,0.00011612025931848233,,,,0.00011668459985428618,0.00011589175558697347,,,,0.26524231082892025,0.2659842727986679,,,0.14358785269917917,,0.14369243848227148,0.14329082722401726,0.14359802276020503
7,5,DG_10pct,20,Z17_F01,17,SLG_A,175036,181973,True,4278.711888685547,4277.033847513324,4340.85826707316,4551.832923819083,4528.193344266485,5794.05983940716,203.84701511922515,984.6222493521265,1009.8796854047221,716.047469129618,719.2707360739591,344.28791715879856,111.69160366574016,111.32241950854036,110.33766419077547,5802.799556532125,171.09004818772485,25.744001007370706,331.2927683445085,296.028747695659,,,0.7447968285054685,0.7402206275343756,,0.954714870179113,,0.6049127128487048,,0.6053039069918211,0.8326667616522272,0.5571572792539785,,,,0.8448206507957743,0.8442164976776902,0.9440354092856594,0.9453948243229637,,0.604946537197844,,0.605119129037972,0.6068042715738218,,0.6058190855849106,0.5997012176445754,0.6000748073248079,0.6023467234905765,,0.6077494649829872,0.6072664710915533,0.6080428890767522,,0.6081152007342283,0.5122740738552259,,0.5778019510796972,0.5783242019947258,,0.5775071022684446,,0.5791922028065466,0.5769836941309084,,0.5796703081066892,,,0.5798286006427849,,,,0.5795690810005361,0.5790904619812476,,0.576737784363321,0.5782809775846275,0.4677183732740427,,0.8568771236304226,,0.45820061095364806,,0.45807863751649047,,,0.4589791347644171,0.45862788942718313,0.4586774247086057,,0.45792880374642564,0.458345560198924,,0.4590666643726788,,,0.46030808505639553,0.4579792442485423,,0.4574348990588346,0.4591540101988204,0.4593042286136201,0.4594919934353251,0.4581378217232343,0.4589484941869068,,,,0.92019286712334,0.5369511156968849,0.5371369676993626,0.537451306927907,0.536651095736807,,0.5357399402696893,,0.2046335278886588,0.2043939904423961,0.20475967896504804,0.204377853594438,0.20424476872695876,,0.2047389669183189,0.20440263902903832,0.2046321725378906,,,0.20449615119642864,,,0.20476815154796285,,0.20462779869641717,,,0.20403090475463675,0.20448005205381925,0.20442412717095051,0.2037601410888628,0.20391375593243163,0.2044676143610577,0.20459102210262703,,0.20434118427509523,0.20488208493276835,0.20405628220037358,,,,,0.2044540982433695,,,0.20440673316612543,,,0.2044480485467123,0.2030731892018713,,0.9152200935979321,,0.9134571521247563,0.9143885889348403,0.9132347696152349,0.9123121536398187,0.9132679956521426,,0.9126633707885641,0.911636763933234,0.9139210975178238,0.9121448802296677,0.9114847910233289,0.91310446959263,,0.9142169234370118,0.9123061486349343,0.9111396790527417,0.9135320119589865,0.9119454832168128,,0.9122517214934347,0.9134434010725038,,0.9133748738002226,,,0.912053132535434,0.9139107472417435,,0.9111235432577286,0.9091861658902642,,0.9121616996039462,,0.9135680956686849,0.9132601355371682,0.9123235760896561,0.9139077919303177,,0.9123147637410454,0.9144602539865976,,,,0.922886187765297,,0.9201487271458737,,0.922415231939692,0.9218646360192846,0.9228035342840734,,0.9233065227436301,0.9234021168227621,,,0.92206633874465,0.9263305912899474,,,,0.9207370737118855,,0.9213107666425795,0.921448374916002,,0.9218915298107768,,0.9222642052203568,,0.9226315682565878,0.9220448245285621,0.9213140509173238,0.9232403789139305,,0.9237048406409714,0.9216320179165711,,0.9238811023122536,0.9210787601735522,,0.9224952230159984,,,0.9220280986847446,,0.92249364229657,,0.9214227047706001,0.9212608311906283,0.9241630889153224,,,,0.9207779767168836,0.922313896593777,,0.5241463102421918,,,,0.5399221781180853,0.5401067449922548,,0.5378165298430302,0.5393978020171453,,,,0.15589097508420474,0.15646753758771975,,0.15569844635038357,0.15636921109412694,,0.15614971406080738,0.155943007570791,0.15597913069196162,,,,0.15626099101193106,0.1563190341743141,,0.15579140475533182,,0.1565667060104832,0.15608168377976286,,,,,,,0.15618031806852103,0.15579016396378392,0.1564922857377115,,,0.15581423254132562,0.15596275099479656,0.15623982970893607,0.15607424217986338,0.15624260484889294,0.15570773665848436,0.1559467777600385,0.15572496333345853,0.16623604247516943,,,,0.16625271756514992,,0.16578001311557275,0.16637150076210103,0.16553480247756244,0.165879135519287,,0.16625123690163726,,,,,0.1661340406940281,,0.16646396827805615,0.1664395966821634,,0.16586208588384785,0.16609116755636513,0.16647698834169047,0.166261080263596,,,0.1663083827279192,0.1662133219009417,,0.16648660412676616,0.16595260526632685,0.9249771505860952,0.9274751045770385,0.9273256109094069,,0.9264369576178609,0.9216289268082783,0.926675787218423,0.9288051370921834,,0.9253996280624257,0.9260341185418516,0.9238374887881117,,0.9229230869284251,0.9218087458008718,,0.9240300492056654,0.9234648854385722,,0.9259147504315357,,0.9226273587859155,0.9248619949509526,0.9212667054724641,0.9221784740551214,0.9233441480971185,0.9255599763448725,0.92779290991235,0.9249320949153438,0.9245854224690595,,,0.9270041445234904,0.9253296407494674,0.9248131202777871,0.926639533918987,0.9262126932082314,0.9243513256961496,0.9266483201485375,,,0.9259342114608617,0.9258880123030427,,,,,0.9278862747649514,0.9252129109639446,,0.9248742038217944,0.9289475099297044,0.9267727762948916,,0.9259320442167664,,0.9253489860884089,0.9233079254183644,,,0.9230038243724993,,,0.9240580381784883,,0.9231814886607538,,,,0.9215736906720011,0.9212022178996734,,0.9236962182790592,0.9231308202800561,0.9230460405566269,,0.9261306117527959,0.9229869629400621,0.925016414732182,,,0.9271147500425387,,0.9228018119208649,0.9220097207178313,0.9253212927250452,,,0.9646504652949085,0.9621116800666019,0.06491452349484832,,0.06501456332399796,,,,0.5283919482566617,0.527594251382261,0.5288215652022704,,0.5288693886406405,,,0.9135861805073694,,0.5386214530736982,0.5392198081133244,,,0.5257099856237185,0.5114065697017088,,0.5100255240073291,0.24046407450755808,0.9050431714742366,,,0.9151263297934827,0.9134335187644894,0.26747911706567756,,0.9156420128304981,0.9247755595924926,,0.9233559581679207,0.9238421579216283,0.9237908051302036,,,,0.9308642376337048,0.9260457727828206,0.555613255731785,,,0.5564454280829786,,,0.5572293210283873,,0.5579161172235841,,,,,0.5576502840624685,0.556862330269395,0.5579990840163545,0.559679298256242,,0.9269588565848323,0.9279877165674443,0.929779220872423,0.9287857605834902,0.9269684986519282,0.9212606113569712,,,,0.3035128523770156,,,0.9407898302557614,0.940454734406157,,,,0.9271560063249759,0.5672023447316275,0.5679746180797505,,,0.5666712931853582,,,,0.5676617503672937,,0.5653184357708512,0.5667550108348002,0.5666645095018239,0.565287086225141,,0.5677884104127952,0.567198355047277,0.5683537103784098,0.5670635390529202,0.5659460733573805,0.5667348065374047,,,0.5664697544571968,0.5664017120376394,,,,,,0.5664406737704194,,,0.568414442642564,0.5686048929914728,0.566211043230697,,,0.5674062651499412,,0.5661173554798584,0.5675586076695033,0.5675903916678584,,,0.5680388429236161,,,0.5668695578610596,,0.5686191011447354,0.5675335271334648,,,0.567126259605442,0.5666584337984366,,,,,0.9394701675025185,,0.9418041730966357,0.9386773115964452,0.9399730736444047,0.9367004841013489,0.9399836439931607,0.9363878620690927,,,0.9406203096059848,,0.19397920253440265,,,,,0.19427831079430996,0.1948960342605981,,,0.19418747715937032,0.19453909654870435,0.19444502465463565,0.19385834718443815,0.19444238059521443,,,0.19441430198000148,,0.19420533538985457,0.9394422141789865,,0.9412074316876514,0.9403768628632245,0.9411613913286443,,,0.9434296132900704,0.921921422710484,0.9256409342435536,0.9231778198546622,,0.9221036463352869,0.9230374729625092,0.9209192482054578,,,,0.9228875244274961,0.9231723950396933,0.9231262338317031,0.924609015115722,0.19422156710145674,0.19370584145161235,0.19454196389795053,0.19335573965724576,,,0.19411471301930314,0.19413618937149535,0.19363529744939978,0.19442810524326348,,,0.1921336894318402,,,0.922753972953977,0.924187374144243,,0.928463882681132,0.9245162836733046,0.9237801352884323,,0.9394019716973131,0.9396884875257573,0.9384382638707566,0.9414019506238626,0.9420248974162575,0.940552161241789,,0.9429633688728422,,,,0.9411259618508522,,0.9401866643742434,,0.9416322335590461,,0.941656964020684,0.9405295912721889,0.9434794750950075,0.9406869294140936,0.9406781610073333,0.9418921507136979,,0.9399287352573368,0.9423983885918746,0.938418761745795,,0.9250235408574514,0.925468221985076,0.9247338470911987,0.9247912242873801,0.9263343557260448,0.9236681656610669,0.9279261039850724,0.9254119094280792,0.9273098628658221,0.9250921772817353,0.9238915630685081,0.9235240461610686,,,0.9225971137494702,0.9239144803850164,,,0.9229615021224674,,0.9252558371111479,0.9250745934660073,0.9205306223775753,0.9222505949926992,,0.5446448313092784,,,,0.5426314883953195,,0.8576894585961804,0.838964237729151,,,0.5892058296634423,0.29066607474723166,,,0.6063797005162783,0.6063393972419453,,0.6044551053979156,0.606833358548477,0.6071851447400242,0.607102795086689,0.6069784391461617,,0.6067400177523894,0.607369001448022,,0.6062785562162545,,,0.606434708311647,0.606913812786397,0.606493298788402,,,0.6055383452101937,,,0.6056407253663483,,,,,,0.6057689095216148,0.604160994749045,,0.6068465621819767,,0.6070901542938171,0.6062072908411789,,0.6064112551068881,0.6064568177574021,0.6068080857380747,,0.6068972793702212,0.6081529022259387,,,0.6081631685167993,0.603999126556287,,0.6060744445509795,0.6052854970037194,0.6048732279766846,0.6073041476775776,,0.6090305104375305,0.6067579516314183,0.606459182652016,0.6050024595658217,0.6091216300590329,,,,,0.6066441411893478,0.6075683021257045,0.6070612404168673,,,0.606846265822439,0.6064642856182115,0.6055991386882774,0.6052374252443837,0.6081198214208167,,,,,,0.60433237860744,,,0.606829368074721,,,0.6075182890670057,0.606652819692734,,0.6068140813864568,,0.606638545362142,0.6065657191143916,0.6053111683137246,,,0.6058058947193273,0.6073456200236338,,0.6057446934547045,,0.6072216036659376,0.6058850898986416,0.6059021637693797,,0.6052219348614757,,,0.607421161560329,0.6076491053348244,,0.6065387386363308,0.6055036491839363,,0.6054577577000968,0.6051034189190028,0.6078746366482056,,,0.6074745826783504,,,0.605265276187637,0.6066264468161974,0.606451316400268,0.6067312013980727,,0.6061372593639928,0.6055993913127936,,,0.6072307824117047,0.6067967924326209,0.6066681694889385,,,,,,,0.6059766146272136,,0.6049994614136065,0.6063175879193718,0.6062597320965502,,,,,,0.6055311099364221,,0.6064509052643746,,0.6070611757737989,0.6063140736422608,0.6074408735978141,0.6049834586061628,0.607397800695508,0.6064279096240639,0.6086612415128628,,,,,0.6065914605000899,0.6070807052245217,0.6071098458535297,0.6063918385451278,0.548297817767574,,0.547981737136112,,0.8546571830641571,,0.5561295942121058,,0.8419173936947514,0.8423268375222499,,
7,5,DG_10pct,20,Z17_F02,17,SLG_A,175036,181973,True,4286.874398952332,4273.215369565018,4354.117234055294,4538.441128115381,4514.945366626341,5794.68116664339,204.6182278017525,985.7982722794534,1009.6401147437919,711.1037331550216,715.0539022290482,344.21306368255716,111.91345543800738,111.1797019253233,110.49402248899256,5798.988931545543,169.89765962229723,25.978649878112375,331.64867498194195,298.2971727325527,,0.7445475311405594,0.7429754030524518,0.7430595417615427,0.8511127478731458,,,0.6043750980875262,,0.6057925300410213,0.8336956740173452,0.5563011988314986,0.5549891492130165,0.5563002722570471,,0.8425105921206418,,0.9458188601357157,,0.9444034796831594,,0.6072573793786616,0.6054593189496675,,0.6060471277941389,,,0.6013145574149641,0.6014502321403565,,0.6078084242169006,0.6073750501997643,0.607252035759877,,,,0.5786007061658329,,0.5796864735837233,,0.5778362853284252,0.5772007978640721,0.5775195911872487,0.579095171671817,0.5784217681131273,0.5793711285809624,0.5787051763405162,,0.5759408165577851,0.5770044030911851,,0.5762853777948231,0.5771741792346795,0.5781329385127746,0.5782798586642323,,,0.46820149138404643,,0.8554314777141664,,0.45944362857081766,0.4574821051610012,,,,,0.4590491032996784,0.4590836656667091,0.4574687754622342,,0.4592555639408008,0.45872614332334605,0.4599348233256623,0.45918423036702644,0.4596325851885779,0.45913244133311926,0.45840700873768897,,0.45861655371440485,,,0.45900066874589157,0.45942152316392065,0.4593161481927698,0.5364030136114047,0.5378054708795538,0.5392298245819996,0.9162109220965341,0.5365433912822902,,0.5366424570078521,,,0.5369756850397329,0.20412859724468502,0.20440855601708416,0.20427257311357583,0.20469288949918057,,,0.20400516261398088,,0.20430147442909427,0.20479619382497274,,0.20416279522481645,,0.20442049594854275,,,0.2043806278031557,,,0.20464874541844058,,0.20382619621694018,0.2042838047298974,,,0.2045157444063215,0.2037086154969643,,0.20422784734125674,0.20413689123167736,0.20415765248597081,,,,0.2038305301052559,0.2039476620599969,,0.20410162321609845,0.2046406177234878,,,0.2042227684933316,0.20431847256050154,0.9124870429599644,0.9094169793148442,0.9109494298423791,,0.9109867827247611,0.911840677815614,,,0.9122959908722308,0.9122759775237896,0.9125229777853522,0.9114393475185618,0.9127599294030042,0.913109356758764,,,,0.913040490844279,,,,,0.913242945966913,0.9140142752187087,0.910712358650082,0.9134461792302984,,0.9115162591241983,,,0.9116558420628478,,0.9138949530366706,,,,0.9119896774957594,,0.9119470691774954,,,0.9104601874634669,0.9124635950944116,0.9090256003645037,0.9097810454714584,0.9235075995448799,0.9229288444993557,,0.9228819906817756,0.9223964068141566,,0.9236902868307826,0.9203681896026743,0.9251604582848295,0.9213133332018034,0.9233344623943278,0.9207504579726634,0.9208424220147272,,,,0.9235737866441819,0.9214974384838104,,,0.9217402190826683,,0.9208705874751694,,0.9196875305098947,0.919657457738571,0.9220696561088998,0.9229552071739019,,0.9228719273627896,0.9198819669087074,0.9195621972466699,0.9230248322793867,0.9218336809580753,0.9242854645190869,,0.9229874704304758,0.9243165909198044,,,0.9230284872524495,0.9217195002075381,0.9212611518307081,0.9206563123309399,0.9201911096876303,,0.9195629373971914,,0.921433732448908,0.9217935020972058,0.9217667533989188,0.9236070330748902,,,0.5231383083773357,0.5223146191664368,0.17070457321200735,0.19939931411933745,0.5396264808153911,0.5382177288661676,,,0.5386188041805454,,,0.15601854918739297,,0.15595161274859645,0.15597778553053449,0.15603931357352013,0.15610181440541746,0.15636707849351275,,,0.15626253393462283,0.15591171830356107,,,,,,,,,0.15568532812948774,,,,,0.15649823398546642,0.1557821482633112,0.15599774372528163,0.15576439421640587,,,0.1558950565484599,0.15581186163066216,0.1561736742491782,0.1555669510647861,,,0.155921510808767,,,,0.16621477825991698,,0.1662255177700484,0.16608971233734407,,0.1662643264311432,0.16558999112126604,,0.16611154240837317,0.16637632328219257,0.16636545445576384,0.16599986375992146,0.1662646958587624,0.1663499885828458,0.16663953641527524,,0.16611838533998008,,0.16661283178046915,0.16621790120382782,0.166834488850969,,0.16656261480903234,,,0.1664037121631,,,,,0.16603533875789966,,0.9272935452646794,,,0.92682908250622,0.9275726450210499,0.9268021727110167,,0.9284993081995395,0.9283797806746193,,,,0.9243879643797888,,0.9246093473042094,,,0.9222379918387859,,0.9243671422645396,,,0.9210995895843797,,0.9237091801739087,0.9244624734644088,0.9266448669704759,0.9266414741053806,0.9266055686119807,0.9250417644209485,,,0.926399201328918,,0.9289620027841067,,0.9263873369812347,0.9258163700550823,,0.9277920419889314,,,0.9281329567491197,0.9266694876155065,,0.926720980357456,0.927053651296683,,0.9291193191106876,0.9283946081713431,0.9248304419749267,0.9255549960384124,0.9252181141740482,0.9251410650984979,0.9273468788671073,,0.9216610644974483,0.9231504895952455,0.920944280876451,0.9227564671824935,,0.9261045619754039,0.921764518023152,0.9233167186899341,0.9240606421080974,,0.9223545389790244,0.9232920160489111,0.9235225592158189,0.9210191831527827,0.9234061974235981,,,,0.9225567790171818,0.9220817931859459,0.9238717578167176,,,0.9246684861246304,,0.9203391734656997,,0.9239910362463645,0.9234870890763333,,0.9632648940227567,0.965537241490723,0.965600982049195,,0.06489688523950668,,0.06479902673853843,,0.527572522373189,,0.5282452442812283,0.5292766231250078,0.5278293061552264,0.5293255871966492,0.20473979453821634,,0.9071240377295182,0.5382849558842976,0.5386258289905996,,0.5261023685444829,,,,0.5119506344168954,,,0.9044036641463772,0.9115163451411631,0.26011346791100104,0.9147319802332535,,0.2680364855082084,0.9223286638757147,,0.9251721408113419,,0.9229794786985467,,0.9230363170999374,0.2741483136584276,0.9262324678654245,,,0.9289381676557565,0.5566897315036379,,,,0.5580364882266817,,,,,0.5567541516210761,0.5582803903073507,,0.5579615587145231,,,,0.5574147115461424,,,,0.9282553020001517,0.9285043963392481,0.9277192459735365,,0.30421772017977866,,0.3046255435108418,0.30331487076099045,0.9451267553396476,0.94190794032882,0.9436151950963314,,0.9311694972952073,,0.9313450040455401,,0.5669625273337385,,0.5668708211413832,,,,0.5693589252081414,0.5657320023852586,,,0.5671903655961207,0.5663816218641803,0.5685815781893839,,0.5686704217829743,0.5666774518153445,0.5677779971726,,0.5665406300301983,,,,,,,0.5657228666022767,0.5676017707236107,,0.5657030920475926,,,0.5674347384652064,0.5654718374482507,0.566983135834735,0.567641226045568,,0.566713557364427,,0.5664209555172139,0.5680520651981934,,0.5655465299047883,,,,,0.5705898747369845,,,,0.5682872229049623,0.570011960588559,,0.5651855931169911,,,0.569253140209053,,,,0.9426549250038205,0.9386030223758296,0.9395758369147819,0.9366101176629263,0.94153412419873,,0.9379851240705558,0.938139563860537,,,0.9406659594731821,,0.19462396513579247,0.1939343275259783,0.19485756301100488,0.19397886825754557,0.19429891108413583,0.1947570404280146,0.19399554184696988,0.19444917061742734,,,,0.19454748143394074,,0.19381564606952628,,0.1936316238066297,0.19429924168498192,0.19439559217754054,0.1941587132949088,0.9434144510594528,0.9410882989127571,0.9412955074531283,,0.9402723116755553,0.9412516323952087,,,0.9248570886605159,0.9214983926147949,0.9252466039704872,0.9223660110766742,,,0.9231230390187513,,0.9224561957603902,0.9222324473693855,0.9300706676608147,0.9261786761560107,0.9226805854927921,0.9254824435849516,,,0.19407261419250174,0.1940134593959746,,,0.19442444191094865,0.19444416075977236,0.19410117298207377,0.19463206660735888,,0.19490747071434367,0.19217459749651097,,,0.9233764485421728,0.9248606662554517,,0.9285389270725838,,0.9267009047958973,0.924935235123767,,0.9395863216908458,0.9404846194257411,,0.9382438260417704,0.9412838052497303,0.940356561711683,0.9423153983617288,0.9411494913841673,0.9379798599022827,,0.9389605201206251,0.9401759200854582,0.942463706853079,0.9412301329626533,0.9429596241335327,0.9409004043203785,0.9369627920496832,,,,0.9410581782936899,0.9404427206831288,,0.9422540209418366,,0.9387328230598895,0.9267311144349643,,0.9291959214663366,0.9265524796754244,0.9233520123194856,0.9257704714445303,0.9282463767571731,0.9241072118416793,,,0.9216664530072198,0.9250513243935367,0.9269242624553431,0.9233970950469123,0.9265488944330952,0.9251978022832604,0.9256598265327965,0.9228212013341257,0.9233940528213808,0.924430598361472,,0.9266011298655114,,,0.9246139367192161,,,,,,,,0.8569487704600979,0.8390969229429709,0.5884816998187611,0.5898454823953618,0.5883285851928789,0.29111041551234934,0.6068890860249845,,,0.6064854577258295,,0.6063052796487682,0.6063210562445481,0.6075699534737947,0.6046926634177529,0.6062974299354621,0.6073419211961084,0.6064626042545991,0.6059712549917318,0.6061483904728618,,,,0.6074198083135133,,0.6051792621056366,,,0.6060336075559098,0.607858452957211,,,0.6066105812725996,,0.6066816370103193,0.6075478821962511,,0.6085484126610105,0.6084906213347883,0.6054334339672324,,,,,0.6067854030550278,,,0.6071020340052953,,,0.6067981998006455,,,0.6087623640973775,0.6064358470621729,,0.6051009008123492,0.6069430781102901,,0.6051082534513372,0.6063476742190252,,0.6064148040140763,0.6076433212801222,0.6089435064617851,,0.6065349249537674,,0.6060621399513345,0.6047578904241885,0.6059961586085638,0.6068120247526806,,0.6077165317753888,,,0.607815199068906,0.6043836573900072,0.6069239531228903,0.6072936585704354,0.6076957848837146,0.6052992311853757,0.6062735962935295,,,,,,0.6086481309592073,,0.6081103066168664,0.6058957796911828,0.6055839597151403,,0.6071602158326321,0.6056928977197358,0.6063087417521519,0.6064497790255187,,,0.6050329352876015,0.6035299800313016,,,0.6058088867781936,,,,,,0.606957669675634,,0.6049851235577864,0.6062803490606425,0.6065267174729623,0.6069459857273807,,,0.6076103473621696,0.6069601959803206,0.6058114199208875,,0.6053399844330412,,0.6054871310151759,0.606140023549398,0.60596797838611,0.6070149438415708,0.6070593645717176,,0.6057776612156933,,0.6067281745658525,0.6056236123211427,0.6087670508865123,0.606604106433358,,0.6052369722352534,,0.6065364066514398,,0.6060715172064157,0.6061882417853198,0.6061140806181862,0.6066670604156906,,,0.6052756514956514,,0.6071395011486604,,0.6065122995227789,,,0.6069771845788952,,,,0.6056193445506587,0.604700632247174,,,0.6069069737043247,0.606879257886004,0.6095503861806889,,,0.6065822819606118,0.6060201098302171,0.6083931656921073,0.605580040310247,0.6084990804914328,,,0.5499376831139556,,0.5484720661383227,0.49799775956004233,0.8554771715982051,0.9414911608755834,0.5568500093416897,0.5579972480441792,,0.8413694740609945,,
7,5,DG_10pct,20,Z17_F03,17,SLG_A,175036,181973,True,4284.140184985349,4275.713295921105,4356.863710718047,4531.533591198427,4504.940751219606,5799.48141123731,203.423159410958,988.3591342779876,1008.5688041361741,716.5464493078398,717.6090103654843,342.59919163592167,110.821376897101,110.94447063210733,110.67658541602813,5827.8048111561075,171.2110525196058,25.900880363262644,333.13600844635516,295.4042280725796,0.7449287775423388,,,,0.8509376128612138,0.9550493625378067,,0.6045337344728307,,0.6073269143238125,0.8336009117071862,,0.556831818705478,,0.8448113431239922,0.8421962388362394,0.8471296838401244,0.9463343111910962,0.9467237135991147,0.947571858768846,,,0.6053843676959687,0.6058025483401898,0.6040920139854002,,0.5999357332735028,0.5999438629350945,,,0.607459781585272,,,,0.6079959936156247,0.5132905694781109,0.5775758900674084,,,0.5765963423739282,,,0.5786312441435266,,0.5777710980511652,0.5785704440839251,,,0.5776353997848604,0.577545857769318,0.5797197192254432,0.5789726799988024,0.5785051962766832,0.5774684203543271,0.5787531438511975,0.5770851939561957,0.5778546040628859,,,0.854232527642251,0.9396555525029668,0.45681212168345003,,0.4577014006262987,,,0.4583716785859099,0.4579500789929778,0.45809153786144996,,,0.4586440999192531,,0.45965370157027835,0.45780096641275386,0.46013766584124016,0.45902213282873405,,0.45774173430826,0.4597600491691628,0.45896134617706363,,0.45877936351405385,0.45930242134492144,0.45788441331948954,0.5374454185702502,0.5382531365155855,0.5380249143199344,0.9189203227284847,0.5373405077109017,,0.537236256128846,,0.5364139056857747,0.5374593778700235,0.20412328730854518,0.2044755208222268,0.20416985177161007,,,0.20372482192776456,0.2044190024323163,0.20416327509231605,,0.20485306018627322,0.2043436627151661,0.2042026714989028,,0.20482153238016473,0.20395318849162145,,,,,0.2041661467452853,,,0.20500155035675247,,,,0.20450451798553113,,0.2043230053156485,0.20390341244981822,,,0.20401938032435787,0.20395140668277267,0.2036965342100238,,0.20401832970426062,0.2038606344859876,,,,,0.20448367605013335,0.9162859788509452,0.9151342949774686,0.914655041878959,0.9091013674745557,0.9148095100605477,0.9117518075082998,0.9152820882635072,0.9122135078259244,0.9123876336022162,0.9125838829151167,0.913100659549049,0.9148828387883884,,,,0.9109939148000803,0.9146179324272351,0.913307701634168,0.9134414290341327,,0.911233428230109,0.9119645178556905,,0.9110405371590776,,0.9121703430493563,,,,0.9133027518429496,,0.9147573509787993,0.9127714365123606,,0.9135037154330174,0.9144067470543448,,0.9131458426408378,,0.9130461534384494,0.9155450995709076,,,0.9116636911580402,0.9119811505875816,0.9213537905258484,0.9232322640493481,0.920418064187039,0.9233570657248696,0.9229342318430085,0.9229671718141538,0.921616983484305,0.9238435848652926,,0.9239003697959182,0.9203330833399007,,0.9216018164939741,0.9231581649624682,0.9232820926250009,,0.922412456203967,,0.9224188171481578,,,0.9242917310849004,,0.922852667885522,0.9211847668556067,,0.9214562239673002,0.9228571169437768,0.9207004012382246,,,,0.9229028537684119,,0.9206655262673669,0.9237573297882449,0.920926331367221,0.9217185659101107,,0.9212263489039625,0.9214438534749637,0.9185518054198997,0.9232635093794149,0.9243225839484397,0.9212570194178933,0.9211832597535685,0.9214990190062524,0.9227210021147765,0.9218267530855379,0.9198699141083447,0.9207413937518105,0.9221275312324023,,,,0.5241398325783928,0.1698220277022728,0.19942853965724022,,0.539980876605401,,,0.5387939841851747,,0.15579024126286173,0.1559650242097628,0.15644540168411628,,0.1557046973474822,,,,0.15604239727619496,,,0.15587235925478907,,,0.15581536182402758,0.15622992712977385,0.1560116670777655,0.156098472440943,0.15627854734871516,,0.15607272886263482,,,0.15650653476776524,0.15567035244857352,,0.15612663006498476,0.15595562507175442,,,,,0.15558459774695524,,,,0.1562631654719201,0.1562198431766746,,,0.16646723221189286,0.16588703713796488,0.1661448701029638,,0.16622881750015023,,0.16653656000138195,0.1658200783517859,0.16623842891092283,0.16652453037849754,0.16622393270406155,0.16628267122842474,0.1663156532342926,0.16656709716931656,,,0.16642148420736078,0.16601034048574267,0.1663819107978838,0.16659566797467676,0.16645100348941266,0.1662472364612133,0.16620506187883877,,,0.1661460755281606,0.1662287047711799,0.16577756535655383,,,0.16638530724412387,,0.9273311474791252,0.9247057591726218,,,0.9254834771414533,0.9287061235809879,,0.9253137274391862,0.9256480733041246,0.926428096780021,0.9249761953622487,,0.9268276400615933,,0.9226659527088078,0.9192214005752816,0.9234648843069331,,0.9228837272743569,0.9236136374445046,,0.923002897291067,,0.9218952511089886,,0.9224427021071244,,,,0.9275217471013657,0.9297056235243966,,,0.9258206208328817,0.9278344373603781,,,0.9271277883580338,0.9273333172919512,0.9285377874191403,0.9279736753585025,0.9263257198528055,,0.9267066464573271,,,0.9259686186424233,0.9275592843633013,0.9286049833098118,0.9235644947556751,0.9266833185002423,0.9255603447465085,0.9245312122032201,,,,0.9285564469428162,0.922562507619311,,0.9178360080718645,,0.9212659275610882,0.9202990005926072,0.9213654844777754,0.9257480161488391,,0.9246714651450859,0.921813525891924,0.9254077822226273,,0.9218787382318745,0.9231766171000994,,0.9228230647446463,0.922951864271502,0.9244022546105518,0.9241381852049787,,,0.9250338643693513,,,,0.9224139709247197,,0.9237443191797133,,0.9656170499686915,0.9626340476962395,,0.06504820694466856,,0.06492238232194111,0.06518850773457308,,,,,0.5284558691586592,,,0.20505860616683194,,0.9132942725474479,,0.5385929355278145,,0.5259900300441229,,,,,,0.24075412294259027,0.9030001971208459,0.9124042826542458,0.2601473198024707,,,,0.920895420805266,,,0.9242455528739414,0.9238402359976086,0.9251338704961103,,,0.9210560480017841,0.9199734858525517,,0.929630947329794,,0.5566002500444149,,0.5573696337698173,0.5561714483332927,0.5557110179290713,,,,0.556467683886901,,0.5581109798886977,,0.5579641379652004,,,,0.5562792136226944,0.926843474936074,,0.9280364709054022,,,,0.3040242023851669,,,,0.9400040019506635,,0.9381772942553915,,,0.9292934519097868,0.9309718562217921,,0.5687242772919974,,0.5678495788116087,0.5666672653679921,,0.5669377756252189,,,0.5663589715535354,0.5674903384760113,0.5668397402672001,0.5669143671733138,,,0.5677062655858046,,0.5673335139651795,0.5672639200043637,0.5671112844868952,,0.5666115047169898,,0.5682031562045489,0.5671814640039063,,,,,,0.5672723966394383,0.5668229017005251,0.5672122884836986,0.5670795545522744,0.5668646876698515,0.5684157015033205,0.5636342944470002,0.5674835445164893,0.5677682517773115,0.5680924546670251,,,0.5684987079145141,,0.5685213384867371,0.568876258384669,0.5690254251958268,0.5678868196200765,0.5696243981046397,,,0.5672443742639968,0.5658392152468775,0.5686229112257358,0.567877749335784,0.5665281470495555,0.5679937159967615,0.5679272182133257,0.566737006960591,0.5681920717114666,,,0.9395356493708902,,0.9393197165241894,,,,,,0.941480208876668,,,,,0.19423583892883586,,0.19397654162820943,0.19452913102309263,0.1945868643395716,0.19445663797182197,,0.1944699009270871,0.19358959109688031,0.1945360286571463,0.1942702791960011,,,,,,0.19398337028858595,,,0.9396329440838014,0.9432836474049299,,0.9429639423561373,0.9376429402612249,0.941338088562834,0.9245619718568698,0.9217638952429711,0.9253845895076684,0.9260779049588743,,,,,0.9212392928701165,0.9249232733598005,0.9229268833485724,0.9218951179862445,0.9250651412269274,,0.19367407538664724,0.1941198757185655,0.19423357053544818,0.19397203688834225,0.19468887932436377,0.19433613664707594,,,,,0.1947065830014508,,,0.19365256124800917,0.19377386858637316,0.927022324139197,0.9235836070070079,0.9246110464118916,0.9251343157708706,0.9276798036341632,0.9251023743969177,0.9247025240443747,0.9447071462211478,0.9394052764192466,0.9403761861054472,0.942932996681843,0.94250162822714,0.9405806307598947,,0.9419698325484773,,0.9438760865402649,,,0.9387899326941406,,,0.940115611692338,,0.9375729602307603,,,0.9396668173122041,0.9424027827005151,0.9397799480797027,,0.9408921341842694,0.9388457656522718,,0.9242079368836459,,,0.926070732849902,0.923942940063322,0.927704851803179,0.9255892386465651,,0.9283826919752103,0.9258061192334015,,0.9237062374038525,,0.9242819896977518,,,,,,0.924591151422715,,,0.9263580323509065,0.9253560251938843,,0.9225905409622067,,,0.5420592645343769,0.543576562992521,0.5440977502658417,,,0.8408804277028854,,0.5894185701621457,,0.2899982035939964,,,0.6049480819280837,0.608712862918888,,0.6053403862462778,,,,0.6060812537448341,0.606648313550369,,0.6068222607857433,,0.6065876997177917,0.6060690156362131,,0.606131134159893,,0.6068489020102323,,0.60655826164123,0.6062509822551057,0.6071645934267764,0.6065150083366768,0.6054834939670353,0.605199690657678,,,,0.6068082123721978,0.6068109576146276,0.6070808569353012,,,0.6076105133216488,,,0.6078149369468734,0.6051904237345289,0.6063349202390657,0.6057562348286195,,0.6065661821220574,0.6066108510239633,,0.6086736835239084,0.6060453451042753,0.6060492534495914,0.6076496830037529,0.6081750836475887,0.6082616955771134,,,0.6061940827699833,0.6059376047254756,,,,,0.6058393012606963,,0.6069074877353827,,0.6062915177251124,0.6077745298537145,,0.6051525046138528,0.6056607018606003,0.606345283117738,0.6060307343529844,,0.6066177753713444,0.6055056498483091,0.6065972622515302,0.6064135839559299,0.605471925619534,,0.6058289005080691,0.6068675067477597,,0.6054560998521693,0.6080028712095554,0.6062955520809659,,,,,0.6070568960284629,0.6083618646216136,,0.6068677921922196,0.6072247957640208,0.607033160003071,0.6086821825184319,,0.6056761997618505,0.6060033164806558,0.6054293098319253,0.6067739709774451,,,,0.608224782240218,0.6065717134265737,0.6065327901081055,0.6078721924582053,0.606069990571839,0.607040014585875,,0.6054477663344439,0.6072623808279651,0.6062492299896847,,0.6074472116654025,0.6050020573099271,0.6053882934470122,0.6056478992669047,0.6071604965706445,,0.6060356329001247,0.6054559198626418,0.6060794306882352,0.6051691804196472,0.6077722106065361,,0.6067059092134547,,0.6063909142233251,,0.6071617895374973,0.6093277317281051,,0.6060020728273842,,0.6066420013318252,,0.6084332630375137,,,,,,,,0.607085232203004,0.6084697854142683,0.6062647228361366,0.6054355287915058,,,0.606857442289701,0.6078043771176648,,0.6078461951740454,0.6043800727396557,0.6074339805233633,0.6064309380730595,0.605818506739901,0.6048648420722775,0.6078124291267715,0.6062693040922141,,0.605811901375784,0.6064446393984355,0.6071884484636557,0.6058544969649212,0.6063467249973208,0.5504312928132205,0.5502608671609877,,,,0.9433256557718612,,,,,0.9457048302988112,0.9471947631947435
7,5,DG_10pct,20,Z17_F04,17,SLG_A,175043,181977,True,4336.48629965256,4337.80053459475,4394.867714623512,4601.824628661209,4607.057279538843,5875.863671329623,206.23130336377554,998.6039514017384,1017.4806936060379,725.4351036793865,723.493964028446,346.69404362844966,112.15785543652017,111.85231088632366,111.72570068763495,5906.1483495785105,172.63534264526945,25.83549779062867,335.3139682568056,299.8626163136844,,,,0.7396278212910703,,,,0.600721840538441,0.6030355928632907,,0.8338922804727883,0.5494368158155732,0.5500565508912498,,0.8459482959794089,0.8465292273080379,0.8439671614445904,0.94376971572351,0.9442487932059117,0.9436740143536081,0.6018066063728896,,,0.6023604907126033,0.6020594198647714,0.6023578302305002,0.5982171359678439,,0.5957549320624642,,,,0.6051724665150344,0.6048395805752176,,0.5058619187908885,0.5725207485058877,0.5754712658356776,0.5750313516952774,0.5744749526041842,0.5745081629689034,0.5742402051941334,0.5733349381475698,,0.5741512836549812,0.5737055836394575,,,0.5744906244488257,,,0.5721114560288209,,0.5758070263202042,0.574301189915574,,0.5751606583844914,,0.46260767153754423,0.8557378067774045,,0.44978923047669445,0.451184493173537,0.4511115653869721,,,0.45064238091784514,0.45206854919508077,,0.4510946190598151,,0.45200282336243097,0.45169293947902245,0.4505753771693416,0.45266976442459106,,0.4519643822154858,,0.4505487866613309,0.451449170159675,0.4497221071521919,0.4503892776785673,0.44964553366179516,,,0.5332541862506348,,0.5339430484313626,0.9186137200610807,,,0.5373237679263756,0.5354306969109138,0.5359294282954778,,0.19328844327644676,0.19371615241469795,0.19336102801173283,0.19349470096510402,0.19371033493613124,,,0.192869477281875,,,0.19318286399210988,,0.19311296017216073,0.19337405802672683,0.19305206292885324,,0.1933239644449304,,,0.1927408775750829,,0.19269124343914884,,0.1927966178334308,,,,,0.19370973218131637,0.19367561784294415,0.19279310828705357,0.19284045928107274,,,0.19262173369425492,0.19294109130582196,,,,0.19315681889255504,0.19318706292803717,0.19332758838984973,0.19297733329310585,0.910584167619555,,,0.9090673547220435,0.9101735623800693,0.9098664655479979,,0.9119003460732085,0.9137907488292308,,0.9115645138284578,0.9114493142208882,0.9117308710648485,,,,0.9136477628030204,0.9128363025539962,,0.9114655777787045,0.9114776468807508,0.9110610628411797,0.9104464101943662,,0.9109588913668334,0.9083134937253898,0.9074775956604575,,0.9087569720317886,0.9116229385359902,,0.9106213510145557,0.9105345103614645,0.9099131921724755,,0.9075058601144578,,0.9112381741039306,0.9117141740065212,0.9098280522670747,0.9094960060592506,,,0.9149675224429211,,,0.9204481696792216,,0.9249154033928032,0.9235289213731773,,,0.9219236296799224,0.9204423037506588,,0.9239529834456612,,,,0.9214573939742856,0.9227626357578627,,,0.9208390927773261,0.9220996272119378,0.9255723760127714,0.92175778643396,0.920243825844173,0.919456395052891,,,0.9216369550992726,,0.9200856633204059,,0.9222132654974898,0.922210126254782,,0.9192644152819126,,,,0.9238320481009261,,0.922874861440187,,0.9234524357188452,,0.927107441551639,0.9230635205616159,,,,0.9253224221899284,0.9211437739410387,,0.9222223309966509,,0.5219405027652962,0.522782218812384,0.5220330446428465,0.15839213796166865,0.18856834341739573,0.5374884426124893,0.5393323233976085,0.5376795901712423,0.5371489558753182,0.5381181526172281,0.5384467708302813,0.14389057166268526,0.14400329592112027,0.14393344007482342,0.1441914885024187,,0.14430621931753862,0.14362174590119228,,,0.14397754221304138,0.14451234210156527,0.14411491924146103,0.14390635912164002,,0.14412204574468798,,,0.1439683338436171,,,,,,,0.1439086416606877,0.1437115466528322,0.14401977468286933,,,,,0.14402917746411334,0.14410091395708638,,,0.14432911817106228,0.14393697827010588,0.1437053077346554,0.14350445100450865,,0.15434297701723163,0.15448375519541044,0.15528722449471943,0.1545728434948264,,0.1541063969524817,,0.1543091235526387,0.1539286488639132,,0.1546629254190881,,0.15420390284537372,0.1544533390811312,,,0.15435770469830595,0.15457389562256083,0.1549018638128898,0.15462802760652125,,0.15387368463499407,0.15387486723009608,,0.1541906739127298,,,0.15438560678511906,,0.15395755297355404,0.1539711731869161,,0.9249396810094163,0.9249798791916061,,0.9271341058260655,,0.9270167531431541,0.9249579529363414,0.9250926916167919,0.9266152979554505,0.9254793726925069,,0.9240992850809884,0.9213032468339223,0.9210662955093338,,,0.9191372198047078,0.922723507499862,0.9245472356083232,,0.9232396036346997,0.9216766472292794,0.9210239435142368,0.9220528223362644,,,0.9266378343422041,0.9235154790663301,0.9250228805443579,,0.9225396576442539,0.9270749679736864,,0.9244555033337132,0.9248875318056489,0.9260215533328984,,0.9249803618531923,,0.9263113203933199,0.9256479881918835,0.9258947388631243,0.925216227897982,0.9232391695298561,0.9260345950238239,0.9225300348322168,,,,,0.9291529309848202,0.9236578006798405,0.9270816471653622,0.9244704495439958,,,0.9240510424144416,0.9199771306722662,,0.9209803992938477,0.9198475359643,,0.9203236783811698,0.9207181226864046,,0.9218856954561393,0.9210196316650391,,,0.9214374659055139,,,,,0.922347443280929,,0.921910717087658,0.9228342158266614,,0.922852524910666,0.9204639958074394,,,,,0.920935575585963,0.9636982143198093,0.964641917854384,,0.9653703436410142,,,0.051632708546326456,0.051560739683927166,,0.5256244079476589,0.5262662926582697,0.5292002801296865,,,0.5264893877093803,,0.9228173978714923,,0.537980287123679,0.5383546794241449,0.5360287833840357,,,,0.5091217801609498,,,0.23007492624114154,0.9060794344113151,0.9060272249007163,0.2507605118555484,0.9176090347153675,0.9123536040402566,0.25766890142805743,0.9206379453609064,0.9149144978621249,0.9234235849342534,0.9230871808855432,0.9247254275458944,0.9223857991596498,,,,,,0.9272879408454209,0.5566995851864696,,0.5569871795979365,,,0.5564757379724544,0.5560227277360398,0.5566305345013483,0.5557864677882216,,,0.5561709999386989,0.5555862925265895,0.555331303045933,,,,0.555812034539639,,0.9251274608954829,,,,0.9210478819791279,0.294191579689328,,0.2945194615742689,0.29458807813188836,0.9391293292921761,0.9423416995835627,0.9436689977543704,0.943232004563661,0.9296611251364849,0.9273702439941326,0.9276682085683418,,,0.5673106775299248,0.5674234459853976,,0.5647526569588298,0.5673833298329514,0.5655257890306827,0.5659801914475275,,,0.5662543239363448,0.5665757942131294,0.5674785307946616,,,,,,,0.567665961957173,,0.565985919018841,,,0.5667966262458882,0.5666612479242844,,,0.5670949644684993,0.5661461843007313,,0.5670158370338626,0.568116773438282,,,,0.5686892242796717,0.567585235745264,0.5688827812347922,,,0.5661954575615292,,0.5687434296895247,0.5663309406059108,,,0.5671862531079847,0.5672458814052197,0.5666784538990478,0.5663020788472971,0.5683959458716363,0.5679447253785612,,0.5656143328549562,0.5675592342712972,0.5675722700698179,0.5666500379678494,0.565809757641843,0.5684528599053678,0.9404995116988286,0.9399118796537673,0.9382982181214469,0.9373537655412454,0.9413638398693612,,0.941809885894623,,,0.9407115044609597,,0.9395910618737798,0.18293064206021722,0.1831409035322072,0.1828562688399376,0.18350851147996305,0.18355213769019593,0.18292545155722573,0.1833845758476498,,,,0.182885956509292,0.18273238505943185,0.1830620937629413,0.18318442913953756,0.18323037731752595,0.18278603875071167,0.18308339903895252,0.18282648777416524,0.18242786364270303,0.9400253043866258,0.940909440020102,0.9407619599317811,,0.938713326105403,,,0.9427063928151529,,0.9254181289981029,,0.9231452986576375,0.9225490943399947,0.9214038518353788,0.9197130787121258,0.922359370342048,0.9197008029981077,0.9218492223713824,0.922968294222271,,0.9243357614910851,0.9230123063374421,,0.18338002220882593,,,0.183205689630532,,0.1831719083435023,0.1825171950141358,,0.18318309595739712,,0.18307205532856188,0.18077066169082906,,,0.925201810103856,,0.9237316097362533,,,,0.9241607425773813,0.9415121292022756,0.9403278510862952,0.9432527908020757,0.9406956662373944,0.9406402255193291,,,,0.9396458050466082,0.9400936564264386,,0.9383062339366696,0.9398267100616587,0.9405296656998324,,0.939385568345391,0.9448700904007676,0.9402361907342403,,,,,0.9418477546458425,0.9403194116590519,,0.9417756173540777,,,0.9245228021236295,0.9248837433077666,,0.9223476997682101,,,,,0.9248864773249738,0.9212810397619096,0.9181406453386558,0.921104496379308,0.9233212865006865,,,,,0.9232902571422534,,0.9226413911910087,0.924474552591567,,0.9226168617387233,,0.9232204265666482,,,0.5426697483192277,0.54360434488446,,,,0.8405552593866242,,,0.5857095802107041,,0.6041245716894896,0.604450369592146,0.6025874808331871,0.6043683592145347,0.6027181891768791,,0.6041230948373721,0.6032907982954991,0.6044151382055892,,0.6027577272560678,0.6032994652183518,0.6039669353111687,0.6019139359175281,,0.6041319324988499,0.6048821809569024,0.6038293052661048,0.6015517590260756,0.6049833924034334,,0.6031413089101653,0.6012717056419102,0.6034127143505064,0.6038034969993799,0.6016314130745447,0.6039557221481587,,0.6026075818681385,0.6037619340475195,0.6042439464404892,0.6032099975690612,0.6042233939950407,0.6046084643813092,0.6022986434704017,0.6034685111096357,0.6045511564535964,0.6023630691808382,0.6010401157083349,,,0.6041669503255869,,,,,0.6027747239268657,0.6025391931758486,,0.6018118427254321,0.6024750022068343,0.6014825038031989,0.6018864531166607,0.6036409916944913,0.6034915396587514,0.6047222250145713,0.6035105804265853,0.6021699244062058,0.6037938251257744,,0.6037140878710885,0.6025059301708917,0.6046334074108728,0.6037183806701227,0.6026047094054773,,,0.6044058674082029,,,0.6037905429156669,0.6044887749875024,,0.605251581788411,0.6035602938870314,0.6032468010565388,0.6044360129976761,0.6025013489461091,,0.6046458220569159,,0.603148146380097,0.6054406391892309,,,0.6041420932963911,,,,,0.6019494864979238,0.6024944348131894,,,0.6038980340150398,,0.6037852184817704,0.6034182473418046,0.6020323209049177,,0.6014371556065307,,0.6027376466863611,,,,,0.6029302090459228,0.6034895780067081,0.6030240976375643,0.6046773857295961,0.6022442291727043,0.6032788614781409,,,0.6044222031354278,0.6015788150758496,,,,0.6018906183490652,0.6038153857045239,0.6032100509729533,0.6031702364483403,,0.6028494801783265,,,,,0.6048844231820125,,0.6044880144814088,,0.6015941104886011,0.6032599611878264,0.6021908281517332,,,0.6035650336357519,0.6048737549354187,0.6030416454508201,,,,0.6032944523716068,,,0.6043578351822885,,0.603854016821297,0.6034258937530208,,,0.6039505036359804,,0.6026870039183465,,,0.6015986359378117,0.6032652558501006,0.603334671470773,0.6027698935688038,0.6050831327296224,,0.604137247904509,,0.6029585569170468,0.548401351594244,0.5456671581560668,,,,0.9389182711425659,0.5501256838287822,0.5536802105705495,,0.843778598963985,,0.9438477006131512
7,5,DG_10pct,20,Z17_F05,17,LL_AB,175044,181977,True,5035.135855316725,5068.753160124562,5086.669446229703,5165.589412153456,5154.92686995812,5735.345495640822,166.51140400936538,606.3913921512972,601.376013749616,420.924669201174,421.84315202930884,201.3928512092929,64.55949473349447,99.476028934616,98.97242794706841,5743.510764801438,142.6125546372106,19.592642748477356,262.7266539771233,186.53811883844043,0.6865266727955261,0.6851923897227651,,,,0.8387288973361641,0.5861532433192506,0.5047846413290973,0.5039751566756193,0.5035037907827399,,,0.5777839099950483,,0.48302974283131817,0.4826273452120195,0.4810645543527441,0.8108594925216643,0.8132904292716041,,0.504504451247601,0.504462261372834,,0.5027230981248241,0.5028693394411441,,,0.5021514045071512,0.5008107316045954,,0.50345550150322,,,0.5060733320843094,0.5036688434685817,0.5277950620476495,,,0.44246495027849725,0.4306810220996289,,0.42990196472714354,0.43164443685153797,0.43189204634888817,,0.43028829956892695,0.4321472981532156,,0.43154915004498123,0.4321593988403744,0.4305995195018417,,0.43207370277680696,0.4309083756301364,,,0.42973882206549663,,,0.40166544960312983,0.8081271719140076,0.4747491834959196,,,,0.47585959384202847,0.4764923157409493,,0.4765496954368066,0.4761035725261957,0.47644596793980004,,,0.4752542734210349,,,,0.474867020941762,0.47542610016124814,0.4759458115697664,,0.4760245661650008,,0.4762932594626631,0.47552992938868405,0.38116640931695367,,0.38094935872064606,0.1424950095109402,,0.10126281837856478,0.10125118536242862,0.10141956586094099,,,0.2126987266497324,,0.21229244695983843,,,0.2129743140638415,,,0.21262939966113606,,0.21293155495724542,0.21273303540151883,0.21249051874000965,0.2131003551379288,0.21325242573786907,,0.2132381526658889,0.21255830944887757,,,,0.21261014841439488,0.21269865268909408,0.21260431021393472,,,,0.2120664923303656,,,,0.21258186584130961,0.2123182111950145,0.21214435877101762,0.21329547021082504,,0.21253588935379555,,,0.21245837930081657,0.21250842045484117,0.21167172688006927,0.21307483434765248,,0.7578338307079894,0.7597439054895772,,,,0.7579463160909938,,0.7605257574771612,0.7601691571860286,0.7609836072280076,,0.7610879102515694,0.7594589086954237,0.7608716015488882,0.7621543770612144,,0.7582601336829137,0.7603978254623235,0.7609175237434692,,0.7574616017875441,0.7577292311496482,,,0.7607067312216164,,,0.759621937752992,,,,,0.763579129056836,,0.7593000371259611,0.7595837843337516,0.7590945383749101,0.759183898166291,0.757718286370215,0.7610646916401376,,,0.7561606231130531,0.7598657952678053,,,,0.14359882593948717,0.14349138689826071,,,0.14384558086147073,,0.14333573167689984,,,0.1432270864412196,,0.1436305458919213,0.14341294363204188,,0.14323921614826748,0.14411201413289002,0.1439309222056616,,0.1440575882398505,,,0.14352038602586564,,0.14314927975106453,0.1437390771340414,0.14325466361720784,0.1433558424559057,0.14289880700468752,,0.1432994624447693,,,,,,,0.14372683346268592,,0.14365666985259468,0.14363186946342546,,0.14393424121184187,0.1437700878705167,0.14346504275244104,,0.14378635835278092,,,0.14341571978362372,,,,,0.17053661334916417,0.20855616355957673,,0.10128145361137213,0.1009986829837424,0.10114142213640885,0.10112691230627081,0.10139432927658294,0.15120652207971963,,,0.15143744745956036,0.15143756414574724,0.15145698513263386,,0.15122794538009088,,0.15073931835954218,0.15135492213422477,0.15089011629409377,0.1510322261498884,0.15125218735514878,0.15150474356779528,,0.1510585991584452,,0.1513186203285646,,0.1515652099692698,0.15124499564331423,,0.15102905906227335,0.15127849651503036,,,,,,,0.15128405014726856,,0.15128990090257075,0.15118714029082536,0.1511559619702484,0.15066879169783842,0.1510658835713824,0.15111898337557833,0.15104164712271495,0.16462195015857495,,0.1644853080439075,,,0.1652622169566915,0.16518634178424593,0.16436658983670696,,0.16523423134970341,0.16561085640380388,0.16520965216226519,0.16502713867827787,0.16560560370547814,0.16503897664774872,0.1650870176777085,0.16523200328675217,0.1651462449336695,0.1652383659670146,0.16499817307591932,0.16499341143975657,0.16501874262067123,,0.16517703469736053,0.1645824030707103,,,0.16512495818026252,0.164964626479793,,0.1646450007910733,0.16515950263784795,0.821619149850307,,0.8227276716187899,0.8201579095384921,0.8204869288780257,0.8200579539751851,0.8168980918910218,,0.8209443862316526,0.8200410752010813,0.821153458413892,0.8047769363841418,,0.8049707687409396,0.8072226948566775,,0.8063415649925805,,0.8069943671285948,,0.8057016988456939,,,0.8048103202440697,0.8052251878708231,0.8033209203327615,,0.819378675625121,0.8191485333303854,0.8182829822029469,,0.8204980873442205,0.8189405984363393,0.8167869349843153,0.8203464692544771,0.8183585349504443,0.8177879836136841,,0.8210931049635348,,,,,,,0.820268064182614,,0.8192262024112296,,,0.820460092967252,,0.8196086458608156,,,0.8186535033899986,0.820012936515923,0.8052145733006556,,0.8061035001779392,0.8066516616116562,0.8040524257142423,0.8045637609604457,0.8071568818035221,,0.8024199971015767,0.8053894325752077,0.8030009007477137,0.804686554527548,0.8053987179547173,0.8073144543647922,0.8051594181283527,,0.8080512911683089,0.807671647787162,,0.80750494291876,,0.8029283185014428,,0.8058590181558702,0.8054747979880135,,0.8075679618806992,,,8.180999567716965e-05,8.158146843090345e-05,,,,,0.05388303844226678,0.053779355923959625,0.05387541662983538,7.333777843595086e-05,7.325246748511982e-05,,7.347115672889679e-05,,,0.21252165247519736,0.1432234926347504,0.760331167791695,0.10153319840911817,0.10151106199377037,0.10163611126445456,,,0.10066202025517265,,,0.09820089664522054,,,,0.2812628516671831,0.19482194254494647,0.7078255848405028,0.28946828084628473,,0.7046170609774962,,0.2094168854767175,0.20882016601456757,0.20899949861043318,,,0.20910504786136946,0.7010310526090155,,,,,0.10409797557405702,,0.10399026666663572,0.1040806589782045,0.10430455972327726,0.10433531755027185,,0.1042969058575609,0.10409956337522595,,0.10413370061213353,0.10445160217515734,,,,,0.6931490446912867,,0.691302316781892,0.6921599574490043,0.6947254015454837,0.6965668095146987,,,0.33111001670119167,,,,0.23901993141676892,0.24037582268152988,,0.6879930112737046,0.6907416416380479,,0.10618656400474767,0.10610931100348048,,0.10610610837101939,0.10612570044450627,,,0.10621160087603572,0.10627432280781227,0.1058741644170113,0.10608974786332459,0.1061824887502568,,0.10641647984778244,0.10622487618335294,,,,0.10597491018505842,0.10636112294752155,,,0.10654195385052191,,,0.10603148094037566,,,0.10644865029775277,0.1062740126807977,0.10624442745846352,0.10643288444702777,0.10624305608584057,,,0.10593925297873968,,,,0.10643479056008062,0.10647465987706034,,0.1061016100375906,,0.10624614212583895,,0.10599706066561577,,0.10629574018617692,,0.10637713106690935,0.1062943560996084,0.10648966466344648,0.10614742654672539,0.10631116408353576,0.10639797390280491,,0.10625054172074712,0.10649027122673504,,,0.15357875823617012,,,0.15328765290036894,0.15324602042479513,,0.15357091259881803,0.1529477893647296,,0.1537609536661269,0.15332181099935643,0.18109715794470485,0.18149775226625714,0.18092229228196008,0.1812163012207719,0.181457738504951,0.18118604052977652,0.18088531916131154,,0.1811545525401999,0.18085330761513724,0.18115310945293348,,0.1815019422507085,0.18125658035579276,0.18083033878196667,,0.18098394149160166,,0.1817932776564433,,,0.15376140673666472,0.15368224129190997,,,0.15281243015185383,0.15396635185676455,,0.8178552013497172,,0.8177106446737419,,0.81733515775648,0.8145154965314062,0.8167954562024162,0.8169158713263831,,,,0.8183986333336122,0.8177855482925969,0.18104587457804672,,0.1811656190517003,0.18109137627874805,0.18102001047719513,,,,,0.180870264345649,0.18178686644301695,,0.17873348014266385,,0.1811400906614744,0.8219993220432226,0.8191500133789927,,0.8194852284294144,,0.816985631921372,0.819698884835676,,0.1535338365436345,0.153605333557231,,0.15341814071204865,0.1534937746981805,0.15380338722372316,0.1531937567454195,,0.15343050296120042,0.15324187720966587,,,0.15305414543378157,0.1533696925140517,,0.15329874001970117,0.15380252020572643,0.1532661409919325,0.1534841441183969,0.15337439054218546,0.15346588190181887,0.15336693448783445,0.15354436472450728,0.15316602247392724,0.15279410199048235,,0.8203011128321611,,,0.8197136611590237,0.8183455639873924,0.8200364325212469,,,,0.82074675794879,0.815517135793208,,0.8186704276487611,0.8151267514275359,0.8163517547842046,0.8187818834299969,0.8161457976886196,,0.8176851910391689,0.8205333939335635,,0.8194196248539121,,,0.8177637557507296,0.81776036149062,0.10194399024602667,0.10180789744753081,,0.10192279952556506,,0.10191979951108858,,0.5051591774351588,0.4465598672268617,,0.4470041758252429,,0.5034950098070201,,0.5015665763504285,,0.50263029174672,0.5036814561900851,0.5026392402967964,0.5034952252091999,0.5028692442806016,0.5041746480599476,,0.502720154416157,,,0.5046046628659094,,,0.5036341356133744,,0.5026206704965515,0.5038954209183618,0.5044302026494296,,,,,,,0.5022816795430132,0.5031249918485,0.5036477155568054,0.5042516658749177,0.5030504720249905,,,,,,,0.501416989757431,,0.5032971849065088,0.5030498437903953,,,0.5031397744038858,0.5021781558604129,0.5031031398150027,,0.5044151546112072,0.5039391750573557,0.5040841666759762,,0.5028379879778462,,0.5039745476444911,,0.5033552814607408,0.5028811687150262,,0.5023432224629915,,0.5024700933751938,0.5031825992190028,,0.5037244148583413,0.5030953701121325,,0.5041427260534223,0.5051770338117831,0.5039907970773192,0.5023005934269063,0.5036014196721478,0.5043886915041039,0.5034502056501786,,0.503038631971294,0.5040217167654646,0.502094671302199,0.502176893851261,0.5039675644704846,0.5028239987616734,0.5040130243505787,0.5025430834642434,,0.5033995034225062,0.5016775781381313,,0.5021117270197675,0.5027452848172975,0.5028065606770549,0.503294375877399,0.5038197989273739,,0.5032121884932449,0.5040020899690867,0.5031895086105869,,0.5034199608594602,0.5025225562514989,0.5030662209410764,0.5019765356223858,0.5030719129406402,0.5036624055206942,,0.5046424329565674,,0.5043034457852542,0.5034326551696016,,0.5021102590251325,,0.5027145617957706,,,,0.5030916150888689,0.5033387712198363,0.5017368147814834,0.503771150895297,0.5035893683953783,,,0.5007122763363131,,,0.5037524834054049,0.5041217641322497,0.5030291368217431,0.503918873167131,0.5027723723360811,0.5032519700328352,,,,,0.5028935248617566,,0.5032628247876216,,,,0.5042492428983428,0.5037923590775509,0.5021649308751156,,,0.5026378440706163,0.5025609436230423,,0.5039688362260765,0.5041761054240554,0.5032285512359216,0.5039636304129872,0.503270265394815,0.503714595819264,,0.5027240117237874,0.5036420801540952,0.5036189680685532,0.5021486587663728,,0.503701593451361,0.5025877483143228,,0.503529549137312,,0.5026344393758111,0.39868865478136817,,,,0.4283918407820193,0.8082305573154277,,0.5761634244740959,0.4822848783606932,0.48117053518480013,0.8109487914254855,0.809470852592385
7,5,DG_10pct,20,Z17_F06,17,LL_AB,175036,181973,True,4997.765524613127,4995.762962887362,5036.713512134697,5103.176645119664,5142.098086910842,5692.018105626549,163.49196539089988,600.9379727380865,597.0997890882988,418.82433182997295,421.0799776539121,200.306311408679,64.39995713353088,98.78007738718023,99.04924490326749,5675.565378920827,139.4978236044148,19.698653043278288,260.4211138727682,184.78929791219988,0.689689750775337,,0.6879490383131521,,0.6711986963604029,,0.5888540577053901,0.5092016372190802,0.5105238854153155,,,,0.5834644583497731,0.582834483961671,0.488008069124453,0.4867905462695968,,0.8150567561755806,,,0.50864401665803,0.5090799059564682,,,0.509281044000803,0.5083337075637921,,,,0.5106664243406283,,0.509255522340215,0.5103322487556375,0.5106961199266615,0.5102172164091932,0.5352385177523258,0.44976499790305247,,0.4493319742767583,,0.4355291330831747,0.436388218449184,0.43830599686617355,0.4367225603902051,0.43600767707305793,0.4368659609979216,0.43596826676119577,0.4367917560532643,,0.4367124422304194,,0.43695003424191825,,0.43706426861117503,0.4377581702701472,,0.4368201703758037,,,0.4082307616415987,,0.48401566326282486,,0.48248711966101826,0.4842809964353337,,,,0.4828074305619645,0.48445132907638305,0.4835392896684341,0.48493684887593436,0.48387127557620463,,0.4841178560675073,0.48368641010878644,0.4847194033171733,,0.48307433203253286,0.4826563538417858,,,0.4846036450008503,0.4837527821398151,0.48499470566699227,0.3873936305987649,0.3878639933310274,,0.15017826656079009,,0.11073279552972706,0.11108984677597544,0.111116217905041,,,0.2241546308914083,0.22401096544991528,0.22459026296452383,0.22446737262742347,0.2242759848589206,,0.22358611382094756,0.22375669219238314,0.2247255562494137,0.22382008705674616,,,,0.22470363332225557,0.2251121436986075,,,0.2244794875169142,0.2249885047874121,0.22421767974371926,0.2242561979529128,,0.2244244208106437,,,0.2242750422662761,0.22426270037001553,,0.22365097984282856,0.22407202838118942,0.22421031276170258,0.22353359628293812,0.22382798550991256,0.22467360888490168,,,0.22362944164440016,,,,0.22419435355332515,0.22418939342126445,,,0.7651148330891164,0.7644276224417703,0.7636340138370676,0.7631223645967636,,0.7625403463537522,0.7624669850814668,0.7622063688535423,0.7656310952366476,,0.7620471665925653,,0.7613486004130361,0.7626560593045703,0.7641783852432485,0.762740257001757,0.7641195311795593,0.7658984352502476,,0.7640525990414925,,0.7636592602508279,0.7611114370316968,0.7636921445839815,0.7639741126291346,0.7621878226408635,,0.7621086180738618,,0.7658939438755112,,0.761114604636729,0.7612324674260798,0.7622188973535062,0.7649855899897565,0.7624356355398954,0.7624097061705264,0.7628672604899118,0.7632512548369528,0.7607891372681013,0.7624438096117461,0.7640247958202855,0.764563219924463,0.7641751929759524,0.15109477781973008,0.1505249992197912,,0.1507712271397799,0.15060817408874796,,0.15054375016870097,,,0.1507879460590489,,,0.15042066148930547,,,,0.15089457630982855,0.15061074141574793,0.15034537484364688,,0.15093218926976087,0.15085138718423194,,0.15045496550527018,,,,0.1504253013076218,,,,0.15024798301878564,0.15005932463216073,0.15031370837270625,0.15095766119210752,0.15085794666431684,0.15084465104290867,0.15059795470301227,,0.1505158438890491,,0.15018345387035487,0.1507494624185641,,,,,0.15072597598019719,0.15049347303523464,,0.15049150441811357,0.15043492749015147,0.15052189785987763,0.10985400162664417,,0.1100801492836027,0.18248921769918514,0.22021901368819433,,,,,0.1107567947681011,0.11067682957257098,,0.1638618957615472,,,0.16414140516021128,,,0.16348730272810078,0.16361186338180883,,,0.16324579027989844,,0.16386105837610696,0.16397054227962188,0.1639769787852214,0.16406833308879382,,0.16370499141997463,0.16400291622784222,0.16446564229658878,0.16398129282984916,,0.16383633900282552,,0.1635100127009335,0.1641379280823618,,0.163729737789879,,,,0.164171248017003,,,0.16349176829521844,0.163799904778571,0.1639444514730019,,,,0.17786665232670004,0.17728482832923118,0.17757716109535465,,,0.17741686708861729,0.17710385482633775,,0.17755223597266445,,0.17724319470983768,0.1771856820132117,0.17801170136044192,,0.17792506700436372,0.17728738430083213,0.17735655583195206,0.1775005070436289,0.17765054658921536,0.1772963725037989,,0.17699376504069353,0.17769450380143004,0.1774977121584093,0.17727440007202658,0.17758732457084594,,0.17727282668391414,,,0.17741740192204525,,0.8209253340432052,,,,,0.8218197617897565,,0.8227235333125075,0.8213598288693406,0.8217144250003977,,0.8080483293687485,0.8073739390587276,,0.8100962129515115,0.8097193964585679,0.8094632331239995,0.8102232939893416,,,,0.8088961118344135,,,0.806927016270114,0.8197930581685501,0.8237249430667413,0.8207158955254044,0.8202634152614908,0.8228780164592906,0.8211158386091922,,0.8217411742194215,,,0.8217476804301413,0.8229673118279484,0.8231640649318092,0.821643876035373,0.8199039543962467,0.8227795063385627,0.8234136930683145,,0.8218456946848701,0.8229638137005089,0.8196267325454759,,0.8255137485574631,0.821721712202581,0.8210327352082789,,,0.8203439909063723,0.8228115846059203,,0.8245369708962347,,,0.8079048208721966,,,,0.8110287182649129,0.8065334283795182,,0.8082307211226217,,0.8101706088327386,,0.8064085368591646,,,0.8076606446347402,,0.8076397449619309,,0.8104473706728018,,,0.8102025216120259,,,0.8098775826375357,,,,0.011176969868543864,,0.011221804108767051,0.06760842739641391,0.06758961079173566,0.06758789621240008,0.06758504252987044,,7.282261297667863e-05,,7.249281082626244e-05,,,,,,,0.11138544549593704,0.1114790578858594,,0.1104515399690553,0.11057287828807268,,,0.10801798539101193,0.10822368877233758,0.2715903138120169,,0.7201552487087711,,,0.7125364158475747,0.3005453721022225,0.20550022935258452,0.7110524666116989,0.2129515276673153,,,,0.21315328328892016,0.3067497367506407,,0.7066166944435233,,0.2212778357261291,0.11404558855452879,0.11398290540927669,0.1136658960899363,,,,0.11425684792716337,0.11414995049765586,0.11397999305951635,0.11368925354413456,0.1143228460058461,,0.11446834950663823,,0.11436145037293986,0.11378851234299732,0.11434220026533076,0.11435572103565542,0.6998330672664951,0.6986828827833182,0.6982317412414898,0.6983020218229824,0.7002659666551879,,,0.3415234897676601,,0.3406844289832642,0.24327944609199487,0.24328050613644275,0.2432157726132627,,,,,0.6957430561546902,0.11627370096292694,,0.116231031427619,0.11622921902949439,0.11604097360579692,,0.11625737030047587,,,,0.11624917536424823,0.11609798089278252,0.11633069140870528,0.11608902252549154,,0.11645461421249459,0.11637719311223813,,,,,0.11579508160601822,,,,0.11657352029767054,,,,,0.11645329849884409,,0.11626206537547544,0.11635619808022231,0.11644801153603916,0.11644117908350783,0.11649559105797039,0.11631065337899561,0.1162970905720726,0.11647738236996881,,0.1163579884415132,0.11589026496430123,,0.11645879150845043,0.11588717653318092,0.11663562542100105,0.11655503546160774,0.116584290430071,0.11663385837024327,0.11636525154424451,,0.11635036763063428,,,0.11616224878978842,0.11639553277308749,,,0.11644257055942615,0.1617811677797755,0.1619153373854864,,,0.16210518780063185,,0.16202684419600694,0.16206482935920893,0.16205250368467733,,,,,,,,,0.19347674663563197,0.19314346809206956,0.19293087521787392,,0.1935065818648773,,0.1933215476400962,0.19384588004472672,0.1932918400053942,0.19366367610391858,0.1929571470037969,,,,0.16244457095027498,0.16230080036690758,,,0.16183653898334202,,0.16218818391519196,,0.8200561273362563,0.8199631976225878,0.819360736313195,0.8197446327918843,,0.8209738952666944,0.8175116250755348,0.8215752686688168,0.818739417824974,,0.8187706436262677,0.8194408541247783,0.8205512671418986,0.8202267130828748,,,,0.1925556080850155,0.19338416362969732,0.19284704296224875,0.1934420616262506,,0.19332643236009603,0.19346807728818993,,0.1928882095372516,0.1900811947811809,0.19256845052859445,0.19250757947014066,,0.8199874750489928,,,0.8200568953879859,,,,0.16167137609658197,0.16198490959757397,0.16165049391131808,0.16207583376200108,0.16198403668707548,0.1618483972642779,0.1622016614946118,0.16238205565062108,0.16239005153559363,0.16199317472555042,0.16234920697188748,0.16238619866484416,,0.16260078670046754,0.16213810816940988,,,0.16167588387941925,,0.16195372277906603,0.16221174939319863,0.16198406590796635,,0.16216868441486737,0.16226012458656974,0.16184417380296356,,0.8223390931931828,0.8211238325498244,0.8233609433955077,,,0.8208966211936045,,,0.8198109947365307,0.8207359367974122,0.8199282960898228,,,0.819912251633654,,0.8197978733608152,0.8230864519719159,,0.8203918634151306,0.8198902439491428,0.819610646339965,0.8217987812318407,,0.8214854760278022,0.8229828843460725,0.11155743364836754,0.11149037473569756,,0.11151788774436139,,,0.43564626619156865,,,0.4537801640872302,,,0.5093967791692677,0.5094396124316669,0.5087550029969877,,,0.510800933485076,0.508944412222648,0.5078606646446588,,,,0.508314751690142,,,,,,,0.5093467646868324,0.5090113937620554,0.5082929982784851,0.5084686107101176,0.5090825229430841,0.5075515540899265,,0.5079230859597131,,,,0.5091292228211325,0.5070354306109573,,,0.5074352390803154,0.507940386764497,,0.5105297527674231,0.5092267628877771,0.5075098349987022,,,0.5090059398450483,,,,,,0.507391889700995,,,0.5080466550202917,0.5086636081608868,0.5080052306867261,,,0.5079076276332952,,0.5078164870810653,,0.5086487002626466,,,0.5100383068688282,0.5079430739879169,0.5083776819321661,,0.5096926286347987,0.5077782243498776,0.5104825619207355,0.5083064590177231,0.5082790754884586,0.5107597444713684,0.5087656407094765,0.509686159581771,0.5080379914273825,0.508209299987857,0.5081727364702189,0.5097283511431187,,0.5076675854028625,0.5083757616339845,,0.5080451110781541,,0.5071596293354413,0.5104883652303737,0.5086700285552015,,0.5086149252457518,0.5086858796447293,0.508855987001234,,,,0.5088061790265862,,0.5087799057093727,0.5078635050503452,0.5103927952528151,,,0.5093448008637665,,0.5093859832012628,0.5095756316447401,,,,,0.5070633517957831,,0.5083595073054562,0.5086485079967502,,,0.5079686230152821,0.5071165135282579,0.5095606227585984,0.5091248113514085,,0.5078643781121549,0.5092057439830042,0.509182859582688,0.5107061030098262,,0.5083714834262215,0.5077059634581326,0.5074876573506788,,0.5089116574010087,0.5095522288302098,0.5092027358627175,0.5084405140155442,0.5094709125260077,,,,0.5077220797915696,0.5085962601400833,0.5070844461257946,0.5081567331495468,0.5087148120770265,0.508617596832942,0.5084822659079415,0.508604220911774,0.5084921361543726,,0.5099532652036575,,,,,,,0.5088738767746867,0.5098307911653706,0.5074706450761386,,,0.5089155272379859,,0.5074447846755197,,,,0.5087468261476665,0.5096829678556183,,,,0.4063793586059105,0.5208943972012974,,0.8114149617077354,,0.5825802643693401,0.48679950619944906,0.4876296823408658,0.8131031271178643,
7,5,DG_10pct,20,Z17_F07,17,LL_AB,175044,181977,True,5044.661066197649,5040.810326359685,5060.889886258815,5173.742880369408,5139.555433248206,5743.419870136691,165.6636294282432,602.6522474852329,600.7338062942118,419.96199101083437,421.0467079806401,200.56543169310473,64.29400816044352,100.36583304287157,99.72838700718977,5737.835853057982,141.37740060885423,19.503656970658973,262.6096186879599,184.52965707962963,0.6847511047353042,0.6857741379045479,,0.756687552930847,0.6718780004397324,0.8392233101144826,,,,,0.47698393163418307,,,0.5757723152073675,,0.483331119727589,0.48224043398117195,,0.8130860875852288,,,,,0.5040440363876152,,0.5032963967637223,,,0.5024510547717825,0.5043634556116477,0.5043956690472734,0.5067130738737207,0.5032297670887034,,,0.5272071302304818,0.4423751206987957,0.4439047824776085,0.442332642659373,,0.4292258579668069,0.43099694779184666,0.43100563989450497,0.4307711191061947,0.4316122210385755,0.4314587010618016,0.4306691199137158,0.43153500278112567,0.4316493950682776,0.43146795475249233,,0.43127401336480986,,0.43140184504515083,0.43146375004117166,,0.4312571065030996,0.4854686367500152,,,0.8103913044078038,0.4759579512913051,,0.47629086217206285,,0.47594921636586157,,0.4745283153934963,0.4753273220657475,,0.4748330799241749,,0.4755548326774859,,,0.47491337354276697,0.4761666669450579,,0.4748841436138566,0.4754432790598846,,0.47445849236253484,,,0.4760712201095773,,,0.3799208130549544,0.1430194737495501,,,,0.10112632242353753,,0.10100198098027326,0.21287287434787522,0.2131229159239303,,0.21294817700512095,0.21281880494720676,,,0.21183347512149797,0.2127077434128592,0.21222799051273203,0.21250222755559287,0.2126856154209142,0.21275727487791987,,0.21204152369424145,0.21296207495665836,0.21290731322415635,0.21218039321248872,0.21286959149412826,0.21270321780606485,0.21264791704152725,0.2124274977993027,0.2123836557224305,,0.21247839906452584,0.21228038031640115,0.2130091662037409,0.2130315651884033,,,,0.2122384672445316,,,,0.21269956469446336,0.21237554197965391,,0.21209721039285628,,,,0.21251211488909802,,,,,0.7589062399777683,0.757776388239062,,,0.7588915097998024,0.7590438716691275,0.7604146853184733,,,,,,0.760794113431107,0.7599544755557478,,0.7600270411082651,,,0.7592825590926172,,0.7609366924221709,,0.7618421871334002,0.7599948849216646,0.7580618091657608,,0.7575708735415095,0.7583262476808647,,,0.7577771039473647,0.7588169579100644,0.7584345676193559,,,0.7571100981229414,,0.7571530794928574,0.7611382671990271,0.7590177304963476,0.758475456930458,0.1437706970686197,0.14329131200217432,0.14346440594267426,0.143429198448939,0.1435720473308826,0.14369253004870394,0.14361643363243212,,,,0.14372878461043734,0.143413570504111,0.14372020237405433,,,0.1437671323013853,,0.14367309976764975,0.14315982002142866,0.14388943405201696,0.1437133097306486,,0.14306558024318689,,0.14356451955487062,0.14403422449751888,,0.14340050714735295,0.14325062185477125,,,0.14318963471561988,0.1434374349705693,0.14379716904745318,0.14354403726067808,0.1438364626797827,0.14347293725028035,0.14322850607705942,0.14335606140639562,0.14383136178505154,0.14361639217782768,0.14371879369683724,0.14333359138027804,,0.1436690844100871,,,,,,,,0.14364885540158945,,,0.09985307576190422,,0.20826752539756446,,0.10134253569627631,,0.10125852009949968,,0.1009943630590032,0.15115203382833348,0.15098006023938051,0.15122675665489688,0.1512436724870954,0.15099828533891152,0.15117678795817888,0.15146710025594723,0.15115038059851463,0.15101363326340747,0.15091200667113885,,0.15160342940052937,0.1511139989287779,,,0.15087763938053197,0.15114805711743975,,,0.15087114509494937,0.15129973847459283,0.15098866134755182,0.15117746490825348,,,,,,0.1510397627815117,0.15088093303906183,0.15144938108418002,,0.15098379614106056,0.15121390359098874,0.15114363402782532,,,,,,0.1653403285719745,0.1652701912083368,0.16504044023912037,,,,0.16499995077258117,0.16456591547919022,0.16503696642995253,0.16556116809546306,0.1652091782905215,,0.16502780692323551,0.1648657501886296,,0.16487500409029554,0.16483869489605651,,,0.16532055779564783,0.16488932335433049,0.16462105519445933,,0.1650720310285523,,0.16428913902347672,0.16491336107417826,,0.1649923217536764,0.16513463365758307,,,0.8206748699943615,,0.819112156636592,,,0.8217448804938039,,,,,0.8193967911885977,,0.8055042215140613,0.8044769094919022,0.8044502070935233,0.806453179162589,,,0.8051034725488496,,0.8072698424995631,0.8054245320247324,0.802661648072862,,,0.8043501402194247,0.8190775161914892,,0.8195525941534105,0.8170801144373444,,0.819455634436418,0.8186088457928841,0.8210572154817809,,0.8196613180251302,,0.821735160071946,,0.8188505428702035,,0.8203280400181432,0.8200170135087835,0.8187616409767738,,0.8189460537072742,,,0.8196043472499613,0.8206692501333394,0.8192162174512174,0.8203712632435664,,0.8213809310792372,0.8173355140360931,0.8221564465224367,,0.8065549395644133,0.8047363327385093,0.8051914897871182,,0.8061165516414708,0.8067220539853417,0.8046994739005959,,,0.8103688189381706,,0.805079696825159,,,0.8059379784363757,0.8069542448474069,,0.8033122607118365,,,0.8090311810982336,,0.8060226299755465,0.8065678904853251,0.8078476098327397,0.8082535571404634,0.8053707430818755,0.8071321076555451,0.8067910532087621,8.172442889449093e-05,,8.180690421104267e-05,,,0.053790466205134474,,0.05373897687909357,0.053578693841568305,,,7.319274597278537e-05,,7.32038915578267e-05,7.345048714767582e-05,,,0.7582996294384686,,0.1014082721051209,,0.1004804591057103,0.10079757813037411,0.1005567059248658,,,0.09802817053088664,0.2593634732812207,0.17418047299545894,,,0.19482060991937608,0.7095347391642574,0.28929602436683854,0.20210444035359154,0.7055087928250431,,0.20870302936718593,,,0.20863599200978133,0.2966853558000737,0.20904838391900682,,,0.2179144874828436,0.10412823411066743,,,,0.10416010381546471,0.10386453827480938,0.104218883626058,0.10426630819441074,0.10448607580357695,0.10421424398585538,,,0.10411878551698221,,0.10405753495027947,0.10412063074908677,0.10427144504423076,0.10421211421428483,0.6935208455401731,,0.6927778776243384,0.6922963712111531,0.6943454296929009,,,0.33063344155895097,,0.33103032675809235,,0.24018007214864787,,,0.6927345059597966,,,,0.10603598193332098,0.1061476842025257,,0.10588845039966846,0.10625124788997921,0.10630012272940545,0.10621071949346454,0.10650745492156387,0.10587620476771732,,,0.10609846464059815,,0.10655107128432854,0.10628380597405039,,0.10611880484132559,0.10658396684320738,0.10628091790729342,,0.10601426009765617,,,0.10623809925985561,,,,,0.10614499131721886,0.10617296926623915,0.10621928788863999,,0.10598253117615034,0.10595942536496389,0.10643237192823708,0.10614014616104876,,0.10648443947538773,,0.10604914265029756,,0.10581320124582277,,0.10623689595174766,,0.10609358788075388,0.10612009891660228,0.10601244633817067,0.1061224477544727,,,0.10631910714112781,,0.10649342414388323,0.10613874417000771,,0.10626313135727752,0.10602793289463902,0.10601131904375696,,,,,0.1534717453148723,0.15338064047965447,,0.1535658549347884,0.1529462744893454,0.15324907344305985,,0.15377036920773376,0.15302358394040552,,0.18179652770250943,0.18167070961374682,0.1817996648042554,,,,,,,0.18147457679334192,,0.1812604090669844,,,,0.18144948304252764,0.18137472592878437,0.1810406351731347,,0.15366551729561087,0.1533715363518111,0.15333485790296628,,0.1536120437840721,,0.15366746609766382,0.8165924454663874,,,0.8178702649449038,0.818479206274337,,,,0.8164438460076396,0.8182703873488056,0.8182366182441398,,,0.8178918972015212,,0.18133750767331086,0.18083618271697463,0.1809532636736115,0.18157946625791807,0.1815003281025606,0.18151551007323016,0.18152961530886608,0.18111087217973137,0.1815006765832998,,0.18135753871780802,,0.18115323785042137,0.18052501913677502,,,,,0.820857425775464,0.8172696098112703,,0.15328571783014341,,0.15347997805612346,0.15421607490885206,,0.15339985890117858,0.15283745494407766,,0.1535734833867142,,,,0.15293778974985114,,,0.15334674075707405,0.15337755701505104,0.15315817592225356,,0.15312097524414486,0.15371821608010394,,0.15375897482790823,,,,0.15357464944534804,,,0.820613594844072,,0.8179602092064626,0.8218741085183323,0.8205343748633819,0.8177943986499944,0.82086363087157,0.8181518683995397,0.817022734351433,0.8168545661238036,0.8180194775316167,0.8180663417204731,,0.8171278089489988,0.820416483912809,,,0.8185005554705811,,,,0.8179527549010274,,0.822245824369689,,,0.10178595523557513,0.10177479566216169,,0.10164948186542302,0.42976782990805423,0.5076179415440124,,0.44637677240443174,,0.31562209633352517,,,,0.5023821362142681,,0.5038867691529878,,,,,0.5031850491854931,,0.502630568563988,0.5039083486926861,,0.5011762807314182,0.5017417416805271,0.5031036410298839,0.5037527151731058,,0.5040758683112684,,0.5032250240662226,,0.5040357743978384,0.5032131587050235,0.5033626689173308,0.5030657655895278,0.5030617983006376,0.5019700120400539,0.5025792566811758,0.503474382027258,0.5033654052994876,0.5019410227507851,0.5041076603527161,,,,0.5027518301245507,,0.5044322494501562,0.5042733738089109,,0.5030547625077179,,0.5034805295464547,0.5025896997449113,0.5036555087401962,0.5040991765559814,,0.5024210513832505,,0.5015677142138328,,,0.5048280131384851,,,0.5030198842631237,0.5039920844438286,0.5037221174272206,0.5022972278680796,0.5031292815092018,0.503202710207573,,0.501213005630651,0.5043095814849482,0.5030246462499497,0.5033272715491631,,,,0.5030782876936352,0.5049163071782301,,,0.5040514160296918,0.5044714507405397,0.5019989877787703,0.5036021767471753,,,0.5029041257598118,,,0.5028721817132309,,0.5017333388604107,0.5032538394716266,0.5034159374198527,0.504352773072749,,0.5029676952499793,0.5033180014771965,,0.5035740841448856,,0.5040081915318545,0.5022305851695608,,0.5014411051854847,,0.502511778514679,,0.5041817586460526,0.5037335937173429,0.5041518252924382,,0.5030404475062364,,,,0.5031350336845515,0.5033263340293573,,0.5032197206551066,,,,,0.5034204096321329,0.5036986151439898,0.5029561480153825,0.5013570128267959,,,0.5031041010272345,0.5039317401016831,0.5043281013575268,0.5045316761187939,,0.504462812746825,0.5037747697774906,0.5024326381532763,0.5012354114710553,,0.5037347519313898,0.5032917237784369,,0.5029294795619768,,0.5030993493729901,0.5039890495175667,0.5022549963488983,0.5030535814499237,,0.5032357127879493,,,,0.5043864810664869,0.5041074521560114,0.5036507026974257,,0.5026625059506078,,,0.5042381246919169,,0.5018675024026134,,,,0.5040500988280965,,0.5029403964009258,0.5028235245868571,0.5029869624163342,,,0.4009154570468782,,,0.8095215088503244,0.5772031521640436,,,0.48337185259114757,0.8116866163021598,0.8117504904458325
7,5,DG_10pct,20,Z17_F08,17,LL_AB,175036,181973,True,4987.08233688961,4959.2472528953385,5029.214184513451,5111.790672404242,5126.683254137472,5669.698388200264,162.56720993823234,601.5055468234995,599.3418352262224,422.9455480529785,419.4935687046078,199.4071878869455,64.01237345281211,99.13719024017028,98.1132740400638,5676.02197962763,140.1821795083514,19.74064920830259,260.3216922882112,185.15693123671272,0.6899676019232243,0.687655016329461,0.6918406471671419,0.7591216421696909,,0.8423995376837704,0.5888971367723603,0.5096583484063891,0.5093964957166349,0.5094203490015916,0.48279758829918956,,,0.584355801569171,,0.48528825089702543,0.4861939111854719,,0.8137582554487729,,0.5099085066015642,,0.5088335149924382,0.5090930130691165,,,0.5049927138688902,0.506446769499159,0.5058137856890587,0.5094448437216899,0.5101146610220371,0.5102953463834585,,,,,0.448631289226166,0.4493330348540254,,0.43634895820125363,0.4375762973229037,0.4361583248986254,,,,0.4366996448517837,0.4371250628023124,,,0.4365963091280922,0.4360455439197556,0.4380631781566133,,0.4367363639638407,,,0.4367388682759735,0.49312734672142844,,,0.8138580712635886,,,,,0.4832871432530832,0.48329259600868146,0.48363954045783963,0.48486869263309146,0.48343772025278053,0.48352499414444283,0.4843896533002372,0.4835559533938694,,,,0.4825536224017411,0.4835642013803193,0.48304219252148856,0.48506352135836717,,,0.4834618190529463,,,,0.38741782965548394,,,,0.1109626626948155,,0.11095482222672216,0.11049538942024063,,,0.2240751500189663,,,0.2242416807738972,0.2244784987645557,0.22394872566636864,0.2246396282783994,0.22435055101912438,0.22465888854127594,,0.2244051068106101,,,0.22417090016235713,0.22395105219284697,,,,,0.2245481114798701,0.2236038516922853,,0.22444886383396592,,0.2239952294366478,0.22311517015049168,0.22402767077627606,,0.22420420666280894,0.223758478211381,,0.22338379712149967,0.2239602479685094,0.22420379761378287,0.2247391361717628,0.22401294004104794,0.22435169206930783,0.22465825951448015,,0.22347736771098442,0.22476919104818527,,0.7622447215764834,,0.7655775768889216,,0.7641831622270916,0.7644794313431829,0.7656668599703333,,,,,0.764389187664942,0.7636477841230055,,,0.7651764824781937,0.7604284537862542,0.7629222187348792,,0.7633706862721198,0.7619173032985309,0.7620018240497893,0.7638130185431383,0.7628546013632282,0.760284225893838,0.7627814984258902,,,0.7624574612840901,0.7606410923569751,,,0.7614795792895712,0.7650794672136465,,0.7633288070378379,0.7607094862025762,0.7614243661091687,,,0.7606888490661763,0.7623862667775098,0.7637548371083787,0.7605299667997508,0.7627677157935892,0.15010263428695247,0.15054916467040402,0.15055350724127342,0.15020557588800623,0.1503697372825519,0.15038638861546336,0.15046634187400312,,,,,0.1511486451343688,,0.15032428084952143,0.15063788619395674,0.15037470109149217,0.15047336404537032,0.1504443457322201,,,0.15113785557618964,,,0.1503354156301494,0.15047484531523342,0.15045743648692325,0.15066501774476415,0.15028475584390116,0.1500021591831807,,,,0.15012684487301906,,,,0.15077244124849737,,0.15048584176616192,0.1505493466440713,0.15081315452966837,0.150457350571345,,,,0.15073270096030136,0.15055534383456876,0.15008420922090696,0.15051284763757114,0.14997955377245997,,0.15020999736492432,0.15013535988864535,0.10967663656179856,0.10977367529449843,0.10945208673487637,0.18297930635470028,,0.11092837256655863,0.11081934172230103,0.11079012178112857,,0.11057579436117579,0.11093934129185452,,0.16398084449441133,,,,,0.16436937862908885,,0.16356200170750068,0.16424982082018721,0.16391183522264152,0.16370950154492453,0.16470495678709493,,0.16405499603955925,,0.1635266504110956,0.16384618206689436,0.16390088877832032,,,0.16397279246554017,0.16456126678734173,0.1639386853701859,0.1635726184210131,,0.1638671244126276,0.16369402427510613,,,0.1640948460667925,0.16380213527355014,0.16399520340720045,0.16400922371973445,0.16404960157632034,0.1637347273301209,0.1637763370729732,,,0.1635765882018362,0.17750622807054006,0.17708004564625388,0.17752282947599998,,0.1774612142037799,,0.17755724439185386,0.17715187031660293,,0.17780059492668684,0.177799013252416,,0.17756311384479467,0.1774819044291041,0.17776284204350493,0.1774615986086375,,0.17747028735331513,,0.1778484746494975,0.17760953074605565,,,,0.17770772495289378,,,0.17796814378996226,,0.17724611821284894,0.17723416831995595,,0.8230047873659878,,0.8233193048890797,,0.8230098927686771,0.8219319766497776,,,0.8227435428481679,0.8208711576068064,0.8240347282693526,,0.8086123233897071,,0.8081513251515534,0.806508209121066,0.8074052251610214,0.8058771375963452,,,0.8090034178020872,,,0.8058820940515896,,0.80733266012586,,0.8209708004160123,0.8213001309098864,,,,,0.822571371838192,0.8201828220932784,0.8206915107809871,0.8222195904525369,0.8211462096797685,0.8220571597035089,0.821956214257528,,,,,0.8201292575987355,0.8221184173812184,0.8232122061850838,,0.8211759763785295,,,0.8212663160369204,,,0.8229826839021717,,,,,,0.8078652334598698,0.8069714760280664,0.8081826787758992,0.8072385467122786,0.806962345790204,0.8067358401365524,0.8075129458572673,,0.8090246215222291,0.8088413712116477,,0.8090532172402501,,0.8071153582345028,0.8081563353549975,0.8081431843212943,,0.8048364541823942,0.808167639780053,,,0.8093484409100554,0.80975851171283,0.8099251087806029,0.8104753350851787,,0.011219389588070216,0.011232730908150437,0.011195882487074177,,,0.0678113456963885,0.06759672493010874,,0.06759678581949059,,7.291719596060588e-05,7.273193883865925e-05,7.272798733122628e-05,,7.277320510294158e-05,,,,,0.11118932257853932,0.11152833969036637,,,0.1103615483374363,,0.10821739246433353,0.10844653434156054,,0.17945235235306195,,0.2922170262402966,,,0.3003102642781334,,0.7089297272933847,0.21297876330189094,0.2129194256005712,0.21304012379748916,,,,,0.7076339762385084,0.22073628229876538,,,,,,0.11436964422859885,0.11392545224947959,0.11412116703899494,,0.11417245842385666,0.1140741687383256,,0.11421421939243544,,0.11419817059732912,0.11406745244237759,0.11386122898441102,0.1139626584524439,0.1139050960333688,0.6975949552666687,,0.6985759341186042,0.6966703755694692,0.6988198721496042,0.6989261932756663,0.3399829753725244,,0.34058710959772753,,,0.24353185077464,0.2428267885791064,,0.6955866994360554,,0.6949941783299871,0.6942711589990601,0.11662289876675823,,0.11634770825304261,,,,,0.11624847701634704,,0.11655299420167876,,0.11648860039217564,,,,0.11616097978718647,0.11661935290136019,0.11623414790950201,,0.11593863521747719,,,,0.11656593571661417,,,0.11626040298673307,0.11628055093798649,,,0.11628540768605959,,0.11638276681136098,0.11650013017596057,0.11642641612185219,0.1163738246943371,0.116277936008037,0.11669322858703256,0.11623850322337212,0.11632825124546432,0.11631938986222182,,0.11674586606958098,0.11658033579097841,0.11639127413680785,0.11615656240061117,0.11626114525476383,0.1162455137045266,0.11640339384473611,,,,0.11622615848177228,,0.11610148847749736,0.1162021948638227,0.1163993561019671,0.11634602196567488,0.11619175048324017,,0.1617821392631665,,,,0.16182361872158987,0.16186738185352195,,0.16228375977332238,0.16201968598335464,,,0.16190550942979498,0.19307362086517574,0.1940564651847362,0.19299192272235696,,0.19346711820869925,0.19345732335435054,0.19362085646865754,0.19345748988610326,0.1930655962518533,0.19297209735573584,0.19344176909242317,,,0.19346659742598413,0.19316000144685083,,0.19331649049157867,0.19299331961725702,,0.16218384514938258,,,0.16164728915031076,0.16219123803277344,,0.16267539317921337,0.16221602153560513,0.8177717468650887,0.8192109231925477,,0.8192807117403456,0.8207158395631529,,0.8187777832506856,,0.8200180554011282,,,0.8226510654777097,0.8194831090907261,,0.19336914006171183,0.19285113039121282,0.1936781978360025,0.19337418608747256,,,0.19289302102317388,0.1933860310718086,0.19318965732609386,,0.19351653711588926,,0.19072467157517847,,0.19322833477900184,,,,0.8199502574101901,0.8208786658632972,,0.8214619531893346,,,0.16198350565394956,0.16191536805592127,0.1626490705911757,0.1620132563117724,,0.16211347315788846,,0.16212013437421222,0.16189501619551577,0.1619724206655498,0.16184447368201302,0.1622418315680142,0.16233979858058137,0.16193149868255946,0.16151008184381924,,,0.16229009676007944,,0.16214228717298487,,0.16169574443123555,0.1626800541612951,0.16217792622450725,0.16189632751645144,0.8234992237592165,0.8218123939739493,0.8200788695021161,0.8243167546025907,0.8202894867937695,0.8228180701133576,0.8192979097663197,,0.821630020021248,0.8227515678575178,0.8193096493930713,,0.8216183565165105,0.8209358802254921,0.81952560836525,0.8208898377718774,,0.8216502259968317,0.8216519626944457,0.8231955270776067,,,0.8195024576518516,,0.82304800041617,0.8184425335615363,,0.11168753307088601,0.11139296335663912,0.1115571277042568,0.11173779089127105,,,,,,0.4527911898771555,,,0.5091920193336967,0.5079511428554804,,0.5082281201012968,0.5085412010514893,0.5091244506703145,0.5097088948036195,0.5082836354128561,0.5105397101297025,0.5089796291366168,,0.5082328316168403,,,0.5085271141600048,0.5091025158226478,,,0.5091906376268579,,,0.509198155235878,0.5099124842100863,0.5094836915554776,0.5077085012119981,0.5092794541249739,0.5084241432644189,,0.5095360612363675,0.508888309247889,,0.50871523261896,0.508516755715999,,0.5082071019279276,,0.5094096973228773,0.5096623338222974,,,0.5099963556692803,0.5083229022492234,0.5076689841502213,0.5082672590955969,0.508957981488895,,0.5094575170942849,0.5086789536166898,,,0.5082293100904839,,,,,0.5086804937023134,0.5080934603326899,0.5089166792751906,,0.5081767606334902,,0.5083714327150275,0.5098198956635545,,,,0.5084747869714376,0.5094108555069204,0.5094430577867104,,,0.5084992997591327,,0.5087789569721973,,,0.5081602712695391,0.5085315756764103,,,0.5092266995910264,0.5092291640342576,,,0.5090549545070436,0.5090887787299744,0.507399050778977,0.5080376839891814,,,0.5077702030483101,,,,0.5100606829936988,,,0.5081845946492217,0.5089837714987365,,0.5079740315109944,,,0.508804742645283,0.5105624535088081,,,,,,,0.50950235217969,,,0.509071893176563,0.5069063645432957,,0.5096202619765804,0.5096509819825583,,0.5098714119734193,0.5082300489894414,0.5083341400679507,0.508692006718092,0.5085887681095982,0.5086328010538936,0.5094555288778244,0.5097183772943037,0.5090286488004022,0.507965762707548,,,0.5082815210884005,,0.5081310286990451,,,0.5075801214437239,,0.5090669370021548,0.5075624810358615,0.5090911173127114,0.5087198616767702,0.507822623308164,0.5062242536571083,0.5070544612914856,0.5091128831045395,,,0.5079127557195869,,,0.5079665162666709,,,0.5094619621121249,0.5077822889708182,,0.5084844882060077,0.5085907465019602,0.507284224138501,0.5091735588515459,0.5097902908455573,0.5097661308542036,0.5095096150535792,0.5071825826525006,,0.4072793889418891,,0.4069368729749121,0.5195645983872986,0.4345771569834891,0.813672656502327,,0.5836781075172064,,,0.8120272364482531,
7,5,DG_10pct,20,Z17_F09,17,3PH,175044,181977,True,5257.295929693094,5275.288449061954,5297.552399270229,5393.020087064941,5334.7868739904925,5460.161134292314,7.930681513735914,75.0060973580772,75.81381171306673,57.11324846602486,56.922075922921195,28.33045168600238,9.352136375227884,41.14447405857266,38.72733531677066,5416.073677813742,7.232937472696841,2.7167955970637214,14.43619928730576,18.95653684153685,,0.6876439511394103,,0.6899147639839929,0.6902535686460158,0.6909242125338321,0.6065637829457726,0.5021078118586385,0.5024785813404931,,0.502156160145072,,0.5070412701482845,,0.5083867884645574,0.5093785198885502,0.5094025505616601,,0.5078318439023157,,,,,,0.5040109775914328,0.5049918409246945,0.4973285016344178,,,,0.5046090368621208,0.5040609826757397,,,,0.4622713522962883,,0.4381915605014465,0.4386094783340586,,,,0.4325210612021438,0.43167739498349617,,0.43309504302845664,,0.4321270050093721,,,0.43295226343511356,,0.4316363398208088,,0.43206909795510406,0.43201173605813964,0.43211377582440796,,0.4259577131688673,0.4278477377224147,,,,0.4166648131943918,,0.4177202173337333,0.41765298600190426,,0.41701261921346666,0.4172871336913636,0.41686506949687546,0.4162419645131525,,,0.4165166731040246,0.41694217655505356,,0.4161795698836749,,0.4171233505307964,0.4166672090179808,0.4162320816070706,0.4168794130948016,0.4172948507180194,0.41761614122966095,0.3814886992580377,0.38028526362320947,,0.10113923616329645,0.10056232389530974,0.10049284535571892,0.10071033579098505,0.10070568744880805,0.10047777623274504,,,0.10183832216154953,,,0.10200132791388537,,,0.10190907324995699,0.10169873443802807,0.1021199984367238,0.10172144994188978,0.10186313685639253,,,0.1018825432470057,,0.10180375728373822,0.1018725649785118,,0.10182844681132706,0.10155770491671949,0.10191430336150678,0.10186155632201958,0.10169073386411123,,,,0.10182562569199012,,,0.10174798122258068,0.10145947620163168,,,,0.1016797694237102,0.10189611414035779,0.10144429918716329,,0.10161252293441098,,0.1016605179552206,,,,,,,0.10164575964536464,,,0.10154350242720614,0.10175135982165727,0.10198831265043853,0.10186053845561986,0.10180455630577626,,,0.10178206397895745,,0.101868204646512,,0.10195654585420628,0.10195587046161164,0.10189411682019477,0.10140588320907838,0.10152088096317381,,0.10164303052874661,0.10130019180504828,0.1018380337134027,,0.10186649674030775,,,0.10149465360240752,,,0.10178399497586635,0.10186330145526083,,0.10176529769797706,0.1017403666977779,,0.10157887491693426,0.1016839341041625,,,0.10190405642672375,0.10154579709328627,,0.10148274253517907,,,0.10203276588346384,0.10173419789842772,0.10182910814645642,,0.10198559487829437,,0.10199646051728233,0.10186419305329898,,,0.10195573286704387,0.10161629257240533,0.10165539794858525,,0.10172840908341832,,,0.10143883756101439,0.10178904902144516,0.10130361649333897,0.10186794032467071,0.10180515053139214,0.10154576732163727,0.10160308587232486,,,,0.1015594012692501,,,0.10186644905733161,0.1015922985302171,,,0.10196382679061243,0.10142124667668584,0.10147940688269888,,0.10178864456316997,0.10187779744244461,,0.10189463008387438,,,,0.10186875360316781,0.10160459390180338,,0.09814190974850936,,,,,0.10108091731678541,0.10133216606980987,0.1009020431633054,0.10130272168476362,,0.10146166696927952,0.1016830969804446,,,0.10170762062635613,0.10127390026850284,,,,0.1015866022206386,0.10157676988621019,0.10167883470953862,0.10143806093204794,0.10165907042312416,,0.10151346679518826,0.10167482814299005,0.10157226637440693,0.10158220837244109,0.10166063591019045,0.10180782014325686,0.1018542478807795,0.10161082769406407,,0.10132288092200444,,0.10192526442677075,0.10148815656358255,,0.10144839075928569,0.10181011230025923,0.10151331841115661,0.101188485797528,0.10159569792679647,0.10120284330607268,0.10155158164467118,,,0.10147321317521801,,,,,0.10161166533512875,0.1021998232558031,0.10173184289984613,0.10163180616197959,,,0.10150222321144801,0.10188761474060426,0.10142022120220753,,0.1015075335040706,0.1018079324876526,0.10127144945524008,0.10165397319800201,0.10206264560425349,,0.10190778825789788,,0.10157486758895873,0.10160365614308005,0.1015170639670051,0.10172100637419097,0.10154165978361891,0.101475727676945,0.1013785116726607,0.10193020481757245,0.1015855401367298,,,0.10143941645775877,0.1015745072640493,,,,0.10142481156011732,,0.10156390145617532,0.10148237983838782,,,,,0.1014409481859065,0.10158833768360793,0.10146604584442745,,,0.10186666643808115,0.10124939495283315,,0.10138051174997385,,,0.10129445435370422,0.10144609428068074,,,,0.1013082030874207,,0.10130293633770009,0.1014366326019498,0.10156962392534875,,0.10161766838633499,,,,,,0.1014513018332521,0.10139355382202025,0.10136927003579563,0.10189040973825832,0.10171198862741936,0.1014847633260968,0.10174029697244867,,,,0.10136583718942953,,0.10150062219382133,,0.10144540716420114,0.10133983227456247,0.10135562352840014,0.10130685075438976,0.10139094962930432,,,,0.1012457090156606,0.10125949794350893,0.10144741288770408,0.10171715913848726,,,0.10141678355972022,,0.10173718104609354,0.10143788788027404,,,0.10126358795591875,0.1016994926906364,,0.10123949476785983,,,0.10173286617840926,0.1015067894266334,0.10164344634072504,0.10129256229366095,0.10194867377456551,7.49602473720966e-05,7.522014204415014e-05,7.498282969660537e-05,7.505517193296474e-05,0.038568854500818324,,,0.03856730745016532,0.038665679552772066,7.372062933944238e-05,,7.352007286180454e-05,,,,,0.10148515228885446,0.10139324439724852,,0.10120953312611794,,0.09859094456040911,,,0.09591567503553684,,,0.10212498298913464,,0.10213710925427322,0.10365823255596945,0.10339046678094498,,,0.10383732909740072,,0.10448172081359611,0.10398917113496721,0.10438727161197056,0.10444581666882986,0.1047413511585858,0.10452101966341769,,0.10447601647855637,0.10519436604224279,,0.10450469321767296,,0.10448172540635237,0.10434541882592999,,,,,0.10475009126593507,,0.10427271112012305,0.10489455511324118,0.10437298820657814,,,0.10453692383478122,,,,0.10622733260846101,0.10657895168364574,0.10650109782688552,0.10627445109686,,0.10705143402195848,,,,0.1070170034286345,0.1069236739286861,0.10642628330601114,,,0.10692188845896151,,,0.10663145949146265,0.10653097284407796,0.106541234715779,0.10650627893618059,0.10647132020874465,0.10674132268966119,0.10628963216631206,0.1066143661088407,,,,0.10648164248660678,0.10655820000098179,,0.10613420165955259,0.1062808215757897,0.1064891661721469,0.10640150991560274,0.1063941759939337,,0.10619422855646295,0.10643684933134341,0.10627032159552031,,0.10630534467775862,0.10648735804671233,0.10648333668047053,,,0.10658271410440869,0.10620590950487604,,0.10686250086544428,0.10625106688424132,0.10622665628883685,0.10659100229064518,,0.10647054426441473,0.10648460862175585,0.10646618776901111,0.10651338339983667,0.10633098624649942,0.10642231856345465,0.10670219955391934,,0.10662643617890306,0.10649215175278082,0.10623085294915298,,0.10659929489148012,0.10634298519190086,,0.10666425379434001,0.10648384826531007,0.10638504999124801,,0.10642680718371689,0.10623459718183802,,,0.1340394322820058,0.1331918138337687,0.1336598438779908,0.13335833349963364,0.1332507541053689,0.13360165997579443,,,0.13347327679313375,0.13361418606304176,,0.1335600337453085,0.13381663676923444,0.13372976898195346,0.1339516707572609,,0.13373277220406962,0.13358332494436947,0.13380973519968012,0.13376747710970815,,,0.13336670810185,,0.13402261235716503,0.13380955394607685,0.13362070368237478,0.13356353802136384,0.1335568887938912,0.1336634459924852,,0.13398717346685582,0.13409376468988152,0.1335670720016718,0.1337664916711969,0.1334551940339435,0.13392734020326547,0.13419103580933994,,,0.13345447795886717,0.1331641291540866,,,,0.13333041413053226,0.13353007057413094,,,0.13372456891376833,,0.13342626494025456,0.13327534308840153,,0.13343496956427828,,0.13359758435548866,,0.13379502737776883,,0.13385935400425084,,0.13398931164417768,0.1336317494750655,,,0.13353869520995268,,,,,,0.1337820964327482,,,,0.1335003943329847,,,0.13352897743714343,0.13356367405018835,0.13415674125259205,,0.13404160576944857,0.13372853953859196,0.13371562779119717,0.13369561475631897,0.1337052708906065,,,,,,0.13352273658216757,,,0.13341970644624257,,,0.13382046485439847,0.13408970377892404,0.13308040341932378,0.13352530986005595,,,0.13335236442408743,0.13370704034176215,0.13347088876000973,0.13329378697586086,0.1337561050629361,0.1336457943654323,,0.13354734199635868,,,,0.13333468168730417,,,0.13389181628489563,,,0.13385707486937806,0.13368774041818715,,,0.13341366702428809,,,,0.10219288162994043,,0.1018488853919023,0.10204627683813201,0.45006442724634405,0.5314604097758097,0.44716211437950704,0.44726348993302056,0.4466901966299614,,,,,0.5052819680601679,0.5048633652505463,0.5052002696965662,,,0.5044181039405179,0.5040661080445478,0.5047786324556296,0.504563064663973,0.5054520786630086,,0.504616177520295,0.5057858560929673,0.5047028073023221,0.503900665556068,0.5071887980051838,0.5059828703483521,,0.5038025973365691,,,0.5051043932127208,0.5056564789588793,,0.5063895211964954,0.5046378314579185,0.5054634249107096,,0.5055458421594743,0.505147230027774,,0.5065515026156514,,,0.5057893286074175,0.505358164564772,,0.5043131942391217,0.5046129796424303,,0.5050794742076826,0.504383851701964,0.5041039390397329,0.5055480733455332,0.5044129684911798,0.5051142232352134,0.507492906976081,0.50447331702768,0.5048743934135832,,0.5052138202584887,0.5061195410428763,0.5044389108920028,0.5034294326445693,0.5042702973791219,,0.504672620555771,,0.5055680301766116,,0.5058064787492692,,,,0.5056174714398357,0.506083853079138,,0.5059106492341119,0.5041501296436997,0.5049029926249968,,0.5057281239551996,0.5061473792940316,0.5039851143327393,0.5041202413499385,0.5051386309450087,0.5039754120521126,0.5064988088584665,,,,,0.5055019727079869,,,,,0.5050034142687694,,0.5042893581364521,,0.5040220646433958,,0.5061488552046286,,0.5047512791728256,0.5048358133298815,0.5060956808614969,0.505944228980933,0.503953221846608,,0.5058171780657948,0.5039884310962139,,0.5057034802458062,0.5050756014185039,,0.5056953950208067,,0.5051156614470186,0.5054742995153678,0.5049178639615198,,0.5061438898206566,0.503972496323678,,,0.5062589500067352,0.5043889126475324,,0.5050822712689811,0.5049350895158735,,,,,0.5049282102297127,,0.5065893620779446,,,0.5042189878537524,0.5040820479709646,,,,0.5047720722096873,0.5045738596057359,0.5048617348577417,0.5042110817844828,,0.5038785049391821,0.5052828597500262,,0.5046178511060593,,0.5057737273077509,0.5047768676524366,,,,0.504199299578835,0.5050634103989615,0.5043843494861527,,0.5059152363178657,0.5049488414222124,0.5047454333755452,0.507211506589398,0.5051099019475371,0.5049396563145515,,,0.5034089294089793,0.5032414950840384,0.3969984011781233,,0.3984204167764486,0.4501067774792978,,0.4495208904275162,0.5084758701897228,,0.5075147634945261,,,
7,5,DG_10pct,20,Z17_F10,17,3PH,175043,181977,True,5267.169436703686,5285.038824136418,5274.635363576442,5347.644409560295,5362.913082287527,5445.884779011931,7.991500099895517,74.8978500147489,75.81108702925363,57.01356575090323,57.02194111441845,28.25935893965586,9.387479023740461,41.35177833506062,38.746694113536066,5442.494223359101,7.225428102386776,2.720126955184797,14.431253942754095,19.077488618555556,0.6881682051181444,0.6858140614361887,,,,,0.6053763963973632,0.5026246574357102,,0.5033391053348272,0.5013871794034789,,,,,,0.5088496788094353,0.5087985293443257,,,0.502711518221481,0.5018157741636242,,0.5028725716103106,0.5020776758553381,,0.4982700204480709,0.4977100413703574,0.4992351480935997,,,0.5047634076582979,0.5048700629478573,0.5051310088092283,,,0.4364094492834435,,,0.4322150015633508,,,0.43222355563142256,0.4316027011863596,,,0.4337805344722979,,0.43199114377091713,,0.4323439686721497,,,,0.43267311194631486,0.43090067794637904,0.43333407961520515,0.42568476449597253,0.42782304252815145,0.4257823918502642,,0.41695849142396163,,0.4165213558909308,,0.4180576202108221,0.41670688720525156,,,,0.4158301656425558,,,0.4172532039676528,0.41549840887602313,,0.4162049399823327,,0.417637601549477,0.41669457953857486,,0.4155037781781752,0.41670659679288763,0.4177939849354337,0.41745910665230557,0.3812311136064025,,0.38232983009261556,,0.10078402803025178,,0.10052021871626875,,,0.10065029940555807,,,0.1017202185240849,0.10169957550738316,0.10187284940222491,0.10164820937027179,,0.10167976450882574,0.10153124458427613,,0.10175053674000681,0.10168983123735119,,,0.10175357250655628,0.10155258265428714,,0.10172219956158088,,0.10182433591152708,0.10177077226477908,0.1016863498901257,,,0.10158723101636878,,0.1018559609732138,0.10156840066689929,,0.10223174480506428,0.10171225032823836,0.1014417835568971,0.10157940523147388,0.10174405383690178,0.10170682105106073,,,0.10197605853530183,0.10167377578522242,0.10170145127601041,0.10169132183651147,0.10161948411347954,0.1014303379705584,0.10199565662198368,0.1021732863776916,,,0.10175527380767822,,,0.10158122378521602,0.10224476519769754,0.10199836245103527,0.10187379043667745,0.10172875858626608,0.10151221281106167,0.10188356969107215,0.10162966177467726,0.10172947703773509,0.10195285065197845,0.10157424361913026,0.10168776869077782,0.10185427113571366,,0.1015256343068068,0.10165809654736653,0.10154860875015291,,,0.10178355891027344,0.10174197057802244,0.10187653431740891,0.10165946534542628,0.10178763192520766,0.10161090228852701,,,0.10153159111510199,0.10166425503746329,,0.10187463600565558,,0.10146062633431109,0.10199120491899827,0.10172395144268377,0.10136546493172267,,,0.10156825932379622,0.10191403626864867,0.10163688659433558,0.10154360775059325,,0.10186321485265401,,,0.10206447413110316,,0.10176366216984979,0.10182295424915833,,,,,,,,0.10145807410966025,0.10178563474418219,,,0.10165858376556051,,0.10144197595391061,0.10179967696824711,0.10151533800623107,0.10158373623449632,0.10181406870806908,0.10137703320654094,0.10163165897028939,0.1016698630141585,,,0.1015100839103085,,,0.10149310158759708,0.10180603706405233,0.10176575410557248,,,,0.10166630722068407,0.10186502540393465,0.10154034971357827,0.10155657088465245,,,0.10150432649106612,,0.10169441579000521,0.09777643132713786,,,0.10151868938792949,,,0.1012212393341765,0.10118839547148413,0.1013448259172378,,0.10131539325720172,0.10161100816342623,,,,,0.10149574884560866,0.10172589474352783,,,0.1014910385306336,,,0.10161617135816965,0.10163194270427621,0.1019651274725496,0.10155649689136054,0.10190530390693617,,,,,,0.10174617077934081,,0.10157990005841058,,0.1014716156476487,,0.10149302013227521,,,0.10144896292696845,,0.10153580770408802,,,,,0.10155791739295758,,,0.10148121371067323,,0.10127750217862433,,0.10152772879041637,0.10137246546862268,0.10179389891484883,0.10146807529990667,0.10177626466824563,0.1016706591752941,,0.10187627186476882,0.10170123154375695,,0.10193087788236237,,,0.10192104957856038,,,0.10129055557977366,0.10151856228962945,0.10147694812715215,0.10146955623450152,0.10172125348257527,0.1012328210029151,0.1016229406431693,0.10146312529354069,0.10148036902538256,0.10157079570134982,,,,0.10168145491382896,,0.10149421235831498,0.10152821874568162,0.10110168101472247,,,,0.10136424391773599,0.10144474342765422,,0.10174988089580807,0.10151456734137053,,0.10200606528452562,0.10163604627267582,0.10158808259578311,0.10152404593564714,0.10135626148784219,0.10148518767559475,0.10143413929278416,0.10128045680179441,0.1011734760908219,,0.1017109303590554,0.10137882218548917,0.10133920890970198,0.1010179010427474,0.10112094059241485,,0.1016813681042222,,,0.10141518993348037,0.1012951342785667,,,0.1014294306626756,,,0.10128338265594457,,0.10141398491858784,0.10165679827129327,,,,,,0.10142658871405735,0.10153327339043974,0.10145660685130277,0.10141947492549991,0.10130576221561165,,0.10150905313952506,0.10149670644156869,0.10094364842548305,0.10157310594311225,0.10136184119299789,0.10144888675983546,0.10135056289766135,,,0.10138580682564306,,,0.10131192674007376,0.10152492064883947,,0.10118709115447512,,,,,,0.10144665036339358,0.10134413153854291,0.10128465650558799,0.10167412281163692,0.1017417459652857,,0.10190418982334369,0.1012281474168208,7.50929328689323e-05,7.513354796844358e-05,,7.502255624709549e-05,,0.0385163801046251,0.03865358187922685,0.038608168701442985,0.03860284635490273,,,7.360354728652603e-05,7.359306163844418e-05,,,,0.10185651742427726,,0.10108139906655428,0.10119680562722116,0.10112484002513344,0.09868074992266439,0.09889630346021593,,0.09606912029095359,,,,0.10202589084169683,0.10234842687994775,,0.10345557051368764,,0.10395133418877883,0.10419257585030164,0.10399500593573754,0.10474831943107053,0.10449632924838827,0.10463874835377475,0.10425212832823445,0.1042912097299788,0.1047195277033493,,0.10432708589443396,0.1054376058969318,0.10502923164987378,0.10474245797771764,,0.10406486806277669,0.10464034758191386,,,0.10463555598154635,0.10442039084548155,0.10426268169100186,,0.10429193604442237,0.1046100672840944,,0.1045102269905835,0.10432835518243452,,0.10449036131966574,,0.10625711841182729,,0.10642498098667987,0.10651774995314993,,0.10564570488212338,0.1068333995359655,,,0.10696260484072417,0.10642981494902232,,0.10698363924043013,0.10671284715018216,0.10683795738965755,0.10692597973655298,0.10668363188990153,,0.1064108844764764,,0.10625576040448541,,0.10646328809463004,0.10649060146223974,0.10631646461025797,0.1065118816141911,0.10644774224077386,,,,,0.10620937073917826,,0.10636919686332807,,0.10654157143388474,0.10694420391740353,0.10647574767270625,,,0.10668883073909678,0.10656945240417957,0.10642099696170272,0.10666539856367291,0.10633450925630515,,0.10662751675291049,0.10627365163811038,0.10616485240732029,0.10635154633537774,0.1065571544870357,,,0.10639423915201969,,0.10637949927487517,,0.10650077033311532,0.1066176180903797,0.10638249608788405,0.1066020583754852,,0.10712982501256245,,,,,0.10659351430418253,0.10634395027319353,0.10653241548430997,,,0.10676231261765096,,,0.10660219363170992,0.10648808369626611,,0.1336316944657929,0.13388635870522633,,0.13343074538193894,,,,0.13377732600196215,,,,0.13341066049261935,0.1335070500389772,,0.13336140365345353,,,0.13360194705054343,0.13357951813841787,0.1336127338568299,0.1335120935215343,0.13391804841042698,0.13376242606894898,0.1335403083408453,0.13370593934043903,,,,,,,,0.13403685255475722,0.13385335895331055,0.13384578130222907,0.13350033191437297,,,0.13387263727296844,0.13371203668666173,0.13354387160172773,0.1340262814457449,0.13311172559171253,0.133256459540357,,,0.13339533377271867,0.133279587783016,0.133618803005285,0.13379106226951656,0.1331122733990929,,0.1337236647769362,0.13356914033687986,0.13342818471580678,0.13359419634568953,0.13350094546702537,0.13387197294417286,,,0.13362642339066141,,0.1331772297015135,0.133709442732018,0.13373959843126398,0.13167893056309113,0.13349700785450275,0.13347946960498328,,,0.1334409049978641,,,0.13335612403850167,0.13360149953555386,,0.13394843468414122,,,0.13356284864175408,0.13385523143451572,0.13364622483730523,0.13343340781704688,0.13410309967644987,,0.13406332729851747,0.13362792192087836,0.13361167555737705,,,0.13390986129075128,0.13388504380670624,,,0.13392116307237473,0.1338803375901042,0.13382255394037793,0.134193370503752,0.13376087636100156,0.1336785036719565,0.1333715139544645,,0.13411968111151848,0.13410398062671455,,,0.13391194976632764,,,,,,0.13315513511102145,0.1336192952617845,,,,,0.13351313586158253,,0.1334381999040975,0.13340203190276015,0.1331607408382142,0.13382867055355743,0.13345980225490475,,,0.13347613201235498,,0.10211442073449699,0.10195547338388146,,,0.10218219555167637,0.4497734270248174,0.5300306449405744,,,0.44655773497645646,,0.5047437225729348,0.5053031875146052,0.5061614843053285,0.5043516656316833,,,,0.5054251031980641,,0.5046471124823375,0.5044594890361752,0.5051373875477224,,0.5042832106310673,,0.5059649961995073,0.5054707115278346,0.5058725784368654,,0.5042585802025753,,0.5044612273670771,,0.5032871210754157,0.5061378686992556,,0.5053793727124921,,0.5047167299207439,,0.5057019075379655,0.5056242576105351,0.5044942376167102,0.5034949005640658,0.504613996274733,0.5051689843338306,0.5048696060357292,,,,,0.5051150182446081,0.5048017774143257,0.504895028119877,,,,0.5056749374419304,,0.50586955943876,0.5053186317357478,,0.5035289449262762,0.503840763027836,0.504892132865118,,0.5044755680937806,0.5059417103346787,0.5056252410660049,,,,,0.5042119222465646,0.5061516082928996,0.5046592696608189,0.5046004489135429,0.5052514140025106,0.5049791914790713,,0.5070268871548693,,,0.5055255302552392,0.5044199198485991,0.5055463473705456,,,0.5043394371710856,0.5036894642993052,,,,,0.5055001006394753,0.5036441025638514,0.5052489763340283,0.5051720046516365,0.5034774423372914,0.5038296625235648,0.5059595785202976,0.5046491436877821,0.5059233417871939,0.5043573067999011,0.5059680279735436,0.5049546557591935,,0.5057526274061963,,,0.505979890606094,0.5053563571817989,0.5038439047191422,0.5049523968282068,0.5057386158515941,0.5040795451068233,0.5033242812740525,0.5044826432790928,,0.5051524074999806,,,0.5033378916714922,0.5064006705896867,,0.5038666719219809,0.5058858818461647,0.5045393315982796,0.5044396698649741,0.5056285351652706,0.50381792970492,0.5058723678670912,0.5055767470138456,0.5057546853296929,,0.5061005715591949,,0.5061226796441072,0.5063003840070122,0.5047037457022668,0.5043098892427429,,0.5052661949583105,,0.5056743402501129,0.5058802869638831,0.5057446619307092,0.5051154834591015,0.5048417324281932,,0.5056085006628738,,0.5046473574394787,0.5048881209972406,0.5053056575737594,0.5038413272108627,0.5048801974256376,0.5041597731812503,,0.5049582565244869,,,,0.5060483576620398,0.5052635555640043,0.5051766871214801,0.5052506230630742,,0.5059030367117522,0.5056696986715856,,0.5063705009667661,0.5045181966480514,,,,0.5063367805574173,,0.3972602029231435,,,0.44860362588795055,0.44840407524567827,0.44853833970873275,0.5076433467411476,0.5061344671643973,0.5063647124654738,,0.5067878642829123,
7,5,DG_10pct,20,Z17_F11,17,3PH,175036,181973,True,5209.88168314828,5213.251249062315,5236.198823551472,5289.4365066390965,5302.27392202327,5395.260915333791,8.734977701787988,82.08937277360269,82.65203665962504,62.49163345983614,62.76657547110433,31.0448213102005,10.278563654244888,41.593636614001205,38.98486234951334,5408.843676743688,7.940743059005915,2.992149895249189,15.725863001213398,20.671977226722074,,0.6902871173022763,,0.6933175120926712,0.6924792630324103,,0.6102927409959932,0.5082626989380655,0.507991451948743,0.5075095924718033,,0.513691200637498,0.5137536616331229,,0.5141728204887364,,,,0.5129346404887728,0.5130010422939022,,,,0.5084358574033704,,,0.5027740434328575,0.5032860395286385,0.5035491465235333,,0.5103675087464362,0.5093083933685723,,,0.5106233224165089,0.46973226693553255,,,,0.43634598234767324,,,0.4386764277178969,0.4387363488919453,,,,,0.43705908084897255,0.4375756510475537,0.4383998743984145,0.4379947281665618,0.4379790656845456,0.43841563119505716,,0.437511699332854,0.43785802045966377,0.4316825889328664,,0.4334397252909766,0.43093154598600786,0.42359875585321327,,0.4233129093440095,0.4224035358622872,,0.42333019648413944,0.42253681507149693,,,,,0.4234031525013701,,0.42284212624235695,,,0.4237866634786334,0.42321580378904017,0.4222411472688484,,0.42326798504250135,0.4236810315617128,,,0.38851554939191746,,0.38763040651765474,,,,,0.11050400881033969,0.11038348146582987,,,,,0.11156810377662583,,,0.11168034570560367,,,0.11152821724886665,0.11148496783953583,0.11127833573776343,,0.1115611286510026,,,0.11124570050579824,,0.11139978775307645,0.11151191956349496,0.11121576707950322,0.11138356979242377,,,0.11135241185247662,0.11112177393244942,,0.11146497372688424,0.11126844911311226,,0.11134338318577583,0.1114244544308777,,,0.11134506217249315,0.11111851083942802,,,0.11137103448538045,,0.1114631585129783,0.11148308218184251,0.11113167621414617,0.11139517289732197,,0.11150002510397022,0.11143771179568526,,,,0.11147195511626545,0.11128556365819922,0.11187308721974387,0.11185164855623511,,,0.11129498281271108,0.11165759004796433,0.11184653739333426,,0.11146324372863671,0.11158607686056474,0.11147683570189341,0.11132389821611251,0.11119622702273635,0.1114666565830831,0.11116153430050091,0.11126510890319051,0.11126608645513242,0.11113548327259312,0.11151944986673609,,0.11154599133331701,0.11124316087375745,0.11115795396005072,,0.11121857936067689,0.1114105700478581,0.11116059533838865,0.11133024947551162,,,,0.1113969479773052,0.11112948782498358,,0.1114521341095507,0.11125046634703074,,0.11110321111158944,0.11133890221786487,,0.11122250057132581,0.11134957447374763,0.11140410363376445,,0.11135753230762681,,,0.11136894408776271,0.11128370843353516,,0.11172037428078926,0.11135887937543658,,0.11142878918050525,0.11156778692150517,0.11158156811755658,0.11135750490063792,0.11132238527688947,,0.11143118420393852,0.11156152431831459,0.11153415430088058,0.11133072130878235,0.11155272860309029,0.11158128827068457,0.11135700630301262,0.1113419948142791,0.11141163121672575,0.11123897652872987,0.11151806665406729,0.11144786269686617,,0.11127976452794855,,,,0.11149029157648986,,,,,,,0.11123684060976008,0.11170292681915114,0.11141633188229029,0.1114903321039239,0.11134076542157315,,0.10752598629011009,0.10773119998120334,0.10791717981170207,,0.1109682663849241,0.11083532746592258,,,,,0.11049490451393433,,0.11135388265301456,,0.11132827632097213,,0.11124771932943556,,,0.11130882046874237,0.11162680662703943,0.11141876764079328,,0.1115675591096505,,,,,0.11129630396096753,0.1112250894831535,,0.11118202204073296,0.11130452263484025,,,0.11126559610409635,0.11132852219542308,0.1113831716808325,,0.11140372600283217,0.11114045534420447,,,0.1116833124766696,0.11143251538447839,,,,0.11125536192358669,0.11125437239502013,,0.1113930001899274,0.1113625633079286,0.11139254723557745,0.11145937217425475,0.11145465082713193,0.11108689758056342,0.1113054609496081,0.11121446730423921,,0.11127010601949675,0.11107489683944914,,,,0.11168773288508839,0.11111279125268972,0.11162844904304724,,0.11135780666842399,0.11132494607063574,,0.11141185030752272,0.11120251283014403,,0.11144241711353338,,0.11157532743677766,,,0.1110115882903441,,,0.11122679379976272,,,0.11118164795023822,,0.1115456972167571,0.11126264297938751,,0.11125957735209378,0.11122355755774041,0.11146001920563436,0.11111712475645773,0.11116077574850478,,,,,,,,0.11121235039421051,0.11123638096981268,,0.11138430658317267,0.11125543114851642,,,0.11115353186878706,,0.1110507634222621,0.11144522009805384,,,,,,0.11110431468612932,0.1113947094508209,0.1111688777726386,,0.11127789319346588,,,,0.11100338796654374,0.11117012592252691,0.110963019549121,0.11130948537378994,0.11103878621178755,0.11108538081515346,,0.11141050056320834,0.11137449443210112,,,,,0.11111030201252202,,,0.11110815239487841,,0.11126183777849942,0.11095880466710206,,,,0.11121102019865105,0.11138909424153506,0.11105312544306603,,,0.11086099071042362,,,,,,0.1113197748644403,,0.11146321747754735,,,,,0.1114146985782201,0.01061938501820665,0.010608541894532903,0.010613761386902388,,,0.04883657057528761,0.04902537278278767,0.04869450424352827,0.04882124201516169,,7.279513816772989e-05,,7.275055533522184e-05,,7.292877815524771e-05,,0.11151907563925585,0.11135968850936297,,0.11084378660347094,,,0.1081655465690044,,0.1051672923707877,,0.10511757047135367,,0.11184100418097098,0.11158140375804709,0.11336632032930133,0.11343876654501751,0.1136338098623944,0.11403697450784986,0.11407735664471004,0.11366819190959991,,0.11462966753203983,0.11432622186389062,0.11448233517253904,,0.11448361829613934,0.11451644463134313,,0.11543935861248972,,,0.11446214475327196,0.11453549360111376,0.11426278989958465,0.11428492308690394,,,,0.11418008913655386,0.11436816795335922,,0.11471974014668823,0.11469433314232005,,0.11479180392829207,0.11447463409021352,,,,0.11664661846897842,,0.11653970776228526,,0.11586930104520478,0.11713469559516314,,,,,0.11693137022393543,0.11721851936513365,0.11710240924364272,0.11688732540500803,,,0.11716366376567548,,0.11634433684975633,,,,0.11650208774473846,,0.1165569152585886,,,0.11681972086753772,,0.11627811270416803,0.11640155923592146,,0.11696821770037422,0.11672862425950994,,0.11672771407344545,0.11664898337713492,0.11674176829060381,,,,,,0.11677697505804599,0.11681022327071504,,0.11653223088139618,,0.11668551133282516,0.11661901825029959,0.11650115233238871,,,0.11683544212892877,,0.11655094863091804,0.11699894167133143,0.11703755503395226,0.11715787687614522,0.11656083262741408,0.11699757386630438,0.11663897292823071,,,0.11659750296769726,,,0.11667921369628417,0.11685222886183293,,,0.11660582538461348,0.1168557739995517,0.11668358093796581,0.11648610283898633,0.11655920679951434,0.11625368426362023,0.1426266741811772,,,,0.14258251536401204,0.1425867677825432,0.1428572927859066,0.14277318190847255,0.14289641481179258,,,0.14258870439848217,0.1428471021134457,,0.14275949211935104,,,0.1428491034821156,0.14261739517244396,0.14363140899845805,0.14290639254366763,0.14258240139161338,0.14256075805170074,0.14295448022069848,0.14301484507507278,,,0.14293367209671473,0.1427181840089845,0.14281418051721656,,0.14284345680067628,0.143098118724963,,0.14299017089179888,,,0.14317465009555924,0.14302575721408922,,,0.14228641757085572,0.14258148284372488,,,0.1423623036719204,,,0.14248569901143077,0.14239840818897084,,0.14246147806894138,,,0.14237104570780976,0.14219747804983365,0.1427232412548932,0.14275484830008459,,0.14315309413580324,,,0.1426450391040791,,,0.14055804814923947,0.14208372891541096,,0.14262823538848993,,0.14271554462889655,0.1425511809558253,0.1425177964007213,,0.1423314530005333,0.14302242738724422,,0.14307439977395298,0.1430950852785875,0.14239631769520913,0.14311714574290918,,,0.1429034655032774,0.14294976526166708,0.14278207972921522,0.14316711477254646,0.14249463883174168,0.14306754878321593,0.14276990486695434,,0.1428483222038189,,0.14251222026084645,0.14321624855175444,,,,0.14284182773637047,0.1425016607184088,0.14290112864753457,,,,0.14335043668478178,,0.14295475719656225,,0.14272041574573047,,0.14285658156951328,0.14295333748713052,,0.14224300233717926,0.1424738457593654,0.14229855432514296,0.14288661776087888,0.1422501025380767,0.14273439502763308,0.14196978060286664,0.1425883900028056,0.14255659466223736,0.14305665960945982,0.1426529039253734,,0.14281415948416532,0.14264043019535502,,0.11176082233277068,,0.1120064558586464,0.11147108719365591,0.1116245666411522,0.11158731919973294,,,0.45342813063600945,0.45287936645652654,0.4534448511875922,,0.5095493545950697,0.5100909313775994,0.5105886914874348,,,0.509757687160382,0.5101974707188586,0.5108235378721105,0.5088048843498185,0.5090883506037421,,,0.508561086238588,,,,0.5099644442723474,0.509521350538241,,0.5107297784479997,0.5109176847829081,,,,0.510582389397968,,0.5110985071136265,0.5089018268353623,0.5097196805907468,0.5091337446295298,,0.5100508347608267,,0.5092084694587111,0.5108536026129247,,,,,0.5115228925481307,,,0.5104326824265688,0.5107243039715085,,0.5098256553330571,,,0.5091925353615445,,0.5094851481686561,,,0.5091609382885373,0.5099005647946148,,,0.5107535815949246,,,0.5114553148393033,0.5097597678244103,0.5092332610339318,0.5105507824459788,0.5096343624361048,0.5094405192497379,,,,0.5105797280466066,0.5102154374445775,,0.5101091088801148,0.5097428450147274,,,,0.5094274184948467,0.5094407267879393,0.5096573173817519,0.5109836841266849,0.5106951836623401,0.5119623046724553,,,0.5096487439951414,0.5096470563600989,0.5088833579814482,0.5115004250287051,0.5096817689567251,0.510119288997229,,0.5093139173129664,0.511317144601725,0.5096512192533112,0.5099844322881759,0.5106940942389111,0.5100513584101791,0.5089955731808414,0.5092919185693083,,0.5098359718175829,0.5106403529991201,0.5100217989037905,0.510984924030547,,0.5109987224028049,,0.5111497139579851,,,,0.5095013277586937,,,,0.5107955133147456,0.5106280374755121,,,,0.5099527270241502,,0.5114354882178038,0.5130476912167239,0.509265074063583,0.5103448117699417,,0.5120179521405621,0.5108983908254747,,,,0.5098943927416633,0.5095158748376901,,0.5107273806381074,,0.5114749552052437,,,0.509506502787389,0.5103989370445228,,,0.509983680709056,0.509874052398749,,0.5104229364845104,0.5097034034747489,,0.5085494881599302,0.5085051486527064,,,,,0.5100608614800084,0.5101137686924944,,,0.5103800202096839,0.5099594364900244,0.5097922962661392,0.5093048720117141,0.5099161532969261,,0.5108465755958407,0.40364465239780445,0.40372517765499544,,0.45582152560473993,0.45532021408877926,0.4561184894871432,0.512373455208254,0.5112133257786204,0.5119591171350937,0.5120775489550023,0.513117800363487,0.5144109040495036
7,5,DG_10pct,20,Z17_F12,17,3PH,175036,181973,True,5214.438786699363,5196.086648121204,5190.723996996752,5307.653292809581,5295.52749315667,5402.729974770267,8.773435181172346,82.1228053755359,82.30775229414758,62.39580285764164,62.61819702955474,30.98651008913391,10.248293153106717,41.285213098640526,38.94416850853871,5398.444678251435,7.914357247538692,2.988122757942435,15.875072982692542,20.711849293615174,,0.6925746909035049,,0.6951806876005677,,,0.6095749187213141,0.5073160451538994,0.5078764742514431,,0.5069796432295636,0.5126034888548633,0.5136914194007215,0.512442387245551,0.5129892543732639,,0.5120814491540777,,,0.5126208425700675,0.5080027948720247,0.5079464239263444,0.5081690763769541,0.5093140603614679,0.5090621062774727,0.5081373547718578,,,,0.5113855016838595,,0.5090318044933019,0.5088318819780588,,0.5106453572033102,0.46939372258481266,,,0.4443852192832928,0.4359337903540236,0.4376900208484268,0.43742408379428216,,,0.4376055436016083,0.4395393319871079,,0.4383225628897782,0.43830158227524435,0.4391112142605399,0.43788811019549984,,,0.43917155404440866,0.4383754282735013,0.4383480909438714,0.43711797835082994,0.4323079127494463,0.4317573024818976,0.4318227799770787,0.4318353811621312,0.4236981473873096,0.42371971715781725,,,0.4236978974236635,,0.42318118949804473,0.4233337426733228,,,0.42424962761973517,,,0.42355630665754296,0.42309498754416175,0.42315571692729614,0.42291394740149846,,0.42413717032126097,,0.4229015015276008,0.42190362630339223,,,,0.38681360889570676,0.3888032765456543,0.1106967121023255,,0.11029457539702808,0.11013418024602506,,0.11004987114905651,0.11012837444651079,,0.11163377662252398,,,0.11165458955739371,,0.11136714791802552,0.1119386560556177,,0.1116239711703573,0.11160933951440283,0.11130461665608297,0.11152991526968331,0.1114205504024622,0.11171295323221585,,,0.11165770163687655,0.111566450558775,,0.11126002576184205,0.11093508508937285,0.11170534223026363,0.11162115658874647,0.11128498402228286,0.1112390730170277,0.11142685603009007,,0.11140264815365677,,,0.11165089351888405,0.11136854802965866,0.11162186716558337,0.1114041916529579,,0.11140501491455021,0.11122279331197754,,0.11146438793958326,0.11113278482867558,0.11122045853503369,0.11124588500660464,,0.11149607683506466,0.11155916477449868,,,,,0.11106271910225894,0.11148161865567557,0.11169610082532547,0.11159121431470523,0.1118136222617154,,0.11142917101627978,0.11152517012714323,0.11163076057740778,,0.11145987876573511,0.11163016794591432,0.11171827909596665,0.11172379538639723,0.11160944154334994,0.11123190034532095,0.11174815912892397,0.11103723443433697,0.11142809363379291,,0.11131758546602565,,,,,0.11171752225793058,0.11157591378208484,,0.11147904251996921,0.11141130043119325,0.1113851999703938,0.11153972966137783,,0.11162231107022014,0.11159934951957351,0.11141895669029082,,0.11140090859907607,,,,,,,0.11154561916858231,0.11152140956254943,,,0.11154507207155696,0.11166314851146993,,0.11164194336811158,,0.111315066848504,,0.11168188020047062,,0.1114110569653717,0.11141694309593746,0.11131014770223534,0.11149807587201029,0.11133795465240984,,0.11138737864546125,,0.11151312470875331,0.11140737869740981,0.11152213538427892,0.11106877660696139,0.11133235371092479,0.11147271384543614,0.11160450083029501,,,,0.11149455474150761,0.11170957975819801,0.11141016814659895,,,,0.11138631157378394,,0.11148371355587895,0.11129201329767476,,,,,,,0.1075025631866472,,0.10733608825562929,,0.11109852002834028,0.11070130679387928,0.1107064730642945,0.11055494337071986,0.11080729079917565,0.11072012921303917,0.11097021756568444,0.1115245477227941,,0.11149267323383066,0.11129249546826867,0.11112279114736438,,0.111656379562938,,,,0.11159129665220763,,0.11127730167424812,0.11147631112712221,0.11129028179249538,,0.11110715059596571,0.11118217024605134,0.11098313033312024,,0.11143926182405124,0.11110517971396369,0.11118779706494666,,,0.11118418938453233,,0.1111922170413697,,,0.11125033605664736,,0.11127302493184583,,0.11130046811282956,0.11122378969752025,,0.11133211205629505,,,,0.11159560749242824,0.11150121811357275,,0.11142150135856739,,0.11131507881845373,,,,,0.11166202232198658,0.11137441002772365,0.11143532471817132,0.11133708342016078,0.11119136183921073,,0.11142717580574014,,,,,,0.11131922362308969,0.11115027002538215,0.11145027887317852,0.11131105299740476,0.11116965856277497,,0.1113415659049822,,,0.11126678798497938,,0.11142999287172511,0.11119522875539169,0.11126949715733583,0.11167771190541007,0.11149439949157271,0.11101308811382525,0.11136135031433021,0.11133197570129348,0.11139429255942884,0.1113070289705467,0.11109348712426231,0.1110010432278943,0.11131772986402705,0.11111845034327454,,0.11101042262665961,0.11138571757869395,0.11102890652084556,0.11083021218879106,,0.110940374258997,,0.11113264841894378,0.11092745191908698,,0.11131310555850724,0.11091576733433926,0.11124670728969675,0.1113304260014325,0.11087161064200848,0.11109414031974169,0.11118233757018123,,0.11090920522842795,,0.11134086027877373,0.11154706180872294,0.11132213613367634,0.1107847376221498,,,,0.11111864428595351,,0.11096847945365529,0.1111337803290895,0.1113218402775617,,0.11115162991018582,0.11112276666759689,0.11119647160433721,0.11103194520537038,,,0.11126349420885186,0.1109435114205701,,0.11114556246736415,,,,0.1110318021685046,,,0.11113720780815899,0.11108527042273461,0.11087175771427624,,0.11112646915557771,0.11137743665010691,0.11091716069251399,0.11141700329646408,0.11129048455501507,0.11107293789387512,,,,0.11104047522780333,,,0.11134753671015438,0.11124217987593517,0.11102094754743348,0.11119046150296474,0.010584928678219079,0.010657443389289692,,0.010613350483681627,,,0.04886764250754509,0.04888387194656799,0.048826442910527595,,7.289157531846098e-05,7.284176944132167e-05,7.303008453152787e-05,7.294640122185345e-05,7.286046787367362e-05,,,0.11116544243419853,,0.11052814747776911,0.11049952832495015,0.10787478314967254,,0.1077776577298681,,0.10502353307927922,,,,0.11192456334218127,,0.11337416375008955,,,,,0.11441097569255422,0.11451546776278503,,0.11423640721800611,0.11451516204570653,,0.11449813773458667,,0.11528749757921922,0.11546744670979568,,,0.11473120556149304,0.11432157468285711,0.11418245459962707,0.11408464281161797,0.11441399039777088,,,0.11431511462829629,0.11427692259995752,0.11409378926041835,,,,0.11458543319552991,0.11466706581810786,0.1147668133973232,0.11653033107704189,,,,0.11687573132586246,0.11581169673047065,0.11740590303002428,,0.1170952727843291,,0.11692645354847492,0.11698808074385247,0.11723343699179513,0.11682231031101363,,,0.11700466570273368,,,0.11655431298708649,0.11670548685657837,0.11683983494303667,0.11635487493199755,,0.11663479016651725,,,,0.1165251347608288,,0.11677846397812576,0.11632634598821598,,,,0.1163724026862896,,,,0.1163305665315007,0.11701096858418221,0.11660548216722248,,,0.11649657166047439,0.11634339949932908,0.11635172488997093,0.11660714605370172,,0.1166442936937921,0.11644239611962609,,0.1167146195049215,,0.11657290660321419,0.11650052603047625,0.11692330046017514,0.11660579547976727,,,0.11633164471846397,0.11660962809375489,0.11708528435311016,0.11675823716162524,,0.11675770808398198,,0.11696299894475132,,,,0.11696022679106771,0.11647036136510706,0.11660701465202221,,0.11668181820759282,0.11671474622860319,0.1167494819236252,0.14263661678584974,,0.1424728406777995,0.14271863749702407,0.14260085424385982,0.142425820984599,0.1426443660988828,0.142448924917515,0.14228939802172855,0.14327711269647805,0.14234065742255889,,,0.14299086179386164,0.14306809697453424,0.14344600984649655,0.14295188129005915,0.14278580778605388,0.14301864922726154,0.14326001997241208,,0.14274754652976557,,0.1426885400802672,0.14279988226514123,0.1427945145673803,0.1429265393563118,0.14263973606346023,0.14263162644018118,,0.14267318157949554,,,,0.1432489983261137,0.14266677845845394,0.14236022938279877,0.14267934415614686,,0.14282346898310758,0.14258108629463018,0.1424375093596228,0.14231683163800957,0.14262502855617992,0.14278248378588265,,0.1422512707568999,,,,,,,0.14268299899705755,,,,0.14244075786178842,,0.14245328761146483,0.14277995534369656,,,0.1425579666454162,0.14287421531003208,0.14086370157794478,0.14222485161175033,0.1421080119142647,0.14255703094740055,,0.14274704325920948,0.1425384378475565,0.1425733856100032,,,,,0.14272793956722257,0.14241228909521228,0.1425801645617656,0.142474803769098,0.1423342668216667,0.14241145480976392,,0.14276344956294235,0.14290270674517258,0.14295110103090367,0.14309969246215265,0.14286192682876286,0.14290631825409286,0.14241289700715407,0.14298136863830838,,0.142717670866835,0.14258025329968932,0.1425024311738077,,,0.14288535173918582,,0.14245441627166353,0.1429682873724374,0.1427999500892169,,0.14275264540569302,0.14280109149245335,0.14251229962813902,0.1428037751810877,,0.14301740210756786,,0.14283851178467302,0.14255482279376283,0.14238503697689797,0.14244739170610304,0.14252869653486697,,,0.14219818082168265,0.1427768379697791,0.14273394087335176,0.14267368440973704,,,0.14256354757729114,,0.1423548763614152,0.1428870474177647,,0.11159949307406364,0.1113813984769718,0.1114637163727071,0.11144887030794119,,0.45617151118727256,0.5354891172784692,,0.4536079308099569,0.45350695000282354,0.11600288256831214,,,,0.510687367536308,0.5097745390644196,,0.5099342627944574,0.5091401381749507,,,0.5107792475615313,0.5108877785647474,0.510789483504186,,,0.509066296069868,,,0.5105842843784776,,0.5103012567877964,0.5113644610427974,,,0.508991731811789,0.5099759941911914,,0.510836632482644,0.5080204128499282,0.5110127036667678,,0.5105216376399799,0.5103665154117746,0.5103961784990864,0.5104334481887015,0.5083685236758565,,0.5089951760828355,,0.5091728828967109,0.5098678845244521,0.5120601987272433,0.5092299993240337,0.5098690768440344,0.509822411961215,0.510080928450861,0.5099589079514675,0.5111654882960284,0.5100418684548502,0.5100919203797734,,0.5098175099113555,0.5087597773944956,0.5106301911627126,0.5115072696547814,0.5093865045592181,0.5108959659557883,,,,0.508792810099239,,,,0.5104833887398775,0.5105505607378076,0.5104899494084154,,0.5104366516928224,0.5098479153313674,0.5108976447412314,0.5098229946250383,0.5100934717556401,0.5116743550025344,,,0.5108362648693097,0.5104445610058643,0.5107105034639599,0.5094553189004525,0.5109293857175874,,0.5100136865046765,0.5103025027342388,0.5110234571097656,0.5109641231209824,,0.5101666330404091,0.5110737553413325,,0.5109764935277932,0.5096607590993195,0.5110202461775278,,0.5082899065677308,0.5102472937405469,0.5111821173506795,0.5095687080050484,0.5101225985204251,,0.5097398846914348,0.5103106042703934,0.5120392301200398,0.5091012946915919,0.5086300627967036,0.5103206497734445,0.5107043077067389,,0.5099649875748519,0.508264108770728,,0.5098707337455203,,,0.5099161136241233,0.5111269459892076,,,0.5100838712667441,0.5116213800645071,0.5085514159184026,0.5095950204927585,,0.510630633665821,,,,0.5102807994804107,,0.5090699614354709,0.5109857565901453,,0.5083887271404948,0.5102145382012969,,0.5090459542209188,0.5114724561973194,0.5108114784352945,0.5099535999307073,,,,0.5108292896899737,0.5087122766065261,0.5100565849135622,0.5109512485169647,,0.5083505839994463,,0.5103741141218642,0.5106032885160142,,,0.5105347232692976,,0.5111728050814914,0.5101793578460323,,0.5105445879749496,0.5097793159134251,0.5096733810215577,0.5102988056470268,,,0.5123897480093725,0.5099324100416264,,,0.4039494486468833,,0.4033683904409843,,0.4561510657964306,0.45585419874771005,,,0.5126185315448194,,0.5131089953716509,
7,5,DG_10pct,20,Z18_F01,18,SLG_A,174956,181890,True,3357.330364875174,3358.0524544895716,3386.1638119120375,3489.595721517458,3491.540646151795,156.93892680081953,177.18180728609335,1016.9650344921291,1038.0290060709992,731.8349412705148,727.3677672928148,351.68135935926125,112.47333350652781,91.8410728284976,88.82358418684727,157.37857513545592,4575.204842714783,26.17416972432143,346.77515555248306,307.15659003305194,,0.7781053666454455,,0.7801499415647236,,,,0.6700987036364234,0.6704193018228077,0.6698187629657459,,0.6336535485936321,0.6330006226819432,0.6342278632142867,0.856452310635509,0.8566114009302614,0.856934207624277,,0.9460637803725053,,,0.6700689648406739,0.6721667337177711,,0.6692913930202659,0.6694887762365975,0.6638616001595401,0.6644081983453988,,,0.672028810294778,0.6726621964967983,0.6715073916238716,0.673001933626754,,,0.6467322170052201,0.6450270840983051,0.6450159722010809,,,0.6502659235768627,,,0.6511268929014652,0.6513208790840863,,0.6509499717253403,0.649929419639935,0.650774340201231,0.6505168502616189,,,0.6511807736486437,0.6525270111953946,,,0.5670866016442835,,0.8603978625050781,0.9337334386716301,,0.5577788653536316,0.5595183403187254,0.5577616472196455,,,,,0.5596544409305558,,,0.5601201555173562,,0.559039199796636,,,,,,,0.5596032981504319,0.5606574371386367,0.5596685033169028,0.5607989686457097,0.617315762061452,0.6183230473951916,,0.978790512132869,0.5487734570385089,,,0.552466834687813,,0.5532972906557586,0.009858494501827273,,0.009860301257473121,0.00984671899545475,0.009887585408527324,,0.009877368482066197,0.009879553762591382,,0.009854393075265802,0.00990092319206996,0.009860468821504395,0.009881969837541906,0.009878831791402408,0.009859615380689645,,0.009873319714787282,,,0.00983405508889434,,0.009876946548637133,,0.009881004433626548,0.009868998429784753,0.009836650499758681,,0.009859103261580529,0.009890726348801808,,,0.00983831713394551,,0.00986996543929187,,,,0.00984682688755577,,0.009852029399036602,0.009859025646637072,0.00985785475845502,,,,0.964629525844612,,0.9632524714676068,,,0.9655537966663378,,0.9670757929834319,,0.966774857964315,0.9642315714675024,,0.9657741181427001,0.9644075874382907,0.9662461946774059,0.9686570691046772,0.9639818645965694,0.9649003549783497,,0.966593064999672,0.9647527348816466,0.9643271634585937,,,0.9652852111381787,,0.9653498060482341,,0.9640385834154951,0.965803505851063,0.9645433800139275,,,0.963906597725736,,,0.9652746041786905,0.9628926332939318,0.9658359980749114,0.9665479252037332,,,0.9652351451276591,0.9824596118297276,,0.98004420039602,0.9823761933047211,0.977466786610685,0.9822766328264301,,,0.9798459923848856,0.9822900775038028,,,,0.9812713847416286,,0.9797294469230576,0.9810804594639504,0.9810516138370076,,0.9832866248133945,0.9818940573574384,0.9830789463942,0.9786890266272105,,,,,0.9819427272246101,,0.9815065702592878,,0.9800598583117475,0.982459852176611,,,0.9841534275887864,,0.9827350572650211,0.9832956911810795,0.984665363892618,0.9813900384502902,0.9784889916182492,,0.9816707224399495,0.9817608625395564,0.9802614445217462,,,,0.978448140404348,0.9811449276148358,0.9819539895598478,0.9786726896637542,,0.5839384747034122,,0.30740163890110034,,0.5895747231405452,,0.587588009789909,0.5885057362535436,,0.5885129794443548,0.33801177031914376,0.33810688047163134,,0.3389327175346946,,0.3380917803948884,0.33823776210593887,0.33705797095334245,0.337406013759107,,0.3373160730519958,0.3375338451624312,,0.33856236299646164,0.3383614710342011,,0.33798110825049993,0.3374936984499477,,0.3372722142614796,,,,,0.3380004494990872,0.33764571049036196,0.33723687995020607,0.33608354604888735,0.3365901763656967,0.33750900953279445,0.33733399881257004,0.3389604817657332,,0.3379043525639832,,0.3366701707551539,0.3370775303934439,,0.3376575399061795,0.3387666577307194,0.3166558304064275,,,0.31570007499246444,0.3149740400592068,0.31524466817622643,,,,0.316812809704015,0.31632852767526154,,,,0.3157118436600822,0.3163933547625677,,0.31656004012324757,0.3164115798078572,,0.3166271312388992,,0.31683337617246304,0.3157805159192454,0.3163363854855767,0.3156180245322372,0.3159643266704048,0.3149698228851686,,0.3161241895787988,0.31583113264062296,0.3158129132189017,0.9281752668119009,0.9288283166438093,,0.92573239563895,0.9259146238419108,0.9268770953110103,0.9267641462341634,,0.9295499482031989,,0.926644745021675,0.9270749669138616,,,,0.9262467044230684,,0.9245256878719694,0.9280030090954827,0.9266939234896333,0.927983538257095,0.9252941141789044,0.9251804477194402,,,,0.9240295542858549,0.9266150844802815,0.9274243623989581,,,0.9271516538540161,0.9243024706883772,0.9238151794697529,0.9244738845712843,0.9273499481689615,0.9281810126020693,0.9278010503733113,,0.9267300917772412,0.9249320610913223,0.9273977280197608,0.9244371793743901,0.9277412873305255,0.926126244588829,0.9278530330873435,0.9275053730963781,,,,0.9267451283319044,0.9279949479466533,0.9275968679740271,,0.9287979287417548,0.9260899200224021,,0.9286177834624797,,,0.9283068577274979,0.9283622561854183,0.9261211498251801,,0.9286270261148943,,0.9274346809549985,0.9286602336284645,0.9280493020834484,,0.9246885242850419,0.9263404930695444,0.929007569129794,0.9290649225420817,0.9253247214881339,,,0.9282912021814825,,,0.9275443430543348,,0.9303766613015986,0.9304668851070698,,0.9304494553056329,,,,,0.35043093627404814,,,,0.35073793618085375,,0.6120947969761019,0.6101193872849472,0.6122687258272426,0.6095714826254659,,0.25801621907361777,,,0.5879090905168167,,0.5847613059142961,0.5699266127079691,0.5734726823996966,0.5711698978709996,,,,0.29879993357105067,,0.9173699500330269,0.32158393081997844,,0.9227316308739479,,0.9403746775093074,0.9252771930424946,0.9450996077803779,,0.9425507160980579,0.9447383357629044,,0.33677814429640807,0.944118731336927,,,,0.6090053864076079,,,,0.6068973439745307,0.6071695489271123,0.61013719459826,,0.6063305636006706,,0.608073385584082,,0.607269732330601,,,,0.6047342954818592,0.6062019172783704,0.9307648376371359,,0.931559760449177,0.9312349553196791,,,0.36979665458467276,,0.3696916945379719,0.37005337333930344,0.9630645206229255,0.9585269876774539,0.9626053921945372,0.9633454694032316,,0.933689952985424,0.9336914826850071,0.93263359283373,0.6178002221450483,,0.6172323391025506,0.6177021094326052,,,,0.6198335983382507,,0.617038030899244,0.6191577615865177,0.618800346870455,,,,0.6183946365433939,,0.6159754277373302,,,,,0.6192755951753856,,0.6185965833608144,,0.6183258106221906,,0.6174079556720511,0.6169127642250453,,,0.6172681650757684,0.6181745016376863,,,,,0.618019991999868,,0.6185513217440215,0.6184822532033771,0.6173662613602877,0.6190786560580177,,0.6175673989922884,,0.6194436707470801,0.6189385319523333,0.6198472963563171,,0.6188310117028001,,0.6165299640552763,0.6179570490093614,,,,,0.617049606959458,0.9349355162202526,,,0.9382543932960512,0.9329933735453745,,,0.9367518331660526,0.9334229801337998,0.9343269661032075,0.9387426434450806,,0.38495019817772813,0.3839739601596425,0.3846124608810999,0.3850464740793437,,0.38412878958589397,0.3836841289357552,,,0.38409463018310747,0.38379130204891765,0.38487116233338947,0.38367383636038815,0.38523719038506105,0.38317388783466727,0.3836464829340126,,,0.3841125231801513,,0.9371389163201818,,0.9391485932723856,,0.9362820070356901,0.9370205233924379,,,,,,,0.9245833292868957,,0.9212361686913996,0.9211995477458329,0.9232653643867123,0.9265230985183123,0.9238340956000884,0.9243010043010057,,,0.3831143377155977,,0.3840409502657791,,,,,,,0.38337029672622064,,,0.38214648892342035,0.38323821199173025,0.9265842272317164,0.9251195716388124,,,,,0.9242663684275358,0.9361237282741119,,0.9381984873558109,,0.934877833219201,0.935846714922949,,0.9345004133404341,0.9375749502060762,0.9359263664808908,,,,,,,0.938086390796374,0.9360811190266026,0.9351320052899209,0.9364961565578436,0.9371701488079679,0.9335958145584674,,0.9366045516371855,0.9384949689135348,0.9352031553172752,,0.9244890053330043,,0.9231268339053845,0.9274654815405592,0.9275545812523414,0.9267872860139998,,,0.9246700886904441,0.9265071506963962,,0.9213054607908547,,0.9286335393607846,0.9252399544155167,0.9264006483086542,0.9255756540486374,0.9240873875695177,,0.9262846313091848,0.9262079913925539,,,0.9250651736090083,0.9237577269451577,0.9259533856287585,0.592765788981732,0.593185812754974,,0.5939984311151005,0.5921933405980104,0.5923338574491522,,,,0.6582952498212679,,0.3540514591041254,0.6702152097139902,0.6735809072882527,,,,,0.6734403836284727,0.6733386878173215,,,0.6714188137501466,0.6709241295929539,,,0.6715353899987646,0.6718169786435856,,0.6705501804737651,0.669428366916862,0.67205875653269,,0.6711262066611932,0.669666189525602,0.6700491112508835,0.6739979627909931,0.6708859793652324,,0.6730586209971955,,,,0.670919660123504,,0.6720329396211078,0.6731210132551159,,,0.6715046940461172,,,,0.6718547111359177,0.6715702769282776,0.6709202913334293,0.6706029802740533,0.6709309106876294,0.6711465327109153,,,0.6719514938528636,0.6725814830217332,0.673452192948664,0.6716911204009652,0.6723073332078674,0.6724601142319956,0.670997712723012,,0.6726578046812496,0.6724694363175776,,0.6701895625313025,0.672024174202408,0.6727520502449185,,0.6711026809552064,,,,0.6717850744753999,0.671288835950556,,0.6735652532101789,0.6709120436497281,,0.6726303391549845,,0.6715690502753556,0.671654954635741,,,0.6751309321956411,0.671107344997729,0.6731593045952056,0.6711314329762784,,,,0.6716936761507786,,0.669928588298068,0.6708818380139018,0.6723687842637776,0.6727081329328484,,,,0.6721874196648242,0.672600396520975,,,0.6745856431544419,0.6733220057141841,0.6691560461187145,,,,0.673105894114669,0.6710556950824005,,,,0.6694668355326107,,0.6732698849731042,0.670991478742392,0.6735987262609808,,,0.6721841920075946,0.6722798692172068,,0.6719639378653918,,0.6708866820741217,,,0.6704980359063872,0.6705245745173013,0.6725215300197807,0.67073102445086,,,,0.671669619006859,0.6725316149913256,0.6727740963200114,0.6725451387080716,,0.6721131141340243,0.6730336999250773,0.6719055765024966,0.6734125148226028,0.6694880004308984,,,0.6714657156658065,0.6712637466005451,,0.6704091780001457,,0.6738133244576477,0.6710408951433051,0.6721395707012933,,,0.6693568836579825,,0.6711644041404444,0.6709707313096924,,0.6733449043192529,0.671963704405727,,0.6730068562871147,0.6716606657106086,,0.670811961499538,0.6701172569860765,0.6261939895816936,0.6220112643977492,0.6228929382472551,,,0.9381852509383286,0.6327993346062106,0.6332962849770062,0.8551280457281226,0.8576963967867107,,0.942371860262563
7,5,DG_10pct,20,Z18_F02,18,SLG_A,174951,181886,True,3396.2315224485224,3388.2148881356675,3436.856651694605,3552.3555248856824,3522.770723289117,159.17354931256034,179.9026731817077,1023.3529900536385,1042.4120604675484,737.4901716878993,735.6446152379673,351.6246548116768,113.75358593089622,91.74559752962055,89.71735511179739,157.71473202623156,4625.327188877109,26.278404713464575,348.8059966596019,309.48105394481024,,,0.7775592103715201,0.7756882271642377,0.8674837700280599,,,,0.668287032791366,0.6672552718463913,,,0.6293443042412663,,0.8547669822781108,0.8540069209937049,0.8591695102762745,,,0.9431713470422513,,0.6698663288873413,0.6683548238581329,,0.6666937116290609,,,,,0.6711070860738159,,,0.670508267443292,0.6703425602659686,0.6716100061966657,0.5988583479415086,,0.6441713120379592,0.6447606174852817,,,0.6466605585220734,,0.6487646064620373,0.6505563736719867,0.6508535369186146,0.6485520356029875,,0.6482749874416923,,,0.6471860516922281,0.6494488793785831,0.6510448788537648,0.648756686872265,0.6474483357047601,0.6499719637074116,,0.5634560463945187,0.8613064573390175,0.9357115897322055,0.5542559768225715,,0.556426196761927,0.5557742612334923,0.5565116378991901,0.5563440067097627,,,0.5552880501588976,,,0.5554799628827486,,0.5566014199158709,,0.5562229055964673,0.5566332582214826,0.5555162172312005,,0.5580876464849961,0.5562949319912237,0.5550548977212668,,0.5553427015387788,0.6164309567880313,0.6148667214664274,,0.9772611997834564,0.5495771042752411,0.5466998123709967,0.5487234401114711,0.5479590627610149,0.5480661913041429,0.5483029503463538,6.662298569371719e-05,6.654700703350033e-05,,,,6.633546885478073e-05,,6.630626416782092e-05,,,,,6.64653870261205e-05,6.652467856708714e-05,6.636124430724893e-05,6.653846025547524e-05,6.637455892239369e-05,6.621488852907578e-05,,,6.637678192983756e-05,6.638239911632807e-05,,,6.63286817298151e-05,6.619638411011904e-05,6.642951998113504e-05,,,,6.64351949347494e-05,6.630109072412988e-05,6.6384100260861e-05,,,,6.63137654797519e-05,6.612807203158907e-05,,6.636511583240971e-05,,,6.652293478899339e-05,0.9652538661324152,,,0.9643198393989197,0.9609077130628694,0.9647941823991651,0.9626365773454373,0.9660701116258558,,,,,0.9654387713327145,0.9680961296285674,,,0.9665947387394758,0.9642538479920462,0.9644840314053829,,0.9620986453000013,,0.9646233470597976,0.9631360872332866,0.9647991528266671,,,0.9652210164255206,0.9632364669197923,0.9650403932878482,0.9631462524950565,0.9631233843785133,0.9666857374473471,0.9636978123945202,0.9635097997207968,0.9628563490800308,0.966103671533072,,0.9636003432585915,,0.9663803081440608,,0.9649077357473473,0.9664659931202353,,,0.9804447271280333,0.9796234860137891,,,0.9820718160144668,0.9788448564511554,0.9817625888645586,,0.9832346545079662,0.9794312317161625,0.9829440183387035,,0.9800296680155034,0.9831592832274797,0.98149787002494,,,0.981959552615011,0.9806394837592758,,0.981228204102988,,,,0.9787688679422948,0.9811094649134309,,0.9858374069382992,,0.9790677013477412,0.9805121642012612,0.9787218578981555,,0.9799493277799646,,0.9789211334719241,0.9836323680088758,0.9812170803263194,,0.9858512315612339,0.982056254182295,,0.9810145651158375,0.9810517048112863,,,0.9813761504636653,0.9819046006031302,,,0.9817518771389968,,0.5815083076305582,,,,,0.5862122798060978,0.5869384875115043,0.5880773072684027,0.5868293933455109,0.5883173017515053,0.5871618618692631,0.331264634795062,,0.3321793909761666,,,,0.332408751911332,,0.33208146531472904,0.33216230747423137,0.33088130417689215,,0.3318037740281386,0.331719060678558,,,,0.33168517797027214,,0.33289377742273996,,0.33133932927302556,,0.33145752196862394,0.33090750847152817,0.3314815079551951,0.33153881208093383,0.33177069947475896,0.33139872946918997,0.33098469572201655,0.33044668105800173,0.33193584276093124,0.33107938853357893,0.3314899545595946,,0.3317342019988175,0.33221369149239577,0.33149995466995225,0.33128075846712046,0.3312926481130387,0.31017336615534785,,0.31077652547830315,,0.3090948721031464,0.3081757513713832,,,0.3097707755877509,,0.3105334696133784,0.31004064568207296,0.309739573170801,0.3100850606588426,,,,0.3100574792103118,0.3096656341033172,0.31030036054612986,0.3096921812525488,0.3105705993679749,0.3099593859651452,,,0.308957222272201,0.3092197258382208,,0.3097340249169354,0.30978284485916247,0.3097586999704895,0.3098697475379129,0.9236345178669509,0.9259658490222564,0.9246789643831501,0.9241242807762411,,0.9260528927277298,0.9269010541981964,,0.9282995384603777,0.9243381053624349,,,0.9254873334013288,,0.9282117042185123,0.9248789596254681,,0.9250485411418206,,0.9282917118729493,0.9244476636728363,0.9257582215906642,0.9242373909097632,,0.9253617049555728,0.9221155276278546,,,0.9254533060370778,0.92609238068772,0.9251066111628311,,,0.9252431927566687,0.9252102147248683,,0.9262341203101161,0.9252012818744924,0.9243551982779803,0.9254594232383604,,0.9262724284486796,0.9260982048848636,,0.9287994008915489,,0.9252336681373929,0.9233748382049883,,0.9263326515645169,,0.9265609885997546,0.9264613819163551,0.9263144374304113,0.9245117727191698,0.9265125759337578,0.9250742308381203,,0.9254556545074857,,,0.9246944665653549,,0.9272076905658627,0.9265658919948635,,0.9266240412816967,0.9238720391414786,0.9260809432650345,,0.9269084245896241,0.9279392218570558,0.927509389474167,0.9286299858814027,0.9296895793407746,0.9286573518764601,,,,,0.9267789333767904,0.9258818213607736,,,0.9289839390356284,0.9269719015350614,,,0.9400457255652949,0.9397032658845051,,0.34471032391431994,,0.34349254995608675,0.3450263293349657,,0.6081819519167753,,,0.6104636892616458,,0.25033657469046994,0.9433830211070807,0.9258078577808121,0.5857958535917378,,0.5855490437258649,,0.5707121131255246,,0.5546270841736277,0.5534395924121879,,,,,0.31482787290558756,0.9368418925110893,0.9234232436223349,0.3229364968973626,0.9404743024162984,,0.9430471597577903,,0.9432311724834473,0.9472158260041175,0.9424142014989687,0.330283359466089,0.9445013489383152,0.9231205855144037,0.9498934237435813,0.9494898035850075,0.6030341410196781,,0.606547244831927,0.6058346946896117,,0.6067286579775367,0.6059076660314329,0.6055697187187028,0.6083014867566685,,,0.6074186341349469,0.6059601896809651,,0.6069789830900228,,0.6058250649581418,0.6068503235187593,0.9284359171716776,,0.929738249738766,0.9291298660695214,0.932040130165643,,,,0.3629571867420435,,0.9606114424440108,0.9587539219303343,0.9605156547843898,,,0.9326740031030067,,0.9295076921506953,0.6154443296841702,,0.6157444344011502,,0.6168617404232989,0.6181627830141772,0.617977914575409,,,0.6175236172464363,,0.6150309771877861,0.6162253885657804,0.6169925060130654,0.6182141042291038,,0.6163393557971681,0.6151863502480495,,0.6169762320651758,0.6192069261030454,0.6188190285257981,,,,0.6194886926385351,0.6167491247912891,0.6185978974152095,,0.6185177026319292,0.6164693970456768,0.6190995963961626,0.6160602913692395,0.6159665367114242,,,,0.6173856694897576,,,,,0.617118250727806,0.6174577583084333,0.6170698210949653,0.6176439090533768,,0.6185938102604824,0.6174100005767204,,,0.617737039440969,0.6168072883252143,0.6166028454389554,0.6187867833936495,,0.6179794794929889,,0.6172951216882122,0.618271228683761,0.9326419751293515,0.9340173202639144,,0.9358499358849448,0.9351375785596414,,0.9371839154915848,0.9323063753146164,0.9357173671978302,0.9372007928592986,0.9362722372083216,0.9356177836838642,0.37925410431364104,0.379152474639363,0.3786173118258514,0.37836620232483476,0.3785534446126652,0.3785721259961894,,,,,0.3787577173451306,0.3781017166042866,,0.3785442152715808,,0.3782456923214951,0.378220496684924,0.3789269651167026,0.3794477326836179,,0.9362547765831065,0.9367804825467994,0.9376613390472872,,0.933539729126976,0.9361974286599156,,,,,,0.9230638450730878,0.9206589037589903,,0.9231985442770297,0.9253707220705893,,0.9264206992674319,0.9182256475076692,,,,,0.3774022354177035,0.3783992435164387,,0.37782973576948575,,,0.3779693300126051,,0.37953684237071483,,,0.37723926233043376,,0.9216900551759304,,0.9240545585249327,0.9243889767092998,0.9242075184494761,,0.9269422936021302,,,0.9357442431006144,,0.9360507234742577,,0.935994824720308,0.938128073182955,,0.938101907710419,,0.9359579011279933,0.9401522307756464,0.9372294606844728,0.9375053944322853,,0.9399848001244022,0.9374660316960249,0.936185031143249,,,,0.936489083158813,,0.9378812539615204,,,0.9240806113214057,0.9225713113872654,,0.9253053884904046,0.9261706120934311,,0.9261415164589963,0.9285065969878411,0.9226902688905315,,0.9217460741273165,,,0.9239342245515345,0.9234380877397058,,0.9236370446556864,0.9218334169014568,0.9248030957048814,,,0.9214542214307241,0.9228253080035864,,0.9247279087706325,,0.5927077959745877,,0.5924023088924374,0.5908586781547812,0.5904210767889588,,0.8650299309957299,0.853645348570582,0.6576616412909438,0.6573988231540013,0.6554550299454769,0.3482440850294066,0.6678771743411461,0.6684906280147973,0.6675170249258503,,0.6702423408195292,0.6697512139492686,0.669319168881555,0.669047678092365,0.6698582458571379,,,0.668958031376733,,,0.6699348745267288,,0.6694677403333266,,,,,0.667998691831257,0.6695183346425871,0.6694748437544381,0.6707908786775341,0.6694067376971153,0.6702414761533685,,,,0.6710070131111411,0.6714520571872667,0.6703091054966221,0.6694458985755073,0.6699095491423641,0.6710138797738638,,0.6693179105524711,0.668878173731886,0.6705033196882567,0.6716121433778726,0.6688334934265825,,0.6705910809073655,0.6700392513722022,0.6714549325227822,,0.6696159401526881,,0.6675176005772913,0.6690910366318698,0.6691873325626774,0.6690022210853858,0.6677534822550469,0.6699070412863771,0.6697396626119805,,0.6702805391601175,0.6703145885662218,0.6682565712790037,,,0.669197068152552,0.6703601866537825,0.6702542175789006,0.6700412106349465,0.6693459443379943,,,0.6698783877835245,0.6684045968427809,0.6678056681935334,,0.6708518720577202,,0.6710373153546878,0.6702490738347521,,0.668153610475065,0.6700389886970948,,0.668999254894054,0.6688592299578389,,0.6661775651468975,,0.6685932881173796,0.6677088854607214,0.6682729048934699,,,,0.6687146289455521,0.6699282537632057,0.6668328753642716,,0.6708295778548844,,0.6689550084315136,0.67065279191941,0.6687932644411241,,,,0.6695603272315286,0.6691549063115562,0.6692309207558601,0.6710560301460917,,0.6686269879871791,,,0.6683675063160485,0.6684541605668467,0.670419039808666,0.6716655261776953,0.6697400035541805,,0.6688609746842674,,,0.6708333828725447,0.6693964245339531,0.6693279328194546,0.6670622002255875,0.6702434750284836,,,0.6702449717343884,,,,0.6694399131361226,,,0.6688989209949638,0.6683509890463466,0.669562265355987,,0.6694921871384244,0.6690516497671396,,,0.6720283718888729,0.6701084657304036,,0.6694492835810325,,,0.668625276486351,,0.6698355315737443,,0.6711617925619454,0.6686274345026351,,,,,0.6681801834697491,,0.669666627243484,0.6696358804498087,0.6702010528535184,0.6692055474450244,0.6699375024437022,,,,0.622561246370639,,0.5872429130504538,0.8651538074197405,,0.630453733145216,0.629267198587453,,0.8546914808542541,0.9425362275797833,
7,5,DG_10pct,20,Z18_F03,18,SLG_A,174947,181889,True,3383.7790960930874,3362.585740935513,3420.0159619178153,3506.023665851013,3493.1838846964715,157.3732326487704,178.9174829475635,1016.681702157451,1038.9371866547178,734.2231387058882,735.0753447122908,350.5482604137342,112.97241857422729,91.94840280193189,89.14488344633456,157.92256243607946,4581.898866798285,26.27011261100192,347.84679892694083,308.9789033930878,0.7791462617488153,0.7793767348958753,,0.7808238438492351,,0.9523704156476128,0.8576898411031065,0.6662761491484064,,,0.843755754652433,0.6328616830844241,,0.6330803147354062,0.8580285877455268,0.8566501088921402,,,0.9436659672625993,0.9455869136847264,0.6685494307847331,0.6707251627875374,0.6684473008381617,0.671148259518062,0.6677865670367324,,0.6628384218772513,0.6622464353253517,,0.6716630336280212,0.671472714303578,,0.6715093858432595,0.6715204782132269,0.6707858054596396,0.6024480958437368,0.6441206119244955,0.6441925297057706,,0.6480710683627859,0.6480660000081894,0.6498237110570358,,0.650265371686095,0.6489742567225311,,0.6509574083913956,,0.6506743433781836,0.6503278236477401,0.6520428380715281,,,,,0.6506034085689378,,,0.5674658866720993,0.8629420039498581,,,,,,,0.5595018586719226,0.5573827837099792,,0.5589143222439311,,,0.5584375851662906,0.5591243336050831,,0.5601044382485497,,0.5584764320984492,0.5589799421123143,,,,0.557767505307073,0.5595869210008262,,0.6158525408591585,0.6176009323413403,,,0.5490954941114614,0.5489124498207532,0.549524760202187,,,0.5514459889403125,,,,,0.0064252618229067296,0.006397282561505733,,0.006419370795034396,0.006410170531133347,,0.006409802652673782,,,,0.006408593713823215,,0.0064109996966830955,0.006422642977735561,0.006415175032281064,,0.006419441112161521,,0.006420279475974417,0.0064096994106596335,,0.00641631312325167,,0.006401532754234127,0.006406938518995312,,0.006395119149065622,0.006427739050281334,0.006420310675087033,0.006384959770230272,0.006413370608731381,,0.00638880157972295,0.006391131889218759,0.0063924380992991785,,0.006408244807009144,,0.006386700929842847,0.9655107540921938,0.9672199064482743,0.9604589298026148,0.9643472750873049,0.9657193754538574,0.9644425661561895,0.963803176631422,0.9654375622055995,0.9668865782290413,,,0.9652446093777709,,0.9670297250481233,,0.9669485778215141,0.9669913549717044,,0.9659321137547433,0.9653497336461069,0.9658955747594374,0.967963660455053,,,0.9652448455042245,,0.9630686282696375,,0.9656558984148795,0.9609613219618403,0.9659722298045852,,0.9640975360183816,0.9662086783107667,0.9639718963312752,0.9634694873824886,0.964696972309085,0.9633064928611359,,,0.9648172948788785,0.9638220250110198,0.9632871229240922,0.9647215861744621,0.9634431697940337,0.9819866048461079,0.9802575517165443,0.9812424984048196,0.9814562989530177,0.982892406001678,0.9820389885269638,0.9826751798750086,0.9840547623774042,,0.9817820973341816,,,0.9821490804246382,0.9839503613878937,0.981691329707201,0.9811521015125224,0.9798488098023399,0.9846847065430663,0.9836858101874508,0.9810321778186505,0.9804913738179778,,0.981892072649662,,0.9795265394772714,0.9775326791404929,,,0.979190345125784,0.9769994533903114,,,0.9798739783590297,,0.9804240664117532,0.9807450978859129,0.9804019802133185,0.9808943993940641,0.9823308492553037,,0.9827580153056025,0.9806536260240422,,0.982051722289166,0.9813594979814575,,,,0.979412186546999,,0.9796018585073553,0.9829712231959045,0.9802371051500934,0.5815945098700144,0.5822665089593679,0.5817063052464141,0.30358646154917307,0.25009421908636525,0.5866100104949342,,,,0.5858296767136223,,0.33409213516876174,,0.3355318912134881,0.33460314833528254,0.3352036022871889,,,0.33563794727471796,,,0.3350363881215022,,,0.3354336883176919,0.3359365255535948,0.33618822132777193,0.33529736618376127,,,0.33489043042878974,,,0.3345069926680107,,,0.33540466349306963,0.3348928217407295,0.33513127941251475,,,0.33432965542903187,0.33526901951430005,,0.3350617614701412,,0.33502384635154553,0.3350223373101728,,,0.3355784408517395,,,0.31411428164938565,,0.313019706973123,,,,0.31367171978874575,0.31385343728933063,0.3141189477815948,0.3145051104969244,,0.3131423164779996,0.3130649766665131,,0.31426278708014743,0.3127618703791227,0.31343096428491046,0.3140348175762815,,,,,,,,0.31360704336327466,0.3130656602139416,0.31261753059764735,0.3136313247642003,,0.9274095161593946,0.9282315764638854,0.9237137404493634,,,0.9274718113290069,,,0.9260718530850883,0.9277801066057373,,0.9251853129391941,0.9283838422891791,,,0.927894415800835,0.9254928317485518,0.927975223186721,0.9277784010047488,0.9279056054585451,0.9322946217572942,0.9307587909961198,,0.9273009117819859,,0.925852018393716,0.9283746741468999,0.9275027055380608,,0.9274270848296676,,,0.9229048087911699,0.9257865196457998,,0.9286351105046866,0.9230869400351572,,,0.9280359652913405,0.9263852768858118,,0.9267588513666161,0.9266190497418059,0.926171742908343,,0.9285214882989808,0.9286346161016988,0.9261937581111972,0.9259560299490674,0.9295435106193032,0.9245547952671853,0.9258086764498741,0.9287460771136257,,0.9272095826242184,,0.9256485322146594,0.927257956176172,0.927504008686664,0.9276075400851104,,0.9289541598597845,0.924916318950836,,0.9272253787371668,,0.9284246077303788,0.9274372826067588,,0.9269865047566976,0.9267482780212853,0.9269294713049374,,0.9282088211326722,,,0.9279724371023875,,0.9254330379055584,,0.9300557624142064,0.9280594051717059,0.9272462658930313,,,0.9413680994341049,,0.9395678870881468,,0.3488752533014588,,,0.3481937363797809,0.34866992663216523,0.6097175910775257,,0.6103559737020128,0.6109244169026335,,0.6085772036888437,0.2549373290063696,,0.9268256255658627,0.5864822583003662,,,0.5707246689399122,0.5715118130168783,0.5728155715459524,0.5534443376100203,0.5543321231363585,0.5528570302277993,0.2975494861304942,,0.9231819589382084,0.3183735430912824,,0.9213605477567417,0.32617202779161025,,0.9240228915523182,0.9421933004525614,,0.9414011649997303,0.9443965689963013,0.9443389850221153,,0.9425562406308744,0.923516573186567,0.9493959245779775,0.9502159390923443,,,0.6054121607896711,0.607859234466654,,,0.6054312697474218,,,0.6057901357717321,0.6068854131511844,0.6066242987513429,,0.604940903527997,0.6073165642756948,0.6064264729621613,0.608137908864965,0.6038124863908729,,0.9312426190048488,0.9327865728979007,0.9315995392880319,,0.9248564800011937,0.36632557647887803,,0.3678578806063932,,,,0.9624632422781155,0.9590829032702488,,,,,,,0.6178430686700832,0.6187924418535075,0.6165870294147551,0.6183147784234497,0.6179344877142652,,0.6158522101591691,0.6156242503978826,,0.6166407520598933,0.6183139874826501,0.6181000962725189,,0.6173834623095757,0.617644973621717,0.6182073883840381,,0.6153804930178562,0.6182776107019882,,0.6178354378420929,0.6181341800990245,0.6179017955053643,0.616133713650317,,,,,0.6172658571230607,0.6165991713553047,0.6168553833594186,,,,0.6164071493794547,0.6176412511455733,,,,0.619163187456673,0.6166686476987072,0.6166758164333899,0.615409473213876,,,0.617121364279996,,0.6189514338916683,,0.6180719500341465,,,0.6175526444460301,0.6185293128639912,,0.6177478219801855,,0.6170619518379481,0.9374526007509694,,,0.9343535931047546,0.9342894309691268,,0.9369918274551409,,,0.9306569454086786,0.9341395195793011,0.9364089336095406,0.38265610213640994,0.38204087351872923,0.38283929554748436,0.3824770299421303,0.38217373730350007,0.3808586281962274,0.38303515552902295,0.38182406443194156,,,0.38091849413688056,,0.3815602986956409,0.38135531121486294,0.38094478533789283,0.38248760592550185,0.3817908941704814,0.382230438489136,0.382827861023482,0.9368510906902188,0.9385630274457107,0.9414908001023494,,,,0.9363618470301001,0.9372762100993473,0.924112949325591,,0.9220597493393525,,,0.9233109916961761,0.9206902816264348,,0.9196720305922638,,0.9228186793188801,,0.9224791489930674,0.922711861571416,0.38034303066842423,,,0.38127908577355435,0.3811725501333896,0.38153151671339885,0.3815264084662698,0.38219553013798685,,0.38160037070864933,0.38216644264562255,0.3818421083408074,0.37735699289371216,0.381313582193746,0.38109759302557566,0.9262653999225405,0.9240831360075146,0.923346805899218,,0.9243638014213179,0.9250536804494762,0.9270473041581981,0.9385733236761792,0.9365285753449383,0.9362835795914722,0.9388495527947648,0.9363839803288433,,,0.9384248388493904,,,,,,0.9364268404314547,0.938263823810116,,0.9372616149593779,0.9362055574990843,0.9353209262279125,0.9353563625322449,,0.9321452692859447,,0.9352700255209934,0.9358160636781415,0.9390293618336946,0.9318277361851116,0.9238086373479327,0.9239954797772043,0.9235487049057691,0.9269186508223073,0.9231044897224678,0.925162411576558,0.9249666881364286,,0.9252994545565225,,,,0.9248299407510949,0.9246786278903291,0.925765521697316,0.9252828934670585,,0.9248919958393046,,0.9231301482813604,0.9242906109160038,0.923727476120381,,,,0.924027307313424,0.5891091326528399,0.5903056082306565,0.591062484086358,0.5925540181772437,,0.5912667760890545,,0.8541590577302376,,0.6573554294641503,,0.35212016762578296,,0.6680296934863593,,0.6711073648927508,0.6705574722149079,0.6711175685340389,0.6710194576361946,0.6719915921523365,,0.6730786733337343,0.6723970357344002,,0.6688881140834465,,0.6705728781484138,,0.6720737458180097,,0.6710256354830101,,,,0.6717298894277873,,0.671782683976021,0.6721432183269638,,0.6707678059740123,,,0.6704255131391245,,,0.6714312021409863,0.6700957053972778,0.669259118303665,,,0.6709119169300293,,0.6699106817441276,0.6713167188612286,0.6725538415526615,0.6714639072240444,0.6714724788030403,0.6718913700473786,,0.6698583175373161,,,,0.6701655496535196,,0.6696935590479611,,0.6705469536898252,,0.670991522647744,0.6713224926125662,0.6693846218491529,,0.6689487721703427,,,0.6693593683201684,0.6689443669293024,0.6707263164696079,,,0.669813199567676,0.6713556981560338,0.6715977524483798,,,0.6711121303854997,0.671011531211402,,0.6707070757697521,0.670718657769243,,,0.6703353314326169,0.6697527111344878,0.6691920505854965,,0.6714815986572584,0.6701580901752706,0.6699779266158628,0.6709861468763513,0.6726094638366392,0.6716255610084031,,0.670743328161039,,0.6683388004724737,,0.6693337588373517,0.6706509650673521,,0.6714876293691519,,,0.6729681971134748,0.6708300474332569,,,0.6694082494599195,0.6667007504768879,,,,0.6697698955081924,0.6717882527527548,0.6706237795477313,0.6705983863058987,,,0.6722178951637967,,0.6705710014397545,,,0.6707653914395625,,,,,,,0.6718794807866172,,,0.6698924192312818,0.6694059169391859,0.671362857977779,0.6706026703418372,,,,0.6682031711959018,0.6687146742683907,0.6691974386651643,0.6693809740283911,0.6700225449354594,0.6699658516569502,,,,0.669889819914115,0.6696681871958076,,0.6689941530607493,,0.6694589571215689,,,0.6694208676950706,,0.670217795000418,0.6690140922296722,0.6691457323733685,,0.669719129190398,0.670725803729595,,0.6690477688450813,,,,,0.6235325261757895,0.5889696084631445,0.8640043618401462,0.938008571095928,0.6339283966162254,,,,0.9419577885123429,0.9433158752983966
7,5,DG_10pct,20,Z18_F04,18,SLG_A,174947,181889,True,3380.1533351596827,3367.266688075121,3403.6967575996546,3515.2121724078083,3500.87733894381,157.41167357489633,178.9084105543362,1014.9114455616595,1042.3001945437163,731.8032832431699,734.3528814564404,351.29755095129326,113.31392239566796,91.72987297291748,88.78940727795613,158.07583164745256,4602.767807265878,26.262897874296637,347.4878285312612,310.1795312132308,,0.7801005738233999,,,0.8696486645237543,0.9494825038829803,,,,0.6716070181623837,,,,,0.8549164848252451,,,,,0.9464533722068387,,0.6701709262485895,0.6696927185528648,0.6701781445235295,0.6686416049174567,0.6697902509514961,0.6621650378053907,0.6638886875835645,,,0.6722269568108714,,0.6694776840873685,0.670491386987957,,0.6006238240420851,0.6448942844417008,,0.6440468063071824,,0.6489159760668636,0.6480569669212565,0.6504369604672204,0.6496823458926964,0.6489046185752769,0.6508160792424054,0.6507062216385411,0.6505422003980168,,0.6476066080760148,0.6474740015090926,0.6488578991595407,0.6491379493946579,,,0.6494197519444117,0.6497888387206667,0.5675048488586276,0.5665377045486819,,,,0.5591505362420922,0.5597322610264422,0.5593754148099265,,,,0.5572457192106101,0.5588254153124759,0.5594080051961859,0.557899650380329,,,0.5603830957070136,,0.5583634281852098,0.5583389634082766,,,0.558501018444392,,0.559503095348356,0.5595935414970193,,0.6172283506221995,0.6168222515081377,0.6169239530907474,0.9764185134356291,0.5480080045826566,,0.5493984259188817,,0.5510708163112152,0.5514470957611354,,0.00642953288483802,,,,0.006403262206235849,0.006438996242291473,,,,0.0064084028795846106,0.006414839257272836,0.006412183322643842,0.006412683127996522,,,,0.006417433895397016,0.006402935920101273,0.006412729180274556,0.0064210343011343336,0.006411060055751287,0.006407595842024833,,0.006409505353695322,0.0063917405341252535,,0.006425721977365765,,,0.0063926938255110055,,,0.006426029193169854,0.0064022745086297446,,0.006422692517204476,,0.006393304756049277,0.006405084515556497,0.006410712808817209,,,0.964085441248631,0.9653747042780264,0.9665068763385082,0.9654790303141798,0.9644131810433892,0.9678871660761345,,,0.9627009708167582,0.9662400290247417,,,0.9645930510451579,,,0.9649578306634672,0.96630032374543,0.9653910953751261,0.9657995638179183,,0.9703549332508433,,0.9648036950059928,0.9665675666962985,0.9648449135757255,,0.9661109838769866,0.967216282409159,0.9626412698131057,0.9644811148597342,0.9633388935574377,0.9654517239247354,,,0.9654341549739609,0.9640603080604968,0.9656362733496899,0.9631158711155754,0.9643628381478858,,,0.9643356745949733,,0.9655483029477916,0.9639489108814444,,0.978951850523608,,0.9833614353766834,0.9808597575882463,0.9800169181183184,,,,0.979495907339013,0.9806989605217453,,,0.9815586455554731,0.9810281655437326,0.9786327895408159,0.9822224374133275,0.9830994308471789,,0.983783187626607,0.9816311253033079,0.9843427306762473,0.980874961723085,0.984387442805305,0.9802003529552857,,0.9807518998159653,0.9782549467002715,0.9769079379652119,0.9802989726117328,,0.9803779712242702,0.981891217872247,,,0.98538423139595,,,,0.9814071892554913,,,0.9846481413028946,,0.9803192866407894,0.9823416037608395,0.9811231739268128,0.9789751389874528,,0.9796412491829513,0.9812210573120408,,0.9809741002182271,0.581949593895007,,0.5799868661061526,0.3038199573628438,,0.5865135083841334,0.5873820494673173,,0.586879332087027,,0.5859933703560868,0.33441169044084584,0.33497268586189355,,,,0.3358639859001429,0.3363082819726765,0.3343344877498783,0.3355082901325678,0.33600265906151017,0.3341372214523996,0.33535654796570763,0.3351437308182457,,,,0.3355737256078188,,0.3349824705008627,,0.335452796859222,0.3361586074728016,0.33444678474387785,,,0.33543834529696825,,0.33463981297734025,0.3348861937390159,0.33435766214229484,0.3343296448370739,,0.33518132117520977,0.3343577573219503,0.33504997376787354,,0.33378886029168625,0.33440774189849803,,,,,,,0.31325592760640664,,,0.3136797000913326,0.3130439364938599,,,,0.31365845297098954,,0.31454828527986506,,0.31416898628162737,0.31366385664185276,0.31326874548897404,0.31242395912603216,,,0.3136173342854653,0.31277913158269155,,,0.3139272174727135,0.3133472596000193,0.3132365817811247,0.3134904811577223,0.312914616386035,,0.927171523375872,0.9270660235290988,0.9246248010451428,0.9281915393202687,0.9267381533965987,0.9284669149351086,0.9273180666202663,0.9265874344349656,0.9293558897483396,,,0.9287636056894534,,,,0.928387429827877,0.9254004098555612,,,0.9265579544109689,0.9265234524000001,0.92922297648631,0.924099173043008,0.9247844278972545,,0.9277779345474783,0.9269050538880477,0.9270217399325256,,,,,0.9263432313175651,,,,0.927256576127489,0.9264781005508886,0.924382188007573,0.929873433714669,,,0.9258267078417001,,,0.9289241085969275,,,,0.9251578755393646,0.9268012958804042,,,0.9240234704252155,0.9288675293394856,0.9269385706639448,,0.9257050598888154,,,0.9292810518421296,,,0.9270644864655808,0.9286879588963731,0.9299367076687782,,,,,,0.9268405684030054,0.9295510855848542,0.9293599835772247,0.9299038303384026,0.9277483025850999,,,0.9269157554937982,,,,0.9259537559741146,,,0.9283116271186433,,0.9398692669841646,0.9383671647900471,0.9391940105706956,,0.34835737605673256,,,0.34946184712438483,0.6097165483797897,,,0.609081670234927,0.6087072376826407,,0.25556600426333775,,0.9282779466893185,0.5876082925367138,0.5872961927892076,,,0.5700106164036692,,,0.5528631477575606,,0.2965562199533192,0.9238072243875965,0.9199607728254329,0.31941307520507883,0.9375195528521004,0.9200124363137127,0.32620339944947724,,0.9230114353594681,0.9431516713270613,0.9457921136365464,0.9448560146301848,,0.9450989863319952,,0.9455348865414865,,,,0.6058606922908535,0.6079897339795225,,,,0.6059072463289983,,0.6056371886583177,0.6061747859137897,0.6067176848364949,0.6068100134775528,,0.6071836364011818,,,,,0.6065437011893562,,0.9321870191212835,0.9321096576826567,,0.9337670043256497,0.9262623975710088,0.36769744637147345,,0.36667424013948235,,0.9598854485615154,,,,,0.9313489265992357,,0.9290076017564539,,0.6184409336377472,,,,0.6161196157773803,,0.6182554768162205,0.6157485212379051,,0.6190506050551609,,,0.6165051616869249,0.6169807161246399,0.6180773463559152,,0.6160503824346807,0.6192266784255123,,0.6179028568964917,,0.6179404262259903,0.6173520158969896,,0.6159437738882977,0.6191179617678402,,0.617893448403996,0.6182944403100176,,0.61770297587423,,0.6160272076017993,,0.6169894681776469,0.6164613693767521,0.6188918842426787,0.6190655436012353,0.6178282102038386,0.618334499888813,0.6195416423991664,,,,,,0.6173904236319916,,,,,0.6176124006550647,,,,0.6175731054905699,,0.6180982670583324,0.617724605932553,,,0.9345422084200917,0.9353845059169684,0.9353159198806048,,0.9332818630325432,,,0.9368741123582451,0.9329770501164057,,0.3818488124819083,0.38166098458689146,,,0.3807809292628171,0.38111255629977386,0.38304481600052637,0.38301895420940335,,,0.3815425656792573,,0.382693903367424,,0.3821390031496202,0.3809722169592999,0.38103509558745996,,0.3814549795793215,,0.9370264671361117,,0.9344261209782301,,0.936469372518195,0.9357842451308936,0.9385891409748768,0.923417827229793,0.9247007993646321,,0.9253485871159474,,0.9232169378968663,0.9219435784201392,,,,,0.9222236067402316,0.9216719927152749,0.9249846849707386,,0.38169072797815523,0.3810473555151327,0.38160285223710705,0.382832286529751,,0.3822101443037885,0.38175359912927165,,,0.38271395697727423,0.3814126213246006,0.37618337908901445,,0.38056960106417925,0.9230652907371232,0.9241816566804081,,0.9217851437019569,0.925806570770654,,,,0.937145550377044,,0.9369887538011659,0.9392626278225185,,,,,,0.9376730286512079,0.9361813905808666,0.9372177665325594,,,0.9372330096817311,0.9344090639472912,,0.9359765970839374,,,0.9359376358701741,0.9380252889607829,,0.934461043657369,0.9371997403222408,0.9366946928554606,,0.9276080789666646,,,0.9235472916432679,,0.9230081065219687,,0.9263172724214787,,0.9226361160553396,0.9220664490143547,,,,0.9244769187485711,0.9235870535685177,,,,0.9265700599411538,0.9248555927997208,,,0.9264092299417344,,0.5929335347238874,,0.5932193640285672,,0.5903730227945705,,0.8634806343263081,0.8556220108002024,0.658554368976547,,,,,0.6712360616747433,,,0.6705940714190333,,0.6706323946889763,0.6696431664563007,0.6709092445933414,0.6714119700198391,0.6709539726781844,0.6700540809338632,,0.6712344980105542,0.6707380780009523,0.6709510440987024,0.6712192012517767,0.670446519970376,,0.6709270812947895,0.6716083425742465,0.6714614991785854,0.6683663060747375,,0.6714621187375619,0.670162369332221,,0.6688840731299098,0.6708391112377923,0.6702797759914987,,0.6694304755321101,0.671510259811334,,0.6698981480146566,0.6708764534848567,0.670299804764947,,,0.6707211910369022,,0.6706440442846999,0.6696689481684046,0.6723229986922837,0.6712262107927534,0.6707116900688656,,0.6686225964782402,,0.6720869972674256,0.6699971149820853,,0.6717175857510739,,0.6696458028289903,0.6684760988622669,0.6733321560861889,0.6718817150896349,,,0.6671265597468199,0.66959848687532,0.6698309755133753,,0.6716812361533622,0.6733804480546725,,0.6707425833880626,,0.66801471039994,,,0.6700895120308904,0.6705866993239478,,0.6699047610275101,0.6716005271174147,,,,0.669892730852885,0.6704696837287958,0.6693700752129885,,,0.6706644397620373,,0.671545470925407,,0.6724888707424366,0.6710430626692678,0.6720948046147724,0.6690054281155972,,0.6705406594741645,,,0.6712084144725937,0.670114903326085,0.6714928103211114,,,,,0.6714183659840772,0.6680525799773985,,0.6706996896748607,,0.6712770019851353,0.6714154931627351,,,0.6714853755475946,0.6708888639730831,0.6718377003796452,,0.6672641950844714,0.670252025186367,,0.6731991541624287,,0.6723355903627483,0.671916098189482,0.671161151462758,0.6702297307093613,,0.6693596773966789,0.6698398843826139,,0.6703810470534026,0.6709362415659883,,,0.6705348651763322,,0.6719454984462523,,,,,,,,0.6721243518011923,0.6692213305286548,0.6707570550153751,0.6711985033389016,0.671515276594801,0.6704329536181064,0.6714615372024183,0.6718396109656762,,0.6687395793542719,0.670782978631215,0.6716164186451046,0.6715799853729836,,0.671124194758129,0.6695553790837322,0.6720872112020423,0.6697692379179537,,0.6692010804003655,,0.671343743033712,,,0.6229881751478265,0.6202537136681917,0.6227678945589152,0.588259802038425,,,0.6325482861641201,0.6317858613036074,,0.8564540096163272,0.9443075941827906,0.9422936515627489
7,5,DG_10pct,20,Z18_F05,18,LL_AB,174956,181890,True,4231.206856256999,4238.317316794577,4243.826373722181,4276.827724595258,4265.156182460322,114.94351662860828,134.7427732605025,638.5095378069578,643.773225806561,457.20808538945545,454.9230014425786,217.49642677538696,70.18571271994522,75.90392502316736,73.82529088809906,113.67724596097877,4576.799549141313,19.426565578604098,270.67566195542526,195.65703484080856,0.717117141915387,0.7183166475223853,0.7165537617684962,0.7862908732522896,,0.8643408507185184,,0.5581165470985124,0.5573510081979606,0.5552176594164426,,0.6494332238996033,,,,,,,0.8283219345530979,0.8249025481951548,0.5561950698976703,,0.5575557342615548,,,0.5552744667025212,,,0.5526505066472276,0.5579700609244749,,0.557598695125612,0.5589276924214078,,0.5578289643161921,0.6106580126581511,,0.5069060003026287,0.5070548627263253,0.4969847591370606,,0.49689809817789454,,0.49797635214400543,0.495202485988398,0.49722226217726495,0.49873785668827875,0.496235292330871,,0.49509601876495607,0.4972612938892645,0.49603170572467015,,0.49731010522390706,0.4960141060962587,0.4966678215626494,,0.5784549659893304,,0.4890681797126389,0.8205666242120114,0.5733397075909632,,,0.5712988946605239,0.5722240150225011,,0.570825060887891,0.5707947224337626,0.5737232551239019,0.571612699275247,,,0.570468335977184,0.5719121787935408,,0.5723933363165628,0.5738336297677847,,,,,0.5723133011240523,,,0.44627348010389556,0.4461460327557419,,0.007771711994744914,,6.21839920898528e-05,,0.00657963835111432,0.006560480818724869,,0.009933197391052886,0.009945148630697218,0.009943961639058809,,0.009921429877734872,0.009928591842067857,0.009910104310494673,0.00992686370408745,0.009898388164537671,0.009938318495899367,0.009931199662761387,0.00990659909332731,0.009943626737825543,,,,0.009886992841372363,,0.009914016490889152,,,0.009937698322420504,0.009905063054148957,,0.009911386318438353,0.009946207932236965,0.009895959482490885,0.009918394572942154,0.009904836169245871,,0.009937990496119209,0.009906473134283248,,,,,0.009918299575007642,,0.009926381079762823,0.009924603933225588,0.009908460405445765,0.009925420513920284,0.00988769028439338,0.9266389346368554,0.9249741728305775,,0.926781905405742,,,0.9267558450710905,0.927865156917901,0.9255094674673277,,0.9256907960004707,,0.9265296708568587,0.9244548386051787,0.925397021031373,,0.9254246784733494,0.9243281479672606,0.9271011329344795,0.9302432889416751,,0.9250059894585603,0.9259583382306174,,0.9247427329248054,0.9289028958786439,0.9244377327843646,,0.9267503165517396,0.9252455347107466,,0.9262648576948558,0.928050441713474,,,0.9261285185854449,0.925177895580057,0.9230468244546787,0.9233927677829878,0.9237504756185431,,0.9255372791220803,,,0.9243245352738876,,0.007768477496568167,0.007781340837580179,0.0077766555339403385,0.007788956587966006,,0.007800617896990479,0.0077940702773783765,,0.007776288682087863,0.007784682797350749,,0.007766933465840796,0.007804784924234701,0.007804082669377974,,,,,,,0.007785342560168374,,0.0078069301623450915,,0.007759860336661999,0.0077683571039626,0.007775539016762615,0.007779438005271128,0.007777424758783785,,0.007779902876669156,,,,0.0077962035843465605,0.007774731494405749,,,0.007758701840288388,0.00778859336816001,0.007797290108396297,0.007760015380121114,0.007796803272594739,0.007786394826285497,,,0.0077952754865504474,0.007752888528155863,,,,0.007806937881429986,0.1840866589128139,0.18394142346130135,,0.28369923529171753,0.23911385748094258,0.1501716792853205,,,0.1501302830560116,,,0.31037475053717933,,0.3112403821898206,0.31114632707024076,0.31242308887362186,0.31064511473821166,0.3110207803160536,0.31046379754539555,,0.3106295258230136,,0.3103212928787488,,0.3111806209158209,0.31009906677377047,,0.3115734502340682,,0.3110245226170624,0.3107180658055358,0.3109327885104651,,,,,,,0.3113099790399726,0.311610736158303,,0.31065365972515274,0.3100479214732861,0.3105843205520399,0.31048138882335524,0.3101015760449283,0.31087441363819834,0.3109905287404847,,0.3109882947737181,,,,,0.29333108999104407,0.29251343510172356,,,0.29287232623345183,,0.2925916824833415,0.2925893045120456,,,,,,,,,0.29300015165358473,0.2930504881416471,0.2926010897032888,0.29222457353580816,,0.29157643757488283,0.2913326046000239,,,,0.29248655860950423,0.2922907181011548,,,0.8232618329947526,0.8206950903163588,0.8224039082051512,0.8210604250608197,,,,0.821726482914443,0.8221780141090059,0.8198912094754833,,,0.8238440836455229,,,,0.8257875028579441,,0.8223842200067819,0.8215213617345983,,0.8222561335027483,0.821921926598069,0.8189786877973102,0.82244992243709,,0.8216816570210624,,,,,0.8219957834898164,0.8199541064382225,0.8206680875446665,0.821596144550359,,,,0.8197656065634654,0.8226738509022828,0.8252359152800037,0.8210003500713241,0.8229728042472858,0.8220310943392658,0.8212208394225352,0.8215316313420737,,0.8210633426460474,,,0.8223267345398573,0.8214760981788777,0.8222687234621471,0.8206141565918422,0.8223157180166625,0.8176204385388578,,,0.8235391583865801,0.821696358777548,0.8240180222184044,0.8231378190324191,0.8237688683379549,0.8212847872776902,,0.822375504176101,0.8234029660704386,0.8230603329209222,,0.8227716495820271,,0.8236275286482375,,0.8219063445014192,0.8229863063295781,0.8240795706871766,,,,0.8227811745876529,0.8228590480691551,0.82480357634664,0.8232724995586613,0.8241224346294771,,,0.3089313855239887,0.3082203687540018,,0.32143366752888713,0.3216562863961353,,,0.3221769367232929,,,,,0.231658686613433,,,0.2160117524009342,0.8192373768449539,0.1498738885117003,0.1498227874637808,,0.14802235423179183,,0.14827549819420674,0.14510628407067638,0.1453513423399902,,,0.24779591228343806,0.7805526925750972,0.30627201702275364,0.2693113446648364,,,,,0.28425716639196824,0.2843306424741941,0.28476544786629465,0.28338359959492165,,,,0.7663299320474719,,0.2924242501447275,0.15493012589907507,0.15428209602501666,0.15510907590121623,,0.1545113675007508,0.15464893636530347,,,,,0.15451687198392355,0.15533382937172724,,0.15460077021994914,0.15467062858985917,,0.15466359371774316,0.15481639235012765,0.7598060221410846,0.7610626632969151,0.7593889453652548,0.7588381257328213,,0.7581768922438926,,0.35071461990708813,,,,0.3163041512968252,0.31580826915479826,0.3164751692586334,0.7590113251731618,0.7577324599540205,0.7558320882059852,0.7563098475921373,,,0.15755337537271688,0.1575139219769209,,,,0.1581874867419524,,0.15807495479978384,0.15785308704645384,0.15786641971673257,0.15784972613216244,0.1577757452042724,0.15755046061052946,,0.15769776314715808,0.1581392446906207,0.15733510832008019,0.15776059648174112,,0.15761829719492082,,0.15753897661679325,,,,0.1575048710849518,0.1581010466189104,0.1574858753666832,,0.15753862559468068,0.1576808186171862,0.15779883633600783,,,,0.1575031415223727,,,,,0.15795721741675045,,,0.15804571430309208,,,,0.15764651408039684,0.15766921132035594,0.15761154161327467,,0.15768403111828155,0.1571603553388192,,0.1572183968708942,,0.15718399029415697,,,0.34010152139826455,,,0.33903924570944244,,0.3386424462988081,,0.33972229084191835,,0.3399776907002237,,0.35056773331909546,,,0.3518809363955429,,0.3518833392213468,,0.35185064830359947,,0.3511695382859497,0.35087509107942394,0.3507648194773205,,,,,0.3503328003397943,0.35114361931198707,0.3507082505336075,0.3398065956587525,,,0.33930880051692597,0.3396685124273081,0.340909364668915,,0.33966780717297285,0.8164641460253165,0.8187800975367405,0.8195044709609169,0.8187605633297255,,,0.8173084441406516,,,0.8187976293739805,0.8172100667635915,0.8181232416014332,0.8199619276432097,0.8177662189286233,,0.35016429038968,0.35090288695851846,,,0.35165765257362613,,0.3522526105319407,,,0.35181004261435556,,,,0.3496464302574169,0.8199282882078979,0.8168008297604873,,0.8184949900668014,0.8217229530320699,,0.8202123259327193,,0.340266403208656,0.34093765907002355,0.3409489184364658,,0.338423965928622,0.3384887630753003,0.3388801861026936,,,0.3406586191993417,0.3401828618357196,,,0.340274634899531,0.3390454967725425,,,,0.33982073715639327,0.33954156583902323,,,0.3391619011759048,0.34011233847712097,,0.3387473944147996,0.8224014156208107,,0.8196301497799691,0.8194010106128883,,,,,0.8215424663931518,0.8200067464255326,,0.8148649199026543,0.8173635887920846,0.8184380104727389,,0.8194768751378096,0.8134817746538651,,,0.8169577383827757,0.8203570980398893,0.8183712327802491,0.8168188506478894,0.8191114648589956,,0.8177628263549648,0.1510306586219296,,,0.1511729282600974,0.15053506390706203,0.15088813667856035,0.513875452434865,,0.5115962012694097,,0.5130380309522583,0.33789242656771995,,0.5570865195126462,,0.5558917927334895,,0.5567271040003147,,,,0.5578136716624125,0.5583391387776736,,0.5553447735987309,,,0.5574627265284343,,0.555330814107536,,,0.5570859190577642,0.557177817700848,0.5589133795258638,0.5567645243981043,0.5564856044428544,,0.5555693713804256,0.5578816671173064,0.5572825207657603,0.5572207660491123,0.5587489695092581,0.5573039346300049,0.557546642114812,0.5588181710491903,0.5565180076593257,0.5583050428364876,0.556005003911146,0.5568470923893571,0.5551146526563485,0.5569987497873244,0.5573610461873608,0.5562983033335972,0.5561922805090496,0.5582425640263005,,0.5570268397161924,,0.5558189421145926,0.5566994943100564,0.557828708327618,0.5567275100503549,0.5570161778108625,0.557059800038419,0.5578952929386437,0.5577902774643337,,0.5557046839680135,0.5561034987135778,,,,0.55743149190047,,0.5568284890004588,0.5577160129463056,0.5565065823470497,0.556400936865675,,,0.5568647183102654,0.557555205902146,0.5560710502125881,,,,0.5588858577599402,0.5576329275053117,,0.557704343065991,,0.5574226392857201,,,0.5568672008995765,0.5556345046717855,,0.5572344476342418,,0.5565357568173775,0.5565140483742972,0.5584021737870464,,0.5582832802804661,0.5558107540237296,0.5568075828864351,,0.5562379532165733,,0.5564801340395924,0.5567144717128748,0.5547186153422665,0.5555401521844844,0.5566463646165775,,0.5563047920730632,,0.5565624481748788,,0.5567086754807179,0.555971047490126,0.5577928042559053,,0.5572515434248078,,0.557304552794507,,,0.5561442452844224,,,,,0.5560661976143451,0.5569998642767423,0.5568775692618473,0.5573955368992748,0.5573859284222292,,,0.5572806642950341,,,0.5562346834308313,0.5559333596559343,0.557168061919868,0.557178759188797,,,0.5575637624195832,,,0.5560308112172689,0.5581451659742858,0.5572494129161748,,0.5566821504845291,0.5563756126268957,,0.5564127041316547,0.5559127489909396,0.5541563163192654,0.5568888959061371,0.5566301162163484,0.5565735748098642,0.558408925760502,0.5566924361251038,0.5576515175608344,0.5576256087346333,0.5571331754713537,0.5554569797081067,0.5592174513519232,,0.5560851815095955,0.5560963547819091,,0.5574778598525387,,,0.46568544694115466,,,,0.5135312529046763,,0.6490412138166267,,0.5513061451809571,0.5516509551872204,,0.827126698854992
7,5,DG_10pct,20,Z18_F06,18,LL_AB,174956,181890,True,4242.608426828139,4259.131116438056,4259.51034776496,4266.988375891721,4253.852364688699,114.96091047763973,133.84458371490777,644.6768656604041,646.1987956860376,455.1178284549722,456.21508476238756,216.4935630901824,70.35498353277568,75.68377912876184,73.25833262901519,113.33764274961902,4549.638176161053,19.478473613398734,270.35668127230406,195.2694680386498,0.7174357852855512,,,,0.7145722012801377,0.8639408003028518,,0.5562584422560888,,0.557498528201582,,0.6494875227173438,0.6491038914063081,0.6497328533193903,0.5502919681611633,,,0.8275716047673728,0.8286502548349155,,0.5575387272391089,0.5562937771589518,0.5577657939262568,0.5573323509021658,,0.5560121633372982,0.5504472138425761,0.5536228081692458,,0.5585884322843568,0.5568359737006229,0.5580175826373475,0.5581107673592377,0.559416586833459,,0.6102653869505994,0.5052209645699408,0.5065405818823773,0.5058853847284909,0.49587379958228217,,,0.4956877122831862,0.4969968692257479,0.49871359917937386,0.4968765838125898,0.4957722108159067,0.4962530181800278,,0.49687270920080334,,,,0.496090764244458,,0.4970457377018776,,,,0.4878765793031175,,0.5717152951105594,0.5745977875029513,0.5720568557585934,,,,,0.5712691667946562,,0.5725732858291033,,0.5718396644518952,0.5731009344976904,0.5714454719085396,0.5717793424123252,0.5705792065131869,,0.5691118362899703,0.5727931813564954,0.5738774951394262,0.5719506011924134,,0.5711657098779225,0.5709140605465102,0.448099693838117,0.4479995426283355,0.44777166056794304,0.0077595772268562995,,6.216507908379215e-05,6.207670730586277e-05,0.006567798360261671,0.006566366793340512,0.00655460185205743,0.009922777237994996,,0.009909496304738273,0.009924685751552172,,0.009921015637934962,,0.009901390823482317,,0.009894258701925413,,,0.009917605164033345,,0.009936043451853758,,0.009920404909369459,0.009906431774911269,0.009911174299670119,,,0.009908494653894722,0.009915738417882772,,0.009920127024497441,0.009920402519946147,0.009899135766121593,,0.009914961122646934,0.009906878559586572,0.009927953533213421,,,0.00992435359045635,,,0.00991000777318527,0.009894538023212995,0.009935535811558496,,0.009923401618188821,,0.009915815559191684,,,0.9276106076599637,,,0.926500430273429,0.9270144207784545,0.9260954611189561,0.9263856754838216,0.9253424563128897,,,0.9231810421057188,0.9265032733395515,0.924485614146919,0.9241466143386403,,,,0.9260593356541135,0.9260123262277565,0.9274453813968881,,,,0.9270873760685647,0.9255623374959482,0.9284815592160294,0.9239649112863243,,,,0.9290362836256574,0.9268103477124852,0.92481472589316,0.9247068104978368,0.924853336001196,0.9255579959472056,,0.9237223257333056,0.923576574011877,0.9253460706031864,0.9220958426700949,0.9253905053276726,,,,0.007786098808623911,0.007771457004156804,0.007774967950129152,,0.007772086217248177,0.007809290231340912,0.007810552824208932,,,,0.007769892375819557,0.007793067031257919,0.007778627461403338,0.007777635365579997,0.0077710778224954645,0.007801080286157576,0.007790327202648262,0.007791895502384027,0.007784963909402882,0.007805652168592868,0.007775080860319637,0.00775610270817589,0.0077688741268808715,,,0.007785747876836041,,,,0.007765764315148475,0.0077795371665971245,,,,0.0077741963654371455,0.007800500923758551,0.007774300011532561,0.007783364894591503,0.007790806708219937,0.007780698298779633,0.007758834698435673,0.007779898122998845,0.007786047732780708,,,0.007781478305478584,,,0.007786207469069388,,,,0.1843389402655625,0.18453750992237533,0.28366408750147376,,0.14970545121690476,,0.15011348399397542,0.1497659899146381,0.14985162240093364,0.15054952913553699,,0.31166390368714403,0.310489551539114,,,,,0.3113676690018536,,0.3103499260351988,,0.3107967003313401,,0.31143650413336615,0.31041618715349834,,,,,0.3109797253217766,0.3109723314673554,,,,0.31057154601015613,0.31063042377162897,0.31026439344757534,0.3108151110888552,0.31068537874633956,0.3106954087482859,0.3107041290805216,0.31034501064917125,0.30989970543190787,0.31078229095521365,0.3112752906055596,0.31082715547200024,,,,0.310480124744716,,0.2919560250571158,0.2923493265557185,,,,0.29114816756867307,,0.2926386161364239,,,,0.29305194031970927,0.29236497228538877,0.291169061598942,,0.2928362180233548,,,,0.2925745465688191,0.2922811596887984,,0.29231196942656434,0.2922849389414371,,0.2921056608744257,,0.2927281943018237,,0.2924668491148622,,0.8226688822776334,,,,0.8233412989156843,0.8230641318353922,0.8224092331687759,0.822834875962987,0.8216717648656232,,0.8216757672985396,,,,0.8232549467360182,0.8236617010799918,0.8239291187788189,0.8240348293276798,0.8238818480210902,0.8231256883391035,0.826054509912443,,0.8233296065241842,,0.8221628783842644,,0.8196156227713803,0.8211933890997024,0.8187129005363648,,,0.8219393202710845,,0.8196737188667691,0.8198103393150762,0.8193975075994963,,0.8231639071666156,,0.8211998259542633,0.8222330765723632,,,,0.8222595649562826,0.8228544230453463,,0.8212871655129919,,,,0.8205644630607548,0.8229371092765013,0.8218560124608746,0.8209407187390013,0.8224948270535,,0.8239302646515703,0.8224329582938329,0.8232063149878645,0.8252145170068398,0.8231358395766695,0.8239324293470969,,0.824573714051579,,,0.8236669839913091,,,,,0.8267299218760655,0.8251055703440562,0.8256533193002543,0.8218074354560614,,,0.8245035372531042,0.8257566574460825,,,0.8247460642668609,0.8254699980346356,0.822065934514893,,0.3078549518235271,0.3077139742665953,0.3087224861580265,,0.32219724988642434,,,0.32093479731642927,0.32249641726698197,,0.2317852078044239,0.2309512214361927,,,,0.2418546964643629,0.21634578280839775,0.8206072771608722,,0.15024132367953233,,0.14834351443962418,,0.14842619831022336,0.14500227170416305,0.14518490458270883,0.1451804240534992,0.2878798138482084,,0.7793394087618699,,,,0.31355900877431314,,,,0.2846373404162528,0.2841824952564113,,,0.31970791784470404,0.2841823210866238,,0.29235706856044674,0.29228587612012247,,,,,0.15499416753788545,0.15468843323903012,,,,0.15446129926849353,0.15460379422420442,,,0.15496542666375426,0.15444643948840092,0.1550971048364311,0.15495179044723834,0.1547355037958304,0.7601959448082992,,0.7601823467223974,0.759876233771639,,,0.3514908451496081,0.3519492213618286,,0.35181880553843925,,,,,0.7572689837471683,0.757821873347141,0.7568580568557675,0.7575549075160839,0.15779192351863272,0.15675126518938698,,0.15806968669797086,0.1574120374966918,,,0.1575194401900123,,0.15820979000259608,0.1573142929341867,,0.15797040734162995,,,0.15765715711483455,,0.1577466018483658,0.15807366589989363,,,,,0.15744660959346943,,0.15763501839115385,,0.15762438047775046,,,0.1574734152269612,0.15762085648968555,,,,,,0.15792608941318792,0.15785092019422736,0.15763280616636532,,0.15792606478106877,0.15762072794904067,0.15767659752131702,0.15699374088715162,,0.15721758979604747,0.15764024726016498,,0.1580442267037552,0.15793954364081125,0.1576391966295321,0.15752879269492598,0.157672153547346,,,0.15808897117034482,0.15774488985756263,0.15746411804039487,0.1581882814303137,0.34020575953362153,0.3395975380289177,,0.3390797242929692,0.34120866340297235,0.3383843679009847,0.3402772067972141,0.3386925383603235,0.3398826655992872,0.33890174867981665,,0.33915296922531923,,0.3522966219549047,,0.351018269661977,0.3518949352040761,0.35164307343438606,0.3513616890791868,,,0.35123151223895566,,,,0.35076821971050354,0.35042925505829725,,0.3510811166200349,0.35189479103283244,0.35098392961264807,0.3400012789977062,,0.3389726530754848,,0.3394158174052577,,0.3401595050595131,,0.8176518942273052,,,,0.8190076652969489,,,0.8154140394150141,0.8199778762071015,0.8176065920230456,0.8183838728002962,,0.8186492310859209,0.8196359670548772,,,0.3498315416678734,,,0.35245999649702087,,0.35143002804627793,,0.3507062666256211,,0.35261188384738307,0.34750970530213626,0.35012341035493966,0.34985093056168365,0.8185608004796562,0.8194796588536,,0.8177080342719422,0.8206008263691265,0.8198246434486085,,0.33973514804019145,0.34037636110417635,0.3398264684700278,0.3391301982102133,0.3400882534728524,0.33950416251045235,,,,,0.33997376361855725,,0.3392773554470663,,,0.3398350317640499,,,0.3394529876627207,0.34027900471342887,,,0.3396369362649047,,0.3394645398253457,0.33964015693711513,0.3400181627372248,0.8224974428053213,0.8206555443704185,,0.8164488361964467,,0.8199454166974482,0.8169188910374755,,,0.8209545605871367,0.8172546855679054,,,0.8192277130675284,0.8190122482292902,0.8187399381700929,,,,0.8188611648021923,0.8189690742379099,0.8192709598214908,0.8196465978176602,,0.8186714999114755,,0.15078972428755896,0.15106282118040218,0.15076838415939822,,,0.15078750373708505,0.5142116632116297,,0.5104976686106668,0.5122496546158533,0.5108019412667268,0.3359925025533028,,0.554006957389439,,,0.556478922281942,0.5568712521068808,,0.5573056029894068,0.556437953882593,0.5561593801181903,0.5570026790777883,0.5550537764681293,,,,0.5565337541058737,0.5572344136733395,,,0.5565608023672264,,,0.5570337204709337,,0.5561911662766076,0.5574395542938708,,,0.5563400474900282,0.5569774476878611,0.556782414008536,0.5563101912145205,0.5565821566842489,0.55604695519277,,0.5566058636423469,0.5556928023967381,0.557969115755793,,0.5557519111022718,,0.5563845689807038,0.5560507767972228,,0.5562756241210369,,0.5566707753896598,0.5564509001931321,,0.556020578655671,0.5569526267770394,0.5566739488988918,0.5568304366680222,,0.5557588064871992,0.5568598542396634,0.5581748035582258,0.5570313672116517,0.5576024685171758,,0.5565759852389368,0.5570191678126019,0.5559241334849706,,,,0.5563794691172255,,0.5558139108215382,0.5562524706141142,,0.5563305630287042,0.5557628652103438,0.5562287591689441,,,0.5575353358719681,,,0.5576009924797459,0.5561834386209954,,0.5579049469625049,0.5566707671231487,,0.5556922983607231,0.5566961840599287,0.5568842233606544,0.5569968669061859,0.5572077496179231,0.5564537559646626,0.5567345059354823,0.5552068661853443,0.557627547402846,0.5570405129120196,,,,0.55670823454587,,,0.5582266078445877,,0.5571279850501896,,0.5565443182857988,,,0.558349731480317,0.556582528591705,,0.5560062256480851,0.5572964298186537,0.5571575076995384,,0.5575243292361559,0.555913156833246,0.5555991236367828,0.5562412377829902,,0.5559353282875426,0.5572487105448053,,0.5574167073180839,,,0.5569958588186676,,0.5553856706477905,0.555743498364216,0.557181309968493,0.5556346411920633,,,,0.5567784760588618,0.5572564166173603,0.5568043564207078,0.5575690408613233,0.559129294071346,,,0.5558506064296953,0.5572613551104167,0.5558842831192765,0.5548364564179787,0.5577027576274296,0.557219533557192,,0.5581811996940312,,,0.5564803691309383,0.5574206659609587,,0.5563161929912637,0.5570133039001613,,0.5565185786221355,0.5588331456488399,,0.557852038354264,,0.5565021905651885,0.5573910340662237,,0.5585947491064299,,0.46528922880990037,,,0.6001329397608868,0.5123830796517556,0.8220853831971363,,0.6486166811222734,,0.552352287039812,0.826461945024258,0.826074526214299
7,5,DG_10pct,20,Z18_F07,18,LL_AB,255381,255322,True,4357.762076534022,4398.4381640599395,4361.173980708352,4404.125961173821,4387.536947594509,120.02058466157268,142.1203162438722,655.6507815358369,652.0613566875468,459.5810433797679,460.9355862377275,219.63835203804308,71.11737742298467,76.65823171101383,74.59979081591199,120.04196633185218,4731.826749856361,19.324011086398617,285.34804021547785,204.26818317262686,,,0.7119352167869853,0.7802555261581309,,,0.6342354558744018,0.5462545936415572,0.541928841381246,0.5423076743467197,,,0.6324269470623692,0.6311832915689498,0.5407468924511954,0.5400094903610767,0.540160899990921,0.8190500591246076,0.8196267600746859,,,,,0.5416447586419979,0.5418288148791018,0.5422104055038655,0.5377839868781246,,0.5392979784459937,,,,,0.5438221468431416,0.5428060064204111,,,0.4909719180555364,0.49252858348221973,0.48078638279023883,0.4811983618388872,0.4794690348721765,,0.48073786950899366,,0.48261072251503606,,0.48031891707020635,,0.48083572537959257,0.481089660266381,0.4799580328061252,,,0.4800911947105166,0.48121960065920993,,,0.5595215840846984,,,0.55255542810067,,0.5521069627108621,0.5523090937688775,,,0.5516342077102216,0.5514124834216138,,0.5547873608168544,0.552120075126559,0.5532846287392301,0.5546358793995506,0.552773941042619,0.5539319391835301,,,0.5523643627166829,0.5532331012525182,,0.5532147139700329,0.5540725702258352,0.552403266715364,0.5534616816340671,0.42963044981973303,,,2.6619056111094805e-05,6.3369374856158e-05,6.350635583775505e-05,6.352678454555543e-05,6.351972442528179e-05,,,0.00013825082339759436,,0.00013838109637972544,,,0.00013806327423817523,,,,,0.00013817636970892187,0.000138302706684268,,0.00013816663076926267,,0.0001379593644849394,0.00013829599624347774,0.00013811947519218977,0.0001381486989294071,0.00013784922487186074,,0.00013789039334739846,,0.00013788755256750234,0.00013766316606115216,0.00013805301155534914,0.00013788825459088878,0.00013844280920553725,,0.00013794485292825215,0.00013822024462895575,0.00013807694524329506,0.00013772669242829465,,0.0001383804447464815,,,0.0001378422133339049,0.00013809189202377756,0.0001383300500987872,,,0.00013801764231457706,,0.9113370460799827,,,,0.9156055060948463,0.9118383703147851,0.9131391565741894,0.9134205286878834,0.9097916539795823,,0.9141087510556918,0.9115453372891074,0.9115888521274067,,0.9145500598782306,,0.9096448145008998,0.9149579941821677,0.9153350781762702,0.9122235631193709,,0.9121887868690423,0.9116279619550871,,0.9118681289764368,,,0.911965399269083,,,0.9130957350228005,,0.9118118079457994,0.9125829716297974,0.9114740727997338,,,,0.9118614612625668,,,,0.9132583334339799,0.9112128215578547,,4.486671669108647e-05,,,4.47618937943417e-05,4.487055040462915e-05,4.481895807526895e-05,,4.496058695271272e-05,4.4900533476067595e-05,4.501941789085847e-05,4.4844456260414446e-05,4.483554132350092e-05,,,,4.483782954263701e-05,4.492741074357006e-05,4.49971400046654e-05,4.4950069555154064e-05,,4.491717571260081e-05,4.476459789528366e-05,4.475550257868091e-05,4.481495193648896e-05,,,4.473920134426123e-05,,4.489506525535647e-05,4.48952798004287e-05,4.4829753060139306e-05,4.4879109271489537e-05,4.4851691708444654e-05,,4.486041557329424e-05,,4.4843106732214644e-05,,4.492306707921063e-05,,,4.4814317592837935e-05,4.482001864417946e-05,4.474437024362403e-05,,4.4820751642800356e-05,,4.472600075037063e-05,4.4864040230762524e-05,,4.4761256213259336e-05,,0.16222672253771495,,0.16170586869527326,0.25237260426951247,0.20474137593122857,,,,0.1262054229178002,,0.12634404675440108,,,,,0.28100804327396683,,,,0.28110399846008954,0.2821150306494053,0.28092055143088684,0.2814666433789163,,,0.2808154231005545,0.2805958268502404,0.2804068607723841,0.280690839960736,0.2810165224998052,0.2812910032160789,,0.2811461520914372,,,0.2809297022281827,0.2806780124161429,0.28118389534499727,,0.28084165857697546,0.28070387940517183,0.281275762535965,0.2809009125430525,0.28013267240385675,0.28093203492763374,0.2813716781417787,,0.2811172785064604,,0.2820964624759548,0.28123543561470815,,0.2611012584930889,,0.26202132913990633,,,0.2609672089893885,0.26094711528067555,,,0.26209524832943304,0.261582076947629,0.26160079321607516,0.2617861231263172,0.26082325297631265,0.26207299462656425,,0.2624656894427611,,,0.2619040712647195,,,0.26150307550200724,,,0.260660831639858,0.2609908324688068,0.26124772232771587,0.26126080284864056,0.26146243641304046,,,,0.8136608139491378,0.8104323115054617,,,0.8154494864641393,0.8133153548168608,,0.8144317945733309,0.8134726006634247,,,,0.8156937018538005,0.8130178627190849,0.8142319091760574,,,0.8151297522627039,,,,0.8144814142804053,0.8144705598040071,,,,,0.8117037498082391,,,0.8106707026046296,0.8128883172031154,,0.810969621130863,0.8130099506358193,,0.8106852938776069,0.8138704926472671,0.8151098972118442,,,,0.8114309804891974,,,0.812880681704454,0.8110316357345342,0.8116332870558135,,0.8130508795546507,0.8128942658510525,,0.8129227974525145,,,0.8135321961533178,,0.8122883984979087,,,0.815568895267817,0.8153332886327028,0.8136411434504308,0.814087565636123,,0.8144731450315204,,0.8143765662992973,0.8157287141043704,0.817476806658111,0.8141845637788946,,0.8142736310024197,,0.8149509988432193,,0.8148263445735728,,0.8148244495184619,0.8146128373788989,0.8158313516946278,0.8144831163793953,,,,0.2919365955740164,,0.2922955073861533,,,,0.29215017132865645,,0.21107737523243653,0.2114472738255074,,0.21113226224575687,0.2109323037978943,0.21145875101694306,,0.1974844183771691,0.8101568873191206,,0.12614424092389112,,,0.12413471608361029,,0.12131712925580805,0.12112618417442614,0.12150245692722084,,0.23507706916192828,0.7655534172006663,,,0.7595040791436969,0.2813717384169659,0.26589748496379306,0.7562483651421709,0.2728807768259439,0.2741625116661565,0.2740829300217826,0.27365113910628264,0.2742004301229829,,0.2734118745437088,,0.2832331416383956,,0.13015463790991863,,0.12986408222555676,,,,,0.12992860983133056,,0.13004301327408627,0.130194294558661,,0.13026299496683333,0.1299867320088598,,,0.12998266034704564,0.13002302655487002,0.7430307620405713,,0.7445496452607777,0.7437787475377423,0.7451368483158909,0.7467048354293301,,,0.31876029264689276,0.32026687628715006,,,0.30774939241454125,0.30784255924025766,,0.7421441411032891,0.7420306281417647,,,0.13246555230595006,0.13270237165791868,,0.1324083227708614,0.13244323580253323,,,,0.13224010231221892,0.13292196517545468,,0.1327818349885255,0.1326036876453668,0.1326065638511942,0.1327739647462859,0.13217431557218004,0.13277716744911208,,0.13242787733730005,0.13281682919092389,0.1326240765700083,0.13258096280066295,,,0.13239103062637614,0.13267066271126468,0.1324991864536479,,0.1324118615229588,0.13246835616488525,0.13250123121978422,0.13210738835235586,,,0.13271355884258867,,0.13289982681448817,0.13279015690365326,,,0.1327499437638571,0.13277743320159463,,0.1325871192892194,0.13263136636835407,,0.1328210514818441,,0.1325577301903391,0.1327528745157561,,0.13283658367800297,0.13268388420427027,0.13299423895736578,0.1329776835765417,,,,0.13255887881129147,0.3238584074449815,0.32410923414951903,0.3239747259850496,0.3248059052607391,,,0.3233983352701359,,,0.32440926705617595,,0.3239890966996678,0.3243878816957661,0.3253805926185389,,,0.3250041223600336,,0.3244992992011614,,,,,0.3247032924701091,0.3241981230582837,0.3242325600739003,,,,,0.32440081050379205,,,0.3245759726700412,0.3242425438718386,0.3250145792033287,,0.3247970005819795,0.324770913816106,0.8086462084028525,0.8066454499360228,0.8086125119310555,0.8079443757849775,0.8084593631929267,0.8064287983238474,,0.8088987576421544,0.807032884396639,,0.8094774774553769,0.8100103579329226,0.8085972738516202,0.8072637338552674,0.32382095957920815,0.3246645512408489,0.32398548624736023,0.3237114176946263,0.3248722922828402,0.32539675163540044,0.32373520355107394,0.32452912940733486,0.3243188128065668,0.3241743024149808,,,0.32016095389756527,,0.3229069721497207,0.8092249770310664,0.8093473015127798,,0.80959735637255,0.80740987527773,,0.8074305539951606,,,,0.3242817892904417,0.3235543054965445,0.32419058305547366,,0.32508107774120854,0.32522693219322946,,,,,,,0.32497558815122096,0.32433930849442466,0.32451523689335643,0.3245542703048465,0.32460872449689665,,0.3245264717899485,0.32426618589660955,0.3252701751274627,,0.32428266142346185,0.32410241201330575,0.8129791569415536,0.8110867027563206,,,0.812313927264112,,0.8103347471590292,,0.8103368603157924,,0.8087820242343147,0.8045166314609137,,0.8078148705361058,0.8109480062532309,,0.8096999007286869,0.8102795949971691,0.8110736176929421,0.8104406095751642,0.8115938760843994,0.8117081605173256,0.8104912768678848,,,0.8103339450760288,0.12702004055407207,,0.1268615170868642,0.12694729946393923,0.12721343806685104,0.12725342611144502,0.4997858634138497,,,0.4969639958936287,,,,0.5427744925723181,0.5422568460007914,0.5417326269207579,0.5423879165640633,,0.543592644359709,,0.5417990443390545,0.545022733167026,0.5444343058918039,0.543276991942536,,0.5435897576458776,,0.5433104690897422,,0.5433529265538463,0.5439754414582136,,,0.5436398992720096,,0.542633581149759,0.5419139133665934,0.5444584150079088,0.5418762607830602,,,0.5429737796400318,,,,,,,,,0.543816491250806,0.5427295825846665,0.5431668716417859,0.544323309037976,0.5430388620780492,0.5431635089214181,0.542897401885211,0.5427856534591703,0.5418850229310396,,0.5439440722678114,0.5439442839454227,,,,,,,0.5421271519250647,0.5433384259413472,,,0.542821233168728,0.543507309873787,,0.5435553509742579,,,0.5432519373757102,,,0.5436775135237056,0.5436829330412861,0.543057846419834,0.5407537474541108,0.5437195742128688,0.5436967099946937,0.5425971666291323,0.5428001263509922,0.543403912630363,0.5449484565576417,0.5422906518656516,,0.5430158429539957,0.5420237042883863,0.5433749480585409,0.5435225096869348,,0.5431434376814359,0.5428732198444629,0.5430287372110507,,0.543033555752196,,0.5446565487898081,0.5444370436340226,,,,0.5432031397521006,0.544397448419643,,,,0.5434300869583044,,,,0.5436049304201105,0.5430097634624131,0.542264951194062,,,0.5440535105832438,,,,,0.543801232565464,,,0.5437116444606156,,0.5445394597300258,0.5405451399225459,0.5435562397073319,0.5444611682614446,0.5419305365955392,,0.5431082994811101,0.5439268132488153,0.5429969608681119,0.5438741947283445,,0.5452120223413547,0.5428927816224056,,,0.5411686162446074,0.541467359031044,0.5443640621833369,0.5423280175963783,,0.5419415386793243,0.5438300110896003,0.5433472568235529,0.5436717157398123,,0.5414223353709011,,0.5430308106632595,0.5424235637518723,0.542330276903827,,0.5436223898050492,0.5420606483633137,0.5441793305067139,,0.5436762793810486,,,,0.5434557493481792,,0.5437786981481648,,,0.5426890595976741,,0.5432218528323461,0.4482733954006712,,,,,,0.6332962922214044,0.631212602334591,0.5385624930337027,0.5402708984624042,,
7,5,DG_10pct,20,Z18_F08,18,LL_AB,174951,181886,True,4277.159582910868,4267.827550372419,4281.221252958845,4295.311747901539,4273.735394991351,115.36224801402646,136.0851761335221,650.292486569926,643.4032567006946,456.85408697122267,456.6976892835902,218.60282226769255,70.47330951048514,75.98116118736155,73.5142781335649,115.38729782216606,4611.90558501471,19.344594428757457,273.165519996491,196.63327799711712,,0.7180434985313686,0.7160935252401546,0.7845886269609815,0.7132844841098744,0.861664132867761,0.6392752595960537,,0.553213690508918,0.5537422750284859,,0.6444183780831111,,,0.5487377860802769,0.5501100516167193,,,,0.8236201482042884,,,0.5533534346451602,0.5534523025575269,,,,0.5506635196855966,,0.55432964010273,,0.5538809950246247,,,,,,,,0.4929486072969437,,0.4935341731288894,,,0.4931045694331308,,0.4936071255893146,,,0.49205979540346384,0.494618921599845,0.4925230571020154,,,0.49368723030468287,0.49365525633593255,0.4927628435334955,,,,,0.5682119212854705,0.5677362692184178,,0.5686659532861562,0.5679837218341792,0.5683529964806071,0.5674953800046428,,,,,0.5694326818130772,0.5690630855694362,0.5670136652444583,0.5685752278894789,0.567705543450161,,,0.5689746263671241,,0.5674236740393928,0.568241999947393,,0.5693157439061421,,0.44379962828063585,,7.259428020579924e-06,,6.243545952903438e-05,6.248964631826241e-05,6.227774937151215e-05,,6.241483584962969e-05,0.00012544088286993029,0.0001255653216188394,,,0.00012559552621317836,,0.00012571845905187556,,0.00012567115955190313,,,,0.00012557380694279164,0.000125678511661188,0.000125496463772009,,0.00012528494145929342,0.00012531798830296782,,,,0.00012580593013899273,,0.000125792884118172,,0.00012538539633727704,,,0.00012551391679983592,,,,0.000125470925797279,0.00012517467036249198,,0.00012540543473008161,0.00012519380918667142,,0.00012543873828998155,,,0.00012547184233713943,0.0001257088718220203,0.9265131303436555,,,,0.9230884506026122,0.9223487827170158,,0.9261465276445962,0.9259283512741869,0.9258101260241578,,0.9271406682362817,0.9282804445847022,0.9259751888998001,,0.9293812398792948,,,0.9232586475694047,0.9254481992310162,0.9263090260631922,0.9247328930598802,,0.9239334193006169,0.9253997602691457,0.9244532120923371,0.9243743528683656,0.9247245135400366,,,,,0.9244109281521335,0.9282332867204288,0.9252382182082599,0.9246507465520694,0.9241567905045063,,0.9222566627467365,0.9256742399637411,,0.9252663192606327,,0.9231920789934661,0.9242796627250212,2.3996940859076966e-05,2.3970775531281165e-05,2.3872164399530723e-05,2.391451484937667e-05,2.3918446298288155e-05,2.394161767275552e-05,2.392996826104421e-05,2.392172699010633e-05,2.3825715828628753e-05,2.3955312934089747e-05,2.395455200992982e-05,,2.383529781581794e-05,2.3960280205588053e-05,,,2.3966606008676563e-05,2.390186823110728e-05,,,,,,,2.3867472761598712e-05,,2.3919398519090052e-05,2.383920302157526e-05,,2.3907669717360385e-05,,2.393872100837486e-05,,2.3831618714378748e-05,,2.387455264874902e-05,2.3959611387667153e-05,2.3950123939392335e-05,2.3970753046330567e-05,,2.389544369591479e-05,2.3929937705289553e-05,,2.3895635062497734e-05,,2.3866741793189467e-05,2.3938711678035934e-05,2.3969649136147057e-05,2.3909296291989293e-05,2.390659346159962e-05,2.3909713548572297e-05,,,,0.17959697954498427,,0.2767649496440095,,0.14447284415955522,,,0.1448573627456538,0.14449665737027026,0.14468581990949456,0.30484197492063597,0.30422779660737986,,,0.30440826844232527,0.3045987910051112,0.30414132609517575,0.3039109788798648,0.30493147271794235,0.3046520984305956,0.30389949137245104,,0.304258143682222,0.3042421985456237,0.3039950251868045,,,0.30403587189599957,0.3048046298129325,0.3050278153922276,0.303940986135303,,0.30474354302887136,,0.3040209410605451,0.30356193982028973,0.3033744092318461,0.3048391369200464,0.3042077295266451,,,,,0.30396716136807905,0.303708292105063,0.3047570279693221,0.3043370251256705,0.30406554867577623,,,0.2851344617035729,,,,,,,0.2848923780850723,,0.28496692708437843,,0.2863010683019607,,,0.2859721275387483,0.2865786123516851,,0.2851594763670481,0.28550466265173724,,0.2855738207070864,,0.2862085499906125,0.2852235095414341,0.2864135769438297,0.28509932631273155,0.28470265286610225,0.28582368138115044,0.28625238919125096,0.2850040921998103,0.28514789280967506,,,,,0.8201786048876101,,,0.8195782500476883,0.8185128513121726,,0.8202052376579568,0.8196509524348207,,0.8196296359969479,0.8201317187498257,0.8217570085709583,0.8214311596866523,,0.8199285285927227,0.820277738774161,0.8208043771228032,0.8213719636184296,,0.8212623309367681,0.8199631035688759,0.8211727691851346,0.8192554524053328,,0.8181319840798732,0.8159912073523451,,,,0.8167335223889298,0.8190857440129036,,,0.8196385291006777,,0.8192450418559292,,0.818555867064251,,,0.8227510726787959,0.8193324406741983,0.8222059438834335,,0.8186851663930996,0.8216012065157321,,0.8203747264652611,0.8210063853740194,,,,0.8189201935113904,,,,,0.8185323207471891,0.8213563797840318,,0.8219860946061366,,0.820159500345834,0.8218121521152014,0.8229151850721889,,,,0.8191771254441206,0.8217847876188287,,0.8230904472593558,0.8198904738960611,0.8210085802771631,,,,0.8213476293671725,,,0.8210614293431899,0.8207994832711129,0.8207878516514355,,0.30408753283407824,0.3039822793844856,,0.3149627387746351,,,0.31488549830151613,0.31578318714969145,0.22703524421754553,0.22705012024709736,,,0.2267954029809806,0.22668058067251437,0.2353503587579975,,0.8185445683427249,,,0.14483384855520293,0.14237640598988135,0.14281993685054287,,0.1401644280701812,,0.1402152058536251,0.2800070611708602,0.24359164201322986,0.7760355734620642,0.29970048874226957,,0.772195910299766,0.30732816401152524,,,0.28122805963977443,,0.27992518717638926,0.2807887738408071,0.28122541497942904,,0.2812892624534069,0.7643874094880796,0.2885679068423897,,,0.14949392762632074,0.14920871616150216,,0.1491607508662937,0.14910984211279976,0.1491597209387303,,0.14931875596063282,,0.14892349493479407,0.14900908217836312,,0.14953118061920667,,,,0.14897488784617294,0.7582742753398205,0.7571014492712426,0.7561927445279779,0.7544922831168982,0.7544677366087023,,0.34461103650882985,0.3448061481698477,0.3455382695955712,0.34603410209090796,0.31275176872819144,,0.3125701583888397,0.31373455747654166,,0.7550138158734405,,0.7529513125792597,0.1522666381456581,0.15244007697532966,0.15191389501604116,0.1520294813769188,,0.15203716497429026,0.15252813031803492,0.15173430862787052,,,,0.15181216694627814,0.15192196883598738,,0.15177251954553986,0.1522010028258268,0.15216708498626894,,,,0.15221314069389733,0.15200745382901462,0.1517090511581226,,0.15194232093033988,0.15215454407107365,,0.15236400454596277,,,,,,0.15170123422240037,,,,,,,,0.1518136069334088,0.15229362802229005,,,0.15242874971312564,0.15231525111955552,0.1518244851537805,,0.15239240777134058,0.1521670572886255,,0.15243820851360823,0.15202794642476425,0.15238213591941382,0.15222078505548506,,0.15188370639512988,0.15245156966377943,0.152009287970791,,,,,0.33476229905356686,0.33500190808849445,,0.33461763221292834,0.3348635518614018,,0.3356445077945943,0.33563537747217687,,,,,0.3457161229457084,,0.3439619352381946,0.3453421950440799,0.34482589185849505,0.34596813396520754,0.34518255903800504,0.3455861289996683,0.34439427927941424,,0.3456660211629697,0.3451984262199558,,,,0.3360322136890294,0.335773821050161,0.3348753013623019,0.3355722765613662,0.3351431138923384,0.33543531131491244,,,0.8164217228798137,,,0.8144604641193788,0.8154111455310438,0.814650366405674,,0.8147626278632856,,,0.8159312538494353,0.8192161111979668,,0.8146902417158046,,0.34495089956449165,,,0.34558121941717357,0.34593874608338676,0.3454131161702063,0.3458023669255076,0.3465411932362742,0.34498435326886273,0.3458586848996929,0.34646382820108546,0.34037714349986703,0.3434585061239993,,0.8163651115106522,,,,,,,,0.336025130470653,0.3362763497682133,,0.3362247990347889,,0.33714298380220803,0.3357421908758271,0.3347796068736498,,,,0.3361548515422634,0.3361730192177818,0.335939932330796,,0.33573155315299885,0.33597888706714407,0.33690669024547254,,0.33535898803937825,,0.33491460813801144,,0.3348371079455145,,,0.8166265472961116,,,0.8170762921062996,0.8177857477465863,,0.8177973452582153,0.8178044446946868,,,0.8132591887749117,0.815422859057687,0.8160010051216292,,0.8182004565847801,0.8175323789578658,0.8167234528174148,,0.817372455735702,,,,,,,0.817049992585545,0.14544143235910056,,0.1456727045302368,0.14577932072231706,,0.1456270827848433,0.511278035640197,,0.5089017597265183,0.5078286024214433,0.5087314565135914,0.32995276042919924,,,0.5538310202186141,,0.5530417713313681,,,0.5540117165567736,0.5545769903776017,0.5528430289273397,0.5523632577578583,0.5538389655675551,0.5530611632648084,,,0.5556036516030877,0.5540190486200733,0.5534232566564293,0.5540835414627955,,0.5552433979555672,0.5541610917567759,0.5538196293426103,,,0.5543809434495295,,0.5517191333971665,,0.5537039434838718,0.5542638228727569,0.554163850566812,,0.55365001171529,0.5536691569581444,0.5544366979713683,0.5534950938021604,0.5544513812350303,0.5531792682564,,0.5545489921719764,0.5546220203402733,0.5532970113122974,,0.5542641228461781,0.5556724356757056,,0.5547415710064797,0.5553704569261098,0.5528004223919155,,0.5538602901332641,,,,0.554970480589559,0.5552579262721068,,,0.5542911559375653,0.5549225266964855,,0.5543507100014423,,,,,0.5543126345641326,0.5547046463457489,,,0.55265243388626,0.5539533205376324,0.554356272642175,,0.5542451245841303,,,,,0.554166204005817,,,0.5528356987484645,0.5541037405308304,,,,0.553794594767654,0.5525580987745491,0.5543291581756858,0.5538942726172713,,,0.5555260837694004,0.5540990784386123,0.5552653366817807,0.5541469062643686,0.5539013199529591,,0.5549055451386086,0.5532130162185995,,0.551631661586329,0.5544254373449227,,,0.55188611157851,0.5547354587724523,0.5549923669383945,0.5542853697760607,,,,0.5540664698482691,,0.5537913385370574,0.5515256887210007,0.5545101150269076,0.5531655858632974,0.5555852102195223,,,0.5553964689792431,0.5528353306808731,0.5541406503056064,0.5554704072217077,0.5558471950110649,0.5549018353502786,,0.5542203780624454,,0.5535086553604512,0.5536580496401007,,0.5542114338202875,0.5558855209858231,0.553309501285827,0.5543126206384812,,,0.5551976250879727,,0.5544370134991307,,0.5537721650304699,0.5535869367343449,,,,0.5522273424954072,0.5533120768872039,0.5563394433714677,,0.5538811351539548,,0.5561899562707682,,0.5528795600430267,0.5530605000587564,,,,0.5525235686184312,0.5538030002339696,0.5552655732631628,0.5541399498954735,,,,,0.596565561304281,,0.8208779012030007,0.643215076139649,0.6442885047258495,,,0.8243069802623494,
7,5,DG_10pct,20,Z18_F09,18,3PH,174952,181886,True,4370.841048063425,4393.432066612677,4438.039775518432,4480.513774585245,4459.8042649693725,17.909158703965822,14.465538567529066,107.35512742199346,108.44648624241624,82.02297339512774,81.90895896028772,40.647928235517,13.393271871621764,44.726589312098355,41.725089363127495,18.205816993855212,4529.976017913215,0.0016707421337396893,20.735058263332252,27.143950074637267,,0.719446150311021,0.7198367763952566,,,0.7222129277888449,0.6493907782301017,0.5526998978716781,0.5546617729827942,,,0.560341892322349,0.5596645999859747,0.5597784014664504,,,0.5596960552399077,0.5585439911322352,,0.5602787037117768,,0.5538185052553453,,0.5526728899603136,0.5548070235784448,,0.5491668762756072,,,0.5556335840039186,,,,0.5567972074079522,,,,,,0.49321917418028194,,0.49388209783797965,0.49508605229717917,,0.49460369460146647,0.495088538356992,0.49491604729871225,,0.49419373166497416,0.4946045554684013,0.49601440551759995,,0.4953502916103744,,0.4933710223140095,0.4954783633134676,0.49366264015075223,0.48680928083576025,0.4883316713872481,,,,,0.4800162912388768,0.4802269926247092,0.4804502289718044,,0.4799273017397946,,,0.4781510887712563,,0.4803574198127973,0.48095769715204456,,0.4807921452803506,0.4792473455778257,,0.4795605335950343,,,,0.48109949270566815,0.47847557314918004,,0.4437991338457705,,,6.209306413903541e-05,6.178253649197382e-05,,,6.184317557671976e-05,,6.16958275733239e-05,6.262816266004727e-05,6.281798894556074e-05,,6.25638709610155e-05,,6.247653533036752e-05,,6.259731238732857e-05,,6.257163692289089e-05,6.271167543428057e-05,,6.240171062598823e-05,,,6.245287819766192e-05,6.245766256678913e-05,6.250952291959194e-05,6.257137174258042e-05,6.259320045348609e-05,6.250711615833861e-05,6.262722259901699e-05,,6.260102933004625e-05,6.23155200628391e-05,6.25360229311762e-05,6.247887639838017e-05,6.26150676173622e-05,,6.236276959889734e-05,,,6.245970460631578e-05,6.241978591952038e-05,,6.256624072974973e-05,,,6.24315030040056e-05,6.252772454022019e-05,6.241472143847751e-05,6.257524456026819e-05,,,6.253550248030576e-05,6.253352117841055e-05,6.248463716949558e-05,,6.247836033945114e-05,6.262184633062626e-05,,6.248707305193883e-05,6.239719279937212e-05,6.236074248310205e-05,,6.261777134858169e-05,6.245684299119647e-05,,,6.254509749447081e-05,,6.258402058473926e-05,6.249378829498304e-05,,,,,,6.252756937483471e-05,,6.246682177886655e-05,6.240869819852017e-05,6.258260143524425e-05,,,6.25472459060555e-05,,6.236964842912951e-05,,,6.253717328287157e-05,6.257318298047039e-05,6.257518614863924e-05,6.25130683767593e-05,6.249301535946403e-05,,,6.24247326290673e-05,6.239569470394167e-05,6.234451792760106e-05,6.240687982266626e-05,6.248384093793224e-05,6.238887510304114e-05,6.242458784060936e-05,6.233789660152075e-05,,,6.272543259161052e-05,,6.262628969285473e-05,,6.261045509515935e-05,,6.239453819219885e-05,6.249131213148882e-05,,6.257621318503368e-05,6.263780840715722e-05,6.269642867032733e-05,,,6.237344713648233e-05,6.246670180168774e-05,6.246888516037867e-05,6.24364429749025e-05,,6.248888273361181e-05,,,6.251206433169531e-05,,,6.24256363695594e-05,6.251416322776645e-05,6.270245456497724e-05,,6.250109991848282e-05,6.250833278049693e-05,6.236622348653474e-05,,,,,6.255658353280894e-05,,6.262961916038248e-05,,6.263263555088784e-05,6.25504188926864e-05,,,,0.1780452821491507,0.17775104032579356,0.19410910466719386,,0.14477399459925894,0.14500095662787116,0.1451694315325636,,,0.14481792211886113,,0.2207866350332344,0.22064398618657757,0.22085649639896832,0.22109155016175128,,,,0.22075122789400167,0.22066103422845476,0.22094962958466763,0.2211297502879785,,0.22122194603052975,0.22117853280910837,0.22116200676396608,,0.2207925534268524,,0.22156778657143367,0.22101374927646367,0.22146056544696074,,0.22096559269750607,0.22075807862653218,0.22043166172524695,0.2202117429487504,,0.221511657523669,,0.22081575737953352,0.22082974219993837,0.22102903964000564,,0.22070910381045009,,0.22077199100532638,0.220970175956863,0.22048301544610105,0.22042491245999513,0.20258208285507007,0.20272949256406783,,,0.20292896646182262,,0.20284336964421804,,0.2028554331684128,0.20264570004214394,,0.20233242929900852,0.20310634392550447,0.20266314283263692,0.20277132618631014,0.20304482907556226,0.2026125147112891,0.2027376515051861,0.2027502375147597,0.20286466430230973,0.2033380211638469,0.20293031971213993,0.20254257764461725,,0.20284560448925973,0.2027844988993963,0.20257784117912528,,0.20179324045901426,,0.20269320076238834,0.20236159265175402,0.22191507478865746,0.22050915163477183,0.2205288368309927,,,0.220657683245324,0.2209877854821533,0.22003536195381876,,,,,,0.2018172756077485,0.20159254736621382,0.20216836963830376,0.20193305763954442,,,0.20286578277556344,0.20173004150474336,0.2021684935326191,0.20216036981389812,,0.20178797852464228,,0.22095506466708245,0.22114422597259717,0.22096218664069675,,0.2201281584561299,0.22045556379880402,0.22140327997796813,0.22077983719750546,,0.22074780987247694,0.2206915188782524,,0.22067363953687044,,0.22023244273136192,0.22019759996854582,,0.22036871983039344,,0.220760917727092,0.22085439250771433,0.22037482613434753,0.22064345283562387,,,,0.22045520898417165,,,0.2208747383886862,,0.20162617111517955,0.2015548061022467,0.2027559198100249,0.20206442399118257,,0.20231835464728282,0.20239971101902784,,,0.20230866340633313,,,0.2017170746739679,,,,,0.20228493323789684,0.2020446720606475,,0.202521903120513,0.20190561120711967,0.2024068817433359,,,,0.20252423269372263,0.2029232684963438,0.20222899668623737,,0.23094173963226236,0.23136215510216124,,,,0.2310663262610722,0.23101357696725391,0.2310269164652735,0.22574989399741002,,,0.2256350148635968,0.226620974126338,0.22599982678870567,,0.14578785099226388,,0.14497511669612148,0.1446271956996874,0.1446061423550702,0.14127805897237825,,,,0.13773870126915583,0.13746911481157556,,,0.14621132915293572,,0.1480454950382525,0.14806812291281773,,0.14872951500613535,,0.1496367929516676,0.1496696125186247,0.1495935261404696,0.14982420683399258,0.15002616284842687,0.14966030592743712,0.149865067563987,,,,,,0.14968673054082463,0.14973159551189522,,0.14946551743242495,,,,0.14975065153006087,0.14944650681170302,0.15006835594411244,0.1491940339221035,,0.15008441998614877,,,,0.15247125995598815,0.15221645427311611,0.152440059491017,0.15248606273154897,0.151856869605375,,0.15273365362151348,0.15314828591404311,0.1536177411981678,0.15311535262795622,,0.15306633816419157,,,,0.1529805013151239,,0.1531254030131647,0.15266024478502824,,,0.15233426968825428,0.15232627559423886,0.15202860062263276,,0.15236991689689838,,,,,0.15210267098843025,0.15268844461621348,,,0.1522485824718701,,0.1521164519414076,,0.15233615664964126,0.1525492265407718,0.15247837152649704,0.15251467254625878,0.15270076539279673,,0.15237636090583978,0.15258975345955614,,,0.15220493811437347,,0.15253133222170737,,,,,0.15250671255822595,0.15302590515285006,0.1522622008836824,0.15226106610904563,0.15279892765347178,,0.15303951614178127,0.15257841530282376,,,,0.15283568772509154,,,0.1530564450711865,,,0.15256306770176048,0.15253577751999087,,0.15239941908932605,0.15230542267980804,,0.26515106928695575,,0.26523774833875624,,,0.2641568522381396,,,0.26435483173549446,0.265104204740323,0.2644874730821187,,,0.2647587797824197,,0.26459831767649383,,,0.26448960881284184,,,,0.26490536060812986,,0.26491375007054985,,0.2651723844286104,,0.2644943872215001,0.264016969235246,,0.26433325833536264,,0.2650832150590913,,,,0.2652557087211512,,0.26400593702314656,0.2646567288378968,,0.26469423040839735,0.2645662041280833,,,0.2635766587810476,,,0.2642316071618513,,,,0.26442004095618515,0.2639724440521501,,0.2651279465400182,,0.2642677369042915,0.26511899080867274,0.2648831308152287,0.26432403368074403,0.26424048120111143,0.26524190871855746,,,0.26351880575159636,0.26415095034618213,,0.2640297767475094,0.2641183580103035,0.2634864733269402,,,0.26376505181294224,,0.26500448466198456,,,,0.26412299944886153,0.26451230914840573,,0.2648700944961609,,0.264038280067493,,,0.2658436627184801,0.26465950818909184,0.2654761781906823,0.2652886971658864,0.26482936216336217,,0.26431894860022903,0.26455867677187894,0.2642521992802655,,0.26408611033681045,0.26518931205951496,0.2646973552123847,0.2639688596874183,,,0.26462755817927425,0.2637945282165535,0.26400184741496713,0.264977387018717,0.26490393091241277,,0.264455062124225,0.26505967093029165,,0.26361400333600166,,0.2645775163354672,0.26462175817309563,,,0.2632958614526479,0.2641656711487265,0.26481190768566154,,0.2642462827112393,0.2640871638787452,0.2641026152200253,0.26477256887233114,,0.14585218246212883,0.14597690176263295,0.1454389901776935,0.14602393851405385,0.14602361247585627,,0.5134477290763753,,0.5083788693046775,0.5078495955110033,0.5083066552159791,,0.5555191692617656,0.5555069936228164,,0.5559303551440266,0.5555513220481567,0.5559608969641371,0.5567956789321715,0.5564140234152243,0.5553550395498876,,0.5543954246519845,0.5546970967658938,0.5561735908409214,0.5563769821072037,,0.5546175238374377,,,0.5571189881969737,0.5549731359017799,0.5567257719409945,,0.5561576592291981,0.5549566176580354,,,0.5556839752749054,,0.5535964934795987,0.5546072861532335,,,0.5549699053839698,0.5548057158662133,0.5547514456803045,0.5550774680759933,,0.5562593721061138,,0.555113278130168,0.5555104311351086,,0.5551383475055554,,,,,0.5553880850099119,0.556000518694855,,,0.5567391614816268,,0.5552411009509123,,0.554707730478075,,,0.5550605767065304,,0.557096813145791,0.5573846147218976,0.5555900492207434,,0.5567864509876226,0.5544238190066337,,,,0.5554194126637352,,0.5570632668719567,0.5550364203260573,0.5578335330096126,,0.5566792814189855,0.556303044263103,,,,,0.5561526515607018,,0.5540646969825137,0.557342796595377,,,,0.5545113036842483,0.5560546383719777,0.5557976052779918,0.5553926574987645,,0.5563193062849453,0.5560580854055198,0.5562434473452809,,0.5566152467899781,0.5550701949066495,0.5560917398972862,0.5564583987751393,0.5567928039070509,0.5569769178865658,,0.5564443721112268,0.556079224868486,0.555281484693495,0.5572829287155391,,0.5552534662398405,0.5556233358487177,0.5569616532112357,0.5547639402006258,,,0.5553492612022237,0.5568202701919607,,0.555026953307441,0.5548322786025615,,,,,,0.5552475210802797,0.5551287692518849,0.5562647984280453,0.5549891190588789,,,,0.5558450342021891,0.5557816825318768,0.5554692362502076,,0.5555211303140032,0.5559561569530957,0.5571045227433282,0.5572143149848223,,0.5556134548202236,,0.5563700938121842,,0.5551821684890279,0.5563544895202469,0.5550258114366489,,0.5560662514001713,,,,,0.5563539247220971,,0.5553330716196898,,,0.5563664983896346,0.5548526630188965,0.5547083374108777,,0.5552873733420153,0.5553131356982988,0.5560034757427459,0.5557283507942307,,,0.4605890737223781,0.45923579929916203,,0.5115393659238209,0.5113464208263996,,0.5590582800023377,,0.5591827960138849,0.5590459615344171,
7,5,DG_10pct,20,Z18_F10,18,3PH,174950,181884,True,4448.973013979896,4429.241055344724,4466.433789751057,4525.995604084606,4519.445503352024,17.477272187774687,13.97624950149592,101.16260899684754,102.82454638235461,77.45456878555572,77.01714779654587,38.399213835885526,12.688909633218739,44.45244353104104,41.47202678252538,17.63296972728207,4569.195395555603,0.0016898821332561667,19.560649583993555,25.562967804371066,0.7193214391616355,0.7172412788333484,,,0.7187106282858833,,0.6457527107948351,,0.5495141584962563,0.549093437457377,0.5485355100077682,0.5553538970421346,0.5553547769226487,,0.5526210851839354,,,0.554702231323301,,,0.5485364612432518,0.5489026564447582,0.5483389435121494,,,0.5508677229535118,0.5435330585257344,0.5441270948157166,0.5429623463030119,0.5500504636372808,,,,0.5488062214671978,0.5505530783779774,,,0.49311820765659753,0.4932039949722493,0.4857076158608764,,,,0.489173192422265,,,0.49008581890418346,0.4897892038149545,0.4888937342845567,0.49056161760634553,0.48975879779820264,0.49061087351651617,,0.49048823714396045,0.4885902346740644,0.48925335916849144,0.4892564882638296,,0.4838866956555152,0.48459046120646493,0.4836509329613317,,0.4742241274158716,0.474925613824656,0.47541321827054156,0.47495411568471047,0.47479972478022725,0.4761531581243821,0.474568062946154,,,0.4743340096664911,,0.4748518279138505,,,0.47330799533945755,0.47511037066584316,0.4734118172794196,0.47470985570657015,0.4751460154146271,0.4746391934662302,,0.4764347120552964,,,0.4368260329677174,,6.286868848791167e-05,6.238200794737857e-05,6.237506037572876e-05,6.233053294663414e-05,6.212155795113152e-05,,6.223063978678401e-05,,6.299775946971783e-05,,,6.319710934994477e-05,,6.308400790903185e-05,,6.298513013227966e-05,6.312769042054766e-05,6.28872504806549e-05,6.308855224788821e-05,6.321833338130243e-05,6.288171244682769e-05,6.279799334389117e-05,,6.297544101354147e-05,6.278149558644916e-05,6.302041169988927e-05,6.299263608595485e-05,6.299588239221621e-05,6.278440665134407e-05,6.31604004263922e-05,6.316608280339943e-05,6.279746446775492e-05,,6.290918607543841e-05,6.307492790485296e-05,,6.295852349127583e-05,6.289057680588187e-05,,6.287064435778985e-05,,,,6.286566866287041e-05,,6.301644733571199e-05,,6.288699729497019e-05,6.295779947591743e-05,6.3031311517899e-05,6.299845679331961e-05,6.292831468627266e-05,,6.296606878486317e-05,,,,,6.296188704118749e-05,6.307634368688653e-05,,6.297769770265425e-05,6.293001203577916e-05,6.298879766658201e-05,,6.30313879487851e-05,6.306091746905042e-05,6.301447137712543e-05,,,6.316688202042845e-05,,6.289265537031038e-05,,6.329461715032829e-05,,,,,,6.305413143717295e-05,,6.297294730070365e-05,6.293841460621164e-05,,,6.291234497380793e-05,6.29764072449624e-05,6.294394835539776e-05,,6.294795462400157e-05,,,6.304284763871719e-05,,6.308574449974951e-05,6.303422156293325e-05,6.275985785248481e-05,6.308963719681967e-05,,6.285205671419881e-05,,6.292017388520605e-05,6.313117967238094e-05,6.309851204209233e-05,,6.306859976720239e-05,,6.290171566524228e-05,6.310220217606832e-05,6.313038708688848e-05,,6.295064889362766e-05,,,,,6.277158776574902e-05,6.284219911564237e-05,6.297396473434762e-05,,6.28264816222524e-05,,6.303917542793885e-05,6.292365298559369e-05,,,6.286682973886596e-05,6.297449351193654e-05,6.300147877030835e-05,6.301397466204498e-05,,6.30272141624533e-05,,,6.280502462852984e-05,,6.30542984901035e-05,6.297601871124222e-05,6.308568944225071e-05,6.313973487516706e-05,6.2954940293102e-05,6.297691517425633e-05,6.304023561122785e-05,6.307190172655236e-05,6.335391894910839e-05,,,0.17111021606116866,,0.17093105522773122,,0.13741388877259417,0.13732045964485112,0.13656043416041194,0.1372041735720045,0.13684338800851353,0.13687375790912637,0.13724758188383074,0.2138577158893708,,,0.21393328824206798,,,0.21469072968462796,,0.2142510140020701,0.21422444616053096,0.2145180815388283,,0.2146414076460755,,,0.21331793337327937,,0.21367972408154598,,0.21373934251196322,0.21455502380612854,0.2144753955960168,,0.21387707162515002,0.21367019396226203,0.21476884701956997,,0.21461518709655109,,,0.2135646590243876,,0.21432377279649364,,0.21448193220713146,0.21438972875532938,0.21411528725395598,,,,,,,0.19538034086078673,,,0.19563858331984652,,,,,0.195859108611129,,,,0.19560615524148944,0.19598754737683943,,,0.19577266873439775,,0.1954547568663984,,,,,0.19543669579053327,,0.19593621035504946,0.19569456511734895,,0.19523166291171906,,0.21311251412265297,,0.2139619369989488,,0.21432628841000123,,,0.21456854520104046,,0.21366778765390798,0.19577780507271542,0.1951581150938007,,0.19570921968850133,0.195669464760414,0.19536784466709922,0.1954488755078845,,0.19598344326813164,0.19458728968602945,,,0.19478695365303417,0.19436858725852427,0.1949888275581105,0.2137202968023734,0.21326596998725603,,0.21343825648060394,0.2138026498017964,0.21369743032322788,0.21364031305358683,0.2138413071696981,,,,0.21384420119112568,0.21360970858216521,0.21361953370867753,0.21379622339262302,,,0.21451422052704391,0.2139493170846639,,0.21400110213529674,,0.21378022903546204,,,0.2136545539730628,0.21377136154695983,0.21417270398995109,,0.2138830189612239,0.21379444779214,,,0.19515575389671336,0.19533503537276928,0.19496446435945056,,,,,0.19540021481002084,,,0.19522671606217265,0.19526440657624902,,,,0.19518750765355755,,0.19557178205892972,,,0.19523006427869485,0.19517690026657683,,0.19515727218677936,0.19505312233636524,,0.19543669997772029,,0.22507719345677216,,,,,0.22362855238684842,0.22453506522900837,,0.2198546663491947,,0.21999597348182512,,0.21982072625042098,,0.13805607223568558,,,0.1365727794903186,0.13669420886114153,0.13672458188408165,0.13347526519042072,0.13316568072225887,,0.1295761167124307,,,,,0.1382533982167535,,0.14036472036978642,,,0.14084898386620628,0.14115100481774748,0.1415815366686034,,0.1420100744485409,,,,0.14149275164543748,0.1417015358150441,0.14275324026302993,,,0.14140205382395404,0.14157540817022637,,,,,,0.14151968265181925,,0.14176053246207634,,0.1417034539690392,,,,,0.14119421865625126,0.14388394893688197,,,0.14407212500808442,0.14382221946852727,,,0.14500949676463856,0.14497494283011556,,0.1447681476936441,0.14492107510169083,,,0.1444725520486848,,0.14388437892786907,0.14443315009820135,0.14431246308187545,,0.14417129121732036,0.1440474087817296,0.14420159258997822,0.14441506561278045,0.14396002533339972,0.14434725728514106,,0.14413295473376111,0.14433301973137655,0.14448409187952446,0.14361430563291033,0.14372207197301637,,,0.14408204571635755,0.1445824606522629,,,,,,,,,0.144525297872625,0.14407769243474008,0.14404797952311915,0.14398324648721614,,,,0.14401494566619422,0.14407134936180213,0.14381376119167597,,,0.14422310935880286,0.14406008690449087,0.14436683492545233,0.14396782253723364,,0.14423717457291757,,0.14422414889269297,,,0.14440985350287164,0.1444037033040836,0.1446602005097039,0.1440335089218973,,,0.1442391111862184,,0.14452278708426813,0.14434616374809958,0.14374672897558397,0.14441970396114553,0.2582522725406852,,,0.2579940808971038,0.2584004597429922,0.25844568533889795,0.2582036152212145,0.2594067527405513,0.25806016544800653,0.25829796565176794,,,0.25825688406047603,0.2580876789169654,,,0.25859447141939523,,,0.25816153193759,,0.2584046871486575,,,0.2581581761859896,,,0.25846785596487376,0.2578055293062366,0.2580673541743561,0.2587826989148752,0.2590282931116308,,0.25891689091336556,,0.25738580934862665,0.2586644817934848,0.2599466105549517,0.25853239897052216,,0.2567353137951243,0.25903097638161,0.25876494120422233,,,0.257517921914179,,0.2572182599111836,,0.25746256401160783,,0.25723588450067203,,0.25886776733822847,,0.25871940036005076,,0.25798694980247205,,0.2587431827895736,0.2586294638599484,0.25862551374805415,0.25904658591890783,0.25894312423295374,0.2581985407842351,,,0.2569350282137437,,0.2579288071974601,0.25900714512485473,0.2585222161001934,,0.25804692936927587,0.25841510782286303,,0.25837124977236453,,0.25921575136794883,0.25879878062962924,,,0.25888548652217325,0.2585369043370041,,,,,0.2591822735707456,0.25876973705749035,,0.257777905579846,0.2585977987621602,,0.25849278703481854,0.2590962254903183,0.25898286012940136,,,0.25850904124883867,0.25882639711651534,0.25816981264698047,,0.2586167033704774,,0.25803558241587105,0.2590314347295736,,0.25814513535235734,,0.25825662403848154,,,0.25712501742439325,0.25793126145689066,0.25827985767101674,,0.2574247001050199,,,0.25857415069488326,,0.2580602505582755,,0.25811471934977914,0.25729199120507873,0.2587084111401424,0.2579926148192587,,,,0.138086282341307,0.13779377134585166,0.1376719325000873,,0.5761641453290149,0.5032150064464442,0.503692477905596,0.5042938835605152,0.14278750058297213,0.5499587696249371,0.5521767480889151,,0.5515078679575242,0.5502455125031654,0.5518778148812353,,0.5501393404805536,,0.5516155672317762,,,0.55046593568512,,0.5490313094898353,0.5503250189837492,0.5513525789379622,,0.5539071147977178,0.5509152901253201,0.5519367106999108,0.5505937819510882,,,,0.5498799367951437,0.5509806971134601,,0.5513319002884257,,0.5504062978497867,0.5513551986290708,0.552076862292858,0.5523239312291448,,0.5503327918551404,,0.5510545417203594,0.5516147600969135,0.5506921335626966,0.5514057911301313,0.5507166060763273,0.5513916899005674,,,0.5509576437013562,0.5517640010837646,0.5505089949101817,,0.550591548604817,0.550565098660089,0.5512923045445492,,,0.5491017521396795,0.5508802998648274,0.5524290634192803,,,0.5505048323695965,0.5520613010910764,,0.5520044813174179,0.5504497993756513,0.5518548707010983,0.5524716094513891,0.5523294055201013,,,0.5513860509281371,0.5531939759904907,0.5518880956894171,,0.5501573816779177,0.5508071671247701,0.5515054219018197,0.5523464869751905,,,,0.5508018672402442,,0.5519805125806898,,0.5504928934343934,,0.5507865667554801,0.5499556335464497,0.5511469309423757,0.5524740251853406,0.5516505707816888,0.5507217689868679,0.550380390331885,0.551174039556896,0.5508942252334897,0.550907073130051,0.5492813938323222,0.5527370711563885,0.5516741784017499,0.5525920797100023,,,,0.5523988460926946,0.5526488813928042,,,,0.5512877578875264,,0.5514365297076174,,0.5508886787764463,,,0.551684364799477,0.5513489639375554,,0.5509352059932152,0.5521798326244439,0.5515254276524648,0.5504524917549631,0.5508910965761937,0.5516290599988016,0.5505525413660737,,,0.5500160517277825,0.5505963190517846,0.5499905712449172,,0.5506751923247399,0.5525447134688247,0.5519615005858292,0.5524200107593943,0.5519042506011709,,0.5514394060757546,0.5499675154258326,,0.5508648407915866,,,0.5515484983995881,,,,0.5502260724865324,0.5513571045478973,0.5517620588356115,0.5509946289361811,,,,,0.5490650179296287,,,0.55226901418758,,0.5506443667631254,0.5520049587128256,0.5518832997029541,0.5503652169628287,0.5506513492306261,0.551125918928661,0.5520325945268271,,0.4532095696669421,,0.45566384063005516,0.5064547804341394,0.5055467750825071,0.505575812551701,,0.554582607579024,,,,0.5540913989849299
7,5,DG_10pct,20,Z18_F11,18,3PH,255381,255322,True,4492.894874704468,4495.1840537360495,4532.403042411746,4585.967361007332,4573.683873632947,16.850685632610794,13.20854035869535,94.23418508115614,94.28609224393436,71.13052044384942,71.66611585275314,35.37454790679044,11.666179286238439,43.983391086849835,40.89953075058085,16.933113835293764,4625.603021719284,0.0017077883377043875,18.144456329206356,23.69948059282708,0.7132310601383927,,,0.717777298405604,,,0.6399473319255827,,0.5424592597737434,0.5438686189436117,0.5423906466472362,0.5486056647102926,,0.5499624806153807,,0.5473614774020575,,0.5468841549358313,0.5474154021548305,,0.5444775304162208,0.543683127548471,0.5441817609610099,0.5431480842661859,,,0.5375919163887184,,0.5369939056037951,,0.5446738511333812,0.5437198326635931,0.5458020172422318,0.5441213892903252,0.5444507898460896,0.512367186427873,0.4869552458366046,0.48691986004078863,0.48710235850460454,0.4796746533935161,0.4818050492199437,,0.481561108590587,,0.4821732676481208,,,0.48165527342318826,,,0.4819270115474314,0.48393499889825686,0.48210839383822296,0.48289907241034447,,0.48293878545614555,,0.476994472284216,,0.4756242270459665,,0.4676327701291365,0.4661550243694132,0.46675678445753316,0.46697873361556047,0.4669344895512614,0.4683971579849377,0.4672680391973778,0.46821191876293106,0.4680936312163248,,,,0.4667385045525136,,0.4658105767260508,0.4665488130719168,0.46718415183010314,0.4673797688486584,0.4673258095668481,,,0.4675204957477753,0.4667560541048367,0.4671702299368428,,0.4304223563019584,0.43028666379534575,,6.312694448562605e-05,,,6.288917786895652e-05,,6.284140852005724e-05,,,6.374833696994727e-05,,6.378589508640384e-05,,6.363451751802584e-05,,6.367803833440733e-05,,6.377175518999044e-05,6.382465624660643e-05,6.383496442414827e-05,6.378471183762258e-05,,,,6.375151944955191e-05,,,6.381689782862824e-05,6.383709116213309e-05,6.349333791517513e-05,,,,6.363506516115071e-05,6.352872197980876e-05,6.360677825957801e-05,,6.35991216486608e-05,6.3696954179336e-05,6.354216301954214e-05,6.348808040656197e-05,6.351247981854726e-05,,,,6.356863690491673e-05,6.356977743576943e-05,6.345871104629431e-05,,,,,6.364868580046638e-05,6.354843235430177e-05,6.369149309113442e-05,,,6.368665940828644e-05,6.35339571411792e-05,,6.37026575687626e-05,6.372339437322544e-05,,,6.355425125285047e-05,,6.368930169854765e-05,,6.38236230218103e-05,6.371590754934096e-05,,6.369215398748571e-05,6.363454700510267e-05,6.365186231542504e-05,,,,6.347587513214805e-05,6.357856323543486e-05,6.356381190883968e-05,,,6.36956674854191e-05,,,,,,6.358133348717868e-05,,,,,,6.36982855468107e-05,6.352383971130464e-05,6.34618471855214e-05,6.371004102256201e-05,,,6.350180815701882e-05,6.373052279639419e-05,6.36490470767815e-05,6.365446409412303e-05,,6.378982209983166e-05,,,6.388119756794582e-05,,6.37931561583083e-05,,6.36179461174191e-05,6.362270231191057e-05,,6.362039116567368e-05,6.369820188240259e-05,6.353029827386005e-05,,6.347587923437708e-05,6.362481269233528e-05,,6.369231830621187e-05,,6.373829080561505e-05,,,6.356574991227397e-05,6.374911376082112e-05,6.364523062419133e-05,6.368488401237147e-05,6.367497295583165e-05,,,,6.372823334636561e-05,6.358438591411718e-05,6.376993377058595e-05,6.357378436049799e-05,6.337734163031476e-05,6.367191726840597e-05,6.369972179445284e-05,6.366976619464411e-05,6.362179561388726e-05,,6.371962057281695e-05,6.357736180120802e-05,,0.16127326705859402,0.16101145119860927,,0.17761586360546538,,,,0.12684303136593178,,0.1262927845013046,,0.20537581957895606,,0.2049026782793384,0.20528214828309002,,0.20539805643669415,0.20518154202941716,,0.20531856694934994,0.20496601572540057,0.20503257972078404,0.20453451626647828,0.20535769205249457,0.20515831613639013,0.20522033862031472,0.20478178666747424,,,0.20510469110804802,0.20445825504050344,0.20585074677172158,0.20476837911070578,0.20523658416422536,,,,0.20481540899269154,0.20543907833961256,,,0.20550662849348916,0.2053239358694517,0.20457983755265705,,,0.20526265723671056,0.20538023061370705,0.20499225440896252,0.20516478440461777,0.20525817741489932,,,0.1855581993845345,0.18572787775860217,0.18582857365115416,0.18627522360391854,0.18585082129573674,0.18588520145846105,,0.18624122607076224,,0.18609739087326604,,,0.18647925686395908,0.18642129854705675,,,,,,0.1857033408758296,0.18629876035958245,0.1860468222002909,0.1860185937407439,0.18609777674845818,,0.1861554549583929,0.185879579238922,0.18603298195419643,,0.1867237089290924,0.20495229518458996,,,,0.2053375668869281,0.20530275971088882,,0.20519512506845752,0.20523775569702885,0.20524552057934997,,0.1860866754688533,,0.18544102405488372,0.1856002095194852,,0.1861868171245029,0.18545438048218374,,0.18575212678530237,,,0.18583279770472094,0.18547114980037396,,0.18575892434423114,0.2046992000556728,,0.20462899200012327,0.20481466852388336,0.20509273686013998,0.20497354855413097,,0.20465713636549282,0.20410956574056507,0.20466933533094714,0.20450525713263137,0.20483494346093598,0.2052814238956812,0.20438111316438934,0.20522779081236758,0.20468518810285724,0.20469670763719397,0.2045726417521959,0.20436117468962256,0.20455219029221142,0.2048339500879465,0.20485554037152498,0.20526640854018602,0.20502384304269594,,0.20506186739551333,0.20457362428501114,0.20468036032097617,,0.2049572942390951,,0.18514816800669107,0.1850609527509732,,,0.18555454456494017,,,0.18576810940558192,0.1857664010476101,0.18528537684968127,0.1846585944064832,0.18550126295871242,,,,,0.18595841208287406,0.18575650043571892,0.18576308374050063,0.18625982126205917,0.18587687769313968,0.18574646871521397,,0.18537387752066298,0.18486771033690708,0.18553834400173716,0.18569397145762082,0.18655329635629933,,0.21594742551161267,,0.21598653814710636,,,,0.21523362293813186,,,0.21129736416062447,0.2110171057927799,,,,0.21051541924179912,,,,0.12630453007177128,0.12612724069291653,0.12604570761500544,0.12354335181655951,,,,,,0.12761333053697285,0.12823356177116715,0.12762384224406748,0.12933111864575084,,,0.13000469721727936,0.13013935819322597,,0.13048815683962434,0.13013745453129946,,,0.1307048869424759,,,0.13029135667490183,0.13158521773913787,,0.13053441415767542,,,0.13055116705847888,0.13078040844573474,,,,0.13016860464171381,0.13028890005865718,0.13005987609863107,0.13050868158046888,,,,0.13024960590353807,,0.13028459674639659,,0.13263256239481708,0.1327021691638894,,,0.1319612070769649,0.1332027624363863,,,0.1331883971934899,0.13352508105998878,0.1334720957671015,,0.13394243396445307,0.1334980007216401,,,0.13295804201962053,,0.13311949420268931,,,,,,,,,,0.13321765761952217,0.133095480620568,0.1326280236325953,0.1326583559890233,0.1327486945954083,0.13264315597104456,0.1322992627320475,0.13307613566539275,0.1326330961472742,0.13313223813269465,0.1331544091670422,0.13298997018708986,,0.13291399692291292,,0.13308493940383706,0.13298759100190216,,0.13289200923697453,0.13327908211215123,0.1328466619648057,0.13255572480214045,0.1331338270400641,,,0.13302640714480235,0.13315775249944153,0.1330594218363568,0.13357252458179905,0.13303609488987492,0.1329290225702601,,,0.13332723666443222,0.1330398636801017,,,0.1333975803154641,0.13335483031573742,0.13320536447681472,,,0.1330211601834158,0.13305274252515328,0.13346543458729446,0.13310088208565352,0.13346221589773927,0.13338051467919018,,,,0.2495674325691,0.24993840258636657,0.24998183305274918,0.2495862383932466,0.24924833282768302,,0.2502825898240413,,0.2500933987223958,,0.24924744923126904,,0.2503603091257425,0.25012853488633974,,,0.2499011254474085,0.24998821142880148,,,0.25038456467787457,0.25033419749537894,,0.2501813217074393,,0.2503045067050132,,,,0.25121015187118356,,,0.2503497168194108,,0.2504287630407288,,,,0.24915424929849211,,0.24991034145512625,0.2499154946697566,,0.2494511541648134,,,,0.24969868340981843,,,,,0.2498757706807141,0.24876318476094317,0.2499295117080901,0.24980894732337888,,0.24999854810132244,,,0.2505385734881517,,,0.24677982625173395,,,0.24960340829850458,0.24983943903604458,0.24950031251614382,0.2502104827569889,0.2503858606084782,0.24963845101743273,0.24999055113412222,0.25031192217611825,0.2501518765290668,,,,,0.2499020214967697,0.2504989777635006,0.2503456632499802,0.25082645107077683,0.24971431416319487,0.2507874271877994,0.2510893707772083,,0.250655421772234,,0.24992693760946727,0.2503627286580136,0.250090601189567,0.2499874835242687,0.24981839844262466,,0.25018540260140465,,0.250676299401269,0.2507533758051474,0.2502010621615066,,0.24989036580069665,,0.24992271111672687,,,,0.2502720661429853,0.2496295761134406,0.24981760018079907,,,0.24972646436119217,0.2506203882079482,,0.24982110568479152,0.24896556663499322,0.24948404832980692,,0.24962555666524,0.2499524662638957,,0.24952789108542567,0.24933302532029694,0.24920591441544696,0.2502357661832547,0.12713117861321874,0.12714915425968995,,0.12699524335890885,0.1272790684394295,0.12724229621090907,0.5003385530777578,0.5687075069257473,0.4967838114993603,0.4965492001521605,0.4957489225828955,0.13188909242613567,,0.5453871895272286,0.5435242816085311,0.5442146781458691,,0.543749177020081,,0.544072163007252,,,0.5461104986506891,0.5456565161196888,0.5458412518532161,0.5464400253415039,,0.5432873397995787,,,0.5444583553927647,0.5438257430401344,,,0.5451316850245331,,0.5441237342700522,0.5449816851564294,,,0.5460837927579368,0.543808669798536,0.5444390601162464,0.5458525413894157,,0.5457281860828666,0.5450630857403056,,0.5438624522913839,0.5460222194853851,,0.546441506391956,0.5433818702025974,0.5472913372021938,0.5437104507547429,,0.5443970020042642,0.5453413942199603,0.5446081835054211,,,,,0.544910373339115,0.546263999227116,,0.5437489994681306,,0.5455959987928777,,,,,0.5437151276666362,,,,,,0.5451933625968536,0.5445876853203255,0.5441120947695361,0.543139909674514,0.5439425608400953,,0.5447062330505931,,0.5459310923114679,,0.5445518699184659,,,,,0.5452100438710508,,,0.5452774618812661,0.5445000719433164,0.5434204242083069,0.5446237792192835,0.543611720538376,0.5439251854392634,0.5440751209794749,,0.5457969923390887,0.5453082665884833,0.5447839135982995,0.5451831740885896,0.5444289814128074,,,0.5459240600575676,0.5448457196887193,0.5455063279625463,0.5446514008952386,,0.5430419830197578,0.5449653606901895,,,0.545461099811227,0.546046402644695,,0.5438703725039533,0.5450016831818193,0.5446108584751369,,0.5442364149978892,0.5447381255292313,0.5451732455454857,0.5445284684966982,0.5458506163811563,0.5448164311567983,0.5443785740884262,0.5447117377487198,0.5433280435742536,0.5442386344624048,,0.5444775871152894,,,,,0.5448409990956702,0.5450238633588339,0.5458642252717987,0.5449089947882272,,0.5469929533434518,,0.544430640045754,,0.5440776278476767,,0.5449641825300753,,,0.5463740130030786,,0.5456361780015918,0.5446397592094187,,0.5440552849626302,0.5449221081042572,,,,,,,,0.546249927115613,0.5456552317785116,0.5438885372169813,,0.5455883488364941,,0.5441886488577246,,0.4457549978274139,0.44669479903780024,0.44718147022310106,0.500228197309968,0.49834050976948957,,,,0.5494165767408088,0.548369739653322,,0.5491616062749666
7,5,DG_10pct,20,Z18_F12,18,3PH,174950,181884,True,4450.986160767359,4454.67445904483,4501.866648541865,4524.194646139541,4498.962122137422,17.460590520164747,13.987558124646403,101.56313429939156,101.81882454417185,76.9481394520483,77.69443573189507,38.357190835738166,12.671088390836655,44.242858340072374,41.36787789262295,17.65389645833707,4549.958331670846,0.0016857466108126606,19.677662375298222,25.81805312929897,,0.7171755470779461,,0.7205786971208057,,,0.6455151781154366,0.5488210930249254,0.5490789663876562,0.5475385245661737,0.5479795220746021,,0.5541247979740098,,0.5537568769909408,0.5546330085177308,0.5533864933481322,,,0.5546110904826695,0.5495247745031006,0.5505624715022677,0.5492571005750176,0.5510611177491224,0.5500487918318877,0.5490939657047138,0.5437650916281535,0.5430386896855969,0.5429170446497282,0.552260109857101,0.5505753071714905,0.5527662532650466,0.5501328043128749,,0.5510352506111882,,,,0.4942861801777897,0.48792698932002027,0.48670393525044287,,,0.48951520799322384,,0.48936956353249533,0.4893304645111076,,,0.48946574630911555,,0.489973027981878,0.48919822823386133,,0.489407079025022,,0.48956827527625846,,,,0.48284659167712474,,,,,0.4745347032995873,,,0.4750165507434052,0.4752232855185951,,0.475007535328881,0.47542211411730356,0.4766314058236535,0.4744302568275184,0.47430935707585203,,0.47589860575333787,0.4762409101410572,,0.47455125688904026,,0.4748426057566726,0.4751785931640731,0.4745496660470902,0.43714062413010474,,0.43790506317410416,,6.228519770292467e-05,,,6.214817022249475e-05,,,,6.30723452336818e-05,,6.293927633028126e-05,6.302905207453576e-05,,6.306751196953972e-05,6.310778281104596e-05,,6.298957570183662e-05,,,6.290788353847223e-05,6.31129307118183e-05,,,6.309131268794907e-05,6.313532844744602e-05,6.32861555998331e-05,,6.280089082837093e-05,6.30675372210427e-05,,6.303467567269559e-05,6.303176710377281e-05,6.309546856591622e-05,6.307186051124957e-05,,6.307284785076088e-05,,6.295194878444564e-05,,6.282549216165297e-05,6.3028599209686e-05,,6.28761892923129e-05,6.293316984802612e-05,6.292535760106162e-05,6.286953874579446e-05,,,6.315479646082283e-05,6.29767837320142e-05,6.299972397778115e-05,,6.317865087967223e-05,6.290512312804329e-05,6.31215845762146e-05,,6.31326042225014e-05,,6.293028522319327e-05,,,6.285555370891256e-05,6.306018106212787e-05,6.304874126424857e-05,6.294314092262658e-05,6.31415511821917e-05,,,6.306253887980821e-05,6.289896211295222e-05,,6.302926476289589e-05,6.313383828478178e-05,6.29752623113886e-05,6.316492690725663e-05,,6.283726524269029e-05,6.285281926764258e-05,,,6.292823677394654e-05,,6.295871796317051e-05,,6.29467115081454e-05,,,6.313290190870433e-05,,,6.301603064417137e-05,6.292473616278023e-05,6.293057920152448e-05,6.30004192593956e-05,,6.31112783919421e-05,6.292027411151956e-05,6.293168871994915e-05,6.296381786540947e-05,,,6.286749829418821e-05,6.313297453403715e-05,6.31922038862628e-05,,,,6.322465885887992e-05,6.30032915571772e-05,6.271204677433508e-05,6.314615705482973e-05,,,,6.321769971396841e-05,6.295601722723716e-05,,,,,6.284838201008632e-05,6.293150157607323e-05,,,6.302805007062163e-05,6.299228418388891e-05,,6.292117136841988e-05,6.317138789429044e-05,6.309448522918276e-05,6.30948487721305e-05,6.31594013831027e-05,,6.301562078152294e-05,6.286456354941932e-05,,,6.298489102690617e-05,,6.294170432766457e-05,,,,6.296316706402855e-05,,6.303157704972849e-05,,6.295458452931259e-05,,0.17055356533670307,,0.18742465962780774,0.13707830294893827,0.13650936651159104,0.1364016413539339,,,0.13694039394176677,0.13673238368826146,,0.21404065395767385,,0.21476606761471373,0.2143412797845006,,,0.21403801816868837,,0.2140388973048274,,0.21448830775123953,0.21476282779077988,0.21409019068455845,,,0.2141983565257672,,,,0.21397318282625777,0.21417471480432654,,0.21393929975380646,,,,0.21503415676950677,0.21414437449922946,0.2141003054289987,,,,0.21391561444721474,0.21431351273949323,0.2138695638055706,0.21449397451721333,0.21390445982078202,,0.21455738870022326,0.19551519279445023,0.19566001359004176,,0.19525585628580971,,0.19541675160607008,0.19522959418539124,0.19512828936080587,,,,,0.19566713465280294,0.1960666886007998,,0.19503632425421427,0.19564861960450244,0.1959146212208238,,0.19542990941713304,0.1955515086912307,,,0.1953164495131489,0.19541382395225398,,0.19589149245215134,0.19544902621793173,0.1961638952067975,0.19539683486522358,0.1959710207530586,,,,0.21403615593363656,,0.2144898487459231,,,0.21404950952008472,0.21350283228548053,,,,0.19456157321104134,,0.19541352682246974,0.19442766818871238,,0.1959125377154755,0.1952348737244609,0.19484679280347156,0.19528434624734115,,0.19480640974848515,0.19501901743669345,,0.19546609808440313,0.2139339368527607,0.21336016587454032,0.2133582052326299,0.2142973358180523,0.2139143695590273,0.2135656835002108,,0.21430349948265573,,,,0.21455911725701216,,0.214342702108528,,,,0.21409155023045692,0.2137329223430983,,,,0.2142933932929244,0.21407959554165384,,,0.21425029425844663,0.2137416577511212,,0.2142507268680233,0.21332472046929923,0.19446154074998334,0.19531669637936167,0.1950914263776714,0.1955698093755625,0.19539695791773165,,0.19527468279328022,,0.19485212389169915,0.1946991976569839,0.19508334665216978,0.19483748961991876,0.19518632280278841,0.19548653732573945,0.19537465960222597,0.19475078940100296,0.19507423079623068,,0.19518034173357424,0.19495930917785056,,0.19589540567901456,,0.19571790822252264,,,,0.1947165324121394,,0.22432425238904516,,0.2241529857477809,0.22390927641755756,0.2247936567985811,,,0.22435909061456588,0.2238146973512594,,0.2198258000274375,,0.21973530873979796,0.22065550674794832,,,0.13800057542349065,0.13745608074976057,0.13662026904308874,0.13667902756707395,0.13664318323462424,,,0.1338767978381003,,0.12972835393469045,0.13011308002828803,0.13816830219042847,0.13830886629997952,0.13836524390932772,,,,0.14090977006736558,0.1408138115058312,0.14074643610793625,0.14141338956477628,,0.1412512879638395,0.14153979358692828,0.1417822103624307,0.14181014753800708,,0.1414157999515201,,0.14274593858798532,,,0.14183115644092698,0.14165476350965328,,,0.14116944020593417,0.14140733355709403,,,,0.1412130251374661,,,0.14091118410801962,0.14167290946058267,,,0.14437001610901037,,0.14397610361482452,0.14391627425573775,,,0.1447890654613724,,0.1448296270038551,,0.1444161485559802,,,,0.14451526333132403,0.14421641484357736,0.14412491936327004,0.14485666961956462,,,,0.14406118277821645,,0.14404148526218893,,,0.14432742301131227,,0.14440721640532708,,0.1439313100094209,,0.14415332353561508,0.1441294440199327,0.1436899303326108,0.14398892240301525,0.14440723887013046,0.1441101915246695,0.14449775736726683,0.14378039674762808,0.14386339250683255,,,,,0.14409040323747657,0.1436475310492124,,0.14454505239220936,,0.14412913132466254,0.1442274200847551,0.14407308548039624,,,0.14378620426173078,,,0.14422322764030876,,0.14452645038628945,0.14424668528552995,0.14455808341050627,0.14450633363642787,0.14424286510940781,,0.14428492410994415,0.1440801289217252,0.1438783932380237,0.14420383867262626,,,0.14386487152315092,0.1443983193740346,0.14467323169911334,0.1446445724270962,,,0.25768208124676695,0.25922199760346076,0.2587527279732494,0.2581843932009154,0.25822862397589963,0.25820990740004196,,0.25746267313599014,0.25804959500168073,,,,0.25850494252574047,,,0.2587108497669208,0.25892386367081693,0.2587886314375912,,0.2592568196883064,0.2583946966651807,,0.2580088524450917,0.25878997790242836,,0.2578857769995327,,0.25878882571508693,0.2576397553750672,0.258014513517492,,,0.25880302656651694,0.25929929065643703,,,,0.2588289947444627,,0.25842794745070685,,0.25777008889016084,0.25762728877511953,,,0.2575810976107085,0.2577856631676746,0.25799968045849136,,0.2578846048501109,0.2575418007748541,0.257817349398132,,0.2575968807522255,,0.25736974033962234,0.2583330655204486,,,0.2590345092831801,0.25831003205030556,0.2586678132576127,,,0.2583587054236249,0.2550231910990463,0.2581550510443945,0.2565239261144954,0.2576668999607743,,0.25774236330473865,0.2591999290183831,,0.2575500764709908,0.2578750725293978,,0.2580886475075931,,,0.25846208180556934,0.25896360094191945,0.2581922920659263,,0.2589198778921767,0.2588739468086266,0.2586805631461345,0.2587792569996569,0.25868471200994264,0.25894579218596947,0.25901060084575905,0.25905432315477606,,,,0.2585649297131782,,,0.2590610077305021,0.2581811739209215,0.2591053224591596,0.25861720696086754,,,,0.25868177584199004,0.2585140761281472,,0.25825953471578433,,,0.258313275799397,0.258059250185077,,,,0.25800728447728705,,0.25795416363792545,,,,,0.2588070514600252,0.257758776942034,0.25851841347267857,0.2581247572473023,0.25861159508358667,0.25833336625317843,0.1376411525658963,,0.1382933403136672,0.13793438002085942,0.13797740293720662,,,,0.5026997122893635,,0.5036185170750546,0.1439483251217744,,,0.5485203506242656,0.5518709793362069,0.5502412991636114,0.5505622766080959,0.5505086130820271,0.5512321753134573,0.5500477021214847,0.5508955409323245,0.5501490028329945,0.5504349759107299,0.5514291880867204,0.5518540166073466,0.5513750895849536,,0.5494673991361052,0.5522332879891549,,,0.551430635578234,0.5509384068007933,0.5485606951068475,0.5507920248776277,,,,,0.5506693208940578,,0.5515413460243787,,,,,,,,0.550172803088767,0.5499243385907944,,0.5514198749710538,,0.5514286079548767,0.5521714520351054,0.5506491244099913,,0.5499140866233341,0.5510845865625263,0.5507317372632481,,,0.5517896304098149,,0.5515767808066896,,0.5521568007814146,0.5517869713631799,,0.5505338386282003,0.5506746216495133,0.5520642247499458,0.5508868536360989,0.5523557947125154,0.5516627744640279,,0.5512081264908713,,0.5499872971600432,,,,0.5524435324454,0.5519239810775488,0.5517842537250581,0.549820298640737,0.5504041799117555,0.5505931397969809,,0.551288354535138,0.5511014945064914,0.5514364185005015,0.5515999940738237,0.5509930801265355,0.5510704735132556,,0.5523857906218729,,0.5515181377869187,0.5517266806133055,,0.5528948453837632,0.5496312576855169,,0.5513883818538615,0.5512453314370855,0.5513197838735795,0.5514864777271886,,,,0.550374259995973,,,0.5514708683721042,0.5506659866641097,0.550660229264831,0.553457652125702,0.5517308260477846,0.5511747925353297,0.5508968839183145,0.5515773510115068,0.5499134094166862,0.5502984265936685,,0.5514555090052801,0.5502599011172488,,0.5517115336072729,,,,0.5501613369956447,0.5501920709475276,,0.5506478568847802,0.551427180258839,,,0.5528398229938205,0.5514875315748963,,,,0.552939351831168,,,0.5523446067132596,0.5502932089653558,0.5507655314839727,0.5506770877306475,0.5492358728665211,0.5500524078064893,0.552159684243668,0.5525940277672822,0.5501357993898276,,,0.5513554568947733,0.5512828292136138,,,0.5507846441069678,,0.5503378734212586,,,0.5528526509324063,,0.552624972303616,0.5516650420080893,,,,0.5524342837824818,,0.5499964405906407,0.551764351259317,0.45434769640245654,0.4536968532277385,,,0.5048434720035082,0.5053232467108568,0.5551155445107075,0.5557111212382635,0.5539339799095155,0.5542023875921639,0.5538941471671925,
7,5,DG_10pct,20,Z19_F01,19,SLG_A,174954,181885,True,3133.984126343771,3138.8261193102453,3167.8699590769156,3271.4858921965547,3249.6210698304735,151.72239828919223,170.1191189748371,975.5856373616286,998.3161698068279,707.7335556737295,704.8928269850533,338.2192033177509,109.33197041224368,89.6476149253346,87.16690386057294,151.0839718093415,4307.182459411248,4550.358646838347,330.69457458644075,295.18619679949467,0.7841738813141252,0.788156473959878,0.7872474069904064,0.7911940142532292,,,0.8624384906058794,0.6802895119007158,,0.6820779431718548,0.8456938876890018,0.6558717437975239,0.654059535855117,0.6551129205612215,,0.8597967923971922,,0.9486468329266579,0.9490212432556209,,0.6809214518378207,0.6833372454005872,,0.6823567921441609,,0.6819600046012899,,0.6757785187862486,,,0.6854612174071589,0.6860380347322467,0.6823789775784772,0.6853334783240419,,,0.658234135230307,0.6580234191909866,0.658040893447802,0.6635667733240518,,0.662274846624292,0.6661004505899378,0.6659491955679356,0.6644029177911372,0.6639819543527192,0.6644339206263432,0.6636283218880963,,,,0.6638051025592002,0.6637469648275852,0.6643379774138074,,0.6655260612158814,,0.5919306506846477,0.5946484319032479,0.8661204418651609,,,0.5861861741791417,0.5861812925664128,0.5878239461377954,0.5868101472344954,,,0.5875215286639449,,0.5873563101513514,,0.5867146367638125,,,0.5882785590489614,,0.5867953031348717,,,,0.5874812026937136,0.5883591675463785,,,0.6315959138894297,,0.6302859889374826,,,,,0.5562012424298425,,0.55676260536223,5.225112771953348e-05,5.221274614072387e-05,,5.223941644811253e-05,5.222435573173663e-05,5.243834213406297e-05,5.2220560619540514e-05,5.2202499460276495e-05,5.22199566970159e-05,,5.23599490317315e-05,5.2288336771465076e-05,5.236199469179178e-05,,5.2291632168207536e-05,5.2473136200969384e-05,5.2285841943175644e-05,5.219288595284108e-05,5.233279827570749e-05,5.2376109354508414e-05,5.228418317700935e-05,,,,5.225377450024809e-05,,5.216490338803219e-05,,,,5.2198955144458504e-05,5.230887366470072e-05,5.230660068383662e-05,,5.218166409003035e-05,,5.2403464502801734e-05,5.227902722854931e-05,5.225955906757019e-05,,5.2258578333536334e-05,,5.221815458305751e-05,0.9821131708405085,,0.9826535745556867,0.9828222003640524,0.980781447949272,0.9812598601973661,,0.9780549939235444,,0.980655024367921,,,,0.9783041151866111,,0.979020974178866,0.9783415286023194,,0.9806212797591296,,0.9825502041450577,0.9803872512144212,,0.9809585001378605,0.9798064930165025,,,0.9818456545340155,,,0.9796537945435505,0.9751866923512147,,0.9809798868979795,,0.9837235554981716,,0.9800245076582844,0.9771991084932546,0.981473300743361,,0.9791187867343056,0.9783294310982978,0.979758343200142,,0.9909118993615328,,,0.991661555361825,0.9887884943021319,,,,0.9901915662929066,0.9902299473430953,0.9930450992460966,,,,,,,,0.9909366331007924,,,0.9922492225870273,,0.9912071341512219,0.9920314223419763,0.9935375833353659,,0.9886728965733688,,,0.9899077782619099,0.9930867354001554,0.9909877144017701,,0.9900448920514604,0.9862172901185797,0.9934402638715685,0.9911488409215011,0.9900517319952701,0.9899971595082853,,,0.9925321182035384,,0.9919565859199387,,0.9912067053114875,0.990902294646359,,0.9902047543165773,0.9905175270252138,,0.9908526394643224,,0.5910446377273149,0.5892033566694651,,,0.5950897951019202,,0.5941250959646873,,0.5944998475965585,0.5943856971552157,,,,0.37860645639876184,0.3776938613122812,0.37782445293167555,0.3782578955627121,0.376814801978352,,0.3770540262941833,0.3780431054473066,0.37725314025502943,,0.37709573183995804,0.37759591368410345,0.378118665735423,0.37769585859360644,0.37732334731994327,,0.37723885508927785,0.3774112185311382,,,0.37661180326919186,,0.37730889242191507,0.3772540294320252,,0.37612805630246193,0.37749082053512917,0.37713772167080556,0.3769700475057857,0.37760073686010004,,0.37635726589444135,,0.3767844638503649,0.37719383209388024,,0.37615837210958075,0.35742558115176,0.3573186046259713,0.35732414878235363,,,0.35686703297928696,0.35678385137583335,0.3568793167835589,0.3573908974517361,0.35765237641085185,,,0.3579412209162739,,0.3573006765849093,0.35810911157877234,0.3565267835706235,,,,0.35730096119884236,0.3574349592074088,0.35674162422076067,0.3571215538801715,0.35639135741181066,0.35697524279757475,,0.3563414528804003,0.3574919936909192,0.3573920999189431,0.3566861153987401,0.3571174512295781,,0.936123940062127,0.9364798269877969,,0.9379314514675886,0.9373695904182425,,,0.9395682852762507,,,,0.9373919703945487,0.9356374000616101,,0.9375557103362837,,,0.9382042034042444,0.9354267265067533,0.9377156373253452,,,,0.9364376847782155,0.9342528634236629,,0.9336900528496047,0.9361771520721384,0.9342296264803482,0.9374589327987427,,,0.9353745378721937,0.9363643458574115,,0.9365137636651728,0.9363162141403758,,0.938628020158689,,0.9344593676151948,,0.9381890647732174,0.9379503790849356,,,0.9342060853333252,0.9361453430922114,,0.9352769361231986,0.9345095015195822,0.9346907074787488,,0.9377371678649212,0.9372036849425305,0.9371178515645693,,0.9401688454059531,,0.9369642675233272,,0.9386704575273133,0.9358197177758343,0.9336996111191486,0.9380148516357569,0.9363062274883298,,0.9366370374875367,0.9357081647924708,0.9398725250805076,0.9368923062179982,,0.936949766221478,0.9343597553026107,,0.9396907478144355,,0.937726422806797,,0.9368461194500719,,,0.9377635915225654,0.9400476989363017,0.9372346309438264,0.9415814779057303,,,0.9420914000738037,0.38930624821361137,0.39055427617448263,0.39084283371210043,,0.39000268597050164,0.6201696332978652,,0.6155496229027159,,0.6178157612877446,0.6174644373812271,0.30390580003709955,0.938550621138356,,0.5923428867671143,0.5909966394811875,,0.5796234043713423,0.5787341656878352,0.5786457459145355,0.5588005093213481,,0.5592193244450364,,0.9218356822613752,,,,,0.3716238791914506,0.9385936848194988,0.9356479542453143,,0.9403421009832337,0.9428001221835628,0.9396205363041114,0.9410051513299317,0.3770381981144882,,0.9401685015686914,,,0.6135961306942707,0.615153265668563,,0.613184879668059,,,,,0.6135485675341793,,,0.6119456399592397,,0.6120514687868741,,0.6130517902092084,0.6147322327376227,,0.943742838699424,0.9440691013802303,,0.9443373907522087,,,0.41011761702934685,,0.41061563380282357,0.4091943396178816,0.9579344264102612,0.9551585144693626,0.9578131053994525,,,,0.9455571825291187,0.9457907743573971,,,0.6226321795241778,0.6234564478126834,0.6232648476270192,,0.625213304231249,0.6223541223438714,0.6246238730228981,,0.6259582664126274,,,0.62277367678675,,0.622678185461968,,,,,,,,0.6259843004801816,0.6242718696678723,0.6259859177284054,0.6223536392758822,0.6236216099599105,0.6232495479702722,,0.6251736667108587,0.624429811622954,,0.6257681156418866,0.6240235267859993,0.6246167267287401,0.6245353665951616,0.6258583695814633,0.6263263721700371,0.6238051914390226,0.6247096521063563,0.6247210642521224,,0.6243633553218564,,,,0.6263855972902909,0.6260872198171316,,,0.624711490276819,,0.6244553304956901,,0.6267605239856225,,,0.6257847328024879,,0.9372479970323814,,0.9351661278428627,0.9344033265738162,0.931657398145134,,0.9358634050062283,0.9322593064366559,,0.9357118188836655,,0.9338762838016396,,0.4199228819164602,0.421695596838691,0.41961125713840397,,0.4205671708373719,,,0.4202206461106859,0.4203936731411552,0.4212930605490778,0.42104478136194845,,0.4205165568893378,,0.41932861016629464,0.42030851823136267,0.4200502018010941,,0.9365138222087872,0.9356207239652972,0.934378817493848,0.9375136647707425,,,0.9367761212457646,,0.9316210642677786,,0.929646472712161,0.9353330743763253,0.930608613176013,,,0.9327699272054217,,,0.9343555100968863,,,,0.41872436860208107,,,0.4206787735126891,0.4210497413074069,0.4214959481019016,0.41856754705126487,0.4223493181725574,0.4195509617407518,0.4206859488766218,0.4207605263912292,0.4203942898217904,0.4150713037485479,0.41927159530545893,,,0.9325893132340468,0.9318539543556716,0.9358179765960114,0.9319069944112656,0.9324775236901433,0.9347454044103819,0.9352337060940963,0.9339139926063502,0.9348477520665938,,0.9348806161178599,0.9343662891372673,0.9346208810922216,,0.9373429450369528,0.9356148995849932,0.9331362319257342,,0.9358093857238812,,,0.9366453689814358,0.938837533248438,,0.9362913057132498,0.9360896475252067,0.9377270052056558,,,,0.9361762540787474,,,0.9348317412353898,,0.9321492243330234,,0.9333295568358863,0.9313822133021397,0.9344002911213442,,,0.9327156595538602,0.9309745412543667,0.9304725907883701,0.9309725512760261,0.9353816891523096,,,,,0.9317344618244515,,0.9345604519420155,0.9361956148200723,,,0.9332349538357371,,,,0.5971513110818276,,,,0.8667718504651906,0.8560509803446746,0.6692602596432344,,0.6705714021935085,0.39561762378681314,,0.6853559992416489,0.6846405294438237,0.6856306437915444,0.6852521778666268,0.6835789417284724,,,,0.6856250214923845,0.6829243468462064,,0.6844907959258251,0.6840442427039719,0.6860995657520319,0.6844840148988228,0.6858151709464111,0.6830881983246406,,0.6827998474648038,0.6844404511827782,0.6856602772225413,,0.6824583514895829,,0.6844526237515711,,,0.6830060021659705,0.6845142692425716,,0.6852889226508185,,0.6843069049585601,,0.6835918512830319,,0.6856431049288875,,0.6813762028857383,0.6822908911344016,0.6840848467219642,0.6818740401930579,0.6813421903252316,0.6834104460278309,,,0.6845258560809837,,,,0.6846417996413972,,,0.6839893595792086,0.6860203924360233,0.6855736077923134,0.6853655770486952,,0.6836716525818466,0.6846195856816821,0.6846028482776237,,,0.6846451491145726,,0.6826883250184134,0.6856771383485155,0.6831396595449662,,0.6845230760237543,0.6836001893187348,0.683802781824762,0.6839316253064274,,,0.682536833016085,,0.6827257222788943,0.6817930792840363,,0.6836736799156222,0.6839647879167362,0.6857452368100143,,,0.6844568655479503,0.6846371644886413,0.6854695060473125,,0.6859827430743994,0.6859568686363063,,,,0.6846867082603477,0.6832468947264653,0.6836967940523555,,,,,0.6840852808383309,0.6827949225094935,0.6839297979012399,0.6836380907824464,,,,0.6827751835659249,,,0.6845487178609021,,0.6845524028443409,0.6847812255102937,0.6833555507082207,0.6857616001299195,0.6837602893838443,,,0.6828169919953013,,0.6844906086200416,0.6850584895922903,,,,,,,,0.6858536906667132,,0.6843998702217751,,,,,0.682475442707982,0.6835778157501841,0.6848020190028777,0.6838181776383835,,0.6846528131044932,0.6820374277713781,,,0.6835482452818286,0.6826351693270787,0.6846778175822439,0.6836666066473948,0.6833023697248827,,,0.6844597355714902,,0.6827306463058073,,0.685635840773553,0.6847960711549403,,0.68383896393973,0.685780527185102,,,,0.6831780977378865,,0.6374796122653182,,0.6151953821881287,,0.9450202903148257,0.6554670186848146,0.6564414892877772,0.8597883078615927,,0.9485635228131056,0.9453159362685867
7,5,DG_10pct,20,Z19_F02,19,SLG_A,174958,181895,True,2844.3112022023197,2845.6147565699252,2882.2477060825695,2960.9328404972493,2964.8624955029477,142.0530232065349,161.08962467763396,925.1756085388141,951.0343952254136,672.3644068352418,673.3223825571952,323.8098390284022,103.65545220646615,87.22681588152062,84.25935734856837,142.93471008378242,3958.837162012702,4155.766052157154,311.3952584301946,280.610079394236,,,0.796024323972195,,0.8772024684572131,0.9588221229772026,,0.6983755404164335,0.7012572186700191,0.7003290013205595,,,,,0.8667608685489069,0.8664251481766567,0.8656992405638103,,0.9542972252418536,,0.6999795734945791,0.7012355543005446,,,0.7007019198969162,,,0.693907887805706,0.6939561960184533,0.7065526594053126,0.7037102401215558,0.702459593138888,,,,0.6542637361086031,,0.6764429316937313,0.6771545375353574,,,0.6822374023791375,0.6838366004454017,0.6838520266844728,0.6834961351294617,,0.681324267902887,0.6826187811546459,0.683973459326511,0.6831190725011069,0.6829507081621736,0.6847190910684005,0.6840976259439929,0.6830695166153216,0.683120926251653,0.6841425178869608,0.6843872740494333,,0.6268652973106713,0.8701168738508636,,,0.6182939655575236,0.6182324602077941,0.6187994004307096,,,0.6192619576424196,0.6201197764896763,0.6178292015960575,0.6203059881216191,,0.6176085640448198,,0.6200823789971522,,,0.6176266867217933,0.6186132618452952,0.6207331370378902,0.6190624114780975,,0.620028021937253,0.6178868672452841,0.618359505227188,0.6542691045585299,0.6531486724082896,0.653233967180408,0.9865695215860976,,0.5721855216127387,,,0.5715397125549181,0.5730690223596215,0.0809989324288104,,,0.08096155537690908,0.08107469836185086,0.08064713813178581,0.0811273039712725,0.08091904088917407,,0.08097745432108587,0.08086630560635141,0.0808008817748741,0.08103922257366863,,0.0808832158001984,,,,,0.08097370779897746,,,0.08111597804558429,,0.08103140130824436,0.08082523983293148,,,,,0.08101219400836777,0.08077486710286692,0.08101284319882157,,0.08106364435448891,,0.08071621304121553,0.08081121137510963,,0.08077290594212355,,0.08094926345345357,0.08080665425500487,0.9823054215202166,0.9816400649419603,0.9842729789979769,0.9843429213036003,0.9862611418892958,0.9859596787583841,0.9823202059912286,0.9848035566383148,,,,,,0.9816573160818688,,0.9845883094638005,0.9827403320675553,0.9854653702448273,0.9838971013842472,0.9850045339317306,0.9806970169579962,0.9837141009604102,,0.9861056486083463,,0.981873415215189,,0.9842560544221113,0.9837250674873207,,0.9815070759796608,0.9815996974225281,,0.9846548028603631,0.9844938242800124,,0.9809127753784945,0.9833619221767465,0.9816375463066396,,0.9840208294852832,0.985986522560089,0.9833688971486121,,0.979987744766324,0.9927161039812799,,,0.9944446827135665,0.9903336510252929,,,0.9936226024973853,,0.9916795482632569,0.9929050277577112,,0.9925762825633077,0.995081016238163,0.9947626168140481,0.993667055652163,0.9922391333181699,0.9944121797661288,0.992322681722329,,0.994063559242513,0.9934189242436201,,0.9882745991687167,0.9931904674327892,0.9932844084220298,,,0.9911467250334222,,0.9920995082552775,0.9910600949297583,0.9903020251084036,0.9915863766991176,,0.994355764191759,0.9938713535424395,0.9935592531965215,,,0.9940873801367807,,,0.9900785061263003,,,,,,,0.9921191226783452,,,,,0.6058915511927939,0.4023931249681022,,,,,0.6107155389825621,,0.6129828267162735,,,,0.4285044180912053,,0.42989098847221413,,,,,0.4288399042240578,0.42964658938224287,0.42847208008193705,0.42865929004293424,0.4288380666068734,0.4300560487380755,0.4290842059145756,0.4297745728392228,0.4277492063459314,,0.4301780504454881,,0.4290827565217654,0.4277012648363754,0.4294656735292515,,0.42893328728560115,0.4291416594420477,0.42818947869029517,0.42746786830051103,0.42872865410450645,0.4289232094335667,,0.42938908607676046,0.4291106460020039,,0.4294554633302174,,0.42959501552338436,,0.41225238503132344,,0.41062626506492816,,0.4091345955370257,0.4112873965265983,,0.41079386077791263,0.41043893888492466,,0.4090477667464467,0.4107001466223432,,0.41210492934515,0.4112925613223829,,0.4120442727501016,0.4101747290698995,0.4115968010078012,0.4102141791190694,0.4104493506460346,,0.4109976219872295,0.4107740242079396,0.4095742320623923,,0.4114036973506733,0.41180702871826536,0.40931701978303614,0.41044356565429935,,0.4115770241036799,0.9448908650598378,0.9488584972714031,0.9452908004729014,0.9448167737128914,,,,0.9465885679355772,0.9461325437313404,,0.9453284278937442,0.9454577700858191,0.9477145930988866,,0.946140105073704,,0.9479468893617441,0.9442740395856832,,0.9458333060519383,0.9475287979522276,,0.942325071264026,0.942730644139844,0.9421559095131954,0.944209944096036,,0.9418045950796927,0.9448277193110065,0.9447645599986634,,,0.94456810894639,0.9456105959011658,0.9398953035707793,0.9466188209544831,,,0.9447864693618431,0.9459457911382375,0.9431622749267867,,0.9434241485697483,0.9426163833491116,0.944596630370423,0.9454992572011535,0.9457090504346286,,,0.9440061195452931,0.9462476941773422,,,0.94503334970177,0.9436076106985026,0.9480132536026527,,,0.9474168360621598,,0.9456599658842102,0.9428461977865585,0.9481398833849093,0.9443058487110005,,,0.9433952871151584,,0.9449118759061746,0.9444620068169282,,0.9459403324317072,,,,0.9461218706084505,0.9447915119431821,,0.9465979823449902,0.9484974578462064,,0.9467227690443296,0.9452432447864159,,0.9463475130131012,,,,0.9385162054109997,0.937244201718609,0.43863979473394105,0.44041280558080836,0.4413590174556202,0.4404768220664319,0.4414832931571446,0.6359566202367726,0.6367421145090876,0.6348326427869467,,0.6326763491421914,0.6360186514391264,0.3624481515919879,0.9446089082144628,0.9455880847321126,,,,0.5959955335311119,0.5957370247605256,0.5955454516755136,,0.5776713649364724,0.5777960770694788,0.3964808445024626,,0.9453015380434878,,0.9338534204759285,,0.42558666414604635,0.9369471795200757,0.9515383238201713,0.9411697477922653,,,0.9428307842723407,0.9426965643713366,,0.9416177354500873,0.9508932344939214,,,,0.6300726639655079,,0.629362506902351,0.6316977964901705,,0.6307728066346141,0.6306265449014204,,0.6302404630715672,0.6318938764970646,0.6308669210017618,0.6295419543014581,0.6305654171491892,0.6298939226710462,0.6312712842260281,0.629892638684948,0.632164878151971,0.9589119001316024,,0.9572896200183959,0.9569690862389268,0.9541476676892792,,0.4632103584854879,,,0.4620272698177031,0.958588927702715,0.9571408251775917,,,0.9611079299542278,0.9549075010280997,0.9564936434457905,0.9587219108387394,0.6411532855885259,0.6413770840834577,,0.6410876780737801,0.6422811156280762,0.6428909297030415,0.6421586862789497,,,,0.6417795966536363,,0.6409418698210855,0.642085357131362,0.6438113429093839,0.6414673212056842,,0.6418700841105528,,,,0.6415533477181772,0.6439902281313719,0.6419577573596922,0.6416145214982748,0.6416747587175233,0.6417977609580369,0.6417990108564839,,,0.6414355423480728,0.6402874713259021,,0.643662060149409,0.641082858540413,,0.6430223181307732,0.6422741767242438,,0.6436458972961572,0.6435138466182141,,0.6417292323444447,0.6413036354114607,,0.64036983985563,0.6421793553735605,0.6454074808921704,0.6445439089763539,,0.6415025272476818,,0.6431037497577696,0.6403292282262346,0.643997542144155,0.642936141523252,,0.6429508800619025,,,,0.9357036620140778,0.9319093114824819,0.9356616294326459,0.9375259667375113,0.938621498832297,0.9370661316672306,0.9375420574155074,,,,0.938027922452221,,0.4676003146413888,,,0.4673120702556697,0.46781534047749285,0.46770449847101764,,,0.46669509643959656,0.46887739989461336,,0.46774647674736064,0.46872944483238876,0.4675048246099773,0.46733377925860947,0.4688274313348007,0.4671227731784566,0.46817110880202684,0.9382351956258077,,0.9393745776817668,,0.9375899098272745,,0.936585492437087,0.9373955587424282,0.9421681338895108,,0.9432832999080126,0.9432127940772194,,,0.9419021757143544,,0.9395254150805985,,0.9425160063723398,0.9417927442072553,0.9447759613857285,0.942525136349947,0.4673510245061142,,0.466339610745777,,0.4682466798656739,0.46789202649799905,0.4674777038998423,,0.4682141966003681,,,0.4692152263983766,0.46277656445501536,,0.4672268939835067,0.9435119756640914,,,0.9420016041022173,0.9433778887450414,0.9447162282110803,,,0.9371324853227876,,,0.9376070638947653,0.9373221827805488,0.9370272961052151,,0.9377366161147193,0.9373676782938682,,0.9371977730790142,0.9360414651246739,,0.9359942990707997,0.9378916303957886,0.9374223054827702,0.9382392491386545,0.937204013761744,0.9393000940213783,0.938007159425933,0.9337833113247215,0.9363102438448098,0.9354237793428206,,,,,0.9453683776599697,0.9434073507555174,0.9456189465932189,,0.944884972529948,0.9434741234806218,0.9454404572069496,0.9460104114564364,,,,0.9434547409848653,0.9425256927293734,,0.9421148742466989,0.9420602898672361,,,,0.942940721008838,0.943376487645762,,,0.9446854185759912,0.9411500697993057,,,,0.6162417023043463,,,0.8724030030182169,0.8658869012919839,0.6884121734593607,0.6922593843914805,0.6897875138560035,,,0.7030331800036058,,0.7019128837126299,,,0.7028046827436926,,0.7032879702090378,,0.7006568985999557,,0.7008075128898641,,0.7010770940224016,0.7025113269933917,,0.7019624587399235,0.7028053407183117,0.7008462146254719,,0.7008105449631781,,0.7039147979842546,0.7020683784674144,0.7026579333531512,0.7016987942505283,0.7040087331965202,,0.7028180900114089,,,0.7050540533882441,0.7016604098459919,,0.7011291557152995,0.7023817147930856,,0.7039196590323983,0.7007225541696441,0.7030161255625508,,0.7015042900410415,,,0.7042468425495366,0.7008305987700171,,,,0.7027235899707162,0.703267378147098,0.7026203555271108,0.702207000316564,0.7035535215139348,0.703408182202093,0.7000363759213091,0.7036382366553452,,,,0.7034818202343437,,0.7033893343026296,,,,0.7014136773478453,,0.7029683911000797,,0.7041680165018708,0.7022362704832019,0.7032898428947868,0.7013873904678805,0.7030420924989004,0.7009469703648257,0.7023559337718824,0.7020681213424411,0.7023508211362529,,,0.7013624575785903,0.700207153937952,,0.7043672832125129,0.7032714317809822,0.7015476920250979,0.702515560315182,,0.7039906919002801,,,,0.7020285450362699,,0.702523021727213,,,0.7037808501856297,0.7024198760116334,0.7020282552548666,0.702422593084518,0.7032002376979354,0.7034832059536191,0.7041160756538682,0.7020321193992887,,0.7015003298622022,0.7015629913691755,,0.7020403036639374,0.7037367142491823,0.7038271670422165,,0.7027417838700883,,,,0.7039292650846828,0.7043666980370914,0.6989148284716971,0.7025030870224123,0.7028701845460881,0.7027394919075388,,0.7006799559820406,0.7006675618411679,,0.7023064758404848,,0.701397461243993,,,,0.7017250305165669,0.7024171162647322,,0.7008553821109346,0.7007893676105051,0.7032589937219287,0.7014531997223526,,,0.7037574812133389,0.7005368936843589,,0.7015643764187398,,0.7025855021807221,0.7040577726415476,0.7028671171409846,0.7023406373935908,,,,0.702258499438109,0.7032966951092615,0.701782046713572,0.7027912167873439,0.7005336233818876,0.704393798337686,0.7029644407795305,0.7025990024881262,0.7026514744741308,0.7023478902789173,,0.7031248175218515,,,0.659111411449778,0.6469004652042714,,,,,0.8635673361557045,0.8665345911724053,0.9540194476855257,
7,5,DG_10pct,20,Z19_F03,19,SLG_A,174957,181887,True,3109.07742633589,3126.374487946218,3150.572273928412,3235.2980379670594,3250.1690871309847,149.93068396672027,170.00862215017347,974.6769867197906,996.2522396573031,703.659342052605,700.8273641714441,336.68677987615473,109.2375578788919,89.37487538067043,87.14895589630923,150.47607227656226,4290.837027127465,4481.84137319813,329.1292602887625,295.027130299775,0.7863412997141906,,0.7880137388968639,0.7943314003176088,0.8723729670064979,,,,0.6836493517934471,0.6830805340527807,,,,0.6581921453066442,,0.8599095489822877,,0.9489755360874323,0.9490930797602279,,0.68401019980103,0.6851925479782636,,,0.6829139837232117,,,0.6775558470556098,0.674819134194752,0.6863675665860893,,0.6866864013284285,0.6882089089342251,0.6867999650457827,,0.627271127220069,0.6590574852002825,0.6577687040407545,0.6606529466714939,0.6623253221858946,0.6615872896547861,0.6638076839406535,0.6631770360078154,,0.6645917031157307,,0.6651113366680487,,,0.6658426095556358,,0.6650503323838574,0.665335376525044,,0.6646417193928584,0.6642532560153911,,0.5929029710988123,0.5960164919312123,0.8663654518118312,,0.5870551934004444,0.5890357213522116,0.5900604134437251,0.5867341119679677,,0.58607943557535,0.5886970908708996,0.5871367399018943,0.5899062507294287,0.589089042507399,,0.5894110066014931,,,,,0.5885482337229366,,0.5883918172732043,,,0.588536982001227,,0.5871478633461928,0.6347349047162052,0.6330039481643364,,,,0.5605107008610154,0.5589580335783598,,,0.5563351784117999,,,5.383246564340496e-05,,5.375770112328778e-05,5.3680556098013654e-05,,,5.3757900797919215e-05,5.37790581155612e-05,5.370313976133571e-05,,5.3781974961580184e-05,5.373562630235224e-05,5.383429636252145e-05,5.3745229010488126e-05,,5.376360665377724e-05,5.384307794863249e-05,5.372291429667679e-05,5.38110385255554e-05,,5.3840029621093304e-05,5.377034844334578e-05,5.373030156433676e-05,5.367666887173958e-05,,,,5.3847628103932575e-05,5.349774216909718e-05,,,,5.3771455423926074e-05,5.371508543317108e-05,,,5.390968597907435e-05,5.374796789139776e-05,,,5.3667303185436615e-05,0.9794109172792467,0.9808108734229517,0.9798296154344597,0.9784632964640292,0.9801104815971965,,,,0.9832559332742852,,,0.980881335895833,0.9804905127450378,,0.9830058011696063,0.9787588866178744,0.9823058787990222,0.9824384567940585,0.9809673944576391,,,0.9829327418635133,0.9794900340506887,0.9802034055749238,,0.9789452161538243,,0.9821431515951501,0.979655730841827,,,,,,0.9815506088617433,0.9798083188630302,0.9825152692314988,0.9782881767732666,0.9769247409974181,0.9791876045506415,,0.9779931557332804,0.9800988715403443,,,0.9901390409186824,0.992625416779469,,0.992119405054324,0.9918676620934226,0.9904805904562926,0.9914577796500332,0.9907852227435142,0.9892756506475425,,0.9916586074743918,,,,0.9946872847258569,0.9910037071496756,,0.9898950627649393,0.9906889089911927,0.9922878270912426,,,,,,0.9906227997394913,0.9882542304952258,0.9895779194451396,,0.992905549257233,0.9895878140320233,,,,,0.9924945886646236,0.9909646490983322,,0.9937717622708504,0.9932887857677007,0.9934982582171449,,,,0.9911725315103056,0.988257445914692,0.9919555098181306,,0.9919320491976391,,,,,0.589838796320858,,0.5901689004634685,0.35146022641602886,,0.5948762872857458,0.5925829311888001,,,0.5953453744182295,0.5934722279735515,0.3798501185630787,0.380691096312039,0.3806529917179226,0.37990090638764373,0.37898841361467117,0.3808655334428939,,,0.3800997676041007,0.37976709305053424,0.3799998587653675,0.37988696085221263,0.3803964965596205,0.3797874198327811,0.37991829222464646,,,0.3798462288481879,,,,0.37966796144979065,0.3800390251998924,0.3794003969738283,0.38027797291361126,,0.38048366738614875,,,,,0.37861022115521525,0.38002509700207626,,,0.3804058568212551,0.37923152113621283,,0.37935877988859057,,0.360516263871298,0.3596926090302455,0.35899001737832936,0.3595163867679736,0.35905130413081404,0.3606891749308145,,,0.35956835548827565,,0.36006589471469713,,0.36030697280666724,,0.35895656470843273,,0.35962320457638386,,0.3606387112004343,0.35923773860934577,0.3611292874638418,0.3592892635071392,0.3596765804821962,0.35971663893552563,,,0.3592256383013093,0.3599202363708631,0.359690421553331,0.36125143045087454,,,0.9378830151320169,0.9385834434450467,0.9372495701834523,0.9366488833315683,,,0.9381427838660595,0.9367308456095441,,0.9354677206287444,0.9360269135608174,,,0.9364040930193748,,,0.9371817777568763,0.9349351028478268,,0.9361204355091711,,,0.9350062301483913,,,,0.9354663101313212,,0.9346493877366322,0.9356042542984868,,0.9332965159468628,,0.9356348354180191,0.9370485974881484,0.9351016618259713,,0.9375075780181747,0.9364886204192884,,,0.9378750823363824,0.9368053691495379,0.938973515200519,,,,0.934583825181844,0.9373298020250747,0.9348008345690821,0.9380443269866968,,,0.9376306986452393,0.9328325779211711,0.9359000991976213,0.9338019294065282,0.9361433182519905,,0.9342273779822009,0.9381729099844657,,0.936449439868901,,0.938665443481016,0.9356606137576641,0.9360880923107322,,,0.9385571734472907,,0.934348026143635,,,0.9385585896870093,0.9360224320103051,0.9369166985725623,0.9352522315272216,,0.9377203285260067,,,0.9370354090269228,,0.9363981496065106,0.9352285728407448,0.9422751705058396,0.938056292731233,0.9392860971748052,0.9397847050838207,0.392233600864417,,,,,0.6222895761686902,0.6193855974547752,,0.6203711691695748,0.6193820919439735,0.6199079265465758,0.3059463480140063,,,,0.593891039559612,,0.5808810689502624,0.579500647274923,0.5780639228132992,0.5599107495943717,,0.5610320669364002,,,0.934504120627124,0.36505713206695356,0.9314018797610271,0.9356588272509361,,,,,,,,0.9429351521678986,0.37969523356874746,,0.938358841018241,0.9472137106835133,0.9472123533255985,0.6127153094875996,0.612851617714471,0.6133127940421027,0.613091815824275,0.6139874424724371,,,,0.6159871449968641,,0.6147087671011006,0.6144999009143128,0.6121699897051824,0.6150467052922246,0.6126096848054221,0.6133018400394769,,0.612792473492657,0.9473540282817038,0.9437579327024477,0.9441192261507402,,0.9439133620832458,,0.41339912836772286,,0.4112991417602244,,,0.9568614153248679,0.9580265309506302,,0.9441895466104056,0.944880676171473,0.9475277473042208,0.9453607251325354,,,0.6249012079331364,,0.6236344784105325,0.6227594810504159,0.6264255804536343,0.6254592610910229,,,,0.6256043985400032,0.6253047908076091,,0.6238546651399898,0.6256669572578496,0.625374793702702,0.6261327459772269,,0.6239778742702033,,,,,0.6247000630773256,,,,,0.6260883052527972,0.6268016361115589,0.6252740041758896,0.6241961646365501,,0.6250187815956216,0.6253032679988125,0.6272959137291284,,,,,0.6244564969422983,0.6277093245388853,,,,0.626004009097599,,,0.6270092841457526,,0.6271571709795823,,,0.6260100924296728,0.6252091487173401,0.6254680283609775,0.6252579908480858,0.6245893440744659,,,0.9359956006678558,0.9353188542837004,,0.9369068012383838,,0.93764992191113,0.9328227135935915,0.9338701467947512,,,0.9346449523480992,,0.4233485554397542,0.42231547251155777,0.42404193188091815,,,0.4215231221118935,,,,0.4236420957341072,0.4222015275381398,0.4231201811746157,0.4225277873953754,,0.4221030321471545,0.4215377027988925,,0.42208469399827037,0.9378945875113593,,,,0.9362028465045843,0.9363262667757225,0.9384242730929927,,0.9342467998763737,,0.9321605113798743,0.9352727647304856,0.9353411871476378,,0.9331920032043077,,0.9322316740264514,0.9332073242314844,0.9315297587264671,0.9346561624508097,,0.9326541807044257,0.422254768186281,0.42371672978764185,,0.4212647079277975,0.42206298454365543,,0.42165064141656416,,0.42263672545916636,,0.42272792327491826,,0.4180335653463373,,0.42074211441138676,0.9340023114659594,,0.9322606671345087,0.9351348178823089,0.9358440105904396,,0.934222534242892,0.9359710243870729,0.9357923265366154,,0.9348510151805313,,,,0.9358902904828879,,,0.9352206069026614,0.9367613724508984,,0.9373654840000992,0.9356279781543433,0.9366864151337345,0.9328151000114216,,0.9369858514661472,0.937459087068618,0.9356655679357283,,0.937647909460869,0.9353524510735479,0.9365023641704275,0.9322904238273826,0.9383893784604509,0.9325913224675896,0.9376448889920748,,0.9337182607894738,0.9339993712384196,0.9347966139031498,0.9338519223476648,,,,,,0.9334846867230865,0.9339071940700726,0.9347470068725439,0.9359325263942295,0.9335082855454899,,0.9359374358027763,,0.9351401787645217,,,0.9341410629444207,,,0.5963682421607592,,,,0.5975590087136506,0.598129754110131,0.8700580440609693,,,0.6726718954029535,,,,0.6849130426294111,,0.6832253156753622,0.6840058932964224,,0.6835840942310606,,,0.6846360266772058,0.6833138608441882,,0.685349973228532,0.6835937875618348,,0.6862874683044244,0.6841959863698092,0.6847613521597572,0.6873387924376718,,0.687357875756838,,0.6862284114390286,0.6864048450893616,,0.687517350386626,0.6869245810961238,0.6858430872051376,,,0.6870835849602137,,0.6850343528519904,,0.6854802986426398,0.6859413871374082,0.6846628782960069,0.6855166025012533,0.6854396936244959,,,0.6853044217390543,0.6850361774352655,0.6853539005356651,,,0.6830147075886861,0.6840533974049137,0.6860664707706542,0.6833371118205772,,0.6842907731204246,0.6861100930072317,0.6857825715248757,0.685070030600147,0.6836569576540916,0.6872516923857868,,,,0.6858409697414318,0.6862689968739581,,,0.6848050019337276,,,0.6833417781805868,0.6848062250487906,0.684438693397164,0.684914377944408,,0.6850873361168219,0.6858649033675717,0.6827416138740664,,,0.6850711203874347,0.6841510294776689,,,0.6868390563751609,0.6840286474221499,0.6839808558418715,,0.6848265156500126,,,,,,0.6844477792417788,,0.6860624955750209,0.6837284435900285,0.6860818004559995,0.6864360190985048,,0.6853846301192492,0.6857933341816174,,,0.6858290952499078,0.6818116566728428,0.6852249473458037,0.6858950136538886,,0.6821718111115807,,,0.6859233368781603,,0.6864361448209416,0.6863374981355509,0.6856410416182066,,0.6844647294264934,,,,0.6862422273308733,,,0.6830485485844219,,0.6862238000490433,0.6855515538420776,0.6850368719525892,0.6864221252566954,0.6847935492863076,,,0.6866120657925882,,0.6853980230520204,,,,,0.6834813286747208,,0.6850386948269674,,,,,0.6864929503936913,,,0.6848860980829964,0.6861502430427647,0.684203833592655,,,,,0.6860866573076738,0.685129981714716,0.6833085064674986,,,,0.6846424141667223,0.6858803638556081,,,0.6850984589028299,0.684847585843894,0.6392893566613019,0.6406635669946664,0.6375682923183746,0.6167003330548972,,0.9421019615042543,0.6568265625742365,,0.8577116976013153,0.8599729649117308,0.9497974592743953,0.9464308682844342
7,5,DG_10pct,20,Z19_F04,19,SLG_A,174957,181887,True,3121.570546597576,3119.2454689842,3149.3470776780637,3244.1139401445425,3248.585601163509,150.17034926511297,170.1210783198537,975.2201108762043,999.5664091913745,703.6964668110463,707.9015156749714,338.1872314003138,108.84263763791368,89.03764382611928,87.19049213409023,150.37390258867325,4275.5962340264205,4496.527656667021,329.38296953363647,294.3039353672956,,0.7872433432700257,,,,,,,,0.6837566867224758,0.8437435912238392,0.656296243005146,0.6537297975579348,0.6550573311879195,0.8587798406136514,0.8599497265929656,0.8622799089866641,0.9445874721518331,0.9483468106694853,0.9478703295236108,,,0.6837860916600227,0.684198582879759,,0.6842838713841471,0.6784408386185369,0.678257207354719,0.6767149111585414,0.6880631301790057,0.6867131639603162,0.6858123211492904,,0.6852754717933923,0.6850340616561861,0.6280977135679063,,0.6596244198685594,0.6596234949087695,,0.6635696580155557,0.6641781970330596,,,0.6653252833828709,0.6646867489014017,0.6629621152475393,0.6659139518941524,0.6636504097010362,,0.6658455541005404,0.6647245554547659,0.6651574170613439,0.6666695035980209,0.6648615326594077,0.6643633592268375,0.6658180030706942,0.5939727461865806,,0.866223418057199,0.9472133667258011,,,0.5865614446943737,,0.5880258133065555,0.5889369699107245,0.5864679488886404,0.5911232909617854,0.5878313229344201,0.5882029134600196,0.5897329147221363,,0.5871109144220743,0.5892663015656316,0.5880798833559208,,,0.5871322908775307,0.589368156376811,0.5877025856728954,0.5886338987679142,,0.5895068783123285,0.589397559308765,0.6325522215953419,0.6323320500258671,0.6317093485452252,,0.5597482359597751,,0.5586953263719049,0.5564704993916003,,0.5583080983788161,,5.37046917088694e-05,,,,5.372969459678639e-05,5.3872882116451365e-05,,,5.381870534079007e-05,5.373669369888563e-05,5.3730111624081305e-05,5.368875178767462e-05,5.3629972806655656e-05,,5.3618889645539245e-05,5.383147585605279e-05,,,,,5.358516857337275e-05,,5.365228523610805e-05,,,5.3811210519522235e-05,,5.3591549063476586e-05,,,5.3716952029073616e-05,,,5.369142186016171e-05,5.376664143351419e-05,5.37927644174159e-05,5.3767128569743585e-05,,5.356827279465353e-05,,,5.358738025453385e-05,0.9792658200772189,0.983400262532386,,,0.9825873774104618,0.9780338350663741,0.9830289090997643,,,0.9811940785824781,0.9793651334937364,,0.9835747250094288,,0.9786706838457725,0.979644830406574,0.980284746635429,0.9830819432555937,,,,,0.9833983144702751,,,0.9836670823493779,,0.9781158536132416,0.9848473147165842,0.979351782692655,0.9771416708958813,0.981353019749411,0.9782176866043133,,0.9824000137952396,0.9794207768291275,0.9796889251726075,,0.9796734301868028,,0.9801476003760633,0.9793515565503985,0.978834658719343,0.9813082433962133,0.9825220171998524,,,,,0.994751547927883,0.9893743128356715,0.9915753878796107,0.9925224340849376,0.9914131804980069,0.9928790679145078,,,0.991578747803852,,0.9942743095618315,0.9920044524903936,0.9922450501432922,0.9916451895239982,,0.9905767627730354,,0.9912545595935219,0.9901897557114158,0.9914921504761882,,,0.9904060321900535,,0.9922772536764699,0.9894488685768237,0.9918431036587054,0.9920828827883862,,,,0.9923561755835357,0.9909137583452774,0.9909773715622437,,0.9921583731791414,0.9919659657780647,,,0.9892629102965268,0.9953437056679441,,0.9913154407095724,,,,0.9899371126926576,0.9923464886661402,0.9942138526589818,0.5904786020706165,,0.5897658136626321,0.35017793233957484,,,,0.5954350379703438,0.5925346975622398,,0.5954929061274786,,,,0.38054647128427815,,,,0.3801691188218259,,,0.3809642245895714,0.37903371746545783,0.3797930748625077,,,0.3801454633133651,0.380378552946604,0.37887709847860185,0.3802815691464706,,,0.3799465962859163,0.3796604593897327,0.37858337728935587,,,0.3793468502716791,0.3798000462965129,0.3784601313489047,,0.38096514645139945,,,,,,,0.37848313663918687,,,0.3605487320265971,0.35881376321604125,0.3597315592956778,0.3601163498212041,0.35940993511815617,0.3589808067997032,,0.3602292608189474,0.3601727422898611,0.36101746822659825,0.3593777761809545,,0.35988048000305806,0.3604299805365226,,,,0.3599846072796161,,,,0.3592397333062247,,0.360343801921156,,0.3591620511111976,0.3612954428249121,,0.35886989685465664,0.3592611014625522,,0.3593555711425603,,0.938860837581408,0.9357579651049982,0.9369364482963013,0.9371985938753931,0.9388270618724919,0.9372944910540094,0.9343465050041605,,0.9385319904210958,,,0.9386279688991627,,0.9369971650348531,,,0.9362800238587761,0.9364588969717322,0.9360633096535599,,,,0.933979477901046,0.93554143055327,0.9365869697923013,0.937344634395433,,0.9346398034368183,,,0.9380930944186314,0.9363616634897944,,0.9368070111211446,,0.9383328947764198,0.9328087014713147,,0.9369396391516998,0.9366136964659013,0.9393772934733209,,0.9371902697544408,,,,0.9350159469339192,,0.9360983767034091,0.9385163791293044,,0.9337741207195791,,0.9383264861634508,0.9341327103101607,0.9373217398031352,,,0.9367186158450174,,,,0.9391152338661622,0.9344744305030235,,0.9353441455178952,,0.9336168815579892,0.9360536992899992,0.9354176768093528,0.9371705876198575,0.9350841581808491,0.9377293235847362,,,,,0.9384788608271677,0.9378591819482045,0.938068284486612,,0.938297052079963,0.9385249124073937,,0.9353965533853781,0.9355726598509548,0.9398200327722672,0.9365351842316135,0.9420279396482144,,0.3915384773510976,,,0.3926384777143695,0.6183218992028584,,0.6187568244688191,,,0.6180064640133981,0.30530408588149827,,,0.5934774407149451,,0.5938310167205396,0.5807810548155046,,,0.5607030389993634,0.5590130333794495,,0.3448602205847893,,0.9354989480393929,0.3665422607419461,,0.9344198906374902,,0.9363472703044968,0.9389108658896143,0.9405367316686786,0.9409047407432767,0.9430726904195216,0.9379510336558072,,0.37930083845282747,,0.9375224031149345,0.9456354968161563,,0.6133334472373647,,0.612856910246203,0.6121899371978642,0.6138140335822208,0.6143490844059432,,0.6142713841773462,0.6124459554286976,,,,0.6128796317375208,,,0.6119876887529205,,0.6140826534112148,0.9434421162478047,0.9444549339496723,0.9450747227381724,0.9445072236848765,0.9441571777424125,0.9409587445616533,,0.41042490020730293,,0.4124471298227456,0.95684258193175,,0.9592799286026777,,,,,,0.6239219465951931,0.6253168593847972,0.6246595472606871,0.6254892232044598,0.6261786435639318,0.6257524018204352,,,0.6237677104997444,,,0.6254242126870834,0.624510651814764,0.6250110003223666,,,,,0.624838273688793,0.6244557409580137,0.6259403598803206,,0.6246981131067503,0.623570935143484,0.6229216648297813,0.6265363317773387,,0.6252634851564353,,0.6249266324822234,0.6249814735236427,,0.6241492714636055,,0.6262305430882062,,0.625548146898296,0.6246217521171264,0.6267583947277435,0.6241303144952751,0.6249469699661905,0.6249400363648429,0.6260448076934433,0.6249420469392587,0.625359545867927,,,0.6265009728137413,,0.6258082781028212,0.6259183993658359,0.6250087230349191,,0.626112213848038,,0.6241163284550445,0.6252025295972703,,,,,,0.9356531560888005,0.9338486432263748,0.9361650344620139,0.9348672235736235,0.9361037252885424,,0.932584065152981,0.9350407121431195,,,0.4234721606478675,,,0.42261295767964424,0.42261277858989676,0.4225049684203796,0.42324961079153517,0.42274640800350993,0.4220794523252601,0.42129090947918846,0.4221716326347375,0.4235610356439934,0.42203533352406447,0.42216616765541226,0.42269119018943124,0.42230480944406745,0.4208401442982733,0.4230015111008648,,,,0.9374920330053912,0.9368177370162324,0.9363056911935194,0.9357105656876566,,,,0.9304242252659808,,0.9328508998770934,0.9351357750264023,,0.9304077069809572,,0.9346759315924422,0.9320902237491013,,,,0.9330116259455116,,0.4215946336280839,0.42134689263226843,0.4209912833929059,,0.42422878630121214,0.42146351859975245,0.42286575628303336,,0.4226915812551589,,,0.4175854583192694,,,,,,,0.9355429057136235,0.9342007387265863,,0.9350566607178317,0.9357428633767196,0.9337636044239183,0.936649945014645,0.9335764605178903,0.9364295003654161,0.934758918767826,,0.9374183546083558,0.9374958871255497,,0.9379056146347133,0.9376756648704481,0.9332678096506226,,,0.9356550027677896,,,,0.9340602212928836,0.9360893032119825,0.9362955974430835,0.9379531889459778,0.9327795546270349,0.9356409926717529,0.9343784543078733,,0.9356295511336117,,,0.9344268351170455,,0.9340654332430058,,0.9373441737107531,0.9339813849996625,,,,,0.9324003104883664,0.9338214287670181,,0.9323934716499374,,,,0.9340802769933126,0.9359225802623837,0.9336476154183208,0.9326177488808551,,0.5980999493410433,,,0.5983857644461381,0.597536347124669,,0.8693464678159796,,0.6732893425120603,,0.6715521746798128,,0.6832783438054663,0.6856417280123659,0.6858482800038641,,0.6841079107289769,0.6861564598605395,0.6853094996418276,,,0.6844615413246473,0.6827811912496362,,,0.6834917182296594,0.6832979434386423,,0.6864371887788407,0.6833030415777313,0.6853444479190398,0.6851977792756664,0.6828979074304592,0.6827210207271377,0.6852908828282905,0.684462532402741,0.6866221425693907,0.6851101756875689,0.6838850658388617,0.6869177372833218,0.6852238911671126,0.6848853001806197,0.6861641468553634,0.6844071424296502,0.6834086462121584,0.6850029089941896,0.6841422352461158,,0.6836384299045298,0.6836511356945276,0.6856432106855296,,0.6850214739315258,0.6857368354912513,,0.6853099186148929,0.6848477812523366,0.6862637328313147,,0.6856572739777413,0.6842963500593124,0.6867728922463744,0.6833978855983696,,0.6852963124559546,,,0.6835548784240314,0.6833164939431942,0.6849301926578472,0.6848104179033152,0.6869084794170227,,0.6850545849883343,0.6852376896757438,,0.6855478047618069,,0.6870601987719602,,0.6841225039966117,0.6838755152776095,0.6859455526543579,,0.6853473721120863,,,0.6846664694233389,,,,,0.6855535127171354,0.6853094246596894,0.6857090588188592,,0.684464159445908,0.6864879796506441,,,0.6844167272401853,0.6838409998504631,,,0.684284944954965,,0.6859547271204445,,,,,,,,0.6850756586812147,,0.6856637487701825,0.6837646675318831,0.6870236223520971,0.6840597733849897,,0.6848354826539346,,0.6856920236150803,0.6846592537509355,,0.6856690898587302,,0.684746629246538,0.6853237648033578,0.684719336949855,0.6838357885722142,,,0.6855500414569484,0.6837770462096572,,0.6849996616611166,0.6821226718657746,,,,,0.681963638804913,,0.6839094739095535,0.686695611349621,,0.6827631481008998,,0.684800579673419,0.6857576981401021,,0.6859453283952114,,0.6857745298769442,0.6859316601880723,0.6852319453842626,0.6844132839170739,,0.6819422738939778,,0.6864529578225769,,0.6843532772071738,0.6845003482779561,0.686456574954852,0.6845350206706645,0.6843966437794561,0.6855813803698197,0.686487277304031,,0.6859973905809698,,0.68554690854335,0.6846254469274063,,,,0.6834138905599404,0.6384304924875932,,0.6361730333742394,0.6175788125561393,0.867910037698688,0.9441671503211945,0.656288876426456,0.6563820042897475,,0.8609982731906486,0.950984981089398,
7,5,DG_10pct,20,Z19_F05,19,LL_AB,174948,181891,True,4006.34938256023,4008.7991463362696,4008.1837514341023,4004.914677126441,4046.2237713167506,106.14451495910859,123.14777349329643,630.8712423376459,629.3848919536323,445.01574218373867,443.9460549354493,212.88632139086576,68.77729605862523,74.29527017002113,71.92438837111078,106.33088468998038,4264.494237529253,4427.539829022552,247.09870693406307,189.03648389866004,,,0.7305030373844863,0.8013456330720212,0.7257663075439383,0.8707986417922604,0.6597944486667009,0.5784236677322249,0.5797639581879754,,0.5657180577570416,0.6774012687211206,0.674233385216511,,0.5722760012810506,,0.5712723569661118,0.8428294816429862,0.8405761063818915,0.8388675971947602,,,,0.577762121807343,,,0.5743827257754589,,0.5758563059398589,,0.5828226540074409,0.5803502593214386,,0.5814465368415902,0.5832010035839431,,0.5310127607071213,,0.5312404484353647,0.5216204987684416,0.5223345636050774,0.5240364512254208,0.5235403598478455,,0.5242287114491001,0.5231231723720646,,,0.5230918922941866,,,0.5237386830715568,0.5224449524603617,0.5217647122996532,0.5248360579945441,0.522040295832449,,,0.6124351499174226,0.5133110567110926,,,0.6043157220730057,0.6041286881927282,0.6072051631876403,0.6062520019575793,0.6051919933584864,,,,,,,,,0.6035814963372602,,0.6038083216848694,0.6076839668909444,,0.6066016137692678,0.6055697067225658,0.6059869432007284,0.6072650833748747,0.6060177827240496,0.477836305455644,,,0.012017697912852615,0.062274561419765416,0.062014144225968626,0.062150786177325265,,0.007581623657485856,,6.24638614065839e-05,6.245542725641025e-05,6.250201289377271e-05,,6.254329375134507e-05,6.240733618495948e-05,6.234146889311821e-05,6.247399380067948e-05,6.240835004195976e-05,,,6.239521562912141e-05,,,6.252521023316736e-05,6.25808378251682e-05,,6.237363886531476e-05,6.23721098985919e-05,,,,6.252114509240128e-05,6.2348999929685e-05,6.245240037929138e-05,6.25432007165629e-05,6.259235291744002e-05,,6.24305854361446e-05,6.241243560690035e-05,6.24391936347701e-05,6.233638694627473e-05,6.225839509230501e-05,,6.237143267623844e-05,,6.245507039474613e-05,,6.257030686701341e-05,6.26858451225575e-05,,6.236752598448853e-05,6.240823291235989e-05,,0.9617678440826284,,,,,,0.9627316184458714,0.9612372414143183,0.9593891841780504,0.9606562062816366,,,,0.9598324060994511,,0.9617958617375975,,0.9616497189679765,,,,0.9594865898796942,0.9612689825057624,,,0.9613152981430051,,0.9605091924659893,,0.9600367647951983,0.9624162803204488,,0.9597727810325549,0.9614127460670812,,0.9600180955252082,,,,,,0.9607681392423484,,0.9599884547511138,5.6443174919447784e-05,,5.6234969510552905e-05,5.64596811062246e-05,,5.627527347098027e-05,,,5.642374613630242e-05,5.6253022386501566e-05,5.64018287347748e-05,5.641898608710778e-05,,,,5.625002406820848e-05,5.631109518462747e-05,,,5.639897230467791e-05,5.635636157485757e-05,5.6369350971256034e-05,5.618081983250542e-05,,5.638161582796638e-05,5.6189715514890223e-05,,,5.631357271612756e-05,5.618719111432758e-05,5.6261520840755665e-05,5.646675717179802e-05,,,,,5.6348258999853746e-05,,,5.6507349599881785e-05,5.6314843154299915e-05,,5.63580427282973e-05,5.6321411188881906e-05,5.648594322603133e-05,,5.632477543915326e-05,5.623332320099707e-05,,,,5.63993945203631e-05,5.64243486502956e-05,0.22579171818524288,0.22621400550123213,0.22655105508006457,0.3389801507147848,0.2992960101047322,0.19545075708627307,,,0.19551221716936348,0.19531455310444618,0.19554849669032343,0.3637396576292487,0.3642039087781496,0.3635204183461872,0.3631462333611112,0.3639123191741362,0.363762941885829,,,,0.36407814065574834,,0.36380013170430264,,,0.36459616619870955,,,,0.36349314745410305,0.3642905034570271,,0.364025489758292,,,0.3641578367837776,,,,0.3634144025883782,,0.364048901580951,,,,0.3642502367321485,0.3650311965565598,0.3642142927904845,0.36436674423051485,0.3632851474394973,0.3647212564008228,0.34617509235130645,,,0.3462744178744511,,0.3466364409911265,0.34723823615679966,0.3473464354902941,,0.3470407066834162,0.3473708712650627,0.3475494610285828,0.34793427695330825,0.346309761814311,0.34742384040774427,0.34703543501916573,0.34745108181689566,0.3472399588457662,,0.3475346085458091,0.34797009165574966,0.3457230898744078,,0.346616104321338,,0.34708857514841374,,0.3472941640746707,0.3467238400903578,,0.3469387074927591,,0.8369751131278721,0.8404154416597358,0.835944465410511,0.8411603943546883,,,,,0.838335498104252,,,,,0.8388545043841295,0.838645399598429,0.8378701845353264,0.8383569616736886,0.8391521898292481,0.8396428878033015,,0.8416767598240206,0.8399552495657214,0.8400572312619928,0.8390248210239516,0.8373476703589053,,0.8377564456538543,0.8367698792494487,0.8366658676246598,0.8379597264395117,0.8382756807810785,,,0.8377915650333695,0.8382528897688336,0.8361020463691239,0.8377462436223012,,0.8377791310249749,0.8368742292839324,,,,0.8382176915708153,0.840410795067116,0.8393094023415895,,0.8400952580048664,,0.8363244729454363,0.840285479701042,0.8384490454740929,,0.8391107095703387,0.8378028959472593,,0.8380077053758481,0.8393615289412394,0.8391098979692476,0.8390463559394774,0.8400813103218286,,0.8400624197025511,0.8413329833779657,,0.8412861759997269,,,,,,0.840959478883452,0.8405937442004787,,0.8383364045085332,,0.8410814468926257,0.8417513400057682,,,,0.8388423930216021,,,0.8410495328785467,,0.33923800892897993,0.33993247259181253,0.33974511044389777,0.34044599735800224,,0.3742580031939508,0.37369134473595855,,,,,0.26980542903746135,,0.2694796571758203,0.2699201917061539,0.30327541002744834,,0.8376552858697075,0.1950150732255583,,0.19530877192431756,0.19355552873089207,0.19319316757364086,0.19316089488511048,,,0.18994028617496522,0.3438204393002681,,,0.3633897834029807,0.2955272461632023,,,0.3035610865588687,,,0.3078065431672683,,,0.30884165275976944,0.3753019657947409,,,0.3162574209340053,0.31713417385952847,0.20175130207988953,0.20107887526644752,0.20104703845189548,0.20080614444716458,0.20165139275104363,0.20114112421802247,,0.20085706202446185,,,,0.20078020889544254,0.20129910106492066,0.20055107035689804,0.20077691026662886,0.2012731340943307,,0.20079462195733605,0.7851563341634927,0.787837927630423,0.7857422362258694,0.7866489759385116,0.7854060213232731,,0.4066172411009333,0.40688096170865284,0.40478211225478394,0.4067898072004788,0.3380773536928385,0.3369664304134204,0.33650517536191726,0.33671370859214944,0.7841906443858976,0.7837728510917582,,0.7824330513221466,,0.2048127096236775,,,0.20472064862550426,,,,0.20575156775381914,0.20495022450648456,0.20469975306387186,0.20522648503600993,,,0.20487235852806857,,0.20506440641887874,0.2045616329869666,0.20489483565722577,0.20532285427641808,0.2053506129071394,,0.20486177211970938,0.20510558322332093,,0.2050639453055737,,0.2045697172653187,0.2045520974615019,0.20518685443196408,,0.20487967492870662,,0.20413325080346478,0.20492103942741896,0.2053046055014462,0.20499354279634507,0.20494768775688074,,0.20512184281995527,,,,,,,,0.2051517316413437,0.20521343055940702,0.20510375753518634,0.20533016032285442,0.20528733599518031,0.20537587280778544,,0.20456293601127962,0.2051011916063926,0.2049681990324315,,0.2054145147290696,,0.3699236081370577,0.36947896442320904,,,0.36941586389689895,,,0.36857892362933237,0.3695122006351648,,0.3683136788120444,0.369068789358485,,,0.3983132311212131,0.3998321354070578,,,,,0.39991129355967,0.40065676750389556,0.4010114353598608,0.3999491411188118,,0.3989087627890681,0.40037116294840513,,,0.39945334300030305,0.4001356721641836,0.36972954593944823,0.36831996739143574,,0.36932956614789025,0.36923956335804814,,0.36906312384536805,0.36954952854888234,,0.8349183153795681,,0.8363522006412795,,0.8333226647918707,,0.8319780797991286,0.832892893883482,,0.832628666535742,0.8344851941652274,,,,0.3998240415707386,0.399520292090021,0.3990646437971586,,0.3987744119818648,0.40064918033126456,,0.40075360595778253,,,0.40016987413042987,0.39558659386920436,0.39807136740983906,0.3991221716269962,,,,0.831712287968328,,0.8356608165511497,0.8351791022280617,,,,,0.36849824995805497,,,0.3698884245848902,0.36918021712448407,0.3700439121741843,,0.36799234026363375,0.3704354019848643,,0.3700582176548425,0.3699592162744752,,,0.36980484550816956,0.36938150925343477,0.36890250318449436,0.368013553951876,,0.368801422324304,,,0.3700606454702417,,,0.8355291135346165,,0.8379500702991756,0.8358187560637609,0.8375648856833174,0.8366246523809463,,,,0.8328470629749127,,0.8367764788082073,0.83489441850826,,0.8344518092393809,0.8342227027666668,0.8361934832682272,,,,,,0.8358728135521126,0.838149271520356,,,,0.19614188341250816,0.19634582461628924,0.19606084993592215,0.5371231820544954,,0.5347930912128076,0.5361761043579473,,0.3920579335739948,0.5800789014665171,0.5803349619450986,0.5813741905284993,,0.5794190097931684,,0.5808082790677308,0.5807215504469914,0.5825298135013319,0.5804423362674153,0.5812499958702126,0.5816682023144781,0.5804071536189866,0.5810513902152806,0.579207026251999,,0.5802187501648618,0.5808624229816817,0.5795148181068718,,,0.581298903705996,0.5796223032554692,0.5802328950917339,,0.5789706754211549,0.5801921836384946,0.5789553202317396,,,,0.5811571179980107,0.5794015420316536,0.5817529656251085,0.5789814354177556,,0.579275440002563,0.5818061306842994,0.5814129242070868,0.5799876931539647,0.5796248944226765,0.5791546847382474,0.5786423250380565,0.580349640594375,0.5793088836325706,0.5802717985831245,0.5793783738278017,,0.5807775330886097,0.580494271854392,0.5802137505874304,0.5790340409262498,,,,0.5782468547029664,,0.5787617657151957,0.5803800001401855,,0.5804356334336775,,0.579402575142057,0.5789575359887374,0.5800113507732412,,0.5810072314853382,0.5800560978581428,,,0.5824116293739265,,0.5795262104168217,0.5801008059654439,0.5797736437956956,,0.5797359627868138,0.5804565265266657,,0.5806123192557029,0.5793899772672009,0.5798487683885604,,,,0.5805851703266428,0.581424964394842,0.5779155129230185,0.5811787045315185,,0.5806276206106717,0.5789996273115919,0.5817338649937416,,,0.5805736893554396,0.5797694330974725,,0.579346996686847,0.5809585949807453,0.5800578521941697,,0.5788125632403845,0.5817585456657006,0.5791509430265539,0.5790270563284582,0.581676265934229,,,0.5795074504226441,,,0.580723787839895,,0.5818811605639245,0.5811057682763188,0.5802961453676418,0.5793854770962443,,,0.5794726512292852,0.580069662411661,0.5803844302100626,,0.5789490369877872,,0.5803258375611892,0.5802653147827173,0.5813910000280788,0.5801998390696642,0.5808774330293285,,0.5783924431688905,0.5808433044509459,0.5795926735602768,,,0.5801593310733656,,0.5811742045359429,0.5804949257404273,0.5790278912229946,0.5801869288805859,0.5806823884868965,0.5815001728072005,,,0.5796016387480127,0.5782869363390444,,,0.5802092104102448,,0.5795982097852194,0.5798214083442147,,0.5800901388835716,0.5804328434523034,,0.581856087921888,0.5789733282364135,0.5796172025437603,0.5791523027376498,,,,,,0.4933801687590823,0.4953914185108475,0.4956743194094165,,0.5356796660130988,,,0.6747642635532234,0.5733197324054792,,0.8398187020063203,
7,5,DG_10pct,20,Z19_F06,19,LL_AB,174958,181895,True,3813.0015038412344,3823.046757875199,3821.1368147513663,3831.6434403624107,3830.3097062349857,100.98841086331353,115.70319776682167,614.7578476685106,615.6251986594211,436.2498957882567,436.2996681554654,210.6624186893473,68.33788246666724,72.9287902538853,70.60532271812558,101.41565208179418,4027.5326023200564,4173.220442694341,228.56368308649292,182.34968028364457,,,0.7407358861398005,0.8160705163259636,0.7361518521887682,0.8799371693660745,0.6679676527144794,0.5986827874640982,,,,0.6979801517338013,,,0.5908101292089105,0.5893154835234804,,0.8538965823433786,0.8517667644621248,0.8545980672332673,0.5979594008367483,,0.5966254440743339,0.5976219770739384,0.5987032490973696,0.5976606922242013,,0.593570538335017,,0.5998820004222118,,0.6003763895299818,,0.6003360541736932,,,0.5497787753787887,0.5503621058100421,0.5510757041847228,0.5454429792355894,,,,0.544018343477949,,0.5451318375986964,0.5442068051982877,,0.5447461431090102,,0.5448826195525661,,0.5434890159570227,0.5456412659611097,0.5430411526501878,,,,,0.5352509526045929,,0.6327006538737527,,0.6333261752485446,0.6316884364114643,,0.6329144094327986,0.6307763680930663,0.633811597460983,,0.6323235902092074,0.6338666185064847,0.6327785310100166,0.6320350096802342,,0.6317249682314987,0.630666197977553,0.6305642223882845,,0.6315494575790408,0.6318975026933492,0.6333340278245406,0.6319939658471264,,0.6353815452967837,0.5012137492052965,0.5017467421976198,,0.06496717831671624,,,0.10670020097507052,0.015546688733358554,0.01549047331003892,,,0.0808871421913266,0.08087320802352418,0.0809709722762624,,0.08095074924410729,0.08084496568414125,0.0807278174484535,0.08081155510185828,0.08109782213373984,0.0808753997895288,,0.0809115354148077,0.08102936138081168,,0.08063067000284617,0.08092471747384974,0.08107133221638496,,0.08078183228459082,,0.08092053920420297,,0.08080574144635334,,0.08094345984151208,0.08113798356534233,0.0808395608230973,0.08086319004120567,,0.08090802538610109,,,0.0806608332301184,0.08071981554799852,0.08067763788238994,0.08052726504077094,,0.08078630639163524,,,,0.08084395457257194,,0.9590627319734555,0.9601483362854208,0.9611695136280213,,,,0.9639931648080856,0.9619127558028857,0.965456161968394,0.9613370189615633,0.9628902433895146,0.9625613979120369,,0.9669008987821129,0.9606413926860331,,,0.9625204394843188,,,0.9633395445326451,0.9622940419505182,0.9651220564582726,,0.9627303425664996,0.961009521357626,0.9613833272825419,,0.9636549932067627,0.9614129763546625,0.9639608354148491,0.9597867447161114,0.9624696880316497,,0.9641273910854983,,0.9620378096992795,0.9612582265092224,,0.9637644639111035,0.9629055278960151,,,0.9623569825320201,,0.06257861414704592,,0.06230866844791496,0.06254980706026152,,0.0625728130837841,,0.06268065877193744,,0.06258738426177819,0.062487064153414235,0.06262935203847517,,,0.06280959631971751,0.06256923926110279,,0.06255673942120349,0.06252295599234362,,,0.06266356672360272,0.0624683192542597,0.06246336197358106,0.06263796316688175,0.0626148262714458,0.06247024339878802,0.06227693937656912,0.06259373815965903,0.062490932473188626,0.06248717114912216,0.06259363472311003,0.0624771613117619,0.06235181134932514,0.06254226525675911,0.06252352357714043,0.06262490578767614,0.06254628630189024,0.06255526605813787,,0.06237781669166988,,,0.06272027238510616,,,,0.0624216925784766,0.06259291591317785,0.06257157610880636,0.06261713706610016,0.062333024195670085,0.26298737335499844,,0.2621226755578195,,0.3466357040902692,0.23346461103551003,0.23305652278215241,0.23262675241292735,,,0.23373662539970258,0.407508116696329,,0.4078376515288155,0.40662416081551034,,,0.40727525824738275,,0.407923611753338,,0.40620294556763187,0.4084146054306613,0.40738004328210403,0.40669264130336263,,0.4075125843423904,,0.4086471264779048,,0.40711668209052393,,,0.4068180263981771,,0.40755388540470217,,0.40692429489780646,0.4079001231945937,0.40670945715323553,0.4073700623959647,0.4087765257546653,0.4077185432808946,,,,0.40726989507331157,,,0.4073569407883264,0.407249122346215,0.39167194786193316,,,0.39149914228107796,0.39172367679584014,0.39296500459717565,0.39160235926894993,0.39185451670353477,,0.3915147831069094,0.3931007349553226,0.39149361392167437,,0.39194666155408214,0.3917222291718914,0.39231636753578786,,0.39175260386099886,0.3926833834064691,0.3921510315921067,0.3929099518291429,0.3927649363749023,0.3908730861467232,0.3913100965590723,,0.39196580136176307,0.3913665848063401,,0.39091194318757067,0.390559438464507,0.39214688913142937,0.39243190947895007,0.8567542391436634,,,,,0.8542415349288897,0.8560380332671862,0.857875432248212,,0.8561337675828835,,0.8597042525893721,,0.8579087890014244,0.8589927897337235,,0.8572171203857514,0.8587042893508494,0.8599835672290134,0.8590036059980949,0.8559194016445563,0.8600253623776967,0.854624761164549,0.8568192329604211,,0.8564025410638518,0.8530961687529462,,0.8558963743020164,,0.8538536314923013,,,,0.8573080498646322,0.8565408985409473,0.8551279377682229,,,,,,,0.8560001011915686,,0.8576506246016524,0.8559114279597199,,0.8587135217414333,0.8550090088200044,,,,,,,0.8547086785744042,0.8572853479860083,,,,,,,,0.8597431150414712,0.8554655737274072,0.8603497200263129,,0.8581389247464842,0.8557908349111848,,,0.8560743143280074,0.8585249630853939,,0.8560383887036449,0.8574465243461264,,0.8606935619354287,0.8575739888588289,,0.8588031177365161,0.857202705087067,0.8602831517157356,0.8585909785140882,0.36892297259006357,,0.36793390666304665,,,0.415647316175002,0.4149493138173558,,0.41648607706325513,0.30271057956166414,,0.30286617001803295,,0.30283948612555994,,0.35063393496448014,,,0.2334218258495842,0.2338732733357994,0.23399461074815744,,0.23057186411601002,,,0.22734583532630503,0.22704991611580375,,,0.8190567500323307,0.4064242991340626,0.3232156901673393,0.8152541260956391,,,,0.33572985070477845,0.3356130650469157,0.33533853923201506,,,,0.3351419449778436,0.8163696195738039,0.34387794790257714,0.3428959871659528,0.2398697131147604,0.24067157773857542,0.24053948982558335,,,0.24082672674528177,,,,0.2404408957339265,,,,0.23982891528455186,0.24012811246718826,0.24000146175405468,0.23996143448039323,0.2401602460686188,0.8102699226110558,0.8114347304592442,0.8121805477276322,,0.8095239340909198,,,0.4485242715041893,0.45007701962241536,0.450742872842159,0.36156305434485314,,0.36125306695968973,0.36033477157284843,0.808389677046815,,,,0.24489820736820675,,0.2447374618963632,0.24543064274914744,0.24512462414441674,0.244793066907444,0.24437027145336918,,,,0.2455647478397978,,,0.2457024011663805,0.2448080189378458,,0.24494453343420677,0.24411023395504838,,0.2446105368509816,0.2438574677302997,,0.24481965347658677,0.2448694471040073,0.24512423772843842,,0.24526360916199286,0.24499514176160522,,0.24510520351359494,0.24521875680638333,0.24519690859472465,0.24448850735660188,,,0.24517217126446025,,,,0.2449897038900056,0.24441274716910752,,0.24510236968849208,0.24507774017899736,0.24459387623577852,,0.24579875305937188,0.24528554945103048,0.24521332158897466,0.24612239294253466,0.2451979242280938,0.24443714837721886,,0.24564755258146548,,,,0.24527560231245496,0.24543392940940778,,0.3971688058200635,,0.39515978665172163,0.39703861988265304,0.3961826979873462,0.39684223012438313,0.39698335183741856,,0.39679779488719163,,0.39606321146428564,0.39786777185576033,0.440394725457466,,,0.44100702804879316,,,0.4414847095930054,0.44184376318679863,0.4405917135316438,0.43990048340096616,,0.44010312558686676,0.4392491205970759,,0.44067293737199414,0.44056976865333686,,,,0.39657426552301656,,,,,,0.3980257837564944,0.3977254404136389,,0.85260118089882,,,,,0.849409043083241,0.8507810168262212,,,,0.8526022866859506,,,0.439912622501969,0.43887405989434525,0.43986060761714296,0.43888046496033706,,,,,0.4404456846224519,,0.439738921009975,0.4410220577217433,0.4350659507130732,0.4384523905510548,0.4381428501098119,,0.8507957205840251,,0.8532211900252479,0.8556666388334526,,,,0.39730609750368573,0.39696140274019515,0.39740065763192534,,0.39649167212058456,,,,0.3967318899173692,0.3977320848330095,,,0.39653739143346944,0.39632145785188816,,0.39666896395592277,0.3959048362936206,0.3957991193608235,,,,,,,,,,0.8533212927109384,0.8525469289811252,,0.8562523440029853,0.8524212886944127,0.8539966364757032,0.8545459023815803,,,0.8502090567858596,0.8496087895055647,,,0.8566624051300722,0.854916471111156,0.8524721759571292,,,0.8530255799379043,0.8552687101072622,,0.85507425255744,0.8545876167213114,0.8543558757015204,0.8519678965661689,0.2350557541631008,,0.23560516843518683,,0.23438192167927036,0.23473904407316795,,,0.5575124589868293,,0.5571026695401339,0.43507102089204946,0.5992671850612682,0.600410788898224,0.5993458477151472,0.6011525035797778,0.5983336579885141,0.5993362227987835,,0.6002054988752257,,,0.6002132692980372,,0.599303955904385,0.5993289893382667,0.59830569166162,0.5997803886447233,0.597973382638209,0.5970771573464291,0.5996653030881095,,,,,,0.5984229749556663,0.5973805203058821,0.5979497821763483,,,0.5987664583111759,0.5998196530878055,0.599600578268678,,0.5999002198168116,,,0.5998994243315208,0.5982810187683274,0.5992908791380247,,,,0.5977176806176672,0.5984414148876345,,0.5989008528429441,,,0.5995502243520584,0.5979360573588213,0.5995387598757648,,,,0.598857381559398,,0.5987179964517398,0.5996376243156962,0.5992417372174302,0.5978598285141364,0.5993395711669732,,,0.5994238179408222,,,0.5966381638357928,0.6022887832921334,0.59921094979947,0.5979966826327694,,0.5988031924949554,,0.5997323940789432,0.598928163826263,0.5979560147477371,0.5983113767323349,,0.5984011843288009,0.6005729811216901,,,0.5991566165869351,,0.5983551257414939,0.59961135385739,0.5990171848574292,,0.5994970967309446,0.5989858086511676,0.5991847755389315,,0.5980929364214747,,0.5980439724343426,0.5990213676172835,,,,,0.599704814400678,0.5988020031636564,,,0.5983722534732578,0.5976583961380336,0.5996644746021134,0.5977545880581938,,0.5973670687344063,0.5985612722628146,,0.599945940637595,,,,0.5993154738332849,0.5993797841351943,,0.5997684753154836,0.5995889288324437,0.5995599938231726,,0.5985919374934614,0.598375817151684,,,0.5991711784573582,,0.5996842311982289,,0.5984463241436236,0.597177913041027,,0.6013691772037765,0.5995557741461638,0.5983694690101281,0.5997124025889524,0.5992315969141732,0.5990503471356503,,,,,0.5990186138293999,,0.5968813516556077,,0.600873751271249,,0.5981230138952206,,,0.5972657167464002,,0.5978237908563624,0.5997317889827012,,0.6009677713960823,0.5988368122432,0.5987838515758407,0.5983758205719055,0.5988232259451883,,0.6001508771015728,0.5979420651755799,0.601246918992259,0.5971806233192517,0.517056446291776,,0.5183474934483105,,0.5537934382597309,,,0.6981662540839203,0.5867301886167546,0.5890880080649221,,0.8536503062877263
7,5,DG_10pct,20,Z19_F07,19,LL_AB,174954,181885,True,4056.9214158998775,4059.5866463797424,4058.756046884306,4073.9955481686948,4059.84766575687,106.97912734326655,124.08994373876153,632.6097240906033,632.3734359538931,449.20708166802996,447.06930090872623,213.0362371618391,69.22545335848807,74.89062333117926,72.24001711583868,107.20640175363913,4320.7908357109545,4486.6619896875145,252.32275418927472,189.855315724528,0.7308977429015218,0.7293892241214488,0.7282703422387757,0.7980034790131733,0.7230493150531513,,0.6525230009761988,0.5769744402500642,0.5764859129490901,,0.5619306046694403,0.6729544369191031,,0.6716791927979745,0.5690796595188093,,,,0.8392991432456115,0.8392529182256797,0.5768890130286042,0.5763031372205877,,,,0.5755910674909528,,,0.5732111719746243,0.5780019796828912,,0.5773046144887694,0.5781041640486997,0.5775940216943675,0.5780584093509378,0.6347247796005543,,,0.5276289863397261,0.5181246887080001,,0.5187889179656952,0.5187991002895317,0.5189693632340356,0.518586041871609,,0.5173222109486502,0.5184626515796504,0.5181044157374998,0.5176809995706071,,0.5185154797562935,0.5185214298499279,0.5192822769854482,0.5187845569686783,,,,0.6067742249837011,0.5091887932184621,0.8303362574981211,0.5985120099569938,,0.5994922381542862,0.6001814550689443,0.5999788057395337,,0.6017127137966446,0.5995795649158393,,0.5995447743540525,0.5990313233876631,,0.5998394063708258,0.6003471409152059,0.6012722644082205,0.59908848471321,0.5992430173027051,,,0.6002209688265701,0.6005153944392778,0.5994871153234306,,,,0.47207598009644935,,6.154847793227823e-05,,,,5.986493113233303e-05,5.97714927103933e-05,,7.56911648354049e-05,7.573227560292679e-05,,,,,7.553174407829153e-05,,7.555774899866356e-05,7.564355503581499e-05,7.580768634854255e-05,7.554462298071338e-05,7.563012646924441e-05,,,7.58511080071098e-05,7.581637048444692e-05,,,7.540334716453853e-05,,7.581337004381658e-05,7.562848549774834e-05,7.545971333391299e-05,,7.554015562245994e-05,7.573636845495931e-05,7.568584519965564e-05,7.552603154386356e-05,7.568649180207294e-05,7.546219285309243e-05,7.55191458235936e-05,,7.553437717131896e-05,7.53636750183109e-05,7.549304156595314e-05,7.549982547312967e-05,7.552433915566467e-05,7.555024657348859e-05,7.557162361100244e-05,7.567049256328223e-05,7.55378671277085e-05,7.564861239020924e-05,0.9545352049266715,0.9557113210414947,0.954053052950905,,0.953934012707113,0.9551132976210727,0.9592517727562209,,,0.9562798210218016,0.9547370631683343,0.9541697740143928,,0.9542286389729857,,,0.951978051311958,0.9555272272027565,,0.9547709754741233,0.9562425996138121,0.9581062415331604,0.953817124938338,,,,,0.9552283260954896,,,,,0.9558777310458787,0.9564488560233367,,,,0.956125728755282,,,0.9502732178059422,0.9541636453259135,0.9553783435845705,0.9540576566156289,0.9529443548490858,3.8366147413586e-05,,,3.838919503953243e-05,,3.840992416405487e-05,3.8492846438123e-05,,3.835494535548264e-05,3.853792084183323e-05,3.848650038789637e-05,3.8522171280274294e-05,,3.8439875942423056e-05,3.8466394536680616e-05,3.835115704894496e-05,3.841223909781515e-05,,3.8522673657902744e-05,,,3.8374775752140214e-05,3.83687295928273e-05,,3.8512941232517504e-05,,3.8436933163960894e-05,3.8441208060716456e-05,,3.83137698155254e-05,3.8509536558823786e-05,,3.85417081821374e-05,3.857929570072805e-05,,,,,,3.841398233667001e-05,3.8510276487822365e-05,3.8566173271670113e-05,3.8530308243356084e-05,,,3.84825495895873e-05,,3.8417749746679835e-05,3.832372508166433e-05,3.8437899705233395e-05,,3.838840952567171e-05,3.83493076892232e-05,0.21911314117488595,0.2181358337148781,,0.32939313982770474,0.28726654111219685,0.187079732091459,0.18640850228948783,0.18617639664843455,0.1864589406012867,0.18652842249132695,0.18682830744071788,0.35409871709467844,,0.3549813005485891,0.35438433949874737,0.35395299226922566,0.3540879248883985,0.3540620035521581,,0.3557943990039265,0.35464320442628594,0.35330746053465034,,0.3546404507673777,,0.3553331417847101,,0.35436273737670954,,,0.35410937330213516,,0.3542415765228117,0.3551194993269037,,,,,0.35332445915292726,0.3544523731023589,,0.35332089124499383,,,0.35262256305033396,0.3538771544796354,0.35464321380709574,,,0.35343753574469916,0.3540256661105377,0.3373356482485369,0.3376203068604132,0.3366751433333028,,0.337041737472555,0.33717514428349765,0.3370420485020382,,0.3377786207956671,0.3378151918939786,0.3378651210216189,,0.33748824335671146,,,0.33622017050739417,,0.3369717975906628,0.3375046079811455,0.3382637030267417,0.3375272039836913,0.33683264853522804,,0.3371796664719814,0.3368094782757213,,0.33708261429332076,0.3364392363297716,0.3366991383967793,0.33670268803922954,0.33631721947084714,0.33739272535073267,,0.8333648674114366,,,0.8334628599995677,,,,,0.8350995017651723,0.8342340629543897,,0.8370954375306634,,0.8374239454755794,,0.8365021898827827,0.8348134380613073,,0.833993094868267,0.8398390404926482,,0.8334173572904364,0.8353760494973312,0.8359746806796836,0.8356837125381092,0.8322974523595856,0.8347927683213078,0.8338362734338137,,,0.8337384258453961,0.8360509247118568,,,,,,0.833000759433069,,0.8354109089159951,0.8349238348783983,,,,,,,0.8366631539283571,,0.8334251216632239,0.8357368339488747,0.8292525416391707,,,0.8350266440035566,0.8347879053233808,,0.8359224059063118,0.8378006994780159,0.8356269286177394,,,0.8378975871206152,0.8334800998339172,,,0.8381083657309816,,0.8366631428088512,,0.8377291738319231,0.8400110567741813,0.8343679943105206,,0.837870319411326,0.83741754126586,0.8351143289151225,0.8366426036888971,0.8377395832898127,0.8385282886307914,0.8383484799075807,,,,,0.33338635281055407,0.33319192817620413,,0.3340294653275078,0.3644412834407809,0.3640476990781232,,0.3636007861177078,,0.2617265763000378,0.26227099972383494,0.26289213985063187,0.26376116101647124,,0.2629003576848188,0.29139612779102486,,0.8322999540471983,0.18795764834041429,0.1871431222097897,0.18684713782001386,0.1844972271529173,,,0.18224794373655553,0.18146004995277393,,0.33442934914630523,,0.7982009831791728,0.35262602649229935,0.28942335821863013,0.7915626996407735,0.3600415502086651,0.296394493076488,,0.30290586297647965,0.30260284043698454,0.3032004064064378,,,,,0.7861234012679235,,0.31202486337191726,,,,0.19209232602742055,0.1921926547955064,,,0.1922389563810459,0.19237277996164828,0.1922577818986748,0.19248352642816888,0.1924476210447527,0.19270310411097435,0.1926027571049204,0.19222049245659886,,,,0.7812583979348948,,0.7814644107763191,0.7802406223364602,0.7803573443461334,,,,0.3971351731256012,,,0.3327041735155123,,,,0.7803523666095641,0.7787309418807647,0.7784941798180071,,0.195915683815998,0.19617813657459976,0.19549194725220193,,0.19604780128351054,0.19570556277073883,0.19692116971414347,0.19607734688887898,,,0.19633865943642037,0.19595127746866436,0.19566452905176715,0.19655929435204497,,0.1956928016733995,0.19591140040390287,0.19595117156677172,0.1962035733098677,0.19602625437758564,,0.19586676909504352,,0.1962505127426328,0.19657443775108072,,0.1963764426400754,,0.19582303060375703,0.19603664020984063,0.19649809242604782,,,0.1964975347694375,0.19677941030291274,0.19632066502764006,0.19698998337971318,0.1965867417986449,0.19604541017616692,0.19665045585796995,0.19610381048611075,,0.19647776320145843,,0.19598110906425,0.19651284313593428,,,0.1967169902635466,0.196678172095562,0.1965514460145481,,0.19614257962707066,0.19658130605297,0.19642559891212985,0.19623785278652248,,0.19611346802185653,,0.36322290124844153,,0.3638150940151921,,,,,0.3637214766039571,0.36317686114730285,0.36263024955885603,0.362661038270815,0.36308981262690926,0.39063307344650916,,0.3910374386430712,0.391399100217175,0.3919406979925997,,,0.3911003313461013,,0.39051688585249283,,0.39152731816348973,,0.3906158160547712,,,0.39214399304561876,0.39115015751200916,0.3910357027601186,0.36330910117498577,0.3634839010994899,,0.36254950764321764,,0.3645399391184108,,0.3633212953569499,0.8325389197204409,0.8332233043261957,0.830305534630528,,0.8308552713698778,0.8304889100411472,0.8313232346299974,,0.8292623668127456,0.8345947945427096,,0.830210206091441,0.8313210391606222,0.831564369263498,0.3908143909246504,0.39178213198556816,0.38962258079179163,,0.3928835602139339,0.3917988285606553,0.3910279724607534,0.3909303186886426,,,0.3911800176069126,,0.3857308171412402,,0.39013134651496145,0.8318702273422757,,,0.8316202141972145,0.8318511127385805,,0.8334913811563984,,,0.36363115633294,,,,,,,0.3632834632176534,0.36408628649219604,,,0.362922464278294,0.36317329835972584,0.36326680410172296,,0.3629512873647167,,0.36240179754434987,0.36306954407033637,,,0.36354178229331113,0.36319295203986396,0.3631774217051179,0.36461850892618297,0.8351887784393449,0.8347182926075332,,,0.8343035869227357,,,,,0.8338972307684644,,0.8269256796814088,,0.8303536201908358,,,0.8323281898170332,0.8313455245168381,0.8344830307765031,,0.8346793029460817,0.831445993508341,0.8332268964079864,,0.8313788040877933,,0.18875601213923457,0.1882336881896239,,,0.18692074540217352,0.1882063942328071,,,0.5327453247794077,0.5307919372145883,0.5325106497634863,0.38209497745099313,0.5764618815272544,0.5754343152565752,0.5754649527899758,0.5759747891091731,0.5755301012806829,,0.5771357745749865,0.576156142139446,,0.5770513983629212,0.5762365125434415,0.5753144762130333,0.5767513301638165,0.5775600793739345,0.5768410327138479,0.5761095150147277,0.5763941921222602,0.5765376730702573,,0.5774106458240158,,0.5776168650542155,0.5777551877737668,0.5770947393674395,0.5757554034364367,0.5767297731677239,0.5759790537802246,,0.5767073085384553,0.5756549558958266,0.575171910422148,0.5756711269981875,0.5747759611689746,,,,0.5762496937081288,,0.5772527779126382,,,,,0.5758499817214133,,0.5751486751399147,0.576397082425488,0.5752242157658911,0.5781129200311582,,,,0.5757960832996691,,,,0.5753618744280977,,0.578234869700261,0.5760192340891181,0.5776888597064015,0.5748485833137451,0.5756281726260501,,0.5770707654810046,,0.575199892814288,0.5772631035280618,0.5780721250662479,0.5745502628459089,,0.576103486050937,,,0.5768781891605126,,0.5756685727781156,0.5756525224883419,,,,,0.5756429399135925,,0.5751379015424991,,,0.5765948087111558,0.5761697545818962,0.5756323845146472,,0.5771764294288135,0.5753330472261526,,0.5764033306128782,,,,0.574931885647982,,,0.5748492724909262,,0.5752925352335708,0.5758476055892485,0.5760991150198416,,,0.576006791758955,0.5755622019404814,0.5765850036038667,0.577013335213325,0.5763535961545491,0.57521411907771,0.5757671563910974,,,0.5759184735859552,,0.5752814669081844,,0.5757636030514538,0.5758897698107787,,0.5780941499847088,,0.5767426834856968,0.5766936103288298,0.5758259076276177,,0.5752325324086341,,0.5762214106208136,,0.5759263084628109,0.576145788847334,,0.5769468706516196,,0.578321103301676,0.5756216141751733,0.5765062463186396,,0.5778628277232923,,,0.5770209834376171,0.5744431084634722,0.5773038326893317,0.5769796678521345,,,0.5774591140422136,0.5753956439695559,0.5760734596451247,0.5768534770454334,0.5780577443500577,,,,0.5764781379603512,0.57449221240919,0.5760896023284378,,,0.5767106875853307,0.5775530823409825,,0.49013063430883075,,0.48931570494704596,,0.5324617925053231,0.8336217488736808,0.6727855021391661,0.6725128833208736,,0.5678410078736518,,0.8372668692599186
7,5,DG_10pct,20,Z19_F08,19,LL_AB,174955,181887,True,4061.567025205488,4043.3363344750196,4052.9695651895936,4051.107120658758,4074.7884336600227,106.44135770846118,124.04455441689456,629.5080133119926,630.4589260782866,442.49026342827085,446.45321410711335,214.25938608296354,69.06660398560253,74.7678759234322,71.91190101666642,106.84340460567503,4294.873886371178,4422.761444936923,250.312007889125,190.05528891129998,0.726450328960097,,0.7272950400201204,0.7984423441862516,0.7242227901895695,,,0.577504930987465,,,,0.6727394106871359,0.6727746098148378,0.6711957337110355,0.5695016088778743,0.5696004129005039,0.5696472993551541,,0.8385341593837288,0.8395778319720917,0.5769296060672991,,0.5776731698958454,,0.576794963240591,,0.5721370870272917,0.5715725206905262,0.5723019599987331,,0.5777481028261218,0.5795066878270683,,0.5784439946250295,,0.6368917965428627,,0.5278540125917878,0.5279309498587431,0.5200284819047579,0.5200422396783381,,,0.5199965365015028,0.5205375827265843,0.5187050266630121,,0.519849071121081,,0.5189115594735627,0.5194601920279234,,,,0.5203775405260133,0.5194336933653648,0.5197962591657637,0.6067207553016709,0.6092753625627123,0.5105442756937576,0.8324549522479694,0.6011414481820389,0.6017611735566768,,0.6010237028373315,0.6006142844182097,0.6004348092814951,,0.5993834938048137,0.6001947234164627,0.6013395159350903,,0.6022760418048226,0.6018897191901682,,,0.600881284295021,0.6009041000326335,,,,0.6014275886165036,,0.6006870789348497,0.5992786908219334,,,0.4732787193423762,,0.0549777872152995,,,5.960960727649305e-05,,5.9723039334180556e-05,,7.288733959550036e-05,7.267389017483478e-05,7.301133328788906e-05,,,,7.288840510601842e-05,7.275318683573887e-05,,7.283452650921942e-05,7.292119155655999e-05,7.273527629575831e-05,7.287518950172732e-05,7.292289537179185e-05,,7.27930297090762e-05,7.277598814744802e-05,7.286578439956296e-05,,,,,7.263296631655937e-05,7.267961490747359e-05,,,7.278023351993003e-05,,7.285473377756949e-05,7.284994001975955e-05,,,7.276973564494642e-05,7.266219263871421e-05,,,,,7.282836063288857e-05,7.27886606043804e-05,7.283666473900626e-05,7.271296766544523e-05,0.955656464393067,0.9537676372045941,0.9605485347386958,0.9535596037499404,0.9549635162453524,0.957973892159349,0.9543416808825771,0.9545444998472327,,0.9590079940383941,0.9589786529372949,0.9583927275559319,0.9552386098851983,,,0.9591838113741313,,0.9579188141217658,0.956838583090911,,,,,0.9571068404927588,0.9556923737522839,,0.9543164087780498,,0.9542935525666876,0.9577104094725009,,0.959619897673061,0.9575527643367399,0.9569724023413242,,,0.9586523078067445,0.9559033388152319,0.9576938101334143,,0.9566563928251793,0.9546695588087635,,0.956397375364588,,4.251502790025347e-05,,4.245015892725295e-05,4.2539918847094576e-05,4.246364539297716e-05,4.253399125014284e-05,4.244010713190883e-05,4.245727254393718e-05,4.259660479732826e-05,4.244943859934085e-05,,,,4.252821194036005e-05,4.240323493169636e-05,,,,4.256614097488795e-05,4.2503584548844106e-05,4.245944890690932e-05,4.238037843235532e-05,4.2517384410346694e-05,,4.227900429547221e-05,4.234371636326093e-05,4.232575573017949e-05,,,,4.251730243349114e-05,4.238686591553996e-05,4.239580152078992e-05,4.242927012832483e-05,4.2536114705340896e-05,,4.2472449760394634e-05,4.234693596441512e-05,4.251241192421069e-05,4.2517951557810465e-05,4.252274638946279e-05,,4.240388564300812e-05,4.2443474077851574e-05,,,4.2391324718668825e-05,4.240230292663028e-05,,,,4.24655375499921e-05,4.247894998990949e-05,0.22053280140343845,,0.22078840688299498,0.33177108278098744,,0.1884797492525697,0.18940646329301303,0.18876463428635173,0.18899953839231715,0.18873418838103304,0.18969448802699962,0.35712471991827033,0.35569470071760384,,0.35706855955206435,,,0.3562472006496295,0.3567940870530244,,,0.35739575095846354,,0.35642893626101085,0.3567472238572583,,0.35753147661658713,0.3572948895689458,0.35760241556441064,0.3575050656316312,0.3565958043419286,0.3562358777735578,,0.356146917611273,,0.35682925575860813,,0.3582824813703924,0.3564711843380755,,,,0.3565287158121156,,,,0.35566999520810627,,,,0.35651108729073294,,0.3396485106998362,0.34069007619285324,,0.33892331935778647,0.3400674895650446,0.33970143075746667,,0.3401165624767108,,,0.3406554759811744,,0.3395838255800384,0.34048351538639704,0.34051519021101856,0.33960039456998026,0.3399360953335405,0.3401234316889908,0.33935185088221,0.34129949086223105,,0.33861590318189744,0.33866389595697705,,0.3394817874598629,0.3393779335520344,0.3393098810832621,0.34020663446547794,,0.33929181848799855,,0.8348621548211931,,0.8355420106755108,0.833869605529926,0.8365927969252857,0.8353572482281297,0.8363212677124403,0.8358276249224096,0.8377666750938527,,,0.8379949058117204,0.8380094727280646,0.8367880490870531,,0.8356734785644078,,0.8392216041990966,0.8366533426883545,0.8375012534188415,0.8348959027075332,0.8388466405300637,0.8353271820131493,,,,0.8368806581045278,,0.8343184555324938,0.8341674199918251,0.8356802124940756,0.8379901861280398,0.8380734165491183,,,0.8322258619091236,0.8359066977135552,,0.8346525361172797,,,,,0.8360065256123582,0.8379975461102989,,0.8375349455482446,,,,,0.8369552093849574,0.8363579624522937,0.8367781838311377,0.8351927184123834,,0.836068841309684,0.8354533179957875,,0.8374704652505276,0.8381949030682316,0.835768066784408,0.8354579361957473,,,0.8365759061431456,,,,,,,0.8351280835046789,0.8365842429426259,0.8355107175252658,,0.8364643735907346,0.8406632765919612,,,0.8365483144848153,,0.8367481671161207,0.8389797028079561,0.8410064634918799,0.839472461365198,,0.3353488926254726,,,,0.3676282005416703,0.36655657742455616,0.367497905888237,0.36594399424332325,,,,,,,0.29394920623027115,,,,0.18829323797133612,,0.18680155427884068,,0.1869994419658413,0.1839435971420003,,,,,0.7971063697362478,0.3549743446826854,,0.7918520920412594,0.36229637241760093,0.29740059096881977,0.7923294769639946,0.30435327554369634,,0.30429520123436365,,0.3052726479836913,,0.3037811955462605,0.787392542726909,0.3124298128912163,0.312526867518965,,0.19488605699355516,0.19476491227184956,0.19468652592569688,0.19504785866835156,0.19423454245332722,0.19447760580996212,0.1942501372130378,0.19472898500818195,,,0.19452563676348567,0.19503691392219732,,,0.19479796369292143,0.19412640430234,0.1950555817523157,0.7841296057491676,0.7824125136817695,0.7825766956225277,,0.782700913009691,0.7824602192338681,0.4000809617828696,0.3998045374782137,,0.39981503322756756,0.33273310211910073,0.3334712623363405,,0.33409181249411324,,,,0.7819003788382762,0.19840579165949895,,0.19866882085859244,,0.19798917765820687,0.19844997796506064,0.19822631133338872,0.19834619764610378,0.19816208863738835,0.1984767870384038,0.19843349989324136,,0.19861326510934338,0.1976034855622572,,,,0.19862939040482552,,0.19861026587875943,,0.19786612267989487,,,0.19854962778347204,0.19866305583363386,,0.19854404894273633,,0.19822347334428028,0.19817788173712325,,0.19819606771647907,0.19852903280262724,0.19875956444073542,0.19850863763155793,0.1981738622955346,0.19838182399195808,0.1983419861847324,,0.19836600974418958,,,0.1984454617371674,0.1987373445026176,0.19848347565146965,,,0.19914719704523026,0.19860603068747343,0.19837003303314255,,0.1988990403865777,,0.19826761154925993,,,0.19893160118247963,0.19890255577123467,0.1983054901882835,,0.36511111970360666,,0.3646546444476851,0.36426024086363334,0.3651657839279514,,0.3644097702114224,0.36489625520292907,0.3637230858209097,0.3644142846577268,0.36511987019459874,0.3935373042285763,0.3940699863167726,0.39410391110563164,0.3930829866873505,0.3929853869445596,0.39435997079339663,,0.39254535643197636,0.3947922437656383,,,,0.3935167308274184,,,0.3935496295245077,0.39320833815563144,,,0.3651250060224692,0.364961444077874,0.36486298346520185,0.36565911874317625,,0.3650972342312981,0.3644243108958134,,,0.8335067193463346,,0.8293710162875569,0.8305587077507561,,0.8327508641378062,0.8286674863812918,0.8288949985806192,,0.8306715359966833,,,,0.3937644114771394,,0.3929489869643878,,,,0.3928557021511956,,,0.39428079821572765,0.3926345028593497,,0.3877313363456319,0.3915637187755885,,0.8331980600309642,0.8342315683579428,0.8317591799225404,,0.832868933272968,0.8308379542663568,0.8326425234793284,0.3645879838016642,,,0.36458360292801595,0.3654457184422963,0.3651336071051301,,0.3646304800933458,0.3652095376504934,,0.36523457778863283,,0.36568297331983624,0.36425523522061287,0.36411474448328,,0.3648193103470187,0.3652479344033761,0.36561920121870284,,,0.3644206348316481,0.36509701598158495,0.36489809943207324,0.3643273661144031,,0.36489832656099525,0.8346480098234882,,,0.8353878351265306,0.8368708572143237,0.833072495315614,0.8334918678689236,,0.8352597770320468,,0.8308462761819319,0.8287994306827494,0.830058720857421,0.8323790996818845,0.8333683887410502,,,0.8324249724336207,0.8349056007162533,0.8338282235837564,,0.8321313642618147,0.8340177608707489,,,0.834232495804962,0.1896252398615609,,,0.19037642183786707,,,,0.5902483537316463,0.5325852370744651,0.533176723408914,,0.38686197988634563,,0.5771107235941677,0.5780692810452644,0.5762569116913929,0.578022452545313,0.5794838185538896,0.577360634894402,,,,0.5775229508038635,,0.5791840408560105,0.5758497225240892,0.5775249463564004,,0.5777510984870027,,0.5781708379318198,0.5781826386130885,0.5773749223822745,0.5777202898582829,,0.5776503889528021,0.577654894271429,0.5763072901130708,,0.5753346770395562,0.5759751499941496,,0.5779144667539997,,0.5783421688154078,0.5781392813645281,,,,,0.575564862940371,,0.5755198327237038,0.576517255763607,,,0.577807583912193,0.5771892320464515,0.5763535113254425,,,,,0.5766838030540298,,,0.5785425362776521,,0.5750994298787035,0.5769549455191658,,0.5765051036394103,,0.5767087426155443,,,,0.5775253778147279,,0.5765614958361932,,0.5782432603896557,0.5778103034588038,0.5762835790454087,,,,,,0.5768141231872967,,,0.5771567406258191,0.5768810498238368,,0.579266134025544,0.5770043204467095,0.5789986793447054,0.5777854957818965,,0.5777016981894214,,0.5758089449661297,0.5777064328320225,0.5792949783037527,0.5769571490413616,,,0.5779316429817204,0.5792348165786687,0.5754790366985411,0.577346244771311,0.5773116146618337,0.5770585453854773,0.5761384470655652,,0.576505053706737,,0.5769071547757904,0.575686632851016,0.5762744938921024,0.5762037120480309,0.5759295159942658,,0.5769067478034802,0.575200382849124,0.5772230301153568,0.5776626320905196,0.5776862250188559,,0.5769474768298313,,,,,0.5771501368035952,,0.5772009644507597,0.578374761759922,0.5776293138550819,0.5770820588300548,,0.5778988007564791,0.5778781079253689,0.5777405697846194,0.5765713120514762,,0.5768267247849755,0.576674652191996,0.5755697584978814,0.5771219829495043,,0.5760749480061451,,0.576759122368599,,,0.5767513043339014,,0.5768622220124836,,,,0.5756898959190723,0.5781821243658457,0.5787974086883397,0.5774738784134509,0.5764749194052924,0.5773790776780438,0.5757177666333797,,,0.5772774734544974,0.5802210713655533,,0.5766631491699769,,,0.5777597397051464,,,0.4908947902516892,0.49244796628566684,0.6274541264173354,0.5320651258133453,0.8315828017241448,,0.673550833533772,,0.5682698240526661,0.8384627629789008,
7,5,DG_10pct,20,Z19_F09,19,3PH,174958,181895,True,3889.8105137918155,3909.3481847057824,3944.250387056695,3998.180737452284,3975.0483819802753,24.018710870405872,21.075024836911084,172.47776347477503,173.87326959310235,131.0403955380739,131.58412213420343,65.48531429355951,21.616346454923345,48.0455061326157,44.71364492476602,24.26532158825174,4113.724558865317,4132.409474138271,33.73770494712381,43.861491149549195,0.745752323858518,,,,0.7452519474751143,0.7464446852821672,0.6822987731028618,0.5980966427040574,,0.5996848590903027,,0.6034330658042504,0.6056234604586139,,0.604560328235492,0.6053742456501948,,0.6060676900736508,0.6043870271219415,0.6050108798460443,0.5991438954049567,0.5984715452725691,0.5975881636786956,,0.5959545747862002,0.5988005921496776,0.5907842178793442,0.5923625649514822,0.5914904659456104,,,,,,0.6002319930487332,0.5727447307596784,0.5469244111380346,,0.5469122482745677,,,0.5447957042880529,0.5472002555085964,0.5458335167979574,,0.5457455015135045,0.5445586324683247,0.5476389788229357,0.5457960446365426,0.5478618005483623,,0.5448083545296167,,0.5448360079626674,,,,0.5413128505821252,0.5425237795271615,0.5417765613507328,0.5414354916992269,0.5343802346370851,,0.5343389330400016,,0.5340753684810982,0.533984754366844,,0.5347964893109514,0.535918175087415,0.5354896870926965,0.5341226224683184,,0.5347364035597735,0.5340874947660463,0.53503373483752,0.5340699759263831,0.5352843999606521,,0.5351764197527519,0.5349859478183364,0.5340426896991786,0.5372363679718756,0.534845178050058,0.5343731531788594,,0.5021140695540014,0.5013948146362779,0.057035894239949834,0.10578767564372564,0.10588441868770025,0.10603244509396116,0.015360549603520126,0.01539296062939572,0.015473621054474362,0.05462262696038664,,,,0.05469564926278355,,0.054766445559346295,0.05470903956299376,0.0548250113572248,0.054992482990440496,,,,,0.05486393045121318,0.05491369850900808,,0.05478280049051972,0.054889521654309235,0.054845046720920276,,,0.0546307564571663,,,0.054813609763832954,0.05471279802306708,,,0.054814998733835454,,0.0547046338926185,0.05480537574420714,0.05476996734607703,0.05481719721074937,0.054739040672982485,0.054839471599043864,0.054633458681021624,,0.05474601112639957,0.05492753653142838,,0.05475337099627382,,,,0.05488903609631531,0.05463323795873946,0.05476990802220997,,0.05483818758516548,0.05481465822507485,0.0547920009556931,,0.054871123652947974,,0.05484662915686909,,0.05452702054421107,,0.054711912622668196,0.05459274556847716,,,,,,0.05477780325793753,0.05475208567110959,0.05470393999155173,0.054836450444425124,,0.054794868213716964,0.05472560129664533,0.05489300820996971,0.054905853605323345,,0.05465574742252865,,0.05468764354082803,,,0.054657207464063176,0.054667993635220256,,0.05488870215820516,,0.05462314526209959,0.054728748905261256,0.05482497540261767,0.05465833936737638,,0.05480768859057459,0.05470260282253951,0.05483773598715869,0.054799234292548835,0.05484624186110117,,,,0.05481461476974675,,0.054928965826731915,,0.054796458059305365,,,0.05479336529789165,,0.05488100587194375,,0.054899385631842434,0.054585717203025665,,0.054641648220764394,,0.05484742322222655,,0.054852983453713984,0.05473972091757212,,,0.0548629939850051,0.05495031274997148,,0.0549432928319698,,0.05482312102450649,,,,0.055017922076622074,0.054781568423860616,,0.054857092264745944,0.05490427897381898,0.054638942974950234,0.054827689699697674,,,,0.25907792905168825,,0.258247216428001,0.2758295926537538,,0.23341548456511732,0.23330177653202394,0.2337269799479139,,0.2330329860652836,,,,0.2985349795841125,,,0.2986277806582719,0.30016980357828527,0.30005471196925926,0.2994878153451838,0.2989078637233559,0.2999099027226702,0.2990864475420096,,0.2989484504232549,0.2996088553259843,,0.2995809450455525,,,,,0.2994122196303173,0.29899509031046556,0.29892765915010067,0.2985127000324141,0.29977003760711723,0.2992737471448825,0.3005592425616228,,0.29962357568620057,,0.29915011508760464,,,,0.29906353559720483,0.2990686995738349,0.29903455333451856,0.29941625809212713,,,,0.2828938871577645,,0.2827928091219999,0.2826366418608979,0.2846482783532813,,0.2830037434162636,0.2839496440273738,0.2834607895454228,0.28371787989589836,0.28418736846145826,0.28323643341794563,0.2836074549948449,0.2828692165764946,,,0.28351220219566686,,0.2842901215862009,0.28366440068540566,,,,,,,,0.2829554151732699,0.28395145534963045,0.2830165847539689,,,0.2991811106848594,,0.2990382252663257,,,,0.2984048807460982,,,0.28275210947070106,0.28323544522092237,0.2834138479497689,0.2828137399585365,,0.28342887927875177,0.28330101274638586,0.2826914166758841,,0.28237240808075664,0.2820083245665999,,0.2821165572986435,0.28274691324160456,,0.2983777492976385,0.2985469506791273,0.29809913881997563,0.2979002863778992,,0.2984067062796587,0.29908486074363455,0.2985741719233788,0.2982117472005543,0.29875975612668015,,,,0.2985730400308582,0.29932056865437245,,,,0.29959492436022916,0.2985640932950103,0.2991933534496202,,0.299073235846068,0.2990243660407838,0.29752682838881417,0.30001106652473647,0.29846933512205276,,,0.29916293665749266,0.2992991945622876,,0.2835815944236518,0.282829155609841,,,0.2817309955022262,,0.2831337539959097,0.282846664095879,,,0.28213110877223935,,0.2817849763528438,0.28329423558788275,0.28349236610070133,0.2834452063187282,0.28252624244135793,0.2820131758228859,0.2821145769391096,0.28226592568500813,,,0.28336219586110983,0.28307010104214747,0.28339271642330394,0.2833033431702468,0.2834672001760384,0.28354826081151213,0.30827386922304656,0.308285993262862,,,0.3065845696317001,0.3075352347476833,0.30753474454086793,0.3081234612997388,,0.3009223703847917,0.30144070187682026,0.3021916822490805,0.3022923526346326,0.3021650820317334,,0.23447876395042627,,,0.23344339765287847,0.2325872162765884,0.23337894506845291,0.22866897220830615,0.22732591479652473,,,,,,,,0.23898908990170653,,,0.2400283837219866,,0.23987367895846637,0.24080330505771558,0.24157323849530798,0.24185067505925853,,0.24181381364154733,0.24114269217755122,,0.24179694796614934,,,,,0.24106620545141358,0.24122644739609073,,0.2407069842165123,,0.240986473494515,0.24115567611023245,0.24138602361952227,,0.24113175553725674,,0.2411793075691071,0.24135071138446634,,,,0.24520981562743216,0.24555319794090244,0.24555282072968226,0.24604594081884817,0.2452840941128718,0.2433820320232915,,0.246648883152132,0.24702278998497457,,0.24660485350311773,0.2469348692191741,0.24702417342371252,,0.2466634899383789,0.24622609403892964,,0.24689509159728104,0.24591172667256225,0.24599703326187905,0.24597412394290577,0.2444235963059641,,0.2460045109811623,0.24548074582562307,0.2464721335168516,0.24581616181265692,0.24534436991875622,,,0.24590361166602562,0.24478272725610234,,,0.24617234175828936,,0.24542147954892007,,0.24558873964012393,,,,0.24552879063343935,0.24526829069353412,0.24605340094181302,,0.2465027776651916,0.24548742691673703,,0.2461140482899183,0.24527565073366037,,,0.24594327457037746,0.24572023966935277,,,,,0.24602485394000465,,0.24596152146468309,0.2459847273232242,0.24579337205402124,,0.24590524515669315,0.2463377171976862,0.2457920249253514,0.2466904300865335,0.2458044852428537,0.24647743034753083,0.24575452622108374,,,0.24627681183051428,0.2459485282478527,,0.2460140417901663,0.33700846724529676,0.33663383588531604,0.3361977952683828,,0.33721431907561566,,0.3350839043668728,0.33648325142382685,,0.33623222006169834,,0.33644817892709483,,0.3362319113159932,0.3366114800308814,0.3362684861937923,0.3359214417482138,0.33717453503875344,,0.3367694443741209,0.3362316765066259,,0.33624118438579004,,,,0.3364772265304523,,0.3366815822604287,0.33612814886652587,,0.3373737972440532,0.3365595186409042,,0.33728153188091176,,,0.33716296271579305,0.3372911660557074,0.33574338825390754,,0.33575553796991064,0.3359858948044396,,0.33564149393049975,,0.3351715229718224,,,0.3353463777750287,,0.3351659435216251,0.3365151569629533,0.3353316014272978,0.3351322649167259,0.33708060311281435,0.3361445206146168,,0.3370613406733029,0.33570358696564534,0.33757160111356765,,,0.3358127395290367,,,0.3352503636154062,0.33548157897183506,0.33504168381703175,0.3354096630674996,0.33677184572601504,,0.3361207826933988,,,0.33626274480934365,0.3365860677711123,0.3363296811316458,,,0.3373377282906873,,0.33677137882183916,,,0.33663529719710567,0.33614319486614447,0.33698886731913746,0.3368510146901223,0.33625984886477583,0.33712839490618884,,,0.33711612184608314,0.335753247953668,0.3377831173825855,0.33636722832584287,,,0.33662580033338824,,0.3383445084262952,,,,0.33561628955257894,,0.3370830822682687,0.33548777087898807,0.33711649871371263,0.33595202579412,,,,,,,0.33637429915219247,,,,0.33594806761206447,0.33588993543175844,,,0.3352424337241562,0.3364932441088235,,,0.23515091732494797,0.23494272718621279,,0.2358136503119637,0.23408550163190855,,,0.5579037235723926,0.5598008510981023,0.5590308184005187,0.24404015297520018,,0.5999642353612353,0.6024235269778785,0.6002435043164327,,,,0.6016619486111418,0.6019140222055691,,0.6017433281711715,,,,,,,,,0.6022240177255356,0.6000986197852654,,0.6018475299062863,0.6010969305253426,,0.6003970703608463,0.6011610868715784,0.6010263636838241,,,0.6008653926434562,,0.6005214373798239,0.6024079825073314,,,,,,,,0.600148763278325,,,,0.6014926494596484,,0.6008449592729117,0.6003802454447267,,,0.5995381112375356,0.6004026118230028,,0.601340697117081,0.5996724813959745,,0.5995344506102644,,,,0.6010526753014145,0.6007359097012485,0.6009950697276742,0.5991109942696832,0.600716180997736,,,0.6021672258679381,0.6019364839246109,0.6029336039314902,0.6011674951735115,0.5996869895921003,,0.6012893240800716,,0.6005927446079221,,0.60247107419114,0.5995966073704294,0.6030748185635493,0.6033139751735087,0.6030528385970529,0.6007434314332052,0.6027645104954487,0.5999687846819011,0.5993788141207426,0.6001595169680908,0.6021395495946078,,,,0.5987341228647076,0.5982762619339093,0.5999274002563311,,0.6015324923571668,,0.6014831156434569,0.6010629855408085,0.5999976803094133,0.6001192742436374,,0.6017603640333017,,,0.6001781856300228,,0.5996149666657147,0.6013162399428987,,,0.6000632336710863,,0.6012874525325153,0.6014111133294255,0.6004058895028681,0.5998821413488106,0.5999430276786221,,0.6014840705948628,,,,0.6003111918292195,,,,0.5993348589048041,,,0.6005299880089996,0.6012379269228884,0.6027039725081645,,,,0.5997207599769105,,,,0.6006315155760396,0.60111807111778,,,0.5995911457573485,0.6017302684099052,0.599048083885471,,,0.599206555773941,0.6011267416959872,0.6017289116380967,,0.6024675400831054,0.6022211024827948,0.6004997022402845,0.6000862743288486,0.6025068971041146,0.5994897017904189,,,0.6007742033621544,,0.5993673589318878,0.6002017545538285,,,0.5134712109216594,,0.5151430375044869,0.561898033874525,0.5582606096844587,,0.6063253286422045,,0.6025257844345036,0.6050940881966104,0.6048927731483,0.6042620749054006
7,5,DG_10pct,20,Z19_F10,19,3PH,174959,181894,True,3976.975930337654,3940.206223940247,3986.372532001552,4043.8763329094595,4049.081519190683,23.056155110604337,20.22783353554151,163.77508608565574,165.57797342139614,124.49596461859662,125.53267837811396,61.92385617579447,20.399982759409713,47.62507514642882,44.27734481632494,23.420805648880805,4182.889556046951,4168.290109715149,31.68734075857162,41.30863410594129,,0.74129250116118,0.7411298383400977,0.7449798313541094,0.7418415646219231,,,0.5918537970128549,,,,0.5965542951756954,0.599492319361213,0.5993490701566634,0.5991581150215833,0.599741981150731,0.5992686639007762,0.59754181518599,,0.5970671734594625,0.5907178153120743,0.591817001923969,,0.5927921691517372,,,,0.5856517845519819,0.5854263475952921,0.5945151247582928,0.5922405360562132,0.595271068463531,,0.5934139431704302,,,,0.539944952649199,,0.5372349938003778,0.5374645617752422,,,0.5400700392572763,,0.5408879515791959,,,0.5402767647104382,0.5395605759759108,0.5400289778782474,,0.5387586952901968,0.5391231889338065,0.54018747325066,0.5394554303474838,,,0.5356746423805469,,0.5369772464264364,0.527458864014947,0.5261955677603656,0.5277240072915312,,0.526682081927467,,0.5273239984938567,,0.5277820416516807,0.527430302229368,,0.5280956738208429,,0.5276956125995793,0.5273604437987247,0.5260481618203985,0.5293659445034822,,,0.5285882355482114,,0.5264603529211674,,,,0.49260704723319465,0.49334123743575686,0.04218916347283408,0.09160694045207038,0.09148923954244212,,5.709770835720592e-05,5.720861255434906e-05,,0.039974496851412654,0.03986473064433823,0.039772329628871735,,0.039749990728809165,0.039820166686788595,,,,0.03983823626330428,0.03978709352032368,,0.039773376606302376,0.03967427591724498,0.03968003196058748,0.03982141073678477,0.03986422789924405,0.039873180508852746,0.03973673185696685,0.039900536381563906,0.03982153973458216,0.039831457231422625,0.039904982070447265,0.03983663408058101,0.03974324944124421,0.03963669662801147,,0.039747347478871625,0.03972493287976653,0.03963347198808574,,,,0.03977507492991774,0.039804522926655476,0.039853434723987065,0.039721226266890106,0.03977661530879647,,0.03981477817581436,0.03981671122242194,,0.03977710282092178,0.03989051772223829,0.039693759660107054,0.03972835044504365,,,0.039742308996439504,,,0.03974347366700321,0.03983818979791478,,,,0.039755696183202266,,,0.03986884048348834,0.03970194840615298,,,0.03977513466324011,0.039804505486027826,,0.0396910080034129,0.03978222143743612,,,,0.039778498970939775,0.039595645062825674,0.03965074355612158,,,0.03979970483362951,0.03980835897848195,0.03973821364745253,,,,0.03975682932719641,0.03968387602499502,0.03990344729443903,0.039729098338584214,0.03980445846674937,0.0397704437750916,,,,,0.039757579926128876,0.03978732308873148,0.039933012884909413,,,0.03973238624830331,,0.03984915107072915,0.03991397073276095,,0.03980238860238732,0.040018664429569376,,0.03983894193910115,0.03975380662382493,,0.03982741430263539,0.03972498246060463,,,,0.03978859374273422,0.03988637747545927,0.03988342366938635,,0.03978585745834086,,0.03971320821525648,0.03982562092213345,0.0397782358318731,0.03977671145705205,,0.03971591952584351,0.03987336665972059,0.03992227894922324,,0.03987114639479234,0.0397379911520959,0.03975447930696325,0.03975821843327237,0.039877481728927175,0.03978904612994634,0.03995610508900551,,,0.039835555882812804,,0.03974568398053637,0.03980647126903032,0.24746307426930866,,0.24727140148957855,0.26533162782714453,,0.2213730229526339,0.2213846108598034,0.22128933305658474,0.22084206221197059,,,0.2891821355685678,0.28865427059414295,,,0.2894497989564801,0.2883077183706981,0.28829437041077344,,0.288166889135195,0.28856978583956683,,0.2888103817440038,0.2888691821790571,0.288428178563137,0.2881387646555697,,0.2879678217105046,,,,0.28874416337147657,0.28837601394832524,,0.28845295761518164,,0.2884509465397705,,0.2877232621035985,,,,0.28775024886040695,0.2877110671669291,,,0.28865752899371366,0.28797015406410603,0.28800678472806435,0.2879889958098452,,0.2720047905798833,,,0.27254475989885796,,,,0.27263254656757363,,0.2725259546458353,0.2729613269789685,0.2724310955606256,0.27294112412512017,,0.2727650121805924,0.27248202893671836,0.27223928384317997,,0.2724372524504204,0.2731652633564252,,0.27175090560494586,0.27228542761703123,0.2725548638012389,,0.27264506628158863,0.2718617876341599,0.2717108810977816,0.27184359998933777,0.27161084704248256,0.2720423071839732,,,,0.2886874767103717,0.2880552658858097,0.28804481677991317,0.28782432913491357,0.28852922233588574,,,0.28737819169095236,0.288654540587577,,0.27236479632550464,,,,0.27172364367569907,,0.27230777352102936,0.2716215754786543,0.2716800846712267,0.2724148003412431,,0.27056542618896245,,0.27154971510470965,0.2883973151051243,0.28801499701255584,,,0.2880087211702526,0.28708810293223697,0.28652118368474355,,,0.2872215388385517,,,,0.2884145154199438,0.28759981791671535,0.287864410059849,,,0.28772291611703443,0.28702112948257824,0.28821592120718026,0.28843139141598173,,,0.2881088363759565,,,0.28837095683585606,0.2880129414438956,,0.2875417216787075,0.27149199872054397,,,0.2711450415462736,,0.2719719499871477,0.2712558965098559,,0.271701499141922,,0.2721800057446646,0.27158999633114544,,0.27093221180589244,0.2731016201090053,,,,0.2721989374506775,0.27101668601534284,,,0.27212493956072814,0.2716896366136877,0.2714130317307734,0.27158777359625136,0.27260447538572524,,0.2723007524430247,,0.2975977570592397,,0.29817468743930625,0.2976474787793719,,,0.29792605929352733,,,,0.29111915658545034,,0.2905879580959523,,0.22261430817189742,,0.22257748939005542,0.22088391536752014,,0.22057506616508557,,,,,,0.20973565967443783,0.22325850441447423,0.22266973704243856,,0.2261023098078195,0.22611981936114897,0.22649975254409577,,0.22766368208715485,0.22757993453050734,,0.2289763626585056,0.22860205952969842,0.22899022070360436,0.2292204495028047,,,0.2289673804894383,0.23014906205018215,0.22977958036959795,0.22893282278213142,0.22864395585643568,0.22805889039471652,0.22872390200435797,0.228969982514321,,,,0.22858580282917174,,,,0.22893543067889385,0.22878580679958824,0.22862755477755844,,,,0.23324974306499333,0.23279733450561063,,,0.23329942404187867,0.23088635324511872,,,0.23424699684659117,,,0.23377559624517708,,,0.23393177031244577,0.23355090599552747,,0.23392961331337236,0.23277822110638963,,,0.2324579050444438,,,,0.2336090525111369,,0.23246633443300513,0.2331961725977954,0.23231699454472537,0.23241879608350235,0.23265663456140126,0.2328661120991264,,0.23272580580661378,,0.23255880312011498,,0.23243099255999045,0.23272109756122375,0.23278031797002346,0.23291365785950305,0.23214017814448706,,0.23312936266448916,0.23274756899534443,,0.23258399177721642,0.23269251260199933,0.23250881074324228,0.23250889519820253,,0.23277602421668533,,0.232743808761701,,,0.2331018381229027,0.2332533097116615,0.23335396073155798,0.23227532177845517,,0.23338477895931223,0.2334186144004129,,0.23354876768737304,,,,0.23347348430416,0.23252033284068527,0.2325469183796178,0.23330111592682043,0.2332089395662401,0.23281986145423897,0.23358412012286342,,,0.32622628955697447,0.3268204392940717,,0.3266487027083927,0.3262804755373013,,0.3267458571983883,,0.32607561301168725,0.3264866898016781,0.3260900892109048,0.32592157929236215,0.32661502209194476,0.3266091137964539,0.326643775281404,0.32648676920332415,0.3264182590426375,0.32644085919710997,0.32536431711492164,,0.3260609632330272,0.3254368800622537,0.3265369958164399,,0.3269412927750343,0.32661636796536064,0.3260450119318322,,0.32648200906139907,0.3266191103944587,0.3263187732744682,,,0.32666347366411064,,,,0.3275024532086505,0.32789444475744584,0.3254426409196573,,0.32501556818896127,,0.3254237272167001,0.3254612442480115,0.3259773455869936,0.3255028106819837,0.32488112283276166,0.3257473117109966,,0.3267160458845789,0.3261527504022285,,,0.32721005460610036,,,,,0.3262419237819034,0.3263571498405517,,,0.32723057812942924,0.3264666545433535,0.32202391398374275,,,0.3266895940680644,0.32669663711041397,0.3266690861838023,0.3263266069642785,0.3257500132865902,,0.3254451784271242,0.32708966932631034,0.3266965749908509,0.3262165234048023,0.3265442425809037,0.3267317739284323,0.32785641879966737,0.3267773686055165,0.3263570226052349,0.32550802724961453,,,0.327031356602507,0.32659991880246136,0.325726839622806,0.32645830601439263,,0.32673745688039335,0.3271171106438546,0.32622502924544533,0.3273670711456441,0.3276845201926161,,0.3271059354888977,,0.32702343960696545,0.3263666200215417,,0.32673881232865004,,0.32659530976854706,0.32627801755535646,0.326652303201217,0.3262081573584586,,0.32635652914755475,0.3261138710945306,0.32588181961137486,0.3260005419486184,0.3255332317437292,0.3250937190855059,0.3257120934380812,,0.3258008360588574,0.32634195791863874,0.3262409436926421,0.3255246544542377,0.32663502339594636,0.32586733220218167,0.32547433641298096,,,0.32546328703470573,0.32644345438871675,0.22341712241007447,0.2221137556353541,0.2229305526055808,,,0.22285572058322667,,0.6172789135380089,,0.5508464850370008,,0.23196295507070158,0.5934573657696081,,,0.5964952493930025,,,,0.5939484358550007,0.5930267001914,0.5944279834062737,,,,,,,0.5962509218906977,,,0.5945409875807238,,0.5939764330742316,0.5944324639712228,0.595895811860599,0.5954383887946644,0.5952176938935679,0.5945990129273501,0.5944520035976391,,0.5952188798386558,,,0.5952071683250386,0.5935514761092371,0.5947546195955169,0.5961393328632943,0.5931624417593511,,,0.5947896939031926,,0.5960378700733349,,,0.5948386312490157,0.5953392073652124,0.5966683386474815,0.5936809380849112,,0.5939104151987374,,0.5956256689462852,0.5943034092831706,,0.5953936231366005,0.595847619477662,0.5942821315823331,0.5960031438891713,0.5945065468711035,0.59599319748175,0.5953895512345528,0.5919641727249416,,0.5951383431336963,0.5948221174094318,0.5956648196417663,0.5953052152965701,,0.5925821048696631,0.5937645048384328,0.596274195040327,0.5928169883199095,,0.5946743537511828,,,0.5938306054669379,,0.5958292924718784,0.5948147835709255,,0.5955630295870847,0.5953289118543093,,0.5957318862713931,0.5953267984036923,,0.5937582055128442,,,0.5933320349211126,,0.5939712675653649,0.5943273810640392,,,0.5948790535502627,0.5947505948730167,0.5956618918978457,0.5957544041198719,0.594267453998494,0.5956671283884936,0.5950109967749454,,,0.5955030412540533,,0.59488790963603,0.5969807977670237,,,0.5943316601023445,0.5944584976085293,,,0.5932732862146951,0.5944845997709032,,0.595731699049111,,0.595780953806982,0.5954657403011779,0.594811172177736,,,0.5950781808419101,0.5958866087908402,,0.59579021105086,,0.5933479784734521,,,0.5947248641050501,0.5972248797963586,0.5940156859599156,,0.5945443059589386,0.5945856836635995,0.5931679879665891,,0.5950372084695895,0.5944917857027091,0.5924360044951597,,,0.5936963610494114,,0.5954618791523323,0.5969934169066774,,,0.5940146414900987,0.593714294695299,,0.5957853629071758,0.5943612904979602,0.5959150143696527,,0.5951754072602883,,0.595039886124011,0.5940869806932223,0.5953778152202669,0.5932272442627136,0.593494568302752,0.5938619225837021,0.5960622562137377,0.5080722089070759,,,0.5561085620833189,0.5541962351976724,,,,,,,
7,5,DG_10pct,20,Z19_F11,19,3PH,174955,181887,True,4149.132353103443,4138.740370047544,4181.304951118146,4206.252211440706,4209.465186220977,20.87197280535156,17.873571011717072,139.32673138262123,141.24045759269208,105.98907019993594,107.33619134359618,53.05210853703971,17.457653784647746,46.50530388182687,43.134187020927236,21.264836789764956,4317.7233108305045,4328.8931387426,27.3186806050511,35.54755389099805,,0.7332247324507918,0.731768175145168,,,0.7359733931453113,,0.5769695470031326,,,0.5751082519436322,,0.5849295547296224,0.5823302970192588,0.58270831875383,0.58198731477806,,,0.5818975348894138,0.5837489910360706,,,0.5752357136183892,0.5766807552991579,0.5776766095013189,,0.5703923875526924,0.571622677842326,0.5724653200469778,,0.5793591966336452,0.5815806889351853,,0.5797308919232126,,,0.5237716892630672,,0.5234424966326058,,,,0.5219229906350732,0.5207390311678145,0.5222705498966249,,0.521129964196683,0.5214627919357974,0.5219854855156306,,0.5214779880792151,,,0.5217568556559163,0.5221093961902505,0.5220843504384451,0.5205993725930607,,0.5165577409460191,0.5165310861607921,0.5151204825749025,0.5091818860190178,0.5081803549903038,,,0.5078170805348502,,0.5090175511349407,0.509224033861086,,,,,0.5081141269744215,0.5100203497899782,0.5087714033328321,0.5076939526199863,0.507648898029734,,0.5079776820094785,,,,,,0.4734200748442553,0.47274501515903844,0.4736505603368556,0.002655060607145024,0.05434125232990901,0.054559635254775085,0.054459661381263624,,,5.908381137551969e-05,5.992814462438333e-05,,5.9693014477465124e-05,,5.991125364481419e-05,5.972920059861567e-05,5.9728941202515056e-05,5.977767408939061e-05,5.9792871955855467e-05,,,6.006824252978201e-05,5.98686398609945e-05,,5.973220912088965e-05,5.9805985659740615e-05,,5.981916204724779e-05,5.9659393887522485e-05,5.9927370948607244e-05,,,5.984065512784559e-05,5.98587071640471e-05,5.972026976205786e-05,5.988609876797508e-05,,5.999875058236771e-05,5.979651481180585e-05,,5.978076571185546e-05,5.962613253041042e-05,,,5.9840343921793445e-05,5.9600597626960565e-05,5.986161375002364e-05,5.9831814694166225e-05,,,,5.976893545863224e-05,5.977237056424655e-05,5.9915128325400576e-05,,,5.987968740297129e-05,5.994608456118916e-05,6.0031851467611264e-05,5.9890101044934644e-05,5.979998219360082e-05,,5.976572420864278e-05,5.987354914116936e-05,5.96985386888818e-05,,5.97717545006661e-05,,5.9721633370246895e-05,6.00368501175247e-05,,5.9710633153082314e-05,,,,5.9856487799465965e-05,,5.984258151346929e-05,,,,,5.961009976989292e-05,5.980296573380557e-05,5.990157581294161e-05,,5.97827513970526e-05,5.9704274897085736e-05,5.9942173343864277e-05,5.9749821089517755e-05,5.964028646003513e-05,,5.9819091907526854e-05,5.967224305068974e-05,5.980041802169072e-05,,,5.9751365950510595e-05,5.983181738461636e-05,5.9676137108111786e-05,,,5.9881318162285686e-05,5.9950398666773266e-05,5.9793495310937964e-05,5.984433270593383e-05,6.013866342147011e-05,,5.9863203773158835e-05,5.9974737912757406e-05,,5.998732262072447e-05,,5.9787276673839386e-05,5.986128433049255e-05,6.0068305759222386e-05,5.9939372668284324e-05,,5.978926763277032e-05,,,5.964270760210329e-05,,,,5.991201095695856e-05,5.9943553675805255e-05,5.9865347875418606e-05,5.971407337235193e-05,5.989026741547339e-05,5.9787804028205765e-05,5.9729283205761804e-05,5.99663658699426e-05,5.999741629938345e-05,,5.974062137188712e-05,,5.973208652026744e-05,5.9893058291357104e-05,5.976242813537212e-05,,,5.973505388356461e-05,6.000404488385039e-05,5.956555621995643e-05,5.977918143275124e-05,5.991257269260924e-05,5.979688862956707e-05,5.966707384300181e-05,,5.9893450115188446e-05,,0.21821022553594652,0.21780580716214384,0.23482437973205966,,,0.18885534787430605,0.18859229627945281,0.18875782163684593,,0.18867965335751113,0.25920852767836533,0.2595178951154353,0.25872408519890033,0.25984598550626614,0.25898134115431165,,0.26018786642723785,0.25959118627584254,,,0.2593821864410746,,0.25888301665696695,,0.2598327737485414,0.2597432393761402,0.25964232298997986,,0.2593960663482726,0.2598174825479315,,,0.26024585170251596,0.2590333435927594,0.25978483717591905,,0.2590005021911754,0.25875581200488323,0.25917375959731104,,0.258935378151627,,0.2594315169366851,0.25964705405460115,0.2587865427487037,,,,,,0.24236832282152304,0.2431944575533539,0.24301911217077263,,,,,0.24185434157272137,0.24281021303646114,,,,,0.2422103861418397,,0.24275174327799068,0.24261122338298446,0.2428462737435184,,0.24336180996662554,0.24250864866262056,,0.24234879127989356,,0.24278705431471106,0.24281878062012907,,0.24262056729813838,,0.2416189557289576,,,,,,,0.2590379423370541,,0.2594093798770919,0.2589065599132692,,0.25939832777326605,,0.24192363061337835,0.2422114037821998,0.24241161269292422,,0.24172696809238536,,0.24219979886537626,0.24200974110286372,0.24154244091533777,0.24233426079622317,0.24151705700809145,0.24224728596023998,0.24122819491636247,0.24167484133451023,0.24173108948367308,0.2591316004735122,,0.25847207106690706,0.2592063474768973,0.2584479088432504,0.2589641252070502,0.25869232275227994,,,0.25895422863772866,0.2593175289805194,0.25916679716431157,,,0.2592386361183391,0.2597114040253086,0.25982752522993485,,0.2595528690436063,0.2595574875900707,0.2598808510678571,,,,0.25891905752551114,0.25942191164755507,,0.2596113818856245,0.2588793507180495,,0.2592162816016591,,0.24180209233497402,0.241958932994887,0.24163523912487833,,0.24175489804373737,0.24185546361211782,0.2423861981655629,0.24195562059680345,0.24257271768748292,0.24180674485883533,0.24221947126356086,,0.24238333890783648,0.2413627292381988,,,0.24183639995688078,0.24206397475469613,0.24240671310515896,0.2422947701860578,0.24197617115281297,0.2422290767755914,0.24252679800307908,0.24199131117770303,0.2422982665252795,0.24239280481943803,0.24208597539754367,0.2428341026452172,0.2691842952334865,0.27023959169543177,,0.26868374989461347,,0.2677061070888441,,0.2685954685066292,,0.2640549479530438,0.2632743352592762,,0.26281986819707326,,,0.19018231713773168,0.19011067563823697,,,,0.1880241496870301,,,0.18402926086627788,,,0.17940737869664966,,0.19161443000684875,0.19093265013227342,0.19380553589870525,0.1932796394362322,0.19343518232666848,0.1946404276217781,0.19413128969418333,,,,0.19558779973369395,,0.19490440908797457,,0.19559189714095443,,0.1967492835115295,0.1966141473532448,,0.19579288113773563,0.1955765076613691,,,0.1954749802128159,,0.19487569763818235,,0.1953649192569494,,0.1951953606100626,,0.19568414719542584,0.19540947511923235,,,0.1959431884277503,,0.19879526863635502,0.19899054479410097,0.19939190489941702,0.1986163824529608,,,,,0.19972308297031907,0.19945003792484328,,0.19984968021801125,0.19991671846364564,0.1995202556035162,0.20013447075075536,0.1992205474462563,,0.19881836426048352,,0.19909099666676067,0.19849769993600702,0.19900713471844228,0.19870367359074373,0.19901306917569211,0.19897306817067098,,,0.19892842689381493,,,0.19881999370537323,,0.1995423245324295,0.19890022821563297,,,0.19906012096861173,0.19909941678311702,0.19793527655097834,0.19884739983119493,0.19886729661892388,0.19865790998275373,0.1986313911038187,0.1995094154435343,,0.1989115035949286,,,,0.1987153898053236,0.19847989555368967,0.19929674302076664,0.19884959933730398,0.19966198003869973,0.19927363793180275,0.19993925677964336,0.19999411391598795,,0.1995212180697992,,,,,,0.19959803539513993,,0.19933869670798574,,0.19867505592352766,0.19891398259122892,0.19911295048391137,0.19916726831192752,0.19927664368716763,0.1996509470594529,0.1992818904280931,0.19931687771928455,0.19894528067896866,0.29961037249601197,,0.29956724671671403,0.2999157136167406,0.30066119440219496,0.2999441281622557,0.2998463999022594,0.29970930606434115,,,,,,,,,0.300115212654652,0.2994250331981982,0.30000884316414445,0.30026400565818345,0.29942266188061506,0.2992534187201664,0.29949262558728523,,0.29976046108378174,0.29976049821344897,0.29967522600859586,0.3000408731050258,0.2994866864988733,,0.2990130390783807,0.2995233049399753,,,0.30055370797707476,0.2999962215731971,0.29956819251661754,,0.30152715285275405,,0.2994045024881736,,0.2982674123078933,,,0.29863729469404415,0.2983114855692962,0.29843045823970205,0.2995205454477349,0.2989398141854088,0.2991666385345146,0.2983747996619295,0.2995157933870634,0.3010776268306833,,0.29788760483358,0.2994162786420235,0.2998019848070386,,0.29946830214418835,,0.2999375034425529,,,,,0.2988358131927688,0.29799203639654387,,,0.29970207306498015,0.29967827228925453,,,0.29894328781230867,0.29983070261196054,,0.30015212145252745,,0.29999261283279577,0.2997873339667092,,0.3006645898295523,0.30005316287898104,0.2997066714546181,,,0.29957300703665357,0.30025562590712135,,,,,0.3005925540799933,0.3005073910869604,,0.3000959277613134,,0.30029498812326033,0.29919814416061113,,,0.29885303160157145,0.29924271444147854,0.29953994223200237,,0.2988828271631863,,0.3000170344427241,0.2995208711908394,0.2998057003181041,0.299431857332915,0.2995154597122399,0.29877427563662373,0.29903282697825984,0.29826491589395243,,,0.29894794737266084,,0.2991232332035304,0.29975866706902354,,0.29994602662236064,0.3001216279962113,,,,,,,,0.19031270880353174,,,0.60185976102238,0.535002636582257,0.534576468574963,,0.19778205328228368,0.5782691921766094,,0.5784447868831928,,,0.57896226303927,,0.580541915671654,0.5784505622022359,0.5795646591692917,,0.5801448507600035,0.5785226422401628,,,0.579858407094237,0.5785693735834281,,0.5801120929898956,0.5779817256954047,,,,0.5811280579613433,,,,0.5788969619942266,0.5796145456751567,0.5789727644203199,0.5786463588984484,0.5801801856453996,,,,,0.5798628139046599,,,0.5779513361739318,0.5797891986699416,,0.5778120851731671,,0.5796248762028171,0.5772237549383084,0.5811362133206854,0.5787001288012016,0.5803382553501794,0.5805752159439269,,0.5789424124921132,,,,,0.5793221289886469,,0.579838339095041,0.5771372179194013,,0.5802830361325343,,,0.577598690605441,,,,0.5785190721695072,0.5794718886495461,,0.5804136477764618,0.5790841788333552,0.5787105561129859,,,,,,,0.5803336090553177,0.5790812189223495,0.5786727934901975,,0.5792886052746098,0.5781655860975872,,,,,0.5794027367440372,0.5804249968362719,,0.5790232960426774,0.578985751108157,,0.5784314748759464,0.5779971365935281,0.5770325652193908,0.5796171140411073,,0.5803962792560641,,,0.579500139108013,0.5795118759621654,,,0.579126714611499,0.5791828989368734,,0.5775492283535054,,0.5799678607541707,,0.5783771427447764,,0.5772938139396459,,,0.5773821446216784,,,0.5789544024306498,,0.5789248054086276,0.5791930126634898,0.5788275377455117,,,0.5792909578726754,0.5768540454545563,,0.5799196956476883,,0.5802906664583953,,0.5794364135046288,0.5800194173286802,,,0.578377188332931,0.5793325827273171,,,0.5795424288853408,0.5788654344877696,,0.5794047879748645,0.5783398267828387,,,,0.5784220058535385,,0.5795594082766264,0.5789675176358384,,0.5785345036326938,0.5790813225823097,0.5804135009217476,0.5793004148639073,,0.579733623113243,,0.5791404638792065,,0.5799693207324602,,0.48690729191136084,0.4881954564260308,,,,0.5823830731605116,0.5849437340973841,,,,
7,5,DG_10pct,20,Z19_F12,19,3PH,174955,181887,True,4149.730220395652,4154.7463013735005,4155.19033731006,4209.296313287846,4224.125523898095,20.84705113048786,17.820613997061283,139.71791363707305,141.2536551407391,106.3869193382149,106.44690053506048,53.012987792245454,17.521621734682586,46.57925404260546,42.90096663765279,21.07372727539979,4336.885196671361,4324.276185985959,26.93269158315621,35.43455174312779,,0.7313840768535737,0.7323340524551313,,0.7375604716457973,0.7367811244428687,0.6654989882932728,0.5747875212119342,0.5760136368803525,0.5769575481859767,0.57444641681146,0.5834401647522576,,0.5828884643972339,,0.5806377278723928,0.581329810258237,0.5834249851803626,0.5816027835427723,0.5826327276078279,,0.5757442199753362,0.5776419875079309,0.5761179485518813,,0.5774361066138581,,0.5687553018897202,0.5687218456452539,0.5781020359644102,,,0.5790913142487404,0.5790257236377243,0.5822186791010783,0.5482088089906184,0.5241534988249371,0.5233557502129685,0.5250777884944174,,0.5197374255219105,0.5194287237800903,0.521520192350416,,0.5227494486026636,,,,,,0.5202768519915685,,0.5213037826396066,,,,0.5197224529853344,,0.515173522607016,,,,,0.5088466056917433,0.509191057353449,0.5087184950491889,,,0.5081872769201563,0.509994328159784,0.5087793065474443,0.5072396239841102,,0.508540144637084,0.5100152774312178,0.507906828856919,0.5071781549270232,0.509233086142146,0.5075309809418982,0.5088571861928224,,0.5072048180788737,0.5081705429968463,,,0.4747786178346243,0.4747117072852551,,,0.054601650500681595,0.05466537364888262,,5.906334944934543e-05,5.912503068174969e-05,,,5.9916316974773334e-05,5.976235292685257e-05,,5.988271611255703e-05,,,5.976404541049533e-05,5.968242919810934e-05,5.982128594367612e-05,,5.980008964717439e-05,5.972586357773364e-05,5.986418469614376e-05,,,5.994655125233536e-05,5.979175731933187e-05,5.968260797629758e-05,,,,5.982754042767186e-05,5.970678418915369e-05,,5.965093311910292e-05,5.9831699938366764e-05,,5.9804419464465514e-05,,5.9743083794847784e-05,5.9815935361436745e-05,5.992514427145477e-05,5.964667517864783e-05,5.9774032288263365e-05,5.9777932320057033e-05,5.994054339229466e-05,,,5.966788905309701e-05,,,5.983488375998166e-05,,5.96382657171475e-05,5.983022773641786e-05,5.98230077478271e-05,,5.988693124061209e-05,5.977873812660276e-05,5.980490511399038e-05,5.994532507196442e-05,,,,,,5.973694837218233e-05,5.999284529848289e-05,,6.0116679607011304e-05,,5.973452834287768e-05,5.987278981751224e-05,5.9907667812289125e-05,,,,5.977314360967355e-05,5.9745692435708806e-05,,5.983727361337207e-05,,5.9859969072158054e-05,5.969954008377434e-05,,,6.0085474014973735e-05,,5.968299815882862e-05,5.986467105189792e-05,,5.96091233018948e-05,,5.973282762376509e-05,5.987471562735925e-05,,5.9651614418294056e-05,5.978463900961224e-05,5.994276928444502e-05,5.991268680821582e-05,5.990310639793125e-05,,5.9743588605071734e-05,5.9664617245732245e-05,5.966096544277525e-05,5.979045887059531e-05,,5.981885122761201e-05,5.9682150042760296e-05,,,5.98059922911032e-05,5.989022867822015e-05,,5.989490972378694e-05,5.99012833038681e-05,5.987712791676605e-05,,5.9967397300038704e-05,,,5.9929409826636604e-05,5.97239117238122e-05,5.9768031706442696e-05,5.971860759596343e-05,,,5.9874936879661426e-05,5.98114288488027e-05,5.9971028886736115e-05,5.98306737207822e-05,,5.988525305425251e-05,5.9850866020567024e-05,5.980087413352546e-05,5.9661244428975e-05,,,,,5.991576508154606e-05,5.985569041833059e-05,5.985831011357538e-05,,,5.9916702769983484e-05,,,5.973350949995739e-05,5.980809502282046e-05,0.21787642585670988,0.21805761568385335,,,,,0.18906200763930925,,,0.18890313398812375,0.18889323662357432,0.259721228795739,,,0.25930294546791965,,0.2595096038425104,,,0.25977518823441254,0.2592615398475119,,,,0.25971017678987185,,0.25906283528852475,,0.25994785483610205,,,0.2596727879404945,,,,0.2599424323719505,0.2594031808284397,0.2597544401066312,,,,0.25955905160075005,,0.2595183593320731,0.25913912349821866,0.25932214946971766,,,0.2592695298775901,0.2599109791265711,,0.2419413270492327,,0.24273608498527555,,,,0.2421811270799513,0.24281280010732534,0.24284492191332793,,0.24267972962801648,0.24285022589843178,0.24256054697936347,0.24280962212048798,0.2422310728868036,0.24277098961273316,0.24231284804494138,0.24229318940743727,,0.2427714586030008,,0.24238413349150562,0.24247062655154017,0.24201675762602776,,0.24283128537145018,0.24225234478004082,0.2417442262879231,0.24232202001660624,0.2420197523798825,,,,,0.2593587788662958,0.25901679544993056,,0.25922362212298883,,,0.25884598485677734,0.25871087962202927,0.2588182864668286,,0.24261616476941222,,0.2423003300492066,,0.2429369270948462,0.24336203058177397,,,,0.24178244141775146,0.24185161516638531,0.2414327618204335,,0.24249584982352176,,,0.25855253420207275,0.2590878530613199,0.2592526876955769,,0.2591315399554985,,,0.2587291179646596,,0.25983161629239093,0.25886030397082255,0.25879421437829914,,0.2593211256830998,0.2595175932287843,0.2592747485370552,,0.2586758939185984,0.2592254630912299,0.25926975736203317,0.25900252657685896,,0.25881889774888467,,,0.25860890669820014,0.2594840920229102,,0.25955655551694334,0.24201744228965685,,,0.241384674061551,,0.242181784558016,0.24218782286365714,0.24162373136340692,,,0.2424748851042217,,0.2418575840308514,,0.2412421111332198,0.2421992233461471,0.2416153069092223,0.24227332677020771,0.24181531058269656,0.2423241375384325,,,0.2422280400249717,0.24232484105474478,0.24210533882825083,0.2425619828660573,0.24236449108960081,,0.2426081469782143,,,,,0.268558579907063,0.2688978080974388,,,0.26885523948005313,0.2639767292975412,0.26338077302715507,0.26360428881524045,,0.26312929068345825,,0.19024972462039755,,0.1892643775459401,0.18850857490125617,0.18823645837615263,0.18871573903196429,0.18508720318987057,0.18456379025179048,,0.17963842645363348,0.17933813007700608,,,0.1908440659216994,,,,0.19377175267673177,,0.19482200883617276,,0.19590635988575542,0.19524735178593228,0.19603476867735636,,0.1956703211672666,0.19500068906272713,0.1959013121833477,0.19540890534220814,0.19614631018186737,,,,,,,0.19514310615512406,,,0.19534271364064576,,,,0.1952640520177656,,,0.1951165285220141,0.1954381631993946,0.19540145652531024,,,0.1985232142944555,,,0.1978612161400462,0.20001319129202214,0.20022149686456048,0.20043074557764878,0.20016034388677945,0.1991304686820857,,,,0.1997241754590437,,,0.19961901192538534,0.19837425270557507,0.19886252015220432,0.19899391957950097,0.19952246748176958,,0.19914926439641512,0.1989691038085618,0.19922576424302843,0.1984868548093486,,0.19911325579952205,,0.19895359136104565,0.1993160322296496,0.1988623784155601,,,0.19848838352866682,0.19901664926502455,,0.19935080413427286,,0.19924959607652792,,0.1988341064249595,,,0.19960673990652308,,0.1989566477937688,0.19915664656939613,0.19909096815322075,0.1994036727634769,,0.19916788125413057,,0.198896723999508,,0.1996350414583808,,0.19927093254996453,0.19914384180344907,,,0.19932163436337721,0.1993487379460352,0.19921344768428384,,0.19957645701575513,,,,0.19950312475425885,,,0.19888113099916205,,0.1992716090832111,,,,,0.30037964588088656,,,0.29919257207356764,,0.29985141449743347,0.2995668417253584,,0.29921546977321284,,0.2999774530097858,,,0.30006570303461555,0.29891197153830945,0.2995927800394923,,0.2994747588911913,0.29950260049905153,0.29901532334378567,,,,0.29974303969467514,0.3002923094281232,0.30003435683165103,0.29985971881958023,,0.2991399033538263,,,0.3003618404384586,0.3007308824665541,0.30019842094274946,,,,,0.29984315863641575,,0.29817205541346814,0.29982343551256424,0.29929399961603115,0.29850086443109164,0.2981102950047305,0.2986248847686513,0.2994409039954047,0.2995110661924205,,0.29937473685431254,,,,,,,,,,,0.3005639186267887,,,,,0.29905495413502275,,0.2993574624342286,,0.29940292277648894,,0.2994460649674915,,,,0.2995432593465492,0.29959586082524353,,0.300297122916167,0.30071241396789083,,,,0.2997871938700094,0.2994592114357226,,0.3001622126782575,0.3010251693592931,0.2999111239880549,,,,0.3004308069346348,0.2999488677827507,0.29964625506172654,0.29960630760186907,0.299698555261327,,0.30062666165608504,0.3004495773561574,0.2998803213092966,,,,0.29954030087434985,,0.3001018150952807,,,0.3000627549088466,,0.29820534590449305,,,0.2992607770152378,0.29952941839804825,0.29914963473333395,,0.29964219588044233,0.299589797964837,0.29909443519065093,0.30017269087391,0.29892552363048636,0.30009073544424186,,,0.19075968482375794,,,0.1905597186549734,0.19014098889772935,,0.5377229948868769,,0.5353368583680976,0.5343351643224887,0.5341291274634823,0.19790122648532307,0.5786870992403705,,0.5807603891059061,0.5781305936445399,0.5772909533061308,,0.5803016138000625,,0.577265667307552,0.579455010688833,0.5791989343892758,,0.5786373745398704,0.5780911373010392,0.5793474699298794,0.5780786260764437,,0.579214333926205,0.5793329074371653,,0.5772881507979667,0.580294241765855,,0.5798355826624085,,0.5785556014734652,,0.5797044484349722,0.5788608027346429,0.5783836600282701,,0.5795111947917192,0.5803478402072966,0.5782397021491904,,0.5795268317507095,0.5803893079678736,0.5784714388878329,0.5774287124580131,0.5801423459848735,0.5798594098065777,0.5801915211162532,,0.5787894912666631,0.5786503751509433,0.5792754123875732,0.578531302072943,0.5807422499050193,0.5786914692395587,0.5797408376413925,0.5811402342927501,,,0.5792669196241571,0.5791990670218233,0.5811616488380127,0.5785520985069562,,0.5804449614599975,0.5803283628063063,0.5798962987349028,0.5795447672419768,0.579477621066845,0.5770987323749098,,,,,0.5794264356131957,0.5783135348298515,,0.5787594629047281,,,,0.5810647943715705,,,,,0.5790191637880535,0.5786066060781457,,0.5787331765418858,,,0.5776469694273556,0.5795532459791646,,0.579869182092436,0.578551186001478,,0.5774527560034174,,0.5798936167683015,0.5794524270618823,,0.5798916652792858,,0.5800059999911755,0.5782592517797706,,0.5800524599928363,0.5797409532626137,,0.578556956492554,0.579699884805164,0.5790069166137144,0.5798379482608632,,,,0.5806564433725848,,0.5789946514470784,0.5779223637443545,0.5785704298876116,0.5791363509857823,0.5801536488193749,0.5775142466543196,0.5797905367867174,0.5796837867633037,0.5785244834543083,0.578417356166513,,0.5799351875304064,0.5779709122111425,0.5798223938516888,0.5795558011670892,0.5789211834403735,0.5800162719141968,,0.5776828729653339,,,,,0.5792642544649065,,,,0.5806198758085513,,0.5765322093376543,0.5789852046228594,0.5794310566335491,0.5788786809439205,,,0.5788616011890733,0.5789245720417979,,0.5795779582787386,0.5782313551182324,0.5792367647565223,0.5781596617883406,0.5800279268276308,0.5797548334342097,0.5800806297300264,0.5802867016633364,,,,,0.5799773179056359,0.5784606957019393,,0.5786926732903209,0.4874077010821629,,,0.5385857555960144,0.5355855345551152,0.5372590600297945,,0.5840479460072183,0.58146791341219,0.582583680289222,0.5832043206518764,0.5825254150223618
7,5,DG_10pct,20,Z20_F01,20,SLG_A,175055,181986,True,4106.393350502923,4105.282228933917,4147.446767599854,4302.312444979516,4271.21301734003,176.6585750311109,202.10488576525285,1180.2682641363788,1201.7512921695209,847.0342323456209,843.5161106706976,403.75489685180304,129.13905383286232,96.41525032431097,94.57652663708943,177.4448387002819,205.51626585621128,25.86178873884987,5498.390648650951,359.55789653957476,0.7497668099572123,,0.7476971356649382,0.7479847308045421,,0.9492999183972846,0.8371824443919008,0.6152188071875887,0.6150069801632893,0.6157140511793949,0.8248568887438301,0.5680828425289898,0.570321418046595,0.5703432059698329,,0.8353616089503422,0.8339617431227779,0.9409357478861577,0.9422350793336142,0.9388953231469498,0.6167894539517993,0.6151415492544727,0.6166071321529991,0.614806398975724,0.6167326948789219,0.6151541158403103,,0.6105499125412295,0.6116877734107852,0.6172125461215181,0.6175790857131388,,0.6183660763680753,0.6180091437671248,0.6166973450977813,,0.5884728195944932,,0.5872839344256047,,0.5889478561667918,0.5916576515257391,,,0.5906710601409959,0.5924683389271368,0.590111705468972,,,,,,0.591878419540815,0.5911394906425423,0.5928943563540217,0.5894498709651411,0.5912721990770534,0.4904582993505226,,0.8417481822386214,0.9327379713391057,0.4801623685001259,,,,,0.48217774873262575,0.48182635526673967,0.4814052896073042,,,0.48043306335450525,,,0.48192218474784365,,,,,0.48055188205851973,0.4811014342432464,,0.480218393177759,,,,0.5511732435616432,,,0.5296251235026465,0.5304832571177187,0.5305315893112059,,0.5299168366830683,0.5286249517261083,,,,0.1009357484859317,,0.10081849389305078,,0.10116961957106553,0.10124087066257063,0.10131278687881508,0.10137982459441715,0.10100678742237415,0.10142049012924309,0.10108894003976943,,0.10115901655912946,,0.10134102918994312,0.10121444576378506,,,0.101345476367344,,0.10080132031854967,0.10122572194738151,0.10096187791375857,0.1012949905076862,0.10112097012588075,0.10097730861399813,0.10088508271325797,0.1013267406407031,0.10103329479550174,,,0.10088104007025125,0.10091956714044974,0.10103093686809407,0.10095671373323213,,,,0.10083108451310223,0.10086610909562518,,0.9091210936381008,0.9113049405078189,,0.907866245487793,0.9097552265388438,0.9108719256549624,0.9074313499175075,,0.9126768249804762,0.9083139773624798,0.9105452315081862,,0.9116237455605434,0.9104797497046541,,,,0.9097028890805636,0.9079324928151855,0.908012307006424,,,0.9104566201526538,0.9087394889114927,0.9082146931993132,0.9086344860255843,0.9091957168393106,0.9096250255050868,0.9099694938236578,0.9104682167833124,,0.9073902275497879,,0.9075515381126786,,0.9100748741766597,0.9091197845853692,0.9070469501698089,,0.9103700085406095,,0.9096646682352668,,0.9072267818163071,,0.9291203876164469,0.932149190107907,,,0.9298210299574405,0.9301950363105538,0.9325783111328486,,,,,,,,,0.9307346428922809,,0.9341282511459148,0.9330368864703267,0.9326225865247084,,0.9300636682268404,0.9275966525714654,,0.9302983738832755,0.9311414643787509,,0.9286604041938696,0.9312070843525377,0.931461180272068,,0.9336652559472168,,0.9317350494921804,0.9293506392784414,,0.9327254785372115,0.9327387197475382,0.9312425615251193,0.9300299916224994,,0.9317705811278637,0.9281741495714045,0.9355402937914906,,,,,,,0.9335249404666784,,,0.5280751960080153,0.5294679422969455,,0.07018781106419529,,0.5288234688329848,0.5267329022056416,0.5301813620275704,,0.5291750376361695,0.19536642104824262,,,0.1961339642088331,0.19525048844466386,,0.1956479257502292,,,,,,,,0.19501666516992558,0.19620745861051725,0.19642133714120252,,0.19543558352262386,0.19570422418052194,,0.1957351920972244,,,0.19538915588272243,0.195400852791426,0.19563979319825683,0.19578547296403495,0.19508702741086184,0.19605144402687186,,,,0.1952812181322535,0.19563570802273442,,0.19507901491970756,0.1945170281129899,,,0.17024384099901255,0.16974622748109644,,0.16957038810510033,0.16991773189452453,0.169793968706915,,0.16942346344161574,0.16981039203597204,0.16962150560972072,0.16967047956192438,,0.16942689649587703,0.16922744083839114,,0.16975809765646402,,0.16987348891033,,,,0.17034273904093009,0.17004950288425943,0.16985461140063263,,,0.1697999922622621,,,,0.1695137638606811,,0.9091622019474423,,,,,,0.910607722798597,0.9088812820434853,,,0.9097993463529468,,0.9110018311871937,,0.9099895563474149,0.9111213337922571,0.910931057956778,,0.9096555102371451,0.9091758631582613,0.9100250383866306,0.9110289589666881,0.9101342024994161,0.910223514516889,,,,0.9099083394927332,0.9087510347717868,0.910950884630191,,0.9050848918139786,,,0.9059299493173159,0.9089789587166673,0.9095672132265594,0.9109560778046769,0.9104923306616146,,,0.9113696496606404,0.9087582540103285,0.9084735941744873,0.9103395046381211,0.9098234368812648,0.9111826685006567,,,0.9107107491570271,0.9066801064345165,,0.9080328305959492,0.9079327871330217,0.9113997632559228,,,0.9123728757500486,,,,0.9099770799268349,,0.9100949129597934,0.907151236069197,,,,,,0.909727825368808,0.9088248016370806,,,,,0.9103281470460148,0.9126141032521196,,0.9108142437540886,,0.9109441895765693,,0.9096871327738261,,0.9107301325579948,,,,0.9316246114284705,,,0.21168284542843863,0.21172498272566534,,,0.5551363393144978,0.5564083217777512,0.5557434026958185,,,8.084053459418403e-05,,0.9191677516128202,0.5266027552378355,0.5267924286590944,0.526314501835713,,0.5119894662565736,0.5132872120835109,0.5009277864473258,,0.5022571828387774,,0.9134526649881766,0.9061914245249187,0.15157836411339826,0.9289136419286471,0.9023244181261314,0.16086104018551514,0.9326119582530065,0.9032637812915361,0.9329696932160317,0.9343387925970229,0.9350676107450744,,,0.169234113955122,0.937777843965376,0.9035415464812928,0.9433548528505724,0.9413405870702546,0.5469339460567274,0.547192287718306,0.5452273574785635,0.5451897525649099,,0.5450997809673249,0.5454533553611345,0.5467455107340888,0.545821665623983,0.5461578467899032,,0.544373868549494,0.5474023566690531,0.5458468182861883,0.5439346785612635,0.5454125421784944,0.544969596236651,0.5461658602297802,0.907708326545373,0.9071564627964827,0.9061151205390008,,0.9049292356959248,0.9026201119436468,,,,0.2075475207358751,0.9525549331611127,0.9549362894716888,0.9552038462607884,,0.9097407317331866,0.9071816097765378,0.9084110437743914,,,0.5563899180092019,,,0.5577846450796544,0.5538128242252085,,,0.5565384844562777,0.5561741482548025,0.5556035930232309,,,0.553154231345233,,0.55555164267285,0.5549710259587431,0.555016030842985,,,,0.5552032262228067,0.5561382091662848,0.5536488963508004,0.554237948332003,0.5549866832537134,,0.5567619808637031,,0.5556080229265702,0.5560727504996069,0.5558737941408475,0.5545050416669273,0.5546831374937563,0.556425059825554,0.5558045422509439,0.5569853365680899,,0.5574840474518763,0.5552649238678335,,0.5575408963579057,,,0.5538766302682455,0.5571173400662233,,,0.5566786954528309,0.5577549036781819,0.555289075916574,0.556885986209477,0.5561295139878873,0.5551419705064812,,0.5570533707904641,0.557516577748851,0.5563042944182957,,,0.9253576912804995,,,,,0.9247924975526925,0.9250718158038667,,0.9249273609221438,0.9241204254565067,,,0.2517226928080539,,,0.2534261454089521,0.25257209342891496,,0.25245286030926534,0.25295395481081545,0.2519931338278569,,0.252328775089356,,0.25214947375348934,,0.25190887146549584,0.25213183680442414,,,0.2522868191980422,0.9284995596131416,,0.9273477653206129,,,0.9257342414990828,,,,0.9056876104901636,0.9059759546242628,,,,0.9062741221302074,0.9037307722811398,0.906808672978935,,0.9065838350600736,0.9051372433439773,0.9056487526511703,0.9067255227632366,0.2517113075473314,,,0.2513764290727577,0.2522313159970847,0.25240191091759356,0.2524761988416758,0.2524075050205568,,,0.2523052881808797,,0.24905006863218768,0.2520612056107927,0.2515252229282048,0.9094249931387003,,0.9085206056616432,,0.9049500671334402,0.9113112520073069,,,0.9247358005810588,,,0.9266939812839502,,0.9234995020454747,0.9264505151083001,,0.9297756410510227,0.9246801582428982,,,0.9271591001791477,0.9257054484998489,0.9257452773389725,,0.9264407274408397,,0.924609821585752,0.9261951062384751,,,,0.9257744821450012,,0.9227003615677948,0.9082027573357061,0.907546971494554,,0.9105101101085693,,0.9103913840494353,,,,0.9088955315598863,0.9059157370995311,0.9039056311791986,,,,0.9069376302382655,0.9058344032441343,0.9082563574807048,0.908392198987286,0.9082275465101303,,0.9088936249012943,0.9084407671031827,,0.9096729442974683,0.9063791537009912,,,0.5319788121984602,0.5306006024788034,0.5314451532694835,0.5326336257723019,,0.8331219643623838,0.6006153725581793,0.6011451935150259,0.6014618073515793,0.1903331800218726,0.6166041195021974,,,0.615642806285306,0.6159202732053342,,0.6169540613791302,0.6166127573622427,,0.6165174890010228,0.6178280660113582,0.6165606510783561,0.6173281782492395,0.6162372668710137,0.6160525636796532,0.6170162242795612,0.6168978188039234,0.615773402454073,0.6168658282436272,0.6186602356273287,0.6165642145091697,0.6172770427853261,,0.615875607202723,,0.6163199232735437,0.6180582125472791,,0.6166468685166648,,,,,0.6163308132949067,0.6176723656612885,,,0.6160389790975972,0.616498153991038,0.6166434146662736,,0.6162119448110136,,0.6167641083757637,0.6168329773328923,0.6147193291642222,,0.6165245008207761,0.6166648558226862,,,,,,,0.614742081417976,0.616726224423744,,0.6172685807013372,0.6175526825846783,,,,0.6164038653209212,0.6177125298492909,,0.6154237132503382,,,,0.6160362570648827,,0.6159929295107716,0.6159904399198335,0.6155766770853147,,0.6170781352573887,0.6163893221929244,0.6173915158671551,0.6172106321357657,0.6139218706073987,0.6163723075365362,,,,0.6164536964364062,0.615110370722584,,0.6183884311133465,,0.6165926646722725,0.617011704991122,,,0.6147175074715415,,0.6178967828646975,0.6155478365087838,,,0.6150685072763427,,0.6167658037302926,,,0.6161422644583662,,,0.6161235942674647,0.6168189293870361,0.6172813960653912,,,,0.6168215607597882,0.6166220205733427,0.6171777028334088,0.6158919398405591,0.614567224963094,0.6150365567684074,0.6156366852803725,0.6166798629024496,,,,0.6169134867052171,,,,0.6163474585397137,0.6164599508447116,0.6176024474777767,,0.6157842709975639,,,0.6150716461908974,0.6184446756198839,0.6160496518793502,0.6156249521109741,,,0.6145749709828667,0.6164345605523116,,,,,,0.6173813822046886,0.6176969726809073,0.6164426106556808,0.6153783095106188,0.6166377187027754,0.6168213249752809,0.61526093360479,0.6142510994732893,0.6149425198296722,0.618608646608553,0.6152224791762313,,,0.6177710013312724,0.6167709589956405,0.6182562615192353,0.61600797525314,0.614916087901291,,,,0.5636448775376195,,0.8442715093594997,,0.5687937896941797,,0.8343433575145279,0.8345024424713379,,0.9412445515414634
7,5,DG_10pct,20,Z20_F02,20,SLG_A,175059,181992,True,3468.5872809762204,3488.67156129319,3503.0335821142003,3646.6227124948687,3618.2571637135966,153.40647985243973,174.61604660755413,1032.7368717777981,1053.0203940625381,742.0601022968914,743.8422585414608,357.80556638364396,115.83940145548547,88.02576879520782,85.91343302342801,154.62719063359498,174.46059107769807,25.695195351393988,4707.299677933302,313.3374533412619,,0.7665627215496514,,,,0.9555992029398482,,,0.6503986448208056,0.6493684983142619,0.8314986289045864,,0.6332007863804968,0.6318408965723276,,0.8423468510526553,,,,0.949436614056085,0.6497311562669273,,0.6484878198860438,,,0.6496704427891099,0.6422842851489358,,,0.6526173154716169,,0.6527700671488417,,0.651775733989154,0.6508394639117857,0.5998338309831506,,,,,0.6234112036358846,0.6252250895775322,,0.6269891953797279,,0.6262153417056917,0.6257201572300242,,0.6272556162487658,0.6247125824456359,0.6251144011392803,0.6248853170734432,,0.6251397703422983,,0.6235904037341534,,0.5645515446599592,0.5656339229216055,0.8466365952714895,,0.5568705438303844,,0.5572723441099908,0.5609856075233384,0.5597408224802297,0.5582508960565832,,0.558043331156177,0.5573501082860578,0.5591248796850992,0.5586004406201915,0.5577793423906258,0.5560823556352613,,,0.556947193153052,,0.555851329689589,,0.5574123109121409,0.5557997226213893,0.5572587502523035,0.5573630147013544,,0.5883152365546307,0.5890534479185396,,0.9237765030195074,0.5341626284491605,0.5349964243287,,,0.534353060520187,,0.24053894690678243,0.2410968374124668,0.24093982050578308,,,,,0.24034368044081628,0.24046557029509788,,0.24047347434462815,0.2412313853628933,0.24068370169962303,,0.24111653993577953,,,,,,0.23964170667970536,0.24024073855139308,,,0.24058884627914065,,0.24132818032607814,,,,,0.24021021885181973,0.24071494062974655,,0.24075856352873343,,0.24098191603275346,0.2402247653609845,,0.2403934553830737,,0.24031012810493568,0.240367171442973,,,,,0.9236178325834885,0.9254113291625948,,0.9237185852425219,0.9267748651136062,0.9281364156021581,,0.9238414074582058,,0.9246686458757253,,0.9259095810941138,0.9264064594682188,0.9265585182980843,0.9249301338813356,0.9251643022999343,0.9246803302428026,0.9262120386863797,0.9270828651893152,0.925121757391817,0.9231873145802768,0.9255508485267577,0.9236397546437866,,0.9235194359038211,,0.9246542798051516,0.9236630274222609,,0.9230167226775774,,0.925295518801316,0.9283325943245987,0.925989355364413,,,,0.9228238621997138,,,0.9270064955328157,0.9275697733595379,,0.9297310821921904,0.9270361014491318,,0.9257796417011978,,0.9263587712151878,,0.9289161077979811,,0.9249150714975559,0.929949105332478,,0.9286934236443002,0.9295836016695928,,0.9284969990226943,,0.9300563154802207,0.9272217568189186,,0.9263904044476697,0.9265167737863064,,0.9253315994227531,0.9264722342394142,0.9282088526262242,0.9276388824642284,,0.9274647008465501,0.9254852797014798,,0.9280928212742389,0.9280218725407074,0.9269055283149156,0.9289735147064304,0.9291013904419217,0.9275442647770871,,,0.927512814946219,,0.9269418752972526,,,,,0.9257167246274083,,0.925941645729281,0.9321290964530796,0.9269956369110182,0.5364430624764029,0.5375690668296957,,0.28624903763968657,,,0.5325367632801211,0.5309378545210759,0.5311400839215671,0.5313503033306308,0.5318827016480686,,0.3151890572590634,0.31622028292398197,,0.3155629404546103,,,0.3157983124450759,,0.31618999513818336,,,0.31544732240626416,,0.315591796882647,0.31528131838131285,0.3151984854668599,,,0.315143277685118,0.31617015203386156,0.3147210352320727,,0.31477493129834316,0.3154365253850676,0.3148692105232479,0.3143611616627497,0.31544744666780256,,0.3152761839138708,0.315135482902963,0.31549086776642027,,0.314850127671185,0.3147904926050354,0.3147482303648573,0.3149461881629883,,0.31575045889987363,0.315309218315214,,0.29506661795919087,0.29580965005248677,0.2951841696627591,,,0.29466679347915165,0.29537474081725157,0.294472796554992,,0.29534965405223723,0.2958006851245741,0.295801917386614,,,0.29538997846772713,0.2960194560276735,,,0.29538993770850813,,0.2944387898673989,,0.2955155736598925,,0.2949198616706982,0.2952201104829232,,0.29487018120307223,,0.29493511822614576,,0.9250724334116202,0.9258356636260155,0.9276937056564757,0.9281091889921936,,0.9259915194253822,0.9262148887664061,0.9275371430247267,0.9281844491092743,0.9271454459453169,0.9284466353380033,0.9282827084760731,,0.9267975392249416,0.9279522408260903,,0.9270798588879926,0.9262591789220213,0.9285255198312385,0.9261403873843558,,0.9295116762269957,,0.9248380577719735,0.9267809046059502,,0.9232646582873999,,0.9283317789257468,,0.9247384468428542,,,,0.9255093210219614,0.9254665860396418,,0.928675822515098,,,0.92785438625983,,0.9263067519880767,0.9292156872078313,,0.9250152857112534,,0.9284470374916414,0.927797278921861,,0.9252079591670872,0.9256586644298708,0.9261483388896016,,0.9243003268961517,,0.9262489682509304,0.9268628385652554,0.9254882066295552,0.9268396496234425,,0.9269429349445814,0.9282419492842872,0.9255648608610993,,0.9264502572298605,,0.9259670309590301,,0.9291317764675886,0.9261217185429387,,,,0.9280741688295765,0.9284689466971465,,,,0.9269155069419048,,0.9292242423476276,0.9251857177195162,0.9279585476531188,,0.9259524816664146,0.9217561683960207,0.9240415728430429,,0.9220720706205329,0.3283490624270122,0.3289707459274357,0.32914040985008436,,0.3291097277425584,,,0.5668540747074414,,,0.5681365514294496,0.15683906075411588,0.9398522910381307,0.9288398576241493,0.5346997000726122,0.5356748896435722,,,0.518017080538277,0.51817092488678,0.5052355626988373,0.50562723746742,,,,0.9252698214976348,0.279908633268445,0.9167121319663692,,0.2873420651377356,0.9208200656450748,0.9313999068171933,,0.9239893019780201,0.925762583613271,0.9227384786984154,0.9255468220683027,0.29383611992361336,0.9260245070478134,0.9317795469471459,,,0.548650061325594,,0.5478401147774173,,,0.5487015462651734,0.5478130844457096,0.5493517774065482,0.549947896514106,0.5493319005313317,0.5490515164023309,0.5483517573207234,0.5492252791975344,0.5486387351176898,0.5478066471538003,0.5476798636668962,0.549231398518685,0.5489012735829942,0.9388226665729358,0.9412830055266563,0.9376905465195723,,0.9406894224650669,,,0.328470787947419,0.32819034306783734,0.3271470763523561,0.9387325475869254,0.9397328648216104,,,0.9430386573042859,0.9450735792262321,,0.9406231307642331,,0.5584893942487203,0.5607509118368393,,0.5591985434341075,0.5581899189096721,0.5571630427392593,0.5570375144905276,,,,,0.5587445082355198,,0.5574588587097152,0.5575768931919195,0.5587185596908402,0.5579274594834752,,0.5585061447492324,0.5557557789236619,,0.5577008175399919,0.558777037001142,,0.5573469000730634,0.5579938302944311,,,0.5575253078270791,,,,0.557193717276759,,0.5607025322126381,0.5583569118742722,,0.5582628005331606,0.558367205094674,0.5591365373892553,,0.5580192134020028,0.559167825001697,,0.5585212640832375,0.5585562939219927,0.5589709974232466,,,0.5582548920888472,0.5581444554692943,0.5580871659843097,0.5604688722988218,0.5597920149468026,0.5576947926530298,,0.5590428352334256,0.5590069909554698,0.5577216238629601,,0.921742293958524,,0.9206667520592946,,0.9234887853387463,0.9209192709581674,0.9234186224469213,,,0.9214314926845714,0.921883666760033,0.3604495820866779,,,0.36104595722121624,0.36021564834642544,0.36093334541603433,,0.3603318219259273,0.3593416628535234,,0.3609891915783199,,0.3590649687420124,0.3603774705097314,,0.35994372712504313,,,0.35974839325552166,,0.9238049082975192,0.9236989414467447,0.9231419425501705,,,0.9220027617856946,0.9202721009879302,,0.9246109568598483,,,0.92648952825482,,,0.9222280068627372,0.9263129346584688,,,0.9261008185048254,0.923007526246063,,0.36013167047610456,0.35981597777544283,,0.36072508307062795,0.35967051460461624,0.3603178881484049,,,0.36062324412601326,,,,0.3563464639144517,,0.3592918526663778,0.9260211922371919,,,,0.9269434804145305,,,0.9214330778553279,0.9224109948804582,,0.9217147495557214,0.9223917604293265,,0.9226630908562605,0.919315082624392,0.9229297221532805,,0.9191006122368884,0.9240129850753911,,0.9181368878864653,0.921431323149289,,,0.9198773544489339,0.920864558662066,,0.9229631428303257,0.9223587162952785,0.9210504118885701,0.9212604842370338,0.9220511731847693,0.9213518701098815,0.9219794439209916,,0.9234286957958232,0.9254913639481454,0.9265949959873738,0.9281747839932052,0.9254727337165858,0.9266526761433983,0.9269402375613248,0.926000952357505,,,,,0.923047846425357,,0.9240010786876245,0.9254593693172914,,0.9250248299943737,0.9249874376501661,,0.926657258423511,0.9258662578961145,0.9257851671170713,,,,0.5359136652222496,,0.5348998624279788,0.5343789878054491,0.5348167823549408,,0.8422976863236638,0.6356661700735403,,0.6337966924645132,,,,0.6497021229958283,,,,0.6501767499469546,0.6505707621146533,0.6517640904176978,,,0.6520523080827684,,,0.6510317042953417,0.6491800860410634,0.6502077074013614,,0.6494601793839441,0.6490290911440815,0.6501541865523428,0.6498871477615928,0.6499354442009846,0.6520990089386293,,,0.6492690810205268,0.6489615138821015,,0.6500275957288798,0.6521610986342853,,0.6497108150541875,,0.6510991198266975,0.650615874106713,0.6510027355465996,,,0.648263286107936,0.6501871309826007,0.6492054897823608,,,,,0.6513509898690398,,0.6513476805250747,0.6489991905765905,0.6494495350686975,,,0.6511313085088586,0.65084041233591,,0.6497765506704976,0.648840550688137,,,,0.6481929603547882,,,0.6504932055384438,0.6506675329592426,0.652150217264982,,0.6511892925393479,0.6528567387768198,,0.6493647502257055,,0.6492865569185805,0.650569154235228,,,,,0.6508235113081915,,,0.6505521019992199,0.6497596685891484,0.6491666729382386,0.6493264263352608,,,,,0.6520437920547144,0.6506940958217815,0.6490265626033446,0.6521476192862173,0.6484498500652122,,,0.6513826342923851,,0.650912947530542,,0.6492774902433528,,0.6496632246209945,0.6500417019837134,,0.6492298043547391,0.6491415800795576,,0.6515098572491025,0.6499633025049882,,0.6496292982771369,,,0.6513121835492763,,0.6509676075517552,0.6493244480481569,,,0.651587297213243,0.651336359855453,,0.649700352667958,0.6518681990982192,0.6513748291244134,,0.6500025672156542,0.6508941070221272,,0.6500967816616731,,0.6503109471915239,,0.6506559082227317,0.6497019546993887,,0.6500290691259378,0.6512496745395736,0.6509068203065312,0.6522298569918,,0.6497539249824885,0.6504957225526745,,,0.6510347688963818,0.6497115629566539,,0.6518072362408079,0.6503504703618898,0.6505625753890586,,0.6480514371924074,,,0.6526140749357671,0.6494083276659663,0.6514213821587165,,0.6521080168059888,0.6502923067794691,0.6505049206005631,0.6500241245551874,0.6522312231684487,0.6494042316461082,,0.5987162377750683,0.596342488282888,0.5976278436417878,0.5879085325288362,0.8489666873097104,0.9440692221078808,,0.631758305742443,0.8408170491540176,0.841911065548354,,
7,5,DG_10pct,20,Z20_F03,20,SLG_A,175055,181986,True,4109.933877032412,4104.128886395828,4126.630047820864,4258.498511702659,4277.91899407691,176.75795469238437,202.84028979793976,1172.801223183059,1202.2539714403288,846.8512185412768,846.9833673181256,401.9021285202249,130.6606094712408,96.77390429262685,94.0668371269828,176.505002748732,203.63915925092516,25.776795332647783,5531.897630804778,359.41418894692146,,,0.751134418309241,0.7492775938260051,0.8524544000520664,,0.8389935108343033,,0.6159692577222363,,0.8220930582590871,0.5720764337814472,,,0.8349193702157619,0.8332684291019327,0.8343126792430144,,,0.9395343237833023,0.6153272490099471,0.6169077550181683,,0.6165335058988213,,0.6162660048817226,0.6112569805744659,0.6103344400568765,0.6098630640285843,0.6166954130523907,,,0.6170982947675541,,,0.5340634256943586,,,,0.5914293670380826,0.5896043660157357,0.5882919048429835,,0.5905042600479581,,0.5922836455180883,0.59067663027468,0.5904841792090183,,,0.5912549714383972,,0.5925303237308079,,0.5905169770053794,,0.5913780530020133,,0.49244139285034016,0.8439637602305101,,0.4801748083909822,,0.4802054688673618,,0.48137986894493656,0.4822966515682116,0.48119645436428404,0.4802591778443707,0.4809823729236722,0.4827350425347825,0.48128152382163003,0.48024276988956377,0.47993356948461363,0.48213628769207373,,0.4817992121846613,,0.48175445919462095,,0.4802319373602739,0.48105214882005215,,,,0.5524362419791944,0.5518291299022513,,,,,0.5297612336117608,,,0.5309632603238661,0.10105392611245649,0.10129670100940799,0.10130101776098395,,0.10143277071603944,,,,,,0.10077464853665224,,,0.10120970756870863,,0.10074267060056213,,,0.10097560344416033,,0.10090137245000454,0.10100876910922965,,0.10102905548966486,0.10095156908702593,,,0.10109748661161672,,0.10111978216018973,,0.10105077275156074,0.10130981985471765,0.10103308823844064,0.10104773121843194,,0.10114774072079767,,0.10084731969806353,,0.10110735214188801,,,0.9082215670429924,,0.9122966022311666,0.9133720074545832,,,0.9084459325617267,0.9108702532587797,0.908622787273557,0.9075195962454781,0.9152161863932826,0.9106454450740176,,0.9090817362534294,0.9102291154896625,0.9078056955614231,0.9122337662015263,0.9113359026032408,0.9117273638451167,0.9110751557847977,,0.9090743343563478,,0.9081796823464051,0.9108721172505266,0.9104081350215947,0.9103258532391113,0.9106280266973423,0.9097032015055686,0.9075409224881114,,0.9053640117477274,0.9069672167538609,,0.910119885195711,0.9095899043369685,,,,,0.911269597595529,0.90742848815505,,,,,0.9306609809566946,0.9316162773632443,,0.9335668843189572,,0.9332184336727223,0.935287303293723,,0.9312721077490774,0.9315892767422745,,,0.9302064054052241,0.9332286482476859,0.9344992668296492,0.9324449661004706,,,,,,0.9314523014293765,0.9318587083297003,0.9324104915983555,0.9311676540505145,0.9310933612036809,,0.9324066632128035,0.9290694444848087,0.932084607523229,,0.9298314853582195,0.929854512565283,0.9316084775205492,0.9302552770041745,0.930286421645469,,0.9322544274603923,0.9307702089801383,0.9305559675785068,,0.932411874326835,0.9284667431347167,0.9317243571741058,0.9306549075099685,0.928933274770873,,0.9308967346855812,0.9300702103366991,,,,0.531146555284397,0.5298470539609075,0.5272123265027046,0.15859760433386386,0.07001247071640482,0.5284985781110136,0.5276974689430826,0.52729520175399,0.5283440948786349,,0.5288074566857071,0.1962000231329407,,0.1959143417116808,,0.19605889075067295,0.1955406583504101,0.19541331520675984,0.19595411985267316,0.1956505474626872,0.19560887708585006,,0.1958806485907824,0.19588387803251306,0.19501834143766822,0.1962541180174639,0.19556053315951127,0.19527233796451085,0.19571689700079753,,,0.19612089585434822,,0.1955430669842469,0.19578258360541875,,0.19519490999145975,,,0.195327003929713,,0.19611857902616522,0.19547501870083536,0.19469543809347148,,,0.1955326302831146,0.19564527749716604,0.19547725339289343,,0.19542390746918437,0.1695416922492499,0.1698161280452268,0.16937932992720336,,0.1700285867031055,,0.1696568530354802,,0.16964570340668675,0.1698758835912815,,,,0.1695760208420149,0.17012898282143946,0.16978189596519927,0.16953306565999043,0.1693874176854776,0.1693400096319695,,0.1701490184755074,,,,,0.1695333108198055,0.16971439677916877,,0.16970725868060085,0.1695010945342692,0.16981860696935583,0.16988997552561405,0.9117702662338127,,,0.9095836918307884,0.9097382038244192,0.9106389264271216,,,,0.9080190929129547,0.9107267332032948,,0.9081993762114902,,0.9108220886463282,0.9077961251244223,,,,,,0.9117063707141035,,0.9095521271968681,0.9090162464511422,0.9084911665789925,0.9090852961717627,0.9105378215754858,0.9121440908252808,0.9086962648297275,0.9080361020992698,0.9108976344088713,0.9109571506808243,,0.909386984558691,,0.9097390829130514,,0.9108957832738106,0.9106300926955493,,,0.9095477051452839,0.9083073899647622,,0.9133615357121628,0.9102120982573941,,0.9087463055682682,,,0.9098935693768884,,0.9097614147709697,0.9082614257883347,,0.910626882331764,0.9089934247567061,,,,0.9123879065627128,0.9070078914637126,0.9084514348875771,,,,,,,,0.9116462426802807,0.9112402627966459,,0.9119638339987223,0.9113699417626963,,0.9129287799244594,,0.9124371919861644,0.9117387225959787,0.913091065614066,0.9101049071753288,0.9111891072346411,0.9127360685677823,0.9117795943810982,0.9289890993973478,0.9294144366456437,0.927899648913673,0.9282184261842062,,0.21193318771493821,0.2119306496836593,0.21208568955091198,,,0.5552217527243122,0.554993800965493,0.5564916953041518,0.5557328379595898,0.5567675684802377,8.080637746573368e-05,,0.9208766616994667,0.5254762939396668,,0.5264796946213086,0.5130963785706893,0.5136625071499072,0.5147942174982474,0.5001339154401204,0.5026035796509242,0.5016488996617199,0.12578556571485172,,,,0.9278148749620436,0.9036674833459275,0.1606141238884494,0.9320544920548611,,0.9323294644139369,,,,0.9341311879885913,,0.936416312746369,0.9054791256411777,0.9426932309750351,,0.5443689004936043,0.5449209262411195,0.5459311752915716,,,0.5444032554194,0.5459662099126439,0.5460253215682057,,0.5450362443241892,0.545280041577946,,,,0.5448587654455936,0.5446069280137661,0.5454561424532265,0.5467403470603814,0.9078386346125756,,0.908506528997814,0.9078511214086321,0.907867724166204,0.9039955379530055,0.20670830173331012,,0.20771720984215059,0.20731626237363518,0.9528808728600097,0.9526756203513375,,0.9539765607501856,,0.9092447729060705,,0.9089017310749347,,,0.556588884755535,0.5560469720418982,0.5565216867331296,,0.556698255737029,,,0.554074795488526,,0.5558362992814763,0.5555922961286642,0.5564222666580677,0.5534211445756302,0.5542758282699523,0.5554851582224141,0.5554299762618258,0.555878888056124,,0.5565924168281986,0.5575397504726306,0.5551994728245013,0.5550632927990745,0.554716767410168,0.5555017258879563,,0.5561395218178525,,,0.5552364941994584,,,,0.556470905346952,0.5558375211821298,,,0.5565514458477129,,0.5560457085280618,,0.5571547899515211,0.5559148923689828,,0.5564293418720608,,0.5575927269494705,0.5578446074540789,0.555743060235124,0.555792964947592,0.5556946699754919,,0.5557093117757893,0.556013043466266,0.5553939889115406,0.5555792632177267,0.5572184911609143,,0.556718691516489,0.9265542469420147,,0.9271089971694206,,0.9255909717352873,,,0.9261821374948168,0.9250362666051347,,,,0.2522387194301512,,0.2525810017544277,0.25216608808885455,0.2525472643612682,0.25182989223301916,0.25274515678641546,0.252938645597461,0.2527612927613325,0.25206904548751374,0.2526561880842856,0.25262322819570837,,0.2516538369462302,,0.25150012923044024,,,0.25217557559675213,0.9234996700913252,0.92756111464143,0.9268239216563559,0.9299330619820255,,0.922923516217746,0.9244637310925831,,0.904715590222111,,0.9072418870610666,,,0.9022614799114611,,0.9084617784247212,0.907114387366802,,,0.9071700595267708,,0.9069773589379361,0.25228601389722083,0.2522236706244786,0.2517339631210048,0.2521130316678268,,0.25219042952741383,0.2522498463499431,,,,0.25252646124235045,0.2522501861253108,0.2486348556626187,,0.2510104758650715,0.9072035404925884,0.906138907382692,0.90986173746857,,0.907467925592762,0.9069528627234613,,0.9260250376486023,,0.9264659036755204,,,0.9261606803085569,0.923400636077136,0.9254818000823899,0.9287420167403506,0.9243863548522145,0.9262764263048062,,0.9278099293314834,,,0.9270047059053665,0.9269045272027359,0.9262492501698487,,0.9257052556178471,,,,,0.9272488518537383,,0.9273204809377131,,0.9079697299804015,,,0.908465114903827,0.9074044211313302,0.9068841490899623,0.9078945719782993,,,0.9017696676038451,0.9059926652146024,,0.9061526064595505,0.9089426183367305,0.9090485334280729,,,0.9089059340104485,0.9066931595006731,0.9082104826890988,0.9091892214474591,,,0.9079376681374111,,,0.5329968014170317,0.5302139399865455,,0.5332686917328017,,0.8479299124655032,,,0.6019922622846107,,,0.6167721212151728,,0.6153093084541977,,0.6177423341670396,,0.6187386111411884,,,,,0.6156410876286091,0.6170517654051958,,0.6161807864536468,,0.6167368156602284,,0.6170668115354724,,0.6181157856893138,,0.6154570357896433,0.6166415367691632,,0.6179281329525448,0.6145469876004032,0.6162659150890436,,0.6170507499684471,0.6160430678538558,0.6186547187359954,0.6163065917279533,,,0.6164621652711688,,,0.6154719925298704,,,,,,0.6167161328647597,,0.6154021182315617,0.6179195160917983,,0.6156820178896278,0.6166817722172532,,,0.6171391926482529,0.6173092516327624,0.6158943929506198,0.6151775730762827,,0.6173119572153452,0.614836668514599,,,0.6157547996805103,,,0.6172525103305849,,0.6176920055867925,0.6180333966201392,0.6156225232387457,0.6165834879790528,0.6152556352386251,,,0.6148728071590697,0.6192901348065292,,0.6149281106805111,0.6157567507536494,0.6179337434511765,0.6149597201789379,,0.6167753918419676,,0.6166983643249448,0.6171281838533667,0.6165009320653387,,,,,,0.6163255965697673,0.6165273841571276,,0.6156305806082419,,0.6162539870685991,,0.6160295569110728,0.6166134173763571,,,0.6156635967672128,,0.6159610586378326,,,0.6151650285764583,,0.6158597564994804,,,0.6179378003931578,0.617337023762931,,0.6179198558442233,0.6168700247866242,,,0.6158992643113055,0.6164561468884262,,0.6172067763938204,0.6175471671426754,0.6163802325884263,,0.6176424309519941,0.6162703573539888,,0.6165604706126379,,0.6168480017028944,0.616743433935015,,0.6170655279618362,,,,0.6171116241688878,0.6157298805182698,0.6166834522611682,,,0.6161695832407492,,0.6162342053915209,0.6173977000519788,,0.614635367549842,0.6160335270635172,0.6170964768728323,0.6165305797721058,0.618155556176156,,0.6168472581135941,,0.6169771623811233,,0.6164517489426445,0.6161349572633014,,0.6170572496267483,0.6150339292223892,,0.6183774169964815,,,0.5608948573302653,,,0.5182367900320681,,,,0.5719719567749314,0.8354064288971713,0.8361695469078452,,0.937105481669035
7,5,DG_10pct,20,Z20_F04,20,SLG_A,175056,181988,True,3492.567054854029,3543.0688591876033,3557.0041837639087,3690.968570873474,3670.372923268977,154.3935330044996,176.3504907173251,1042.4544814341193,1064.1556136253203,756.8747877733189,754.2877886774855,360.5038363860616,116.4926222208141,88.24010521551031,85.95815425465055,154.538306039941,177.54377715781027,25.819979737590327,4761.793803292491,317.6321901865385,0.764955215150421,0.7645356643044521,0.7680302089506681,0.7752288398354291,,0.9552205395986714,0.8441381777578207,0.6455123139322064,,0.6459914501766398,0.8278005801483055,0.6264324519804618,0.6266957137625316,0.6281982840732124,0.8407560252843146,0.8401893020819957,,0.9494522547758156,0.9503896172956054,,0.6448816627300531,,0.646869653297713,0.6480174000123663,0.6473983925839732,,,0.641393491215166,,0.648152266905995,0.6468697647680259,0.6486324856869226,,0.647405342413094,,,0.6194369518610101,0.6183230346782452,,,,0.6199132047184875,,0.6204989608600538,0.6219931004798236,,0.6213348201782023,,0.6209207450750229,0.621070418325895,0.6195380175607617,0.6232256607395102,,,0.6225000282484444,0.6209891759166687,0.6212130038731762,0.5608805114558143,0.5618365818087278,0.848245132668672,,0.5513350302365727,,,0.5509843553621024,,,0.5510239696731962,,0.5504114970841442,0.5518468946158681,0.5511710027189892,0.5517283139892418,,0.5523727673341116,,0.5516505997447011,0.5532338177133472,0.5503743923450962,,0.5505144397881233,0.5525914682357317,,,,,0.5845510438245084,0.5836732279740855,,0.5297664604582148,0.5334063784325962,0.5320349254427991,0.5310686466972718,0.5303741051604783,0.5305767227191507,,,0.22988162951522925,,0.23047490518864974,,0.22998079984154107,0.2304556810255936,,,0.22983062033943685,0.23023805789460564,,,,,,,0.22999212078185294,0.22991272768895946,,,0.2301098345626008,,0.22998615724199065,,0.2303443706672538,,0.23039400994437192,,,0.22954104687315643,0.2296959729383214,0.22979625990165914,0.229738560047426,0.2305008490430154,0.2294571677491048,0.22941059009373274,,0.23012241954856988,0.23002465903037983,0.22983175294168537,0.2301641945116023,0.9218719260997695,0.9215410562178596,0.9256748996315965,0.9244926592508099,0.9243324521971543,,0.9254872839143082,,0.922534445200088,0.9248163553906044,,0.9265777920648014,0.9226549635481075,0.9225742316043333,0.9222145399464772,0.9223382184948337,,,0.9255845610131572,0.9217702492241483,,0.9246547172838635,,0.9228712909858491,0.9233151139453647,0.9255235115024003,0.9238694806760055,0.9208016327150135,0.922384125493951,0.9203331291896379,0.9203863963661455,,0.9228115730872107,,0.9238130414450347,,,,0.9257727922697044,0.9231158823600756,0.9238484404728057,0.9256166916546364,0.9211411848441435,,,,0.9275038024645368,0.9282602668490162,,0.9314231322425188,0.9265405109662679,0.9254313053489964,0.9266274864144456,,0.9274826536885027,,,,,0.9273226557209028,,0.9294968886996339,0.9278675399924826,0.9274448814704875,,0.9264512055154043,0.9263035422692399,0.9259333397086266,0.9295493966442037,0.9268510002544339,0.9286478242044339,0.9275872736340975,,0.9298693793002238,0.926599355378743,,,0.924637785685275,,0.9287336057937514,,,0.9292929124846457,,,,0.929970935330271,,,0.928061232229128,,0.9261412868596868,,0.9260659019225685,0.9276328631851205,0.9260999934389649,0.9261336388781883,,,,,0.2762905267249364,0.20379947498131715,0.5296571037230657,,,,,,0.3058891803699552,0.3061477415499695,0.30632648084521863,0.3057715115427027,0.306283907351528,,0.30620589064500675,0.30570765019103663,,0.3062191175361303,,0.3065053098935185,0.30490041228019243,,,0.30646639230429196,0.30641385485154443,0.3063742862101018,0.30709859586857846,0.3061232580730285,,,,0.30512827436134077,,,0.3060853820341961,0.30540109678574884,0.3056843863960501,0.30521478747468306,0.3071862986633871,0.30505716731046423,0.30614632023082505,0.3064304834554626,,0.3061340254670309,,,0.3057194407501828,0.305868836877347,0.28474978074038026,,0.2852568046821111,0.28496253336676813,,0.28408399799069683,0.2846947013072786,,,,0.2845324731783118,,,0.28563414711998947,0.2861892832536729,0.28542898131708283,0.2854480827921322,0.28518126819722767,0.28542003845811864,0.28513084626518026,0.28547729355569457,0.2853553395838844,0.2847247382475212,0.2846916066537881,0.28497823899995317,0.2848546556068988,,0.2847638111922268,0.28470595970570756,,,,,0.9248928958607616,0.926081867953235,,0.9258204300772118,0.9253747403866002,,0.9257717537615899,0.9244359629621881,,0.9258215883943411,,,0.9249664541888227,0.9241904335103889,,0.9224319012247403,0.9236298176768772,0.9233512130719008,0.9241320131395824,0.9235443055199924,,,0.9245078757341537,,,0.9220193873044642,,0.9271203889735993,,0.9246254874574876,0.9252484286734618,,0.9235689006725745,0.9246165378476192,,,,0.9237518805155379,0.9245764849851528,0.924910706338252,,0.9256303992242241,0.9265077328665157,0.9248249838564504,,,,0.9269439810083759,0.9254427676342452,0.9265094380303411,0.9229337159397254,0.9243017841758862,0.9250366535573696,0.9253774348177815,0.923499199048736,0.9246758179425569,0.9266065796493499,0.9242908903103809,,,0.922251955185303,0.9244570869727079,0.9283992366456063,0.9246618699269478,,0.9243446513927635,0.9259163015574438,0.9261680385332595,,0.9244021354767583,0.9244113302851721,,,,,0.9257178279898965,,0.9266389118018428,0.9246863927253985,0.9233954111539935,,,,0.9250883157114556,0.9262127729488489,,0.9240150009190294,,0.9281189911535188,,0.3192190161170906,0.3196496592446225,0.3189621757440678,0.3191139976409929,,,0.5650380560019133,0.5631707800399337,0.5636492442695187,0.564187469348747,0.14563459277507157,,0.9282596604088283,0.5302761213546789,0.5292538523703826,,0.5174062066026242,0.5172627083685278,,0.5053302567897301,0.5052527347857292,0.5039881175241046,,0.9099571204671891,0.9251130428941474,0.2693850183398554,,0.9269246251169259,0.27780371389575753,0.9215214682455495,,,0.9259876762810074,0.9258429893170806,,0.925819626408752,0.2849180751830439,0.9299447374227403,,0.9323852628034915,0.926227735886821,,,,0.5447286407052098,0.5465193698280765,,,0.5467138964579377,0.5426430396538995,0.5464894918567693,0.5465136769463789,0.5456912198526083,,0.5444903760634582,0.544842381414139,0.5445720647544594,0.5459880215763985,0.546339491139852,0.9372967601697814,,0.9372702646908487,,0.9352827315253621,0.9339843551159048,,0.31789541191869475,0.3179050083976801,0.31766911711560264,0.9405538787763942,0.9399602223731929,,0.9381602865794008,,0.9388567022919796,,0.9390782909357389,0.5577642215277562,,,,0.5552745170164022,0.5558179840603826,0.5559248151081945,0.5553281697143474,,0.5557068500132827,,0.5561927935305837,0.556974175983963,,,,,0.5552351042121991,,,0.5544548908584412,0.5550946665877349,0.5552447617995389,0.5563479698691188,0.5548488759911762,0.5561917904164294,0.5558231121173289,,,,,0.5547816889778688,,,0.5565631439850387,0.5574669088511851,0.5556163453513967,,0.5578724029255111,0.5574467612357351,0.5555950014995541,,0.5567642930730611,0.556130694641071,,,0.5559157845609961,0.5576191296990206,0.5563696679873932,,0.5555066935123317,0.5587772633984827,0.5544390273861306,,,,,,0.55773526300208,0.5570429011883867,,0.9207764873864234,,0.9220094110146371,0.9225749777322597,0.9217507802897951,0.9201283449733864,,0.9221184897223604,0.920378534859296,0.9218190916752486,0.9226871092544326,0.351942117088961,,,0.35195167013654455,,0.3523599359732528,,,,0.3501209403800984,0.3519781470139634,,,0.3522395511358783,0.35066866526329576,0.35061440471834976,0.35221973934798534,0.3520954340918177,0.3512861545006851,,,0.9204478141158949,,0.9221123298732248,,0.9239508103746585,0.924747231127241,,0.9212698876993252,0.9203593244153148,0.9238247610125634,,,0.9214100337876896,,,0.9242041418138885,,,,,0.3503049801147907,0.351193576337739,,0.35072879735789797,0.35185169629261115,0.3516231513694257,0.35224536152535757,0.3520236139852781,0.35186973026283036,,,0.3525660398303226,0.34783083656425207,0.3509781827494053,,,0.9213011390690395,0.925032516147024,0.9247215289483395,,0.9262441505179323,0.9211813642104358,0.9217525561018614,0.9202639442067744,,,0.9217754663968556,0.9198549681963679,,0.9207037440794509,0.9224968146710711,,,,0.9227133088649834,,0.9197258331073928,,,0.9230223603295518,0.9218906370688017,0.9223366593298157,,0.922133396885775,,,,0.924822245632408,0.9195638217964063,,,0.9249217420508599,,0.9245015754409488,0.9247414209286687,0.9213097337896374,0.9244498789777955,,0.9281363885719024,,,0.9275951889134934,,0.9228494528501763,,0.9216473003177711,0.9212956859419066,0.9255431436676432,0.9220560909700584,0.9253326908056866,0.9244352223319456,,0.9251664423602762,0.9255062796102733,,,0.531380603976249,,,,0.5319191403401636,0.8473809121927931,,0.6315453996683605,0.6313127683025894,,,,0.6480666059209605,0.6469876634495139,,0.6483202579656862,,,,,,,,0.6463603020274947,0.6458733855008436,,0.6467534984811383,0.6474914509346457,0.6475228913781399,,0.6485147226297648,0.6452978387030277,0.6454210190349206,,,0.6461709474678928,0.6460717758494889,,,,0.6462599415560057,0.6463339321005498,0.6464671107489239,0.6477762254764968,0.647551403830616,,0.6456978025089729,,,0.646324655060963,0.6459349415718068,0.6468774284181872,0.6476831085552839,0.6449142675736257,,0.6457782290965183,,0.6485763161715877,0.6477559555384571,,,0.6477519249430967,0.6485484897630517,0.6448910188670809,,0.6447406627502692,0.6467934736116064,,0.6459453909060408,0.6465933186061038,0.6477432276611598,,0.6466977493148305,,0.6467823383040509,0.6490327919970712,0.6467923696322888,,0.6457853527045493,0.6474304876176797,,0.6464888892283832,0.64686604881752,,,0.6464793584836098,,0.6462523986109021,0.6496192048741274,,0.6474637684921419,0.6455997485256921,0.647292002643141,0.6481578522787906,0.6485580096179298,0.6471012965885266,,0.6471996843483243,,0.6474637053789615,,,0.6480956224729486,0.6459311545888089,0.6480995645058242,0.6464243285901708,0.6471589028278258,0.6471135048193073,0.6468477160841899,,0.6473732714030318,0.6464734506247053,0.6460039246292233,,0.6481508942228507,0.6470707567625558,0.6457473578777204,,0.6471658658584442,0.6466976038741911,0.6478003987620743,,,,0.6483156701496151,,,0.6473612687897096,0.6472708722270345,0.6468401712802094,0.6482371329727701,0.6479790698608633,0.6464621789265856,0.6471759480685467,,0.6480741381006881,,0.646944874605878,0.6470612074048372,0.6479056271333171,0.6454728918137198,0.6484449933007919,,,,0.6481733830613678,,0.6472132933244039,,0.6480284699182352,0.645936556622857,0.6469183433736445,0.6470867571224457,,0.647785495262144,,0.6469220801152101,0.6476295764998763,0.6455378556747293,0.6470583536338027,0.6465561811581872,,,0.6475668839494536,,0.6471468176939398,0.6464537226595629,,,0.6452206960909563,0.6463375830103046,0.6460997132158478,,,,,0.6464112907928785,0.6468833071567338,0.6474508517057272,,,0.590711976407816,0.5816747682240874,0.8475722674958661,0.9420558981802305,0.6272989084036532,,,0.8395361089998022,0.9497619716146992,0.9483268292476033
7,5,DG_10pct,20,Z20_F05,20,LL_AB,175059,181992,True,4169.030018075423,4168.752432394061,4192.53841049083,4191.6681686094835,4204.088205608432,120.8277148154919,141.3382504003639,706.2301320397991,707.3088852386488,494.4954245658038,493.2514816107848,234.1008094187804,74.58416184444214,79.19631876644438,77.20748182995604,120.77175922772157,147.05546338214506,20.605428516297764,4670.083660555594,222.0670000266757,0.7265333316755981,0.726650641881603,,,,0.8511964949319083,,0.5734491542946242,,,,0.6571323803210258,0.6579468501767631,,,0.5601636832438684,0.5596807551957343,0.809395032821226,0.8094776493526142,,0.5760378992364764,0.5772922304934269,,,,0.5775376387466311,0.570840462364083,0.5716142348431049,0.5712368298885181,,,0.576513824586027,0.5754121760604909,,0.5760592411346029,0.6195254651290705,0.5231594505757144,0.5240666863704797,,0.5147819349002838,0.516360539997743,0.5163513494552999,0.5165246849266638,0.5163676942596245,0.5149442789634278,0.516128589504248,,0.51671024210244,0.5157320168412063,,,0.5170157959972,0.5160915880355805,0.5164050366156521,,,,0.5848205745001621,0.5881689192070677,0.4972647583967556,,,,0.5802592414990374,0.5799632923027728,,,0.5813365282051126,0.5826034766804483,0.5821795560573061,,0.581949083304083,0.5828052753247626,0.580857473159231,,,0.5819958672150146,0.5820183698081549,,,0.5800477157628371,0.5808556610397505,,0.5815294955843429,,0.4720009830363774,,0.4718408869881646,,0.1753481474988574,,,0.17549185616617521,,,0.2549445205766631,0.2545555121927696,,0.25541491419003165,0.2553277558750698,,0.2555282816482022,,0.2548217972971399,,0.2554098642785653,0.2548035995130947,0.25524860364498236,0.254788657570283,,,0.25469606166439485,0.2558651302936899,0.2546608565928112,0.2552667710934557,,0.254828441923451,,,,,,,0.2552509362885079,,0.25547386160745555,0.25438287035499446,0.25498532020912806,0.25594955464527336,,0.2553311649265347,0.2552064990276854,0.25523841581183526,0.2546447029153506,0.254665691531641,0.25479331256182003,0.25489365266707914,0.25487118599400976,,0.7836540346656649,0.7848326588821477,0.7868810599364848,,0.7845920376082379,0.7875670408732086,0.7838946797002265,0.78779173929641,0.7866836296908968,0.7846746661765515,,,0.7871444810081991,0.7835485861762619,,,0.7850866091698849,0.787157824038849,0.7840109259448648,0.785037899709342,,0.7848650169017941,0.7855630673961174,0.7829600287015063,0.7857339715608954,0.7857697106525412,0.7840714624405273,0.7825742733858236,0.7832874657631318,,0.7852661711691705,0.7857296009167517,0.7860210723647809,,0.7836197506213288,0.7824967461528248,0.7851162117472756,0.7858894929277904,,0.7842970540612213,,0.7834987906435281,0.785384407842111,,,0.18983488502514648,,,,,0.18906629874152722,0.18995574570634846,,0.19002717878055403,,,0.18967904057107116,0.18917989009679456,0.19033896598226946,0.189650701599153,0.18999630562653458,0.1902780854518372,0.18975769786174623,,0.19008491097957952,0.1899190583842759,,,0.1895571487017734,0.18885598062156642,0.18923515908271163,0.18920656545625145,,0.18950189025635436,,,,0.18971197327544537,0.18983962579741653,0.18986413931464494,0.18965751181219756,,0.18957140189863972,,,0.19014080449510395,0.18911330400705814,,0.18996614608487286,,0.18968422755841266,0.18956848895407163,,,0.18890152940038468,,,0.20507763547988622,0.20468840860448811,0.2040214918430282,,0.2292698111634017,0.1661782458758979,,0.1660707048179991,,,,0.31686913999492794,0.3182172607985286,0.317692539495561,,0.3169538290399736,,0.3172869582996374,0.3170252590076773,0.3173509815875047,,,0.31756496404051604,,0.31677228319715267,,0.3176727133298473,0.31830014679967894,0.31784054841311427,0.3177486468061657,0.3180814396851554,0.3175216673105467,,,0.3172270186930472,0.3162751907059242,0.3170263659893419,0.31701584138324024,,0.3171061861997523,0.31734317476434465,,0.3165368958578136,,,,0.316810387268283,0.31758375705274067,,,0.3169564057925497,0.30028785219842763,0.29984809525078143,0.3000587204104571,,0.29870821815133924,0.30043132217196417,0.3009337205618965,,0.29984548240790776,0.30046326526523515,,,0.29989453254203974,0.3001328452454294,0.30018902190288216,0.3003078133641336,0.2992077830332013,0.29985774659175435,0.2993928765766301,,,0.3000633362326146,0.299502316434856,,0.2999689332880392,,0.3002025382833468,,,0.2990223308528403,0.2998570171688245,,,0.7859451049541761,,,0.7868283466496954,0.7875185409398516,,,,,,0.7891298651875154,0.7862115048638224,0.786809548502393,,0.7883968803805,0.788090271345756,0.7887129904441667,,0.7868755752282252,,,0.7863130367156511,0.7874357967145665,0.7879479909194748,0.786746907251935,,0.7861455665684742,,0.7860019836913849,0.786175567761957,,0.7843126480669814,,0.7859827681084735,0.7848368254863392,0.7859174739335704,0.7875031945835442,0.7869074499414698,,0.7853631772536122,,0.7888076202242408,0.7868477262968855,,0.7846006676235718,0.7867020547801401,0.7856366205349535,,,,0.7857528861408293,,0.7867332512454329,0.7872259018966697,0.7863769742770851,0.7873815682262779,0.7876385990972792,,,0.7872958848777213,0.7878303308001496,,0.7867328445873514,,,0.7886995302024945,0.7882773264776648,0.7864989549111818,,,0.7870629192154894,,0.7860754756730842,,0.787391632216282,0.7901850569361524,0.7892474439099986,0.7883029952184746,,0.7863060647470319,,0.7891109423900746,0.7868741354888433,,0.7903793580140824,0.28067850625940144,0.2793355632921246,0.27940965320555283,0.280420311864288,0.3286657582206569,0.328839169201593,,,0.3274758725620565,,0.24421629358114832,,0.2449385829625261,,0.24410067507160438,0.1673245292901656,,0.8135829071099289,0.004658070032740719,0.004665550516507877,0.004657292518042598,6.029785066831463e-05,,,5.8634811355934235e-05,5.862905580844378e-05,,,0.18565351684472006,0.7428944080056911,,,0.7331335553367357,,,0.7301449753171324,0.21667492110021955,0.21703943245179794,0.2169700580223791,,,0.33177148776218596,0.21713940324141648,0.7267642405866187,,,0.1711480246040996,0.17120395158296867,0.17086700921647152,0.17176743060511063,,0.1712987588286641,,0.17081141260420232,,0.17070366879084597,0.17110622399245023,0.17097383046317713,0.1708651667506084,,0.17058841380517253,0.17116167087282932,0.17088485140845208,0.17126972360970766,0.7121645926560479,,,,,,0.37132725713017545,,0.37062835543481704,,,0.24644422130816418,0.24607338184473765,,,0.709429901541871,0.7075381451975663,0.71129609336399,,0.17491186975703785,0.17449259944422169,0.17454143785243048,,0.17406087604193476,0.17359807560010843,,0.17473048438022273,0.17459267236919682,0.17449218542367648,0.17410219968545002,,0.17433732298579793,0.1743964181836751,0.17495767129754494,,0.17477571082895407,0.17440802540728656,0.1744782828986287,,,0.17458826303553815,0.17417956802201545,0.17467099492944013,0.17408803377722348,0.17413943667991427,0.1739444463369677,,0.17413465621170104,0.1747560324336911,0.1742745493981715,,0.1746005781501057,,0.17528959489650112,,0.17406059412525327,0.17413644341553072,0.1741930979054405,,0.17453563396446806,,,0.17454390782374046,0.1745972538968306,,0.17369264342854226,0.17429883029570958,0.1742650840220182,,0.1743383829169797,0.17487427882070172,0.1744946464748754,,0.17423716539013523,,,0.17407118205701622,,0.31076471981902204,0.31119409472826215,0.31109556182054976,0.3112499989114381,0.31094240219793573,,0.3116536918488218,,,,0.3115378047825208,0.31077004455028095,0.3558642613962509,,,0.356413977316378,0.35569875905756554,,,0.3557118023277473,0.3566114050884106,,0.35664220338661295,0.35510027371886604,,0.3558649527204851,0.3558666525720901,0.35521692480975764,,,,0.3118753052610376,,,,0.3129730706792143,,0.3114714810366076,,,0.7848967693494848,0.7850024750692194,,0.7831085520684162,,0.7825555451315761,0.7847249342854704,0.7834389181544638,,,,,,,,0.3555577882634575,,,0.35570276815553087,0.35625488382155,0.35684894194510863,0.3567661230795395,,0.3561275519827866,0.3564482001612227,0.3518165600753247,0.354472492150421,0.3543917821536862,0.7864815568175726,0.7845002413542038,,0.7858279824045776,0.7878804346666944,0.7852991808313198,0.784290847696596,,0.31208516974330913,0.31125258770190634,,0.3120394987073069,0.3113151576420731,0.31114169483886733,,0.3113213609112427,0.3117517241821023,,0.31127372826570654,0.31160199267060057,0.31098950478671095,0.31181169211644016,0.3126706625768644,0.3117382369755967,,0.3117615085376963,0.3120019189156269,,,0.3114612261089989,0.31142066424504555,,,0.31229043478115764,,0.7868502908265949,0.785477063729069,0.7853460116032066,0.7876494657323379,0.7848476911471687,0.7865093755201216,0.7836215563846227,,,,,,0.7856290992079955,0.783791009145539,0.7845832986431014,0.7864616920578826,0.7848196115087549,,,0.7862697073359561,,,,,0.7849048162680523,,0.16717485613349672,,,,0.16704977924749917,0.5175269253223664,0.5812482323813094,0.5290209987532466,0.5299216020326207,0.5305462436569115,0.35281891496868106,0.5763638413434276,0.574278801852844,0.575693311483758,,,,,0.5749370974027492,0.5771878664717178,,0.576086790941901,,0.5768688425060282,0.5762866074658676,,,0.5757425414394169,0.5756537368449807,,,0.5760560368777009,0.5760003139485891,0.5753813556339514,,0.5768528651572795,0.57650956306229,0.5767810744806304,0.5765319967697177,,,0.5756496751903176,0.5750512073292219,,0.5756266043941377,0.5747226427026466,0.5767726142572315,,0.5728619936562009,,0.5750955078101823,0.5765853919325564,0.5767552734408028,,0.5763815268672717,0.575010783217568,,,0.575270196013014,0.5742190108679526,,,0.5739949140628413,0.5773279751429888,0.5749484601756301,,,,,0.5747363410254065,0.5759788237124835,,0.5747511629193409,0.5779717621961845,0.5747086689040661,,0.5757300234112223,0.5749166405504853,0.5755187429780325,0.574865553292695,,0.5741083970041013,,0.5760549277288911,,,0.5772266185260525,0.5747057588223363,0.5761161157273237,,0.5757882518209991,0.5748464752518417,0.5761622700199017,,0.5746924511996029,,0.57633413476322,0.5757726863714551,,0.5747055157142046,,0.5761959888765534,0.5747890709786689,,,0.5753382468404529,0.574692320728798,,0.5762123399522484,0.5751974564316478,0.576396706581501,0.5749068246125705,0.5751279257320311,,,0.5759534807468544,0.5755193658435965,0.5762966996018566,,,0.5768393107407581,0.5749007375158497,0.5752012975787846,,0.5747307844536037,0.5757684143218519,0.5765533097287345,,0.5753940936343503,0.5749628472369327,0.5767862730802118,0.5762432105869193,0.5747546975444732,0.5751921597983752,0.5766411539936266,,,0.5747881101538236,0.5755538608643961,,,,,,0.576498551031452,0.5753278852478554,0.5774974554479485,0.5750977423313292,,0.5759731379252939,0.5759431281439611,,0.5745193134425329,0.5749391409607288,,,,,,,,,,0.5759734604957888,,0.5760380630751107,,,,,,0.576618558671058,,0.5747522685533525,0.5755928645712095,,0.5748288739685866,,0.5749572066725469,0.48784302403594393,0.48779414728179876,,,,0.8011939281494206,0.6567840803757993,,,0.5586121361727872,,
7,5,DG_10pct,20,Z20_F06,20,LL_AB,175052,181987,True,4228.527843567365,4217.081640049277,4253.510855509456,4284.187810624467,4270.294897293064,122.89017714135608,143.5413304852571,716.1876673514905,716.7647986886927,498.9882831589365,499.36481178796765,236.08238903721787,75.29280253956378,79.80453234020548,78.15667815720516,122.46930797096837,149.64508024377028,20.381840595684917,4709.163656491146,224.41506597111282,0.7251255178989833,0.7246355561735004,,0.7871013794824253,0.7163313314588161,0.8521396665654323,0.6442654735953643,0.5705003837900905,,0.5717321914960471,0.5508978687022922,0.6505027566642737,0.6517545141920388,0.6510398297580297,,,0.5571425078586258,0.8047194524790443,,0.8077241459315133,,0.5711307606660089,0.5704346601312967,0.5704788340061845,,0.5707741657396459,0.56706960767156,0.5675023469691589,0.5666122997003938,0.5738878972258057,,,,0.5729518649615658,,0.6137098866270275,,,,0.5108388024310027,0.5111411290584762,0.510167037034997,,,,,0.5133880292477199,0.5092497256400477,,0.5105065452698025,0.5120376480365529,,,,0.5120831018704843,0.512448645190882,,0.5789951227108495,,0.49436785263663385,,0.5712502753399247,0.5745201339180412,0.5735306161066847,0.5727069317842932,,,,0.5739476116140998,0.5752928777805395,0.5751323740853564,0.5747235774773896,,,,,,0.5742414132740403,0.5760146545462466,0.5732773737458584,0.5734469164014466,,0.5756064496069175,,0.5740374562160353,0.4677127127896407,0.465840783491898,0.46519052425076374,0.1789637430393217,,0.16723960395467244,0.16691287681316314,0.16709490900313245,0.16740827577531112,0.16723520653233798,0.2417182365590686,0.24240995548678285,,0.24214011503567415,0.2424141483045835,0.24257773624166704,0.242400596213355,0.24187104788633673,,0.2416394897461242,0.24260103872174302,0.2423168627414414,0.24226679865038794,0.24223048763512978,0.24228386705723537,0.2421268372080385,,,0.24276673593503917,,,0.2419007748055222,,,,,,0.2420774588590462,,0.24236636346081306,0.24199259514785926,0.24237520643656674,0.24177759569438456,,0.24194040095199423,0.24152350728327218,0.24204531461897486,,0.24207848791154565,0.24201676215735585,0.2419215417057827,0.24200504824917216,0.2430300762491891,0.7821651168905004,,0.7830084018031688,0.7782720132558706,0.780184313490955,,0.7809882971370502,0.7788459441060352,,0.7798096203273771,0.779171128870253,0.7788863510235091,0.7794759501639763,,0.7803610714047926,0.7813237496634441,,,0.7825408327535304,,0.7810654157827659,0.7777406375796252,0.7806491837473344,0.7793511509904331,0.7798813130178605,0.7791818325451701,0.7805145816400455,0.781564786738666,0.7792852747211505,0.7799618727707341,0.7781832433122668,0.7781819655532535,,0.7797736073402786,0.7787119474822286,0.7820452536694399,,0.7782501841188729,,,0.7810192447217729,,,0.7769771171045802,,0.1793341815172352,0.17942351069011211,,,,0.17899402193102001,,,,0.1794748712178203,,,,0.17970922360905844,,,,,0.18004999960560888,0.17945817231059483,0.17933083709483397,0.1799358917837363,0.17932502586402752,0.17936552655859167,0.17963687463479774,,,0.17903034324167721,,0.17909578602431045,,0.1789638208868649,0.17963909421759996,0.17949537591144696,0.1800498046027678,,0.17946060831038382,,0.18026119784432015,0.18001955228292782,0.17991040601680083,,0.17910382180512124,0.1791326371171917,,,,0.17950718697715204,0.17861217846752167,0.1793943024254047,0.17972613732700327,0.1800167727092833,,0.19602019165733087,,0.1964719055713325,0.2796978938076004,,0.1577384759363777,,0.15769885625758498,0.15793523007359037,0.15782078751952833,,,0.3057770021313461,,0.3057197175886989,0.3058463162582152,0.30587788067668154,,,0.3057938157267714,0.3056290852288294,,,,0.30525659310014225,0.30661991323176013,0.3061390765208208,0.30580394084498635,,0.3062376266266168,,,0.30570794166557197,0.30512121046757373,0.3060815843653046,0.30566472272947603,0.30626571104927697,,0.3057175267828229,,,,0.305817344223908,,0.30624712297313395,0.3060281368720963,0.3054739474070291,0.3056350326966557,0.30535841112388085,,,0.2884820904557802,0.28845071734882904,,0.28795305241774616,,0.28699851731871356,,0.2874360419405795,0.2885427846417745,0.2879120940354118,0.28765348425330756,0.2869876220073084,,0.2882181936910137,,0.2881894843255852,0.28727754210041856,0.2874070070445024,0.28782378932970093,,0.28822998884425494,0.2874292106443237,0.2875259880334419,,0.2873579989879897,,,,,0.28763714517589883,0.2878821223382152,0.28803088968661916,0.7817849406063128,,0.7803882676399899,0.7833695613303135,0.7801870810510342,,,,,,,0.7822729842180818,0.7810646501331335,0.7840259061135058,0.7839760756706469,0.7826850569253114,,0.7826487218346375,,,,,,0.7835834606945559,0.7826333988216942,,,,0.7818618061685652,0.7805033814893642,0.7827049011108417,0.7793012086515172,0.7814708492702469,0.781544388231907,,,0.7814821033617458,,0.782386185647702,0.7814788366791399,0.7831880963911881,0.7793974511113994,0.7821688997297319,0.7827344575629409,0.7811205562670255,,0.782178573856126,0.7839433369614992,,0.7810811514753828,0.7808934221031953,0.7822460145726678,,0.7805087955454805,,0.7824880551718844,0.7813916425809632,,0.7839949872834828,0.7805755799874406,0.7840017453616119,0.7818555346962123,,,0.7819502338920187,0.7834186301051709,0.783910085179011,,0.7848394626521411,0.7825236056260862,0.7823313212963491,0.7835890318306834,0.7827624414132481,0.7842215183223432,0.7812218217260168,,,0.7850764066709234,0.7856850511340709,0.7801181504575865,0.7841016449906664,,0.7824404168767531,,0.7856479104634689,,0.27144793592186256,,,,,0.31666412663472016,,0.3184236785179106,,0.23659579619442014,,0.236258727154387,,0.2363540887140262,0.23610778162961704,0.1521965674867273,0.11337499439616067,0.8070314536156771,6.227324131614847e-05,6.215784515137089e-05,6.218124798825387e-05,,6.0845823512371506e-05,6.0749689758351744e-05,5.92722819518633e-05,5.931416665666457e-05,5.90443091918133e-05,,0.17518116171130024,,,0.19405888889753395,0.7276841010211741,,,,,0.20817267945798085,0.2079852045981671,,,0.32134731089911994,0.2081950660163715,0.7185503481317144,,,0.16286096139864195,0.16284486571324533,,,0.1620985015912829,,,,,0.16263891626806512,0.1624645932169892,,,0.16242623100232634,0.16211014465687185,,0.16290721136207653,0.16242695930124884,0.7044010278522227,0.7032766141803476,,0.7030134825938271,0.7031851168287949,0.7088260871816797,0.36002863934740237,0.36009895441347056,0.35941676747060336,,,0.236622408196809,0.23744630130971256,0.23767452983858603,0.7001440945101192,,,0.7017452773468787,0.16572821170900273,0.1652263640437925,0.1654942634394718,0.16548818042164146,0.16524211271514389,0.1655414530347099,0.16590157677750633,,0.16560648164922542,0.16563739449949244,,0.1655584047456798,,0.16518620988900723,,0.16567104407753308,0.16587855600066706,,,0.165901977163168,0.16541518362974372,0.16548858842394887,,,,,0.16564519803214675,,0.1652225578133455,,,0.16569651205303193,,0.16529036855304693,,,,,,,,0.1649684968718246,,0.1654240400710978,0.165896422712861,0.16542478921356316,0.16576977341549137,0.16619528015414742,0.16545061436511133,0.1657685890206282,,0.16575364976576473,0.16606952927370708,0.16511761716566273,,,,0.1654077093620017,0.1657868896910909,,0.3023398857686473,,0.30272365601943685,0.304474747717636,0.30211651011984675,0.3038881890417916,0.30368298938931315,0.3033375243258406,0.3033426546398736,0.3031192525728127,0.30306762809512316,,0.34549947939813413,,,,0.3460032953093657,0.34561624036431915,0.3451731211142987,0.3459857441729768,,0.3442837061376902,0.3443231977678655,0.345458697684747,,0.34596583312564244,,,,0.3446252015718055,,0.30325837626750285,0.303316837783389,,0.30341599645259176,,,0.3033567868951591,0.3033807556524401,0.7808850107061217,0.7780797145542945,0.7796837989594406,0.7786825389551968,0.7813677638601335,0.7762594616212315,0.7779115736891892,,0.7783660462235091,0.7785603827439007,,0.77857838017113,,,,0.34417755374745634,0.3453097393949306,0.3446175519598317,0.34507476686525235,,,0.3460070388931194,,,0.34601371856639657,,0.3405863132636706,0.34386290468128083,0.34392555297570937,,0.7782107012494602,0.7806720301570466,0.7780416076266204,0.7775314455431398,0.779629542890103,0.7783639410667527,0.3024224480760278,0.30258929110864813,0.3030240678832908,0.3030157374961394,,0.30362890397907805,0.30346038055679475,0.30254007951700496,0.3038091281880618,,0.30311290016292197,,,0.3022797674036848,0.3028546218153427,0.30301289985942653,0.303471963297772,0.3018732445074853,0.3039712236541753,0.3027803667638005,0.3024621565589442,,0.3035990215892152,0.30216821885884215,0.3032315021808909,0.30256595678605297,0.30315583170465543,,,0.7800625779166392,0.7810651541573997,0.781996832598161,0.780170915646973,0.7830715879036632,0.7802400072662081,0.7799766247856288,0.7821536915213272,0.7781413279414958,,0.7800173957264285,0.7802250018994682,,,0.7819711073588175,,0.7807894899595543,0.7795246491613124,,0.7819516007385486,0.7811072006111959,0.7802115162881784,0.7811055244119874,0.7809980266232898,0.15862527543934257,0.1584965815545931,0.15868515061178368,0.15807798043476945,0.15862520870481797,,,0.5758216529458859,,,,0.34302908792140774,,0.5711394852524949,,0.5713058816333764,0.5716334630496333,,0.5702733248201711,,0.570296096665813,0.5718263071005624,,0.5725075237066859,0.5715935024556522,0.5711100051859423,0.5736571373904079,0.5699642571901858,0.5713276856749072,,0.5716384356831079,,,0.5717465758162059,,0.5717409195571833,0.57262009352503,,,0.5719569628162291,0.5719234602786561,,,,0.5717283111288692,0.5706407743739081,0.5715730833291262,0.5712896363247647,0.569916109990844,,,0.5714563810735612,0.5730482488435619,,0.5711929062622574,0.5704273727613995,0.5705232413688959,0.571971566752091,,0.5717501916368223,,,0.5718271440432421,0.5707935926701694,0.5733893128059908,0.570189560756896,0.570676669413185,,,0.5710890908078987,0.5709525608201124,0.5719351650331986,0.5720310980749602,,,0.571386370256026,0.5712697496711274,0.5718563599982243,0.5715868043559323,0.5708983968604149,0.5713285451288127,,,0.5704097996365002,,0.5722515762622791,0.5699972722144823,0.5718567742810359,0.571481562696044,,,0.5705219687999825,,0.5729675946806497,,,,0.5713126889235851,0.5719143346699375,,0.5716738148583571,,,,,0.5731432441274693,,,0.5724792162654175,,0.5711861918289407,,,0.5715184889261145,0.5738038697864205,,,,0.5710411046756397,,0.5698072420514588,,,0.5720340198380773,0.5718918039217014,0.5729797274597466,0.572896495008438,0.5728203289211604,0.57196467098154,0.5713069004824473,0.570007522201151,0.5716935824517032,0.5715598421677789,,0.5697132731798813,,0.5704431666772471,0.5716645170899368,0.5707120478866861,0.570685785941011,,0.5720982121057687,,,0.5688969813429893,,0.5705374081433954,0.5693388376960395,,,,0.5719303412566135,0.5711457523696905,0.571770221348126,0.5723071128659671,0.5712383118928419,,0.5712237283344895,0.571922344449855,,,,0.568627772122149,0.5710360801272977,0.5692184429918047,0.5717243326206423,,,0.572469100156506,0.5712388839676533,0.5721642720893796,0.5722122198138037,0.5701509663061625,0.5700341389650931,,0.5721461297272138,,,0.5713710258746549,0.5707678334117265,0.4843415578990542,,,0.6028287383851427,0.5132199620848801,0.7967316832743334,,0.6515639108977344,,,0.8049003598444495,0.804578815480529
7,5,DG_10pct,20,Z20_F07,20,LL_AB,175056,181988,True,4221.55522655372,4201.234459156389,4209.431337573251,4274.586382014601,4285.066157901173,121.88946058483182,142.1107012039885,714.1299541177192,714.055715972173,500.36371492154615,499.0200753114881,235.5168728887507,75.42832245380231,79.57070781596667,78.16902931026135,122.68905128652231,149.29198942721894,20.265916301370094,4700.755052572858,224.23294649640314,0.7263014902629691,0.7285665444400287,0.7260168198926026,0.790958579698985,,0.8503424230505143,,0.5710318819287278,,,0.5504443270805571,,,,0.5570434792818126,0.5570301798965259,,0.8087495207095248,0.8083817645052562,0.8047471460448642,0.5719817765723332,,0.5715860649288513,0.5708799736687338,,0.5726487205160078,0.5687672741415046,0.5689714270021597,0.5702585808838954,0.574016711957254,0.5735553444614105,,,,,,,,,0.5111714887807637,0.5133360681713405,0.5120889500927437,,0.5124684524407354,0.5121517758647828,,0.5111064560093332,,0.5129119573229722,0.5131715973551875,,,0.513539458806798,0.5124174142331493,0.5123656375597445,,,,,0.4938414588166042,,0.5750408922316065,0.5731502063716063,0.5735882545087205,0.575247059291701,,,0.5730815414968489,0.5745548934068676,0.5736282787444648,,,,0.5754957319828119,,0.5742591063029633,0.5758177025759371,,0.5755029855878896,0.5758723931805889,0.5765842576978487,0.5747256536635528,0.5767057235336579,0.5746871758493103,0.5754242248373473,0.4671485971752838,0.46824256380713847,0.4658463868836239,0.1805267725802383,,0.16869658301130663,0.16832337528318234,0.16865133606939742,0.1681894287952961,0.16839247599587243,0.24425100944434086,0.24503742200993062,0.24481748306496282,,0.24455271569541093,0.2441147661534079,0.24419406318008488,0.24481788774518004,0.24469012192052256,0.2447333003405419,,0.24487655613434936,0.24395917563674355,0.2441443296597907,0.2448456933274268,,0.24438078591541573,0.24544584527114813,0.24460728221953976,0.24435816987833142,,,,0.24355968723559268,0.24372397734901358,0.2439178762980832,0.2449423092520183,0.24403871369533697,,0.24456831010242258,0.24367488608991097,0.2446200234715472,0.24446168340992785,0.2445275229344556,,0.24392907876992442,,0.24420135986980154,0.24369774723419355,,,0.24437725975730268,,0.7801345479937151,,0.7798310320185257,0.7816390451812311,,0.7784174027758345,,,,0.7813900886930489,0.7805021712374638,0.7805668332006227,,,,0.7812821192545354,0.7819215886974897,0.7804924242727715,0.7821633852513629,0.7807468732090365,,0.7807271649426535,0.7815653713960566,0.7783954515736512,0.7809177789857213,0.7784088406674284,0.7779269797846714,,,,0.7829805922722296,0.7800754351378323,,0.7793637787487411,0.780663142577721,0.7807474122881054,,0.7822356001342126,0.7777913692326235,,,0.7800717211601029,0.7808847399318363,,0.7801154537959628,0.18119810555842658,0.1815976115154027,0.18123551534454632,,0.1816989753088239,0.18139714394232143,0.18163886786724392,0.18119211849489447,0.18092103640712895,,,0.1817075452533146,0.18152770764821732,0.18200134025070905,0.18234434134967492,0.1823119547099735,0.18189174406921865,0.18135079296147097,0.18157285443829962,,,0.18164513354119954,0.18139005042801015,,,0.18106416449199358,,0.18105553188609638,0.18161147419938278,0.18116942113196272,0.18150653462136812,0.18184601066021458,0.18166999981528306,,0.18132719698989597,0.18154205449800218,,0.18137513129915678,,0.182301403388788,0.18147347543379028,0.18204761679243397,0.181737837940607,,,,,,,0.18190508175390205,0.18157351373535158,0.1816354324378762,0.18173448126581346,,0.19815787846615376,,0.28127458020689816,0.21922291875896985,,0.15886962755788522,0.15938834299848248,,0.15862619151291144,0.15930244300732094,0.30753083990433705,0.3078353668063014,0.30895962780530273,0.3079432935101629,0.30780275735749135,0.30724377176325207,0.3079591348644374,,0.30743182355493026,0.30830423045762834,0.3076643348250558,0.3075892730677345,0.3088292371280297,,,0.30837651807325506,,0.30806437374768947,,0.307129865971807,0.3085497046743955,,,0.30777398537565814,0.3089449673157724,,0.3078866974356533,0.3073653582137277,0.30698380463268465,0.3078694269142703,0.30748896785754204,0.30798023560046284,0.3074046756888176,0.308780079522762,0.30813088540487754,,0.30714769745904624,0.3073637140656237,0.30795624166603947,,,,0.28926788530670255,,,0.2898172518616696,,,0.2906512326505569,,0.2897254625931862,0.29000849209382606,0.2894844760484078,,0.2905946637107724,0.29040492679298396,0.28923775079391045,,,0.28972734761663915,0.28982054842603744,,,0.2901733629197439,,,0.29040001564023227,0.28963412074734585,0.28917941409850273,,0.29024813676991956,,0.7828518721066847,0.7818248366718851,,,,0.7830845825438221,0.7831730340064632,,0.782053419463267,0.7823063015171283,,,,0.7830727791346853,0.7831605760633289,,,,,,,,,0.7809249836949615,0.7831584858348091,0.7817608897902368,0.78376849932725,,0.7830961252010152,0.7824630314567275,,0.782431034702303,0.7806532069137523,,,0.7835705381979002,,0.7822305294322407,,0.7812304158545597,0.7818269340967954,,0.7805961285152534,0.7833680377239115,,0.7849743848375235,0.7841959467829871,0.7823358186749313,0.7827811722186623,0.7835673146563419,0.78353109220457,,0.7822644329634934,0.7830758184133846,0.7806380538493527,0.7811693462004966,,,0.7835156396317039,,,0.7815871607627023,0.7844700254697168,,,0.7834186027908498,0.7846431406810104,,0.7843164456869843,0.78498555961867,0.7831505511715374,,0.7827374485150934,0.7847676351550915,0.7839120707416871,0.7844011670300556,,,0.7836480505127327,,,,,0.7858467956579043,0.7853111505936632,0.7836385639515148,,0.2726355392642505,,0.27295828354664414,0.3188764928135828,,0.32037735161794983,,,0.23827074204712304,0.23724239596220756,,0.23792889945861825,0.23718387623288362,,,0.11528775734855125,0.8113678526300265,6.209911644473716e-05,6.208120944087548e-05,6.207095642987366e-05,6.075311062155947e-05,6.0756301294766025e-05,6.072518722013707e-05,,,,,0.17733284062847748,,0.30494942911069045,0.19692961574920947,,0.314994164979313,,,,,0.20977392644253812,,,0.3223107042052235,,,0.21728560218284362,,,,0.16411088177782507,,,0.16376278363102048,0.16381080839070547,0.16418863670226194,0.16409695504660068,,0.1635606821934772,0.16408412083018467,0.16394667235639493,,,0.1638344179717417,0.16431545179294849,,,0.7031875224077323,0.7048932005167678,0.7067563365740354,,0.7087844061853884,,,0.3612672619048671,0.3612167343302813,,,0.23872586662826312,0.23923127931886634,0.704046507516003,0.7029370413270312,0.7020995941596467,,,0.16680243730937508,0.1668139355052269,,,0.16697354439220402,0.1666103484269447,0.16739483057516455,,0.1676153108355248,,,0.16670744353797767,0.16735099990286342,0.166472130668643,,0.1671246811722481,0.16718099941317424,,,0.16714978070227848,0.1668804559242019,0.16712110517907097,,,0.16735381509706143,0.16679275712379468,,0.16674908961093515,,,0.16704664647165643,0.1668416648548926,0.1669137086638004,,0.1670447218285479,,,,,,0.16635134627798445,0.16703107899553396,,0.16664375833584918,0.16694222904853967,0.16665866817463487,0.16718863906391163,0.16650757546251227,0.1668851849970333,0.16690153433523497,,0.1669515006338336,0.16683883910426775,,0.16772366903635536,0.16657407296302398,0.166787742967212,,,,0.3052969103407821,,,0.30415899531748375,,,,0.30566579060905336,,0.30477697901365286,,,,0.3475055151011141,0.34745489922804024,,,0.34727308543514296,0.3478813653833922,,0.3472391319296748,,0.3478600023908176,0.3476792685284432,,0.3467565166519212,,0.3478076765328375,0.34655514253481007,0.34721986626092943,0.30552484176811584,,0.3047341281290476,0.3055322420268758,0.3049525940204358,,0.30390946546632125,0.30401910292665213,0.7800196319720442,,0.7818895063356905,0.779205962006782,0.781607210659808,,0.7789997886610851,0.7794563916391369,0.777410210750837,0.7797666905858318,,0.7777303293601447,,,,0.3477076598059662,,,0.3469667280123541,,,0.3475590680169389,,,,0.34716246647525517,0.34201496308544876,0.3467327394416127,0.34640194623645226,0.7802779781278668,0.7810956133626016,,0.7833343331871347,0.7826116585875487,,0.781097836442564,,,0.30535171085630414,,,,0.30572325756935326,0.3037255211971278,0.30465358094866185,0.30519209851019957,0.305247351646227,0.3054473627390098,,,0.3048011623254863,0.30471808084428387,,0.30500667502703804,,,,,,,,,0.30520496626970345,0.7800974058357997,0.7812833402814839,,0.7807887173662311,0.7813305613337711,0.7814863565543454,,0.7829618394379947,0.7834436067912814,,,0.7779551682076128,0.7819213142288488,,0.7801965629316703,,,,0.7843993717843218,,,0.7772623536158925,0.78039915710095,0.7824791959874532,0.7806744222274687,0.7803926006228618,,0.1596449716412121,0.1598271223616606,,,,0.5154348825536216,0.5776260895876895,0.5258048903953484,,0.5254622673919768,0.3433060502960286,0.5719097829771864,,0.5724092009803091,0.5715235094161847,,,0.5734685202659124,0.5713325754796313,,0.5725177488085775,,,0.5738817019898825,,0.572200981523384,0.5728039185310402,0.5710224675206572,0.5731868396420818,,,,0.5711908421170016,,0.5727787657592774,,0.5738889937589752,,0.5715565892277329,,0.5720115772528552,0.5726479956382272,0.5723150639314024,,0.5744403677203023,0.5731666324677103,0.5716755657955892,0.5728423653920456,,0.5715853984824152,,0.5716505975224153,0.5717057525990987,,0.5726747791616854,,0.5722534375431271,,0.5715027682230447,0.5724508554638088,,,,,0.5716438403123941,0.5724234455721453,,,0.5727394043659679,0.5732700651073662,0.5720600573613711,,0.5742896457540589,0.5724638028699586,0.5719459668072818,0.5715693153748846,0.5718581947146668,0.5727073256329968,0.5722857639965317,,0.5727405137501277,,0.5727895421231146,,0.573470931990902,0.5707477850288881,0.5709050027437131,,,0.573182805194793,0.5734918890283253,0.5727707088131788,0.5717870063063399,0.5715194463770186,0.5721040596694383,,0.5712078147147426,0.573451563844973,0.5718388049729389,0.5733775707980252,0.5725020363277387,0.57340526646155,0.5711498560862467,,0.5733359705736354,0.5718779201551204,0.572553872445751,0.571363799306166,,0.5719091975647246,0.5721697841626403,,0.5714349925029804,,,0.5715011876993864,0.5751088170207646,,0.5724618641008108,0.572606264076891,0.5730267894651019,0.5728679892051287,0.5730431734143366,0.5721131650337269,0.57231258748414,0.5739706369651042,0.5716869941217854,0.5732142747808134,0.5710192772235613,,0.5736111438138759,0.5716131892114055,0.5707113626640337,0.5726451606480117,,0.571580689260222,,0.5719215311769413,,0.5711367884349918,0.5733087589340384,0.574540488504422,0.5733581715893651,,0.5723281636430325,,,0.5702035194825735,0.5720600341736194,0.5707086006287186,,,0.572257959647195,,,0.571632159991933,,,,0.5731001503567918,,0.5728023116653025,,,0.5731317167314304,,,,0.570898365414415,,,,0.5721758385815529,0.572103696305357,0.5729864287316421,,0.5717845363912953,,,,,,,0.5140233042344586,0.7995643491265221,0.6519425241191177,,0.5571244257854903,0.5588685774796264,,0.8063875776056034
7,5,DG_10pct,20,Z20_F08,20,LL_AB,175056,181988,True,4198.015572559639,4197.010315557815,4246.375730888192,4247.0767399763035,4237.872193008841,122.28843767387099,142.9845910018091,710.4410872428089,718.8693611121884,497.49368869551455,497.6046862101721,234.53352184853452,75.28707931225694,79.43553949545093,77.9737287859204,122.11023236615121,149.7919326664427,20.47195768196764,4697.072887665453,223.639421144781,,0.7279652713818482,0.7262742831931615,0.7895352899378304,,0.8530976280999044,0.6430800488392915,,0.5729685888642934,,,,0.6518826175514789,,0.5572841169211292,0.5553292695819624,0.5553922841608551,0.8069258028742624,0.8072180540725313,,,,0.5723431178121313,,0.5705874688536104,0.5708606268080609,0.5687120682721941,0.5688995891111821,0.5700209672001258,,0.5732382619522198,,0.5728459733335783,0.5719762134148653,,,0.5211513581876507,,0.5197119399353237,0.5134683133826838,0.5122093407297109,0.5114869601847107,0.5111636786257561,0.5129028693973805,,0.5135790580401732,0.5131989869557938,,,,,,0.5132131367144808,0.5128860995213641,,,,0.5806337006060606,,0.4921178947251015,0.7927479430483998,0.5770151276844954,0.5772850860885416,,,,,0.5752044315270334,,0.5757958184941812,,0.5749627792012357,0.574250625372006,0.575816131472494,0.5746808718259413,,,0.5736407788281936,,0.5753999189031109,0.57569822011205,,0.5736735004273503,0.5761178117978689,,0.46499198746717213,0.4668690588695982,,0.18001028940911779,0.16878343192528444,,,,0.16848816814761375,0.16874312207232425,0.2443705661880155,,0.24402404645905854,0.244421199459621,,0.2453485079311972,,0.24528484004788734,0.24387521909044388,0.24571766295380204,,,0.24446338268945222,,,,0.24564224643431823,,,0.2445185707716427,,0.2444584108471402,0.24471573647149433,0.244374258430081,0.24464599615245303,0.24459275598314503,,,0.24418878870045646,,,0.24399547605139324,,0.24421173781378128,0.24462691047935162,0.2440438107993809,,,,,,0.2444071184483714,0.24474446302542757,,,0.7817302062501101,0.7809554829618979,0.7811051604694387,,,,,,0.783852703001011,0.7823349786605898,0.7808005646695223,,0.7809453038209542,,,0.7802173860228834,,0.7801424163826508,0.780358739891072,0.7816218188339203,,0.7798258172370198,0.7799703148457825,0.7795405781990203,0.7786373969611439,0.7801110557504903,,,0.7814065574109252,,,0.7784344069885971,,0.7807819149721508,0.7761585206767648,0.778124296098299,,0.780590522374068,0.7810488072295234,0.7801507867122792,0.7800968750684137,0.7803594002411226,,0.18195828984851736,0.18139617233792782,,0.1822676605555913,,,0.18168502178923665,,0.18257866501426478,0.18168127665421202,0.1819656037442006,,,,,,,,0.18211087144143834,0.18165388982790864,0.18158025054531193,0.18168604022164933,0.18148761691671425,0.18179328335811767,,,,0.18133382895500005,0.18076101303386616,0.1816047421800102,,,,0.1817255319141749,0.18132521635408302,,0.1817282449275323,0.1818706497101751,0.18127289886726544,0.18145092463667853,,0.1818278990330135,0.18153332083728804,,0.18164611524551463,0.18118173098533857,0.18100432524133947,0.1813293551162606,,0.1814312641934005,,0.18176349815953557,,0.19770978598902247,,0.19756011973681295,0.2816328148666857,0.21815669426952994,0.15915785720800826,,0.15885095103110614,,,,0.30859584749333724,,0.3074969354530572,,0.3072705301441331,0.3090990629731267,,0.30842547175016655,0.3077171836303596,0.3080859945784878,0.3074896125592491,0.3077845368453512,,,,,0.3082331595449704,,0.30829327669609946,0.3089630057318437,0.30770830246488773,,0.3080601759662019,,0.3082870037612005,,0.3074555131732595,0.3076208436364121,0.30744574005092673,0.30854140392953305,,,0.3076239653510428,,0.3077693570826361,0.3067685217871917,0.30751291640176687,0.3071780837929301,0.30749244728401304,,0.2901210200617809,,,0.2891323332235141,0.29082738080745263,0.29012089641892774,,,,0.29058301071017323,0.28929675238625463,0.2904543173985449,0.2895354370563023,0.29020248857585285,0.2901537141981137,0.2905688269669975,,0.29006846939134834,0.2889869634527247,0.2901410411769319,,0.2904739781802686,,0.2898002778927408,0.2898152762568963,,0.289374776912981,0.2889998102547513,,,,0.2895475229231217,,0.7806914661588614,,0.781890322992501,0.7813543877198851,0.7812891241589315,0.7819126985599948,0.7832030273660756,0.7827808613489395,,0.7809900044859349,,,,0.7835874563056647,0.7817095885337263,0.7833993682470471,,0.7830909938145898,0.783963789484759,0.78281800859269,0.7838194811616424,,,0.7814889411386805,,,0.7826211399428886,,0.7803117135385632,0.7805473117877253,,0.7820330205241877,0.780987525982718,0.7814633219537956,0.781785556844751,0.7824658736700952,0.782608085511753,0.7832818941556191,0.7802055580181335,0.7827090551766558,0.781621188025853,0.7848172749477814,0.7846615914752336,,0.7823611977460704,0.7817179408649538,0.781455105658977,0.7816948292835827,0.7805092292231788,0.7819930505546334,0.7834248879526133,0.7830803806855382,0.7835886585116321,0.7834091550031437,,0.7841078442078139,0.7825250229119283,0.7821030480214695,,0.7841379385493242,,,0.7831834279255933,,0.7848799162614427,0.7822300371349875,,0.7858113031202748,,0.7822985995001942,0.7826293710159765,0.7856881936887452,0.7846429413654754,,,0.7811677954863917,0.781828094011616,0.7857878918977909,0.7837044677766317,,0.7827423874025067,,,0.783907187977638,0.7846663799123391,0.2737577752554606,,,0.2724255358181017,0.3185080054798613,0.3193850807073326,,0.31893945302015414,,,,0.2379838251521034,0.2377987778336141,,,,,,,,,,,,5.9054016138889176e-05,5.9130862674967755e-05,5.9304837804383466e-05,0.2812390368195935,0.17741132137890062,,,,,,0.20352058374612886,0.7240914038886607,0.2099937695126918,,0.20968459178723417,0.2091841953307715,0.2093424447812992,0.3217532785610042,0.2098637441978596,0.722966995132056,,,0.1639728249105823,,0.16407399493667157,0.16377851774429047,,0.1640752556513745,,0.16402384753922847,0.16364100054201378,0.16407131256545918,0.16432170017348774,0.1637130145675232,0.16429880183576814,,0.16435299941365245,,0.16396668663451439,,0.7081878008169022,0.7074100772540786,,,,,0.36117210996979393,,0.36182910383452493,,0.2395045018806848,,,0.24010531172416238,,0.7030463164804446,,0.7056465902362823,,,,,0.1666612569217312,0.16738314661958012,,,0.16688800582846813,0.16668801119641283,0.1669827004910369,0.16704245567900725,,,0.1671191825719986,0.16683878895124996,0.16691683315275238,0.1670602923094215,0.16730138296029984,0.1668893562961805,0.16761816202335683,0.16702699477045393,0.1672999345176895,,,0.16685153031905556,0.1668551211456839,0.16690208252346558,,0.16682368179844703,0.16646340923049896,0.16725183919815392,,0.16735768739985427,,0.16704190880871683,0.16690483944000362,0.16715946956636535,,0.16685024705308651,,0.16714847354592566,,0.167460620432441,,,,0.16756829729476114,0.1672448173525582,0.16750603005691025,,0.16742970996642104,0.16686700632424203,0.16712530765672848,0.16688554651780282,,0.16707292593084866,,0.16718199016572916,0.16690848380821005,0.3046856766983719,,,0.3056608392094572,,,0.3039110718109608,0.30483330444938245,,,,0.30485994578384334,0.34771698309024934,0.34767571231593186,0.3481986205827899,0.34701498242563206,0.34730635254062087,0.34691485178789394,,,0.3480655635188681,0.347508834818243,0.3469342539710475,0.3458438089196321,0.34637893061654706,,0.34671254925177747,0.34835342739754055,0.3467285762950021,,0.34725160515834425,,0.30571298363668054,0.30512075036606195,0.3049824509179484,0.30555394415016585,,,,0.7795253348675748,0.780083113874469,0.7810209809268485,0.7803884987274363,,,,,0.779242364462121,0.7804189500434209,0.7806341681757117,0.780085773446915,,,,,0.3467814702574083,0.34643966536852216,0.34774541027989253,0.34683430252663267,,0.3484428397669983,0.3469956592657859,0.34781854331001,0.34725431654004457,,,0.34630220813514573,,,,,0.7815547864981117,0.7815024949001522,0.7808757500007963,,,0.30505939476755467,,0.3050308498071273,0.3044646154238432,0.3049017989324686,,0.30507395736961385,0.3053763752731572,0.30465484757036504,,,0.3047040244694806,0.30438958914508185,,0.30543951197438757,0.3048151160040616,0.30573455559482,0.30458925780974616,,,0.30557061593203266,,0.30595123641787114,0.3049205575097393,0.3054089464779152,0.3050735001287559,0.7822027011359463,0.7813665462004248,,0.7800295213506198,0.7824264041002295,0.7816159607597135,,0.7810941564672772,0.7823391757924545,,,,0.7809923673506405,,0.7807301340922096,0.7810683541585748,0.7803515774827687,,0.78154507664309,0.7802731746156181,,0.7806338320826117,,0.7796253005401967,,,,,,,,0.1602864429211788,0.5162090808161618,0.576314160182845,0.5262051524596787,,0.5260528759017614,0.3435061717159483,0.5720883351301584,,,0.5720220455348674,0.5714986599994849,0.5721952617248903,,,0.5735005068897286,0.5721369184352841,0.5714043731963093,0.5709723089085197,0.5719157771781133,0.572606471489848,,,0.572521669478979,,,0.5722790444862789,0.5728245185010007,,,,0.5722817640186948,0.5725192490688057,0.5724690097846928,,0.5722027314250544,0.5731459001905163,,0.5722824277726958,0.5712091575273012,0.5707693910641147,,,0.5707678374139337,,,0.5715270648919589,,0.5731933926510501,0.5738558617964701,,0.572973868253672,0.5712529480050357,0.5718417202883653,0.5728908854439618,,0.5735311719649352,0.5707901927965946,,0.5733098189139814,,0.5727961457413404,0.571969723361799,0.5723149780427013,0.572402795231842,0.5712979346568807,0.5724769042804922,,0.5715337825712632,0.5715384767923265,,0.5729219421758529,,,,,,,,0.5716206666886748,,,0.5708299289154553,0.5741053972299021,0.57229449294557,,0.5708310169702548,0.5730203792104621,,,0.5726772125467369,0.5713909630610913,,0.571488695585439,,0.5732954626384218,0.5719118437764871,0.5730659743872457,,,0.5733494585975257,0.5721535924883207,,0.5723646095374276,0.5714235325325492,0.5731444831620397,,0.5714220695659623,0.5716499919328727,,,0.5729730469603087,0.5721559772430215,0.5730510737610424,0.5708729483749336,0.572731571128532,0.5710955866612168,0.5713701831608939,0.5721773418255299,0.5722042137399768,0.5709476808080496,,0.5745220098914199,0.571740748666375,0.5721737526484408,0.5747001929148275,,0.5715046188389459,0.5718703365041466,,0.5731152197955975,0.5706749804008355,,0.572181614941722,,0.5739135632535439,0.5725367246742076,0.5716691955301011,,,0.5717429195062051,,0.5730966058045319,0.5721112505053935,,,0.5717538174260719,0.5722823147486462,,0.5733973689062596,0.5716854151452168,,0.5733588855505503,0.5727699668125897,0.572389849145844,,,0.571744028345692,,0.5720615937278021,,0.5733053508980157,,0.5724893939697093,,0.5726400455692098,0.5723071209657762,,0.573191996724573,,,0.571917328422729,,0.5708624147623327,,0.48306845150479427,,0.48239138731666437,0.6032563171647148,,0.7974408992750112,,0.6524460417613507,,,0.8041670646698602,
7,5,DG_10pct,20,Z20_F09,20,3PH,175056,181988,True,4340.690491933218,4300.258232101316,4362.62524865536,4446.268617916799,4434.151525419405,18.791732333868435,15.87976970127063,117.66814802254551,119.26663025716546,89.26941055463736,89.72896351520102,44.68972240624719,14.649046173559805,46.09357974374124,42.98637048311213,19.026214155841554,11.980601422695697,4.547615399856754,4566.217222442217,29.91688798384672,,0.7270217325325881,,,,0.7325751389421238,,0.571717167151898,0.57270733320549,0.5707104002319149,0.5698328371792971,0.5772028634782008,,0.5775714191623424,0.5794813933244763,0.5765811616556994,0.5766772935813681,0.5785333451270579,0.5757166305524086,,,0.5717812036803055,0.5709532843852388,0.5697228733294512,0.5733105385404303,,,,0.5661927897347276,0.5732825350722497,,0.5750194668667499,,0.5729751642325289,,0.5394372456599957,0.5150972233852585,,0.5150855235063261,0.5125831703199125,,0.5113938617450736,0.514017236389193,0.5132549886543761,0.5134824025613091,0.5142533938112226,0.5120201489150034,0.514115501651074,,0.5138026156804946,0.5139552144075137,,,0.5151603097379783,,,0.514228248992779,0.5081796262880857,0.5099872547679019,0.508827946176369,0.5087347701603941,0.5013007637165988,,0.5015330868757304,0.5007519273478537,0.5004664055221452,,0.501260123559558,,,0.5026397330757876,0.5001494926056342,0.5025950358050417,,0.5002626647612213,0.5005542392165725,0.49995120403866383,,0.49959099314597444,,,,0.5007060885574849,0.5008295897618565,0.5013040525105615,,,0.468012767256118,,0.1677116569045714,0.16751131785538914,,0.167382770700797,,0.1673666710159887,,,0.1694645937867232,,0.16916313653649764,,,0.16964525488215018,0.16944095189189054,,,0.16926462090227645,0.17024442730406633,0.16929162051020058,,0.16942440867484534,0.16952192017436957,0.1694850298792984,0.16899786831990163,,,0.16946330752819797,,0.16956220808915284,,,0.16909012379308447,0.1695405358391546,0.16938827181165356,0.16926602103043678,0.16893278507499596,,0.16931990934480862,0.16886992407347998,,0.16959197224269043,0.16886611352435565,0.16915006881858363,0.16921457985533578,,0.16912602298486634,0.1689496921445398,0.16977905782614264,,,0.1695924481839498,0.16934238592213832,,,0.1693094900771648,0.16960136395718434,0.16943826272373338,0.16906874502313238,0.16943732560958563,,0.17001497419462702,0.1692043754245751,,,,0.1693647429220649,0.16931769095905883,0.1692863975218888,,0.16923782035226254,,,,0.16898439850810876,,,0.16892971311295657,0.16920774907963135,,,,0.1692179600667538,0.16961076255011115,0.16924918527565527,,0.16939373771002625,,,0.1693012637460949,,,0.1699091783585938,,0.16926738001327502,,0.16935578588286485,0.16922463116943026,0.1699558402366978,,,,0.16958773610983172,,,0.16929275387131623,,0.1697160223275095,,0.1696378940122678,0.1692659302949678,0.1695385510448268,,0.16987300823728807,,,,0.16841104650159225,,0.16909609163588069,0.16866447306112756,0.16948285052621517,,,0.16946063498028283,,,,0.16944407208637552,,0.17018557567270898,0.16912924631983262,0.16885060088397788,,0.1696257665204167,0.16923392498978215,0.16925673494661034,0.17000819411453832,0.16937643814170047,0.1695442971882785,0.16926438740387748,,0.16918127773024566,0.17001732409468787,0.16985577348931538,0.16930180478302115,,0.19382845579922614,0.19389077240234678,,,0.159452972693244,,0.15934777805836386,,,0.15901599251662438,0.15904037509392444,,,,0.23231309446112053,,0.23210768393611708,0.2324089195433347,0.23272923243023594,0.23337182995497968,,0.23269958287119144,,0.23238023523358942,0.23246420103245324,,0.23272384024690795,,0.23191006366194772,,0.23219048960576236,0.23267816275925088,,0.23209809595789205,0.23267651240045617,0.2321195493244582,0.23201953300033754,0.2320951138965228,,0.23263062638498372,0.23282530748574087,0.23268150604028623,,,,,0.2326919036101242,0.23228845594315792,0.23256517712838237,,0.23182402059678278,0.21638883178199186,0.21657587045396845,0.21703504142094254,0.21667551459310494,,0.2169527139459662,,0.21677105066177124,0.21626151075157818,0.21671216947887187,,,,0.21677535064068448,,,0.21732003939122346,0.21671462502348846,,0.21631209604567908,,0.21710482082271448,0.21620436483686253,,0.21599893079887017,,,,0.21636601467321698,,,0.21682924129276546,0.23207030248767144,0.2323238214660539,,,,0.23215286045719558,,,0.2325200023980937,,,0.215928870923108,0.21553567437993357,0.2167640195605749,,,,,0.21659895089007775,0.2156579379759098,0.2156785990281025,0.21610046976595118,,0.21619134470955567,0.21653714861092158,0.21543471960533606,0.23192006349766217,0.23169727218875502,,,0.2320045655980266,,0.231689266203706,,0.2315522475387305,,0.23263086241698686,0.23149449934788216,,0.23204975937843797,,0.23210021219133928,0.23249383789458997,0.2317016432338131,,0.23182605544679058,0.23235662906500718,0.23200692313816673,,,,,0.23141703364371877,0.23174344257626092,0.23226688768652975,0.23256107883364066,,0.21627710531541341,,0.2155353480217853,,0.21613924394101375,,0.216284991498732,,0.21668396247522648,0.2161237488538343,,,,,0.2166877339508015,,0.21543289689076042,,,0.21647830890462505,0.21659273735080536,,0.21664782876332514,0.21639688077024358,0.21681878803523322,0.21612397744709344,0.21613569971739627,0.2160922074871734,,0.24041389142336253,0.24128481749856873,0.2416933287328168,,0.24140969976860413,,0.2414716876436425,0.24151739662258784,,0.23682853260295425,0.23628124798906502,,0.23672305242636835,,0.23634857255398511,0.11404436260263567,0.1139035604763491,,,6.217809447357127e-05,,6.0815238800179276e-05,,,,,,0.16033501075699486,,,,0.16308245856699635,0.16258786784584736,0.1634556689614985,,0.16400573316310915,0.16424703820486897,,0.1645080838506979,0.16374534069980104,0.16419349603610164,0.16437732544619896,0.1645222745829114,0.1641853619818892,0.16596762412674107,0.1650590278567888,,0.16448875350357398,0.16411561589693488,,0.16429482402519238,0.16413158922189444,0.16392283566452742,0.16432692681353686,,,,,0.16413542593582908,0.1641823881090092,,,,0.1641914253316888,,0.1673899127207383,0.16727952386339595,0.16736231609544736,0.16658405181927607,0.16585838069357547,0.16770454500204954,,0.16875908025088907,0.16818461120839404,0.16822955177042043,,,0.16808823214764082,0.1671807760921424,0.16794332332304976,0.16793680653488596,0.16742030099870958,0.16725630124727425,0.1680195304510112,0.16773445073138002,0.16726375764763676,0.1675015870276523,0.16747935551889934,0.16714748115264016,0.16745041377559827,0.16714125495852392,,0.1676613174512012,,0.1667806600398225,0.16767516001129107,,0.1670748510490488,,,0.16728344433807202,,0.1673148737091099,0.16710694924736036,0.16756352082940684,0.16681687806975437,,0.16722193518681452,0.16676889223322544,0.16660018477634345,0.1675947777138785,0.16778723076625612,,0.16753006321197342,0.1673030372063459,0.16751060796779027,0.16758832566355863,0.16727903846441902,0.167260801105431,0.16753501659977674,,,0.16788800553569452,,,,,,0.1675339755814527,,0.16739278971445787,0.16731278845660214,0.16706112880043336,,0.16751545228572262,,0.16771472956662015,,,0.16776274567813945,0.16743588583383803,0.16790869474303663,,,,,0.2711426648017039,0.27131728968349644,0.27037514818160757,,,,0.27100927412892506,0.27136178099825614,0.2717534149606464,,0.2727504031013808,0.2717535951832695,0.2711721848126326,,,0.2713533733668596,,0.27054918819967083,0.27148669048481405,0.27119404025812455,0.27185153781566956,0.2714025668079475,0.27106199282008414,,0.27075531800345054,0.27119370351431954,,,0.27133869068342403,0.2702417642365966,,0.27082419685391174,0.2714061235583571,,0.2717962451248911,0.27116566556659943,,0.2712839236837129,0.2706031964840136,0.27038663295293397,,,0.27103729011386163,,0.27095640441484026,,,0.2707659847097931,0.2706622832412874,,0.2705296504834491,0.2714639728654914,0.2696375560334156,0.2717315239124403,0.2710909133799599,,0.27156506607340697,,0.2719195301310517,0.27176430183480527,0.27135030592678455,,,0.2707975267211698,0.2710949097751796,0.2703544787684631,,,0.27103583615778465,0.2707660972356308,,0.27120329745041155,,0.2718888350514756,0.27037702963214094,,0.27157490115980676,,0.2718643200269204,0.27167155695731576,,0.27183907552026265,,,0.27114104450084714,0.2716737711402686,0.27134977194792864,0.2717186932716886,0.27189367709015105,,,0.2711440852336932,,0.2717769632656044,,,,0.2713007826282077,,0.27141615900603955,0.2709935454608454,0.27136812915807135,,0.2715019227170176,0.27162326071781334,,,0.2714668851837805,,0.27005703200323905,0.2715338612004661,,0.27033761272031814,,0.2712685695461125,0.27028625268511874,0.270507845270121,,0.27039433568661747,0.2706187842083663,,,0.27077873376314954,,0.15994195181341064,0.1594588950503046,,0.15996585983502307,0.1602706128048691,,0.5299017257812794,0.5970368191994704,0.5250956828155717,0.5263545503540725,0.5268453163672404,0.1664312527635516,0.5755700152919172,,0.5754397477162037,,0.5737441481467188,0.5735546597732949,0.574957763406289,0.5751804816460274,0.5741278832038297,0.5739128860014786,0.5755153623950705,0.5720228662476851,,0.573801371298301,0.574580886853374,,,,,,,0.5727885060487115,0.5739344738886482,0.5729891044015842,0.5732330096046425,0.5740453624685596,,0.5738682835021934,,,0.5743375758561083,0.5740289556649083,,0.5744084347297967,0.5740904623787618,0.5741798926229846,,0.573389836902406,0.5740571797824601,0.5739984399156193,0.5742675814514945,,,0.5727021626422936,,0.5751883004182505,,0.5741376098958333,,0.5722194447681936,0.574354081876423,0.573129222485102,,0.573872675749798,0.5750209040963061,0.5750127876953758,,0.5726341103712373,,0.5730017472419054,0.5748523397157069,0.572869746905369,0.5739889258922182,,,,0.5738594883454781,,0.5759123057783232,0.5736273135138727,,0.5758243478668008,,0.5728854161127364,,0.5729750266576464,0.573364251658045,,0.5740099173215703,0.5754618396240306,,,0.574232166256095,0.5729652243319961,,0.5733972889013244,,0.5732704710563199,0.5736775678277702,0.575458574989444,,,,,0.5735950702624695,,,,,,,0.5731891482000349,0.5761129429411836,,0.5726499781611357,0.5727507850963394,0.5745381561076077,,,0.5736477359710914,0.5737930441118001,0.5732823725500393,0.5739433033082411,,0.5743912647368026,0.5734433373240306,0.5734278936068801,0.5743289509044925,,,0.5733424425417474,0.5728474693342686,0.5757463991596834,0.5721933020076235,0.5741783539309446,,0.5733582014251757,0.573550176729866,0.5752274145787826,0.5731409184446885,0.5740933313810641,0.5754840557078287,0.573259306891076,0.5738158495140343,0.5724328629260216,0.5737985211569366,,,0.574604595907976,,0.5735030218999922,0.5726965181868829,0.5734182778410549,0.5736957771270539,,,,,0.5730617948751637,,0.5734879890024431,0.5731169547265997,,0.5750073754661537,0.5741381715252669,,,0.5743698818552628,0.5753928188144619,0.5733434184958932,0.5728255087601581,0.5733276774228528,,0.5735578317715737,,0.5741361854348599,0.5734848079104308,0.5744425376644056,,0.4811157770001647,0.4811098447152302,0.5291762783873258,0.528902826037984,,0.5785329058601386,0.5786439743081122,0.5742661885829367,,,0.57810117212725
7,5,DG_10pct,20,Z20_F10,20,3PH,175059,181992,True,4300.339810123538,4290.337479238015,4326.005629164933,4412.974013840831,4390.076044808771,19.226382081992327,16.38989813589912,121.96894196662332,123.88984190884828,93.56265988145184,93.64570513128727,46.275945627351035,15.352648677560108,46.0302308250567,43.232032788515454,19.536324949813423,12.511620106229241,4.704014771428258,4511.263426362628,31.28283149989976,0.7294992787547723,,0.7291116699473186,0.7335031167738927,0.7337398595034968,0.7351369965034745,0.6638616137035277,0.5742496143204019,,,,,0.5790930200124772,0.5799187745077068,0.579803760079816,,0.580467850067699,0.5799218043583836,,,0.5741897781026613,0.5751834685644177,0.574637950686283,0.5739924802806414,,0.5758693153748906,,0.5685088380886258,0.5683236793872798,0.5772961244336944,0.5771213018989927,,,,,,,,0.5188264956658838,0.514320274575742,0.5162845307552262,,,0.517974695480988,0.519318531865782,0.5190323141992811,,0.5183131819099873,0.5177465867509017,0.5184208668278326,0.5183306782480886,0.5178659231295555,0.5168082532423219,0.5187953109378919,0.517463238919744,0.5175463057887743,0.5168061818933785,0.5109147584936404,,,,,0.5046709271169645,,0.5038904722920808,0.5047214471301192,0.5051894532386989,,0.5037134791777851,,0.5046405062403005,0.5052372701698087,0.5049167877419739,,0.5042478065589046,0.5032078879583206,0.5040089333510107,,0.5057482252579771,0.5047821924894529,,,0.5048010778106118,0.5056156967600016,0.5057292082621805,0.4722572047924681,0.4714392994627675,,,,,,0.1740887727099329,0.17461809923507446,,,0.1762890558537853,,0.17639399541237763,0.17714726521011512,0.17645870449759307,0.17632667283743328,0.17590706184885962,,,0.17644406696167186,0.17573231922840815,,0.17679366260401203,0.17670983517166727,,0.1767355448286186,,,0.17638525323435902,0.17693406172971654,0.17608615705741668,,0.17643564622396857,0.17648326406139753,0.1762125313745719,,,,,0.1760881993891124,0.17655081463705838,0.17616473506066574,0.1763543628454081,0.1763262760524327,0.1760497978732679,0.1757727319588498,0.175804941423523,0.17631472754944325,,0.17593091931873625,0.1764433490390997,0.17580740285215724,0.17647017531981077,,0.17627922758063821,,0.17651087577850796,0.17656272138366982,,0.17651944635447311,,,0.17624263092701337,,0.17601779892982902,,0.17624659375032506,0.17686308722682204,0.176308723912558,0.17601468241507157,,0.1762802224623625,0.1759587042367332,,,0.17610312457318475,,,0.1762920884156667,,0.17610629232669095,,0.17628270403117993,0.17608736408427883,,,0.1764860483994651,,0.17616060046365203,0.1761188044962789,,0.17660960001283338,0.17600545743833038,,0.17655294149833484,0.17615038344616463,0.17638573769434596,0.17649956502882064,0.17642737913163906,0.17688577936044447,0.1765647205699544,0.17621822252160493,0.17660674196722606,,0.17672239233434128,0.17631232140768147,,0.17618540392690693,0.17628930564237152,0.1762437767199011,0.17655603104311182,,0.17604718056555096,0.17684104430947437,0.17669515644548645,,,,0.1764529742591104,0.1760648484225799,,0.17636509631288805,0.17681746544230295,0.17627406440347876,0.1763247766415188,0.17647168020036472,0.17606080698609317,,0.17632924503844496,0.1760339404715308,0.17660532835886825,0.17671072940602808,,0.17628605548588308,0.1765619818418925,0.17656052911878092,0.1762093559952553,,0.1768433640110146,0.17643410715083654,0.17636210314937772,0.17618996573754067,,0.17664256520985477,0.17573890717740603,0.17646422797006597,0.17647007052901595,0.17650387437436166,0.17619497366942316,0.17642867541506005,0.20088192180733663,0.20096879623357058,0.20110255793951257,,0.16568094606134087,0.16623691510987798,,0.16616407124319021,,0.1656254033264729,0.16622241123810197,0.23894792507551,,0.23989245998587092,0.2385600398138652,0.2390763600587103,,0.23923340707755406,0.2393257392109606,,0.23937496260218513,,0.23877193772443922,0.23946106325739802,,,,0.23889069933808746,0.238678700665597,0.23873416313598425,0.23834569527554603,0.239737972801929,,,,,,,,,,0.23864111637046198,0.2386768882234806,,0.23847930372758774,,0.23892413921888106,0.23856355168030988,0.23878602329175738,0.2389413049092548,0.238723851038994,0.22341068742948486,,,0.22340022814744787,0.22283438083061224,0.22330374042609044,0.2235166590253185,0.22282046269227787,0.22403815522092663,,,0.2237284838168839,,0.22328266184693354,0.22307089632296825,0.22350434975455252,,0.22398900332333996,0.22346191480508745,0.2240373101642703,,0.2231562432770254,0.22372784710323812,0.22242800273038638,,0.22287718128588874,0.2229816700487326,0.22308469514720095,,,,,0.23864165507924484,0.23862021723994017,0.23884956692468207,0.23860888250061554,,0.23863973781515,0.2390442355040584,0.23874669848577337,0.23799438882414603,0.23853550953644767,0.23806866823480452,0.22302398157724707,0.22293849143272088,,0.22256337859169167,0.2227033539211165,0.22257058188407702,0.2224321852657041,0.2224818907792597,,0.22268264796045217,,,0.22376924886095492,,,0.2380221652546239,,,,0.23906746217640426,,,0.23828727884036732,0.23889095905173227,0.2388679885441363,0.2389785419328944,0.23862158819428964,0.2389381873146279,,,,,0.23879471272346056,,0.23883168903359833,,,,0.23824853937324825,0.23834875594588514,0.23913780299486206,0.23844959372558308,0.23931117352281286,0.23875643614518435,,,,,0.22224232117255316,0.2225146472691183,0.22259634587085522,0.22295039816614826,,0.22248641097795793,,0.2228323636528738,0.22277132681127876,,0.22227404092119632,,,,0.22232942818022325,0.2229655468320816,,,0.2233314143033978,0.22305615698918294,,0.22242380763261446,0.22325792528584779,0.22333810016657638,0.22254281166496787,0.22313544188985623,,,,0.2484152712290556,,0.24805961732092222,0.24737972202623615,0.24751128032148448,0.24720897959135354,,0.24307509977176053,0.24282263255195685,0.24259317810389416,0.24223894867921283,0.2424514868286139,0.24241853486059106,,0.12110503916422721,0.12116856645295138,0.004683604900179389,0.004671441170306208,0.004678543871561722,,,6.039798277904916e-05,5.864487752589826e-05,5.8565204774912494e-05,,0.1676812885882109,,,0.17003478246133955,,,,0.17096003764355439,,0.17187149068706536,0.17083049116553023,,,,0.17177987466347708,0.17170772824318936,0.17188406189721633,0.17243944893385157,0.17246221134502912,0.17180761247493712,0.17111791353532904,0.1710771548572641,0.17143309149353067,0.17172208232141892,0.17159239781675567,0.17238123794793384,,,,0.17087013291238146,0.17147972516924664,0.17147373975942906,,,0.17162358945239775,0.17155512904023634,,,0.1743671817572867,,,0.1749948718196341,,0.17477669708104954,,,0.17558759529393556,0.17583302074558027,,,,0.17492601727050586,0.17540882754190235,0.17559581026144044,0.17534864231814942,0.17504074800539374,0.17465758296851758,0.17483714481983587,0.17502306143795637,0.17447827074794744,,,0.17416175973008802,0.17446164959707294,0.17466260298557282,,0.1749852652231784,0.17439286635503,,,,0.1745733174328921,,,0.17514064425809003,,,0.1746760281838624,0.17409227510910485,0.17449178913150606,0.1742377953629496,0.17471518521039164,,,0.17498703682064157,0.1750042114043841,0.17474981150139837,,0.17472927521353385,0.17479690499276868,0.17477409523083248,0.1744071194810748,0.17443370498401242,0.17449464710887463,,,0.175189647126196,0.17476806279194088,,,0.17464864258849822,0.17470710574405152,0.17505538615579272,0.17500719192522912,0.17498701167935674,0.17471001426262997,0.17494758396728888,0.17515739036006656,,0.17516584591622458,,0.1748560123188465,,0.17489613086818082,0.17450971628192485,0.27672353682137035,0.2775786327015633,0.27675691544779146,0.277261330762649,0.27725337527046606,,0.27726047472252735,0.2767666365371393,0.2772172455284685,0.2778541332697915,0.27630118863121655,,0.27729573656519074,0.2774303310395991,,0.278159940885021,,,0.27710676488974373,0.27680408097772646,0.2778361673858231,,0.27674248981101046,0.27734071697009505,,,0.27709343263351405,0.27691090333670776,0.2776457683245991,,0.27682742352048256,0.2782530920873683,0.2776843749430455,0.277442573596406,0.2779931306906688,0.27752685104070113,0.27789512010200934,,,0.2769641634945699,0.2770790048384101,0.2753416971864437,,0.27671382126437577,0.2762485509309158,0.27605937769174954,,,0.27630139853673213,0.2766895240727351,,0.27714069398122587,0.27717915515521924,,,0.2769348083461594,,0.27771348652644495,0.27658627516472595,0.27758956995913464,,0.2777293497042663,0.27798332942865434,,0.27667016946185713,,,,,0.27756103472479055,,,0.27646126224471224,,0.2768459619864023,0.27725750042228814,,0.277544793984821,0.2778449571338455,,0.2773607206826476,0.2773375400317554,0.27804137068239654,,0.277440177887359,,,0.2777027724159187,0.2774498006489192,0.2771256773190194,0.2775281973223875,0.2774972348433037,,0.27712038305066006,0.2771405112038435,,0.2772951730050778,0.2775541157518336,,,0.2782236407174466,0.27917421046602037,0.2765661546207045,,,0.27692655909394687,0.277847342970627,0.27775672442334354,0.2778060634826206,,0.2781076310786913,0.27845421335104575,,,0.2765721212126388,,0.27719064999341636,0.2764766958198171,,,,0.2773435363732415,0.27709482592876145,0.27688933378099845,0.27683169079791237,0.2776532053908627,0.2773629519937894,0.27712472060843385,,,0.16649676655616735,,,,,0.6011509505873112,0.5299210595180303,0.5302371444640016,0.5296897246334309,0.17376345989709333,0.5790961885110526,0.5757422734579224,0.5785910309679937,,,0.5772018289045753,,0.5766683284648791,0.5778223558922083,,,0.5778968210043088,,0.5751062460819973,0.5768616646970512,,,,,,0.5757704902845103,0.5776039230541568,,0.5771597238039725,0.5762294902297816,0.5769702520996841,0.5780038114425579,0.5776232281343072,0.5764908201646564,0.5754584871588587,0.5780751942023049,,0.5771347427976913,,0.5780063365190848,0.5754605275304057,,0.577061042810603,0.5766954926922411,0.5757655563232389,0.5768535261605441,0.5762875409678234,0.5769538320377899,0.5766253731103008,0.5776972671334445,0.5777157778693482,,0.5787037485297082,,,,,0.5754854577590648,,,,,0.5772854408367012,0.5790227079897611,0.5764550051370593,0.5769330926438402,0.5748398942875772,0.5774796558997858,,,0.5770450918865349,0.5771619298397519,0.5779290708366595,0.5767580986118838,0.577403339988962,,,0.5764534028593482,0.5776344624470071,0.5775657820730178,,0.5791949155597048,0.5780792148647802,,,,0.5779897981911467,,0.5766672781650615,0.5764822299705203,0.5774883232981067,0.576508753705032,0.5765961438566164,0.576578279799761,,,,,,0.576772582380552,,0.5774961068795859,0.5765288703112762,0.5782216542300092,,0.5790734873876006,,,0.5770310140488482,0.5791792514387819,0.5763904226207784,0.578181269644897,0.5791945972920653,0.5785093537731076,0.5763934650323558,0.5761701916212645,,0.5773525384924654,,,0.5769181481031843,0.5788911629901536,0.5774747015658229,,,0.5774736925031428,,,,0.5774042956834612,0.5766761850135397,0.577059236222443,0.5764709149584145,,0.5770206030368732,0.57651840668798,0.5754649378904376,0.5767114035580677,,,0.5781605904583418,,0.5783170083770105,,,0.5784248413029534,,,0.5763604706134147,,0.5764064730161926,0.575161224665467,,,0.576495891941594,0.5775160186523599,0.5770896848718615,0.5776286155476917,,,0.5774490654754189,0.5773165200140777,0.5771487217992409,,0.5772780526892596,0.5762299762051316,0.5765399375068625,0.577890437341482,,0.5759715737489247,0.5769889024474262,0.5753413743036452,0.5769916646766013,0.48461303209173956,0.48416432722489344,,,0.533925619862073,,,,0.5810182623792414,0.5802491705162661,0.5796768836943498,0.5800658847536336
7,5,DG_10pct,20,Z20_F11,20,3PH,175055,181986,True,4886.63661528444,4875.206025614168,4882.004062421094,4966.899209234413,4960.317068193531,11.764574663146787,7.966070616138897,37.09492189722074,37.245414141777246,28.04328603285375,28.19307288464657,13.996281748621254,4.649133778289304,42.06084938558227,39.65951309523723,11.907463487160447,4.358729184337911,1.656108769119447,4999.680142390213,9.383079200879397,0.6994721590530548,,0.6995991627545628,0.7025118383288061,0.70184712520206,0.7005099496743352,0.6206676804518607,,,0.5187563955758142,0.5158290598921413,0.5231326906867396,0.5235102382638667,,0.5232431409878762,0.5238859661752393,,0.5237297962748481,0.5241202092801106,0.5219832798658616,0.5179766545001202,0.517154282423029,,0.5185762918731922,,,,0.5145912995942808,0.5134412303176269,0.5198766822464448,,,0.5201158458534175,,,0.4823241548006281,,0.45797920786819724,,,0.44957324598444237,,,,,0.453101296246739,0.45205373582267677,,0.45247745951867396,0.4526456732649658,,0.4530226794085503,,0.45364715338125183,0.4527362295164438,0.45224501637030334,0.4519862980903551,0.4464537924814552,0.4462949558857929,0.4453261596321804,0.44621691661250446,0.4363854854575516,0.4363982981619502,,0.4365172076248993,0.43722366130717283,0.43591616947547107,0.4369751018448034,0.43745882571889344,,,,0.43645684956651726,0.4366647962506633,0.4366626209757584,0.43702362379557025,,,,0.43785184812340033,,,0.43671642838781205,,0.43691604342761137,0.3977344368200589,0.3985062579878524,0.3979149502235666,0.06134228840760948,,0.06108294933094374,0.06085472194455821,,,0.06101523340517644,0.06177346835730507,,0.061694507624999194,0.061776114981763545,,0.06166938787617847,0.06174505242286769,0.06178112980321446,0.06160686131860191,0.06165896790309646,0.06161282201132258,,0.06165337119051596,0.06164854125729858,,,0.06159806512053538,0.06170931495393335,0.06169236178532048,0.061670617596767036,0.061592923300471655,0.06172811850330401,,0.06164986922155745,0.06155075852733253,,,,0.06158751621196495,,,0.06172142708128986,0.061596638776565564,,0.06160254094824711,,0.06162455729792953,0.06155062107206935,0.06152735106360522,0.061405964042604136,0.06145810477460723,0.06165822760197213,0.06162104841167583,0.06163867482724531,0.0616243999858857,0.06140809307699613,0.061626249258882916,0.061587137619397464,0.061814456886946416,0.06176137120026781,0.06165210788630056,0.06152135529106412,0.06166799698389811,0.061858590877804355,0.06188789636845366,,,,,0.06173694774583337,0.06160188380113537,0.06171313277941065,0.061547060324530126,0.06161840352655244,,,,0.061535753603558084,0.06151162460543779,0.06157415206713774,,,0.061489362944626764,,0.06156238697671616,0.06155337530582539,0.06174080546570304,0.061700730741593005,0.061632344949647304,0.0617848586636242,0.06142767812104679,0.061746563342108984,0.06161326159492268,0.06157420201420939,0.061692436383030166,0.06166133620616993,,0.06169833086508761,0.061570080231795915,0.06157933774749519,0.061508805272272496,,,,0.061574077439099935,0.06167585891032395,0.061581238504937755,0.061791854259102066,0.061390168354468706,0.06163781860593338,0.06164970816848141,0.06184105251733379,0.0616773795388983,0.06175994788968045,0.06161358924412365,0.061548351831085736,0.061694183717970516,0.06187804700576356,0.06177011329257347,0.06184844260625667,0.06153484070954721,0.061507659561435855,0.06134246937951395,0.06165445845628195,0.06165825880329684,,0.06141490672948718,0.061528681390191214,0.06172400367225074,0.06164364419633371,,,0.06150408672712342,0.06162486326677944,0.06156374076856538,0.06152792420517329,0.0618100593411368,,0.06150425054182649,0.06168181542165195,0.06177203581649996,,0.06160640700859574,,,0.06161452524140663,0.06162614860488969,,0.06157520613142408,,0.06164592837019301,0.09768455665185341,0.09766490520037481,0.09779130711275322,0.11247671937878412,,0.0502033468627446,,0.050039146281639066,0.05001575948874101,0.05009075159569828,0.049937630458366314,0.14077283380354536,,0.14097909828864175,,,0.14079672251423575,0.1405671929474782,0.14072559384918132,0.14083267133625849,0.14094173671869042,0.14053050263590766,0.14081471575493906,0.1410487399125287,,0.14084993051094233,0.14044487973436418,0.1405442425806866,,,,,0.14074105399682058,0.14075281165415165,0.1405028013549713,0.14075417235981613,,,0.1405099805077185,,0.14003894288639948,,,0.1406053354952487,0.1405905137317307,,,0.1404725033722153,,0.14019415293461446,,0.1206826572847935,0.12103540113102614,0.12054273082951336,0.12060650928087172,,0.12067636425583143,0.1206921498726435,0.12042236697134706,,,0.12056795571965584,,,0.12138394016847287,0.12065116841937817,,0.12061999212871724,0.12080788316433223,,0.12118016654051494,0.12061814545269513,0.12074483357072968,0.12070398771750612,0.12032892713058092,0.12056557216691856,0.12073501423737576,0.12054831640031427,0.12079234149902549,0.12060811114256846,0.12025805755692395,0.12066340452829588,,0.1404021734614878,0.1401657956837164,0.13992161977041942,,,,0.1408288283517578,0.14054613232007845,0.14067089808418262,0.14050402101381082,0.14068358817503032,,,0.12005255705977459,,0.12044732275947342,0.12083382574084868,0.12051493896574667,,,,0.12075604297442169,0.1203792910655929,0.12029671570377304,0.12018779805702857,,0.1403902362565513,0.13994074429071685,0.14048629988064693,0.14068553602704018,,0.1405588106629802,,,,0.14057715816853295,0.14024674764587425,,0.1401503281719175,0.1406743871079606,0.14052107975074357,0.14034266461512945,,0.14068180837305513,,0.14050499559874757,,0.14091584238316424,0.14001332135243078,0.1404936160334073,0.14081996100425045,0.1407549368829722,0.1405051185093296,0.1403133455299857,,0.14042959094821417,0.14066359124866196,,0.12030806817602524,0.12064353455695281,0.12016793804032089,0.12058675693859255,0.1207416991684857,,0.1206640140667317,0.12050851357223005,,,0.12068591371349051,0.12025353760307236,0.12065123420581195,,0.12030897603991535,0.12036550930974581,0.12063655366120296,0.12078653845134922,,0.12052757845534397,,,,0.12092519182853806,,0.1202558735388536,,0.12046548112288777,0.15168707352610436,0.15124110480186037,0.15160985890561082,,,0.15120387752409226,,,0.1515028023961984,0.14842206476007203,0.1483223932387927,,0.14844819919252472,,0.1483802901987091,6.896943712791469e-05,,,6.854085979060013e-05,,6.85410576048906e-05,,6.694004908380034e-05,6.69273546613746e-05,6.50254461425733e-05,6.502160008115199e-05,6.517182925586085e-05,0.05058898674986286,0.05046918446858161,0.05062861302360783,,0.05119316964254096,,,0.05159496034932369,0.05153272516458652,,0.05168593310630816,,0.05180719020290262,,0.051822443260164906,0.0517307079346527,0.05180337241761143,0.052143614059621625,0.052023033233039175,0.05173039118200407,,0.0517262549769434,,0.05182729042374302,,0.05167046308946326,,,0.05181186842251541,0.05171876004300978,,0.05175984921873789,0.05163966666301665,,,0.05172749500958091,,,,,,0.05269808966655372,0.05231262367931737,0.0527157073804361,0.05302153932139194,,0.05300623282360681,,0.05295661407174197,0.05278951103957668,,0.05296009091776447,0.05300401898198558,0.053038591799792686,,0.052687021620769416,0.05263564839457463,0.05281666094959405,,,0.05255705072214145,0.05272723547427375,0.052635721863130695,,0.052660469180502184,0.052726508753905485,0.05273496368948464,0.05269014033690887,0.05273845630863081,0.052756104065747766,0.05276721399404488,,0.05272885918449046,0.05255124798000249,,0.052800745924711234,,0.05283922783438321,,,,0.05285512431193876,,,0.0527484181300943,0.052680423797205805,0.052776383755982696,,0.052832092549967666,,,0.05279270290876832,0.052800456316653345,0.05278284844866166,0.05279756519941848,0.052726278334540466,0.05274718062382526,,0.05262295138844148,0.0529164472415476,,0.05282395572676971,,,0.052794188488395566,0.05284353489490468,0.052815677465106924,0.052716146005440126,,0.05258748552390539,,0.05276204150344459,0.052733575655836515,,0.052755619921562726,0.18921368711751013,,0.18826812324049333,0.18840224029621636,0.18785759575032293,0.18892380515589088,,0.18875762072056357,0.1883589078204075,,0.18820362857009165,,,,,0.18858384735208356,0.18866649473572558,,0.18916938865601599,,0.18829130035960417,0.18838843319575035,0.18835742040918346,0.18792396251151644,0.1892423607468809,0.1885855920446535,0.1886587091831835,0.18857658014250683,0.18876619831658417,,0.1881939661290799,0.18858662029740103,0.18860382350186997,0.18889939741614095,,0.18896092231427006,0.18883434783766626,0.18809712121531033,0.18903847135381383,0.1883272666860207,0.18806908146076837,0.18843009049891354,0.18877421781736486,0.18847372115757932,0.18817725328996288,,,0.18730454006584218,0.18817759737722023,,0.18817491208382867,0.1887431100995145,,0.18852575252752654,,,0.18871291301300389,0.18823872935488986,,0.18884272350561954,0.18881714752764753,0.18930812566017802,0.18931571863161217,0.1891292101863535,0.18813038300519994,,0.18817625448404915,0.1881113333518913,,0.18862610920371364,0.18811535266201546,,,,0.18814938809039805,0.1884467454448715,0.18840050586145585,,,0.18817720097408192,0.18842565544618672,0.18868015412160263,0.18866030602164813,0.1887606014952257,0.1888157194424271,,0.18855841069473137,0.18853725276180544,0.18872097900497134,0.18815822497930354,0.1881237663272078,0.18845233501575182,0.1886616278106336,0.18896274478994496,0.1883092382101904,0.1888031127998559,,0.18864639783426418,0.18901475924030783,0.188116867694122,,,,0.18810739268982635,0.18827038374294558,0.1884045792148823,,0.1886370398558185,0.18867741442632008,0.18814308573004918,0.1880107155984647,0.1885880068355699,,0.1875801771621127,,0.18822726588766528,,,,,0.1885921872142877,,0.18869332418878917,,,0.18880051904238693,,,,0.05042306005742799,,,0.05056890893224004,0.05046824536744009,,,,,,,0.5202156199707956,0.5199242114240124,0.5206288533665983,0.5221084268729888,,0.5195260165822081,,0.5202335972111636,,0.5195633531242284,0.5207071671642303,0.5203252581091796,,0.5215428500972875,,0.5201496083084681,,,0.5206288086290463,,,0.5193031144081404,0.5208434718861947,0.5208910874949596,0.5204027552865321,,0.5209579352250654,0.5196190202379278,,0.5219762379568669,0.5210869072700832,0.5211868944697359,0.5206707794909848,0.5183793736960255,0.5206323335866242,0.5197365047925872,,0.5190967385920774,0.5195667186990425,0.5213935932939004,0.5217011735570695,,0.5203075849174914,,,0.5192227643380523,0.5197439163156391,,,0.5209320183503622,0.5211770387819177,,,0.5207112971655788,0.5207662609390762,0.5207040914871619,0.5208050623121512,0.5210979817696937,0.520365784244229,0.5192180106726568,,0.5218060012963049,,0.5193577944146474,0.5204521031951783,,,,0.5200695577214479,0.519696729365218,0.5205808423341023,0.5198364479423482,0.5204425250954628,,0.5203880301100702,0.5208617123396471,0.520369370389047,0.5211052808221953,0.5206962567948448,0.519761711791296,,,,0.5219349146867952,,0.5194714162230083,0.5199747729677591,0.5190526640170159,,,,0.5202050209604113,0.5186660112263763,,0.5194038471722092,0.5214941204299252,,0.5200347763047137,,,0.519583947398669,0.5202106158413986,,0.5190343536459934,0.520927397496647,,0.5191805350834203,,,,0.5187954335874375,0.5208258282366894,0.520216061703526,0.520710337001697,,0.520354076517479,,0.5204476733980726,0.5208765570821862,,,,0.5209302223863697,0.5194146241574367,0.521606916759365,0.5192725423949097,0.5211010784323379,,,,0.5209303118818397,,,,,0.5208794625158988,0.5206264727822865,0.5203850443898846,0.5197143360825014,,0.5213650903462999,0.5222074060273373,,0.5213660944889632,,,0.5207445990236014,0.5203467871208965,,,,,0.5208904938001185,0.5211354113534603,0.5206836364610747,,,0.519750520381214,0.5191557165619627,0.5195106274455811,,0.5211938726953841,0.5204701558295254,,,,0.5197957251336518,,0.4156870121944025,0.41708513651933543,0.41587030431966565,0.47069322262598395,,0.46931694354716874,,0.5229581971143221,,,0.5252899821041007,0.5232142128523374
7,5,DG_10pct,20,Z20_F12,20,3PH,175056,181988,True,4368.273321236362,4347.830480197963,4385.615764726354,4418.349866881457,4395.787369334297,18.831513834126646,15.784153387241284,117.60087818559502,118.76487744732246,89.60311497728783,89.8356931372922,44.52268447972098,14.676595204627024,46.25368715243201,42.96589104725515,18.993188189000236,11.996643441392001,4.535703104531472,4539.581285479161,29.696878951732245,,,,0.7302124861927685,,0.7274406834098021,,0.5717267689827041,0.5711359837407022,0.5707171743780319,0.5716968265616198,0.5758379021312608,0.5771959463754442,0.5777024558303262,,0.5786501273179385,0.5782383191632914,0.5798328516110137,0.5760747460937437,0.57896139699318,0.5728237680459006,,0.571542175869959,,,0.5713065796230108,,,0.5670595181582039,0.5736900526723404,0.5735106975710624,0.5733285324695921,,,0.5742041886485871,,0.5152936720096576,,0.5149417881744195,0.5118091320354562,,0.5106078090097599,0.5142149282765306,0.5133391399708052,,0.5124630853692181,0.5138744324921608,,0.5133122217339188,0.5150151922763427,0.5126878517910669,0.5144990416449222,,,0.5136271095267623,,,,,,,0.5028216934171117,0.5000661127168244,,0.5003585598397472,0.5000151705065579,0.49934895828802744,0.5006621404945654,,0.5015755996841337,,0.5006928602451377,0.5020290721535577,0.5005587419681362,,0.4993571533080529,0.5010604169386972,0.5012769870152869,0.5017116403331376,0.5006804220225531,0.49962543414397476,,,0.5011284056199496,,0.46690960409649074,0.46708894544385166,,,,,0.16721612558673177,,,,0.16924285641673317,0.16936568686751938,0.16916135280752234,0.16948910933872396,0.17005088543574023,,0.1691744780142986,,0.16957191112727013,,0.1697739858469467,0.1694836016732069,,,0.16949627118569738,0.16975572565263594,0.16978059131642648,0.16951485782195092,0.16938975788592311,,0.16940556166333712,,,,0.16912880477483655,0.16965299866216552,0.1691878619322932,0.16921135826590272,,,0.1690319367659929,,0.1691300033068402,,,,0.16901288622638325,,,0.16903864803433172,0.1697814695051116,,0.16899509889466727,0.16958208201169625,0.16913930939764932,0.16968154913978054,0.1694702978552347,,0.1690494143995103,,0.16939527976048324,0.16954851555932193,,,0.16899150079065128,,0.16967740890265848,0.1692671361268556,0.16970526544902478,,,0.16962794692141728,0.16924623395637303,0.16960831823908362,0.1695926176596491,,,0.16961620393966279,0.1694638387664452,0.1688266218265845,,0.1689292482598031,,0.1687262171976984,0.16979468366872738,0.1690869872208036,,0.16925708983028304,,,,,0.16923061624401897,0.1696965354279067,0.16881332230666607,0.16959771690926895,,,0.169895303294722,0.1692456926750827,0.16961115344790592,0.16915523266527444,,0.16929256733815864,0.16958690111888863,0.16940285866523788,0.16984076855679867,0.16946754921114032,0.16987514226858139,0.16985531207582794,,,0.1697832709809861,,,,0.16982179107204365,0.16983381844704695,0.16927111014337162,,0.16959382025827982,0.16962552446903809,0.16901661203001359,0.16971412538620348,0.16937234872833412,,,0.16981214114782234,0.1690201700566365,0.16938720340497834,,0.1690907655765359,0.16954729807121832,,0.1696649745585967,0.16953616814318154,0.16965805787266736,0.16943606618078222,,,0.1696522882410991,0.16989222427214198,0.16925305543486102,0.16910423763842422,,,0.16901461822130565,,0.1692035682695952,0.16954529725585035,0.16971623446409398,0.1945167146966164,0.19473481413660793,,0.20924565738972803,0.1593674295435965,0.1590402983871152,0.15856240681303913,0.15881649531121889,0.1590795576448618,0.15878995025707685,0.1589707690068163,,,,0.2327180591243848,0.23242684671517277,0.2324290331307706,0.23196017302876398,,,0.23229937332126963,,,,,,,,,0.23277347419080854,0.23228857524375765,0.23223569829292243,0.2332908227105501,,0.23182384712780768,0.23239081249744376,0.23189327302303864,0.23272290904936585,0.2318509514210367,,0.23202244931484725,0.23155494892782602,0.23230091235377834,,0.23303949951894248,0.2326922455310408,0.23213991750779386,,0.23257934698931312,0.23192011259415782,0.23289885067085336,0.21652669294784063,0.21583035417448634,0.2168295502197461,,0.21673920371452404,0.21618729904683276,0.21656009869920745,0.21623932817089483,,0.2159869683774131,0.21672083936435801,,,0.21646049882573248,0.2170334540464856,0.21688381971021012,0.21585836476063494,0.21641697017608763,0.21607489153962484,,,,,0.21636682973932017,0.217014698186127,0.21648056249331907,0.2158784394471692,,0.21586092637207555,0.21655119570911419,,0.21665448126091277,0.2318663499233119,,,0.2320288682792252,0.23206063591143486,0.23240671508308647,0.2324852436608687,0.23214751335897182,,0.23170683690230146,,0.21617234709075972,,,0.21665390855461986,0.2158375748152628,,0.21552824866736614,0.21615684304401228,,,0.21563005152461875,,0.21583713305613478,0.21546519901791533,0.21599461645206128,0.2323824345238157,0.23164666269534062,0.23144948273924396,0.23248710375482196,0.23211687347388338,,0.23173832009628761,,0.23191902607833909,0.23173532935143612,,0.23260942495139242,0.2335281616851187,0.23186948450666575,0.23256645105831947,0.2319308789235245,0.23209090223434742,0.23262544863854617,,,0.23194798291434712,,0.23212336115514257,,,0.23246891645139497,0.2326144322434256,,,0.23221650064643068,0.23181906853530365,0.21628673272326063,0.21634794934356488,,0.21624332126930354,0.21574707729701284,,0.21625482402937113,0.2162491228212651,0.21564209685066182,,0.2160486450881834,,,0.2159571424014404,0.21626190002243934,0.21607185860752673,,0.21582662382483028,,,,0.21602582610690793,,,0.2167992202697768,,,0.21612816870102805,,,0.24083637413053757,,0.24137264866342587,0.24108975585952158,,0.24153908995079468,,0.2407856921415062,0.23579887861605345,,0.23661461835345896,,0.2357871762532715,0.23604904469681817,,,,,,,6.102472873864294e-05,6.0927716362267785e-05,6.092750221113296e-05,5.909822879598253e-05,,5.9198385725514725e-05,0.1612028017334382,0.1608210380324017,0.16012680570107746,,0.1626947761595204,0.16335723933527493,0.1638303400064576,,,,,0.16391891955032195,0.16381061329911445,0.16462900319048956,,0.16421526535881087,,0.1655924777419713,,0.16438234803104385,0.16455308688150871,0.1638850212133197,0.16430369653397048,0.1646140729571003,0.1640572388472402,0.16426076325823832,0.16458895845872035,,0.16488772036055824,0.16398407891026096,0.16382589419865645,,0.16418899502646214,0.16441416901642894,,,0.16369130635984627,,0.16738871231938496,0.16725461474918854,0.16752863373540408,0.1669022971318357,0.16615805301819958,0.1683686773601227,0.1684126818707762,0.16771986406659398,,,0.168341673467858,,,0.1674761414153149,0.16802356755143863,0.16797566116998586,0.16824917394552,,0.16760074899511343,,,,0.16714492126094094,0.16727149995839435,0.16737990545687687,0.167339219289281,,,0.16785717148130394,,0.16742024879803064,0.16735078437460416,,,0.16706800616090065,0.16766964097255674,0.16700904791870935,,,0.16733938596420753,0.16672561846128198,,0.16757726752768556,0.16763075306493613,0.16657121419866275,0.16695799850859308,0.1671643567774229,,0.16677788126342888,0.16753071117126422,0.16697131558054276,,0.1679505944128314,,0.16694704594502033,0.16805562051435954,0.1679813085815952,,,,0.16755534137194142,,,0.1672890063408141,0.16719108437918467,,0.16747143437823353,,0.16768170912197708,,0.16724389365930997,0.16793537747588586,0.16764967196265204,0.16760969219884475,,0.16778065813019596,0.16763375493654428,0.27119184902392707,0.27083676704748244,0.27183021750666064,,,0.2713037180132241,0.270635697626897,,0.2715351106068452,0.27065583671560534,0.27059876107540887,0.2705930222045515,,,0.2713546268401551,0.27150598923669683,,0.27194966624696326,0.2709954538110982,0.2709283855686861,0.2706218386470019,,0.27125111765827725,0.27050377905287887,,0.2717821372774211,0.27107592712986567,0.2705996613958611,,0.2718240428778837,0.27067639707729935,0.27203975962715155,0.2715003151537504,,0.271493187159799,0.27157560502488537,,,0.27165310348883814,,,0.2702123497219634,,,,0.270235604179058,,0.2700050367838829,0.27071155963148336,0.27058116280509736,,0.2707025016027172,0.270752176691193,,,,0.2707658527205085,0.2716493851638689,0.2714829361711027,0.27058803122980163,,0.27220897825650286,0.2713231859726873,0.27091516817329087,0.27084669387861865,,0.2704710647781003,0.2704107971746912,0.27113548586660363,0.27173675972074374,0.2705193921368075,0.27138400045813615,0.2703359542042427,0.27094859013369954,0.2711697851889047,,0.2722289597999666,,0.2709978352985548,0.2714336676848552,0.27146398960119755,0.2721701668651785,0.27124502311586624,,,,0.2717620819807444,,0.2719881060447233,,0.2705038293871987,0.27072799612314813,0.2710354902449627,0.27146105500272966,0.27194005797946674,0.2719171549187718,0.27148606498381983,0.2708940360041206,,,,,,,,0.27085017508766573,,0.2705766194993808,,0.2713192585048681,0.27072178379615086,0.2708499185968285,,0.27033089857305936,0.27049860448095475,,,0.27013801927455866,,0.2705185322120908,0.27124782725132984,,,0.2705097406058804,,0.2710480895674492,0.271297305596691,0.27119170011317756,0.16007154791294476,0.16006291909034734,0.1599122069710809,0.15988270189532464,,0.1604618655489444,0.528581360458016,0.5976047497652065,0.5253974316280603,,0.5257060345261504,0.16670642321766485,,0.572847934983586,0.573982412174302,0.574097197768352,,,0.5716116396171731,,,0.574894298603451,0.574681185872965,0.5731650378106043,0.5728214144158505,0.5734906151674977,0.5746837349102446,,,0.5743674822401831,,0.5730917183309899,,,0.5754476459308767,0.5731093978092956,0.5721179254494959,,0.5739290014411631,,,,0.5751308782802667,0.5726615685077572,0.5740427498748557,,0.5727719790206321,0.5728720906795262,0.5730691258704842,0.5741761805918586,,0.5753521846861015,,0.575127439538955,0.5731344725552994,,0.5752259598148607,,0.5731826076166294,,,,0.5737139323891116,0.5739787816241675,,,0.5736505003535323,,,0.5720459904752776,0.572471939610597,,,,,0.5738650636572926,0.5731426807588945,0.5721219303912434,0.5748589401379468,0.5753771078927203,,,0.5733314012155539,0.5739853611258005,0.5730588686552168,0.5751696866796632,,,,,0.5741717952713421,,0.5757080208142361,0.574467610096004,,,,0.5742123196331864,0.5743323996665969,0.5750973741334469,,,0.5737341409937076,,0.573591798336369,0.57423606379821,0.5739552705747726,,0.5735650433133521,,0.5729453782845166,0.573884208982845,0.5743347556694967,0.573432267268842,,0.5720548537163789,0.5730256908273516,0.5738355149576926,0.5733990495926031,0.574043216915897,0.5740976996382486,,,0.5746843086733725,,0.5739787131329008,,0.5723671210041225,0.5729412948314169,0.5744552956443613,0.5747127114425954,0.5724900291916035,0.5739340053605864,0.5742615026963355,0.5744187237053994,0.572915569246505,,,0.5724242012409279,0.5724660938835784,,0.5734101828886113,,0.5737120295118716,0.5737204781010059,0.5744167964247829,0.5743595573678316,0.5739000087144507,,0.5741016288116244,0.574971422462314,,0.5746502600768979,0.5725590094013235,0.5725298153133286,0.5758967043046996,0.574285082303863,0.5763877034335028,,0.5738006680566543,0.5747225799677262,0.5729601159009542,0.572202276462616,0.5749955566553026,0.5730088537059381,0.5748763420450709,0.574468202747655,,0.5737735870729339,,,0.5749895101501543,0.5734805346527685,0.5738164735664588,0.5757225741619957,,,0.5737306845035465,,0.5750279780817804,0.47971804051882483,0.48099248701494074,0.48047467189801185,,0.528305987622656,0.5281236747537782,0.5779864375499284,0.5765992626345968,,,,0.5771656749708874
