k_run,scenario_id,scenario_label,n_dg_buses,fault_id,zone,fault_type,fault_line,fault_bus,converged,RFI1,RFI2,RFI3,RFI4,RFI5,RFI6,RFI7,RFI8,RFI9,RFI10,RFI11,RFI12,RFI13,RFI14,RFI15,RFI16,RFI17,RFI18,RFI19,RFI20,SM_1,SM_2,SM_3,SM_4,SM_5,SM_6,SM_7,SM_8,SM_9,SM_10,SM_11,SM_12,SM_13,SM_14,SM_15,SM_16,SM_17,SM_18,SM_19,SM_20,SM_21,SM_22,SM_23,SM_24,SM_25,SM_26,SM_27,SM_28,SM_29,SM_30,SM_31,SM_32,SM_33,SM_34,SM_35,SM_36,SM_37,SM_38,SM_39,SM_40,SM_41,SM_42,SM_43,SM_44,SM_45,SM_46,SM_47,SM_48,SM_49,SM_50,SM_51,SM_52,SM_53,SM_54,SM_55,SM_56,SM_57,SM_58,SM_59,SM_60,SM_61,SM_62,SM_63,SM_64,SM_65,SM_66,SM_67,SM_68,SM_69,SM_70,SM_71,SM_72,SM_73,SM_74,SM_75,SM_76,SM_77,SM_78,SM_79,SM_80,SM_81,SM_82,SM_83,SM_84,SM_85,SM_86,SM_87,SM_88,SM_89,SM_90,SM_91,SM_92,SM_93,SM_94,SM_95,SM_96,SM_97,SM_98,SM_99,SM_100,SM_101,SM_102,SM_103,SM_104,SM_105,SM_106,SM_107,SM_108,SM_109,SM_110,SM_111,SM_112,SM_113,SM_114,SM_115,SM_116,SM_117,SM_118,SM_119,SM_120,SM_121,SM_122,SM_123,SM_124,SM_125,SM_126,SM_127,SM_128,SM_129,SM_130,SM_131,SM_132,SM_133,SM_134,SM_135,SM_136,SM_137,SM_138,SM_139,SM_140,SM_141,SM_142,SM_143,SM_144,SM_145,SM_146,SM_147,SM_148,SM_149,SM_150,SM_151,SM_152,SM_153,SM_154,SM_155,SM_156,SM_157,SM_158,SM_159,SM_160,SM_161,SM_162,SM_163,SM_164,SM_165,SM_166,SM_167,SM_168,SM_169,SM_170,SM_171,SM_172,SM_173,SM_174,SM_175,SM_176,SM_177,SM_178,SM_179,SM_180,SM_181,SM_182,SM_183,SM_184,SM_185,SM_186,SM_187,SM_188,SM_189,SM_190,SM_191,SM_192,SM_193,SM_194,SM_195,SM_196,SM_197,SM_198,SM_199,SM_200,SM_201,SM_202,SM_203,SM_204,SM_205,SM_206,SM_207,SM_208,SM_209,SM_210,SM_211,SM_212,SM_213,SM_214,SM_215,SM_216,SM_217,SM_218,SM_219,SM_220,SM_221,SM_222,SM_223,SM_224,SM_225,SM_226,SM_227,SM_228,SM_229,SM_230,SM_231,SM_232,SM_233,SM_234,SM_235,SM_236,SM_237,SM_238,SM_239,SM_240,SM_241,SM_242,SM_243,SM_244,SM_245,SM_246,SM_247,SM_248,SM_249,SM_250,SM_251,SM_252,SM_253,SM_254,SM_255,SM_256,SM_257,SM_258,SM_259,SM_260,SM_261,SM_262,SM_263,SM_264,SM_265,SM_266,SM_267,SM_268,SM_269,SM_270,SM_271,SM_272,SM_273,SM_274,SM_275,SM_276,SM_277,SM_278,SM_279,SM_280,SM_281,SM_282,SM_283,SM_284,SM_285,SM_286,SM_287,SM_288,SM_289,SM_290,SM_291,SM_292,SM_293,SM_294,SM_295,SM_296,SM_297,SM_298,SM_299,SM_300,SM_301,SM_302,SM_303,SM_304,SM_305,SM_306,SM_307,SM_308,SM_309,SM_310,SM_311,SM_312,SM_313,SM_314,SM_315,SM_316,SM_317,SM_318,SM_319,SM_320,SM_321,SM_322,SM_323,SM_324,SM_325,SM_326,SM_327,SM_328,SM_329,SM_330,SM_331,SM_332,SM_333,SM_334,SM_335,SM_336,SM_337,SM_338,SM_339,SM_340,SM_341,SM_342,SM_343,SM_344,SM_345,SM_346,SM_347,SM_348,SM_349,SM_350,SM_351,SM_352,SM_353,SM_354,SM_355,SM_356,SM_357,SM_358,SM_359,SM_360,SM_361,SM_362,SM_363,SM_364,SM_365,SM_366,SM_367,SM_368,SM_369,SM_370,SM_371,SM_372,SM_373,SM_374,SM_375,SM_376,SM_377,SM_378,SM_379,SM_380,SM_381,SM_382,SM_383,SM_384,SM_385,SM_386,SM_387,SM_388,SM_389,SM_390,SM_391,SM_392,SM_393,SM_394,SM_395,SM_396,SM_397,SM_398,SM_399,SM_400,SM_401,SM_402,SM_403,SM_404,SM_405,SM_406,SM_407,SM_408,SM_409,SM_410,SM_411,SM_412,SM_413,SM_414,SM_415,SM_416,SM_417,SM_418,SM_419,SM_420,SM_421,SM_422,SM_423,SM_424,SM_425,SM_426,SM_427,SM_428,SM_429,SM_430,SM_431,SM_432,SM_433,SM_434,SM_435,SM_436,SM_437,SM_438,SM_439,SM_440,SM_441,SM_442,SM_443,SM_444,SM_445,SM_446,SM_447,SM_448,SM_449,SM_450,SM_451,SM_452,SM_453,SM_454,SM_455,SM_456,SM_457,SM_458,SM_459,SM_460,SM_461,SM_462,SM_463,SM_464,SM_465,SM_466,SM_467,SM_468,SM_469,SM_470,SM_471,SM_472,SM_473,SM_474,SM_475,SM_476,SM_477,SM_478,SM_479,SM_480,SM_481,SM_482,SM_483,SM_484,SM_485,SM_486,SM_487,SM_488,SM_489,SM_490,SM_491,SM_492,SM_493,SM_494,SM_495,SM_496,SM_497,SM_498,SM_499,SM_500,SM_501,SM_502,SM_503,SM_504,SM_505,SM_506,SM_507,SM_508,SM_509,SM_510,SM_511,SM_512,SM_513,SM_514,SM_515,SM_516,SM_517,SM_518,SM_519,SM_520,SM_521,SM_522,SM_523,SM_524,SM_525,SM_526,SM_527,SM_528,SM_529,SM_530,SM_531,SM_532,SM_533,SM_534,SM_535,SM_536,SM_537,SM_538,SM_539,SM_540,SM_541,SM_542,SM_543,SM_544,SM_545,SM_546,SM_547,SM_548,SM_549,SM_550,SM_551,SM_552,SM_553,SM_554,SM_555,SM_556,SM_557,SM_558,SM_559,SM_560,SM_561,SM_562,SM_563,SM_564,SM_565,SM_566,SM_567,SM_568,SM_569,SM_570,SM_571,SM_572,SM_573,SM_574,SM_575,SM_576,SM_577,SM_578,SM_579,SM_580,SM_581,SM_582,SM_583,SM_584,SM_585,SM_586,SM_587,SM_588,SM_589,SM_590,SM_591,SM_592,SM_593,SM_594,SM_595,SM_596,SM_597,SM_598,SM_599,SM_600,SM_601,SM_602,SM_603,SM_604,SM_605,SM_606,SM_607,SM_608,SM_609,SM_610,SM_611,SM_612,SM_613,SM_614,SM_615,SM_616,SM_617,SM_618,SM_619,SM_620,SM_621,SM_622,SM_623,SM_624,SM_625,SM_626,SM_627,SM_628,SM_629,SM_630,SM_631,SM_632,SM_633,SM_634,SM_635,SM_636,SM_637,SM_638,SM_639,SM_640,SM_641,SM_642,SM_643,SM_644,SM_645,SM_646,SM_647,SM_648,SM_649,SM_650,SM_651,SM_652,SM_653,SM_654,SM_655,SM_656,SM_657,SM_658,SM_659,SM_660,SM_661,SM_662,SM_663,SM_664,SM_665,SM_666,SM_667,SM_668,SM_669,SM_670,SM_671,SM_672,SM_673,SM_674,SM_675,SM_676,SM_677,SM_678,SM_679,SM_680,SM_681,SM_682,SM_683,SM_684,SM_685,SM_686,SM_687,SM_688,SM_689,SM_690,SM_691,SM_692,SM_693,SM_694,SM_695,SM_696,SM_697,SM_698,SM_699,SM_700,SM_701,SM_702,SM_703,SM_704,SM_705,SM_706,SM_707,SM_708,SM_709,SM_710,SM_711,SM_712,SM_713,SM_714,SM_715,SM_716,SM_717,SM_718,SM_719,SM_720,SM_721,SM_722,SM_723,SM_724,SM_725,SM_726,SM_727,SM_728,SM_729,SM_730,SM_731,SM_732,SM_733,SM_734,SM_735,SM_736,SM_737,SM_738,SM_739,SM_740,SM_741,SM_742,SM_743,SM_744,SM_745,SM_746,SM_747,SM_748,SM_749,SM_750,SM_751,SM_752,SM_753,SM_754,SM_755,SM_756,SM_757,SM_758,SM_759,SM_760,SM_761,SM_762,SM_763,SM_764,SM_765,SM_766,SM_767,SM_768,SM_769,SM_770,SM_771,SM_772,SM_773,SM_774,SM_775,SM_776,SM_777,SM_778,SM_779,SM_780,SM_781,SM_782,SM_783,SM_784,SM_785,SM_786,SM_787,SM_788,SM_789,SM_790,SM_791,SM_792,SM_793,SM_794,SM_795,SM_796,SM_797,SM_798,SM_799,SM_800,SM_801,SM_802,SM_803,SM_804,SM_805,SM_806,SM_807,SM_808,SM_809,SM_810,SM_811,SM_812,SM_813,SM_814,SM_815,SM_816,SM_817,SM_818,SM_819,SM_820,SM_821,SM_822,SM_823,SM_824,SM_825,SM_826,SM_827,SM_828,SM_829,SM_830,SM_831,SM_832,SM_833,SM_834,SM_835,SM_836,SM_837,SM_838,SM_839,SM_840,SM_841,SM_842,SM_843,SM_844,SM_845,SM_846,SM_847,SM_848,SM_849,SM_850,SM_851,SM_852,SM_853,SM_854,SM_855,SM_856,SM_857,SM_858,SM_859,SM_860,SM_861,SM_862,SM_863,SM_864,SM_865,SM_866,SM_867
4,4,DG_8pct,16,Z01_F01,1,SLG_A,215299,318412,True,1060.3958677672965,980.155855123921,984.2497024808588,634.1713534196795,638.5727702585782,66.65533208815094,14.625907877212603,531.8384774563973,542.0897518956739,225.3559883071725,226.4514365196522,152.7935879170281,4.574022330565025,11.592810752137531,17.368150105576703,16.020268212206336,54.934228809869666,25.973673568252206,48.62762724909113,159.21939774166617,0.46658326815943046,0.4663034369107004,0.46555986384611475,0.0016208209117869888,,0.8050971607487516,0.8157660341819116,0.4651666449901243,,0.46389149824515596,0.8060994214777979,0.00591711834019784,,,,,,,,,0.46391751198496056,,0.4640779045706664,,,,0.4588363611670275,,0.4583443575828868,0.4667648669420772,,0.4659041000687751,0.4664029374788373,,,0.006518128582952466,0.4594220407927053,0.4607915332492922,0.46075757117270577,,0.4696887896059194,0.46932888878289136,,,0.47087352265000837,0.47268572175566737,0.4726075623793302,,,,0.47161199657559233,,,,,,,0.007062667123305981,,0.8226549491747193,0.8163147740829193,0.007228253542424044,,,0.007234837167463757,0.007238608808695379,0.0072196866407895945,0.007237650825373829,0.0072329103458640106,,,,0.007223897167683722,0.007230717896368812,0.007232883759678282,0.007236073911804522,0.007220961010127803,0.007254423355134291,,0.007241288259038056,0.007222464360061958,0.007223444978141746,0.007268263084696715,,0.007226701893198353,,,,,0.48300535621541796,0.4819214118752505,,0.48221198362634693,0.48105372671366997,,0.010428174140790858,0.010419362047519936,0.010482271015177088,0.010436784478423918,,0.010435633118168043,0.010443204839336213,0.010436431995995915,0.010453705178556651,0.010439544288385087,,0.01045053332266414,0.010424713571708532,0.01045517041149811,0.01045315604500045,0.010424536659620651,,0.01044339387249062,0.010435546678773545,0.010409155771590569,,0.01043318238013974,,,,0.010432097709414416,,0.010448355141289646,0.010430519354594084,,0.010412966427221757,0.010423256923591025,,,0.010442028193466195,0.010446877869457343,0.010445304412879287,,,,0.010424857050225413,0.010405673572256304,0.010421825654684368,0.8405999558558221,,0.8443406791058414,,,0.8431381333339942,0.8432304067694182,0.845888773330582,,,0.8420968032575084,0.8453572607007053,0.8473165988294221,,0.8442743503479895,0.8447160459299368,0.8432023993088057,,0.8455892193658655,0.8451995242797936,0.8411496632456128,,0.8430641022200218,,0.8447684563128817,0.8429745189846732,,,0.8446445770248717,0.8439787396183098,,,,0.8433388808090999,,0.8436850048569656,0.8431202612665261,0.8431284654978252,,,,,,0.8427901782038064,0.8438883151956547,0.8535219163670679,,,0.8551652174343182,0.8518747390615822,0.8552983921071411,0.8525641025689339,,0.8546649629444901,0.8546792562696557,0.8548515439839236,0.8541006946611135,0.8536430932632467,0.8565999396806213,,0.8565158380224239,,0.8545633218532904,,,0.8551841493508583,0.8543799843419796,0.8521695416045162,0.8584097580228569,,,,0.8530224320253729,0.851345624677878,,0.8545820002578864,,0.8514581777054046,0.8545880877429631,,0.8521023023815729,,0.8502737383467698,0.8512941697694406,0.8528504060578211,0.8555087787200518,,0.8524225531024135,,0.8525089492244293,0.8536772884095994,,0.852387060253731,0.8521705356562913,0.8536420373687276,0.8521898273686367,,0.8551911056682062,0.46928894883636674,0.4698196939759823,,0.010190801125171343,0.010381996960399984,,0.4836433872217555,0.48462475144383477,0.48359594382108007,0.48383713503074843,,0.0100606449283106,0.010058143088557603,,,0.010068602164895598,,,,,,,,0.010063449584255575,,0.01005589696084922,0.01004795662549382,0.010048199350702667,0.010041001454593934,,0.010084054038594007,0.010064967216551497,,0.010071219323097444,0.010065278520900587,0.010032871865614926,0.010028419987963133,0.010031153073562424,,,0.010044154226593875,0.010071405198813348,0.010048464946638897,0.0100231542011289,0.010072370089552167,,0.01007504237093566,,0.010051182851690427,,,0.010165046627106593,,,0.010177880859043552,0.010162409780562782,,0.010174104649129592,0.010190674838533554,,,0.010182975719559863,,,0.01018327003134524,0.010189870419492477,,0.010204919885054568,0.010178200294756629,,,0.010167003776705222,,0.010141298265132498,0.01014711739944626,0.010142967753369134,0.010195226303941096,,0.010192095888636215,,,0.010178615261404728,,,0.841077137438134,0.8417914889280173,,,,0.8417322181005298,,0.8419330085178881,0.8409639114673456,,0.8412715550761921,,,,0.8401099557243378,,,0.8406698370753859,0.842065016329652,0.8423841382532619,,0.8397867477901548,,,,0.8404911773380602,0.8406864045879034,,0.8414093095772209,0.8415448357925533,,0.8415021596071577,,0.8419686410573899,0.8408678516308278,0.8426897293642538,0.842712779789336,0.8414333724184558,0.8425721274476642,0.8414068791731774,0.8429561078574231,0.8423504125863399,0.8426846121880429,0.8414299835379342,0.8412432554608715,0.8404213792054748,,0.8441201848649159,,,0.8428395344936912,0.8410396525392473,0.8428442080476642,0.8412018316136612,0.841572293975867,,0.8405911590842124,0.8395547480500453,,0.8411039416433129,0.8390987888704633,0.8390074139198613,,0.8404663088912939,0.8432743781995095,,0.8405207218670001,0.8412792746100186,0.8406199628919618,0.8441746384642381,0.8416520125764866,0.8420123262584696,,,,0.8421995190688155,,,0.8437537076676349,0.8420515631218402,,,0.8435202981358667,0.8418235197649819,,,,,0.8517762553526875,,,,0.010000362010752894,,0.4765007978968082,0.47615836685054264,0.47519223716484243,,,,0.010398559395579128,0.8511413478254,0.8394705780341253,0.4810081730201935,0.48027560714273543,0.4814359437706334,,,0.46958769821244506,,0.45801332223051333,0.45773250598362114,0.011012933611336212,0.8540447150132096,0.8436492847502054,0.011295322961397809,,,0.01136640224322535,,0.8599334185870865,,0.868307976304995,,0.8656526485198941,,0.011426583087127289,0.8624488641939342,0.8594136197164123,,0.8707404673709399,0.4946842859541043,0.4947235537565223,0.49435901354735295,,,0.49487321673161316,0.4957042849563129,0.4951367197096248,0.49449871529327327,0.49521498309772455,0.49358321039402436,0.49483078422253673,,,,,,0.49500781486406614,0.8690154879215347,,,0.8703642070319246,0.8682501994335372,0.8643288072037625,,,,,0.8809211883691256,0.8794564914311459,,,,0.8740963371097942,,,0.5015145385279132,,,0.5017343078383387,0.5027665363304833,,0.5014905372882626,,0.5016868554690824,0.5027724502084101,0.5021888597813555,,,0.5002686410818609,0.5003174952914454,0.49955207301515775,,0.5016455538478508,,,0.5023991343884364,0.5014291818921899,0.49994680394987,0.5001119990292624,0.5004678175002467,0.5006278295630916,0.4992999970937117,0.5014193898043469,0.5009386137993085,0.5020003579404031,,0.4984203409241194,,,0.5010741650174159,0.5011437098743159,,0.5011364952233117,0.501355158711757,0.5005305564335284,0.5005297957977203,0.5005810759767053,,,0.49957633091787007,0.5014034754941962,0.500198873909637,0.5006998336814863,,,0.5019535181076541,,,,0.5007951249561151,,,0.5010889857684246,0.500369281675482,0.501485735797917,0.853017977594673,0.8522417855577937,0.8508497697234323,0.8516270309998241,0.8535622687577381,0.8497646350267087,0.8509867824976056,,,0.8492358585340979,0.850573093245256,0.850843746934301,,0.009604240886673982,0.00958284671539733,,,,0.009594265419263913,0.009602742999621437,,0.009598457809237036,,0.009593296005513079,0.009598925790518823,0.009604749186963442,,0.00958563809829985,0.009590449111644257,0.00958453780554508,0.009603786248369987,0.851507386710045,0.8530146080612644,,0.8511083017935114,0.853351089393248,0.8527158461859038,0.8516139427655425,,0.8400607740383117,0.8391956620676299,0.8386210053659376,,0.8387880598999414,,0.8379608457471892,0.8365083749678045,,,0.8375645427703929,0.8391548770902656,0.8381352215593719,,,,0.009566694600810308,,0.009582059332247496,,,0.009608354870677818,0.009601134076615708,,0.009601232930628797,0.00959047226517703,0.009475237233071395,,0.009558875648262676,,,0.840908741303744,0.8386397760204162,0.8426537730282945,,0.8399143901596787,0.8522392422233857,,0.8526543759216744,,0.8506128422579416,0.8511177544662495,0.8519855784621624,0.8537628214406897,0.8529064561856288,0.8492818666070509,0.8536439927884499,0.8524657887715017,0.8508210498712846,,,0.8507279573774996,0.8512202529253879,,,,0.8493417761219495,0.8525142844493404,0.8518164999859938,,0.8530759381930337,0.852737956426771,,,,,,0.8413185040963318,,,,0.8380879967184619,0.8396702923508026,0.835663149212213,0.8350961243450948,0.8351894251924856,,0.8399569302537807,0.8413692710650514,0.8373267712355716,,,0.8360305398751997,,,,0.8361919018214954,0.8368598706949244,0.8371946555324139,0.48824040328638585,0.4868894130165162,,,0.48815951317503486,,,,0.46931112285498894,0.47155141114881344,0.4693223400985483,0.011661170137458135,0.46758097159386075,0.4659068072220847,0.4674989204222619,0.46676898373301584,0.46716103260549346,0.46694748006729064,0.46581013367880575,0.46808851307493543,0.4656106242532327,,,,,,,,0.4658606019089943,,,0.4665254547569325,0.4655256135411298,0.46760406846347297,,,0.4654859317976465,0.46699967877864446,0.4669786912221925,0.46814243658353727,0.46688589395362673,0.4682122364745746,0.46563869398274027,,0.4678770429670738,,,0.4670086529549832,,0.4682989681077777,,0.46674713707282917,0.4671948668748056,0.46820334225924143,,0.4669231640382334,0.4665331843221157,0.4667466860100556,0.46793316370048943,0.46630674959192564,0.4669835916511179,0.4669286518116567,,0.466682797493604,0.4665695721572204,0.46707347072587474,,,0.4659001852068242,,0.4659556899252709,,0.4664136181460593,0.4656089959099408,0.4664814342216804,0.46693955821199873,0.4668997308041908,,,0.4657621896100618,,,0.468058534351493,0.4679253939968073,,0.4678913857480693,,0.4664429032289037,0.4670443029284274,0.4659445343136334,0.46657604589718016,,,0.46738283970575956,0.46766241161425476,,,,,0.46633970736498254,0.4681128421596285,,,0.46685496201022797,0.46596680972109916,,,,,,,,0.46632868011067324,0.4673920711868228,0.46625546116614264,,0.4670346268600973,0.4668302625478597,0.46695593800427165,,0.4685350685296676,,0.46573729626926846,0.46576626916704017,,0.4668067106216738,0.46616168307159594,0.4659345410264901,0.46756848043735777,,0.46696027102655097,0.46553230155784275,0.466136112928724,0.46697037463257246,,,0.46777923201726007,,,,,0.46534261562950613,0.46694395426329705,0.4668462187604994,0.46696013605090825,0.4662281333097846,,,,0.46729385427192455,0.46612328832389216,0.4663566257594565,,0.4667896075849291,0.46544043302414384,0.4658064722513311,,,,0.4663756769682437,0.4660497739357457,,0.466344004843365,0.46747357713886045,,0.4664680906999655,0.4658609977441589,0.46616048939032956,0.46584479948233687,,,,0.46627592523912087,0.4679363315043948,,,,0.46676969739798,,,,0.4636866869485901,0.46275632805454225,,0.8233793877910959,0.8125468330972982,0.005923110198969821,,,0.8192316223528796,0.8121460492151445,0.8112220696824992
4,4,DG_8pct,16,Z01_F02,1,SLG_A,333,CKT7,True,1062.042404012992,988.013897851874,985.4070152802566,632.9647849192903,642.5975817347733,66.4486687253566,14.597717022461534,531.2814723667002,539.3061294863727,224.43957293859322,225.2287209577038,152.70821909975456,4.594431614788039,11.598209224961952,17.464984299389165,15.993631625022417,55.015609900672544,25.82374195254484,48.6561941681484,159.39535004331537,,,,,,,0.8137182452379619,0.46492728804973876,0.46411539212644803,0.46579806791677103,,,0.005937248288207235,0.005934521192552356,0.8189040906172831,0.8177733663332735,0.8169507338027195,0.812961532128462,,0.8114534690603135,0.46320224932265935,0.4647824198170974,,0.46555963241536624,0.465627899613627,0.4649975178279372,0.4601770178193546,0.45973548222911764,,0.4671824664162396,,0.46653115175025156,,,0.46781549053427546,,,0.4614419796215907,,0.4699455792204833,0.4695168046416609,0.4692886122883572,,,0.47279583657548263,0.4715235628172059,0.47309706898843845,,,0.47157160548950944,0.4715465006612255,0.47184770391153363,,,,,,,,0.825264935805298,0.8149976336132215,,,0.00723033739064256,0.007221905471208439,,,0.007243810799260392,,0.007244248879527496,0.007210455064729976,0.00723374698032056,0.007227914222277945,0.007212485207481515,0.007219450373508493,0.007233179819464585,0.00725762300901112,,,,0.007216624281750622,0.007212702113667912,,0.0072160861624335155,,0.47011302971351443,0.4687268984612206,,0.845779295234479,0.4826209746518975,,,,0.48151680188819895,0.48071100984252946,0.010415146790113076,0.010448575442897007,,,0.01042033273966888,,,,0.010445855810723135,,0.010417176948187638,,,0.010425709868580916,,,,0.01046987808739015,0.010448870705963946,0.010452491453281402,0.010440455544973656,,0.010431599275416857,0.010438326738780875,0.010467395643843634,0.010449312336956859,,0.010430932497840632,,,0.010434742427783595,,0.010400566543373891,0.010433395396910686,0.010435342580950482,0.010400544750608986,0.010460288420702778,,0.010443074784716705,,,,0.010428502596225108,,,0.8441515879671639,0.8427381758814099,0.8434406165807642,0.8445941942583621,,0.8413744831586946,0.844087065174419,,0.8430672990082334,0.8427917063692704,,0.8447244271742955,0.8435024430390115,0.8447683746314132,0.8436353272460644,,0.8428864572711007,,,,0.8416701760567112,0.8429141960897087,,0.8446366580149224,0.8430816692306561,0.8458132943304155,0.8435848888813616,0.8439460010724495,0.8453175623977733,0.8441103823979322,0.8428045123451701,,0.8426710816963171,,,,0.8411355254326212,0.8442119363678879,0.8426671931710826,0.8419888805171492,0.8440057816093133,,,0.8537545257403086,,0.8535761792561039,,,0.8539692032289394,0.8546613499759366,,0.8553781872748655,0.8539439785277138,0.8551576655374693,0.8547376231102625,0.8539490987727056,0.8510497372241407,,0.8527536566164821,,0.8538541131967853,0.8539661974613293,0.8545928652491818,,,0.8504323970464734,0.8513267023690367,0.8514004882778083,0.8545159953982574,0.8524820616746909,0.85562304461364,,0.8534316528449164,0.852654698980819,,,,,,0.8528239356007153,,0.8541248578950085,0.8510758002631018,0.8537112380700459,,,0.8543034005987391,0.8538735165395333,0.8528376407083433,0.8556484254117566,,0.8529462203520467,0.8485081401772893,0.8538543448631966,,0.8514705720594943,0.47104150526057914,0.46909346459659934,0.4698149565185742,,,,0.48361235662073443,,0.4833929660235234,0.4847207372106856,,0.010066843235171593,,,0.010052524934216968,0.01008167943614276,,0.01007040314558662,0.010011179823764043,,,0.010074912880602662,0.010063232043342333,0.010041012075540022,,0.010055054567992088,,,0.010060064187683754,0.010047832639237657,,0.010071442841016716,0.01004784146102647,,0.0100536368016909,0.010059398971754575,0.010044164100371275,,,,0.010070818184928188,0.010041988492812895,0.010052985476759512,,,0.01006492444517215,0.0100484191167993,0.010033915563744075,,0.010057881231322315,0.010058203347178652,,0.010162598634177882,0.010157050666884061,0.01016866998608779,,,0.010178096659955504,0.010171642427333746,,,,0.010174062842462965,,0.010209302742207287,0.010132655752823036,,0.010174104740009302,,0.010159534643274654,,,0.010194729933380322,,0.010175898740984356,,,0.010185505586143449,0.01017355502802461,0.010178123889844227,0.010184155284239469,0.01015847210095668,0.010178895979026568,0.8423495267456762,0.8416369459253553,,0.8406330917924122,0.8432175120345543,0.8436408334598795,0.8432846207240234,0.8405695460063534,0.8425043223781608,0.8410389590479844,0.8409584216437591,0.8421578387584043,0.8400012617193943,,,0.8413736679146783,0.8425090201321591,0.842081797141146,0.8406380669932453,,0.8451739781316213,0.8413458731521296,0.838396227616652,,0.8395702885184629,,0.8407010010513365,,0.8411406915807981,0.8385173071125464,0.8414560205611693,0.8402821868837007,0.8429942709106651,,,0.8413778442087925,0.8422537328395131,0.8408450166205891,0.8415224419749328,0.8421834865369514,0.8436658463911989,,0.8424046897695897,0.8393711858379076,0.8440593603915939,0.8422371107235982,0.8415124950924253,0.8436818938546564,,0.8424564762884301,0.8413570871694169,0.8433685545894579,0.8417220032965437,,,0.8415743801933667,0.840999909740476,,0.8417184763343628,,,0.8416940181847288,,0.841396741723028,,0.8396018301850124,0.8421134020542936,,,,0.842815153196923,,0.8393733797814077,,,0.8405420297864619,0.8423842139591438,0.8409816981695722,,,,0.8412513341841467,0.8435030771327764,0.8427140354275942,,0.8442365776466269,0.8519830127510521,,0.8514045874458395,0.8523997013480904,0.010004866401664184,0.010011079886979395,,0.010015530287416412,,0.47635413725248926,0.4761980720654263,0.47600543770408993,,0.47608453500575726,,,0.8522035382393159,0.8419515908058015,0.47950080436673115,0.48020814558715497,0.4808903391008024,,0.4688002554577208,0.4692879006168571,0.4577707985272753,0.4588432897735473,,,0.854019427343947,0.846671130095798,0.011298602622061563,0.8635618455826944,,0.011369164052715272,,,0.8684910329357346,0.8658585671062174,0.869075105346937,,0.8655100323889504,0.011416968320772172,,0.8578228787808,0.8713683037126593,,0.4944942002859222,0.4938636889673954,0.49471999614262185,0.49298115815930177,0.495530436715899,,,0.4926180222556807,0.49460874511393077,,,0.4955481720843601,,,,0.49423044802883526,0.49539302572572264,0.4962308829284351,0.8696219088712874,,0.8672444176592461,0.8710560561911664,,,,,0.011920969435034427,,,0.881294012984451,,0.8801044153296119,,,,0.8733424760878308,,0.49983331339003867,,0.5015445109086211,0.5003402774331094,,0.5014589716592267,,,0.5012200211439441,0.5006824008693701,0.5005757414870038,,0.5017706252331283,0.5012593451616733,0.5017198905272808,0.5004571191658786,0.5008279131789887,,,,0.49992613761263205,,0.5021223844017847,,0.5018327786351554,0.5003935441447361,0.5004937238011954,,0.4989293595707054,,0.5008857689735823,0.5005690053972793,0.5006014806575947,0.5018246054105886,0.4996960981738567,0.5015420223833983,0.5017168427280949,0.5013209836451324,0.5008666676830246,0.5013405740202889,,0.5029933270736369,0.5000204549285762,,,0.5000176836293503,0.5010309656291676,0.5017095253791911,0.5009610861032459,,0.5013625020718514,,,,0.5005668503714209,,0.5005602518630108,,0.5000936503905844,,,,,0.8513971448242744,,0.8511357820412456,0.8524244729450757,0.8535373923924906,,,0.8509542729914249,,0.009564066921542411,,0.009600618330264805,0.0095970982894698,0.009594724880782845,,0.009583630551550716,,,,0.009592227006734767,,,0.009596812921747593,,0.009578685229065078,0.009584896206839413,,,0.8524740824687783,0.8510486509780246,,,0.8504152279977392,,0.8508064594946326,0.8374816036649929,,0.8389616597600976,0.8384854862593166,0.8394876766551802,0.838078926247676,0.840550576817248,,0.8374264778546286,0.8389115603817571,,,0.8369715992855389,0.8371323754121512,,0.009582207845573858,,,0.009601261158194664,,0.009584719846399806,,0.009616238283365398,0.009598509647546168,,0.009592053896122572,,,0.009550746127559316,0.8375655571865976,0.8387381277059578,0.8394415559635345,0.8379112832465302,0.8405161396317883,0.8389020327617788,0.8384321581447717,0.8532022689096651,,0.8536702193275263,,,0.8498711460203445,0.8523830626539506,,,,0.8503058506042245,0.8511713462111422,,0.8520681365301934,,0.850158048138218,0.852397732859079,0.8550772504697308,0.8526619572536519,0.8527706667298757,,,,0.850156930943465,,0.8528663118160217,,,0.8396131205119879,,0.8386014314932208,0.8400288794941229,0.8418818519819508,0.840461601871223,,,0.8385576812125581,,0.8358011190690907,,,,0.8404085555199904,0.8369433609414204,0.8392628014986768,0.8405986135799596,0.8391354539261943,0.8386812752201414,,0.8379552184785856,0.8400101870335004,0.8419833593099074,0.8395685116518861,,,0.48727906530377607,0.4876353054792459,,,0.8251845996871732,,0.47047174434766437,0.4711679109408643,,,0.46547544627335313,,0.4663020097196043,,0.4672763231429572,,0.4671172004156337,,,0.4667506533662093,0.46671584736528743,,0.4668678374331817,,0.46780972748662775,,,0.4661064786634654,0.46687508057894817,,0.46615078964799755,0.46609774486505806,,0.46867298253725953,,0.46643762436928105,0.46771046587697857,0.46692915916737815,,0.4664626543058463,,0.4664149865325652,,,0.46659805874454935,0.46690557449291903,,,,,,,0.4662161278021255,0.46781592819117396,,0.4661160282720659,,,0.467317563277414,,0.46650431198328457,,0.46923961443437345,0.4653100664073962,,0.4685038239131704,0.46768137783406594,,0.4675973431911694,0.4669024979285589,0.4673155800708046,0.46643893851974877,0.466229741869514,0.4662397319781224,0.46703599599675766,0.46776612089674713,,0.46691540261711495,,0.46726363207145716,,0.4668961912820972,0.4677264017472911,0.4667644472253487,0.46640886516602376,,,0.46687070187872276,,,,0.4669444724585626,0.46820835358750945,0.4671302073479016,,,0.46654208403193875,,,0.46592509445506924,0.46542174989685997,0.46627725029262196,0.4671587142666212,,0.46689177896012296,,,,0.46813752721638874,0.46724014804615355,,0.4665925384695322,0.46772506592296703,,,,0.46639116513389495,0.46710231042142464,0.46727402794168804,0.46641022455714987,0.465888427135899,0.4669440398723037,0.4655694089310792,0.46745829431044367,,,0.46648014051012193,0.4663263597499341,0.4665772206762272,0.4682450244931069,0.4680576428025518,,,0.4670775964873329,,0.4653856297178437,,0.46740945967499065,0.46740204257838985,,0.46549815779361464,0.46448247026150236,0.46611241414206755,,0.46733628691548884,0.4661448884669461,0.4667397514321861,,0.46790209618236805,0.4647339240125709,0.465700797142996,0.46622514892078626,,,,,0.46709607158083627,0.467319446876464,0.46682995549245276,0.465737347793996,0.4670685909398564,,0.46814543662941915,0.46521341679640194,0.46745773673828267,,0.46690788887765783,,,0.4653628299224703,,,,0.46700420904750184,0.467984910840631,0.46852717262422167,0.4664166728318862,0.4661291405977156,0.4642428152096986,,0.4646184874784555,0.006803661955961948,,0.813392231347724,0.005912093048236475,0.005911396754030083,0.8187125597500818,0.8200113951056286,0.8136716702406052,0.8096053945430552
4,4,DG_8pct,16,Z01_F03,1,SLG_A,333,CKT7,True,1060.9115857674967,976.5964640412656,982.7447325777337,633.7249152867362,639.1170968201881,66.5767429914849,14.59546851575025,532.6508449202111,539.2760519447667,224.477337996385,224.35721221608796,153.39548790213632,4.595192388225982,11.58781870741752,17.360124745919688,15.948481757059492,55.35865024769512,25.875217245496383,48.62790056536657,158.44533303510394,,,0.46427465060146084,,,0.8067513688064772,,,0.46431600498188774,,0.8090649935753846,0.005919715806834619,0.005920203796441178,,0.8181222623772639,0.8180908556162545,,0.8128239596030293,0.8108549683092249,0.8127835808196011,,,0.4655485011861862,0.4665345741061274,0.4653594092817826,,0.46057215043480665,,0.4593975074161521,0.4671789887764364,0.4666529469285817,0.46637992128848516,0.4665005716242789,0.4676333367302005,0.4679009762943879,0.0064999989991848615,0.45991269892525527,0.46007935440499637,0.46081812365702357,0.46901696850604463,,,,,0.4716255155566428,0.4714204862371966,,,0.4700940868830242,0.47057563668354185,0.4713099505217742,0.471559135131164,,0.47009507437462067,0.47219941943267846,0.4712649126679717,0.47082395586606973,0.00708940904367771,,,,0.007234226301141147,0.0072448119880227065,,0.007231267871186845,0.007219334591989984,0.0072022579982133714,0.007238345303724928,,0.007224126283724032,0.0072549457425916085,0.007227616205951639,0.007228545744352096,,,,,,0.007249741859211351,0.0072382362398877844,,,,0.0072488117474378815,,,,0.4688502708014902,0.845643938233229,0.48192559186027095,0.48201686008602723,,0.48190596473223973,,,0.010456478074955118,0.010434899814336153,,0.010405951451346726,0.010457661398339901,,,,,0.01044485361177709,0.010452403853918097,0.010436109983598757,,,,,,0.010435203813181818,0.010429335837294103,0.01045861805224158,0.010457492681911327,,0.01045916384900062,0.010432923979872047,0.010419548513900334,,,,,,,0.010420850874117201,,0.010411022527241387,,,,,0.010416948486085223,0.010457697947961178,0.010451573716937515,,,0.8462799352680621,,0.8413767487055395,,0.843563237095077,,0.8450417096419052,0.8445685217826496,0.842184398529201,0.8430206107359793,,0.8427316403882377,,,0.8468466665954905,,0.8464784521851441,,,,0.8446002538895251,,0.8415212506567913,,,0.8432856412593035,,0.8429549050940572,,0.8459594207566256,,0.8434367013550711,,0.8417971228174128,,0.8432953342804698,0.843230179728985,0.8426275102656375,,0.8439829683285498,,0.8414455218015209,,0.8454841234574614,,0.8537622954698905,0.8524557989606072,,0.8521799972144255,,0.8545389783913564,0.852281336704748,0.8557735190049309,0.8539410426676789,,0.8547805238779593,,0.8541982165855276,,0.8543003104055212,0.855605596285649,0.8524013466945691,,0.852027617297935,0.8533610560278854,0.853165045516218,,0.8511854775726835,,,0.8520498103028327,0.8526533320396491,,0.853351312549874,,,0.8518928613575434,,0.8550479208716334,,0.8550840936077315,,0.8539486784522602,0.8537063637759185,,0.8509677286309766,,0.8525608842160087,,0.8537108747930932,0.8528779220895047,0.8519362715027229,0.8508973410609152,0.8535903026549169,0.853979674185686,0.853431298496699,,0.8535698393809276,0.47099404185859534,0.47047394570714524,0.4702309886872818,,0.010344679971459348,,,0.4837608410888199,,,0.4853076622931927,0.010050709668007484,,0.01002937499773257,,0.010056476785617061,0.010106585494229058,0.010082229345784581,0.010069991167971528,0.01006096966442229,0.0100634672603936,,,,,0.010054563564352631,,0.010083727479464318,0.010082577138167324,0.010079579822613061,0.010079764088069081,0.01005143325418924,0.010066891077626294,0.010038807223449494,0.010043688202711818,0.010063557550950177,0.010060648142485591,0.010056623211883905,,,0.010049784834007045,0.010038648349218988,0.010095169647266474,0.010043441833193967,,0.010051036227612475,,0.010068633674280592,,,,,,,0.010140170051747395,0.010184078313099322,0.010176663960044326,,0.010145986930579321,0.010195903933672982,,0.010190907888350734,,,0.010183155988182004,0.010189334023132986,0.010196707373608746,,,,0.010188939832748198,0.010182678645718384,0.01014537424869027,0.010153155780125128,0.010189573552868017,0.010135738261716178,0.010168013105961927,,0.010155174562160151,0.010162141983411735,,,,0.8415276740294946,,,0.8422966734150603,,,0.8448538327448852,,,0.8424467986024299,0.8427247997466432,,,,,,0.842017071642992,0.8407266601585762,0.84317447147943,0.8398449562897828,0.8412666746553622,,,0.8408202362019597,,0.8406531715936504,0.8395370994623876,0.8402105457610389,,,,,0.8380808175080292,0.8420755511156186,,0.8402960184631691,0.842178332309146,0.8429009191845566,0.8410666713980284,0.8432466786192235,0.8409206426945831,0.8397079003181439,0.8431762159753229,0.8401198559693924,0.840268265501545,0.8414481924256297,,0.84212536353707,,,,0.8410035068184841,0.8413376335698393,0.841633636024525,0.8417616310002423,0.8417755317361874,,,0.8380181226254443,,,0.8423239004302852,0.8429881909861876,,0.8429061915903879,0.8410928491248072,,,0.8394753003291511,,0.8437955520521184,0.841689526878636,0.8439889172823559,,,0.8429281595465917,0.8443865689898811,,,,0.8404546667501211,0.8422179011424585,0.8433934362576218,,0.8429145817624246,0.8433324468557623,0.8541488767611546,0.8517419033084102,,0.8548577845512414,,0.009981202553200837,0.009989531841130394,0.009967126003503371,0.009973406551668293,,,0.4759125705622923,0.47643637989425325,,0.47628511257534706,,0.8528910172898986,0.8399428450556717,,,0.48209183501409386,0.4699321781314418,0.46942112951156095,0.46940090435266296,,0.4583150739454311,0.45726200560031405,0.011009540631198906,,0.8462790878217347,,0.8635165418397808,0.8551331529912725,0.011361926308805701,,0.8602180138366404,,0.8653556302502547,0.8672145490150256,,0.8664545100128784,0.011404738892607057,0.8664441141823653,0.8596756614335509,0.8697714993797894,0.872468997982631,0.4950327450730943,0.49366432802249227,,0.4948067386375362,0.4944546402420654,0.49484291160760313,0.49334725692360715,,0.49507553748358163,0.4950658225507731,0.4955960234022387,,,0.4950787495700837,0.49530114400396563,,0.49550534452507305,0.49441889193671484,,0.8705248928235293,,,,,,,0.011962826549865043,,0.8812251320159948,,,0.8797401307111666,,,,0.8748765693020648,0.5012809473413754,,,0.5012815698265831,,0.502098736393952,,0.5004752724611401,,,0.5018667644970517,,0.5017396530833734,0.5025410921630953,,,0.5016364057397756,0.5015118995530335,,,,,0.5004079547425376,0.5017466393133064,0.5013955167811955,,0.5006871487583007,0.5002273782780158,,0.5023742660784344,,0.49950565812184233,,0.5006482314250146,,0.5023392141481091,0.5014068051895855,0.49942737299006523,,,,0.5011396906908502,0.500675346362302,0.5023556186163921,,0.499858743796927,0.5006765860413949,,0.5008411729655098,,0.502184341618819,0.49994923697754495,0.5006444701490591,0.5007835204210018,0.5003004492548709,,,0.49996292595959485,,0.5002027021434488,,0.8507765858201347,0.8519828220078808,0.8497504560538887,,0.8518498389175795,0.8519425306151035,0.8493893960304829,,0.8501672610283183,,0.8517317741436125,0.009603917540515653,,,0.009592457705216086,,0.00958312235557915,0.009561715749277213,0.009622616564096824,,,,,,,0.00956893372177826,,0.009559483343720292,0.009615890446059512,0.009592110307663694,0.8518388577112807,0.8514492500242494,,0.8543631140883635,0.8515562363932345,,,0.8499161921340549,,0.8389219541325851,0.8381320723996574,,0.838773141952514,0.833809296539167,,0.8383520179215067,0.837004730567104,0.8387696491533496,0.837115809828133,,,,,,,0.00956182711438889,0.009569149691634778,0.009614831005361086,,0.00962238141612556,,0.009615512515245428,0.009594405974090538,0.009584731600706779,0.009479193063007022,,0.009591295424191137,0.838330179599563,0.8402027410745416,0.8377975291349051,0.8387054176143335,0.838398727681803,,0.8370364770514905,,0.8505618830380225,0.852605248127147,0.8512026397459661,0.8510447602508261,,,0.8517737781272441,0.8550786979375745,0.8513065624651809,0.8538374992244444,,,,,,0.8511855491966093,,,0.8548988252856652,0.8509472840018294,,,,0.853040858680774,0.8510512140221802,0.8540615343549696,0.8403127035270612,0.8393748992546531,0.8399267639457044,0.8406830981703507,0.8399752758781183,,,,0.8409705166213535,,,0.8351396327030025,,0.8394397953696465,0.8401737961774575,,0.8392137373795747,0.8373006376673295,0.8385598146509406,0.8398054302908784,,0.8404473892999199,0.8409792501820925,,,,,,,0.4885400398494688,0.4864744228540746,,,0.8161263165606616,0.4694643989416899,0.4712174328933748,,0.011644685381987782,,0.46715187322704316,0.4651400716531563,0.46686287064022264,0.46738282572299833,,,0.467698131812058,0.4658731134485307,0.46691943474628644,0.4652004010538018,0.4676946078534307,0.4660491649957193,,0.4680409477211316,0.46633768311147983,,0.4670756196792722,0.4655098166069882,0.4658190219508586,,0.46676483642500116,0.4667231547358159,0.4667369954467311,,,0.4671993635512099,0.4677598940554243,,0.4660116042651856,0.4672405233102089,0.4672857472452239,0.4658512093280058,,0.4679593985576286,,,0.4674474401310208,0.4673820581872271,0.46695390162586764,0.46611799420626315,0.46740049784665827,0.4647288242972347,0.46756633962528854,,,0.46650200049657564,,,0.46595850635904484,0.46756731899057313,,0.4673915227321922,,0.4660488359396786,0.4670077236585915,0.4675285878549611,,0.46643957435620775,0.46645175565380803,0.4656875682245227,,0.4663920660470255,0.4676158758262679,0.4675340996729888,0.46680168474742745,,,0.46580832026433744,0.46749374610242983,0.46666084226550275,0.4672823205179323,0.4659165648832504,0.4670892613818707,0.4672456883381938,,,,,,,0.46627382701613634,,0.46712836128953794,0.46786127198779454,,,0.46562232620518995,0.4670347679691734,,,0.4664105541952406,0.46663625077050114,0.4667544389377184,0.4676252871832108,0.46631493735412954,0.4681989264481645,0.4661627750557503,,0.46663940603874554,,,0.46714116305786446,,,,0.46755175856632175,0.4673094357337098,,,,,,0.46595407663788446,,0.4665920559825983,0.46687888133904265,,0.46619012802993975,0.46796622464037785,,0.466946607500978,0.46787744057819436,,0.4662420065028124,0.46677032255159345,0.465912942986298,0.4664194244181701,,,0.46815827634154056,0.46698290927938335,,,0.46741350037152746,0.46624524112618415,,,,0.4657163960803873,,0.4675207831370354,,0.4666922471181375,,0.46803899695126205,,0.46616504012666327,0.46598653942980867,0.46758573913887425,0.46538523214794536,0.4679670176010484,0.4669008781561629,0.4669659410092993,,,0.4670775410958167,0.4675999971277477,,0.4666374907031347,,0.4675144795718774,,0.4665457902187442,0.46688315964415844,,0.4666956991646442,0.46636074783582554,0.464564728777587,0.4639466367293198,,0.0068166274686718865,,,,0.005920571387397655,0.8173451620619112,0.8171572790189635,,0.8103033327444082
4,4,DG_8pct,16,Z01_F04,1,SLG_A,215299,318412,True,1058.6497033431478,984.3160157648427,986.0037761863293,632.2788176660216,643.6053982580332,66.95873537063518,14.49368925135247,532.6010175251926,535.393409471928,225.6343438371028,225.6635042435893,152.15589405074897,4.5891417152726195,11.709499652244386,17.319370283139175,15.925900088621104,55.05949331658885,26.00719891533467,48.82055468057093,157.54169808674197,,0.4651018972554549,0.4657258127419582,,0.813805397214938,0.8069181889954858,,,,,,0.005932344880266328,0.005928417217049276,,0.818714708963714,0.8206534127655216,,0.8105706483587759,,,,0.4651127951215849,0.46464605873214454,0.46630859081187825,0.4663445721558636,,0.45987946945382024,0.4607018999552195,0.46181294950595475,0.4664753116478982,0.46615284217187963,0.4660635380502434,0.4667942386863391,,0.4672214587331728,0.006524192580902897,0.4610270379118815,,,0.4695649647409622,0.4699642268410168,,0.470914127115219,0.4722513573523644,0.47239254224017413,,,,0.4707699909933086,0.4708090696136382,0.4707057840327452,0.4713776734299796,,,0.4718228207426525,,0.4711213038297534,0.0070863345486441975,0.00708984796709392,0.8219553506232427,0.816114106866168,0.007252760603656762,0.0072348049929861075,0.007233757120062963,0.00723899353447823,,0.007191705262453401,,,,,0.007231809961615983,,0.007250233091727447,,0.00723819403083104,0.007220927657419497,0.007245668377246854,0.007227402259815787,0.007225722500063151,,,,,0.0072290290523515325,0.47109865313362304,0.4722562974147637,,0.8467994917094427,,0.4829740072241708,,,0.48105901561559933,0.48160695226976336,,,,,0.010446530823244597,0.010438338517263713,,,0.01042361558971135,,,0.01045048425168505,0.01044131866859087,0.010435428814555345,0.010432152095492484,0.0104602560210951,0.0104536362246993,,0.010426461083328713,0.010430403313991636,,0.010420377572739144,,,0.01047063726233758,,0.010445128065739048,,,0.010413846271264392,0.010429668901309244,,0.010447412501059846,0.010449579166449034,0.010441946031997312,0.010398853997500493,0.01046991012547185,0.010382665398714358,0.010431124107606285,,0.010405426474434553,0.01043039343495416,,,,0.8427134742911903,0.843240071332553,0.8430253786603669,,,0.8464566238585122,0.8408796151683366,,0.8416054868915309,0.8427077342741963,,,,0.8448188679203041,0.8450094893365514,,,0.8426122466729407,,0.8438608263617302,,,,,,,,0.8409470918782465,0.8417313720538936,,0.8434951233863007,,0.8435993995974487,0.8431127580439707,0.8407294941639457,0.841923324868034,,0.8440951772091883,0.8430252924335948,,,0.844064418812033,0.8430956939251828,,0.8526113720619412,0.8549573892089399,,0.8539184449083558,,0.8498226909054563,,0.8506444798566226,0.8541172681982158,0.8532687599296924,0.8549893333610806,0.8553175349930168,,,,0.8521929041457738,,0.8542556955290487,0.8532666427006512,0.8538716374305924,0.8566407215998528,,0.8507674200839455,0.8523266697502097,,0.8506682881756171,,0.8542654275343442,0.8518706281666909,0.8495623137935937,0.8527881684435743,,,,0.8523946650107577,0.8530205733343909,0.8562005852890969,0.8553836650757797,,,0.8560189866420597,,,,0.8536173139036792,,0.8552260333611353,0.8541007940514194,0.8531478090000366,0.8539115783750301,0.8521655167735567,,0.4700350927635867,,0.46965737420757997,,0.010374616284541461,0.4833927386137775,,0.48425204716646386,,,0.4842236481188121,0.010077262835334076,,0.010049924990756484,0.010061763080272281,,,0.010077841652160465,,,0.010048609295238304,,0.010024738778974532,0.010068455460015191,0.010038819182172908,0.010100487325414664,0.010067137503257996,,0.010031269875146997,0.010074338416860248,,0.010077979897579704,,0.010033317765607666,0.010061435150257975,0.010061860041716986,,,0.010028930924947504,0.010048356339407516,0.010081754568029315,,0.010031821848726787,,0.0100613200534034,0.01007264433540141,,0.010089155711378117,,0.010060408258164963,0.010044619276794073,0.010158540573288485,0.010123897871683885,0.010169071013365493,0.010165540778136117,,,0.010134828418779242,0.010182202830570935,0.010165164453130138,0.010184864905357333,,0.010179913425800343,,,0.010164608589934947,0.010188271731843345,0.01014342020526152,0.01019392102479902,0.01017751499433936,,0.010153978106071201,0.010134756870615248,0.010202087323333225,,0.010150403672230544,,0.01018294011542037,,,,0.01016204744682866,,0.8413219849973231,,0.841795388457881,0.8447568161537572,0.8437779987998413,0.8393751368115598,0.8396172380120525,,0.8421684181966669,,0.8450662852765688,0.8394524259039908,,0.8411746540728033,,0.8427049228490144,,0.8415578104040108,0.8438392816924287,0.8406343025094573,0.8427542113234703,,0.842577590684097,0.8387014709196278,0.8408251491735492,0.836808130915286,,,0.8413157297182545,0.8398508123744963,0.8388039097457882,0.8421334101076543,0.8407567549629954,0.8398733193786886,0.8407085807681403,,0.8429183656686522,0.839319174935793,0.8447539665731519,0.8419796884024772,0.8420126409288073,0.8410356529633176,0.8431793300954832,0.8421143186776252,0.8394074138968567,,0.841771258542636,0.8423479631616941,0.8420200543644987,,,0.843292051838483,,0.8422506894114123,0.8435442083322331,0.8424282056206275,0.8410263804404228,,0.8405991734993216,0.8422016779473731,0.8412928594658933,0.8415466616143941,,,0.8425592679572327,0.8418558034854671,0.8423088824885516,0.8418051070868289,0.8416786295440141,0.8421805297555071,0.8447912295622173,0.8426547832714583,0.8425381366694874,,,,,0.8405633964279715,,0.8415630297533012,0.8402020738731674,,,,0.8424136186217089,0.8443447487251341,,0.852119443370041,0.8524061708900607,0.8538337549961447,0.010005985496000819,0.009997819272248644,0.009972215611515579,0.00998723561403976,0.00998359294234972,,0.4761124907553971,0.47590291175869637,,,,0.010416563061082995,0.8501812346144029,,,,0.481318905406443,0.469103533548985,0.4686042238840879,0.47040446424818033,0.4571307439938626,0.45725703612523977,0.4575622548272313,0.011013150671983189,0.8557694904991487,,0.011309396837190944,,0.8555417583991154,0.011356710198896102,,,0.8657917760239414,,,,,0.011430344368271077,,0.8608443289084685,0.8735933210113701,,0.49498967318308396,0.49462791779554305,,,0.4953269983476111,0.4952737398536339,,0.4950027193591443,0.4960591327201552,0.4942176396264107,0.4963888304116941,,0.49552930118122174,,0.4944991491312642,,0.4956488714904254,,,,0.8694567934362913,,0.8719373346446698,,0.011964060965963376,0.01194161983422511,0.011948527841052405,0.011983990886604002,,,0.8789482725400839,,0.8723934285360974,,0.8738717300912731,,0.5008897989423381,,,0.5005494835101151,0.5004329608113168,0.501466016384231,0.5009913422213804,0.501386809612038,,,,0.5010550195925205,0.5012413573103504,,0.5006818916021214,0.501706718923669,0.5011330502644824,,,,0.5007264474842383,0.5018415806182418,0.5013738631343717,,,0.49994343982307304,,0.5013145705281774,0.5014380992907218,0.5006389704768657,0.5014522868822392,0.5009903172834758,0.5004129576458307,0.5020344821434273,,0.5005663760433353,,,0.5006119593040687,0.5004085484738913,0.5008262585876623,0.5008281637774414,,,0.5004455687083607,0.4999451756166532,0.5006323730531461,0.5007936342826879,0.5016422540746074,0.502223241509153,0.5002391040679315,0.49965428284527247,,0.5019622795633976,0.5009979743560675,0.5005209410400995,,,,0.49952075189629674,0.8521437208825515,0.8493775733057117,0.8500065538060483,0.8523773013556726,0.8506957977625302,0.8519964214840372,0.8515152842194621,0.8483013543006205,0.8510591613376013,,0.8484466193358922,,0.009605588363697133,,0.009583132396647811,0.00957212885600678,,,0.009618576095190639,0.009574210114332966,,0.00959557467416738,,0.009584157461498577,,,,,0.0095849935665447,0.009567181125376807,,,,,0.8510815467694894,0.8503358226505524,0.8534123828438008,0.8533324809654975,0.8531879038532876,,0.8383485514275725,0.8393472412861555,,,0.8345878312343252,0.8375246688197218,0.8369875508561149,0.8365768634774702,,0.8374238462007472,,0.8397663207074927,,0.009597401973218468,0.009571842296897684,,0.009565635465139988,0.009579798339411699,0.009574047226485194,0.009603773231525274,0.009606629690647607,,0.009580362221345628,0.009596410290116547,,0.009489907279638377,0.009568271770042143,,,0.8415521115093075,0.841352250446861,,0.8403801052713548,0.8417682626004168,0.8397843873152894,0.852787305543021,0.8533248213849678,,0.8503314942967363,0.8493323330511138,0.8520568602914101,0.8506051571963603,,,0.8551698747930604,,0.8518196869189194,0.8510482731223844,,,,,0.8535816021679896,0.8541198015846335,,0.8494730327451342,,0.8538171226980127,0.8517921011958005,0.8552239573167054,0.8499290429262254,0.8509649697933453,,,0.8394417707135897,0.8414718250869143,0.8394563160611818,0.8405092497642377,,0.8394199442624012,0.8399352743776872,0.8394167889528619,,,0.8381500967210631,,,0.8383925150437871,0.8357707406638905,0.8400549372952328,0.839056552660619,0.8376367058728538,0.8397493661214459,0.8401764320373614,,0.839039253170588,0.838559556503158,0.8387498784617796,,,0.487707549553446,,,,,,0.46936309673947213,0.4687636912972181,0.47045424356308224,,0.4669176069216603,0.4649476822413739,0.466664079861055,0.4664017741309246,0.46743955925262004,0.4665743884318501,0.4667662667053589,0.46733428398162813,,,0.4674907759868517,0.4666428224145442,0.46832696674300495,0.46697360952496536,,,0.4668224014857924,0.46775551168302415,0.46558540936008375,0.46707562850848006,,0.4675721784143598,0.46660248227166745,0.4671340147948368,,0.46692195853305896,0.4664506213398786,0.4666915602997946,,,,,,0.46704252240879235,0.4669916205262701,,0.4661116980707596,0.4678874933770931,0.46719820522029926,0.4667649226174452,,0.46649619067748394,0.46517857461659123,,0.4664270184354326,0.46766164764678314,0.4666083928794681,0.4675811884414009,0.4671853168116898,0.4666381758038223,0.46625433791875387,,,,0.4656825387219033,,,,0.4655409664961962,,,0.46625872926434875,0.4665282419979888,,,,0.46651582556934335,0.4666599260785678,,,,,0.46852174270483826,0.4662691342236685,0.46870110806458276,,0.4680288639271037,0.4666194349748775,,0.4665559043197624,0.4679623539479885,,,,0.4660665292033168,,0.466149559055644,0.46625618022633103,0.4666956165031951,0.4658156737718802,0.46595703931847543,0.46618804715320966,,0.46523173239942117,,0.4688158511227417,0.4667452438829563,0.46596481453003624,,0.4678095788042953,,0.466711406146764,,0.46802034584146807,0.4651850236103276,,,0.46688441553021576,0.46796451275449397,,,0.46628535182994557,0.46576436765623197,,0.4671538358197365,,0.46586116645862347,0.46531700142721405,,0.4660836500357248,0.46762388311258746,0.46653280809036396,0.46667733593259914,0.46757926305217906,0.4668990190547581,,,0.467663198061331,,,0.46679212655793917,0.46641206396182355,0.46785264465642795,0.4660214347097655,0.46821166148921206,,0.4660050053703952,0.466465498710296,0.4676018777292765,0.4675346149557552,0.46629236871239155,0.4671672217147023,0.4673135252376633,0.4673272022116196,0.46553491743978115,0.46515720529500304,,,0.46645203057504814,0.46703905554169817,,0.4668717381773695,0.46664720373408747,,0.46706177218574485,0.4670473388613397,,0.46700381349728487,0.4670470581808886,,,,,0.467013990219164,,,,,0.462122805713167,0.46429016139092316,,0.006794943437449395,,,0.00592029989787724,,,0.8170759749816929,0.811559956346227,
4,4,DG_8pct,16,Z01_F05,1,LL_AB,215299,318412,True,99.21281836897195,84.81130266835672,84.57222540073126,37.523522619618966,37.443782343094604,5.8512365519322715,0.7944111489298536,26.6722088414794,28.30612918529556,11.290241716515787,11.346036908140988,7.4200918164986005,0.25187726494340124,0.6201751639876752,0.9322742659566932,0.8061647844672711,4.862263262503451,1.0846901318227404,2.622591842203849,8.488970834514737,0.0002992854841853087,,,0.0030700640036568855,0.002685302202261931,0.06582791865670334,0.006277765571216063,0.00028952297349113846,0.0002899948250561129,0.0002896710289725629,,,,,0.011319600056062777,0.011293026056890783,0.01127355486554045,0.056869998345919597,,0.056749408398381225,0.0002904357168563807,0.00028927022277980144,,,,0.00028895039207940345,,,0.0002871085814541082,0.00029067528656252746,0.00029054546850483564,0.0002903030820109716,0.0002899476522003293,,0.0002900177874359107,,,0.00028306591816478947,,0.00028731401301602076,0.00028812979005377043,0.0002882057437998628,0.0002883807860316418,,0.00028906677736124074,,,,,,0.00028981617893057314,,0.0002890264938924845,0.00028840810593174307,0.0002884519669608801,0.0002889862977660405,,,0.013820249958846172,,,0.014023572713018146,0.014055814029493073,0.014053322917352338,0.014050428868095606,,0.014063987351577259,0.014067306136038677,0.01403852456547319,0.014093449103805037,,0.014116160516777847,,0.014051142224103095,,0.014078327271429015,,0.014087636893923611,0.014059105203428941,0.014083357701751648,0.014045950847711883,0.014068219503797141,0.014075653325699872,0.014108355654316335,0.014070896710148662,,0.00028629799255664427,,0.019290479730536745,0.00028171443788459606,0.0002819651736206954,,,0.00028307806722671956,,0.019948327536214953,0.01991186823037378,0.019936305295522077,0.019966911301686423,0.019903847196173163,0.019902637451356023,0.01994835215667072,0.019915388603571775,0.019956167667849887,0.019922465585293248,,0.01993664860542817,0.01994903289450895,0.019943193515742624,0.01987180328165664,0.019866056263177525,0.01990099416045349,,0.019921790790126796,0.01990306889258267,0.019895369028525817,,0.019894454089497297,0.019939508736638224,0.019878094656641827,0.01988212662743907,,,0.019906288005511863,0.019940661374287304,,0.019914081687654604,0.019893325247470065,0.01987203542001638,0.019880772663713124,,0.019915825515762448,0.019905579530224465,,,0.01989571847374897,,0.019913822955288922,0.05147693747079503,,,,,0.05163209063236138,0.05158215226743363,,0.0514586608802098,0.05155581023019773,0.05142152596250071,0.05159002223194917,,0.051468142423663044,0.051583273294610946,,0.05145113343568089,0.051384894852878935,,0.05152728088948963,0.05150367793105515,0.05139896688978956,0.05162965969653946,0.051435856792493316,,0.05135018317585484,0.051266474258742714,,,0.051494708918411035,0.051444108809751164,,0.05136482141438447,0.05155517724890189,0.0515219939372854,,,0.051359546341430265,0.051448086216604114,0.05145741665322261,,,0.05154022248266942,,0.05128393838066721,,,,0.01939928020411827,0.019431705298903337,,0.019396748414687647,0.01938144936016309,,0.01947779231170953,,0.01946051959252513,0.019423780028419737,0.01939800443707576,0.019435757398191752,,0.019389891504993144,0.019413802977401994,,0.01945197832962287,0.019377150914359736,0.01945856746900795,0.019424376233139473,,,0.019397066074051464,,,,0.01942450505821787,0.019466970121750752,,,,,0.01940672987144613,,0.01936147409491228,0.019438840708854422,0.019468009404235168,,0.01946188975469767,0.01938819058596931,,,0.019430939852367872,,0.019412877729861795,,0.01944082923728159,,,,0.0002736430735735789,,0.0002739703823681533,0.01897136489157228,,0.00028165356586138974,,,,,,0.018638884023058834,0.01865825955709517,,0.018640756236415083,0.018664509650450446,0.018664995537556052,,0.01865938034283832,0.018578778451776284,,0.01870423554228517,0.018673201252542203,,0.01863881087799805,,0.01860179577356493,,,,,,0.018584459675835996,0.01865608071802221,0.018632172770017764,0.018625042517941746,0.01865023337947316,0.018642848991668102,,0.018633875805524537,0.01865438589578031,,,0.018655994898752328,0.018667416778967875,0.01868847312467971,0.01868536513371171,0.018581812206964636,0.018623867095829798,,0.018602178479733486,0.018866392231809356,0.018880750885848986,,0.018859518710989204,0.01891745810771961,,,,0.01890737459068443,,0.01886777766561076,0.018945103796066565,0.018851469359259743,0.018949570710143922,0.01888109473391608,,,0.018860991389873082,0.018848717025477642,0.01887759112152304,,,0.01888519400798707,,,0.01885883425674516,0.018900677666272504,0.018896916086169186,0.018858187314527805,0.018881738683181333,,0.01891420277883535,0.05255292065687098,0.0526989863076072,,,0.0527408250779829,0.05270815948538276,0.05278811248242656,,0.05261675468890471,0.05263293071832238,,0.05228754383919864,0.052350583429076405,0.05245969944460338,,,,,0.05242072474096107,0.05235542635853309,0.05237176315612556,,0.05223571067772827,,0.05234592731511684,,0.05271440687167918,0.05278904864406055,0.0525966553982643,0.05258264966405458,,,,,0.05262509662514805,,0.05275362228997787,,,0.052643463067347976,,,0.052764303951465134,,0.05266215079636396,,,0.052749859525035796,,,0.05274254654961131,0.052629039169807254,0.05263914622579317,,0.05275905575653544,0.052734180994908876,0.05267620643664323,,,0.05240564971160498,0.05239804459873471,0.05240566822962857,0.05242870152033963,,,,,0.05231254970362509,0.05248373193416254,,0.05241523067396677,0.0524681425214552,,,0.052403821154179124,,0.05257475745139475,,0.052444399127145366,0.052430379697890196,,0.05248572732254878,0.052625824217892726,0.05222893104614453,,0.052450163953762306,0.018065999135838805,,0.018015691799102694,0.018040554598030743,0.018533612113843665,0.018474348693459267,,,,,,0.0002776562935255952,,0.00027710908262487444,0.0002770272869999604,0.019667328926458803,0.01924731933169358,0.051438371909557565,,0.0002801359593302705,0.0002805299074217622,,0.0002737338734601241,0.0002737884668677614,0.00026699609190393816,0.00026751357986332943,0.00026704744506694735,0.021310939393292185,0.0207726296192745,,0.021897469828225918,0.02141788603949641,0.05031572508911383,0.022060756344951898,,,,0.021641996319534906,,0.021685718728205794,,0.0221707003726447,0.021629613839486462,0.050499828523527086,0.021874706362245668,0.02192128437051827,0.00029336833014413866,0.00029273932590659737,0.0002925416775078981,0.00029264576135505974,0.00029302576129457185,0.0002928175017048003,,,,0.00029351634827400286,0.0002936784191685632,0.00029260921439118004,0.0002929141643952826,0.0002932019933322461,,,0.00029277072687683246,0.00029291631497000147,0.05044462226434591,,0.050546433553023455,0.0505414559075698,,0.050421737334604144,0.023082891811178206,0.023180650976460868,,,,,0.022655685361106848,,0.05062610105824144,0.05059424634894993,0.05046041735799923,0.05037424903495498,0.00029679361244375413,,0.0002965299393863852,,0.0002970694482275803,,0.0002964469876949411,,0.00029557279839062094,0.000296694919604727,0.0002967699228529256,0.0002965726482695498,0.00029616771162799233,0.0002957693140773163,0.0002965731185618457,0.00029656690683387693,,0.0002962786643247396,0.0002970852762217271,0.000296902989839106,,,0.0002964474019221079,0.0002965616904098393,0.000295522357626372,0.0002962810846498763,,0.0002966478364865539,0.0002960168707382004,0.00029710725166732295,,0.0002960770706654607,,,,0.0002957374526967706,,,0.00029638878906774904,,0.00029667526130994,0.00029609591745476745,0.00029607790180598867,,,,,0.00029582266990038603,0.00029647130686498554,,,,,0.000296385778187136,,0.0002964501992777894,0.0002965363364665214,0.0002964928677853837,0.0002963562345473596,,0.017286657006088883,0.01729474209164087,,0.017288146375950813,0.017247925286651915,0.01725156257781762,,,0.017288539798636777,0.017253182372684556,0.017312352078044605,0.01724996373288495,,0.01777323279522383,0.01770042696934754,0.01780450701929488,,0.01777856142814999,0.01781567460626972,,,,0.017741089441061345,,,0.017741708072299436,,0.01779468221167561,,,,0.017288330440004288,,,,0.01730546990659541,,0.017266300620262968,,,,,0.05327851515709711,0.05342758967974476,0.053536834109859856,0.05332543083858838,,0.053184703044877456,0.053423584711712616,0.05325507397095058,0.05340855797046162,,0.05335791497849312,0.01770789032554446,0.017742542745218765,,,0.01783638149252316,0.017796178432776807,,0.01775210181710243,0.017757084128984163,,0.017751057031967634,,0.017516773921620824,,0.017737257082459535,0.05359647619769312,,,0.05338045545280178,0.053276574387279736,0.053547602799774545,0.053451056558237606,0.017231941241698023,,0.0172905876280021,0.01726998297135343,,0.017300931028898955,,,0.01725664395868042,0.017220377089157766,0.017282894013621913,0.017288304741284982,0.01727830257954314,0.0172848943011628,0.01732733294570561,,0.01726711945463156,0.017270434550958697,,,,0.01731715562117488,,0.01725977835461399,0.017280757954596354,,0.017284855434828588,0.05333645599720942,0.05325092814228601,0.05336257994523019,,,0.05342068814951198,0.05334932379255645,0.053467715371604926,,0.05345037418650974,0.053415128967670006,0.053240251032914625,0.053452388171493594,0.05330622747012489,0.053423306578213585,0.0534103432674315,,0.05341147136578709,0.05342648328474738,0.053454015320440265,,0.053331435958519115,,0.053247361258601134,,0.05334520385425259,0.0002863436326760551,0.00028556148238578674,0.00028614286527069415,0.0002856443804418998,0.0002851377430281087,0.00028566929365732605,,0.010100080467434382,0.0002888375505644937,,0.00028875275525821635,0.022640801653129553,0.0002903055653146496,0.00029047084762713247,,0.000291149486856786,,0.00028988514862097347,0.0002905317520795429,0.000290947543364473,,0.00029139392329684944,,,,0.0002910432193279017,0.0002907973481582314,0.0002906171983818077,,0.00029135498015825194,0.0002898697880679204,,0.0002909401238440259,0.00029112602160431903,,0.00029039961570827093,0.00028977740661719484,,,0.0002904011717918168,0.0002907542291786358,0.0002898607573454904,,,0.00029039357599306966,0.0002904879200818029,,,0.0002904609850016693,0.00029102560352208895,0.00029123996683572936,0.0002904670061026809,,0.00029111897539196293,0.0002903084919320252,,0.0002917631335949993,,0.0002900142548181529,0.0002915353532599009,0.00029103285815753786,,0.00029021530953305747,,,0.0002905803330501141,0.00029049523558488915,,0.0002907478556294866,0.0002914936900028569,0.00029077915110209824,,,0.00029100162918537414,0.0002908433043143245,,0.00029035532604498724,,,0.00029061399953133916,,,,0.00029096359461600995,0.00029067332143793614,,0.0002905232694899074,,0.0002909919974949803,0.0002910441175164942,,0.00029034521275838015,0.0002909489331486926,0.0002906599698453662,,,0.00029093100660804096,0.0002900100746090353,0.0002907688811192667,,,0.00029104273930083803,,0.00029099685600782947,0.0002909331223722292,,,0.00029088133041831884,,0.0002900292335217367,0.00029005358013256267,0.00029030970315738176,0.000289464679626996,0.000290316755001297,0.00029106805708781376,,0.0002906840620039975,0.0002907105024101864,,,0.00028971376258270844,0.00029115871757179286,0.0002906666170321011,,,,0.00029107760501775155,,0.00028991795516427335,0.0002899956470821296,,,0.0002897461344683893,,0.000291266798730842,0.0002901244451341996,0.000290552153939571,,0.0002898989845429793,,0.00029052231597648975,0.00028898301214301975,0.0002908739104901947,,0.0002912148410237009,0.00029161289963619037,0.000291230737643113,,0.00029009021670754016,0.0002911613624547333,0.00029054441669345156,,0.0002906352937018533,,,0.0002909885491523282,0.00029025904984327736,,,0.00029041638808158503,,0.00029076312726814213,,,,0.0002916192006118808,0.00029080046117065887,0.00029013219518409,,,0.0002904639726470393,0.0002908242921191719,0.00029005422418592957,0.000290330521637538,0.00029127574814786367,0.00029062782849682047,0.00029049145659591427,0.0002905124004238889,,0.0002908215198807158,0.00028263804105595723,0.000282309667704025,0.00028357683197717954,0.013338196193438201,,,0.011786339693064673,0.011785529660722289,,0.011297176554415839,0.05685341095339027,0.05683851160179443
4,4,DG_8pct,16,Z01_F06,1,LL_AB,333,CKT7,True,99.67262377856906,84.34338889387033,84.2862166246081,37.427003891762325,37.70498336423321,5.833672451968256,0.7886273907010378,26.763057039357516,28.238255514259777,11.284120965891567,11.32473094098543,7.452563460116667,0.2515999157888534,0.6203843515052943,0.9316543724950596,0.8044552797298905,4.887755474026434,1.0916614214819054,2.5977823417538595,8.519242787799834,,0.00029891429460759435,0.00029882660937867504,,,,0.006268545814387923,,,0.00028890097819011867,0.011174937696191819,0.011759745382533245,,0.011792695600152345,0.011289036937906229,,0.011280245036844681,0.05673579761608562,,0.05686913196130406,0.0002894380902711014,0.00028976407200237935,0.00028970368972208087,0.00029097334071151297,0.0002896026263325062,0.0002904152503961601,0.0002864568009830972,,,0.00029056922814939604,0.00029106904799994736,0.0002915305972661777,0.0002907358936957088,0.0002908631346390437,0.0002908303496640766,0.012829762289302339,,0.0002838984419550431,0.0002837795096190137,0.0002880384173381825,,0.0002883771258238094,,0.00028897813462027327,0.00028824073282981283,0.00028902173543337195,0.00028902804013384144,0.0002891244719160215,,,,0.00028839534744850014,,0.00028808148522270027,0.0002885397865917413,0.00028868324269399676,,0.013776820695035498,0.013816499224317963,0.013340814712907613,0.05520523606694678,0.014080966944323611,0.01404655411423308,,0.014031885782171759,,0.014090669740001718,0.014073298020347689,,0.014062892306665716,,0.014036013420088369,0.014082176285257136,0.014043783016221556,0.014085890124542238,0.01407014477811753,,,0.0140475866170748,,0.014063035270527054,0.014047810859008336,0.014040544036157216,0.01410218693784858,,0.0002848351917495961,,0.0002860215766835269,0.01933492807483821,0.0002813744367503096,0.0002820437572388759,,,,0.0002822239310571363,0.019940569997719676,0.019841862492894238,0.019896180876850383,0.019839515219947177,,0.01995334939115235,0.019901745613248794,0.01991775372456266,,0.019881484988436348,,,,,,0.019897231717599693,0.01992283244658779,0.019916705821955767,0.019885848933742862,0.01989455317043147,0.019952475912238084,0.019928056040457862,0.01988350879703668,,,0.01990167120483241,0.019962734979293104,,0.01990998307611864,0.019940831883816446,,,0.019969434857018627,0.019932982390344745,0.01988121013210352,0.01983194508764211,0.01989624488692761,,0.019958270564302553,,0.019879974684163,,0.019922484871490787,,0.05139403618795971,,,,0.051496351959611567,0.05151559448364956,0.05135372213386557,0.05166239419249434,0.05143854502398002,,,,0.05152379281588732,0.0515452361022514,,,,,0.05158980139440874,0.05139247238672019,,,0.051358381768380285,,0.05134880674227004,0.051303516675244354,,0.05140981610212746,,,0.0513232878416785,0.051341049053415425,0.05148917038499406,0.05144041419654686,,0.05145543550080092,0.05127123246953828,0.051395578008695354,0.05162379926980993,0.0515025131179805,0.051619535483932964,0.051291183761932015,0.05141535825039957,,0.01939441744887887,,,,0.01941117085857375,,,0.019458876686095538,0.019427259293891004,,0.019467750727854206,0.01946212382721493,,,0.019383167762326434,0.019384797786191933,,0.01944619213678253,,0.019388416651231102,0.0194309297423139,0.01944772379089381,,,0.01945489765391074,,0.01941365483041983,0.019384365051132044,,0.0194024558805971,0.01936599753428796,,0.01938050508122697,0.019378894640668505,0.01937231360236392,0.01945509307953353,0.019429395538465295,0.019422368030260394,0.019370725848386963,0.019431553438784017,0.01935140350380551,0.01938055234824985,,,,0.019410413912359523,,0.019480946485730333,0.01937219827880426,,0.019387804222337632,0.0194273989867637,0.019371287475236334,0.0002735888414900983,0.000274030024118379,,0.018961467471140015,,0.00028179265272529515,0.00028097745571615645,0.00028140070278402386,,0.00028203636497000566,0.000281282156879343,0.018608590559134202,0.018588370236057646,0.018685003789341112,0.018687159513178855,,0.01864601315162868,,0.018668821629716108,0.018622229711088345,0.018610759552487716,0.01863632252666232,0.01860243640539613,0.01868879389473738,,,0.01866513773319136,,0.018618575167526498,0.018614602998132276,0.018677867251212652,0.01866758036604463,0.018635020533692682,0.018614285395023408,0.018648830191061748,0.018584856455252634,,0.01861914372380335,,0.018607171877011768,,0.01861465840718813,0.018642292474579124,0.018646676005822257,,,0.01867701803855759,,,0.018660121707881505,,,,,0.018836003533308825,0.018857922389347487,,0.01890587613896647,,,0.01895422925190651,0.01887350010546352,0.01894384458296945,0.018916661347340307,,,0.018856256588499293,0.01888787463182603,,,,,,,0.018837047482467978,0.018849438730128176,0.018880726108537884,,0.018882269579642764,,0.018849319961407502,0.01888601463176106,0.018871061437950733,0.05275772246519295,0.05265371280757566,,,0.052830799241743324,0.05276782611067828,0.052697184030434496,,0.05265981022862448,0.05285569027136983,0.052684184724270215,0.05246311648160854,0.0524876933980845,0.05243910019038516,0.05238845166561179,0.052445696371956445,,0.052443648341501246,,0.052449464162063156,0.05237490275319087,0.0524664180561513,,0.05244562506092234,,0.05240315709781233,0.052681175613947424,,0.0526002234891615,,0.052609644440108246,0.05271138837180543,,0.05277550564111857,,,0.05277644417256808,,,0.052698878950415085,,0.052814120440787274,0.052803422327093806,0.05287386178372371,0.052858236515984106,0.05281973040695852,0.05262608829452861,0.05266757041379953,,,0.052866801875468425,0.05267836025686584,,0.0526449142146715,0.05271713676209459,0.052634535237364034,,,,0.052447499877659086,0.052376559402092834,,0.05236520967505209,0.05245227840719253,,0.05247502061747327,0.052458993795693215,0.05225518082608769,0.052499995664579115,0.05248459045252376,,0.052311688948387086,,0.05231291439760258,,0.05233185879983668,0.052560883616765294,0.052466659424296354,0.052396216457127956,0.05226595092432048,0.052614539386623756,0.05242705540530037,0.05258526899138681,0.05246376359218865,0.052725085222462505,0.05237568035775056,0.01805065555762558,,0.018024398943707304,,0.01855946044965721,,,0.018544984334741024,0.018550390860972887,0.00027760803551733066,0.0002781624850300057,0.00027757489257580406,0.00027803362671428774,,,0.01969696582050252,,0.051338256469880876,0.00028060798661502096,0.0002800148874197395,,,,,0.00026665595110335187,0.00026780496701479686,,0.021339721752641806,,0.05017587434842021,,,,,0.021480265093755405,,,0.021639241099231307,0.021579302657536124,,0.021700426667207076,0.02217586298428005,,0.050450185825568025,,0.021955930757805543,0.00029220324363799064,0.0002931044788020361,0.0002922556528508341,0.0002924152022095645,0.0002930309449627327,0.00029249691794022036,0.0002933719032651362,,,0.00029231946903688743,0.00029295892151348863,0.00029259905003126293,0.00029252426959755745,0.00029283871040221537,0.00029229528402784755,,0.00029336212425859666,0.00029330080388052137,,,0.050410068531110366,0.050535739683754105,,0.050293973847256694,0.023181867576811392,0.02311904072570226,0.023181691246979635,0.023163588189822885,0.022605628408122667,,0.022674123908897968,0.02268175089678103,,,,,,,,,,0.00029661756650492364,,,,,0.0002972109612036234,,0.00029661972205623314,0.0002963104578349205,0.00029691932263563797,0.0002965428796063437,,,,0.00029626255716388864,0.00029687621913625386,0.0002972240789010598,0.00029715483683143514,,0.0002963676406310445,,0.0002959600871351748,,0.0002961677347098194,0.0002959619187319554,0.00029683631314447165,,,0.0002960157618054344,0.00029603790187575027,0.0002952981799302389,0.0002963819891943123,,0.0002965082485332448,0.00029622419750829866,,,0.00029643413138143697,0.0002964331530242759,0.0002953728652397279,0.0002960712698441847,0.000296352938204007,0.0002964709854606851,0.00029556493501651366,,0.0002968178764616168,,,,0.0002962228396814402,0.0002967444053023396,0.0002966978909753501,,0.00029607603069973425,,,0.017284978319899346,0.017288993726762646,,,0.017247147973946195,0.017260488633580026,,0.01731625395028658,,0.01722709775349603,0.01728698363193189,,0.017759340645069545,0.017765517212148026,0.017827788443141365,0.0177667666040812,,,0.01775716883118716,,0.017762807124339003,,0.017793405428007156,0.017778494416275097,0.017744621440244517,,0.017695877014729394,0.017778325016849245,0.01781876759788857,0.017803597855439075,0.017330609049666313,0.01733086473026649,0.017287754777448146,0.017262469007862966,0.017295661963515924,,,,0.05338021888577733,,0.05342971526104481,0.053395300481790094,0.053372821119607707,0.05325729435451492,0.053484682213702624,,0.05338990081238699,0.05350965830455491,,0.053321517689360456,0.053296333002275535,0.053387169914283994,,0.017707968990502476,0.017706825512884383,,0.017756674296851373,0.017709664060346353,0.017761161149479274,0.017776779617090375,0.017785958974815743,0.017757746886731787,0.01775974364608827,0.01777804517715615,0.017552048108168967,,0.017757590467365372,0.05345161954924962,,,,0.053515993145887925,,0.05328114869961478,,0.017229282440923102,,0.01729172376251544,0.01727058611796471,0.017293919650283176,0.017283548078885446,0.017310399618525985,0.0173115716606921,0.01730921485533974,0.01728798166621155,,,0.017262031022505987,,0.017304489974019576,0.017219892985715385,0.017237599724890897,,0.017260168328018095,0.017280174941721835,0.017265444439350904,0.01723500668012203,0.017267762011787657,,0.01728379210755231,,0.05349166697723794,0.05345778193816828,,,,0.053287774980108636,0.053480258586845006,0.05335293894286994,0.053392426746351,,,0.05324499725418925,0.053383705031499466,0.053395414077422994,0.05332130944662903,0.053249431609697966,0.053561304483311346,,0.053574353927204034,0.05325268599636623,0.05338809785272486,,0.05334412334191713,0.0535336332791099,0.05346437963799266,0.05334306221527111,0.0002859527259179554,,0.00028587413040647824,0.00028580867069410174,0.00028537769900625524,,0.013172904759320293,,,0.00028984254899436224,,,0.00029029972789982304,0.0002902625785233052,,0.0002902466303498548,0.0002904208033880755,0.00029025898912565855,0.0002898057589592458,0.0002897880894830564,,,0.0002909256575570782,,0.0002904381377208065,,0.0002908819195049794,0.0002906101059003531,,,0.0002909621772742369,0.0002902186004060476,,0.0002905862670732566,0.00029033556827157955,,,0.0002905149748540921,0.0002910000279937598,0.00028988700792514476,0.0002912062097943658,,,0.0002907803320861478,0.000290850876780841,0.0002913426027857261,0.0002908662377599056,0.0002907190303589591,0.00029043337314406707,,0.000289884841486256,,0.0002907800338571223,,0.00028997101533525133,0.0002902488450645241,0.00029101139361210123,,,0.00029053345368101636,,0.0002910790921392122,0.00029151847056505307,0.00029096275520190993,,0.0002907587656782375,0.00029121494254261224,0.00029093722718164997,,0.00029057997483312466,0.00029148655801132094,,,0.0002903681873752573,,,0.0002895340769772175,,0.00029114438453510744,0.00029081896241152166,,0.0002904035737667992,,,0.00029116082904283514,,0.00029065142263665474,,,0.00029125301754451055,0.00029035328687992387,0.00029057187798004174,0.0002908719708620987,,,0.0002907642614744149,0.00029070637115164496,0.0002909488428118717,,,,,0.0002911244758635781,0.0002906074153577107,0.00028936193414184154,0.000290776021554505,0.0002905895790252099,0.00029085250602401514,0.00029085099395231184,,0.0002907743022070812,0.00029023882706935225,0.0002908839863797406,0.0002909625134457734,0.00029119219701640613,0.0002900704382452131,,0.00029059851769322307,0.00029062093977781357,,0.0002900847338339986,0.0002912049614214033,0.0002905535437982427,,0.0002909053040553651,0.00029017139733994543,0.0002912430852725762,0.0002906762593082996,0.0002896513915342894,,,,0.0002905354412684359,,0.00029069796070379795,0.00029045315114144206,,,,0.000290933805481762,,0.0002902365258933017,0.00029059906697506997,,0.00029043993498517433,0.00029065396609799987,,0.00029107429053854597,,,0.00029046976922925745,,0.0002909660599895304,0.0002897808786861955,,,,,0.00028920307168652377,0.00028977746802343973,0.00029123230248957353,0.00029068869962641967,0.0002899130790905909,,,0.0002904294329614569,,0.00029057261413596843,0.00029112695181828435,0.0002902181728371215,,0.000291204604182585,0.00029063189698371524,0.0002905327176777599,0.0002902350919469257,0.0002905482084596821,,,0.0002901053074902766,,0.00028326610236324614,,0.0002832733053659791,0.013395679211673152,0.012858065076380728,0.055663010852731586,,0.011748798714298693,0.011280893948266936,,,0.05686183433623845
4,4,DG_8pct,16,Z01_F07,1,LL_AB,333,CKT7,True,99.8162404900387,84.34793692306667,84.36341862158314,37.31387326476587,37.53190558530723,5.83431684540297,0.7933462629987491,26.814009068580607,28.21255466765035,11.283000190945426,11.311157410045828,7.439368664181706,0.25274737890701143,0.619294792471043,0.9375407014834184,0.802049861432934,4.882403271530421,1.0892388212890922,2.601886442260213,8.507590705593255,0.0002987874457575503,,,0.00306404750744627,,,,,,,,0.011815738671866527,,0.011822004200120027,0.011269239590368817,0.011321946500896277,0.011310912988409527,,0.056874683102414475,,0.0002888483257261197,0.00028962944103343803,0.0002894119051556233,0.0002901892444992142,,0.0002903255342030208,0.00028656939637665424,0.00028731032474858516,,0.000291374297178927,0.00029062373684243125,0.0002899662391819734,0.0002902185917852331,0.0002902292164888091,0.00029027790491485006,0.012803684164330541,,,,0.0002878538843902532,0.0002876486470092771,0.0002876039245198136,,,,0.00028920023780887435,0.0002882318471814268,,,,,0.00028888234735574775,,0.00028939358175586385,0.0002884563108801637,,,0.01382728362784637,0.013867912548167018,0.013329180045089475,,0.014065198575586899,,,,,0.014070883339059061,0.014050655213431563,,0.014048473678927994,0.014034088197726302,0.014089230685606649,0.014069107184043493,0.01407604074968457,,0.01410982984597116,,,,,,0.014102591227797714,,,0.014071903260772253,0.0002853043149636164,0.0002857759477389561,0.0002854445559953104,0.01933964497233089,0.000281246372882333,,,,0.00028195631365357667,0.0002818739624530966,0.019875025415420695,,0.019904175833651106,,,0.01997935306661226,0.019897164382455604,,0.019911475194411117,0.01988164666451361,0.019887391758773246,0.019897168692162806,0.019971668891323256,,,,0.019892417939029718,,,,0.0199040484624737,,,,,,0.019983890504924287,,,,0.01988242936338458,,,,0.01989601990602952,0.019915216401307112,0.019930193615711182,0.019893764422425717,,0.019928703952082318,0.01986965056275231,,0.019893866357017773,0.05151084998713715,,,0.05151254528073552,,,,0.051427474207902044,,0.05148432621545604,0.05146378740066112,0.051549456116573286,,0.05154797753982315,0.05136412398435906,,0.051666297412351125,0.05141957537921756,0.051582141344810616,0.05154482868568514,,,,0.05147328062734873,0.05148308821959646,,,0.051448923259661404,0.051410378061777964,,,,0.05160484315390782,0.05145319043088071,0.05138805749072618,,,,0.05132219130544635,0.05152022428317052,,,0.05153892893823208,,,0.01941903080665122,,,0.01940945946714472,0.01934884381739349,0.019370830329255573,0.019438807934641877,0.019433557140891854,0.019369612315146056,,0.019412436877468398,0.019451084649743895,0.019417889043500714,0.019430059596222113,0.019389720802314565,,0.019436613080653507,0.019442691078475634,,,,0.01940849063931087,0.019396356168242507,,0.019431176514384925,,0.01942653839940777,,0.019360945318430096,,,0.01941897995205461,0.019464242425444225,,0.019408657024725995,0.019421418163811283,,0.0194508541127569,0.01940633947205261,,,0.01945998923281946,,0.019403351107954853,,0.019349829145848128,,0.019395687794088987,0.019351408854014724,,0.019419020837215705,0.019451507409412563,0.019400947511388423,0.00027433397053286905,0.0002742380348535597,,0.01898085369763106,0.019652741934516122,,0.00028138095472202455,0.00028228294843086316,,0.0002815791654411947,0.0002820583833742086,,,,0.018670174204493604,0.018633345080906943,0.018630146474608703,,,0.018691932701653632,0.018563777751432416,,0.01871018314864657,0.01871272601174696,,,,,,,0.018630007867022944,,,,0.018591828248075967,0.01865718865594386,0.018660934041730293,,0.018639757545386146,0.018605958607095702,0.01862030214969717,0.018595752680365833,0.01859266788942551,,0.018645266382340927,0.018685513062857966,0.018557289294402896,0.018652970359042936,0.018603026973266292,0.018626836243561474,0.01864566807153411,0.01886145652854852,0.018861264282625308,,,0.018888220706929366,,0.018816820126515244,0.018942010213835014,,,0.018874620811446922,0.01885130241260459,0.01889898311345943,0.018880751932510313,,,,,,0.018888932729237584,0.018875887672161352,,0.018849321685609294,0.018861183940025776,,,,,0.01883326331784756,0.01888699569073379,0.018845222664966438,0.018886179526604714,0.05267197061846458,,0.052746082101485514,0.052646447229274654,0.052787145897096086,0.052748102147307525,0.05266926038146552,0.052682343228634736,,0.052708743158232936,,0.052294571990068095,0.05247169987875063,,0.05247775759871389,0.05245775049282972,,0.05251490390697214,0.05237227145245394,,0.052539863211457635,0.05258385497809267,0.05244298293212857,,,0.05243440002117316,0.05280321517039798,,,0.052616628857455376,0.05263813745616105,0.052746813443483656,0.05268427412440228,0.052703866271651155,0.0526844159082421,0.05266602948187008,0.0527675562149052,0.05270187399534553,0.052708164749724916,0.05252249549270398,,0.05276145848086632,0.052774063155986525,,,0.05263169189808282,,0.05272794149281296,0.0527042786148687,0.05264344903688958,0.052512978991466834,0.05284611926945459,,0.052724148951686596,0.05277154894482872,0.052774178452715766,,,0.05244126372861416,0.052295426971173495,0.05229635475319685,,0.05233012043509236,,0.05240489706961227,,0.05245996801039467,0.0524101475216274,,0.0524675891051094,,,,0.052284607568871606,0.05254228880704401,0.05240137269552439,0.0523717255761529,0.05248240858654204,,,,0.05246637690245854,0.052448903591668455,0.05256282768341741,,0.05254190878672153,0.018070330165841902,0.018041667291612502,0.01804380758748635,0.018073701057202737,0.018527486012251303,0.01855175796439689,0.01848168036752658,0.01855787947952857,0.018528739484428347,,0.00027679827130599403,,,0.0002767564332023308,,0.019667296798501682,,,,0.00027990166036339595,,0.00027363757849244613,0.0002739526073406781,0.000274093185296612,0.0002674066326922677,,,,0.020720015018567618,0.05035916784233565,,0.021383802599561304,0.05045626647228155,0.02207188822723676,,,0.021587740606401912,0.021600838854228546,,,0.02167104742732356,0.02220981031878181,0.021654728997534674,0.05026614078463201,0.02182860795796496,0.021910334320400907,,0.0002932671889401729,,,0.0002929659572308312,,,0.0002928615767629538,0.0002933745041053833,0.00029241168181794544,,,0.00029344971781263706,0.00029344225278801604,,0.00029245570156409344,0.00029264063986982243,,0.05041771408837158,,0.05030604957094634,,0.05043579103025475,,,,0.023125353256716198,0.023134010476927928,,0.022704853030961092,0.022612388255122712,0.02266250425206532,0.050393082923817244,0.050473901716252045,0.05052863804509138,0.050489967528852646,0.00029666795960435363,0.00029607008727661335,,,0.0002975232682484001,0.00029587947418202365,0.0002966929472972959,,,,0.0002970028960717159,,0.0002964812423913624,,,,0.00029630936773226583,0.00029692011891522304,0.0002966035837154051,,0.00029656534276885,,0.00029628698785737017,0.0002963186638785804,0.0002957557334185452,0.00029556183618129165,,0.0002958647896376099,0.0002968552924645108,0.00029671726970526734,0.00029673641238955417,,0.00029554280053019794,0.0002959616836433056,0.0002970045081591771,,0.00029746770970431744,,0.0002964565463568582,0.00029679478991692936,0.00029752428537712733,0.00029576797271972893,0.00029604768269325736,0.00029657928732041995,0.0002960877529789559,0.0002971090320391278,0.00029723184177533614,0.00029614743399407133,,0.0002956880679899049,0.0002962067747884342,0.0002968397511952309,0.0002966588295565364,0.00029597658093364455,0.00029702107724469297,0.0002968433744675577,0.00029594334942314624,0.0002965312239075119,0.000296451777862357,,0.017261755775617334,0.017276259132459573,,0.017212434535361754,0.01724238352616845,0.017250839106267683,0.01729357829826675,0.017304727623426053,0.01728484238325205,,0.01725981328018214,,,0.017778732847285532,0.017689053882592416,0.017762823137157772,,,,,0.017732554402379627,,0.017749168837391423,0.017743981442684183,,0.017750236141813733,0.017774489519669857,,0.01778809605366066,0.017746695512873407,0.017790772254580395,0.01731141839472652,,,0.017328483782086467,,,0.017269625728556177,0.017250642004740566,0.05346355452537873,0.05329797308108312,0.053513442103006646,,0.05333069241365446,0.053331524737986455,0.05335675499604388,,0.053096064596458555,0.05338402342524649,,0.05312101764903068,0.05342494251861537,,,0.017785570540370627,,0.017652413749528972,0.01775827866509684,0.0177330564683221,0.017737732834574867,,0.01775394431888047,,,,,,0.01772205047419962,0.0534593289474996,,0.053341444278359275,0.053472311289449216,,0.05345912273066496,,0.01726522737577885,0.017262395911114878,,,0.017330720464061006,,0.017358637973715556,0.01731490507537768,,0.017277766038669744,0.01730421658754013,0.01726286634339598,,,0.017282617155792764,,,,0.01732472149872055,0.01725310284690171,,,,0.01726572046096339,,,0.017341579856654646,,,0.053275950820745266,0.05342282428147301,0.05346413420608791,,0.053404170830044645,0.05341149817399905,0.053484137354690764,0.053506245124138326,,0.053423095916350374,,0.05340382873596271,0.05347131081571587,0.053316861231736574,,,0.05351088973085195,0.05338635931484166,,0.053575084450923086,0.05337192523240652,0.0534648946231016,0.053409977236728266,,,,,,0.00028587191740778287,,0.013174478300951685,0.010062939427758839,,,,,0.0002914393929908237,,0.00029023936111570274,0.00029118765091499637,0.00029019767928687383,0.00029007805830312723,0.000291275866413769,,,,,,,,0.0002908061988895867,0.0002900253309364661,0.0002909472564666628,,0.0002908311889345957,0.0002911525864385729,,,,0.0002912013371426236,,0.0002906951575863884,,0.00029130221692320635,0.00029070320118125374,0.0002904466722605269,,0.0002907167535069533,0.0002905195417245023,0.0002901347592579648,0.00029199610409101753,0.00028991507920368963,0.00029003872470764064,0.00029020921733307925,0.00029096739017473984,0.0002908801485383648,0.0002905368266065377,,,0.00029158041825063145,,,0.00029074816907785275,0.0002906075267030591,0.0002908384084821412,0.00029088785795880966,,0.00029098255960320683,,,,0.00029058103605383634,,0.00029027080737259247,0.0002904584442792181,0.0002903653311375095,,,,0.00029176333903144176,,0.0002909133895674662,0.00029087923513108183,0.000290821787892182,0.00029051423335304903,0.0002914271607314082,0.0002896101780147813,,,,0.0002889138637266498,0.00029129984277092403,0.00029045837649924286,0.0002905468882353127,0.0002908857555731144,,0.0002903414323954181,,,0.0002900446735063081,0.00029083172485051194,0.00029022406703166256,0.0002897591409223113,,,,,0.00029089986502621186,0.00029105060430362727,,,0.0002899047935135102,0.00029053201015251,0.0002909393461625414,0.0002908664585173553,0.0002907140508140952,,,0.00029105587610594015,,0.0002909483193578758,,,,0.00029000584941266545,,0.0002909057473945876,,0.0002900294239318975,0.00029118941165668337,,,0.00029058652518343,0.000290771587618454,,0.00029015821046207983,,0.00029081084773958894,0.00029072427238270517,,0.0002906439869464863,0.00029105274934603767,0.0002910329230323526,0.0002906227764708489,,0.0002903983614885327,0.00029046948815075985,0.0002906912751622769,,0.0002910677669789421,0.0002904488641606045,0.00029007397518335205,0.0002907125100266372,0.000290288878134396,0.0002904772680758385,,,,,0.00028995781217179393,0.00029059690045702227,0.0002913866820204438,0.00029128849505347354,0.0002909568091220624,0.00029115886013979746,0.0002907707215248489,,0.00029033066676124804,,0.00029008965108969317,,0.00029058277919844937,0.0002917250855080437,,0.00029023411719355857,0.0002903144239365863,0.00029184488795662504,0.0002901507959180319,,,,,,0.0002907582759102802,0.0002829511570383691,,0.00028354588333052094,,,0.055756452076308874,,,0.011317419902419704,,,0.05691253447645526
4,4,DG_8pct,16,Z01_F08,1,LL_AB,215299,318412,True,99.46997212544139,84.08779783483385,84.67889354814687,37.45369456255094,37.54441267899587,5.822895841840039,0.7914415057002396,26.61066215028419,28.47088132848416,11.265708384500215,11.331940085813912,7.419229581092594,0.2517536187584908,0.6207903477235178,0.9360757750217881,0.8001437414610048,4.899542494229632,1.07923034625851,2.6184284334716224,8.50103086127054,0.0002983199727612087,0.0002984201938842028,0.0002988924542301485,0.0030645095353622398,,0.06591024953275945,0.006258550104501183,0.00028951035667548834,0.00028949929853990165,0.00028976035428544963,0.011212297618860244,,,0.01183421640020856,,,,0.05689774499168427,,0.056783809257006615,0.00028893460990548156,,0.0002896404133684197,0.00029006741973913107,,0.0002908385242172155,0.0002860641530178258,0.0002866228259234976,0.00028759268317867854,0.00029044661064187244,,0.0002912712097226168,,,0.0002900738660485267,,,,0.0002827816358887587,,0.0002877468367245871,0.00028819015601532465,,,,,0.0002889207437451767,,0.0002890231911913782,,0.0002881378101345324,,0.00028894255083518046,,0.00028916896701143774,0.00028863482683963963,0.0002892704428981132,0.013757687217808031,,0.013343413910387954,,0.01406804326980744,,0.014041702135635024,,0.0140754312260616,0.01409784303295129,0.014071965492848736,,,,,0.01409465771716909,0.014080892508359148,0.014055789408794662,0.014079988764120956,0.014072100676734317,0.014084228740485502,0.014084018973173618,,,0.014077151790958422,0.014066571422547644,0.014068561780479664,,,0.0002851057632133754,0.0002850685112592369,0.019321957153879896,0.000282106615796476,,0.0002824318157858603,0.0002818714385711866,,0.00028167376405922493,,,0.01991201856542451,0.019961363405272232,0.019917199702524327,0.01988291571904579,0.01990428924836545,,0.019902924598149418,0.019916150194272435,0.019934375736067295,,0.01992488387455509,,,0.020025074910106525,0.01992334518878212,0.019916966426549134,0.019908403849590955,,,,0.019936660355323325,0.019905476555095853,0.019883300250112996,,0.01993533704017451,,,0.019914772891619293,0.019930853591028627,,,,,,,0.019913807514255265,0.019881430014867568,0.019923917456809208,0.019933460815183077,0.01992752682998953,,0.0515727031993175,0.051462515933953,0.05151448367086421,0.051530181894559594,,0.05151131624047519,,,0.05149467298597771,0.051442457219463326,0.0515478085453347,0.05153495111982785,0.05139649047860835,,,,0.05143014447576471,0.051535607394722044,,,,,,,,0.051544532426092186,,,,0.05139629677818891,0.05143190963576785,,0.05154114281472085,0.051452152186818124,0.05126195622575337,0.05146519905489673,,0.05150708435644368,0.05152761198178378,0.051431410348999285,,,0.051504285905009696,,,0.0193579915906901,,,0.01937764263196091,0.019432396890036945,0.0194172840029236,0.019415619224990875,,,0.019392955984260458,0.01943746441977772,0.01942861742523125,0.019434621956352097,,0.019505905861755633,,,0.01943283198726942,0.019477177205222445,,,0.019459454200734597,,0.019424387106350086,0.01938785143141988,,0.01941228305112676,,,0.019374511827396496,0.019379360473513626,,,,0.01942934738421249,0.019394208632888585,,0.0195031757543541,0.019423123536502072,,,0.01943072531804524,0.019441323282491433,,0.019415511444662158,0.019393557027335463,0.01939092251948833,,,0.019423356175384852,0.019403674042882277,0.019394835409699662,,0.00027459573983226477,,0.00027359969530536306,0.018917579354524598,0.019608018450000462,0.0002815879502476275,0.0002814155815840842,0.0002821412507729655,0.0002817322767577624,0.00028125623196069335,,0.01865711407571951,,,,,0.01870387456862071,0.018668238401301922,,0.018664024786741982,0.01870008692101842,,,0.01868709359712596,0.018675962113343093,0.018632441645909308,0.01858859122000117,0.018618789179823212,,0.01866907715516577,,0.018667763510871658,0.018600616983396354,,,0.018616083939400986,,,0.018584775773804754,,0.018654382081952515,0.018590568252759367,0.01858650053244377,0.01869009067073404,,0.018676788389147304,0.018587795845432596,,0.01860956291157217,0.018638523555897346,,0.018880032654078057,,0.018855589806129513,,0.01893820658941591,0.018867679066984624,0.018869466683216814,,,,0.018894195590809196,0.018870941001137412,,0.01891676303672547,0.01894270606226449,0.018858510143060832,0.01895303425520932,,,0.018870044845431845,0.018921050978265453,0.018836749087121397,0.01883001510824282,0.0188737492102923,0.018886069844345696,,0.018917146694221038,0.018883706843350705,0.018863482923664902,,0.018859952062628763,,0.0527111376055783,0.05269417563263993,,0.052767778340290276,,,0.052528396348637346,0.05278879464646804,,0.05261337158822911,0.052494889527585756,0.05249180314064212,,0.05242122934544914,0.05243442654325492,,,0.05239462662905543,,0.052483955018993,,,0.05253676168661361,,0.05239522946961019,,,0.05265372641036602,,0.05282067189110627,,,,,0.05268463921956536,0.05270896248273783,0.05280054672291129,0.052714462242335176,0.052709082650616385,0.052534556645940464,0.05245111193117589,0.052467681186172545,0.05284428863014625,0.05284900214541385,0.05270378780145291,0.05261144776914473,0.05257856539579331,,,,0.05274862739778181,0.05276825790952185,0.05273272092749997,,0.052785045318761895,0.05266648902228884,,0.05243596434068722,,,,0.052282323392814856,,0.05227838663381107,0.05239938455778956,0.05232849039626331,0.05249077724215647,,,,0.052478480196604324,,,0.05246057441248671,,,0.05247773737507109,,,0.052327350984915845,0.052482274310021594,,,,0.052581679769177825,0.052407641488974595,,,0.018000246865876833,,0.01854528799144636,0.01855340611124914,0.018515835957316363,0.018543559072107463,0.01849202382952043,0.0002773543394210007,0.0002777402079924491,0.0002774644645374378,0.0002774981119487142,0.00027736304280628514,,,0.01918840522940574,0.05155919992535146,0.0002796016375792597,0.00028049674913992455,,0.0002738973754627879,0.00027263943432682963,0.0002748358040371127,0.00026657116532482057,,0.0002673529904388278,,0.020790602368009996,,,0.021331988300248437,0.05038388251414206,,,,,,0.02166266230650415,0.02162837595632469,,0.02213539902782948,,,,0.021936434670734417,0.0002935329860269534,0.00029272985619092635,,0.00029302651719552387,0.00029259579863159883,,0.00029258810187937916,0.00029212877273803714,0.00029293432452843495,,,0.00029313400972529665,,,,0.00029339692096327685,,,0.0505213078209511,0.050541400572524875,0.05071253546713755,,0.05052117348425831,,,,0.023174037399270205,,,0.02261968239944073,,0.02256837874555618,0.05058741332997773,,0.05051284222624588,,0.00029691074384888055,,0.00029624909852286923,0.0002965468465683873,0.000296893072600947,,0.0002966206398046504,,0.0002962118219439256,0.0002967485862882358,,,0.00029643024016986173,0.00029742321963883035,,0.00029500244403444836,0.0002963997971762466,0.0002963820504196854,0.0002954668161605164,0.0002971577894001244,0.0002970042211248083,0.00029711115537728766,0.0002960238050702303,,0.0002961938317380918,,,,0.0002962726397113837,,0.00029611582008407135,0.0002963718675022938,0.0002966249655759584,,0.0002966718195860365,0.0002962264481844992,0.00029640670455869403,,0.00029635519328929575,0.00029645134150396165,0.0002962540868992776,,0.00029629346445805485,,,,0.0002967285479552241,,0.0002972846776728133,0.00029656683924816007,0.0002963018095574342,0.0002969383992674361,0.0002962014227820023,,0.00029636414662795806,,0.00029663423129205153,0.0002960707660811901,,,0.01727162433485723,0.01727125578107312,,0.017276094344507886,,,,0.017258749759669526,,0.01729363172378783,,,0.017818014097011826,,0.017783033813229144,0.017752053875252426,,0.01777677577337057,,0.017770348801262145,0.017713488226255025,,,,,,,,,,0.017796112604143894,0.017322443373808005,0.017299503758541755,,,0.017295572422583647,0.017293119346463718,0.017311103582018744,,0.05331551009674478,,,0.053422485447508265,,,0.053440778986748885,0.0532873529088444,0.05329112570461923,,0.05329632982247063,0.05346641028769573,0.0532201014452552,0.05340302379783696,0.01774268747581975,0.01774690103003587,,,0.017754506554154205,,0.017770803672010168,0.01775400051783295,,0.017754703246978018,0.01779259897092334,,0.017519592480347252,,0.017732369656925807,0.05337690308839095,0.053341071432749035,,0.05345278649607193,,0.0533568014647953,,,0.017326422119237034,,,0.01728119607648046,0.01729916331258771,,0.01730154970971004,0.01725871897613239,,0.017304061200595296,,0.017268830907240407,0.017298284717082738,0.017225663156832625,,0.017325974478024864,0.017316471855609507,0.017279223948728887,,0.01725552919506251,0.01725799573631646,,0.017276590447089533,0.017282352364742765,0.017296100158005628,0.01729649719838219,0.05342537751586289,,,0.05340603841657564,0.05355398810573914,,0.05331842381997536,0.053561406236581205,,,0.05314563960773085,0.05334278312936441,0.053360801548925696,0.053350036824923515,,0.05344178775591521,0.053471811703927376,,0.05344804540421999,0.053399478884190985,,,0.05344023255062642,,0.053368531542218316,,0.0002860577014562212,0.0002865938579549773,,0.000285958668336358,,,0.01318499154129462,,0.00028956656641123334,0.000289366522961168,,0.022679987282292327,,0.0002902381442804174,0.00029087645547569966,,0.00029088270918904203,0.00029096026537606324,0.0002908975140009013,,,0.0002905987673086659,0.0002912014934914222,0.0002908335419985728,0.0002910497304699564,,0.0002911245124648157,,,0.00029093438657989994,0.00029061068322105976,,,,0.0002901243685780266,0.0002906619248741163,0.00029009843535494017,0.00028989591050189683,0.00029115508593355137,0.0002903320528116571,,,0.0002902278574063069,0.00029161763304988084,0.0002901792844066972,0.0002908779794904769,,,0.00029111012987959365,0.0002916680441789753,0.0002899966085629522,,0.00029027571007102124,,0.00029081023005282273,0.0002909077059121858,0.0002914124872000326,,,,0.0002904094231516928,0.000290323736579595,0.00029013813291799183,,0.00029080276867706845,,,0.0002905837951319582,0.0002904309914434487,0.000290575605162857,,0.0002900428422218008,,0.00029113611608439215,,,,,,,0.0002909796759669992,0.00029002845634896915,0.000290025541297617,0.0002908322042202282,0.00029031552149370735,,0.0002904949084719302,0.00029139608960124675,0.0002905561552285921,,0.000290188897583612,0.0002909149614592793,,0.00029044343996664773,,0.0002913821470629734,,0.0002900109087303274,0.0002906614685220147,,0.0002906511578862776,0.0002897583853050158,0.00029102394695695974,,,0.0002910613688317309,0.00029077820090601025,0.00029092587662996923,0.0002895846402883453,,,0.00029040714593110386,,0.0002900027790254271,,,0.0002900943338749334,,0.00029053553241263543,,,,,,,,0.0002904729467140619,,,0.0002912457447867547,,0.0002904461218010093,,0.0002908693878522966,,,0.0002902417155188407,0.0002910523082748419,0.0002906227579704173,0.0002909657743319415,0.0002907037644727363,,,,0.00029152724115307204,0.00029095544050619654,0.00028992117891274086,0.00029090397608711317,,0.00029125268630819927,0.0002916050373348855,,,0.0002913859656233413,,,0.0002909631722732593,0.0002903922852516421,0.0002904929571920882,0.0002902612755997058,,,0.0002906904684860716,0.00029135129938157977,0.00029113411232619475,0.00029007637754595783,0.00029041513986346367,0.000289710443414176,0.00029060791547964144,0.0002901850592257488,0.0002901591331153546,,0.0002900516535245182,,0.00029079775631374067,0.00029109576345638926,0.0002912725732378868,,0.00029042691204927084,,0.0002826742200241326,,0.0002831500102939882,,,0.055685634446347845,0.011794005080579685,,0.011287945561739888,0.011278339803074177,0.05701836715070469,0.056773592183835764
4,4,DG_8pct,16,Z01_F09,1,3PH,335,CKT7,True,0.38783954404312504,0.36061497200883647,0.3596940721769505,0.237867992619159,0.23992395697076485,0.02452547732806146,0.005276789803127159,0.2001493418912086,0.20111029246259374,0.08524873580707357,0.08587432180795103,0.05662841582859942,0.0017023502179868237,0.00415475857141443,0.00611496125965121,0.005767132100688634,0.022383086683663213,0.008534505235619869,0.0176065300548907,0.05870660447367113,0.00030021274039394034,0.0003012515940644625,0.00030127567912518793,0.0003025032581494049,0.0003020993984221459,0.0003023910379663556,0.0003025367650211521,,,,0.00030123208703939134,0.00030414449375807675,0.0003042318237985097,,,0.00030447216495384217,,,0.000303893607096402,0.00030293000719862,0.00030049151593535104,,0.00030009400161359423,0.0003011310837472226,,0.00030183047463241204,0.00029789814993946167,0.0002970212495265775,0.000297046699494873,,0.00030202786111415775,,0.00030162152873970053,0.0003015962769798869,,,0.00029766309437493163,,0.0002973686067626198,0.0003037144236801359,,,0.00030510850745485885,0.0003057213963935279,0.0003056070947948689,,0.00030530837353309477,0.00030472128422262985,0.0003042233913363503,0.0003047790796699553,0.0003054548807935786,,0.0003044218990656833,0.00030537997280627324,0.00030534710032880497,0.00030573628375392924,0.00030449731512054135,0.00030465391981745403,,0.0003055657335154748,,0.00030569421674675023,0.0003058489083041487,0.00030556461157679564,0.00030641989545148417,0.0003064040878554296,,0.0003062120174296013,0.0003061013758293843,0.00030554674408776316,0.00030605198539045657,,,,0.00030570341278640016,0.000305959371181677,0.00030584721939709705,,0.00030677751351410683,,0.00030652489618573534,,0.00030624776172452856,,0.0003062797166962363,,0.0003034274345265429,0.00030419733665180005,0.0003147769714347953,0.00031260244996149004,0.00031265518948334363,0.0003124395127297478,0.0003114423187797818,0.00031289171360473784,0.0003128145644291834,0.0003160262788056219,0.00031608997361031187,0.0003161342730363768,0.00031675356332041524,0.0003154389217060922,,0.0003159256467664303,,0.00031723820500316897,0.0003168146924002277,,,,0.00031581840539688917,0.0003166699535576984,,,,,0.00031548635794358056,0.00031604847408491253,,0.00031594132672487104,,0.0003152471869088364,0.0003156392391227129,,,0.00031633553442129335,,0.0003171311887495867,,,0.0003161564992070884,0.00031589443852821016,0.00031538662005343695,0.0003166500475053062,0.00031672820867586625,,,0.000316223687674866,0.00031606444971350565,0.00031525202165432435,,,0.0003170018406823697,0.0003158192836305945,0.00031624543934365433,0.000316448681366615,,,0.0003153664013769426,0.0003167815556109548,,,,0.0003163848648457777,,0.00031624120029894137,,,,0.0003162109088481278,,0.00031541640775314153,0.0003160416117780527,0.0003171614746589126,0.00031562726695694897,0.000315476109102873,0.0003158759315705795,0.00031531676723361036,0.0003153940008723471,,0.00031564601767137347,,0.00031514606554552916,,0.0003147555923412673,,,0.0003150525760127834,,0.0003162261891852782,0.00031582521734111184,0.0003158281862602446,0.00031621867353821153,0.00031620967846859654,,,0.00031691659535604787,0.00031591726799623136,,,0.0003160793623918692,0.0003168806703452495,,,0.0003172790924166671,,0.00031767140777836186,0.00031783106153040574,,,0.0003173054152707779,,0.00031721567187158347,0.0003169105691473085,0.00031741014054638737,0.0003169483267041348,0.0003173437900541921,0.0003162238312175342,,0.00031669679836181084,0.00031621499536905697,0.00031688664342015635,,0.00031637720420295496,0.0003163921230106231,,0.0003169656435603773,0.0003171448947951771,,,0.0003167360407342179,,,,0.0003169035852054293,0.0003170944928126445,0.00031665277316916406,,0.0003165170169752432,,,0.0003171140873702094,0.0003163795792607586,0.0003175393924176326,0.000315793658125612,,,0.00031618710254414315,,,,0.00031572724755868066,0.0003144477458007282,,0.0003138443851667065,0.0003144707658436502,0.00031409776706700713,,0.00031416480341935743,,,0.00031610148435374136,,0.0003152335535629341,,,0.0003165761188288915,0.0003157875014414085,0.0003161532699973297,0.0003163831264655237,,0.0003149782823286599,0.00031595455326311633,0.00031625270245309753,0.00031637535092245,,,,0.00031539744313076,0.00031680248974671387,,0.0003159385708992668,,,0.0003161315046654994,,,0.0003165341918093195,,0.0003165032939341929,0.00031580523030533036,,0.00031546914030935194,,,,,0.0003155473626806657,,0.00031610322975380407,,,0.00031547297976158584,,0.00031619280309452146,,,,,,,0.00031647084339901513,0.0003160115742257617,0.00031635652712748034,0.0003158826622524795,0.00031626454930683544,0.0003162798342242936,0.00031590544910802226,0.00031575964044769394,,0.00031579049865742924,0.0003162969665457567,0.00031611759796517557,,,0.0003167897213514933,,0.00031607679080007314,,0.0003157856638592726,0.00031653572005889636,,0.0003162269912949167,,0.0003156312224762311,,0.00031541752763226364,0.00031544708084315975,0.00031572477066342547,,0.00031486729136712377,0.00031526490905093435,0.00031532345902555883,0.0003153291855833895,,,0.0003155252681837377,0.00031598777263138324,,,0.00031566042015382595,0.00031520452116695944,0.00031571243897301706,0.0003153282710267427,0.000314382452047588,,,,0.00031598726624757325,,,0.0003152327715576642,0.00031534568326952985,0.0003151569055647969,0.00031577089903415116,,,,0.0003151252265248792,,,0.000316386293348301,,0.00031534458225127184,,0.0003153437768646842,,,0.0003146340633033878,,0.0003151089946983684,0.0003154328480262721,,,,,0.00031545071904206493,0.00031517693819360263,,,0.0003146662543364369,0.0003144002753192409,0.00031471168647338385,0.00031488875074207716,0.00031482861852983766,,0.00031545953065086746,0.0003150010861526133,0.0003156058416069131,0.00031540152808521064,,,0.0003157765194213568,,0.00031595850011955566,0.00031482870502872915,0.0003156481046011347,0.0003160817413699154,0.0003164480479685875,0.00031603033742080025,,0.00031544091492776306,0.00031535565384053696,0.0003161143883117143,0.00031586646043201493,,0.00031493907209513024,,,,0.0003173103054885372,,0.0003147962940803734,0.0003161070682969151,,0.0003151053620339625,,0.00031060744126196795,,,0.00030981767451044917,0.0003087977621938868,,0.000316726062968691,0.0003149568792289245,0.0003111245023426181,,,,0.0003045160826812855,,,,0.0002964170993243508,0.00031723878190306244,,,,,,0.0003216258834648147,,0.00032081053290726003,0.0003227110937462384,,,,0.00032095641337054624,0.0003215337823449805,0.0003222735543840301,0.0003215951928811194,0.0003239920786485908,0.000323496744109293,,,,0.0003203978202255289,0.0003208588300406627,0.00032074719784015395,,,0.0003216894875619511,,0.00032217245911264495,0.0003206674105085774,0.00032080728352586803,,0.00032154170808868437,0.0003212669808690342,0.0003207145554245945,,,,0.0003241379999041284,,0.0003256988371110275,0.00032428624212077055,0.00032653077488041266,,0.00032664109455694275,0.0003269130315480777,0.00032627178222997556,,0.0003262540971341557,,,,0.0003266325986728552,0.00032696930752991276,,0.0003248084555358809,0.0003252216204143821,0.0003250082259932102,,0.0003244236380054896,0.00032547676541511145,0.0003253482138960652,0.00032487015052285666,0.0003255262227114219,0.0003250739936475509,0.000324756299997635,0.00032541484845907394,0.0003252164744887121,,0.0003250827582511987,0.0003251869343131167,,,0.0003244290669312762,0.00032493316071379884,,0.00032544327031625383,,0.0003252249961719288,0.00032458398806991536,0.00032490625859240364,,,0.00032412072880963906,0.0003262066415528008,0.0003249132510699102,0.00032413734727979114,,,0.00032392646737876393,,0.0003245235403365223,0.00032508257449124085,0.00032488380628694225,0.0003250427531299318,0.0003253970643940147,,,0.00032608683730581334,,0.0003240932380371389,0.0003244315632975622,,,,0.0003244811015159103,0.0003247741812105173,0.0003251124014190291,,0.0003246147728225267,0.0003249394848727534,0.0003249782998691448,0.00032591374139881636,,0.00031502888400840247,0.00031626008573016403,0.00031694105222292705,,0.0003166170693647885,0.00031526237386955485,,,0.00031496319785758185,,,,0.00031477171679722144,0.00031467919255278123,,0.0003147909460230005,,0.00031562262594368013,0.00031559806580823386,,0.0003148549188757106,0.00031541745901664123,0.00031464853912231,0.0003152533308693289,,0.00031553329982431154,0.00031467886205505834,0.00031583256994421345,0.0003144474117636439,,0.00031544149002970515,0.00031511966534279924,,0.0003160402926199123,,,0.0003159876095347036,0.00031662178895783635,0.0003155515581381311,0.00031381618241694816,,,0.00031393245485522906,0.0003142559750938687,,,,,0.0003141674560000062,,,0.0003137467736107429,,,0.00031546353301989166,,0.0003144252277257203,,0.00031552801481019504,0.0003158533770898081,0.00031512699045200496,,0.0003162059156482548,0.0003149230460854929,0.0003150703165563983,,0.00031479164580844814,0.00031490860238882147,0.0003149994097313613,0.0003146645758262513,,0.0003143317666730126,0.0003147379763605139,,,0.0003163719233878085,,0.0003159269303871425,0.00031540446887680325,0.0003169682683846771,,0.0003164615818744957,,,,0.0003160257473936195,0.00031622358258370315,,,,0.000316256727719062,,0.0003165853488501512,0.0003162904956946194,,,0.0003160146440927848,0.00031661753069063363,,0.0003164658384442828,0.0003169689593758635,,,0.00031454744736040375,,,0.00031584916372405313,0.0003145085212835323,0.00031482616127082697,0.00031444583979725946,0.0003151181417451792,0.0003143261247803593,,0.0003144450607860227,,,0.0003155342650817591,,0.0003148724856450693,,0.0003150021307219071,0.0003144362919971854,0.0003156101198374876,,,0.00031468455496436057,0.0003144138444694227,,0.0003156718304576153,,0.0003154576325050238,0.00031647066842447057,0.00031648271085171195,0.0003160633215723446,,,0.00030387729508965543,0.0003047270520023077,0.00030443521053004894,0.0003241466442135422,0.0003019414176841542,0.00030170556643690014,,0.0003024852434491205,,0.00030166836078058466,,0.0003018309915076258,0.00030349083095133477,,0.0003021536823007388,0.0003022969011471513,,0.0003019976092650843,0.00030227332287058176,,0.0003021423277966763,,0.0003024032869875416,0.0003021672164075933,0.0003019440765943083,,,0.0003021010090882996,0.0003016305569578195,,0.0003013901716308171,0.0003019864824633211,0.00030059436876850445,0.0003019165013404173,0.00030150075468661264,0.0003019239846508943,0.0003015715290052533,,0.00030162123129237606,,,,0.0003020676465349348,,,,0.00030149932127971653,0.00030162623083172276,0.00030190690568636033,0.0003017779314903273,0.000302126916951001,0.0003017782229571674,,0.00030146332479529696,,0.0003018796807982566,0.0003009655490218549,,,,0.000301682644181856,0.00030122640909063965,0.00030119903490662846,0.0003023469605539358,0.0003013238095514538,0.0003022582186074716,,0.00030185303759097914,0.0003017479933575449,,0.0003014208470316499,0.00030232069274447736,0.00030271776323987786,,0.0003021396640020562,,,0.000302654835195279,0.0003011993089261022,0.00030295050726042216,,,,,0.00030153461465656464,0.00030127582663870263,0.00030279999812449335,0.00030190531445734535,,0.00030188804569077185,0.00030229583968575003,,0.00030188190912404345,,0.00030159528804943255,,,,0.00030140959670471145,0.0003015804327546993,,,,,0.00030354552754686883,0.0003017223628318183,,0.00030158697017336223,,0.0003022164540241465,0.00030166984313910526,,,,,0.00030182452586902515,0.00030113489352671604,0.00030259054161334466,,,0.0003016409130771233,0.0003026474292658038,0.000301608077001305,,0.00030137996733752443,,0.0003016524034172174,0.0003017724921544306,,0.0003018450118426073,,,0.0003016849686823827,,0.0003021135631456195,,,0.0003015810549419098,0.00030199942990811476,0.0003020858124434464,0.00030130320903976976,,0.00030060824171848155,0.00030157344368061646,,0.00030222754789713187,0.00030083112226703015,,0.0003021024899952572,0.00030231188307177243,0.0003014279670226338,0.00030152948028716657,0.0003019645591108957,0.00030151595858759437,0.00030163063668920483,0.00030235421423786433,0.0003011653025268212,0.0003016621793930338,0.00030185765571179405,0.0003013492433213778,,0.0003018011241720385,0.0003015969920941796,,0.00030171748219401417,0.00030288844871566355,,0.0003010747317477304,,0.00030219809314518877,,0.0003010425652735015,0.0003007053842492131,,,0.0003058549170198128,,0.00030466975322909794,,,0.0003041410064648009,,0.0003034034770829893,0.000303433065210854
4,4,DG_8pct,16,Z01_F10,1,3PH,335,CKT7,True,0.38787192637604595,0.36245580280313683,0.3599725606881365,0.2350460320427794,0.2403403478207213,0.02453281905290171,0.005295100570797829,0.19975949827750578,0.2014127226594238,0.08503573643907189,0.0857280558855418,0.057005452553528305,0.0016991998135355978,0.004159876406960731,0.006162706142429558,0.005775836936405691,0.022375822152174676,0.008509809419397102,0.0174361485580871,0.058564924592899345,0.0003015379166836901,0.00030025463025764383,,0.0003019951461987221,,0.0003021429095645093,,0.0003003915692815953,0.00030022209996965105,0.000299357721967745,0.0003013134827591628,0.00030398676463063486,,,,,,0.00030388772393829996,0.00030192117120800895,0.00030404031010416527,0.0002995107651482003,0.00030076317637658245,0.00030064277128554346,0.0003007077375951599,0.0003006588928591218,0.0003022025085483802,0.00029806489560053537,,,0.0003016220735107564,,,,,0.00030247261259748964,,,,0.00029838828184480814,,0.00030416057069730434,,,0.00030439148857864466,,0.00030467658393514794,,0.00030531967858719595,0.00030482893038666196,0.00030478880447756135,,0.00030385225318785205,0.00030419532356812054,0.0003048827954126712,,0.0003050828044757376,0.0003045981099001442,0.00030554988056832806,0.0003057828345816993,,0.0003053247269363048,,,,,0.000305764804939445,,,0.0003067138568803587,0.0003077881758420526,0.00030660771512288227,,,0.0003060856323765889,0.00030635491659747414,,,0.00030570697361576276,0.0003058484560603111,,0.0003064045876370835,0.0003064776507683883,,0.0003058762986886939,0.0003067568707441318,0.00030447621264066796,0.00030399583319062765,0.00030416318240716786,0.00031516215987395556,0.0003126142535241017,0.0003123623201559786,0.0003124487512228172,0.0003128434493136895,0.00031321956153348393,0.00031253856384754505,,0.00031673166120322146,,0.0003171558845059473,,0.0003162888807141379,,0.0003161244260751727,,,0.00031573848682859326,,,,0.0003160123695555015,0.0003162956299153874,,,0.0003154722515567385,0.0003157436135124476,0.00031745928112723724,0.00031615895338026837,0.0003157544164965087,0.00031610719680644147,0.0003150976241563076,0.0003162092323034424,0.00031623972784279933,0.0003162557441077661,0.0003152568455494856,0.0003155999383141964,,0.00031604078624990987,0.00031607147366751923,,,0.0003159843010182168,0.00031589616814825137,0.0003158650093298594,,,0.0003158880833635712,,0.00031619045646156776,0.0003171366277074038,0.0003160701579935911,0.000315752951860023,0.00031656994446469113,0.00031628372352243955,0.0003159544455328925,,0.0003169540973531944,0.0003158806166519543,,,0.0003159957188709364,0.0003157864985287137,0.00031643437438875946,,0.00031642373329038954,,0.0003164489365550204,0.0003161426982986196,0.00031631618055767626,,0.00031586014379667623,0.0003158445483270317,,0.00031521161785840043,,0.00031513885358573667,0.0003172424880826228,,,,0.0003168160652739449,,,0.0003160083185033206,,0.00031563014132276947,0.00031637225146780837,,0.00031609924824728945,,,0.0003159796286996781,0.00031584872032626183,0.00031572143578136665,,0.00031690275765063633,0.0003166689744343556,0.0003174436700297809,0.0003166657901635517,0.00031654111637463057,0.00031695182031213955,0.0003171268330911765,0.00031818559744599834,,,0.00031702028529132626,0.00031788963672655225,0.0003168569288299998,0.0003168798142413276,0.0003173295823919225,0.00031780796777194036,0.0003176378830238577,,0.00031662520651520306,,,0.00031614533296556554,0.0003168356873213861,0.00031737399281703,,0.0003163419793908442,,,0.00031609426089395775,0.0003169698251623095,,0.0003172443411478374,,0.00031712137723023415,0.0003170843948166774,0.00031641038906292314,,,,,0.0003168053882940247,0.00031720126710558204,0.00031656515849497397,0.0003177872166552838,0.0003175854725340842,0.00031603544673003084,,,0.0003173390313366668,,0.0003156778558253222,0.0003173142943893158,,0.00030498445631562396,0.00030462913657626267,0.00031585328607812104,,0.0003137670150576286,0.0003141278583204524,0.0003133347070708977,0.00031358174333929274,0.0003135506793787238,0.0003142102515035915,0.00031562030089391137,,0.00031725925495076614,,0.00031547652276021497,,,0.00031710797995283645,0.00031645317041624537,0.000316234044171423,0.0003170622213542516,0.00031547822447408657,,0.0003167973555213253,0.00031619063057093547,,0.00031634720100196797,0.00031562466078879247,0.0003160533209419365,0.0003172705173575692,0.0003165249517748248,,,0.0003159754217118935,,0.0003170737408995202,,0.000315396979326757,,,,0.0003161190974778896,,0.0003149301309759899,,,0.0003162344532794334,0.00031574402717414343,,,,0.000315933245846571,0.0003166703637901176,0.00031680451270785345,,,0.000317040342310445,0.00031611568248055835,0.00031555426956221414,,0.0003164633825250781,0.0003164756946668226,,0.0003163954055320195,,0.0003168077525013396,,0.0003162393272213387,,0.00031533852167670956,0.00031595068914668466,0.00031616467114511286,0.0003150020982423372,0.00031483306720607104,0.0003163280528627505,0.00031552894943296446,0.0003163237004408416,0.00031552111308273787,0.0003149978463734873,,,0.00031524652011976695,0.00031466999935900446,,,,0.0003154485326087043,0.0003161863983804289,,0.00031505122793720503,0.0003164698736335487,0.00031544591611369334,,0.00031507923349982284,,,0.0003161976775633513,0.00031569652572973955,0.0003144709353201202,0.0003145471610160617,,0.000315137234535609,0.00031646039134002464,0.00031629262033286534,,,,0.0003152417542024834,0.00031582199905841947,0.0003159821336880676,0.0003147140676285371,0.0003156318848333587,0.0003149970359110995,,,0.00031540284507842396,0.0003159903683593816,0.0003157608093258932,0.00031571836242932694,,0.0003164911579377841,,0.00031651969315968495,,0.0003165378959133527,0.0003159496626720676,0.00031575061223696014,0.00031504069358077093,,0.00031563314676132104,0.0003151549881241025,,0.00031567240215735047,,0.0003152590510683749,0.0003151772969526065,,0.0003156915054362533,0.0003146238929054348,0.000315324451338089,0.00031505357173599105,0.0003145666085039272,,0.00031462199990803534,0.0003160704556144678,0.0003154394136644367,0.0003154284656839828,0.0003160050601751296,0.00031524892523006776,,0.0003162303792401549,,0.0003150416828368716,0.0003157368936650783,0.00031603084059853796,0.00031542174983240545,0.000316167279878156,,0.00031634036454250043,,,,0.0003155312288923806,0.0003156842569704355,,0.0003164004966051439,0.00031603957978307057,0.00031619246804766846,,0.00031646700808931537,,,0.00031523520590240784,0.0003164052053734486,0.0003151576759752973,0.00031586798969719074,,0.000309566542023594,0.00030841206856042057,,,0.00030931133345799895,0.00030924348144873456,,0.00031692534155847456,,,0.0003120264387060203,0.0003122466942028182,0.00030497791434937096,0.00030555499187417365,,,,0.0002954672395842485,0.0003179277478743007,0.0003169990387707192,0.00031774491804686993,,,0.0003203293091810016,0.0003212940983729909,0.00032180718874319,0.0003205600925628952,,0.00032287136115467097,,0.0003235594851208136,0.00032114865203884734,,,0.00032093845148031103,0.000323733587629786,0.00032333036347366803,0.0003212760175706227,,,0.00032159715484720355,0.00032152553122438953,,,,0.00032128157097228635,0.000320970598717842,0.0003213229410573021,0.0003209980677275056,,0.0003203850440840955,0.00032136540630929323,,,,,0.00032464462569496027,,,,0.0003241953673656891,,0.0003273836932160176,0.00032701123240160755,,0.00032708855737240415,0.00032761048935630145,0.00032683314589804224,0.00032757236239689053,0.00032630232499110363,0.00032698136626916014,0.0003260515214039534,0.00032679950323128326,0.00032490700854641627,0.0003245052532313412,,,0.0003251832289555581,0.00032547917134380383,,0.00032461482872665705,0.00032464757190714736,,0.0003247822199922236,0.00032553599042459683,,0.00032509699689508274,0.00032537017573874296,,0.0003249585400476216,0.0003252018595483442,0.00032403761188859557,0.0003252662368655293,0.0003250435928350191,,0.0003245636305079622,0.0003247527254802059,0.0003242884672777943,0.00032465994010019304,0.00032508797362077406,,0.00032398166388104274,,,0.0003244971016664277,0.00032547557813239003,,,0.0003249733121460584,0.00032524568131672894,0.0003249041441056538,,0.00032471727807909716,0.00032518842972341594,0.00032557852055652484,0.0003249457404401811,0.0003246003573878812,0.00032494408586605653,0.00032462665680180246,,0.00032516803614090627,0.0003237368649855066,0.0003253455376951216,0.0003249514625589762,,0.000325223899330544,0.00032511276156920235,,0.0003249374490094512,,,0.0003247947143899427,0.00032489497334654957,0.0003159985868134864,0.0003160756167134356,0.0003161616451201775,0.00031623484862287833,,0.0003154513910166788,0.00031578953348073736,,0.00031583506945721243,,0.00031506577867204525,,0.00031564221864612105,0.00031532800139362114,0.000316309070886079,,0.0003150700996014953,0.0003150891567634203,,0.00031552310812096667,,,,,,0.00031529707675300334,,0.00031491199881339426,0.0003149447756584055,0.0003147020187476276,,0.00031613119472430063,,,,,,,0.00031588871066978437,,0.00031457136480172895,0.0003144830462769431,0.000314426126450817,0.00031359611424107463,,,0.0003128882230529144,,0.00031403276259568165,,0.0003150053572580263,,0.00031560007941087114,0.00031447375156372446,0.0003147543969965985,0.0003152353175224122,0.00031464015476070434,,0.0003153761855782264,,,0.0003150271150638831,,0.0003153055871497509,,,0.00031463843176427,0.0003143341050094027,0.0003150989248215797,0.0003147411900019261,,,,0.0003148121694399495,0.0003150045706805444,,,0.00031589189761831323,0.00031598135754255156,0.0003150017320376702,,0.0003156869104316368,0.00031561348188200285,,,0.0003155776620155711,0.00031552362200470594,0.00031651877939682524,0.00031579596936388,0.0003171712436436952,0.0003158617789563052,0.00031620228906368355,,0.00031630737835906515,0.00031568156908289225,0.00031600137279651404,,0.0003158807261794119,,0.00031626065469269937,0.00031572926903114437,,,0.0003153887364502947,0.000314995985018972,0.00031492513951437924,0.0003150669001300092,,0.00031525256341549056,0.0003162255565582387,,,0.0003136230870030242,,,0.00031478620247328543,0.00031434674585154173,0.0003148379948497282,,0.00031416392798182366,,,0.0003150323510396939,,0.0003141714444148199,,0.00031480914988295803,,0.00031514568999887083,,,0.0003163773181072928,0.00031586969080613504,0.0003160378635222355,0.0003068206880511862,0.00030297517283200655,,,,,0.00030126022298309046,0.0003015934181812076,0.00030252239026138175,,0.0003014218473181104,,0.00030165724999265867,0.00030116385964290424,,,,0.00030120126857686503,0.00030129383806752765,,0.00030170590649562394,,0.00030099049704927896,0.0003020659432050589,0.000302049291737688,0.000301761688354208,0.0003023142707347966,0.00030188743938419697,,,0.0003014107936263684,0.0003011846811203913,0.00030204542022415736,0.0003016992144350547,0.00030162240360537333,0.00030243014752690656,,0.00030063753037941164,0.0003020062251861271,,0.00030247471032960216,,,0.000302082274707544,,,0.000301424468563594,0.00030137059806702556,0.0003021760708432744,,0.0003020882868531881,0.0003014579103932314,,0.0003014783132173263,,0.00030097842948192195,,,0.0003018731788739114,0.0003013788085057979,0.0003014647996177081,0.0003011819858722552,,,0.00030168683834919314,,0.0003015864581150605,,,,,0.00030285758558261063,,,0.00030221147102298416,0.00030200127003561023,0.0003015780065881672,,0.00030212160437199,0.00030110469793308655,0.00030268200245805375,,0.00030137913880967524,0.00030126313132788907,,0.0003019196739954764,0.000302374368998823,0.00030149347033213837,0.0003026389453942498,,0.0003033691700818473,0.0003024771687194027,,0.00030133885845725516,0.0003018772850713601,,,,,0.00030219388630780576,,,0.00030169462896895936,0.0003017748223326475,0.00030108175791082224,,,0.00030203112184200135,,,,0.00030177380253896223,,,0.00030247291676783214,,,0.00030127456123345015,0.00030113286987814794,,0.00030202237492413524,,0.0003009063515919719,,0.00030178568290584786,0.0003017423844760768,0.0003017891472886695,,0.000302224508615633,0.0003028626712349557,0.00030175774280428926,0.0003029312931268621,0.0003016012314980913,,0.00030226196867185704,0.00030219394806841053,0.00030140534197110457,0.0003027611938094234,,0.00030224171847158525,,,0.0003016367051941738,0.0003015483301889196,0.00030100220613943053,,,,0.0003014841350509278,,0.0003013271668988289,0.0003016260410146336,0.0003027739866273763,,0.0003022976569313762,0.00030184654892996256,0.00030250919669229083,0.0003024804332774186,,0.00030155975996557584,,,0.00030215114741324693,0.00030112531968961193,0.00030117810366015515,,0.0003021809517164517,0.0003028086820112578,0.00030226934954143196,0.00030261093798349435,0.00030214169379091406,0.0003019854497134526,0.0003011612844724187,0.0003015735645105251,0.0003003427318298438,,,0.00030470822504264435,,,0.0003037228955870997,0.0003040794609696879,0.0003045123076985687,,0.0003036487523615882,0.00030415563646329826
4,4,DG_8pct,16,Z01_F11,1,3PH,326,CKT7,True,0.3884549946773711,0.3595263593275778,0.3595700662202115,0.2382578952822927,0.24004098740033006,0.024539422520601022,0.005286269670830321,0.20024873643176655,0.20134116419648754,0.08532942077227233,0.08514792972172604,0.05643196814623401,0.0017046349883664469,0.004147755740592533,0.006133689541126051,0.005785617088070646,0.02237694262213212,0.008511368587908278,0.017489592632818737,0.05918990872822934,0.0003007528828563151,0.0003010297443382458,,0.0003027164398564322,,0.00030200469738516674,0.0003019822480486464,,0.0002998023745373552,0.0003005313381256716,0.0003006256424363622,,0.00030435397971484066,0.0003034076662965971,0.0003039413730347558,,,0.0003037180266603464,,0.0003033936644352188,0.0003012703589924599,,0.00030010100361456356,,0.0003023284567063486,0.00030160156140064285,0.0002978557267714636,0.0002979054273827284,0.00029724310040414776,,0.0003019515633860697,,0.0003018364759635449,0.0003019409448920698,,0.00030512957619456343,,,0.0002986216800924122,0.000303880723734539,0.0003043866136256691,,0.00030452564280997863,0.0003047363711765505,0.0003042604004269233,,0.0003056039479885265,0.0003049996947134835,0.00030485573445131463,,,,,0.0003054371166925025,0.0003039962671718103,,,,0.00030444809468969654,0.0003060954288073189,,0.0003059370837673882,0.00030634478086667466,,0.0003057924147245591,0.00030662545995495903,,0.00030605943508281924,,0.00030611251774256577,0.00030647312622974484,0.0003063775363666402,,0.0003062848221735754,0.00030692029085221294,0.0003059662932048142,,0.00030631934149413835,0.00030612004210989977,0.0003070691380924174,0.0003054188832433644,,0.0003064352050928685,,0.0003060886239513218,0.00030355078371860844,0.00030326975209591674,0.0003036608845921407,0.0003152904746611023,0.000311624378828163,,,0.0003128470421884351,0.0003130165481457131,0.0003130817615377546,0.00031559233034402574,0.00031684514444943023,0.0003164983170228365,,0.0003170055536782859,0.0003153570874420138,,,,0.0003159062305221875,,0.0003156410957727913,0.00031668554451367984,0.00031700781162138274,0.00031675823373076894,0.0003161341924168612,0.00031580832473288175,0.00031622972597536724,0.0003167338097976145,0.0003154357311485119,,,,,,0.0003159076494967483,0.0003160976690458879,0.0003163913681391444,,,,0.0003169091527599312,0.0003156472133916219,0.000316615186100946,,0.0003171599024942525,0.00031636113989235673,,,,0.0003163074186336819,,,,0.0003162035252345896,,0.00031666242333334543,0.0003166880677763213,0.0003159165334658006,0.00031575594044043714,,0.00031616451252241434,,0.0003159997534552446,,,0.00031639044008580677,0.0003162581393230842,0.0003166192970862084,,,0.00031666618914685015,0.0003159478484958515,0.00031596292873776593,0.0003159276037708077,,0.0003164172952876408,,0.00031566487060540624,0.00031512618979900794,,0.00031645542469039314,0.0003168681445176761,,0.00031644106389421505,0.0003159146322710667,0.0003159527816414168,0.00031527582160754356,0.0003157821570238628,,,0.00031628170236890513,,0.00031665418758267984,0.00031571043945445446,,0.0003160275494613114,,0.00031763579199947764,,0.0003164669001335259,0.00031741656099663597,,,0.00031752175463156153,,,0.000316429399576183,0.0003172691236514724,0.0003170606670525934,,0.000316510906592246,0.0003179064222176872,,0.0003166914568419473,0.000316115842032365,0.0003169520608133174,,,0.000318496079425523,0.0003161798663462372,0.00031714560512352297,,0.00031753820341070415,0.00031715765747884707,0.0003172001633929809,,,,0.00031699215215619605,,0.00031661108624271925,0.00031680683382310723,,0.00031752322535235706,,0.00031681828169200394,0.0003166748705122009,0.00031577873414571363,0.0003171089713695222,0.00031650140967808324,,0.000315781028658343,0.0003168016538234912,0.0003175911231367626,0.00031669149502347644,0.000317609066821993,0.00031703174476002417,,0.0003170560682600247,0.00031746469615689254,,0.0003053381197509502,0.0003055271571247578,0.0003153816973621439,,0.0003145977849095403,0.00031299055275360203,,,0.0003124616643789275,,,0.0003161370416116026,0.00031620808390343244,0.0003159921568437536,0.0003161918691694598,,,,0.0003160711260317075,0.0003160923038502214,0.00031629774220642257,0.0003166771493208544,,0.00031613592057236394,,0.0003168393397646119,,0.0003174197503797279,,0.0003158749972126479,,,0.00031568241655213,,,,0.00031554492493896435,,,0.0003146697128399543,0.00031557175805052286,,0.0003155777855638499,0.0003161337068310284,0.00031602010176607286,,,,,,0.00031610378616281945,0.00031667405550513697,0.0003159596492028749,,0.0003170341541949899,0.00031624080471615804,0.00031582794276299964,0.0003167164412158978,,,0.00031578997687564523,0.0003160609555272103,0.00031600439875920046,0.0003155609024941981,0.00031560417300947945,0.00031623937699932516,0.0003162063233580532,,,0.0003171302365952718,0.00031622396661053816,,0.0003157656361982515,,,,0.00031585781782568327,0.00031609090969237654,,,0.0003165641908779443,,0.0003149453460021357,0.0003157185861780113,,,0.0003150555709379794,0.000314168818821383,0.00031596101240962684,0.00031572666915377406,0.00031610647809388406,,,,0.00031522867384611045,,,,,0.00031667561205688167,0.0003149541949801049,0.00031559641590776116,,0.0003154116636021283,0.00031418231503775666,,0.00031516070537768577,,,0.00031428452791403124,,,0.00031644779850896227,0.0003152134925288856,0.00031511719759048993,,0.00031509288055269255,,,0.00031561048486147147,0.000315657195681129,0.00031568888200761896,,0.0003160204695216458,0.0003155880827259565,0.00031623332458874485,0.00031554143430342246,,0.00031531764292530936,,0.0003160563000432304,0.000315032027344858,,,0.00031612051470013974,0.00031578894241803695,0.000316233280151548,0.0003162743487534821,0.00031542991944760816,0.00031507853598575594,0.0003146428693876584,,0.0003155337934277395,0.00031629500647570335,0.0003156411920319527,,,,,0.0003155431252318917,,0.00031521039466290827,,0.0003153796418900007,,0.0003146116637170162,,,0.00031551805931170554,0.00031543370424372096,0.00031644145438865565,0.0003156993887238097,0.0003151174181081302,0.00031549851886199866,,,0.0003151089683651177,0.00031534831897550044,0.00031626134903735325,,,0.0003163725272127078,0.00031663236460031886,0.00031589470660943914,0.0003149790139704343,0.0003154666078844768,0.0003156411130121222,0.00030885869433496167,,0.0003093327296716119,,0.00030947084031689875,0.0003099331191867561,0.00031532529459535417,,,,0.00031285445205088397,,,0.0003054709192026331,0.0003054890937174726,0.00029584107168989895,,,0.00031745571359932055,0.0003177605190749585,0.0003171166369126381,0.0003206868036349541,0.000321235713025573,0.0003190388282614373,,,0.000321431725462453,0.00032164700390255226,,0.00032232458846571374,0.00032187394511026796,,,,0.00032088301829149836,,0.00032341138406860804,0.0003198877972728591,0.00032123223753219234,0.00032107027654889876,0.0003208144643113748,0.00032151329676615516,0.0003213830867118971,0.00032060842359567417,0.00032099305363353744,,0.0003220754333226958,0.0003212831708360406,,,0.00032076818376647825,0.0003219751632289519,0.00032169672767957464,,,0.00032530109280565976,0.0003241851704658874,0.00032496265959929455,,0.0003246197253930033,,,0.0003266192316684472,0.00032736700665752047,,0.00032733035845453556,,0.00032735538114718276,0.0003275266047714526,,0.00032662966199727904,0.0003257583739508992,0.00032559739382956727,,,0.00032485609592602824,,,,0.00032583700527495516,,,,,0.0003247592395990841,,0.00032494566318032195,0.00032562030619609256,0.00032423202511808115,0.0003256726117851979,,,,,0.00032501084356195275,0.0003251494401925368,0.0003258591329456526,0.0003248106860801624,,,,,0.00032577876228651195,0.00032532446356877456,0.0003247890496930035,0.0003238726603054371,,0.0003247245096877306,0.0003258333090456301,,,,0.00032395092959141175,0.00032501156273897797,,0.00032449729584438657,,,,0.0003236412951123645,0.00032549022517602415,0.00032557988323710037,0.00032537871240165316,,0.00032549370401823346,0.000324253947210018,0.00032534779307764194,,0.0003254371620337027,,0.0003245434147694621,0.0003247289624641833,0.0003246139580643761,0.00031511481479841674,0.00031636499952683345,0.00031562973357945407,,0.0003156370179210639,,0.00031610110541532475,0.00031585355026971526,0.0003157693127564226,,,,0.0003155587105782968,0.0003163786665068478,0.0003162531444832264,,0.0003141827316218443,,0.0003164508442700229,,0.0003146308702557967,0.0003158238114542926,0.00031555020484472934,,,,,0.00031569869700351187,0.0003153163488380077,,0.00031444918933805257,0.0003160985295727229,,0.0003163682121521626,0.0003160803591594851,0.00031556317628729004,0.0003158521206247063,0.00031583106797737707,0.00031638287049721525,,,0.00031503982613404234,0.00031425646434266204,,0.0003141269813999679,0.0003143131801377186,,0.0003140126704403896,,,0.00031478354229577666,0.00031505756060002386,0.00031374223829138754,,,,0.0003142144440246272,0.000316105239609299,0.0003142986179886158,0.00031563311940005436,,0.0003157406038239903,,,,,0.0003147413983388416,,0.0003156842957723428,0.000314093079377152,0.0003150072605828516,0.0003151934284536829,,0.0003155624166144613,,0.000315636551785409,0.0003161014424620453,,0.00031634267981244646,0.0003165708415976799,0.00031553285457906044,,,0.00031622296188954426,0.00031626918390452794,0.00031623945180321377,0.0003160586287870365,0.00031558677018950486,0.00031629801524395054,,,0.0003163293396413094,0.00031576068222092493,,,0.0003160131605881536,0.00031609876998095314,0.0003160765365804465,,0.00031663856296110975,,0.0003165014873630138,0.0003145255894300748,0.00031582076593212634,,0.0003150918052133127,,,0.00031481245660836243,,0.00031485902391231225,,,,,,0.00031511332190974436,0.00031417231254354783,0.0003149668034406286,0.00031458536525983305,0.0003151451704306793,0.0003143737428300267,0.0003156563207009001,,0.0003140606616867413,0.00031461106347465475,,0.00031544545430285084,,0.00031602343666639214,,,0.0003160521923071499,0.0003158840147909061,,0.0003032637246792479,,,,0.000324362871648176,,0.00030147868929499336,0.0003013131411129689,,,0.0003018931661199026,0.000301671698560647,0.0003028826103261727,,,0.00030160072357722566,0.0003022079409736739,,,0.0003018062816211207,,,,,0.0003020335898858599,0.00030193369628174786,0.00030123049688028446,,0.00030109925400557643,,0.00030163357330658714,,0.00030121130998929423,0.00030193390531421866,,0.0003018012796223674,,0.0003022759680420149,0.0003018439087690311,0.0003011851865006757,0.00030200075509304893,0.0003020185384756674,,,,,0.00030270636071647007,0.000301903165468567,0.00030140301252110145,,0.0003022756487861566,0.00030204029682297093,0.0003018333525907957,,0.00030225579934462757,0.0003024221116438581,0.0003015567307127713,,,,0.000301831258486701,,,0.00030191279176893686,0.00030252818433860345,0.00030170470942395076,0.0003017835984052333,0.00030154318017750896,,0.00030233939794147957,0.0003014777046428212,0.0003022615530368378,0.0003016168990894998,0.00030129048479133187,0.0003017117682195588,,0.00030090607809897085,,0.00030087191993989555,,,,0.0003009995559738076,0.0003016884101041836,0.00030106808143413286,0.0003019749948643549,0.0003014047420881815,0.00030188431339470595,0.0003015416968918293,0.0003015641334365377,0.0003020196696629788,,0.00030118376211397144,0.0003028697031152523,0.00030189520505604603,,0.0003016518768614205,0.0003021623893967734,0.00030164454883793056,0.0003010956226064544,0.00030136544500776474,,0.0003017152724970045,,,,0.0003023975785814326,0.0003014579223433505,0.0003022153973348084,0.00030102072038011595,0.000302638602635913,0.0003015959049226938,0.0003019641652508655,,,,0.00030181519678892493,0.00030248685614663517,0.00030110380530248897,,0.0003025432654642382,,0.0003012880877551892,,0.00030175317090943665,0.0003027246806371391,0.0003010812385777126,0.0003014777718526425,0.00030163086483580735,0.00030234889820022603,0.00030075109875050396,,0.00030222329949057227,0.0003013593665480523,,0.0003021174129028893,0.0003011206762861989,0.00030227922907096356,0.0003014618775730523,,,0.00030162409890083735,0.000301893717417816,0.0003018077969635554,0.000301445504971618,0.0003012863312896761,0.0003008310807156142,0.0003014679218675595,0.0003017151267360542,,0.0003009641899629818,0.0003019347754752013,0.00030234922930531,,0.00030062939388204553,0.00030175158932932964,,0.0003018828184173276,0.0003012900098865474,,,0.0003023924234126889,0.00030170227824061023,,,,,,,,,0.00030222108094516456,,,0.0003000218035156022,0.0002996612722144049,0.0003054738040163098,,,0.0003035542239859777,0.00030442747431494145,0.000302661271203046,,0.000303518711235814,
4,4,DG_8pct,16,Z01_F12,1,3PH,215299,318412,True,0.38561803275176826,0.35932987477184525,0.3599765550776764,0.2368778114926006,0.2397506877040428,0.02455753016414336,0.005279967003936436,0.19968415499813066,0.2012763900013221,0.08512630942764478,0.08560939766725921,0.056818355241833554,0.0017073107446643322,0.004157550214248795,0.006131227852024627,0.0057599120113364845,0.02244934869304254,0.008485806179813432,0.017516100052249586,0.05916227943801203,,,,0.0003019303668028676,0.00030222855532012493,0.0003025658380220936,0.00030234320367059705,0.0003003443183678396,,,0.0003010666138561143,,0.0003033059002170514,,,,0.00030441494872454595,0.0003040583968838959,0.0003036571170126689,,,0.00030035818651672895,0.0003007433767066421,0.000301577612761835,0.0003009615903533846,,0.0002968912422998659,0.00029736554730359053,0.0002972857944738048,0.0003021164228639335,,0.0003021169321537297,0.00030181969434759336,,0.0003022265770714904,,0.0002985506125684997,,,0.0003033463202185224,0.0003042811890316107,,,0.0003044082945175804,,0.0003041359787523775,0.0003042959968777683,0.00030533322135965096,0.00030535025374563396,0.0003048018630047175,0.00030384559691458597,0.0003047948819870772,,0.00030462306608303543,0.0003058118140664218,,0.00030525958339428156,,,,,0.0003065983018397008,0.00030521223387006895,,0.0003054770876561705,,0.00030643229822918954,,0.00030596557212180924,,,0.0003069383146106756,,,0.00030620354081162043,,0.00030575160562611463,0.00030583039026016207,0.0003063885078626942,0.00030728228566649787,0.0003076403702470643,,,,,,,,,,0.00031228675730777123,,,,,0.000316460149645201,0.0003164411536483887,,0.00031684756147129956,0.000316755650789475,,0.0003163069261834087,0.000315977290741031,,0.00031608840200056913,,,0.000317566786536544,0.0003166475417204677,0.0003166086197726837,,0.0003169956402481176,0.0003173025648685785,0.0003160008844792161,0.000316493187867496,,,0.0003165672841718191,0.00031641544721800586,0.00031682387585683214,,,0.00031686653802094503,0.0003169588203465924,,,0.0003162919485764002,,,0.0003147951013319897,0.0003161145710109911,,,0.0003149190188486576,0.0003156179128115687,0.00031775825815206094,0.0003162592287257859,0.0003163242049535863,0.00031706492242389344,0.00031611689254775437,,0.0003164485408898796,0.0003155047523197272,0.0003153016774911686,0.0003157932148329193,,,,0.0003156281704052442,0.0003152440693139012,,0.0003163027005483973,,0.0003159338394297615,,0.0003160970078814191,0.00031642892015594856,0.00031585659818018723,,,0.0003171040031332565,0.00031599256308700836,0.0003161266422616668,,0.0003162513634986687,,0.0003155859475967102,0.00031744520220694484,,,0.00031557092623414026,,0.00031557500951965044,,,,,,0.0003167176854007037,,,,,0.0003166622828027235,,0.00031628549802391353,0.0003165592381048698,0.00031695557872114257,,,,,,,,0.0003163879210252115,,0.00031686225908556057,0.0003176358357612067,0.0003172061613674142,0.00031686675673917025,0.00031832678637885593,0.00031728189528300424,0.00031710039432220587,,0.00031850441755993877,0.0003156497536034796,,0.0003162832858405112,,,,0.00031702158599155136,0.0003160873333940619,0.00031628282329889925,0.0003162863077257631,0.00031647805226740566,0.00031695419057101984,0.00031650183256517133,,0.0003172340270662414,0.0003169009319677167,0.00031727518753419,,,0.0003172552545883719,0.00031704361656005554,0.00031627218726576993,0.0003171024442191633,0.000316345914701948,0.0003166879608503095,0.0003170515923087847,,,0.00031654867855457027,0.00031718297747232503,0.0003039184917737432,,,0.0003145147230964302,,,,,0.0003139208052672896,0.0003140955648517119,0.0003143338352831164,0.0003165721325585983,0.0003161064804119873,,0.0003162135432851602,,0.00031607766904359695,,0.00031579608351349936,,0.0003152298106333649,0.0003162264844703076,0.0003148151431029768,,0.0003159587186536602,0.00031602047142190653,0.00031616120173162633,0.00031595438655904857,0.0003164763784798218,,,0.00031585588577182696,0.00031567874912938044,0.0003165698786676008,0.0003158156118306022,,,0.00031576309646951374,,,0.000315106620451336,,0.00031582938286245783,,,0.00031653198347490096,0.00031610688957640725,,,0.0003154526231309794,0.0003152211534721241,0.0003156086725774686,,0.000316364507097792,,0.00031597864043587346,0.00031615034689496134,0.00031658882170979485,0.0003153136483440685,,,0.0003161679483482255,,0.00031638444833554643,,0.00031567398833763947,,0.00031577087632434457,0.0003162450265065179,0.0003156051430405851,0.00031639617951890477,0.00031677463464310453,,0.0003159906222452557,0.00031529942347245296,,0.0003159175441509123,0.00031683414257517904,,0.0003161660308086913,0.0003159572477383572,,0.00031596802881914566,0.0003160421436263865,0.00031590513755697217,,0.0003167409721824626,0.0003151568930030789,0.00031685106305028563,0.00031622807273711244,0.0003157782189705864,0.00031610380983100453,0.00031584240355046577,0.0003153233012933103,,0.0003154140961700373,0.0003154737880012685,,0.0003156430215616238,0.000315624018677732,0.00031546413877177624,,,0.00031640497446673376,,0.00031487472611489297,0.0003144337286409439,,0.00031527923734156737,0.000314970271428238,0.00031629285147747075,,0.0003149937203497257,0.00031516854538523356,0.000315314282538856,0.0003157874320366807,0.00031558881247580457,,0.0003150321804883904,,0.0003165713502303289,,,,0.00031536289537865194,0.00031576816420961787,,,,,,0.0003151846871299872,0.0003155809124329189,0.0003160077432720364,0.00031527742250080727,0.00031656616503987673,,,0.00031540465447063587,0.00031575057714628064,0.00031463754637858207,,0.00031508001305229755,0.0003149995877430987,,,0.0003166153492771379,,0.0003154269195135497,,,0.0003151036112681553,,0.00031547804537853313,,,,0.0003169685542003382,0.0003168086591904759,,0.0003153576535156853,,0.00031574815520011944,0.00031551078329685795,,0.0003156108404690247,0.00031503935390360844,0.00031516643177832807,0.00031537804578939355,,,,0.0003171583627546024,,0.00031690807881774223,,,,0.0003095893051032017,0.00030904515500197966,0.00030858050198493835,,,,0.00031631608182426874,0.00031633190135367344,0.0003163919006162912,0.0003128109091051667,0.00031235754218833484,0.00031235121445940357,0.00030465138426402026,,,0.00029563334067240116,,0.00029634524053543754,0.00031794926492783584,0.0003178876912925431,,0.00031955195271827645,,,0.0003205138157962418,,,,0.00032282194427216566,,,0.00032295223275344927,0.00032209315082605387,,0.0003210987595373889,,,,,0.00032113675752919917,0.00032159414995131864,,0.00032160505631904115,,0.0003201924396042564,0.00032056364204031273,,0.00032076161382685954,,,,0.00032167145826836997,0.0003205333095779991,,0.000321391277785198,,0.00032614086435989593,,0.00032421987570859184,,0.00032402646609802686,0.0003269334456021098,,,,,0.00032703456129131564,0.00032715221529373194,,,,0.00032659356900748606,0.0003260600666890417,,,0.000325518826973924,0.0003250378000112068,,,,,,,,0.00032491416283940503,0.00032479297991040143,0.00032546072818712563,0.00032507374770609696,,0.00032503430789749475,,0.00032519410166337076,,0.00032480683077796337,,0.0003253865400729751,0.0003252566643871739,0.000324375979587496,,,,,,,0.000324459792087659,0.0003249750036706459,,0.00032521618376455194,0.00032520054316490015,0.00032650493208555314,,,0.00032624648076289996,0.000323670823614041,,0.00032471711657418366,0.00032585108999618877,,0.0003258615443200062,0.00032531646246225976,,,0.00032555522371149426,,0.000324669848321476,0.0003244466143432644,0.00032454627222512324,0.0003238949693106341,0.00032536106378969816,0.00032432070446860315,,0.00032415708680383365,,0.0003156291935153097,0.0003161474962732282,,0.00031527141134536033,,0.0003162588430136819,0.00031594987699172083,0.0003155528654407919,0.00031609206296173014,,,0.0003150851604772941,,,0.00031502132597725747,0.00031639138393343215,0.0003160603632357377,,0.0003154022326963507,,,0.00031464897232327875,0.0003154906174480959,,,,0.00031447178239933735,,0.00031485703248377434,0.000315179425409723,,,0.00031746038946516497,,,0.00031610581364315904,,0.0003169003775555384,0.0003156179646352412,,0.00031382202379696657,0.0003134049696218162,,,0.00031490258456492196,,,,,0.0003148712056532482,,0.00031395780448097556,0.0003144101947422599,0.00031497524201955663,0.0003155828670020677,,,,,0.0003151791674274666,0.0003150928329486109,0.0003147518843422056,0.0003149511080308128,,0.00031481774766484573,,0.00031448171180420913,,,0.00031528875533762415,,,0.00031421092770212534,,0.00031467648521214646,0.0003157126907380513,0.0003154644425470878,0.0003152369832386198,0.0003161668466534273,,0.00031575721735690695,,,,0.0003162758241280896,,0.00031594604496689756,,0.0003160896838410794,0.0003164140242429612,0.0003166231269259423,,0.0003163772281812253,,0.00031663870666010267,,0.0003159113507925569,0.00031689437446864085,0.0003162698695188701,0.00031578537287249353,0.0003161025263552427,0.00031684669656857796,0.00031468801836902297,0.00031506314027092484,0.0003148515442008974,0.00031480648564401794,0.0003149420111071936,0.0003152137386454964,0.00031527700624048684,,0.00031510231474742506,0.0003149786093560739,0.00031475682228738653,,0.00031496769222551935,,0.0003149987476757861,0.0003156097481179327,,,0.00031369070830879864,,0.0003147621250103876,0.00031475129417767354,0.00031512567428943763,0.0003157410254849519,0.000316014838349406,0.00031529136885059925,0.00031634796706805847,0.0003163384886316252,,0.00031636643245062246,,0.00031571316212333604,0.00030681295988033017,,0.0003044132215104525,0.00030429203302974024,0.00030451704831265273,0.00032419529485974995,0.00030101127745872663,0.0003020883229266893,0.0003019307846686261,0.0003022492641453018,,0.00030150666891495565,,0.00030169438264642114,,0.0003023919926148607,,0.0003022436502577415,,,0.00030199440365662054,,0.0003016619228847857,0.0003009064303039979,0.00030261450626171233,0.0003018229471051017,,0.00030294665325078014,0.0003020534128032839,,0.0003014579781960715,0.00030056326598115876,,,0.0003014162014834976,,0.0003019064045932858,0.0003024689069238426,0.00030247225448664245,,0.00030129745876020876,,,,0.00030183142932451525,0.00030228890573834983,0.00030160186002947583,0.00030223219386356565,,,0.0003021527695363483,,0.0003026246810377851,0.00030262204482799803,,0.0003015054034651423,0.0003008130374420031,0.00030155287053360014,0.00030181789614790454,0.00030216190144438833,,,0.0003024189422763727,0.0003023109341658405,0.00030227189465245076,,0.0003025105714580604,,0.00030170745381346144,,0.0003015011518721055,,0.00030252492787889495,0.0003009392596482429,0.0003020598746586615,,0.00030175979504151604,0.0003014616144192894,0.000302362753036367,,0.0003018394585534122,,,,0.00030212072296885304,,0.0003019796985396297,0.000301654292553672,0.00030193979523885327,0.00030176108407889895,,,0.000301687153136725,,,0.0003016433944100474,0.0003012813837006988,0.00030179343698097903,0.0003008646853299461,,0.00030139594376977195,0.00030178701656428394,0.0003022671502014658,,,,0.00030160100349470575,,0.00030187395723919,,0.00030255539799872407,0.0003017745290205857,0.00030194001429159693,0.00030205522474456017,,0.00030187311766067626,0.00030182658773459384,0.00030205516279788755,,0.0003015001955916677,,0.0003023544477390721,0.00030228014730564835,,,0.00030189465881697947,,0.0003021657497492299,,0.0003016727619450054,0.0003016607405074489,0.00030170163632639205,,,0.00030143535493928745,,,,0.00030181534964042364,,,0.00030172739940312093,,0.0003020505710835835,0.00030254096255289927,0.0003020591641431616,,,,,0.0003023806799146102,,,,,,,0.00030165174370921607,0.0003010900878781503,0.00030212357428759025,,,,,,0.00030146474908550173,,,0.00030161182742987263,,,,0.0003007634136289608,0.00030209889502172426,,0.00030076399222968384,0.00030013884562605543,0.0003055290803699286,0.0003051952666941198,0.00030584197656545746,0.00030417949499435184,,0.0003043243171308696,0.0003040206597127515,0.00030385489568390817,0.0003042748781460687
4,4,DG_8pct,16,Z02_F01,2,SLG_A,157109,165442,True,21618.083214992956,1598.5127294216015,1613.027123453453,862.7312600129113,868.2549897110612,109.2255143914726,16.44495449331575,637.211328436831,647.8158044425055,258.13029187980493,258.769542921352,174.26392343260443,5.203263053148024,13.106172727481944,19.274437886074377,16.617229642200215,85.7920795863874,27.144226274236857,54.33731154598987,194.4584704389125,,,0.4104592548341809,0.0003102629621773061,0.7103635554624544,,0.720025825842052,0.4084775031327233,0.4086479167603712,0.4089967516777629,0.7274157092612621,0.10014759374069651,0.10019185346333985,0.10013983818848674,,0.7377562247216873,,,,,0.40882176745949983,0.40788961383152456,0.4090344784414668,,0.40969227053363194,,,,,0.4092232606937456,0.4126134180428864,,,,,0.11026724422476289,0.40501726647060937,0.40531122151521687,,0.4136620337915985,,0.4143802952634762,0.4167474090472108,,,0.41468545584151634,,0.414975168817131,0.41480524254738843,0.41524694464040296,0.4167488767502887,0.41556027589639216,0.41499357356311656,0.4153301179103559,0.41514394631861534,0.414500393634045,0.41458870599276426,,0.12135874288129452,0.7502166641570217,,,0.12365550702586776,,,,,,0.12464725978970181,0.12405391037309785,0.12409465014799875,,0.12421337725802488,0.12384493507905527,0.1239905706468747,0.1240662961578098,0.12409637245285471,0.12396994967812446,0.12369444095868413,0.12381228057756435,0.12411050593780655,0.12399735828683953,,0.12431104152017403,0.12414253065519852,0.4141377066739954,0.4142728484995287,0.4139380349468603,,0.4257946573906817,0.42524157995782774,0.4257827091822717,0.4253983156933841,0.42671067833409504,,,0.18481536546896313,,0.18552187565117267,,0.18550953542196447,0.18491551874427997,0.1848476034625299,,,,,0.1847482848872282,,,,0.1850328743007304,,0.18477375091474105,0.1846874435824471,,0.18450105789944538,0.18521679221898554,,0.1848139037083912,0.18494864151897278,,,,,0.1851251362122051,,0.18489997546575795,0.18504680459407355,0.18458090358228554,0.18509959573612975,0.185296201357458,0.18469224036881252,0.18512728688557029,0.18473756013429538,,,,,0.9369081325952714,0.9340854116899511,0.9364068479280386,,,,,,0.9343033078137597,0.9353042272410068,0.9359330651609661,,0.934743034068281,,,,0.9355446129147954,0.9350689564907797,0.9343035599739447,0.9336725834506943,,0.9337265882763425,,,0.9368050316030094,0.9351625875331079,0.9327887178769744,0.932649409882892,0.9328628556822909,0.9345028477597543,0.9322229190155501,,0.9347797803738248,0.9309740947082159,,,,0.9331412212162157,0.9327519898589055,0.9361478634920612,,,,0.9305326351687198,,,0.7959729494382639,0.7972775235787477,0.7955722563533959,,,,0.7967835166436286,0.7970438694985962,,0.7959460711772026,,0.7986898451300587,0.7991465252163095,,0.7967486004258745,,0.7955203439185885,0.7961699807085222,,,0.7932777498649337,0.7971672694534924,,0.7954722027440656,,0.7965132530816837,,,0.7974799040277095,0.7960400777051598,0.7945698628257094,0.7953559380371814,,,0.7972516876717619,,0.7969863272529902,,,0.7932911065377919,,,,,0.7942484533782226,,0.7963435239573183,0.7985796095463631,0.795061172625898,0.7949730304079589,,0.41684572970382516,0.41601764313204503,0.4144777212997605,0.17438965811992116,,0.42835947544790165,0.4270902170287082,,,0.4277179274807329,,0.17124030898621115,0.17195405922339968,,,,,0.17168607391489918,,0.1714214232132035,0.17169404461449933,,0.17100064667334977,,0.17136717530050172,0.17203655857139824,,0.1714057040570162,0.1711698884081526,0.17161764893877776,,0.1711388854588809,,0.17155860790594235,0.17133128052117738,0.17124124501188848,0.1713392323756922,0.17156050749879956,0.17130769093876777,0.1711404148391315,0.17161500025430942,,0.17095023716222668,,0.1711901049219468,0.17182233508557168,,,,0.17153724207320095,0.17157981538460057,0.17440697467036093,0.17396959100073214,,0.17378071435741674,0.17383132105648252,,0.17390920239940302,0.1742393930605194,,,0.1738585285040059,0.17401295745541853,,0.17401106852968856,0.17442681993544637,0.17393986956368226,0.1738423409901245,0.174207663314748,,,0.1737985417841666,0.1740773808040146,,0.17399976508055207,,0.17393328289503268,0.1741227167831424,0.1738345611371975,0.1735357752457385,0.17459373984095192,,,,,,0.9418495693530453,,0.9396407749320753,0.942457921873053,,,0.9412477722713017,0.9409358621002374,0.9379630708575241,,,,,0.9374659237483692,0.9376235857187386,0.9402304461638066,,,0.9365214299645497,0.9398889368757943,,0.9346383385810704,0.9362663850002122,0.9371526140476734,0.9388631451948581,0.9378971240615818,0.9386175123766508,0.9402693188336035,,,0.9384021942494482,0.9417994529098467,0.9398238974556128,,,,0.9430079981935725,0.9406704993469526,,,0.940810825916406,0.9402361555680419,0.9406010607942946,0.9408371654661993,,0.9407234044948185,,0.942819649083453,,,,,,0.9417266561469078,0.9391647962293039,0.9417265681151007,0.9385501048663805,0.9392169719564986,0.9381169032475793,0.9391449855424185,,,0.934656813914719,0.940760406250354,0.9399784766149815,,,0.93924963534616,0.9390454673136496,0.9402993204462453,,,,0.9356569909857839,,0.9390866865648717,0.9400152177578619,,0.9409242553173787,0.9393734283703342,0.9414851345452361,,,0.7931858257044928,0.7930777334663157,0.7932425132658525,0.7928100909877885,,,,0.1702166348585082,,,,0.42161036577794525,0.42147722575324714,,0.4233706179109265,0.18324420252732054,0.7914201120891383,0.9345013081854644,0.4266166650706462,0.4246320172700164,0.42544036392697576,,0.41422473446827157,,0.40167473241753815,,,0.19923440002025244,,0.9297946752780459,0.20450328300121515,,0.9370021203648599,0.2069299218513598,,,,,,,0.8141676983284653,0.20712900168308745,0.8163670300673195,,,0.8198978875895023,0.4373537287592063,0.4384649287639481,0.437742884398853,,,0.43749854207420796,0.43831186049916415,,,0.4379560728208616,,,0.436357175207623,0.4386628671383315,0.4375903643125384,0.4360106480327806,0.4379123938278011,0.43853140684976266,,,0.9439125743326651,0.9438456996713723,,0.9369613651973326,0.21840996352102535,0.21776990667590473,0.21835977249825358,,0.8309658838779734,0.8299811817258899,0.8296836832710903,0.8303175165717012,,0.9450569984340176,0.9470357120205332,0.9460020559428269,,,0.4443718146152622,,,0.44380430099562856,0.44287289804897845,,,0.44271452023550883,0.4418305626219729,,,0.4418209749668966,0.4434929832822749,0.4432949711828178,,0.4423677144948191,,0.44311053523003213,0.4446743821994542,,0.44355679001524945,0.44395421521577916,,0.4435426504596686,0.44312482037231155,0.4417041809626776,0.44200975645735807,0.44247959796495784,0.4431357411110866,,0.4445671727578769,0.44194643639836306,,0.44223177349219395,0.4435653440877972,0.44275178286240596,0.44366676169182395,,0.44277329587601066,0.4440270690730958,,0.4428590810922204,0.4436538309018346,0.4429776118156464,,0.4427846611830394,,,,0.4415493799015984,,0.4428728080780249,0.44281925946481415,0.4442428985143525,,0.44293161421608457,,0.443639395869763,0.7866767338049631,,0.7868820970464848,,,,0.7882272512974541,0.786814043317498,0.7886410929928716,,0.7864732936883303,,,0.1625336379193881,,0.16139531412691407,0.16225594912891728,0.16256201611666496,0.16221226216326093,,,,,,0.1622427603869634,0.16160866016118533,0.1616881950333077,0.1616419592518989,,0.1618596540101086,,0.7899431515976122,0.789554908512143,0.7897553063710931,,,,,,,,0.9411258829917093,0.945080779516889,0.9420890352987781,0.9420668660118406,0.9402751101270833,,0.9413481173531522,0.9408555935403149,,0.945441872606129,,,0.16181846236127065,0.16175491096541256,0.16220487187468322,,0.16201484820602788,,0.16235017556077302,0.16236658197822088,0.16180027186942111,0.16214804540341607,,,0.16008830068140723,0.1614792265373352,0.161347043138293,,,0.9415170700874669,0.9444016445002316,0.942181525517675,0.9426669457006651,,,0.7876211621466854,,,,0.7888598741175586,0.7902565922751676,0.7894375071476503,0.7884863301106955,0.7893991953667249,,,,,0.7896380340938091,0.7882211977419147,0.7896755930204922,,0.7909260218953004,0.7895633342928222,0.7866734876553965,,0.7894975643051562,0.7892270693287674,,0.7876282491757715,,0.9424852810713533,0.9445800823121819,,0.9441158561986384,,,0.9427821885125148,0.9441053186716191,0.9460713754521014,,0.9377200030007483,0.9404418053317097,,0.9439416852340786,0.9408164368843428,,0.9415312579637369,0.941148745409722,0.9423989759676086,0.942025449712544,,,0.940599185232005,,0.9447693863400232,,0.4321235019487481,0.43045807171078126,0.4314243881729709,,0.431219492990401,0.4323898117370431,0.7533217647937711,,,,0.4138555252426171,,,,0.41198616693955586,0.4106782994482564,,0.4108719030527026,0.41093679144836104,0.4125364194444626,0.41139092139564964,,0.4107411828647435,,0.4104820309858451,,,0.4110478558457041,0.41096447570369404,,0.41030280334621505,0.4104005263327397,0.4114408964284097,,0.41097253423847485,,0.41133906376782475,0.4110481013713428,0.4103304772454685,0.41081792053690086,0.4103356813428298,,0.41166575840076614,0.41004213803228645,0.4105880505706286,0.4108290784183771,0.411340352102652,,,0.4108128141916176,0.4113955547247203,0.4113981225272046,0.41292188458990964,,0.41192768446465333,0.41037247572837854,,0.4104763472427189,,,0.41041905035342885,0.41148517036378685,0.4105584168405324,,0.411609547690354,0.4108026724221743,,0.4116677950745709,,,,0.41262061422121943,,0.41109666722106497,0.4114430703974319,,,0.411110114817512,0.4116422577723997,0.41038968306006907,0.41107944862166135,0.41149419722152963,0.41028702041329324,,,0.4116389422052657,,,0.4114432750128883,0.4118338217618095,0.41208597667303026,0.411058741453625,,,0.40990688280611726,0.41108826867293247,,,0.41115486687463737,,0.4099970530409476,,0.41160883058219855,,,,,0.4114598676639159,0.4107641302461126,0.41063885100601255,0.4116065867559847,,0.41074749907613833,0.411353202150284,0.4101643322676651,,0.4113103847530325,,0.4106555786520816,,,0.41105632047724855,,0.4118904166253141,,,0.41060116585308015,,,0.4110049741750237,0.4115968267259124,,,,0.4103851964679446,,0.41153967709774913,0.4105654051337366,,0.41140672434586195,0.410749154247885,0.4115535087776606,0.4111391611859579,,0.4115408437439492,0.41077120263957456,0.411963787295316,,,,0.4107234528493584,0.4108986756731647,,0.41100661956551615,0.4110953627130079,,,0.41093821715403195,0.41103665956868535,,0.4101671267154078,,,0.41084941597723823,0.4095929313828561,0.41089631320132813,0.4108242690737362,0.411204680205868,,,,0.4114626105394272,,,0.410637997521912,0.41086494967931975,0.4106357460843859,,,0.41135358965739877,,0.4075713321326769,0.40748449571726353,0.11606856926505206,,0.9480560869460454,0.10001711020996253,,0.7344343340547523,,0.956131433769589,0.9547395478745654
4,4,DG_8pct,16,Z02_F02,2,SLG_A,239739,243937,True,27345.29243471691,1337.881690351942,1323.639588862688,740.9950504140891,752.5363151586221,89.94539103998423,17.017215242602205,570.4230019288932,574.7270209070853,233.27824952414795,233.24006326456427,156.82545600797053,5.390576106877645,13.665878689686554,20.090393139838394,17.26964336918718,69.20049843734118,25.22022797019809,56.594660238382396,172.28228762014203,0.3438573748404191,0.34551496415602334,,0.012908835163131129,,1.0690507684467143,0.633459101390959,0.3443592122505637,0.3442854276114708,,0.6630038636169762,0.09581648830669563,,0.09562096810587578,0.6721036489061604,,0.6686214261083994,,0.9968722431081231,,,,,0.34467852155525347,0.3467580461970411,0.3466708006393784,,0.33936273783798687,,,0.3444140339641269,0.34628565827673397,0.3458874336115539,,,,,,0.34028536732224973,,0.3470422130894019,0.34919979417773384,,,0.3496050837689692,0.3494265524552786,,0.34961413547299636,,,0.3502180551624355,0.3509021142200289,0.34970880438611923,,,0.3495443260479803,,0.11351774931352913,0.11375466737432001,0.6889178583409508,,0.11574739435919243,,0.11590186613805781,0.1154841892691822,0.11568687224482851,0.11580151401939881,0.11571342457653465,0.11546746472710608,,,,0.1158213821477215,,0.11576975004924031,,0.11590231480230045,0.11561608667791493,0.1153930686602889,,0.11578299650776468,0.11570336342001207,0.11583347586844192,,0.11592979432854161,0.3490685199924851,0.34866745560736345,0.3487280035422608,0.7463598788295428,,,,,,,,,,,,0.16563999758622164,,0.16579265726060158,0.1655646318760323,0.16557865385069231,,0.1654613727963309,0.16594864228671427,0.16505266610024416,,0.165176245738935,0.1651692498866447,,0.16549874648400528,0.16552901472296025,,,,,0.16574932350736274,,,0.16565716262839694,,,,0.16575783155867654,0.1648665306682403,,0.16550648046939748,0.16569330254257184,0.16511416118176897,0.1654310504469264,0.16537625734471803,0.1655092475026565,0.16508980010481314,,,0.968382319674888,0.9681846525550291,0.968643480303577,0.9718628794478514,0.9702249789299605,0.9692942863632837,,0.9693280648185323,,0.9710369699001821,,0.9717829380437535,0.9737654928273594,,0.9709459864837527,0.9702170528289531,,,0.970354602815618,0.9679450979247158,,0.9673726391015995,0.9708214104167583,,0.9704973606296398,,0.9694214274515055,0.9688954844688586,0.968225444995742,0.9704376276965405,0.9690231558593315,0.9713154467534504,,0.9716569934510232,0.9690614978144577,,,0.9691559224807624,0.9679002653800263,,0.9692270119064499,0.9680031487196443,,,,0.751515197323431,,0.7514630190721808,0.7497930369837381,,,0.750261265493095,0.7515694803900148,0.7547349759801408,0.7524207078613633,,,0.7520370505347861,,,0.7517826003605138,0.7491323579690099,0.7515279575599572,,0.751224601267601,0.7495050892320669,0.7520711186213512,0.7505580242751326,,,,,,0.7503518726933431,,,,0.7492142772390816,0.7520860669914586,,0.7513597857320665,0.7515402469877955,,0.7499076591437156,,0.7500221791627089,0.7478969763103059,,0.7509046142855683,,0.7501951044821106,0.74917427115928,0.7522341589053552,,,0.7520020522974995,0.7492214738803663,,0.34867229139371136,,,,0.16328901920368719,0.36081891046157943,0.36094912516620675,,0.3608480333364563,,0.36133290808513485,0.15452508271380233,0.15452267600002068,0.15474065835693662,0.1543590622004987,,,,,,,0.15438665825671552,0.15420913558407598,,0.15455580280675976,0.15447571766204854,,0.1547941856891913,0.15494138509721866,,0.15513563615922946,,0.1548293590714587,0.15462564119127087,0.15468013336546937,,,,,,0.1544296391795691,0.1541520683069833,0.15488427234242239,0.15483555135830754,0.1548415548746094,0.15421986245246694,,0.15457050200997724,0.15407043190822725,0.15448666611063105,0.15473225187817932,,0.15677185533576526,0.15642074673070686,,0.15648957411036205,0.15705519926965106,,0.15664679673733867,0.1573434056621469,,0.1569884078691781,0.15655780583090614,0.15744875504745717,,0.15689489449653599,0.15689260334660873,0.15719954260352417,,,0.1568929541205432,,0.1567313889764376,,,0.15670952937966523,,,0.15715111107060661,0.15696303990417032,0.1571171130343999,0.15640351501607785,,0.9820718167759422,,,0.9788245294137939,0.97898554330222,,,,0.9754108053703605,0.976436789245179,,0.9774238932081782,0.9740431518545365,0.9768781756188952,0.9765046096684241,,0.9758146009251333,,,0.9725093237733455,,0.9776137532803718,0.9746470854527958,,0.9739240079959057,,,0.9758123635075243,,0.979070837922096,0.9768842765771367,,0.97561122541999,0.9788555835860758,,,0.977166462702171,0.9775486203200129,0.9814627242907038,,0.9769888633769399,,0.9770348353377416,0.9734727593314852,0.9782195707340712,,0.975428488802992,,,,0.9775764951750657,0.9793321302234627,,,0.9775615780119479,,0.9797296162707639,,,0.9733568938800549,0.9762709626026327,0.9733015719279038,,0.9731463276486043,,,,0.9754414358647026,0.9752530420507516,0.9752688663473901,,,0.9770778446339979,0.9726196538245984,,,,0.9783536993861467,,,0.9774796565461247,0.9760144894357153,,0.9758610990491033,0.9761822457461666,0.9787207865854666,0.7408782105454912,,,,0.15365907243795274,,,0.15371395162865692,0.15360810423290433,0.35425900413670314,0.35430020755984626,0.3542897018993822,0.3547368319378325,0.3540365284101391,0.3533033222280968,,,,0.3582250261000303,,0.35795293574596393,0.34888878587467137,,0.3471689289879843,,,,0.17793894589550732,,0.9615343454466808,0.18232818643392176,,0.966981252721174,0.18353155685062,,,,0.7774592381273774,,0.7757171255300777,0.7739098891864068,0.18448865244242016,,0.9680150945757803,0.7810529056991398,,0.3683832013829062,,,,0.36826292634101787,,,0.3684429694793053,0.36862420313820793,0.3689027567255585,0.36879667396315097,0.3682149453464271,0.36806897579562714,0.3691658169429926,0.3692296551902638,,,,0.9764204836635827,0.9753558480094582,,0.9743354260557775,,0.9716632910090196,,0.19216917515671136,,,,,0.7901200654171193,,0.978443819003754,,0.9777156100324877,0.9810808829784027,,0.37343191613882243,,0.37396057634133345,0.37322348693566515,,0.3726153242476782,,0.3747457515726718,0.3726136005522096,,0.3735638812084711,,,,0.37307505735988267,,,,0.37348691051373967,,0.37389002690391143,0.3741254294328203,0.37368070082462235,,,,0.371775954117906,0.3740704612612687,,,0.37261953945937193,0.3724844584828436,,0.37289835820603406,0.37298670791395894,,0.3735255763959834,0.373788847714892,,0.3719343696850241,0.3737546606178823,0.37333451927786304,,0.3742350167671853,0.3739568894928068,0.3738530071955563,0.37370181763982296,,0.37356686144471296,,,,,,,0.37298619256341287,0.3730638483530453,0.37308242442570483,0.37275593983102473,0.7332238038014475,,0.7323423139415047,0.7347890149719095,,0.7344767594167794,0.7345307827196044,0.7331990455172311,0.7333583828674978,0.7373597562788393,0.73477118624166,,,,0.14679605388919395,0.14642763495035102,0.14692215029036695,0.1463805865809427,0.14663219541295378,0.14695413436701554,,,,,,,,0.14655879775658304,0.14647385606865043,,0.14698298503193669,,,0.7363852336077632,0.7372385845820526,0.7369159961304972,0.7343532939858354,,0.7362784257642933,0.9820194631056862,,,0.9794639198305533,0.9820649898034801,,0.9795187717204746,,,0.9837416294139483,0.9831410942517913,,0.979435655475602,0.9849809699028836,0.14639334475047047,,0.14649911014458256,0.14709884241000745,,0.1462474253849758,0.14667399236198234,0.14715014778282962,0.14646705701694201,,0.1467888537200645,,0.14503922237976835,0.14635444297884403,0.14620420118989932,,,0.9788671979415241,0.982313022542633,,,0.9817604593939598,,,,0.7360286932603798,0.7355054700805178,0.7362029560485416,,,0.734370912121568,,0.7370544616286865,0.7379883349026649,0.7363286017335683,0.736175357964249,0.7365622994865005,,0.7375975492453923,,,0.7361469566070217,0.7354633610295416,,,0.7352823574372567,0.735825020537127,,0.7353323245319301,,,0.9805169857174388,0.9853623920464694,,0.9832302810767755,0.9860486628694426,0.9802826248612803,0.9838525881281321,0.9837549151871183,,,,,,,,0.9803006055818693,0.9812661270463237,,0.9821487037148375,,0.9821497126792998,,0.9843368826005141,,0.3634945515612719,0.36410789138703786,0.36259769025654964,,0.3631935706371708,0.3633479585695132,,0.6618347488969515,,,0.3492353332816363,0.1885519519305675,0.34570573702590895,0.3459452521575983,,,0.34554018806339554,,,,,0.3465531124543882,,,,0.34582089614704464,0.3456016953840901,0.34578671926921417,0.34550439343371336,0.3454192810068812,,,,,0.3462216094527206,0.3459434192927584,,0.3468802239617028,,0.3452465386323052,0.3465659361015508,,,,0.34620163159789363,0.34617892611624196,0.3465447930225591,0.3454882298458916,,,,0.3458695379466425,0.34600047644596177,,,0.34568468785499995,0.34573442372029184,0.3454874790776345,0.3462055580253263,,,0.3459279269497204,,0.3464761301529217,,0.34535632571276603,,0.34537029720063983,0.3463631069988593,,0.34639837649153243,,,,0.3476723130580737,0.3463472709733489,0.3461765656026529,0.3456960346376272,0.3453840866426067,,,,0.346463613312084,,0.3462548199488928,,,0.3467228353765586,,0.3467783089774827,0.3471464541326623,0.34637621644146155,0.3469985645791291,0.34644087965559267,0.34665198408580594,,,0.34734778627551827,0.34702310133516007,,0.346037206698092,0.3452937825563636,,,,0.34664848313024793,0.3461988972066989,0.34651970431635515,,0.34709714506845796,,0.34590833450913133,0.3464776275975331,,,,0.34608233571441155,,0.3462536748592671,0.3453106230945382,0.3462739471067425,0.34568411738345023,,,0.34516500090793195,0.34708819005807345,,0.3464930269660471,0.34548482115944934,0.3456730847615662,,0.3460163419384333,0.34632407030255186,0.3458241918041587,,,0.34682431563258725,,0.3451996799429932,0.3468452830016361,0.34795862929089394,0.3456317437116603,0.34592634122130217,,,,0.3451825307998607,,,0.3462533980316781,,,0.34587377047825724,,,,0.3467068175419996,0.34589273090012407,0.3460429924152317,,,0.3464476435725725,0.347347441106045,0.34659733686882105,0.3470907018869608,,0.345364919966607,,,0.3463424198871557,,0.3453450807042884,0.346682797248603,0.34571854416358055,,0.3454140938757312,,0.3462630870921739,0.3461174107770802,0.3462156055970073,,,,,0.6835043976825617,,0.09592736266912458,,0.6693756681430019,0.6718295056606558,,0.9951769244752414
4,4,DG_8pct,16,Z02_F03,2,SLG_A,246180,253842,True,29680.56455466419,1132.279775349938,1129.784197405646,681.6223475278044,688.3558141595768,76.57996347460188,16.028611751548354,550.1861912209798,553.0313773417905,226.36504764926823,228.19108779273182,153.2096035585678,5.045609952362456,12.646602102678463,18.89259722170648,16.222595148112532,60.041241246754865,26.829901023208087,52.677911918369006,165.25729428104387,0.3859267538069246,,,0.00994768395343629,,0.9597766222372,0.6977180870431042,,,0.38589320732703336,,,,0.05704377414775942,,0.7224782355078168,,0.9227856275366482,0.9227123513554484,,,0.3852704361414528,0.3856777623834369,0.3875762818655151,0.38656984298422153,,,0.3811191104345627,,,0.38922086655268556,,0.38820126000973393,0.3882126209853956,,,,0.3818702626464252,,0.39111447904649,0.39144491754889466,0.3895370041271318,,0.39228767232371803,0.39207285563276145,,,0.39225708573511764,0.39339959602475166,,,0.3925383530584079,,,0.3916996291790163,,,,,,,0.06879465942196997,0.06872753935128939,0.0686201969315465,0.06881661974231004,,,0.0686988349291281,,,,0.0686775244938667,,,0.06881628489282014,0.06861143681651447,0.06854719718620907,0.06849709657500165,0.06860554268474268,0.06868248306691876,,0.06872434208554022,0.06874890151191661,,,0.3911073903080787,0.3904926355990298,,0.7793306192759504,0.4019942256995791,,,0.4005681558431049,0.40173749327496033,,0.0977557642707316,0.09790630866623064,0.09776147941211323,,0.09776268509378637,0.09795091194818206,0.09764762806892828,0.09782772597719173,0.09743162080806539,0.09793343250173676,0.0976978580815485,,,0.09755871756309357,,,0.09773585594565817,0.09780940792703946,0.09761304999700242,,0.09761040962762126,0.09761440080005897,,0.09753250366036281,0.0975334676944643,,0.09744272326943268,,,,0.09777157175347713,0.09744917978220873,,,,0.09736665396191117,0.09760557016301817,,0.0975675636075921,0.09775644684779326,,0.09756638375361953,0.09765798049788726,0.9172540490078124,,,0.9225006002079582,,,0.9196064372366537,,,0.9178888124316408,0.9208671775070734,0.9210053441275879,,0.9194177903781243,,,0.9217438388180973,,,0.9221096784075368,0.9194252966161932,0.9192862592725353,0.9204071416925509,0.9224861489984374,,0.920929943831402,,0.9202234751896529,,0.918568582772129,0.9218219961234848,0.9220878814149989,0.921327322504078,0.9192991943661667,0.9187178158181691,,0.9219294431087016,0.9214460623829868,,0.9206609483145582,0.9208366692222709,0.918169239514907,0.9224251480973034,,,,0.7871168615098503,,0.7837897648286904,,0.7845992935826243,0.7858361966226954,0.788378372217311,,,0.7859534808171694,,0.7855016137148826,0.7863220395501032,,0.7848279158997611,0.7870199839049912,0.7844186656934132,,0.7862846049696436,,,,0.785767507122014,0.7824766004210205,,0.7850731992824561,,,0.7878093170595165,0.7818862397391295,,,0.7868179529491632,0.7857361897716443,0.7842762352261562,,,,,,,0.78717224331551,0.7835974724191295,0.7858218868611488,,,,0.7867653758548353,0.7831188987185097,,0.7870195343256741,,,0.38950258762322737,0.3908225991175178,0.09332614571070044,,0.40495729333028335,0.40357715472087063,0.4040896547320232,0.40341360800462,0.4051507015688132,0.4037025450925183,0.09126016750599765,,0.09144239934193832,0.09177714717046108,,0.09141964060005792,,0.09173993724179617,,0.09157259213459777,,0.09144926706918563,0.09163858026712633,0.09146568849308606,,,0.09163059040763104,0.09151978264781266,0.09145393952472204,0.09159769586705203,0.09152840285276673,0.09148125183709042,0.09143514672864335,0.09155834077061549,0.09144279260636944,,0.09146080159892205,,,0.09199538739652956,0.09136120672798066,0.09164742056874119,0.09141943476036835,0.09156740174439336,0.0917009255351947,,,0.09184367128680786,0.09130356817353136,0.09133365982302917,0.09282586964842954,0.09269459888216718,,,0.09292037380622993,,0.09295534087995508,,0.09270757805898651,,0.09295183239701021,0.09272517807943352,0.09303763200636969,0.09273780970536967,0.09269789885335868,0.09270107907391191,0.09278496893690334,0.09283965880730091,,0.09288300999088642,0.09293053885991509,0.09290976518479523,,0.09250209022857174,0.09282051939984232,0.09277844290347875,0.09280832350389619,0.09258124241735513,,0.09255185998248275,0.09308336895933703,0.09266314692100551,,0.9268327263950006,0.92262622635972,,0.926719253116106,0.9254571947049193,0.9254539969234401,0.9237806504217655,0.9263081415248692,,0.9232543072490865,,,0.92344191837474,0.9225762588848564,0.925539771087233,0.9235034473103992,0.9235062144292352,0.92362757235139,0.9244765275050926,0.9244874251645362,,,0.9245699944662368,0.9222853348502861,0.9210891731645305,,0.9267795130254117,,,0.9247300184549755,0.9245215589762411,,0.9247737001141477,,0.923741218072681,,,0.927382310081725,0.9246825844696004,0.9236952352928866,,0.9276015144313052,,0.9288653867581304,0.9232998714512283,0.925570529684763,0.9264157546915415,,0.9261766971584049,0.9248116009367586,0.9253179948276911,0.9252751656221275,0.9281845894762301,,,0.9239889298263876,0.9246495698317223,,0.9226360562194087,,0.9223598789542051,0.9236373504059748,0.9253948049040028,,,0.9213500796098374,0.9230784665533637,0.9244480751281012,,,0.9208557923099299,,,0.9245237070519816,0.9211103367775382,,0.9237599640203674,0.9252956360116074,0.9279184152567572,0.9239933247860574,0.9244628733689817,0.9240444617562011,,,0.9257769397992864,0.7801059878972426,0.7782864795160396,0.7805081733780866,,,0.09093397443557422,0.09068587011365778,,,0.3975173958548789,,,0.3959496333540445,,0.396592350709479,,0.7832152062283345,,0.4022638819818932,0.4005892493099494,0.39980361641096757,,0.3901544981685281,,0.3800328267557735,,,,0.7931159956196208,0.9203268327014343,0.10754275104800129,0.8016966775451636,0.9224659545187671,0.10815942411028158,0.80281738650687,0.9251800393940954,,,0.8057619912735073,,0.8049018935820815,0.1085403543146821,0.8062708927947165,0.9275999241306232,,,,0.4141286175856971,0.411687835372881,0.41216098603128476,0.4125314544734639,,0.41430390316645826,0.41298008432418826,0.41313574440765355,0.4133485806034375,0.4137742998229578,0.4134061906250009,0.4141681354370106,,0.41294002045123396,0.41347726124161754,0.4130339523955608,0.41265774282530787,0.9350290087966102,0.9357481989598048,,0.9378725022987524,,0.9303666820820358,0.11340223361260442,,0.11347355988222221,,,,0.8214060500146483,0.8223751551045667,0.9363788904299039,0.9384605187600442,0.9372642498207737,,0.4177410884931681,,,0.4184481959414837,0.41752511951052274,0.41819525295604565,0.41833431156358686,,,,0.4180776845808361,0.4182175038114193,0.41927984180438005,0.41879707808900013,0.4183006976985254,,0.418783415589177,0.4183602745509088,0.41803004419085354,0.4185106832896607,0.41966664112559887,0.41667585077829483,0.4173476317812152,0.4173707922414693,,0.4180889325178234,0.41661777177732284,,,0.41863275824160845,0.4173407251426718,,0.41856040876434675,0.4175068753032223,0.41690659373212113,,,0.4179047592467135,0.418139500888796,0.41805679416161534,,,0.41810175143489264,0.41763224391620934,,0.41867104498164504,0.4177348794551848,0.4174086887782486,0.41824152078414006,0.4179455737089656,,,0.4179522580043771,0.41743803000659696,0.4186136233509221,,,0.41802396683943416,0.41778904648387805,,0.7768767330700955,0.7716773094989703,0.7730391405108382,0.7755053962206613,0.7739295825444106,,,0.7739807589466239,0.774348564386677,0.7750350381783107,0.7749483628262561,0.7755345401673798,,0.08709869678002187,,0.08713759915876666,0.08691567142130836,0.08711209992532584,0.08712450581865662,0.08707753965111173,0.08697859078049462,,0.08703879525311078,0.08689577044777767,0.08720377821655553,0.0871515542294979,,0.08679750315884037,0.0869196315033936,0.0868435692704595,0.08712208628028957,,0.7768263535914237,0.7748175612775212,0.7768243825942373,0.7760043674498476,0.7771887017848711,0.775643615792547,0.7754403134287134,,0.9243573594355475,0.9269073034722403,0.9272841711519425,,,,0.9243777891975419,0.9243573745484723,0.9227611442943693,0.9263017576547972,0.9239474351001208,0.9217476910317066,0.9241686121288422,0.0869253203192981,,0.08674112566680446,0.08688508781137326,,,,,,0.08714533567131454,,0.08698059988796138,0.08575408693140445,0.08672625645566191,,,0.9234214269457617,0.9267400639915331,0.9270621214409013,,0.9253615072038884,0.9257763822327538,,,0.7746427618434203,0.7744398480885111,0.7751304446115166,,,0.7740112725932984,,0.7772812752639211,,0.7764544019367919,,0.7738637886499127,,0.7747352887968239,0.7754302754381768,0.776727406547722,0.774650619089157,0.7748387802281227,0.7753227783504847,0.7753304345621973,,0.7756107033393062,0.7772789254787659,,,0.9289770715833635,0.9267940768969288,0.9295855198102392,,0.9296304147276233,,0.9274729853252359,0.9276012207664585,0.9272978744259072,0.9284469191395206,,,0.9254409865313667,,0.9274785262963524,0.923159014958194,0.9268210459161182,0.9289603213250481,,,0.9247914515445357,0.9228442063053544,0.9261036497438256,,0.9264788152628475,,0.4071270839517148,0.40755017606768323,,0.407044475606964,0.4073171286811328,0.4072007706117397,0.735963277966726,0.7157837268276404,0.39080896657615355,0.3904172026722131,0.39160041958325814,0.11105938142348384,0.3884546017189383,,0.38818343304973557,,0.387916279103808,,,0.3883201679930078,,,0.38815819771806986,0.3859821105698694,0.3879633887575573,0.3874760056087939,0.38799815192498943,0.38830780676802396,0.38712444427128867,,,0.38750529827170704,0.3871220229982181,0.38848945094749865,0.38723782984733035,,0.3874855357642404,,0.38903145042138293,0.3888899780255277,,0.3878133655527865,0.38988509565663343,0.3877054232442934,0.3878001594624199,,0.3886094650927069,0.3864855725312355,0.38821401699490743,,,0.3895637377244128,0.3880480596137485,0.38803869289983267,,0.38711018487651166,0.3884352960252178,0.38814286401059817,0.3886552985231926,0.38747983947627634,,0.3868208071873592,,0.3883095137061837,0.3875423339774881,0.3886661362136808,,0.3884549898654331,0.3889433759887852,0.3890264945180317,0.3873069093860055,0.3888253452516138,0.3879890229744697,0.3880559890053845,,,0.3878641911610267,,0.38817915161252164,,0.38779991918256346,,,0.387919464564118,,,0.3868694149792466,,0.3885598091842672,0.38782563779127677,,0.38764923906323673,0.38836115038921065,0.3869569683245841,,,0.3878276005368066,0.38962928094840177,,0.388808300732392,0.38826421981136305,0.3866032521863104,0.38735554379477877,,0.3868823268216446,0.38837618615083497,,0.387630461889467,0.3884645963904987,0.3882800547930828,0.3869010403887868,0.38748509378523743,0.38765328134958266,0.38641023193603236,,0.38912698551894964,,0.38708570283306115,,0.38643843236336856,0.38754411469576344,,0.38786752836985094,0.38825782901828926,0.38831085049727476,,0.38757430493696804,0.38767796718331043,,,0.38680892373383546,0.3877697561315092,,0.3885008763459652,0.3877709049814819,,,0.38873558480027826,,0.3889852759895304,,,,0.3863017747349259,,0.3879190543460074,,,0.38807759141026177,0.3870910819982965,,0.3890933010671438,0.3883807685115944,0.3867790724972749,0.38817014414423123,0.38819016166617215,0.3875274665437527,,,,,0.387135883492966,0.38862520282738844,,0.3893793778007773,0.38769194852272243,,0.38789652395967905,0.3880120420465418,0.3898751263161133,,0.3886789514992023,0.38650501956565914,,,0.3869376873233836,0.3877168815330553,0.3871269746590022,0.38894629295543626,,,0.3845808172266545,0.38529846352850267,0.06502052195916669,0.7327531149833841,0.9161500117022576,0.05689333523335433,0.05698824348284077,,0.7222655003364822,0.9195461401263529,0.9198478478741255
4,4,DG_8pct,16,Z02_F04,2,SLG_A,254077,253842,True,29570.830056928018,1126.5160972032197,1129.582372697682,679.952335111961,690.7272797349029,76.04862075194382,15.977997329966493,549.9170003640282,554.8610870395844,227.39897823897357,228.07712318117058,153.7841159593739,5.060101271446121,12.729691859096063,18.796167860824237,16.225951778882408,60.00192994883219,26.885440330931623,52.53234088106939,164.6070415058571,0.38692566726496297,0.3865868323986969,,,,,,0.3851321216818043,,0.385794258095645,0.7131673736953966,0.05700488132837867,0.057072135175140246,,0.7233132707139409,,0.7244829485050831,0.9229543122232577,,0.9240236262913726,,0.3854802936281804,0.38439434403366407,,0.3881830475268419,,0.38219630859078996,,0.3807585563954288,,,0.38742183326142626,,0.3872029931762006,,0.06203667788450185,,0.3832042529762413,0.3819272140319339,0.39045311110978587,0.3900300652648627,0.3907748620923373,0.3921568105876757,,,0.39216596840233364,0.39287998369159705,0.3915491817220588,0.3928097264242478,,0.3918966245143174,0.39108953738590146,,,,0.39308940666763215,0.39258826193813484,0.06732221037116608,0.06747265986148195,0.7370141598704442,0.9139933607194829,0.0686981250893052,,,0.0687177193103762,,0.06844510019919396,,,0.06864596485473601,,0.06864755367146491,0.06869680758418222,,,,,,0.06862881743371976,,,,0.06859591610747749,0.06895947156405599,,0.39052186182585263,0.3916867764439162,0.3916548073918952,,,0.4022179122850952,0.40124338863353687,0.40129839249016735,0.40040785498620485,0.40265299375382324,0.09773328907701957,0.09736937953374955,0.09773116968412639,0.09752331092743617,0.09756867386875759,,0.09778244253921302,0.09785036274927335,0.09790632605860722,,0.09743229213442296,,,0.09782647954428926,0.09769233488150497,0.09753663929770497,0.09754654758199931,0.09763083180792731,0.09765572538384582,,,0.09812117994297641,,0.09752083080538727,0.09761763518553083,0.09761048290233781,,0.09769798653391663,0.09782697148165065,,,,,0.0976264876411456,0.09753888747095234,,0.09762536025935292,0.09772035029295781,0.09732233957213907,,,,,,,0.9207624103884741,0.9190330786456549,0.919980725147471,,,0.9224289008332431,0.9183420866921633,0.920928519089628,,0.9219535454705617,,,,,0.919269334033824,0.9202629304880925,,0.9219344717915311,,,,,,,0.9208059099340101,0.9219850250408239,0.9222892983940653,0.9216587381151897,0.9184101836291684,,0.9207576797784274,0.9193185886157987,0.9183897161026013,,0.9198972828893226,0.9213063130602442,0.9214158937240235,0.9212450237636309,,0.9187929616631111,0.9205448795200821,0.9198772232619541,0.9223309949927265,0.7861374695724848,,,0.7872050533082223,0.7852169882064161,0.7873022955021121,0.7873784612758621,,,0.7854043453197644,0.787917583313854,,,,,,,,0.7862035083604871,,,0.7869348203834513,0.7842992089631872,0.7830000807999994,,0.7837825196224467,0.7835304426260323,0.7857573536430156,0.7841437798251049,,,,0.7844876208858556,,0.7881521562418212,0.7863159172193341,,0.7862773916741748,,0.7851541231936868,0.7853095262894504,0.786030670361712,,0.7851151753278863,0.7865913438556748,0.7839078745979119,0.7852449406354259,0.787101391224498,0.7848486277288339,,,,0.785771774606367,,0.39074765066955924,0.39115731536792125,,0.09647229110450593,0.4047167802895187,0.40427350270242074,,,,0.4032255340860923,,0.09152673062973327,0.09173759494568771,0.09190133612654289,0.09152957905447631,,0.09147198313993889,0.09154318145799134,0.09166090456308539,,0.09126071473777667,0.09183565688349517,,0.09156134991562632,,,0.0915695740911474,,,0.09168070931187387,0.09180651953635677,0.09145182037140506,0.09130751207794509,0.0916782697267151,0.09146171829876862,,,0.09159139492406733,0.09153214405883037,0.09159035968425946,,,0.09147639439543169,0.0916804238825731,0.09127461346306029,0.09145102066401034,0.09180777458668148,0.09140883126523602,,,0.09289169251719968,,0.09276081840007314,,,,0.0926960956799588,0.09282850918732724,,0.0928613547813682,,0.0926288668737616,0.09291415881840193,,0.09298491626462876,,0.09285388701234999,0.09284459317031475,0.09322621989271783,,,,,,,0.09266872287918398,0.09273031665136701,0.0927167132456364,,,0.09289133634765677,,0.9259397280997111,,,0.9261766615704231,,,,0.9247259638527034,,0.9259240056032704,0.9256451654545828,,,0.9233441839378159,0.9221693085997615,,,,0.923588514310104,0.9213255186676917,0.9224953879347577,0.9250977376509525,,,0.9230924057146958,0.9218212616477399,,,,0.920849390405085,0.9248232743130218,0.9246499527157264,,,0.9230312360202569,0.924940140252128,0.923173420524745,,0.925680081336575,0.9230195931326971,,0.924936110001916,,,0.926216285387915,,0.924999722335987,0.9281506948113993,0.9240992096131414,0.9257138896791994,,,0.9248606691378233,0.9224637231689615,0.9221425684165881,0.9270183936381416,,,0.9209433435045413,0.9222058348622242,0.9231114531546534,0.9211916386293867,0.924097613852698,0.9224211433184145,0.9233775243799509,,,,0.9212785189840207,0.9232611287962174,,0.9231408847603443,,0.9243032857344395,,,0.9249490798442217,,,0.9237821230461106,0.9234111842880075,0.923458114186537,0.925230209798733,0.9210132144240983,,0.9242373561017642,0.7802492462985701,0.7798797051520052,,0.7801164824807925,0.09108237331481336,,0.09099339087221821,0.09115289029274377,0.09107267778101695,0.39632589373470806,,0.3980531285380368,0.3974929647704149,0.397119362216058,0.3969638473235435,0.09683719469101387,,0.9177982023983724,,,0.40301598762382845,0.3916232401238211,,,0.38006713912783213,0.3794600116231995,0.379936866580426,0.10477764464932049,0.7928623882635545,0.9182439290978096,0.10757037725184727,0.8000707128046541,0.9250734716636684,0.10772954416536225,0.8029089243028075,0.9245800747829466,0.8077074699489947,0.8056419478647909,0.8066461905249632,0.8083800779157411,,0.10871843230483128,,0.9251140994406478,0.8091203835845511,0.8104649275581589,0.41358928935431516,0.4136034811252633,,0.4133309254889025,,,0.41472165854451365,,,,0.4129756238183055,,,0.4110832151420302,0.4139776320795335,0.41174426095186845,0.41483056387323225,0.41250344004584577,,0.9333073120121325,0.9327386579154398,0.9342540437060661,,,0.11327235401382944,0.11327778577782552,,0.11372609391828331,0.8189341579619784,0.8216909475469247,0.8202976171165126,,0.9373157983770668,0.9350034036197689,,0.935750046132114,0.4184820340479244,0.4178915105662331,,0.41877415397191314,0.4183285648702984,0.4173266757143116,,,,,,0.4195067573554807,0.41611865288790406,,0.4194137791283976,0.41787992668296287,0.4180345966696897,0.41822938012437627,,0.4174397366715849,0.4163666235996484,,0.4176276432183811,0.4185732115531052,0.4170332391283439,,,0.41853841765454003,0.418204252667565,0.41873313666369577,0.41700496196683823,,0.4172608013293996,,0.41738169752845455,0.4166439552211314,0.41718325968973946,0.4179024473751112,0.4192093910626921,,0.418561519261206,,0.41842183555757195,,,0.4168358872429195,0.4169784521565865,,0.4175923856804667,,,0.41828502013984026,,,0.4176576623194805,0.4173761424402897,0.417730999895228,,0.41742485904305426,,0.7774795436231957,,,0.7732803110399784,0.7748975250492067,0.7739293196310266,0.7745931933713256,0.7750288530369226,,,,0.7742767560796084,0.08697903698975255,0.0871759933691375,0.08704309458691042,0.08691325145175767,,,,,0.08700101079439974,0.08729413978579184,0.08692102411891521,0.08715963484473241,0.08695498470694885,0.08695431780744975,0.0869079852512173,,,0.08704236847501749,0.08679118724407475,0.7755361470437185,,,0.7763489275616762,,,0.7764512210728306,,0.927413303479749,,,0.9229728005988923,,0.9231157058992172,0.9247001183228526,,0.9227505158864392,0.9269430387750341,0.9269409677600037,0.9248595305890366,0.9273057569377243,,0.08696249512969581,0.08680373703711791,,,0.087086319065836,,0.08716990559497799,,,,,0.08727832812851012,0.08597648222807681,,,,,,,,0.926986647506017,0.9271016015059285,0.77608669678323,0.7765938543296327,,0.7758045206706399,0.776646240605225,,0.7768065005596368,0.7766210796844787,,,0.7762933035917919,0.77549223629082,,,0.7747454433082726,0.7774090161206237,0.7751237834616863,,,0.7746407436617249,,0.7764023050504261,0.778340541741169,0.7765076661025131,,0.7742498405017362,0.7754225369451838,0.9258803343610555,0.9244247224614601,0.9245908744486006,,,,0.9254047937936852,0.9289112717835379,0.9252977934458375,0.9254543138893724,0.9227006336697049,0.9240561415304873,0.9249240211248954,0.9241639115143756,,0.9245688092685908,0.9268111905834173,0.9260477307746073,0.9263135805712557,0.9266584303118004,0.9280593135430737,0.9258111978769257,0.9285647219457784,0.9261425834965925,0.9276840521807573,,,0.4064136810645018,0.4070593915958945,0.406670762611125,0.4066502658938916,,,0.7177933004425645,,,0.39075517187983405,0.11086047687932114,0.38825929238627876,0.38664510439626254,,0.3893646629708881,,,0.38784504886058535,,,0.386862640980452,0.38703419036639025,0.38808662902012075,0.38821414668564896,0.38816370498071573,,0.3873697134352523,,0.3889308507898444,0.38828164450297836,0.38755271015619047,0.38805963186819703,,0.38872785624221123,,0.3879896190288896,0.38860677795764875,,0.3871138169488914,,0.3870930139668621,0.3872608397746555,,0.3873703924959654,,,,,0.3882604995132403,0.38800951541349366,0.38778378078679593,,0.38833056710736386,,0.3869634065374222,0.38825228022582187,0.38877670410449916,0.3880750368869769,0.38790327917174344,0.3882001021518515,0.3887456819830013,0.3870556675822677,0.387879325874463,0.3882832850545016,0.3889988141156762,0.38777248205408255,0.3875373934691069,,,0.38769256445842204,0.38786578443587594,0.388398986378189,,0.38731873159465485,0.38662950328827694,,0.3888708105136367,,,0.3886078552564606,,0.38712197272653853,0.38701803403955354,,0.38751244695995213,0.3891787745316496,,0.38761345709144207,,,0.3875989460056528,,0.3890758161945023,0.3885267908158643,0.3883714130891045,0.38775657328277696,,0.3880224832650211,0.386428492672478,0.3871160666852625,,0.388094253155094,,0.38725866900322153,0.3880687142999026,,,0.38689454258997663,0.3875206820600854,0.38730313333155075,0.38763097674880864,0.38724353151986884,0.3874572757345409,0.38821175631893917,0.3882330080386676,,0.3878318085440874,0.38995003613206636,0.3871940131267204,0.38698002671542486,0.3878892456344926,0.38810261010710706,0.38822610101488414,,0.3886930836315924,,,,,,,0.3879534986482172,,0.3886676345458688,,,0.38716778686250297,0.38871404107758534,0.3884141874892533,,0.3878286544316144,,0.3885198023463376,,0.388083391292203,,0.3883878121523621,,,0.3880964940712082,0.388407865101273,0.3873657706486832,0.388464384202208,0.38845198616527027,,,,0.3888166049229074,0.38763243218495796,,0.38756401620868863,,0.3873740095915375,0.3883646702620669,0.3871041871939859,,,0.38809548638843505,,0.38836483638834907,0.38799875813058277,0.38678238232336865,0.3866727417873189,0.3887705574762397,0.38864635625597876,,,,,,0.3846121400367941,0.3850148664945425,0.06504076673647784,0.7327386768669905,0.9191433816429737,,0.05710233003208242,0.7233637916522647,,,0.9203457415710854
4,4,DG_8pct,16,Z02_F05,2,LL_AB,246180,253842,True,35635.902843000724,741.2597134499277,742.2801640698436,330.55332767544013,331.8765709068591,51.238040007750335,6.662994586680047,230.86157018378998,245.50921222387132,97.55184471916783,97.89413229843431,64.10981839103759,2.1219447637894815,5.256836672711997,7.884925993259761,6.745749009673222,42.575545068140435,9.152251536615303,22.062392630989315,74.14040347974058,,,0.00027241800977542046,,0.01611088501379403,,0.050318576669642796,0.00016138377246688744,0.00016139150341526966,0.00016092640988117,0.09398991250604669,,,0.094891212729385,,0.09491052890231097,,,,0.4804087511708704,0.0001616064002736425,,0.00016158645636816675,0.00016188623807865976,0.0001620576195476778,,,0.00015903200716759866,,,0.00016189569602227032,,0.00016168323032947796,,,,0.00014375761083603307,,0.0001431338132071657,,0.00013581895609580515,0.0001361216464408558,0.00013653753523703652,,0.00013627926397438462,,0.00013642489472510272,,0.0001368657798126777,0.0001366970251122544,0.000136704582087317,0.00013644130175114952,,,0.0001369256725290095,0.00013635668220598844,,,0.11223597252736468,0.11226706246991063,0.4678656317591342,,0.11405946564462323,,0.11411884504686517,,,0.11436233318694188,,,0.11429430376171515,0.11427652358481905,0.1141376056783495,,0.11426028901324561,,0.11446334533824519,0.11418212390044405,0.11417364994141846,0.11436756607563354,,0.11433791503695259,0.11454259387052572,0.11453833081309808,,,0.00011167345117005807,0.00011191539965630332,,0.0001500350141790022,0.00015025088250885312,,,,0.0001477587371109971,0.1650070734221988,,0.16462497812392543,0.16462407569481197,,,,,0.16455671740958824,,0.16494501126251335,0.1643283850753959,,,0.16474023239590718,0.16467094540134095,0.16437040988011925,,,0.16456770081845526,0.16420988524007252,,0.16397719713288333,,0.1646714341408457,,,,0.16407480959225557,,0.16454059028809295,0.16469203066026553,0.1647954123022808,0.1644342853651011,,0.16424848354359353,,0.16457052963201627,0.16399411430045965,0.1645589914700512,0.1646387010476512,,0.163870447659301,,,,0.43570337922974045,,0.43545813026085456,0.43504761086423566,,,,,0.43510908563670175,,,0.43596493349619264,0.43535793849174387,0.4357715227955442,0.43676552526347856,0.4356117874543278,,0.4348262440186362,,,0.43592424974137,0.4354811406755922,0.4345865354025388,,0.4354805263275977,0.4339754868516024,,0.43440011991714655,,0.43516195277562647,,,0.43469495216512233,,,0.43529180375172133,,0.4347590724255388,0.4347867818911257,,0.43538249232694626,0.43554310685880504,0.16431408258406296,,,,,0.16431612983327065,0.1646167344062444,,0.16493951224093442,0.16489383155679643,,0.1650796943667962,0.16449423945334196,0.16487538545776065,0.1643966850988779,,0.1643537443380755,0.16537155307038487,0.16484451662985086,,0.16490106464538945,0.164847017112524,,0.16465329965572173,0.1639330971139424,0.164889983988391,0.1650321551436316,,0.1646491645257214,,,0.1645320245601876,,,0.16483700313059355,0.16511533032150597,0.1645517630090643,0.1640921937510587,0.1645187132375755,,0.16490058525404813,0.1646668182262444,,0.16493794151017904,0.1649215219829459,0.16449937430538022,,0.16510299829316105,0.16418789420367977,0.16471929868664487,0.16526833801390703,0.16440412685731187,,0.00014840801339399123,,0.00014847834854367787,,,,,0.00015297521919004412,0.0001529556422995947,0.0001528981532080428,0.0001532920588520728,0.15359351931577367,,0.1533590558362657,0.1537533141397611,0.15363160751568725,,,0.153433749011586,0.153533965055499,0.1534040620294038,,,0.15311908576868857,0.15358693616452546,,,0.15328949175030854,0.1533760282408734,0.15363536497641025,0.15318662667642788,0.1532323024283604,0.15327853698235802,0.1534280147988176,0.15328470381704842,0.15323115795369407,0.15328535921339506,0.15373641481320713,0.15321125350655132,0.1533240473545233,0.15368447766296586,0.15350232918724596,0.15354711141048058,0.15315859868668943,,,0.1532814818985815,,0.153693391595283,,0.15315391019146454,0.1558663907292151,,,0.1551888243736631,0.15521000449559771,0.1553857229203166,0.15536348019381185,,0.15630780492677648,,0.1557801444316969,0.15609876289368088,,0.15542511959528382,,0.1553552775358188,,0.15555727582302228,,,,,0.15551341196923818,,,,0.15536174291594004,,,,0.15556140337197294,0.1554715481918855,0.44664631622997447,,0.44636067241248556,,,,0.446155260529697,0.44613369154644017,0.4456505637065538,,0.4447629489866737,,,,0.44260359526039406,0.4445850874168782,0.44399295785525084,,0.44306651981910167,0.4444263353864458,0.4440982261610626,0.44388426332949016,,,,,0.4451895708131011,,0.4469427242907174,,,0.44430913490286755,0.4449084303843056,,,0.4456448309085938,,0.44640237691136436,,0.4466823595484519,0.4472481151296093,,,,,,0.445665411944277,,,0.4462165767226911,,0.4452091217868301,0.4451268726308227,0.4442013317508283,0.44492004146379466,0.44514388772285324,,,0.4433595934427099,0.4431318097335736,,0.4427785817471783,,0.4434388080978033,,0.44322976112241164,0.4428582152409968,0.44425045671523056,0.4432357597938727,0.4437768691905025,0.44316638845577766,0.443988637259345,,,0.44438921562570977,0.4440554569419382,0.4431664940147776,0.44306034020881263,0.44334754155356937,0.4438980314587678,,,,,0.4453409198348211,0.4441328789342721,,0.15260993165400621,0.1526029587959363,0.1526078639647756,0.15269957079470056,0.15269069196282004,0.1523406415973634,0.15241337833271656,0.15207904217815396,0.00015069409468835307,,0.0001504679874009367,0.00014991658888102626,0.00015012937462734855,0.00014995972825735516,0.1630084928717462,0.16292358857291014,0.43695326479796237,0.00015229860821485078,,0.00015241946991675196,,0.0001488086345051917,0.00014855791047466274,0.00014553423599899333,,,,0.17659001231241633,,0.18128071561305437,0.18127914177875715,,0.18300060117443132,0.18273421450580593,,,,0.18384595621440655,0.18353047034880499,0.1837970509380695,0.18375660205805555,,0.42451990907313664,0.18611548603166936,0.18586492333431776,0.00014433532781472452,0.0001443877981377076,,0.00014414081520649675,0.00014467630480208808,0.00014456113544354063,,0.0001447456419810075,,0.00014453517530066038,0.0001446219685014531,0.00014421802990674613,0.00014430738788598062,0.00014464289224235528,0.00014479314107348232,0.0001445000623801512,0.000144198631991343,0.00014448223566252777,,,,0.4262076179917238,,,0.1923679587075663,,,0.19252280132876495,0.19275960114102103,,,0.19264800843044666,,0.4258864596393898,,,,,,0.00014653052828262752,,,0.00014609807536693656,,0.00014636034847469306,,,0.00014659965228248112,0.00014663672118528094,,,,,0.00014619957870511919,0.00014679850706765068,0.00014651627937175505,0.00014657962153930657,0.0001469642141996135,,0.0001465927915979483,,0.00014600007324279114,,,,,0.0001461148959650098,,0.00014586289598802628,,,0.0001458500029793013,,,0.00014612764218980558,,0.0001461099024544471,0.000146307872985834,,0.0001463348017646742,,,0.0001462799839347647,,,0.0001464907745678452,,,0.00014648230239641704,0.00014653542795376698,0.00014609685114460566,,0.00014644566686843852,0.00014609903031696182,0.00014595420089250451,,,0.1453643187164307,,0.1459524820256903,0.14592043030086807,0.14595323476946973,0.14629189313787663,0.14590384505797527,,,0.14619485400538149,0.14526482224893147,,0.14622443880806849,0.14599568192888623,0.1457658821398593,,,,,,0.14579108981171082,0.14576609376962002,0.14540546091786002,,0.14574205646680904,0.14531878619185173,0.14558116315685707,,,,0.14662933151965454,,0.14613489801494553,,0.14613760814063054,0.14587583304987198,0.14610095604613707,0.1461850627444379,0.45102178281934907,,0.44973901856883686,0.44954628284835024,,0.45107555850387737,,0.4513546917345468,,,,0.4515078486086251,,0.4523933005854929,0.14534928976538042,,0.1455042414689532,0.14541812659499787,0.14618973841198366,0.14537148243552697,0.1456158289253174,0.14605625845338738,,0.14602410153719803,0.14548438939243896,0.1454863800886768,0.1439473168899709,0.14528405534869804,0.14573284985287624,0.4505007145016081,0.4520604862290195,0.4512134652015697,0.45331902995850504,0.45236561791380003,0.4517590206543432,,,0.1460541822833074,,0.14566905310732697,,0.14566659782778077,0.14520296590553966,0.1459486271091453,0.1461098081034524,,,0.1459746260824578,0.14634682262337279,0.14580512761723838,0.14627133266028816,0.1456699605143744,0.14628155663377848,0.14593409741729324,0.14630391245578997,0.1461400363832632,0.14591097694329042,,,0.1462165551366497,,,0.1462645588437627,0.4532222096983824,0.45269278127495677,0.4519698519981691,,,0.45163931774973987,,,0.45194971176979426,0.4522037081510742,0.45054862795996603,0.450374628517289,0.45242427907983923,,0.452219839134085,,,0.4512003821508234,,0.45139421683220354,0.4510663419254743,,0.45172880053988573,,,0.4509337110671741,,0.00015521658619472708,,0.00015451352210908177,0.00015470979628376662,,0.11047560139612445,0.08417301888202025,0.00014682313850489446,0.0001464953571961776,0.000146589417580923,,0.00016181404061729312,,,0.00016230853697168728,,0.0001625670473096539,0.0001622698191191235,,0.00016206017517903534,,0.00016212505237838445,0.00016196992039150507,0.00016232578990044207,0.0001623100505011448,0.00016212443800992735,0.00016209513902072794,,0.0001623005497825792,,0.00016235419426707858,0.00016220383440271525,0.00016240918027241773,,0.0001621034734944467,0.00016240950752951434,0.0001626157174964932,,,0.00016183379039581345,0.00016211230508519117,,,0.00016202998444012605,0.0001621557690681971,0.0001623708518195389,0.00016191971110015804,,0.00016212037295999982,,0.000162661078648221,0.00016198216709774362,,,0.0001622096575510433,0.00016239636927365295,0.00016201371165468873,,0.0001621922815911411,,,0.00016229276462407038,0.00016235987353629923,0.00016226909380784673,,0.00016209231106375968,,0.00016216788595132918,,0.000162068246985861,,,,,0.00016193448845920537,0.0001625864878742003,,0.00016188514540033697,0.0001624125258694718,0.00016181665300238975,,0.00016190597773447992,0.00016261105030460811,0.00016220689507304026,,,0.00016216304010821577,0.00016250762103433664,0.00016216518630981632,0.00016247332249812657,0.0001617387228851525,,,,0.00016222178011713356,,0.00016222459846017235,0.00016176453338702563,0.0001618089878326332,,0.00016199941500860863,0.0001617691934017208,0.0001622231713427278,0.0001623103249464837,0.00016190127121445635,0.00016199573993891486,0.00016225099412792127,0.0001620102796033102,,,,,0.0001620835591694424,0.00016248753435829286,0.00016172777980408257,0.00016302795320982303,0.00016277218595427245,0.00016188732236118282,0.0001624240857830466,0.00016270106478346832,0.00016157637827114596,,0.00016196921958283307,0.00016192532405549781,0.00016200593212432974,0.0001624439126280905,0.000162338472961972,0.00016226045812104005,0.00016196866797821727,0.0001622710588170124,0.00016206707051741803,0.0001629227388843814,0.00016224393029574683,,0.0001618611975911526,0.0001625243170315456,,0.0001625726844130225,0.00016224685959250257,,0.00016211395259166784,0.00016188108729455803,,,0.00016222771241530427,,,0.00016172630400143254,,,,,,,0.00016277604271658147,,,,0.00016218467418964826,0.00016254767446114207,,0.00016189940430405043,,,0.00016218739695471223,,0.00016205140111042122,,0.00016226895818386843,,0.00016183003093221644,0.00016238858161479836,0.0001621452756014294,0.0001623872663235372,0.00016257338673074972,0.00016200027224242712,,0.00016214623453448575,0.00016203930112238844,0.00011956538654431657,,0.00011990808328931127,,,0.4714285314169175,0.09502204399750502,,0.09467025847946885,,,
4,4,DG_8pct,16,Z02_F06,2,LL_AB,246180,253842,True,35539.09039529398,741.6367842034325,739.1901760179164,328.6833187355201,331.61010398603275,51.19499059560396,6.651818682539666,232.8556102520534,247.51703112662403,97.77160163156859,97.26605649029476,64.2286667074784,2.124751482250708,5.239693798614531,7.9008360741534815,6.740942785747357,42.53259280024622,9.1408770723291,22.01625828896072,74.22025802746661,,0.00027206214929083355,0.00027201501110738743,0.0162292990013457,,,0.05014732385871523,0.0001613363854449745,,0.00016144505412091537,0.09378391978293518,0.09462530201553992,0.0948776664514689,0.09481618788485979,,,,,,,,0.0001614597323299401,0.0001617688219976166,0.0001614297205148427,0.00016131638892419916,0.0001617381210240234,,0.0001591411591663644,,0.00016179181740341508,0.00016186424781103144,0.00016156216166675797,,0.0001615223160702631,,0.10357722676499867,0.00014378589410059394,0.00014385426539788895,0.00014413697701492838,0.00013631748539111717,,0.0001360931612685533,0.00013658766702915072,0.00013633913883644987,0.0001361671490048803,0.00013620995686883065,,,0.0001368353030255811,0.00013641830493420134,0.0001362882728828086,,0.00013630950791785018,,,0.00013663734538373165,,,0.11228079607686753,0.11207768878680263,0.4657584660075424,0.11422282051219174,,,,0.11400522726620756,,,,,,0.1144470123382933,,0.11421457897724609,0.11435782778364902,0.11424384076208577,0.11438719309000987,,0.11407129528124153,0.11411327254487785,0.11464911768164607,,0.11423605035572561,0.11449589270999541,,,,0.00011219628391554177,,,,0.00015017643203537538,0.00014806880394842864,,,,0.16438175755974266,0.16459004325358748,0.1643961123687974,0.16441211715207033,0.16457260807086235,0.1646329596132399,,0.16408188924892525,,0.16430200475804024,0.16422118344160097,0.1646567389466352,0.1642045381308393,0.1641457942451156,,,,0.16472226190896963,,,0.16432448450447104,0.16471702889363687,0.16442275825158312,0.16464307055141247,0.1645112115044545,,0.1645461491113539,0.164860389767638,,,0.164941855216388,0.1647348106221787,,0.1646358930681146,,0.16383339300982025,0.16483110931334835,0.16421966166517812,0.1644233626984336,,0.16429933611819272,0.16436058129148096,0.43621519296187766,0.43541589908761597,,0.4345694492829543,0.43495345203594615,0.4349260495982361,0.43606565973079214,0.43455278679107684,0.4366983382028121,,0.43574168303683725,0.4360508898006453,0.4351800336832728,,,,,0.4346125146158294,,,,0.43472793860056813,,,0.4352155423698581,,,0.4352291446523648,0.43516477752646515,,0.4343722278936799,0.43490098524967374,0.43548690839117976,,0.4359602337467689,0.43554594270484837,,0.43512050632360594,0.43473675657331523,,0.4346878875105956,,0.4344799321309102,,0.4357398562238841,,0.16491580745533685,0.16509522415042685,0.1646430018141318,,0.1651341158257283,,0.16511232609173887,0.1649103792765836,0.16440433927456563,,0.1649484105773956,0.1645138910649988,0.16474230174445606,,0.16467372727739135,,,,0.16528562107420766,,0.1647741715223538,0.16478681631339306,0.1646878319225933,0.16480917310820556,0.16425241794699283,0.16456461378893342,,0.16458336615077762,,0.1643316146752316,0.16374116718949208,0.16442842701137667,,0.16507956994761988,,0.16463158237489223,,0.16465293568601536,,0.16477532389399288,0.16437094529315613,,,0.16472203128564233,0.16409723682560906,,0.16487498973577594,,0.1647194577373736,,0.16445950578265817,0.1644817037316258,0.00014823255072840538,0.0001483092947984551,0.00014842621673300893,0.15619794612447874,0.16241797143730607,0.0001531937872530759,0.00015328102461763975,0.00015327354247517263,0.0001533092979878278,,0.00015286653605156594,0.15332087764441293,0.1534117787907575,0.15359019076072913,0.1533317480196944,0.15341988898351808,,0.15336093166582837,0.15333256324980027,0.15323171743637937,,,,,,,,0.153611455145424,,0.1533588683848248,,0.15316541655736718,0.15332737809123492,,0.15381732880245358,0.15335436336379968,0.15319868955855243,,,,,0.15336043562661034,,0.15369067240097692,0.15329804616071857,,,0.15366529796121467,,,0.15325756535291118,,,0.15586195086680782,,,,0.1556934616860958,,0.15552731041833598,0.15536077641399437,0.15521877867847514,0.1559655265568239,0.1554227358327138,,0.15506646979144406,,,0.15544372768062356,,0.1556217970811786,,0.1554071605068411,,0.1556561007778636,,0.15495633100208242,,0.15564808084355755,0.15561311341579595,0.15585253686831993,0.15501822741516877,0.15516334562232365,0.4446508218158532,0.44465478241045037,,,0.4453567227263868,0.4454451780926113,0.44461126763580616,,,0.4455616501148355,,0.44456678201498956,0.44321173455262886,,0.44334886036854343,0.4428733538475485,,,,,0.44280003144834895,,0.4433496662529108,,0.4442868466609391,0.4427768127086969,,0.44624388681784277,0.44529981991167294,0.4453440502702175,0.4455349284187585,0.44576786687298503,0.4456592551840009,,0.445786710108464,,0.44445829353553373,0.4440191874756517,0.44545153715186686,,0.44606091785446217,0.445675553906788,0.44707692163086715,0.44680193110017913,0.44404645989976704,,0.4452523568928463,0.44678608295666905,0.44451754603492966,0.4453651465809719,,0.44453801897451,0.4454837024124645,,,,,0.4441796504627897,0.44421380505415653,,0.442793737043319,,,,0.4445889984016076,0.4437657997473375,,0.4430520756936948,0.4440820676238567,,0.4431721281057017,,0.4437653380998752,0.4449510370576405,0.4444667433476267,0.44317823492179487,0.44397753116954913,0.44302741592597983,0.4446014344922097,0.4445262136607704,0.4441753275793995,0.44332097026031775,0.44318649298651114,,,,,0.15254065897512367,0.1526400371311566,0.15229700285581638,0.15268751573997938,0.15281265696038346,,0.15254170446642423,0.1523844749817909,,,,0.00014977368921761293,,0.0001501707104948073,0.16261362061404738,,,,0.00015201997265059492,0.00015207879730491742,0.000148641895925854,,,,,,0.1763451050540008,0.17666825173218298,0.42491598301137407,,0.18140096295305566,,,0.18323330213950564,0.42423007189623696,0.18372546644888307,,0.18369499122753893,0.18410933048161882,0.18371546403451283,,0.18401350484731036,0.4252233059754386,,0.1862275467024629,,0.0001445919759663413,0.00014440431721962188,,0.0001442591014206221,,,0.0001442764673445747,,,0.0001446050159535838,,0.0001438958039943638,0.00014436829963769803,0.000144477411243232,,,0.0001445119756001429,0.4274899174124077,0.42583798057212424,0.42716194237122906,,,,0.19249449851437,,0.19227515483502655,,,0.1925238587176453,,,,0.4250097075286133,,0.4275876543256529,0.00014640680083299887,,,0.00014663631725158832,,0.00014636213547825243,,,,0.00014670031600383252,0.00014621728411108034,,0.0001462069931089301,0.00014592693517943102,0.00014617896341557205,0.00014645124304689367,0.0001468711673403593,0.00014615885121203182,0.00014664638422879475,,0.00014645271702077672,0.00014651668597754968,,0.00014640156696003588,,0.00014614837316044314,,0.0001463204142359533,0.000146030523217019,,0.0001463357815988915,,,,0.0001464345204533007,0.00014600285260136774,,0.00014595458990629645,0.0001466574174674911,0.0001462695262760242,0.00014617609656452968,,0.0001461757932504122,0.00014615087928356287,,0.00014653217328425524,0.00014654076169779475,,0.00014678832119473896,,,,,0.00014614708508214536,0.00014634050104585898,,0.00014665949263098022,0.0001465954474024005,0.0001463965531903916,,0.1461773403733249,0.1463931899023637,0.14582462358564519,0.1462752208143569,0.1462220385723902,0.14564476050318348,,0.14594515530619168,0.14585633343367993,0.14543414214610886,,0.1458875995199072,,0.1456877491986895,,0.1461390376341041,0.14553398542022195,,,,0.14547543592329357,,0.14624694670490795,,,0.1457121355249285,,,0.1458553646134453,,,0.14610959785445157,0.14600194307550463,0.14625775429778493,0.14564587509820584,0.145959533208259,,,0.14591059995480954,,0.45055421355553354,0.4511823503774239,0.4528508541605059,0.4506604596829851,,0.4518844560247936,,0.4513521005523818,0.45196890436974635,0.45165896097619945,0.45195992723552175,0.45141358393884057,,,,,,0.14623613624638188,,,,0.14601083452053212,,0.14611510705175704,,0.14393223216689924,0.14529373739638615,0.1457906319230995,,0.4515805014200986,,0.45186976952371344,0.4521561847581286,0.45276660032528415,,0.14601468199061868,0.1460575071212487,0.1460114773780202,0.14605259115350278,0.14566023972369688,0.1456767822960516,0.14589022826630618,0.14552296194627812,0.14659031001792067,,0.14605412406338744,0.14597552247659443,0.14607583661809545,0.1463470394599723,0.14605357981424028,0.14566502410753157,,,,0.14612377244820796,,0.146437130334532,0.14571025378582467,0.14566302684771754,0.14569963266030111,,0.1465873862374636,0.4522777027557862,0.4525125538125767,0.4531281929244423,,0.450925049243813,0.45197643566254647,,,,,,0.4507196646870048,0.45219794195649543,0.45040188622409905,,0.4519074776003953,0.45194874800557294,,0.45258260647434206,0.45132455245920494,0.45179067093384423,0.4521532909386508,,0.4533705459745911,,0.45052698431805505,0.00015446421679563306,,0.00015477063013182902,,,,0.11031153447259215,0.08421719945946192,0.0001461409630544954,,0.00014662021235724442,,0.00016220516171637248,,0.00016205032086485108,0.00016202685300607467,,,0.00016218103992006794,0.00016151146306506284,0.00016210436737889948,,0.00016218413476264197,0.00016196624043015394,,0.0001623631286391598,0.00016255427167682172,,,,0.00016194167014309317,0.0001622291828957605,0.00016181141910894139,0.00016218999947040686,,0.00016209541774055402,0.0001621333796493302,0.00016236019933683324,0.0001621147085628975,0.00016251590989565644,,0.00016174220537321467,,,0.000162075096850034,0.00016243443367515848,0.00016249055883912235,0.00016214255577892434,0.000162314649667506,0.0001625717382503155,0.00016220916534998603,0.00016179632315565674,,0.00016216520225760815,0.00016185203113389622,,0.00016205093283180416,,,,0.0001618845964064644,0.00016210594355349663,0.00016196658159821201,0.00016272429927839872,0.00016241481826908356,0.00016207793125516765,0.00016257415668660934,,,0.00016235878447161406,0.00016225638862929503,0.0001625171828574953,0.00016205678948456973,,0.00016215583841334307,,,0.00016261302904639423,0.00016206353981004996,,,,0.0001618445027818651,,,,,,0.00016168857066966392,0.0001624718516223692,,0.0001621357045018819,0.00016205969315859748,,0.0001617131326027586,,0.0001627446754450719,,,,0.00016225500239693802,0.0001621206847139818,,,0.0001621481183439677,,0.0001627517368773608,,,0.00016246647047405354,,0.00016212048683511953,0.0001621393366603943,,0.0001625429503312738,0.00016204733688022086,0.00016210381020432098,,,0.0001625202730325864,,0.00016238189529714717,0.0001629027026296227,,,0.0001621859753451781,0.0001622348136995576,0.00016204580123270034,,,0.00016259232533304146,0.00016164260066512396,0.000162062317084918,0.00016236725912724452,0.0001623391121820026,,,0.0001622179304982374,0.00016212568442806755,0.00016186976866497797,,0.0001617316311685863,0.00016187497433923056,0.00016216939200078541,0.00016251620300956847,0.0001621157561509772,0.00016227222617512936,0.00016279974978838729,0.00016193194540425903,0.0001621892381095292,0.00016227003334272192,0.00016204672808167614,0.00016211412444803417,0.00016199333726909907,,0.00016254573486602203,0.0001616640630200052,,,0.00016211401798590537,0.00016170411210763766,0.00016228442940979275,0.00016180726310666222,0.00016201415779985284,0.00016219932751448084,,0.00016256580111662786,,0.00016244803482732062,0.00016293541597269873,0.0001623185429578196,0.00016235807400706968,,,,0.00016284337429664752,0.0001626746958190923,,,,,,,0.10769869348272719,0.10777808603446372,,0.09478600276840972,0.09474700223481916,0.09455341777016381,,0.48005969222773315,0.48099167394269227
4,4,DG_8pct,16,Z02_F07,2,LL_AB,202135,202181,True,24291.65665538379,1118.3640650021055,1123.794906342733,491.7479752697065,488.5338977792172,77.6128681784296,9.437927753604589,337.0269004935219,358.7153287841883,140.39491152095067,141.16057214069053,92.76315813448927,3.034581465889378,7.455663301127374,11.417821103341815,9.532125560092405,64.46073710356947,14.699421742261972,31.086375509873562,108.53186218686008,0.0002548467542623653,,,0.0014593577805933253,0.001097502577740927,,,0.00011885838566186797,0.00011900789012676287,0.000118988271080117,0.12178350737836618,,,,0.12267288360226294,,0.12284229676548057,0.6903792601652569,0.6912817018532693,0.691222673333595,,0.00011897784651149889,,,0.00011741286787054697,0.00011765609517229427,0.0001160643475574616,,,,,0.00011807055197692134,0.00011806363418807982,,,,7.369459014447465e-05,7.387371515379824e-05,7.358079199814622e-05,,,6.354767675687323e-05,,6.365666576431823e-05,6.375043765382546e-05,,6.381090222736987e-05,6.370986886306889e-05,6.388497412327465e-05,6.392982735107054e-05,6.399265658078218e-05,6.387544692367096e-05,6.397225619300242e-05,,,6.386767553587547e-05,,0.1490056117123064,0.14953038626408563,,0.6677943142313663,0.15239298180792343,0.15274135193855068,,0.1522732688354244,0.15251941880958625,,,,0.15295284199089135,0.1526454636847209,0.15232528955229654,0.15274878077228426,0.15245422140027878,,0.15230361441090554,,,,,0.15262115014359387,,0.15252421432088997,0.1523554343918441,0.15223469301811737,,4.961325239120466e-05,4.979372474782314e-05,,0.00010661671824610785,,0.00010657402631688155,0.00010166566198845462,0.00010168320604392583,0.00010151534397674062,,0.22875168399999035,0.2284342186734609,0.22848800968846958,,0.22832562529730557,0.2283332191750699,0.2285603288649305,,0.22836813050072036,0.22832996952209433,,0.22810248492821192,0.2280116017114103,0.22866073917755655,,,0.2284766373027284,,0.22826662290344799,,0.22869432642542878,0.22943287828949852,,0.2283505533461219,0.22869781177058812,0.22837635230033665,0.22815842317388152,,,0.22832805592623454,0.2278443185331919,0.22841634878353903,,0.22860893997036533,0.22831860299306042,0.22824123165537002,0.22823062690888268,0.22792925956985297,0.2282176124551665,,,0.22845687610347212,0.6192807806610192,0.6194888723408708,,,,0.6202730426278741,0.6189085593592789,0.6198566713240284,,,0.6207840229488812,,0.6197682651514405,0.6199150089338078,,0.6198076977108053,,0.6200765415645119,,0.6200272128254293,0.6186437567904086,0.6179307928648069,0.6197972060023684,,,,,,,,0.619042204518506,0.6181911282457065,,0.6168985540040647,0.6176362762556216,0.6194539310826257,0.6184957789367969,0.6190278726246239,,0.6193802459983432,,0.6217919960293329,,,0.6193277201607201,0.22787404250613494,0.22840354042117222,,,0.22861796710013924,0.22824830165276208,0.22910787199762464,0.2286308342888346,0.22892522009676494,0.22773590790594414,0.22880878339354355,,,,,,0.22881120184562695,0.2282999493167184,0.22880431701534995,,,0.22886586920129923,,0.2283900298517379,,,,,,0.2277051568254699,,,0.2278272020182023,,,0.22918670715104172,0.2286547280205536,,,,,0.2289113938846417,0.22775363133610213,0.22829057835821134,,,0.22834833288046022,0.2285150137040545,,0.2285759033859346,0.2280620327352929,,,0.0001236127502736225,0.00012318709242430418,0.00012338375755101226,0.21574073405104677,0.2250009520992377,0.00011903432389355927,0.00011865782524619332,0.00011913541564420666,,,0.00011912407455841338,0.21130926533307212,,,0.21140423737504563,0.21068661712935938,,,0.21121902353063318,0.21113062220520668,0.21149197040779297,0.21098819343481037,0.21146586818321886,0.2114571143879587,0.2120824160088003,0.21115076996459223,0.21149516290286116,0.21120952538510607,,,0.21126308268656094,0.2115986632169216,,0.21166379642913735,0.21117912351077694,,0.21115199719474334,0.21074701075781216,,0.21132579981333596,,0.21129393085365097,0.2112378889566144,0.21134639077002826,,,0.2112985775734098,,0.21070940748623262,,,,,0.2146621334420958,,,0.21472707128770535,0.21447749225016605,,0.21509731617517477,0.21518753865771045,,0.21473212688431914,0.21422918051200496,0.2150169580523762,,,,0.21461902941234526,,,0.21492885526687805,0.21428208127112108,0.21463961882475208,0.21454039599410243,0.21495174362292946,,,0.21471575702198642,0.21473882519421505,,0.21430653776224906,0.21460724036112802,,0.6371308094900704,0.6351124801525643,0.6343152351886655,0.633932486231755,,0.6361866873922679,0.6368474860716795,,0.6363210782091645,0.6353120608448177,,,,0.6316454927376255,0.6336408901740055,,,0.6321200043075935,,0.6326777377259428,0.6320225594589344,,0.6321106728255046,0.6301608862492609,0.6324350858072387,0.6356080256088109,0.6352243892292312,,0.6339443170224469,,0.6350499942427408,0.6346161398338306,0.634742574563184,0.6334118251637119,,0.6347356230424644,0.6350422809330609,,,,0.6354839979281336,0.6356971761342897,,0.6363617793721803,,,,,0.6358363562368102,0.6356740786284002,0.6370072733751593,0.6359677682856469,0.637180180583482,0.6353592437683936,0.6356902353660847,,0.6317187244952379,,0.6307441282666058,,,0.631650316253397,0.631907779571844,,0.6320726952470104,0.6318581986930094,0.6310699863197854,0.6326005804675895,,,,,,,,,,0.63128172330621,,0.6317499388472937,,,,,0.6331142865051408,,0.20999626836531654,0.21078180943888397,0.2100180622843618,0.2103979689887775,0.2097863682782722,0.20972913056550643,0.20947397405395543,,0.00012145676823670568,0.00012166358896103603,0.00012179397532724311,,,0.0001215988892592094,0.22555366295500426,0.22635697874667815,,0.0001179053638909144,0.00011827921435380757,0.00011835636862734091,,,0.0001152965647971591,,,0.00011218713701105748,,0.2467267771865249,0.6017149895190786,0.25310514584696814,0.25396303294672834,0.6038010653993736,,,,,0.2578248314480983,,,0.2576646743962258,,0.25850594976123187,0.6047275569535829,0.2606576337094718,0.26067560306093196,,6.314019071575143e-05,,,,6.303515774028277e-05,,,6.314814133095765e-05,,,,6.31813962262328e-05,,6.315091881245318e-05,6.32802639159396e-05,,,,,0.6049162800574531,0.6050855470543611,0.6064990144896826,0.6023765138451223,0.27010485845296855,,,,0.27054958262340856,0.26948194131095937,0.2708214294956308,,0.6043746347112936,0.6052988315138979,0.6044256393211892,0.605114099285283,6.535890090999791e-05,,6.511897403229144e-05,6.533475408623507e-05,,,,,,,6.511216462623529e-05,,6.502153533919619e-05,6.518486182363454e-05,6.525911745951348e-05,,6.491563689012915e-05,,,6.505484298011276e-05,,6.513938184029826e-05,6.500477279664887e-05,6.519301337109083e-05,,6.516023597970627e-05,6.472639649617566e-05,6.498480742607862e-05,6.497477249006067e-05,,6.499028500303617e-05,6.515682572828338e-05,6.484282202567421e-05,,,,6.512614785064023e-05,6.51077971415972e-05,6.505693374821854e-05,,6.49591312055459e-05,6.511797449220013e-05,,6.503820192448707e-05,6.515935897369873e-05,6.49439442800209e-05,,,,6.490634317760842e-05,,,6.500933356564697e-05,6.49273851264236e-05,,,,,,,0.19978968565614752,0.20025608990710472,0.19991885259508002,,,,,0.19999398602470808,,,,,0.19935703376697217,,0.19980144658210464,0.19976387265737033,0.20023807239307062,,0.20029680543189163,,0.19969110572166052,0.19984569398534488,,0.19997164152799535,0.19964283655015705,,,0.19935414795211542,0.1991954465039562,,,0.20024431743289137,0.20033535568028857,0.20021698776513105,0.2004133831070046,0.1999214044131718,,,,,0.6434675288641465,,,,0.6432580857097345,0.6445846284592553,,0.643818156318367,,0.6450798925436124,0.643404681556551,,0.6447870138374139,0.1991994862553604,0.1995405887390563,,0.19924374975001297,,,,0.19934655094446635,,,,0.19940125381848614,,0.19885827895227023,0.1996512544361748,0.6434492462786011,0.6452821851312677,,,0.6441161954004649,0.6431385194887955,0.6458469718218456,0.1995563332660593,,,,,0.19980936475378863,,,0.19973829906143692,,0.1995603772043721,0.19932671068607902,,0.19994777917375953,0.19958197636781333,0.19993032848276848,0.2003292637387071,,,0.1993693366890802,0.19963816816426672,0.20025720090339222,0.19951745884426977,0.1998858203027752,0.20045688390117503,0.19925862800966077,0.19973843072097114,0.6443328492816601,0.6446389139021022,,,0.6459002080961762,0.645771722607387,0.6457029528658524,0.6443831417106051,,0.645415416939165,0.6422231263639109,0.6442773525031433,0.644485165946569,0.6444288593835668,0.6448793963206657,0.6439226283273681,0.6439904342887713,0.6438077991538852,,0.6463646879230744,,,,,0.6464792549240691,0.6428163921522534,9.382452841168583e-05,9.427189158736332e-05,,,,9.422097297883054e-05,0.146395622225969,,,7.494565006231455e-05,,0.2642581541758367,,0.00011946774782016305,0.00011948136665311094,0.0001195253844364774,0.00011984942368515002,,0.00011912668990210219,0.00011922299757152536,0.00011955293215638402,,,0.00011952202604449498,,,0.00011976517974978929,0.00011947705888718027,0.00011968994468186377,,,0.00011966068755408088,0.00011948612311097351,0.00011946096051244249,,0.0001197323878587002,,,0.00011930767632297512,,0.00011955130617038902,0.0001190872547865736,,,,,0.00011946361586800288,0.00011922478723027672,,,0.00011969843113936124,0.00011966201581245446,0.00011952871982954147,,0.00011947468193344961,,,,0.00011974218535168533,0.00011959494646097633,0.00011953861039754789,0.00011935864260967227,0.00011962390504335145,,,,,,,,,,0.00011952854779716386,0.00011929005189889477,0.00011970718816083431,0.00011949331830174399,,,,,0.00011950292826915429,,,,0.00011993611526012745,,0.00011952390673749772,0.00011940448549347249,0.00011947358508751095,,,0.00011939541674712547,0.00011915241466832083,0.00011971875374767446,0.00011936253314429748,,,0.00011947729787389113,0.00011944901909724501,,,0.00011958374593626421,0.00011981847626199598,0.0001194560159583731,0.00011939096805704176,,,,0.00011971029772879109,0.0001193297121245931,,0.00011949595950403868,,0.00011985223802660772,,,0.0001193307605024615,0.00011968258593748378,0.00011959552522293658,,,0.00011958503241895294,,0.0001197537122934798,0.00011939538875642476,0.00011963216767301367,,,,0.00011920098661040093,,,0.00011938541080319127,0.00011969911513585183,0.00011974044636792782,,0.0001190054758767393,0.00011944575091696497,,0.00011934001215472629,0.00011964143345197195,0.00011967858336815164,0.00011937015169501376,0.0001194601888696567,0.00011959597122584099,0.00011969162431883597,,0.00011931237082330934,,,,0.00011968269624221878,0.00011948945067961908,0.00011973171955370877,,0.00011945147895461594,0.00011949144948917853,0.00011923832533322036,0.00011959399963873937,0.0001200404505895221,0.00011968501415189697,,0.00011933590046980303,0.00011942838423056405,,,,0.00011975468395937596,,,0.00011936747868241455,0.00011937006725138646,0.00011959349631934293,0.00011946354114602474,0.00011910635745468992,0.00011983783329492424,0.00011956059301633802,0.0001194334293908303,,0.00011973642468008117,5.140216433839348e-05,5.125263184394739e-05,,,,,,,,0.12263870411022605,0.6916076282959949,0.6903667137931987
4,4,DG_8pct,16,Z02_F08,2,LL_AB,150394,157345,True,21638.998499091984,1105.6027648509769,1107.6163093438126,519.9315894832769,522.9667763814747,77.33358343151308,10.530733458993993,384.97958071413956,400.8012712815358,159.98037138502377,161.18012501844615,105.67244606109523,3.527376794979727,8.161482504745283,12.551373879319033,10.771272866021214,64.7885322770775,16.555376499957372,34.27784481823544,120.21737943695241,0.0002428496990989045,0.00024233301893982745,,0.0976034095061263,,0.8109644466239794,0.12041437656613792,,,0.04568463800395636,,0.17451498198410006,,0.17425418037250592,0.17893989156678,0.17872270474438615,,0.7150215370610906,0.7159214823196632,0.714643787134615,0.04582807302980834,0.04572970068323254,,0.04598853164734109,0.04591937594771412,0.045934642478313276,0.04533502081915333,0.04525218222797859,,0.04589427169405435,0.04605872768541951,,0.045989096337297586,0.046034582261200226,,0.18190280537832634,0.045383804743409334,0.04544736523563537,,0.04624895281717394,0.046396552112014044,0.04625595037910665,,,0.046410367443464086,0.04640630241087011,0.04658733950432157,,0.04657569569908296,,,0.046524792849944034,0.04642316678388014,0.04656294931464434,,0.046426774037578215,,0.19283629119972498,,0.20094264989178492,0.699900758676613,0.19590208485517566,0.19625049224028346,0.19624974222319563,0.1964745609461553,0.1960516157168049,,,,0.1962562961625808,,0.19534546233548625,,0.1956105534406464,,,,0.19586363431662074,,,0.19618003994676528,0.1960249489914861,,,,0.04629881223044234,0.04615577540469638,,0.26886680426398657,0.04765834424604543,0.04775829546352877,0.047762336289665905,,0.047696265559037755,,,,0.25775264029158973,,,0.25773558219410003,0.2569972422598877,0.25687939080632916,0.25720009952903655,0.2572975356132585,0.25719262566614076,0.2573114292027541,0.256623017065624,0.257238967906106,0.2567856603813062,,0.2570438038787357,,0.25743118997767356,0.25738770286225726,,0.2581910319703871,0.25761095610884815,0.2576312438589516,0.256942938598848,,0.257456889861627,0.2572780032324696,0.25708644962763644,,0.2572945421943234,0.2576518737047767,0.25721055071992743,0.25718802352705994,,0.2569017165569703,0.2567565800258365,0.25669631926402053,0.25828505980448774,0.2565344584038184,0.2567744738885909,,,0.6624467615860404,0.6607342121469842,,0.6590785444029023,,,,0.6605066625402405,,,0.6594059028773267,0.6609471777220312,,0.6619090580004268,,,0.660849231656692,,0.6614763832193391,0.6613468829896898,0.6607625352875465,0.6601275697423199,,,0.6605799644419026,0.6606076642170616,0.6630181186577317,0.6594437440892745,0.6601132698876944,0.6595580588126894,0.6608546345842006,,0.6593743758342352,0.661624558557408,0.6611948465026465,0.6600630030766375,0.6583929433839522,,,,,,,0.66118580761951,,0.2711146177570413,,0.27035965785732285,0.27045666567347487,0.27052338898733025,0.2703955028070308,,0.27084908761029314,,0.2705198666572149,0.2694025747764357,0.27065480671147746,0.2703734871077868,,0.2706394776403516,,0.2703922317873568,0.2705345109682312,0.2705919855894296,0.2697272066460565,0.2710950891136829,,0.2700827555423026,,,0.26951093371243195,,0.2699127062233297,0.27052208608232325,,0.27011078095185187,0.27064447419493903,0.27041791047110364,0.2692615254694137,0.2703998093274768,0.2699841957193322,,,,0.2700212195186544,0.2702785138178048,0.2707715181500311,,0.2697235413562362,,0.2706729537413005,0.27029005168943043,0.2699285991677573,0.2703303287114634,,0.2700192547674935,0.26980402297266265,0.27029698056323015,,,,,0.25408107912884814,,0.04797179448259285,,,,,0.24312020234726117,,,,0.24328857696651982,,0.24304365261651445,0.24353101810238184,0.24372400359305518,0.2436023827895818,0.24257982286535681,0.24324226215457054,0.24315638549209698,0.24196052210457042,,0.24321469515616168,0.24277122574939108,0.243339723829863,0.2438310694598888,0.24297557506699163,,0.24286323386808883,0.24256178711328202,,0.24221954845573063,,0.24263259979795143,0.2431091975756611,,0.2430541666157354,0.24273215772304804,0.24272334100109058,,0.24267706617887594,,0.24283612860185946,0.2429477394923452,,,,,0.2462225108498849,,0.24626728421432723,,0.24593961590908656,,0.24606690378495405,,,0.24565379458562278,0.24618744720011504,,,0.24658343434830454,0.24570211733138805,,0.24571162166771698,0.24531505664307224,0.24637386491501626,,,0.24543585875002563,0.24631587131656607,,,0.24517606167174902,0.2461999758741741,,0.24603564369009792,0.24660684025782595,0.2463298846281334,,0.6732519905538833,0.6733639814489334,0.6745822092021282,0.6753680240214619,0.6757035439312019,0.6728556814726,0.6748933886340891,0.6723410324211129,,0.6735973777567942,0.6704970331585297,,0.672468989751101,,,0.671827249599103,0.6733711083107575,0.669250945223422,0.6733607901185606,,,0.6702387442686513,,0.6687374404314994,0.6699150796344003,,0.673291545020101,,,,,0.6732404731105817,0.6749386470904598,,0.672577231225841,0.6718773392313391,0.6733900995204904,0.6754835321750594,0.6748656724780516,,0.6753439801838365,0.6744260874069464,0.6755520269670473,,,,0.6749980766846203,,0.6751947077238301,,0.6742826811622264,,0.6742176246283619,,0.6756728476647942,0.6746866345044716,0.6708924013670081,0.6725447617264644,,0.672059570996743,0.6701412521871117,,,0.6710092046412655,0.6723221077277121,0.6712762560264494,,0.6724966107908319,0.6709031282595802,0.6720284185328379,,0.6716472514590411,,,0.6701993860208297,0.6704376952775392,,0.6702982180667617,,,,0.6705708854627289,0.6711222566375029,,,,0.25359323306105536,,,0.24166477002605288,0.241689012464076,0.24151562810676946,0.24125806508918854,0.24153223105643853,0.047131703871143064,0.04704571773835049,0.04712158579415861,,0.04709653704636907,0.04712602554590193,0.2549191444972858,,,0.04763214745113046,0.04755694494352539,0.0475824008892854,0.046475478656038446,,0.046542327613888,0.0452516082202924,0.045079983577673774,0.045124340015653505,,,,0.27926904740503794,0.2925637975037688,0.6487625789344965,0.2809754400507398,0.2958702064842892,0.6508174069537958,,0.29567570348588457,,,0.2956682092984713,0.2824224203729107,0.29665298708759663,0.6518178026116244,0.2998108048728289,0.2999064974126245,0.04917702108076663,,,0.04895519218238645,0.04899561292164271,,0.04892317164449915,0.04895916732837859,,0.048947962460418756,0.048976739040566715,0.04898091511350815,0.048881226719141885,0.049095762670812726,0.049027716527841665,0.04913578662015914,0.04899149989356285,0.049142021645193365,0.6506375341199487,0.6534162401603313,,,,0.6512085108624492,0.29350001340052767,0.29302935016431364,,0.29374363273854615,,0.3081566193946545,,,0.652981465359594,0.6552910962828842,,,,0.04970197471982823,,0.04972094599193453,0.04963243886598695,0.049538307322647426,0.049561921292958534,0.04958172490541453,0.04957182514616937,0.04957653407673775,,0.04957316669676338,0.04969295298598136,,,0.04955882030779571,0.0495899360304102,0.0496689396770668,0.049365655228529766,0.04966674490755208,0.04974384921017532,0.04962725264359944,0.0496629009468479,0.04950014043489055,,0.04957133552191911,0.04948255082985332,0.04954805311103187,0.04960601050393277,,0.04958505336840032,0.04941547294816121,0.04965812909541767,0.049507078850320754,0.04953527110363167,0.04956578138147732,,0.049559095034368644,,0.04946444619077026,0.04965044705422646,,,,,0.04961673255011663,0.04971567315330879,0.049821416887946376,0.049638003278918555,0.049644244987429156,,,0.049623537389207974,,0.04958875577808548,0.04946695314627248,,,,0.049726934806754566,,0.2466119830655152,,,0.24517092462033543,,0.24679769813668007,0.24584579598501533,0.24516206525994205,0.24575307654948947,,0.2456707868460887,0.23342172640187578,,,,,,,,0.23337881288780452,,,0.23257262832394088,0.23285145074980296,,,0.23238466576838157,0.233279428499553,0.2332101079022324,0.232952945322478,,,0.2458749810396258,,0.24515839708915674,,,0.24655563219317633,,0.6831637627531518,,0.6825548680296256,,,0.6808356649412879,0.6831910410674947,,0.678979036762028,,0.6817658510778941,,0.6802899180401307,0.23313840191787688,0.2327809521517483,,,,0.23302256382570247,0.2326588949713004,0.23309923304352675,,0.23270533687559788,,0.2327772524468451,0.2293738828322353,,0.23338019516653546,0.6825360437659148,,,0.6784407189025456,0.6840643122806129,0.6822302950277889,0.6828033035020756,0.2459392857793912,0.24547171478576504,0.2452346835042083,0.2457207589113894,,0.24560615398484423,,0.24567754870932051,,0.24506408351722261,0.24648526898521464,,0.24591992919299183,,0.24612756181982098,0.24625192917872385,0.24642240867841533,0.24586650873741642,0.24565675083197464,,0.24544656031011586,0.24647893431847157,0.24667121858261631,0.24562170716672646,0.24561864463806085,0.24613236554811005,,,0.6829281495109002,0.6823804125538816,0.6811486244257077,0.6834307788176084,0.6824161233345538,,0.6812882611301451,0.6838489379307735,0.6844486005517536,0.6815139222855326,0.6807500423794107,,,0.6820456249579295,0.6820150184057392,,0.6806759931008876,,,,0.68372437172943,0.6804425651140281,0.6814865208282183,0.6819174339735208,0.6826428379832381,0.04818063801225347,0.048288572611533055,,0.048172375444230864,0.04818178394996585,,0.19843268412566517,0.16458088039070395,,,,,0.04606225906320233,,,0.04599154175477554,0.04587412465014095,0.046155540618217576,0.04600300842996282,,0.04596196152819096,0.0459982907397435,0.04602064977267945,,0.0459804182516775,,0.04590648888417708,,0.0459740571072661,,0.04607537547490359,0.04615444611432124,,0.04610783650568978,,0.04602726045982214,,0.046004454545752915,,,0.045917463078370364,0.045990388126651065,0.046103160199207564,,,,0.045949936104433396,0.046100636519102185,,0.04593651746290087,0.04609219136121134,,0.04600593325124218,,0.04593684331435428,0.04589775439436642,0.04602630719983967,0.04611165759558032,0.04584812785075686,,0.04593106282441571,0.04605819117779734,0.046150387686474344,,,0.04588594021169785,,,0.045938442720599326,0.045930841700739716,0.0459186429569719,0.04597965355533124,0.04606047204878088,,,0.04602489525708822,0.046010117729071674,0.04594228327548324,,,0.04585125913010938,,,,0.04603547935422571,0.04606674564926613,,0.04600740824409359,0.04612260736239929,0.04616333499465097,0.046078283664830445,,0.04601309334629979,0.04596321058031587,0.04598685052532449,,,0.04606229829733971,0.045915890789264356,,0.046011648327271865,0.04606092808842336,,0.04590470493205175,,,,0.045922536651088884,0.04600171663146052,,0.04610804723166367,0.046066679212351865,,0.046044145575122014,0.04605749452798871,0.04595697890777086,,0.046059120194031314,,0.04610613394808829,0.045990740871472986,,0.04600304214073217,0.04610290766262144,,0.04613177413019416,,,,,,0.046056989578577984,,0.04612782400831994,0.04598168823018834,0.04603378932240882,,,0.0460255061068713,0.04605120011593259,0.04606761333418793,0.04612635871445615,,0.045916856769391945,0.04602843169214213,0.04614718768974935,0.04615055147207541,0.04603547712555032,0.04603283317534884,0.0460243967175366,,0.04593880946287495,0.045993140779898495,,0.04613434868088975,,0.04605189847251005,0.046025321155859035,0.046024472930728,,0.045908316016018,0.04599474300184213,,0.046234830092812415,0.04603498686743093,,,0.04591174995812423,,,0.046091338919666845,0.04612807552046547,0.045969821354071204,0.046016098557665634,0.045947486795554125,,0.04607148032181499,0.045967976443488184,,,,,0.045642567098391436,0.18795055524980092,0.19539584116335773,0.7034003222851553,0.173899345931742,0.1736617045416942,,0.1783151510320982,0.7145840838530103,0.7155690431590819
4,4,DG_8pct,16,Z02_F09,2,3PH,298361,298159,True,15050.08602970991,0.24615714506287273,0.24810947210534398,0.16192408793213053,0.16397201682315515,0.016715410203078387,0.003608713780164595,0.13635292503516963,0.1370647567799477,0.05845259815008587,0.05849609281059808,0.03901242436381601,0.0011614073697276647,0.002832149154636555,0.004201897397159186,0.003948740577714923,0.015200864927094158,0.00580894391707618,0.011984191399758612,0.04028465096853949,0.18495110710698343,0.18467119136371832,0.18501686396986272,,,0.18123574067670747,,0.0002055614200162732,,0.0002052303081722087,0.00020556521088687058,,0.00020738088388275568,,,0.00020812629791012438,,,0.0002082603049987725,,,,0.0002052642147292081,,,0.0002061799136692669,0.00020336524147320583,0.00020347516989011622,,,0.00020655169564884684,,0.0002064537897412691,0.00020623737174829535,0.00020600227205371357,0.00020902632028499442,,0.0002038472360325398,0.00020394313219423158,0.00020810797945885752,,0.00020810199814545806,0.00020850643356721188,,,0.00020809840523444486,,0.00020909319011332389,,0.0002084440380205504,,,0.00020858024644717475,,,,0.0002089612288993789,0.00020791261383254703,0.000208911196063607,0.00020886754507272188,0.00020883583948744282,0.00020936483521246193,0.0002097471101049149,,0.00020947451154488902,,,0.0002090973040485985,,0.00020967912281168134,0.00020869836033344976,,0.0002094622219776204,,0.00020940625441415446,0.00021049632985860938,,0.00020952889655853846,0.0002091471454625464,0.0002091907591358728,0.0002094726238729471,0.0002096998119574924,0.0002091969376596264,0.00020944643453619052,0.00020897462475438663,0.00020789954362872396,,0.00020810042772575595,0.000215071431414954,,,,,0.00021370918902583881,0.00021294796927328488,0.00021609229891506108,,,0.00021645046097969978,0.00021618575060086207,0.0002158547173049585,0.00021601656118324657,0.00021649708738399892,0.00021659481388054512,0.00021595789890097784,,,0.00021639091472443254,,,,0.00021657527673974282,,0.00021586801505632815,0.00021668526451579194,0.0002161503967391854,0.00021700182526928033,0.0002168264631551056,,0.00021627392368297587,0.000216578672583925,,,0.00021641851347137134,,,0.00021588882097447277,0.00021615513353233256,0.0002161888956789508,0.00021589833968398129,0.00021649837130420887,,0.000215455316586311,0.00021589854053038343,,,0.00021632081486598674,0.00021626999858845308,0.00021595831689820083,0.00021674599883744771,0.0002162741211659038,,,0.00021632511135904944,0.00021629883464124522,0.0002157836346122335,0.00021665767377804837,0.0002158146107976708,0.00021613827543284826,,0.0002162531100703681,,0.0002162601959902506,,0.00021610131998648017,0.000216395944844683,0.0002163643260411988,0.00021591317397700262,,0.00021650494329963907,0.00021625877657811842,,,0.00021644052495265161,0.00021613334622554481,0.0002166108314219241,0.00021629420162945658,,0.0002162507476368879,0.00021588016255388856,,0.0002152032109829699,,0.00021625511984580184,0.00021563593499517375,,,,,,,,,,0.00021649592735759009,0.00021686654971576154,0.00021630447755783495,,0.00021634555264251766,,,,,0.0002159681422720701,0.00021668317617916198,0.0002158551338166937,0.00021613204854244462,,0.00021633160254665921,0.0002164254379681329,,0.0002175162116775095,0.00021710091980369753,0.0002169191857981244,0.00021657648203825706,0.00021673454379715287,,,0.0002171637425819673,,0.00021629742811258911,,,0.0002170928935643782,,,0.00021739557361461406,,0.0002162032215687807,,0.00021676103903713355,,,0.0002165353555038566,0.00021627472644553987,,,0.00021655928148388336,0.00021673111965878829,,0.00021611931770482677,,,0.0002158438445740148,0.00021636279378762252,,0.00020844891872446404,,0.0002077958746741039,,0.00021509586128354993,0.0002141448042197079,,,,,0.00021384236735751385,,0.00021631629652978917,0.00021677759358526785,0.00021650462752631757,0.00021652554843198558,,0.00021683133648069808,,,,,,,0.00021609514192018285,,0.0002166202519911269,0.0002164946133294706,,,,0.0002160481022205229,0.0002161957754824675,0.00021598623968406815,0.00021586470567861262,0.0002165082450775657,,,0.00021610136532047752,0.00021588650754565938,0.00021610355216202868,0.00021608679723168498,0.0002160147413994355,0.00021588394049602556,0.00021620973597087786,0.0002158377611368347,0.0002163885825239546,0.00021615498817771235,0.0002155578455464025,0.00021552337885774348,0.00021559681355681217,0.0002159188907233021,0.00021640430879450403,,,0.00021630962539964972,0.00021609032746671474,0.0002174067699541606,0.00021554266794610266,,0.00021623742202561943,0.0002157857010740777,0.0002168513815339559,0.00021608769296057302,,0.0002162208533100486,0.00021660900535927556,0.0002161436629440866,0.0002167316405743891,,0.00021603556890357597,,,0.00021620437827484516,,,0.00021613982668609082,,,0.00021675182723310293,0.00021594459069746753,0.0002159818560236618,,0.00021611520998520735,0.00021596532392810218,,,0.00021560757552453912,,0.00021567572487096685,0.0002157133982333613,,,,0.00021558825047591565,0.00021655685559373225,0.0002153061553365212,,,0.00021558939811409952,0.00021536335736483956,0.00021565278006010366,,,,,0.0002154188143616847,0.00021539544052962163,,0.00021510726062718002,0.0002156688138098169,0.00021563148781919686,0.0002156891827349938,0.0002153763020361935,0.0002153910830484173,,,0.0002153570443313259,0.0002156351177120142,0.00021623009034902143,,0.0002153879407069407,0.0002159196511159097,,0.00021607804242466654,,,,,,0.00021545560853069795,0.00021491851926458606,0.00021521328746049634,0.00021559620017892273,,0.00021589142029836727,0.00021594450774333948,,0.00021535535406678598,,0.0002156843891110756,,,,,0.00021555022191846904,,0.0002158165271040971,0.00021521157223684107,,,,,0.00021583183242314345,,,,,0.00021591098701662334,,0.00021581877415292888,0.00021559061341388196,,0.0002162242389585626,,,0.00021587120697188274,0.0002158016435645376,,0.00021652128701077337,0.0002158196219876904,,0.00021646130621489726,,,0.0002155393524026616,0.00021651081255209985,,0.0002118117700439738,,0.00021106796819905614,0.00021153105545148007,0.00021128653227948436,0.00021147818426734593,0.00021536844224869208,0.00021596573658765248,,,0.00021342733575769547,,,0.0002085962939637667,,0.0002028450584381181,0.00020261609174486594,,,,,,0.00021918958074347358,0.00021909574454394528,,,0.00021926943888795787,0.00022008243135977014,0.00021966047573996396,0.0002209848651528221,,,,0.00022017382462081122,0.00021960481155158614,,0.0002210401879947539,0.00021979332453420978,0.00022015400642805285,,0.00021936279190774553,,0.0002194939723112522,,0.00021988611367097406,,0.00021902193083348304,0.0002196844190392557,,0.0002197015885218621,,0.00021964364641929607,0.00021988443639672613,,0.00021913462494213649,0.00022191801393683564,0.00022322949447818203,,0.0002223271395913673,0.00022199355603425168,0.0002208920935047727,0.0002230768463006551,0.00022322158791493354,,0.00022316755916671415,0.00022335341987139807,,0.000224269879132358,,0.00022312041918090718,0.00022324768518556978,0.00022336870196534622,,0.00022253883283750931,,0.0002221033570245222,,0.0002218313981676719,,0.000222779211070327,,0.00022223557667295184,0.00022254098728374949,0.00022235530860160343,,0.00022183911491750576,,0.0002224950487350108,0.00022238818605805594,,0.00022203827504398794,,0.0002221556069824908,0.00022232863213815447,,,0.00022273556800417093,0.00022198102058923732,0.00022163434645325312,0.0002219653704356354,,,0.00022267922004289288,,,,,0.00022225975654844706,,0.00022195271917470777,0.00022257426890110463,0.00022187511726310533,0.00022220548825333225,,0.000221469906087965,0.00022227272344571406,,0.00022268146056213473,0.00022166092321495128,,0.0002217969386280641,0.00022158848805567464,0.00022266419397540645,,0.00022130122911571924,0.0002222270577632658,0.0002219632221074537,0.00022190923317154105,0.0002224489916092109,0.0002225027710113748,0.00022176849478142187,0.00022182791354208547,,0.00021627216905413798,0.00021604202010189606,0.00021579793436113777,0.00021529324629410908,,,,,,0.00021550048954343322,,,0.000216378935243033,0.0002156773137762615,,0.00021539351913124255,0.00021529600544322407,0.00021578424909577318,,0.00021606273545658018,0.00021487689412655325,0.0002154271815127626,,,0.00021562868757605294,,0.00021514821725270142,,,0.00021548788943743122,0.00021547201727639857,,0.00021552781105334777,0.00021570202425023424,,0.0002158439167415974,,0.0002162358064030391,0.0002159810559154041,,,,,,,,0.00021454105744953808,0.00021476501313725383,0.00021488962337097876,0.00021566148350450417,0.0002145207254208327,0.00021511511950009332,,0.0002149740895041938,0.00021470032686741837,,,0.00021594201389612375,0.00021528733448956489,0.00021521898018512698,,0.00021531176311128785,,0.0002157665493743783,0.0002156846370535903,0.00021276214983254827,0.00021521175406936404,,0.00021570371755949165,0.0002147694256640749,0.00021547391365437857,0.00021546865300732475,0.00021535521916051,,,,0.00021575132338754312,0.00021595507899402762,0.00021590650288248606,0.00021616961930226545,0.00021562762155645892,,,,,,,,0.00021556172359428737,,0.00021668904488872013,,0.000216466562142376,0.0002152839667096306,0.00021598412385765675,,,,,0.00021651787293096257,0.00021562584585280847,0.00021577015291145686,0.00021493373702231988,,,0.00021540294010961123,,0.00021526141173721833,0.00021503288494087092,0.00021539290158531586,,0.0002156009242118831,0.00021449422570863377,0.0002144164657789797,,,,0.00021512727083469082,0.00021511419729485705,,,0.00021547800548178222,0.00021522600491480966,,0.0002155736658657975,0.00021568058375280239,,0.0002151907542900013,,0.00021729970994247978,,,0.0002159742124608431,0.00021561733829862664,,0.00020666644936358282,,,0.00020802623594151688,0.00022150033630851166,0.00020638027097377056,,0.00020611079842816003,0.00020647682661207456,0.00020660217415569145,0.00020629328546886138,0.0002061834053213061,0.00020582961500917115,0.00020620129863160088,,0.00020581844650219644,,0.0002059036704461052,0.00020605625618465214,0.0002064485260620835,0.00020610032657678132,,0.00020667613128925633,,,0.00020611406725396582,0.00020558466670220592,,0.00020615351097222657,,,0.0002062019455478172,,,,,0.00020613596626961223,0.00020659199534811947,,,0.0002062812899218521,0.0002062374028097145,0.00020619547097715384,0.00020656571213183803,,,0.00020676738419403735,0.00020624322389168676,,0.000206120475583998,,0.0002063264201855167,0.00020603014994545777,0.0002063254201302376,,,,0.0002066819262241041,0.00020622056123766335,0.0002059977101067817,0.000206189727678201,,0.000205946313403445,0.00020656348544281677,0.00020642011128397598,,0.00020655696115061024,0.00020658752443901957,0.00020629194913094216,,0.00020650349385559403,0.00020628011034660404,0.00020602815811786475,0.00020624738514559581,,0.00020707273615333166,,,0.00020641314003881325,0.00020674592340780046,0.0002062111466774325,,0.00020586604632636603,0.00020596387809461645,0.0002058295746654086,0.00020656637664810858,,0.00020687742230857212,0.00020625349048205443,0.00020641018281892598,0.00020657073785740188,,0.00020711839089089304,0.00020707260510408865,0.00020638235728650354,0.0002057085258860483,0.0002059901699167006,,0.00020603627691103302,,0.00020633694826425265,0.00020716885400605056,0.00020616611380562647,0.00020612554463629053,0.00020601407271854898,,0.00020641362246539446,,,,0.00020627224896501578,0.00020652724756753168,,0.00020598406400374698,0.00020597621733028064,0.00020619520707407444,,0.00020618900441435903,0.0002067109122451057,0.00020582190879201153,,0.0002067897230824098,0.00020619767392734173,,0.00020618872440739537,,,0.00020633276949779127,,,0.0002062305579611951,,0.0002061020021655079,,0.00020664192727381977,,0.0002068330130385473,,,,,0.00020640174943339728,0.0002062810498473118,0.00020660004936604292,0.00020618549504599408,0.00020578336918215383,,0.00020638144306414863,0.0002056185740765311,,,0.0002065475431446105,0.00020691505274340755,,,0.0002061338635196633,0.0002063839345408845,,,,0.00020641573638996758,0.0002070817902822819,0.00020692039053066895,0.00020635054270918773,,,0.00020617556395184113,0.00020645384299645766,,0.00020593663077516798,,0.00020606555038063043,0.0002062454525052931,0.00020506409509618042,0.00020491424946389724,0.00020491704761532923,0.0002084888394416773,0.00020892070928231474,0.00020847396695582596,,0.00020759457188159806,,,,0.00020745324641822143
4,4,DG_8pct,16,Z02_F10,2,3PH,246180,253842,True,21145.62763597167,0.3474604167860567,0.3498939689812706,0.22788023728009874,0.23061176893753282,0.02363203466987643,0.0051062922289442595,0.19245613877902568,0.19442186385636878,0.08223111772305691,0.08248796162093201,0.05477841653889317,0.0016441154206286528,0.004001337782062775,0.0059333772089536115,0.005551877828552583,0.021569321194359337,0.008187510581330788,0.01681032443382563,0.05630799556090691,0.00028975645294610587,,0.0002888476921851314,0.00029093016473125274,0.00029055566848857256,,0.0002911373207284867,0.00028877889015026443,,0.00028975023898307207,0.00028992177662320976,0.0002926548793725637,0.00029247356010556454,0.00029296277620352487,,0.00029361744227563694,0.0002920598236535696,0.00029283777081028366,0.00029220613377589616,,0.00028956214667062946,,0.00028895711372114275,,0.00029012022978297243,0.00028985667335762623,0.0002860945469576451,,,,,,0.0002903406472640202,,,,,,,0.0002923228994982075,,0.00029215473399718083,,0.0002928254021079409,,0.0002938355304458592,,0.0002932205827769407,,,,0.0002934920090683939,0.00029361619817317846,0.00029335990223627666,,,,0.00029311564044609366,,,,,0.0002952620966172314,0.0002951486357998191,0.0002952641696434144,0.000293833141357448,0.00029451749349229293,0.0002943625130167332,,,0.00029551241916412973,0.00029517237710188863,,,,0.00029588344293346973,,0.00029487536634919105,0.0002943515032784872,0.0002947643820944861,0.00029522630463333255,,0.0002951640222357317,0.0002953668862526408,0.00029517673474514035,0.00029250826082445933,0.00029224936495598027,0.0002936732622768184,,,0.0003008002059340541,,,,0.0003012178827438141,,,,0.00030487982389629893,,,,0.0003040775102013477,,0.0003043794897569326,0.00030409827472660826,0.0003051433159099863,,,0.0003040614084441076,0.00030371895328591214,0.00030471235253941065,0.00030409698757378985,0.0003056545163841998,0.00030505694329019894,0.00030386349054215456,,0.00030384818975802863,,,0.00030456723544468935,,0.0003055018835025692,0.0003041214809549177,0.0003032841211952527,0.00030330086232035694,0.0003036516485919887,0.0003044000143719361,,,0.0003034853377902163,,,,0.0003034749422534623,0.00030444664908348254,,,,0.00030485284688042363,,0.0003036705950792812,0.00030404909167666564,,,,0.00030387263795299957,0.0003041752215073211,0.00030387524161361984,0.0003048177962975112,,0.0003042845445371734,0.0003044250262105018,0.00030387637190864723,,0.00030441897361324464,,0.00030413769345319206,,,0.0003043646312112204,0.0003040678008010341,,0.0003039650086705762,0.0003034944365539317,0.000303873752199031,0.00030468653418533516,0.0003039489277560846,0.0003040640583180835,0.00030427557142924605,,,,0.0003036118295050148,0.00030421783324226833,,0.0003041446627192325,,,0.0003039878127697717,0.0003039805700656968,0.0003034747742134718,0.00030503980136184326,,,,,0.00030454781563701974,0.0003042678810607708,,,0.0003059479345987498,,0.0003056410896847994,0.0003057704475680666,0.0003049315060225491,0.00030497594479571185,0.00030472943693817667,0.000305873161795711,0.00030561116283037224,0.0003042712967563979,,,0.0003050464897160341,0.000305029535613006,0.00030514519576749336,,,0.0003060055257324907,,,,,0.00030381854877513555,,,,,0.0003049574418111947,0.0003059043342491667,,,0.0003052595469934459,,,0.000304488689442292,,0.00030540321059858294,,0.00030486787467904616,0.00030410117001607574,,0.0003049866094944205,,,0.00030477032175973225,0.000293463019614547,0.00029388545947862433,,0.0003043792763397793,,0.0003016683778091825,0.0003022597960844035,,0.00030277094346251623,0.0003021040462204196,0.0003026774605565131,0.00030504343078909695,0.00030361497341327697,,,0.0003045309711803775,,,0.00030416742883024767,0.0003045547012184716,0.00030422854180868806,0.00030400161984488547,,0.00030343267543079405,,0.00030423925129824815,0.00030487823763356985,0.0003037028516134346,,,0.0003039210933339515,0.0003050220788341691,,0.0003042846041425978,0.00030509623510709084,0.00030425838444737233,0.00030390182576516716,0.00030395023482194134,0.000304002710741294,0.00030354790798588894,,,0.00030428324846682836,,0.00030414142060827994,0.000303511943855707,0.00030409852198470106,0.00030399219788789883,0.0003044256250853856,0.00030448846660297783,0.00030413857202426104,,0.00030410541334710263,0.0003048213054343958,,,0.00030393383322371305,,0.0003039972332736487,,0.00030529438814204857,0.00030388740246339554,,,0.0003054924267647864,0.0003035321525670401,0.0003037687594699962,0.0003047536556039335,0.0003044700959143321,0.0003034542828807108,,0.00030424869337573185,0.0003036280868249257,0.000304873325605116,0.0003044633714910452,0.00030439250603817177,,0.0003038674946865358,0.00030468313661120524,0.00030388537718581404,,0.0003042777526094016,,0.00030287843403900035,0.0003038547980122907,0.0003041988154626774,0.00030377822067082487,,0.0003039804243768253,0.0003035239365285724,0.0003048821931387669,,0.00030298331451381744,0.0003039124529765345,0.0003036715644133466,0.00030350343984971096,0.0003035882858220569,0.00030353578306703343,0.00030377568613871794,,0.00030399926007123495,,0.00030420131046265313,,,0.00030352511814728223,,0.00030383594185335715,,0.0003027959005486124,0.0003031531360365912,,,0.00030400518931914124,0.0003035320377036643,,0.000303816341705133,0.0003027443416156239,0.0003035118002706344,0.0003035870306385584,0.00030299306796592097,0.0003042316191671346,0.0003033250185454531,0.00030404871647361954,,0.00030441359402992406,0.0003038131259114439,0.00030341354993347836,0.0003040269909369086,,0.00030395145149152554,0.0003043542291114524,,0.0003032132136956709,,0.0003036422381162857,0.00030319215672977557,0.00030330628712120896,0.00030443932356669,,,0.00030386710912834946,0.000303726821920074,,,0.0003036395835050908,0.00030390338770164255,0.00030401154508894254,,,0.00030428672477465676,0.0003036258179246212,0.00030309656866606713,,0.0003028779568893281,0.00030381798541092,0.0003029839447347059,0.0003039664202890567,,0.00030346740099422993,0.0003039538334492941,0.00030359582759302675,,,,0.0003032637201746174,0.00030347863642894794,,0.00030342129264285294,0.0003052807490877671,0.0003043181705989528,0.00030493300114468885,,,,0.0003046644604667941,,0.0003039945300323317,0.0002971516929780425,,0.000297584507653531,,,0.00029767939241747484,0.0003035907410810832,,,,0.00030090558593163635,,0.00029368766900448624,0.0002929027107211806,,0.00028536551583064425,0.00028532012709707845,0.0002857571642892819,0.0003055011057964506,,0.0003048110548637093,0.0003081800748737231,,0.00030836229912794254,,,,,,0.000309767670604748,0.00030970396083629804,,0.0003085504016998175,0.0003090842584689076,0.00030962711199082436,0.00031164578047331796,0.00031171937160952854,,0.00030940656571889504,,0.00030889930125573825,,,0.00030871305057797547,0.00030894209751511576,0.0003095223541105862,0.00030910374893041185,0.00030916895672971435,,,0.0003088003694098746,0.0003099161679648356,,,0.00030965593307570404,0.00031284520836229277,,0.0003132640371415014,0.0003133045343720861,0.0003133256582626445,,0.000315411743336459,,,0.00031513191208083904,,0.00031489261094740133,,0.00031573126168273297,0.0003146570368697112,0.00031444338124570864,,0.0003142516694881744,0.00031350090528757193,,0.00031347551678226375,0.00031351775424703286,,0.0003125171621397428,0.00031224192898982533,,0.00031238926282408096,0.0003127449685934703,0.0003127763119684623,0.0003128497077578678,0.00031371354201486265,0.0003131261134252997,0.00031216679769578633,0.00031344651009058825,0.00031257370459374036,0.00031298447134902056,,0.0003130237351931894,,,,,,0.0003121024303400033,0.0003127160419635118,,0.0003134309642340817,0.0003128887112412868,0.0003124801969400744,0.00031263567820007175,,,0.0003133828567821004,0.0003123901223473517,0.00031285162243554424,0.00031244735678258713,0.00031295100750809604,,,,0.0003121524025734964,0.00031323034603086104,0.00031275932776978903,0.00031178198376908455,,,,0.00031223700817920757,,0.00031209715593399874,0.000312248431366982,,0.00031166456965079443,,0.00031279960712637993,0.00031152457659696785,,0.00031324075367126293,0.0003027803574241222,0.0003034530641836229,0.0003033881403650964,,,,0.0003039788736440204,,,0.00030408971151222876,,,0.00030397872395884827,0.0003038231733550074,0.00030402714762549484,,0.000303770147358841,0.0003036055753301868,0.00030381564055899975,0.0003039106988653916,,0.0003029652235596828,0.0003035708404362469,,0.0003031446771114956,0.0003034390883615145,0.000302673140292834,,0.0003022932791432409,,0.00030341079538870075,0.00030412623649647946,0.0003040534876438321,,0.00030412781856411586,,,0.00030440884614587227,0.0003049949021770115,0.0003033465516789514,0.0003029529204232042,0.00030234431651478597,0.0003022324324224018,0.0003028727242508445,,0.0003022849352490758,0.00030171807365427433,0.0003018589263868354,0.00030348049745908577,,0.00030272364464589626,0.0003035586303436499,,,,0.000303231819622806,,0.00030351539082145335,0.0003028917678072557,0.0003033881057237337,0.0003032968854171283,,0.00030400986193677813,0.0003036220797074696,0.0003036430242962302,0.000299558861283607,,,,0.0003025684205551018,0.00030251382781498325,,0.00030270075118134574,0.00030305512291792057,0.0003035738566525639,,,0.00030354403692879395,0.000303713993356815,0.0003051479926140766,,0.00030417679483698515,,,0.0003042083237206411,0.0003041752205854389,,0.0003040503556178999,0.0003052521197390678,,,0.00030438214075710797,0.0003046327321383907,0.0003042045632260339,0.0003041532950255425,0.00030434801747848743,0.0003033155100996001,0.00030452152125165147,0.000304789307329493,0.000303901078656048,,0.0003042714307319707,,0.0003035369504625858,0.0003042645085640034,0.0003031415895422016,0.00030350276632195455,0.00030330688106047673,0.00030320439363414937,0.00030337699391802655,0.000302562762643087,0.0003032211989967277,,0.00030251551377420824,0.000302693110492208,,,,,0.0003035751858620302,0.00030296505769311866,0.00030266922417293725,0.0003030598546612932,,0.00030281829616745964,0.00030259267490157036,0.0003029537038388821,,0.00030380018203929256,0.0003049427947298786,,0.00030440899603944265,0.0003040546852910015,0.0003052689581276865,,,,0.0002919486377989752,0.0002921760913814439,,0.00029100482789806606,,,,0.00029012123065995377,,0.00029049337376935093,0.00029032026332858403,0.0002901418553516076,0.00029030623238172237,0.0002903623243757577,,0.00029002476906663427,0.00028956097019954523,0.00029139755696237166,,0.0002906956982887125,0.0002904481517340597,,,,,,0.0002909554181775424,,0.000290636312910494,0.0002905370886517984,0.0002900495175828922,0.0002902687914011443,0.0002893789477367102,0.00029047504829481547,,0.0002898366048978595,,,0.0002911705577927005,0.0002907662319507012,0.0002899916721616914,0.0002895201263953857,0.0002908752164375501,0.0002905033597299702,0.0002902788442467863,,0.0002902949153617055,0.0002910482046584104,0.00029083947608428504,0.0002913770027670831,0.0002916202400952548,0.00029064926414138317,,,,,0.0002911060562080178,,0.00029020844670465197,,0.000290401592530633,,,,,0.0002902149151100964,,,,0.0002900760681650123,,0.00029070571994651044,,0.0002915168953768483,,0.0002900835689546178,0.0002902982877094072,0.000290096317326903,,,,0.00029000964156720386,,0.00029044041924474525,0.00029089377276200035,,,0.00029085874169190425,,0.0002906155385309898,0.0002910205914052653,,0.0002905217002027068,0.00029087386457720505,,0.00028984582813548396,,,,,0.0002904919932474665,,0.0002902741642184154,0.0002909551937348764,,,,,,,0.00029015568745468644,,0.0002903867075192245,,0.00028993625529746754,,,,,,0.0002907059809238946,0.00029113035043128063,,0.0002907385037596724,,,0.00028978199425970785,,0.0002900407600083121,,0.0002890680795467384,0.00029102434726827314,0.0002910122559937351,0.0002900773604391787,,,0.00029022757612320865,0.00029032356890016254,0.0002909572752888422,0.0002900609969861197,,,,0.0002899475189256624,0.00029070148007039065,,0.0002920338163042527,0.00029079307692629977,0.0002902912530478764,0.00029047081354960467,,,0.0002896411248063936,0.0002904921355124706,0.0002904889547609142,0.0002907364123326361,0.0002903258900023028,,0.0002900572211848814,,0.0002908959193181072,0.00029046349084505885,0.0002911431803155464,,0.00029021569108993384,0.00029067764683959294,0.0002902181652450882,0.0002905285107389411,0.0002903817329148574,0.000290307906638701,0.00029069600602848724,,,0.00028897689915139107,0.0002941357359823192,0.00029447177333979577,0.00029459749921751147,0.0002925784292627169,0.00029151329820435815,0.0002930044132692624,,,0.0002926477338909871
4,4,DG_8pct,16,Z02_F11,2,3PH,298366,298159,True,15037.264879236616,0.24617886050690302,0.24762666089777186,0.16236870800459122,0.16406217339414303,0.01684780799027946,0.0036304686113387825,0.1360881625563363,0.13812693067330542,0.058285796507950564,0.05875621136080305,0.03897821195663902,0.001164979579979725,0.0028351302519606615,0.004213403747039218,0.003934259479605892,0.015261991075202793,0.005801622556799414,0.0119829892970247,0.040359145852011634,,0.1849983799438601,,0.18130075337945856,0.1813207836400184,0.18102480679973412,,0.00020492332914707,0.0002054005557791934,,,,0.0002075228297518479,,,,,,0.00020751247008253605,,0.00020586484843707002,0.00020471961217477722,,0.00020634664489912864,0.0002064817289865315,0.0002061259981680338,0.00020334649490339255,0.00020318862171186873,,0.00020584091125011253,0.00020651968894458173,0.00020649853597016566,0.0002066723010944541,0.0002064292904434149,0.00020635381843111752,,0.00020391981557694715,0.00020361106723077986,0.00020394482910937662,0.00020786918206991883,0.00020799789652130017,,0.00020855600131473585,0.00020828877953747377,,,0.00020861213666126726,0.00020853326381872604,0.00020838621371027457,,0.00020832863552078923,0.00020845306055116482,0.000208213797277717,0.00020838167077763713,0.00020866424211249515,0.00020895239824260994,,0.00020843724432466178,,0.0002093664953821964,0.00020828066602403042,,,0.00020903184875351702,,0.00020913272986635662,,0.000209273977645148,0.00020992824904161644,,0.0002093985203680784,0.00020904797680881257,0.0002094243881178378,0.0002094819864579822,,0.00020937367531570906,0.00020958504276888355,0.0002094484894022609,,,0.00020991398490634436,0.00020947800833098098,0.00020958320713810414,,,0.00020763128527661893,0.00020764777617591896,0.00020821666711453752,,0.00021389583966721298,,0.00021351754626810379,0.00021394301655258192,,,,0.0002160444483060059,0.00021586731268383963,0.00021627503194225284,,0.00021636796402780962,0.00021591853122438783,0.00021603472844795746,0.0002165119736113391,0.0002157854080779071,,0.00021666180571588715,,,0.00021675509221891567,0.00021623694527157217,0.00021618982946061102,0.00021560148108611986,,,0.00021644054890975446,0.00021601390080933737,,,0.00021649580315141498,0.0002162815075973513,0.00021630001097477786,0.00021659067277936936,,0.00021614427120436114,,0.00021600901496291562,0.00021624383616065636,0.00021592366257758159,0.00021605421215945415,0.00021591150627133814,0.00021594214768883208,0.00021629599129672933,0.00021657789097829814,,,0.00021634056211634152,0.00021557885160325315,0.00021571938941901118,,0.0002164336178645317,0.0002159556764845186,,0.00021612815899316916,,,,0.00021631403319492953,,0.00021548067768697087,0.00021643675316909342,,0.00021579070777160062,0.00021631744028568158,0.0002164285417241418,0.00021680599078128125,,,0.0002160035664961186,0.00021559779101391484,,,,0.00021645939893087722,0.0002157688177111914,,0.00021629132404726213,0.00021599961321551214,0.00021607325489151607,0.00021621209100080216,,0.0002165135003144781,,0.00021558644384371014,,0.00021564161646144648,0.00021625441466722418,0.00021613587576050608,,,,0.0002155810888468196,0.00021599582250659535,0.00021624471484039566,0.00021757517014028605,0.00021697108571488551,0.00021656718075693506,0.00021728166124910194,,,0.00021626309948824242,,0.00021654487072798767,,0.00021697456055554804,,0.00021690180338504567,0.0002168223074764481,0.00021637795084293788,0.0002169934380384826,0.00021608476345908698,,0.0002165290298131657,0.00021646706255285742,,,,0.0002158939383898468,,0.00021663156677267635,0.00021601012392891733,,,0.00021634397327616149,0.0002167112907553641,,,,0.00021648116151036796,0.000217224692983994,0.00021651892901688815,0.00021599172346094196,0.0002161156125369078,,0.00021625838859997836,0.0002172624861211061,0.00021615915386897892,,0.00021647836968081505,0.0002167219433736215,0.00021630372652816678,,0.0002163328026394541,0.00021660343716928666,0.00021637343217315288,0.0002159809058742989,0.0002086274944269584,0.00020881753610882568,0.00020839024724669434,0.000216169003362838,,,0.00021441148033186092,0.00021454999850817948,0.00021527036375904902,,,,,0.00021607952336774431,0.00021671338834058728,,,0.00021617041875550538,,0.00021629828542793614,,,0.00021635226172141153,,0.0002166371819141877,0.00021590568998707937,,,0.00021604832872751847,,0.0002166903019746198,0.0002162293568166228,0.00021625207692704075,0.00021618725387077042,0.00021564642036843982,,0.00021570301549004862,,,0.00021582812884394186,,0.0002159850361542331,0.00021603636797134793,0.00021603397874632248,,0.0002155945101101233,0.00021593369093390053,0.0002160816792686793,,,0.00021553675943236463,,0.0002158755988220504,0.00021608916992746317,0.00021564708161180454,,0.0002161890716652371,0.0002159830565048903,0.00021633939196499547,,0.00021667561515889016,0.00021573300019818494,0.00021628818038985027,,0.00021620629387201148,,0.00021699735353816426,,0.00021698775042186305,,,0.00021608614047497913,,0.0002159115624673896,0.000216030451588593,,0.0002160182547716893,0.00021693548815775423,,0.00021704078099371184,,0.00021614002697770374,0.00021597080566240122,0.00021586201521529323,0.00021584199468245924,0.00021666011528649587,0.00021514824707350233,0.00021585181344135407,0.00021539240676367668,0.00021552823937450076,0.00021511506829184607,,,0.00021518734156024218,,0.00021581868595573582,0.00021509530729339255,,,,,,0.0002156109663158924,0.00021570332192744228,0.00021511976514069597,0.00021480791313409944,0.0002149425053314947,0.0002151311309723048,0.00021488681134007172,,,,0.0002157355341346769,0.0002155908228235532,,0.00021548610835131078,0.000215539386608442,,0.00021620977521384635,0.00021630605885910714,0.00021572786323533695,0.00021577367740162267,0.00021593738357748195,0.00021551696737091315,,0.00021529164697821245,0.00021571226195998933,0.00021563730131905943,,0.00021582253582564076,,,0.00021606712888210122,0.00021605838618142493,,0.0002151026077653984,0.00021551310963665026,0.00021575462067434506,,,0.00021615824766084215,,0.00021533866893119782,,0.0002154212025365261,,,,0.0002161058379439755,0.00021537781618223152,,,,0.00021555911477941242,0.0002155374888985341,0.00021566622261943752,0.0002152057986899635,,,0.00021635847052435604,,,0.0002161100730258775,,0.00021515083646017917,0.0002152923561550189,0.00021576347145708027,0.00021541563598327442,,0.00021699217569081544,0.00021706946911783482,,0.00021640055550321862,0.0002156295155261426,0.00021528884368014861,0.00021617257973873897,,0.00021615845087958683,0.00021087622399618573,0.0002103750031930266,,0.000211699341021395,,0.00021182128053407782,0.0002163951691507852,0.00021722208025387385,,0.00021373067549806374,0.00021332688813413333,0.0002132272065578124,,,0.0002078945186669635,,0.00020293636230602608,0.000202582368534439,,,,0.00021902201324828371,,0.00021867969215654933,,0.00021998180582299653,0.00021886141210325464,,,0.0002192451014424526,0.00022031128416959524,0.0002201271201006851,0.0002199225323977673,0.00022056785686795326,,0.00022109356613906803,0.00022157202429028204,,,,,,0.0002195689943427758,0.00021917018191019045,0.00021954914702449374,,0.00021932928477002555,0.00021965808734590464,,0.0002194538229008368,0.00021912290018927873,0.0002192041407402065,0.00021969917567421295,,0.00021969338762223653,,0.00022255216030860972,0.00022220216235460145,,0.0002222973978144873,,,0.0002231866569044296,0.00022311693591027756,,0.0002236117704023686,0.00022352043041534318,0.00022363701263967961,0.00022386967228256043,0.00022308076626362938,,0.00022350630234539286,0.00022316340754245848,0.0002226529772749174,0.00022157346067119672,,0.00022241748579160826,,,0.00022260862775841028,,0.00022166566858020892,,0.0002220427797450732,0.00022150766344190386,0.00022215655544062044,,0.00022182676105262072,0.00022228008912221852,0.00022181632196046703,,,0.00022209808699917365,0.00022254052300025714,0.00022213351992624294,,0.0002223165278015156,0.0002223280504220545,0.00022206553739467365,0.00022215009481212086,0.00022191713196363628,,0.0002220364718462884,0.00022195627041372598,0.00022153454665033333,0.00022233327124690597,,0.0002219303745981238,0.00022296878137029373,,,,0.00022232645066709963,,,0.00022184115483435483,0.0002222591527290431,0.00022178218556196536,,0.0002219548205801074,0.00022223148438002048,0.00022261837336301423,0.00022250699971510145,0.00022213785804626494,0.00022162985411662594,0.00022163975551850684,0.00022187731259756707,0.00022200242320308337,0.00022231100930132953,,0.0002221262632873944,,0.00022161058904795317,0.00021586895939101756,,,,,0.00021582406057816316,,0.00021584621322179968,,,0.00021656148681851209,,0.00021582341102832699,0.00021603363335060145,0.00021563874616301873,,0.00021562575386038226,,0.00021533408697141384,0.00021544815660519924,0.00021515440499351069,,0.00021549058409681823,0.00021546743650387209,,,0.00021592050785453342,0.00021543756271275767,,0.00021467797476613812,0.00021530836068010966,,,0.00021624659376427396,0.00021626661365109186,,0.0002162856118691483,0.00021614826043852854,,,0.00021517269791890297,0.00021498586428980967,0.00021525005564971357,,0.0002149115044078162,0.00021434569888424676,0.0002142870503577807,,,,,0.00021545692445305297,0.00021443072718671033,,0.00021532803663651062,0.00021560276558008857,,,0.0002157513414862213,0.00021566444334651893,0.00021527676301362494,0.00021556733819290275,0.00021539430440381353,0.00021541921393291392,0.0002156948282485869,,0.0002151813604688607,,,,0.0002153622637035273,0.00021518470789544866,,,,0.00021607893291326845,,0.00021651109244666107,0.00021536162505850375,,,,0.00021605530609835946,,,,0.00021592706192533374,0.00021613717647642528,0.0002155390281076159,0.00021660794139379897,0.00021615618885808814,,0.00021564203666349266,0.0002162196762784052,0.00021637925819230347,0.00021559521061999335,0.00021648674062242724,0.00021608942295354747,0.00021677178625581194,,,,,0.00021535927478020676,,0.000215286367545097,,0.00021527089786339818,,0.00021504187510014037,,0.00021600735100900397,0.00021389894049321813,0.0002156219261448276,0.0002151607170049212,0.00021501819429499468,0.00021577915987048535,0.00021448068668668963,0.00021442532838265884,,,0.00021542695949461333,,0.00021505804093412733,0.00021515805099203643,0.00021536652635949474,,0.00021514086191357017,,,,0.00021611036417927578,0.0002158992418054505,,0.00020946072802236184,,,0.00020803584937474604,,0.0002214713805929816,0.0002061702454668071,0.0002063841043769409,0.00020648036723994645,0.0002062280363356842,0.0002067643711147484,,0.00020601035559254013,0.00020646450263397774,0.00020665463903176543,0.00020644106996969963,,0.0002057877947702259,0.00020675656044561865,,,0.00020629361053084577,,0.0002063496695550879,,,0.00020626922279965028,0.0002063252242613814,0.00020618700226027854,,,0.00020652870306372075,,0.0002058766471688327,,,,0.00020662708071048923,0.00020643980319669217,0.0002072466098159061,,0.0002061974596055857,,,0.00020666558224048602,0.00020630860714200016,0.00020663311429770068,0.0002064087654871171,0.00020700014263356183,0.0002064163647839135,0.00020613320851079665,,0.00020636616260350334,,0.00020592344092315953,,0.0002055667123115078,0.00020649497134652317,,0.0002064566663318292,,0.00020638519283167411,0.0002068566398032264,0.00020698450980675422,0.00020625416200656868,0.00020627379517127587,,,0.0002064050766454758,0.00020682481253408394,,0.00020673348877910388,,,0.00020640831272839816,,,0.00020633670583483022,0.00020609364272298952,,0.00020641865089810897,,,0.00020602264547815225,0.00020710495500115623,,,0.00020634084882362148,0.00020607828650015056,0.0002061270920547657,,0.00020642639318774664,,0.0002062940436670417,0.00020697207804556172,0.00020648273168242701,0.00020611199790068166,,,0.0002064016715033365,,0.00020632123587973743,,0.00020689183085174196,,,0.00020622352024003644,0.0002063857025073298,0.00020621758920626946,,0.00020589934435718814,,0.00020629672565344414,,,0.00020653987066235116,0.00020632176927207798,,,,0.00020605368752501537,,0.00020595982719639103,0.00020692685783123258,0.00020601414806861046,0.00020668922664175834,0.00020635804636558964,,,0.0002062180747193867,0.00020620236528421962,0.00020637223120278583,,,,,,0.00020594690626843975,0.000206864307275098,,,0.00020632319133118956,0.0002066128413800541,,,,0.0002062122074576148,0.0002068017631201519,0.0002064063997159827,0.0002065352929583369,0.00020647612262360908,,0.0002065414342180374,,0.0002065657403695652,0.00020638342120857768,0.00020662978668334724,,,0.00020626744914423506,0.00020656345379654604,0.0002063611601662433,,,0.0002059847135369762,0.00020630781111481738,,0.00020557790843408913,0.00020643916711359853,0.00020673880937819433,,0.00020596945637757564,0.00020602147910373815,0.0002057870768537395,0.00020479244333849626,0.00020554202395258993,,0.00020907880809034794,,0.00020882723464811506,0.00020763290853677012,0.00020779466324836484,0.00020809486094970327,,0.00020803570895991524,
4,4,DG_8pct,16,Z02_F12,2,3PH,202135,202181,True,18512.124409043907,0.30442228024625967,0.3046304647028016,0.2016451368226199,0.2039225341215943,0.0208651756779811,0.004479632254377975,0.16828732117932912,0.16996614113381775,0.0722673173998603,0.07198186304663765,0.04820438257272392,0.0014387473782086155,0.0035115807157455885,0.0052214624952022295,0.00490884792688894,0.01886457301114318,0.007178742839362667,0.014821246051481803,0.0498501551423223,,,0.00025546940410585954,0.000255707859762714,0.000255555145527045,0.00025669205075636833,,,0.0002546273277338421,,,0.00025742845931983247,,,0.00025795414482921174,,,,0.00025632596160196083,0.00025712416031841985,,,0.00025412245356012735,,0.0002540591224145867,,,0.00025187402405918327,,0.0002551551490477557,0.00025479732155267595,0.0002552018531233877,0.00025562455634339727,0.0002559395874994769,0.0002554990677113298,0.00025857038407365435,,0.0002521607278446874,0.000252352073177731,,0.00025728148817949546,,,,0.0002573962533073676,0.0002586291156944261,,0.00025849352774968157,,0.0002576959073111051,,,0.0002578092243278295,,0.00025849796801645546,0.0002587717241806508,0.000258438328234082,,0.0002584634680753044,0.00025812877133271704,0.0002586934621371727,0.00025933939106240406,0.0002593032932719106,0.00025865990739755326,,0.00025882739665861426,0.00025909290061690846,,0.0002592247042256325,0.00025942334261618293,0.0002589346951520241,0.0002589415189145886,,,0.00025948888670304724,0.00025891521676977094,0.0002594382764624834,0.0002597944725801078,0.0002589917552062348,0.0002593825709423695,0.00025961311051074336,0.0002595185883516757,0.00025874693182833993,0.00025893944280978176,0.0002591944031314259,0.0002566537567188259,,0.00025801895736555575,,0.00026389260248564335,,0.00026407433340620737,,0.00026427343518266365,0.0002641530343450758,,,,0.00026764260455493206,0.00026812901851558987,0.000268314081227042,,,0.00026682877859023296,,,,,0.0002679292447077669,,0.0002671007984889612,,,,0.0002681836734756718,0.00026812558358682494,0.0002680850603919099,0.0002665621590390114,0.0002677821696432032,0.0002680804767899969,0.00026936042223832434,0.00026764828348025435,0.00026795292850087174,,0.000267750513274239,,,0.00026719358062350196,,0.0002672152646674286,0.00026740851712558005,0.00026782669588598196,0.00026753552955619236,,0.0002676693584269227,,,0.00026681687452802683,0.0002677259627596328,0.0002671257200543183,0.0002670251147545108,,,,0.0002673534244573733,,,,0.0002679935170977964,0.00026756554078924324,,,,0.0002677340151886712,0.00026810226689339756,,0.0002669642844893188,,0.0002675414750153213,0.00026824820307723543,,,0.000267031766631358,,0.00026816733670603554,,0.0002673453455140469,0.00026765953319667096,0.0002672817822581164,0.0002681042779201338,,,0.000268831810205681,0.00026793841603693267,0.00026748408418534307,0.00026772577133806093,0.0002669312708433954,,0.00026798310997036594,,,0.00026765340141449715,,0.0002679563059093684,0.0002682804196265,0.0002681708577374749,0.00026832175284638925,,0.00026895526801281737,0.0002675777398902935,0.00026890731963163776,0.0002683847058691477,0.00026855337446055457,0.0002677979666832894,0.00026789537184257456,,0.0002679571365337597,,0.0002685123148295249,0.00026799983265042923,0.0002683123136971494,,0.00026852153862487856,0.00026842348955398974,,0.00026719904682784605,0.000268374051545389,,0.0002683913813057961,0.0002686705452837766,0.000268684107882036,,0.0002677573303160479,0.00026812888155583134,0.0002680162549238644,,0.00026875511468837005,0.0002680850000728137,,0.0002682560914369268,0.0002683858119873302,,,0.00026813268997448095,,0.00026830359933399596,0.0002685639099058224,0.0002677032962579104,,,,0.00026788241000678004,0.0002675375650849024,0.0002686230246815698,0.0002680799627625053,,0.00025820258260052497,,0.0002585630009749239,,0.0002653599096540798,,0.00026637385431639186,0.00026589362236286145,0.0002652344015771107,0.00026501415279655746,0.0002664991848307239,0.0002666958704790432,0.00026755532750846744,0.0002674912306785422,0.0002677304990178217,,,0.00026831008293929726,0.00026714540328287264,0.00026778984077388345,0.00026786181528337324,,0.0002671317225913849,0.0002676419540561899,0.00026822593920115714,,0.0002672855406362393,,,,0.0002669951606428034,0.00026759819274259106,0.0002677899337798004,,,0.0002682967989973696,0.00026712515157276844,,0.00026692679336842603,0.0002680219727213241,0.0002669724174952098,0.0002664596261966421,0.00026724540429802805,,,0.00026685261053327166,0.00026726482972144657,0.0002671704762651359,0.0002681895813558165,0.00026699434920835396,0.0002673310052696391,0.00026833552389132455,0.0002677352096556856,0.0002672776645592526,0.00026712912280575874,0.00026735010651729414,0.0002681659855605236,,,,0.00026782102976429184,,0.00026737674131920063,0.0002681507179257318,0.0002670023793647653,,0.000268813121075994,,0.0002672598528977445,0.0002670845035868728,,,,,0.00026742443904828595,,0.000267384600976,0.0002666776184540547,,,,,,,0.0002670564227901198,0.00026730093594296543,0.00026706576432050346,0.0002662347718960292,,,0.00026700208251848463,0.0002676150704113616,0.00026703596049768605,0.00026776814225033433,,0.00026767335445288556,0.0002670659769514902,0.0002659345045072339,0.00026639859054226114,0.0002671691866947761,,0.00026717096126787737,,0.00026598352965904223,0.00026670918795211493,,,0.000266843654267662,,,0.0002668386641074707,,0.00026678390276863587,,0.0002661814389101497,,0.00026623002647146066,,,0.00026639087284006447,0.00026751079200470134,,0.0002668651400152707,,,0.0002671961247447904,0.00026717965905554054,,0.0002668010448952447,,0.00026705521845583554,,0.0002670899300657848,0.0002666246022041646,0.0002666564113730855,,0.00026734480069045305,0.0002670107377073919,0.0002677416401406228,0.0002668306218103107,0.0002674955656463921,,0.0002676607529526656,,0.0002661874042859383,,0.00026725550601677296,0.000267348639852967,0.0002665801449057424,,0.0002670282333729279,0.00026720606864451664,,,0.00026675973358534095,,0.00026704317769930163,,,0.00026738918109863217,,0.0002664608421637906,,,0.00026711803742442586,,0.00026791046869694747,0.0002665815879441351,,0.0002671650874407207,,0.00026763074775678573,,,0.0002678463313537221,,,,,0.000260835356373167,0.00026160806042665606,0.00026190856561697506,0.0002621781883142632,0.0002620316459586542,0.0002681313731062841,,,0.0002641119447255922,,0.00026361513806320597,,,0.00025795802917384875,0.0002519249150155958,,0.00025126019273801793,,0.00026949249292472776,0.0002689250171695067,0.0002712823717036464,,0.0002706543205394761,0.0002719816859294902,,,,0.00027317058797165074,,0.0002725927972628568,0.0002730645128599098,0.0002720179914706548,0.00027271036174646667,0.0002718286339721068,,0.0002739976350627475,,0.00027154611252310895,0.0002723985347792691,0.0002708919014445951,,,,,0.00027184774505269323,0.00027219556521896547,0.00027193752351010336,0.00027205254612604283,0.00027084237516856877,0.00027173570072744607,0.00027194508364928016,,0.00027172708012719615,,0.0002749568268621017,0.0002756919897829403,0.0002757341556138608,,0.00027460921365634824,,0.00027677644728785243,0.00027603140137713025,0.0002775485953433172,0.00027676754323294563,0.000277331363605652,,,0.0002769804810854899,0.0002761744992700319,0.0002762688020399732,0.0002759123537854253,,,,,,0.00027481361569046785,,0.00027514626477710853,0.00027500025396879274,0.00027603403443022666,0.0002746232781598366,0.0002742330772470864,0.00027638752285753413,,,0.0002758695754806879,0.00027503958793586187,,0.00027514065019650856,,,0.0002749412066311146,,0.0002754619512201535,0.00027528600711338884,,0.0002742612659436797,0.00027333150426297976,,0.0002746712362664883,0.0002744283690055891,0.00027539065960462,0.00027514157799157264,,0.00027512103624514466,,0.0002753823277997424,,,,0.0002745200323492728,,0.00027563441397541376,0.00027392246045723187,,,0.00027435265600289573,0.00027480610615169615,,0.00027547772153734473,0.0002746513252456278,0.0002750824656273829,,0.00027386194155393185,0.0002751171762484779,0.0002754101951854506,0.00027524553797174904,,0.00027516602499994263,,,0.00026622803145253326,,,0.00026735824500888903,,,,,0.00026716835220491327,,,,,0.0002662663574683231,,0.00026667197376158814,0.0002669196110883261,0.00026643445457717047,0.0002676961964600447,,,,0.0002666946092738391,0.00026648282395939384,0.0002661350978998172,0.0002669576284748516,0.0002668914861047636,,0.00026727910298090916,,,,,0.00026742928882360703,,0.00026749200489701946,0.00026802586601961374,,,0.00026593235714495725,0.00026637273704669886,0.0002668925837235783,0.00026655145960839135,,0.00026695724365134466,0.0002653249035533283,,,0.0002659019441959984,,,0.0002670694119129926,0.00026641955958184305,0.00026719892283417085,0.0002668401774334446,,0.00026683232846464307,,0.00026734924148126186,0.00026732436737041197,,,,0.0002668242031369354,,,0.00026690364447173333,0.00026603266735643696,,,0.0002665295358825645,,0.0002663226855214232,,0.0002663747496237481,,0.0002681402549506201,0.0002676149573642828,,0.0002673884541360829,0.00026726884948930505,,,,,,0.00026720909976952535,,0.000268112381996529,0.0002683763908409443,0.00026696619623960144,,0.0002675965493525734,0.00026714121151901973,0.000267311949879237,0.00026738542761482834,0.00026780415339532375,0.0002664719955360576,0.0002676284035635869,0.0002673095333657578,0.0002669216979474163,,0.0002665472290771733,,,,,0.00026639749449305634,,0.0002658672705478764,0.0002657948764718387,0.0002668177772093833,0.00026589583129960363,,,0.0002661424097700878,0.0002663440123186526,0.00026628469712459084,,0.00026618987744730124,0.00026662292981723053,0.00026662245630224875,0.00026646722151764277,,0.0002668148759275611,,0.0002662618383407057,0.0002661727184749208,0.0002681642832595661,,0.00026734102806315915,,0.00026736149097417324,,0.0002598431860146065,,0.00025739465095542523,,0.0002576348277902147,,,0.000255813035406893,0.00025496316346624415,0.0002550775533115769,,,0.0002555413164738688,,,,,0.00025486325330073193,0.0002553681423648071,,0.0002557356782080233,0.0002556451914157827,,0.0002556129769943123,0.0002555460286455777,,0.00025491224650831207,0.00025609136168687935,0.0002555455325593864,0.00025555100755065446,0.00025613775788477244,0.0002562963177284032,,,,,,,,,,,,,,,0.00025559771432913066,0.0002548599638987157,,0.0002554396949030183,0.00025504907532497643,0.0002547588870352387,0.00025490510080206763,,0.00025410790052629237,0.0002553073662625976,,,,0.0002555752231777749,0.00025573465150650486,,,,,0.00025561207914520916,0.00025547438766035445,,0.0002559779442475402,,,,0.00025560745568687255,,0.0002552989601813341,0.0002557963462222052,,0.0002554095022426476,,0.0002556962351490089,,0.0002562190108352547,0.0002554695641307624,,,,0.0002553960303878048,0.0002556476735120338,,,,0.00025532891108223345,,,,0.0002538630825535968,0.00025597328915466944,,,0.00025540822952408197,0.0002552754962861518,0.0002547060032855489,0.00025538356535960075,,,0.0002559380706549798,0.0002552642140045347,0.00025522451943098745,,,0.0002545654889945694,,0.0002552994293016554,0.0002554401758972988,0.00025593312167043763,0.0002548942576289748,0.0002552764393614631,0.00025523451562110144,,,,0.00025572423792794143,0.0002553817115613255,,0.0002561591006343405,0.0002555513303648721,0.0002558427335697834,0.00025586349589235344,0.00025545660290780136,0.00025525417445096047,0.00025534137635701605,0.0002556128797812114,0.0002555182689077304,0.00025492778486302354,,0.00025549156986893665,0.00025633165380872005,0.00025568147941364307,0.0002557045001130301,0.00025562397446524934,0.0002548413705807563,0.00025528616117642206,,0.00025597857630657914,0.000256091333249631,0.0002548862332827687,0.0002560428332311613,0.0002548933758779606,0.00025555890318805947,0.00025582031923023803,,,,0.00025538790240337136,,0.00025564975097177857,,0.00025518180020135716,0.00025541806519420815,,,0.00025633806681162047,0.0002553042724073941,0.00025542820553351385,0.00025519607348937394,0.0002561118044300351,0.00025554108667838373,,0.00025505848735742174,,0.0002550401137764492,0.0002552542272941164,,0.00025545069529608064,0.0002544384660476231,0.0002541732446901467,,,,0.00025867802679403594,0.0002571314901048917,0.00025661232374593965,,,,
4,4,DG_8pct,16,Z03_F01,3,SLG_A,157115,165448,True,13435.72338733482,13535.90088177823,2162.9313702514,1080.0226547834666,1090.2214352302888,147.88380328801253,16.048579177680995,755.5503554505558,767.0461876078678,301.4271416218049,304.9927813234502,202.21559771943782,5.037995123083935,12.801728092443,18.873667863036516,16.105244350966487,116.9107451114011,25.799089479523424,53.28749442717849,232.66735687298603,0.5713174701756105,,0.5703731252596926,0.35024409748373236,0.7953290389430595,,,,,,0.8113381891767809,,0.09103066423532762,,0.820246886759481,,0.8247068191515945,0.9512521740662324,0.9474770599555402,0.95103448971181,0.48271485013840887,0.4832023017062446,0.4817574369363454,0.4844516575742048,,,0.4781311523144691,0.4769653184613826,,0.48547335372757844,,0.48308195113605906,0.48467691251986,0.4846347765642243,0.48406669823029685,0.10757446350627628,0.47783640083612205,0.47841584832289885,,0.4883809317940701,0.4881011376157476,,0.49088255364782857,0.4903420427544315,0.49174014782795694,,,,0.49212790186696354,0.49030702553788175,0.4918546172729041,0.4890208254644202,0.48931887942067315,,0.49217371564190693,0.4916171405164541,,,,0.8264137187982545,0.9317373755091094,0.1300015556674233,0.12971337987208,,,,0.12974718389959516,,0.13001970354428916,,,0.1296878720901534,,,0.12988077262406122,,0.1298192008707035,,0.12977439936039759,0.12960952722581287,0.13004814309542403,0.1299921621280837,,0.13002392429209744,0.1297284565517787,,,0.4894025243668043,,0.5035532394651404,0.5033018059456976,,0.5036260726293602,0.5035895576368442,,,0.22860532408085354,,0.22900715435565736,,,0.22883412143661488,,0.22863952119100733,,,0.22848457903525018,0.22809625668954694,0.22862844351733622,0.22958430778038758,0.22921823296068206,0.22860988528185971,,,0.22858136306998825,0.22823772299702946,0.22888403129821389,0.22926176127384748,0.22810657259282374,,0.22821659634257593,0.2284779699325928,,,0.22866746811256344,,0.2278137348716833,0.22872012138709588,0.22851301916777336,0.22848899765514138,,,0.22844064535293546,0.22861907339391146,0.22848909654883734,0.22800795247823738,0.2289611367107449,,0.9098753858345174,0.9073422744245929,,0.9091406704667325,0.9078586338688841,0.9064440825983907,0.9099075206222534,0.9080066421302958,0.9102385952619734,,,,,,0.9084419776143561,0.9100694559946128,0.9096118290333185,,,,0.9086934328428737,,,,,,0.9092245931778603,0.9108993100319557,0.9098385093461746,,0.9103555190245547,,,0.9087033446257253,0.9075886407486008,0.9077820766485463,0.9098788045014594,0.9101536831088315,,,,,,,0.9078824819726234,0.8539495162921248,0.8537091115360593,,,,0.8540990159098194,0.8524473522323089,,0.8538030068408491,,,,,,,,0.8547678284744961,0.8552700939787584,0.8511672016687617,,,0.8537263899147447,,0.855070547395049,,,0.8527502608369155,0.8537571925772389,0.8566737327438143,,0.8564026630712038,0.8516347300501473,0.8541874963278563,0.8533351331331125,,0.8526694253208784,0.8562111410849413,,0.8520634258411777,,0.8537009433189396,0.8538785884471709,0.8523999357106965,,0.8535910065687036,0.8523001701360534,0.8541207269947009,0.8532426966414375,0.8507761793245477,0.8534977644997902,0.8547914110844999,0.8541865841311538,0.8523858824401015,0.49090452179807303,0.49153275846468286,,0.2120832684843925,,,,,0.506387181681206,0.5066748964035604,,0.2059671394175211,0.20666603587590093,0.20648879115031699,0.20581685915655706,0.20638310860515127,0.20652145522317586,0.2066639632712703,0.20656964657159846,0.2061868211586783,0.205471504601631,0.20633037165593482,,0.2059473186780627,0.20611475934053966,0.2065263820276566,0.20631885431792954,0.20659281127438292,0.2057929752573209,0.20620965595841192,,,0.2061963977869868,,0.20579837968411618,0.20602580261139236,0.20566779696556103,0.20605604821452728,,0.2060975024519471,,0.20625875516308553,0.20538213891531723,0.2056060378516846,,,0.2063893832466599,0.2065759284549741,,,0.2060830496167605,0.2107738222763746,0.21028548082582627,,,0.21069832266791072,0.21024435186919546,0.21062374919022556,0.2106554735513081,,,,0.2109217934509864,0.2100593879750628,0.21072619860185482,0.2102474596041403,,0.21097016287886652,0.21073850663646232,,,,,,0.21031570915298228,0.21046084204164017,0.2096372648925298,0.2102683086586613,,0.210272897442449,,0.21040819856022333,0.21072475816531264,0.9159942613975912,,,0.9175260496456696,,0.9156204271678509,,,0.917797980444201,,0.9143555995815641,0.9146940669754136,,,,0.9153322364708777,,,0.9159163056192781,0.915018253089875,,,0.9144829880597573,0.9140671448870024,0.9134116355742226,,,0.9135026325106613,0.9153560689719399,0.9197704637888294,,,,0.916598010884839,,0.9144297661876827,,,,,0.9146228174033143,0.9161134281074559,0.9176857034425777,0.9166165743759591,0.9163156033599017,0.9169359240760278,0.9183029995599319,,,,0.915790097910681,0.9159772063176368,0.9171810168468544,0.9101961313850058,0.9153154058709453,0.9161464748923108,,0.91526039003906,0.9151671081368936,,,,,0.9145874240911197,,0.9151240036494414,0.9164713156984396,0.9153513540070656,0.9160750633456544,0.9137064905468466,0.9135933059560453,,,,,,0.9145571379685467,,,,0.9145362270781299,0.9142099072597997,,,,0.9159858533062785,,,,0.8546804951737619,0.20469170599772754,0.20364839112922503,,,,0.49780893251283614,0.4984306542556018,0.4985946045832567,,0.4995733158571706,0.5005798467384937,,,,,,,0.49071051136544935,,0.4890808875518162,0.4755788501611814,0.4768955052030644,0.4761030529869683,0.2529893842268194,0.8511873041247154,0.9046787136711061,,0.8610757244444908,0.9090522174707764,,,0.9091133879802564,,0.8649300931145677,0.8653405798445879,,0.8658102442069592,0.2664475179232164,0.8629918904553066,0.9108708504074976,0.8670773481258535,,0.5173610815785491,0.5180685501940149,0.5162917650398614,,0.5174356961332993,,,0.5167253514602628,0.5173911824960409,,,0.5171178205773189,,0.5174263391592414,0.517943842394265,0.5167011775606818,,,0.9155351624707262,,0.9186759066458238,0.9128816427748774,0.9140593721354786,,0.2814802954547661,0.2822337620659863,,0.2813120418064316,0.8790414082155578,,0.8797039715092146,0.8779643260839207,,0.9177904143492754,,0.9160898646157082,,,,,,0.5237075724921115,0.5235586414274899,0.5235870041487289,,0.5234074615561105,,,0.5221814776394881,,0.5234195291567766,,,,,,0.5229606717141994,0.5226079231786773,0.5232234636919653,,,,,0.523111679153246,0.5226546421566025,0.5220474484389419,0.5219957038608362,,,,0.5235811154073051,0.5240296403209372,0.5244061762913098,0.5241357145462008,,0.5220849994428555,0.5239734621453478,0.5244460507506395,,,0.5234803016592162,0.5220414805569823,0.5231714559871841,,0.5235498682494368,0.5232855998007632,,0.5231443304015162,,,0.5235517484407233,0.5233473600422966,0.5213780979701611,,,,0.85574298233121,,0.8567912250099612,,0.8566323652649462,0.8541041280341213,,0.8571499042694484,0.8567073374772527,,0.8601037210055945,0.8559760495414995,,,0.19119600165455758,0.19095346187749837,,0.19032836119554353,,0.19014021142254858,0.19072340819784442,0.19027065216955039,0.19092633419680619,0.19067828011771784,0.1900585558846623,,,0.1906615137391868,,0.19064468085567618,,,0.8589431722759804,0.8583018597449934,0.8545682297366012,,,0.855726513793829,0.8589739578113648,0.9155372072474537,0.9206140654718771,0.9206181390474485,0.9182277446794267,,0.917485863724726,,,,,,,,0.9202703336401901,0.1904243725440407,0.19039487285265735,,0.19019593611341237,,0.1906619012763737,,0.1913833262755752,0.1905094448057802,,0.19036058205868195,,0.1878889472205803,0.1903253189849004,0.19068167163291286,,0.9211834190218319,0.9193882727565212,,0.9183328286240933,0.9177583223878666,0.9199626212835621,,,0.8588100168431613,0.8575163800679474,,,0.8566967683402839,,,,0.8579057799803022,0.8562228199737059,0.8565876291033713,0.8595773717818118,,0.8581644662035917,0.8584823933163591,0.8580336572709706,,,,0.854767057427554,0.8575374893813786,,,,0.8576540708174574,,,0.9212712111110479,,0.9181303395697329,0.9186934203874756,0.9209589759041336,0.9205006005749465,,,0.9181220979753938,0.9171590518736418,0.918952324429341,0.9184410488612617,,,,,,0.9196808150450873,,,,0.9220306509644933,,,0.5078050012654067,,0.5092675708693255,0.5093771825508475,,0.5084886039325399,0.8328802153588097,,0.49007532715192503,,0.4894348415017747,0.2736156117955696,,,,0.4842544391000349,0.4848723738742674,,0.48444812834634526,,,,0.4847106996219351,0.4847526800906629,0.48544548053730163,0.48545050585382055,0.48579791846761333,,0.4838874949321815,0.4836481954607679,0.48511165686394503,,,0.4842123982447396,0.4857788069170786,0.48461095327461723,0.48436404347873807,0.48449437027987846,0.4856569314825686,0.4855524816553665,0.4853131257799788,,0.4853345440116125,0.48532174987393994,0.48540896361072416,0.48477058104862797,0.48525828407222193,0.48641865990140487,0.4858648039482205,0.4841502504523703,0.48670071837277024,,0.48468336817877533,,0.4847825773243458,,0.48666843027052836,,0.48480240104756334,0.48539414354658866,0.48541881150578087,0.48616016452995653,0.48376448113590803,,0.48419661019519,,0.48516521034466514,0.4860612037507812,,,0.4844145116774418,,0.48380870509996604,0.4851403053265751,,,0.4861179336774873,0.48316442172413004,,0.4855342354121388,0.48499476908591477,,0.4827322266247899,,,,,0.48507452475107454,,,0.48571359220911176,,0.4851326602251418,0.4845805064681414,,,0.4852824171274239,0.4855775511563556,0.4844761554069339,,,0.48658405556894024,0.4852712078423165,0.48483803357101185,,0.4845499622257175,0.48501481391540685,0.484990583541047,,0.48581052040470896,,,0.484650017130603,,0.48533857506048306,0.48275743111611824,,0.4862555781692382,0.48564564109673447,0.48321603998261714,,,0.4855213031430523,0.4851622660486318,0.4857590998328276,0.48346539882676587,0.4860341391806872,0.4853768428128699,0.4868484536863511,0.48417929201357296,0.48423644907906327,,0.4864015097941278,,,0.4853999372986172,0.4844985595298894,,0.484527694886922,0.4848843201023707,,0.4849710189373365,0.4841717935677247,0.48418061763118253,0.4842993541838831,0.4855357138756999,,,0.48474662664119456,0.48481337802365393,0.4852144435206032,0.4852458676639928,,0.4857518182942069,,,,0.48485784447401203,,0.48480524980638784,0.48450993616633964,,0.4848039437461063,0.48538447387695377,0.4860639439596959,0.48439498711465256,0.4843631611245079,0.48482898488991144,0.4859651291603638,0.484870176844502,0.48503365597582804,,0.4854630689844665,0.48421858021239506,0.48452384991588077,0.4858947882566781,,0.4848794141116285,,,0.48159493593362934,0.48302115215044744,0.4815703226361463,0.11761925471221246,0.8277355250196536,,0.09096097956760758,,,0.8240573313374824,0.9503966663672365,
4,4,DG_8pct,16,Z03_F02,3,SLG_A,298367,298161,True,13954.026479757189,14115.73269016575,2118.4137765303553,1058.1730239306785,1064.1715602985585,144.09248147899297,16.17449066432578,746.929734080475,756.8317259288724,297.66208136936973,299.1352383416333,199.49782545495123,5.066197013365155,12.784724083628252,18.946235136943773,16.228149937984053,112.73525219882518,29.516803943647822,53.164723094625636,231.0763746467894,,0.5610189199203237,,0.3266349150896531,,,,,,,0.8041909281401551,,0.09461319318424022,,,0.813795733363699,0.8142048737742528,0.9479331376333998,0.9480360833907328,,0.4766374439916844,,0.4758725984948219,0.4796794001146769,0.47922096616937665,0.4786786676456145,0.47262005892481557,0.47294027602698085,0.4712911463310057,0.47953480833764134,,,0.4792612423627325,,,0.11024875681385385,,0.47186010131577166,0.47369566564688453,,,0.4835466865764776,0.4829471210450096,0.48457178858466415,0.4856444466012035,0.48557891172225714,0.48395379499890545,,0.4860878308817869,,0.48346067940588555,0.4857936169664319,,,,,,0.12729937547077336,,0.817089537817653,0.9327121499968526,,0.13178459037543686,0.1312604137610628,0.13207668441541034,,0.1312630866626941,0.1320433543186403,0.13190747867071217,0.13136628673851078,,0.13183731340115798,,0.1317924281089967,,,0.1318207114088291,0.13160033318495276,0.13127841789114175,,,,,0.13188498854575567,,,0.4828964127592332,0.48249095367746486,,,0.49821550441653684,0.49698127389120555,0.4976244350144872,0.49777572029588557,0.49723437485258565,,,,,,,,,,,,,0.2264719381622574,0.22697628400978864,,,0.22728144546433973,0.22598941135165948,0.22658986143927273,0.226551909260067,,,0.2265248017301395,,0.22680133281613685,,0.22644397255440105,,0.2265011760921936,0.22690932768864447,,0.2260765704155231,0.22653817347335597,0.22711656480498352,0.22630950568554226,,0.2264801168957762,,0.22699202242710043,0.22661594441216326,,,0.2267407229686045,0.9108634718314866,0.9116052480202668,,0.909448733426321,,0.9117204845578643,,,0.9084654222120867,0.9117976591504053,,0.9128148118739071,0.9125471400457282,0.9110146319192632,0.9112767149346703,,0.9145058787532834,,0.9124366883846259,,0.9108343970203964,0.9103418524775407,,0.9104975483529533,,0.9104978126855685,,0.9144085214163467,,0.9058672065401611,,0.9095362261763704,0.9111675794020533,0.9128628481159614,0.9083333384688972,0.909862393967221,0.9110597061263055,0.9114013014328383,0.9109176687823642,0.9129676656439648,0.9123232977532035,0.9089987947366674,0.9108502602577626,,,0.8450564277824395,,0.8446268659492293,0.844993117540149,,0.8445445967226973,,0.8476271206951275,0.8465120340893658,,0.8464135481329371,,0.8491588909689599,0.8468545717025661,0.8430574315425817,0.8456948841780539,0.8457535593910601,,0.8460028535811492,0.845938109247188,,,,,0.8436847277036723,0.8431857701826879,0.8446490422179272,0.8439913143532117,0.8451493096022883,,0.8454961684822784,0.8437351678518242,0.8461477572837789,0.8457674040828407,0.8449845015782314,,,,0.8477876144630678,,,0.8450611003915623,0.8463438437576336,,,0.8434373915754645,0.8459104778317418,,,,,,0.842977702898093,0.485244335693063,0.48467802818626027,0.4838807368493887,,,0.4994250789242934,0.5014825201102266,,,,0.5005445897198754,0.20535916726244985,0.2055870949131984,0.20546194974431015,,0.2054543593430649,0.20534231456312127,0.20522367819253629,0.20530596061651815,0.20515390074595174,0.20546860098363745,,,,,,0.2052687202887124,,0.20498414927102607,0.20501524433120255,,0.20513905102170585,,,,0.2053460106649444,,0.20532223347506626,,0.20518958725682812,0.20501748644279502,0.20499678651271974,,0.20481911431740685,0.2053685283067155,0.20530664195081383,0.2058863618133648,0.2053458760901398,0.2053437840260253,0.20542642226643615,0.20491968978838238,0.2089393839948033,,,0.20887321030182182,,0.2094696998330338,0.2090753852479739,0.20904096278541737,,0.2099585205174588,0.2095624927637097,,0.20957071800005958,,0.20902319174685977,,,,0.20935732790323291,0.21002638825081532,0.20967077158163175,0.2091917855088554,,0.2089195484943839,0.2083736146700811,,0.20935886295427333,,0.2086631135471538,0.20940023905292432,0.20933447992569076,0.2096479494881029,,0.9182325077207028,0.9170702748540134,0.91730872092355,0.9204046959562837,,0.9186976095496041,,0.9176415487604325,0.9165840919222407,0.9162020638481863,,0.9162933312585052,,0.9154183724989238,0.912522601880102,,0.917479631784261,0.9176626216399432,0.9155780079762518,0.9172819148942899,0.9164735657407124,,,0.9122774445354782,,0.9185351987984216,0.9165473813179945,0.9162184507891825,,0.915821122035308,0.9162709872010042,0.9160630370785301,0.9198422166374156,,,0.917656300269984,,0.9180743520907861,,0.9170427769383458,0.9170403781661258,,0.9187501163519949,,,0.9185471022795016,0.918916447005973,,0.9161073884790872,0.9191226638893697,0.9166902701366063,0.9183213596976944,,,0.9167878063111817,0.9197144123554486,0.9178061160734801,0.9168349109874986,,,0.9133245129011671,0.9148782352673492,0.9161032533611595,0.9176252712251393,,0.9190817460155333,,0.9171741867990602,,0.9159299037488087,,0.9187428430348941,0.9145602214802064,,0.9159086392405047,0.9166112669368718,0.9184343565101059,0.9156175588845337,0.9168616844475987,,,0.9169721483789461,,,0.9165402812433217,,0.8525561105623628,0.8490443698317972,0.8490982735743589,0.20245193740079856,,0.20331061724060495,0.20337812208723552,,,,0.4926501221638165,,0.4918177957208766,0.49228999580471144,0.22358695617411395,,,,0.49609105921422286,0.4958408384657373,,0.4853816476483536,,0.4690425234936253,0.4684300363686544,0.4702776934350712,0.24904547437588778,0.846085159583013,0.9077927466958619,0.25845837312237785,0.855860273340109,0.9115416350330088,,,0.9129197591197865,,,,,0.8581681872051857,0.2625909623683677,0.8571336610644649,0.9124476372038901,0.8657607795580016,,,0.5123721362783783,0.5110507232565034,,0.5116038345517467,0.5113478729046921,,0.5099414400980292,,,,0.5107741843286538,,0.5106770839107787,0.5116973994565215,0.5100636606286738,0.5103028166393623,0.5100366602573564,,0.9163437038328238,,,0.9206994749041607,,0.27682675265762907,,0.2766503095284241,0.27742280326760094,0.8743401548049142,,,0.8726456061103555,0.9210230101430059,,,0.9203587811151526,,0.5155573709493809,,,0.5176257623171456,,0.5178088843710603,,,0.5167572292281635,0.5162058096396742,,,0.5179635760763707,,0.5170388681403091,0.515487504315902,0.5169725743668125,0.5183160153445887,,,,,0.5159981474520545,0.5166219056447944,0.5159964238180907,,0.5163257867205064,0.5159332333356395,,0.5178753935780251,0.5163781679699596,0.5160509661392231,0.5180824534916532,0.5159071167758766,,,,0.5174384462905517,0.5160151668483445,,,0.5163212412416853,,,0.5173690047196053,0.5173087761278014,0.5167272310805597,0.5185854919673732,0.5167116187554488,,,0.5166368299142611,0.5170206469827944,0.5171158830035082,,0.5170297353775548,0.517495291345728,,0.5167674987142828,0.8459581102254861,,,0.847133677362922,0.8486880881251265,,0.8466440337140544,,0.8477230611909156,0.8487717724559202,,0.8497775007435424,,0.18986606491487767,0.19027265171672533,0.1902873694511407,0.19018534029967096,,0.19049743948053535,0.19067634245563303,,,,,0.1900461924609638,0.18980755624419843,,0.18984786235621906,0.18977242161014948,0.19017923588587501,0.19054015823324183,0.8516535587705586,0.8515243786935668,,0.8489175937919355,,0.8528130845286188,0.8498365019783016,0.8518953625688487,,0.9214633392120206,,,,,0.9194466658535488,0.920619971375795,0.9197185008739442,,0.9207747288968327,0.9213708975720958,,,,0.18966409499423495,0.1909583358129522,0.1898463828757997,0.19025373009625302,0.18978726924867478,,0.1905974197837799,0.19039530046158096,0.18999657489006122,0.19051044481531923,0.1900247177317445,0.18700537678584309,0.1894885693901551,,0.9198043273519421,,,0.9211164497376418,,,0.9226749928188491,0.8504586012018543,0.8485630772586611,0.8494338005220355,,,0.8501835821001275,0.8507143693504875,0.8493333993545349,0.851291915562076,0.8516256808073005,0.8488943997266287,,0.8508916136443762,,,,0.8485917991137306,0.8512175360272649,,0.8513904913190076,0.8495855618836117,,,,0.8512890757698066,,0.8507575703497584,0.9239670388923062,0.9232849762047745,0.924764397758112,0.9222325748380414,0.9240650815317821,0.9206598509569078,0.9231216448946782,,0.925474987394379,0.9256130405061322,,0.918917338015241,,0.9203339718452328,0.9207532870789235,0.9202189457120913,0.9235299463610481,0.9201867439570337,0.9214145912602338,0.9224433882182317,0.9217418058035397,0.9199583474903772,0.9227938154831135,,,0.9206728225665832,0.5041674687786565,0.5022263769707184,,0.5044644932127806,0.5028645275618887,0.5034797796261604,0.8234362121265633,0.8145743367501741,,,,0.27009995308919976,,0.48002702718989576,0.47935955421578463,0.4797594265497047,0.4791838233357324,,,,0.47858702225597705,0.4777214854276266,0.477804301422041,,0.4813796785510334,,,0.4787102263545706,0.4809180729598185,0.481178169252351,,0.47944303463742616,0.47835958419929664,0.480466480326374,0.4793643164403,0.47966685227140515,0.4783519951894955,0.47945329829607286,0.4810878314460572,,0.4806158476796135,0.4793080806261764,,,0.4800056203384176,0.4801124785286012,,,0.4788397632545782,0.4791921885107931,,,,,,0.47934156361591096,,,,0.4778983588565617,0.47979603595011805,,,0.4796585409827801,0.47971285246721973,0.4780781901557357,0.4790019751074078,0.48021023929195833,,,0.4795545769269088,,0.48011993725846924,0.47923388669595923,0.48103266572767733,0.48084421412378486,,0.47947167984432637,0.47972912882309426,0.4781871745875249,0.47916270800815863,0.4793398408707864,0.4803932197264322,0.4803895371289106,0.4806893833255052,0.4794714809295095,,0.478687558075093,0.4802894142096251,0.48041299422500383,0.479541170853038,,0.47860079624666513,,,,,0.4793569897852103,0.4777016984882398,0.480284550387237,0.4792440436499188,0.47939253691089373,0.4798760364755341,0.47869144533118335,,,,0.4793041699348989,0.47822341234543125,,0.47847270917178264,,0.47969247571185286,0.4790569231679539,0.4791353441471151,,,,0.47884420174352366,,0.4798200565860459,0.4802640435328294,0.47863039020532855,,0.47911848456016104,0.4797032784770397,0.4790483565914436,0.47873760374151514,0.47910766438797164,0.4807093210708721,0.4808504563790214,,,,,,0.47795393534633646,,0.4811645289683885,0.47944613234496225,,0.4777122025077846,0.4802954507301275,0.478948372029199,,0.4788463072450395,,,0.47850806357747266,,0.4799587972963252,,0.4800733789763454,0.47861785316730315,0.47977322236095654,0.4797549967277144,0.4801750376964845,0.48008703705567646,0.4802274905928019,0.47954109201295303,0.4791141394276759,0.47834343955160497,0.4796436421679546,0.47989475400490783,,0.47927967833792734,0.4801321307025942,,0.47929375317121414,,,0.479165644619592,0.478415582019672,,,0.4792363561132424,,0.4794929729565033,,,0.47709794695449254,0.47620096955303665,,0.11943654534271862,,0.9355848379057388,0.09447068575927486,0.09391356100818707,0.8141026381693838,0.8129135356181914,0.9528260593835798,
4,4,DG_8pct,16,Z03_F03,3,SLG_A,157115,165448,True,13395.400058977193,13604.954463347362,2164.8452576339073,1086.5355731715906,1088.9121415418917,146.46512259913493,16.080730082066324,758.4194114435309,767.8462389060024,302.18326578341106,303.0573912335526,201.56062101726516,5.048076215997529,12.657501289932796,18.92521687523941,16.23073853375273,116.96399736039076,25.79383298947403,52.96166456962364,232.8571956708972,0.5709215163921748,,,0.34932109651783577,0.7950315508236958,0.9589885033127077,,0.4823793762056374,0.4816462648707754,0.4823607850149402,,,0.09095801863916504,,,0.8193095810442069,0.8238762444486594,0.9479877050046474,,0.9485293495050908,0.48333176944362977,,0.482372096288896,0.48429572044896946,,0.48509047032661123,,,0.47747505902641224,,0.48477346989252623,0.48573575214902465,,,,,0.47786232981877713,0.4776475083777836,0.47890257528256625,,,,0.4900428980353824,,0.49035538287526187,,0.4897722827194115,,,0.49094518876614507,0.48986781362907444,0.4908445073855043,,0.4906250000212162,0.48930391888780556,,,0.12563495290596133,0.12554760861418415,0.824124245282907,0.9315817415749363,,0.12975303950355677,,,,0.13000867716634762,0.1297834145073806,0.12977104464574327,,0.1297381355908335,,,0.12992552417324568,0.1301533455103392,0.1298700140876975,0.12971174686356018,,0.12991255961997406,,0.12995494752933287,,,0.12980494768875012,0.13004967560517133,,,,,0.5033847167857342,0.5041828518065599,0.5042556252546206,0.5047527658483353,,0.5039236344051117,0.22851080195685972,0.2288132397633377,0.22944857161239268,0.2291815877881792,0.2285007546074749,,0.22866277521445924,,,,0.22834872340066234,,,0.22789583680195483,,,,,0.22849264381868428,0.2282578557883962,0.22782125502482423,0.22933970346175175,,,,,0.2280558736351515,0.22822225337846336,0.22857713004903504,,0.22837084918686468,,0.22829607384275752,,,0.22752429420269782,0.22843224061120787,0.22793027793467724,0.22792067521639417,0.2288288057189936,0.22829360030214335,,0.2285484686654015,,0.9088811471438374,,0.9086993992230616,0.9087410986852867,,0.9099505838675955,,,,,,,,0.9092309485512772,,0.9099026017958755,0.9068753557455658,,0.9082779497845477,,0.9069486370762364,0.9100310374569851,0.9084387795338716,,,0.9075565673495447,,0.9091788820112874,0.9058955301296807,0.9070123821587773,,0.9072204461140501,0.9089134910637283,,,0.909225509572928,0.9082909946587574,,,,0.9075017875706788,0.9068451509586278,0.9068377029666241,0.9116811105719242,,0.8501639633373093,,,,0.8556620089720561,,,0.8540911217489608,,,0.852436561101031,0.8523298273101843,0.853623578276019,0.8540283662050988,0.8558085017785219,0.8525904116756072,,,0.854741668441293,0.8558307551563801,0.8533582617897753,0.8512521442922116,0.8534986755455203,0.8510805612511141,,,0.8538605771499254,0.8551067922188356,0.8510101314846802,0.8519229322313996,0.8532368847882397,0.853709530952685,0.8549195366282133,0.8513727612121448,0.8503062440785869,0.8508781134002897,,,,0.8541464126716463,,0.8547497350645039,0.8554596617615606,,0.8523327213801696,0.8544312414193659,,,,,0.8534321202144075,,0.49052393307506,0.4908348661191409,0.4911661169148071,,0.2243208734952166,,0.5063338762333411,0.5058463682098803,,,0.5081038990864599,0.2062789386954805,0.20584332801354863,0.20613588424921528,0.2060253860192271,0.20614394399926017,0.20635676142254358,0.20590318270984462,,0.20634105019608104,0.20575273637485184,0.20601560035976088,0.20653568435207043,0.20610775523351327,0.20657643869592182,0.2057329098136991,,,0.20626892319824422,,0.20633967397094674,,0.2052617511801045,0.20539272042909082,,0.20617267874837245,0.2058234197162658,0.20564134302213494,0.20650445879353743,,,0.20639460505721685,0.2060381651100026,,0.20611680971910706,0.206219603671975,,0.20649336916155928,0.2062566155052377,,0.20571937517054384,0.20940881298461844,0.21037521773469656,,0.2101780803143368,0.2110703180339122,0.21033674437925293,0.21042554451610895,0.20992932697170488,,,0.21059680271088815,,,0.21038493785212312,0.2106848955321059,0.2104490212277053,0.2100530239393222,0.21056265001342592,0.2107877711863284,,,,,,0.20990830602726493,0.20964143686961176,,0.20987803090201254,0.21083547774217856,,,0.21081227814464332,,,,0.9157722386618046,0.9188160656824427,,0.9156396876582905,,,,,0.9134244269418249,,,0.9136964577532211,0.9142063723336995,0.9141776670588849,,,0.915055212899764,0.9142819072876183,0.9130523269834281,0.9151331305975061,,0.9111716524645948,0.9131558667875609,,0.9174178667204914,0.9139044710482399,,0.9151281349151063,0.9157380974750576,0.9150832490651375,0.9158371076545891,0.9158137057722966,0.913921368178778,,0.9180850134047948,0.914526223789354,,,0.9162887043973134,0.9149415853072272,0.9149038963959425,0.9188348769860605,,0.9184077817020422,0.9156520382813257,,,,0.9153874576417631,0.9163927515832758,0.9170728451847008,,0.915520428558148,0.9199816753216524,,0.9158157903688934,,,0.9149260953077955,0.9145891962501526,0.9150976116140166,0.9162567048794117,0.9174128293664414,0.9162818217582813,0.9142228434319708,0.9157797687163312,0.91401689991712,,,0.9133212105299549,,,0.913058182106098,0.9126903698106866,0.9164411298412486,0.9165950530433764,,0.9144828956733109,,0.9159429672967625,0.914212004371811,,0.9139389097183741,0.859810018673437,,0.8569334613973715,0.8570237910415724,,0.20439078778342343,0.2040343927808385,0.20406440154372854,0.20445679507820186,,0.49860451674010553,,0.4984029977909475,0.4977801396612679,,,0.8501401854203576,,0.5036585026688977,,,0.4909407634408129,0.49239541598549585,,0.4764469586660803,0.47565198407330733,,0.25248422156626404,0.8490410240278816,0.9031544600395589,,0.8605425319568123,0.9104799495986212,0.2639711451592401,,0.9088251225966321,,,0.8649932543300604,0.8627286877953987,,0.2664269931244189,0.8663521400941657,,,0.8707817796980449,,,,,0.5170244773922187,0.5153362539167984,,0.5164406945199708,,,0.5164344781389494,0.5171261417124214,,0.5176977511596685,0.516433946305005,,,,,0.919453195451362,,0.9188429976740491,0.9169665012246415,0.9122931548009975,0.2813826248820121,,,0.2812890219752452,0.8813516064839136,0.8825112802933266,0.8796660174227428,0.8796408918632138,0.9195383856415513,0.9149835393163505,,0.9171907834648059,0.5250477695491913,0.5226138563154272,0.5235931568352972,0.5243442060719852,0.5232381870176075,0.524251912513627,0.5236172654266491,,0.5234525367893844,,,0.5231990854588895,,0.5244364603403884,0.523915829526412,,,0.5242934446668266,,,,,,0.5243091440596581,,0.5226073747949048,0.5238233634926736,,0.5232085964075444,0.5231703774706244,0.5229562619185312,0.5229495981305174,0.5228240301599935,0.522383638554362,,0.5234303725003175,,,,0.5224407933274844,0.5228469773772942,0.5223454298816532,0.5227259570925663,,,0.52335722280906,,0.5228753909988862,0.5226850466550572,0.523229163841298,0.5228068341355296,,0.5231747059526655,,,,0.523822061144922,0.5229863229987304,0.5230355111818608,0.5222014489463948,,0.85579135599765,,0.8568751393663794,0.8566702252649013,,0.8564295484283017,,0.8546413620738326,0.8568822591766618,,0.8580090321995475,0.19143911310516273,,,,0.19047425307580346,,0.1911630588718145,,,0.1909323943988228,,0.1905062889508187,0.19064428897662156,,,0.19082961166050816,0.18996913269541477,,0.19109583468444868,0.8580056213041443,0.8576646559272165,,,0.8575284206728248,,0.8602572055245187,0.8577320568068719,,0.9170531883568561,,0.9185029643446415,,,,0.9205446256172122,0.9199599910812698,0.9188889778870487,,,,0.9212316720276793,0.1906812139895884,,0.18993554601235837,0.19071202333001191,0.19042879130827559,0.19095655327384048,,0.19086590802557857,0.19082390824907883,0.19070080235781783,0.19037563519665748,,0.18791905251860166,,0.1902151345103205,,,,0.9190393600398369,0.9228036310835284,0.9204119658491355,0.9203060331522486,,0.8562601799386911,0.8580047205290617,0.8588556462606635,,0.8577884224497189,,0.8559868486805886,0.8561274426060217,0.8566799603553203,0.8564948220407603,,,,0.8579831646886406,0.8585060856815887,0.8589559243545573,0.8545169613887488,0.8573462110405831,0.8594885269484924,0.8562243672863767,0.8567679225329432,0.8569727149568228,0.857765879940223,0.8578682736784049,0.8583169789518083,0.8568232698733196,,,0.9190429840075397,0.9211060001247016,0.9212313658985463,0.9195303265838654,0.9186721791538925,0.9193251350178453,0.9210251193848183,0.9199717618475932,,,,,,,0.9208729694878836,0.9186518275239689,0.9220636190380317,0.9209068307399668,,0.9177267674620277,,,,,0.5105575045894009,,0.5093736805297054,0.5092474218023635,0.5092160021522208,,0.832571921167307,0.8231165642318177,0.4881858005723094,,0.4885977606947073,0.27290419409971756,,,0.4849583704339903,0.48503244471044044,,,0.48509351815226626,0.4837767807539109,,0.48536589382648865,0.4831388084852589,0.4853043015980215,0.4846023589521171,0.4847800906019207,,,0.4867873880005869,,,0.4853914520046528,,0.48488724734012884,0.48528250352084695,0.48616951425234356,0.4850256674731943,0.4852243301423785,,,,0.4852706725902213,,0.48412385852779294,0.4857669941738995,0.4843278963028987,,0.485162714100328,0.48490637098067363,0.4857319744119004,,,0.48511089382931355,,0.4840489829607261,0.48466471581121867,0.48400603539142134,,,,0.48488336784951763,0.48568380087123375,0.4862323294102605,0.4850345648243188,,,0.4859263238567562,0.48569610260686386,0.48510210765563083,0.48607362076446614,0.48560455912074163,,,0.48519742283234285,0.4836038533287103,,0.4851259070223283,,0.48481073190919555,0.4841721171705293,,0.4842645500778076,,,0.48466147649093044,0.4853380557292423,0.48485509958658307,,0.4850478140517158,0.4857775158606741,,0.48529802624971224,,,,0.48526294851309043,0.4852203747723593,,,0.48519566866694697,0.48521394062124934,0.48539761113474705,0.48561137561153567,0.48618325873328133,,,0.4848770950045822,0.48402952374672875,0.485880247861767,,,0.48660939250945257,0.48521877093320315,,0.48584330610133625,,,0.48516735678942285,0.48500671040752574,0.48522161001528236,,0.48563276138535844,,0.48650401561315837,0.48441616333713033,,,,,0.48467930259537545,0.48487315122884295,0.48366441782453756,0.48512215804833225,,,,0.48610093228801066,,0.4854328301053577,0.4843375675959111,,,0.48542968057692076,0.484930131511535,0.48501787087509074,,,,,0.48512510989598207,0.48466306020502964,,,0.48461263507380903,0.4845414345379666,,,0.4843682131537048,,0.4850588967844602,0.48423680736935387,,0.4852225759884016,0.4851764738675564,0.4859921813153271,0.48515931618582003,0.48518846717521286,,,0.48463341928388254,,,0.4861705877201746,0.48655712687694225,0.48440853598013867,,0.48452503564308286,,0.48576774095077085,0.48402600908703136,,0.48178264414829164,,0.1173939573058619,0.8273245076234692,0.9338492177173375,0.09105923458240733,,0.8212528685089784,,0.9492490304599958,0.9478909351202319
4,4,DG_8pct,16,Z03_F04,3,SLG_A,298362,298161,True,13866.064647579757,14120.697235956679,2107.3214194803763,1058.3977422503083,1065.2503709355528,144.3087455200323,16.08811284735724,744.4510334672386,758.9956300979959,298.6853417572277,298.6337948120954,199.50028229900315,5.068042911080731,12.782326316351973,18.823613500332993,16.239724434302005,112.93289552363474,29.34025011724789,53.180453656721916,230.531695095731,0.5593298377629456,0.5578124680906099,,,0.7919751071105035,,0.8236888318426736,0.4779269598604043,,,0.8052167005959457,,0.09497301748888064,0.09428386882379451,0.8152259388308966,0.8131154475317751,0.8137482346282084,,0.9487121910636842,,0.4774479850390584,0.4761963255535051,0.47758877773314407,0.4793054698478679,,,0.47145233993593144,0.4718311636427476,,0.4785327316193356,,,,0.4793770092405951,,0.11037591377307601,0.47328458682478225,0.4717011603017957,0.47325544691808125,0.48118314025340925,,0.4837883312247046,,0.48556690238248595,0.4839793302124897,,0.48415443312816175,0.484969569942047,0.4856468100260719,0.48483622656538805,,0.48304574459610516,,0.48480530529607746,,,,,0.12755545039228117,0.8180090774819697,,0.1314491899865596,0.1316209987194537,0.13187442312111014,,0.1319877177693808,,,,0.13207999564957917,0.1319407544766107,,0.1317404431642537,0.131431233143274,,0.13177631535097975,0.1317203326796796,,0.13162612094816734,0.1320818484265177,,,0.13139992851559854,,,0.4825532975283113,,0.4825525400466801,0.841731427451869,0.4976223919762555,0.49685984227393326,0.497561322179266,,0.4971158347703345,0.49769875524116974,0.22702296883310744,0.22680812762338745,,0.2276153122642513,,0.22638910683504754,,,,0.22654865105726804,0.22704322387398593,0.2268081338444455,,0.22645797572871934,0.2268377016046089,,,,,,,0.22612512598650245,0.22607348387656473,,0.22646671510043995,0.2264962785299875,,0.2269180727095695,,0.22581965089833764,0.22631543242275873,0.2268157426680094,0.22576101838991955,0.22576956683299368,0.2263923301959609,,0.22678757549161394,0.2266481097578379,0.2264845281906319,0.2266659921250903,,,0.22673494705620437,,0.9075776720611267,,0.9116030839532728,,0.9118838609441546,,0.911129871286133,,,,,,0.9097572903300813,,,0.9101452926705719,,0.9128147922182149,,0.9088388678018249,,0.9083896884365584,,0.9108110317859195,0.9110830198089828,0.9108170412483403,0.9120971434593667,0.910474484104677,0.911549963342301,0.9113421694352027,0.9119181462305846,0.9088019652352749,,,0.9079680156845786,,,,,0.9066383817682019,,0.9092079044454805,,,,0.8454569159044262,0.8457579113595631,0.8484811623717095,0.8457181428396187,,0.8422723677426733,,0.8457898119277332,0.8474535195450635,0.8462553395209516,0.8454519431146963,,,,0.8431751481839551,0.847101185666321,,0.8450297363464869,,0.8480289016140287,0.8462016544285673,0.8459056152068779,0.8460016142396906,,0.8429839291938259,0.8468240356981019,,0.844078694692705,0.8452337925696886,0.8445509807010555,,0.8437114980069998,0.8433307486155217,0.8452149389063728,0.8484899523938144,,,0.8467885213531928,,,,,,,,0.8446042898315228,0.8454772603932742,,0.8458608456736433,0.8443387787709261,,,0.48652018214301196,0.48592517386608564,0.4861601396165944,0.21074212909990844,,,0.49846827797681686,0.5010882680161167,,0.5001737548532067,,,0.20546836761541984,0.2054550955460408,,,0.20573238647350744,0.205418751160859,,0.2057147554040295,0.20555474341347188,0.20536979319460116,,0.2047862523104818,,,0.20556030011651066,0.20529259895571927,,0.2049249464336177,0.20516383651913195,0.20540038558565382,,0.20502783750760922,0.20458797068936468,0.2040492857571714,,,0.20534406196796332,,,0.20526695883772092,,,,0.20491442200929874,0.20454240973245352,,0.205055749695444,0.2049213534186957,,,0.2090735414513503,,0.20911549339190316,0.2090868867160454,,0.20934403909626934,0.20899166240171843,,,,0.209237661218772,,,0.20960690757960637,,0.20915918555602248,0.20924028237724768,0.20936306625795453,,0.20973876584285028,,0.2086701514424763,0.20887829079499048,0.2091521166028117,0.20928684367142225,0.20925682322396402,,,0.20883638272261712,,0.20876522035325576,0.9157458170541988,0.9200428102933224,0.9179679118870763,,,,0.9192448868605526,0.9118963105486056,0.9196778198124818,0.9175758319123533,,0.9134746200323834,,,0.9170124638649205,0.9161497019992264,0.9170587801750582,,0.9162516251142695,0.9176994355972415,,,0.9134816046102648,,0.9158600216330506,,,0.9178254166026095,0.9135932771159008,,,0.9167685095688966,0.917151748158449,0.9182203092360767,,0.9203182985936972,0.9198046207532916,0.9182318673456981,,0.9175172532197587,,0.9176373700208836,0.9204961897813819,0.9185984171652252,,0.9188768412904456,0.914120415364393,,0.9189445837454902,0.917928472287355,,0.915573220233963,,,0.9161900232828608,,,0.9159516954154571,0.9152861209992196,,0.9132956156641429,,0.9150913679291918,0.9166248958122575,0.9167081860977891,0.9168264314940333,0.9178399327226413,0.9136072734796541,,0.9168669982200484,0.9150221729255993,,0.9160717309646552,,0.9193623477339951,,0.9185805404241705,,0.9188094661798885,0.919052423732875,,0.9181510146016806,0.9171335218818933,,,0.9170689760547156,,,,0.8496265502609287,,0.20366703521445573,,,0.2034151679465822,,,0.4921144621152083,0.493429306208287,,,,,0.9089685967365774,,0.49808134211578725,,0.4836850507818443,,,,,0.47070184826706724,0.25064714070200905,0.8436511248295996,,0.25853930023591326,,0.9126713012905361,0.2609848093301398,,,,0.8617278882277203,0.858848627212062,0.861276175617049,,0.2626367424785907,0.8601416502081008,0.9142613735805273,0.863437916757898,,,0.510207248160014,,,,0.5116236174858739,0.5094583563566281,,,0.5104368057886809,0.5088324093958739,0.5092221953225456,0.5108970942796625,0.5114964699822738,,,0.5101605663505319,,0.9173916257342705,0.9203657332322119,0.918721736903696,0.9187607706946643,0.9170693682474568,,0.2777958653779289,0.27771217639454754,,0.2770555088245794,,0.872536245904941,0.8738967800545676,0.8741106516402821,,,,0.9198283440422356,0.5159540353990744,0.5168012752515184,,,,0.5155566859771566,,0.516547566858414,0.5156484747277379,0.5170006500560794,,,0.5159578511695465,0.5181615920529367,0.516723491963222,0.5180625934225139,,,0.5164094032400559,0.51746097730861,0.5166381447041513,,,,,,0.5181104929105098,,0.516708340154441,0.5163558123654193,0.5184540379516736,0.5157297197467877,0.5164507500719362,0.5164353105149299,0.5153507690421425,0.5162162981664857,0.5176025588459,,0.5164163074780079,0.515893312223365,,0.5159117494344049,0.5165768161857347,0.5169555740220698,,0.5169846536655743,0.518603288556447,0.5157333333737342,0.5169672390695783,,0.516597621308292,0.517573363407334,0.5170854014817319,0.517606819176811,0.517869685263258,,0.5169568722600261,0.5153573560169596,,,,,0.8486169389470696,0.8482527177745823,0.8462749690430205,,,0.8473214447951863,,0.849457810397089,,0.8467195219814525,0.1905854045898008,0.190179676415614,0.191067173873473,0.19055686994215973,,0.19077149112641698,0.19033231972034967,0.19052465968474241,0.19020268336823937,0.18986647071887897,0.19033998859752035,,0.189572816116327,0.1903144942736752,0.1903539478707025,0.18999965078704958,0.19005621882250812,,,,0.8502878795413226,,,,,0.8546696701568297,0.8525518484560259,0.9203774931110423,,0.9193182983045038,0.9197533849618357,0.9183257814364687,0.9206252790372117,0.9200027359783102,,0.921214076569674,0.9180491989647113,,0.9203924406607704,0.9218765954041652,,0.19007094090301463,0.1899835076605689,,0.19021208478163135,0.19062188170789532,0.18988167569211,0.190254000292419,0.19061118138154887,0.19070387311840784,,,,0.18767122259678398,,0.18960447998908253,0.9211073828576918,0.9209875061488609,,,0.9208110354631458,,0.9216749386283879,0.8482464439224695,0.8518190513548399,0.8488228374618818,0.852310332995209,0.8504475922673398,,,,0.8512449756042074,0.85203707537857,,0.8506884364700843,,0.8500459163859712,0.8516180532436253,0.8487305782169672,,0.8488496824005068,,,0.8502415441273702,0.8506686134388637,0.850906639585986,0.8495124639009416,0.8500975919623353,0.8493923227154658,,0.9216895453910302,0.9247930989100448,,0.9244681741550738,,0.9212668637627257,,,,0.9203928378427304,0.9199760504280566,0.918338989278252,0.9247016348730475,0.9192040772762431,,0.9205975374591904,0.9185401544050384,,0.92097226312682,0.9199267730692727,,,,0.9204883743675629,,,0.5035591755104034,,0.5040628225878048,0.5027363512556333,,,0.8260975340360328,0.8149848259476458,,0.482856367177859,0.48367031790107173,0.2696504399345716,,0.47890963914244783,0.4785698110990146,0.4792980728299142,,0.47881816785149767,0.4799259576014038,0.4799128859169765,0.4803052437633449,0.47869785931920333,0.47882120374763487,,0.4780581224062497,0.47977222215852056,,0.4794249000571628,0.47933561994138085,0.47960592509709093,0.47915307111700955,0.48051120286149596,,,0.47879445588843567,,0.4780827208275243,0.4794453575727498,,0.4803589732502232,0.4789837285676309,,0.47995169796064996,,,,0.47871312575478986,,,0.4792339049936113,0.4791045041260946,0.4790360933742541,0.4788831393240025,0.47827911857026245,0.48066997491131885,0.4795210828914456,,,0.4786337144671956,0.4788951537010798,0.4788495328571526,,0.4793131507892786,,,0.4789977104720081,0.4797394033962053,0.47960466772437615,0.47968777549234504,0.4784938780536935,,0.4811359242276989,,0.47969027941086617,0.4790983670407354,0.47812357152208057,0.4792604507331285,0.47879753202995395,0.47953585936370824,0.4789090703093048,,,,0.47879948086516155,0.4801407964631418,,,,0.47994288307265437,,0.4792446878929382,0.4800706203429989,0.4790853249607139,0.4786381073914553,0.4801331125838375,,0.4794242385419425,0.48008950928687666,0.479250541140446,,,,0.4792264286388781,0.48060212840461025,,,,0.4798303174241593,0.47877021723335017,,0.4796546491238588,0.4782027589008844,,0.47978787363021097,,0.47889477167029343,0.4785175373620891,0.4792148268664195,,,0.4783174539035007,0.4787421115517679,0.48060017838933,0.47966596190931127,,0.48001167332053346,,0.4799245784357458,0.479325217314644,0.4790626736371328,0.47929786699505517,,,,,0.47912770320941334,0.47977109050469013,,0.479004831735711,0.4784309913020721,0.4793925149282723,,,,0.47923690308508377,0.4784529294126712,0.4789431442582219,,0.48026409061049863,0.4779737376438697,0.4797991013650797,,0.4780112795925851,0.4800127904959651,0.48046823343433476,0.47851607404614227,0.4800348340267535,0.48163406088200206,,,,,,,,,0.4792802154406593,0.4792025150148899,,0.47972686824413724,,0.48040169427037016,,0.4795152738477547,,0.4780947115499114,0.478718624254724,0.4785257576086357,0.48040911700109973,0.4795651417832338,,,,,,0.9345831964024647,,0.09419002989165419,,0.8109358195004196,,0.9492812918816131
4,4,DG_8pct,16,Z03_F05,3,LL_AB,298367,298161,True,15294.731667018395,15386.665948996531,1453.010576316178,605.7380083108325,607.5295604707756,99.67182144860786,10.910486694923957,391.6871685207815,416.7380423765728,160.11829713895528,160.2282249253538,104.41602924112992,3.681284085128246,8.456215599836186,13.260343634247242,11.18912143173878,82.29716987641257,17.903558143477767,35.81876504358523,128.30208135319987,0.22251910382731468,,0.2235238969526487,0.31618062684930975,,,,0.0001233405414986865,,,0.09893454670905238,,,0.0997991157287465,,0.09966444194918166,0.09983250874902803,,0.8069676775825808,0.8036415055574648,,,,0.00012228560037302503,,,0.00012178683371451389,0.00012164940026805035,0.00012193033774905506,0.00012217532959832097,,,,,0.0001221892757305865,,8.121746811020959e-05,,8.139526274361766e-05,,,7.2750517580164e-05,7.295864015115763e-05,7.290548316770579e-05,7.28245184933821e-05,7.264097963817723e-05,7.28076825470427e-05,7.291825516254614e-05,,,7.27974017216734e-05,,,7.289694217442285e-05,7.290271944220857e-05,7.292539767080613e-05,7.283373166775505e-05,,,,0.7764959123501576,,,0.13962405263632435,0.1397543520773404,,0.13940456717720104,0.13931184641964883,0.1395481236938042,,0.13911325465850924,0.13976380185294848,0.1396291516324018,0.13930222351199412,0.13917777684044377,,0.13957819206694022,0.13955554350269694,0.13944221911698515,0.13968742387446337,0.1390818940928758,0.1391534074052648,0.13940993249186115,0.14005829864106398,0.13924296298496347,,6.589965266381407e-05,6.610910308956164e-05,,,0.00010852579040083739,,0.00010405033204194255,,0.00010362930329278956,,,0.24056494126984337,0.2410625437445369,0.24073547185870584,0.2405228277551072,,,,0.24043903104746253,,,0.2401131656251715,0.24050639635694174,,,0.24050987229021353,0.24004788224620194,0.2398606373919786,,0.24065520773617688,,0.24040981887290686,,,,0.23969544686187333,,,0.24076166836202925,,,0.24061554731458015,,0.23982304953360925,0.2400891740081906,,0.24037637923387473,,0.2400663620226273,0.24026144142943998,0.2398152153341051,0.239399260946865,,0.7016148401251548,0.7024839825443012,0.7020726799976813,,,0.7006834888358152,0.6993706225973132,0.7053552772563301,0.7033064470097948,,,,0.7023725643311347,0.7011195026363589,0.7019923430105165,,0.7035212489541115,,,0.7036718977685658,0.7022789235214363,0.7021598669163259,,0.7002952269962831,0.699503355983514,0.7036872343202437,0.7017329736314891,0.7009927513437658,0.7028377491668266,,0.7030381750424901,0.7031117966869757,,0.6996440261163462,,,0.7021049716374113,0.7035720775470208,,0.7027295981403073,0.7027962149899483,0.7015152197970872,,0.7002776968826304,0.2400489384123187,,,0.24054893431101335,0.24051070756259876,0.24050806173297698,0.2400582321551537,0.24014410443517842,0.2405963420682836,0.24059698360898582,,,,,,0.24054345534990887,0.23980567678206738,0.2401944818209506,0.24110732966019346,,,0.24078536228595768,0.2401544010387695,0.2400745815827339,0.24008462194256772,0.2402747422090846,,,0.24027880910073496,0.23969394732569485,0.24079339266197236,0.239764278597823,0.24080288896008628,0.24025853227470162,,0.24038709878302184,0.24062788915725727,0.23926645790878995,,,,0.24062597173456404,0.24070391408492495,,0.24091996314138278,0.24072163330264992,0.24026966746095146,,0.2403629489312734,0.23992552678865448,,,,0.0001307512536652337,0.00013090497537163827,0.00013081471974876068,,,,,,0.0001209243613407464,,0.00012128614707027109,0.21708304990625193,,0.2166264302673003,0.21763140680398782,0.21740140276744785,,0.21788797094162896,,0.21675993781539976,0.21706882127750576,0.21712463917258515,,0.2169021712020251,0.21734390812572318,0.21779033965074646,0.2170831159340254,,,,,0.21697382482237332,0.21747266829173378,0.21663089736624808,,0.217664429841843,,,0.21696625503153336,0.21765226910909805,0.21660839565074563,0.21693692704700207,0.21772430937673656,,,,0.2168701177195096,,,0.21693671032772055,,0.22133967030052049,,0.22226839635139936,,0.2213670440267019,0.22105434783990638,0.22165461601607755,0.2213308555012182,0.22171285537051627,,,0.22180625596871822,0.22202524353153338,0.22188262096157055,0.22165324765853445,,,,,,,0.22127827059228725,0.22095608486403542,,0.22126059963781203,,,0.22165465350813282,,0.22126821703227192,,,,0.7237301259459995,0.724334341864663,,0.7238601540939524,,,0.7244110856069748,0.7232613737832677,0.725203050573583,0.7254002396214757,0.7167146816730452,0.721499309268904,0.7216010197978391,0.7198876667406277,,0.719226238296556,0.7193881559941626,0.7195717587936182,,,,0.7186121256504613,,,,,0.7253487053371356,0.7237360988658291,0.7234729296732421,,,0.7236785782759186,0.7224069990151473,0.7218361244345779,,0.7242854119819817,0.7231026982021831,0.7264652333438628,0.7253200132757573,,,0.7251473995224736,0.7250956815539794,,0.7252178468361674,0.7260058823615997,,0.7246052587980335,,0.7245415950171215,0.7234003321618929,,0.7223841863650726,0.7234797311754264,0.7246187777049496,0.7252854821224434,,0.7184313722533789,0.7204488991828135,0.7202172805839011,,0.72181781781809,,0.7202451563133538,0.7197198865370128,0.7199377651837255,,,,0.7209759092142732,,0.7191187730468395,0.7194870848502842,0.7219527634486808,,,0.7203250780607522,0.7220039023531933,0.7203492933879416,0.7207398812101321,0.7185197406126139,0.721774252379942,0.7203060562124508,,,,,0.21562124880530695,,0.21497813124679288,,,0.21479054764824285,0.21535078149926695,0.00012723131066737388,,0.00012717027541445412,0.00012679039782511118,,0.00012681333990720992,,0.23736231592918186,0.7052065113280337,0.00012061146148076341,0.00012067053139732623,,,0.00012136654717109822,,,0.00012130805254782888,0.00012120071657500484,0.265217670168123,,,,0.2738986894159547,0.6782577738623067,0.2767379183349227,,0.6786743593743584,0.2783507922445044,0.27859129605309974,0.27846908298883605,0.27908916446143434,,,0.2789432046741365,,0.28229226727837825,0.2827403167648388,,6.135282820600994e-05,6.124193270360282e-05,,6.136796232787201e-05,,6.149997407887679e-05,6.124649689010623e-05,6.124304701157216e-05,6.146696956881594e-05,,6.150426031650517e-05,,,,6.156138282503733e-05,6.139597715990795e-05,,0.6802801449722802,0.6775851155155086,0.6774290201624875,,,,0.2953215994993384,,,,0.295142801027699,0.29473206632430804,,0.29405773281275027,0.6793796881708223,,,0.6781487713353798,,6.314564508136252e-05,6.299106755709733e-05,6.328669079025944e-05,6.334706983904273e-05,,6.311205475906729e-05,,,,6.344887973460222e-05,,,6.334802479402702e-05,6.31248620294111e-05,6.31825012576092e-05,,,6.349034525592284e-05,6.332036129979764e-05,,,,,6.314442415436252e-05,,6.329201167604762e-05,,,6.297972186095259e-05,6.318868656147777e-05,6.31028814635609e-05,6.324514477386657e-05,,6.304696105139983e-05,,6.31491389092093e-05,,6.303426667574679e-05,,6.31894078492432e-05,6.303392085162564e-05,6.324833380218908e-05,,,6.313976627051855e-05,,,6.30148124667974e-05,6.298015533561486e-05,,6.303202962602528e-05,6.308313651106338e-05,,6.30952321632756e-05,6.31265006323899e-05,,6.32780299733885e-05,,6.32007782845788e-05,0.20131385928060663,0.201403144537404,,0.20124577544008385,0.2017335541587651,0.2012163744087523,,,,,0.20157992252443033,0.2015112961627753,,0.20153285786809183,0.201732784433852,0.20188543466055267,0.2010225357126423,0.20157989320009717,,,,,0.2015955341334896,0.20168837875147466,0.20216003402455665,,0.20175271271263803,0.20144290144268714,0.20177929584037982,,0.2012888130459149,,,0.20185875704798345,,,0.20218278729965466,0.20136524357652863,0.20221734119841853,0.7377195807319398,,0.7351838867334078,0.7348227827266274,,,0.7348894742231026,,0.7363075901085407,,,0.7371187139541296,,0.7350165317892183,0.20158773346672762,0.20130572211786624,0.200930922220855,0.20134234097746329,,,0.20128305105448283,0.2017092812600342,,0.20156449649281083,,0.20211189860938608,0.19883277274286276,0.20036262104338226,,,0.736145065892672,0.7358299711343095,0.7358243486811932,,0.736969629778823,0.7385793828202524,,0.2012254589794327,0.20150924152964528,0.201497526891101,0.2010337188741528,,0.20229502797219856,0.20186545150748014,0.20180891000111886,0.20176253637487487,0.20195609716246438,,0.20170787818940808,0.20151017253073533,,,,0.20103279765162932,0.20181683749881393,0.2015842465460906,,0.20212336034382997,0.20153026829168094,0.20163682310853678,,,0.20134601011233985,,0.7394977378827704,0.7374487761281066,0.7412103558234893,0.738023881860863,0.7375274804174589,0.7378021408389758,,0.7376795151971665,,0.7346406169742214,0.7355713953217047,0.7360367857919966,0.7375031720336044,0.7372872015022206,,0.7377201650754219,,0.7381299047968117,,0.7390922753644208,,0.7376761239729297,,0.7365024555511309,0.7369910268120627,9.212793493151702e-05,9.220459670164679e-05,,,,9.203853711143756e-05,0.131442412782834,,,,8.145416204757196e-05,,,,,0.00012295256071157538,0.00012266449493206493,0.0001230834445642405,,0.00012294329547022785,,0.00012264403979088273,,0.0001229424878273442,0.00012294580760555658,0.00012265686326738811,,,0.00012297710899268572,0.00012297495216274693,,,0.0001228521980113915,0.000123109343639058,0.00012268140488443707,0.0001229021052798922,,,0.00012305402904468383,0.00012283253851339316,0.00012286219077451446,0.00012300310622361787,0.00012293482490353418,0.00012290848500287274,0.00012257383520575228,,,0.0001230367378552048,0.00012320036145926469,0.00012320906413784517,0.00012298634789253352,,0.0001227805447825896,,,,,0.00012297787847474306,,,,0.00012261883796861514,0.0001230163680814804,0.00012324325302664736,0.00012302454602983268,0.00012269997969363786,0.00012300738421489502,,,0.00012289337814159053,0.0001231914899971441,0.00012271663280070898,,,,0.0001228244872192614,0.00012270252590828638,,0.00012292223303324006,0.00012267206510476153,0.0001228882521154495,0.0001228963086515075,0.00012281858314271696,0.00012267736422002409,0.00012264409452776172,,0.00012303185953830187,0.00012296191779827476,0.00012290754942256363,0.0001228688749120022,0.00012294818824787592,,0.0001229465911245938,0.00012292068116034587,,0.0001227853308357405,,,,0.00012293857655101877,,,0.00012289136762637742,0.00012319716771399768,,0.00012270744757756548,0.00012274526715920785,0.00012273410193152574,0.00012287358454840576,,0.00012309317101636278,0.00012312979003129254,0.0001229513749739428,,0.00012299076615062635,0.0001228549662140634,0.00012332835713291747,0.00012282031594327395,0.00012291363190547447,0.00012291024438237106,,,0.00012299672493229868,0.00012273283893734677,,0.00012256670871062483,0.0001224947693954434,,0.0001232477076355786,0.0001230961938988427,0.00012313564936025715,,0.00012310037868349297,,,0.00012326076555189066,0.0001229639212562768,0.00012331556790108847,,0.00012246989935135608,,0.00012307973580936228,0.0001230813151854283,,0.00012276622678057556,0.00012320312762481795,0.00012294774120443457,0.00012245398048892368,0.00012279511714441047,,0.00012275575922004572,0.0001228660147195277,0.00012291374527052354,0.00012307341764951742,,,,,0.00012264279767779866,0.0001229776319009751,0.0001227990968194711,,0.00012310072320590156,0.0001226699978947375,0.00012254951152783797,,0.00012319589491054475,,,0.00012285553160864746,,0.0001230709187257541,,,0.00012304134779262933,0.00012303381116463,0.00012276234263516406,,0.0001230180352305495,,6.507869935670807e-05,6.514534133813014e-05,6.520896450735837e-05,0.1263579050205468,,0.7854188315399426,0.09988462822285195,0.10015307065999353,0.09958370230952364,,0.805285394837533,0.80597003677093
4,4,DG_8pct,16,Z03_F06,3,LL_AB,298362,298161,True,15345.807818488465,15380.912295140124,1446.4957503685011,606.759793790011,606.569471429824,99.67809407320247,10.922576103546087,392.1860237198151,418.5360751007057,160.74493112939493,160.55059927641955,105.43880631844729,3.65595781824627,8.471589275644337,13.274804555019054,11.207669882490055,82.39184201798437,17.930325640363773,35.889299639341694,127.8639803905302,,,,,0.2613979608963218,0.8070238853587672,0.007088944531681981,0.0001237245168679273,0.00012353889636421204,,0.0989340935147651,0.10018536936588315,0.10006970048300856,0.10022202072653287,0.09966807317557128,,,0.8071004105905385,0.8041310636563437,,0.00012329043599669008,0.00012330882583125056,,,0.00012242010869412205,,,0.00012165325493909586,0.00012223299334163494,0.00012191700103831844,,0.00012200242157557339,0.0001218659926717248,0.0001219985375890148,0.00012210272198725564,,8.118843414775716e-05,8.122839061773841e-05,,7.275094633991528e-05,7.311038167992627e-05,,7.29472571404244e-05,,,,7.287486516534053e-05,7.283177205305221e-05,7.287653500293327e-05,7.309643634981788e-05,7.283421355938043e-05,,7.296042609711052e-05,7.276351196580847e-05,7.275358481413048e-05,,,,,,0.7753163442235329,,,0.13984302240380275,0.13948213248153274,0.1388006984398815,,,0.1391841488494677,0.13933070093852504,,0.13953545556011218,,0.1398924065921435,,0.13943094087810226,,0.13930989795992238,0.13972585409769916,0.139170368991913,0.13900272267140898,0.13941952669684352,0.1397893123722865,,0.13933435506810005,6.596118151060846e-05,,6.611125770407153e-05,0.2387147006804533,,0.00010868152994743547,,0.00010375762533304398,0.00010389364161527124,0.00010383692812639793,0.24053698182254254,0.24115844763560526,0.23969028255355512,,0.24043895554446953,0.24059988701145377,0.2400499488676671,0.23946714836601668,,,,0.2393431679702996,0.2403976280918819,,,,0.24015007581688141,,0.23960238102380765,0.23986144547412755,,0.24022393590007513,0.23926058464226146,0.23991368175334615,0.2402317026724046,0.24023059153285245,,,0.23916115176939387,,0.24023020515972754,,0.2399245263542085,0.24016360041345186,,0.24057769592361097,0.23996358588477024,,0.23991511880026775,0.24018804019354853,0.2401534434725921,,,0.7037786619641001,0.702547083452846,,,0.7009466235765028,,0.700891426557319,0.7006224783187671,,0.7022545979470268,0.7000717326445715,0.7014196461528281,0.7036922774735643,0.7025985568164128,0.7024354950141217,0.7022593432517475,0.7033067706040638,0.7016829043797219,,0.7029311145786116,0.70097132357837,0.7018883885602826,0.7016924093969799,0.7013961380905841,0.7027115281976337,0.7039010731367611,,,0.7021218263356801,,0.7037604593231047,0.7017980223307575,0.6995644953475169,,0.7028050095554461,0.702137930124781,0.700266359140692,0.7027565957838718,,,,,0.7012591822181108,,0.7007831216603498,0.24117308442394625,,,0.24066966653620897,0.24045636652526403,0.24049339907212214,0.24018155444356293,0.24009934031874908,,0.24145391200456684,0.2405623345495734,,0.2401463506473537,0.24064976230836232,0.24056822079791276,0.2402718796256662,,,,0.24057526497375117,0.2401328890336874,,0.2401715355230393,,0.23992157206536766,0.24020312445970157,,,0.240242096114929,,,,0.24000321493514593,0.24033617420412767,,,0.24026108272957655,0.23997137989177783,0.24044950018328035,0.24053317429417018,0.24027927550829034,0.2402689985437253,,0.24008334124344574,0.24002495108772093,0.2406281274088534,,0.23998999374691662,,0.24068592276144052,,0.24064448671977726,0.24043157685768857,,,,0.2225106739765077,0.23552310867180828,0.00012144122263115278,0.00012103994833247584,,0.00012089218531112501,0.00012095277371402929,0.0001212811740537844,0.2173792625353808,,0.21714186359567217,,,0.21749272586598656,,0.21629201759277622,0.21737924248075896,,0.21745410121917613,0.21754075065395095,0.21796794607625558,0.21727265116842326,0.21715973670036373,0.2166486563866982,0.21688221339795966,0.21699610082316817,0.21698909454010712,0.21701561062553046,0.21773999950773065,0.2171867430260086,,,0.21755753364536684,,,0.21731392262538973,,,,0.21796533543559946,0.21685356493596342,0.21691265304598087,0.2173861908796197,0.21715410721939346,,,,0.21723260396975863,,0.22109979686084566,0.22154915604840633,0.22138417086531445,,0.221265479415781,,0.2215106322069856,,0.22143326525896898,,,,,0.22161489304544002,0.22167920842567143,,,0.2219308366974487,0.22157664067019242,0.22119067567740272,,,,,,,0.22120951681382744,,0.22096854102842237,0.22182209859026886,0.22107890641521313,0.7253318818385137,,,0.7260176175866551,0.7247035453231723,0.7243234364918131,0.7245422117843611,,,,,0.720887097397719,0.71962231386026,0.7202699603995767,,,0.7195119205809175,0.7194344247150897,,0.7200780384349723,,,0.719713290526279,0.7177970510662834,0.7163981858870774,0.7200179532742818,0.7253602906540811,0.7244267583880859,,0.7251383340113896,,0.7247045854030009,0.7243359350183236,0.7225630204389734,,0.7251026779775825,0.7241168277244876,0.726057158409258,0.724962662774852,0.7240246529058023,0.7231905826712325,0.7241591270772035,,0.7246850721236998,0.7265002456266204,0.7231654572751484,0.7248080473464819,0.7249169841769731,,,,,0.725008962325332,,,0.7251995356697563,0.72519957022171,0.7187910768034153,0.7199376215736782,,0.7169702727613462,,0.7183318207569546,0.721971313747285,,0.7234453089564706,0.7199025413933635,0.7186881219710749,0.7190604655954862,,0.7220490151594399,0.7202860622279696,0.721272261852192,,0.7167910277752265,,0.7203367981086832,0.7220357114579494,0.7201965274335099,0.7203440629074069,0.7215897447804938,,,,0.7192135016425502,,0.21484632601822581,0.21551467456637122,0.2155165157015951,0.2156503829743525,,0.21518694904481914,,0.21524190129303214,,0.0001272673040632866,,,0.00012719758842232113,0.00012721166384264027,,,,,,0.00012074577584632387,0.00012083508736011093,0.0001212614052179587,,0.00012141118443144861,,0.00012137305459802246,0.00012086122236485051,0.264687107280412,,0.6778761839543384,0.27432745003238995,,0.6796974117941713,,0.27618885774945345,0.6791766634904853,0.2787799611013733,,0.27754912719459124,,0.2783288775636673,0.2791912122752859,0.2785838801770438,,0.28275405358851824,0.2826086296449318,,6.1012683957399666e-05,,6.150110317521835e-05,6.13041232283865e-05,,,,,6.130167605898687e-05,,6.155240569291233e-05,,,6.135359780432584e-05,,6.145311688033818e-05,6.146118768272062e-05,0.6778350490182368,0.6786906108913247,0.6778815354020854,,0.6787335002407,0.675546182324768,,,0.2945611837478063,,,,,0.294114655215329,,,0.6792011407873948,0.6811633760920512,6.31931871243763e-05,6.321914135660645e-05,,6.315789235703988e-05,6.308137688275007e-05,6.333943597401535e-05,6.336581784599092e-05,6.320494410560107e-05,6.323242111511405e-05,,6.331134523450363e-05,6.330795008146915e-05,,6.317901165775121e-05,6.335632702952043e-05,,6.32211996851819e-05,6.322771370019323e-05,6.310133466068085e-05,,,6.336583816292122e-05,6.306018815451383e-05,6.310548731839714e-05,6.305335143178816e-05,6.291073641618719e-05,6.314298292589706e-05,,6.307587698906629e-05,6.31607276736514e-05,,,6.313006471216679e-05,6.308748508257436e-05,6.305076570462293e-05,6.298354737162742e-05,,,6.307822834343405e-05,6.29637842777208e-05,6.317457537691731e-05,6.319325372245275e-05,,6.297380830512088e-05,,6.302926267996984e-05,6.325995540058216e-05,6.32333375193616e-05,6.320864628619738e-05,6.314602779129836e-05,,6.313763438925548e-05,6.299397692190844e-05,6.325315515179007e-05,6.291449899712364e-05,6.31501244239269e-05,,6.313624718816978e-05,6.314829889341067e-05,,0.20139755869887965,0.20095988392977812,0.20127813630154068,,0.20186417140023516,,0.20089551651469353,,0.2006662509038681,,0.20165323092678566,0.20109958117862647,,,0.2024259805524585,0.20213456172009941,,0.20110144556150175,0.20167027110334226,0.20132187074078242,,0.20127903367784972,0.20123572553616592,0.20117081263008213,0.2013491997242267,,0.20122694902285146,0.20086529685300744,,0.20083519700228605,0.20116884929652057,,0.20148635412843183,,,,0.20238776373876677,0.20187362498075162,,0.7357151682415618,,0.738250156766198,0.736488413223889,0.7366894645175511,0.736903962089377,0.7347290805562912,,0.7357820494205168,,0.7371213173555446,,0.7360262910452824,0.7351095933844296,0.20092315230802188,0.20107681489557078,,,0.20164388798442162,,,,,0.2011087956293498,,0.20195727258056995,0.1990041206722074,,0.20073206789416426,0.7378687169839392,,,,,,0.7366436949178268,0.20212155161508422,0.20203957535569306,0.20119478488815012,0.20142877081630292,,0.2022470674959397,0.2020146680176706,0.20239706312287237,0.20140595770546252,0.2019585513267434,0.2017331566628737,0.2016463581171542,,0.20177767433593666,0.20142292256444244,,0.20184556102979428,0.20194648755124278,0.2021172946030914,0.20155205542925198,,,0.20140909244091695,0.20224868042326638,0.20227725577096844,0.20207830860205658,0.20200359640512314,0.7391379777685863,0.7354953164536666,0.7387865574411753,,,0.7381171607222379,0.7380180013433029,,,0.738762565586922,0.7348607138776997,0.7351786034883173,,,,,,0.7363303548767128,,,0.735083693653301,0.7404748488309197,,,,,9.21350104552544e-05,,9.222599692124054e-05,9.205167492653928e-05,,9.189902886518541e-05,,0.07803745699487213,8.118700363273812e-05,8.13122159401526e-05,8.157429498567879e-05,,0.00012265873766772775,0.00012276534120235307,0.00012252057242192503,,0.00012276642418021253,0.00012283604487517102,0.00012287831826499846,,0.0001227906545452945,0.00012291298360665232,0.0001230183662804193,,,0.0001232388557375773,,,0.00012324306597972593,0.00012289019186045505,,,0.00012295353714318112,,,0.0001231583089663026,0.0001231652785239166,0.00012288473477154035,,0.00012291396795195431,0.00012274178217170216,,,,0.00012296420612643546,0.00012302297807091332,0.0001231999997585012,0.00012303705825523746,,,0.00012263079121354684,0.00012311330301126433,0.00012293243365877558,0.00012294717355963754,,0.00012332857220226015,0.00012305267931693337,0.00012285590625770509,0.00012297697555616952,,,,0.00012314866948016793,,,,,0.00012328166664665665,,0.00012300242046678396,,0.00012292495160320021,0.0001228802575717235,0.00012340927629672643,0.00012327513903159093,,0.00012310335734867667,0.0001228175238450632,,,0.00012296839262218183,0.0001230931043684612,0.0001225521980225189,,,,0.0001232229034332521,0.00012295391204912147,,0.00012249321072619248,,0.00012278996192057734,0.00012291083625195513,,0.00012279808803809954,0.00012305823372069145,,,,,,0.00012311934656704395,0.0001231404558953365,,,,0.00012279516943217194,0.00012293928526478933,,,0.00012328647780692032,0.00012306715975247666,,,,0.0001229921656548364,0.00012289413784191146,0.00012303606742602205,0.00012290404920453778,0.0001232247004365899,,,0.00012273571582741458,,,0.0001226347635358416,0.0001229039195839006,0.0001229619678379947,,0.0001232356490222171,,,0.00012297299379485368,,0.00012287592508047773,0.0001230204332162319,,,,,0.0001230586378565605,0.0001228940084465103,0.00012302954075278844,,0.00012311278867419372,0.0001227527114533912,0.0001230583471113879,0.0001233472596088155,0.00012284455126990718,,0.00012325240074575894,0.00012293227540970765,0.000122883521167129,,0.0001231929651242332,0.00012255533644464528,,,,0.0001229636695911709,0.00012309679890273444,,,,,0.0001230031256024736,0.00012348185190874599,0.00012323046785082373,0.00012259310710695958,0.00012280587987284597,0.0001229788636132981,,,,0.00012299401775670338,0.00012277214895592138,0.0001228967065274029,0.00012306097845806138,0.00012277353058925185,0.0001227724620999917,6.510480560413628e-05,6.512414775894243e-05,,,,0.783968865775151,,,0.09984590734006371,0.0996513697577439,0.8064413396558257,0.8071980581519803
4,4,DG_8pct,16,Z03_F07,3,LL_AB,298367,298161,True,15323.726210978231,15336.828043571206,1453.7088049702618,604.1526149720223,606.3972957581143,99.92311201572409,10.94746422105634,393.2052474922867,417.52144726885325,159.59812759156375,160.34379769921014,105.1213816397762,3.66189548584397,8.442462277585085,13.145114523754598,11.168106054739914,81.78940203844361,17.947030072705182,35.83660009587818,127.25822547444724,0.22310204334854422,0.22328386134873504,0.22251106961881695,,0.2615889550575288,,0.007090017747433718,,,,,0.09982037377484967,0.10027028831561836,0.10018599526019843,0.09961035605782871,,0.09985271518350232,,,0.8052229118825318,,0.0001233501285853494,,0.00012220613471383221,0.00012203622417804288,0.00012208489614073557,0.00012168457914247612,0.00012199106834451933,0.00012159316523020953,0.00012213967871303608,0.00012213001233461504,,0.00012208300408811195,,0.0001218567417091313,0.1164549809825429,8.153275499069783e-05,,,7.274569262010248e-05,7.26496477579043e-05,7.284074863483987e-05,7.302862208696056e-05,,7.282556280850022e-05,7.300739077748702e-05,,,,,7.297554791272901e-05,,7.285144165751804e-05,7.289501338291087e-05,7.268750174772287e-05,,7.296049394693363e-05,0.13511578199989452,,,,,,0.13952018665993787,0.13942404046027584,0.13927966308517437,,,,0.13907886483028112,0.13982447376904283,0.13973778496734826,,0.13928564412374111,,,,0.13951192669823148,0.13942630510287266,0.13992389246404632,,0.13931449314257915,0.13921894712918642,0.1394828059546845,,,,6.59213749260414e-05,,0.00010872091749156988,0.00010853342798006436,,0.00010386047727813253,0.00010379337544460265,0.00010387445098196594,,,,0.24063592780825546,0.2403663929714181,0.24034200723549057,,0.2400024450582797,0.24081943286880805,0.24105488995837934,0.23955675184591665,0.24082247917940228,0.24062811751041682,0.24070889392938252,,0.24040764366737874,0.24066872874647094,0.24006293840198697,0.2397702268639005,0.2400347819284675,0.2403353604403676,,0.24050613180521074,0.24015559138221904,,,0.24027484130558835,0.24030002292426467,0.24037015845695506,0.23992786623631415,0.23950112877862673,,0.24005988532130174,0.23989668602725706,0.23947600256415183,0.239946722810599,0.23996792412507498,0.23993492143184997,,,0.23909241162806114,,0.24003027721908166,0.704838917516725,,0.7020240959494177,0.7049055077972743,0.7025140388229115,0.7017895942746118,0.7001867822523885,,0.702722492778273,0.7013389549068942,0.7038506514361976,0.7035794955472296,0.7020350754053521,0.7003502238495012,0.7029051589203171,0.7050622000696489,0.702771239320442,0.704124772214183,,0.7022115589758289,0.7015567148452184,,0.7027299405506342,,,0.7001145126263508,0.7008705119496554,0.7009721937334321,0.7018171077199008,,0.6998878180801534,,0.7013485639314729,,,0.7027889463852743,0.6999574258249405,,0.7020831112399262,0.701476121883058,0.704078783501402,0.7003775060533637,0.7016611118329319,0.7015271154345641,,,,0.23982294274172253,,0.2394655585161731,0.24049995447758887,0.23985392213128584,0.2407877020262388,,0.2410303168144283,0.2399617979742376,,0.24098264500515545,0.2408598155040463,0.24106247049001123,0.2399534746119277,0.24108298966219288,0.24067336396071837,0.24067092947981983,0.24110440529555088,,,0.2402876891833373,0.24084516072637138,0.2402626238586355,0.2401192257260071,0.24002118534957603,0.23908072533704705,,,,,0.2398909364299195,0.2397864507114131,0.24008264468729448,0.24065482943969246,0.23992420417990135,,0.24022185516861944,,0.2401869879298992,,0.24051720102559335,0.24055854625315853,,,,,,0.24037415603191883,,0.23958665117037756,,,0.0001304820799643543,0.00013092145667393002,0.2227168846200587,,0.00012105278967571985,,,0.00012094901641918445,,0.000121171236179677,0.2173954584041774,0.2177275079230624,0.21670532072517654,,0.21680860250081985,0.21687916787627437,0.21662364518280702,,0.21690369820200509,,0.21693919621347582,0.2170873356476782,0.21671504554194143,0.21727800719274096,0.21691083017161225,0.21715439309871332,0.21779712947558547,0.21696626093474444,,,,,,,,0.21741292540785898,,0.21707993149994492,,0.2166929584343557,,0.21743410906244895,0.2175280376810019,,0.21695169530064418,,,0.21698674964020873,,,0.22086112907984617,,0.22113640867434184,0.2215913520410593,,,0.22120456893476015,0.22166176127044393,0.22182692041384824,0.22136876771516717,,0.22137581202261528,0.221568395548774,0.22173303919089712,0.2218578256619397,0.22157726453920074,0.22151884733131486,,0.22243900001242492,0.22183585177918141,0.2215459474709438,,,0.22123080108338405,0.2215815524949274,0.22152001215996908,,,0.22103352062145007,0.22109997067771425,0.22142433997743455,0.22130301435683897,,0.725175058726461,0.7236634758179519,0.7242923458347188,,0.7246920728407086,0.7262093088441955,0.7257085828634389,0.7230032330008626,0.7273599327380269,0.7248145524615501,0.7209656980156872,,,,0.7182837765640997,0.7209291953566255,0.718279070282401,0.7197155641604347,0.7200850369756907,0.7190639233078391,0.7186723269310504,,,0.7204274673114537,0.7193064616092537,0.7248032524824807,0.7227704498046957,0.7236815315598916,0.7242887504904527,0.7232913472167589,0.7208413254000733,,0.7233631689645738,,,0.7244064786555026,0.7246090403529237,,0.7235372995516228,,,,0.7242867405856055,0.7228919840998489,0.7252503782394107,0.725988474110246,0.7255441499793215,,,,,0.7251625301614935,,0.7264474379604449,,0.7233891851259718,0.7198709038380182,,0.719014678157256,,0.7203021312027531,0.7209738938025207,,0.7195539900317829,0.7194302015598613,0.7186831301009162,,0.7215743590620928,,,,,,0.7202430656678211,0.7184067487062883,0.719322589196313,0.7196024114145069,0.717710672056725,,0.7182831032342866,0.72019175319193,0.720051103124907,0.7202179767253852,0.7181859878338674,,,0.21489096938686242,0.21501525717639167,0.21601237998760395,0.2150809394304448,0.21537358237642804,,,0.2150710504162311,0.00012692641995379187,,0.00012704655955560795,,,0.00012727300070849976,,0.2366939024304216,0.7013792805838281,0.000120720058337274,0.00012073385175848988,0.0001211153112636156,,0.00012099754230078325,,0.00012106329428317032,0.00012089791724783192,0.00012113263978604691,0.2647783520390295,0.26416691328806396,0.6817733826296931,0.27367939966602867,0.2740096465370572,0.6766653321327326,0.2769952240409269,0.27676671818832255,0.6791091393380482,0.27952976354519443,0.2793480053813662,0.2786665372307652,0.2777775828070909,0.2777337162555349,0.2788594092984852,0.27899243468037577,,,,6.130498138672828e-05,,6.135720718041057e-05,,,,,,,6.132581204805746e-05,,,,6.14309177593531e-05,6.148639409754572e-05,,6.1443924408475e-05,6.154423516813206e-05,,0.6772522955074027,0.6781393395366001,0.6801309916046918,0.6768558900700563,,0.2937017522133069,0.29353049523480584,0.2947388332177315,,0.2946216504534828,,,0.29494667264715635,,,0.6780625584758472,,6.325624330791737e-05,6.337407903755632e-05,6.309042171753125e-05,6.320265802235368e-05,6.318510347835109e-05,6.31279648870779e-05,6.32482441193927e-05,6.312699395232187e-05,6.329767568424693e-05,,,,,6.334443110606999e-05,,6.320427203985215e-05,,6.337711273311668e-05,,6.333935278935847e-05,6.332263828815378e-05,,6.327490054229434e-05,,,,6.315957803108672e-05,6.344024053648261e-05,6.306801995557956e-05,,,,,6.325263518151494e-05,,6.31080488804639e-05,,6.290607310376429e-05,,6.318816237597686e-05,6.324576208309945e-05,6.296107129042118e-05,6.328948222444544e-05,6.30837516135045e-05,6.317474297227619e-05,6.300881009476734e-05,,,6.29262342196018e-05,6.321927827563082e-05,6.303192726405966e-05,,6.304854492170831e-05,,6.306020079891433e-05,6.311160426807414e-05,6.307673440124144e-05,6.331558591146272e-05,6.329255500738439e-05,,0.20141747142913288,0.20170496739555407,,0.20201447916639592,,,,0.20185018694600682,0.20140912282635481,,,0.20129682311753974,,,0.20173419617755936,0.2022678411850049,,0.20152012280900963,0.2015967571518335,0.2019550377910701,,0.2010829579854572,0.2013181611579962,,,0.20152333593754473,0.20155745288397053,,0.2015286989456761,0.20138554891358562,0.2017617916355941,,,0.20210620258543993,,0.2024099021789674,0.20136581823786925,0.20168938076622336,,0.7371266496638852,0.7349558622719428,0.7354851662043493,,0.7359719606787273,0.7367603427460405,0.7358635691418921,0.735652481881647,0.7336421742685233,0.7378806335570314,,0.7358125489824772,,,0.20094509396103702,0.20061092600258457,,,,,0.20177349920834156,,0.20168205537974526,0.20174879686582808,,0.2020195311770971,0.19881600358581905,,,0.7353787525558296,0.7386136261206071,0.7372194542063576,0.7351754352930612,0.7383048050762804,0.7381783673347079,0.7367537304506029,,,,0.20163812778794854,,0.20139811700568383,,0.201251042388834,0.2012491766032855,,,0.20188945008081488,,0.20217567810629686,,0.20105430778507352,0.20219285312972998,,0.20167815786497315,0.2011124351097789,,,0.20122805026191837,0.2015511426162183,0.20133659182535102,0.20127394264554657,0.2010162574503653,,0.7375416580091289,0.7382018050487005,,0.7393527585774413,,0.7394451905622526,0.737386687152506,0.7387171613084317,0.738522156878795,,0.7365303885164904,0.7357662115857141,0.7362979533394746,,0.7367243817090876,0.7370924266915854,,,0.7395609060677253,,,,,0.7367180514642668,0.7375746232073344,9.18748021320199e-05,9.223451612059784e-05,,9.211829966306087e-05,,9.215404644991625e-05,,0.07800520094404119,,,8.112640262178428e-05,0.28632228806078924,0.0001229098667064199,,,0.00012312285796053482,0.000122955547052929,,0.00012313787887331594,0.00012311595074617182,,,0.00012290519843311266,0.00012302659417676132,,,0.0001228281196046748,,0.0001232044655812073,,0.00012277943901305673,0.00012241777901877076,0.00012294815351823532,,,,,,0.00012296354817597339,0.00012287211647496728,,0.00012324115927926657,0.00012274269729470216,,0.00012269498922952811,,0.00012276925494933918,0.0001229683353438828,0.00012239823371415842,0.00012266320822789086,,0.00012325666350068736,0.00012311792539641722,0.00012305151737246597,,0.00012294397103463378,0.00012304183877732722,0.00012313165937057508,0.00012279186039270388,0.00012255002280634326,0.00012298949519261922,0.00012312704543144984,,0.0001228349568179639,0.0001233612339940401,0.00012311360336277004,0.00012270771363499214,,0.00012260137304975506,,,,0.00012326339846021928,,0.00012317727087034487,0.00012274643773666592,,,,0.00012302758161459766,0.00012293541565886403,0.00012284141045979647,0.00012306148401483545,0.0001227325652351462,0.0001231421929325727,0.00012282582487986642,0.00012241054120176273,,0.00012283339319953647,0.0001231986838714215,0.00012283398366888876,,0.00012306056170987193,0.00012282643582163906,0.00012328879958482767,0.00012263482069086452,0.00012278769420083843,0.00012282548505713212,,,,0.00012281592371130517,0.00012279168362629438,0.00012314002304936674,,,0.00012310811510734312,0.00012303820212144405,,0.00012290548559228495,0.00012344881251997276,0.0001234308989362267,,,,0.000123312881057036,,0.00012323310657543518,,0.0001232213380559496,0.0001232149928687366,,0.00012268466396327457,0.00012284532526701797,0.00012324846740520008,,0.00012275280143594396,0.00012272655893645685,0.00012291924836892797,,,,,0.00012269704812694645,0.00012292811126399857,0.00012282803237075986,,,0.000123294909794112,,0.00012301443461415848,0.00012350605915338906,0.0001228885860414647,0.0001229484341979284,0.0001229775526049063,0.00012325952838837274,0.00012278447266743102,0.00012304970073661995,0.00012297847039797457,,,,0.00012267715460933927,0.00012266570315582533,,0.00012284358747218733,,0.00012292763431558684,0.00012302997118050172,0.00012298205223066226,,0.0001228268066079803,0.0001233176193108794,0.00012271800023833253,0.00012304669368476713,,,0.0001228545708068787,0.00012313348732152034,0.00012264654035649207,0.00012297447892066976,,,,,,,,0.0001227049390947346,,,,6.504391002380846e-05,0.12609156713066397,,0.7833421424148406,0.10006036168073662,,,,,0.8054741603068807
4,4,DG_8pct,16,Z03_F08,3,LL_AB,298367,298161,True,15216.461331317796,15361.947419426197,1450.8380580472672,612.0590058316985,606.8016431058718,100.13863135347563,10.91940068824991,392.66131319718824,418.60338150166876,159.78336207092258,160.91151587002562,104.80550408360538,3.640044450611607,8.543286955579957,13.31455918249776,11.229339600872208,81.78123828264611,17.926887307962293,35.88600501849869,127.33852806599107,0.2232699673060807,,0.22301133503971346,,0.26236263255961295,0.8056982171052952,0.007118248659331031,0.00012336216919587656,,0.0001234658450594313,0.0990441990629787,0.10004636245169073,0.09983032048813466,0.10015158907389939,0.0999957425832438,0.09993325119853536,,0.8080143712101348,0.8069214816674672,0.8048670112100772,0.00012343274158891965,0.00012362109170463537,,,,0.00012208980586412844,0.00012169808500950954,,,,0.00012231010802921978,,0.0001221149550721943,0.00012188713896454714,,0.11652502070676819,8.113095552696901e-05,,8.092230153999991e-05,,7.284958450232353e-05,7.29790857237294e-05,,7.278953733833451e-05,,7.285835230744012e-05,,,7.287753605170448e-05,7.27323021076885e-05,,,7.275831268260489e-05,7.306852179358742e-05,,7.280022705475794e-05,,0.13499970196732305,0.1353405996644675,0.13477570009706533,0.7759158672827452,,0.13924344475025713,0.13928125883737,,,0.13902466366815458,0.13959302424066258,0.1396110779487524,0.1394600464081336,,0.1393729414342974,0.13915774136629985,0.13983981592757036,0.1398336917808913,,,,0.13937810349542804,0.13932095700788663,,0.139541714915935,0.13943981946298625,,,6.60163421029665e-05,,,0.23912202950840192,,0.00010875720756569734,0.00010805136917923598,,0.00010384841976384197,,0.2402224951107483,,,,,,0.2404876542018081,0.24070791381360462,0.24045333811494177,,0.24099683969924973,,,0.23975773335658626,,,,0.24035530781906167,0.2403068109761599,,,0.24022515944469586,0.24010641998992568,,0.23994011344994107,0.24067522363157387,0.23967921182435598,0.23981210514475304,0.24019204252810827,0.2399284594665997,,0.2401608718477865,0.23971666229224503,0.2390988863730592,0.2401212920287241,,,0.2405591187472034,0.23932139774058184,,,0.240218888637432,0.23950618180869768,0.7029770078530634,,0.703177572928383,0.7032759820948198,,0.7025616934548987,0.7017875211047128,0.699887408696896,0.7026374493687355,,0.7051680228407524,0.7025446183466401,,,0.703195575675048,0.703726319980101,0.7019300455776961,,0.7037529106163277,,0.7036491211483423,0.7039768241894624,0.7010835040787888,0.7010442968728726,0.7035593407760289,,0.7032287135993173,0.7015446072553188,0.7029364187317426,0.7018539356644016,0.7001167059119138,,,0.7029445885231078,0.7023523628910036,,,0.7010304755841622,,0.7020087467542847,0.701109098931325,,,,,0.23992338692934906,,0.24020528482336065,0.23998816345509164,,0.2405975627041843,0.2405658931136945,0.24039671124453124,,0.2394106753454325,,0.2400854430993491,0.24036447862851035,,0.24085183909180002,0.24003310714795995,0.2404012004390796,,0.24048996266556047,0.24018771286350116,,0.24036130407437795,,0.24028610565634786,0.2399247850311488,0.23986382267253833,0.24014214284258198,0.23994696902073354,,,,,0.2399115358327005,0.2403068406603097,,,0.24012421665766345,0.24028510184687774,0.24019633501756263,,0.24007403769113728,0.24035343045590546,0.24075485075208689,0.24099727481212738,,0.2406276050363478,,0.2404870454671257,,,0.2402891260208215,,0.24036717064154678,,0.00013108206616182003,0.00013090402761690629,,0.23561830072723045,,0.00012089327943056308,0.00012114065448977555,,,,,0.21741741472713175,0.21695314927773102,0.21720200900418254,0.21729162441471356,,0.2170904434982221,,0.21744250372064503,0.21713400300776112,,0.21720643550473903,,,0.21757783987078158,,0.2172084605360885,,,0.2173961047330411,0.21683079136076588,,0.21722444489524342,,0.2165836875443347,0.21653997533241004,,,,,,0.21622774381635346,0.21677217963486084,,0.21690830384107068,,,0.216845918757449,,,0.22127346100235637,0.22180303645637706,,,0.22109489806594576,0.22093878761595284,,0.2207319630375593,0.22137991957056574,,0.22203084937144962,0.22123898028758573,,,,,0.22113681120515258,0.22191940870465088,,0.22081444155781982,,,0.22169521095265018,,,,0.2216765596694727,0.22161203471295443,,,,0.22208432833188482,0.7235905722074139,,,0.7240758913336406,0.7231982895617085,,0.7246353863835431,,,0.722935411562005,0.7247584404366456,0.7196442767197696,0.719973621216644,0.7187568504878797,0.7194342502565877,0.7211210736631581,0.7201555529764492,,0.7222153517551793,,0.7188560671622767,0.720963563278869,0.717405954934922,0.7160390450227875,0.7193681016689911,0.7196591754183329,0.7224533483252727,,,0.7220746897057934,,,0.7252347711157888,,0.7241684488145838,0.7234046970587641,0.7219904293829411,0.7248150970780988,0.7240924491469238,0.7238948813378462,,0.7233282236243049,,,,0.7256021990286768,,,,0.7242484217481514,0.7252364629531358,,0.7239508670358681,,,,,0.7209176310000753,0.7201103708347736,0.7178057693835931,0.7197907091075092,0.7184407497826353,0.7195221854660369,0.7194675612520274,0.7212848264788347,,0.7204617726075042,,,,0.7199999622350425,0.7197778531526174,0.7223647845224611,,0.7184813049905147,,,,0.7223112850031299,0.7205591319582468,0.7181580154793924,0.7230371051328359,0.7223306119605757,,0.7192458147520824,,0.21473037623918848,,0.21554409257841572,0.21545562906059906,,0.2146474079398413,,0.21530923049882714,,,0.00012648998352596315,0.0001274588582005288,0.0001270023540125521,,,0.23666052953342942,0.23675245883951623,0.7030782848327402,,,0.0001206596440953601,0.00012129322697513837,,0.00012139477366522292,,,0.00012110016222685795,0.2644996800282867,,0.6782788188360793,,,0.6800859469221943,0.27680064873128973,,0.6809529881772558,,0.2791415457468561,0.2779632437086344,0.2782516341967181,0.27809919999898663,,0.27842261164365073,,0.2824598114328552,0.2830907462582095,6.139350069277614e-05,,,6.147619759754428e-05,,6.150763928233027e-05,,,,6.144815289875095e-05,6.144458046854751e-05,6.133512349529923e-05,,6.15057844051965e-05,6.13831247412007e-05,,6.149695619097976e-05,,,0.6789873025856239,0.6793487141655409,0.6781526792863306,0.6782440514265302,,0.2953701984181035,0.2941290576201031,0.2935963015666584,0.2946740291587109,,,,,,,0.6770818769309946,0.6779897721426631,,6.320789467987496e-05,,6.353859012902738e-05,6.325523596563333e-05,,6.314958006349232e-05,,6.315269002576577e-05,6.320413209790552e-05,,6.328822798925636e-05,6.325678729063918e-05,6.308373777112243e-05,6.317304208244499e-05,,,6.31645730508194e-05,,,6.324864713976056e-05,,6.341902993828095e-05,6.320238355251746e-05,6.315532559355148e-05,,6.311347664883962e-05,,,,6.331409618748304e-05,,6.314208338086437e-05,,6.324808227982827e-05,,,6.31212237138681e-05,,6.315847315646474e-05,6.297058458880595e-05,,,6.324165905065633e-05,,6.319766866191364e-05,,6.325668804076662e-05,6.325249296853781e-05,6.308361407718379e-05,,,,6.318636703318362e-05,6.310157847772809e-05,,,6.302336518983613e-05,6.28421994396569e-05,6.316137202494583e-05,,0.2013696036286684,,,0.20131551677114606,,0.20164067933527943,,0.20129619465083298,0.2015982188087091,,0.20137452599624747,0.20142921827564184,0.20144281546926185,0.2017347748563372,,,0.20179256901611176,0.20176812772580655,0.201325018518457,,,,0.2007322147892047,,0.20198372990239347,0.20170386065701795,0.20101900071871778,0.20065281609490274,0.20083141734964166,0.20147999811427872,,0.20139190652677655,,0.2012476184489416,0.20146892572425473,,0.2017486324482469,,0.7387713316620004,0.7377902770398028,,0.7374295050611949,0.7372764920388601,,0.7362152731687397,0.7357710681545346,0.7354225574302301,0.7367651152909865,0.7348743545521652,0.7368108985706466,,0.7383922991172107,,0.20180680406906468,0.20139872875696105,,0.20180074953462146,,,,,0.20167459388233303,0.20200507388919883,,0.19889949199381637,,,0.7389397934952844,0.736633074004621,,,,,0.7375364111401844,,0.20177233562183314,,0.20185337424885127,0.20138233723582805,,,,,0.20137487159286613,0.20199888757891613,0.20187802645709851,,,,0.20199457477585386,0.2018492599738227,0.20171518983961026,,,,0.2015348243191646,0.20184648973101624,0.2019378978916006,,,0.20214495114814218,,,,0.7399326713288092,0.7396139413506265,0.7381235508730044,0.7384152073882418,,,0.7392314931924115,0.7346084731820369,0.7360013790529188,0.7373241606597832,,0.7394562981430801,,,0.7377742002391489,,0.7372839362356451,0.7369825564180752,0.7390335588136903,0.7382031830241107,0.7369952144545653,,0.7375686262026997,9.226413959099417e-05,,9.203454749075464e-05,,,,0.1310450926627772,0.07807252612494356,,8.124114360485697e-05,8.110681413379085e-05,0.2866642035803555,,0.00012306479750878653,0.00012287758450433585,0.0001229275240871252,0.00012306213173467222,,,0.00012325839457255148,,0.00012336989311185768,0.00012286225309964698,,0.0001227073128378668,,0.0001232010597801056,,,0.00012287194240038192,0.00012278485911733372,0.0001229862131491468,0.00012321502400521462,0.0001232302824536733,0.0001232799272738186,0.00012285367285620543,0.00012335223493295682,0.00012275037839123943,0.00012319858347792812,,,0.00012260622864561789,0.00012315747735745463,0.0001230077900758802,,,,0.00012332755649838422,0.00012312209727841027,,,,0.00012280143584780703,0.00012309059362692197,0.00012302752534270453,0.00012292787600568682,0.00012299991839543955,0.00012325833042503733,,0.00012324663256168793,0.00012281945070239078,0.00012280140685431572,0.0001228097508212667,,,,0.00012274837156450705,,,,0.0001230294929235666,0.00012298363217053655,,0.00012313136191869977,0.00012286736544136725,0.00012294872122370327,0.00012274656390613852,,0.0001227758720442789,,0.0001228596269017538,0.00012295125326160212,0.0001229178688826937,0.0001228537925379762,0.00012306169425807612,0.00012304488603299117,,0.0001228930427201771,0.00012291955211812686,0.00012297941919927724,,0.0001230820911758503,,,0.00012316647476725423,0.00012257520378657153,0.00012274785701279448,,0.0001233796714762539,,,,0.0001229100795729663,,,,0.00012287722267947045,,0.0001230646111387405,0.00012300271472507409,,0.0001229600487374781,0.00012314325895750863,0.00012317156062513173,0.00012293789237321942,,,0.00012324270186647634,0.00012254076385255085,0.0001232465168065158,0.00012258066506726898,,0.00012308077253005232,0.00012320382120558807,,,,,0.00012278990031582574,,0.00012269446994781812,0.0001229553344579047,0.00012248300484089767,,,0.00012265745529301263,0.0001232037556432147,0.00012279339852060568,0.00012276155253345924,0.0001225690086859603,0.00012294594930257197,,0.00012311418236585382,0.0001232221291616594,,,,0.00012306853893296712,,,0.0001229952003034295,0.00012268974740666856,,0.00012293579947557332,,,0.00012341575060908968,0.0001228076683436909,,,0.00012305586752542764,0.0001228669686318725,,0.0001230709191021269,,,,,,,0.00012252999032420894,,0.00012290911047912328,0.0001230667409475808,,,0.00012317552598553055,,,,6.49245675925288e-05,6.52254473466145e-05,,0.12670488188724754,0.1264127753550091,,,,0.09971668307543763,0.0997339408552603,0.8052087788310784,0.8034785704160041
4,4,DG_8pct,16,Z03_F09,3,3PH,298367,298161,True,14324.770474080316,14319.829966456951,0.23349295106379175,0.15447225747050114,0.156391885636552,0.015965696183800192,0.0034435459741352847,0.1300479834803057,0.13110838761510887,0.055405189853729754,0.05581239170305927,0.03696526141034992,0.0011038905941229804,0.002702249090453477,0.003989077439130497,0.003770672676225829,0.014584095490173699,0.00551004066351647,0.011376577683786991,0.03827959692369186,0.22284854494475456,0.22292976464963526,0.22295091424083724,0.21950310776047305,0.2194279198987502,0.218529715403171,0.00019626310058523753,0.00019545657060078054,0.00019541903594471138,0.0001952370492739292,0.00019529712684893664,0.00019766109964666485,,0.00019816252340890207,0.00019781200825360026,,0.0001972317652974918,0.000198231883279121,0.0001978294141349567,0.00019754636342528308,0.0001955793849507075,,0.0001956036083440829,0.00019592568859118148,0.0001962329539150277,0.0001961874160568712,0.00019357342507649383,0.0001932537500730654,0.0001934757678584943,0.00019605337680709251,0.00019634695575827753,0.00019628396581227456,,,0.0001953627533427105,0.00019871722734830297,0.00019385880087770477,,0.00019379470315065314,,0.0001982450000924007,0.00019731017781161333,0.00019844430099025278,,0.00019775819099743293,,0.00019841806408149845,0.00019752124721449343,0.00019899014928001922,0.00019886030775618903,0.00019848901269597257,,0.00019866272443139844,,0.00019817394112893433,0.00019779828603082384,0.00019819497546991373,,0.00019880328054813382,0.00019891111231555206,0.00019918198883869042,0.00019910470101184075,,0.0001993397609056854,,,,,,,,,,0.00019875117465685066,,,,0.0001993414919281673,0.00019936194485146774,0.0001994729529824029,0.0001997227692483271,0.0001988923816533575,0.0001987887705997598,0.00019950862431361119,0.0001989685109887314,,,,,,0.00020314434010994226,,0.00020308201370896606,0.00020344557616218989,0.000202817775085006,0.00020596296752636682,0.0002058261041657885,,,0.00020572714207304653,0.0002057766460128298,,0.0002058740599505624,,,,0.00020612783354257932,0.00020616506127997276,0.00020549681521072358,,0.00020566539055017456,0.00020565878726192698,0.0002058160806001083,0.0002057606866533875,,0.00020598296102910255,,0.00020577243933471773,0.0002062882036981625,0.0002055358112050535,0.0002057868476210786,,,,0.0002056045961361469,,0.00020553207255449184,,,,,,,0.00020574929398921082,,0.00020523565631208555,0.0002056626299514889,0.00020624293084023338,,0.000205522596584142,,,,0.00020556758586491342,,0.00020560696665251882,,,,0.00020568927401648369,0.00020570299522473085,0.00020569740027808853,,,,0.00020588618255635552,0.000205289968156815,0.0002056972099897867,,,0.000204820977745538,0.0002053071413181043,0.00020550748540040708,0.0002053715295388724,0.0002053274638932529,,0.00020576734348191908,0.00020581659605985216,0.0002062514989047837,0.0002048597682494657,0.00020522201787376068,,0.00020558180086615148,0.00020535937390499985,0.00020530016186653046,,,0.00020502324957039964,0.00020508993336765995,,,0.00020486667587593776,,0.0002056283886885693,0.0002058279632744418,,,0.00020573658304758662,0.00020572632010388786,0.00020559777704004203,0.00020612469877506507,0.0002062739806640051,,,0.00020560915549402853,,0.00020621416947267442,0.00020629727015398133,0.00020619685542689904,,0.00020601296795695335,0.00020634041247612667,0.00020572065596626915,0.0002062117696061475,0.00020747643822568589,0.00020594947491820074,0.0002059908319801807,0.0002058535084489054,,0.0002055451759272416,0.00020558569839321044,,0.00020531073889161271,,,,,0.00020595940785174836,0.00020586007231646446,0.00020601340789726374,,0.00020646365436870074,0.00020589793490693534,0.0002060886226403809,0.00020640693163303937,0.0002059151625659912,0.00020598629859767847,0.00020589590810434646,,0.0002056955162739047,0.000205900769156136,0.0002064553886370071,,,0.00020560510809702513,0.00020583276968352495,0.0001980154262764297,0.0001981866410975025,,0.00020565335978332174,0.00020440230107883164,,,0.0002045557147075681,0.00020456459478804424,0.00020451265076262113,0.00020453251254245796,,0.00020593138850922993,,0.00020575816425236882,0.0002053367159936587,0.00020550214277748676,,0.00020549495523365766,0.00020569786206686854,0.00020536644536807303,0.00020539657132698783,0.0002058484688355719,0.0002056655577971405,0.00020519994794404356,0.0002059186565590797,,,0.0002054873787334193,0.0002059881207521645,0.0002057706015928411,0.00020545413038824828,,,0.00020506512230510662,,0.00020545462086969164,0.00020579602069497894,0.00020532609758223825,0.00020542011309079597,0.0002054863393755662,,,,,0.00020510009094621532,,,0.00020632704533526784,0.00020517186422316122,0.00020584859927721527,,0.0002056651148335561,0.0002058842209341759,0.00020504062778217255,0.00020593422279571909,0.00020585295769072674,,,,0.00020520484585598883,0.0002054657434635241,,,0.00020558293766751272,,0.00020590440333730377,0.00020575085079896748,,,0.0002053536289769671,0.0002051902116553476,0.0002050252770982801,0.00020544011552916237,,,0.00020525716311763632,,,0.00020551149646935713,,0.00020618781956132238,,0.00020455877417676187,0.0002053818854194196,,0.00020491652565772135,0.00020541261376410985,0.0002049813971935001,0.00020514172071419353,,0.00020505977142929753,,0.00020526252403461098,,0.0002051754059478834,0.00020499192510579602,0.0002055817563330278,0.00020505611887672336,,0.00020544846890745836,0.0002051962497609629,0.00020572701528797068,0.00020499570532228357,0.00020493570510189893,0.00020481532462073883,,,0.00020445389226478113,,0.00020474948606246854,,0.0002050677219746034,0.00020506087398857096,,0.00020538884383394668,0.00020432003973053396,0.00020495953271874073,,0.00020484204593082775,,,0.0002043304468637918,0.00020537978574475206,0.00020573096332362218,,,,0.00020554654854208944,0.00020543255148042862,0.0002054237208895221,0.00020497421087594975,,0.0002051157770446244,,,0.00020491839872044742,0.0002050489397204011,,,,0.0002049250572320941,,0.0002054139410172837,,0.00020459140840804995,0.0002055870507702659,0.00020475511132678965,,,0.00020499620542826775,0.0002043990910501644,0.00020485341791980774,0.00020528213800682045,,0.00020507865941067602,,,0.00020490576541141282,0.0002048579752266493,0.00020518606546184802,0.00020563829087334593,0.0002051308341622643,0.0002055976139715355,0.00020503540224587184,0.00020529927220199466,0.00020541695826503174,0.00020590999230394485,0.00020523878808963216,0.00020574458063411897,,,0.00020602013910918902,0.00020506803797843692,0.00020544775665409744,0.0002050103132033585,,0.00020512677788861493,0.00020111708153964467,0.00020111951122254467,0.00020117327481763216,,0.0002013171262993646,,0.00020578862812977995,0.0002061931637371048,0.00020498732254885295,0.00020269032420179757,0.00020321214696256284,,,,,0.00019327495741991327,0.000192462097393607,,0.00020641056532739644,0.000206936492319638,0.00020574953460551247,,0.00020875019184664705,,0.00020836193856239166,0.0002088426359809586,0.00020828119353909815,0.00020946422527570198,,,0.00020925866238199193,0.0002096406073581555,,,,,,0.00020840326053946675,,,,0.00020778992567052463,0.00020838241354121536,,0.00020921154367264095,0.00020870113355564486,0.0002091681859607381,,0.00020864453116879348,,,0.00020865976076437295,,,,0.00021195076025901246,0.00021169654581584084,0.00021157735753357684,0.0002122494994892289,,,0.0002125180138963593,,,0.00021258897797860884,0.00021280276617616938,,0.0002132143850461787,,0.0002115439867731025,0.00021223904544570788,0.00021206333869617494,0.00021186385075784299,0.00021111690811819768,0.00021132404132576387,0.0002116701625895611,0.00021176236611384356,0.0002113902142310475,0.0002110592493309943,0.00021114812988284206,0.00021092922882419549,0.00021181284034534553,0.00021174815192952817,0.00021207708819578246,,0.00021173297514076472,,0.00021168130619249475,0.0002112629371565233,0.0002113127762011039,0.0002114461261423255,0.00021171308407652383,,,0.00021193723604197474,0.0002116403628618825,0.00021191255462060324,0.0002114682771771128,0.00021129501690243593,,0.000211675571375436,0.00021173430298540656,0.00021129594657005163,,0.0002110522682459558,0.00021114437518112775,0.0002108930949942368,0.00021157038798447222,0.00021062469848424814,0.00021083877181854644,0.0002117205173858674,0.00021103130112114685,,0.00021083897274270705,0.0002114672102165903,0.00021167650265787948,0.00021069120075114769,0.00021084223487179086,0.00021160886371304386,0.00021138158342841462,0.00021137547425259634,0.00021135846922549947,,,0.00021117833109311838,0.00021123547426611918,,0.00021182137904476138,,,,,,0.00020508126054760565,0.00020566728137739605,0.00020532310292360013,,,,,0.00020494579839784943,0.0002057182644464623,,0.0002049277798839255,0.0002052860526737636,0.00020505579873618222,,0.0002048260035861313,0.0002053570870958027,,0.00020552064843274987,0.00020529724908439534,,0.00020528800370046035,0.0002048620446784393,0.00020508415539762144,,,0.0002053049874599494,,,0.00020513077547383243,,0.00020500085969646093,,0.00020530555717757234,0.00020588770563838133,,,0.0002056971874664568,0.00020511363107819213,0.00020577490479831042,,0.00020457293937062215,,0.00020498369246187048,0.0002037914363860159,0.00020474396442917987,0.00020490420425271793,0.00020408091475765099,,,0.00020403085812893302,0.0002043404397882728,0.00020415055687224407,0.0002041548300016071,0.00020477899255847744,0.0002040954985963678,0.00020496610306988206,,0.00020490740182117133,,0.0002049973556015075,,,0.0002054770485648553,0.00020585009487147641,0.00020498303900286062,,0.0002047776372115023,0.00020391349685973712,,0.00020508986506516567,,,,0.00020413561153790393,0.00020474085132691477,0.0002054947756066793,0.00020497771184103548,0.00020555849064606598,,0.00020610324850339423,0.00020537549722890393,0.00020529196805380947,,0.00020494856927051318,0.00020548377741290828,,,,0.00020521101800594977,,,0.00020548679290141432,0.00020489029682723965,0.00020540680933900835,0.00020498339870964326,0.0002055133486990504,,0.00020472124763741672,,0.00020571850044816506,0.00020482255725597586,0.00020537888911094143,0.00020534294449961392,,0.00020503313048652973,0.00020496056614269982,0.00020542499113913342,,,0.00020510130056842392,0.00020544088562266603,0.0002048959634264933,0.00020444760451012622,,,,,,,,0.0002043840830431989,,0.00020451313069646073,0.00020413358188386247,0.00020503063193357113,,0.00020462816478034396,0.00020444499669054726,,0.00020545470622489146,0.00020531931513365174,0.00020627540236722487,,0.0002059597959240536,0.00019907516623378108,,,0.00019784583806770197,0.00019804740282465712,0.00021122909935475503,0.00019664170685856048,,0.00019663585305585492,0.0001963278610492876,,0.00019609047906843556,0.00019623678374541947,0.00019671306510086589,0.00019694909735292604,0.00019606607169889666,,,,0.00019617670971422508,0.00019614523668359777,,,0.00019659319463671745,,0.0001962782306496253,0.000196386748496389,0.00019673110407349856,0.00019604037434711909,,0.00019648504055461155,0.00019629628863406136,0.00019603001315464348,0.00019633966337405975,0.00019640024908879349,0.00019605182117040753,,0.0001959475703539144,0.00019571551023208069,0.00019641120270901056,0.0001967675914915019,0.00019622574381709614,0.00019598051698279607,,0.00019659086378169525,,0.00019602360268890985,0.00019566798453817544,0.00019592253565473152,0.0001961661583698036,,,,0.00019629271805846738,,0.00019655861574305146,0.00019665018948129273,0.0001949419018961751,0.00019615664322485035,,0.0001963395616823691,,,0.00019612671319130682,0.00019666352038902177,0.00019620986467607684,0.00019582220204859057,0.00019683862882711496,0.0001964027244770636,,,,,0.0001961685124583022,0.0001958453437374231,,,0.00019640814364182326,,,0.00019596956090459178,0.00019620197677380023,0.00019568691200911613,,0.0001961160410303784,,0.0001967908192126674,0.0001966851011571068,,0.00019601047070936045,0.00019612007637949367,0.00019598131557553106,0.00019666167058784067,0.00019627172280193411,0.00019643036040044428,0.00019615189369759204,,,0.00019642660220545866,,0.00019642263032688162,0.00019619419743288808,0.00019594097708511835,,0.000196273177195789,,0.00019673418991151428,0.00019646234069301861,0.00019593231947262132,0.0001964576970043705,0.00019647804908860467,0.00019595847978646117,0.00019672287535436658,0.00019555366161795137,,0.0001963890749257223,,,,0.0001963370814937782,0.00019602018431286666,,0.0001963496999943208,0.00019605311988430738,,,0.00019609140792378675,0.0001959279674997016,0.00019598435671174097,0.00019641528835084537,0.00019580896611699514,,,0.00019643087748347893,0.00019677325535316,0.00019641089918336885,0.00019655798146801735,0.00019583927506805216,,,,0.00019627440386544477,0.0001960768050719807,0.00019619462398142283,,0.00019630294228905053,,,,,,0.00019583313425018602,0.00019652793288032458,0.000196154070444293,,0.0001953394491274747,,0.00019635516992254836,,0.00019612961020798193,,0.00019638687383951523,,,0.00019669569699893772,0.00019619768151304953,,0.00019609663775421068,,0.00019575587133805787,0.00019640685965637697,0.00019650623476991392,0.000196348862450299,0.0001961941115110187,,0.00019515183360478876,,0.00019905092756629579,,,0.00019827581986951254,,,0.00019695891072456925,0.00019725678398180483,0.00019791219066030928
4,4,DG_8pct,16,Z03_F10,3,3PH,298367,298161,True,14326.605074822819,14341.147728018857,0.234071668996024,0.15365170957334684,0.1550887858985578,0.015978494458803612,0.0034406454171909615,0.12961458587535837,0.13143203122078637,0.055940050871765554,0.05558591607087018,0.036869424537442165,0.0011070163992660006,0.002705293229776161,0.003970559249164214,0.003748369892565177,0.014577079528627397,0.005547699955827574,0.011402318941643157,0.038110870085441555,0.2225511280525641,0.22290747895586585,,0.21963148014672534,0.21972501291415472,0.21859184169762355,,,0.00019576730330811494,0.00019602536383018967,0.00019569289618836267,,0.0001982979692229097,0.00019758774815017063,,0.00019749656278038785,0.0001975152106509709,0.00019795223131590793,,0.0001975317645450743,,0.00019544631547080218,0.0001957336331254177,0.00019630955061072992,0.00019637272797535155,,,,0.0001935469569740569,0.00019606739000861649,,0.00019611420337151722,,,0.0001971355358655145,0.00019906654963580225,0.00019454427198529274,,,,,0.00019772709258514853,0.00019785037871584583,,0.0001983909292610724,0.0001985185733256001,0.0001980851278634942,,,0.00019784787800762276,,0.00019778229623097733,0.00019840802525053882,,,,,0.00019840837367275053,0.00019934107852649186,0.00019927640135871907,0.00019885174334835287,,0.00019969350387439295,0.0001995164243171037,0.00019937207905399348,0.00019869258060674038,,,0.00019914251019874108,,,,0.00019905842161124142,0.00019908567142287148,,0.0001995867107174962,0.00019936139017623025,,,0.0001985564245895507,,0.00019938418440299747,,0.0001990250438413854,0.00019974559945806918,,0.00019774328481365504,0.0001977854162521509,0.0002052482184340093,,,,0.000203338628820427,,0.00020345040195262384,,,,,0.0002057865462317916,0.0002051322513815436,0.00020605392062955934,0.00020642610284401632,0.0002060607559738872,0.0002056338524705522,0.0002055807333606229,0.00020554526694752687,,0.00020604481960994676,0.00020586342541419612,,,,0.0002060258698959094,,0.0002061940148102616,,0.00020543701526728884,,0.00020528554279311247,,,,,,0.00020581750992418725,0.0002052173272993231,0.00020577672478787513,,,,0.00020566691930756653,0.00020527723198353182,0.0002057920997910422,0.0002057129926030139,0.0002058370050907411,0.00020553601524857023,,0.00020578115851602568,,0.0002059837801561906,,,,0.0002060235848198136,,,0.00020566116510426326,0.0002054923625198267,0.00020543898005254932,0.0002054800558207654,,0.0002055125846164901,0.00020565806777796293,0.00020587627251114895,0.00020546304160964262,0.00020600125467715733,,0.00020575204283664657,0.000205765948813357,,0.00020511358794272615,,0.0002052535096801511,,,0.00020585344055257915,0.0002058892717047424,0.00020521230779691816,0.00020544456636070654,0.00020622879186775388,0.00020615108139295212,0.0002054924383995125,0.00020505294958544188,,,0.00020617027296085925,0.00020457848776549484,0.00020543111544706017,0.00020543591012048154,,,0.0002055943649298757,0.00020555071082755408,,,,0.00020596335714928094,,,0.00020646440186680083,0.00020687873829003267,0.0002066123385335874,,0.00020656933605017703,,0.00020630015369812627,0.00020593200302649513,0.0002063173117891312,0.00020601714162411656,0.00020650842344525444,0.00020603196544202796,,0.00020587967604948412,,0.00020591369462930463,,0.00020548071596846403,0.0002059327339302401,,,,0.00020544106374652236,0.0002053208644738009,,0.00020617834164161143,0.00020567991126413444,,0.00020578241633997012,,,,,0.00020601553626974572,0.000205945544040204,,0.0002064806883781412,0.00020623192470209996,0.00020588960711859304,0.00020598225695275528,,,0.00020603045475016608,,0.00020583410853137004,0.00020590708413006245,0.0001976298342391498,0.00019846154696788446,0.00019794811674581826,,0.00020416150310153026,,,0.00020412832501363407,0.00020463283731960078,,0.00020364953040884147,0.00020591502935421774,0.00020567329296112088,0.0002055285652910421,0.0002057825473662443,,0.00020563232448671048,,0.00020585736548777808,,0.00020549530655516603,0.00020595651268264417,,,0.00020520216972119205,0.00020555429070429147,,0.00020542041669433637,,0.00020566674784400522,0.00020591005722794622,0.00020548244124863775,,0.00020543534335140315,0.00020510323567928714,,0.00020555656110227084,,0.00020526865071224666,0.00020585697476045958,,0.00020530869984400446,,0.00020495764780200572,0.00020541235710150175,,0.00020565816872815935,0.00020570137081776538,0.0002059752123122392,,,0.00020557215244638703,,,0.00020532120392261318,0.00020547209072581523,0.0002056317795321634,0.0002052956212617633,0.00020592806458300984,,,0.00020604492436169651,,0.00020577557174695466,0.0002061895103643172,0.00020661222743856107,0.00020623190529498313,0.00020535983609231865,0.0002053511309963372,0.00020571624804391437,,,0.00020603214973544863,,0.00020568574204774586,0.00020504427266667438,,0.000205965970191044,0.0002058662029194304,0.00020561519965112598,0.0002056391423209357,0.0002051888104165079,,0.00020528099735604583,0.00020516994995025434,0.00020556982044571496,0.00020534757935807758,0.00020575414498704575,,0.00020540504855742805,0.00020469653204832953,0.00020488588472119287,0.00020485962856330698,0.00020523295970062655,,,,,0.00020453935896185961,0.00020556122980566537,,,,0.00020523670444589078,0.00020531305476346822,0.00020453341333371587,0.00020535522099935014,0.0002054064621609566,0.0002047388113069797,0.00020491091297416335,0.00020482039586941096,0.00020479507151943102,0.00020440069914755447,0.00020501847972311595,,0.00020518229036068104,0.00020422155375494387,0.00020452670543003084,,,0.00020512814225606753,0.0002048782541130025,,,0.00020541106815143473,0.00020546339280247118,0.0002052089467011365,0.0002052990171345874,,0.00020485360615273297,0.000205193928692724,0.00020545729641776718,0.00020467779131186958,0.00020459315794540348,0.00020504142005341554,,,,0.00020487656499272125,0.00020514043801185625,0.0002044417572135105,0.00020500401713100894,0.0002052889731133578,0.0002052301297480157,,,0.00020496651968679596,,0.00020458166528135508,,,,0.00020493462891625503,,,0.00020508262346119227,0.00020534661421629303,,0.00020475668027292266,0.0002056219473575319,,0.0002049940825556669,0.00020541521642796073,0.0002049866421566201,0.0002045965985541519,,0.00020469818023358986,0.0002049803008115745,0.00020499912391467763,0.00020515875607059056,,0.0002061581413436722,,,0.00020568191419368986,,,,0.00020145415159177635,,0.00020129245447534825,0.00020126336506321826,0.00020064616768002705,0.00020126939402382728,0.0002054976494051788,0.00020545407625074377,0.00020509680060718956,,0.0002028638377893057,,,,,,,,0.00020675429444527558,0.00020668683316917767,0.00020625697431419973,,,0.00020783404550142143,,0.00020895392893619482,0.00020865031298017208,,0.00020928152609149647,,,0.00020911001017704888,0.00020918100340332945,,0.00020902761846492722,0.00021091035784957175,0.00020977365862242172,0.0002087856071841497,,0.00020897148520321882,0.00020906284903747668,0.00020856401244523194,,0.00020826370290434943,,0.00020849372946132744,0.00020902265131068258,,,,0.0002094711812708663,0.0002087751422091521,0.00020860247307467598,,0.00020809384222221934,0.00021112185906155948,,0.00021132782222731334,,,,,0.00021236876563616875,0.000212499135312439,0.0002123340069859521,0.00021214919325744509,,,,,,,0.00021166293982829268,0.0002116604813101976,0.00021142814868336022,0.00021165993677197325,,,0.0002111367598629636,0.0002110787945220039,0.00021145866963525047,0.00021130890380251512,0.000211767530630392,,,,,,,,,0.0002110572820518943,0.00021153384639357103,0.0002117074401653414,,,0.00021104911084314441,,,,,0.00021079388580724542,0.00021119305850541135,,0.000211250544885566,0.0002111020077605419,0.00021140903787087505,0.0002112678326942583,,0.00021178858491558382,,,0.00021119342137545662,,0.00021106002127477697,0.00021141430048004167,0.00021171603912850147,,0.00021033687793859692,,0.0002107520027185075,,0.00021142880852655232,0.00021151805328374276,,0.00021155645842996844,,,0.00021199298916168142,,0.0002119238742760158,0.00021153850230528872,0.00021104968120703245,,0.00020555041293078265,,,0.00020523875569436066,,0.00020505406359417057,0.00020558942905556674,,0.0002056165334358324,,0.00020521488301685265,0.00020485498853735216,0.000205131893393397,0.00020525324308843577,0.0002055207419655534,0.00020532397070255966,,,0.00020473549364472077,0.0002052848586194583,0.00020500250324749443,0.00020478446840309058,,0.00020529950779726101,,0.00020487877184231004,0.00020503454755550933,,,,0.00020563998555695224,0.00020546418201846048,,0.00020536070596432755,,0.00020536745590727363,,0.00020546032858754845,0.0002044628531188167,,0.00020442315038549097,0.00020378714328489621,,0.00020411405883295864,0.00020437891262179374,0.00020385521338342423,0.00020428206290026184,,0.00020455012392883262,0.00020488811093458007,0.000203951753914023,,0.0002049318051705551,,0.00020519157062845513,0.00020461535065597345,,,0.00020497138879398382,0.0002047553687447824,0.00020463399123025967,0.00020456464822357566,0.00020530833473424994,,0.00020239860467864782,0.00020427042491709437,,0.00020479044036693345,0.00020446459747914042,0.00020476787353382965,0.0002040931345058785,0.00020431102344194713,0.0002045639070246591,,0.00020499485780346436,0.00020564758095593418,0.00020505537483918193,0.00020492888735286485,,0.00020566231489571138,,,,0.00020557581546640216,0.00020546983728722413,,0.00020523133423464522,0.0002054263612972228,,0.00020527050649192782,0.00020572891909426802,0.00020537356409631064,0.00020531694355603933,0.00020526067338353415,0.00020543113502421805,,0.00020539597127155129,,0.00020509336186937344,,,,0.00020419587288284847,0.000205434978016367,,,,0.00020513296030656077,,0.00020479476596738802,0.0002042564634401062,0.00020423378746380066,,0.00020472037550863388,0.00020462287819604963,0.0002039687751021848,0.00020495409770035733,0.00020512847720456298,0.00020406674713107246,,,,,,,,0.00020509538398393067,,,0.00020472957548110375,,0.0002059094606059337,0.00020586443859915138,0.00019874850709459093,,0.0001982774808150168,0.00019782411681566978,,0.00021082359926330463,0.00019562592083815,0.00019585375686838162,0.0001968833133253052,0.00019615215412681735,,0.00019655032959950975,0.0001963796100063897,,0.00019583569683834757,,0.00019640669840542634,0.0001961358487980239,0.00019662567147130298,0.00019641406773307764,0.00019641880489272264,0.0001962353338673662,0.0001967722959043679,,0.00019603375873415347,,0.0001962901988925162,0.0001961586942940838,,,0.0001969332116109289,0.0001964663118766248,0.0001965768262708925,0.00019617006658299645,0.00019588846633677033,0.00019606294968221337,,,0.00019606369756498148,,0.00019613317979350964,,,0.00019629501337919798,0.00019623302398417885,0.00019605680587737672,,,0.00019591483525788412,,,0.00019608246795784585,,0.000196742072426117,0.00019594281774670155,,0.00019643046041139286,0.00019664580906099483,0.0001957069595975619,0.0001965386435918634,,0.00019607530306836585,0.00019683403652077765,,,0.0001964637919988186,0.0001962085665013643,0.00019672157374590435,0.00019643693567133165,,0.00019618783578523162,0.0001962859041510216,0.0001963689358660694,,,,,,0.0001958760234959994,0.0001963701997358734,,0.00019619331015945625,0.00019657155496877093,,0.00019705723204235657,0.00019581840837057198,0.00019607807990144579,,0.0001962917316168456,,0.00019644718593528847,0.000196726938929338,0.00019624097690405733,0.00019665318530948691,0.00019645231401179206,,0.0001958264905349687,,0.00019600856296502937,,,0.0001962256782030496,,0.00019593684116585733,0.00019577607788433927,0.00019593339584322568,,,,,0.00019623457393187595,0.00019600412469326735,0.00019623232790476556,0.00019598923258750696,0.00019637077726391555,,0.00019699397154796658,0.00019623617147680533,0.00019588427260998324,0.0001964110764751592,0.00019620770337145708,,0.00019654309652431554,0.00019617369595933943,,,,0.00019596019736881445,0.00019643213632897544,,,,,0.00019631214311311714,0.0001960053791689122,,0.00019594420436580242,,0.0001957262962517491,,,0.00019686774521338805,,0.0001958093904428715,0.0001969067589788188,0.00019629115458024717,,0.00019650091894155244,,0.00019632877132663346,0.0001958815160564507,0.0001956360983302217,,,,0.00019667685934464081,,0.00019609169550659572,,0.00019653807000179275,0.00019628945715155274,0.0001961381049930799,,0.00019650786369325394,,0.00019671893623148383,,0.0001961947678464805,0.00019615291679295958,,0.000196108365337831,,0.0001964282315339931,,0.00019534435406499433,0.00019519707849735893,,0.00019864740050077727,0.0001983746079122274,0.00019822736922808708,0.0001972011411440138,,0.0001978254514621088,0.00019715933311942002,,0.00019734875612761993
4,4,DG_8pct,16,Z03_F11,3,3PH,298367,298161,True,14322.693963832553,14301.37717998322,0.2346054641131121,0.1543008076252064,0.1553899843215324,0.01597754917080433,0.0034428163665167076,0.13059555870726233,0.13022714483799164,0.05538724234952035,0.05586743747449035,0.03702531897187196,0.0011051031672326696,0.002696734463994503,0.0039954091943512435,0.0037470137735341634,0.01455901049383673,0.005509133455607555,0.011377342543896114,0.03845776893905674,0.22266937246837118,0.2227932290777745,0.22264477685812167,,0.21939313733019888,,,0.00019590185255907556,0.00019549428585151254,0.00019485899564978564,0.00019613335554227485,,0.0001978446787416524,,,0.0001977653966619823,0.00019746797673849092,0.00019756572677443734,,,,0.0001954930079072002,0.00019537178223889875,,0.00019669232784328658,,0.00019347725304373376,0.00019311486939285418,,,0.00019614857222428864,0.00019593700752491895,,0.00019654250924134496,0.0001967843537491555,0.00019824999147638502,0.00019387835767315772,,0.0001942300056109527,0.0001978709874619057,,0.0001976541523130175,,,,,0.00019828086330029663,0.00019853997468125928,0.0001976976834250063,0.00019815123487927869,0.00019827061789195896,,,0.00019892469739272545,0.000198069205646452,0.00019855572470373908,0.0001983754371050352,0.00019874930932627173,0.0001988060407832449,0.00019895690456917133,,0.00019886946284198775,0.00019878984058682722,0.00019935428672907554,0.00019908635306403744,0.00019889769172092142,0.00019932296797039976,0.00019878906711346946,0.00019841388897911288,,0.00019900151339735067,0.0001988864164310677,,0.00019926153576782315,,0.0001991862125869837,0.00019942544462049877,,,0.0001995283383938147,,,0.00019906741389354252,,0.0001999583560517566,,0.0001978275875126144,0.00019710609629996484,0.0002049037343184083,,0.00020377679073499394,0.00020300418561188175,0.00020334765861785173,0.00020310532232362355,,0.00020583799644158278,0.00020629727061561586,,,,0.00020602412079488808,0.00020609482749630678,0.0002059639972423097,0.00020617485609676045,0.0002059462807695403,0.00020625328024786413,0.0002065225314889278,,0.0002058291386740193,0.00020584443025403233,,0.00020570101295707414,,0.00020611416726324319,0.000205421327678628,0.00020553527266693711,0.00020588451171892565,,,,,0.00020550190571560836,,0.0002053770875099886,0.00020440165158593643,,0.00020568387936095408,0.00020531666535618642,,,0.00020540310787864425,0.0002060740658912228,0.00020568096806709146,,0.00020546191745808448,0.00020573775401727508,,,,0.00020532166782118315,0.00020541855626280035,,,,,,,,0.0002054605518565452,0.00020586566687464628,0.0002056320427672977,,,0.00020599830255635024,0.00020545830243482653,,,0.00020539593092331568,0.00020577003884939747,,,,0.00020549050100013053,,,0.00020520355055072824,,,,0.00020484045942092385,,0.000205736160900488,0.00020550073401626705,,0.0002055990581732038,,0.00020554767760807551,0.00020532507212242445,,0.00020532040967744178,,,,,,,,0.00020481961585624666,,,,,0.00020636774346239416,0.00020609293244770472,0.00020664906003326614,0.0002061914618719438,0.00020604515383438633,,,,,,0.0002065220358712998,0.0002057479585755837,0.0002063488365813071,,0.00020558795547002113,,,0.00020629526703286894,0.0002054764765502588,0.0002059513175738736,,,,,,0.00020632383481158695,0.00020551065168902377,0.00020633954153842542,,,,,0.00020620387951562875,0.00020612137115863364,0.00020600233782426042,,0.00020550878903490333,,0.0002057200545288239,0.00020608479475275584,0.00020577198713560814,0.00020580787668121635,0.00020617744464738948,0.00020570461154918715,0.0001980539067820556,0.0001987869299237649,0.00019771467861877143,0.00020542040541946457,0.00020487239845367144,0.00020409010477101888,,,0.00020415852823921896,0.00020391138784663486,0.0002047358595817943,0.0002058099085931695,,,,0.00020582374560840732,0.00020569434802332752,,0.00020467617763277943,,0.0002059456148209587,0.00020579638349990485,0.00020544724655299394,0.00020626527970731728,,0.00020572454208861327,,0.0002061385540392477,0.00020604837770676212,0.00020535143545209752,0.00020523073310978096,,0.00020530231440161052,,0.00020534174393437843,,,,,0.00020511178561889918,0.00020532429659001755,,0.00020541151748466738,0.00020575042810303928,0.00020483325034639102,,,,,0.00020471896135541812,,0.00020556501242654482,0.0002055227317379721,0.00020541001266926746,0.00020525749557476564,0.00020557999014888953,0.00020509759220529425,0.00020590835003069503,0.00020616899521726063,0.0002056531562445302,0.000206206318283607,0.00020581881047836137,0.00020536372053896665,0.00020608702401211883,0.00020602185727213896,0.0002059667273604141,,0.00020543259361517345,0.00020594413078139313,0.00020548030165675512,,0.0002057484467248043,0.0002054423769228517,0.00020639984901190807,,0.0002052188808723163,0.0002050413140265414,0.00020542231453856053,,0.00020554605878112954,0.00020591321923727344,,0.00020573952864230843,0.00020516557730959462,0.00020569820688939543,0.00020495242392986305,,0.00020468083481477698,0.0002051784366650753,,0.00020566038200617185,0.0002054613149619484,0.00020504790125605238,0.00020525917609472223,0.00020555768312325397,,0.00020501925130449351,0.00020529844938595068,0.00020458288252027856,0.00020509597216417008,0.00020586846675445779,0.0002049220701099495,0.00020514698934820055,0.00020446648617137363,0.00020489255165873695,,,,0.00020444790173513883,0.00020478071111244793,,0.00020547365436514133,,0.00020477764333561328,0.00020492291138653028,,0.00020468411565963395,0.0002052201657141732,0.000204688621125075,,0.0002055786576992326,,0.00020538299991698989,,,,0.00020511156011236194,0.0002057145808564465,,0.0002058642930063494,0.00020535195056526343,0.000205376843403281,,,0.000205277038417776,0.00020491705427867418,0.00020534802409487489,,0.00020554946149528935,,,,,0.0002048657192774764,0.00020519538492129525,0.00020527220154101328,0.00020498953336893676,,0.00020502057347998885,0.0002047218246378202,0.00020497110077296224,,0.0002050359996248334,0.0002052552854749697,0.00020500166427298068,0.00020472087162469772,0.00020542377235624384,0.00020475271530167764,,,0.00020494445139591558,,,0.00020397125892980422,0.00020570424932038158,,0.00020566902792828112,0.0002055000694975061,,,0.00020648470370419894,0.00020617295690078804,0.00020560330925490313,0.00020542079118932415,,0.0002055654226866165,0.0002049177919099432,0.00020539425612760992,0.00020079068908750318,0.00020030569820600884,0.00020151705011099415,0.00020086660995787854,,,,,,0.00020327147857983636,,,0.00019849521282946418,,0.0001984128564841532,0.00019282903530652197,0.00019266956607033164,0.00019313560851371784,0.0002066986973140516,,,0.00020830004156972595,0.00020852756978010487,0.00020805146909595395,0.00020946907894751432,0.00020898459256695154,,,,0.00020920226970803067,0.0002091530168392532,0.00020890652357800267,,0.0002092961352964895,0.00020904653131908896,,,0.0002086056107194296,0.00020905967417769822,,,0.00020870142929088205,,0.0002084408408268127,0.00020964393759381265,,0.00020823342278285367,,0.00020885167840376372,,0.00020867063938579506,0.00020891113278079514,0.00020875272109994601,0.00020890248126454852,,,0.00021234910053059827,0.00021151394653487522,0.0002117083831539883,0.00021172865007650153,0.00021013114927982728,,,0.00021246111628380127,0.00021212072769081664,0.0002126223824323719,0.0002131536396587361,0.00021300374567407516,0.0002129488350983818,,0.00021175847859264093,0.00021148368793919627,0.00021242815997968978,,,0.00021199611193449403,0.00021170550037983055,,,,0.00021147581438147377,0.00021151623865355883,0.00021141137474448298,0.0002119124168205295,,0.00021178358258457385,,0.00021101261356635084,0.0002117699343324883,0.00021169259961709345,0.00021173823832771176,0.000212278251636569,,0.0002119027204413184,0.000211610990191246,0.00021168073571052555,0.0002116374546819871,0.00021128960402383044,0.00021144446794169391,0.00021095725552717026,0.00021092721232477706,0.0002114000278225171,,,,,,0.00021149414469035042,,,,0.0002110994095978604,,0.00021126299209517545,0.00021125676094375592,,0.00021158218229737073,,0.000211218412914669,,,,,0.00021190996767607721,,,,,0.00021087264742904746,,0.00021144215561082617,,0.0002110198288470561,0.0002053918686186706,0.0002057833691746068,,0.00020526560309567954,0.0002048513679961274,0.0002052013669677562,0.00020526709735470126,0.00020551943841869385,0.00020525525818591977,0.0002041379522945001,0.00020514710286893413,0.00020523954990648397,0.00020524118866179788,,,,0.00020576007100704877,0.00020438090152143673,,0.00020510241268876944,,,0.0002046018449979998,0.0002053847690505894,,0.00020561868955191375,0.00020546880251921454,0.00020508006269648888,0.00020522905127717074,0.0002050342945770507,,0.00020499930638303042,0.0002045899602354347,0.0002049518414713738,0.0002056641864065625,0.0002057306960888982,0.0002061523418520108,0.00020574894455136947,,0.00020436883605165696,0.00020391123697480963,0.0002041691866675799,,0.00020484906193167835,,0.0002038343060194397,0.00020449647490982455,0.0002040126523405209,0.00020457253904385554,,,,,0.00020509897912705926,0.00020506225953109472,0.00020414100676664548,0.00020499228998780377,0.00020503038652443652,0.0002050971740334306,0.00020532340848105227,0.00020528163104726861,,,0.00020403577966155052,,0.0002022314931370023,0.00020446357555995757,,0.00020457468440559254,0.00020402143615121072,0.00020435253137553183,0.00020417227349801736,0.00020461570368849257,0.0002042404979350155,,0.00020532733086427458,0.00020541372930462463,,0.00020569970439799682,,0.0002052263715171724,0.0002055780902612216,0.00020502233770045228,,,0.00020635943312490018,,,0.00020591651679334008,,0.00020499975581126444,0.00020552221242764947,0.00020530471578079413,,0.00020564663179331553,0.00020595008591612008,0.00020586092921385962,0.00020576968904760892,0.0002048689343044091,0.00020576839121401908,0.0002054103014741075,,,0.00020469515137368463,0.00020453715139066923,,0.00020463425119217717,,,,0.00020434150160263492,0.000204922731054492,,0.000204340691420344,0.00020440403900393915,0.0002049480707520382,0.0002047568114142626,0.00020455332505900847,,,0.00020461006562480784,,0.0002040239700290432,0.00020443152665569863,,,0.0002047004281647281,,0.00020587215049128676,0.00020557186712160427,0.00020582142713780586,,,,,0.0001969763090732425,0.00019785888245673066,,0.00019762791914722106,0.00021142793229330447,0.00019611662277255014,,0.00019645024442852373,0.00019627681734337294,,,,,,0.0001963179608444437,,0.00019588718031826025,0.00019617987067716816,0.0001959057198298548,,,,0.00019589878282997135,,0.0001958510655460109,,0.0001966182958041129,,0.00019665312144136432,0.00019633529899628258,,,,0.00019612727713983288,0.00019639086770176692,,0.0001961983758448863,,0.00019546103015312033,,,,,,,0.00019652515131879714,0.00019596590043966758,0.00019571080583157178,0.0001961979993338192,,0.00019581431595056372,,0.00019610377842377736,0.0001961810464952687,0.00019621393650230806,0.00019600428744717801,,,0.00019605218131946102,,,0.00019618643564287908,0.00019686310046097195,0.000196661910788051,0.0001961641886904109,0.0001961598602429166,0.00019618181551640668,0.00019613467459253105,0.00019633338564660287,0.00019642439804991795,0.00019644214074768376,0.00019682541826735028,,0.00019619088130931546,,0.0001958849125663708,0.0001968768029156088,0.0001964234147459504,,,0.0001958518174079799,,,,,0.00019613020794501297,,,,,0.00019634351556728583,0.00019615489048406903,,0.00019599831618246746,0.00019615166842372795,,0.00019645304917623844,,,,,,,0.0001958413722819937,0.0001958718809736572,0.0001962788110955762,0.00019614279808816536,0.00019635561589425376,,0.00019662362521001578,0.00019624726061461803,0.00019626056265894027,,0.00019620773487368626,0.00019607087926889132,0.00019615113956184178,0.00019570703301308317,0.0001958678872880967,,,0.00019669654811200584,,0.0001959536495559822,0.00019578686130965517,,0.00019626042557796962,,0.00019594733391749497,,,,0.00019762782257847986,0.00019670091873118082,0.0001964854684569534,0.00019665548680513137,,0.0001956322752554372,0.00019615567494444915,0.0001964245680007769,,0.00019650793494702077,0.0001966134248944024,0.00019609324022871097,0.00019612083691582908,,0.00019660420678543978,,0.0001957910927430798,0.00019653002442745977,0.00019625267510070966,0.00019635567186586242,0.0001969436500758968,0.0001965715157426954,0.00019627607151655505,,,,0.00019637743242530422,0.0001966005402359984,0.00019648877009913814,0.00019646591934912458,0.00019618375641994513,,,0.00019654039103056547,0.0001960757096655313,0.00019592728721783484,0.00019621203433077336,0.00019562744828266633,0.00019595088603446655,0.00019593378763875995,,,0.00019519631762200099,0.00019534204286027237,0.00019474425536351563,,0.00019862571269598888,,,0.00019795631252298582,0.0001973899843278,,,
4,4,DG_8pct,16,Z03_F12,3,3PH,157115,165448,True,13976.910422395693,13998.228190040054,0.22907505533118785,0.15044786873881558,0.1517776188040885,0.015590375445449662,0.003365624777910228,0.12654446010045575,0.1276414794039317,0.05373979770294299,0.054115602173430276,0.035897974347114246,0.0010841739513149946,0.0026289013475474096,0.003880875910773267,0.0036422268851194492,0.014167967781893012,0.005399816266571225,0.011081058583046735,0.03722299590520773,0.24104740306315683,,0.24104816110514077,,,0.23732922842662746,0.0001910966876966844,0.00019059531347582356,,0.000190757205607328,0.00019170814039349386,,0.00019259629373196191,,0.00019229428282937233,0.00019230018484509592,0.00019284077669766991,,0.00019303352184322361,,0.0001907075287894339,,,,0.00019151169001283106,,0.00018869758449755486,0.00018842531664540799,0.00018893139195267768,0.00019148162171239876,,,0.0001915020690914555,0.00019123027237231882,0.0001913567121333182,,0.00018925429975477667,,,,0.0001926163471556198,0.00019279031610397056,0.00019357186886025977,,,,,0.00019396644775962967,0.00019337713352281504,,0.00019360643152911225,0.00019347296119183514,0.00019312950399683244,,0.00019317319115705732,0.00019330539292798635,,0.0001934536675596254,0.0001934702712607054,0.00019398994199172682,,0.000194096621787492,0.00019398681328790487,0.00019370925707170908,0.00019393587525529587,0.00019421203452580575,,,0.00019448299366488242,,0.0001944389599071623,0.00019376313353832385,,0.00019482284255145437,0.00019409031182695015,0.00019425733489265525,0.00019408736633439241,0.00019418053185089952,0.0001944904498027948,0.00019436116832017184,0.00019438177641489162,0.00019437956220964475,,0.00019394443224347646,0.00019402550473829027,0.00019280096150569144,,0.00019250194176818102,,0.0001985344668424406,0.0001981998639723123,0.0001981177877333404,0.00019786462219967282,0.00019827120747182555,,,,,0.0002013149117978878,,,0.00020022725829528076,0.00020125852420223785,,0.00020033712670268548,0.00020063046368197883,0.00020055139566562088,0.00020044772297090873,0.0002006612999880434,0.000200408994374547,0.0002005158945681066,0.0002008339569091836,0.00020086715783010337,0.00020135676981627832,,0.00020080471096924288,0.00020048048996681932,0.00020054258118329483,,0.00020104881355965782,,,0.0002004174805630357,,,0.00020056097269531632,0.00019996155635319658,0.00020053078023189033,0.0002002757366869042,,0.0002003481639412653,,,,0.00020047476343274076,0.00020069001541950533,,,,0.00020017676223830206,0.00020050523029146506,0.000201264473910119,0.00020077280552299953,,,0.00020024062967085113,0.00020022956971816187,0.0002004705318772629,0.00020139369305516853,0.00020052973554884424,0.0002007337094418407,0.00020059724325374297,,0.0002004310579422339,0.00020032769279725268,,0.00020046400938585976,,0.0001999760737872111,,0.00020013060155513036,,,0.0002005949246165058,0.0002001708479336193,0.00020028773732704724,,0.00020008964986157918,,,,0.0001999625780543849,0.0002007453126710524,0.00020021887670867574,,0.0002000272211620606,0.00019990003799680355,,0.00020053944177017953,0.00020044607628530483,0.00019995660137730662,0.00020057303432254164,0.00019961265921412415,0.0002011431227619914,0.00020062946614724303,,0.00020026416146573766,,,0.0002010051221604897,0.00020109917503384847,,,0.00020070872021066093,0.0002011096263284954,0.00020055724255251204,,0.00020104592542954193,,,0.00020026693844110038,,0.00020045615091154854,0.00020020233169374378,0.00020120760738973447,,0.00020038151293771684,,,0.00020018595498450873,0.00020022266857722124,,0.00020116962457415732,0.00020106817933163954,0.00019986776479763487,0.0002005240218171403,,0.00020075471173790663,,,,0.0002008064476189471,,0.0002005919222122388,,0.00020094386731631277,0.00020115909737293718,0.00020083613242226662,0.0002011363890164355,,,0.00020053390633322865,,,0.00020029015939437576,0.00020083758194011295,0.0001933325684528973,0.00019350041883841907,0.00019333195113535237,0.0001999333516673288,,,,,0.00019905482604561423,0.00019934368538198792,0.00019933051064517288,0.0002006174753232348,0.0002005244451570573,0.00020072589197356482,0.00020129849349787625,0.00020090128001954403,,0.00020088299309091272,0.00020024018509551332,0.00020077466627382553,0.00020012655952212423,0.00020059389573046186,0.00020034847055818846,,0.00020005888834389234,0.0002003552181022448,0.00020064222009118227,0.0001998756008375832,0.00020012552443111334,0.00020055311185504786,0.00020009406074250827,,0.00020031814310193859,0.00020050569197267831,,,,,0.0002004959679639977,0.00020013587857645675,0.0001995881156977605,0.00020008966119692623,0.00019974647344617603,,0.00020016872588210285,0.00020031224057653495,0.00020044657923452535,0.00020089286434678744,,0.00020083664768477384,,,0.00019968573104195525,0.00020071388814420612,0.0002003577861379888,,0.00020013025716357925,,0.00020113836120116372,,,0.00020022312339641656,0.00020010853726665616,0.0002010706474119633,0.00019965806829215578,,0.00020049236858415336,0.00020054049181896595,,,0.0002011020234518423,0.00020142936128190317,,,,0.00020042927410898192,0.00020109122775809196,,,,0.0002003520171890707,,0.0002007694552612627,,0.00020024055888653107,0.00019981821309432307,0.00019989177150113674,0.00020000104657426828,0.00019995922076384163,0.00019954187111304668,0.00020014956566762624,0.00020091553080922405,,0.00020007855866289968,,0.00020017962263472997,,0.00019927168070541683,,0.00020003584509567336,0.0002003829317703154,,,0.0002000980652588537,,0.00020000148040330467,0.0002003732173327214,0.00019993765690139756,0.00020008477795112944,0.00019986921997294343,0.00020007340012025918,0.000199918005079911,0.00020013874496575774,,0.00019966595867803455,,,,0.0001997213274555349,0.00020036964295846055,,,,0.00020009019286279352,0.00020047163069385578,0.00020014279181004578,0.00019958873770928355,0.00020032977162959763,0.00019991688889335417,0.00019967439456298,0.00019943446189983158,,0.00020064588388379656,0.0002000395203704862,,0.00019991890870954,0.00019999906702087582,0.00019965455196063584,0.00019942533195277208,,0.00019978330537457993,,,0.00019975264183520462,0.0002004257034181162,0.00020031692570186035,0.0001998378603717231,0.0001998676231167412,0.00019963573625081922,0.00019943624556720467,0.0002007630308197784,,,0.00019970031383570436,,0.00020037799337448714,0.00019946156880986895,,,,,0.00020006750007570454,0.00019962048063742425,0.00020026522774370888,,0.00020012372649149253,,,,0.00020012955297147547,0.0002010391832570628,0.00020083302040988676,,0.00020066002358766876,,0.00020037838091390526,0.00020066495956256504,0.0002005656706765422,,0.00019633037718761178,,0.0001968552324098645,0.00019675375932299918,0.00019609742678422583,0.00020026482034490354,0.00020116279750007697,,0.00019727888158440504,0.00019814778770682335,0.0001983751833023426,0.00019285742219672528,0.00019288196350289905,,,0.00018810798634702594,0.00018801824284955115,,0.0002012169839724627,0.00020124199839661422,0.00020323558811673791,,0.00020342817699893834,0.00020438342215301606,,,,,,,0.0002040798311841048,,,,0.00020562637335792423,0.00020511919344670042,,,,0.0002033140590323046,0.00020372828723952099,0.0002037266207690542,0.0002039141184973008,,0.00020376339608450556,0.00020336103381060543,0.00020312906658435438,,,0.00020324791242678835,,,0.00020362253026245968,,,,,0.00020654523453456265,0.0002062376419620933,,,0.00020739770649358497,0.0002073107877649037,0.00020687955770676592,0.00020735635414023226,0.00020724229977520396,0.0002074360485900751,,0.00020722766825231797,0.0002070540308005084,0.00020664154931691748,0.000206637829804901,0.00020654262128549117,,0.00020623718377895886,,0.00020645962959795432,0.00020625884229541816,,,,0.00020578946367870156,0.0002063067324295703,0.00020570981891141147,0.00020680514399375343,,,0.0002063870996976603,0.00020545023332603745,,,0.0002060197414642611,0.00020548988076938396,0.00020626723179233475,,0.00020699809905257814,0.00020609013460869358,0.00020551093688729534,,0.0002056684683018264,0.0002060608170426574,0.0002060901041784168,,,0.00020575570608732455,,0.0002061993508006416,0.00020540762885645902,0.00020604555860046067,0.0002055901804547524,0.00020619358235493163,0.00020599297001451901,0.00020566343841369543,0.0002067202806725794,0.00020581914127252999,,0.000206101223371521,0.00020534173867132959,0.00020573331827988172,,0.00020587290880455316,,,0.00020609100933613946,,0.0002059308216006449,0.0002062269318735164,0.00020609908478017318,,0.00020588027722791229,,0.00020596850879852762,,,,0.0002003410075381825,0.0002003062671073438,0.00019997010103321405,0.00020048912622590788,0.00019990948258226146,0.00019993008569976095,0.00020017624702197125,0.00020035238400707152,,,,0.00020095966669370722,0.000200031624978956,0.00019964265608398793,0.00020014294520007424,,0.00019967172993295393,0.00020010168719634727,0.00019985699947846456,,0.00020005742647567028,0.00020045752825009614,,,0.00019995274892628688,0.0001997731782103994,,0.00020004174339807796,0.00020043914471147152,,0.00020036490026259114,0.00020038984181979747,0.00020023001006500482,,0.00020008270522005797,,,0.00019930821048309383,0.00019926480562195795,,0.0001990888741732006,0.00019889697943390887,,,0.00019938793269654584,,,0.00019961220854904107,,0.00020008915361398216,0.00019917784160884415,0.00019932323786088033,0.0002005996264944033,,,,0.00019940335999052322,0.0002000151895643763,0.00020003244144946962,0.00019996288331735468,0.0002002532410292157,0.0001996982350448689,0.00019717876354724488,0.0001988917052419139,0.00019909815746603596,,0.0002000116252591627,,,0.0001997999482668531,,,0.0002000645266880219,0.00020036841730886246,,0.00020009850852392187,,0.000200446356125854,,,0.00020092219726514142,,0.00020083247654266475,0.00020008150710228249,,,,0.00020019178354075147,0.00020015257885124408,0.0002003813902331705,0.0002004472035813461,,0.00019965634659979293,0.00020039059357023728,0.00020042861868766658,0.00020038150961920333,0.0002007899292438788,0.0002003317197209329,0.00020070651316885478,,0.00019953458729995803,,,,0.0001998236862125404,0.0001993513786116066,0.000199776944001588,0.00019974260639626934,0.00019955928714164513,,,0.00019923944421797077,0.000199061174891558,0.00019944632503471156,0.00019919664117094593,0.00019991622614125133,0.0001993321589871319,0.00019945000257607395,0.00019977115848020797,,0.00019976044163585497,0.00019912122990944526,,0.00019964769146207955,0.00019990437275835567,0.00020038914631544775,0.0002001311754146411,,0.0002006781121372713,0.00020007659922548993,0.00020124784119492277,0.00019400642241427545,0.00019204501291555053,,0.00019313473494673837,0.00019292406893720683,0.00020545029368243236,,0.00019124077274582189,0.00019078901997923546,,,0.0001910596217300062,0.00019114227513262498,,,0.0001921559031101232,0.00019139182710297792,0.00019140509253768684,,0.0001911073238942128,0.000190792755593762,,0.0001913381039062105,,,,,0.00019176803465433714,0.00019140387396609961,0.0001914286939294378,0.00019130308734292676,0.00019116223156189069,0.0001917543629421904,,0.00019133190906452972,,0.00019149596744536456,0.00019155889148476143,0.00019173760491021045,0.00019156130797477888,0.000192111733063588,0.00019116870405442603,0.00019100140153346338,0.00019225755927441114,0.00019138956376862307,0.00019124483989943833,0.00019114607920109298,0.0001914522314128035,,,,0.00019166847846322182,0.000191374654417808,,0.00019100656537587027,,0.00019144711030547813,0.00019160460170786174,,,0.0001915968054177429,0.00019134275082764019,0.0001915870909546674,,0.00019126951254280205,0.0001908194357891538,0.00019131501966736735,,,0.00019093771118337995,0.00019180161227597354,0.0001911826026086992,,0.0001916422505327493,,0.0001914891694067894,0.00019151310886608307,0.00019127403022130784,,,,0.00019205765200755267,0.00019127772293315472,0.00019073502553738873,,0.00019127313057909796,0.00019159536155543048,0.00019111764969352633,,0.00019172848269045594,0.00019110797570146186,,,0.00019102684936424542,,,0.00019078410351916134,,0.00019115855602301013,0.00019128165420657074,0.00019147488203608245,0.00019125968353677662,0.000191648523848872,0.00019154059560876183,0.0001912346306847344,0.0001911358920856263,,,0.0001912171251449524,,,0.00019181173881907982,0.00019135175136449238,,0.00019134293354285294,,0.00019132417191585098,0.00019083605090172028,0.00019079172469877562,0.00019126902285884032,,,0.00019107732924363653,,,,,0.00019166344630167388,0.0001921484157831908,0.000191469433021995,,0.00019122822873307726,,0.00019146538820030096,,0.00019094326320430948,0.0001913816826257301,0.00019104180132313914,,0.00019140992593202284,,0.00019097444032557584,0.00019104898979842882,0.00019129549892637373,0.00019139699777415253,0.00019143511475389465,0.00019134453195262266,0.00019128456457241115,0.00019168572077555673,,,,0.00019114250098272307,,,,,0.0001916207255122093,0.0001910376358965876,0.00019096988550837082,0.00019139936337734417,,0.00019158990961327566,,0.00019141803975986332,0.00019155971712508146,,,,,0.00019074907627583405,0.00019212639587093684,,,0.00019022636719091642,0.00019051314759691284,,0.00019346484431680152,0.0001937659074209256,0.00019337522874614583,,,0.00019255595206954526,0.0001927162253691398,0.0001919990531953019,
4,4,DG_8pct,16,Z04_F01,4,SLG_A,157127,165460,True,8025.180038730352,8116.181686941281,8130.004819909878,1211.9849064862062,1217.0047626974078,172.6930663366122,16.518726681548344,815.4257018243686,830.5024824354774,322.79009159747284,322.8692300316272,214.5998031269909,5.205994863267394,12.498850355061855,19.557407876466787,16.751478785310148,137.17851984973768,25.84562736879397,54.922355790177846,254.2918253887548,0.6760805490382643,0.6805424004185405,0.67807034584416,0.5738889865173276,0.8394978606147778,0.9412463082293656,0.852427735540497,,0.5126710288498538,,0.8836461665000576,,0.11815161686489752,,0.8956547697760955,0.8925046305105012,0.8933163096649185,,0.9734851865747328,0.9722246047627008,0.5107786888465912,,,,0.5217203531734361,0.5229630449765187,0.5139517468710982,,0.5144407258977323,,,0.5208195444762492,,0.5216355616977597,0.5206010737820921,0.1410789521034584,,0.5083308019852051,0.5083629117125856,,0.5185015981363514,0.5181951002711895,0.5196474374829533,0.5203312771317478,,0.5208634118782426,0.5195822728973701,,0.5203894437669901,0.518837517465722,0.5195303915234141,,,0.5196056679576906,0.5192329505229951,,,0.16139141299648121,,,0.9507917062607742,,0.1667997570025269,,,0.16656238838744455,,0.16621826754132213,0.16679764050780432,0.16676829652539338,,0.166091452818151,0.16658466767094135,0.1666731912269714,0.1665884363027406,0.1665383820331364,0.16665678028183795,,,,,0.16643595214130635,0.1663281367498592,0.16676145779911516,,,,0.5178829905465523,0.8816732384367767,,0.5342840814892083,0.5351019013227304,0.5353548184327214,0.5340421192422642,,,0.29212859050541323,0.29153786603120424,0.2912594067173641,,,0.29193332673173167,,0.2917700005442456,0.292541964925568,0.29281935071812243,,,,0.2920571422972358,,,0.29179390953726203,0.29157671178382877,,0.29221122642956354,,0.2930363199012973,,0.29162319120687935,0.29142184294601137,,0.29098857222800506,,0.29168688278038024,,,0.289801845315453,,,,,,0.29160709712307264,0.2916413943245439,,0.2907373314148224,0.2915904674603983,0.9190454888211607,0.9175642538693123,,0.91874354383195,0.920749276948444,0.9184618191978972,0.9179717155143032,,,,0.9201643707469499,,0.9190697737698724,0.9187647900981286,0.9214897420969479,0.9157128045926838,,,,0.9206120814960322,,,,,0.920964299276358,0.9192445097949767,0.9192295369495849,,,0.9171310157418385,,0.9158298441269969,,,,,,,,0.917198196759741,0.9196187524212589,0.9188063141117817,0.9202269404589661,0.9155005130661916,,0.8845460619294246,,0.8830757044474431,,0.8823604736378042,0.8866870785108847,0.8848731112587288,0.8853656475235189,0.8846130756604005,0.8836718069964142,,0.8854411054102698,0.8837356975568211,0.882678259532854,0.8859791308607364,,,0.8842199244871448,,0.8848363669298532,0.8859432510143309,,0.8843424862972785,0.8850110264821814,,0.8814707239720336,0.8860793298197095,0.8804352971171654,,0.8819656674130293,0.8847966264811612,0.8847796128149326,0.8845670825764622,0.8845802132728441,0.8824872686026471,0.8861088785439911,0.8856343203721044,0.8852167770067012,,0.8825811904061929,,0.8836795452258988,,,0.8865742029259559,0.8838183666062881,0.8867000326176175,0.884458969037657,,,0.8829458246751059,0.8807424093204724,0.8840342445666689,0.5207969171796804,,,0.2711717810362092,0.2862335944325753,,,0.5365547723771757,,0.5378394921928074,,,0.26384167191697977,0.26350386639320683,0.26346415389186956,0.263976891523205,0.2636661896513856,0.2645302344734973,,,0.264985918781142,0.26408463495415824,0.26463688758979176,0.26359400190625215,0.2644476030859214,0.26484559227799326,0.2633933876653569,0.2638856994704504,0.2639537542736693,0.26346532379369053,0.2645120636859412,,0.2639791699543274,0.26350385185458397,0.2633379198429551,0.2641064822157521,0.26404884128814904,,0.2632213897886163,0.2639442780705315,,,,0.2641940195046897,0.26396597705785874,,,,,,0.2631674612317309,,,,0.2694288823255344,0.26943417984627405,0.26922991677806574,,,0.2689082269470842,,,,,0.26842269244832007,0.26935137260945813,0.2689960054563529,0.26913949286520256,0.26935425849199446,,,0.2691778285834049,,,0.2685108828972351,0.2695703058644744,,,0.268658534738827,,,0.26852741379863854,0.2686278559866579,0.9246141955081855,0.9259601588379166,0.9287333667399469,,,,,,0.9269071934311458,0.9270782353720162,,0.9223901018861892,,0.9273017784298828,,,0.9230217637653946,0.9232623127472237,,0.9240655779432632,,,,0.9238248845283852,,,0.9251183625766954,0.9244909953693956,0.9275528759045597,,,,,0.9239126778625449,,0.9233923072920306,,,0.9279368180244776,0.9276776440502641,0.9280414550232169,,0.9267952972147753,,0.9235907403579638,,,0.9267664724008716,0.9289852101881835,0.9230565963356041,0.9289875855817583,0.9274821797008826,0.9281650720330712,,0.9276539127650248,,0.9271280687610224,,0.9242655521611994,0.9271832408181736,0.9258550863712526,0.9253652353260914,,0.9258198064667061,0.9245879414840081,0.924943177545972,,0.9212706176569335,,0.9263886453814748,,,0.9238925568133478,0.92561806804417,0.9251213010110914,,,0.922467444341192,,0.9232056479875895,,0.9237031481148672,,0.9247441092799756,,0.9249797906913395,,,0.8941633023726618,0.893791431990987,,0.2620109660346589,0.26187190214188505,,0.260701696704494,,,0.5287461566462266,,0.5289695516762017,,,0.883760318176461,,0.5311783103273593,0.5336945898181924,0.5327831570683649,0.5213160408194917,,0.5202544600822518,,0.5069066675050362,0.504266631522012,0.32114380929612724,0.874697828860705,,0.33331283983344784,,0.9166340428728109,,,0.9216179081803737,,0.8828332242174094,0.887361901226202,0.8830975863878733,0.8857681086371438,0.3390545765009861,0.8863378725601883,,,0.8899223991098937,,,,0.5470035034879857,0.5470927978160807,0.5474869378597356,0.5473865911441647,0.548015513340374,,0.5476592539055385,0.5495296244424334,,0.5469932141021477,,0.5460189901186238,,0.5499964302010213,0.54849973347786,,,,,0.9256056609975051,,0.3582091088111171,0.3585909911043901,0.3583915463414239,,,,0.8985206199184284,0.8982135241959628,,0.9270786808813499,0.92672722369674,0.9284537741613655,0.5525020985717183,,,0.5544855142465402,0.5544804882671134,,,0.555581960331297,0.5539930747527753,0.554498811281856,0.5548485203709858,0.5547922216774299,0.5552452175561687,0.5543221571508478,0.5549859091183323,,0.5540151684762629,0.5574302274023897,0.5557694210460893,,,,0.5557742267298097,,,0.5550313235941966,,,0.5541905938417423,0.5550439378641557,0.5542719970650137,0.5548026203012538,,0.5541783380823367,0.5524684261126892,0.5532001357771654,,0.5544056536257357,0.5561133383728678,,,0.554103138089833,0.5547433541951747,,0.5553513949080645,0.5546775900095237,,0.5554793927983164,0.554008694610978,0.5540657777834688,,0.5551430610717886,0.5555208617551104,,0.5536369879425765,0.5547832826909801,0.5528754986250445,,0.5557882457953324,0.5553796243326218,0.9025337134533263,,0.8994306900818348,0.9005781046292768,0.8995531818647994,,,0.9017637651893975,0.9009867648597578,,0.9014318135192398,0.8986481297317577,0.24483110813415354,0.2448716800635171,0.2454403601694909,0.24560343522542946,0.24540220751869263,,0.24432796729857337,0.24597767322012715,0.24479648117958383,,0.2449748955000565,0.2448456941453481,0.2448217001429506,,0.2447391180733161,,0.2443320742991035,0.24482673712124986,0.24500283211384224,0.8987778262791751,0.8994247593901273,,0.902704714155864,0.9017498783595466,0.8983673331925749,0.9003515446057276,0.9033278180578463,,0.9261888429947042,,,,0.9286876385700207,0.9258149343840385,0.9285839122110957,0.9266785486368417,,,0.9273730610936208,,0.930602806506742,,,0.24460253208765723,,,0.24486136219319252,,,0.2454928436041081,0.24430771193954112,,0.2453410277158454,0.2419160974399168,0.2447099592917102,0.24414893714248176,,0.930169308990481,0.9308716361862109,0.9289564290818769,0.9331217976995323,0.930882311939672,0.9316026152315574,0.9002678216815478,0.899479550408005,0.9007794105296794,,0.902775576058269,,,,0.901596423039026,0.899360230480287,,,,0.8997836332805509,0.9012537586066244,,0.9002601378114361,0.9014921402517061,0.902099114103132,0.9029744586866115,0.9024990856913491,0.899342600936213,0.9041586361422564,0.8995084621051718,0.902870242464177,0.8992458826634746,0.9037779336331404,,0.9319951143888726,0.9315222385735337,,0.9309844555458021,,,,0.9316106607271655,,0.9245456859722875,0.9303665944386456,,,,,0.9312653870499424,0.9294649065307716,0.929647785598767,0.9286520969825233,0.9307665593086439,0.932536769230362,0.9315492437809817,,,0.9289692805274631,,0.5393748217673372,0.5402571745399498,,0.5392625177599576,0.5379472954631823,0.897855421328762,,0.5205575238718287,0.5167199198540454,0.5187860369889602,,0.5147939793869916,,0.5136880562315872,,0.5143455121280914,,,0.5146934931280958,0.5145152397071774,,,0.5143383103168438,0.5129938103950977,0.5137709462345857,0.5142347911373666,,0.5130360145641033,,,0.514461673939588,0.5140997311557746,,,0.515375427132605,0.514736996528928,0.5147547471028611,0.5134935328858853,,,0.514192179282452,,0.5143819989482513,,0.5130426147892817,,0.5140510153957435,0.5129877437072543,0.5144564224004633,0.5149698686892573,0.5134640366984664,,0.5143185460020204,,0.5157559495396277,,0.5146309913954306,0.514486121852525,,0.513802497603936,0.5147950012429507,0.5139307763388675,,,0.5134663729695326,0.5141349702484961,0.5145002325525861,,0.5147867367308172,,,,0.513369392668935,,0.5136125175617885,0.5156602777983649,0.5130539789785745,0.5166948273815335,0.5146291310095644,0.5138971945018237,,,0.5149342999068615,0.5147189396898487,,,0.5143789442046397,,0.5146848016148888,0.5134704653446034,0.5150956856919703,0.5135550562087496,0.5132429442389986,,0.5152023194270665,,,0.5140051282532535,0.5151288874200954,0.5144159394783607,0.5141928622496735,0.5162929988119414,0.5136602669942749,0.5155434220414175,0.5157929249640629,,0.5138511301862525,,,0.5148666724355976,0.5142584432587052,0.515081226428269,0.5131513724752665,0.5148433200989073,0.5144513406835716,0.5116762039839968,,,0.5132104648226691,0.5131662637828257,0.5122611914792162,0.5150932757580895,,,0.5135875466261939,,0.514070064306595,,0.5134030361796953,0.5135205954904748,,,0.5131550938654936,0.5133993506896836,,,,,,0.5152654289787205,0.5134561086275864,,0.513946340861822,0.5139713296793511,,0.5133054174502649,0.513962825766004,0.5141127952362886,0.5137009896398814,0.5145882308548376,0.5136305765407579,0.5141366430650528,,,0.5136361100786304,,0.5134598426864259,0.5148275526771312,0.5156294354978838,0.5149704695359143,0.5135150583015077,0.5133696108162287,,0.5134252007204949,,0.5136510134977763,,,,,0.5136818801658195,0.5136595126252532,0.5130146461143379,,0.5151095759401172,,,0.5140296838293712,,0.5124245001469848,,0.5117918638418465,,0.8899955725783294,0.9529967510458197,,,0.8923421774126606,0.8953210926395291,0.9721781995691625,0.9757939894064233
4,4,DG_8pct,16,Z04_F02,4,SLG_A,157151,165486,True,6976.858460481442,7029.9432453998215,7101.918690710631,1372.4974633727866,1384.3944621611165,201.9873954306447,16.05225236301135,901.2504625465143,924.6581023221507,354.62592974037943,356.49369113859296,234.1147905494449,5.0601837695576295,13.614907054488471,20.03981282952512,16.394799807131225,159.63305884444853,25.800318580573755,53.31963095825226,284.4786891368052,,0.6962758226485364,0.6971474676106993,,,0.9402539542357788,0.8540586429751021,,0.5344551049199412,0.5378444086923847,0.8750189772448185,0.24061641279031004,0.24044173463153012,,0.8846222288220122,0.8884279873035058,0.8854138276290904,0.9492117897918856,0.9491428524466388,,,0.5362902128877892,,,,0.5375229475746571,0.5300321864944713,0.530883541422507,0.5314497805918474,0.5380909208173253,,0.5389466501118054,,0.5383426745690266,0.5377715107887998,,0.5252432619697722,,0.526125316831835,0.5236848318997117,0.5242239622403729,,0.528088231883936,0.5276130533314167,,0.5279223902409561,0.5265293452261526,,0.5264331677495302,0.5260128827096618,0.52777214679829,,0.5267304715011105,0.5266654533356275,0.5266852870550538,,0.5263307882428165,,0.00012123766189421005,0.9219082937971942,0.9721326934736956,,,0.08711348696134297,0.08735445284932743,,0.08754849069429453,,0.08753647798435567,,0.0875145083241817,0.08752528401240443,0.08728031175395093,0.08742241636001426,,0.0872975487574194,0.08734763644187443,0.08793801203071124,0.08728351195527907,,,,0.08726323211450845,,0.08731242509793943,0.5213037313726654,0.5214208959402066,0.5210319782173054,0.8984130521579884,,,,0.5365652947566583,,,,0.239285239732689,,0.23927011265842665,,,0.2392522172903053,0.23899874884036573,0.23923119137794768,,0.23920692886626485,,0.23956168034590147,0.23874093007553918,,,0.2382826024793955,,0.23837015801754943,0.2391808175893659,,,,,0.23922073985659026,0.23836338010751756,0.23891024193425175,0.2386305060954808,0.23816072120939333,,0.2378841160482777,0.23910097033267955,0.23881951669508897,0.23875264210719707,,,0.2383205757884539,0.2383865392703069,,0.23780885396974852,0.23841454706455945,0.23860591732357117,0.2393553940690822,,0.9106398616532966,0.9104755554304796,0.9100874497594017,,0.9098628063227118,,0.9098986209224347,,0.910618682254076,0.9111722515236023,0.9077670476752324,0.908824097837209,,0.9116838205907999,0.9097183987562929,0.9083795430049307,,0.9094248083247201,0.9133377495227573,,,0.9099531703532416,0.9096277461337535,0.9106876654790425,0.908393772129527,,,,,0.9075807748345831,0.9090359593552322,,,0.907801331331893,,,,0.9107151528147007,,0.9081658207388814,0.9103992243782234,0.9113930695574366,,0.9086289440846501,,0.9020919837146149,0.899268139756312,0.9005892058853688,,0.899925795614278,,,0.9010977033550948,0.9031092654163234,,,0.9025317664523556,0.9006345231827629,0.9003143783608701,,,0.9021715989329312,,0.9010499854626198,0.9035714157722112,,0.9000180142493549,0.8996797142870145,0.9023202865748702,0.9022175692183959,0.8982520791125008,,0.9002114168505398,0.9004004982036657,0.8988961779536089,0.9011433523564292,0.8983605394323905,0.9019431025194465,0.9003974994127611,0.9000858490076574,,0.8996424997300339,,0.9015957675742488,,0.9031207989657442,,0.8998646410958611,,,0.9006432743688758,,,,,,0.9016654922061106,,0.5240080650327043,,,0.23309462475241263,,0.53886638930424,0.5384265105251448,,,0.5390023698322999,0.20419853011370162,0.20358055659347354,,0.20397126729578294,0.2046059669788611,,,0.20466098517026884,0.2043921341330146,0.20394314198367489,,0.20365012261814913,0.20435718612653767,,0.2036102313101939,0.20397632318677777,0.20397904916851475,,,,0.2037815069112862,0.20428732118821846,0.20416667711563585,0.2036480272056284,,,0.2038711358560236,0.20322421981139757,,0.20357350376037167,0.20411851729151562,0.20426525842132484,,0.20387030843927428,,,,0.204091440649642,0.20345164211609157,0.20424432262927167,0.21018411577604298,0.20995596294700072,0.21035238531138736,0.2104784317827274,,,,0.21041418008265572,0.2111927914588212,,0.21039439792206524,0.21025047052346052,,0.2101933064332028,0.21078466884230893,,0.21114081189213044,,,0.21043460712539194,0.210340038137852,,,,0.2107242464086911,0.2104451779449198,0.21035806104014637,0.21052905139723935,,,,0.2100206127277913,,0.9226314332110528,0.9222490226803284,0.9199784002640741,0.9181182199582305,,0.9206554535288377,,0.9244823292785482,,,0.9191626862825428,0.9171221357441809,,0.915651847500577,0.920781478729405,0.9195737301877865,,,,,,0.9186371117467083,,,0.9147678805311756,0.9231837248043385,,0.9205174356107317,,,,,,,0.9210629153495354,0.9202023335501041,,0.9247989880075957,0.9231392547852999,0.9201460978191008,,0.9216414062499596,,,,,,0.9201676416116401,,,,0.9222608510165304,0.9206986956741366,0.9207728828012366,,0.9233619747145438,0.9191604699658064,0.919758787975302,0.9176137488451928,,,0.9192877226804268,,0.9178624605380572,,0.9173635214977676,0.9180482875141669,,,0.9195968904307067,,0.9186335601213406,,,0.9190345967415492,0.9178504992766482,0.9181305646190423,,0.918791827740118,0.9188911151006346,0.9170982318626093,,,,0.9217490464548175,0.9156149738011113,,0.9163558532511702,0.9164404975651781,,,0.20105396113115165,0.20115061454769068,,0.5313478280243863,,0.5303153771776803,0.5296673546357992,0.5297862238578541,,0.233113177172561,0.8996579231266087,0.9110349328100245,,,,0.5230934945160117,0.5222922624878188,0.52235777103547,0.5074803249942484,0.5065280363376874,0.5093246963930724,,0.8902568044167215,,,,0.9065658222820399,0.2935126295637941,,,0.9009989397034499,0.9010513719117604,,,0.8987307872259632,,0.9006970887920592,0.9047130330441848,,,,0.5510585571233237,,,0.5492109265760837,0.5506180637358904,0.5490093636659052,0.5502136577239846,0.5498282161137829,0.5515551204706746,0.5503109058731894,0.5482191797078986,0.5507053469886485,0.550120883715376,0.5510571692207796,,0.5513490784341076,,0.9110765195478028,,0.9123508574968138,0.9109022981246933,0.9118140029348417,0.9093749246851617,0.3201947224111064,0.31951044070626805,0.3189644407172676,,0.913000988514403,,0.9122757957150401,0.9123987054006419,0.9160433724771084,0.9133280178412801,0.9115059550821399,,,0.5572224560171418,0.5575531241160235,0.5557453392519494,0.5560203757652542,0.5591777806862241,0.5575945100146328,0.5585138783044811,,,,,,0.5567716246058348,0.5565577120432618,,0.5579760448494993,0.5586861237231043,0.5563495732364383,,0.5560306314060961,,0.5573810559323978,0.5570036022653082,0.5574209952027208,0.5571131381838592,,0.5573776796809554,0.558551194652226,0.5539734184376792,0.5581777296556006,,,0.5580642835113837,0.556165884196947,0.5558604582260677,,,0.5575199473971971,0.5572926824656229,,,,,,,0.5574588143851782,0.558448273734807,0.5564879088434111,0.5567388081422009,,,0.5568647331208674,,0.5566125600629528,0.5574911787672245,0.5556101944404398,0.5541671708083488,,,0.9189885467282293,0.9198709337088814,,,,0.9201430756787113,0.9213572818384859,0.9210166892183015,,,0.9211967480638397,,0.18122343039001318,0.1811869981470701,0.18069534150202315,,0.18109220201483023,0.181088080554345,0.1809824038703055,0.18051316309107446,0.18090790077134997,0.1805348630105993,,0.18040125478854682,0.18026243071596307,0.18102740302988346,,,0.18058706330684876,,0.18109647191731468,,,0.9237286907323047,,,0.9213766747930502,0.9216417170831626,0.9227605693290075,,,0.9272512048497302,,0.92329530931539,0.9245051161687089,0.9239332360034279,,0.9263854947550144,,,,0.926668751393784,,0.18057878714942793,0.18055601184444312,0.18003768366749548,,0.18053533794521293,,,0.18026323008266618,0.18077615387512735,0.18064837417512195,,0.18111354880079708,,,0.18054923082556276,,0.928946168419081,,0.9274853503429833,,,,0.9228871387230964,,0.9235370308998531,,0.922047652371586,0.9206857212163958,0.9231002255492651,0.9207000519079875,0.9231316923978196,0.9208231474116538,0.9225879211502687,,0.9234547223823716,,,,0.924508251446018,,0.9204881212456466,0.9198840076405896,0.9214518882241173,,,,,,0.9232673684586887,0.9273029973486994,0.9266403140824768,0.9289576158024071,,,0.9239044699422977,0.9280109093933522,,,,,,0.9251829175384998,0.9272671830398317,,0.9263560381665977,,0.9240680593935364,,0.9317180614926521,0.9245906414320749,0.9255881992419394,,0.9269750196369303,0.9271786981984855,,0.5410497356056351,0.5427223990629292,0.5427234587106109,,,,,,,0.5382382485815899,0.5391942560221752,,0.5390352763651147,0.5379190396794109,,0.5379952496233745,0.5384908215686998,0.5375916320593983,,0.5380236175583516,,0.5377381935203502,0.5375987969841897,,,0.5368564997099187,0.5376021503225297,0.5390195768269798,0.5363355935390849,0.5384126179791375,,0.5372716739825845,0.5381556519223355,,0.5393002572589888,0.5387523556983717,0.5377330967696268,,0.5379577281950222,0.5395207079931577,0.5375798055615786,0.5384131308284827,0.5391060944495092,0.5373672995774186,,,0.5367040151485648,,,0.5373036076477797,0.5369303633558161,,,,0.5370030482656962,0.5380428900003986,,,,0.5370479913625804,,0.5397557534705422,0.5369329643148509,,0.5375093716980192,0.5372080030958281,,0.5392772092090609,0.5382509664104563,0.538513475003031,,0.5390321925676849,0.5378112384389955,,0.5371146900946716,0.5390400580803597,,0.5367557571669329,,0.5385903416541014,0.5371901476200356,,,0.5383957383625919,0.5369363658903612,,0.5380919079502106,,0.538170212501246,0.5375501094106466,0.5378749666908541,0.5377109618885616,,,0.5392804401267828,0.5386864141100063,0.5375041685081905,0.5382572377477556,0.5373541983047674,0.5378014450081687,0.5377030026998637,0.5380687929029658,0.5396766453714643,0.5376211695279335,0.5388913497487343,,0.537147010322455,0.5383838097670469,0.5380495044845984,,0.5389612816495085,0.5390041387319153,0.5383060254332813,,,,,,0.537926990411344,0.5398115443188294,0.5366220239458194,0.5374631193009765,,,0.5389670534859236,0.5392967395470348,0.5385940129802204,0.5388823003185105,0.5376989619267442,0.5390881804378329,,,,,,0.5387635057276472,0.53779692235163,,0.5370492273403066,0.5397156636083102,0.5384010256057279,,,0.5367976622728037,,0.5387446536943494,,0.538259644329843,0.5382879044962321,0.5376371049764583,0.5375979164896583,,,0.5386322446439213,,,0.5381036994816394,,,0.5388002640429799,,0.5394051772838793,0.5371368587038164,0.5396172190767301,0.5371543742538771,,,0.5379383652259904,,,,0.5393281570004492,0.537640866142263,0.5380828478525318,0.5369635792172995,,0.5382162566235247,0.5359850531042435,0.538296783332728,,,0.5139492040023623,0.5136276518001412,0.14595563352381755,0.9046741768214852,,,0.23950706955712853,,0.885273583660593,0.9490480269135949,0.949747276527265
4,4,DG_8pct,16,Z04_F03,4,SLG_A,157118,165453,True,8432.944512699345,8517.225699940649,8525.717264900552,1249.8716797650172,1257.9400299739714,179.48626792138901,16.277723186932523,839.134813627917,852.7245165630587,330.92288015667555,331.65295356436746,219.84425939169043,5.115366433363763,12.980547746624937,18.580600257044928,16.38108830512896,141.96945686784292,25.71561018889155,53.628338396704855,261.1739109177106,0.6677396248105607,,0.6707045330568339,0.5554900721246473,0.8387227951910758,,0.8528039280194329,,,0.5157636023500148,,0.00013118692497137625,,0.00013105819188456862,0.9010175900717344,,0.9005410873340514,0.9856573460940292,0.9814425669794646,0.9852770574573426,0.5145376505418686,0.5146325526121894,0.5138918977640968,,,0.5069393654836568,,,0.5011323586776781,0.5077814920778275,,0.507779951249492,,0.5064789641284241,,0.09875820905129473,,,0.5019239540542687,0.512027109563643,0.5105243529421434,,,,,0.5129161420056491,0.513895125671503,0.513030567545344,,0.512618116252702,0.5135852917183409,,0.5126072073663449,,0.512283927022437,0.5121165088942212,,0.12000135833662018,0.12016083047851604,0.8849327003881938,0.9477882366887411,0.12463615716873609,0.12480554571080854,0.12508335222946323,,,,0.12470714855007083,,0.12502814222814354,,0.12553729113512907,,0.12494250032692408,,0.12469765431008563,,0.12476920540346471,0.12505307173956906,,,,,0.12531105840653545,0.12459927353857096,0.5126928199432516,0.5124161827180231,0.5105857302272596,0.878546643627068,0.5276458473415272,0.5292856087667792,0.5263413153534087,0.5254675266295399,0.5266558034142029,0.5246282217376675,0.25641230121833014,0.2552618112019933,0.25504935510491833,0.2552939658556568,0.25514106159390537,0.2554036255584233,0.2553622189001656,,0.25532483272340767,0.25498668461321555,,,0.25544301052275764,,0.25451272104654116,0.25532968638771375,0.25573348828346115,0.25516692804367697,0.25540200873857133,,,0.2555550600316328,,0.25507864216486376,,,,0.25495458850254155,0.25504015512640643,0.2556431659092107,0.2552420106354442,0.2553451950749812,,0.25457977766624923,0.2552561060609413,0.2550369860285148,0.25500670403158626,,,0.25554308096168177,,0.25529770452278644,,,0.9112973573680316,0.9099147265755803,0.9128318545921705,0.9104825941059812,0.912575024320514,,0.9086318527782622,,0.9133565352832751,0.9107086224845954,,0.9123811929154864,,,0.9109795093561917,0.9117399449703653,0.9142452064942695,,0.91281741867822,,,0.9117910676666033,0.9106387306435015,,,,,0.9119828466790331,0.9117912992891238,0.9093655205965826,0.9110738295274704,0.9107542237497728,0.9117584565296979,,,,,0.9118174980456485,0.9095139550417383,0.9098756255212647,0.9113494152682743,0.9103329651394326,,0.9118138762202995,0.884686107522993,,,0.8834039652531729,0.8836122652035714,,0.8871336705835116,0.8865970536320049,0.8861418511779868,,0.884750610287788,0.8857752852943884,0.8849711500280985,,0.887015136070316,,0.887198431617256,,,0.8848891851146918,0.8851734686817294,0.8827097117256062,,,,,0.8860148197712995,0.883975037306752,,,0.8858693538908737,0.8821381968090698,,,0.8838618093912798,0.8837162733308151,,,0.8864639617519712,0.8843984289787951,,,0.8829941356684557,0.8845891243235704,,,,,,,,0.8848392065519199,0.8830394362780422,0.5131737835118768,,,0.23289193969852487,,0.5292617477185007,0.529485619660345,0.5295032958101699,,0.5299862553709954,0.5294421818725665,,0.2254834162760821,0.22574478533261305,0.2258814280557344,,0.22639964392319953,,0.22579009553023713,0.22656984525835372,0.22578351662820628,,0.22567269890906894,0.22579576359434025,,,0.22669998697645116,0.22605676885558626,0.22603926671641283,0.2262524169974311,0.22565029690615254,0.22569545456304058,,0.22608515041278682,0.22584030684028825,0.2258382247038861,,0.22554765921114378,0.22652147595137267,0.22516632961245286,,,0.22522071662109494,,0.2261658043618848,,0.22461418939657,,,,0.22576636189810198,,0.23141130647244712,0.23100877070109463,,,0.2314289564702144,,0.23125624674296102,0.23189978832247604,0.23114715792330362,0.23092759197536217,,0.2312829651683604,,,0.23158418470881498,0.23216752419926606,0.23088791090199487,0.23136397699510072,0.2314109466061257,,,,0.23094013970298416,,0.23151977070330215,0.23188883305003696,0.23101393557264768,0.23061987760051977,0.2306157438927826,0.23168321530629624,0.2316082699898926,,0.9228487121269724,,0.9204569300319249,,0.919703048883768,0.9214027922741401,0.9217336084084867,,0.9193832627545014,0.9175732397335303,0.9175185788744552,0.9184749383520318,0.9171530235390921,0.9200038530121463,0.9171048408977144,,0.9171242943837836,,,0.9221559348857119,0.9183109873152637,0.9190445192523703,0.9166166286343401,,,0.9195239333413522,,0.9195804186926502,0.9181028106385741,0.9190595034763366,,,0.918934007583921,,0.92027855661622,,,,0.9206379762334761,0.9199526636243682,,,,0.9207847167799055,,0.9224881598335909,0.9204435513004964,0.9200457076311092,,0.9199560222544937,,,,0.9186480919450682,,,0.9152686434942224,0.9180158584295782,,0.9156874715829889,0.9188118961589933,,,0.9157022819164047,0.9192735613757997,,0.9177188978144422,0.9180015630262538,,,0.9190672140024958,,0.9188052615626663,,,,0.9173239815612055,,,,0.9200814172403708,0.9184069624293221,0.9213683031860928,0.9191645960735494,,0.8960105031198525,,0.8990003173762512,0.8984445421033287,0.22355676922489487,,0.22442664833594353,,0.2238157184591414,0.5232612601855945,0.5218945245208612,,0.5217618158993842,0.5216899754351062,,0.25099350291878925,0.8823724574656735,0.911028551241112,,,0.5264471223423304,0.5147094597728127,,,,0.4993740864880001,,0.2862970032927283,0.8743661674474079,0.9074638226679149,0.2980621409160504,,0.9107900582407541,0.3021027312229209,0.8855637189760951,0.9119950995031225,0.886063382211848,0.8881701338082818,0.8856410686888894,0.887957394328702,0.8875270893050722,0.30385210398011975,0.889819982880163,,0.8941630933412252,0.8906136234866472,,0.5403147350572108,,,0.5405937074040621,,,0.5416677535795731,,,,0.5409648039147715,,,,0.5409871539025207,0.5402259958827321,,0.915218775275564,0.9147191370731896,0.915426189572195,0.9149641718806821,0.9174621718583963,0.911947349397807,,0.32470771568876977,0.32507125837652984,0.3240645883961027,,,0.899142288107565,,,0.9174097558427807,0.9201192875920363,0.9192013458342894,0.5487902349628275,,0.5481629961157701,,0.546464829980674,0.5476027952458846,0.5467899960419936,,0.5473729091340013,,0.5473717943665825,,0.5463537551422032,0.5486556758588067,0.5476922335840623,0.5472451894416416,0.5479546611106444,0.5484480374946872,0.5480565548792931,,,,,,,0.5477020165535463,0.5455257009193789,,,,,,0.5484530163426568,0.545675261674672,,0.5465842172101806,0.5479461006024086,0.5471280149857529,,0.5489442119905369,,,0.5463193948173747,0.5457229772887445,0.5483883762275119,0.547712667902463,0.5461495882551318,0.5476738608293036,0.5463388649146679,0.5475962840687877,0.5459417841548583,0.5483437411360462,,0.5487729937250897,0.5470851140971009,,0.5487793694597816,,0.5460265509911828,,0.900745213412545,0.8996840831464917,0.9018245587633906,,0.89903959595605,0.9009981994704557,0.9009532388429465,0.8994396953304096,0.8989390040011469,,0.898846540749496,,0.2060648703556923,0.20621023456110876,0.206157377943371,,0.20637250183340586,0.20602756643735765,0.20670696864599214,,0.20569627344866184,0.2057362315105006,,,,0.20623160433788298,0.20567105115609371,0.20564237103486455,0.2060273082608558,0.2057965672926836,0.2061508483296707,,,0.9024246002897575,,,0.9002213243324081,0.9006446153636419,0.9011132446923174,0.9222890149105412,0.9222214158830753,,,0.9230492997988029,,0.9256439327172618,,0.9240812118633692,0.9253571604544956,,0.9222510420068399,0.9232682816396992,0.9233565193284258,,0.20564617209478311,0.20582755408834635,0.20611784710586747,0.20563839073439671,0.20650930964612083,0.2065073760089051,0.20564308816555768,0.20604221453312563,,0.2058916793853801,,0.20310789863464757,,0.20568036070847592,0.9263653563478652,,,,0.9255805872561462,,,,0.9009935541532027,0.9006434288312842,,0.900224948212455,0.8991406968436212,0.9011587540786629,0.9009170090375535,0.9017273441228699,,,,0.9009896000151854,0.8991870043818011,,0.9001996505169231,0.9032068456643556,0.8995861127339942,,0.8987339456816661,,0.9014919100068399,,0.9006639995290204,,,0.9002661445230576,0.9281538954533562,0.9262316598234827,,,0.9259421911790481,0.9254678496917179,0.9251698886127439,,0.9230809244493959,0.9281452651809657,,0.921793088247284,0.9245742912310879,0.9246103404943872,0.9243143680718073,0.9226101304884202,0.9272231520071259,0.9251485773616994,0.9250408979986726,0.92437627797217,0.9263757008887237,0.9244540672405361,,,0.9259025406146799,,,0.5342067839281174,0.5333402563961105,,,0.5323084275335201,0.8978094832885688,,,,0.5115689867109204,0.3143128486471421,,0.5175794341839118,,0.5160178695706193,0.5167923045514256,0.51677499755562,,,0.5163361787772962,,0.5169270034826581,0.5160650722215978,,,0.5167664590777007,,0.5162581123819632,0.5151812898880733,,0.5176649015704876,,,,0.5175559877189753,0.5174865596761274,,0.516845611216799,0.5146022852291081,0.5170508963247271,,,0.5167404782583509,,0.5165309454697453,,,0.5182104594591749,0.5155631034145817,,,,0.5160676707073842,,0.5181070072114152,,0.5151023951922968,0.5162318351051105,,0.5163352761172534,0.5165782308609077,,0.5176716505204786,,,0.5154303072420313,0.5175249209688808,0.5179868634363166,,,0.5157519921580395,0.517231217522433,,0.5157665773553134,,0.51680484427573,0.5164660912163326,0.5164935027498017,0.5153080946767739,,,,0.5153333643881618,0.5162040253585469,0.5181743668668495,0.5179301710004309,0.5172288908279469,,0.5166271495960931,0.5169080485879083,0.5166809232451555,,0.5174220278719239,,,0.516483897415338,0.5165483101742688,0.5158398558000915,,,0.515879818336145,0.5157974278276554,0.5163154170338835,,0.5161384866104072,,0.5161461732236577,,0.5165946988031923,,0.5174036556689512,,0.5168670671227166,0.5158372842129373,0.5155090879764237,,0.5160283959310743,0.5164181341757454,0.5156784313567895,,,0.517065055237647,,0.5163519577596268,0.51734027683918,,0.5156253902395955,,,,0.5153472238811531,0.5166013254022076,,0.5164626712929581,0.5165442975789485,0.5150548862494578,0.5166201074175732,,0.5162881518925165,0.516930157782102,0.5172347645536548,,0.5162998115437498,0.5161216184096032,0.5153715907927668,,,,0.5166798226801559,0.5163571402042842,,,0.5172989198110559,0.5164441542761536,,0.5152630801707243,0.51677130240639,0.5165009511407842,,0.5164778078748109,,0.515519709163399,0.5166729571968594,,,0.5148961287155935,0.517301016827326,,0.516605424048721,0.5173935432787173,0.5156573327002261,,,,0.5169817914629699,0.5163164443315784,0.5156213655381492,,,0.5059551442226986,0.5056064082754897,,0.11049810912824794,,,0.00012545379138523494,0.00012557748712664754,0.8999928339450067,0.9000468249299163,0.9809503795610781,
4,4,DG_8pct,16,Z04_F04,4,SLG_A,157133,165467,True,8416.669877232316,8544.240390873763,8514.29078020954,1352.733554653177,1359.4182656328258,193.0181377413855,15.37208260625414,902.0980693696014,917.5602801317706,358.1019855746298,357.33167642642485,236.86450203615638,4.802929498216444,12.812112365764163,19.032316580088995,16.328171441106495,153.12857928489373,25.870705530542768,51.10803434326036,281.4331255022021,0.6662627722547153,0.6680854879201332,,0.5510619205103179,,0.9329344595456277,0.8532061346963935,,,0.4996169291131602,0.882476358787896,0.0832746780864616,0.08346884277859216,0.08341511257603607,0.8926439934450565,0.8912348508726574,,0.9540231250863225,0.9553023610490178,0.9519519081784025,,,0.5003715414798018,,,0.5023935840204704,,0.496211769300189,,,0.5032307744661144,0.5028604470658338,0.5026556840171785,0.5038717996693708,,,,,,,0.5208737955044983,,0.522264051748325,0.5233652201482568,0.5219647441704666,,0.5245039586971668,0.5248763317302619,0.5219971408316926,0.5232355544550967,,,0.5245577294563615,,,0.5238951585973524,,,0.028476119458121445,,0.9373360727688481,0.034443656079961395,,,0.03455024323584018,0.03452958809042348,0.03437951321501874,0.03435842361206667,0.034388448487083036,,,,0.03449260343183593,0.034537382764655865,0.03450621811855731,,0.03443190183833731,,0.034474153290895114,,,,,,0.03453313687857679,0.5214752235379693,,0.5217240893233361,0.8966810173874558,,0.5378292950122419,,,0.5359844927456042,0.5370402074176037,0.18169907571585148,0.18139877992170295,0.18183169019419318,0.18193777004279998,0.18183520281098717,0.18190382119956588,0.1818241763735629,,0.18196229251185797,0.18260667180960166,0.1814997415311336,,0.18183875409758457,,0.18224448147032607,,0.1820507833061135,0.1821749807946443,0.1811090803603426,0.18208427374205902,0.1821115016093286,,0.18188816580315637,,,0.18156166073707275,0.18171998359709216,0.1817859838971108,,,0.18195891549383567,0.1819437474530497,,0.18225500975139747,,,,,0.1814596487904949,,0.18104120129193987,0.181624475623551,0.18173412219207155,0.887538905103164,0.8864688782788781,0.8869503975437373,0.8885936625832801,0.8886801704507064,0.889846641562574,,0.8844479601887033,0.8908431076606249,0.8887082768637532,0.8874725792225889,0.8883726548110035,0.8885145080779832,,0.8894516037625891,0.8885036113955496,0.8914844164306335,0.889964443329535,,0.8904994023416639,,0.8877924711214245,,,0.8871141515737797,,0.8887965432902619,0.8867989196380789,0.8872925605576745,0.8864493187824474,,,0.8900894680623855,,,0.8899379718844375,0.8910445795746255,0.8865489805371712,0.8927112338974889,0.8886314806840853,0.8891613127747634,0.8878236483090312,,,,0.9012276650356204,,,0.8986547425356313,0.8981972218448615,0.8982608760706788,0.8991553899676452,0.9001485605171984,,0.8989875322543476,0.9011251975853691,0.9000686762138451,0.8979340206413791,0.9012489739443651,,0.900107491571609,,,0.9004266258282334,,,,0.8975035770349524,,,0.8974554448857506,0.9010996913978953,0.9009071584622436,0.9000471950886747,0.8965965584383483,0.8997472940975733,,,0.9017992214515268,0.902670778907508,,0.8988376461804921,,0.8995333134277326,0.8980505494930024,,0.900011281730372,,0.901044268950232,0.9005599375173563,,,0.900173645517035,0.898395400561224,0.8996847330552603,0.897679034152189,,0.8996019160492237,,0.5216152277535047,0.5238775413092929,0.15628875180762605,0.1767005503998733,,,0.5376980777930844,0.540997195531001,0.5404401867812726,,,,,0.14706116222665813,,,0.14699355176405274,0.14712102426584778,0.14669363928624835,,0.14709860067450442,0.14714591335626315,0.147063206597916,0.14689002414911975,0.1473393975352996,,,0.14670936171790502,0.14674918681622282,0.14725505174215953,,0.147548232227781,,0.14651357656104305,0.14729218344801695,0.14713290318879174,0.14714423715039912,,0.14681818031552543,0.14693876897656008,0.14692171053043696,0.1468681941817466,,,,,0.1461501163832617,,0.1466402726035269,,0.1532815912115716,,0.1532719194498972,0.15301191397708044,,0.1539604796089148,,0.15338865146567204,0.15340975290669312,0.15385992967453188,,,0.1541741757950311,,,0.15330656310797444,,0.1532436890085905,0.1536640867558879,0.15410117942764937,0.15362711033556986,0.15330862890036775,0.15355247797339863,0.15356407002796224,0.15347912396798336,0.15359581194970548,,0.1536571129967594,0.15358908270422045,,,0.1532356215585536,0.8981582814445959,0.8989465358197796,0.899353218651241,,0.9016953475411306,0.9010328991828181,,,,,,0.8966671556079194,,,0.8962656605539764,0.8971574569598205,0.8973667554990148,0.8970466190449028,,0.8973534795807183,0.8992182492148658,0.8959142636920299,0.8959785443989017,,,,0.8977675132967808,0.8977938361587251,0.900110401350104,0.9016228128126,0.8986663514998977,,0.8966475731991904,,,,,,0.8999385316166774,,0.9006450639113381,0.8984758061827083,,,0.9012298233054817,0.8991020856597076,,,,0.8997163849970522,0.8961197251399001,0.8996996601327192,,0.8995909826783904,,,0.8989829761948626,0.8958116062156505,,0.897924310633069,,,0.8973265885754187,,,,,0.8963301568607435,0.8986397274333234,0.8978853865240427,0.897845555628177,,0.8996900830047645,0.8982945542635842,0.8956530990738801,,0.8963607455858588,0.8985897276218902,0.8982078278425738,0.8971749203895625,0.8979986845944763,0.896955626206391,0.8995005801163719,0.8961142582508214,0.9001084419562063,0.8984072282534163,,,,,0.14416029412363254,,0.14412864328090771,,0.14402065980843098,,,,0.5307800455079738,,0.5308950257296825,,,0.889800506590532,0.5371340628618316,,,0.5230164375338515,,,0.5071919983815059,,,0.21850488501286644,,0.8826204318811619,,0.8988281253187781,0.8832072880306471,0.2343647410048649,0.9014927398542939,,,0.9051366322586152,,0.9049661303896225,0.9072637191212796,0.2372329916753179,0.9045681691664763,,0.9067695659652917,,,,,0.5521916195548012,0.5527193594047828,0.5519650619580752,0.5526440539861748,0.5529544178365683,,0.5516007201609431,0.5516867778445734,0.5525243399614167,,,0.5520541407942863,0.5520362490596019,,0.5516457409014857,0.8905334799635761,0.8888115198273946,0.8901858244584457,0.889448831614035,0.8898168682993615,,,,,,,0.9180875636621452,0.9179876271567943,0.9190861323257322,0.8932323816968701,0.8893310926528722,0.89167521168655,,0.558477797255442,,,,,0.5587720960662119,0.5590651844742037,0.5569550439416489,0.559847667912648,,0.5585763502283505,,0.559055401547618,,,0.5593595456992382,0.5574200693001096,0.5574484264511481,0.5580195390794702,0.5572389064326925,,0.557937737245566,0.5586393636020078,,0.5579594499913003,0.5578445609251902,0.5578338261605077,0.5577929399466487,0.5579829528091845,0.5581945441319247,,0.5572923866105061,0.5563553152377174,0.5560164167392977,,,,0.5594364826890939,,,0.558146767300603,0.5588622566568912,0.5576867849857318,0.5572114701661188,,0.5599066904303511,0.5574971842509192,,0.5592686118943544,0.5576382843626845,0.5589312964886433,0.559110828054827,0.5582528461775518,0.5571474920507227,0.5595281281447999,0.5587690262396886,,0.5592163621328127,,0.5569994407830328,,0.913118435950257,0.914880135360235,0.9131491041486229,,0.9139844925010392,,,0.9147309352680453,0.9130681451196394,0.9146576268178961,0.9146375840964324,0.12343153064884937,0.12401166230887126,0.12349862871252518,,0.12352564035218928,0.12364525782424639,0.12319234245219136,0.12342135481147436,,,,,,0.12333217598879567,,,0.12323743858817116,0.12328936627229214,,0.9115146954076102,,0.9171115712878478,,0.9141529160755367,,,0.9150676761931693,0.905969489016475,,,,,0.9040042996590649,0.9026938352031944,0.9040549463742339,0.9033879197799812,,0.9037665991258149,0.9040524145870003,0.9062056884063713,0.9069615843461499,,0.1233052363124788,0.12304020754473675,,0.12361849316355544,0.12390996254348344,0.1235920096054799,0.12386683846788533,0.12327676841158515,0.12349794525696675,,,0.12173460826666244,,0.12305563539851881,,0.9071304809031174,0.9071346742172929,0.9078290676438632,0.9065058265054786,,,,0.913128480595288,,0.9122660358773941,0.9119578145308167,,0.913418039367891,0.9136021432997425,0.9141527829777087,0.9152336979147611,,,0.9171069745955147,,0.9133611108990887,0.9145131079348475,0.913392031131104,,0.9176749754389127,,0.9132625742684778,0.9154391376407389,0.9159012492465963,0.9156323761093558,0.9149830458541881,0.9115812292797323,0.9156454946970937,,0.9092246491701294,0.9081407394429748,,,0.9074477552726616,0.9058925572032124,,0.9071656081844057,0.9081315364889917,,,,0.9057046362008434,,0.9032423764955773,,0.904699230529988,,,0.9076135957768032,0.9061268496112442,0.9072191340174758,,0.9057240103754205,0.9037927321685891,0.5429719012863474,0.5429592872169013,0.5428580596648099,0.5428501360774751,0.5426722206356465,,,0.880635030836408,0.5216780699491321,,0.5213820126503745,,0.5038761671235966,0.502738340291673,,0.5019831909204546,,0.5032822525982696,,0.5023052144376075,,0.5028392828056191,0.5038380794858861,,,0.5036661295422052,0.5028408951083501,,0.503308379552059,0.5018248771004188,0.5037422081878777,0.5009594739804906,,0.5015677870066343,0.5022497283765462,0.5033561633647514,0.5026130190373413,,0.5042198914726265,0.5024742241699557,0.5026726796242074,,0.5028166832046136,0.5026553474439568,,0.5021161137935902,,,,0.5023762028784828,0.504483846655795,,0.5032609734230328,,0.5030897138943363,0.5019499364338463,0.5029651434468847,0.5024984613041475,0.5019290429273072,0.5031782179692047,,,0.5031267328697508,0.5046307206723947,0.5024612121260078,0.5031194398765679,0.5019328673194896,0.503602843807284,,0.5023113403126866,,0.5038344133920618,,0.5030037596812454,0.5010804540118374,0.502819013903364,0.5026595015511481,,0.501695071590073,,0.5019033399207569,0.5023096060271551,0.5030218486421887,0.5034142533162657,0.503313057331287,0.5018803495826253,,,0.5023941465958187,0.502596116933568,0.5039220635359754,0.50129487694003,0.5020157100404529,,,,0.502880541867958,0.5014131331885046,0.5025359857785002,0.50330149657471,0.5037378680076202,0.5032695302070701,0.5022333774355646,0.5029544464452088,,,0.5032790028964391,0.5030579627723333,0.5022196418051753,,0.5032615139641953,0.503845590160416,0.5028555487324129,,,0.5025035630748381,0.5037917789656053,,0.5021392785443819,0.5030799170753263,,0.5040175481740693,0.5024809368561314,0.5025597186053481,0.503553196163945,,0.5019998938761693,,,,,0.5021689368983264,0.5023598861051021,0.5021034120964046,,,0.5030081105535421,0.5019756694686581,0.5021223636063277,0.5018465683643741,,0.5027905543422914,0.5033764345442303,0.5020173562085832,0.5017202791257515,0.5032912352914133,,0.5026287592777057,,0.5030344115883266,0.5021655675389425,0.5028188262495787,0.5032043027621632,0.5030557200030967,0.5039681668992841,,,0.5012815692151141,,,0.5025363258082194,0.5029818088515773,0.5041457586199566,,,,0.5028137966407101,,0.5030056801874374,,0.5025969804238578,0.5024599718182801,,0.502439826275671,0.5024401645392543,0.5017086093748704,,,,,0.5150914916093619,,0.51484384046662,,0.9044983876635067,,,0.08333274861464117,0.8902333838287633,0.8882026505831924,0.9522778165489394,0.9510221997268371
4,4,DG_8pct,16,Z04_F05,4,LL_AB,279296,280598,True,8118.738049998485,8163.093271358717,8149.8262664740505,800.2897236466008,809.0938237644472,132.73849643046125,11.866797277817115,483.3108418806996,479.01590495754374,185.8835915414388,186.27273500569848,122.24023766029369,3.9821049224788037,10.120130262147123,15.27327291619836,12.239460664923282,106.96195577889083,20.31773382241103,38.90904327644026,147.777470818245,,0.5046105250603761,0.504764539308516,,,0.8257812942973344,0.3601067104063605,,0.18343978813046868,,,0.22907206526064713,,0.2286557963462954,0.16762562229040123,,,,0.8792250402105257,,,0.1839808923573513,0.18353274387282206,,0.18358282971441567,,0.18265784068560445,0.1827891328100845,,0.18311552016488064,0.18287706277427523,0.1833789392406572,,0.182656228778146,0.18323885352592706,0.14705951003788512,,,0.00012246835486665305,,0.0917317450287025,0.09156071291452628,0.09150915130191509,,0.09176508697536795,0.09148192253663157,0.09176794980142894,0.09149559936618389,,0.09147438294811915,0.09145208104315716,,0.0915630159111848,0.09151626321887675,0.09155123442193881,0.09179156471539533,0.0916733815761498,0.13380027653234922,0.13392064140655716,,0.8810615209949101,,0.13989931260781166,,,,,,0.1401309074184568,0.13993401332713148,0.13942367538851505,,,0.13979466871201948,0.14013348079271987,0.13993808933930943,,,,0.13989124289012797,0.13988636316214925,0.13975697450095542,0.13998219422514574,0.1399030092272513,0.13954008533784254,0.09207841733249676,0.09132442416668753,,,,0.09481539511144126,0.09507755218517869,0.0946425481454184,0.09447696122054303,0.09468180505169155,0.27971081496522954,,,,0.27930035831359995,,0.2797093292093912,0.2788822607820814,0.28018083103629476,0.27974745003596896,0.27976839708045664,,0.27882488073692413,0.2790490925659515,,,0.2799773379901968,,0.2799357832518451,0.27993656802911965,0.2780816113933871,,,0.2806361486284412,,0.27971337204489544,0.2788149651760634,0.2787867709632747,0.2790714489982882,,0.27963308659936725,0.2795221781612525,,0.2795538915509276,0.279514501585365,,0.27893433315801625,,0.27881607944582487,0.2785399131358708,0.2797915894160363,0.2793327569644904,0.27943501541552385,0.7630387102437524,,,,,,0.7664592929938803,,0.7639429816180948,0.7647237225100219,,0.7642101256570863,0.7655811186449578,0.766310429337162,,,0.7659857594862295,0.7654326460637181,,,,0.7673995261742126,0.764005357808786,0.7633703679189677,,0.7647022153889076,0.7634199527036716,0.7657908408607647,0.7637233641478783,0.7620746597611517,,0.7640455126301365,,0.7632687878931124,0.7633668733030019,0.7641894169617188,0.7648562757722908,,0.7626765515458236,0.7627732105857584,0.765797921554473,0.7658318950848096,0.764388359550058,,0.7652335204926974,,0.19178677923329743,,0.19171150426277198,0.19235580770217564,0.19192106945818502,0.19202010915847742,0.19184067249112707,0.19228479926397177,0.19227648888473006,,,,0.19179088376651046,,0.19228617968035533,0.19189438459070635,0.19279253318912062,,0.19195584507953922,0.19254894720658158,0.19171208796194752,0.19255369957480925,,0.19245524874813946,0.1924237434570324,,0.19270169607138676,,0.19231426795410794,0.19209377217019916,,0.19127060584349412,0.19183241463873313,0.19160125300437758,0.19247378058556863,,0.1921944729024088,,,0.192600237253132,,0.1920805955116235,0.19279446773597042,0.19161589621599232,,,0.19197112194798363,,0.19209641098978703,,,0.1927120992018925,,0.09440750028658758,0.09437889067714524,0.25417523609586484,0.2738890541184569,,,,0.09491117023413873,0.09479356201115809,,0.24662506347573562,0.24585084690533945,0.24558704872112544,0.24608635634392267,0.24570991065082326,0.24562651514902895,,0.2455855025616334,0.24589534130187513,0.24617796129472996,,0.24577908619608227,,,,,0.24610834788945377,0.24655409257872735,0.24653879293013226,0.24607841789782936,0.24613892429752215,0.2456173244133518,0.245294294761877,0.2464239760219962,0.24564311845613807,0.24565932119249934,0.24563076399172834,,0.24539081743728297,0.24586324805353796,0.24477418468563705,0.2460934904193089,0.2455480214687341,,0.2453825940001761,0.2452898441272658,0.24573491549308127,,,0.24606001537515917,0.25300540840934227,,,0.2521306037539454,,,,0.2525300699571555,0.2527452304142004,0.25290910739663075,,,0.2521140268939791,,0.2520394603519976,0.252444931620277,,0.2520595991126989,,0.2516842279708652,,0.25216334200637314,,0.2516876598166726,0.25179901449412967,0.25245513896059657,,0.2522930274544903,0.2515935534824949,0.25180353430744834,0.25229056447591214,0.2511781073196898,,0.7954590696079095,0.7954167262030707,,0.7963475210401705,0.7966175889537366,0.7972049092456024,0.797623935201202,0.795904707348249,0.7987258748844909,0.7959269195230935,0.7923636152076667,,,0.7904698938184064,,0.7893722310205408,0.7883415390896544,,,,0.7916255563901635,0.7872842854685503,,0.7900481344608141,,0.7968068961096687,,0.796097966220883,0.7962801924400174,0.7963638853780802,,0.79560883556669,0.7942418928069749,0.7976606295309567,,,,0.7958778515004552,,0.7979693901731923,0.7982886111321102,,0.7984553370162866,,0.797343271599549,0.7966158737318854,,0.796208558897578,,,,,,,0.7966611885694069,0.7960456810799187,0.7891208694940601,0.789428576106736,,0.7893745011458936,0.7893211652481075,0.7887933505653519,0.7919420139898503,0.7898829997102224,,0.78866178627259,0.7886657483157363,0.7916220672705806,,0.7899302986088889,0.7902069835709677,,,0.7907337452309172,,0.7898722982986853,,,0.7907983856422048,,,0.7912712799408527,0.7913584448713186,0.7895453755213208,,0.1642537814528939,0.16356433023833747,0.16399743977825212,,0.24324730910005793,0.24260557930734278,0.24325870515432432,0.24238317317570382,0.24262832066031464,,,,,0.09456163801504631,,0.2746469184948836,,0.7668348128590076,0.09458582323855089,0.0943259800154814,,,,,,0.0935532922355889,0.09348641445494671,0.31498825475751696,0.2209786020344544,0.7316772301472668,,0.23283878096829597,,0.3305359535986212,0.23587382534974835,,0.23827749613498928,,0.23835620029016247,,,0.33365917535685924,0.2395372552484602,,0.24440085073189372,0.24382532023399395,0.09637092309700648,,,0.0962878064706152,0.09625940282094388,,0.09614570463703029,,,0.0964194415776916,0.09633102199241829,0.09622333674339693,,0.09616517948663258,,,0.09670897531114726,,0.7227814865846564,,0.7257669226861205,,0.7249257218699916,,0.35563800513919525,,,0.3542064235074829,0.2583020947403817,,,,,0.7212404453142792,0.7196801585427023,0.7232196001537516,,,0.09734713961321964,,0.09740767324437813,,0.0975160420718132,,0.09739651882297777,0.0975847420241062,0.09763031437213018,0.09770065225524534,,,,0.09756299840777577,0.09785281903720201,0.09740347875522876,,0.09742768320003502,,,,0.09757814288193849,0.09754427238177321,0.09743480129378693,0.09727436285498284,0.09750105960232894,0.09723921755189083,0.09733908413384797,,,0.0973077229877812,0.09716802551411305,0.09737259891143868,,,0.09732147315347106,0.09732327345257519,0.09736421822417352,0.09711611145883554,,,0.09757050248951551,0.09726033289664696,,,,,,0.09741966642363445,0.09733938366649249,,,0.09765288004263349,0.09740358400048177,,0.09748674213701387,0.09746497555964502,0.0975302861177682,,,,,,0.14942610680528126,0.14959962965143622,0.14941126741228253,0.14939375413799322,0.1494273491878301,,0.14954482944448827,0.22335521354496718,0.22317056837692334,0.22360170147575847,0.2240515200922797,0.22286161766206586,0.2234060900741138,0.22326293907092598,,0.2231825541463591,0.22205028878009464,,0.22324782818757766,0.22346078185285653,0.22350112629306218,0.22258323080931572,0.22253140367528365,,,,,0.14948652558517667,0.14958794431129374,0.14936257535016934,0.1496829711665914,,0.15003747767581005,0.1496013821126978,0.8152822276495526,0.8161315015861652,,0.8146880902991424,,0.815230801216761,0.81448643320471,0.8156788592795857,0.8141639635912895,0.8142591968472266,0.8158088155007492,0.8160601969854022,,0.8135885099862167,0.2230869700062834,0.2223509894758154,,,0.22310806929704366,0.22313148044917092,,0.223117845433996,0.22350427363948153,,0.2229377828817094,0.2232223996846689,,0.22232264427800044,0.22258436108982987,0.816641543814772,,,0.8147992000681259,0.8180452663480371,,0.8154779047806728,,0.14985525337354227,0.15001827634975032,,0.1495160327242386,0.14944676879381563,,,,0.1496141920038214,0.14940348138619364,,,,,0.14987093264608012,0.14970627307845222,0.14968581017526794,0.1494684571733988,0.14967033646508462,,0.1494195532945883,0.14995772297488483,0.1496283732637332,0.14979363571679288,,,,,0.8181706719171787,,0.8160991196873774,0.8169168682632879,,,0.8179980282979993,0.8206239843333777,0.8129921825099247,,0.8148570764201921,0.8173365422306769,,0.817751511849241,0.8163349900481052,0.8154173436647004,,,,,0.8166404862795226,0.815386362314373,0.8168581837144344,0.8158443072977494,,0.09487903893109509,0.09492825602671237,0.09497514518298787,,0.09508264196245661,,0.21364884503107365,,0.00012214518929941196,,0.3435417799470277,,0.1820959398016634,0.18236874033018716,0.18233275898029708,0.18244062823384755,0.18228333902676103,0.18281568059564443,,,0.18263848769933946,,0.18271871759160063,0.18215403184450984,,,0.18323057363036116,0.18243692283483537,0.18265863447519803,0.1823906662325188,0.18229052042887028,,0.18323644901963138,0.182029894735192,0.18259262997348827,,0.18269676265277746,0.18238699231670655,0.18265727341290056,0.18215868151121006,0.18248802031084074,,0.18228584437097256,,,,0.18287449088444513,0.18238089532046015,,0.18239550212181993,0.18192221955609614,0.1825260872804848,0.1823338068501222,0.18295145247623945,0.18238614302902809,,0.18262500174561733,0.1830253040857766,0.1828339751185966,0.18261489523362787,,0.18239265632167204,0.18226697315657234,0.18247898002480714,,,0.1822222034954494,0.182599509451723,0.18270476271132316,,,0.18193932258770434,0.18279211365256334,,0.1822919139736877,0.18234059621113707,0.18291306818409564,0.18244129366798176,0.18245743869102565,,0.182821676770551,0.18243796496464382,0.18249610843610414,,,0.18337934997192523,,0.18310854459393386,,0.18183331256780394,0.1826679171220577,0.18214513983319344,,,0.18222271032034654,0.18291997954461062,,0.18222643014006398,,,0.18221582888737362,0.18279438831639452,0.18282891585976627,0.18198412383772178,0.18222435458962064,0.1825430102306217,0.182258983742942,0.18259699566310916,,0.1826517547638388,0.18235131783168287,,0.1833669812751956,0.18235992140835253,0.18201195081842575,0.182711589135635,0.1825062725252067,,,,0.18242283609394414,0.18281175376682346,,0.18242329408400268,0.18243936068638367,,0.1827519753748016,,0.1826231031003936,0.18231423015006837,0.18247123003485233,0.18238918362248446,0.1830411978343448,,0.18227982206274435,0.1826096526016304,,,,,,,0.18239766148671177,,,,0.18254140637602384,,,0.18240138053131763,0.18246203309098552,,,0.18272400920574505,,0.1828003775284664,0.1827662728510938,0.18252890517338707,,0.1821185643531678,0.18230427416779185,,,0.18263351036287986,,0.18224546685682852,,0.18229961856757385,0.18284644978420464,0.1824642736463129,0.18219862330277414,0.1827932104868782,,0.18244685372095093,0.18250422216509457,0.18328604964215342,0.18240826147117387,,0.18261301100327082,0.09141755208197694,,,0.12100256289364118,0.08602570005358866,0.8967338257188174,0.22867179523549558,0.2281824467880341,,,0.8767178834240056,
4,4,DG_8pct,16,Z04_F06,4,LL_AB,235748,232497,True,8221.370258220202,8228.855814961666,8239.266056807197,803.9755625592062,810.1163944082625,134.81620210056664,11.778758914199498,485.11752829771376,482.6305950459454,184.63002413717706,185.24203088009577,122.64868751490583,3.9244289892082285,9.986068965332887,15.1290406414317,12.083950018108725,108.34527629094443,20.12628451178731,38.49032074281263,149.3585352667058,0.5027050110306465,,0.5019797420120914,0.599268694665482,0.5109505456432697,,0.3553341853721021,0.17578793817751717,0.1763462322481862,,,0.21941105233085245,0.21979403500909062,0.21894813983856726,0.16075067590792183,,,0.8796517715431466,,,0.1759999422868736,0.17582865679914333,0.17653884043298523,,,0.17593024829882048,0.1753195711030434,0.17594706547258665,,,0.17582348459166625,,0.17628340022956235,0.17580841128918126,0.17584047376951603,0.1373946185600029,0.0001235855594632547,0.0001236369354921488,,,0.08351395514313475,,0.08337225347860384,,0.08332334028994301,0.08367531730772643,0.08336472108968802,,,,,,0.08354312277918877,,0.08361603139293254,,0.08350911831046068,,,0.07916408345793197,0.8800183480416333,0.12994120183456118,0.12953298890667939,0.12932243181612377,,,,,,0.12975409515378472,0.1301168105505956,0.1298356030516477,0.13012464114032243,0.1294893195060574,0.12960980747041217,0.12943176135277784,0.1298611939228942,0.12996760556701173,0.12960508140383006,,0.1296713947855391,,0.12990661304884127,,,0.08369946552479851,0.08392514575612624,0.0835301664335781,0.18848289367319437,0.08646456563792981,0.08637094905339292,,,0.0861370183325193,0.08620291273600221,0.27089273313717527,0.27004067587972064,0.2702879252042737,,,0.27036621307238207,,0.27045992730533913,,,0.271439053849657,,,0.27141928119373754,,0.27049481708531875,,,0.270726432713693,0.27088884292903,,0.27013274501072354,,,0.2715052075322405,,0.2707888983067397,0.26998489428811195,0.27102997640594734,0.27109695257243316,0.27071501822923544,,0.2704915148796143,0.27041341646183525,0.27072399030969774,0.27113299658236156,,,,0.27022969740079195,0.2704997145733649,0.27077874656877354,0.27112592909909256,0.7638158006119172,,,,0.7625206939665538,,,,0.7616936927564731,,0.762215005725494,0.7626382867006495,0.7653912879823682,,0.7618952683807504,,0.7626177562969063,0.7627430417392547,0.7626373426608758,0.7634092407046761,0.7622869423585431,,,0.7615536936401323,0.7588779769237571,0.7624562393275589,0.7603219682590653,0.7623798563251455,,0.7629829061611078,0.7627835104345095,0.7624110309693009,0.7627132886226872,0.7635332135427431,0.7617256605721192,0.7594064496547377,,0.7624477849023535,0.7627412300030724,0.7626920993734518,,0.7622107042911125,,0.760223208788089,0.761220714788562,,,0.18951274714672237,0.189270071785791,,0.18974208492502462,0.18999741784196789,0.19007162591279492,,0.19010767111841187,0.19006882768080238,0.18985363867352859,0.19039494861363657,,0.18989871079737125,0.1902264468231847,0.19002861934082152,0.18963761574480237,,0.18967636962112258,0.1903669737585515,0.19040069765315795,,,,0.1894017366084726,0.18935454595430243,,0.19074844452958714,0.1895771550863091,0.18976716992315623,0.18983147809568154,0.18992151279273248,0.1898307081931744,,,0.1907421513642932,0.18992193528892715,,,,0.1898276202991959,0.19067920365287722,,,0.19017730334601607,0.19039204567895063,0.1892978702531224,0.19025179838496317,0.19004982622333905,0.18955588057094205,0.18955149872570223,0.18982165217028532,0.08601208924527619,0.0861803984941549,0.08612700301938114,0.24586963217010976,0.2654540872872707,0.08608180176190601,,,,0.08606603483250216,,,0.23610020809933502,0.23671582501194038,,,0.2367355808512062,0.23600592857036554,0.23735927839235635,,,0.2372901940964522,,,,,,,0.23677621215035513,0.23685433683321602,,,0.23664931321053884,,,0.23645651185570427,0.23649769776350607,0.2371661042024681,0.23751432124526292,,,,0.2362408749742619,0.2360535868715924,0.23571487378130507,0.23704240930852094,,0.23664059906280685,,0.23669001967106812,0.2367082475071238,,0.24324746652442275,,,,0.2425839921386112,0.2431607108702388,,0.24294920355848518,,,,,,,,0.24324143552764219,,,,,0.24320623979553435,0.2431373241336585,0.24322529271367424,,,,,0.2433756397596931,,0.24268461336844566,0.24343351260241436,0.7929401102636972,0.7940334515535338,0.7960163976714558,0.7947387156997685,0.7967696233125179,,0.7958720469380778,,0.7940195141491718,0.7936519505826346,0.7980648145017365,0.7881746584732101,0.7876251866485761,,0.7878070088273327,0.7873023533529306,,0.7887903287564074,,,0.789331102194559,,,0.7858548471445341,0.7854207821537514,,0.7941556427723934,0.7944864284729142,0.7940154932726995,0.7928572142101805,0.7918185570980351,,0.7959502482584788,,0.794790092590577,,0.7962130204206153,0.795270592921749,0.7943843735717776,0.7958124709649215,0.7969951956946323,,0.7944196323235813,0.7955937801596942,0.7960202002132483,0.7976562888893649,0.7940861874814095,,,0.7952736271596541,,,0.7951241231545337,0.7963442476344704,0.7949685004468099,,,0.7880444561591926,0.7893125624042857,,0.7875347381835954,0.7862631828948666,0.7894208051775028,0.7876152201371932,,0.7867803586142289,0.7866006241289432,0.7884280363014103,0.7878384212966925,0.7889287070576898,0.7891953862786873,0.7907020236121812,0.789479671782734,0.7862676881610002,,,0.7901583733608233,,0.7915103813575971,,0.7909757061592679,0.7894937621645152,0.7885921756453717,,,0.7875019850885815,0.16093913542432314,,0.16058448231633546,0.1603720970976972,0.23405505198492993,,0.23367777250076982,0.23270972559841202,0.23371910250015884,,0.08619173527217569,0.08599942839099711,0.08594251577353461,0.08585215436316357,0.08602569058170514,,0.18533266886592628,0.7624054751186394,0.08607137348277778,,,0.08592134799022708,0.0860012543876828,0.08602142357837779,,0.08524500716886288,0.08523044988170028,0.30606403784877323,,0.7284371643904267,,,0.7257480816270766,0.32253131032194926,,,,,0.2384759132696621,,0.23781398933332662,,0.2382167077650426,0.7237234523476928,,,,,,0.08777528192433054,0.08751689436576549,0.08763571456345239,0.08785289284373289,0.08760835410008512,0.08753843585097724,0.08772750338045684,0.08773218243222855,0.08776703698963573,0.08780853000360113,0.08757715187288496,0.08772570006180971,0.08765249582092066,0.08743667786195851,0.08788396064739773,0.7222966234014694,0.720402760032971,0.7194850817077801,,,0.7211827438483099,,,0.34817414611754693,0.3476365384915641,,0.2583261767191645,0.2570851423448216,0.25773390963830045,,,,0.7191805837493053,0.08905279927717645,0.08890595262244055,,,,,0.08857524187525441,,0.08908996357342394,,0.08888508492596915,,0.08889503450536776,,0.08862038127586115,0.08855363362861356,,,0.08875732096230135,,0.08894015115137299,0.08878113623577609,0.08852428562799133,,0.08870090295992064,,,,,,0.08853673998334453,0.08876376729218806,0.08884130606690241,,,,,,,0.08862989354902988,0.08862027292877439,0.08886452238068154,0.08849188173257229,0.08839920168388349,0.08853214234362612,,,,,,,0.08851950594833416,0.08888605347763077,,0.08864462167333681,,0.08884492177438551,0.08834955558093632,0.0887666500661133,0.08867957745309442,,,0.14494129246316484,0.14448361016909764,,,0.1454903417009647,0.1451646906883825,0.1450464299293494,0.1450044350940808,,0.14484692252155743,,,,0.21363169698036866,0.21431960200886352,,0.21369736217642962,0.21377379709878283,0.21393821659311035,0.2142226291617063,,,0.21392831833812803,0.21418061137346603,0.21365912397335474,0.21325922006113576,,,0.2132919923044496,0.14550236523610555,,,0.14555259422552783,0.14506022182472716,,0.1454321223696189,0.1456866463669905,,,,,0.815210175983578,,0.8123593891215436,0.8126951795208817,0.8119968330031557,,0.8153857502031249,0.8148100363747587,,0.8106022401623362,,,,0.21361460706749685,,0.2137761244113497,0.21337160340812505,,,0.2132280101490448,0.21320265736183308,,,,,0.8120565193309868,0.8159174473425117,0.8125287519484606,,,0.8165995350625899,0.8134729631380458,0.14539979715617934,,,0.14542331704102585,0.14513676294315675,,,0.14526082758600772,0.14538077222876258,,0.1453737546313392,0.1454447629466056,0.14529382039653962,,,,,0.1451849847838811,0.1449516297505259,0.14545270989987044,,0.14524342290994907,0.1454688965566117,,0.14544016455029998,,,,,,0.8156696874939041,,0.8154100594057012,0.8174949564822438,0.8159860369303105,,0.815244409015016,0.811641292390305,0.8125215010282408,0.8142590869033172,0.8098965628406636,0.8135694094992355,0.8159058640165677,0.8141591860645997,0.8172281714691453,,0.81282889774007,,,,0.8143040502455838,,0.8171628568749016,0.08671714844146851,,,0.08662533366735195,,0.08649557376365385,0.0004813994192045197,0.20743330452584904,,,0.00012292032638097804,,0.17555552443306638,,,0.17547271065965356,0.17504500483540403,,,0.17513625293859414,0.1750504443843723,0.1749145770401293,0.17543025083253908,,,,,,0.1748783458506804,0.17571607158756822,0.1749042928048443,,,,0.17517809842899013,,,,0.17481250323764427,0.17504128801689753,0.1747767336572536,,0.17496927291984757,,0.17521923792794503,,,0.1749545215865268,0.1749786929649155,,,,,0.1750850487858408,0.1750020415919362,,,0.1751308865320185,,,0.17548725389832026,0.1754512699265893,,0.17520571062801274,0.1750601149385135,,0.17458366867867744,0.17472390079040723,0.17576583878726282,,,0.1756049725470236,0.17496236386705136,0.17542061811764884,,0.1752240575879312,0.17520742199206005,,,0.17482425206431243,0.17520657212782295,,0.17517102579510557,0.17525249657629585,,0.17501271035341753,,0.17455529915406537,0.17531774914867768,0.17482702932172042,0.17507229415784034,,,0.17571562104398436,0.1754140098751578,,0.17532444215720097,,0.1749544665356194,0.17575610132764313,0.17491665534951276,0.17489777963683603,,0.17535904832040433,0.1749752439208389,,,0.1744323332206186,0.17522590681643868,0.17505290636879955,0.17499894878226285,0.1753016621883637,0.17500353027590027,0.17511619001540643,,,0.17453930861210162,0.1749230808795836,0.17467910856155322,0.17533884731139296,0.17538753001120644,0.17538460916208443,0.1750094806869442,0.17521385836469822,,0.17519536406826242,0.17466257897595813,0.17508423196892714,0.1748786278983861,0.17525692255387484,0.17508156326459015,0.17500733405233818,,0.17507706103442972,,,0.1754095681771176,0.1753063310601606,0.17541174403610774,0.1750477581996161,0.17567585754502782,,0.1750497878832284,0.17486191371640583,0.17485203031666405,,0.1750130690563728,0.17449702573916373,0.17549756303890085,0.1753418640221252,,,0.17524978352830872,0.17487335805756177,,,,,,0.1751251568779512,,0.17553661962314618,,0.17498786366377475,0.17558290629170006,0.17540246210284252,0.17496410548881544,0.1748571903399827,,0.1747760289018224,0.17505013516880524,0.17542444370171478,0.17496058557350969,0.1746085268783659,,0.1750608003340724,0.17544884787990483,0.1748422244226102,0.17501857280747665,,0.0836047950376901,0.08351390896540996,0.08339733755539244,0.11059991436909625,,0.8930985557625459,0.2191171778814124,,0.1606349202588008,0.16080987585050346,0.8800723223484733,
4,4,DG_8pct,16,Z04_F07,4,LL_AB,279295,280598,True,8155.085262863397,8165.484360734815,8138.520373085095,797.2911893525578,805.2477415431115,132.48823772916728,11.874058448934013,485.49446727684546,478.9453898829578,186.0348491321727,186.05577437117185,121.54055411435141,3.970408518877307,10.074064864377547,15.23745612306421,12.187100312981718,106.87724186682064,20.231515153610232,39.09864419653703,148.37280421328796,0.5056805794898984,0.5058134766015039,,,,0.8235092352438682,0.3600083633085873,,,0.1837523263569908,0.16652498388204814,0.22894655442622264,0.22943603685327604,0.2284127416494806,0.16780800013622188,,0.16794854420433172,0.8808716300520197,0.8794352368447244,,,,0.18361071436276746,0.18355682378438806,0.18323265809322006,,0.18311349466992408,0.18310281646958407,,0.18290360649947202,0.1834120301425754,0.18336022260625454,,0.18318386052506402,0.1839208533562419,0.14736707042143446,0.00012251229238104233,0.00012258723778113502,0.00012254103547748157,0.09218657927388758,0.09180362470105663,,,,,,0.09140118883188371,,,0.09147822546851016,0.09144421286941302,,,0.09147232409474235,0.09184027814091104,,0.0914152579864833,0.13330090220005594,0.13407546545623053,0.08644221162775137,,,0.1401579433458295,0.14047581401584738,,,0.14015962008001323,0.13999586147551307,0.13992603988773367,,,0.1399220270104516,,0.14014358189719162,,,0.13967881531135098,0.13982879381790703,,,,,,0.1400498554598412,0.13980725243069805,0.09159369693739766,0.09164596488206328,0.0916599675561178,0.19147208623162573,0.09473972163709049,0.0946655746920018,0.09475941756781077,0.09463003529153588,,0.09468411986590547,,0.27960222794607487,0.2788944732854572,,0.27975147936232203,0.2797446471061482,,,,,,0.2796638970471178,0.2797214320291156,0.2793724684807788,0.27947765842735706,0.2802755335409041,0.27995948119758063,,0.2794475178191896,0.27953588079791264,,0.27972596471536154,,0.27954390764628734,0.27895378504353263,,0.2793798027547765,0.27919390705788216,,0.2794252815589425,,,0.27907909619370835,0.27944289677104445,,0.2797028325774287,0.27940986307761073,0.2784854440657761,0.2795246008365311,0.2793452319841886,,,,0.7624235211216336,0.7659051049393879,0.7656926789904848,0.7630067564057783,,0.7661737861508313,,,0.7652307427400574,0.7665076329283629,0.7646141769240249,0.7647496779937625,,,,0.7673331342193654,0.7651664585136622,0.7638862257192428,,0.7637407618031256,0.7630817934169359,0.7647747822062059,,0.7629898614456745,0.7625046213795679,,0.7631900012824395,0.7648915851799487,0.7640125219338961,0.764937123722361,0.7626201729337748,0.761414460425678,0.7633340231594005,0.7630734463520887,0.7646959825996538,0.7626309417382576,0.763366075121422,,0.7636468314765569,0.7660917273364931,0.7660154578310708,0.7637303333509209,0.7633501964367411,,0.7636959941267822,,0.19181170467781927,,,,,0.1917042158066476,0.19251562005451645,0.1925192064789079,,,0.1927336117641569,,0.19262220392701163,,0.19190832721117468,,,,0.19224487456850417,0.1918092445105179,0.19233534613869474,,,,,0.1918843866075322,0.19182615724763102,0.19245933469867488,0.19208383836037257,,,0.19249503739001486,0.19241592672421595,0.19181378255284037,,0.1919859041792303,0.19259615997467192,0.1920139030334567,0.19235572703937623,,,,0.19203502398254435,0.19247870388258154,,,,0.19195904891731275,0.19220626415609596,0.19225785185356367,,0.1920589412619658,,,0.09435632012170465,0.2539817942281185,0.27394154353637545,0.09452728295468166,,0.09446302606188249,,0.09453191667597395,,0.24601246819371497,0.2464288796358743,0.24599321627493917,0.2456017819243388,,,0.24609809044568068,0.2465680395177276,0.24609702392268654,0.24602627554315026,,,0.24579292147852105,,0.24636928449532372,0.24514266311116426,,0.2456752592518007,,0.24582517748512775,0.24548015284972213,,,0.24518805430479712,0.2452175691568013,,0.24495107838334498,0.2450895794299278,0.24609566488865595,0.24555463886578138,,,,0.24619630265946155,0.2462226068303192,0.2450161944306695,0.24577364396021106,0.24596236557847048,0.24538570673989776,,,,,,,,0.25198805396939095,0.2518516361967034,0.2524552459487438,,,,,0.25189382593838694,0.25238534495090564,0.2525388879731382,0.25258286651404105,,0.2524245968718023,,,,,0.25265143256905814,,,0.2520164808883924,0.2524940941011582,0.2528103827577508,0.25221292896590036,,0.25260146175871,0.796313379983002,0.797148641382818,,0.7956277593051532,,0.7956563483493097,0.7967342858272763,0.7967338538444667,,,0.7968089614966284,0.7914292062971267,0.7895558566472978,0.7913581121941206,0.7914856914737343,,0.7916662646416701,0.7907827212841527,0.7905053710430239,0.7900289259417711,,0.7911409326639046,0.7861648009967934,,0.7880726344629935,0.7880527527733783,0.7942622930268625,,0.7987885972996162,0.7965107850428607,0.7959549044283454,0.7955063387046486,,0.795217085491071,,,0.7972387975948256,,,0.7966954027168436,0.7946205491895071,0.7971061325171617,,0.7983284444464154,,,,,0.7970578526380416,0.7957054010249988,,,,0.7981138463001021,,,,,,0.78948728421179,,,,,0.7888519560939555,0.7895519857434408,0.7892182149734916,,,0.7905502071630387,0.7877229357047927,,,0.791220510815792,0.7887873964712829,,0.7903145618464674,,0.7916640744432221,0.7919535340375184,0.7902176581308502,,0.7887898174162422,0.7892343657154951,0.7911202445452958,0.7909510367359249,0.16412164167993085,0.1643675850709539,0.16375095174549822,0.16363236198215084,0.24285931414905423,,,,,0.09423657369435193,0.09436097146762314,,0.09435058097999778,,0.09430706782637066,,0.1876871820822536,,,,0.09439479823850995,,0.09431446579245399,0.09408841660887698,0.09350817336839422,0.09344399430265632,,0.3138526055234724,,,,,,0.33120241804409617,0.2355851660527567,0.729323420750209,,0.23892591284130277,0.23835689471082788,0.23861188876689193,0.23871029601138882,0.3339494962285834,0.239084394703521,,,,0.0961317348828916,,0.0963048741121696,0.0962191976969402,0.096263364086634,,0.09593930529983122,0.09627220945943361,0.09630313577888783,0.09623028987243532,,,0.09615492094521154,0.09615952038170657,0.09612632255561955,,0.09629639366990846,,0.7230497723353709,,0.7238193352768876,0.7220151213693079,0.725405349604011,0.7224665263744054,,,,0.35550518226644356,,0.2576144337486647,0.2582121804502939,,0.7219954466346593,0.7245553542729576,0.7225120340798399,0.7226475480902238,0.09745637148243799,,0.09729810381987467,0.09759256228485541,,0.09739942232730774,0.09724591480313416,,0.09765967043374908,0.09760146846927414,,,,,,0.09752487302871697,0.09740739055006248,,,,0.09752895396197703,,0.0973614253561651,0.09739831415571691,,0.09734700907275284,,,,0.09741313845850934,0.09744933656405967,,0.09719992938752983,0.0973933878672239,,0.09771137182965803,0.09812129859151358,0.0971455960271437,0.09733291080998359,,,,0.09774577334433973,0.09744788602346237,,0.09740227992881745,0.0974844119863767,0.0976301431769357,,,,,0.09736326006714652,0.09735183085083673,0.09724020318403866,,0.09775567893248448,0.09741198708448974,0.09741892795950537,,,0.14937839971809705,,,0.14977796139086394,0.15012752298568477,0.14952852527932997,,,,0.14957570685159297,,0.22342072438059715,,,,0.223587674709229,,0.22306465932852557,0.22358813162351363,0.22297410500623735,,0.2239616961336169,,,0.22342565813621884,0.2228980952642213,0.22353152815148639,,0.2228364472181107,0.2232112771653343,0.14943743422939423,0.14955219464618982,,,,0.1496929466086477,0.1497646772903394,,0.8151222633937503,,0.8141499357699779,0.817457928270662,0.8145603097123414,,,,0.8181519962752264,,0.8175176496734389,0.8143966188532851,0.8165323709369768,,0.22390586214740227,0.22310329794331787,,0.22274743259519586,,0.2224974671104519,0.22251807620652594,0.22323666677942383,,,0.22357209037914533,0.22274839988254744,0.22037807997671918,0.22251840940896606,,,0.8171901553739761,,0.8165734997521263,,,,0.14958160347773092,0.14972993736273513,0.14910106044465155,,0.14987437792604882,,0.14917700685314367,,0.14938323173055812,,0.14939501089498788,,,,,,,,,,0.14953389635366068,0.14959109032741533,0.1496320473899237,,0.14986575273502484,,0.14977552030882482,0.8171282671184453,0.8174037544386678,0.8187729050649828,0.8191229812701036,,,0.8186546301337034,0.8181172207626252,0.8163311028577368,0.8180642693431556,,0.8154054019930214,,0.8143056556858962,0.815944285765718,,,0.8160082341820616,,,0.8169361949001391,0.8187875065374406,0.8165346148039866,0.8178232604434847,0.8174478753786378,0.8160576317065383,,,,0.09512493031955062,0.0950062965765896,0.0951001692168711,0.0001340644719766624,0.21399422815448668,,0.0001216910987681797,0.00012215024445689154,0.344154016281393,0.1830207919697275,,,0.18261685098161312,,0.1821190131845901,0.18209443251086938,0.18186727752030038,,0.18269322062167875,,0.1828557041593435,,,0.18253968382874583,,0.18319378403233913,0.18229871532995318,,,,,0.18284583044909442,0.18228862671083437,,,0.1822775984251682,,,0.1827410557925888,0.18249994047307413,0.18243808749526094,,,0.18218303776176642,0.1825898747213265,0.18228110297823624,,0.18267736634137227,0.18195449221233465,0.18219030995056404,,,0.18201621706179819,0.18219254843259833,0.1829660273192974,,0.1823898329117449,,0.18252881467670198,,0.18260351963897128,0.18215551364289637,,0.18234995526410924,0.18213727817167485,,,0.18230336124839658,0.18333504924387198,,,0.18262235501149396,,0.18255440970963502,0.18297808700378973,0.18268429028125546,0.1820442371841208,0.18252410416337006,0.1817562762655805,,0.18295136060907022,0.18247185720633102,,0.18264997870380495,,0.18229957079391895,0.1823380251422163,0.18250620064053535,0.18288506315534966,,0.18244849586641124,,0.1828466466087628,,0.18220830609220595,0.18275381499462034,,,0.18269850359711862,,0.1825614576836984,,,0.18285550695705213,0.1823268125550679,,0.18250882682461522,0.18245041886706032,0.18238205301046226,,0.18248551599763957,,0.18234236799594672,,0.18283786928425116,0.18286746158682632,,0.1824310050782693,,0.18260770239405558,0.18230836532904376,0.18260278480938372,0.18224517873027415,0.1824735989115195,0.18325295908998837,0.1825010592500906,0.18255117892181508,,,,,0.18232022117590263,0.18240526131889953,0.1823377990083004,,0.18236034430755332,0.18276246960312942,0.18201799379295416,0.18307109599783397,0.18262124435716134,,0.18271536478882372,,0.18281017171537517,0.18264277354607641,,0.18253189652756036,,,,0.18245773614202387,0.18229523009078874,0.18231476669934862,0.18263465676025173,0.18223928899547737,0.18212246988667966,,0.18241527459843038,,,0.18265147620297448,0.18206650727878418,0.18257281829636743,0.18238199047950923,0.18197950472658578,0.18259890473829532,0.1824270506863299,,,,0.18309134681163336,0.18235495596999346,,0.18272484473685496,0.18256436286767314,0.18244594580882217,0.18272697146421155,0.09161371124533634,0.09168403637831563,,0.1210987626572323,0.08614652018153743,0.8940890692479063,,0.22772005470234413,0.1681270575347154,,0.8794986710667461,0.8782509520177294
4,4,DG_8pct,16,Z04_F08,4,LL_AB,261181,261836,True,8349.686353288589,8374.93457726818,8336.373879516972,816.5578197686897,820.4278028972489,138.02896778550186,11.5670222766909,493.14543058752423,483.7581352461371,186.05706378826832,188.02690765571742,122.76534904703719,3.825555726714731,9.772279335904713,14.840143888919556,11.787470151839813,111.20448665045775,19.80359017406266,37.6785963523391,150.4786483847975,0.4950385577171831,0.4947781793430493,0.4940211606050334,,0.5055911180303516,0.8220326103351464,0.34531293882509945,0.161765346345934,,,0.14525753011250983,,,,,,0.14687310720309404,0.8777043233533767,0.8778073817395357,0.8773142455406586,,,,,0.16145816601006724,0.16112810689130927,0.16114566467027364,0.16106971478390078,0.16108282651565167,0.16138349486335288,,0.16118888917381807,,0.16099462150371383,,0.11635666035625379,0.00012512584743317115,0.00012539729927672208,0.00012528220830113133,0.06754725420408911,0.06751172072450556,,,0.06749351125918018,,0.06767374154342955,0.06771556859270234,,0.06744851542198975,0.06741303762919856,,,0.06757597996636291,0.0676043717673949,0.06739175753868192,,,0.10198708371359246,0.10247493532291152,0.06287939841760767,0.8790941595420401,,,0.10826083499679257,0.10783568846460118,0.10831449263797867,0.10789520293815198,,0.10847059529712111,,0.10831792075177506,0.10844926370386809,0.10812591632448416,0.10852327179545784,,,0.10855540660934036,0.10848422624402777,0.1081209100365197,0.10812472507190837,0.10846311228160198,0.10820257997060383,,0.10818660711141864,,0.06761807043828524,0.06763436724559453,,0.18290709525336044,,0.0697722864228917,0.06992266191458488,,0.06993053390227283,0.06963230478942829,0.25312182547022744,,0.2544505660179981,0.2540138603064119,,0.2535954678523956,,0.25455516788258703,,0.2535945934854878,0.25355313403854696,0.2541536342486533,,0.25385221919321754,0.25381020207829524,,0.2544619088142307,,,,,0.25369813096052035,,,0.25338495182108606,,0.25381786074130674,,0.25356479329856246,0.2536500945589241,0.253680283726475,,,0.2534234551340205,0.25343547743373385,0.2536620174552073,0.2531268197691043,0.25359215240560085,0.2537003555470326,,0.2530360801009103,0.254480696202924,,,,,0.7566360435765219,0.7574189360159648,,,0.7572370898559605,0.7580736570657072,0.7559477563087333,,,0.7570774620531436,0.7578586843373736,0.7586117905909355,,0.755973717194804,0.7574647278349415,0.75694210764198,0.7545962505867143,0.7561527326869769,,,,,,0.7555948157685911,0.7545263456454514,0.7571013258971283,0.7576091199215756,,0.7569011797075247,0.755212782307024,0.7568034452554967,,,,0.7562933424238452,,0.7555488554345617,,0.7580248600587016,0.7566064355925678,0.7555325614006002,,,0.18351382911699587,0.1825951119079206,0.1832099145096085,0.18372066826854547,0.18312587416402126,,,0.18355658335612518,0.1835235970797793,0.183882703870046,,,0.18348493493987725,0.18376639751796853,0.18372061690820093,0.18330341578341347,0.18316074635362056,0.1841037806751122,0.1837528917368924,,,0.18327596081060402,0.1830456315372274,,,0.18280259054406273,0.18322684472050438,0.1837266968388152,0.1832647689775468,0.1829939687685538,0.18353619469359736,0.1836114659790118,0.18303857209533925,0.18354923472573856,,0.18337674884338762,,0.18313069883806596,0.1833248651356147,0.18379503720891988,,0.184169148688895,,0.1835171217611454,,0.18359460799608787,,0.18342485178165802,0.18369663207045853,,0.18376800153828918,,0.06978482403238159,0.06971987078561517,0.06972128771268571,,0.24789544668718888,0.06968219624543724,0.06987694006399273,,0.06972636744855952,,0.06990985296753882,,0.21914898411705053,,0.21881318618753456,,,0.2179042205103396,0.2192608346471959,0.21902945665668683,0.2188754076507281,0.2190596172144469,0.2187675557478377,,,0.21857399936972094,,,,0.21882192399158218,0.21904541864589352,,0.218571141777874,0.21847753200852854,0.21816212441662886,0.2187890797105687,0.21790377877395886,0.21842777523799561,0.2186380907498567,0.2182591368135075,,,0.21875246376037336,0.21901045213754813,0.2183092703201736,0.2191213860239957,,0.21829374822132097,0.21820126526160163,,0.21885187723149754,,0.22520726226498033,,0.22554861917076327,,,,0.22535529013163125,,0.2258213377775547,0.22541701012355625,0.2257718295064398,0.22519154790416254,0.22494635342538413,0.2256789563664628,,0.2258318637610954,,0.22585213131016826,,0.2258643345652197,0.22530495687637656,,,0.22541763321568523,,,0.22516490136345788,,0.22580153279524626,0.22561732162584808,0.2257057917074738,,,,0.792100110676709,0.7913653731687009,0.7916444882857172,0.7904345669605656,0.7896547529600829,,0.7902488997124596,0.7903916928418764,0.782234972911272,0.7809693952856158,0.7826295932282981,,,0.7850577772210987,0.784705060312699,0.7822591874785682,,,0.7797238754369408,,,,,0.7875842233724966,,0.7882971555434222,0.7878592026046674,,0.7888629563494848,0.7908720773303295,0.7882240171329916,0.7881942195413176,0.7894559259992275,0.7900543056594685,0.788913415194777,0.7904531697352197,,0.792761614358111,0.7906992924352357,,0.7891737159875453,0.7940109117774771,0.789645795726634,0.7922989657346624,0.7884633407835896,0.7905470863862528,0.7896243596503929,0.7876627106592192,0.7889523302602046,0.7903283435373006,0.7918130239369913,,0.7906493516268621,0.7922893128842058,0.7845918111046177,0.7825542087954185,,0.78294295742914,0.780671511422989,,,0.7819711697725961,0.7815349049468429,,0.7829916954402951,0.7835966208491648,0.7836499214503577,0.7815312553022951,0.7834322770524695,0.7854978094285778,,,0.7851206722669584,0.7832481832306254,0.7835287587752767,,0.7858986921078039,0.7837027629391873,0.7830900194234495,0.7832455367252961,,,0.7836771646622933,,0.15129228536817696,0.15137783172914435,0.15149771943626508,0.21568441136143254,,,,0.21619892299446508,0.06965016397861637,0.06969275280012213,0.06960669323401353,,,,,0.17835507545144622,0.7566695521027437,,,0.06965701266139786,0.06942808901103764,0.06937850088417057,0.0697554210281457,,,,,0.21587346947957978,0.7207419170568831,0.3036322220783702,,,,,0.7177202466365682,0.23355910983078057,,0.2334614330065183,0.23402272744586267,0.23446674414233262,0.309498419522223,0.23425640409229176,,0.23952728950034785,,,,0.07091023243002928,,0.0710207859103488,0.07065341811008795,0.07092649279619892,,,,,,0.0708553557641528,0.07082436628059016,0.0711048442856592,0.07104326421423716,0.07107756321452458,,,0.7135293180454739,,,,0.7150098428993895,0.33178619805552756,,,0.3322501576626906,,0.25560413996818443,,0.25542795921474815,0.7110360649412225,,0.7110619268908949,0.7108911582846102,,0.07187637462434762,0.07201765146856226,0.07183468881444166,,,0.0719954639783418,0.07178399232880302,,,,0.07204765316882208,0.07191495686563092,0.07183536111467767,0.07184512324813261,0.07180999498219602,,,,,0.07195807358918363,0.07179777878540645,,,0.07180373111448948,,,0.07182418096206467,0.0718596077915905,,0.07183167501415497,0.07201970507371228,0.07178746745130785,0.07174722243504582,,,,0.0720872937133969,0.07179893577369283,0.07166023377173439,0.07191301582908546,0.07173200788186342,,0.0719599818087913,,0.07188268216146544,0.0716222779005268,0.07185971878509705,0.0716843308995474,,0.07179093303006341,0.07178628596785881,0.07191208510922956,,,0.07192531831869106,0.07168050496662944,,,,0.13416785450356425,,,,,,,,,0.13431609658656324,,,0.19538244171392477,0.19566178668414774,,0.19463944509667783,,0.19488701227462477,,0.19559317364345838,0.1950726784621973,,,,0.1949096055855591,,0.1950170317088846,0.19547577341464725,,0.19443358771948133,,0.13468337662456886,,,,0.1346179363977921,,0.13476192383951408,0.13454353129857746,0.8093804447251666,0.8101958523696184,,0.8089263187169478,,0.810375550019981,,,0.812039787771577,,0.8092159563091481,,0.8121412921743183,0.8107633881037566,0.19440801723598014,0.1950951882895445,0.19460341251108212,,,,0.19550999108422243,0.19481245173043837,0.19483227606972495,0.19496823115363776,0.19551562757159055,,0.19201544868419285,0.19430339718014217,0.1948852479050335,,,,0.8121778268396731,0.8095193252382039,0.8100095752243497,0.8118743489237752,0.13462642372738443,,,0.13483381398103045,0.13461884497729984,0.1344175652885808,0.134973646997358,0.13482477460247916,0.13490399811449277,,0.13513726774832838,,0.13445153855007877,,,0.13467186597617137,,0.134756521132878,0.13465808097080634,,0.1344618518190617,0.13448981943745958,0.13448027561874107,0.13448117750843883,,,0.1347735025061943,,0.8132671103638833,,0.8140033823717717,0.8135409360549284,0.8115360294201597,0.8142885116816362,0.8098978333523295,0.8122360056525566,,,,,0.8106491631410708,,0.810587231044385,0.811183593436503,0.8100873616941022,,0.8133599433983809,0.8096919919639937,0.8097663685107592,,0.8089190676942534,0.8130917317737911,,0.0700409119341665,0.06985223778231885,,,0.07002471543304868,0.07008274430793954,,0.1936156869183152,0.00012485210462150555,,,0.3205456884239384,0.1603616256987032,0.16071850371563434,0.16048437881829247,0.16016613801285856,,,,0.16065947068342232,0.16080913013314022,0.1603114648696927,,,,0.1606826193211869,0.1608775901527615,0.16066488360991762,0.16057198293714617,0.160921277699177,,0.16040638555383016,0.16058976281428583,0.16071126338479136,0.1604801216148977,,0.16038541212656227,,,0.15992797200334066,,,,0.1605943548149199,0.16023906475954794,,,0.16063682332372486,,,,0.16083997925465818,,0.16103776452753668,,,0.160830470582462,0.1602045953708855,,0.16086717487262153,0.16068598527401481,,0.16060911927137514,,,,,,0.16071723766863655,0.16052045766555403,,,0.1604600493784855,,,,0.1601900198511331,0.16074189035564398,0.16066224468975715,0.16084958702226848,0.16150664657674127,,0.16042219693757703,0.1604950906099148,0.16086852142903185,0.160553176630751,0.1605726447647207,,0.16031666109684364,0.16051330730830843,,0.1609229701041422,0.1606199394292549,0.16048329436065922,,,,0.16064132783792384,0.1609559957836059,0.16040033174341334,0.16088050147476646,0.16096449863297846,,0.160698834207241,0.16012711881752859,0.16049829429468715,0.16122343293820887,,0.160537946617507,0.16045484285108721,,0.1605115968931909,0.16052421688759863,,0.1609087295713366,,,0.16043291559602887,,,0.16091188113168559,,0.16052893243954147,,,,0.16072462841510354,0.16030360417715553,,0.16029495173798328,,,,,,0.1602212926284531,0.16071064031120166,0.16106563685661987,,0.16082267220578703,0.16077062498032949,0.16012041185468295,0.16063484537455044,0.16118949520413264,,0.16035146757422788,0.1605657438200606,,0.1606774110818867,0.160423333264632,0.16067531682354685,,0.16065003695282376,0.1606660801780241,,,0.161147444844723,0.16061609377111652,,,,,0.1605572839143877,0.16049961873791618,0.16046950653446065,0.1608631350627891,0.1606620674437506,,0.16080831812176308,0.16031943542500038,0.16011204892259628,0.16059746652310825,0.1609528725309905,,0.16081163324496073,,,,0.16057321405134753,0.16031056333809934,,0.0676313332034707,0.06761395695992345,,,0.8926095298998221,0.20032096159379634,,,0.14663351348246612,,
4,4,DG_8pct,16,Z04_F09,4,3PH,279297,280596,True,8757.076563891616,8793.64599711465,8738.73382248719,78.40403094849741,78.9520358311596,8.119555872713637,1.746153125971351,65.55972555422454,66.22143737163354,28.059886206073998,28.17853926843004,18.64320884992061,0.5624908266209302,2.6138012702123965,3.8854014288382217,1.9033973378112403,7.380083267917972,2.8125529776697036,5.731233154183354,19.34028505906504,,,0.5096712716656638,,,0.511542656783927,,,,0.19065041440111766,0.19061979624802822,0.19276851885834329,0.19253234901411756,0.19341218561026857,,,0.1921706638941362,0.19248488092837995,0.19220640419496926,,,0.19036157856036948,0.19058676564426225,0.19147387920847675,0.19145410326968246,0.1913138367949749,0.18893313378573423,,,0.191400205653414,0.19180462395827946,,,0.19129814253257102,0.19176407197324258,,0.009524391868724379,0.009514333358354898,,0.10053321479985401,0.10035733025625015,0.10059676992925258,0.10045668469758329,0.100493121233763,0.10063923239705103,0.10065685353469253,,,0.10063329032397489,,,,0.10070347047844687,0.10070790909778159,0.1009976488581091,0.10067666458411272,,0.10039782390574183,,,0.1006659501459436,0.10099232845931642,,0.10105972179319352,,,,0.10112883383339373,,0.10105889137194823,,0.10101320923943609,,0.10131179315539444,0.10103089073203605,,0.10086076078563161,,0.10116419228200199,,0.10087887727015633,,0.10103926057340117,0.10149783773011249,0.10129943224946927,0.10025350166780674,0.10032922206703385,,0.10389824914700822,0.10328448998020864,0.10311657355181941,,,,0.10292932004478658,0.10445889412663398,,0.10417435366545515,,,0.10432664711590199,0.10443689008596906,,0.10448283447894235,,,,0.10441866886587248,,,,0.10427542506265346,0.10431290111076814,,,0.10462078201291704,,0.10430697961441548,0.10454977569980824,,0.1044490428568044,,0.10412933516930255,0.10431488695077429,,0.10430336101566111,0.10450346369007349,0.10446054205838073,0.10457708519142321,,0.10470075432234728,,0.10454106213676441,0.10431013975738274,,,,0.10459041645220894,,0.10424701711262892,0.10433381841720324,0.10441495624105851,0.10440498857981009,,,0.10430528367036691,0.10423628414267264,0.10429418119209521,0.1044299913728848,,,0.10435755147396775,0.10395460805813403,0.10433201323915618,,0.10416543340331659,0.10452431131862248,,,0.10407200659287079,0.10395841785283373,0.1043951823306115,,,0.10433240934715056,,0.10436886438743508,0.1042916881037796,,,0.10430905231996017,0.10461123396894297,0.10427402800375182,0.10464181350929423,0.10399751454779343,0.10447558152360256,,,0.10437263424867788,0.10444675361306509,,,0.10457661530801277,,0.10446006146605659,0.10480924272607599,0.1044391271639225,0.10437158233542267,0.10464048092283164,0.10452852549118484,0.1045251830863264,0.10460413701068344,,,0.10459295217804156,0.10428638865998664,,0.10451237702809554,,0.10444112340238706,0.1046488694387003,,,0.1047924125223591,,0.10446024837995674,0.10432491359589059,,0.10419860458580123,0.10431250472646206,,0.10445625340467797,,0.1043884951645386,0.10443257375882442,,0.10471693088684692,,,,,,0.10466120726237628,0.10441029509105566,,0.10453942635413811,,,0.10465595328701446,0.10452753650661857,0.10438229607101299,,0.10445475541980806,0.10435302798865738,,,0.10088347835618998,0.10091447153648044,0.1007117742724343,,0.10389265222887621,,0.10380095462586719,0.10360324747276552,0.1038156634947619,,0.10348826466369299,0.10440812826925332,0.10419189857842359,0.10459537949733053,,0.10457976577807629,0.10445043853190851,0.10425074394172776,,0.104293694478898,0.10432688807352199,0.10421464163233894,0.10457372916322313,0.10459559744122679,0.10442318423317994,0.104347129846136,,0.10433277920177333,,0.10463974020895339,0.1043014566133101,,,0.10447825026386352,0.1041758305663354,0.10431752543782861,,,0.10462866744045014,0.10419828865072409,0.10437775428323649,0.10459567152601901,0.1044313608765124,,0.10416174920140515,0.10423323574937174,,0.10460545314921665,,,0.10427642013202554,,0.10455010131156636,,,,0.10436844413832251,,0.10411853817533918,0.10438392628043298,0.10443863596958017,0.1045736081258012,0.10437955586855359,0.1040801161783724,,0.10437213418463608,0.10427063305825675,0.10439994223015249,,0.10444875491767529,,,0.10410820743040745,0.10428936583940307,0.10422258982612012,0.10486363130177513,,0.10447551708990535,,,,,0.10448628208206469,0.10409954451888881,0.1041778522277352,,0.10392381116784476,,0.10430395061696947,,0.10405032779013014,,,0.10421085661225576,,,,0.10409495707496912,0.10419412420579743,0.10412426200268714,0.1039727579411521,0.10363077993920412,,0.10439188561075385,0.10432374646805001,0.10401787324972589,,0.10397217772898124,0.10372240512785416,0.10426168968749101,0.10398329689370725,0.10435174936819794,,0.10407499292085917,,0.10402985147422038,,0.10406375879199273,0.10404224026671244,,0.1041981617737112,,0.10411970711168451,0.10413703839298133,0.10453576174144502,,,,0.10408674812267292,,,0.10397128057025296,0.10386779354631485,,0.10406594520876715,0.10409860590837658,,0.10432643704063181,0.10393039125696481,0.10450871809345276,,0.10412613796883018,,0.10393923779493067,0.10410348747807995,0.10395438234884752,,,0.1042938198402495,,,,0.10419550988105637,,0.10394638477807391,,,,0.10398305048245358,0.1042233530944764,0.10392521897767609,0.10411141854754237,,,,0.10427230548823374,0.10421272628202585,,0.10407217986572417,0.1045613996407247,0.10469081556710046,0.10460367986777867,0.10439559895858669,0.10411575522545048,,,0.10417918291915178,0.10429260316367961,,0.10214916858213319,,0.10225276225355003,0.10224962212010448,,0.10445071314222394,0.10435693002896071,0.10395485661863896,0.10306350801865743,0.1032174551970544,0.1029765861617991,,0.10063756108143079,0.10045744965716122,0.09781512432469365,,0.0980043168821232,0.10463452408794426,,0.10435603806084295,0.10610006105673224,0.10574926492285808,,,0.1058804923517972,,,,0.10603905055025317,0.10623931488420695,,0.10649351531477218,0.1059174010102248,,0.10662526425550506,0.10675178896257678,0.10591709667743872,0.10619380964903603,,,,0.10593792565799384,0.10594430901666808,,,,0.10606629914869149,0.10595005101584506,,0.10607350717725358,,0.10593659750239612,0.10561990903782276,0.10589732336091937,,0.10730504641516644,0.1071929732731685,,0.10728136306720829,0.106685062247927,,0.10769837097192687,0.10776317293856161,,,,0.107943271215754,,0.10754188016789169,0.1076994875636986,0.10768143756636671,,0.1076367325158963,,0.10715694975126883,0.10773600551325413,0.10745181664696662,0.10745352499023829,,0.10739872569606182,0.10728991537091148,,0.10735427622717925,,,0.10752048582869539,0.10712661381212728,0.10731718879575412,0.10722623490500757,0.10702383263556502,0.10712810860344037,,0.1075355849667609,,,0.10752731076358887,0.1070779426107868,,,0.10730222049897963,,,,0.10727084136529123,,0.10742641401198262,0.1071863331800686,,,0.10734178461476683,,0.1073824676776675,,0.10711601307886552,0.10733321970457116,,,0.10717377904980843,0.10747227314478223,,0.10707506841613142,0.1069936756913994,,0.10731944298168197,0.10739536626652296,0.10713388521283901,0.10729046600657333,,0.10727875159747441,0.10719179859504065,,0.10727943461036493,,,,0.10404010545318956,,0.1040537111157388,0.10441122546593709,0.10408012717193289,,,,,0.10433520778460077,0.10389625445985151,,,0.10437189310711512,0.1040321377782304,0.10376775386144024,,0.10416833712938343,0.10415320588564309,,0.10416605541792051,0.10422855393268021,,0.10382230139033503,0.1039758371779273,,,0.10393818466144755,,0.10413970373785254,,,,0.10418679255641321,0.10412791486311213,,0.10373736036465728,0.10375123683830285,0.103927059376525,,0.10388405035172234,,,,,0.10373630204120805,0.10376997303916598,,,0.10376222667197857,0.104174856607369,,,0.10390730873006622,0.10389483776357947,,0.10403949365521503,,,,,,,0.10379548557222905,0.10376371104454096,0.1039021778207637,0.10406916350103375,0.10373980410948964,0.10381747210895165,0.10378136141269496,0.10362215497658377,0.10419067678810993,,0.10417474565185383,0.10406675989963533,,,0.10424095843933685,0.10397336569016258,0.10420455732812549,,0.10396147626888667,,0.1042364382437839,0.10432653174657457,,0.10426772133790259,0.10436237043367824,0.10415541648028175,0.10449599058903924,0.10407903396000852,0.10415961207229336,,0.10391164860368376,,0.10416203543263634,,0.10418569874633749,0.10451808652812164,0.10396711821796353,0.10372676463778159,0.10381799079805416,,0.10405972655965467,0.10417717115692968,,,,0.10378772981586032,0.10407042870368485,0.10370085937624118,0.1040996637605132,0.10395182703969669,0.10368515710653853,,,0.1039504559076648,,0.104050371095214,0.10372528965308854,,0.10420765410676987,,0.1040095986634142,0.10390050107725109,,,0.10431240519267007,,0.10453093700676003,,0.009759254376407211,0.23306366166368536,0.00012120035577450055,0.00012081991222024929,0.00012095707418675285,0.10727289578881823,0.1913932717473381,0.19170217126709657,,0.19121898999607959,,0.1918447873423112,0.1912189355578853,0.19120242846545274,0.19175671616473414,0.1914645604139676,0.19170831725797727,,,0.1915860189380485,,,0.19145752262463456,0.19131245100615496,0.19150301717261553,,0.1913645787723196,,,0.1913472505960419,0.19181678365128296,0.19130994048737168,0.19155762699997572,0.19102557172376988,0.19164926232301518,,0.19127162054691102,,,,,0.1918653857435688,0.1915090811832386,0.19159138293303035,,,0.1916818931377216,0.19151690800079807,,0.19099151504152195,0.19115539428550826,0.1913606027821234,0.19150027533082756,0.191279545653262,,0.19174197990521802,,,,0.19104775866640444,,,,0.19119157305629053,0.19158048864427724,0.19140005653573933,0.19146197195470505,,0.19114200654255473,,0.19153413218731202,,,0.19132118775096169,0.1915312682191786,,,0.19104762928127844,0.19128596108491644,,0.19132062917734574,0.19141350308176924,,,0.19182250317268565,0.19162303135436848,0.1911761173937586,0.19165099184986298,0.1911936517771088,0.19112761600495384,0.19142176512268827,0.19146896064727761,0.191690557042298,0.1913665441150521,0.1916363301008362,,,0.19188117090388143,,0.1914915321319666,0.1911812931856391,0.19112763797639118,0.1915255353813161,,,,,0.1912500832776736,0.19186913563654429,,0.19075159871557107,0.1913558735798901,0.19132946669524778,,,0.19141876246061215,,0.19113338784134826,,0.19160090179441489,0.19170920323642388,0.19196727825282545,0.19178167884370856,,,,0.19149001348728684,,,,0.19147383398269038,0.19167038459385807,0.1917838806806479,,0.1908437697637096,0.19156893930727886,0.1914081877393444,,0.19169953939917317,,0.1919160096607856,,0.191025280173267,,,0.19119110939168876,,,0.191260341559779,0.19166856469007074,0.1915011696979071,,0.1914184222293379,,0.19123075274047452,0.19173425539830474,0.19180895251959487,0.19174942041666704,,0.1918631404511025,,0.1917611512277956,0.19174334882058344,0.19138984602545572,,0.19134969648523484,,,0.19143090924284814,0.1919381891833937,0.19132843294490104,,,,,0.09944332885397275,0.09925547446039637,,0.10055201891077478,0.1006928179471218,,0.1934156287344495,0.19264203216865652,0.1929014820159063,,0.1923865662310312
4,4,DG_8pct,16,Z04_F10,4,3PH,157148,165483,True,8795.59156327043,8750.877420605857,8752.801933895746,44.98523930636216,45.39990291281328,4.648401018445805,1.003461369634066,37.83764561793678,38.08849344266014,16.18297891873386,16.2323256682543,10.75099456555636,0.32261236505657187,2.418794484369482,3.561912921407321,1.0903011564841003,4.253954554066423,1.6156328725809375,3.3157529536888424,11.16149822827938,0.5085492417250437,0.5074055383644949,0.5085075588996034,,0.5075584446879725,,0.3609235617231473,0.17512026706732176,0.1754647797816161,0.1748801654148762,0.17541747519180095,0.1768411147534522,0.17732681254782884,0.1773392957399108,0.17680227505614898,0.17709304381411708,0.17697314624851174,0.17637133627839485,,0.17725167424373764,0.17479570978565906,,0.17492983088111516,,,0.17576212795693014,0.17417460298334161,,0.17295231168156222,0.17614222178685432,0.1762147481258595,0.1759957645901348,0.1754768446587311,0.17611314826524774,,,0.08303666700035853,0.08298009002975085,0.08299361699457511,0.00012083645597510452,,0.00012105223410139351,0.00012090155411862402,,0.00012115002205091368,0.00012123504088396737,0.00012102907290897559,,0.00012107391265411133,,0.00012102197733428203,,0.00012109617267973541,,,0.00012115002954848688,0.00012090957437393953,0.05778446521048128,0.057918947936734945,0.058031317207080116,,0.0580211863906408,0.05807058672551926,,0.0581170733559982,0.05795622705651101,0.058136690943677426,,0.05831778465467572,0.058049604325371866,0.0581380745446075,0.0579453468972946,0.057943842974436145,,0.05780555579967489,,,0.05803588800713874,0.058080422701224835,0.05802207389130065,0.05828741150713599,0.05797138926811385,0.058112865666661774,,0.0581233893117474,,0.05764749795031843,0.057697302087692394,,0.059316869537710086,0.05938797169259257,,,0.05932333740724815,0.05910393166350012,,,,0.06000492782999658,0.05994079493969419,0.060001764561541,,0.059908598580027485,0.06012894184716457,0.06001436797294148,,0.06007719148975997,,0.06003362364775297,0.059908805747227,,0.060082264272603325,0.060057823740377714,,0.059989137539479036,0.06018590830717325,,,0.06005589019664738,0.05979750248991989,,,0.06005988083439256,0.06007393067973077,0.060022146483071616,0.059904526887999444,0.059985006310024264,,,0.05990590649481119,,0.059851155598211636,,,,0.059872808458647515,0.05980580799095349,,0.059885592149943316,0.05991009076687546,,,,,0.060080586014771994,0.059762859928419405,0.05995055012390183,0.059781641067778696,0.059909681622222086,0.05977937832013652,0.05988820259005851,0.06002804912328973,0.059924986668412374,0.059712823595712006,0.060057816816561714,0.05996835734656425,0.06002670390052356,0.05986621036581444,0.06004461923334537,0.059881762239510736,0.059931107230577124,,0.05977698009144511,,,0.059804004194433644,,,0.05997148522649672,0.060001164833467215,,0.05985767768245335,,0.059942943188979345,0.059794020018269306,,0.05987369831318322,,,0.06001349513659635,,,,,,,,0.059870411501062454,0.06015607132227711,,,0.060067592365239224,,0.05998189098962526,,0.060115535928991125,0.06010874613352527,,,0.060039557117518405,,0.06007986004043708,,,,0.059923532244059975,,0.0599977819718823,0.05996886838068843,0.06002633126669308,0.059924510543670206,0.06001453042206771,,0.059987710618865396,0.06008198845821685,0.05990617178117372,,,0.06014846071255226,0.06010957610341919,0.060125044758607,0.05992475492698154,0.06007357996003452,0.060192096362020206,0.0600589561626896,0.06006573471695075,,0.0600050591434079,0.06004157761457902,0.05985143355434879,,0.06013470861069001,,,0.05995492047611246,0.060097468903088175,0.05768712811758685,,0.057994601805353166,,0.05956504747872058,,0.059576346034103674,,0.05964551104019319,0.05942599508681259,,0.05989661670607779,,0.060001660865426555,0.060012054127534645,,,0.060005338567480485,0.06008557804983626,,0.06003733621336907,,,,0.06017098760772099,0.05982902739121135,,0.060002337393226676,0.05998140373751006,0.060092999355976395,,0.05992530125626903,,0.06004781171805933,0.059987194899921,,0.0599562889128071,,0.06002051443556563,,0.059825926591143525,0.06002262448790879,,,0.06000529195033718,,0.059919108011564845,0.05973853708424833,0.05995948026639411,,0.05986898108589239,0.059744111761997246,0.05989248494407071,,0.05993167408344774,,0.060030457240642474,0.059948227591168704,0.06020595718237353,,0.06006102776424975,,0.05996082849151478,,0.05992333351567316,,,,0.0599592887843929,,,0.05994957798485219,,0.06001284838924449,0.05991341849909857,,,,0.059979028827948117,0.06008886443618941,,,,0.05973448048910285,,,0.05978674999935647,,0.059727473962266325,0.0598831839978589,0.059852851518261585,0.06009392875271029,0.05991692072699629,0.05966903042033923,,0.059744570868722174,,,,,,0.0598077418028334,0.05992350999812783,0.0598500531181808,0.0598015364451339,0.059646384185624665,0.05970531978002189,0.0596577149229608,0.0598439639687878,,,,0.05981134219505718,,0.059852317471375614,0.05973779334281218,0.05971842810842935,0.05983762447694559,,,0.05997065750262336,,,0.0599941136477151,,0.0597603193107551,0.06002225126793242,0.059800565687016555,0.05994559452848611,,0.05985304077571522,0.05975939916611822,0.05989752020466166,0.05972948143312339,0.05973754867331151,0.05986449823074114,,,0.05980353549984513,0.05964916714652082,0.05969333929324547,0.05982606854748502,,,0.05986359015913831,,,,0.05974951093425373,0.059873467314879976,0.05969255013202043,0.0597623281523072,,0.05973946512339482,0.05977714266328889,0.05989851106549148,,,0.05979454593900374,,0.060048350403384125,,,0.05999776854391675,,,,,0.05980278639545988,0.06004187617918958,,0.0601090585834284,,0.06006804246519747,,0.059990342055746854,0.059855064126409986,,0.058682075474704755,0.05860194339026673,0.05881590352529509,,0.05870973588410092,0.05869451730777834,,,0.05975041493918765,0.059297313497700566,,,0.057884588075840675,,,0.056285331874666215,0.05634412624857692,0.05623839657379728,,0.06031320258700992,,,,0.06080498472457773,0.06095357959368679,0.061161436266291794,0.06100271388724791,,,0.06111453898271819,0.06124939073454981,0.0609298623813302,,0.06096905445470381,0.061110927837987515,0.061246232872936596,,0.060756849567477046,,0.06107334838324962,0.06088028143951579,,0.06099402979566847,,0.06107755300413184,,,,0.06093590858701549,0.06091187479820843,,,,,,0.06181243971663074,0.06174281027240247,0.06153544528467638,0.06161559862562967,,,0.06202017368432637,0.0620179816800711,,0.062013625744884004,0.061821522098366194,,0.06186891036580946,0.061934756954643164,,,0.06185422213984079,,0.06170162323924785,,0.06153669295990588,,0.06156352799515277,0.06153178370773515,,0.061619346866694555,0.06179338788571789,0.06157633700979524,0.061478143912985866,0.061627770507066686,0.061809868977834165,,0.06150520629602634,0.06154950649229874,,0.06166789752873004,0.0616005281649913,,0.06169975319295642,,,0.06167590896309782,,0.0615658695270052,,,,,0.061729606909518994,0.06158451767553636,0.0617118629800934,0.06159024047259169,0.06143851075036487,0.06175297193365387,,,0.061660576390746194,0.06175772087297466,,0.061646284878189045,,0.06164279503308633,0.06159797596252436,0.061690315403133314,0.06156539355863008,0.06165303396378597,,0.061640886585040966,0.061660609520137154,0.0614827372672433,0.06140312017764876,,0.06174851788804422,,0.061711633974662713,0.06172658131596395,0.0617217156424859,,0.05978386281197014,0.05971246277484331,0.05972624765223846,0.05996233005486321,,0.05973306850919793,,0.05979020151526193,,0.05982814645303436,0.05990309454896901,0.059781453581383426,0.059957324745230155,,,,0.05990476152689058,0.05972844968199913,,0.0597990612556323,,0.05971976102365796,0.05986118626571803,0.05983823849312824,0.059729358440327264,0.059789392273263874,,,0.0598225782353958,,,0.06002818237663783,,0.05993386427340986,,,,,,0.05970045309053878,,,,,0.059542485745692625,,0.05962959476624269,,0.059423624935999356,,,0.05963284058418191,0.05964545496649098,0.05981011892351864,0.0597600331025323,0.059807087801388596,,0.05965369488429489,,,0.05976066663202488,0.059874865048673495,0.059864103146702825,0.05975613627428587,0.05989967717321697,,0.05969163797271995,,0.05961502574322954,,0.059660050852168085,,,0.05960553595422854,0.05984534808367935,0.06009436341267843,,0.05993437395234336,,0.059844651438234045,,,,0.06002526053661851,,,0.059956034413595365,0.05980682214318921,,0.05990594494193888,0.05977525378373533,,0.059865068195121024,,,0.05998851501643546,,,0.059855281885821586,0.05975156714836063,0.06006734753165906,0.060013875767905824,0.05978226639686169,0.059688141947109696,,0.05961745958303028,,,,,,0.059605500964335076,0.0594332476635306,0.059495468806419254,0.05973489670601571,0.05951201365694348,,0.05983490821548024,0.05962339636669676,0.059513685414799844,,0.05969728442528175,0.05954375108406832,,0.059697349705193324,,0.05959124185755952,0.0594765070561529,,,0.060125162470515726,,,,,0.22121525970878167,0.08471832830535073,0.08450248442631471,,,0.17596765427485345,0.17557060193997265,0.17576254687785975,,,0.1757877547469952,,,,,0.17587457722464925,0.17511725064109043,0.17637699502732335,0.17636640496603062,0.17575879379167256,,0.175596494135003,,0.17578741021785207,0.1761211163884109,,0.17558982045540497,,0.17595146320614913,0.17567445427973907,0.17598048589133677,,0.17581496554813283,0.17570348930028049,0.17585619793234378,,0.17573176795467713,0.17590398314163308,0.17629448500577963,0.175516018674888,0.1754192651376634,,0.17554655131411634,0.17584585013541545,0.17564952745678744,0.17557079262018507,,0.17612617927909358,0.17576648593739333,,0.17633851180811622,,0.17570217596766377,0.17570807121219806,,,0.1763322192839339,,0.1752797353968114,,0.17554132377365225,,,0.1756008450069199,,0.17554908130465952,0.1756615114500845,0.17634686759245824,,0.1755755062769102,0.17591073368545873,0.17576715025484438,,0.17543861476139028,0.17567324109014565,,0.1760732170862783,0.17581060591117278,,0.17549685768289794,,,0.1753392690229125,0.1760675553491504,0.17577473864825374,0.17603903986975517,0.1756700593604638,0.1761846387080029,0.17616910437185848,,,0.1756939894523376,0.17537978589347147,0.17540998130046867,,0.1752049267672869,,0.1755695990573497,0.17612694450449096,,0.1755055591710221,0.1757153550279149,0.17588867716374137,0.17621791818906005,,,0.1760093894439325,0.17543700584113253,,,,,,0.17585881923967192,,0.17635159616189677,0.17571744187599736,0.17549450733347682,0.1759982436842474,0.17565728939817815,0.17544406401865742,,0.17607573489167522,0.1760020448363788,0.17607670617629745,0.17619386489568,,0.17586203946794499,0.17610987228269498,0.1760158482242813,0.1762765594421555,,0.17593941855013132,0.17585985163144285,0.17600612719228853,0.176160545310921,0.17579879535145293,0.1757777584940177,0.17543877734317317,,,0.1761269794191764,,0.17558808606121742,0.17544975580186067,0.17664603989194078,0.1760896487370276,,0.1755712818060231,,,0.1751293061110441,0.17630037062563234,,0.1756955632199061,0.17549525888835485,0.17579833723853266,,,,0.17589028633832224,0.1757130425539024,0.17565653185509789,0.1759423249672508,0.17559578968409345,0.1761822545749911,0.17614081737889814,,,,0.1759006976327871,0.1764718485938916,0.17563359799476214,0.056889228302516644,0.056954157537397875,0.05697453638030086,,0.0848219352061778,,,,0.1767792810573864,,0.17676864402014694,
4,4,DG_8pct,16,Z04_F11,4,3PH,318387,165451,True,10513.06572379965,10466.37293232038,10525.260231660563,0.11280302118939636,0.1147928561217016,0.011685928121341442,0.0025179225898089384,0.09479229277098751,0.09545988704620549,0.04060750288351433,0.040636095855057446,0.027042875936591625,0.0008118386205286244,0.001983284762378709,0.0029169150644832416,0.0027526597185481517,0.010657745798892015,0.004056523513105158,0.008358311125266141,0.02797707565040278,0.4209041605895409,,,0.4190633048934059,,0.41880982126277266,,,,,0.00014334727618326983,0.00014485207672587435,,,,,0.000144230002182712,0.00014478855970639223,0.00014429032381036032,,0.00014299721038417385,,0.00014302704995342751,0.00014400696462600778,,0.00014349563183148063,,,,0.00014410728701738144,0.00014365488432600094,0.00014394107757778946,0.00014369542712264495,0.0001433448001578504,0.00014353306221758286,0.00014560630422868028,0.00014234014036383204,0.00014229363952802932,0.00014213395412570438,0.00014457086645099513,0.00014489892202794818,,,0.00014526127416327012,0.00014554089491204488,0.0001451072728967322,,0.00014571728741668148,,0.00014547572842928946,0.00014480591564301306,0.00014551551288561452,0.0001448081133554504,0.00014504881036764172,,0.00014457962462664716,0.0001453241864694311,,0.00014583152679192241,,,0.00014598830241769844,0.00014631688897989156,,0.00014537895245930597,0.00014588137096172818,0.000145589749455027,,,0.00014606103574356155,0.00014635812331505838,0.00014607233505947818,,,0.00014563476052698124,,,,,0.00014563294521701358,0.00014637047599637065,0.00014577924435025258,,,0.00014608265648852106,0.00014471803778128516,0.00014467968890296952,,0.00015020027071903838,,0.00014897045130184844,0.000149310161847958,,,0.00014909272975434495,0.00015044241387580855,,0.0001507602144130649,,0.0001505872055637682,0.00015056757796653634,0.0001508288589213698,0.00015095126706770888,0.00015107959429669934,0.00015128859369866065,0.00015064274435031496,0.0001504520663143749,0.00015071746985546646,0.00015088347210515416,,,,0.00015124645764750996,0.00015090016473941895,,,,,0.0001508512893539559,,0.00015078243163719319,0.00015069817943318085,0.0001506883295449245,0.000150770132270457,0.00015085360832649863,,0.0001505276066073206,0.00015053968056422337,0.00015063715644081515,0.00015086192115557507,0.0001505793277925738,0.00015040123957516742,0.00015015992399926135,0.000150529007181503,0.0001501942271922912,0.0001508039969134997,,,0.00015082235685420515,,,0.00015045141409552915,0.00015056899143242207,,,0.00015044237895239798,0.00015075061326454687,0.00015070808236923025,,,,0.000150487321041601,0.00015043542759095278,,0.0001505591802408367,,,,0.00015092981363783444,0.00014997615086062801,0.00015058512445158576,,,0.00015063851195860708,,0.00015079902860477135,0.00015008533725354564,0.00015068544750955373,,,,0.0001504677681282877,0.00015016575883948583,0.00015075961351061022,0.00015067382714643485,,0.00015037707390372614,0.000150564103448571,0.0001502827324144354,,0.00015083309350335896,,,0.00015084796533494231,0.00015114275173411785,0.00015064561905841884,,0.00015105181943163371,0.00015054987058628962,0.00015144788658605718,,,0.00015070675078855482,0.00015084058233986322,,0.00015076041230615723,,,,0.00015053273691539046,,0.0001510784819350192,,0.00015093646096348053,0.00015073409065017237,,,,0.00015101831441671274,,,0.00015116781944756567,0.00015076363419808534,,,0.0001507174450486666,,,0.0001507288755564474,0.00015114141614171246,,0.0001505024733468837,,,,0.0001510524077375075,0.00015072227440745615,,0.00015027080411848294,,0.00015069485117806837,0.0001504900326640708,0.0001510292361153426,,,,0.0001448776612177061,0.00014538762660250076,0.00014526657004543307,,,0.0001492448525497901,0.00014935092419692686,0.0001497906528479007,,,,,,0.00015076657798209986,,0.00015050461667321887,,0.00015102885147976042,0.00015057039947014058,0.00015117175691979796,,0.00015063208968700656,0.00015048189096265996,0.00015014562201732412,,0.00015124711799878896,0.00015092143596687305,,0.00015059198416056242,,0.0001509631885918983,,0.0001507881278155335,0.00015025050330893806,0.00015039167726929928,0.00015051395879494135,,0.0001503631257512552,0.00015030468780948483,,0.00015035041978477088,,0.00015023119257568513,0.00015012543180655858,0.00015064615711170567,0.00015064788533145193,,0.00015030284091407475,,,,0.0001504626050397972,0.00015035803087878657,,0.00015027117825783156,0.00015071424096430215,,0.00015086026902311515,,,0.0001509534132049391,,,0.00015024109904801029,,0.00015135482361694833,0.00014995798078622439,,0.0001504388271731658,0.00015035268017916687,,0.00015085292487397963,,0.00015085978212091606,0.00015063120768932706,0.0001503516038146923,,0.00015054555901344597,,0.00015067212487862412,0.00015091734412541662,0.00015094925657138954,,0.00015040103886144668,0.00015021921070305209,0.00015018328222008324,,0.00015055645434448246,0.00015014173093225833,0.00015037713994782214,0.00015027963484672384,0.00015028709763658087,0.0001502584622038484,,,0.00015022838541748013,0.00015039454678580203,0.00015020317526465398,0.00015033707518513742,0.00014981984467546907,0.0001502349648647385,0.00014980600738936326,0.00015040663401138607,,,,,0.00015013893247730782,0.00014981894615685086,,0.0001505491323612273,,0.00015000384145997655,0.0001504374189429527,,0.00014981239011330893,0.00014994697695159173,,0.00015026189030384148,0.00015000944040355395,0.00015057520317788423,0.00015036581446451692,0.00015028164641288732,,,0.00014992417336924359,0.0001503875246194071,0.00015048453664722415,0.00015040945647702084,0.00015025294221216126,0.00015034716057119374,0.0001500593734425414,,0.00015005368673362746,0.00015003460458710784,0.00015052645550526084,0.0001501280140678914,0.0001500831118941543,0.00015023414527445003,,,,0.00014981649671022,0.00015001735331480518,0.00015009745665196597,0.0001500793464276973,0.0001501356418375408,,,,,0.0001501436070688397,0.00014995860933704954,,0.0001504898234479244,0.00015042212408265113,0.00015047525667971146,0.00015037128096744912,0.00015023157349112277,0.0001504915207009506,,,0.00015013201801007298,0.0001507089179542263,0.00015043817868060015,,,,0.0001502010708647988,,,0.00015058867924692282,0.00015087581477217076,0.00015114449705667173,0.00015047940514204642,,0.0001506153558923018,0.00015063328928572076,,0.00014698658435627235,0.00014749598417760002,,0.00014724726571913705,,,0.0001504587978656123,0.00015030393208197555,0.000148596333996066,,0.00014907919902083428,0.00014509985402151487,0.0001453791561127917,,0.0001410180228838612,0.00014107989101988213,,,,0.0001510025148262596,,0.00015235458857439172,0.00015193406934843184,,0.0001530507681145333,0.00015278653225158265,0.00015313083858477442,,,,0.0001532838059977284,,0.00015385049773147138,0.00015282137962433073,0.00015411356728219303,,0.00015294449860036007,0.0001527824048616301,0.0001525862186821349,,0.0001529894217796996,0.00015326022764062112,,,0.00015304040519086682,0.0001526720693134823,,,,,0.0001527154780822869,0.00015315550770003035,,0.0001527960490019722,0.00015506186711094805,,0.00015508141254053084,0.00015494297465485312,,0.0001537238820051008,0.0001554516006797983,0.00015530144949954246,,,0.0001557055843200078,,,,0.00015512223306707754,0.00015523985968352613,0.00015551422733106802,0.00015560582984857244,0.0001549253216103177,0.00015458213033986965,,0.00015500915817187984,,,,0.00015517913246416556,,0.00015488052687460626,0.0001546670384189527,0.00015459786783983954,0.0001549857193126968,0.00015476613826362023,0.00015508756438672736,0.00015496816142163312,0.00015505792405277264,,0.00015539960880740992,0.00015444665111883325,0.00015448417319696716,,0.00015481116109190986,,,,0.00015520841812232517,,0.00015452084116353586,0.00015490183205874928,,,,,,,,,,0.00015464097424436365,0.00015458414957677914,0.00015481810184130894,0.0001549901828869864,0.00015498376754507142,0.00015505469977981058,0.0001546352429923134,,0.00015482344317346863,,,,,,,0.0001550102073518476,0.00015488726320353482,,0.0001547096164520806,0.00015481112623590314,,,,0.00015070682357173765,,0.00015009790033349113,,0.00015035131651650518,0.00015040888246149788,,0.0001501401709110355,,,,,,0.0001506691368227887,0.00015026680530658373,0.0001502153556267947,0.0001502572377868192,0.00014995047796803715,0.00015033711279389448,,,,0.00015029741641440158,0.00015020568846775355,,,,0.0001502594993922579,0.00014981533713613452,,,0.0001506984961652472,0.00015034830178447105,,0.0001509777591357489,,,0.0001494837396807751,0.0001497513768156317,0.0001501033132559776,0.00014983852484951393,0.00014987215587981855,,,,0.00014998406028553585,,0.00014988329113825133,0.0001498429811704815,0.00015001168875143379,0.00014969243963740552,0.00014945692063381822,0.0001497847762961899,0.00014992808408307976,0.0001497972806806089,,0.00015018613550750034,0.00015027774020592554,0.0001499608293097575,,,,0.000150236094474741,,0.00015000545920156638,0.0001500289905818181,,0.0001495940969623769,0.00014959592322598406,0.000150029333160608,0.00015003898883089777,,,0.00015036993997729524,0.00015020447523509918,,,0.00015013109489060732,,,,0.00015006554585836153,,0.00015082979298625118,,0.00015067452146373005,,,0.00015025296789560361,,0.00015047617820757855,0.00015091260517276754,0.00015047571610906995,0.0001503802888457938,0.00015014575805119093,0.00015058157206163103,0.00015013245908355197,0.0001508042860781945,0.0001500695146314227,,,0.00014974391161932672,,,,0.00014985495117487277,0.00015001764936663664,0.00015011850036723468,0.00015002301673590153,0.00014988817876035454,0.00014948763802037667,0.00014959509381284156,0.00014976071592095766,,0.0001493028261919431,,0.0001496383833817349,0.0001501203484552874,,0.00014998434315120624,,,0.00014959205070017736,0.00014976414232776712,0.00014998329234283052,0.00014961220984199898,0.00015050913067825387,0.00015088899627921528,,0.00015082338075305668,0.0001506944301991754,0.0001508918172709854,0.00014637918832557484,,0.00014488543652988386,,,0.0001540921492814149,0.00014350548550754662,,0.00014353768095674938,0.00014338034660751092,,,0.00014313208406196445,,,0.00014386893655827428,0.00014342846174102245,0.00014418180706299508,0.00014367174746948054,,,,0.00014376965704070076,0.00014361593178178906,,0.00014345288994987274,,0.0001435873484109362,0.00014356423499580805,,,0.00014338326649192688,,0.0001436075406264279,,,0.0001437445634026576,0.0001436409988072569,0.00014379791719024992,0.00014364240653093072,0.0001437293864005668,,0.00014382300168942793,0.00014377412353920935,0.00014348855963920197,,0.00014357290249124925,,,0.00014394206579966323,,0.00014363545148563417,0.00014407310214870208,,,,0.00014365276149008334,0.0001437037811682852,0.00014385665442972145,0.00014317014496047006,,,,,,0.0001436972039321166,,,,,0.00014379768461824415,,,0.00014386441025762627,0.00014372849710244984,0.0001439490968239463,,0.0001437586627890516,0.00014356286101171472,0.00014389784582381632,,0.00014339665540740379,,,,0.00014383611332904656,0.00014369639132589708,,0.00014413157671366747,,0.00014346928052055198,0.00014392523329225088,,,0.00014344266428038992,0.00014360829970268523,,,,0.00014316910227876517,0.00014371636685022249,0.0001440512754255586,,0.00014385165855277987,,0.00014345936302303735,,0.00014393459667781246,0.0001436110532606123,0.00014387582157516184,,0.00014360215189194127,0.00014303196550014195,0.00014341618432923216,0.00014361426003242048,0.0001437014535249932,0.00014403365580065874,0.00014354963092857713,,0.00014378034158697817,,,0.0001435778330704485,,0.0001436699137811521,,0.00014355827646924562,,0.00014402165459618513,0.00014348490673854087,,,0.00014372243662450523,0.00014373470611831732,0.00014376052763931217,,,,0.00014393402221415903,0.0001437719402593175,,0.0001438416043507679,,0.00014347630158292708,,0.00014373707989905426,,0.00014383397049689037,0.00014364109827997906,,0.00014380436398676177,0.0001441297626218156,,0.00014416423591679552,0.0001435781982273837,0.00014349035980544447,0.0001438004091438099,0.0001437455110570119,0.00014361465845049944,0.00014374656165459505,0.0001434686978962648,0.00014385886163605145,0.00014395900502228186,0.0001436037650800247,,0.00014415423523578163,,,,0.0001436009493145954,,0.00014387846614463107,,,0.00014280706036992388,0.00014323761759757724,,0.00014516554547656477,0.0001449856292753939,0.00014506077728129095,,0.00014450676441276304,,0.000145038209443548,0.0001444685920853013,
4,4,DG_8pct,16,Z04_F12,4,3PH,274465,275354,True,11227.821511661701,11207.881853789764,11216.20272727047,0.12024339195367187,0.12258708503106773,0.012482591796599139,0.0026975359591236074,0.10141889968895498,0.1030005113139005,0.04339417585306034,0.04331702591520069,0.028895812819469284,0.0008646956151108669,0.0021212299378703813,0.003119045755164767,0.0029421489591939035,0.011372186649239663,0.004325100173508048,0.00893034744466531,0.029902209225404885,0.3833183330759968,,0.38220564262489176,0.38195833596190937,0.3819325306659026,,0.19075002357145687,0.00015317218360780165,0.00015271566692683994,,0.00015317283135284583,0.0001547395638490304,,,,0.0001546310845287025,0.0001547929916191962,0.00015447972145945027,,,0.00015276765142817152,0.00015298294637283233,0.00015279885535282565,0.00015349225195327603,0.00015355517207080437,0.0001532110350209622,0.00015149580373523212,0.0001513524190976239,0.0001514557282202251,,0.00015328244284331332,0.00015338554796666293,0.00015392966323757762,0.00015333653274633843,0.0001535734979992107,0.00015528634369512429,0.00015199492327245436,0.00015154775746558998,0.00015166517248427197,0.00015417082677389443,0.0001544669289011346,,,0.00015505173621811744,0.0001549632398501934,0.0001549901499147752,0.00015537674669374848,0.00015503412897465503,0.0001547319954634608,,,0.0001555665413704864,0.00015523022135399458,,0.000154809808859919,0.00015548582727993162,0.00015561706118230853,0.00015505859782325872,0.00015575251231569241,0.00015549144549468612,0.00015543409534699967,,0.00015619976726261774,,0.00015545865623075504,0.00015571782668034632,0.0001562828288127839,,0.00015565815415174696,,0.000155918305724203,,,,0.00015595242668822482,,0.00015625177344420443,,0.00015560841483328288,0.0001558769020125681,0.00015618985246480346,0.0001555198488865705,0.00015546297970598096,0.00015555806656354448,0.00015572809398653437,0.00015467607328810477,,,0.0001600688308757767,,0.00015938122164340033,,,,,0.00016102219412457268,0.00016052975147663113,,0.00016113413771913672,,0.00016125714515401144,0.00016108305725999778,,0.00016112406502336133,,0.00016080663628978187,0.00016118025990220663,,,,0.00016152879944588387,0.0001609241219084956,,,,0.0001609784336685578,,0.00016070430698238963,,0.00016104564076850308,0.00016148371852653783,0.000160674947196214,0.0001609998967789629,0.00016044826095900204,,0.00016087693887392414,0.00016070229500728307,,0.00016078462611284297,,0.00016097045691047652,0.00016116504853448191,0.00016094783002548228,0.0001608163559878917,0.00016081032192257036,0.00016134422609744963,,0.00016105190008890882,,,0.00016107752029589502,0.00016072002547336652,,,0.00016021749020751124,,,,,0.0001607342510231305,0.00016105859538339902,0.00016037442124867106,0.00016125956239166782,,0.00016073393377911643,0.00016077634553949877,0.00016096311005440645,0.00016090605856196327,0.00016105967411808366,,0.00016067199677792933,,0.00016033895488164055,0.00016092392186619286,0.00016085191178543057,,0.00016033686102890536,0.00016115595205749074,0.00016123890776412582,0.00016063717536694334,0.00016098928147605237,,0.0001611894764622827,0.0001611983090291155,0.00016101806097504838,0.00016051655209695816,0.00016057130956357958,0.00016051840838415352,,0.00016072608482060576,,0.0001605037047764185,0.00016053733568716802,,0.00016127015758481635,,0.00016107578685930192,,,,,,0.00016142078589079345,,,,0.00016102894514751737,,0.00016146889763758243,0.00016171495637603035,0.00016139486241743234,0.00016112666343562316,,0.00016133930746226423,0.00016092050248348228,,0.00016099185761303598,0.00016081422445828321,,,0.00016084873594923233,0.00016107327267041524,0.00016134228738832825,0.0001611066375216007,0.00016079515072583352,0.00016078226226582567,0.000160902834346276,0.0001609997492625063,,,0.0001616194520736314,0.0001616526459987173,,0.00016155398981497037,0.00016153028652263478,,0.00016149138944302523,0.00016130031999127931,0.00016110246606483851,,0.00016133232454871958,,0.00016162420135207658,,0.00016122194435363692,0.0001613913153612955,0.00015521312468191022,0.0001554450824391364,0.00015495893099347387,0.0001609283342666557,0.00016006605946323053,,0.00016008410191102374,0.0001594517520902358,0.00015968784150990084,0.0001594968024264351,0.00015914140207537835,,0.00016087504210093794,0.0001606503228293155,0.00016108082368023602,,0.00016086284440048888,0.00016092445133927935,0.00016106865625935735,0.0001605954433690063,0.0001603103690829016,0.00016103940853055522,0.00016073788391574842,0.00016124974827645602,0.00016088632229582827,,0.0001609034812635879,0.0001607544448399218,,0.00016120369643783712,0.00016111432827331458,0.00016080370982078063,0.00016107848726322897,0.00016076883592994624,0.0001607562805847431,0.00016153141675966242,0.0001603657857602741,,0.00016090859291570863,,0.0001604876183146694,0.00016081333407655775,,,,0.00016044072090187251,0.00016064961561694695,0.00016064453213118784,0.00016071432419470857,0.0001604088200050859,,0.00016132139609781272,0.00016067255477621948,0.00016082200456210525,,,,0.0001608997043906679,0.00016068799139566065,0.00016040527499421947,,,0.00016113296428761737,,0.00016101541800672312,,,0.0001614633475778114,,0.00016128883447173227,0.00016153702699142107,,,0.00016040874819833623,0.00016108091379875072,,0.00016054912132396496,,0.00016096947723586523,0.00016109214830066124,0.0001613717612230582,0.0001604808943973706,0.0001609614205015358,0.00016021473608251042,0.00016103078892260996,0.00016020335862575684,,,0.00016078638458107426,0.0001609926140667316,,0.00016041020576936104,,,0.00016066217031655177,0.00016056112614345428,0.00016049047501690683,0.0001607771579333006,0.00016113861000386444,,0.0001605850831023187,0.0001608840684165602,0.00016111963670372738,0.00016064848195704076,0.0001601716623280362,0.0001604978356093091,0.00016041121275919924,0.00016005989836781367,,,0.00016007674201283888,0.00016049036062510704,,0.00016054346626351206,0.00016015026039783008,,0.0001600934007381321,0.00015975351588182914,0.00016048914193404808,0.0001605535112361376,0.00016034488756180962,0.00016077943113029002,0.00016132888968872837,0.00016065101664108634,0.00016015042301175924,,,0.00016047172018476884,0.00016059717344888078,0.0001606899729973138,,0.00015999908620105297,0.00016066758051580228,,,,,0.00016070528341676141,0.00016041325515081469,,0.00016061562347083043,0.00016001209112057193,0.00016032747505703224,0.00016052040103524767,,,,,,,,0.00016034090565226843,0.0001601004284861615,0.0001606033392726948,,,,,,,0.0001601503295457828,0.00016023960173197724,0.000160699254483211,0.00016110749101069734,,0.00016032160717379575,0.00016068372089738503,0.00015994050484151177,,,,0.0001610866367589558,0.00016171716098236638,0.0001609276691281694,,0.00016068472642084835,0.00016055720963933264,0.00016032093274741745,0.00015697285571449957,,0.00015705293139126457,0.00015731595857180819,0.0001573011970721551,0.0001577777042991698,,0.0001612568132712271,,0.000159044354309183,0.00015865461034508078,,0.00015501914054833493,,,0.00015074770326043417,,0.00015077944735615768,0.00016144517001853866,,0.0001611400148518263,,0.00016324730067502987,,0.00016362889372267686,0.00016323713701563676,0.0001632484668148367,0.00016369712340075408,,,0.00016431043608635385,,0.0001637137328551179,,0.00016332480782854734,0.00016524365826802153,0.00016488260697320297,,,,0.0001634211940954792,,,0.00016336740428470384,0.00016314463724208822,,,0.0001631648316591023,,0.00016369873286585884,,,0.00016353942203964735,0.00016310587533609918,,,,0.0001652219103994795,,0.00016531266975323904,,,,,0.00016606708128978328,0.00016637782968015587,,,0.00016631894988470078,0.00016613730750720084,0.00016610727463029916,0.00016608920987761072,0.00016574742418638916,,,0.00016583120115189385,,0.0001655393012555793,,0.00016525988711049247,0.00016540707017904553,,0.00016522436343250444,0.0001653436209509681,,,0.00016586281472243342,,0.00016541393789373143,0.00016597540930195822,0.00016523692562443737,,0.00016570396985476248,0.00016549066539538337,0.00016559974530041332,,0.00016557235192794423,,0.00016552700167848271,0.00016515404718258654,0.00016489843694193773,,,0.00016551024436617221,,,,,,0.00016544771201604686,0.00016522309117567117,,0.00016580616424347812,,,0.0001651322048536241,0.00016522376145526344,,0.0001649900819360976,0.0001651251944742944,,0.00016561903246291903,0.00016619513088219108,,,,0.00016542503537603153,,0.00016504149223111778,0.00016531293562698404,0.00016487355290524132,0.00016540214031224252,,0.00016081777217664926,,,0.00016060766636970912,0.00016061720276918732,,,,,0.0001603022859001312,,0.00016060263117103404,0.0001601291824680609,0.00016028293925646894,0.00016062874352157206,,0.00015996597832465708,0.00016055543426621928,0.00016031335447283662,0.00016070884966862535,0.00016074006034320993,0.00016054870820132307,0.00016078821608469645,,,0.0001604062761954501,0.00015961426040036697,0.00016048758055789422,0.00016018770834150335,,,,0.00016064789942133906,,0.0001610681710692751,0.00016029202150897662,0.0001608070762716192,0.00016142290987271497,0.00016091618846654173,,,,,0.00015991211481638178,0.00015999757553678722,0.00015939823728994284,0.00015943898145788212,0.00015997749931801966,0.00016022560982377373,0.00015951251114635202,0.0001601103943248482,0.00015983123549759593,0.00016000532174455833,0.00016066439973479367,0.0001603941699355099,0.00016023124780707525,0.00015980578547487138,0.00016071701515529295,,0.00016088169105487276,,0.0001602940679468655,0.00016104155841013322,,,0.00015810111645676877,,0.00015959839204637827,0.00016005855054701437,0.00015962739936525167,0.00016023592256959586,0.00015975365231559138,0.00016010356212493835,,,0.00016069235539775944,0.0001604560148035912,0.00016075933579258036,0.0001609146227040729,0.00016089216842662705,0.00016083669060000592,,0.00016047026356377583,0.00016061337019791094,,0.00016092398488532192,0.00015985779233343382,0.00016077513021141754,0.00016066807307572298,,0.00016124610633086445,0.00016103783977679872,0.0001608396030356261,0.0001603872788161953,0.00016079088350789527,0.00016077329287151706,0.00016073910469413186,,,0.00016085549246056593,0.0001608703394842157,,0.00016006404128789337,0.00016021971451197296,0.00016096964761649386,,,,,,,0.00016020367699380543,,,,,0.00016025750487900513,0.00015979022521454006,0.0001596402707164804,0.00016040559720692442,,0.0001603011726694048,0.00016050590729334264,,0.0001606038839976125,,0.00015982879726220077,0.00015984475643158552,0.0001604233032279426,0.00016106515389889713,0.00016116883339632978,0.00016051531221940776,,,,0.00015395967574585777,0.0001542980295108544,0.00015507693658225807,,,,,0.00015394739810880805,0.00015340336488689344,0.00015371109021336155,0.00015367618718250056,0.00015388499229213436,0.00015384516252368315,,0.00015402270053767105,,0.00015379211735451625,0.0001542059399399668,0.0001536871351545287,0.0001531091237830908,,0.00015376585398789775,,0.00015318940589362118,,0.00015374427978061015,,0.0001532460494111104,,0.00015363004707502138,,0.00015378393592472653,0.00015332644192797402,,,0.00015373351067862452,,,0.00015355649624801407,0.00015340456471772207,0.00015385160159185518,0.00015396396545884383,,0.00015345579697370457,0.0001534566233133934,,0.00015343609745539864,,,0.00015328126447867213,,,,0.00015353919849050244,0.00015401158742056874,,0.0001536595741257672,0.00015375827112765975,0.00015369435639413378,0.00015344375368309856,,,0.00015343958760248921,,0.0001534055764422349,,0.0001536173744341489,0.00015365829578631093,0.00015337086378730495,0.00015355925853512793,0.00015314251004340046,,,0.00015319937276977503,0.00015384917819134583,0.0001533781500295231,0.00015368896979291998,,0.00015368070035794385,0.00015378869322821984,,0.00015371791814753176,0.00015314788652065763,0.00015310686263260458,,0.0001533972766484475,,0.0001534780215518431,,0.000153628226776667,,0.0001532222590835814,0.00015356944761747693,0.00015323327529340988,0.00015324674824581275,0.00015373752073314292,0.0001535803735588656,0.00015394313618586952,0.0001533583282948302,0.00015298157769359707,,0.00015420806181447433,0.00015357035132366844,0.00015345908935303278,,,0.00015325890020030745,0.00015378485007629353,0.00015349147196406317,,0.00015393929937633234,,0.0001532093921518061,0.00015394519991007594,0.00015404413564548233,0.00015362572173609621,0.000153061992935583,,,,0.00015372822524266488,,,0.00015327465108318832,0.00015387405215316877,,0.00015350916082968924,0.00015374289790800303,,,0.00015335080314401507,0.00015356407339766929,0.0001536288571696593,0.00015315686249238325,,0.0001537547208735782,0.00015346960705248176,,0.00015411230819513603,,0.00015343439724664932,0.00015337944715279204,0.0001531821570219142,0.0001534462240185918,0.00015366095455613603,0.0001534718178552092,,0.0001535126554542281,0.00015348487252812498,,,0.00015347569903768432,0.00015289791415584804,0.00015374741370744203,0.00015341190804388786,0.0001532340769701695,0.00015323242067946218,,,0.00015348226244180495,,,0.00015347946594211352,,0.0001534899696372064,0.00015373062694686043,0.00015332160029572932,0.0001536069436616804,0.0001542253600242616,0.00015397084279691718,,,0.00015360445854727378,,0.00015252008020451012,,,0.0001554492168058044,,0.00015480174074771692,0.00015441420181333944,,0.00015430120614615434,,
4,4,DG_8pct,16,Z05_F01,5,SLG_A,157160,165487,True,7320.493222521997,7362.246516013148,7399.248785110781,8260.931637080834,1494.6125812545608,217.28569918195663,15.4773998324878,964.8198334111842,993.0450855802609,379.5771822382413,382.52506421629664,252.6881839073674,4.836983093900575,13.200806581900336,19.42463238455222,16.352031999355066,172.8973489788949,25.943770987262575,50.96041762859713,302.96845182403956,0.6915930309945141,0.6910080645058531,0.6944037605930109,,,0.9317913319286429,0.8548606137106253,,0.539208630716384,0.5373464285076611,0.8739130620951103,0.19855230590791356,,0.19860389330656839,0.8849389164118039,0.8852572723029772,0.8843696678481542,,,0.9419287857491486,0.5370163451484926,0.538360240028915,,,0.5393222202795152,0.5411267932284313,0.5324610609770918,,,0.541070791802379,,0.5401058908363857,0.5399889734437079,,0.5392421501253242,0.1387765992662305,0.5331678675051003,,,0.5348520862598268,0.5348458153920427,0.5353451361256558,0.5372815298409708,0.5372029732583375,,,0.5370156798000825,0.5367780390114372,0.5359216954870383,,0.5356954353842919,,,,0.5359638938876272,,,,0.03257431243865444,,,0.0001264896618028965,0.0001264958897335303,,0.0001262691124292571,0.00012680238409530328,0.00012629343919341477,,0.00012661979849037697,0.00012692181166501957,0.00012670404884448767,0.00012690650011186062,,0.00012660400016493355,0.00012665183134332974,,0.00012677721139180332,,0.0001266293195051561,,0.0001265858754785087,,0.00012637530096349268,,,0.5245193243528953,0.525033450839722,0.5251970830369908,,0.5402771544632599,,0.5406163129171055,,0.5398331336465056,,,0.17231019495678673,0.1719582009305459,0.17220178404081565,,,0.1719385358163554,0.17234855086042197,,0.17215868089355627,,0.1722360932643983,,0.1721584854794637,,0.17196175436467542,,,,0.1726062890513468,0.17196903779488498,,0.17191908866173272,0.17225524699148728,0.17162774145530546,0.17194848547522976,,0.17216946395016525,,,,0.1720480795653769,0.1724555649727839,,0.17156870038656133,,0.17225515265073055,0.17166486421884752,,0.1720358112000424,0.17245966825651587,0.17236998142008242,0.17206305957465187,,,0.8955798681543392,0.8994388083787684,0.8970171064221645,,0.8981176496216118,0.899117884394224,0.8973135433523374,,0.8983191857816628,0.9002048713197202,0.8997979607992957,0.8973245202796264,,,0.8991410186981119,,,,,0.8934071989598887,0.8960128639392413,,,,0.8978145693410906,,0.8962891835586739,0.8988423202467072,0.8982222745451494,,,,0.89809691970007,0.8964897548032645,,0.8995049235202529,0.8969057316808478,0.8966876731949426,0.8953608142505218,0.8966201241014539,0.8958723904291774,0.8983022026770181,0.8953037841668471,0.9092883732334078,,,0.9088016520188834,0.909932375859267,0.9113636558244939,0.906979984057997,0.9116267645997765,,,,,0.9107709461087725,0.9148267890579839,,,,0.9119849679286194,0.9071826721029754,0.9107827273505298,0.9133258200052375,0.9099348154235491,,,0.9100685557506588,0.9105127867521443,0.9094699351028834,0.9086774328953248,0.9095401077310195,0.9100632359837513,0.9093834574567597,0.9104832666165061,0.9097163172249965,0.9101759585555319,0.9081425848858818,,0.9086621336414646,0.9082072515532043,0.9096194722363905,0.9111732444886458,,0.9096923944733604,,0.9113407373377284,0.9096692379613665,0.9115031919474459,0.9089628944832383,0.9093315161935931,,0.9082604765205765,0.9104442555893405,0.9102573402904265,0.9068641928904656,,0.5273817753423147,0.5281187064286322,0.1418179009807103,0.16585109807172715,0.5412005452115726,,,0.5431925957805437,0.543566105514081,0.5429070980284929,0.13169646919937283,0.1311955126030175,0.1317526911020683,0.13130386271004915,0.13179372846748424,,0.13158353002062306,,0.13146305825396568,,,0.13175434099447955,0.13130080937046096,0.13155944496106312,0.13141985280352017,,0.13148605601573068,,,,0.13169978459051523,0.1314572957821761,,0.13126755346928437,0.13167295488943162,,0.13133703046009942,0.13135173525067814,,,,0.13139818233796383,0.13093695801307265,,0.13155819817201228,,0.13173772733360148,0.13157992389611736,0.13116759167489275,0.13133095692863234,0.13890157271785453,0.13965086739590368,0.1392153815508893,0.13883968848932068,0.13889669228951285,0.13842896542539124,,,0.1396429591698452,0.1394733474562545,,,0.13924632794309422,0.13905252366947427,0.13902376769457703,0.1393857304755655,,,0.1393100545674421,0.1389871713780903,,0.1390379880040243,0.1388217228610022,,0.13861420664200733,0.1390947733285648,0.13910306184471177,0.1385660818544397,0.13942696682003491,,,0.13900992051113373,0.9092767883455029,0.9110346122294669,0.9116179514769224,0.9115417641618243,0.912908625264034,0.9122719774569641,0.9119628236131424,,0.9117610317529264,0.909762263887891,,0.9090829681810408,0.9074041325910552,0.9081706664788851,0.9082257285524844,0.9083348269767795,,,,0.906667388985487,,,,0.9080012884337205,,0.907473970153595,0.9102853805495784,,,0.9086062161941314,,0.9111029306229473,0.9104742316611061,,0.9110486849236915,0.9125423818614584,0.9118870198351974,0.9092011181101955,,0.9115667545743478,0.9117272752601616,,0.9108535943768834,0.9112279139821011,,0.9138584710985688,0.9115514476225097,0.9130999556989094,,0.910117903876036,0.9106844327277789,,0.910275485177061,0.9128167139911406,0.9115120625261175,0.910300738629083,0.909526053020711,0.910540961020375,0.9073342957770913,0.9069191155128494,,0.9086560039366455,,0.9081517425479108,0.9058182230546782,,,0.9106837313814862,,0.9034134652106682,,0.9072973674518411,0.9069792073704757,0.9067726161580989,0.9071718170323982,,,0.9065297041447292,0.909937811251035,0.9074079118425132,0.9116814790983561,0.9099400528607754,0.9083019789402265,,0.9096574795297753,,,,,,0.12848316230098114,,,0.12838119192380204,,,,,,0.5345379322423839,,0.16637731737505698,0.9088101893328012,0.8988802289833571,0.5390829082508738,0.5387427640237591,0.5399046883877567,0.5264319245437263,,,,,,0.21505661842608076,0.8966431734112441,0.8884979434505745,,0.9090407910260291,,,,,,,0.9116745236139518,,0.9102736245381285,,,0.8904054895850698,0.916771263351048,,0.5549160214136777,0.5553384492832517,0.5541217965995205,,0.5552585334754963,,,0.554623141216884,0.556366637363522,0.557432475041829,0.5567012543734634,0.5551605759672714,0.5544940833935098,,,0.5559732130229613,,0.5546526443361507,,0.893374794128714,,,,,,,0.260635640793912,0.2610721514619746,,,,,0.8940171931670099,,,0.893460393048569,0.5625086950306637,,0.5619575978808654,0.5610778377261874,,0.561773674847821,0.562394211481714,0.5630254656442458,,,,0.5608667221149924,0.5642723296373027,,0.5629926298557029,0.5616425765546985,0.5624188587892462,0.5631380905392478,,,0.5628932728642274,0.5626940523383198,0.5637319959728164,0.5622370200168058,,,0.5605461142230999,,0.5623229711292534,0.5638429445672702,,0.5607712641170218,0.5616562351268762,,0.5634304776424353,0.5624277439733966,0.5621583235593198,,0.5611018979704516,0.5606228881776203,,0.5606966331094844,,0.5634760334114078,0.5616029064418843,,0.5630506179372743,0.5604671417882954,,0.56171948520691,0.5639893542171581,0.5625511882093059,0.5623613730760588,,,0.559806726768257,,,,0.5622911397373613,,,0.9279849577358088,0.9290262591639552,0.9279458187785248,,,,,0.9299481113341688,,0.9324681285978706,0.10447264928698653,,0.104436521799128,0.10450185311337117,,,0.1044026648285655,,0.10481751610577801,0.1043273663718309,,0.10416518691465015,0.10433694786178535,,,0.10438021252496059,0.10440530972948693,,0.10449504044606571,,,,0.9271527184402768,,,,0.9322420817114271,0.9179387046674674,,,0.9199577413049115,0.9204628980674128,0.9167432513107074,0.9187282900165884,,,0.9212885644230575,,0.9178412534089779,0.918440699353301,,0.10420842684608153,,0.10401165219255543,0.10413922288488824,0.10457496933428648,,0.10456487675646212,,0.10472512624951398,0.10445633105425635,,,,0.10405910538578124,0.1042517791354577,,0.9194673340418842,0.918510292733415,0.9188446424561991,0.9195322772743015,,0.9186923925543037,0.9270565345116991,0.9295909660907016,0.9294036207049476,0.9300591261211713,0.9284576107906017,0.9320659659518339,0.9276587098027661,0.9304524566489735,0.9303977598598984,,,0.930562387719716,0.9288762001577409,,0.9286699311650036,0.9283747191720026,0.9277077287432324,,,,0.9296831180231601,0.9291410947361051,,0.9287533708595648,0.9286558239410667,,0.9284363521945146,,,,0.9209636693561171,0.9206399529431726,0.920870543563313,0.9199479227972885,0.9228808604251181,0.9188532592766747,0.9235839878620228,0.9161962797142392,,0.9195804492135274,0.9190418628186864,,0.9166872097520811,0.919582264897459,0.9181364038958728,,,,,,,,0.9220198472833293,0.5469608854675957,,0.5471040353200242,0.5461406864807737,0.5465416051933091,0.5471096732542096,0.9058976859169213,0.8773319246490421,0.5455274954446308,0.5434385690970704,0.5466661291425343,,0.540525521277793,,,,0.5405092835012136,0.5401283049472295,0.5408588603993224,,0.5393466064563437,0.540620958636037,0.5412469377859466,,0.5383855859462003,0.5402717571010176,0.5384924913519669,0.5400101500316626,0.540999176434182,,0.540956755138706,,,0.5406087263045555,0.5408608948337419,0.5412016378492575,0.5403378188698815,0.5396265780067632,0.5393136929031708,0.5417530071840673,,,0.5387571706189639,0.5400680900095001,0.5383391192627924,0.54026144503018,0.5390495574628573,,,,0.5403196195377724,,0.5395525240068032,0.5410774449619375,0.5392530943038957,0.5400550623696851,0.53866126988471,,,0.5400880999375879,0.5407179800031977,0.5412950477410963,0.5400105210879093,0.5408282263112952,0.5411918689293046,0.5398370251247714,0.537978259956832,,,0.5400012191812199,,,0.5414600863161682,0.5405956413352372,0.5401030438247811,0.541251989605499,0.5399522849885948,0.5399355624271113,0.5402980349438877,0.539184037480802,0.5408216071176812,0.5394725211854858,,,0.5410443259117338,,,,,,0.5405564864731083,0.5398424786333775,,,0.5408265169620857,0.5417559152469598,0.5409366286461786,0.5393068478637882,,0.5403620287640286,0.5402101483441407,,0.5408688587188135,0.5397801670063856,,0.5398791222060366,,0.5415959310275354,0.5389922758435005,0.5395164409536038,,0.5398709577387703,0.5420341698264752,0.5418348802065807,0.539679854125666,,,,0.5413577043390085,0.5394806420803013,0.5402312796713873,,0.5402909818117964,0.5413091218895412,0.5419026843306808,0.5396016924455354,,0.540870004744347,0.5407382017340179,0.5384934241239452,,0.5399072502532345,,,,,0.5409843445639695,0.540924274211307,,,,,0.5395464336225148,0.5405475031605226,0.5397265896941924,0.5397201074208741,0.5392161659280447,,0.5411549011544953,,0.5414780541434774,,0.5412017004850718,0.5397594231054479,,0.5389129440824993,0.5393915410481779,,,0.5396885729643784,,0.5410430399731083,,0.5386765818920484,0.5400816496747982,0.5406264166402992,0.5389578021277223,,0.5399190764620265,,0.5396176168751193,,,,,0.5414859154106447,0.5403093825104355,,0.5413123272728695,,0.5154499207906176,0.5181764107630911,0.519382948075595,0.1057785267335848,,0.9405837773677039,,0.19870068593610754,,,,
4,4,DG_8pct,16,Z05_F02,5,SLG_A,157167,165501,True,6461.88981283913,6533.731844754809,6539.482635831373,7278.362744014193,1558.17565584601,229.28138369778088,15.793426608428778,993.5378071761488,1019.447197729619,389.86134121952585,391.0545453902444,257.7187164719495,4.956886418421719,13.526325247177434,20.048119956398587,16.240878901572508,181.19707942364943,25.755804182055343,52.31834821442686,312.6369926456224,0.7146505962877927,0.7141741626743217,0.7145396469494063,0.6375743025048948,,,0.859885754799145,0.5641855784356427,0.5641096679643083,,0.8709518667279286,0.28987185671917215,0.29032325318327207,,0.882787522051847,0.8832566085715652,,0.9423069045851047,0.9412571183956103,,0.565562575726721,0.5634015241778993,0.5643803601166206,0.5672652470560335,0.5671100898450936,0.5683244722291191,0.5599592880953574,0.5575715276887335,0.5601400153650015,0.5670426670043364,,0.5673733471302143,0.5673692295043984,,0.567251724885969,0.23780255353957466,0.5554510905390918,,0.5559113446367161,,,,0.5575106778573673,0.556774587289652,0.5577278546900049,0.5576115905602803,0.5586540858998624,0.5568128705179595,,0.5577734279796888,0.5583830638553562,,,,0.5569831573463612,0.5590516590177776,0.5599401773738357,,,,0.9510804545533736,,,0.11918086465026097,0.11864718273949923,,,,0.1189754905398134,0.11919002639523674,0.1191740455471042,,,,0.11899230277806465,,0.11919195536634183,,,0.11897142827691891,0.11909309738303896,,0.11896392987713501,,0.11894479610099412,0.5282793591473044,,,0.910740499514947,0.540019232580335,,,,0.5416128332684308,0.5414057575572496,0.18681990082836392,,0.18641393919340413,,0.18730264615682393,,,,,0.18602262448111673,0.1861124364572865,,0.1861612421395245,0.1869090376722093,0.1866053164623167,0.18643312755931832,0.1862504842100044,0.18661191296625396,,0.18637988586074317,0.18644532571341416,,0.18654224483178766,0.18686395997277838,0.18661491217463744,0.18666109444356319,,0.1867232506894013,0.18667596447243112,0.18662879082975514,0.18664566938123212,,0.18647932998334146,0.18619742343506226,,,0.1865696089778312,0.1864737403182732,0.1866567630020616,0.18590888736552277,,0.18589051286909064,0.18670866312551748,0.9114693443696753,0.9057774395102282,0.9099247921516583,0.9072441812467804,0.912516436941819,,,,,0.9088965758021239,,0.9111832602462702,0.9082617252570886,0.908219816072492,0.9116640278968874,,0.9103383184168454,0.9088935162906994,0.9097501054606509,0.9099153581287089,0.9092961895495948,,0.9086978467716088,,,,0.9066977552188369,,,0.9074174926455861,,,,,,0.907683028367546,,0.9074733458128744,,,,,,,0.9083758223910645,0.9150683219936608,,0.914925233439088,0.9119475845113816,0.9145699488874836,,0.9146517699612915,0.9142686521553065,0.9153863199237835,0.9150430017167202,0.9154305472177765,0.9134988159191042,0.9157775624055753,,0.9147036352220622,0.9138275392554552,0.9135110035377394,0.915512709716264,0.9177089329083468,,0.917260606552173,0.9153001176928617,0.9118017115812529,,0.9139793139199336,0.9138363787348462,0.9142589695256179,0.9139043896187585,,,0.9135443572634093,,0.915095393862199,0.9165723824499288,0.9132359257335062,0.9155418588226936,0.9125773183611878,,0.9155142570441567,,0.9151407613754393,0.9137763206247406,0.9133906234172484,0.9146435765053293,0.9150060728786573,0.9122923606264715,0.9132402759033917,0.9139615763180506,,0.9151926849356562,,,0.912533554072482,0.5257000230039756,0.5251380487720929,0.5268320352422301,0.15418552731760563,,0.5425164004876983,,0.5443612294119451,,0.5417829412696888,0.5432555021878059,0.14344945688719582,0.14335756035951724,,,0.14339672311858584,,,0.14354931548395022,0.14393174793415614,0.1438182640138795,0.1431533333225665,0.14359514818247152,,0.1434715203506378,0.14386489308638425,0.14334452271353423,0.14382164461025562,0.14348355071609412,0.14377831132027435,,0.14330960265144482,0.1434270856792667,0.14371955274276524,,0.1434178216403506,,0.1433306046027399,0.14334673752313468,0.14401326604363815,,,,0.14365933780446793,0.1432103590178424,0.14389307421980171,,0.14367445865366552,0.14328603509090962,,,0.1512547265082681,,0.15128075556617746,,0.15127325171038372,,0.15122177894037434,0.15166262647118064,0.15142148506770928,0.15124345139486808,0.15182979786024944,0.151501263525224,,0.15125018495321826,,0.15096603118701396,0.15151486200198372,0.151721396218941,0.15178887651407116,0.1514654221194329,,,,,,0.15129571491910393,,,,0.1512132160522556,0.15139452663269817,0.15150018565801798,,,0.923744810527468,0.924438960965114,,,,0.9236346292231447,,,,0.924285248478107,0.9180872415294223,0.9227406247762111,0.920725919208591,0.9236751460211322,0.9205100013416578,,,,0.9214058226254447,0.9209525648375387,,,0.9217635616403366,0.9218861715442641,0.9228864797823227,,,0.9196984684781859,0.9225026795356798,,0.9223960094623481,,0.9254476079800222,0.9257542652713626,,0.9231891871801718,0.9263345819013957,0.924537699639237,,0.9222416616190328,0.9257524129245289,,0.9250233559253103,0.9230109252693965,0.9246938999899853,0.9222422082770257,,0.9251021544214921,,0.9241843210141899,0.9257188613779702,0.9260657141530354,0.9241448116997996,,0.9241699229888153,,,,0.9229308058607021,0.9222574013215253,0.921889039877405,,,,,0.9218389036458311,0.9228094332007388,0.920773266099727,,,,,,,,,,0.924386848055794,,0.9214660300995932,0.9224453998776702,,,,0.9319843887323076,0.9305087877601561,0.9319039502949059,0.9338264219656399,0.14036747796311227,0.14015492664683413,,0.14041521558606707,0.14013873905543914,0.5346883358755508,,0.5350219251511213,0.5338504674913164,0.5360001156990306,,0.1795875899730591,,,,,0.5394716053747317,,,0.5258111477507275,,0.5095368589683525,0.5126691980322828,0.23151495484083554,0.8990291952715491,0.8966219966509681,0.2471195820280129,,,,0.9100223401574532,0.8994984187429618,,0.9138152663533285,0.9123906075749927,,,0.2546170730459174,0.9126052890874287,0.8972913298286935,0.9158360406922277,,0.5532820889932574,0.5553890316986297,,0.5547904373089659,0.555777067231079,0.5556812211823178,0.5549871281072729,,,0.5547713689388256,0.5536190780077234,,0.5545665793174304,,0.5559415039938078,,,,,0.9039480015120633,,0.8994325550455846,0.8998269173011912,,,,0.28151196194911166,,,0.9241351078359695,0.9272531647568288,0.9269900233097919,,0.8983954261931799,,0.8976597991211122,,,0.5626037753404816,0.5624416076709119,,0.5617825829218346,0.5610435998996137,0.5627777771927109,,,0.5619426491745626,0.560753336657656,0.5627175105498525,,0.5613947789569474,0.5615171708923284,,0.56285761984121,0.5619078370127125,,0.5606161821474043,0.5620106971162839,0.5608821781266663,,0.5607730411015295,0.5620370196668897,,,0.5621619648114577,0.5597599891181025,0.5605256992292085,0.5616541653074714,0.5613264114628221,,0.5625270087090011,0.5639270741753186,0.5601714699910548,,0.5616391177948041,0.5608421288188863,,0.5625078871496735,,0.5610444986722961,0.5618929291685247,0.562428251319057,0.5623690553798049,0.5630596880874874,0.5610569853421224,,0.5612448258293133,0.5604014917670345,,0.5622735119988631,0.5625156920496214,0.5609303129138117,0.5614148236674453,,,0.561958241376868,0.9363383579438979,0.935685187913057,0.9331894255049438,,,,0.9380052299255921,,0.9361907050169462,,,,,,,,,0.11514087045016999,0.1155030738615529,0.11537138318490402,,,0.1156369465726139,0.11553057255667463,0.11529372642194521,0.11552652111446904,,,0.11551621673202297,0.1154229579802923,,,0.9374382381776162,0.9374972473006657,,0.9385921849378416,0.9400282323313712,0.9410164657878103,,,,0.9342933772355965,,,,0.930618774793676,0.9323894671484044,0.9324493312624946,0.933645891680138,0.933940803059212,0.932491763234689,0.9338102962176065,0.9333022585891269,0.1153850232246056,,0.1149995156822325,0.11517412861517308,0.11580609657643344,0.11522264888440553,,0.11555349066950497,0.11546714663363535,0.11606935337726207,0.11573451395630424,,0.11395379127969257,0.11492738503216136,0.11508841964411687,,0.9330309720180092,0.9353610159618074,0.9344040137649283,0.9341327918441961,0.9359371968265787,0.9328045653855511,0.937030101617386,0.9387753787966561,0.9370732551359338,,,0.9398594680200187,0.9393969234680634,,0.9369285013303704,0.9374998784167686,,,,0.9385387559125197,,0.9368711687613555,,,0.9409801941017216,0.9370813412212637,0.9371549711554761,0.9375265843233039,,0.9386606778758787,0.9390336073353438,,,,,0.9365159783655435,,,0.9348800122174632,0.9312995596821144,0.9345957198531243,0.9340848129182865,0.9335994430443231,0.9322458525951941,0.9326504113947606,0.9332588377886731,0.9326456132628307,0.9331787425332568,,,0.9361054353083855,0.9355602797583832,0.9337124311892634,0.9342908154099897,,,,,,0.5471865236410017,0.5470132418832924,0.5490015194948362,0.5461793229057422,,0.5464802980472219,,,,,,0.2675957851126469,,0.5664461037138538,0.5676385609964584,0.5668566573726878,0.5669282660105379,,0.5684439712134773,0.5637412355387196,0.5675800679612423,,,,0.5658567777360407,0.567070238717498,0.5681791601755039,0.5664127593767273,,0.5674843256471174,0.566900153167404,,0.5662621527217211,0.5681647639106419,0.5659402771742321,0.5686841065152739,0.5658216822449843,,,0.5683105294797752,0.5677462523865133,0.5674129935099768,0.566160724766548,,,0.5667512210955798,,,0.5681200665738368,0.5648731514016792,0.5681236201203559,,,0.5666132701017369,0.567354990498278,,0.5649653214179595,0.5679468612300428,0.5671621929346963,0.5659233001570377,0.5656041412921295,0.5668016892148559,,0.5687100814165814,,0.5648983874094361,,0.5679605577338153,,0.5678349288140131,0.5670921128623102,0.5662616870952336,0.5678869970772419,0.5662998194093021,,0.5665045099460242,,0.566070535683396,0.5668662447998156,0.5657599386325975,0.5680526489136815,0.5683031612707872,0.568309782331172,0.5666998529392874,0.5680248364410921,,,0.5678380624306139,0.566959601405775,0.5665901405160954,0.5667914194568751,0.5663624575183565,,0.5686814429896396,,,,0.5672386054122295,,0.5674300049552902,,,,0.5672238997846032,0.5666006192020137,0.5659863810077101,0.567817396218204,0.5682160568031241,,0.5661209181073069,0.5677952895849607,0.5665501162793449,,0.5675139127098535,0.5684059630895419,0.5654035195736732,,0.5675152160822959,0.5675480295626848,0.5668474598111285,,0.5667141543343713,0.5695515142052741,,0.5668689025706241,,,,,0.5669192135792482,,,,,0.5682370266847833,,0.5679374440982479,0.5672632382613922,0.5669764743293424,,0.565505422768474,0.5672898332834863,0.5667417215439624,,0.5669567428895618,,0.5676261499720806,,,0.5674620705125393,,,,,0.5677794361363803,0.5673581254026785,,0.56777950269269,,0.5677957517370156,0.5670287509308193,0.566005583781615,,0.5682233919686469,,,0.5683193742597749,0.5662274545297998,0.568474066166932,,,0.5671659390231036,0.5660867979010527,0.5680286945312139,0.5645905415469795,0.5681387811985741,,,0.5669222071649047,0.5666844452450824,0.5317451975958809,0.5305063982612962,,,0.8960104760926824,,0.28991222634927283,0.29060972231756743,,,,0.943143056187982
4,4,DG_8pct,16,Z05_F03,5,SLG_A,282437,283952,True,7083.037966332874,7125.709132364967,7158.286734548372,7982.217597426853,1519.4266625193663,222.2936635094682,15.505742855490587,983.2712367807189,1004.6917392125883,387.5194077184567,389.1314175040432,255.69680537449995,4.861145822441167,13.211908434256461,19.58193768535236,16.269561731164146,175.17741299170086,25.765286358157987,51.3677668614156,308.32257481435227,,0.6965610042864924,,0.6123889269087528,0.8506944191446424,0.9320644117590274,,0.5465737216973272,0.5461672673428677,0.5484374265309222,0.8740410379177707,0.224722747092155,0.22471206438082725,0.22440167133842367,,,0.8834542627187586,0.9427154146089731,0.9413306131609378,,,0.545630485463669,,,,0.5491519746885692,0.5392383018716053,0.5413409479971578,0.540256404434148,0.5493166496063884,0.5474788674739868,0.547878204086768,0.5475649312848273,0.5491760839398035,,0.16826408546736807,,,,,0.5414976170626742,,,,0.5427389313439979,,0.544313010148853,0.5453430667707212,0.5422027933113087,0.5426751594310995,,,0.5446895173697136,0.54527337737154,0.5449221450726276,0.541424188729057,0.5443215386716663,,0.065902872727761,,0.9574407477654444,0.034882738225332305,,0.03479150693581609,0.034889111633186795,0.034774711008553616,0.0348478462905951,0.0348486282383536,0.03491372185138564,,,0.03486143382247811,0.034937363080561425,,0.0349503434774143,0.034962337756284344,0.034821515953164864,0.034945440545732065,0.03488618271456415,0.03493409002930685,0.03495762446630896,0.034857654285215436,0.03490221721543088,,0.03487864846038638,,0.526866164283894,0.5248539242510458,0.9063878293883775,0.5416088466268081,0.540521608028149,0.5399301580164134,,,0.541105559452217,0.1699449053671668,0.17009592731486348,,,,,0.17040600093560518,0.1704380946195187,0.16978360615300309,0.17080711198952697,,0.17026127659488335,0.17014444477549706,,,,0.1702077031801946,0.1695683909298264,,,0.17004607813838307,,,0.1704947961813164,,0.16965089480766907,,,0.17030970146963564,0.1699582152449823,0.17044336322492548,0.1700691778921494,0.17016611822265154,,0.16992647587154258,0.1699300297713812,0.16997598140626155,0.1694042940034876,0.17027844572230497,,,,,0.8977927479802776,0.898817681523418,0.8998084725943486,,,0.899090775977141,,,0.9010030101491541,,,,,0.8991787133952602,,,,0.9007201994587039,0.8992107479338838,0.8979164094724158,0.9002992260632076,0.899429393251671,,0.9010560724340648,,0.8980397564330015,,0.8984797100889494,,,0.9005228832547065,0.8987213573715146,0.8998821278754776,0.9001714902794816,0.8995092396838845,0.8986938919790228,0.8978218258204911,0.8980190190818574,0.8990035938316084,,0.8992317296232377,,0.9005914211245285,,,,,,0.9130658029867661,0.910358520160536,,0.9122902609810831,0.9123548126678214,0.9131198186779347,0.911530997017964,0.9140752038688897,0.9132706566742762,0.9147804244599317,,0.9127709747694508,0.9137031379412278,0.9113047546249471,0.9115827750780929,0.9141781031208773,0.9116250995738495,,0.9112474245924386,0.9100763487440857,,0.9116150521775285,,0.909801280260392,0.9124644229846988,0.9117399285203847,,0.912790266004408,,0.9137982860261386,,0.9101519271937474,,0.9122495807348528,0.9112981039548462,0.9069256627356934,,,0.9132035529617482,,0.9133827693110556,0.9128015703400276,0.9113890809230135,,0.91187613194512,0.911370630995182,,,0.9126050059660217,0.9158831740896186,,,,0.13924928853175184,0.16420066655497384,0.5457983709675331,0.5440562129970558,0.5429977422996832,,0.5442581025434754,0.5430611454836963,,,,,,0.1280268151676587,0.12841031821123952,0.12780613747657393,0.12833444285889092,,,,0.12810398034160791,0.12790432908942548,0.12819573661611428,0.12836663377194246,0.12812383820403137,0.1278480532274477,0.12799804915788907,,0.12806235928608556,,0.12761684812867408,0.12797580420478263,,,0.12800477103891755,0.127948478662286,0.12781470242087445,0.12800652280137112,0.1282173987293579,0.12837413577167223,0.12746001405670118,0.12791778339918405,0.12822951103483027,0.1280377100965447,,0.12808463437822404,0.1278399538456888,,,0.13597604195800675,0.13628321113352856,,0.13613715061095205,,0.13600020587143696,0.13623005793016799,0.13603109512463707,0.13652262373812243,,0.13610015531867006,,0.1361887421261895,,0.13601178177559303,0.13581648368533158,0.13647162913269664,0.13630620241874886,0.13630957618295053,0.13615672465404924,0.13593644048909875,0.13592052131354615,,0.13623979105148812,0.13560578163220796,0.13605419123149523,0.1359119859641391,0.13611556597839577,0.13561017511196638,,0.13577880471110498,,0.9152789244646122,0.9140268819145688,0.914377298328205,0.9150941744451389,0.9170039089876697,,0.9163854038301112,0.916900484332424,0.9127966121940864,,0.9111621193341967,,0.9140993364837458,0.9087321473828718,0.911401127063482,0.9101718377363487,0.9141653369017199,0.9117802925167914,0.9118429848253435,0.9133631860864307,0.911251494152967,,,0.909230037541255,,,,0.9123069454352286,0.913778998194521,0.9135091785221173,0.9114423680713254,0.9138452603686942,0.9129135933876834,0.9129397171417282,0.9148299365193903,0.9140866036222068,,,,0.9151765798041659,,,,,,0.9137557285204241,,,,,,,,0.9156786950823907,,,0.9101449150653231,,,,,0.9122429132732661,,0.9099559731386461,0.9120785483964303,0.911229798745229,,,0.9106114461597633,,0.9132777351888781,0.910567998964292,0.9135029885479875,,,,,,0.9130989535601665,0.9121705004856033,,,0.9103000099605684,0.9133631574580963,0.91123904059276,,0.9276123102046118,,0.9265051322942287,0.12503617899679048,0.12476259530601541,0.12455810272246898,,0.12517382080054065,0.5342216003771234,,0.5350454060129936,,,0.5345351699442341,,,0.9021980477970828,0.5401980975104549,,0.5388611044357883,0.5247871124467272,0.5263717450894292,,,0.5103451729068614,0.5120723075673042,0.21374788174675208,0.8999519832580009,,,,0.8929271633833622,0.23299619445405728,0.9098578933786055,,,0.9138596302793617,,,,,0.9146538982591014,,0.9186519649093856,0.9174188096444302,,0.5550848072706346,0.5564310534645909,,0.555654429086899,0.5543174578319942,,0.556144327004117,,,0.5559339706910383,,0.5545101373161678,,0.5547945146663433,,,,0.893469011909503,0.8910849146513633,,0.8924541333799325,0.8926767468662863,0.890631799665442,0.263391112390885,0.2629600661882683,0.261109602308815,,,,0.9275856637926481,,0.8936221784576779,,0.8942081901347395,0.8924211807874496,0.5621318994293024,0.5633538500371603,0.5618433594767701,,0.5620814061064299,0.564254549352475,0.5643186559775021,0.5633799844539813,0.5637113070648639,0.5622537862609339,,0.5629814869176751,0.5631289964211628,0.5626785856604039,,0.5627852362529623,0.5621973818608985,0.5630501518056373,0.5612121640439796,,,0.5612791277319638,,,,,,,0.5611132416153455,,0.5608359463631558,0.5628375842201245,0.5619912524437591,,,,0.5616573639801851,,,0.5616877246756717,,0.5624817736942862,0.5610065999016984,0.5634260348308884,0.5634385770837128,,0.5629208159709015,,,,0.5636763009957405,0.5619290715846746,,0.5606740085611268,,0.5615825577030794,0.5622642441933038,,,,0.9316301173981714,,,0.9337207278702752,,,,0.9330362424152364,0.9314016681014661,0.9315959240061403,0.9343290164365863,,0.10053350741980122,0.10017556092129942,0.10018531552692672,,0.1003538473338268,,,,0.10025711510984822,0.09998029271077688,,0.10050667908500936,0.10007266909385158,0.10038841440599797,0.10007845067858223,,0.09996021651276923,0.10016516419063445,0.1002497659329778,0.9342358150331748,0.9360655074965527,0.9314659792536136,0.9357112453293035,,0.9333685918919977,,0.9354618804527837,0.9216493897584243,0.9211813202368498,,,,,,0.9254556123289613,0.9210795749811946,0.9231631816645135,,0.9228709664863538,0.924558952653444,0.9209560834626136,0.09994519334403824,0.10033566918540698,,,0.10027337708937482,,0.10038566388542493,0.10036528759273748,,,,,0.09863358451658244,0.10013381321337379,0.09976840110507539,,,0.9243647783567029,,0.9247803173058438,,0.9231887040126481,0.9338097832244531,,,,,0.933982162463337,0.9314448729796203,0.9353845234225221,0.9342244466789319,,,0.9351432815683123,,0.9314817498169223,0.9338982543809401,,0.9333911763579648,0.9344563312678543,0.9332762719672547,,0.9316582215326121,0.9323230479953777,0.9346853543357337,0.9337149930134818,0.933623486040647,0.9340201540273434,,0.9229739035949455,,0.9235690385876795,0.926099571814756,0.9274398139936467,,,,,0.925372537835197,0.9212105615225604,0.921870392175978,0.9222076497317536,,,0.9226911015783344,0.922228329362749,0.9247160721839371,,,0.9223582690098862,0.9252172505320061,,0.9231102571559251,0.925101763628466,0.9246650990078721,0.5476267096220445,0.5455664655207483,0.5479322027086521,0.5477450444843364,0.547685733674263,0.5467722508501531,0.9037820524055629,0.8748961396717174,,,0.551849702172795,,,0.5508703369252742,0.5489772031540505,0.5488696015573921,,0.5483734959439475,0.5496586944577448,0.5492786998357606,0.5485914127368227,0.5491914511709584,0.5472874570995969,0.5495484629100582,0.5497267344192129,,0.5485294241356934,0.547896238959371,0.5488204311159427,0.5473310316487215,0.5502759279342024,0.5480647315143299,0.5489494909452853,0.5461893536536825,,0.5479976525883222,0.5487137331824066,0.5493985816957937,,,,0.5498137342818068,,0.5480470284804756,0.5481787615306288,0.5488222514014544,0.5483877544131234,0.5491523663174565,,,0.5503352936259512,,0.5499509574677379,0.5480329185265699,0.5484975531643065,0.5482449088508982,,0.5487074818715163,0.5490741814261846,0.5475210509647265,0.5488769192592194,0.5474408970009241,,,0.5495312145574803,0.5504768283512765,,0.5489829426844327,0.549271167633134,,,,0.5502335453623567,0.548368452777447,,0.5480007343343603,,0.5499323302518483,0.5494599086730731,,,0.5490989853739482,,0.5490276598500532,0.548823705932785,,0.5470326548156018,,0.5481695593905079,0.5481709036065243,,0.5484483292192548,0.5482652744192168,0.5484422913106011,,0.5487866446853548,,0.5498948704161494,,0.5483542383804387,0.5471979894811694,0.5486700612851338,,0.5491799095579851,,0.5481074259879164,0.5486900337377891,,0.5487583520497902,0.5477692144943592,0.5490929255774769,0.5481310782157447,0.5472580679212657,0.5483894111615896,0.5482545312481346,,0.5494795813529566,,,0.5473203860765726,0.5486132292351666,0.5491557205169482,0.5496750248997112,0.5488944994251542,,,,0.5478220704428495,0.5476524901023333,0.5484349653682071,0.5500271263402006,0.5507834023870906,0.5477476722261215,0.5488137413218626,0.5469484253660715,,,0.5488506407784149,0.5479297196522445,0.5486563789084372,0.549478107969508,,,,,0.5481626611646385,0.5475640645308303,0.5478973853633433,,0.5481723235679185,0.548008117907975,0.5478651497796825,,,0.5494847570266718,,,0.5513727327827292,0.5484504726560835,0.548585331406572,,,0.5481032078814702,,0.5482928321960817,0.5486468504811172,0.5474957028663234,0.5488537565900314,0.548504599016359,,0.5469608427441999,0.5489066610028648,0.5491147285830588,,0.5481208389117393,0.5477726925365957,,,0.5491794138454075,,0.5179021990335824,0.5182369590992982,0.5174818753031933,,0.9012718053121394,0.9397593874013275,,,0.8835617248274515,0.8838897154936023,0.9431811820554633,
4,4,DG_8pct,16,Z05_F04,5,SLG_A,157168,165495,True,6626.291395454439,6719.10899232885,6726.238423601101,7483.993303508756,1590.074507159374,234.90077483553785,15.562683164113357,1018.8208192980884,1035.8514413506969,398.6868737384092,398.56202042798196,261.83429857024424,4.873590036405408,13.351009756475232,19.838993727886532,16.36983107230155,183.00394421329898,25.83645006801163,51.37495131776138,318.47394211092677,0.7123617030150048,,0.7105166255539423,,0.853844703563838,,,,0.5609676738084551,0.5611033462627935,0.873676315470673,0.27172123793206976,,0.2723114192443053,0.8803675055912513,0.8794514917861411,,,0.94109403126075,0.9419567908901723,0.5612619207315734,,0.5611999255062267,0.5635841370577886,0.5639528402010944,,0.555680038156976,,,0.5654783205135088,,,0.5630245857763484,0.5651695471822832,,,,0.5535331979330333,0.5534409463055274,0.5552771644573996,,,,0.5573754366949515,,0.5574031933787252,0.5564503986098339,0.5558956023334399,0.5584460526277756,0.556901445204359,0.557990231990537,0.558180557119972,,,0.557572461510884,,0.5580420114065995,0.12525619054472728,0.12527421862071722,,0.9484528674489,,,0.09684237857165805,0.09701648744975319,0.09705243013723572,0.09714109312661125,0.09676919356701964,,,,0.09701415706114844,,0.09704210158772138,,,0.09726550471256758,0.09658208846929525,,0.09724447064536441,0.0971104778980054,,0.09701317450128989,0.09691340708198606,0.09691336768248038,,,,0.911236016556175,,0.5396688258805318,0.5410130139975815,,0.5396772026981114,,,0.16428419296635144,0.16380448334689804,0.1644098697997076,0.16379834649483144,0.164502103356354,,0.16443681643136585,0.16345248185147523,0.16453775974765614,0.16448526903615812,,0.1645431725088574,,0.16409855369758933,,0.16407320133349146,0.16424052419202015,,,0.16361233038222756,,,0.164155979117271,0.16400623001642908,0.16409466127151895,0.1640076596081355,0.16446741357678413,,0.16420399393822005,0.1635235206538998,0.16417129110762602,0.16429852674485543,0.1644872333560098,0.16434704514548168,0.16436077002285476,,,,0.16378345105535216,,0.16367777749368315,,,0.905806386517508,,,,0.901193171473687,0.9033369662441728,,,0.9077799146397376,,,,0.9044688701394559,0.9033776505547703,0.9041787917566713,,0.9047871551876406,,0.9051850841979507,,0.9063404612403306,,,0.905318504413788,0.9066108731698499,0.9045769884397485,0.9046987844515082,,0.9026301227882167,0.9043904621366059,,,,0.903162882011209,0.9036068544006327,0.9051476658383126,0.9037565426060323,0.9029398610136395,0.9049111340687598,,0.9023765230689578,,0.9023655850537087,0.9044586404272311,,0.9182299621543387,0.9132807866863335,0.9155653754066927,0.9168843837589906,,0.9147377241996819,0.9183109144878269,0.9159267878905363,0.9185164192551311,0.9145108594435382,0.9168353701860624,0.9164670845760299,0.9153349569988878,,0.9177659145731574,,0.9168227821277485,0.9161406695240031,,0.9160127501075146,,,0.9167981517252856,,0.9151937338953062,0.9169732382769962,0.9153171263600164,,0.9143800201083545,0.9159683224233788,0.9156508911714237,,0.9170970679807556,0.9144988657597747,0.9173059656628525,0.9156291697642664,,,,,0.9160802309219763,,0.9185291344725661,0.9159711592831999,0.9145887541165139,0.9175889702636824,,0.9142336291812816,0.9164603546640272,0.9175578802423733,0.9139776837037674,0.9162018971903244,0.5271287002473517,0.5262685277290661,0.5253857440430384,0.13091061808259385,0.1575709485370226,0.542632508672054,0.5432512143664096,,0.5432089820852606,,0.5418960058883201,0.11956820022173213,0.11947194948673762,0.11929136965607431,0.11962701745173325,0.11952726423145234,0.11936966420497507,0.11938297863156601,,,0.11931302353425491,,0.11944377539665754,0.1189962790724723,0.11947048695821665,,0.1194153743199538,,0.11981111008080023,0.11941095193016789,0.1196536339130426,0.11924672717399018,0.11973661458123623,,0.11949550492898993,0.11936591470230844,0.11952764831290225,0.11905418773032947,0.11985817753137698,0.11966491983652568,0.11947284414282877,0.11932916898550652,0.11913973832837035,0.11921262267170894,0.11937178181355837,0.11945625067441214,0.11920231669555968,,0.11934807340847695,0.11960734749525158,,0.12744764806255554,0.12792474996176467,0.12788827841749395,,0.12797178129374698,0.1277691367356753,0.12762803874031603,0.12730367095725154,,0.12772889292821843,0.12788675417273,,0.12768478025938765,0.12841457825294636,0.12786994033543767,0.12812215816244066,,,,0.12771034557266103,0.12791213536794707,,0.12777743741789183,,,0.1273074165475898,0.12768424065266504,0.12769012465840354,0.12781973346617143,0.1273886028746628,0.1275360826503824,,0.9229191119905509,0.9208163762704812,,0.919286236401031,,0.9209914622024297,,0.9217034372975257,0.9203392526121227,,,0.9183946011522532,0.9182604664734134,0.9163040876490413,0.9146765533873482,,0.9168471362086215,0.9168933168624981,0.9190959158950845,0.9168184716239101,0.9178330263192933,0.91807486988964,0.9166683917711295,,,0.9174159908578543,,0.9182376715071774,,0.9186715359327239,0.9207278241723298,0.9213167800057783,0.9195058489233894,0.9221815798379671,0.9193559416192165,0.9222754364244199,0.9186791886953857,,0.9221606772283482,0.9192300707138021,0.9189226865593372,0.9212562321867632,0.922165540185675,0.9179765186414028,0.917979771891346,,0.9215680944889726,,0.9216972479997261,,0.9216602752225111,,0.9197365708715034,,0.922766257176977,,0.9197942191300529,0.914156060293916,0.9173862649583341,0.9169793580176737,0.9174259281247952,0.9169089749437483,,,0.9184198050102764,0.9192574687632974,,0.9174802302427615,,,0.9188064252126625,,,0.916483885420505,,0.9191327589012692,,0.9163552912082137,0.919594511432485,,0.9186026766031731,,,,,,,,0.9341515380099682,0.9319642009489318,0.11595912616050857,0.11590562951268094,0.11594460564031006,0.11581729877154107,0.11587123113099786,0.534269736083816,0.5340294030077927,0.5332364586106241,0.5340791509969636,0.5346276481148063,0.5341522250689815,0.1570552169364363,0.9141537458485735,,0.5410906893001531,0.538628300954522,0.540319446809272,0.5269764486052362,0.5261763628847355,,,0.5106812871466891,,0.2112887334525254,,0.8910349700615741,,0.9104207674942412,,0.23097866461388603,0.9123773260716013,0.8922349786854563,,,0.9146651052153438,0.9154176168405016,0.914487542726829,0.23443147956916374,0.9123131183115788,0.8932265524540708,0.918897203811839,,0.5535750875904024,0.5545939964130396,0.5538244423533093,0.5546557545953856,0.5552807298602347,0.5553217913513229,,0.5569674660607428,0.5550455005473189,0.5567055829487807,0.5551066859788261,0.5556901387878876,0.5551448274896447,0.5539647041676278,,0.5562549113489897,0.5553980302211914,0.5562089759534654,,,,0.8938707086587535,0.894684210051939,,,0.26200859364755613,,0.262071937419297,0.9296726849521999,0.9316312721867449,,0.9286724322636501,,0.8948891598008951,0.8935575849802834,0.8944205905201251,0.562405518990016,,0.5613011381593104,,0.5622699831754049,0.5618156075284655,,,,0.5635021529331192,0.5626315744075354,0.5630267950992863,,0.5637658263085062,0.5637615273671454,0.5608817372049826,0.5627587987631139,,0.56112635008351,,,,0.5623493811127227,0.5626662173861655,0.5620048755731116,,0.5623949170416157,,0.5615415320875561,0.5616745264267042,0.5613672784052367,0.5613873655361186,,0.5630152248867956,0.5583390013386902,,,,0.5598267172577752,0.5618607659658795,0.5618086291027288,0.5614883135171919,0.5600050674663533,,0.5627213030567125,,0.5623823337874229,0.5641316640341278,0.5633800374303185,,0.5619479304806008,0.5616871777826532,0.5623756602034777,0.5625831693795936,0.5636211896899783,,,,,,,,0.9376854077056415,0.9393455331146755,,,0.9361712582630544,0.9384398715179495,0.9398284799057292,0.9386235732606044,0.9376137533772306,0.9380945185333844,,,0.09038684436939405,,0.09020803821795967,,0.09020316916799183,0.09009691509778749,,,,0.09055059886626761,0.09013095581043727,,0.09009312376558629,,0.09028227306246439,0.09023382277556119,0.0899696224712363,0.9388853042499065,0.9397254918968734,0.9400259038534643,0.9397256278118951,0.9375665918015588,,,0.9409432484663645,0.9311280991849618,,0.9310645366882805,,0.9299743885653924,0.9304055486523016,0.929295313358123,0.9324044974953428,0.9272796832693585,,0.9289701711674376,0.9305310973246487,0.9312325055488392,,0.08995066125563354,0.0900561839274871,,0.08993515366288468,,0.08998513166641221,,,,,,,,,,0.9323453084558422,0.9326823862733449,0.9331528726393902,0.9315953604316287,0.9320048194318792,0.9292221222191397,0.93126330857284,0.9415338422952985,0.9392775770964811,,,0.9388873049516827,0.9388058250597645,,0.9379497184248968,0.9413200099430558,0.9392330926164015,,0.9403490091247032,0.9389229623571684,0.9403245524147669,0.9373633092048318,,,0.9403640243531837,0.9365541589013877,0.9400619073483761,,0.9394194931302706,0.940817397067745,0.9370222241329692,0.9368550412431937,0.9396209444817707,0.9399875895526686,0.9320745711464878,0.9328631802308797,,0.933987381256217,0.9314196190237054,,0.9311340568262376,,0.9315383188982147,,0.9277922933930447,,,,0.9290900591472213,,,,0.9317720987209276,0.9350322579173005,0.9311009454373227,0.9335349148207686,,0.9320622553237659,,,0.5482362232013013,0.5473862088922382,,,0.5466855647913292,,0.9024674761495537,0.8747718707056688,,,,0.24740248571063006,0.5637046983132686,0.5628169230146521,,0.5639398084028784,,0.5617757081866099,,0.564324934291625,,0.5647155586067872,,0.5645597883596241,0.5646553679802975,,,,0.564816574765701,0.5628381636469909,,,,0.56197641589058,0.5643039885011996,,0.5638727330418196,0.5637419193957601,,0.5660063147120944,0.562818446263585,,0.5637121589497539,,0.5628354190135676,,0.5646804980363137,0.5638633596533403,0.5648818811747975,,,0.5618624653132638,0.5638893595225632,,,0.5647369136717723,0.5628198412183804,,0.5635744150189061,0.5638170065499762,0.5653149616987421,,0.5644954977892372,0.5644823389726513,0.5645138487983342,0.5630290853343998,0.5649176378528278,,,0.5634249635128454,0.5642228595846288,,,,0.5638713726359929,0.5629504035227557,,,0.5652098597951464,0.5641781645198709,0.5636435477373748,0.5634242571400089,0.5644950214097085,,,0.5643540857283241,0.5627817628828247,0.5648484234032218,0.5633223599371386,0.5612636565113541,0.5639585342645496,,0.563209904357169,0.5622585518519276,,,0.5636166292523445,,0.5651353343428311,,0.5620667790299889,0.5646615039821281,,0.5628831657934218,,,,0.5640831975244522,,,,0.5643718487279653,,,,,,0.5640438039726516,0.563147981718399,0.5645976858297724,,0.563863415279621,0.5642288564006532,,,0.564613987242997,,0.5617647709072677,0.5636467827110324,,0.5659270332174973,,0.5641571967342172,,0.5625926807698126,,,0.5632468532042417,,0.5637333464375647,,,,0.5643645272413159,0.5649697513559689,,,,0.5633928811739488,,0.564522501506751,0.5651783952150746,,0.5635964515367753,,,,,0.5628270570199635,,,0.5642628408038854,,,0.5641117339819429,0.5654507984834992,0.5651086012563757,,0.5643613337096114,0.5638188273866244,,,0.5636955726224537,0.5650642654665946,0.5642385542615618,,,0.5628423039465021,,0.5632129412926304,,,0.5318281311759403,0.18965773602680658,,0.9378924692294531,0.2712067566672743,,,,,
4,4,DG_8pct,16,Z05_F05,5,LL_AB,282436,283954,True,7408.871846010142,7453.089234075666,7420.867124276181,7834.736422627156,924.4729440617284,155.84985542251198,12.129633217733698,550.8360036425684,544.6631161882875,208.26235517205873,207.09545463268609,136.85410041094428,4.0912884176447175,10.988602295582904,16.6425561283049,12.408671651968637,124.75906367460965,21.235247817514352,40.05956872507565,169.66105290371917,,0.5364854741832283,,0.6258252461095154,0.5552373990601039,0.8344209225334205,,0.22359247141803557,,,,,0.29120786221511546,0.29018401592675946,,0.2304666130157648,,0.8720511142557864,0.8738997262466572,,,,,,0.22484841289109112,,,0.22304804668818937,,0.2245378784057993,0.22389216929763003,0.22402035176989302,0.22434489959601975,,,0.2185333775928896,,,0.13975279786222283,0.11226725241752912,0.11261509109359237,0.11303322190718033,0.11212010428549614,0.11233591972220816,,0.1128995493537583,,,,,0.11278202217218745,0.11235030288745154,0.11244809074593366,0.1125347458407721,,0.11275222730228562,0.11290723628806823,0.13952812928945765,0.1400147961983417,,0.9029947080228079,0.11677819211457652,,,0.11671442397396327,0.11698469051860676,,,,,,0.11718938618243405,0.11654534928494573,0.11697927266668048,,0.11688683841382343,,0.11693681392787007,,,0.11680245882843368,0.11678856526947527,,0.1170467913795872,0.11691249889880999,,,0.06842010525897882,0.18118108807394898,0.07042468651181999,0.07072751738375097,0.07061645403910612,0.07058236016766803,0.07044883649139395,0.0705932771954891,0.2498889927005422,,0.25001518456415384,0.2497404341099529,,,0.25017398760955706,0.24968242370641944,0.2508613457193417,0.2501739968493118,,,0.2495023552519868,0.2505743254393181,0.2501779762934331,0.24997620238453458,0.2505851151578846,0.24991121302262173,0.2502427281848837,0.2498496767262686,0.2505509220922994,0.2498765922257496,0.2501864104559682,0.2500411230823809,,,0.249753055303087,0.2496369703499904,0.2500572856597814,,0.25024426434118713,,,,0.24954364161470696,,0.24986350985448905,0.2495866435382786,0.2505184474728749,0.24979737525796827,,,0.2499404217608357,0.795494360004204,0.7950181517945542,,0.7961989351408888,0.7938248596517582,,0.7941733175887142,0.7940870124272891,,0.7933272357781999,,,,0.7951485336312412,0.7940505399835472,,,,0.7956636534653954,0.7944723654750974,0.7959782791404313,,,0.7922787847045258,0.794874929170387,0.7941393922135394,0.7965333071775778,,0.7949963617824657,,,0.7932221368438028,,,,0.7966182691288053,0.7939620778328664,0.7934462394368151,0.795792390600543,0.7941861439665561,,0.7946120316513905,,0.7926393866701988,0.7934051478070672,,0.18221349886417176,0.1816660769037407,,,,,,0.18193926140437913,0.18205419266204562,0.1822240058920629,0.18153307422057371,0.18175214303734427,,0.18195625177065106,0.18191336934880858,0.18174479245362987,0.18274527361603096,0.1821143509691673,0.18160796388366485,,0.18229168289191683,,0.1816159779804164,0.18228643718858828,0.18159133303235891,,,0.1813787686481891,0.18180905993744487,,,0.18177836877683265,0.18140989808961977,,,0.18180579231630362,0.1817828125335948,,,0.18231518347921094,,,0.18123669799691902,,0.18155224343566054,0.18183989934670844,0.18158067755501264,0.1814233067434406,0.18196512475645296,0.181663734109744,,0.1815178504497773,0.07042703038698496,0.07037944624778425,,,0.24277430146561715,,0.07043268955447206,,0.07033128318936774,0.07031959321622058,,,0.21031268677846668,0.21014788173894727,0.21041662546333884,,0.2110459507933053,0.2104882908514779,0.21016287650814522,,0.21073146305224552,,0.2104673200377546,0.20960228840672934,,0.2105154525496613,0.2104718571334243,0.2099695351927923,0.2101414308714067,0.2099717330402922,0.2101232311499141,0.21062175420679757,,,,0.2100340270625548,0.21023284943327536,,0.21004067601688076,0.2101411171687859,,0.2105948397043754,,,0.2101489062090924,0.21017620913224583,0.21026998620771936,0.2102682155347063,0.21049229551388787,0.21022684160114183,,0.21698732497805878,0.21746617641643193,0.21760477339766354,0.2174921747251231,0.21780123435893564,0.21829320309863603,0.2174796561191426,,0.21882006225975378,,0.2177805385723515,,0.21795480461698677,0.21814628341683973,0.21804932976649044,,,0.21789694061992018,0.21777479066595196,0.21843771860319028,,0.21839571768651841,0.21805726798212016,,,0.2179577511776743,0.2179102624146174,,0.2180201754712822,0.21751309211272501,0.21742143470466727,,0.8329262328970349,0.8340936041756059,0.8351674267631684,0.8333255768260217,0.8326153709748112,0.833883708549668,,,,,0.8353279256720249,0.8257453086700525,,,0.8239804143606436,0.8234780805202785,0.8247453513164753,,0.8223566105887963,,0.8264466534381132,,0.82233734507657,,0.8245442156416207,,0.8323307930900028,,0.8322290368225842,,0.8327025990031819,,,0.8348860329477614,0.8327043559945692,,,0.8330445916413266,,,0.8357564827123131,,0.8317915503311923,0.8321900118399842,0.8316285202652295,0.8336518502418925,,,,,0.8350114412129439,,0.8318518745161612,,0.831808288706738,,,0.8258834334878589,0.8253972386604577,,0.8259608017749408,0.8240719058090513,,0.8258300854042989,,,,,,0.8258994743395781,,0.8234497133389143,,,0.824398408515971,0.8237013752840366,0.8253080417335535,0.8255236956712402,0.826570246816033,0.826070320803056,,,,,,,,,0.14706548511613896,,,0.20625640676311083,0.20686046315277035,,,,0.0702391732969165,0.07021565194685672,0.07032708528963222,0.07033834654524981,0.07023610096145998,,0.1757579973639034,,0.07056179338490394,,0.0703862968108338,,,0.07063432973649553,,,0.07006101482408389,,0.21725413999962734,,,0.23100311123673367,0.7495316554650187,0.31007974158889706,,0.7511927805365016,0.2382202222913077,0.23776328870813815,0.23858052771774846,,,,0.23750473931201121,0.747503603138303,0.24409215532195147,,0.0716726176792119,0.07174451467561782,0.07179613184385727,0.07177776777693462,,,,0.07187669948627635,,,,0.07159061834926128,0.07157747693210553,0.07180630320631584,0.07171243654581146,0.07165312144907586,,0.07177382004401776,0.7444977746579415,,0.743053834500754,0.7426787772283334,,,,0.33798715928000206,,,0.2614485107949382,0.26175838702165394,0.2616058764823883,,,,,0.7403871598788515,0.07264420825441743,,0.07269140255240869,0.07291610083193634,,0.07258520715316744,,,0.07275072122738922,0.07269263000949623,,0.07237390413784062,0.07246984263971863,0.07254038411497815,0.07265139087859057,,0.07283041994306266,0.07264497756071378,0.07291472632775305,0.07267972604374426,0.07277927469948231,0.0724802352861534,,,,,0.07259929010706881,,0.0725202696950954,,0.07258535858127686,,,0.07248180318034371,0.07282812752948264,,0.07249156815594093,0.07265784023345358,,0.07251551885735376,0.07255674209519045,0.07259999520490791,,0.07250802113834011,0.07257620719037959,0.0725299089494176,,0.07271420299435948,0.07258841171633329,,,,,0.07278492289112941,,0.07272155181359191,0.07247332546342983,,,0.07262672367495616,0.12964109929454132,0.12917195189012104,,0.12927588289881412,0.12922909742023359,,,0.1289856736035808,,0.12953083779679272,0.12915798660933336,0.12981725305880698,0.18377184355850568,0.1836221254213258,,,0.1836830586849885,,0.1837099628104995,,,0.1838736797314571,0.18366680846876413,,0.18356466042605388,0.18334322983467408,,,,0.18323662078833572,,0.1293343499406529,0.12949568159282873,0.12988013829898792,0.13002618691840476,,0.1296878760538119,,,0.8586842563404458,,,0.8611724518161884,,,,,,,,,,0.8591162409442062,,0.1830742073969751,0.18280137150742348,0.18301990349551597,,,,0.18335700707291216,0.18307849940717935,,,,,0.18318845263746358,,,0.8582814587825516,,0.8603895754632519,,0.8582828922958265,0.8579816192904306,0.12912618684092592,0.12942832086670444,,,0.12973064693866368,,0.12926488150133583,0.1295992894369607,,0.12938712867649424,,,,0.1298508054172231,0.12963231243269746,0.1295532762145506,0.12951630937700015,0.12934304639122096,,,0.12978368550777777,,,0.12979426501527055,,,,,,0.8600669439741093,0.8590177629864514,0.8609880674198581,0.8600834053177115,0.8596077591733743,0.8608243055723939,0.8607406544454984,,0.8562994973621681,0.8589943797253949,0.8579054545689438,0.8613863960884158,0.858219820175042,0.8559027778491436,,0.8567277211581058,,,0.859307169146559,0.8586437256453106,0.8605614289773323,0.8598874622425908,,0.8610645901463956,0.07068729315753358,0.07052596918091819,,0.07070666913052723,0.07095044903368096,,0.1704928364585121,,0.14045705198873762,0.1406477617596211,,0.3246659912985023,0.22324335478491128,0.22328536587524764,0.22390584109555725,,0.22371823782594696,0.22356475200533968,0.22348541200139313,0.22358703303647146,0.22297693973499197,0.22315718503019163,,0.2236215644364987,,0.22359303513533432,0.2234368018078961,0.2230955060077104,0.2236493963060775,0.22366342679694745,0.22366449135591077,0.22402355623703252,,0.22371469320764026,0.22309904794274696,,0.22338608581455316,,,,0.2238002303737461,0.22347987791913682,,,0.2237831150781085,0.22304746335346362,0.22350029925464826,0.2234137211462486,0.2230649484425266,0.22307230283355295,0.22332369150710113,0.2234142274323969,,0.2232632161040187,0.22367503892937013,0.22267697886493212,,,0.22326148896609915,0.22376350928215594,,0.22360596774336275,,0.22354952328602962,0.22348943824843248,0.22371177643779638,0.22311127108515996,0.22343783863738717,0.22330833073780207,0.22308072135573198,0.22370286567550554,0.22336380575074077,0.22362979833792668,,0.22418589927734578,0.2241407878069403,,0.22341778338973153,,0.22439576360401683,0.22366405149781476,0.2231509327763148,0.22377852515189448,0.22391911412093737,0.22391105043363285,0.22337470035613424,0.22401414958507965,,0.22323854474514665,,,0.22310776240349586,0.2231325699670084,,0.2237422330101321,,0.2236768145461268,0.22313153785406262,0.22362494221100773,,,0.22434640042115672,,,,0.22401288480617926,0.22336472859020107,,,0.223999225458107,0.22355407434914093,0.22288314759532143,,,0.22311585761314998,,0.22378219440796562,,0.22357457956854057,,,0.2229529489845992,,,,0.22285819974253845,0.22363158724972548,,,,0.22430946657927875,,0.223304379414835,0.22357040150606527,0.22367143907410117,0.2227661866150862,0.2242449670433158,,0.22313395937965202,0.22345072783459524,0.22425148658504857,0.22335826660015223,,,,,,0.2232511692186379,,0.22391054109320946,0.22412179516989922,,0.22300139854124346,0.2233016025427253,,0.22365144286305363,0.22262152506133395,0.22359125946654346,0.2238340683527946,,0.223527670150394,,0.22339385704311226,,0.22325800680301994,,,0.22326072865469052,0.22454233812923519,0.22378512588732585,0.22344947281762234,,0.22349747528596875,0.22363319966697942,0.22291426004242196,0.22369574935986042,,0.22394607781070347,0.22311698942421068,,0.00011330602670010292,0.00011284399692391831,0.00011318252093751669,,0.16476160058072178,0.884354404937535,0.29061801786266117,0.29136988226938754,,0.23057881911218328,0.8730978249991996,0.8739845237241028
4,4,DG_8pct,16,Z05_F06,5,LL_AB,157168,165495,True,7466.53952781555,7515.342347471686,7505.036850301062,7902.183531091396,1027.93734447238,183.3072961938384,11.14583892689788,599.8587860702847,594.2562880605582,225.8120761441155,225.96705767713448,146.72790220571704,3.755898072079479,10.593872006862068,16.115446006822797,11.527155963441981,145.78170771720474,20.631821813787734,36.807317991639835,186.62559441974443,,0.5276612811149755,0.5294035246019895,0.6101892292768785,0.5583770910312625,,,,,0.2058036435864043,,,,0.2644079634232704,,0.22737029726344876,,0.8566439946606764,,,,0.20661905873008432,0.20611480769622545,0.20622200380107053,,,0.20406957987057026,,0.20447304919398396,0.20631945962698048,,,,0.2065338962888985,0.2061918839740458,0.1952948625963214,0.12900484165079343,0.12874320397186076,,0.0998538620315132,0.09954167793615551,0.09994960262015744,0.10010954190078547,,,0.09981147385629768,0.09985895023525398,0.09998685575487402,0.10009297110016553,0.0997226225353831,0.09996629942135837,,0.09988418156302614,0.10006954859045739,0.10014628013998325,0.10042875661070592,,0.11041416211015356,0.11045255047285407,0.11258370702211067,,0.08520670948002224,0.08541408262610847,,,0.08540513173636252,0.08563159796151112,,0.08572323797858265,0.08551639643884167,0.08564900479075306,,0.08576604076001045,,,0.08537453806686825,0.0856599293430171,,,0.08531910715668627,0.08530660506255762,0.08546314841206011,0.0852410609647528,,0.08548852377918655,,,,0.16678719106557222,7.846248602632183e-05,7.854975479148057e-05,,8.073728947409814e-05,8.081214110548073e-05,,,0.16755072300550708,0.16809455147424607,,0.1679031237316115,0.1679617030664832,0.1678424800822148,0.16786932686215597,,0.16804627342207296,0.16736504245921316,0.1679533554697976,0.1678703117760787,0.1676191928792937,0.16743637350413765,0.1680729074902811,0.16744587780214332,0.16800885651228456,0.16774816895082933,,,,,,,0.1672824163209738,0.16759165698362877,,,0.16751622277458916,0.16777735200676916,0.16739105842929358,,0.16773610054973434,,0.16820322874791413,,0.16736575629522943,0.16742844226909068,,0.16782379600277145,,0.1677462031765449,,0.7865078470996303,0.7870283843361666,0.7863574779176467,0.7880786377304915,0.7897045552109737,0.7873088697718456,,0.7870588766834129,,,,,,0.7838792535667288,0.7864169550802534,0.7891398877598174,0.787938188648705,0.7873805311283437,,0.7882934407144088,0.7887224380491304,0.7878442639153697,,0.7893191906970966,,0.7890500810989912,0.788142417461631,0.7870068342809908,,0.7873234004268397,0.7868909058503805,,,0.7884785005235888,,,,0.7882109762479571,,,,,0.7876092796396046,0.7842785658395476,0.16784316204824754,,0.16761693302056627,0.16768002846172017,0.1684452410584482,,,0.16788917459936342,0.16791377277727257,0.1677757204470409,0.1673000407145651,0.16753007831867245,,0.1681146659092313,0.16771880377613851,,,0.1674517066346339,,0.16781072293170782,0.16817651773377912,0.16773397456549277,0.16727018670804125,0.16770406446439762,0.16772702114999502,,,0.16728780384620612,0.1668932010401758,0.16733943420388717,0.1671406669832915,,,,0.1676497195612317,,0.16763425911414676,,0.16791306456872715,0.16765282845983967,0.16736143990211105,0.16785786016825485,0.1675302506461697,,0.16756249249579266,,,,,,0.16764878259275168,,0.16746078139160675,6.256217093392003e-05,6.258825031391652e-05,,0.13393434117174507,0.16124486604883692,,7.1209281798436e-05,,,7.110305415511869e-05,7.113709421773482e-05,0.12182994016680357,,0.12186206205286461,0.12193987242456229,0.12174559870786397,0.12188497025126868,0.12194108785767145,0.1218504007484511,0.12225245213359774,,0.12213082055214243,,0.12178145636518041,0.12162447496241151,0.12184656589189677,,0.12179566554782056,0.1220404417507494,0.1213822573551445,0.12173464469720485,0.12188893010881194,0.1218689077378244,0.12215422183688227,,0.12187988544792339,0.12170211777325991,0.12194848111065122,0.12192793505938068,0.1216486109468814,0.12192466266576625,0.12179951536922952,0.12163145969019792,,,,0.12164076188098359,0.12183871879496323,0.1214260671331406,0.12172920005704652,,,0.13063876905355323,,,0.1304749774555727,0.13041935176975217,0.1302653319087801,,,0.13044182359407508,0.13046884009175744,0.13033285876450043,0.1304232390570882,,,0.13029036476586606,,0.13041545454697798,,0.13025932976548515,,0.13043520620878737,0.1300295725494801,0.1303483093823751,0.13087259012174737,,,0.13042801251097413,0.13027759289453872,,0.1304117522090375,0.130444382243783,,,,0.8333231532812267,0.8343816671700962,0.8344557576043676,,0.8337452863925465,0.8313264859912276,0.8350324165199129,0.8332146397205082,0.8236479263549957,0.8237136154511748,,0.8219405939232958,0.8208152900886878,0.8222628855919041,,0.8230315845430765,,0.8217266866827161,0.8228234119919567,,,0.8216615053365497,0.823308141117005,,,,0.8312657106771889,0.8310810211056868,0.83135965405153,,0.8335341488224659,0.8311823504828477,,0.8313063133121292,,0.8329002861647393,0.8340650213292335,0.8328962001321388,0.8352287499519482,,0.832949081835848,0.8306651699120787,0.8331840547202576,0.8320691248083054,0.8315560646653611,,,,0.8333252236967794,0.8311712137397692,,0.8355099166740595,0.83430557872026,0.8320214437871274,,0.8243746790256562,,,,0.8233850690852503,,,,,0.8249858781918049,0.8259615222160192,,0.8262941117668898,0.8235240052746927,0.8222772784008728,,0.8254172405659299,0.8232548167035639,0.8238058367432156,,0.8257035806517566,0.8263746187453246,0.8239935817695933,0.8266528992680208,0.8242878950423802,0.824273006758668,0.8239281708864288,0.823733007757219,0.11805480063877619,0.11849911715583582,0.1184477622231997,0.11823863662451764,0.11802641660961861,0.11828160199867446,,0.11817170509279495,0.11814055135542705,6.138478628577943e-05,6.147055740958589e-05,6.136954321289004e-05,,6.15561220008677e-05,6.153057787857898e-05,,,0.7907504809792064,7.11317201417111e-05,7.103016761017559e-05,7.107725375976061e-05,,,,,7.07908325178578e-05,7.069068538812328e-05,0.21583448658195892,0.21576651479945233,0.741611494850888,,,0.7312155574312558,0.23685581348381227,0.23599187139987057,0.7315487252561964,0.2391851413316683,0.23912186156228993,0.23947565495608025,0.23989471115417935,,0.2402010219075402,0.24009391719286846,,0.24618380139607451,0.24660326291999934,,0.00012013818075510096,0.00012084877712282401,0.0001200948220124086,0.00012022008727158531,,,0.00012029151526766854,0.0001203111175805643,0.00012016948025873909,0.00012047048336950713,,0.00012037823551131133,,0.00012026080880474227,0.00012045447806768128,0.00012011327093756074,0.00012018899574853196,0.7232192861426511,0.7233882035132336,0.7215903342703014,,0.7230447962031287,0.7225517837985502,,0.26792883104984944,0.2668167940792908,0.26725456757819066,0.2675840511394892,0.26691310514361805,0.26685842899815065,0.26716511047045355,0.7175894367357197,0.7161523926598089,0.7188354150847326,0.7188462568021604,0.00012103737090564383,0.00012075091341540758,,0.00012065848235411844,0.00012097211197063622,0.00012066091738493726,0.00012060320475152639,,,,0.00012108242696389454,,,0.00012102043477847054,0.0001210888962187013,0.00012092750514781639,0.0001211816893675353,0.000120894775044352,0.00012055439496316895,0.00012082213321291156,0.00012089373217521703,0.00012104331771024802,,0.00012097932519623876,0.00012060466324137709,0.00012087634285835554,,0.00012114429070233932,0.00012079320128235112,,0.00012066119492951291,,,0.00012098198056149132,0.00012053206865570194,0.00012093455558411442,0.00012070528442691146,0.00012065068724025203,0.00012077408628271638,0.00012088859179457215,,,,0.00012079487849307185,0.00012056728146730933,,,0.00012085220132526768,0.00012067424460815607,0.00012035576342302161,0.0001206337244758807,,0.00012056368836963127,,0.00012086504770918597,0.00012097387607954742,,,0.00012056826454042132,0.00012030531175815873,0.09172685414402577,0.0918109619885401,,0.09184715025448649,0.09163113049002576,0.09152296016706989,0.0919317517107778,,,,,0.09209120359322798,0.09206451300791256,0.0918782335418177,0.09214752265989522,0.09184127302254683,,0.09185996148847564,,0.0919512495381046,,0.09174182570470567,0.09198276495330625,0.09186639768510377,,0.09187210062547202,,,0.09192513919270878,0.09184087906877833,,0.09175237879833888,0.09210433402792828,,0.09191930839878595,0.0920334534816402,,,0.09203214832132714,,0.8620315861523166,0.8615556268285562,0.862389454371906,0.8645102612057901,,0.8617749366950777,0.8617090681065135,0.8590237375491119,0.8641342001187731,,0.8634043728416505,0.8620580010425082,,,0.09207326732221759,0.09163289620956816,,0.09188944122289697,,,0.09216854855655836,,,0.09181536365773828,0.09181409578348636,,,,,,0.864933029110569,,0.8635346778886394,0.8611101991551056,,0.09202378560894528,0.09184780985773446,,0.09189858892076591,,0.09211909742320351,0.09198840928927365,,0.09203688877098043,0.09185512835983632,0.09181591915555043,0.09187474729578653,0.09195166465251611,0.09196558513483936,,,0.09168172921623888,0.09182452382645848,,0.0919063051110702,,0.09200122097002954,0.09204790542226354,,,0.09177568455355607,,0.8635961066217348,0.866872490085416,0.8655325668389243,0.8659212575425294,0.8630333675786799,0.8645770975154271,,0.864944031098496,0.8654218689063901,,,0.8607940162758687,0.8640697962887558,0.8624480447192991,,0.8625078247990966,0.8643498922608112,,,0.8644748992412278,0.862154021369231,,0.8625593355257647,,,,9.68476373559169e-05,9.680524045199838e-05,9.680046282037412e-05,9.699324931931245e-05,,9.68706054810378e-05,,,0.13059328309159385,,,,0.20590418920478865,0.20556454302306754,,0.20544893483904497,0.20570080729738122,0.2057492132309784,0.20605446575821612,0.20519717412945393,0.2057659575311747,0.20611230593238686,0.20574409664048737,,0.20619103384165818,0.2059626820701579,0.2057511052613081,,0.2062657230442033,0.20586734566701184,0.20598077380124544,0.20627501735244874,0.2054821217514771,,0.2060746650701204,0.20560589799985798,,,0.20569549418349306,0.20572603015334157,,,,0.20632908197145142,0.20557798121714063,,0.20618461243288483,,,0.20565569850167656,,,,0.205411972989893,,0.20625665659824882,0.20544250472442707,0.20579248496110777,,0.20547577550010368,0.20575603331240144,0.20569168196325008,0.20575138774151935,0.20553893002251525,,0.2059735315584406,0.20559051508609189,0.20576574992584717,,,0.2053071800790711,0.20545731218422517,0.20634854971663832,0.20537375801789562,,,0.20583122004433677,,,0.20620041477359582,,0.20591694594940382,,,,0.20551845653313083,,0.2061010057350792,0.20598456265461518,,0.2058847751070416,0.2067041768146103,,,0.205930417351036,0.20635027777302326,,,,,,0.2062963169778029,0.2057504854598348,,0.20567863238051665,0.20522638584287767,0.20625520837243003,,0.2057593504714652,,0.20617291524118336,0.20590990292270248,0.20559711422386912,,,0.20601660726228807,0.20595129483362726,0.20547959630827112,0.2067531286645852,,,,0.2061857367779177,0.20596635215545667,,0.20583241795052418,0.20600232627500267,0.20577315163060994,,,0.20607620533698875,,0.20558886801451512,,0.20531503127562994,0.20589459168173369,0.20562258823809476,,0.20599508120023224,0.20581457019988803,,0.20555679877876315,,0.20633243146975463,0.2055249059553509,0.20598795135717593,0.20566166081919499,,0.20589978513175444,,,0.20621553334451045,0.206307159659334,,0.2054581165175546,,0.2053823704331973,0.20580313623948351,0.20569586660554204,,,,0.20593931830030354,,,0.20632631881998986,,0.20567783675179369,0.20544629856469634,,0.20523287187725625,,,0.20580689192632004,0.2060740456016967,0.20565616532521921,,0.20517862091651942,0.20617037939692126,0.2061518497128918,0.04410223769364499,0.04411898222671936,,,0.1705944335031253,,,,,,,
4,4,DG_8pct,16,Z05_F07,5,LL_AB,282438,283955,True,7365.0182780922205,7419.099190384827,7454.1607482188565,7815.710139942624,924.5376795935713,154.66802252256338,12.304838368971192,545.2606117538963,543.0895857598839,206.1706816404623,206.11264850448046,134.45137538022445,4.109600332572919,11.045521588258298,16.61109565997072,12.577599845898703,123.18268195459702,21.23051016531482,40.30081475261809,167.94023562125375,0.5376260632613813,,0.5367674992243995,,0.5566107012101256,0.8349989365059483,,0.2263078866668325,,0.22681014526239723,0.23143581800118188,0.29393746070643284,,,,,,,,0.8758428711767674,0.2271110497260894,,,0.22726798444267376,,0.22666959582315538,,0.22525196504054365,0.22574936578277474,0.22669420907090573,,,0.22736963815173164,0.22664869800808607,,0.22358793132518584,0.14283823875936338,0.14248264298731012,0.1427941730459072,0.11600137543546007,0.11556968851818995,0.1160328806598161,0.11549504854288793,,0.1155347501379156,,,0.11589616909071972,0.11576408953018082,,0.11560185635572366,0.1163789560281683,0.11566681555427008,0.11589259172885194,,,,0.14399793966333369,0.14516629976185813,0.1148693988827303,,0.12167529067130889,0.1213025849558513,0.12109818981739363,,0.12156025949121006,0.12199806374964026,0.12156590751220914,,0.12166164024393904,,,,,,0.12194139301774845,,0.1214392165725021,,0.1215851770791262,0.12169340107810715,0.1215157756738187,,0.12140885092957701,0.12201705700074574,0.07120128026358864,0.07122086660389149,0.07109072911939728,0.1849568511891942,0.07348048297862361,0.07349437301427894,,0.07327817322746169,0.07338656266697709,0.07347031999392442,0.25375016343085893,0.25311946535441704,,,,,0.2536659922769336,,0.2532835919558359,,,,0.2529943438110388,,,0.25394978882694963,0.25312419961115135,0.25206343815009835,,0.2530622822907633,,0.252527073838334,,0.25313451622813643,0.25312963009631056,0.25333829631707644,0.2529271116209562,0.25329419851999163,0.25300454118013505,,0.2539009682895026,0.2531742153607664,0.2531336715413214,,0.2528958556635215,,,,,,,0.2525095472398674,0.2520289099996529,0.794508349989457,0.7960516235534759,0.7984022817314113,0.7959289170913028,0.7978659479478563,,,,0.7945497665908197,,,0.7971625087501798,0.7961801401741859,,0.7986887879635184,0.7957260532338696,,0.7948527379866385,0.795629798395154,0.7978894854864604,0.7965154981363789,,,0.7956870798849456,,0.7946942753264216,0.795546582822719,,0.7945195043018656,,0.7961845684190625,0.794493455162227,,,,,,0.7962361837160243,,0.7962537765780505,,0.7963700341539662,,,,0.18488625439976733,0.18524665936462678,0.18485112200234052,0.18523804075447753,0.184776427047479,,0.18533487101066443,,0.18525119198091275,0.1851576161175798,0.18578066566108586,,,0.18557208190063376,,,,0.18530340119299027,0.18598180519276755,0.18513501576081265,0.18469715960908334,0.1851429275520289,0.18515971401195275,0.18523317974502618,0.18553280536097244,0.18487995971107468,0.1850170071040324,0.18532721806788632,,0.18491566426780812,0.18529242645166522,0.18509206917299015,,0.18544122983283862,0.1853600961880232,0.18553387776726515,,0.1857069059560076,0.18576536483735423,,,,0.18518333455371536,,0.18520775530980166,0.1854554785706909,0.18529486837252537,0.18477370949038682,0.18543463841596486,0.18528657797578757,,0.18525742075660492,0.1857616364616437,0.07331942347685817,0.07333000748064905,0.0730034967620827,,0.24638909065546866,0.07322974295639069,0.0735971978162378,0.07321224585464688,0.07338849981814592,,0.07337139341922125,0.2129197318179562,0.21396829417547994,0.21402530062230024,0.21311549292648782,0.21365548993247743,0.21316449425617598,0.21371118218983862,0.21362095936510542,,0.21429076800258412,0.21342202590388337,0.21384561613814632,,0.21363285942662916,0.21383748248955847,,0.21350604546435092,0.21362538697555147,0.21351094243566657,0.21366989184410978,,0.21364570784568127,0.21323035466987325,0.21368732810525226,,0.21316738674255176,0.21340571344900394,,0.21338176908333373,0.2130097658234976,,0.2134367756831988,,0.21418923894824965,0.21294706451432793,0.2134832339915959,,,0.21306707035702763,0.21287962932326962,0.2210553807315102,,0.22133573010416333,0.22081047248272925,0.2213245681669966,0.22119027222199464,,0.2209781976330018,0.22075062995810177,0.22160504918303872,0.2211379223181317,,0.22131656519714513,0.2212716425758443,,0.22049599033213754,0.2218198449702418,,0.2212471396126988,,,,,,0.22090291977869797,,0.22055888290813028,,,,0.22153961120990276,,0.8346849846062115,,0.8346763124664319,0.8347903184355828,0.8356300590741816,,,0.8339237332752585,,0.8345056898627217,0.8325998381329623,0.8240602279036259,0.8260810224908909,,0.8277132540742153,0.8273748848155473,,,0.8266686887959755,,,0.8277334524664616,,,0.8265691495038462,0.823876977179041,,0.8341063971665401,0.8336296734807332,0.8341554481677191,0.8329995908274289,,0.8364632715028978,0.8335328657961881,,0.8355955687620141,,0.8334718338935438,0.8344987924489918,,,0.8336873488166304,0.8352482632918057,0.8357904748692643,0.8336728862194173,0.8342376579955385,,0.8347029324786099,0.8319707035807019,,,0.8340743536592963,,0.8376332441423447,,0.8352618990961752,,0.8269765141476985,,,0.8232143520856154,0.8251420728191083,0.8271865277893494,0.8267916686945482,0.8278028325303914,0.8271078953793701,0.8267683708421839,,0.8282591828411875,0.8277859621095237,0.8269289953158739,,0.8295648688778007,0.8259956050894476,,0.8270866569974077,0.8268960327103435,,,0.8269454775266318,0.8270235795331705,,,0.8282560493366697,0.8283932711875672,0.8282243767455815,0.15119091005371502,0.15099122483834637,,,0.21025997036199168,0.21010995365050036,,,,0.07330043831560533,0.0731612121969703,0.07302927659760688,0.07320885713675279,0.0731882151027299,0.07314295054983944,0.24702194498822894,0.1797454875726353,0.799407558057949,,,,0.07323040835118083,,0.07325787350468792,0.07259003119570305,0.07246801762526359,,,,0.7582009369176705,0.3089587031288146,,0.7533227844124981,0.31265956751604784,0.23814403867928136,0.7516025085749052,0.24130962037995532,0.24097229127114567,0.24122148496285206,0.24105227588052713,,,0.24013464891239383,0.7514895917687472,,,,0.0745250308235971,,0.07450425652599073,0.0747947383434361,0.0748772631926685,,,0.07458814761817005,,0.07457545756832008,0.07478271356309125,0.07472085330361997,0.07462761486945794,,,,0.07454496220590727,0.7461640299700862,0.7454313425591038,0.7453510252554236,,,,,0.3402266705414662,0.3406139054203251,0.34067679083765917,0.2642301649246023,,,0.26399429790000356,0.7436417390995675,,0.7429832673555862,0.7449421864102498,,,,0.07544930974569766,,0.07595268069404,0.07554011151519466,0.07571316093012212,0.07567376978962115,,0.07556947609757693,0.07547880767202479,,0.07547248606755898,0.0755195573793299,0.07567393402412737,,0.07546038768369936,0.07560159240825322,0.07563083723655864,0.0755460310006385,,,,0.07529571775605695,,,0.07557513734537202,,0.07556974730114298,,0.07559808139773402,,0.0753973920751805,0.07558804137779555,,,,0.07540903688815195,,,0.07538293108534054,0.07531308308586927,0.07538592904230432,0.07533291004372811,,0.07530584631041011,0.0754589368274113,0.07540006958735854,0.07532001057132927,0.07550392721815766,0.0755264311327569,,0.07556338531045051,0.07569335479390994,,0.07550225676596026,0.07547652863513028,,,0.13308640014532375,0.13330337372345677,0.13352400237864195,0.13340855180987557,,,,0.13311874068653587,0.1336254374026572,0.13327426427384093,,,0.18656284445852736,,0.18753054780481557,0.1867114810699183,,0.1869393331232917,0.18691843686311907,0.18716442295637853,,0.1872881207380176,0.18660665481268573,0.1866387812106219,0.18659483270473212,,0.18671067983695602,0.18716249196812942,,0.18650284081872054,0.18666167323278435,0.1340188539499948,,,0.1339025183779924,,,0.13374826134148432,,0.8622260192597335,0.8598056154459556,,,0.8591029242978615,,,,,,,,,0.8587085067525733,,,0.18669330713568727,,0.18707226445749434,,0.18685965520814102,0.18702032254806475,,0.18693832796888593,,0.187020459541805,0.18416842816880513,,,0.8598761929344717,,0.8600640847720136,0.8594109385265107,0.858780865586517,0.860339938087369,,,0.13396928863607296,,,0.13399932323048455,,,,,0.1336664946431492,0.13371297037553453,0.13375924977007808,0.1334517433489333,0.1339102557065568,,,0.13396428450392636,0.13360847028848608,,0.134133085928885,0.13437915725027053,0.13343620695288658,0.1334652884841914,0.1334041763934617,0.1339801698827389,0.1337428324798708,0.1337999610035908,0.8606796747917278,,0.8629049702202208,,0.8618545582023719,,0.8608675509182989,,,,,0.8563182656246597,0.8604447073939933,,,,0.8595174504274121,0.8622783583241846,,0.8613023874380232,0.8597129574945412,0.8621531729013782,,0.8607634755249624,0.8618233257193182,,0.07352046503236405,0.07362294628134013,,0.07349902844295679,0.07352651154475558,,,,0.14407448011078736,,0.14391537941221386,0.3272302686176406,,0.22612371678095727,0.2263349134835179,0.226781369624596,0.22691559804019112,0.22701645210845495,,0.22681004047548492,0.22582844519664713,,0.2260306318242056,,,,,0.22548671499217296,0.22610502442482294,0.22570701733439083,0.2260586651832068,,0.22661025490900713,0.22548362752509107,0.2258079136917968,,,0.22669314577129118,0.22606177430018548,,0.2263600947002721,0.22676348071648167,0.22616687555109452,0.22630784578078772,0.22613359071352807,,,0.22591990499509104,,0.22654029757726377,0.2258953170984778,0.226200657338337,,,0.2257846495062469,0.22569410670605436,,0.22622778093519594,0.22636294439685756,0.2262266176710059,,0.22589834145395682,,0.22605191806639602,0.226749069125676,0.22593417086675732,,,0.22620291007483276,0.22591965596736338,,0.22608046270560903,0.22693588459561242,,,,0.22624608222172887,,0.22658636448190186,0.22630765163293715,0.22655255253969278,0.2265555763033786,0.22568060687205352,0.22682545388821518,0.22651354360002096,0.22552972770871485,0.2263933035875437,,0.22607148431721857,0.22624758202724513,0.2266062520794572,0.2261233162412373,0.22642877773686226,0.22574728467633873,,0.2264845259222647,0.22633650008919648,0.225838785618336,,0.22602968819660924,0.2259517318708213,,0.225760628553006,,0.2264531523871992,0.22667751955016846,0.22571559509406866,0.22654525292434802,0.2259235269812314,0.22576361264191933,0.2263098617422969,0.22631779265992136,,0.22642708328903052,,,0.2262901444825511,0.22600528766784198,,,0.22553603548301226,,0.22624456526008685,0.22593183375485681,0.22604268922227663,0.22630969039492943,0.2260610489560528,0.22671822247879267,0.22625791812460472,,,0.22603248857538516,,0.22606852629557764,,,0.22659643259182122,0.22630689679787225,0.22561494426633052,,,,0.22586173839338966,0.2261300231450357,0.2262785936261303,,0.22562421120788972,,,,0.22600042236550796,,0.2263177379503391,,0.22596834668426818,0.22550279068304574,,,0.22658368874147514,0.22547806118397717,0.2264816632679496,0.22603758479419012,0.22625584954140102,0.22546038971339866,,0.226806717476714,0.2261387852515429,0.22625751531546545,0.22593216445923167,,,,0.22597130636871784,0.22626684494860766,0.22595769623288672,,0.22677615706020354,,,,0.00011263139957360661,0.00011242256616307275,0.00011239648327649098,,0.1683057552175584,,,,0.2340702750162908,,0.8753695542873557,0.8729698626672631
4,4,DG_8pct,16,Z05_F08,5,LL_AB,157163,165500,True,7381.662462035581,7358.16182232002,7448.19402867589,7759.3551476866405,1013.7160946057579,178.23655903690687,11.390265011487628,595.3554884271695,586.9184704638637,223.62114393673744,223.8787673719779,146.36173243293874,3.803123196192493,10.792934667875606,16.268460152527105,11.72345073007511,141.55150861679462,20.879990829246786,37.65356332224436,182.54755783169546,,,0.5345896805436313,,,,0.42508270530073206,0.2173904691743529,0.21751312359566283,0.2173696704761896,0.23493978973549395,0.2796624812983906,0.27968696800656656,,0.23708515797813712,0.23709968799070852,,0.8585411692051751,0.8595996222103418,,,0.21715527444238167,,0.21779488541577055,,0.2173476204906763,,,,,0.21740016897335526,,,,0.2172138757609691,0.21036376430544373,0.13881540463343187,0.13914318461756753,0.13836053179455624,0.11049839794128556,,0.11049347824696905,,0.11058650534325899,,0.11065322656401567,0.11092981331402754,,0.11049775483508169,,0.11060575232123923,0.11035386260731461,0.11029653675037751,,0.1103708848233707,0.11051870394063848,0.1105364758631424,,0.1277260964344492,,,0.10362150231539505,,0.10350313671422977,,,0.10352394944046088,,0.10368922691886395,,0.10372222535508246,,0.10353461739819758,0.10357084822027865,0.10369285368999394,,,0.10372513972970886,0.10335708852984347,0.1036954546658964,0.10417895764174694,0.10362966258267668,,0.10371438529526543,0.10354027608043545,0.00011142863939371735,0.00011143498292883716,0.00011150348989911907,0.166997489555631,0.017385004733981354,0.01743348387636716,,,0.017394563543990046,0.01734156217690141,0.18662461983896303,,0.18664357517925453,,0.18623013954984766,0.18636454339173525,,0.1861840713577374,,,,0.18698187308624228,,,0.18696673032072578,,,,,,,,,0.1864937492804702,0.18672093499976655,0.18594109570026554,,0.1859284598342258,0.18637730338308905,0.1866880453941487,0.18594974582037657,,0.18614039243117764,0.18639994982903313,0.18618348010754063,,,,0.18608060850689798,,0.18640915288438448,0.18656934538629333,0.18617381525134785,0.7915751612871642,,,,0.7923103993531849,0.7933826173560562,0.7927639442343705,,,0.7917439243175576,0.7921027237997036,,0.7918826038313818,0.7921718264432944,0.7888617828419537,,0.7912634683825988,,,,0.7918302209274022,,0.7909864982793423,,0.7929287664238913,,,,0.7898829634314275,0.7920809168805013,,,,,0.7932870741463647,0.7913404081981331,0.7931914673965563,0.7910890006648051,,0.7915515351230906,,,0.7905536420587128,,0.7925676195331359,0.16777261123172904,0.1678492313050466,,0.1681298153402212,,0.1679528588020498,0.16749592036662994,,0.1681324794255556,0.16777029758980339,,0.16815370611128538,,,,0.167851209384671,0.1682105550926077,,,0.1683539371396621,,,,,,0.1677413604767975,0.1678722237210372,0.16779352449384002,0.16805325053738038,0.16850579577357075,0.1680133776226419,0.16804008416092872,,0.168128289420527,0.1679763870858335,0.16825650224993596,,,0.16816786216198681,,0.1676392059909618,0.16825678486563866,0.16807018492686668,0.16795729575716847,0.1677440500905114,,0.16755805630811052,0.1679946390723394,,0.1680612628589182,,,,,,0.017323838138593305,0.15328057533282985,,,0.017327439719291397,0.017330916843025807,,0.017333679027599525,,,0.1411020034962492,0.14137677810199759,,,0.14086043395714573,0.14116983373441774,0.14115216323443494,,,0.14161719220799454,0.14113928302833967,,0.14095681754114298,0.14152378274210325,,0.1415983960412976,0.14108209382907355,0.1410859769518015,0.14098425183061547,0.14116121426921951,0.1413532366309684,0.14151973455291658,0.14075804046655746,0.1417514665216659,0.14116023435931938,0.141556027962145,0.14064988196568015,0.14135964569431161,0.14077466667027885,,0.1408803848292216,,,,0.14093563198354092,0.1408713357873629,0.14149542057823042,0.14157168813923338,0.1409279268369892,,0.14961877405556165,,0.149577092988848,,,0.14997029541894405,0.1493228125834768,,,,0.1500371677012837,,0.1497813174193541,0.14962372451359404,0.1497422468086334,,,,,0.14915094359943856,0.14970564913572468,0.14962148790114174,,,,0.14972625572766268,0.14964305592853538,0.14943912373038812,,,,0.8373777392103996,0.8369033265811378,0.8337369445689257,,0.8361071285738414,0.8387483256294699,,,,,0.8394023560025596,0.8258977272519993,0.8270644328914831,0.828628879436739,,0.8292952477465488,0.8299269159325376,,,,,0.8279981938792124,0.8251399123808287,,0.8251366604146858,0.8275439021807921,0.8361161196072636,0.8370106638943673,0.8339597398643802,0.8366078394606143,,,,,0.8361651960204426,,,,0.83561438757507,,0.8380781478556925,,,0.8353733563920042,0.837263318238965,0.8382723697307914,,,0.8396292536232827,0.8356767751556429,0.8344414242281234,,0.8375128206143138,,0.8374961582148508,,,0.8281148238056742,,0.8264814640598893,,0.8280549777550312,0.8259669269886355,0.8244370828393874,0.8258227978688417,,0.8285290642329194,,0.8313848756748604,,0.8261929200190258,0.8258803770104773,,,,,0.8288556172417337,0.8270814603039044,0.8296699402430028,,,0.8296918189358802,0.8278053341388436,0.8275857880406543,,,0.12154265651352596,0.12136844606347136,,0.12144405269721324,0.13735776843303232,0.13789981251196531,0.1372831844803809,0.1375682293180572,0.1374112018225919,,,0.017375544388671324,,0.017288443628377007,0.01732223072976059,0.17955198068734618,,0.7965545373929194,,0.01735394191035942,,0.017401666664526548,,,,0.017244785326722342,0.017244835112566647,0.2335931975001286,,0.7490293331543402,,0.22942878719242332,,,,0.7379288770343866,0.23663505881252686,,0.23729664943019274,0.23647331039969335,,,,0.7359001995779078,0.24380924893561878,0.24322803911892188,0.01767879377836289,,,,0.01766251883523585,0.017674470793390573,0.01769428950797555,0.017703804845398418,0.017674718799188655,,0.01768408538571253,0.017704062075939827,,0.017700215265509158,0.01767090366752165,,,0.017696960924470043,0.7267133038260322,,,0.7296358400896007,0.7284124666568186,,,,0.2843460278950857,0.2845950104654445,0.2638808986413547,0.26376678385057156,0.2646991032817443,0.2640991122848014,,0.7249262921975025,0.7247885749903552,,0.017914682209750038,0.017888723583114455,,,0.017869846973182356,0.01791180632043638,,,0.017950004666080037,0.017902729697147485,,0.017967230218625445,0.01789145831376445,,,0.017937762135628813,,0.017886385934557186,,,0.01789563715179922,,0.017976101136724338,0.017899289320979134,,,,0.01787784505332703,0.01790010214694716,,0.017888219988975416,,0.017872965690381205,,,0.01787258529877708,0.01785527115503905,,0.017894485687400898,0.017885843639284686,,0.017970019401736998,,,0.017883373769927786,,0.017932588662476493,,,,0.017844442261727704,0.017912402465397714,,0.017892558067148272,,,,0.01788874136599626,0.01788191096567904,,,0.09719223261618609,,0.09736290441202357,0.09675130162898109,0.09720689915844764,,0.09680725185828665,0.09711505227314614,0.09702050984075289,0.09712491281738277,,0.11152169157167277,,,0.11142151327824108,0.11147529043240695,0.11133248736681599,0.11125775741971225,0.11154758088037427,0.11148948374945752,0.11153791437530583,,0.11155839800474972,,0.11115432710293062,0.11165664535010955,0.11164125458549203,,,,,0.09737720534622761,0.09724893472980667,,0.09698110222709269,0.09735810694216059,0.09739937854573825,0.09715409197601672,,0.8652439153343672,0.8657681696478564,0.8680794829158407,0.8665909701477624,,0.8648463150507725,0.8643266327646631,,,0.8643929812324425,0.8660211659279627,0.86498182619343,,0.11118898463605303,0.11110961090476482,0.11114457609124234,,0.11124001817775303,0.11167169273277207,0.11137614469162775,0.11174116534681001,,,0.11156027898381206,,0.10978082100884316,0.1107790946036675,,0.8646439058788565,0.8638025964087139,0.8654375388674981,,0.8666307306617762,0.8649541721925611,0.8686298603761688,,0.09733514130542341,,0.09716078972908293,,,0.09697127459580174,0.0970498392072001,0.09742350230208058,,0.09703191579214683,0.09729199010206172,,,,0.09721356734531139,0.0972353711081891,0.09729360147310485,0.09706501654073446,,0.09722296887421891,,0.09736320849713002,0.09726648268012057,0.09722322372063975,,0.09726497436327905,,0.8660048955185647,,0.8688029993599534,0.8675346312768255,,,0.8656673800917297,0.8660391359343405,,,,0.8674882006991912,0.8672067983209053,0.8642321234878061,,0.8640539379688322,0.8666077562648957,0.8669870257181168,0.8657143425255871,0.8669658269515633,,0.8689964100621751,0.8680826123009306,0.868964454952479,,0.017464213495107867,0.017420902619156832,0.017406586801348305,0.017376813409927187,,0.01746540015697154,,0.28484159253288815,0.14145702144930478,0.14111151559417887,0.14147974828729676,,,0.21673812152692684,,0.21672653940538042,0.21733271829947798,,,0.21718091851532395,0.21730857955872426,,0.2168367175220755,0.21741980491461188,,,0.2171178095337589,0.21689533678881517,,0.21705034827292682,0.21670877565119456,,,0.216895428189745,,,,0.217118592419068,0.21741628266092194,0.21715286040274764,0.21699868054022042,0.21676162287320905,,0.21680900264819586,,,0.2174612733264856,0.21765604473743033,0.21730216721925144,0.2171911033475515,0.21780554880569747,,0.2165010558303407,0.21652643246562275,0.21749592059894246,0.21727704861190236,0.21703511406754702,0.21663455884095312,0.2172181460692257,,,0.2169431094923458,0.21699150085863353,0.21733724004061394,,,0.21703235322006714,0.21660374363575804,,0.21723573816885006,,,0.21697619990687553,0.21688500914378886,0.21731302806551134,,,0.2165023174133881,0.21673275980566692,0.21667484055240496,0.2172144275475905,0.21768431976834718,0.21697653353416332,,0.21754902411147103,0.21683079140239653,0.21680095883714165,0.21653150493384368,,,,0.2174698609193038,0.21746075015519076,,,,,0.21774132654670744,,0.21635454676354238,0.218039994506778,0.2172703175313568,0.21736224302737972,0.21677666486646338,0.2168309572758913,,0.21735451490360125,,0.2172744791564193,0.2170775607448573,0.21794749907163993,,,0.2169243225063122,0.21796117734276904,0.21672301046331216,,,,0.2175539937780807,,,,0.21765315761178558,0.217450969615397,,,,,0.21749781505871532,0.21673121388032732,0.21751833681211608,,0.21750916164553044,0.2175729398464642,,,,0.2171619603368217,0.21706538823161003,0.21738444185809433,,0.21735675215894923,0.2177513662634792,,,0.2175110310391268,,,,,,0.21766720029892853,,,,0.2173645210305328,0.21641383956351307,,0.2167013327606022,,0.2177960559235152,,,0.2178919868256152,0.21721402407853996,0.217488476213348,,0.21724421729351795,,0.21693115253134693,,,0.21737438108910973,0.2179794118578036,,0.21758783779172394,0.2170543170704591,0.2165965051741141,,0.05622002735068031,0.055826341389083885,,,0.17900920827867195,0.8681355727912772,0.27848834146472334,0.2789967721207932,0.2362128446352883,0.237488138733667,0.8615387152937206,0.861270315531689
4,4,DG_8pct,16,Z05_F09,5,3PH,282438,283955,True,8092.99189337114,8110.3027789382795,8154.621466770765,8189.242570297663,56.189156234976416,5.743630134748848,1.230564821352889,46.54784515302852,46.783862205602155,19.843611651147462,20.03054818738181,13.199919319610942,0.3977679070671967,3.1260190054538133,4.622841500652484,1.3520588499449806,5.206923747944316,1.977918654706097,4.087367790887029,13.784330421661505,,0.537914654836142,0.5393703100658196,0.5399716294885694,,0.5388766559090833,0.4016807313054475,0.22664241530365647,0.22689912751769373,0.22658415075705704,0.22682351039441187,,,,,0.22837443817036274,0.22892814091011215,,0.22902387180189815,,,0.22671013002291535,0.22686424881005346,,,0.22743838112103756,,,,0.2273722695001278,0.22673339124916403,0.22730182627934195,0.22799105051585908,0.22721051122551927,,0.16757584812303952,,0.1417786484099519,0.14179763970006598,0.11623742923849006,,,0.11637723376763083,0.11603924153087299,,0.1161304845884249,0.11647661354598174,,0.11622008893929561,,,0.11623531569510698,0.11667786488679448,0.11619890671696899,0.11651593980857254,,,0.1044808195746442,,0.10439943928680355,,0.08854743008724071,,0.08831949942950357,0.08816297117644813,,0.08834629505594596,,,,,0.08826691386607377,0.08850479318245409,0.08853751645304388,0.088323397719929,,0.0884144095116077,0.08836995467031013,0.08835645711287067,0.08857807951224332,,0.08830373259161199,0.08841130438045089,0.08827465169681457,0.0883946720834112,0.07117151575777622,0.07125399718975721,0.07117503552013023,,,,,0.07304639849839346,0.07293055316205277,,0.07397852177543732,0.07398217519095832,0.07414440360291243,,,,,0.07406611310176997,0.07408336159722625,,,0.07407093035313918,,0.07384281989034314,,0.07418962510813361,0.07395686399832974,0.07397316671900758,,,,0.07375790893540092,0.07364867265403721,0.07390190715377358,,0.07396855770433491,0.0737739567019688,0.07405178495344282,0.074331801280409,0.07383118441377914,0.07389122145599056,0.07384896706287145,,0.07392823747813365,0.07372136485592323,0.07388312148211454,,0.07391114501348026,0.07375553015445284,,0.07387537122595965,,0.07401356907087255,0.07367514264787876,,0.07384643786807105,,0.07374647389614108,0.0738344603701919,0.07381941364359784,0.07398545868737862,,0.073804674784864,,0.07383188975182516,0.07401359599053697,0.07382104065577155,,0.07378988936000237,,0.0739142746832816,0.07394922796722289,,,0.07393582959599831,0.07375051652228928,,0.07365091585172616,,0.07383716708242967,0.07400537902221765,0.07390887231552355,,0.07356161626648972,,0.07390105831541151,,0.07369940028654032,,,0.07364876203898434,0.07384978477184041,0.0737780738890679,0.0740276071579045,,0.07370213568306444,,,0.07399377925858819,0.07370759328685918,0.07398766294167679,,,0.07400287016433012,,0.07387724672760017,,,0.07403642070547933,,0.07399404319611554,0.07390002568214635,0.07389939319557348,0.07398650967552803,0.07405163768247706,0.07389849528416136,0.07406154491424617,0.07423177131379124,,,,,0.07387346171583635,0.07397013228464726,,0.07413453650063348,,0.07379938647047563,0.07385272034524348,,0.07374932172103461,,0.0739524835844574,0.07395203156628552,,,,,0.07392379675503988,0.07420316595200532,0.07406317159017732,0.07392005486416568,,,0.07401943885975978,0.07411078618750266,0.073839834657498,0.07380527879980517,0.07389248018546209,,,,0.07143466498550453,,,0.0736952167192163,,,,,0.07355575191910804,,0.07392894158750474,0.07400161748186071,0.0739786942585001,,0.0738563375466244,0.07388973516473467,,0.07395827615773606,0.07391740176363477,0.07402360927027626,0.07403703883853989,,,,0.0741034519505502,0.07391971104674094,0.07395042516412821,,0.0738869988220838,0.07392948257164238,,,0.07375026164322597,,0.0740055289560817,0.0740013900378964,0.0739143466121201,0.0739609183265717,,0.07376798426970933,0.07396242090879444,,,0.07380817651304321,0.07374204037077178,0.07367921179302386,,0.07416272550551103,0.07386585547391425,,0.07375423689490292,0.0737441442237805,,0.073882366097395,0.07379845846566392,0.07396992988288076,0.07378065578817197,0.07395544502877845,0.07384527101670493,,0.07384540185356964,0.07401365783502387,,,,0.07396421777194487,0.07404644860463522,,0.07370022776701639,,,0.07380358850141067,,0.07384066695754496,,,0.0739028149868096,0.07405054289557993,0.07372425289010909,,0.07395018552461866,,0.07397207129849406,,0.07354242086742285,0.07391907235892478,,0.0737948532879612,,0.07379767782370315,,0.07359037483660665,0.0737061297571897,0.07384464153765478,,0.07368462529461683,0.07376980119062078,0.07376034042798106,0.07354005531133946,,,,0.07405959961430583,,,,,,0.07355885279634648,0.07351083601383612,0.07374442128015059,0.07367925223779387,0.0737056770940697,,0.07347949817889747,0.07350276197542593,,0.07378896399943326,0.07343665033982638,0.07373446865311317,0.07375917023849747,0.0738674569607958,,0.07356338056558087,0.0736789040081279,0.07359458935313198,0.07356310826993975,0.07367715051234068,0.07379675401272903,,,0.07359904849675977,,0.07367216089868987,,,0.07375262398977699,0.07369415289808658,0.07386449753225179,,,0.0736345020835888,0.07393793892414526,,,,,0.0735890665023998,,0.07343907512619134,,,0.07373342590720493,,0.07347031462410698,0.07372311763142789,0.07346418650109961,0.07373792335565475,,,0.07382222887896216,,0.07386025445907825,0.07376132771124662,0.07374824555851207,0.07381719745052928,0.07379068020936425,0.07366525299250826,,0.07389568264997096,0.07388601151960669,0.07375841978800539,0.07351939889155416,0.0738534276906133,0.0740311107537358,0.07386084885641196,,0.07219620884999181,,0.07237284465770696,,0.0724319245008638,0.07216453359780335,0.07367810215180888,0.07383215295508201,0.07359333944697949,0.07296659731588098,0.07315404422891104,0.07321956080129131,0.07130040805487596,0.07116406797613303,0.07146869151454283,,0.06927075085650314,0.06943587985182213,0.07415937756944035,0.07421298529406764,,,0.07503098700806028,,,,0.07499999676929092,0.0754693091720853,,,,,0.07536983585194072,,,,,0.07512027901531176,,0.0751490775878993,,0.07499244547265548,0.07526948147904408,,0.07504186477196859,0.07508641447893175,,0.07506295881392708,,,,,0.07508689184737592,0.0746353160811858,0.07498030829349027,,0.07595729614275779,0.07586305361781584,,0.07585123367954572,0.07563786460926816,0.07641245095449663,,0.07626306280795758,0.07642445040466588,0.0760476872424067,0.07630290046359378,0.07650554471630475,0.076246801542667,0.07615389548848925,0.0761752176457385,0.07621907159082429,,,0.07616405469089722,0.07591319990460023,0.07629841866638208,0.07609382080253117,,0.0759547237727476,,0.07614536394491393,0.07579823116908084,0.07575871385488919,,,0.07608763796286953,,0.07598247713700709,0.07594186641649697,,0.07589179029587385,0.07609286322357452,0.075911124631516,,0.07580914990652783,0.07607098058805516,0.07591658537009938,0.07584468673195943,,0.07608334693651411,0.07594597278720576,,,0.07600763155852311,,,0.07580101136532147,0.07596947144297726,0.07577163546700641,,0.07632807811211752,,0.07585954631467286,0.07591423158310547,0.07591018786325328,0.07604217069056181,,0.0759031907179359,0.07585885231812596,,0.07581444697730352,0.07589727739175546,,0.07614346301013354,0.07565722129908839,0.0760748822821708,0.07596584661743663,,0.07606160067570068,0.07609058945815127,0.07591431878362895,,,,0.07372508475959014,0.07364997667917798,,0.07358991678592657,,,0.07381956856649856,0.07350346661328881,0.07372229736673605,0.07387678203771168,0.0736896656312079,,,,0.0738835399321192,0.07383985936758654,0.0738136141468175,,0.07371023331332982,,0.07365503132713884,0.07337088815458369,0.07370973381037017,,0.07358658026222602,0.07360310192382748,0.07346195941966961,,0.0734186981656627,,0.07407465877271538,,0.07379302239756709,0.0738409243805287,0.07365548869449269,0.07387366706325524,0.07368666819702782,0.0734568211290205,,0.07339790618698001,0.07343395001603678,0.07359823605733133,0.07345169510366233,0.07348313394817449,0.07343886616268597,,,0.07348587698435276,0.07350883324525968,,0.07337367541649352,0.07375821782717855,,0.07370993603998993,0.07362466959654176,0.07378379867908492,,,,0.07353745218883095,,,0.07372862286164635,0.07289405044080784,,0.07336200400781395,,0.07346080600604442,0.07338970113090051,0.07349014232491778,,,0.07377173317287367,0.07382920982951433,0.07379325711931306,,0.07379637370375015,0.07387715916622184,0.07394662868439625,0.07383233344475168,,0.07397436559453084,,0.0737260838097965,,0.073884426986313,0.07384699372851997,0.07390578916041156,0.07370980803849132,0.07386788329653715,0.07355112795220221,,0.07375008236103404,,,0.07388488465863058,,,0.07362915976852984,,0.07361826023013317,,,0.07377031524052256,0.07347277562047137,,0.0735349693581503,,0.07346148475139913,,,0.07370459554983833,0.07375977730208877,,0.07348633756863512,0.07336054027319792,0.07357196833388267,0.07348751241689533,,0.07355449903902071,,,,0.07367005362400268,,0.07357106724495108,,,,,0.07369090015644078,,0.14524684210174782,0.2714290640594194,0.1442335921615098,0.14464476095674336,0.14464657569835868,0.07566977525392024,0.22779480652416884,,0.22723875204403554,,0.2271917602831785,0.2274893677155007,0.2276580835642016,0.22774729680852396,0.22652444880658745,0.22749922326801283,,,0.22773062663825663,0.22752870186878565,0.22675197844747186,0.2269514023046245,0.2273292722816764,0.22739731456800175,0.227261239194836,0.22744715663289533,0.22741979384580513,,0.2267811308861667,0.22736552573991906,,0.22758314321003847,0.2270238593484698,0.22771149833749424,0.22725645977663447,0.22688346868040593,0.22699835471853097,0.22681396298033338,,0.22726623614390223,0.22688507000103375,0.22724350593974846,0.22717069487496083,0.22703227039572058,0.22739753728652468,,,0.22794122950277612,0.2268926664043806,,,0.2272713579919769,,,0.22759782172709547,0.22722684871978635,0.22728126040091381,0.22713680420591567,0.2275779273818824,,0.22823637331476576,0.22758767455861115,,0.22708205562810602,,,,0.2267175258107468,0.22683918508101183,0.2275786837289726,0.2267300334224917,,0.22730995379378954,,0.22792306219114158,0.22737663989505766,,,0.22698705892822782,0.227027521526663,0.22709164559429276,,,,0.2275719301408341,,0.22673722590049392,,0.2278188806335324,,0.22725712586366942,0.22711712792432082,0.22747457907542906,,0.22750135202716043,,,0.22760355754283543,0.22804018172555454,0.22750408518484566,0.2271394473517724,0.22801473184329232,,0.22692796182997768,0.22740764295417296,0.22745060552405433,0.22764793472852965,0.22705385194208486,0.22788968941560347,0.22744242316998803,0.22797211973339895,0.22720902079876723,0.22726585002487262,,0.22685602957158185,0.22715653013780895,0.22729722078762316,0.22697893104884656,,,,,0.22658826319486333,,0.2268719184511091,0.22730350657251847,,0.22736710366582055,0.22760370014833958,,0.22713974375869017,0.22717623566768722,0.22730051688194375,0.22752031065593445,0.22696390490024668,0.22744938658147837,0.2266941146778935,0.2267647184121479,,,0.227114505107643,,,,0.2274437725937362,0.22677145618887548,0.22808884371701987,0.22743533359773002,0.22701377255601674,,0.22752494535205214,0.2273643460846167,0.227856866136981,,0.22738184801203934,0.2273001716124739,0.2278045909690223,0.22792712417736632,0.2267989587159796,0.22714767248605844,0.227432017479517,0.22820043479754232,0.22732252298789152,0.22712506350991826,,,,,,0.22703711964340628,,0.2275346449044949,,0.2270754482954371,,0.00011074587371674129,0.00011051357857845029,,,,0.22850378621017967,0.2295325639977908,0.227991103207682,0.2289280382545088,,0.2290893979302083
4,4,DG_8pct,16,Z05_F10,5,3PH,157163,165500,True,8098.964929317787,8101.9005554789355,8131.675525010368,8140.093108013036,13.27705128816986,1.3625847069308152,0.29309256727921024,10.989983827776758,11.126694920302146,4.717182684940186,4.7276305099614735,3.1278799227113114,0.09478786792248936,3.013948950327008,4.449963662510089,0.31813647690783387,1.234522841004367,0.4696559172816539,0.9675184451343176,3.25642226096431,0.5368164323726093,0.5378898504786778,0.5375825719686672,,0.5384578452846827,0.5364622220106913,0.3998274717424724,0.2168452112251325,0.21761335565340148,0.2172992062767611,0.21747755282686312,0.21940400098594504,0.21946823161358395,,,0.21967145777312802,0.21976973640141892,0.21998771957151203,,,0.2177349793368942,,0.21712410585120515,0.2178912423404753,0.2179107757291477,0.21850676359572277,0.21510973205231146,0.21568007011308177,,0.2181304349093787,,,,,,0.16599960696538898,,,,0.11031229546051699,,,0.11146161293489146,0.11140319612705042,0.11131223551402294,,,0.11125893104618433,,,0.11132641851559157,0.11111040987267763,,,0.11114292328794176,,,,,0.09824396178876148,0.09816393163007923,0.07866959399557398,0.07874318678868368,0.07877150608643763,0.07893156557131967,0.07891862275251423,0.07888834169975496,,,,,0.07886238246018679,0.07868957472693769,0.07889048955343503,0.07870026369317107,0.07886564477292896,,0.07894211342856548,,0.078689240254176,,,,0.07861304129245678,,,0.00011125458724880253,0.00011108166188179052,,,0.017314224204712132,0.01735267071873689,0.017275251864373224,0.017299617606543416,,0.017520194951721482,,,0.017491789448394867,0.017537417066622756,0.01752949749246697,,,0.01750067530987981,0.017432747770038837,,0.01749128043131684,,,0.01753345454240219,,0.017485730362755827,,,0.01745124350910501,0.017485235476010604,0.017498093370924842,,,0.01754079558465754,0.017483008594164313,,0.017483815472341818,0.017522632837349127,,0.017485254605699305,,,,0.017496565549204066,,,0.01750554929815053,,,0.017454720202690267,0.01751118214754306,,0.017527457500565134,0.017520471366698983,0.017551020906846425,,0.01749334018540733,,0.01743388050147396,,,0.017441443644197144,,,0.01751452367122699,,0.017491357003399093,,,0.01749839185399096,0.017508771187857104,0.017440319173002938,0.017505348816387985,0.017460833203570163,0.017435807820892674,0.017495813853817748,,0.017468343102753577,0.017487527416842192,0.017510323919868752,0.017466195959312713,0.017480751045159757,,0.017458289123268467,0.017417193064936862,0.017460882243271504,,0.01748390323178139,,0.017446725530556418,,0.017481879875755182,0.017450521138192992,0.017433465915608442,0.01745935322085047,0.01745476673812577,0.017469692677212722,,,,0.017494180870656743,,0.01750014502956596,0.017479961141566164,0.017542846644195063,0.017508610913814678,0.017499118692617287,0.01752215011490918,,,0.01747721689461919,0.01754249303040581,0.01756378562788192,0.01753905624668876,0.017504395268757886,,0.01747030436434151,,,0.01748359462243914,,0.017441309283831953,0.01747320526117698,0.017492741498861767,,,0.017519378250775212,0.01748409983985817,0.01752762857443756,0.01754401714796158,0.017444729784211136,0.017518203825695806,0.017504368887493352,,0.017523663721854564,0.017516139105353514,0.017492862846325414,,0.01749948538963746,,0.017506281214467352,,,,0.017502709073787696,0.017502487309195642,0.017471617670564803,,0.017503006923190918,,,,,,0.017427078584013288,,0.017412544956439686,,0.01738563078481243,,0.017379506364144485,,0.017490672219751247,0.01744561481384831,,,,0.01747745742063449,,,0.017501706417300072,0.01751628491392911,0.017472998447438097,0.017524441486237392,0.017524912917969673,0.017487360893824508,,0.01744727850521653,0.01747964429034485,,0.0174701730662063,0.017490624367331817,0.017460106896671462,,,0.017472809193117212,,0.017489565107593034,,,,,,0.01754676502760679,0.0174755529539429,,,,,,0.017475582258557196,0.01747476168649914,,0.017500227001323972,,0.017509323539430258,0.017470807807634457,,,,,0.017549210459992103,0.017558919910929616,0.017551119622228935,0.017573351678957586,0.01747732201012454,,0.017483523754595814,,,0.017497142281364675,0.017514108994763584,,0.01745402843241532,,0.01748458640350188,0.017478850995043455,0.017469003363598263,,0.01751424667383848,,0.017447406426719027,0.017508296980796294,,0.017440985491622638,0.017482489530153272,,0.017436232806369415,,0.017426274916572768,0.017459409827792656,0.017453844587968906,,,0.017434629581258076,0.01746800847225429,0.01743603992418212,,,0.017458344892537114,0.01739968781235669,,,0.017412410272645198,0.017482697321491433,0.017399576071427093,0.017436092845802987,,,,0.017420913440739268,,,,,0.017476596014337407,,0.01745333462852217,,,,0.017373546476745404,0.01743310959453362,0.01742989795582922,0.01741292076027436,,,0.017486787285368014,,0.01745571786781969,,0.01742252644031282,,0.01746872361092494,0.017481379279948122,0.017435294286851942,0.01743649427861394,0.017405130201981013,0.017445772650659608,0.01744555403324441,0.017434436003596676,0.017460084253988976,0.01744112222849989,0.017438827686788512,0.017489734441603098,0.01742414952692177,0.017465355070956756,0.017422182971861776,,,0.017435022605354882,,,0.01743216166129569,,,0.01748668269612486,0.017481164071598214,,,,0.017456622394984772,0.017425210899714383,0.01742704605279019,,0.017466544101944596,,0.01740781123492858,0.017443557202905188,,0.017485165953023667,0.017478380712616773,,0.01747041714036979,,,,0.01742969468719278,0.017074110910634103,0.017105403069196255,,0.01709381617426887,0.017098400747616597,,,,,0.017252004632658087,0.01724977339132384,,0.016801630275560545,,,0.016378882219996494,0.016401811611546156,0.01644108905423281,0.01756027252672279,0.01754255764370502,0.01754949598212097,,0.017652710547842666,,0.017742578126619765,0.017740820134635103,,,0.01777529121907673,0.01783435715440752,0.017768436313670092,0.01781147465094489,,0.017844172418042953,0.017783615189598364,0.017885622875599153,0.01793540664606499,0.01771233413934226,0.017768168945829093,,0.017757609235013627,0.01776715156636145,,0.017718052392280925,0.017767646236598707,,,0.017735030094670853,,0.0177731260456346,,0.017806007593827125,,0.017778594178602013,0.017801097473874032,0.01798333598700886,,0.01795472834607731,0.01792014614726132,,0.01790605842283445,0.018130087453657972,0.018076319276392864,,0.0180936024634044,,,0.018053665659403494,0.01804221694254503,0.01800586969603067,,,0.018049668162011794,,0.018013431551659655,0.017972321907323518,,,0.01802310755592465,0.018007746324311562,0.018023677192844544,0.017978518004153513,,0.017996754248005644,,0.017932948864953033,0.017979437875100045,,,,,0.018033905549866926,,,0.018000336168644375,0.017943595973488935,,,,0.017925932798126307,0.01795428470370223,0.017931658331803574,0.0179933853717191,0.01797091012915261,,,0.017993105444823094,0.017983989711117372,,,,,0.018011989686692206,0.01798613810230193,0.018005366128180402,,,0.018016343804544296,0.017955497544093268,,,,0.01795035104697658,,0.01793204573093058,0.01796073233428843,0.017966923422719352,0.017990508870489162,,0.018035960735811013,0.017968134365741944,,0.017954874218450264,,,0.017449651995789413,0.01741174719592929,0.017384011208781056,0.017440182224280624,,,0.017409509409091087,0.017412061907656314,0.017485039226255834,,,,0.017447150773055635,,,0.0174950934338406,0.01741299298207446,,0.017468367165344764,0.01739416153534886,,0.017436148962588334,,,0.017433814972616944,0.017426193803370838,0.01739416159341814,0.01745187577244503,,,,0.017462456168964555,0.01738746367653425,0.017475715447193795,0.017462831421687152,0.017464687800094802,0.017500845641197332,0.017346586733407558,,0.017453019616613507,0.01740105754889785,0.01733445452507992,0.01734499337363195,,,,,0.01739101525421329,0.017439167606733107,,0.01740314875662102,0.017398902497892197,0.017393899222381454,,,0.01744519075480495,,,,0.01745856964020079,,0.017435170146748252,,0.01721024750272791,,0.0173501462827107,,0.017414254153153473,0.01740271891991253,,0.01742366946194523,0.017395864065459222,,0.017437181249522402,,,0.017484842260788815,0.0174892974958378,,,,,0.017468175937916542,0.017463703249735806,0.017512886587456786,0.01746113794796733,0.017446871782753618,,,,,,,,0.01742880748564181,,,,,0.017442681158378333,,0.017429774850476205,,0.017353598190232876,0.01741130685950274,,0.01740464329997595,,,0.01741400120501614,,0.017401184260297083,,0.017395378126000057,0.017381689554646716,,0.017377179829697442,0.017417839997429834,,,,,0.017416853757554876,,,0.017434798486974677,0.01755864562199808,0.017482407496100562,0.0174954662352819,0.017511498161093986,,,0.14231847147626028,0.2642177593734753,0.1416278883333617,,,,,0.21833637341480516,0.2176015939363971,0.21850010186471508,,,0.21835078075817071,0.21891443909940456,0.21818648947328098,0.2183743048436902,0.21794297897245668,0.21875661607159394,0.2180135780587043,,0.21862581074342627,0.2179930652862642,0.21808872035766486,0.21824493220085478,0.21819003575649712,0.21798931534061936,,,0.21895015589552444,0.21868231486615505,,,0.21778643981275947,,0.2178219379866373,0.21762409546761388,0.21788382040359333,,0.21874474534963975,,0.2178226149112759,0.21766488689531618,,,,,,,,,,,0.2179021147380917,,,0.21920827009741947,0.21784892196566083,0.21788239663608994,0.21786640246492495,0.2177208550917275,0.2184321908990964,0.2181859838028488,0.21760407143246344,0.2178786707732339,,0.21847936499304374,,,0.21846532892177659,0.2179039170504025,,,0.21828170880281697,,,0.21747026520009566,,,0.2183894847170374,0.2184050984166244,,0.21795946249259746,0.21838541849466234,0.21845784819621517,,0.2175976465174165,0.21787544065103726,0.21870681706818518,,0.21818230701235358,0.2182528467672046,0.2182274612445922,0.21797264042094358,,,,,0.21897699859282682,0.21837971372504963,0.2182095018651797,,,0.2176551875616795,0.21834533032391595,,,,0.21841506693549925,0.21787327951878832,0.21836585254429605,,0.21826019371837907,0.2183144956452252,0.2181747755527217,0.21788497699975803,0.21779253081734218,,0.21790436075531253,0.21773289880247532,0.2181543588494806,0.21820482516466866,0.21821989785280493,0.2182073955488229,0.21770844915692897,,,,,0.21773842053603443,0.21818961264670111,,,0.21703355242560676,0.2178160975662725,,0.21795838784700824,,0.21859200043218147,0.21850614639656424,0.21795906570667964,0.2176971878171181,,0.2179843320558718,,,,,0.21858423065645785,0.21810300506081845,,0.21763702636358423,0.21811733121793084,0.21842965803727582,0.21809298582183764,,0.21834427736617218,0.2180585796870855,,0.21827571340741178,0.21796547318807968,0.21846593482744214,0.21831238356091137,0.2184417321204622,,0.2182395204515912,0.21828452278237945,0.21849733906793783,0.21834868828850792,,0.2177678421711476,0.21859692777924433,0.21856129347746742,0.21853086841981514,,,0.05617600124073159,0.056053940652484036,0.14201388617306368,,,,,,0.22011941551458356,0.21967322530641883,
4,4,DG_8pct,16,Z05_F11,5,3PH,157168,165495,True,8178.42560237996,8214.451982648272,8231.492142027464,8248.543796328213,0.08924940914162884,0.00918049154852634,0.00195838003358547,0.07364448119355482,0.07405759042122781,0.03165239365592627,0.031753625064513465,0.02092445131285709,0.0006319147648097613,2.821895063968625,4.213397089099246,0.0021525369637855653,0.008249691238358352,0.0031668244265788954,0.0064805965313312515,0.02171367484076811,,0.5316017165630847,,0.5294273218151525,0.532568911638742,,0.39157949786060287,0.20601756948305236,0.20651174495968205,0.2064800821201133,0.20568538361813699,0.20857250342737305,0.208663335235939,0.20849207803555958,0.20765602343999923,0.20852335493165464,0.2081682533385891,0.2082259787503993,,0.2078919946833183,,,,,,0.20707801950421187,0.20384623203998306,0.20382982417373388,0.20339368975234032,,0.20685430432003787,0.2068634565374847,,,,0.15609585279150798,0.12887648355873318,0.12885877598193468,0.12857966025322223,,0.10013491492616605,0.10029275363619118,,0.10043280558087779,,0.10057832747213717,0.10062278059748837,,0.10048689772073205,,,0.10076857914973077,0.10042991478206208,0.10044171546391688,0.10085369810027606,,0.10082616518224488,,0.08728652295519211,0.08712772077908684,,0.06740722211581603,,,0.06737916384653371,,0.06732355882836819,0.06743402575320705,0.06753566855549163,,,0.0672917345462225,0.06748965361534905,0.06736613886558272,,,,,0.06753709550453799,,,,0.06720264299417349,,0.06762129717258293,0.0001127710925010595,0.00011246305471883559,0.00011257989513949269,,0.00011544744181395884,0.0001156986093658725,0.00011561865762494875,0.0001157981310435405,,,0.00011697079610207238,0.00011697841818832902,,0.0001171103948282178,,0.0001169509879961271,0.0001169280499936122,0.000117133084567355,0.0001172493633688992,,0.0001172593512153319,,,,,0.00011699909641812161,0.00011727836880715403,0.00011683801854300762,0.0001169891036067513,,0.00011697675402667693,0.00011710943074020855,,0.00011710089840810212,,0.0001172359694020721,0.00011709388288624388,0.00011687962195858322,,,0.00011704023213674089,,0.00011714868068439743,,,0.0001166136250306337,,,0.0001169828934298009,,0.00011674475346115887,,,,0.00011656688352064259,0.00011680709936105136,0.00011702908929563142,0.00011665523303509052,0.00011690441849984713,,,0.00011679031902926779,,0.00011701823510009886,0.000116640614263714,0.00011652037400366669,,,0.00011713825715377985,,,,0.00011670316171933258,0.00011706846852255411,,0.00011655042045047983,0.00011676089059441396,,0.0001170396733684543,0.00011682693386456379,,0.0001167973785823204,0.00011686750891361855,0.00011674913220460962,0.00011713818614265194,0.00011689854720093245,0.00011685802844408941,,,0.00011721288564987545,0.0001167751749534576,0.00011646528254444649,0.0001168814573389293,0.0001169935411970277,0.00011670885146080489,,0.00011688999474225612,0.00011692234117943222,0.00011706623140752176,0.000117140148877717,,,0.00011718437696151822,0.00011706198033710621,0.00011732156316690089,0.00011712202120124132,,0.00011718751650523585,0.00011710279522465296,0.00011715647168171117,0.00011732319663409228,0.0001171560143659924,0.0001170918475387424,0.00011705094304787514,0.00011683159690603059,,0.0001169758536636638,,0.00011735297738755763,0.00011712551217424005,,0.0001170433164825194,,,0.0001169421133934904,0.00011735090096211946,0.00011683172513189738,0.00011660351147553965,,0.00011695985812520456,0.00011705438431893701,,0.00011729944028588021,,0.00011705183980481393,,0.00011705493846213665,0.00011699431706114242,0.00011726902592920894,0.00011705260417537304,0.00011726285479163742,,0.0001169036217938169,,0.00011718203543767198,,0.00011675611676400593,0.00011744926082041544,0.00011697788605929107,,0.00011705632308875567,,,0.0001125280101939954,0.00011719486910123868,,0.00011589487717825471,,,0.00011656665647088687,0.00011608725792973427,0.00011615092106161878,,0.00011688275446835633,0.00011677390320592715,,0.00011711546481879922,0.00011679622521086985,,0.00011698010215703532,0.00011699830486162338,0.00011704433863987048,0.00011712359982197793,0.00011682785390517187,0.00011725671721721729,,0.00011698225386033043,0.00011706771554391884,,,0.00011731372787390689,0.00011700750883766627,0.00011688359225702523,0.00011674890788424731,0.00011706615935664621,0.00011714884022781453,0.00011662498361397974,0.00011674807110655503,0.00011690255692125603,0.00011692129222725403,0.00011685671711541042,,,0.00011673825421210026,0.00011667843544622161,0.0001173427778119525,,,0.00011680188225871191,,0.00011712909565771834,0.00011706954032188654,0.00011725045543336007,,0.00011706396714973519,,0.00011712092019384356,0.00011655372992614396,0.00011647769024509067,,,,,0.00011689670593261121,0.0001172078928827234,0.00011701653925037842,,0.00011725511138830474,0.00011693451327069234,,0.00011724811309980432,0.00011719327164854115,0.00011689116949664989,0.00011724083465610607,0.00011683395087454783,,0.00011682013391394891,0.00011701073561297612,0.00011699721488083538,0.0001169412675892216,,,0.00011695426645253337,0.00011729654068137367,0.000116812032324069,0.00011659277716830765,,0.000116800529050184,,,0.00011700125251414722,0.00011695116147957327,,,0.0001165510968261299,0.00011675980909489544,0.00011659004527931679,0.00011705953978039537,0.00011683676984562329,0.00011652587336811429,0.00011670653004192863,,,,0.00011675479485063617,,0.00011641850917913284,0.00011647719343386021,,0.00011673593443630965,,0.00011670130383348067,0.0001166065219869413,,0.00011645812820865416,0.00011629411907958126,0.00011671283858064509,0.0001165379423296896,0.00011670637072798526,,0.00011648431820022811,0.00011711339168254748,,0.00011672267392478318,0.00011663278442482579,0.00011677280124099013,,0.00011661776666216738,0.00011676689404108925,,,0.00011672253326631171,,0.00011629217849059847,,0.00011658973303238968,0.00011668294617488221,0.00011662294561671793,0.00011658686877767933,0.00011694245786063189,0.00011686510566708257,0.00011652435548385852,,,0.0001159058067608959,0.00011670386048028502,,,0.00011667875746223995,0.00011693753206206488,,,,0.00011660297946833433,,0.00011689422649584605,0.00011662086734717241,0.00011647890391069333,0.00011689089517860262,0.00011658812624954659,0.00011667728087934071,,,,0.00011669235853452297,,0.00011677379480158102,,0.00011668820598426017,,0.00011675442273352733,0.00011681730685442137,,0.00011690979012618337,0.00011691601846192668,0.00011684423205989603,,,0.000116764937355794,0.00011445549918133356,,0.00011430084053686927,0.00011428774116565904,,,0.00011671357745926218,0.00011683264264261379,0.00011671134077042032,,0.00011557547863112992,0.00011542317684372826,0.00011279830215804373,0.00011259989591554024,0.00011263885990368805,,,,0.00011752273958732593,0.00011764761793170152,,0.00011851581767199542,0.00011843611083500953,0.00011823994203146673,,,0.00011827595473447483,0.00011897538685989495,0.00011906963490244588,0.00011893078958953025,0.00011893964254789141,0.00011875524883439213,,0.00011871001829455743,,,0.00011975230034216244,0.00011856671276914056,,,0.00011887779380749626,0.0001186079682089176,0.00011878564101407759,0.00011877775508466353,,,,0.00011862932342883152,,,0.00011869557435995409,,0.00011879037555455607,0.0001186547622900599,,0.00012046558255879224,0.00012048226717850559,0.00012041487877731333,,,,0.00012100395982572872,0.00012060811044335855,0.000120951562074897,0.00012080313454659319,,,0.00012104585175028404,0.00012075159966185822,0.00012057360601874351,0.00012056512182851933,,0.00012062830268788094,,0.00012046840248151833,,,0.0001204757701742374,0.00012025609304579731,0.00012039579406691338,,0.00012024177253976395,,,0.00012023076514937877,0.00012009333911768308,,0.00012025841533094374,,,0.00012036119011998084,0.00012048829028332588,,0.00012016176833691657,0.00012028074432841861,0.00012041337972506345,0.0001201889697986677,,0.00011989923652978504,0.00012002067973659255,,0.00011994917627031868,0.00012034150875588675,,,0.00011993278551834783,0.00012029611254340777,0.00011998945926746956,0.0001203024136451947,0.00012026263446073564,0.000120258485516104,0.00012035184406855884,,,,0.00012012115957700536,0.00012052263725527165,0.00012013456304807932,0.00012030292865023954,,0.00012011619716123421,0.0001199420766910128,0.00012051788573376132,,0.00011995743095117185,0.00011999968842630399,,,0.00012034998681335225,,,0.0001199617629922539,0.00012003511910071778,0.00011677688919565623,,0.00011658686432857414,0.00011686712520541567,0.00011666499311764969,0.0001166818228511046,,,,0.00011627429738153725,0.00011645622886721484,,0.00011667693511134046,,0.0001167880226293772,0.00011660165207518054,0.0001166277848207372,0.00011664204487929695,,0.00011648181515161835,0.00011618193951480461,,,0.00011649747545532723,0.00011673224070125539,0.00011675835955729353,0.00011661337011008139,0.0001166051465271593,0.00011654827694783462,,0.00011673466318423497,0.0001168331078515211,0.00011658951926931493,0.00011681741370288285,0.00011670608044510569,,0.00011704234106641149,,0.00011674980613589383,,,0.00011625823956890754,,,,0.00011630519187912892,,0.0001161548137299021,0.00011644002065192493,,,0.00011607384905942503,,,0.00011608738296073786,,0.00011639222647337877,0.00011689901010422234,0.00011699062397933285,0.00011643071333306984,0.00011680606200103542,0.0001168503130750896,0.00011647382059023401,0.00011627543208001884,,0.00011527678560884099,0.0001162045283626773,0.00011643006919025546,,0.00011652644654109084,0.00011649927349835571,0.0001164901254367259,0.00011641125999091827,,0.00011599296314799392,,0.00011697587355749955,0.0001166310873962158,,,0.0001164905188942529,0.00011680853457281204,0.00011669114282834766,,0.00011668171634734744,0.00011647295000932912,,,0.00011688185626881759,,0.00011684187449358581,,,0.00011697721563597154,0.00011684036035291859,0.00011646205453587554,,0.00011688814731430318,0.00011670499021677266,0.0001165806480043282,0.00011678488121579287,0.0001164591520398208,,,0.00011681410144561802,0.0001166940859769138,0.00011639965423916028,0.00011659719736642963,,0.00011657954722031593,,,,,0.00011656167516347813,0.00011636616115199498,,0.00011634018448095508,0.00011610708432996925,0.00011631457367235694,0.00011635848040956369,,,0.00011638711150907076,,,0.00011645231408945147,0.00011610798526073952,0.00011702505341124159,,0.00011699868223206595,,,0.00011696821645606226,0.13228808585326748,0.25435572652960214,,0.13147678643161295,0.13170668177478914,,0.20670925853677777,0.2064062478111145,0.20613118399027025,,0.2061975908525406,,0.20661132367500287,0.20654005173273146,,,0.20639106639399615,,0.2061163192056975,0.2062978172164219,0.20654237406995876,0.20676700539521936,0.20654461758258377,0.20767767675623525,0.2067857244871778,0.20647779878479647,,0.20685271586773527,,0.20720052595283828,0.20661016162346535,,0.207059839631185,,0.2071147032534667,0.20662596027142507,,0.20625543375777008,0.2068564576579973,0.20656068926896723,0.20667570549617606,0.20636219777600026,,,0.20648485356472487,,0.20671636513805275,0.20674491350834873,0.20609848603212266,0.20641784639966443,,,0.2065695721892591,,0.20718424510160127,,0.20657126284408514,0.2068755498470558,0.20657161862674636,,0.20704071904857496,0.20682424688086715,0.20639080880921043,0.20737621214208846,0.20644503713802526,,0.20649021111797577,0.20626465804618555,0.20742368265758984,0.2068230239696768,,,0.20659476261227183,0.20691993751305143,,0.2069160768248498,0.20693597312142226,0.20689157449199436,,,,0.20723631575472717,,,,,,,0.20663653499707058,,,,0.20691925824954274,0.20632930295642382,,0.20688748511790797,0.20687400519688987,0.20726799936195034,0.2073136577429415,0.207168384312628,0.20681297734097717,,,,0.20696226573392837,0.20625908309952515,,,0.2069828717012573,0.20658648561615356,,0.20655273883719308,,0.20641885472617139,,0.2070176622928246,0.2063122139078387,,,,,0.20693010290615912,0.20651137611230722,0.20630487248439774,0.20723998340316618,0.20662778790800704,0.20706904571619947,,,0.20631400223179466,0.20651314214175176,0.20727632832975182,0.20638172171536057,0.2069436381534589,,,,,,0.20680404247315254,,0.20671828722184477,,,0.20657085014165358,0.20627564425859082,0.20646084721201052,0.20655941330381117,0.20589405100184532,,,,0.20666648870025073,0.20628784566888583,,0.20616851347194867,0.20746188914240932,,,,0.2062699807612964,,,0.20617773887533972,,0.20591400883430996,0.2072131315670219,,,0.2067054249236945,,,,,,0.04432056058197001,0.04415782693947763,0.13213980327162753,0.13189144414079662,0.131764534201573,,0.20831358709072545,0.20796983645984524,0.20804853537073908,0.20815846141972671,0.20832457158964415
4,4,DG_8pct,16,Z05_F12,5,3PH,282438,283955,True,8120.847860661074,8148.397004461873,8123.553138367091,8163.741858765871,56.22390035150988,5.764087590619927,1.2348203411437102,46.73787894715355,47.11154936543442,19.877096580628223,19.930488774039993,13.318047211839048,0.3974265486319118,3.1235497601527267,4.5906380692275786,1.3477628315280168,5.209954963613147,1.9819252733796142,4.067184359621677,13.737193516054148,0.5392515308336017,0.5391543880191155,0.5385932999910072,0.5397064193053317,0.5385342537949721,0.5392467302435463,,,,0.22629253019592901,0.22663928318578683,0.22912115211060344,0.22915485696469381,0.2293011103780078,0.22914918233996404,0.22900066845101716,,0.22922305608322033,,,0.22676174171533128,,,,0.22672684585293312,,,0.22435902448916442,0.22423287729150887,0.22733960029890415,,0.2274490601008591,,,0.2277018131779901,0.16755520210907476,0.1418619209439847,,0.14182367778945906,0.11609426592729694,0.1164757101876765,,0.11654002733324287,0.11659929688738517,0.11626412516579315,,0.11660943553825295,0.11651844490334355,0.11630169639015947,0.11632497841036299,,0.11632036266206155,0.11633463639578623,0.11698806952351588,0.11625964592599039,,0.11609619517598202,0.10463958008505153,,,0.10440939110917734,0.08842934755330795,,,,0.08846323694505297,0.08829800146918414,0.0885252540776157,0.08850745313349678,0.08829589467883962,,0.08839943825408522,,0.08825147331096471,,,0.08843600108433905,,0.0881878446923697,,,0.0884328551427874,0.08825986925120288,0.08808959142108022,,,0.07105997868656848,0.07107030422903503,,0.07319171131244025,,0.07291291610199803,0.07310177269637638,,0.0730972491317014,0.07403680439208636,0.07423317152874367,0.07408488610859541,0.07382524780537524,,,,,0.07402562943474301,0.07411685580431157,0.07404441546359898,0.07406423103060122,0.07399234429746056,0.07395755648705078,0.0741958418786884,0.07390535600712782,,,,0.07386313762463131,,,0.07369474946749428,,,,0.07405811367020639,,0.07397886422400139,0.07381656760862033,,0.07383968510802427,0.07380340854691454,,,,0.07402253306801757,0.07394923727887276,,0.07390071500452657,0.07374115402413388,,0.07387684245426347,,,0.07382118532894429,,0.07387546337843379,,,0.07393189307790518,,,,0.07364357492176056,,,,,0.07363474750239705,0.07402356154367258,0.07367437933772568,,0.07383326772984576,0.07382056645115509,0.07377232206151185,0.07368800279511963,,,,0.07391541954533645,0.07384770106250892,0.07352898102179568,0.07369648591649601,,0.07389448867768528,0.07363828984796154,,0.07389535420419203,,,,0.0737696002847333,0.07373597483657329,,,0.07370166956219495,0.07374067453719316,0.07408472434555906,,,,0.07392187303880395,0.07379489529434564,,,0.0740772981287499,0.07403206970351628,0.07390392658943055,0.0741425234120373,0.0741325860181516,0.07408520488996712,0.0738935299531237,,0.07398329736247462,0.07392597366439667,,,0.07396182130336415,,,0.07384377309435647,0.07398997275434141,,,,0.07401694747794701,,0.07377926936752142,,,,,0.07407007186021874,0.07388259210347196,,0.07406894888455158,0.07412363751965897,,,0.07407650508642165,,0.07396627384315177,,0.0740679416748038,,0.07393496576362245,0.07406159728817888,0.07405159992514615,0.07392744367109984,0.07398812187638362,0.07116462229382406,0.07114815578760203,,,,0.07346238131989077,0.07341231337566814,,0.07335890820617448,,0.07354524718588604,,0.07409326123429207,,0.07395043566409201,0.07399646453693065,,,0.07407911981705492,0.07397359176971957,0.07414084215272518,0.07389450699726528,0.07412983320630837,0.07388976367819677,,0.07381897546133503,0.07397798397595418,0.07376877574660787,0.07398831715391561,0.07403987148347814,,0.07398903822069368,0.07398955530815768,0.07370717690092157,0.07395043549183962,,0.07392958493929594,,0.07403037261365593,0.07411607736264564,0.0738190765214747,0.07388682354120531,0.07382891933419025,,0.07374984178499674,0.07386522989417064,,0.07407555969565992,,0.07398294448470646,,,0.07398923084511219,0.07378388185917727,,0.07386803327335374,,0.07410159364993273,0.07366600580505195,,,0.07402715767525522,,,0.07397623587133192,,0.07394510736530499,0.07403540538882367,0.0739798526986503,0.07406597864560185,0.07402037040192803,,,,0.07372659239386886,0.07402998940912058,,0.07390572162693068,0.07391858758715447,,,0.07380316580617602,0.0738205987910153,,0.07373897805693928,0.07383605904079397,0.07369917169337933,,0.07365034965682227,0.07382617976212667,0.07368243545313026,0.07395344918405725,,0.07365090899050947,0.07377695169271559,,0.07388403733654693,,,0.07371469952354426,,0.07369577696440938,0.0736332712621985,0.07349146740973177,,,0.07371373538372177,0.07368578907177047,,,,0.07369976276729734,,,0.07356547265637964,0.07364277437275599,,0.07373868611248686,,0.07353795014988036,,0.07380725044475257,,0.07384650631805235,,0.07359070366786237,,0.07377088660459646,0.07374337678647838,0.073724632343617,0.07376775533337668,,,0.07379550611930799,0.07366259964860013,,0.0735156575636123,0.07352928747575735,0.07376000901840074,,0.07361794709988986,0.0734030446283002,0.07382816626232487,0.07364554240660325,,0.07376682219363571,0.07376522314330468,,,0.07371024120002838,,0.07361160613323187,,0.0737431232928104,0.0737716375557837,0.07371290896562376,,,0.07365882213099001,,,,0.07371023796036569,0.07371976820531499,0.07370187767779243,,0.07372357674621512,0.07367415173071233,0.07376855989718221,0.07385991081234064,,0.07380317812871197,0.0738923236015601,,0.07371454490849214,,0.073682852195855,0.07390732111289802,0.07222368014178504,0.07210798018840378,,0.0723662357902395,,,0.07398987227936812,,,0.07293707756583358,0.07281039083935563,0.07288940199187156,0.07121109502878935,0.0713159042304873,,0.06943280068962177,0.06910770488212452,0.06934445479334297,,0.07416519637529373,0.07411616687528118,,,,,0.0751838909759447,0.07477928229395032,0.07537304439506091,0.07517895688894474,,0.07480111040137825,0.07514223119763377,0.07528344248722092,,0.07480421598546773,0.07548235547794171,0.07548737029569318,0.07515481996171984,0.07519861924736183,0.07510495929304772,,,,,0.074889590489907,0.07519748553470373,0.0751884101091297,,,,0.07523324834162227,,0.07503023159645635,0.07491061463346013,0.07503458705254684,0.07576834307130352,0.07613564999033039,,0.07605263807574812,0.07586816694700861,0.07548596364788311,,,0.0765338118750774,0.07638312548873874,0.07629222719479269,,,0.07643920366375061,,,0.07624137502030849,,0.07603874740969058,0.07608655136799984,,,,0.0758738291673838,,,0.07580033719576082,0.07627118980395711,0.07575246476327156,0.075851621329782,,0.07611041038583954,,,,0.07596731335249952,0.07607910589541383,0.07616366779684595,0.07606103381448792,,,,0.0759156648694805,,0.07584792790310092,0.07588969186873071,,0.07564427752455676,0.07587131945936962,0.07599127422499921,0.07586347421562165,0.07595511587530175,,0.0759860295973721,,0.07607520286868032,,0.0758517513346582,0.07594389118745937,,0.07613211638306377,0.0758587676759606,,0.07598308512915056,,0.07591758930115886,,,0.0760785798072816,0.07606273182413782,0.07581464015580011,,,,,0.075872190285029,0.07596364706688756,0.07584119878205944,0.07383586197187612,0.07393786914646047,0.07394728881340482,,0.07376158333968512,0.07362108582952226,,0.07365859247931633,0.07374396555421092,0.07357738231452626,,0.07348136284971614,,,0.0735498201424711,0.07381280265245249,0.07358763009075427,,0.07388796055805842,0.07362687484293459,0.073822557940419,,,,0.07383160214515573,0.07367838936977973,0.07379719428525054,0.07372622986728093,,,,,,0.07368828209214276,0.07400088651485014,,,0.07392607163622084,,0.07352375392186238,0.07345449320372001,0.07353453813709829,0.07346689476073658,0.07330316055265726,,,0.07343710037764582,0.07340486507579101,,0.07344465851618547,0.07348720567805195,0.07351365565570658,0.07362606769373574,,,0.07353328568272745,,,,0.07368488707675204,0.07365355742457304,,,0.0736518664793444,0.07380171383822295,0.07263704810611987,0.07344942593700632,0.07344595700247442,0.07349536506930729,0.07364055150873768,0.07352331896263105,0.0736065303554453,0.07347585337413838,,0.0734821296097351,,,,,0.07370547396582498,0.07400277935645637,0.07383396655099632,0.07368588037819573,0.07388852988648668,0.07375860106231133,0.07387147758745909,,0.07360891230414852,0.07369160895509366,,,0.07369659599271926,,,0.0737526816916326,0.07394763944853701,,,0.07404530186290764,,,0.07366594182853543,,,0.07374446736877718,0.07366978700663317,0.07361253640399207,0.0738114096435526,,,0.07355640708998917,0.07381231277170734,0.07349552138413812,,,0.07353375542670801,,,0.07322464460261453,0.07335874767675994,0.07355447749477792,0.0732391993185209,0.07369404364530766,,0.07350480392078025,0.07348708745878055,0.07337017484080115,0.07325773739045137,0.07401626731663437,0.0738596645494,0.07373042728720686,0.07383315854003963,,,,,,0.1442227553364428,,,,0.22709471954645913,,0.22704377574680276,,0.2273155484024854,0.2275466058480759,0.22696824034904797,,,,,,,0.22728160605587272,0.22753426413473576,0.22789643593703862,,0.2276783001841101,,,0.22772551102339808,,,,,,0.22763981672577563,0.22764629366608655,0.22713204547830962,,,,,0.22777560244642842,0.22750767482603756,0.22766575113828907,,0.2277709749798062,0.2275166182471656,,0.2272449420991715,,0.22727069990440155,0.2274373175418713,0.22731631798167012,0.22694572268432764,0.2278765318970968,,,0.2271276207138593,0.2279122677788365,0.2277117470434228,,0.22673036822727774,0.2273654518976969,,,,0.2272286161494952,0.227735483067942,,0.22731504465333283,,0.22728681542885223,0.22694239544114386,0.22735318913917543,0.22781480608842067,0.22778100488324107,0.22780876453650048,,0.22757095447181025,,0.22766254427060043,,0.22783706882277152,0.2273914220274578,0.22703309130993293,0.22852119958511982,0.22712940673525783,0.2269930498655883,,,,0.22781358997374268,0.227943224443764,0.22737935697232117,,0.22698720859262914,0.22767289287589793,0.22747634828577384,0.22734669628399196,,0.2268697458876069,0.2270543185478322,0.2271209435513328,,,,0.2275731928944397,0.22674340241529442,0.2271267491837229,,,,0.22773659262425924,0.22746071651867578,0.22715604456429309,,0.22783709238283226,,0.22679454616790187,0.22712000812861632,0.2273278029261437,,0.22690073590480545,0.2270962514830415,,0.22765498318156693,,,,,0.227758885091123,,,,0.22795754345301927,0.2273245324827253,0.22770381189383937,0.22778399604895883,0.22789780918940702,,0.22687289573418412,0.22770543363251122,0.22692914223467073,,0.22761603172880898,,,0.22722620429982943,0.2273880364396007,0.2267118111800956,,,0.22781993107988688,,0.22709867985846793,,,0.2267017808951104,0.22719256226385712,0.22638809762102782,,,,0.22697123134270478,0.22779514421978966,,,0.22755546378309557,0.22742686771763315,0.2279723494286056,0.22760175435514504,,0.22747068663504763,0.22757336029719122,0.2270344845099725,,,,0.14517637398626884,,,0.22888562925286068,0.22878647674821143,,,0.22923237764695858,0.2286423152127653
4,4,DG_8pct,16,Z06_F01,6,SLG_A,175038,181968,True,4781.96448059146,4856.853901755505,4864.432243742681,5315.053059795999,5323.899860093548,283.6467676446621,15.235931577976142,1173.9913089383217,1199.9263523689524,459.580612465022,456.6070238526181,299.20127664943516,4.876115775850629,14.780376474104315,21.792026592903568,16.723444577319828,225.254856859958,26.134285617333497,50.37384496895697,369.8295748996663,0.7372607287981321,0.7411999051815452,,,0.8610519274026417,0.9473753741314825,,0.5962256648593665,0.5957753375258489,,,,0.4907132510616029,0.49082470777238024,0.8646820780498002,,,,,0.9337464148739414,0.5953405210677764,0.5968735964214197,0.596091355620575,,0.5983285081730655,0.5969907512386577,0.590908875132711,0.5900255147565591,0.5908533185570902,0.5980773082190741,,0.5992886640700508,0.597610492110869,0.5981974837199447,,0.44850727213897684,,0.5744765310273198,,0.5732540770348477,,,,0.5755354997263762,0.5756966770452612,0.5755444901762109,,0.5755483554499519,,,0.5728070246588123,0.5756399896135354,,,,0.574068414075408,0.5735416548478095,0.3933747995778374,0.39506926508433327,0.8839537848466229,0.9254388111301752,0.37954870004342905,0.3796990762596263,0.37953713201100375,,0.38012985597738325,,0.37969268247305793,,,0.3798313068686164,0.3803519863085892,0.38104666060747494,0.37959075056974934,0.3803864833653073,,,,,0.3795100211562901,0.3789159492218863,0.3797493177729704,0.38084078598860843,0.3798639332566911,,0.5361299949706252,0.5356052098966321,,,0.5216645789941587,,0.5223968100558916,0.5220137873874866,0.5207744568989795,,,,0.06718017451779743,0.06730067843377148,,0.06753875408899343,0.06729268087908244,,0.06734530951521782,0.06734828914883824,,0.06702942182699738,0.06753848787967072,0.06715287495627073,,0.0672920155710115,,0.06726953442590879,,,,0.06734714175096831,0.06762946749242103,0.06714360639077677,0.0674244950158272,0.06737572409867827,,0.0673203044243729,0.06747157843301028,,,,,0.06727132370278963,0.06715923305249953,0.06726194933558084,0.06736265526469994,0.06734478939166966,0.06719082980184884,0.06727999706817142,0.06729033301833139,0.06721868914947438,0.06726606484754326,0.8862122029454605,0.8841569477696469,,,,0.8886044435875595,0.8890065153043597,,0.8864693978691464,0.885325249075305,0.886673030276917,,0.8877428760916168,0.8896162675614053,,,,,,,0.888071951684156,,,0.8857350012623507,,0.883936246578531,0.8873797713246576,0.8852673301096166,0.8861542826232899,,,,0.8854393013189151,,0.8870699371046531,0.8873152958948901,,0.8868136495253329,0.8850808506175071,0.8875724408326298,0.887885613054153,0.8878719603475276,0.8889247798971672,0.8867004271982314,0.8880061974578614,0.9493540978625208,0.9447002744394668,0.9497503656185998,,0.9498269915940741,,,0.948318788570245,0.948439979609015,,,0.9494814299262284,0.9491136873958319,0.9489920883845456,,,0.9473058202452911,0.9502628654622625,,,,0.948892496550143,,0.944509389369212,0.9449666961559998,,,,0.9466338698054082,,0.9506414331603767,,,0.9452263866877226,,0.9495182108883464,0.9475245657352697,,0.9479431369274586,,,0.9482761927246982,,0.9492356045701401,0.9470326394416533,0.9459708284161409,0.9504655693393338,0.949072366673949,0.94569428377567,,,0.9448460949131391,0.9473511430142499,0.5074538281483135,0.5071288603511984,,,0.060123057602718064,,,0.5238075044900523,0.5249610230162315,,0.524593056509144,,0.00766600780022679,,,,,0.007683551861123696,0.007666425705157847,,,0.007681403123147453,0.007657118613783969,,,0.007668393673490911,0.007682700693316867,,0.007677926794051569,,0.007645473969365514,0.007686170564600043,0.007664989413229639,,0.007684911965041055,0.007660091294429912,0.007662675320152958,0.007695579767257129,0.0076761577027076216,0.007663407785639089,0.007661679512623468,0.007670496921462867,,0.00767704263530046,,0.007689024090817203,0.007637086704730093,,,0.007667614859236741,0.00767737911442632,0.019043067693431972,0.019041571634038395,0.019125378351039363,0.019122916762963328,0.019091166883264916,,0.01914651260626176,0.019058580365027198,,0.01909578352547545,,,,0.019077891818790615,,0.019089751719779443,0.019109687460967528,0.019081093392307246,0.019077269868964034,,0.01907612973520031,,0.01902544920315873,,,,0.019058976291181574,0.019111262417173196,0.019029815107737096,0.019116754288365585,0.019125550350235138,0.019051074874114,0.9131927634854984,0.9114875574550939,0.908359626332527,0.9100412966910613,,,,0.9095681149359198,,0.9128406879968269,,0.9047404836232732,,0.9061948893862243,0.9080458416795426,0.9081909727527864,,0.9061996849471752,0.907188270929603,0.9045249286319693,,0.9061787155470954,0.9061348295215986,0.9048764816126731,0.9071252465978421,,0.9131708910817471,0.9123179264161366,,0.9112288782828137,0.9104291407343295,0.9110384241508683,0.9125760363204479,0.9105517790796377,,0.9101629734674521,,0.9100411854656519,0.9108499836932064,,,,0.9135920126771276,0.909078109239051,,,0.9113021446209203,0.9090973666833052,0.910577755090392,0.9076210919596758,,,0.910189304363457,0.9116326317242585,,0.9117976014342094,0.9139533175071693,0.9057377712758489,,0.9053984685551382,,0.9069178676650567,0.9065699763493015,0.9061366151414266,0.9059810512230463,,0.9038455977524993,0.9076631613438974,0.9056271324405226,0.907612391828826,0.9057709957645185,0.9030005668989641,,0.9072986381294011,,0.9052413639985823,,,0.9071913539233732,0.9054762467461179,0.9063214029655232,0.9067291235089275,0.9076444507688842,0.9069892594444017,0.9073402938171409,0.9065590275312356,,,0.9698234337376374,,0.0030478808883567157,,,,,0.5165923632431539,0.5146400001560505,,,0.5159732422949347,0.515757986342878,0.059501330830793696,,,0.5199828914354656,0.5192800788610011,0.5215182792371661,0.5073101428438131,0.5063663939267109,0.5080355146309286,0.4947680480874542,,0.4966351587296333,0.1293108115029205,,0.8707827175992635,0.1474141512205894,0.9408575286554387,0.8706012463324573,,,0.8684517681130507,,0.9438385985378478,,0.9431139467196467,,0.15699972497559955,0.9428378047916153,,0.9460166048060444,0.9488988788405794,0.5364449700439088,,,0.5372098300771702,0.5367206615666759,,0.5368863715689461,0.538868532034813,,0.535540439361609,,0.5373795537773899,0.5364887700649731,,0.5386643662598329,,0.5376531932508295,0.5379567954379815,0.8646036418864197,0.866093206326194,0.8656162757500262,0.8651614643067229,0.8657942205713188,0.8635330806345551,0.1897923137514942,0.18939956457701854,0.18919724024491957,0.1894955286597127,0.9580392450977188,,,0.9565569547812951,0.8669428521605661,0.8629790749301212,0.8648737373075035,0.8651905556943895,0.5426642118084186,,,,0.5425950873762813,0.5421650458845714,0.5432066274620283,0.542694163473187,0.5426641139515097,,0.545201709966343,,0.5424813609961844,0.5415970567298773,0.5422109213911184,0.5432882698166245,,,,0.5417896555250403,0.5420765875955805,,0.5441482023033503,,,0.5425826073395266,0.5426968763753226,,,0.5425557592066332,0.5426905692648128,,,,0.5430648920195377,0.5427153059858147,,0.5428866653505423,,,0.5422339516334542,,0.5431879952420873,0.5414538351581771,,0.5439898758291605,,,,0.5418447236822385,0.5436245576299834,0.5438035690138229,,,0.5425799644307564,0.5423517458936592,0.5431184904640568,0.5434785905909386,,,0.9646409103177188,,,0.9623953798455809,,,0.9635464850283397,0.9637935430246498,0.9643924296534353,0.9638897271876764,0.9638037057873575,0.9643086888116635,0.058900002181622085,,0.059071062665919154,0.05915637676396268,0.05910547015260882,0.05880660933508357,0.05897890892746949,0.05915767277710859,0.05889477201307968,,,,,,0.05900748689520654,0.05888348870312932,0.05900644197883252,,,,0.9646654288430483,,0.9645976040988874,0.9638999990335252,,,0.962778274533401,,0.909009797633316,,,,0.9127387326010862,0.9087114155248605,,0.911055333687683,,0.9114813119091111,0.9106932059904601,,0.9074648306505908,0.05897980150854417,,0.058786463411562344,,0.05909699948269531,0.05889531340591163,,0.05886143578162105,0.0589352496686761,0.05888965994479505,0.0590777141671163,,0.05825524404122161,0.05880793771841804,0.05870173253884444,,0.9082178543569689,0.9113774799579436,0.9133097651011971,0.9107005621881246,0.9114669498582605,,0.9638725781910762,0.9627545425162936,,,0.9626982362647728,0.9630263843213791,0.9650331373042256,,,,,0.9647319125389937,,,0.9646369676892262,0.9617154705181943,0.9620505070881704,,0.9603783990703098,,,0.962550870218249,,,,,0.962856086677348,0.911606688525013,0.9128177759035755,,0.9105369189719015,,,0.909957243596626,0.9098904338937673,0.9090365594913925,,,0.9068033793126854,,0.9127602130958961,,0.9093625306235698,0.909040902171266,0.9101033941274627,0.9118194129476365,,,0.9125125252380337,,,,,0.52863904499594,,,0.5284139800238851,,0.5277546625238092,0.8798587513418796,,0.5871504204604464,0.5846580374971786,0.584788494485547,0.17262157745376033,0.5972760364586515,0.5965630385209191,,,0.5970274858585506,,,0.5974109348371134,0.5979699142778234,,,0.5976388006272667,,0.5962037663811673,0.5968950268000311,0.5965505049786056,,,0.5968396857730195,0.597179551115552,0.5979228527762676,0.5972660931329421,0.5988356207402187,,0.5982433232276201,0.5965290415215674,,,0.5978569201844502,0.5948185148848547,0.598203998690643,0.5966579708876345,,0.595741566970777,0.5972173776695819,,0.5970243946672743,0.5988808834881093,,,0.5976684586029443,0.5979118041469319,,0.5981289084802622,0.5968484957697956,,,0.5987135193850116,0.5993126215429718,,0.5952845633924824,,,0.5980127835419364,0.5971370861997548,,0.5985835541083966,,0.5976254429923861,0.5958248471942654,0.596148069392668,0.5967263986489926,,,,0.5963227447106118,,0.5988104025614709,,,,,0.5982681517403977,,0.5991342454631134,0.5967888519550277,0.5975768020502965,,,,0.5963346940638105,0.5975592161087607,,,,,0.5982170485036518,,,0.5978501671654588,,0.5969092708270972,,,0.5982988722769794,0.597533409144601,,0.5987505488901347,0.5964001073985704,0.5972830154000228,0.5979006541922713,0.5976727633532083,,0.5963546390961417,,0.5953382936371918,0.596340716644077,0.5969633762507577,,0.5972157293377175,,0.5973777977021039,0.5981933776071842,,0.5962859789982204,0.5979764614209603,,0.595912540575961,,,0.5984519552428706,,,0.596657781043694,0.5972976292985803,0.5980448565347568,0.5959506387986444,,0.5952543902093346,,0.5991346587423199,,0.5972116579401772,0.5969098545879455,,,0.5997065675638792,,,0.596632961188189,,,,,0.596723819675403,0.5970538324746545,,0.599381467359448,0.5992292919839703,0.5983813219096604,0.5976349153182491,0.5977634876046325,,0.5961094200275794,0.5974256114678477,,,,,0.597094457293331,0.597315580551794,,,0.5981529117009448,0.598337519381835,,,0.597746125996413,,0.544673331697464,0.5457955445605228,0.43249339165711653,,0.9263690056068907,0.4906113219330129,0.49059820872453624,,0.8652679684584726,0.931368604747195,
4,4,DG_8pct,16,Z06_F02,6,SLG_A,183046,189963,True,4868.232665524883,4934.265081637317,4935.21039609948,5425.782366059224,5451.39312043673,265.5738541235582,15.288816583311647,1108.4542540541058,1134.007946639072,431.25705422979115,434.6303098974717,286.1152389008823,4.918935483060407,14.777346084249857,21.738525476940133,16.733129224553593,207.8873228433629,26.086519811308307,50.54217210870003,348.4805984477143,0.7383232641206333,0.7395554518139128,0.7386342782489765,0.7120088485600906,0.8584760719193522,,,0.5959432308410744,0.5939928927960161,,0.8610089710225184,,,0.4852970464332494,,0.868595235615508,,0.9363808132773092,0.9377936923306059,,,0.5938853177704295,0.5942722949581534,,0.5958992529703406,0.5955334508340338,0.5884392685653023,,,0.5965953420140403,0.5951946400936597,0.5964674144057586,0.5957771376415416,0.5953647983701675,0.5961955851184176,0.4414284188256809,0.5713248763082854,0.5723451600080928,0.5711289332149115,0.5703828407205805,0.5723780878456513,,0.5714140806768699,0.5718711520754304,0.5718306393412887,,,,0.57160427946807,0.5700723051763568,0.570409208121783,0.5722541443989072,,0.572461500981024,0.5709649027340221,,0.5699090016582768,0.3845773337511409,0.3850898445506065,,0.9285763199837869,0.369153570994001,0.36953740019039466,0.3692004686370625,,0.36847761744835966,,0.3696134273194721,0.3702774716225266,,,0.36900714359844383,,0.37017952223709333,,0.36972307718092684,0.3696359811951902,,0.3691985925429206,0.37019315506455513,0.3706993873227715,,0.3697600780360577,0.36922206799551294,0.36903246291256614,,0.5303807315046913,,0.9375317405477361,0.5353882299386792,0.537041934112943,0.5351623609999705,0.5367168370563621,,,0.1173413648219109,,0.11721585820204054,0.11722821759792228,0.11729991178770778,0.11757807669092958,0.11694742856699644,0.11720828423355996,0.11752829246626449,0.11761065000029469,,0.11741754169031873,0.11715599164732952,,0.11774171952347913,0.11769350763203812,0.11693182016726639,0.11729293836827535,0.11690628782682093,0.1172423992004411,0.11720461252883005,,,0.1174187266850773,0.11740480354417593,0.11719805447592849,,,,0.11729684388344484,,0.1173631414672928,0.11676237554187009,0.11744055906491509,0.11737527509349112,0.11715391399012537,0.11734569797998605,,0.1173477615435533,,,,0.11703017424638261,,,,0.8913755124091292,0.8892389154361054,,,,,,0.8938408025457028,0.8891155232853634,0.8898960162654558,,0.8938856354389808,,0.8897591744523032,,0.8881135581099244,0.8921253600179532,0.889802927520279,0.8873426475566594,0.8876383483465908,0.8868215433443973,,0.8924007153935029,0.8935007555249943,,,0.8890416821347678,,,,,0.8888358141557323,0.8882858264560353,0.8872026839618995,,,0.8880289093774102,,0.8885632683323651,0.8894086203655317,,,,0.9411114571238062,,0.946062967206223,0.9433735790065574,,,,,,0.9419177073895703,,0.9470999431637007,0.9422271325344285,0.9438378184123921,0.9435727987104194,0.945010664309878,0.9436312013745877,,0.9433182454619786,,,0.9441161874564049,,0.9438743906730497,,,0.9416533644905805,0.9439850860009826,,,,0.9440826075391665,,0.9433413153084765,0.944751721381464,,,0.9427999955544341,0.9420747670361658,0.9446008878125265,,0.9442880532594915,,,0.9464607804053112,,0.9427879541515398,0.9438116516516375,0.9419463997811179,,,0.9428503352915387,0.5222192984019918,,0.522801057855933,,0.1103990056601499,,,0.5388239813814817,0.5396775430528766,0.5389595005050191,0.5406374031441952,0.06319378663146362,,0.06314552689175773,0.06328228067050252,0.06308634598596045,,0.06324337359508282,0.06312482330891842,0.06313763240562587,0.06334893456523288,,0.06328065173014401,,,,,0.06316930357723859,0.06327838116957046,,0.0631753217181582,0.06317358567517467,0.06319656942801496,0.06308977373573407,,0.0632136268987372,0.0631335640312154,,0.0630139960340905,0.06305845093998073,0.06321709636445617,,0.06319759318354512,,,0.06310003642452794,0.06300599881841852,0.0630839844361876,0.06316730569940854,,,0.0735783006696108,,0.07348866299922342,,,0.07360633983145995,0.07348994479917696,0.0737049649551361,0.07370556738475861,,,0.07359938481932662,0.07340888046244914,,0.07368220937899006,0.07358936687941371,,,0.07367918571672552,0.07374472682048071,0.07367261277311725,,0.07342427520826726,0.07377827089362321,,0.07339225384352425,,,0.07362600620938307,0.07344389019560292,,0.07335976205329181,,0.9122426608534552,,,0.9116099512608286,0.9121663896458821,,,0.9116471643957201,,0.9126054843587887,,,,0.9052539998853173,0.9063571853116215,0.9081772170098272,0.9069743052557195,,,0.9082070169140485,,,0.9088960736301172,,0.9046591654015566,0.9107568988400823,0.9117789486839685,0.9093700008338275,0.911190187714786,0.9090133767326078,,0.9114432075205242,,,0.9083833444047245,0.9095989298247094,0.910556304389392,0.9084894929723148,,0.9105952701561029,,,,0.9097575942025494,,0.9132451306450893,0.9132674296300107,,,0.9083974378574486,,,0.911013382565314,0.9119443965160379,0.9094205101219044,,,,,0.9065252704645007,,0.9071864302420156,0.9066702949063503,,,,0.9066947278814883,,0.9048879901160364,,0.9074698265127612,0.9068688956510917,,0.9052008585975205,0.9061345426906751,0.9072651576146679,0.9064817302521521,0.9070844464964384,,0.9093855944438054,0.9061227366985497,0.9063468242867345,0.9072317201083361,0.9104000502690075,0.9085734992243792,0.96483198194385,0.9644317817052638,0.9636273756701845,0.9642461593629676,0.05889448140447503,,,0.05854525490508088,0.05857442646996516,0.5303154521585882,,0.5306953691302346,,0.5312112428820539,0.5310939746413651,0.11009878182537743,0.9405786761667745,0.8922321710593345,,,,0.5216079776926715,0.5213645905503416,,0.5114428420037314,0.5099244209777558,0.5082983499223012,0.17411671431743814,0.9269664679290519,,0.19071893971775566,0.9351825317365885,,0.1958800000972281,0.9364935814259863,,,0.9399492313586695,0.9400113299671875,0.9414503134373331,0.9386174577441088,0.20022231833712398,0.9377013653367756,0.8700816494999016,,0.9434643545784571,0.5530424227154627,,0.5540481731856797,0.5527348098931596,0.5526751424947667,0.5527174351794372,,,0.5541102520238536,0.5522403441032172,0.5531769350780367,0.5522717836720057,,0.5522764185038986,0.5535613901495964,,,0.5524387663012791,0.8703137525126365,,0.870979321021984,0.872287132501632,0.8729924186866724,0.8723628867300277,0.2295223674766523,0.23021485296840963,,0.22956247082659562,,0.9530534324460167,,0.9536980292494699,,0.8710519398951752,0.871209445921445,,,,0.5582661493944708,0.5599323195218526,,0.5581738111782978,0.5593418340526846,,,0.5581491782418242,0.5583051280786488,0.5584077309818771,0.5597172208081156,0.5582901523304328,,0.5599049376502491,,,0.5598186007566551,,,,,0.5598423278760347,0.5595124671688948,0.5573790983989576,,0.5586340522860586,,0.5589722039113578,,,0.5587389307852004,0.557172070599675,,,0.5572598238719021,0.5583573630016704,,0.5585495401941353,0.5596433088487333,0.5598398180833161,0.5597815249520522,,,0.5593414154683922,0.5585942569550211,0.5596816297929691,,,0.5585172868432363,0.5587276519597488,0.5586803268063166,0.5602169673102275,0.5589775194106669,0.5587607735905237,,0.5611878468163871,0.5578185815116227,0.5591611988531555,,,0.9743780097274192,0.9737755481754629,,0.9753044167469681,0.9704502014976163,0.9731864221065963,,0.9752632298586796,0.9700734819317146,0.973214156876677,9.06348531992468e-05,,9.05993700794982e-05,9.0786857752213e-05,,,,9.080758776415347e-05,9.07681528126748e-05,9.076401179482571e-05,,9.09125349091429e-05,,9.070417703176397e-05,9.04551399570495e-05,9.058840087088604e-05,9.048489725382692e-05,9.063634979849179e-05,,0.9765486752966704,0.9759122530782578,0.9759964138678867,0.9751973977142988,,,0.9729677791145851,,,,0.9283302510092248,,,0.9286188661180526,,0.9259123389109538,0.9285915989348205,,0.9297660694808053,0.9296365989332114,0.9272894267132044,,,9.075730873356803e-05,,9.057018919273499e-05,,9.072905856569394e-05,9.084059796523166e-05,9.062642581118764e-05,,9.087185070998744e-05,9.061524619684061e-05,9.075298524844189e-05,,9.063121195632523e-05,9.048073970033294e-05,0.9294818891593992,,0.9326746516212869,,0.9298419340555569,0.928571579120183,0.9323829081303009,,0.9741342838345048,0.976862183372301,,0.9721020529939985,0.9735148169174397,,0.9760913946736026,0.9750249252837556,0.9726329785276887,0.9738273091205335,,,0.9731598218659059,,0.9736611963369348,,0.9749417665154891,0.9757669551476509,0.9733394832122971,0.9766564596075501,,0.9718786334925543,,0.9753142729921,0.9740264559632067,,0.9333968952657755,,0.9297706512278866,,0.932865901332111,,0.9340651163795713,0.9306175443592223,0.9324628658832556,0.9316933075474297,0.9277056439337883,0.929603213422794,0.9290996215665458,,,0.9288959544189834,0.9295887371240232,0.9314638804964492,0.9309337593769905,,0.9304821640819707,,,0.9289266144180314,,0.9329849438865958,,,0.5452636934548419,0.5453360173743736,0.5452794589739746,0.5455280353694771,0.8852223874111138,0.8673748979525624,0.5834235982729314,,0.5839844053253562,0.21424231687078152,0.5963965473437244,0.5955948685682955,,,0.5939590087595451,0.5958181928980119,0.5949056337575892,,0.5942931970312587,,0.5953359551281616,0.5965508021991213,,0.5948925605389812,0.5942569912036418,,,0.5949188883936882,,0.5948686183797782,0.5949486835550377,0.5953558425331792,0.5950096318895324,0.5945792804928838,0.5953013459688348,,0.5933886890067255,,0.5938821108474799,,0.5956326810093123,,0.5959861714674958,0.594935275303219,,0.5953398170204997,0.5940774578637924,,0.5955525341986123,0.5938151844224436,0.5950953730969257,0.593845250562007,0.5941544466291658,,0.5943831808256024,,0.5961231511263118,,0.5951589801082405,,0.5949762014256149,0.5961043360636722,,,0.5944285552432657,0.5937037576177703,,0.5968723382899259,0.5946454154872074,,0.5932427989274164,,,0.5955396323937042,,0.5938623731738238,,,0.5971422934294244,,0.5929654984533239,,0.5945508885992012,0.5953020753665383,0.595151626371202,0.5944774656055176,,,,,0.594081318660017,,,,0.5953737405793649,0.5943652216349844,0.5951797306807558,,0.5945815663545774,0.5934991878063958,0.5956689688426636,0.595057464919664,0.5931019506667039,,0.5931582056498146,0.5953221234937007,,0.5946718742395822,0.5936217468683196,0.5948088895841626,0.5947052425787148,,,0.5946740751353138,0.596432797089269,,,0.5945377919233126,0.5949764122892853,,,0.5953080436904928,,0.5933595419731783,,0.5947299602094305,,0.5954319018337372,0.596987991060601,0.593775038919524,0.5946065879693067,0.5962056629506092,0.5931596089063536,,0.5951471683197533,0.5931149350537438,0.5958497344975539,0.5958687720674869,,0.593907993474883,0.5920501771788299,0.5938604078295825,0.5942086042153556,0.5955044316302367,0.5947268600258065,0.5943811760564207,,0.5965664554043567,,0.5959333468849561,0.5933672158406805,,0.5933687073526971,,,0.5954216133687937,0.5941067367464802,,,,0.5962710360299696,0.5946723355237596,,0.5963210694337664,,,0.5959411404250071,0.5963440057868424,0.592827935268034,0.5945831499899435,0.5961052709251111,,,0.5936474379623163,0.595171055465074,0.5964549087487946,,0.5949574410923196,,0.5413988528844239,,,0.8848591989150064,,0.4831151244729455,0.4827611730384002,,0.8715700766055401,,
4,4,DG_8pct,16,Z06_F03,6,SLG_A,183048,261881,True,4895.8194505168185,4976.319873735007,4995.385176132526,5524.840450632288,5513.356143299831,265.9538809959779,15.331535855730015,1123.9162598225391,1141.1228464699593,434.7229753701116,436.8972592110329,288.2891829502169,4.926497488686077,14.732038483162308,21.788235720843893,16.79983893503147,211.65675371373285,26.074450704152653,50.67395074257761,351.30731500887094,,,,,0.8585075797098899,,,,,0.5909880846049619,0.8586922579593704,,,0.4796360681916396,,,,0.9374884222483618,0.9373821654047324,0.9366095241961443,,0.5916845464587199,,0.592555862404858,0.5934511356631605,,0.585520230127773,0.5852228181109782,,0.59364226658188,,,0.5927424754577204,0.5935348296440632,0.5937268105186638,,0.5714062765761061,0.5707096765959393,,0.5678853064465901,0.5686260973665912,0.5679565083147253,,,0.5704328418389725,0.569952722573774,0.5697305008775577,0.5701405453623413,,0.5680387765334284,,,,,,0.56930033886508,,,,,0.9284252307480788,,0.3625242680401205,,,0.3641793823403116,,,0.3632680341671784,,0.3640799336704652,,0.3634403382850378,0.36241682793780183,,0.3639809290621683,,,0.36296056708248425,0.36397207599105275,0.3629691096083722,0.3636108607643449,0.363210305665313,,0.3626703498999957,0.5297321189974216,0.5291324369350561,0.5288671968585096,0.9380426322953757,,0.5325083955981511,0.5316764579892987,,0.5316149613246568,0.5312765720344054,,0.11043997074530985,,0.10947757630433017,,0.11012122206623152,,,0.10970143736646422,,0.10971362208310403,,,,,0.10984285172977995,,0.1095190475875167,,0.10990645409772855,,0.11007292272760301,,0.10983729332379802,0.10982870243667882,,0.10961906731539234,,,0.10947711986323817,,,0.10957915144635742,0.10999720723302184,0.10958139455124954,0.10934291696924361,,,0.10964219230080531,,0.10997986261112945,,,,,0.8898500960193958,,0.8908493293776137,,,,0.8893399569219576,0.888156926045544,0.8871902681649391,0.8906010594754283,,0.8875820099899758,,0.8878374449402702,0.8889640828737466,0.8848441809338711,,0.8890970814703648,0.8875562899952704,0.8905857703556804,,0.8878242678963043,,0.8879319513123124,0.8896719290464843,,0.8882340788396503,0.8900383176645965,,,,,0.8894745948964604,,0.8865039627930742,0.8893282403656416,,0.8844066691413425,0.888391349765138,,,,0.8905006023033183,,,,,0.9452999008949908,0.9453189993507464,,,0.9414148806963796,0.9434550952791027,,0.9458867321895358,0.9431371859566825,,0.9444061731453116,,0.942519194401471,,0.9441345440780218,,,,0.944378418569978,0.944499579435066,,,0.9430642379578906,0.9428805560690029,0.9429116918902644,0.9423387101618984,,0.9435698580437927,,,0.9427414388847871,0.9419556384951568,,0.9424564540250668,,,0.943065992269344,0.9418197924814342,0.9450335799434024,0.9466568580597434,0.9451634109243685,,0.942171282280919,0.9427193450842845,,0.9432514611675634,0.9454208413061719,,,,,,0.06995458069012973,,,0.5351416091713913,0.5353620589842931,0.5350500163005998,0.537762366824581,,0.05537567162673569,0.055331638472954796,0.05516215714858011,,,,,0.055222172706094995,,0.05535986267234138,,0.05545806361690856,,0.055376025988786916,0.055346079294096025,0.05546327997894061,,0.05520413955002626,0.05529817957400896,0.055281688756748604,0.05522641678678798,0.055320517377858466,0.05535098029081504,0.055290042088998265,0.0551860596407153,0.05518439335743378,0.055133543408891116,,,,0.05525623279015267,,0.055192871875961155,,,0.055290510166512145,,0.055266711020457576,0.055164470910105165,0.05510302793274721,,,0.0657471689349585,0.06578539795903549,0.06595411831212326,0.06580113554830919,,,,0.06591436127551176,0.0658862217526908,0.06575137956112528,0.06562431326169539,0.06577062948113108,0.06566077192933034,0.06569352548818247,,0.06577674142111035,,0.06564648549598677,0.0658180574159731,,,0.065641142820301,,,,,0.06575341604765474,,,0.06568964845633417,,,0.9114990012651216,,0.9090173541121968,0.9142732070155043,,0.9088400114476349,0.9116375039338914,0.9091175822082314,,0.9067171099547129,,0.9085579533328242,,0.9073710144937193,,,0.9052562285732261,0.9038260798841656,,,0.9053818880158817,,0.9042426226229934,,0.9086435307286915,0.9097254230458123,,,,0.9084811991162824,0.9094253382684063,,,,0.9088572957331134,,,0.9093934232975837,,,,0.9118987671214691,,,0.9112528523075157,,0.9080168865944941,0.9121016162740173,0.9084722860972406,0.9105165009888375,,,,,,0.9039554782648905,0.9069314616866732,0.9064727698080837,0.9061536946227333,,0.9038620995076715,0.9049877113851281,0.9045587709912987,0.907599879409846,0.9049880059800967,0.90573603184083,,,,,0.9039131531202644,0.9046328740670175,,0.905171675391193,0.9060741947395433,0.9075922796305742,,,,0.9046144255354451,,0.9059600847749266,0.9076752634966055,0.905322638259288,,,0.963355542058667,,,,0.05062956990036343,0.05051780287632087,0.05047116691397897,,0.5256439001568629,0.5251425344861737,0.5246034793097866,0.5245641417934291,0.5255661345305199,,0.9403578881524493,,0.5336609845907732,,0.5299260005765334,,,,,,,0.16676365822096695,0.9289822793937259,0.8733922381512627,0.18445822135493822,0.9357925151606158,0.8703191935335065,0.18919189878141268,0.9376173877527529,,,,0.9396424327913042,,0.9402039467510263,,,0.870697426706838,0.9442942842517613,,0.5474560428099828,,,0.5484126265261745,0.5487456546679601,0.5461489549336956,0.5501574578272606,0.5484000656725139,,0.5482852666089689,,0.5470887722505922,0.5467303705509975,,,0.5479042107247561,,0.5479978421041695,,,0.8707970764207379,0.8717586755196551,0.8708536605836468,,,0.22324409941835913,0.22294649288460544,0.2234585207303985,,,0.9528819997680491,0.9536304379679423,0.8703005807209798,0.8705821990780898,0.8725222904788421,,0.555061150162394,,0.554863667381108,0.5543962826374156,0.5539498584720516,,0.555617621465812,0.5552294454764046,,0.5537717454316459,,,0.5538742211916348,0.5535219103386406,0.5542814571637226,,,0.5536858374059402,,0.5541996537600992,0.5545295945869214,0.5549738093886591,,,0.5542210507466746,0.5539299293438762,,0.5529095150642829,,,0.5550340692028111,,0.5546608759771376,0.5536599664840335,,0.5549200804856231,0.5542990760672115,0.5530161726229421,0.5540967846939867,0.5563305894865638,,0.5542835893444059,0.5558380678362353,0.5549293612418196,0.551897205354935,,0.5537481674405997,,,,0.5540630908610001,0.5532184700154149,0.5539658317907071,,,0.5532705567877482,,0.5534808002431926,0.5558287746251003,0.554270900830516,0.9759343135729668,,,,0.9751882173089057,,,,0.9753416305468207,0.9780603433938251,,,,,0.00010339495484541035,0.00010332963655110465,,0.00010327042171226891,,0.00010349045912767165,0.00010301845483450014,0.00010334564549708041,,,0.00010333944980568931,,0.00010350103744937007,0.0001030790636099935,0.00010324836669462204,0.00010310796290393142,0.0001033029624591895,0.9759141179672887,0.976949817003452,0.9810759420727833,,,0.9797453377017883,0.9804869741568025,0.9773129629188531,0.9265244920947987,0.9257543594342167,0.9274703274799709,0.9267138739059452,0.9281718921944994,0.9267309137862905,0.9263896107905168,0.9285657096138754,0.9252202584869347,,0.9306820662318633,,,,,,0.00010329903723204083,0.00010332534091587481,,0.00010308388409163087,,0.00010328789051096572,,,0.00010336984913645334,,,0.00010313464521846071,,,0.9280270723429325,0.9267845479235801,0.9275212305160985,,,0.9274704699116744,0.9792509460539455,0.979355293383475,0.9757608267898042,0.9735107335901987,,0.977377285111129,0.9769911140291303,,0.9791063094754558,0.976724090885978,0.9755441348242725,0.9781058496806969,0.9767754602865295,0.9788238284286082,0.9756979145623547,,0.9775433002084314,0.9777190734908752,,,,0.9760116074744709,,0.978694670444924,,,0.9779386303556705,,0.9264388099005981,,,,0.9296231345386582,,0.9296584492921309,0.9268004042193848,,0.9275518785607091,0.9242471384946839,0.9248868545945002,,0.9263235941393733,0.9284390304721036,,,0.9284311590742875,,,0.9266124308522307,0.9283244038792914,0.9276693722617245,0.9286778749369949,,0.5382859879657941,,0.5388831956318775,0.5374970261225839,0.5405528060432987,,0.8874406526458617,0.8642972044011014,0.5829061759504048,0.5802690598029756,,0.20729864024679814,0.5916344571763794,,,0.590972515738968,0.5926038797003009,0.5942946117319746,0.5923951288111982,0.5927317304683777,,0.5930139163979092,,,0.5913046534677335,0.5930625599425063,,0.5932010316272956,0.5924356716588345,,0.593902163318762,,0.5926681539155304,0.5919843588532129,0.593297416480976,,,0.591876818500882,0.5930270485572251,0.5929523616004029,0.5943623024473417,0.5930458335791611,,0.5931132271632568,0.5925914159251864,0.592228573832522,0.5930994083663226,,0.5932732334453615,0.592656136007844,,,0.5936552843762438,,0.5940577338349883,0.5928891749818666,0.5923720658149155,0.5930142850069842,0.593023949027016,,,0.5919596595515686,,,0.5915785761326483,,,,0.5924605546398716,0.593899553521528,,0.5929424193327831,0.593600266714984,0.5936894669919323,,0.5919670505838496,,0.5933041759169347,0.5919318095775588,,0.5922733397844179,0.5916469664114599,0.5929773833893116,,0.5941535723688605,,0.5915042637261314,0.5948798001697493,0.5938388798280618,0.5925169677337542,,0.5924720742926456,0.5944215803992801,0.5946867655033177,,0.5933566637194889,,0.5916120515482324,,,0.5917084572890708,,,,0.5927973007383697,,,0.5943934831675497,,,,,0.590922942837596,0.5928453240932365,,,,0.5926050829864254,,0.5927876196556077,,,0.5937561755493937,0.5927280009379774,0.5950373059708096,0.5937128826552359,0.5915641942992739,0.5924397765648616,,0.5910277936452694,0.5930023130897824,0.5929213479308117,0.5932539212966408,,0.5935353227554407,0.5942288073058344,,0.593956046090828,,,0.5925749492212768,,,,0.5929150438888032,0.5935457158279235,0.5908520343065355,0.5912098031693148,,0.5912899323596722,,,0.5916896844594113,0.5932878706974216,0.5931619793852034,,0.5914335934538172,,,,,0.5923630788438474,0.5921053567653322,,0.5914771841463823,0.590997662053041,,0.5927562669090312,0.5919626641116228,,0.593618618370063,,,,0.5921973791285997,,,,0.5918745806413138,0.5934564816314942,0.5405168803055656,0.5398017728859661,0.5394559589083194,,0.8852837283730067,,0.47843692146079647,0.47877192483292025,0.8690152064636715,,,0.9338918387751367
4,4,DG_8pct,16,Z06_F04,6,SLG_A,174984,181919,True,4319.243891859431,4337.420367554047,4356.397090826073,4730.527356135722,4721.085861255224,230.564485925292,15.243238471884975,1297.8777068338595,1325.6506481996546,498.58565342090327,499.1192192675037,328.9681306773828,4.881391509664732,14.776316219407088,21.695376786800733,17.030787669060647,256.84063287603476,26.078721155556785,49.97157777476044,406.94627311193636,0.754982898267978,,,,0.8678055340986273,,0.8587196719480122,0.6228422023712838,0.6247249551160966,,0.8539097629713919,0.5390532213656098,0.5383291449635625,0.5391907160793723,,0.8640619871595192,,0.9355691570042249,0.9320214074866949,0.9346189601916913,,0.624237289583708,0.6227704376914595,0.6260351487242826,0.6252373736811199,0.6258770506360126,,,,0.6241594740907039,,0.6245319995422489,0.6280553745084807,,,0.5031698325126848,,,,0.6046913320375408,0.6053004605817156,0.6024288885108688,,,0.6043845465058076,0.6057525848239792,,,,0.6052846216959045,,0.6047831550741506,0.6063146997643656,0.6062836847694688,,,0.6066970574833493,0.45486029914755344,0.4555968322233253,0.8779606824800249,,0.44181937059014526,,0.44184287927662413,,,,,0.44298063733445003,0.4423123587995386,0.443128262180478,,0.4420972732109296,0.44163526215647003,0.44263032904688693,,0.44180363408935236,0.4419204739147825,,,0.44278418305575906,0.44299699138987375,0.4421306400565604,0.44147101495309,,0.5689526506530689,0.5686435546250361,,0.9550237800087333,0.5201661636296645,0.5208717278054505,,,0.5202613351037185,0.5202908765799381,0.022546342520425547,,0.02258604636193285,,0.022632163188449635,0.022616055604836423,0.022530981641151814,0.022545745613553433,0.02254842557320419,0.02258642724078471,,,0.022545522853423327,0.02256419054156662,0.022579311675196407,0.022548072916539687,0.0225571929191445,,0.02254256397404475,0.022573330126878472,,0.022609350599143034,0.02255917111931161,,,,,0.022596636664831818,0.02250003022225132,,,,,0.022516590481845743,0.022542677635332253,,,,0.022588752235607502,0.02247996545291676,0.02248789514392402,0.022551135959427093,,,,0.8994056275751879,0.8987257088474041,0.902955443191739,,,0.9031041181442877,0.9010861439880664,,0.902131791099792,,,0.9026684995362038,,0.9047716764185975,0.9003273820258081,0.902235742443254,,0.903552361112505,,,0.8986583622793005,0.9020777564173376,0.9016313124582441,0.8988800846177697,0.9004178765759188,0.9019178282567873,0.9002188011964184,0.9012197718185322,0.8994816289725486,0.9041481674716071,0.9020834639263251,0.9003960919241609,0.9008531922382137,0.900451016694306,0.9012816693133539,,,,,0.9001805809699741,0.9010922547217279,,,0.9569599134068298,0.9613997224156883,0.9583845068233361,,,0.958324105714876,0.9595785798407828,0.9625702723209281,,0.9586367062854275,0.9597363991557587,0.960931567774346,0.9583871953143741,,0.9622407740535839,,0.9616985373503038,,0.9633997653653381,,,,,0.9599465838057468,0.9594378711700907,0.9596154596338019,0.9579148984539636,0.9602500720446665,,0.9587336241931631,0.9608262672681959,,0.9566326165093652,0.9585707638455837,,0.9603392442048122,0.9584317534687327,0.9615947103952257,,,0.9600271098112922,0.9593793033458894,,,0.9594335454610354,0.9589213292945327,0.9587601148961905,0.9590617849925646,0.9625444089593791,,,0.9560807784192253,0.9605312900643114,,0.5156095053155564,0.5156990612147103,0.06840121099314066,0.014123476130019465,0.5220206930906545,0.5237562499098206,0.5227610624045916,,0.5228061594849779,0.5221577707568069,0.11326369987823572,,0.11338510809662157,0.1131100206324015,0.11303059758202996,0.11308565962569007,,,,,,0.11280997982646492,0.1132285875016039,,,,0.11332199216886021,0.11296309302831226,0.11318331383079046,0.11296342974971242,,,0.11309590961292984,0.11282750235800937,,0.11304853473929712,0.11295953593260667,,,,,,0.11314355411636391,,0.1130516418270892,,0.1130343617507347,0.11308239883161209,0.11320348834187295,0.11275545756995356,0.0820812654751615,0.08182546892570484,0.08175136129145721,,,,,,,0.08186133801318864,,,,,0.08167877699813177,0.08186631183519284,0.08199266489277146,0.0819311565622043,,0.08197268797806764,0.08194593393989498,0.08167223392436299,,0.08181126592048564,0.08182088023260477,0.08178629342518189,0.08164745285230086,0.08180956537340398,,0.0818300512528505,0.08168700084703025,0.08192758608874363,0.9084064794832665,0.9053570223950239,0.9040680058017884,,,,0.9039243719500686,,0.903380754201102,,0.9040017022556865,0.9067537151137388,0.9051437963031931,,0.9060159775167361,0.9058592414481943,0.9064009215330385,0.9052512382450624,0.9074510113161022,,0.9039074331919159,0.9062850892451589,0.904445776035238,,0.9051902097454381,0.907203385323037,0.9047669608601956,0.9066027289802844,0.9017407905703667,0.9051891797705929,,0.9052320490960912,0.9052972575158079,0.9027817011619418,0.9022672403193704,0.9029579900000461,,,,0.90427471647251,0.9019579167981617,,0.902354889376499,0.9042070223906776,,0.9063830122927549,,,,,0.9047338300671781,0.9064696143751346,0.9058010376187181,,0.9058723942332213,0.9064735809483538,0.902811782927063,0.9055386200216404,,0.9087195078618464,,,0.9061782941331792,0.9053476182801059,0.9081719434796962,,0.9063279242148811,0.9051653524732893,,0.9083547183949383,0.907919165796803,0.9074788885751188,0.9069190661658555,0.9061454631573248,0.9046382110853983,0.9081395235504496,,0.907958451520458,0.9051867894003726,0.9075792413840501,0.9054259129153833,0.9081756389836195,0.9063382340037448,0.9060253382527618,,0.906681876052129,0.9540313213453068,,0.9551689987261462,,0.1304775197057491,,0.13047539563599753,0.1301760609939762,,,0.5370919818780996,,,0.5385860608561533,0.5385026734111434,0.013056124238262074,0.9560697909945487,0.9035288475699598,0.5186535078958344,0.518459577454233,,0.5078276301416292,,0.5062386974028655,0.4961076284898897,0.49416060130177986,,0.09546735950285956,0.9360462887613671,0.8777070662656756,0.11685394549987335,0.9473975173864078,,0.12266144071247813,0.9498598587502637,,0.9530350582572313,0.9527834102560289,,,0.949138562687685,,0.9490294422187555,0.8716835244920713,,,,0.5338762813435326,,0.5341356396554775,,0.5355286411528237,0.5341517820689821,0.5342331432729361,0.5358945834254453,0.5352054170701224,0.5353119954592481,,,0.5365196381863775,0.5357276058045529,0.5346290022297012,,0.5357785145737647,,0.8638848896563585,0.8663693296992488,0.8680096212067425,0.8662494095805142,,0.16525171340550604,0.16515948906612085,0.16545497961928757,,0.9659125552237549,,0.9642563241363448,,,,,,0.5419204152472031,0.5414215124310423,,,,0.5429426760556957,0.5411751181675226,0.5423525485827488,0.5412584581312802,,,0.5393379801359203,,,0.5428013838991914,,,0.5419292758952099,,0.542896752282206,0.5415336571211116,0.5413071412583583,,0.5421922059361163,,0.5406580693321683,,,0.5403732935697468,0.5406046976256456,0.5387931360907147,0.5420298483527187,0.541453049195712,0.5419124696042367,0.5427259728863445,0.541265559407902,,0.5409882509520201,0.543386879889249,,0.5409813022945553,0.5421945379049552,0.5429788072669801,,0.5413295325719685,,,0.541040982199548,0.540574460491442,0.5426222778997248,,0.5422925829807457,,,,0.5418162399968877,0.542645680537421,0.5415591324107509,,0.5406182397180425,0.9493948951572053,,0.9476280713645682,0.9507706771176159,0.9499949078441556,,0.9504549806872794,0.9502817938807324,0.9472355217519474,0.9487099540958299,,,,0.17792478998372652,,0.1777812867767783,,0.17870205515806994,0.17759500474697365,,0.17789815210246215,,,0.1779792128404128,,0.1776428157990084,0.17800121126520396,0.17801764908718704,0.17762943568519018,0.1778188838933608,0.17710638509644136,0.9517382279147466,,,,0.9506518885721856,,,0.9487593791867669,0.9015307193778439,0.9029722250165554,0.9006734678904165,0.9011975672215724,0.900072291602431,0.901020764232171,,0.9000489047294407,0.9007628757241996,0.8991776192329703,0.9005283673695801,,,0.8996037289496643,,,,,0.17807234683982162,,,0.17733957887496224,,,0.17798476677118566,0.1779778552961458,0.1754875672863433,0.177159907262284,,,,,,0.9018818967068554,0.9006273666451611,,0.9544135697243663,0.9495695171371793,,,,,,0.9473465992192633,0.9508071697060457,0.95178049477574,0.9467683763573304,0.9501708788409112,0.9507836485084459,0.94863442814808,,,0.9502416362430058,0.9503177774925883,,0.9486393888426096,,,,,0.9498218448038549,0.9507284576899011,0.9487754533565804,,0.9040686162928117,0.9039057326364852,,0.9031035375313079,,,0.9000611928281146,,,,0.8990864637405227,0.8974584830118791,,0.9014765217263894,0.9036443815670006,0.9023467204395291,,0.9009090341513909,0.9017311657452138,0.9029146185841836,0.9017597273487422,0.9009520746401156,0.9039244142811179,,,0.5269871086106815,0.5285313644152267,0.5267919625812708,,0.5283467286149057,0.5269940844686472,0.8776847631875401,0.8612025238562414,,,0.6149995046672683,,0.6254611914295927,,,0.6265609417916314,,0.6261421208088827,,,,0.6256045983184401,,0.6271060750559028,0.6260678432546614,,,0.6265091747051644,0.6255158996229631,,,,,,0.6237263830401018,0.6242927069059182,0.6258287114557785,0.6250453756188157,0.6280483456873851,0.6262170623763201,0.6250698009182862,,0.6255512347280727,,0.623845010459783,0.6261793040805891,,0.6249480791262545,0.6257490901683278,,0.6256547069827567,0.6273814867157135,,,,0.6260758243658083,,,0.6266806142087283,,,0.6253192433497263,0.6253761668308001,0.6253269521881591,,,0.6281273362490248,,,,,,0.6257729389271168,,,0.6266555313545018,0.6266365511684184,0.6262299039864017,0.6260789240561035,0.6269583638662889,0.6237558037460131,,,,0.6257182431749324,0.6254280571942507,0.6253210007975858,,0.626896647308966,0.6268771551374259,0.6257058374542999,,0.6260391337424551,0.6251024645748003,0.6260812358063026,,,0.6246468069060808,,0.626032479160425,0.6264042420985336,0.6245410381521517,,,0.6234150588395269,,0.6251739062057918,,0.6238236067023823,0.6247963171747836,,,,0.6263464512147389,0.6260215547081444,0.6250848610767884,0.625945748709418,,,0.6246462167058435,,0.625199293545731,0.6254261215947122,,,0.6260420768018501,0.6243492975641975,,,0.6266243741144761,,0.6250074686800515,0.6238974093682469,0.6262767890862976,0.6257938773339184,0.6245546328343924,0.6266951458180253,,0.625597458833356,0.626628474633396,,,0.6242206998755199,,,0.624405295963682,,0.6237211608778607,,0.6260354308225021,0.6247724192313231,0.626434775132081,,0.6274552334760356,0.6253425227948927,0.6255125188466178,0.6254532214852601,0.6257413142864096,0.6248705656595481,,0.6264961150437042,0.6249086616152212,0.62647961150456,0.625628969158865,0.6247130628748252,0.6252486683646377,,0.6245696789133656,0.6242372865525181,,0.6257810699989445,0.6270811776109486,0.6230096139115701,,0.6258533762348618,0.6255632003466574,0.6257034321360969,0.6264861020234864,,0.62753125497706,,0.5770535443139401,0.5788355573162601,0.48852956501435013,,0.9250264678408807,0.5385283866385399,0.5371474318466812,0.8639700617529521,,,0.9316825884476897
4,4,DG_8pct,16,Z06_F05,6,LL_AB,174987,181918,True,4964.295870856569,4957.919807832664,4963.604579408516,5120.561483395372,5127.81766521682,194.12491575111824,9.825502917992617,914.3811042266071,946.4134507384122,334.886212298281,337.30571054119895,219.30923531494366,3.0367601669873157,12.380892186174508,18.739481447473523,10.666235252004727,240.4664215958386,21.334400034862043,31.84261570060382,301.51719915322224,0.6785804983001325,,,,,,,0.48937889291055475,0.4871056403775903,,0.4753561871139567,0.5595349785628545,,0.5575330380298379,0.48169719277731815,0.482434581905292,,0.8084628064622458,0.8084597685413809,0.8091455453359522,0.48538848959166275,,,,0.4904454136816765,0.4879687578178969,0.48639180634409596,,,0.4893939239244487,0.4893843739897713,0.48907906178280347,0.4896649274548999,,0.4887138284693947,,,,,,0.4179010897118953,0.41626238464113724,,0.41595630366531533,,0.41833920007241215,,,,0.4164393686623115,,0.4170482693244803,0.41741895505636495,0.41650371085626103,0.4178975351024045,,0.41795628555453695,,0.4724470376771891,,,,,,0.4611666459782215,0.4605627062737066,0.46149890236863195,0.4589107303176454,0.4616281692201026,0.46060641723781437,0.45958881439693405,,0.4619628079344122,,,,,0.4588045480983784,0.4604088923738792,0.46032822279194746,0.4607298733426544,,,,,0.3601431774899284,0.36168872663631246,0.359987352574036,,,7.312654071772182e-05,7.324912804243206e-05,7.354617831493105e-05,,,,,0.019512775792765825,,0.019597450631864407,,,0.019597060941573253,,0.019545666918543342,0.01962295035430814,0.019555734985283783,0.019558456491748068,0.019617396751200385,,0.019550060050518518,0.019606625150993325,,,0.019552404628876512,,,,0.019512998579335663,0.019572280931787586,,0.019608775126206412,,,0.019611982520201125,0.01960759086363649,,,0.019518783005925203,,,0.019584540758768847,0.019567479505955547,0.019594749738171793,,0.01946101872657116,,0.019463285465935117,0.8310560705738538,0.8308261558241563,0.8311873053113602,0.8321166821754836,,,0.8301513465359631,0.8290502112927364,,,,0.8307103255252234,0.831711499620491,0.8343634258396081,0.8312546722058451,0.8305247115018377,0.8321272684123805,0.830145693356253,,0.8311639854925554,,0.8304613341779771,0.8323102484962391,,,,0.8301708490963742,0.8296803719358201,0.8311132372493594,,,0.8320900840279115,,0.8288577327930117,,,,,0.829050276108483,,0.8287125510970439,0.8313954468373652,,0.8314015318532435,0.832615015130897,0.019406126006592864,,0.019372625897811406,0.019517391080538484,0.019506117914590025,,0.019461813203468157,0.019386325977800385,,,0.019471993512668925,0.01943572838138298,0.01946312936010297,0.019510093529119834,0.019504631853177756,,0.019470303687392665,,,,0.01945607483314207,,,0.019523619594253912,,,0.01946808664256017,0.019425600836047944,0.01942246635758722,,0.019488161297983548,,,,,0.01945130921821838,,,,,,,,,,,0.01942790015354317,0.019441112352589964,0.01945375758595802,,,0.019420610679059803,,,0.044711899728883814,0.044640244076631475,,0.00976667964951753,7.374140324557034e-05,,7.376722038340064e-05,7.368828669654013e-05,,7.352815773192796e-05,0.10899808217236512,0.10904362619764252,0.10944879268996636,,0.10926082434302668,,,,0.10904921507989297,0.10907484880383343,0.10921789351018489,0.1088467033308298,0.10893896016266016,0.10877840227030594,,0.1086278863176473,,,0.10880961078574586,0.10887783625820972,0.10904159468815944,0.1089663453857211,0.10892888479876156,0.10866890141344372,,0.10879349691104813,0.10884250462818461,0.1086918162199071,0.10861515478805246,,0.10867895227865823,,,0.10877863172332744,,0.10890802682948353,,,0.10896797267083869,0.10910781865717392,0.08237974079572102,,0.0822681382859877,,0.08207245223055677,0.08224806092416247,0.08207550492133302,,0.08221424025144479,0.08218328171094608,0.08200495563947097,0.08220212036821273,0.08244614916526599,,0.0821627192635569,,0.08221887018543403,0.08244869659531325,,,,0.0823015071702382,0.08224720470424962,0.08231122676784669,0.08224009958629974,0.08211012515537584,,,0.08216395354647672,0.08210528347563426,0.08220411751941757,0.08206009851624571,,0.8229768039187185,,0.8233850519337336,0.8253572562344705,,0.8245043151945128,0.8261524086980813,0.8214110417605881,0.8223857560515061,,,,,,0.8284403849872796,,,0.8288315404838276,,0.8303346890765287,,,0.829290852903235,0.8258937709594328,,,0.8261797453595494,0.823767741177312,,0.8220774005381511,0.8241654493490783,0.8221598617013147,0.8231874219923735,,0.8225683704806817,0.8216747536857665,,0.8221768469273203,,0.8237185101479692,,,0.8238644095181392,,,0.8250999609784785,0.8248647902226526,0.824412240420816,0.8266422625110951,,0.8255406618338438,0.8219525712628902,,0.8238696357639167,0.8229729408924586,,,0.8271181964876442,0.8299767748345989,0.82907592883287,0.8294997728118615,,,,0.8290687375874074,0.8293591190260469,0.8282343336740845,,0.8285946579944584,0.8307637936787142,,0.8323135293599206,0.8322947236047714,,,0.8327537848939173,,,0.8298032151074891,0.8309574200692541,0.8303973470407959,,,,0.8293223901008809,0.13394587015566536,0.13409688399046055,,,0.12285633783088527,,0.12293059817792122,,0.12266239151483817,0.10020164391016431,0.09992492716147054,,0.10036408724060618,,,,,0.838027016967091,7.299939392043265e-05,7.310117686424068e-05,7.316840492755148e-05,7.136523359512613e-05,,7.155024048118434e-05,6.993227743010441e-05,6.950909426811217e-05,6.952334612570769e-05,,0.1018239463559121,,,0.12695249350266818,0.7362727916032997,,,,0.13872300504602106,0.13897482633606945,,,,0.13879920149188835,,0.7272037949699393,,,0.00010565121895255252,0.00010553415409760948,,0.00010596583801710202,,0.00010603546076245393,,,0.00010618389333620182,,0.00010566837123890944,0.00010602036758848097,0.00010634842295510271,,,0.00010579041058634275,0.00010602988038671914,0.00010585151633441194,0.7107565528462196,,,0.706887864030332,0.7083211688009103,0.7132309615197283,,,,0.18237645530102736,0.1815989760915506,0.18127128719071012,0.18188656005255555,,,0.7039817979386522,,0.7025611630517807,0.00010674979259555294,,0.00010650885592108386,,0.00010660849663247658,0.00010698683998952589,,,0.00010654696168438299,0.0001065231971193428,,0.00010683142049636057,0.00010648343726596561,,,,,,0.00010679988980392189,0.00010712047455882063,0.00010679304996748487,0.00010644234295234467,,,0.00010662572147624708,,0.00010664329023022766,,0.00010682415066656555,,0.00010686258405364737,0.00010675791972505697,0.00010714624128284174,0.00010690202647141099,0.00010675302200660998,,,0.00010678612229255422,0.0001068948087620402,,0.00010675992028143976,,,0.0001068497592760965,,,,0.00010659821842027274,0.00010677879490077072,,,0.0001067796088290881,,,,,,0.00010697695770953067,,,,0.17718960479314183,0.17742324694826278,0.1779727283406579,,0.17761532228967924,,,0.17746814384581783,0.17738319136727046,0.17756819638788784,0.1769924015235016,,0.16701976574388708,,,0.16715719128955364,,,0.16650205811211777,0.16686591662902292,0.16709226267493213,,0.16739824256308564,,,,0.1673262596718905,0.16674396489722684,,0.1666131847013563,,,0.17735733605489853,0.17777096455117464,,,0.17766146507760952,,0.8152984669099973,,,,0.8159728968406538,,0.8153618730251492,,0.8130658209844913,0.8146926610117335,0.8161509266249707,,0.816908101229313,,0.1667993837029049,,,,0.1672368398982196,0.1677171099312871,,0.16663472776754087,,0.1671183184393581,0.16747580193882886,,0.16446097870358545,0.16601132787395717,,,0.8165585116707796,,0.8152220875056185,0.8175813354644352,0.814549452063009,,,,0.17787675801307104,,0.17757691993214997,,,0.17771751289802554,0.17768178911220003,,0.17772377667753927,,0.1773576152073822,0.17789221618671233,,0.1780122654837803,,,0.177618458738189,0.1773781100115423,0.17762129918935038,,0.17724056203713565,0.17753957406936632,0.1777068564816126,0.17781873004494106,0.17772417046643574,0.8181502316309297,,,0.8187000434673278,,0.8176814719183589,0.8161662923075065,,,0.818082792648913,,0.8146701217066642,,0.8168647979897683,0.8148686452282781,0.8171942675516719,,0.8149263346542437,0.8165344521178586,,,0.8177553110154702,,0.816013450797322,0.8168450988596145,0.8156973487922248,8.874374580122618e-05,,,8.826326065526261e-05,,,,,0.4352709384064783,0.43637283697449436,0.4359545512959526,,0.48614238122550885,,,0.4889236770049197,0.48738532152069747,,,,0.4883950433105861,0.4873403930431978,,0.4874537848512776,0.48854626438769483,,0.4857968906970238,,,0.48767568359748886,,0.4852785034906934,0.48692831633205436,,0.4862929863321274,0.4874635064059194,,0.48838679574599714,0.48795648237573475,,0.48696126143461704,,0.48748142775005165,0.48644254106186297,0.48688889313262684,0.4884374071089435,,,0.486654066518316,,,0.4865337604373838,,0.4862835533527762,0.4889457057479278,0.4872482589963161,0.48739046198417346,0.4881962803848853,0.4878634353497574,,,0.4868025961878103,0.48918326616113206,0.4884880737585656,,0.48790868968758944,0.4868135784679675,,0.4874046902225584,0.48707061090658416,0.4872773145748139,0.48658734967499595,,0.48867876861100684,0.48785580395998573,,0.4884909972346866,0.48864967601534315,0.48770230371962686,,0.48683478974589584,,,,0.4880500161964922,0.4863613673366586,,,,0.48749806521768935,0.4874545516825195,0.4874467579718263,,0.4877519179329173,,0.48741534062461944,0.4868315554129768,0.4879551921410417,0.48698994076778807,0.48626664794817887,0.4859973343241748,0.48832678979897853,,0.4860679050404558,0.4862732609828612,0.4850808133264805,,,0.4877516379739269,,,,0.486927471004573,,0.4869658281002395,,0.4863145658834757,0.4868885473899468,,0.4894490365850621,0.4863922088238026,,0.4881405693465116,0.4878863950938302,0.4861960365304036,0.48774376827396626,,0.48637338204512165,,0.4856144629103749,0.48776031466812153,0.487277501301337,0.48689549817208455,0.4873440468169262,,,0.4876697154928164,,0.4869847657619224,0.4875200041755969,,0.48525719304114867,0.4885246351132968,0.4877968509349818,0.48663758691504283,0.48850836556184574,,0.4870806403145493,0.48866759324855064,0.4879225615882653,0.4886073968718204,0.48693708951816067,,0.48586213155203967,0.4882590172441054,,,0.48568343447183715,0.48842151533287215,0.487667549306199,0.4865882877192343,,0.48651337502545416,0.4872647031389642,0.4871271076200312,0.4881090437021494,0.4884764853938514,0.4864991725998166,,0.4888506203720604,,0.48740571564807644,0.4890208747272236,0.4875440858033625,0.4884699067126905,0.48724031170440224,,0.48605380264348097,0.48761309849302664,,,0.383211246910575,0.3828893668030364,0.5026834296082444,0.43530070528837883,,,0.557691186693347,0.47963249460898943,0.48037140753452234,0.8053560396850716,0.8073742066433853
4,4,DG_8pct,16,Z06_F06,6,LL_AB,174991,181919,True,5023.885010510564,5004.005945990231,5019.233207631931,5177.302701412993,5159.353571844371,198.74966429445303,9.758700476296056,901.5507324007135,934.1246835828839,331.41910651660606,332.86708439683844,215.3885491010196,3.0627967184454583,12.359249732785317,18.594830907866598,10.648452861794356,235.8419635156196,21.316990489288667,31.833597740683427,294.2993869576923,,,0.6781769082469612,,0.676189722189212,0.8362136463810717,0.5880742126388357,0.4839402861744399,,0.4851455066151756,,0.5563367246631316,0.5552110195928984,0.5564833563161277,0.4766077565388026,0.4759466701147862,,,0.808106055353707,,0.484865170771573,0.4845513349897814,0.48697280149874517,0.48491545849620843,0.4848783586694194,0.48461262735445493,0.4813103666821092,,,0.4854402085392658,0.4864702438578788,0.4854045631858602,0.4845072130031785,,,0.5128070346504173,,0.4266516608590735,,0.4131475211268958,0.4133592564743423,,0.41386401854781424,0.4137505610712348,0.4137783847106945,,,,0.4137247199808793,0.4128657801933821,,0.41324875022590035,,0.41353598186145796,0.4125479634903349,,,,0.4690345233615158,,0.8052604305544778,,0.4564454260107024,0.45638146881290476,,0.45416213066412064,0.4567729680026264,,,0.4545749033983096,,,0.4568293209468185,0.45614274211848604,,0.45609915151427877,,,0.456687501649803,,,0.45555642010562547,,,0.45617779830018396,0.35637778856597946,0.3565808382924568,0.35684010317313136,,7.50727473222714e-05,,,7.533780901617938e-05,7.532139150755997e-05,7.53014327906286e-05,0.02535410285578379,0.025390121116897268,,0.025439135276474564,0.025409118426319682,,0.025292257422345858,0.025427493919081928,,,0.025288378257299217,,0.025350250439561815,0.02542007626144379,0.02542177599828987,,,0.025368315518210522,,0.02531274943321209,,0.02533682548634285,0.025412150246788983,,0.025370792442317287,,,0.025362711247234018,0.025305220466311507,0.025245604388823752,0.025343923403216683,,0.02538682800164716,0.02537790710859087,0.025277035207767,,,0.025301013856389536,,,0.025304396169483757,,0.025314675115657676,0.8276764925987815,,0.8284421773941718,0.8288155842030527,0.8269392033751719,0.8289089486879524,0.8305959885061943,0.8258068529908763,0.8286822420072878,0.8279900323208381,,0.8297062840736592,,,0.8293637444300381,0.8282776228810725,0.8286343581867175,,0.8282490036550797,0.8278005844983981,,,0.826177519653697,,,0.8317088252063625,0.8274661791746502,0.8272429277914709,,,,0.8278081212373435,0.8281293730034263,,,0.8284443415189274,0.8255297568419077,,,,0.8276801769806298,,0.8290836980861941,0.827573515274542,0.8273845837126841,0.02523117969220137,0.02528412450456361,0.02527966331597175,,0.025253439179443653,,0.025203242367652784,,,0.02524584417852158,,0.025314848605827597,,0.025242185495311837,0.025238674012665656,,0.025249354945943214,0.025264614004511278,,,0.025182641586411765,,0.02517911378010747,0.025263317344106334,0.025235341189596715,,0.02516032978080065,0.0252159908864309,0.025280764427202063,0.02529913353699049,0.025211489466614223,0.025231499839636424,,,,,0.025219238485609294,,,0.025224443144651713,,,0.025273259588492494,0.02528273597683827,,0.025255402706809888,,0.02522213689945882,,,,0.025298056897588073,0.02518744461933439,,0.036170843330155085,,0.06038604658948553,0.015799254550632073,,,7.521468167890748e-05,7.503186223297344e-05,7.529896198312575e-05,,0.09921459775129347,0.0996609962622042,0.09920285444757941,,,,0.09909034148883346,0.09921940410612563,0.0991047260563071,0.09949823034713987,0.09933274918437014,0.0993170935608399,0.09923162129796795,,,,0.09946096965926292,,0.09941605645595386,0.09922340008742808,0.09951049123752748,0.09933533490782266,0.09936800654242058,,,0.0992775620674018,0.09908110074607536,0.09948352871750658,,,0.09912285474455727,0.09920213167395112,,0.09931639361098703,0.09917929794803026,,0.09879128041800912,0.0994797497116237,0.09949262917800455,0.09906253043951707,0.0722073888869284,0.07220979597472679,0.07213549807115151,0.07223477097668883,0.07225279915086821,0.0721101796189941,0.07208146686077795,0.07224484427878602,,0.07189388359013821,,0.07218652269279315,0.07228485962200575,0.07231038581903548,,0.07198615488996953,,0.07228359509120252,,,,0.07196475858990772,0.07226764854822204,0.07222501829652901,0.07211701035446892,0.0720100875654167,0.0722064220740797,,,0.07204407265122317,,0.07196306413068423,0.8288314387426348,0.8299261338742546,,,0.8285488583356097,,,,0.8297777014643776,0.8268230563098635,0.8289231932067529,,,0.832265316627942,0.8340974340251506,,0.8358150016717893,0.8337637325313052,0.8338472562452723,0.8361987085345552,0.8355347765927914,0.8350200104363054,0.8318730219500268,0.8326551814580949,,0.8332795955311383,,,,0.8280701228595336,,0.8280143946680336,0.8282044635875442,,0.8266103790227455,0.827630611495879,,0.8291971394557531,,,0.8282330266263567,0.8279262320681263,0.8299782531355723,0.8284794307806462,,0.8310421017351655,0.8287882027004254,,0.8281451922989236,0.8292072374599022,,,0.8265191366053862,0.8273891528777017,0.8308725749872192,,0.8313392694033935,0.834165797089134,,0.8352030594985947,0.8337077193332331,,0.8330830205758984,0.8323035031820157,0.8333603231795019,,,0.8354099720549346,0.8330919863838432,,,0.8356923506366443,0.8341401625463355,0.8330695737890451,,0.8340416669079391,0.836606263617036,0.8364367204578551,0.8342146600566583,,0.8353864637470239,0.8341449323459336,0.834352796499911,0.8369171257924005,,0.8343797102859948,0.1239461381394222,,,,0.113126090064509,0.11381081321301302,0.1136835740315993,0.11362907091020108,0.11320013715377508,,0.09188206734811233,,0.09194055786641545,0.09154684443338623,,,0.014551077107350128,0.8359695287393587,7.446910367759168e-05,7.466467343592844e-05,7.445432706570395e-05,7.266194694043047e-05,,,7.09466752062369e-05,,7.098517364540329e-05,,,,0.13114236234710658,0.13051304739550307,,0.1373261138237612,,,0.14255406155109318,0.14263205447806837,,,0.1425697630311707,0.142729459309052,,,0.15255470708153612,,,0.00010855339270395784,0.00010842927014374674,0.00010826303808892053,,,0.00010856209733380846,,0.00010824453111356842,,0.00010839869545279015,0.00010824043352956181,0.00010870934403243377,,0.00010814805251958168,0.00010832920794166523,,0.00010859295122559808,0.7086634040039854,,0.7084532278545276,0.7084276052236228,,0.7116245162309421,,0.18523853058275747,,0.18502118858290978,,0.18433372858452673,,0.18480545003223772,,0.7017453813029704,0.7015309844859059,0.7021602551194437,0.00010914647262748533,0.00010909717983185447,0.00010913752752887774,0.00010906954419470844,0.00010928567955063631,0.00010920831860995897,0.00010906804914955893,0.00010937568485906527,0.00010894672010852951,,0.0001091261458732423,0.00010908195611511181,0.00010927817973180883,0.00010882970416979233,,,,0.00010908375075865023,0.00010914498494816143,,0.00010911092539921714,0.00010894313892347634,,0.00010918614033899102,0.00010885214109276754,,0.00010883368983168263,0.00010917477748430228,0.00010885515116499139,,,,,,0.0001088490301166317,,0.00010847925149751009,0.00010928993441115205,0.0001091876469828715,0.00010882722890944157,0.00010890393763673855,0.00010900652091280603,,0.00010915575776816653,0.00010931002462741646,0.00010899350727936609,,,0.00010899462711306746,,,0.00010918600619457864,0.00010886829667061966,0.00010879375525896951,0.00010881314271570151,0.00010905406656369649,,0.00010890543011172792,,,0.16837981196224025,0.16772792520738405,0.16854747389320043,,0.16824610804888762,0.16796406016015664,0.1676795391871529,0.16840560682402309,,0.16820034059732564,0.16837808154003406,0.1685005850660132,0.15807947870260514,0.15843896892802556,,,0.1584861341399378,0.15825080465038127,,,,,,,,,,0.1587181378553633,,0.15805086229666226,,0.1679667569207476,,0.16857721881359752,,,0.1683168938389524,0.16804545125361064,0.1677866190103604,,,,,,,0.8177057934908117,0.8179251447407144,,0.8185100872774602,0.8162616754256807,0.8174990644422355,0.818463470104673,,0.15782707626258,,0.15792335832276705,0.1582806383140185,,0.15831997712008392,,0.15822594990432862,0.15852805713634122,,0.15810657809752468,,,,,0.8203956456948935,0.8230070652737973,,0.8196698343426498,,0.8202140951407404,,0.16799157319529198,0.16810512144155085,,0.16849130497214715,0.16834329343250815,0.16829824911581637,0.16813977944773761,0.1676778754457444,,,0.16818362662229722,0.16825571107477477,0.1683835282530413,0.1682984959706416,,,,,0.1682908255200549,,0.1680508908076445,0.16832453541673392,0.16777553819960994,0.1680783656961509,0.16824527014739638,,,0.822016082338042,,,,,,0.8215795371473839,,0.8213410525630217,,0.8162262047079283,0.8160670954130277,0.8215175521352504,,,0.8213779111902664,,0.820191454936705,0.8189865468597972,0.8208794697006154,0.8197943943085652,0.818279980234903,0.8197201397646747,0.8210021471641193,0.8197266363952919,,9.057563488198663e-05,,,,9.063129665250256e-05,9.044800056863185e-05,0.4323877706649096,0.5050442512341217,0.43211946244666444,0.43105365090350484,0.42942031398050967,,0.482363136110949,,,,0.48284348488694034,,0.4827646914111316,0.48458915266084257,,,0.48497876555879643,0.4846333299705991,,0.4841025439286204,0.4845899773336368,0.48343858610427626,,0.48509126710343065,0.4842707607829765,0.48340173321249746,,0.4834429815685208,,,0.4832486556616712,0.4845011350171291,0.483617836315948,,,0.4841813828767345,,,,,0.4835098340900758,,0.4826198292620263,,,0.4841617394590081,,0.4844171466012563,0.48340312415199493,0.4835907000054806,0.4840516837999679,,,,0.4827322016041922,0.48426190125169194,0.48407286371747016,0.4849107506548145,0.4833351503208889,,0.4835002240557251,,0.4850765152467313,,0.4846957401177781,0.48491324297930627,0.48521393375520555,,0.4838644107691433,0.4835929066319719,0.4854971316089417,,0.4834792452180555,,,0.484774419218836,,0.48403646930908223,0.4839932271823888,0.4843999431783815,0.4836161921175813,0.48268255516678554,,0.4841395965341648,,0.48362135949052026,0.4843014894441813,,0.4848823877897976,0.48337720091511177,,0.4841747972741448,,0.4833258480885572,,0.483628444253879,0.4850139484447769,,,0.48411748472801563,,0.48242842512443357,,0.48385725633089216,,0.48315025404316736,,,0.4847437064392174,,0.4837031768973883,,0.48326123263580056,0.48418680465039193,,0.48318787373949196,,0.4844302825598979,0.4829021954421848,0.4849414045663054,0.4836795324611508,,0.48478126038467756,0.48523210485987595,,0.4839450207150848,,,,0.4834445737356357,,,0.48482020330272263,0.48387575174220476,,0.4835164134285924,0.4839705870527936,0.4853968094459892,0.4833181501703278,,0.4840352771982434,0.48432316876125087,0.4837741763014724,0.4830066014260061,0.48417884961791013,0.482411052374677,0.48212638393632434,,0.48363317778397635,,0.48481789525606517,,0.48254298956024255,0.4844259545807327,,,0.4825681671839745,,0.4845286487989262,,0.48469539318309657,,0.48312351027150613,0.48358446467148963,0.4859737532447502,0.48463734959895693,,,0.48171770079095283,0.48350052072174265,,0.48215945912891467,,0.4828691190594882,,0.3782271979622068,,0.49653400336488135,,0.8049264987271386,0.5532930713642289,0.5535232021019935,0.47772454675775655,0.475950820073323,,
4,4,DG_8pct,16,Z06_F07,6,LL_AB,174981,181917,True,4941.088914868664,4922.25684709902,4960.626469854282,5096.085102058424,5076.042653382907,191.78573882470437,9.860843537558795,906.3951012979811,932.9362536255236,332.49848103181625,332.22145967236514,216.51271204573547,3.1005280010087755,12.468943213681987,18.771459590993548,10.85258052434053,244.07795093082768,21.550002909771766,32.1528190489479,299.02101726468635,0.6806326269243672,0.6812258994217013,0.6804220657620451,0.7493987660304234,0.680940502325762,0.8391466974453262,0.5921244582934887,,0.4909826041148534,0.49044426919163564,,,,0.5622802747993754,0.48325006714470514,,0.48292080801493664,0.807614572933856,,,0.48948646353439623,0.48982802332725217,0.48974765571172835,,,0.49003030788969415,0.48735812271675616,,0.48688946317063075,0.49033592836344997,0.49184768241463983,,0.4899980691997436,0.49023597900651783,0.4896605710150643,,,,0.43334885532418393,,0.41872025254876627,,0.41935408002929464,,0.41921140623479947,0.4199312372616011,,0.41904953435364833,0.41874838541367987,,,0.4200497977409096,,0.41952526788596883,0.42018340640731483,,,0.47519560140141487,0.4775098937765102,0.4088813497692702,0.8071375069850336,0.46334497481876996,,0.46561012102207805,,,0.46305777390112507,0.46374067730148366,0.46384675289557814,,,,,0.4653854716254451,0.4629244312886728,,,0.46391164112780947,,,,0.46373783969713406,0.46266193401541966,,,0.36163865654797583,,0.3630863795079482,0.018800023397879066,,,7.255236811551494e-05,7.338640629924894e-05,,7.300114952538674e-05,,0.019121331981653486,,,0.01907617921995306,0.01907836728458903,,0.019140004309545138,,0.01909369608259481,,,0.01914658414678685,,0.019117402682669996,,0.019102856945748745,0.01909634853229005,,,0.019072075281802693,0.01903757310083818,,0.019071014858682046,0.01909277509214869,,0.019130701887670708,,,,0.019032145382678396,,,,0.019085547954299127,,,0.01904364112955753,0.0190874499529589,,,,0.019040432042354134,0.8345401118188163,0.8368504133218092,0.8369522505512826,,0.8358893335754177,0.8338813157161294,0.8350125114506235,0.8375470694879462,,,0.8346734367351725,,0.8354881793389961,,,,0.8378771856830581,,0.8363508798902275,0.8373119853002456,0.8373726818028713,0.8365467559165838,0.8339605953625142,,0.834466033771479,,,0.8328721358703923,,0.8349354643542233,0.8362995300616077,0.836523563242262,0.8329448583967337,0.8335461538324512,,0.8375586157026073,0.8360182163632551,,0.8362911559271651,0.8340662339210683,,0.8359376903188807,0.8379908602704206,0.8347818722530265,0.8335354117467607,0.019004555032379977,0.018964457368480823,0.01895477553719242,,0.018953598222391826,,0.018995965683352326,0.01895007887630874,0.018974184651034592,,,0.018989839961756374,0.019010388067679802,0.01896188207946074,,,0.01899511200926324,,0.018942616986924583,,,,,0.019003089260944735,0.018933051912775584,,,,,,0.01893715729068385,0.019024292652525008,0.018904832984783588,0.018945073669791826,0.018978398073207264,0.019011893278581583,,,0.019000769546890554,,0.018976426127798273,,0.019025527422296587,0.01897908011810964,,,,0.01896695724053743,0.018908319264672915,0.018975764071887002,,0.018963049647764508,0.018994031767637653,,0.048662242584661716,,,0.01608551297205382,,0.004377987367510999,0.004380139114405011,0.004367224129762496,0.004377297195898022,0.004373107619246802,0.11489345163137517,,0.11525758523831497,0.11490473643558932,,0.11504251268693354,0.11493984902235219,,,0.11480189061930177,,0.11500870954173216,0.11506869292449048,0.11503033618815893,0.11509527676917214,,,,,0.11482264787537697,,,,0.11478131677825536,0.11456980998251565,0.11526350189246914,,,0.11483628167810166,,,0.1146800164674074,,,0.1149634999692164,0.11526272056858268,0.11495873833864327,0.1149326146748154,0.11490499157430062,0.11443419581122843,,0.08867644430142181,0.08824011074965143,,0.08852332592780192,0.08837648331906808,0.08853132651517634,0.08815850484862463,0.08846108591720735,0.08844215673295093,0.08848167149148521,0.08840014321285017,0.08856377493621821,,,,,0.08889344835236208,0.0883278346923953,0.08864986348394081,,,0.08831446360910404,,0.08831955497415596,,,,0.08835992735415636,0.08834518677332377,,0.08828489277869814,0.8253380670222473,,0.8291379105718373,0.8231713940868894,0.827749818934372,0.8255580078219218,0.8251927577697535,,,,,0.8316933607273819,0.8302801756434778,0.830795835495739,,0.8309508371946213,0.8334317251339924,0.831332776702281,0.832877873207189,0.8293303044289688,,0.8318368029010238,0.829296495969115,0.8300876381528121,,,0.8247132437459831,0.822728724688745,,0.8273639078540527,0.8255606937290232,,0.8231118056501279,0.826665287025262,,,,,0.8242745289326464,0.8271693285689806,,,,0.826253629081543,0.8251147751958531,0.8253400055388983,0.8269782156678125,0.8279760598334717,0.8267618486844633,0.8264017000822358,0.8278983066353445,,0.8270146260846122,0.8261475981618264,,0.8255911203776225,0.8280165726618531,,,,,0.8324803964938386,,0.8307643872006466,0.8334162303002247,,0.8325514534164052,0.8343555447900414,0.8328358235758474,0.829378433000555,,0.8332382410541764,0.8326950747007666,,0.8329486932529429,0.83209761266066,0.8324587003066506,,0.8301361383373104,0.8329436855334301,,0.8306985251458029,,0.8303965005832732,0.8329822381016644,0.8327026650446292,0.13997669191765558,0.13996836129513646,,,0.12888524948631272,0.12865766316780194,,,0.12911400929509267,0.1037402632101987,0.10366464464294636,,,0.10374859416074599,0.10397282695225488,0.015014766601026363,0.015569584509293558,,,,0.004362979075788248,0.004259145385125967,,0.004259440082645033,0.004152166376733848,,0.004142937122491386,0.10686986542269397,0.10777100540921739,,,,0.7379831664180562,0.13709860081511505,0.13884073609740388,0.7341707126491818,0.14410076315051043,0.14397936965412167,0.1442729811368583,,,,0.14485758718374758,0.7289993096913158,0.15481039657167667,0.15461079055629515,0.004470987206183375,,,0.004469066986158733,0.004477160159189443,,0.00448055264411939,0.004479836726000512,0.0044814053059307555,0.004486732834370825,0.00446586694006461,0.004479751071170926,,0.004486471704521787,0.004482220468776234,0.0044680416188883736,,,,,0.7118752853990913,0.7137565230501915,,,,,,0.18438242545157446,0.18725303681017658,,0.18707886533143703,0.1868537285373235,0.7051189554095822,,0.7040677237193365,,0.0045462900185229815,0.004542736179651201,,,0.004536030310685863,,0.004539392661410472,0.004542612381330285,,0.004532473792995573,,0.004540570003942655,0.004537266828466284,,,,0.004528960397858166,,0.004526695045975741,0.0045345657630091836,0.004531548199886194,0.0045293027526428905,,0.004534730542511638,0.004532705090499342,0.004534303170465935,0.004541963853656051,0.004539487848669421,,,,0.004536062062778777,0.004529048704994712,0.00453475171188223,,,0.004516694337206914,0.004522846578505469,,0.004540779364097973,,,0.00454474608014897,0.004545667815419116,0.00453507944149632,,,0.0045328542530978675,,0.00452341715279782,0.004532253498680692,,,,,,0.00453083153190885,0.004536129072531965,,,0.18348841782155767,,,0.1833937700988269,,0.18335777561557373,0.18343985832717516,0.1833506929358304,0.18341836822977728,0.18336910709724885,,0.18367263528936162,0.17283009177591374,0.17232672044768516,,,0.17204198321876132,,0.17270088391982188,,,0.17265544520826637,,,0.1723388701712136,,,0.17237183001725273,,,,0.183551906223639,0.18318567583035444,,,,0.18325266247700095,0.1836700841896742,0.18387293682214848,0.8192164517126833,0.8151307880075247,,,,0.8146019199598467,0.8159437368316763,,,,0.8188320112703973,,0.8172610547662724,0.8185123572455799,,0.17191315026715562,0.17189891800748464,0.1718876401934192,0.17246310926075667,0.1723292737926472,,0.1724328780114868,0.17186645834329667,,,0.1724145785290655,,0.17196639853590082,,0.8179106564430078,,,0.8168878847705869,0.8172424143571997,0.8195568641385301,,0.1838688206480493,0.18396114317567283,0.18352655973013468,0.18303470380364045,,,0.18396808011489033,0.18340453005332408,0.18418222380646304,,0.184213903108565,0.1834362945944855,,0.18322148261625718,,,,,0.18374402161918205,,,0.18322726239873421,0.18374119604519976,,,,0.18317636364181974,,0.8179408514691358,0.819991134758913,0.8191211654973685,0.8213532341179091,0.8175895241125187,0.8188999478946385,,,0.8162522297211273,0.8167526951956786,,0.8161752485831418,0.8171896540229234,0.8139212285556214,0.8160853266647989,0.8182525314064248,0.8169423929543349,,,0.8189189779676135,0.8228396943541383,0.8171927961314573,,0.818085948783927,0.8192915389859802,,0.0044227607059892145,,0.004409267162408519,,0.004426590919442543,,,0.4377167033070476,0.43685152888043965,,,0.4891513594299901,0.48943787076050793,0.489789095483579,,,,,0.4886505698892805,0.49004669901017756,,0.48815709420594705,0.4887023670248465,,0.4881207980957659,,0.4881746131503904,,,0.4911321242490303,0.4894498679543624,,0.4894899910380512,0.4885854509870796,0.48818114882656255,0.488582272879792,0.4891074557306915,,0.48790004206321946,0.4891414637094914,,0.4898190945038708,0.4895681632281242,,0.48948143222257656,0.49108056989183857,0.4882222692414269,,0.4895308615844315,0.48904347197608694,,0.48899869734587803,0.48689283566284774,0.48907502241865347,0.4902674380269228,,,,,,,,,0.4901270267434005,,,,0.4895614429956824,0.48876495456155766,0.4895466926504245,0.48846284486396785,0.48812240443690774,0.48891415620509676,0.4888761820410868,0.48936388889081067,,,,,,,0.48801768920833866,0.48792769752394416,0.4891629462042224,,,0.4886997245856805,,0.4893575190178826,0.4893566993301525,0.48917127433481133,0.48869706974383864,0.4891116072861199,,0.4883431217160007,,0.4884053369343183,0.49015109317008815,0.48950374011008796,0.4896493281825838,0.4897967691597339,0.4893888041383347,,0.4883032194847398,0.4896511179430681,0.4904603568195068,0.48799977780696224,0.48710427526292255,0.48906388670486534,0.4900650650600635,,,,0.488102324601676,0.4907974850251583,0.4889135996909249,0.48899648380481325,,0.48943454530931263,0.4892023162066627,0.48987716209973486,0.48830839600451453,0.48852625103173153,0.48949686056649766,0.48995012327405213,0.4890196681797664,0.4896345966779161,,0.48885234445516534,0.4895563501142251,,0.48925517547255665,0.4886838938632179,0.48995307186473136,0.48954856188953144,0.48887877352144543,0.48723434993288967,,,0.4885972224573874,,0.48797953177190767,0.4897263126608709,,,0.48855973767228705,0.4895262758467888,0.4908483358866187,,,0.4888329877283756,,,0.49000833183482345,0.4901252564137078,0.4893343483598752,0.49002765728846476,0.4882946578825843,,,,,,0.4885487211514305,0.4896261552879387,0.48843111069194245,0.4891249182388481,0.48992017175193103,0.48992585486684814,,,,0.4901827949725504,0.48881311017041124,,0.488297068997913,0.4885595264010963,0.4886353498722932,0.4880225174660224,0.38573380733692925,,0.38521426456030955,,0.4381669664274867,0.803890376761721,,0.5608239597939433,,,0.8073885821723066,
4,4,DG_8pct,16,Z06_F08,6,LL_AB,175003,181937,True,4817.5865897949425,4802.860277355965,4837.536173872591,4995.94494751641,4958.68998564857,180.93307086881194,10.159243224438173,939.0995231129559,959.843278193299,342.77665750180745,341.5496046666891,223.8522515683436,3.121051286497276,12.58783639710722,19.043798800792644,11.103506938756762,224.94146652164704,21.384554568647296,32.22653488632652,303.3778050835452,,0.6889539061303434,,0.751604088441418,,,,0.49966996315963563,0.4977464856706449,,0.48808507454610384,0.5731813900557629,0.5728243715240054,0.5727108068839645,0.4941736860254773,0.49346567449568346,,0.8120318991959501,,0.8072699839112331,,,,0.49987818428063024,0.49755794393352293,,,0.49542641215558975,0.49567398991112754,0.49965213722795054,0.5004886653175806,,,0.5004417095142545,0.49988032619790984,0.530053278341567,,,0.4433003785445158,,,,,0.43070385163827185,0.4303427571805072,0.43005399212967654,0.4302202767442681,,0.4297989800364591,0.4288076833374611,,0.43129133038284073,,,0.43088719087013233,0.43103942950791774,0.43144007453619393,,0.4893582133086955,0.4226925137066333,,,,0.4769636088614664,0.47646259014310716,0.4766477065192274,0.47686710245952546,0.47812144012536106,0.47706830933796845,0.47689441672432403,0.47739046543382746,0.47656734188899547,0.4768331015038689,,0.47796300895187027,,0.47632673760933486,0.4765508257876514,,0.4786088115265676,0.4764886469489682,0.4782556332740723,0.4769848866208733,0.47638760320392515,0.4780116835468325,0.3737221221125219,,0.37447116670322594,0.05052697402198786,0.024234577936670817,0.024195974896353743,,,0.024090212387147432,,,0.04882907291270847,0.048836359474528086,,,0.04882998585749367,,0.04892609311616218,0.04872396499521658,,0.04870315084320105,0.048745620628091325,0.048744753718043855,0.04874931247636636,,0.048725828044823886,0.04860699656220097,0.04863129811398067,0.048696334980876596,,0.048535524420595076,0.048837584400940465,0.04868557586424583,,0.04876382777891325,0.048558331693049774,0.048762693827109495,0.0486939445396939,0.04876769791294633,0.04877283996836856,0.048628533264284325,0.048809228086522445,,,,,0.04879135740976438,0.04884295115586631,0.0486653556227444,0.048637157007858485,,0.048831389119135774,0.04872229031424244,0.8298159207253463,0.827280240029051,,,,,0.8264584249901885,0.8273046467745198,0.8260145165501682,0.8283599872311248,0.8259721205917925,0.8248352422826085,0.8272266159128794,,,0.8290807318241611,0.8268342739861596,0.827090802298497,0.8277860597438523,,,0.8252682110566433,,0.8298385930646635,0.8259084554667231,,,0.8269147707907406,0.8272008693778443,0.8265114513935374,,0.8264632390691292,,0.8250376654111069,0.8286595562638172,0.8245908779198485,0.826659458721692,0.827645624433085,,0.824546436817825,0.8286220015732968,,,,0.826419531406424,,0.050952317934658785,0.05076848589269025,,0.05090426642598447,0.050948381118634305,0.05093610088975887,0.0509302376135427,0.051103775357833975,0.050874864662847866,0.05090672526332341,0.05097072262543554,0.05081027883469061,0.050949373206139535,,,,0.05097295969337853,,0.05094618291034769,,,0.050864818887778475,,0.05110169255254752,0.050821756122036696,,0.05099183624939786,,0.05086147645303903,0.05104992099714733,0.05099485850742819,,,0.05092491257772598,,0.050832265202378504,,,0.0510815632672066,,0.051068137417935915,0.05104509372084805,0.05106673004541825,0.051155543364588,0.05082914665532918,,0.05094640417440024,0.050908310864845485,0.05102829096783257,0.05089293819650462,,,,0.06701817313215132,,,7.287747535069164e-05,7.051654982066136e-05,7.060440426989508e-05,,7.0470743041683e-05,7.058224389802544e-05,,,0.13747765502949605,0.13727194412127755,,0.13746856376633987,0.1372851619520596,0.13749431179099897,0.13798734542282082,0.13791520924950884,0.13759962659108463,0.1376242926345198,0.1373868847016636,0.13801604614927143,0.13760927476540363,,,0.1374304411987803,,0.13783692745230586,,,,,0.13745723385888473,0.1373157001075783,,,0.1372495811220104,,0.13757039012928998,0.13734532784999942,,0.13794026704334628,0.1371937347981827,,,0.13790513369611582,,,0.13763021981088508,,0.11205852146971673,0.11182969869204697,,,0.11207013867149371,,0.11178059213375408,0.112218452482421,,0.11207926964689585,0.11208137582133099,,0.11210269006890894,,0.1121578836642448,0.11222249700204441,,,,0.11191802216524917,0.11159501262212466,0.11185776195959478,0.111864008287433,,0.11188108140540937,0.11171865309936233,0.1118654415925548,,,,0.11180584323074508,0.8236656341024691,0.8234727713623907,0.8208319931083891,0.8216589165208598,,0.8212448234573886,0.8202699958582222,0.8201207253502837,,,0.821495620360302,0.8278213942079595,,,,,0.8256197526116311,0.8299188968366299,0.8265893557554408,0.8262191524622883,0.82699068825449,0.8283051220357014,0.8261627847165706,0.8271132045524735,,0.826676587047325,,,,0.8221027376226234,0.8202900091863136,,0.8187739894758657,,0.8214494042344563,0.8214542174801621,,0.8235130426956527,0.8228031002244224,,0.8223253680527268,,0.8214005227210849,0.8246639074501676,0.8216160601741473,0.8223461862347939,0.8232729749612863,0.8237744907994672,,,,,0.821305197315482,0.8233763470574943,0.8233078909723958,0.8222924306344374,,0.8233916520357922,,0.8254087392627505,0.8265831560958401,,0.8275307397663623,0.8262008286647924,0.8288726882485572,,0.8260541314270158,0.8286233671520153,,0.8280622044499081,0.8274014046556548,0.825687286890058,,0.8265745396417257,,,,0.8297750860781417,,,0.8264710218281247,0.826949989115993,0.8267115678799589,,,,0.16195179849569205,,,0.16270994609551304,,,,0.1510809682808532,,,,,,,,,,0.8485381873536817,0.009982081458668435,,0.009995187432960672,0.009801152633970498,0.009783934611064419,0.009784511667152577,0.009518205804891575,0.009542726007830373,0.009559256920357523,,0.10013949050105653,0.7603257671912541,0.1317509947766737,0.12587500396837184,,,0.13256261692721247,0.739755694342792,0.13867996414860911,,0.1379720873973275,0.13794728894962974,0.13854960315109388,0.14433276419947913,0.13789193414000164,0.7383541761139125,0.14887237765305197,0.14888598873005365,0.008736178329631477,,,,0.008752645634309834,0.008726517420927771,,0.008715934304676078,0.00872765499992105,,,0.008713069234356892,,0.008738684261278483,0.008737369884093325,,0.008714567464703298,,,0.7185037019009273,0.7202292768298463,,,0.7222844870187861,0.18707080909152726,0.1877477505078453,0.18744150640705787,0.18735570013811947,0.1814928085252045,0.18177946316476118,0.18149644002861806,0.1818245158691116,0.709882711619571,,,0.7124985310227459,,,,0.008855924563186297,0.008823998807542845,0.008844014120814378,0.008845720392729755,0.00885472370725073,,,,,,,0.008825305317857694,,0.008834754673301033,0.008839121179932808,,0.008831711388085143,0.008836636019728812,,0.008838646684330693,0.008835805322932157,0.008814707549966,0.008816183050910614,0.008815135569334004,,,0.008820978671593704,0.008822737168541525,0.00882392598285697,,0.008815367930178154,0.008838525415624377,0.008840409179996872,0.008810868212301731,0.008793477347392635,,,0.008808707385380015,,,,0.008833390553897699,0.008812398776343655,0.00882133372121255,0.008814889554868003,,0.008803970060604011,0.00882528029349324,,,0.008833429331001346,0.008830077108926427,,,,0.008831423293606916,0.008842727240708573,0.2039166719998184,0.20417814834311745,0.2045895587495352,0.20421863015189567,,0.2042004971138169,0.20395823453398154,0.20391794672335234,,0.20414518628131845,,0.2041842827196869,,,,,,0.19241224530946302,,0.19250029342142494,,,0.1926574183159099,,0.19296197837906098,,,0.1925347096501347,0.19225332015010696,0.19290167650173595,0.1926939513229716,,,0.2039964088902528,0.20415860753281323,0.20422366308866347,0.20432857692672377,0.20429236898391775,,0.8139735023422576,0.8122304465212613,,,,0.8149898712732121,,,0.8128091318321605,,,0.8145563602874479,0.8125395422583948,,0.192442244650133,0.19283976377049206,,0.19229630385204227,,0.1926220484834805,,0.1937192701032696,,,0.19331739907233284,0.1929047781656571,,0.19208169861754804,,0.8172039892033657,,,,,0.8161511426584921,0.8147148443702645,0.2042782038971788,0.20373770185130055,0.20406841842991283,0.2037396712169154,,0.20393075612145337,0.2041742062162391,0.20437860076978545,,0.20452283543134422,0.20415942714763818,0.20373129169759202,0.2043166524676722,,0.20383957346481824,,,0.2040715112329916,0.2036905381290144,0.20416197956655174,,0.20458513143496926,0.20353503528414071,,0.20440589471880427,0.2037834625928029,0.20397173859029705,0.8150049297234023,,0.8183143675776662,,,,,0.8167952234833864,0.8164000629379417,,,,,0.813830758374973,,0.8142001447180114,0.8163362226424684,,,,0.817244070153923,0.8183970590004425,,,0.8170388143209449,,0.008603863893774754,0.008590735652048008,,0.008598558474793409,0.008580883671674335,0.008560287313829755,0.4543408784897878,0.5202787910741387,0.4483879241338185,0.4468618858755777,,,0.4987826668966498,0.4983823259313673,0.4982637762057324,0.4971849652029146,0.497226208516016,,0.4999693592990598,,0.4987641287701331,0.4977282938372184,0.4994050580582271,0.4984971500732113,,,0.49894609671730633,,0.49823971190244626,0.49810702979816635,,,0.4981131870412794,0.500908247130762,0.4980476992871612,0.497936910010154,0.5002743204921514,,,0.49762790554347563,0.4984098213067102,,0.49966534603108737,0.49846031796319756,0.4983853767824358,,0.4975360507130116,0.4970912007018798,,0.49783677886777067,,,0.4970695690419997,0.49837039412685885,,,0.4978488656830341,,0.4981259344512503,0.49884111032649736,0.49655176436722936,0.4970310021092092,0.4970747960580372,0.4994989833524724,0.49779582555692004,0.4971028480690886,,0.4989421125848277,,,0.4970771814017917,,0.4989498934094182,,0.4973014223917079,0.4977478827980169,0.4994691839531078,0.4975025326304611,0.4988747207985345,0.4986896363939237,,0.4959949832818172,0.4974340580110843,0.498845675113151,,,0.4988735421853837,,0.4996836920959944,0.4978133883092346,0.49834694697095977,,0.4974523483399792,,0.49863712340308886,,0.4980165560503332,0.4982452211754529,0.49788418151084585,0.49692902718901377,0.49714592687835035,,0.4988755870044771,0.4979845005677384,0.49745561660925847,,0.4986008601974838,,,,,,0.4987702283587783,,0.4978171835218857,,0.49751638438885926,0.4999106929361086,0.49913601508804295,0.497952614219108,,,0.4985554994929117,0.4995812250901479,0.49738502877716445,0.4990926584729025,0.49834407854980545,,0.4982148051302951,,,,0.4992736762793781,0.497283570091027,0.49818438426414724,,0.49810767091123587,0.49843490208228275,0.49837656882295284,0.4991279092895424,0.4973797051804559,,0.49720470233253666,0.49752580480792247,0.4986589377921727,0.4980898493396763,0.4987998438907113,,0.49748423738374925,0.4984258021828125,,0.4983333174829383,0.49866896783251496,,,0.4987659360692262,,0.4972211596588232,0.497401409174329,0.4968528314515331,0.4992310968354727,0.4983508913130982,0.4979228469055703,,0.49829375878990756,0.499460205812904,0.4979861939034406,0.49768246271224875,0.4980862195394724,,,0.4983369585294482,0.49740148844618437,0.49770631411923655,0.4979825190692291,0.49760011623134986,,,0.4978294664184075,0.49862875233705173,0.39595994340528246,0.3965312900623625,,0.5181157680739947,,0.8042557753331601,0.5717869097797998,0.5714001749435801,,0.4936977578236314,0.8085501579930671,
4,4,DG_8pct,16,Z06_F09,6,3PH,175002,181927,True,5091.353939785134,5117.115055533357,5114.58435101961,5191.857209007775,5205.034811336743,9.29061666418195,1.08712523540009,1.4254366043709445,1.4419041325068382,0.6104773063311688,0.6117828250638266,0.407834098555723,0.012240134554380697,6.8232148085520015,10.116601950083343,2.186868591080644,1.3791775848832508,0.5195158900785556,0.23061753004409571,0.41975884838990785,0.6879658854667724,,0.6856981681162816,,0.6882068318617918,0.6884007273085418,0.605358078164777,0.49486197515810626,0.4966365702797031,0.4952525617808869,0.49631369575312195,0.5024384445638872,,0.5003167101829702,0.49989038174505995,0.49905623267796534,,,,0.5005386499900467,0.492943447456538,,,,0.4958585551324678,0.4967353788171892,,0.4900712666296017,,,0.4969373489178375,,,,,,0.43529693889565524,,,0.42625703175877133,0.42573700697374334,0.42578964920235335,0.4292905257572789,0.4283748210804464,0.4271989520264368,,,0.42759568961586214,0.4277719291935137,0.42714206218107814,,0.42756187636131826,0.42789307402975835,0.42796146455751327,,0.42726786384950016,,0.4196138241848856,0.4218441768339819,0.42084673234532377,,0.41091215309966145,,,0.40981881333323844,0.40930153965061783,0.4099442163669075,,,,,0.40980945035367733,0.4096666355005296,0.4105670791320013,0.409243312767474,0.4100455544820967,0.4101460124964562,0.4100742972935315,0.4098805204621907,,0.4088683196792867,0.40952755118108686,0.41058401381626786,0.4111539292515514,0.40984242709919794,,,0.3695940280488103,0.019355497687466833,0.019268270006109464,0.019291609395333902,0.01919343638908523,0.01926926426159355,,,,,0.019440103714373543,0.01943505305603762,0.019406147663897415,0.019457869811425724,0.019434525679047823,0.019494599466783065,,,,0.019524122316385277,,,0.019470986896651932,0.019445878024543933,,0.019471539122009756,0.01943261134714077,0.01947589578236684,0.01948004414507397,0.01943259925067349,0.01946936143037615,0.019490343542668917,0.01951325085774393,0.01940757839866182,0.019475445211524587,,,0.01947233697917927,0.019499763702382794,0.019472312661704988,0.01943172040212834,,0.019427495212248038,,0.019496342779827314,,,0.019497601446716323,0.01947186622869917,,0.019443486765054023,0.019457514529451346,0.019414857911447408,0.019471630117088877,0.01946539599082069,0.019492778614814004,0.019454321805390078,,0.01949022708030704,0.01944268619386943,,0.019454889278071315,,,0.019534856974283605,0.019499505468714286,0.019445458334757193,,,0.019470764410904624,0.01944133403679351,,,,0.01940328274267599,0.019436465036901985,,,0.019444146569852987,0.019452428001577836,,0.019431281392737292,,0.01946933508543934,,,,0.019452713645351505,0.01940381649979652,0.019496725683981257,,0.019428858997302074,0.019463099504248058,0.01944309751313629,0.01945377016985888,0.019432307075822483,0.019412428363296513,0.01948049724465425,0.01947605509202504,,0.01942794776477741,0.019426847879950356,0.019484762223987734,,,0.019475934192901907,,0.01946995379718902,0.019451845739411996,0.01946268398531362,0.019463441890118477,0.019407934073473358,,0.019466724321323233,,,,,0.019520800290020925,0.01942710615356017,,,0.01947009611749551,0.019391997445291107,,0.019445011038777535,0.019459191471933788,0.01942935782096409,0.019486007247790083,,,0.019498886929974393,,,0.01948010706060219,0.019478176003190562,0.019473261908045842,0.019487470058907618,0.019449248573048403,0.019440462854449465,0.01949754328983343,,0.019436347896587523,,,,0.019474857540379018,0.019407601699178934,,,0.06275393996388401,0.06275802061010605,,7.115178228428231e-05,7.112013154502262e-05,,,7.120483037668398e-05,7.114064199118863e-05,7.09701202109512e-05,0.1083822174776113,,,,0.1080788131296948,,0.10803740929062426,0.10802650161707769,0.10797850883950766,0.10823313584267531,,,0.10831648235336254,,,,0.10817536022323927,0.10824183644231511,,,,0.10844566086181359,0.10821089660272773,0.108506761311304,,,0.10780666217106945,0.10819462195143616,0.10837613506037486,0.10817565739620087,0.10817111356165895,0.10811528490557608,,,0.10830036129607222,0.10818251335671741,,,0.10795686519456428,,0.08627928907144661,0.08664689922398057,,0.0864936981232524,,,0.08659613329330716,,0.08676428809635349,0.0866460445424144,,,,0.08653234182992933,0.08664334111475366,0.0863077480629182,0.0866146855385184,0.08632994076008042,0.08632798928111358,0.08656770835459994,0.08647004102917709,,,0.08657777263044107,,,,0.08629988670400335,0.08641909887022683,0.08633847787319344,,,,0.10822354556006743,,0.10825169271710654,0.10828370482755248,0.10781906159616193,0.10828183420524681,0.10813555279302743,0.1085168597616985,0.10814458450177686,,0.08647587842733588,0.08634112584890827,0.08592599006412825,,0.08643644347833582,,,,0.08640936299999344,0.08637428052034107,0.08642397292464613,0.08622658006673828,0.08622330648193562,,,,0.10817595517672257,0.10769124489303683,0.10789210416952764,0.10758811564484141,,0.10793353522336714,,,,0.10836656865074708,0.10817922282854987,,,0.10821674949226635,0.10834325870739853,0.10852087679350092,,0.10819565361572753,,0.10789907860694518,,0.10823366838365323,0.10806284110148139,0.10810477956975172,,0.10814146708686742,,0.10823153516788324,0.10850188106373512,,,0.08625308169629262,,0.08633618542872593,0.08631546275126388,,0.08614679619181614,0.08653567785220245,0.08644423972509542,,0.08627062614482975,,0.08608472287229547,,0.08651047468129332,0.0863104029043386,,0.08636629756386538,0.08627128822268551,0.08650057103687396,0.08639283371050843,0.08662954634438115,,0.08646311448330254,0.08660050562235795,0.08617736362579337,,0.08655234777353625,0.08647744765392984,0.12013190892413116,0.11966296850118234,0.11995857237661134,,0.11992085134460052,0.12009617260103139,,0.1198950132999308,0.11970030200546408,0.11732152717784788,0.11746887593016085,0.11708876588770947,0.11738912484694322,0.11726017737988738,0.11754754905408861,0.004170143565930216,0.004171242861420531,0.004180203912575412,0.004119137124738875,,,,,,0.003921228960058146,,0.003918408411927477,0.002266997475289612,,,0.0022935127463062717,,,,0.002299571729365047,,0.002300053972990132,,0.0022985789643880893,,0.0023023810287346336,,0.002301916631188904,0.0022984401473862544,0.002320070916610262,0.0023145244934367525,0.002293918888321066,,,0.002301309369327021,0.0022985635447285153,,0.002298690248667295,0.0022975127992218946,0.002303788229835909,,,0.002300449193796841,0.002299157856844359,0.0023017899735360333,0.0023001539941826985,0.002301282427515032,0.0022930332888965546,,0.0023235804199096674,,0.0023214806028434946,0.002330718250050944,,0.002313641003904345,0.0023416750111324657,,0.002343660150475568,,0.0023347946963179255,,0.002336607906633749,0.002333721633311274,,,,0.0023381946576923637,0.002332621299937381,0.0023326137262632885,0.002321886853529058,0.0023241007938564063,0.0023278849905059534,0.0023301095792591267,0.002330134694907779,0.00232762319938883,0.0023341467308310364,0.0023280120148974357,0.0023203580370178404,0.002326592684228394,,0.0023268159239160087,,0.002336220029887525,,,,0.002325760108842707,0.00232548393810297,0.002336784109273996,0.0023296555243337127,,,0.0023297919966324574,0.0023315834437841365,0.0023257735696433305,0.002330924206009073,,0.0023286117207265053,0.002326277501114685,0.002333070471858481,,0.0023282147847891663,0.0023276579724080078,,0.002325037428741856,,0.0023290924509488786,,,,0.0023181344871870046,,0.0023185548982982474,0.002327575437392675,0.002328099663031549,0.0023277664826343567,,0.0023200148639588624,0.0023294028090614064,,,0.0023257085413522466,0.002328264462413189,0.002324858612695932,0.0023223902951454343,,0.0023345673533804183,0.15961112397540883,0.15997498388523632,,,,,0.15983998874600608,,0.1596074896759807,0.159836268492247,,,0.15957261995451472,0.1601267773087222,,0.16031360399018002,0.15971128771440685,0.15983015175891876,,0.1595077459611437,0.1596430502107849,,,0.1598691636372255,0.15953957322944096,0.15998222133088089,,0.15965091990093172,0.15990814109979076,0.1600036963653084,0.15940192545143284,,0.16024733324304574,0.16023356495330798,0.15978679877189975,,,0.1595957755676621,,,0.1594060086680115,,0.16005843340894363,0.15945838351176092,,0.1590637815329139,0.15934606511890445,0.15976077177493966,,,0.1596397631889213,0.15942416969289508,0.15973916772327676,0.1594139746575619,,,,0.1599528047831352,0.1601759280308367,0.1602333056859652,,0.15983680162063948,,0.15977110857417648,,0.15800479254128977,0.15927314750192714,0.15944471705108093,0.15908305992307323,0.1598625286579164,0.1598401019355417,,0.16023468197907448,,0.1596409864432823,,0.15942862237939756,0.1600469605129722,0.15953826866080276,,0.16006834970789643,0.15977838555870827,0.15923947511391578,0.15963493405624354,0.1603734644799884,0.15967682529493135,0.15975618221479035,0.15977114349707014,,0.15968944119793546,,,,0.15978157914956523,,,,,,,0.15993653110417536,0.15991951689541883,0.15964016915433588,0.15993980659109827,0.1593326831900117,0.15921880301408775,0.16019364705135825,0.159963301274423,0.15946866664766596,0.16009451783668513,0.15955527437595757,0.15966125733441353,0.15906486021099941,0.16013017261633558,,0.15916776937798474,0.16002614611990948,,0.15938963964652395,0.15948712520010372,0.15948987348978544,,0.15980601687246135,,,,,,,0.002261177856378428,,0.002269588058127147,0.002265469857203235,0.0022725977035240375,0.44740220928509566,0.5243929122880449,0.44532407483513253,0.44409075608357074,0.4452847688189111,0.0023198421923546915,0.49524720145266693,,0.4971067709968426,,,,0.4969030381748295,0.4968727329531979,0.49834334567205996,,0.49553083212856286,,0.4978076024242714,,,0.49632316119618936,,0.4963884756224851,0.4958622425054677,,0.49593690568878523,0.4951586393067028,0.4974229976976538,,,,,0.49552548318727474,,0.49571520339042696,,0.49780934766047386,0.495849284733663,,0.4961132982317202,,0.4955922700052043,0.4971720267755069,,,,0.4967767221318428,0.4953842820909013,,0.496263560021226,0.4969578233733327,,,0.49520519630520426,,0.49653054041761696,0.4966269375119661,,,,,0.49425189444876866,0.4955086406421792,,,,,,,0.4969827365385411,,0.49689880825269883,,0.4962784746692971,,0.49669742779792836,,0.49625322325242244,0.49577764385941486,0.4961699025363289,0.4964281159998088,0.4967818838348575,,,0.4956411492733828,0.4951410352031632,0.49621438873163626,,,0.49819160697700315,,0.4950952029408618,,0.49501057245942803,,,0.49627020139218503,0.49550839173525685,,,,,0.4948100221107701,0.4961594063639221,0.49725116888608256,,0.49664093508518525,0.49732224484779786,0.4970608774493363,,0.4968234592435366,0.4971238806857915,,,,0.49636586816936884,0.49730203041198756,0.4951386357083348,,0.49709195931041167,,,0.49576008964102275,,,,,,0.49676359452694413,0.49655903235402676,,0.49623472814975367,0.4964742687882655,0.4955980896165083,0.4963612052600295,,0.49724302188387265,,0.49472586010412545,0.49708995372343107,,,,,0.4947669653161273,0.49611762243592294,,,,,0.49654598259499383,,0.4960055681200264,0.49535041600118235,,0.4970441224251241,0.4973106940800593,0.49613672456201985,0.49596368047213907,0.4961668109351118,,0.4975754875870106,0.49564184844128983,,0.49742158753697663,,0.4949369561618966,,0.4955875366023191,,,0.49657448377491914,0.49521346509528297,0.3898497624665446,,0.3907126807164185,,0.4462590932152989,,0.49883611298076613,0.5001380762839994,0.49941918642016053,0.4992466709327598,0.49759799755928297,0.4995161187807456
4,4,DG_8pct,16,Z06_F10,6,3PH,261249,261880,True,6015.657351202627,6049.145478903076,6084.08369373932,6157.821940554809,6186.2187982971745,0.8486425651468038,0.18389546713024627,6.916560697208295,6.943593004558017,2.9381041322592623,2.942730377511799,1.9614499827887042,0.05875127428303913,5.970516145437836,8.809320958369861,0.19941113739262956,0.7759462136974209,0.2948576300381991,0.6068454982728599,2.0383900175254195,0.6487538134200888,,,,,0.648916547911365,,,0.4331141309495292,,0.43431227093443303,,0.43875098069511725,,,0.4372541740260886,,,,,,0.43344155685191216,0.43216616688462917,0.43321816675090136,0.4340892568039505,0.434149372598597,,0.42918755497304995,,0.43534873854078165,0.43612721277389427,,0.4331759919849564,0.43398671117972093,,0.38894502562029704,0.36411389651023585,0.3644569815428949,0.3636390136509494,0.3524836713041865,0.3523334406983976,0.3523954369749857,0.35296195279132586,,,0.35416818120044363,0.3539577383312746,0.3530570403134655,0.35307216025318633,0.3545479008359663,,0.35439965697530335,0.3531242432455607,0.35263613217642803,,,0.35252150374038904,,,0.34630110238600703,0.34589680751252666,0.3351718815958221,0.33510690644731406,0.3346445754803605,,,,,,0.335206887185323,,0.3368825432397477,0.3352981773829487,,,0.3345104186005017,0.3353616817775872,0.33587204257123926,,0.3356921747657767,0.3359524010145984,0.33593880749538585,0.3354074532587131,0.3349308936410216,,,,0.2953107694648169,0.010850403444569003,,,,0.010841472680467682,0.010819212344341541,,,,,0.010940571131056911,0.0109887848252929,,,0.01098672443070935,,0.010932300692780873,0.01096144661572244,0.010947333073726848,,,0.01097737646311468,,,0.010964691789035173,0.010971312307633239,,,0.010968232006811608,,,0.010951810126800887,,,,,,0.01093438260176584,,,,0.010941479308644258,0.01096174746950751,0.010930689214755396,0.010942977991345039,,0.010942974536434374,0.010947498648416628,0.010944663517853812,0.010924653404142315,0.010958814911994418,0.010942945538230487,,,0.010947129759103832,,0.010984280787540539,0.010968084026220824,0.010977400893606633,,,0.010990297654463148,0.010943779479075391,,0.010947322486196832,0.011000924421904661,0.01095308779828129,0.010964054494745893,,0.010958263903656569,,,,,0.010979446469353185,,0.010953356634952168,0.010957725786630526,0.01097516912259942,0.010951699949505796,0.010966044087670788,0.010973742771621116,0.010959652155702061,0.010954666785660086,,0.01096932134638657,0.010911677144812325,,0.010952792636587695,,0.010931844120394463,,,,0.01097549418651534,0.010972409372938067,0.010971338234153553,,,0.010954653363091288,,0.010927464077108701,0.010950260042580982,0.010974322940357906,,0.01094190754767174,0.01096103505350708,,0.010987244001393738,,0.010955561249107822,0.01093794186016797,,,0.010957795319005703,0.010971421280114966,0.01095884018193981,0.010965738607310715,0.010956329917968096,,0.010929874030526409,0.010900021841362122,0.010931016989804029,0.010949139287893959,0.010959434712270177,0.010920216455731142,0.010917888684493175,,,0.010956856600506283,0.010995380356627458,0.01093828376641734,,0.010957004361947943,,,,,,,,,,0.010944269575346695,0.010934414289651426,,0.010937182297589035,0.010948507416286552,0.010572963020422994,0.010580279920761023,0.010568294850609835,,,0.01085935814110586,,0.010903579881914935,,,0.01089961326612154,,,,0.010971096943973812,0.010956760851874539,0.01095531107023445,,0.010910880383009344,0.010910157239837865,0.010953321853225012,,,0.010926847055104471,,,0.010979782837078303,0.010937643582740573,0.010948369869081065,,0.010947301315342866,,,0.010956844263177138,0.010937453636384953,0.010925033824659612,0.010932620409049371,,,0.010924469179159835,,0.010925733595823096,0.010972795304927752,,0.010967580126669388,,0.010923894319769084,,,,0.010944296543030278,,0.010926947657897172,0.010963817797700233,,0.010946700207846655,,0.010958677627221887,0.01094068897526519,,0.010947038957891645,0.010956096112578077,0.01096186359081436,,,0.010961538828594714,0.010941588578206136,0.010964366569191475,0.010953298501028235,0.010973725481799076,,0.010957895109015563,0.01097838080682175,,0.010950705369757395,0.010973564434096734,0.010937092555163109,0.010970063147757711,,0.01092494893258356,0.01092957913730823,,,0.010937185282564698,0.01097983863506643,0.01093094143065616,,0.010944493056984111,,0.01092608105232533,,,,0.010968158659825797,,0.010959068970890268,,,,0.010941226920849974,,0.010962282069083614,,0.010923730046534947,0.010961892613995798,0.010923650715130274,0.010906386783566655,0.010903474286354912,0.010915397674120248,0.010927140936890692,0.010957878016584184,0.010917814756555674,0.010925932288477784,0.010924728820968094,0.01091662523037195,,0.010934679157200125,0.010949039457950975,0.01094247935606212,0.010939596509397747,0.010946605659905967,0.010963775939455373,,0.01095818753334769,,0.010963592893987054,0.010934746582838746,0.010948276365539434,,0.010957437117604097,0.010934560867831778,0.010948384162114586,0.01094033606074861,0.010985018068707691,,,0.01095690679475068,,0.010903519598084896,,,0.010939132561244113,0.010925059523337331,,,0.010917443820320555,,0.01095371943259243,,0.01094708031766579,,0.010964687466205174,0.010961004312715681,,,0.010948234592617536,,,,0.01092963148874181,,0.010946597521917373,0.01095642207403188,0.010939274322786527,0.010942144505080053,,0.010954772074314717,,0.010955346512089811,0.010912030614129542,0.010934708318192893,0.010943141365925753,,,0.010939833064993722,,0.010982034983581445,0.010977019956384214,,0.010739798787067052,,0.010731740462867375,,,,0.010935078514153092,,0.01083134972874598,,0.010808025584299812,,0.010526005231131385,,,0.010236775677535068,0.010269736410022726,0.010980225097467678,,,0.01110598740152498,0.011091632552116206,0.011114715353284942,0.01110131270800795,,0.011125242119994579,0.01114060333125412,0.011128441916943618,0.01116138082626242,0.011156566659079284,0.01113339830137242,0.011111494762603005,0.01116016366926582,0.011134902501720697,,0.011184008535936603,,,,0.011129485767452573,,,,0.011172975282103797,0.011116662493904056,,,0.011156795478846598,,,,,,0.011099169760994825,,0.011286093857853362,0.01125997002635551,0.011275371297827111,0.011277961880278593,0.01122172442593633,,,0.011279434848428622,,0.011311771259209383,,0.011303322055957675,0.011322377110934947,,0.01133130309611338,,0.011326421057700431,0.0112301636100668,0.011286696642854326,0.011262827976060808,0.01127254626108494,,,0.011280893730944439,,0.011261163014111683,,0.011241346481505968,0.011258151347527886,0.011248171081522032,0.011288467271794682,,,0.011277154805910647,0.011234232728090675,0.011217483308171254,,,0.01127754478835705,0.011274444513014927,,0.011255982633785765,0.01124778177426163,0.01129208303018376,,0.011240676705774204,,,0.011256711501904491,0.011260144110952684,0.011262780740589451,,,0.011277275363480811,,0.011280601625542945,,0.011266610580306029,0.011222548686827453,0.011194815961454906,,0.01127049056499487,0.011280032681311667,0.011270186514606758,,0.011245134530434105,,0.011251047837657234,,,0.011273257073531185,0.011279726300935091,,,0.011268305980296874,0.0112573272758259,,,,0.0012584956242771314,,,,,0.00125631197630682,0.001260132516125717,,0.001258883241012358,0.0012632145778819308,,0.0012632476750101098,0.0012640648216972869,,0.0012631513583706681,0.0012611217788803242,0.0012644024662955662,0.0012614287073994368,0.0012608754634135108,,,0.0012602553626305999,0.0012618816832860081,0.0012594013179735898,,0.0012615015512336945,0.001262196884424683,0.0012600568419549932,0.0012547731356768578,0.001262765476775124,0.001261512378851832,0.001263493153020141,0.0012624460097022513,0.0012594718565914647,0.0012633446945293123,,0.0012634308045744998,0.0012605450948273216,0.0012643072827374588,0.0012587468601988469,0.0012598987347205808,0.0012634574223401686,,0.0012553414094402344,,0.0012590009864315167,,0.001262734302201199,,0.0012637262100788714,0.0012604801684921053,0.0012603993715736362,,,0.001258851055290771,0.0012613114181963948,,0.0012605715999363914,0.0012662738048021228,0.0012618811217915992,0.0012638640310558562,0.0012600983900594546,0.0012616068684360843,,0.0012597031502667238,,0.001261152602149894,0.0012606036608713636,0.0012598035421381962,0.0012624939049098074,,0.0012644379133490385,0.0012595315396309536,0.0012610993988641905,,,0.001263361618103803,,0.001261973514918733,0.0012578559496808307,0.0012626078443067103,,0.0012602413439352581,0.0012609245444330905,0.0012617389707092843,0.0012622245525149582,0.0012628067528022676,0.0012582763173509912,,0.001260951423745606,,0.0012635118780155506,,0.0012619768554755076,0.0012643406019273262,0.0012644461819091718,0.0012584138141487026,0.0012632948462655586,,0.0012629330745836786,0.0012604487995728122,0.0012610800615705836,,,0.0012638459388761025,0.0012628701569259429,0.001259287388199863,0.0012608967873809574,,0.0012652009719286608,0.0012528887724945863,,0.0012588676922155467,0.0012578563466066003,,0.0012607099531456727,0.0012595197258105952,,0.0012615863727711604,0.001260050015669897,,,0.00126385204016685,0.0012605287101439561,0.0012592564111517982,,,,0.010937772705028284,,0.010964412156771906,0.010977829526486219,0.3735301257659183,0.4642925691624359,0.3718368474758252,0.37097277434783044,,0.01120160474584162,0.43408410035863376,0.4357497520289179,0.434179171889424,,0.43469130692758556,,,0.4342317274571483,0.43406434131169613,,,0.4343412022674324,0.43499751370842477,0.4337341324760075,,0.43445991947190055,0.43519031662428065,,0.43527591601132165,,,,0.4338276615746127,0.4343683618341397,0.43456572853668174,0.43412773384466236,0.43532337525062437,,,0.43352295008779373,,0.43519500993037474,0.43338655404721593,,0.43458745700173146,0.43458467538675133,,0.4341607261248073,0.43292729320095497,0.4343930825910526,,,0.4351081552196874,0.43369658894848545,0.43418995923120246,,0.43553171212123276,,0.43465002166360095,,0.4337580761707526,0.43591008770175116,0.43339082052053407,0.43531863716117547,0.4355328117537031,,,,,0.43579586011909227,0.43350189507205067,,,0.4353591681086367,,0.4341226190830856,0.43486872602917503,0.4342290291280218,,,0.43467857662710513,0.4334715233958254,0.43442714728654513,0.43433230773840703,,,0.4355120034679542,,,0.43476136658289677,,0.435497284828637,0.43371592087423627,0.4343610609816179,0.43493059614026874,,,,0.43346945502803447,0.43475670376228487,,,0.4341788739165005,0.4338150133253052,,0.43442233720578155,0.4349071103423228,0.43560979974492015,,0.43440789002424557,,0.43494787330012674,0.4334558708495454,,,,,0.4347170703704393,,0.43397137297840055,0.43396851094571925,,,,,0.43584318347542783,,,,0.435264715792407,,,,0.4338764358141038,0.43496084268175034,,,0.4353578335197883,0.4348695920076074,0.43495040508718325,,,,0.434718110792091,0.4349580354792765,0.4364857408215017,0.43462770211792184,,,,0.4353375827223853,,0.4330974360001332,0.43503343448450094,,0.4339925191485713,0.4342320892482271,,0.436282474114943,0.4349818537636284,0.43423887096304414,0.4345243346757081,,0.4342480021577291,0.4339194407515518,,,0.4349427774716625,0.4327923981559235,0.433755669140448,0.4344655932289758,,0.4338224983027127,0.4341894738722166,0.43485224547451296,0.433957141987717,0.43459667282536346,,,0.31615033704797646,0.3156355511472531,,0.37232003740180286,0.37240465912350296,,,,0.43715844224866496,,0.4375535887060998
4,4,DG_8pct,16,Z06_F11,6,3PH,255376,255317,True,5322.034768292367,5355.627963132333,5345.243435701846,5412.521183196136,5405.473093927593,6.295393828183259,0.3902979239571188,0.047216421114696074,0.047838454143967285,0.020149195349699316,0.020226011017067138,0.01350202888384669,0.00040391665875457355,6.604236544536916,9.70078332642994,1.4767246428558092,0.005320117171821243,0.0020092041238437774,0.004121070807716998,0.013938961747081575,,0.6764564149197896,0.6762230223195892,0.6765191806011808,,,,,0.47599126441361195,0.4763088460055005,,,,0.4833746894556106,,,,,,,0.4777159326279763,0.4779858926004157,0.4778996812455038,,,,0.4726949673792671,,0.4715092578767278,0.4795544365472892,0.4798048130761111,0.47829857831996303,,,0.48058213409895245,,0.41730623581654064,0.41612247341622044,0.4157233458347628,0.4041060115362944,0.40561446654248784,0.4052780073728072,0.407374842411557,0.40774279721824047,0.4063598688940684,,,0.40634657296241566,0.4062023455039686,,,,0.4071570393597897,0.4065902734567219,,,,0.3991106068074086,,0.3989407988139393,0.399715927681515,0.3885026395904276,0.3881060095765555,,0.3887724208990616,,0.38822499270436767,0.389661612732777,,0.38915339465549603,0.38922570227364633,0.3890858702479282,0.38970712658902784,,0.39014768739356653,0.38895230180105195,0.38785184973616166,0.38958350284348586,,,0.3892177000781485,0.3899444705111856,0.388907513166588,0.39035528216281473,0.38914875036702307,0.34787499592906684,0.34887103965765953,0.34803949572109816,,,,7.414355177913188e-05,7.421369890118708e-05,7.41747564105985e-05,7.420377061861079e-05,7.51084548442813e-05,,,7.518839719956083e-05,7.500562358885267e-05,7.495311529152135e-05,7.514327127601619e-05,,,7.508917569564281e-05,7.504642338425483e-05,7.521254878699691e-05,7.481063336916565e-05,7.501220086898378e-05,7.49016235319431e-05,,,7.525768041462651e-05,,,,,,7.519884419777005e-05,,7.507311605569554e-05,7.490459020401775e-05,,,7.487237842647874e-05,7.512034978829895e-05,7.509653491513484e-05,,,7.463336980645903e-05,7.495179251544649e-05,7.472566997731477e-05,,7.506431931836809e-05,7.501218146431269e-05,,,7.506739334421793e-05,7.500423485575633e-05,7.51736511643019e-05,7.504949807676215e-05,7.497460408448197e-05,,7.496469312319694e-05,,,7.497306754413378e-05,7.502868280221164e-05,,,7.53519400459666e-05,7.516533871354705e-05,,7.497694947304254e-05,,7.509104897339067e-05,,,7.499743711980203e-05,7.522833431446762e-05,,,,7.485479078440744e-05,,,7.53038139840513e-05,7.487845640222483e-05,7.482515240031367e-05,,,7.499793475999104e-05,,7.498113021095608e-05,7.493421045913644e-05,,7.517070846027885e-05,7.508578199845841e-05,7.530583952166117e-05,7.503715006873262e-05,7.51499907382635e-05,7.50453481772868e-05,7.497146754345024e-05,7.50180436734246e-05,,7.493285161853412e-05,,7.489782324801769e-05,7.518168095480112e-05,,7.525989844867911e-05,7.497991793134514e-05,7.515457736192274e-05,,7.509196005762211e-05,,7.495211090788876e-05,7.500081325550499e-05,7.5128908041063e-05,7.506334908786077e-05,7.508388874011331e-05,,,7.47657149401839e-05,7.519337443964624e-05,,,,7.50111116126538e-05,,,7.500146909108451e-05,7.490997214175761e-05,,,7.484644458591497e-05,7.510312066100815e-05,,,7.510904678175261e-05,7.502379462752826e-05,7.508276175686466e-05,7.498393561959415e-05,7.47856428700372e-05,7.51467913836686e-05,,,,,7.475972886950405e-05,7.502565852268809e-05,7.508438610811094e-05,7.509204198888288e-05,7.523454114817636e-05,7.495904022297878e-05,7.481435802861213e-05,0.022652237652698592,,0.02272586167817275,,7.447319668692633e-05,7.469226095516998e-05,7.434710506501817e-05,,,7.446663343113803e-05,7.488179377914456e-05,,,,0.0691340152912418,0.0691502928028919,,,0.06895067635521408,,0.06895384976344461,0.06877154368808656,0.06907484219552523,0.06896344654679612,,0.06909057670295336,,0.0688125623263724,0.0690218169511175,,0.06882652340191327,,,,,,,,0.068914262456973,0.06888965143735834,0.06892311211755958,,,,,,,,0.06898982428536217,0.06894374883843656,,0.04627943294795346,0.046059827599395566,0.04613054188281217,0.04621889934050562,,0.04606472431115815,0.04604961280943455,0.04611591245343836,0.04628010687336672,,0.04616832463746058,0.04613204349983716,,0.046119004762341,0.046134067402338,,,,,,,,,,,,0.04607512942508138,,0.046095810565237094,,,,0.06878699028872665,,0.06899803546543577,,,0.06871690678972192,0.06895755355286541,,,0.06898855976634045,,,,0.04619779429736675,,0.04607933623981243,,0.046089335082600436,0.046187487159635054,0.04619480240181597,,,,0.046103024093522446,0.04595691123586564,,0.06898109576126814,0.06882221337419017,0.06867185716816981,0.0687408494472515,,,,0.06880285692615415,0.06873193137520539,0.06888938755025363,,0.06882233077439387,0.06891461168287275,0.06913138980361498,,0.06892912831950951,,,,,,0.06875560158433922,,,0.0688304001538772,,,,0.06899189296903584,,,,0.045954708225912605,,0.04611228726330044,0.04620609575221672,0.04616374962585311,,,0.04606739809463699,,0.04602418004424064,0.046220949214071425,0.046095181896387345,0.04615457591395673,0.04622177640396847,0.04622568565203417,0.046058665755318945,0.04619455302008683,0.046125271538855546,,,0.04616081901796364,0.0461526392598421,,0.046195932134592076,,,,,0.08084223929075333,0.08089097056209958,,,0.08100149834791749,0.08112445742027322,0.08114414107737775,,0.08096902739424813,0.07921906441263386,0.07917155254964668,,0.07925708291371278,,,7.49292779169669e-05,,,,7.40494015353905e-05,7.425276752802319e-05,,,,7.053620030894152e-05,,7.017864904430973e-05,,7.541655255681188e-05,7.553246904430739e-05,,7.59676374352111e-05,7.60433442930823e-05,7.635810319129404e-05,7.614231387374814e-05,,7.61659974029743e-05,,7.636841798326222e-05,7.642712736488285e-05,,7.642009984531282e-05,,7.602522494314517e-05,7.657953703527762e-05,7.661738375464056e-05,,,,,7.629120649274137e-05,,,,7.630734577404645e-05,7.625540899417813e-05,7.622920805660487e-05,7.634205325557254e-05,7.61145870297448e-05,7.59346643754614e-05,7.624510132418049e-05,7.624506079453904e-05,,7.620473535323568e-05,7.704428395576312e-05,7.711348818142456e-05,7.708448519282144e-05,7.705028845777892e-05,7.73295344220594e-05,,,7.733346697929853e-05,,7.748719677259155e-05,7.729671037613025e-05,,7.73494599890933e-05,7.720653020795178e-05,7.773903152260119e-05,7.738115564850561e-05,7.738044672441844e-05,7.752579602184649e-05,7.700547834451321e-05,7.724578337851452e-05,7.713736365822883e-05,7.69560613109784e-05,7.717872518408993e-05,,7.703671072981395e-05,7.70952271815187e-05,7.713429049267023e-05,,,,7.719911959350204e-05,7.704568562960232e-05,7.7219331034878e-05,,7.704245814026811e-05,7.720878162526395e-05,,7.722568075749744e-05,7.708270223261389e-05,,7.722515684901867e-05,,7.713304133516051e-05,7.694004753018772e-05,7.708863582449885e-05,,7.707545373513093e-05,,7.682746545421409e-05,,7.722791457574487e-05,7.72555616251954e-05,7.712678229764315e-05,,7.69670061551829e-05,7.730474559218454e-05,7.70571276580221e-05,,7.710890036855966e-05,,,7.724646509109911e-05,7.717981313139518e-05,7.727751618800347e-05,,7.729032566184233e-05,,7.711483406336047e-05,7.720912135256629e-05,7.72575317030021e-05,7.701483775367205e-05,,7.72449771055318e-05,7.710939622316173e-05,,7.706784428388213e-05,7.734052295023112e-05,,0.12294803567194763,0.1228161888288347,,,,0.12297903169171591,0.12262209033744353,0.12310816911864012,0.12310866553888918,,0.12313031898419337,0.12289314284694991,0.1232328027066453,0.12311861067855909,0.12323727795631662,0.12317703554445597,,,0.1233872701291522,,0.12295799502212516,0.1228970284684659,0.123041906318013,,,,,0.12282076564008367,,0.12319430829088411,0.12327317918837223,0.12320063211616566,0.12320652979405938,,,0.12288781291526878,0.12310036371359179,,0.12320954728774627,0.12278654787176027,0.12292943338972091,0.12262686205069329,0.12252417275532865,0.12244215567904358,0.12244104082648316,0.12285516191735923,,0.12265116203006009,0.12295227843854074,0.12300717224290003,0.12351492275191647,,0.12275873943339577,,0.1226406977513504,0.12274764570224506,,,0.12293394405335172,0.12280822664584201,0.12285910666861483,0.1230379032876973,,,0.12305193025080713,0.12155792992317516,,,0.1232235512787915,0.12311404620758566,,,0.12296171726789135,0.12311852836539083,0.12300143592817035,0.12321042791258134,0.12346512916796379,0.12304379873016251,,,0.12299210836221786,0.12302489795040822,0.12311347208090292,0.12326735974632015,0.12270713864138136,,0.12304994451444227,0.1230905305123447,,0.12286685833320701,,0.12339544558425794,,0.12290475228570875,0.12276817656164536,,0.12269288992227202,0.1229168117003926,0.12285818041849708,,,0.12282973853705074,0.12300055038847246,,,,0.12307287866666736,,0.122942455967654,0.1232714861247843,0.12328647247431003,0.12299248423645862,,0.12251228029868938,,0.12296774780762991,,0.12268927821519458,0.12318554356716335,,0.1229112159402727,,0.12288546967265117,0.12284436337895088,,0.12288102969729486,0.12271035170691959,,7.520896314416528e-05,7.509199454806964e-05,7.509077170080463e-05,,7.487121562985487e-05,7.50599296184431e-05,,0.5081894389269099,0.4254268884562806,0.42457557908063365,0.42449215538409274,7.709162995962949e-05,0.4783268768512202,,,,0.4804948910320005,0.47685224469735543,0.4802292878202177,0.4780529247422792,0.47896146301732684,0.4801284097525215,,0.47805128897287974,,0.4790065392752058,,,0.4778128431210512,0.4790298891460549,0.48017995944805636,0.47847955749917814,,0.4787771166793819,0.48020172432609215,0.47851830647319593,,0.48068669628632676,0.4784230988715941,,0.4785980134130147,0.47993194430966946,0.479138224924898,,0.47884038258300327,0.4800463138635168,,0.4773057741036459,,0.4790443835038383,0.4776654876431459,0.4801156147328997,0.4786740486415711,0.47761588674053007,,,0.4783815828810896,,0.47955356376962066,,0.4792827821114785,0.47965095844818,0.4784241019537326,0.47815990329898156,0.47852549578479375,,,0.47836484900727894,,,,0.4782351449487727,0.47917806982896766,,0.47784497709954366,0.478180870939018,0.4774496217161929,0.4792529312200737,0.4791805670423509,,0.4788386838978723,0.4784894790083669,,0.48021854296803956,,0.47949439471034944,0.47890093861287636,0.47872923036709397,,0.4791988595914337,0.4792349858045409,,0.4790323114171265,,,0.47862365190739103,0.4781717114734456,,,0.478939635189555,,,,0.4777286069916753,0.4792304828756622,0.4796544482665593,,0.47990634670216914,0.4787377008510005,0.47920436012722695,0.47968549378777264,0.47949727984898066,,0.4785023059451722,0.47969420090720605,0.4796348013543508,,,0.47896766929298257,,0.4790415304393721,0.48010719371142574,0.4782805902771338,,,0.4780448925052503,0.4791190111561035,0.4806822778050419,,0.4779294706177508,,0.47845027159281334,0.47905533606866285,0.4793305238804251,,,,0.47860468401685313,0.47941916427400744,0.47940807263742,,0.4775710356488678,,0.48006511574543187,,,,,0.47790729707526697,0.4793514437778454,0.48021896263071895,,,0.4783170011086876,0.4803187588660139,0.4790736292652067,,,,,0.4809456557826649,0.4783276189459443,0.47893078826698876,0.47896748682553714,0.478788497571044,,,0.48032489389574745,0.4794054618305185,0.4779385713312353,0.4803334819277857,0.47872305143859556,0.47991451107569866,,,,0.47869370185306076,,,0.47916445639461436,,0.36987671499169417,0.36901780015423136,0.42512365083742115,0.42619548548570574,0.42596747089171755,,0.48270034109180326,0.48107063382236254,,0.4802138499695965,0.4801556923671866
4,4,DG_8pct,16,Z06_F12,6,3PH,175060,181926,True,5104.5257573175595,5119.312042559094,5107.656010477736,5228.842162177172,5247.717615855582,9.161919810743365,1.0528969365379033,0.045068782959516336,0.045646232249543076,0.019282596243274143,0.019411914615583663,0.012866772790039208,0.00038634166043865966,6.842605923791163,10.090316423276981,2.152213101615901,1.224430696772422,0.4617440110998636,0.10631060251842481,0.013323469653825281,,0.6855644234390931,,0.6893481808491364,,,0.6022025585840147,0.49301097037326763,,,0.4943784860144102,0.5005636175818827,,0.49757396004683263,,0.49770801365645084,0.4999044345857005,,0.4991824882301252,0.49951913616511345,,0.4929411149070337,,0.4958041542996419,0.4944111110113565,0.4956890720549028,0.4884086239002567,0.4893362804692871,0.48907425259173143,0.496238020233307,,0.494904043678577,0.49595383240534263,,0.4943462408850741,0.45960385547539706,,,0.43443630461604016,0.4255270014869449,,0.4254954462124162,0.42674092460222973,0.42604993377087935,0.4252478194668077,,0.42668950299964065,,,,,0.42625916503359407,0.42595422728307775,0.4277077181545023,0.42612621843027515,0.42654775501370745,0.4252740195549036,0.4190514376289931,0.42006893444609855,,0.41821537897962435,,,0.4085039608573722,,,0.4100179203787676,0.40822598798679993,0.4089004733865217,0.41019916070382495,,0.40963137698367186,0.40961757619061717,,,,0.40892326033353404,0.4072768158596024,0.40821614576935694,0.41005542427985303,,,,,0.4090879423836813,,0.3693530238996764,0.3675614732411725,0.017171145106035127,0.01709253959960682,0.017099972964960162,0.017081344324116676,0.01710350968039979,0.017073734533330606,0.017058796745199122,,0.017240389242074095,,,,0.017284631453811358,0.017287324057669005,0.017231143719540994,0.017257369742397135,,,0.017259142801979998,0.017247835250574974,0.017212202139532666,,0.01725851928864089,,,,0.01728756995866388,,,0.01723902758155666,,,,0.017252909441470805,0.017265897430031308,,0.0172584688689295,,,0.017205928944989336,0.017235421965725445,,0.01728277394304474,0.01721806286930569,0.017264796995087355,0.017234739970024657,0.017238746465141345,0.017206908658488923,,0.01715804250090189,,,,,0.017276735122794158,0.017260769894007898,,0.0172326950564027,0.017257378272290635,0.017278872147111414,0.017277839030394797,,,,0.017257684908293547,0.017258673545146295,0.01722165747876691,,,0.017223478549731618,0.017264743159149915,,0.017236012041269663,0.017284617331865492,0.0172472733461271,,0.01724567905007861,0.017293252643344834,0.017275717831287146,0.017265736443883704,0.017248152751342553,0.01726899955427795,,0.017235948851826485,0.01725105670357796,0.01721248726529069,0.017246926389988586,0.017205621797226036,,,,,0.017260037568319106,0.017260395716094078,,,0.017218199163121135,0.01722973656908822,0.01724275820059684,,0.01721611218731001,0.01725364795759917,,0.01725750783292333,,0.017248819509876678,0.017242434185034565,0.017276966171854653,0.017286577926162405,0.017286946078524178,0.01725821231514337,,,0.017229874528166808,,0.0172680174984829,,0.017241152931712925,0.017279599454502397,,,,0.017187864567203254,0.017258298554545456,0.017180403618377377,,,0.017234258733390816,0.01726042962936033,,,0.017279787603806655,,,,,,0.017298597074131505,,0.017262801146387417,,,,,,,0.017216405456490644,0.017251742082071732,0.0606078774219984,,0.06055406211787179,0.07496438156557365,7.130323755991109e-05,7.13898203921193e-05,7.13386255723955e-05,,7.106744703863184e-05,7.150627538707819e-05,,,0.10609798735986875,,,0.10626515916760497,0.10600833376375812,0.10601363788416177,0.10610853628043375,0.1065585451820874,,,0.10634686063960036,0.10624449762384186,,,,0.1062133709768278,,,0.10648755645857794,0.10611106739399377,0.10632604897589619,0.10641671494087719,0.10620908334240567,,,0.10611429152705061,0.10634291155143555,,0.10624048705153362,0.10600557936280791,0.10622215969022321,0.10646692767496066,,,0.10627455202871645,,,,0.10638733894137402,0.08454397126015978,0.08481253953433797,0.0844648331698865,,,,0.08450582446383685,0.08424859835387903,0.08450253497860045,,,0.08449860370773193,0.08454263295470339,,0.08469013878614047,0.08454047110435325,0.08437187354837407,,,,0.08450458786058901,0.08443726539679519,0.08433572288300396,,,0.08454684738142533,,,0.08447338198434888,0.08422343410183604,,,0.10617692043636218,0.1062789077803951,,0.1059337138927583,,,0.10624638763692541,0.10604005934281599,0.1062450910963608,0.10595465509007906,0.10631472129542134,,0.08402849164710108,,0.08439853069198204,0.08423098431141092,,,0.08433886856174805,0.08428155015037099,,,,,0.08414860360457324,0.08413143518789669,0.10594227091417271,,,,0.10633401998987747,0.10615154313686735,,0.10602448894272713,,,0.1060394863669185,0.10644778446483225,,0.10627907916972748,,0.10623941357036493,0.10630779461473057,0.10627290260512656,,0.10664022693022383,,,,,,0.10586995749951382,0.10616716597923805,0.10644020153314057,0.10607328838944688,,,,0.08416049041638252,,0.08415268709001197,,,,0.08428799133823961,,0.0841202970244206,0.08433355383168993,,,0.08426386974039848,,0.08415284668793578,,0.08439724268499683,0.08438564228030565,0.08442508858798388,0.08425137334384988,0.08444175404885353,0.08439568526428694,0.08435702022879944,0.08433435973870411,,,,0.08461786837045564,,0.11736495851233701,,0.11812296277310928,0.1179202949295573,,0.1179388929886008,0.11781760832392799,,0.11568865545249592,0.11533278471967459,,0.11527627245240778,0.11542062104008279,0.11580036760222494,0.0019367165922536365,,,,0.0019047518265538181,,0.0018661792405820898,,0.0018686286945257893,0.001818907149220742,,,,7.195066721631078e-05,7.197019433949097e-05,,7.261734132484687e-05,7.241791716237574e-05,7.284171260053459e-05,,7.279664782700863e-05,7.302897937512046e-05,7.318705273381443e-05,,7.296151591852785e-05,,,7.304759131669565e-05,7.302489818985257e-05,7.331303361009924e-05,,,7.29212774564545e-05,7.30979638178501e-05,,,7.309670831480635e-05,7.297035007038506e-05,7.276056356853791e-05,,,7.298985046050644e-05,7.315237404755669e-05,,,7.277153689309481e-05,,,7.293252865038075e-05,,,,7.374761026604128e-05,7.384830788800181e-05,,,7.405880644330423e-05,7.420244913486625e-05,,7.390325282992566e-05,7.393013445945725e-05,7.418568990117675e-05,7.385681231330183e-05,7.415611340862667e-05,7.387813229390679e-05,7.410892125872652e-05,7.41034009498583e-05,,7.384920638446512e-05,,7.380347478767415e-05,,7.395245840914583e-05,7.381740754025914e-05,7.40381332569996e-05,7.36881782715089e-05,7.360992387698699e-05,7.390578679337907e-05,,7.38430027162906e-05,,7.361554300854978e-05,7.399125350149828e-05,,7.372672492769032e-05,7.360048499713158e-05,7.378478497960216e-05,7.39062786755823e-05,7.37074358202316e-05,,7.379869318354922e-05,,,7.408563800484337e-05,7.389032525284233e-05,7.374769056570565e-05,7.371266194642663e-05,7.344385610789681e-05,7.373555451254905e-05,7.407968944637276e-05,7.35554704132361e-05,,7.389613899901808e-05,7.377031471702678e-05,7.373561283388479e-05,,7.360321110675325e-05,,,7.37204634181914e-05,7.369806479400007e-05,,,7.406163590366975e-05,7.382364212643345e-05,,7.376182928201528e-05,7.369166390064054e-05,7.37893141905595e-05,,,,7.385950717649735e-05,7.409152368861666e-05,,7.376425214173653e-05,,0.15800722022595506,0.15770763468419444,,,,0.15786469984389614,,0.15795988969382796,0.15802101615046002,,0.15777569116654463,0.157682352880653,0.15813150476080992,0.15708630151259476,,0.15797048180070822,0.1581593402231725,,,0.1580690415491766,,0.15762492822066193,0.15810724105572355,0.15791037214044254,,,,0.1577796010777643,0.1581187854239588,0.1579606338944298,0.15784343923996969,0.15811711085291816,0.1581845621365895,0.15796634043325108,,0.15781567858320542,0.15767170389593066,0.15796099938206606,0.15809322449573726,0.15740446421936502,0.15746938711754077,,,0.15753183392126513,0.15757344281814675,0.15747728483337556,0.15709156798255133,,,,,,,,,0.15796234614276336,0.1576128719768128,0.15786427994597402,0.15772506301034425,0.15828738242204174,0.15811963079906333,,0.1583668498881848,0.1578003082974806,0.15769059431093468,0.15629511846987776,0.15761614628708528,0.15788269035988614,0.1584053999833711,0.15819905823610486,0.15782288031306874,0.15750051356365583,0.15787913578376533,,0.15754868850145382,,0.15804014893561502,0.15849367241710255,,,,,0.15779934658522438,0.15775707713048023,0.1581817247131189,0.15775720934428397,,0.15797231786624114,0.15821252455268908,0.1576429439806909,0.15770223919209253,0.15800365976690303,0.15848812361632625,0.15741448253211163,0.15837605121749906,,0.157862149990167,0.15794938410191248,,0.1578943462978196,0.15828159029173244,0.15804810271462943,0.1578261541015643,,0.15806417703745,0.15783008353656094,0.1581061364476581,0.1575604681448577,,,0.15819791812579384,,,0.15759696890601443,0.15801187822852236,0.1577937068825942,0.1578806558474871,,0.15765718374711304,0.15752671957691586,0.1578104920520438,,0.1576877910105254,,0.1575326376757487,,0.1581082362717075,0.15720699307287614,7.15729065699078e-05,7.186221330023058e-05,7.178478250223414e-05,7.182074643518e-05,,,0.4461698248858405,,,,,7.35555048540934e-05,0.49495795398675446,0.49503976683500733,0.4944186360769345,0.4952850047452146,0.49491139047090227,,,,0.4952680421201992,0.49461452975194514,0.49477659689079767,0.4957332550030772,,,,0.49580497045780264,0.4944793880091674,0.4972365251259,0.49528851474479796,0.49502997120989656,0.49643599495522966,0.49558229383727315,0.49570699042201505,0.49485586577865015,,0.4950028412036045,,0.49526197938533334,,0.4965578521982017,,0.4948421786933778,0.49596515436715,0.49579897061529365,,,,0.49376290643955123,,,,0.4950036293664281,0.49513749075823643,0.4950558431295317,0.4962845541159505,,,0.4954244733597919,,0.49704949769121326,,,,0.49491791606210694,,,,0.49607676431395437,0.4954629034927945,0.49702417176055164,0.49612165956511073,0.49460884489865536,0.4950891161992607,0.4951543166273027,0.4948864320384104,0.4959682097943775,0.49579232895782954,,0.4969293434381286,,0.49411592889130157,0.4959240075216163,,,0.49688433995396525,0.49555415516233303,,,,0.4962805990621879,0.49553133507272956,,0.49601185350481425,0.4950957413744419,0.4949872231752233,0.49348491762581104,,0.4959874409371982,0.49643611933298776,0.4971219369476344,0.4939754449713932,,,,,0.4957958909164699,,,0.4971030258690319,0.49730609569306145,,0.4933855614184182,0.4956818776235706,0.49502780797782425,,,,,0.4954927944854594,,,0.49414555183431375,,0.4961655481073302,0.4957675637126466,,0.4936694083405966,0.4962818353158052,0.4958728169551501,0.49416806230228244,0.49531876442048073,,0.4949052851825669,,,0.496297504059675,,0.49535676660578226,0.49678009129770595,0.49501976633779826,0.49530921561674623,,0.49449187414911466,0.49447751079584057,,0.4960782368329138,,0.4940129260875356,0.4949954257890617,0.49428803440144053,,0.4955626284379583,0.4945969923963467,,0.49597856609585333,0.4950308099020463,,,,0.49531998548375283,,,0.49606969440485105,0.4946744398493861,0.49531906294828787,,0.4946356270213644,0.49502144212001353,,0.4969785419326674,,,0.4956681381310336,,,0.49554120852769334,0.4943088009571079,0.49474355600335745,,0.3883787303991263,0.38903913451862204,,,0.4449631780085445,0.49812632971994675,,,,0.4984796841756857,
4,4,DG_8pct,16,Z07_F01,7,SLG_A,175041,181979,True,4572.33660020246,4603.875298438503,4620.14636004499,5045.446252465264,5062.254523192972,6063.952780380405,15.157269639450437,1134.6118769475784,1161.044483074747,442.56505824396726,443.5751029145468,292.04987097353654,4.870413981152939,14.848401160126846,21.92014762641311,16.806438731898215,215.01286348885301,25.982461145301073,50.30112950305146,355.59979339183764,,,0.7477140156400831,0.7265361866145015,,0.9497482356990201,0.8563761721663772,,,0.6084252960229638,,,0.5170424254378702,0.5152497698329913,,0.8666927646572872,0.8670460655640251,,0.9372636129877654,0.9346619434128463,,0.6075085957207902,0.6085833303102234,0.608470309586319,,0.6091459204708192,0.6006111933062266,0.6036741534191569,0.6006616656493016,0.6100317070787566,,,0.6085162600560156,0.6101994947184098,,0.4765915585468928,0.5858849849926477,0.5854304441511322,0.5848470202603177,0.5849240965378303,0.5837044350673556,0.5850942649922585,0.5864354243103439,0.586004949871879,,0.587290732062527,0.5859289098683931,0.5857094174909604,0.5873865006769099,0.5870415412630269,,0.5856143791489073,,0.584878266143364,0.5854940325487442,0.5869744256108809,0.5862961889822222,0.42516774552954756,,,,,0.41146761516488095,0.4122092577991217,,0.4121589849895057,0.41166869750843577,0.4109661368488303,0.41212828833931775,0.41129722558337156,0.41100091373605263,,,,,0.41178797690790947,,,0.41150343179953536,0.41176427051227266,0.41154264869945323,0.4106843094169639,0.41245067409452135,0.4133922221401759,0.4119541748085062,,0.5466884753890847,,,0.5457421398936146,0.547183413789493,0.5473226833571817,,0.5446441162929464,,0.1128740582858761,0.11306770037136975,0.1130263639283118,0.11292336112368065,0.11290514281928442,0.11301459825518999,0.11286616923845645,0.11289173895783174,,,0.11323766941942122,0.11289941557719982,0.112916424946263,0.11309391311734615,,0.11300350181996435,0.11285493023457319,0.11262043622208012,,0.11276718249829448,,,0.11296856146827718,0.11251256701604279,0.1127549191594709,0.11269733483211224,,,,0.1123005194853283,0.1126342719760997,0.11264536616933109,0.11255003312563384,,0.11294365252975,0.11279094099864273,0.11276081418576514,0.11304002505501855,,,0.11271248081398286,,,,0.8953824867231329,0.8938610941062537,,0.8948563296256391,0.8937921062995587,0.8947917184735926,0.8951148898033268,0.8909378595328423,0.8939082319444558,,0.8925726902256628,0.8948686331194345,0.8928260314317762,,,0.8967672290678509,,,,0.8923018546546094,0.893550952626246,,0.8925256165239642,,0.8933913065928025,,0.8931382561677913,,0.8943386998533859,,,0.8936264689280099,0.89290377502593,,0.8909993954736014,0.8951206365718667,0.8920192873774168,0.8936569488195371,,0.892397322627076,0.8911661399457348,,,0.8928139768499397,,,0.9463705075307233,,,0.9429852974365285,,0.9467140721635471,0.9473947400500514,0.94760905781387,,0.9456330861954916,0.9466341532768178,,,0.9452169077121483,,0.9468839933126981,,,0.9451372956557328,,0.9427977201693729,0.9454624576823308,0.9457027891477671,0.9427928844059404,,,,0.942430532039953,0.9451632256092036,0.9460902460580786,0.9463311382573135,0.9463709253009271,0.9468121184553788,,0.9456830672936928,,0.944853340393759,,0.946358081245316,,0.9464428195544726,0.9446465665800701,,,,,,,,0.9471439245674668,0.9461567828469944,0.5313491110461676,0.5318171030258865,0.5296333694974712,0.0728162724267518,,0.549027631158203,0.5489586855220051,0.5514602285629576,,0.5491157006489606,0.549483919809041,,0.058715585993101144,0.05887795890501872,,0.05877542170756767,,,0.05861280883128523,0.058792458960212686,,,0.05867792964294252,0.058634299091285036,,0.05875079991975969,0.058611154312292385,0.058742295526035194,0.058741094794594675,0.05882337092978176,0.058879804472380684,0.058991318415895166,0.05872651109337147,,0.05862929103850187,,0.058659248336703856,,,,,0.05865204436035472,0.05870790939888445,0.058772414539895325,0.058670421220547525,,0.05852158256722764,0.05863474103246915,,,0.058695869456286257,,,0.06850727991068517,0.0684222796249997,,,0.0686490662051908,0.06848248296956003,,,0.0685287316596076,0.06864489169736616,,0.06849748072749245,0.06865038617519499,,0.06856064315217106,0.06873063147791197,,0.06866282938639232,0.0687312538706926,0.06857187196397917,0.0684752858061548,0.06849813948877598,,0.06851003793937603,0.06854540430325579,0.06855394084934381,0.06849197891136553,0.06852963867717579,0.0686213078372845,,,0.914066171026079,,,0.9143315966935418,0.9128264296205315,,0.9127075051406159,,0.9174695819229596,0.915360873671035,0.9102844860322488,0.9092592125025571,,0.910475179582888,0.9106607978571242,0.9119736615454502,,,0.9110571467946439,,0.9110738182793336,0.9091390521669218,0.908779175188572,,,0.9125054139039637,,0.9119458518409111,0.917043440140096,0.9184389795107344,0.913531911388787,,0.913122521162073,0.9140041726864087,0.9152568852722857,0.9129342478165953,,0.9159174549164892,0.9144657552411019,,0.9157800214792527,0.9137500681481512,0.9151344427386392,,,0.9163299605158984,,,,0.9147945294887667,0.914052873124091,0.9149085618204443,,,0.9143280964797853,,,0.9117218634033538,,0.9073183255262185,0.9128294514940233,0.909388831704937,0.9100965678805616,,,0.9108105642580436,,,0.9116302278220149,0.9116604541949048,0.9118357816655992,,0.9086806325870245,0.9107315804282893,0.9112230167273269,0.9123424896096466,0.9080416534334942,0.9120760840971124,0.9118996591522436,,0.9137412693093975,,0.9119644810409913,0.912366074229795,0.911660581811559,,,0.9772087877701139,0.9766361994055307,,,,8.128368921872704e-05,,0.5190556044024492,,0.5198045530603921,,,0.5189272830091765,0.10466453894460949,0.9419027531558625,0.8956534610503573,0.5458118483847256,,0.5454550620384684,,0.531058509728272,0.5309139928678778,,0.5205836991910885,0.5178969061381434,0.17061522111081678,,0.8786838332830481,,0.9382381613429909,0.8769645791449263,0.19385295398302405,,0.8745323287668807,0.9369159611794307,0.9363193379779443,,0.9394319722470387,0.9385641049916551,0.19834731693849572,0.9407452368838408,0.8772962132938829,,,,0.5624582009182557,0.5611532109927486,0.5601495866517232,,0.5614100030394774,,,0.5627540250660137,,0.5630106731749479,0.5619657682476505,0.5641481376243153,,0.5629238758161945,0.5624549983377815,,0.562634219855616,0.8760001268290483,0.8789450214392367,0.8773045305639504,0.8764168211821409,0.8771752475562735,0.8768834408378268,0.22907595946010495,0.22981681606655419,0.22921032781213552,,,0.9523580173604231,0.9515000558022887,0.9494673219752806,,,0.8744086315465648,,0.5696740433227849,0.5687499486550908,,0.5702294021667431,0.568052390373019,,0.5695581311018336,0.5694108638028991,0.5686566190318597,0.568394735036352,0.5681684782344827,0.5695621099497635,0.5696456720903328,0.5691534856391081,0.5703074630170749,0.5689155097585368,,0.569402836833451,0.5691815933290024,0.5698676911490309,,0.5696860805254722,0.5681857584240596,0.5694737527329171,0.5690263696583141,0.5690788210721761,0.5695131953060877,,0.5683560811823904,0.5699206371395292,,0.5683615393079651,,0.5693087128002577,0.5672071912001989,,,0.5685993691028135,0.5681173615928228,0.5694294093068769,0.5697104803979083,0.5693098854342125,,,,,0.5689322155911442,0.5655673927478267,,,,,0.5694024489246973,0.5687883238322169,0.569768541808085,0.5691447217347748,0.5694891320543484,0.5690824634620006,0.5688885732610054,0.5687629651751148,,0.9615105631491216,0.9628231947561556,0.9594949809854941,,0.962579449095144,0.9616537374969569,,,0.9587275359391191,0.9620087183143303,0.958625485838229,,0.10373437500226136,0.10362158639983877,0.10362255943479148,0.10327922761136066,0.10330702924350195,0.10337817204307084,0.10317550196183552,,0.10338991168037408,0.10300590550814001,,0.10300979879314646,0.10341994799953365,0.10333910120087174,0.10342578862241852,0.10321914757332992,,,,0.9635051712908653,,0.9637774646962287,,0.9599429339467629,,,,,0.9173821458581414,,0.9117982835457052,,0.9139613628431124,,0.9124054729171922,,0.9160592357592776,0.9132269685499383,0.9130206334593968,0.9152646573364789,0.10315088353783022,0.10338557593805098,,0.10342294181323042,0.10348790049079472,0.10357774216373257,0.10348148411850565,0.10320743080274276,,0.10317609202342778,0.10335975321196006,0.10329279917400186,,,0.10295606495091225,0.9166183679942227,,0.9155262659341221,0.9141848975487961,,,0.9163411613267509,,0.9596325199310797,0.9597960517597403,,0.9609985430311052,,0.9605064417385107,0.9631834821947367,,0.961575563443765,,,0.9620730438367352,0.9631132951995023,0.9622652902799378,0.9628500834886793,,,,,0.9584805527203217,,,0.963148768645057,0.9634547328657853,0.9623736709186923,0.96346664603008,0.9174063304794019,,0.9138732297128531,0.9175687292099768,0.9137526880793803,,0.9145125027968066,,0.9150617738535923,0.9169627252051061,,0.9118351548160099,0.9149972160152828,0.9143788766359697,,,0.9115935840565602,,0.9166315985871886,0.9188417334520855,,0.9143953443389137,,0.9156357508763207,0.9180686836613312,0.9118395960417134,,0.5563031697410579,0.553626498850045,0.5529817621761005,0.5556579226079654,0.5537148913645622,,0.8642222074469021,,0.5968309882958981,,0.21295594706498733,0.6072463623884932,0.6091544121004127,0.6110767631109696,0.6087545268977743,,,0.6094789919796788,0.609436910185225,,0.6087771630135712,0.6095363611136925,,0.6098768963807478,,0.609832517862136,,0.6099783896037296,,,0.6099481595531245,0.6081168700158003,,0.6097323985442893,,,,0.6086077128316988,0.6075437204830372,0.6108535239186861,0.6091646699940554,,0.6085251310679682,0.6085163222636725,0.6084833322474729,0.6102774814829879,,,,0.6085243935305067,0.6100756339573289,0.6110783091850062,,0.6092434527426529,,0.6091351828674791,,0.6085949737924709,,,0.6095609001506425,,0.6100102270688044,0.6097360467294052,0.6082155891168676,0.607247731213856,0.6101546955748512,0.6076432438794636,,,0.6090545179786927,,0.6091571095054001,,0.6086335009310914,0.6087696106032711,0.6105426190075288,0.6089709169953423,0.6083713125620879,,0.6104581121467852,,0.6087478900068513,0.6105884180349863,0.6092277575192317,,0.6098815030074755,0.6092397701839828,0.6095030281828905,,,0.6097097319610338,,,0.6086925181268331,0.6088668617929415,0.6092633034603261,0.6099468756895454,0.6100032761083203,,0.6098714232916992,,0.6095557345220005,0.6110781565827139,0.6107181158986263,0.6091904663115201,0.6076785971369194,0.6087791870486694,0.6095571416517612,0.6071525791008096,,,0.6095417893089019,,0.6086012345499852,0.6077849192159045,0.6098414176432561,,0.6093966302335984,0.6090008306767805,0.6086803660667867,0.6096452525844105,,0.6081210345759264,0.609263825732499,0.6077805153065702,,0.6079313781199516,,0.6094168566645988,0.6093137388721971,,0.6085327031250058,0.6094977886005655,,,,,0.6088461763374141,0.6091726611417178,0.6100083259404525,0.6089041992277238,0.6087469723377841,0.608589581072686,,0.6087990445665586,,0.6096503950552259,,,,0.6094751696767127,0.6103296475208366,,0.6077170616158675,,0.607892411645567,0.6090949382839085,,0.6081159885538091,0.6081637275613383,0.6099991575563667,0.6092916586386403,0.6097809599879114,,,,0.6086144013245615,0.6090256809774803,0.6089438017536907,0.609134636703777,0.6094172944853671,,,0.6086619430045292,,0.6076513767983598,0.6077451723583095,0.6086237809129185,0.5569442380268678,0.5577073507656639,0.5573334202472136,0.4602334013598772,,0.9276682470748777,0.5171095422543777,0.5154526365785853,0.8655251736416526,0.8693358255463659,0.9379153033858775,0.9351584568886856
4,4,DG_8pct,16,Z07_F02,7,SLG_A,175042,181976,True,4357.520012669034,4452.677906305945,4439.365398229542,4890.907132307787,4851.839872989467,5873.033740743012,15.477524180416834,1104.0461611814858,1133.1230100138737,428.6485435224098,430.00786366167097,283.19735523488714,4.857399188062605,15.071740716445388,22.064674015107276,16.762530898410787,209.19805130959034,25.96036922244028,51.1775903993575,347.7207064915751,,,,0.7360159680561379,0.8627555076206581,,0.8607786646203612,0.6177913109680724,,0.6166096835974005,,,0.5356593131609173,,0.8658499218328198,,0.8656635822407128,0.9396137019475821,0.9402781859668669,,,0.615562935580635,,,,0.6171353853154126,0.6106578592023695,0.6082034406623892,,0.6188171002975129,,0.6180424248673396,,,0.6195986125942832,,0.5955066233396378,0.5949078344445397,,,0.5927622951749645,0.593434961771622,0.5938601671884851,0.5927906421216776,,0.5928460771059513,0.595705045130177,,0.5950865377821569,0.5952379885152516,0.5943503762899575,0.5941188294355639,,0.5937736402078977,,0.5945231281557558,0.5949638084219624,0.4475560486906661,,,,0.4338407846160136,,0.4348681231632253,,0.43564779535572645,0.4347663164043268,0.4342014706025537,0.43474978720982993,0.4352006783818909,,,0.43546849277113164,0.43411662060776496,0.4353921426093688,0.43444686119914955,0.4338076761996159,0.43350657264939446,0.4342338127759266,,0.4350389642131305,0.434332167542604,0.4355693881450597,,0.43448182314295114,,0.5536193587282278,,0.9394617310371122,,0.5530216346485891,,0.5524300107189699,0.5530448785866092,0.5510122301323878,0.14557333824250518,0.14550087847401344,0.14568669498242548,0.14543316559915706,,0.14555861617734372,0.14580627443645358,0.1455234362720127,,0.14520003099469764,0.14580116919156952,,,,0.14581484238087147,0.14572712310622193,0.14546793854692908,0.14601173084104874,0.14555038766473744,,0.14537528211184286,0.1454232507567378,0.14569148668283843,0.14545603550910238,0.1454537837581841,0.14569117310598365,0.1454304513492939,,,,,,,0.14634875945807085,0.14553452781854323,0.14524250452038598,0.14558736819683613,0.14528386203503874,,,,,0.14580109786079712,0.8984749003552597,0.899542449250969,,,,,,,,0.9010540243351965,0.9002571763177951,,0.9001333599658677,0.8979583272120486,,0.898600299598672,0.9015805821686563,,0.8996396809346237,0.8985958941360539,,0.898742059424577,,0.9029173827035999,,,,,0.8977040655961169,,0.8981400220305625,0.9010026337083783,,,0.9018834439322971,0.8948918699817133,,0.8993119074720763,,0.9008812982954785,0.8994087649909673,,0.8971921413710291,0.9003453859638861,,0.9412075282659194,0.9434572815402704,,0.9411215723408926,,0.9423600728149994,,,,,0.9457593935536793,0.9428119209781222,0.9416071553267426,0.9431860322648292,,0.9448764977698756,0.9467963878777425,0.940680081382892,,0.9443875057778219,,0.9435564544274216,0.9423259388417997,0.9443126281504275,0.9419876401999332,0.941797029463825,0.9431468521632491,0.9409443154965513,0.9451793775450462,0.9412314040545755,0.9415508863981129,0.9406289575508953,,0.9437664524279727,0.9452981934164754,,,0.944587286163111,,,,0.9432824391610224,0.9450924163683757,0.9440748458433736,,0.9404415070079692,0.9426334141424447,,0.9437829783864661,0.9425403357434916,,,0.9450710822348293,0.5380289098215956,0.5366195218311722,0.5372946332674291,0.10793738118234103,0.13814971497013276,,0.5540272710001937,,,0.5550019273381883,0.5512662791699391,,0.09474451761555044,,,,0.09503985733043747,0.09497188498615113,,,,0.09473215059417434,0.09473847167600175,0.09507315227506319,,,0.09490860653316711,0.09485216982445802,0.09480248050912587,,,,0.09524244293068673,,,0.09482365343660214,,0.0948052064006223,,0.09464259765601679,,,0.09472692500527034,0.09478487931852782,0.09485965503603805,,,0.09496315087425028,,,,0.10396174735902176,,0.10388758800446161,,,0.1036672852935453,0.10404019647868751,0.10406179024502508,0.10407557573744056,0.10409337296006864,0.10402362285348968,,0.10385671623998745,0.10415417145075496,0.10414774436660018,0.10406085125856437,0.10390264463700792,0.10399661985386935,0.10380494804747376,,0.1042119936726948,,,0.10395390216248843,0.10393813368769529,,0.10395424495958891,,,0.10388827169714948,,,0.9205851903292697,,0.9193898124071731,0.917982735865051,0.9213003130771606,0.9225128347722462,,,,0.9168502753899571,0.9199993061350619,,0.915456791028807,,,0.9127999048040527,0.9141390018770025,0.9155088351267796,0.9161128213303713,0.9175521923417089,,0.9143125105819423,0.9150168650262395,0.9151396913728806,,0.9150940652181868,,,,,,0.9186581935385701,0.9195370845604655,0.919022405553046,0.9198246603497113,,0.9192403614988929,,,,0.9203397358732448,0.9176645916939388,0.9218531452993344,0.9197180919051768,,0.9198506643760265,0.9204545498035326,,0.9202436647393014,0.9177863004833593,,0.9194427989742046,,,0.9206932457720752,,0.917556124622894,,0.9148475631142435,0.915883524817699,,0.9146348971163801,0.9155080236433459,,0.913630910354819,0.91575691075329,0.9158184580830263,,0.9161203915223978,,,,,,0.9146223501716034,0.913606941605183,0.9167272872819032,,0.9153193788309368,0.9145597252419205,0.9165810286602268,,,0.9160362083174963,0.9171949647060157,0.9172999197456387,,0.9773047152481484,,,8.378820398863393e-05,8.346974768396315e-05,,8.356236936930799e-05,8.373379941181927e-05,,,0.5214395385183799,0.5256032271039364,0.5242614355892086,0.5245606644768667,,0.9414007340407263,,0.5513483187504192,0.5507901718443576,,,0.5354360401501198,0.5342359181118328,,0.519924711920397,0.5190937282265338,0.200024758730398,0.9248186060492181,0.8859039213988632,,0.9310521965903159,,,,0.8850552845624448,,,0.9345654831118345,,0.9363742732783762,0.22710472865716036,0.9347129262320631,,0.9386453839245795,,0.5641920154731418,0.5675436778937673,,0.5665251958389473,,0.5666839866685398,0.5672280918725329,0.5666876234226284,0.5679374187558788,0.5662708217861508,,0.5681270601868926,,0.5663542493752388,0.5679105153857056,,0.5655486557808423,0.5674448543949396,,,0.8865242954025861,,0.888752479732346,0.8836049008336945,0.25819681833699754,0.2585988804332899,,,0.9484868367062355,0.9464959882655335,,,0.8870972517124378,,,,,0.5730307599468675,,0.5727988684025339,0.5752786371098724,0.5740965798065657,0.5727605619130326,0.5724270362340848,0.5723764630316254,0.5749909835920426,,,0.5734856437351302,0.5750528884050485,,0.5741789285041831,,0.5738625163953307,0.5741612314024036,0.5739912311268396,,0.573783033609421,,0.5737233592529852,0.5740978405974055,0.5720500027158851,,0.5735648775125914,0.5739962854377203,0.5730270785123326,,0.5731858927968355,,,,0.5725936013143318,0.5728760398897832,0.574335830886287,0.572910721115231,0.5731996228649032,,,0.5725456853631083,0.5733904399778013,0.57445598803139,,0.5721112390953741,0.5743449010777782,,0.5736865301151196,,0.5731323546284018,0.5744181159653332,0.5731984685563534,,0.5741954054253933,,,0.5742587792679336,0.5743827600066225,,0.9633466616942664,0.9609051095437483,0.9572151551528235,0.9626154629986872,0.9632275603415454,,0.9618355684057077,0.9583085666959014,,,0.9561117383866979,0.13555443284935717,,0.13582583025371534,0.1361991912086152,0.13567407352300628,0.13588422861419144,0.13579648298121136,0.13599935861162216,0.13582871180993553,,,0.1355900651597462,,,,,0.13544596220341232,0.13580000028665484,,0.9631680176133881,,,,,0.9616893644961109,0.9595445418541604,,0.9200314934961301,0.9220490435809816,,0.916049555636475,,0.9194004583538472,,,,,,,,0.9178630141637417,,,0.13543298544209637,0.13512679275506298,,,,,,0.1359445978203931,0.1359465701338987,0.13585293966657339,,,0.13540444928348164,,0.9184632709380999,0.9158502383228773,0.9157446749937148,,,0.9193625886974465,,0.9620255729034239,,0.9645064624686173,,0.9578925951306612,,0.9588074759270698,0.9584168412192539,,,0.9600436576649262,0.9608679711105681,0.9611719764970461,0.9636107468288367,0.9599330323873372,,0.9609865836456295,0.9581989486236185,0.9605651488363791,0.9609465939461759,0.9611502198534471,0.9605651325806598,0.961975613989994,0.9604402514677154,,,,,0.9208318351989849,0.9186604870054873,0.9202839110865294,0.9196859520279539,,0.9180962566345783,0.920391203687986,0.9186672755175284,0.9124863195333502,,0.919896678697039,0.9212299962831073,,0.9199780187760699,,0.9185847459215448,,,,0.9156435066941861,0.9216941843509804,0.9215571320709163,0.9193101091301719,0.9205803664690129,0.5566888301892552,0.5603370657374829,0.5578800884193308,0.5565819877961244,0.5580108956986978,0.5581840302169403,0.8814439185873382,0.8627046187969917,0.6046261913614134,0.6062528366283911,0.6062975867470592,0.24215514718957823,0.6172151416691225,,0.6174567505260693,,0.6179780298822253,0.6178294602645994,0.6156395461412305,,0.6182967501032087,,,,0.6163392052921105,,0.6189983992070003,0.6200157159853171,0.6176179781494908,,0.6193937240104084,0.6174093142282338,0.6174091083105044,0.6186991898761639,0.6175389758247759,,0.6162289654366035,,0.618699836357344,,0.6183246233355609,0.617628402076973,0.6179583429371143,0.618194277716429,0.6158853421422343,,0.616289428305354,0.6166513647323711,0.6171500592937406,,0.6178652078998536,0.6168823570225944,,0.616076439929255,0.6173928599114316,0.6161157649020055,0.6163880491875259,,,0.6174320600857651,0.6175131211593974,,,0.6192289094993774,,0.6174647491651528,0.6180127408713881,,0.6161998300287332,,0.6183146696305682,0.619702067622774,,0.6171402797982913,0.61633721383462,0.6175587454875934,,0.6186755379594251,0.6171263566062752,0.6171458201241471,0.6165442780305065,0.6168138082295435,0.6168531582357892,0.6179848500660508,,0.6202305999306874,0.6185996146584318,0.6176548287850387,,,,0.6184318992769122,0.6176207759007916,0.6187993423828227,0.6169691242565207,,0.6158270029084113,0.6183499262847141,,,0.6169645046099733,0.6168519395194118,0.6182984379383769,0.6176329646208772,,0.6166771034228378,0.6176853840109419,,0.6173247262201167,0.6181341708214678,,0.6169328587288315,,0.6192134352612677,0.6170528040376235,0.618209600892106,,,0.6166805007558861,0.6158979379537057,,0.6188848475590194,0.6187800421764255,0.616935902450097,0.6176546892266079,0.6167594962715454,0.6189225860965164,,0.6174274146005702,0.6180366435879228,0.618041255296572,0.6164354676774418,,,,0.6181562586803299,0.6160298605579052,,0.6178635672104206,0.6165680405846662,,0.6154608573777623,0.6192800477710593,0.6191066021509251,0.6175251865791564,0.6157423989070261,0.6162248124930084,,0.6157434092649965,0.6152787436884585,0.6162968357067815,0.6149669479305894,0.6163616049828639,0.6179493956153693,0.6164768369194134,0.6186271252941069,0.6163447862281611,0.6152241133512714,0.6184176003501775,,,0.6191986911979417,,,0.6157049391517775,0.6180125035808713,0.6168339880589495,0.6187144895904856,0.6189226239019825,0.6176146249567637,0.6174827312306701,0.6177595182418777,0.6177134468728002,,0.614947950073915,,0.6193888280535259,0.617103455531719,0.6171509984793804,,0.5650616529637565,,,,0.8792934020837546,,,,0.8672190512683619,0.8643166026640456,0.9388995470342333,0.9374549633923696
4,4,DG_8pct,16,Z07_F03,7,SLG_A,175034,181969,True,4734.9894466071855,4807.497415946429,4813.7538636077925,5288.194030359996,5285.662519159076,6271.922495246203,15.254660844405706,1170.093471397762,1193.6238791963317,451.4046315874037,453.48305207649537,297.79079318855463,4.8867795861137795,14.734413485023717,21.715519251886835,16.64623511928627,222.24770263990865,26.047290769057017,50.76456703603335,367.25811478540464,,0.740757401653732,0.742244493169536,0.717158486267776,,,0.8587384920548872,0.5995640141046008,,,0.8584122058575752,0.4966312686375243,0.49588142675247293,0.49516865083487727,0.8655697866853032,,0.8655083716757755,0.9366235276346416,0.9330548486272385,0.9360592309043086,0.600170212609779,,0.599955585132963,,,0.6019684759905877,0.5943521124266484,,,0.6012246876250649,0.6023628007650271,0.6007373371557179,,0.6005640440952466,0.6012274298601943,,0.5780867627921626,,0.5755616219257268,0.5769629018074875,,0.5767419436649756,0.5790380824449323,0.5786826743748175,,0.5789540784839665,0.5773502382641547,0.5770586269348444,,0.5771852311899943,,,,,,0.5773447270041127,0.5786673769780769,0.3982571560686554,0.3997397558241686,0.8850738037691103,,,,,0.384871399430732,0.3847848570653844,,0.3841297569111956,0.38291585584305504,0.38480176285221557,,0.3845134405266793,0.3861839643415262,0.3850374235273385,,,0.38455840284508364,0.3855718349235814,0.3838789064154992,0.3846194269649206,0.38450756893376903,0.3861903806940466,0.3850931985591508,0.3853489575399305,0.3850458650257658,0.5379910866646447,0.5371135488288518,0.5401295551708225,0.9437490524140955,,0.5246180233796305,0.5248021130622287,0.5232493428985383,0.5224666110482059,0.5238409973580086,,0.07656337837273679,0.0764617485380918,0.07636968224818874,0.07622859405631172,0.07638241471729326,0.07672522640413484,,0.07649995522536768,,0.07615502771193083,0.07651064313654908,0.07650822601841994,0.07625782158898653,0.07628405077342831,,0.07640097816871119,,,0.07648380133364022,0.0762949251214227,0.07627279074974096,,0.07634788134257053,0.07650541122479744,,0.0764143319453238,,,,0.07643248536864361,0.07631149945551602,,0.07645737647355134,0.07647136412810397,0.07624341821531065,0.0762792004270127,0.07640771989423369,,0.07629585764435884,,,,0.8864027642101447,0.8884728827865076,0.8874063959612858,0.8875920912399511,0.8881239106549554,,0.8857182520780148,0.8872219543349072,,0.8892794511762696,,,,0.8860495000634941,0.8877247156884738,0.8864559916517558,,0.8866764906133248,,0.8861762796414411,0.8880434440213101,,0.8863906853301398,0.8887966972936504,0.8873951293279292,0.8876652417118056,,0.8879364162925608,,0.8889708385634686,,,,,,,0.8879903278849207,0.887600073617284,,,,,0.887937686187408,0.8882834085068309,,0.9474306545079306,0.9485827780507176,,0.9473521958367568,,,,,,,0.9505965777853479,0.9506329454273102,,,0.9459896773838202,,0.9486493583934599,0.9480245778565766,0.9497117367698328,0.9498019374129819,0.9481855995611421,,0.9457272302582382,0.947797053206749,,0.9480271902042025,0.9474621281554576,0.9468479541273079,0.9470764106813284,,,0.9477317123873795,,0.9480644517113598,0.9500768930540683,0.9499197954100111,,,,0.9470073134577517,0.949312920681394,,,0.9480917769209821,0.9493030197082593,,0.9504398271947738,0.9486556591998373,0.9461938177533616,,,,0.9471154043585627,0.5115406391181462,,,,,,,,,,0.5265603004846912,0.01743643646452539,,,0.01751435336942113,0.017442503121516722,0.017464724484937553,,0.017469475011315717,0.0174699465657751,0.017474063460738865,,0.017456712880874872,0.017432093767706894,0.01746157744067294,,,,,,0.01747178303299611,0.017396520263591862,0.01743999835435773,0.01748578652077044,0.017390375231657935,0.01747233930349367,0.017471597612152515,0.017442472231006544,,,0.017382083609840136,0.017431561556721712,,0.017440845175715876,,,,0.017459069190807027,0.01740897192543611,0.01741242485144424,0.017348262366204122,0.028694777647594524,,0.028616555806422396,0.028681478976391145,0.02878478360655646,0.028622874670056635,0.028775383437524314,0.02874122442068635,,,0.028820030792886513,0.02881597643867215,,0.028676308681413104,,,,0.028809220005587718,0.028691606351961687,0.028767898036222334,,0.028748710260541436,,0.028625732452251296,0.02864886233201423,0.02869996389232956,0.028771511180277883,,,0.028753227166173255,,0.02872960471277283,,0.9174675863970816,0.9112621206096191,0.9115228838438032,,0.9123892567560647,0.9145366683370033,,,0.9104977117519033,,,0.9050147437769552,0.9044426115207723,0.9078752307755924,0.907918190756824,,0.9065056439400568,,,,0.9086510591499022,0.9061341184406275,0.9043466708659117,,0.9059536198378068,,,0.9088648694491909,,,0.9092424852448413,,,,0.9109721624670254,0.9118421265711459,0.9117405321044777,,,,0.9125810905969696,0.9118413341012677,,0.9130602146063892,0.911153329099088,0.9121038206650355,0.910891943858852,,0.9112023229878667,0.9140397081211792,0.91016070716634,0.9145979435549331,,,,0.9124996957689195,,,,0.9044994797548521,0.907425750057847,,,0.9105673731128371,0.9080939207288206,0.9071614068951218,,,,,0.9091686283016887,0.9088152124808856,0.9079736035510698,,0.9090415435010097,0.9056435805800483,,0.9058393828673538,0.9080543862068949,,0.9075187719098402,0.9079466151237188,,0.9069439602651514,0.9086231346184557,,0.9728258839489652,,,,0.0024828356432170314,,0.0024766906730518375,,,,,0.5151149623672189,0.5149958736549739,,0.06854550435873648,0.9513875898731359,0.8919176849059413,0.5227977837137755,,0.5227911496043609,0.5098021331420798,,,0.4986232582184242,0.498510636030359,0.4990207344808832,0.1377219920828634,,,0.15596688415199453,,,,0.9400734748269893,,0.9433850847058293,0.94732157901284,,,0.9406172043641509,0.165312328359747,0.9458360164985825,0.8672508844907468,,,,,,0.5399095323570183,,,,,0.5391333305837943,0.5411980355096792,0.5388280812176119,0.5396716578238928,0.5401571029628681,,,0.5377686413442183,0.5398411078856087,0.5404892785100791,0.8646714178506998,,,0.8677348294217527,,0.866495621454263,0.19776903585035444,0.19793614848209296,0.19731931237403702,,,0.9587338939971505,0.9581674573202379,,0.864733467325257,0.867111476915704,,,0.5451034030469339,0.5451027925142771,,,,,0.5452165593505605,0.5450644456374355,0.5451611194818463,,0.5472271699828142,0.5457741588337016,0.5459398666320832,,0.5444309668851881,,0.547141110220127,,,0.5454840045533295,0.5482655434622169,0.5463897970878898,0.5460639656478643,,,,,,0.5444817578527724,0.5452141861937466,0.545028164452727,0.5452498666083867,0.5454603713546263,0.5464976230489961,0.5444222105738626,0.5461524005465781,0.5486445089957014,,0.546884814041165,0.5460295936077536,,,0.5447705788569446,,0.544893320215937,,,,0.5469647129062128,0.5457162355788732,0.5467883722601803,0.5464795353865175,,0.5456063906582677,,0.5458610113465203,,,,0.5458061386867885,,,0.9633352367755981,,0.9635985891174405,0.9638136688810771,0.962596371310296,0.9644909658344615,,0.9628727061702597,,0.9646857978462611,0.0682484495347799,0.06803268444110498,0.06818797855808982,0.06828771555642925,0.06815383445980859,0.06823463573959798,0.0681725644378542,0.06801267002421307,,,0.06799403979812219,0.0680100267992784,0.06810213233333105,,0.06798752945072914,,,,0.06816961935035445,0.9645671956006693,,,0.9653033339351066,0.9661758639201372,,,0.9669591065905473,0.9095083615930588,,,,,0.9109586212560254,0.9096212195755912,0.9101149450578458,,,0.9098073199863521,0.9096814986918053,,,,,,,0.06804440019357712,,0.06796273560307835,,,,,,,0.06776583613002965,,,,0.912867433839058,0.912709260839398,0.9105003950625327,,0.9111690617436895,0.9631797531097753,0.9624043156634411,,,,,0.964153969281916,0.9607320567550295,0.9657583891773369,0.9637540300326162,,0.9649736217217547,,,0.9641262364610022,,0.9637520869653383,,,0.9634462205537984,0.9647431612205118,0.9635995301072193,,0.9640773066532353,0.9635613130838784,,,0.9122319465944453,0.9123002956694737,0.9123137414040232,0.9156574304979781,0.9113021314549663,0.9121292382172556,,0.9126335597754729,,,0.9094572725904313,0.9094894839275158,,0.9121526311744629,0.9128418234911899,0.9095866688925013,0.9129321936081457,,,0.9105205685301707,,0.9138475477460354,0.9130994464795332,,0.9107693952708664,0.9086201968110235,0.5297326670095928,,,0.5300907761611563,0.531768572903623,0.5310210864905689,0.8816537015955914,0.8636995968592263,0.5891511429130822,0.5879038797170817,0.5898763700675232,0.18072717286171164,0.6015895512451656,,0.5984471003247082,,0.5992161759448984,,0.5994068941949395,0.60096039149823,0.601947901222078,0.6019591270928545,,0.6013211366273439,,0.6001608325269449,,0.599802624600814,,0.6008285222177147,,0.6012402478790813,0.5998173454783061,0.6007404876504323,,0.6020779957542428,0.6003275727258864,0.5998201762020984,,0.6009848038666743,,0.6011484662853097,0.6012509546722653,,,0.6004243132456655,0.5997428131513873,0.6014895230998796,0.6013636824341672,,0.6014039496701745,0.5984651575131258,0.6030206773321786,,0.5986784701355445,0.6010243403619977,0.6009030209203866,,,,0.6028690693355813,0.6024099912396429,,,0.6007671693359954,0.5995092609749654,,,0.6022573589642687,0.6007909858808779,,0.6011089482526554,,,,,0.601774472223698,,0.6002551708366771,,,0.6015054014033142,0.5999916511529081,0.599872153524207,0.5987281551661366,0.6017663748264117,0.6009074995547509,0.5993056028002182,0.6011896613147824,0.5996045055820404,0.5995571921381929,0.5988148253847538,0.600369596083089,0.6013524852942094,0.6003331910587233,0.599638102416229,0.5984105553416106,0.6005788393061927,,,0.6017678458907988,,,0.5991459060659411,,,0.6002425260243319,,0.6018004504038953,,,,0.5992853444664505,0.6022378871804566,,0.598524468820531,0.5996524118800711,,0.6005566724463633,0.5982925461171904,,0.6001582454316832,0.6010342098632822,0.6001786381921425,,0.6005677376015669,0.6014811615574829,0.5997839774059845,,0.6001530138808562,0.6008835529797595,0.6011756705519432,,,0.6011837449442251,0.6002402588245342,0.6017852537101975,0.5994860839636448,,0.6013532010424286,,0.6012040807371124,0.6011979821525956,0.599076805326427,,,0.6013101893604118,,,,0.6005734308653871,0.5999127317166155,0.6006899392418731,0.6000108398590447,,0.5996396510844502,,0.6004451066995724,0.6021823026398959,0.6005050629494736,0.6026387142681543,,0.6016939588843838,0.6001954878725676,0.6013717612152509,0.6020859226595621,,0.5996078925761164,0.600078138714299,0.6012906389365403,0.5992122469561755,,,,0.5992308363586618,,,0.5992042424297387,0.6009628478579391,0.5993854733095977,,0.5489657010421771,0.5478166298641166,,,0.9271486341632662,0.4947788528024253,0.49609108051462664,0.8653621881399058,,,0.9334890792381831
4,4,DG_8pct,16,Z07_F04,7,SLG_A,175041,181979,True,4556.87323754711,4600.29954285117,4631.56990748045,5063.113390655127,5057.634972528743,6041.444436322009,15.132312869248139,1137.7641885109815,1157.735691730941,442.2434885303099,445.2676480445855,290.9215903971484,4.851852469141916,14.92438510822493,21.985809514188166,16.71740781758968,215.82456238329155,26.021573544915206,50.27042011377846,355.8510102742905,,0.7471250288059759,0.7468499490512637,0.7289946568596714,,0.9493171693464654,0.8560374903723105,,,0.6096455047054132,,0.5190021817410203,,0.5169573235298398,,,0.8677505278327908,,0.9369583978473097,0.9385732847473813,,,0.6058926284658942,0.6107362589916098,,0.6108441239915349,0.6034734000039564,,0.6017687065895261,0.6098768557403027,0.6102385340174181,,0.6105312394565073,0.6102696052029318,0.608628532868221,0.4761469397286687,0.5866915384378887,0.5856605945577771,,,0.5847441742133924,,0.5861347744000092,,,0.5873156959130725,0.5851694567810162,0.5869362815225333,0.5873087518572973,0.5871873199184335,,0.5857693474459936,0.5874470653035858,0.5850291538129108,0.5845390321889914,,,,0.4268863088271561,,0.9261528336402984,0.41238715466286235,,0.41081967384168155,,,,,0.4108567278435783,0.411275422918093,,0.412186424822476,,0.41176105953026304,0.41108053085619184,0.4122206508023228,0.41156831632788293,,0.41116855170623995,,0.41219851603940494,0.4117805993132978,0.41250215252988215,0.41159835739729184,0.4119744242025109,,0.5454005360244607,0.5479235732234636,,0.5463843040746096,0.5459577446159214,,0.5479294930666255,0.5473071914553846,0.545079211384197,0.11255198664785981,0.1129419587022239,,0.11297106442985481,0.11307763004352882,0.11275455225761195,,0.11310268287214667,0.11311758603836358,0.11279067637856735,0.11298819056046974,0.11315576846889812,0.11293117122108769,0.11246867089286706,0.11299526142580776,0.11288618651689437,,,,,0.11266680125779432,,0.11312498882492118,,,,0.11271052771053315,,0.11296096016255534,0.11282744146504388,0.11269614804108494,0.11264218553474871,0.11276629375995192,,0.1127529031001728,,0.11286901084415708,0.11286190220794085,,0.11274577797972617,0.11258751875557424,0.11254640969856616,0.11260038588718972,0.892630811336967,0.8942460485312571,0.8928734810332737,0.8919557099906239,,,,,,0.8923176308003348,,0.894174487175281,,0.8892743812099178,0.8946800558832634,,,,0.8941337804311676,,0.8923659231482852,0.8939116799349819,0.8973009700676071,,0.8944780467667989,0.8957239211774144,0.894830530781402,0.8924122323529391,0.8955778293206232,,,,0.8946788313878015,0.8944564118235777,,0.895066147873505,0.8945219820192382,0.8932874862469997,,0.8935482021379167,0.8922724035308698,0.8927018620584756,0.8942203976554035,0.8944075294258864,,,0.9464704186008347,,,,,0.9439550938530906,,0.9472053132658894,0.9473238829064394,0.9442612844285232,0.9439561907996967,0.9455923042576538,,,0.9469725878476687,0.947642880737309,,0.9457009573661029,,0.9466844894702637,,,,,0.9446202687447457,0.9471201308120984,0.944519541055342,0.9480304498899228,0.9462695801857552,0.9450273452509999,0.9447497558012388,0.943328771932751,,,,,0.9464586425273487,,,,,,,0.9445936572715569,0.9445894499729376,0.9435868138557308,0.9468787561440342,0.9449408568932978,0.9432347777319472,,,,,0.5313920967783952,0.531397205237351,0.0727403205140171,0.10498612178781146,,,,,0.550203285387755,0.5492420449022853,,0.05882764341166608,,,0.05871558619099258,,0.05872886825846881,0.05855563961895207,0.0588284713464428,,0.05874090629695234,,0.05864547443637126,0.05875660571539062,,0.05862866497497568,0.05865220814374004,0.058615703533404374,,,,,0.05887187170600802,0.058689184648538846,0.05863342860119599,0.05875406515204269,,0.05869618426617308,0.05852038023671105,,0.05868931207504787,0.05868143657882697,,0.05852278620515257,0.05889431364321528,0.0587922509917777,,,0.0586878445007885,,,,0.06833183037493056,0.06853277256792502,,0.06849135268685257,0.06836358754662449,0.068464154369353,,0.06867329097810358,,0.0687258150852455,0.06848171980014595,0.06849649125495637,0.0686330503872483,0.06878306887921005,0.0684756078856112,0.06848292011975876,,0.0686046316424253,,0.06865089312119324,0.06853006639975717,0.0686181923561209,0.06866940740397932,0.0683428795400676,0.06852342998108955,0.06869621453968881,,0.06859791059881475,,0.068494575351102,0.9153555813767036,0.9158749692892503,,0.9153137183422009,0.9165942761967838,0.9133619440427113,0.9166309164203568,,0.9160227569446466,0.9153682790698483,0.9143498104528504,,,0.9109682947584216,0.9119694826229139,0.9110910829988925,0.9098876500384131,0.9115284720055019,0.9109327142919902,0.9099292497150955,,0.9106083662037354,0.9106656824647614,0.9071607574819773,0.9121545963220112,,0.9126312565021472,,,,,,0.9146992772033303,,,,0.9135260949322296,,0.9136670101024269,,0.9165095319449814,0.9145849611086284,,0.9146321985198933,0.911679533137785,,0.9180368575219655,0.9147872442274074,0.9155505265738365,,0.9157682703544986,0.9149261364171961,,,,0.9145242221016306,,,0.9101525326860921,,0.9101078662674619,0.9111290200499316,0.910411416743221,,,,,0.9128171888034925,0.9118057615485824,0.9120209811956397,0.9104353783937369,0.9127616046379539,0.9100729545923818,,,,0.9082643873180846,0.9123027290519033,0.9120829454196933,0.9112530714371954,,0.9093995825855098,0.910634669838651,,,,0.9737498762367779,0.9752559145977869,0.9786090376169947,,8.140792697538422e-05,8.108649612802048e-05,8.134179561735151e-05,,,,0.5212115105648156,,0.5207374466657234,0.5189286093644249,0.5174717109374877,0.10482445041180904,0.9425984091663991,0.8957063060212163,0.5459682207587889,,,,0.5312935900481177,,0.5181230110611683,,0.5164737479971228,0.1706165815107916,0.9274060288545029,0.8762115562295916,0.18915225022348447,,0.8793911508017327,,,,0.9377542126161641,,0.9345259189955548,0.9391151830418982,,0.19890577868013107,0.9373509882026604,0.8767671841517581,,0.9447508936871882,,0.5632464080984831,,0.5618743762178021,0.564128195774909,,0.5629485788012502,,,0.5603422112606795,,0.5631722539999392,0.5636854357250617,,,0.5636576796591948,0.562898747054872,,,0.8789384990500249,0.8789083305019293,0.8775017527335344,,0.8741962577750155,,0.22981242134028743,0.22998494904952274,,,0.9551914278429741,,,0.8716053241931958,0.8742543318513113,,0.8744898741363996,0.5703780953413052,0.5700636590578307,,0.567092576764158,0.5693906487435831,,0.5698519781046573,,0.569978870195105,0.5706752559591981,0.5697031141793794,0.5698284371669936,,0.5685282413977124,,0.5696072659874675,0.5697430597266289,,0.5708742725004402,,0.56949758404013,0.568346237143718,,0.5688046005590637,,0.5681134877938565,,0.5676445236314156,,0.5689604387710366,0.5679176974332845,,0.5685542012298388,0.5668326588073677,,,0.5687373812960917,0.567598636530816,0.5678911459480807,0.5685402000284945,0.5686692821833813,,0.5698834645836884,,,,,0.5692830142065832,0.5691329246700582,0.5684030804666492,,0.5672718732626435,0.5709139823608821,0.5699789420829473,,0.5693204037196427,,,0.5703895969745781,0.5700915771241508,,,0.959443842360878,0.9605866772631275,0.9590451155809684,,0.9587088571041138,0.9598666507684892,,0.9645942823611692,,,0.10337039516024868,0.10333747672237023,,,,,,,0.10324743439648024,,0.10339620700566594,,0.10338418293798834,,0.10327764653266276,0.10303559444700523,,0.10321834598636533,0.1030906110602817,,,,0.9629844744716449,,,0.96478560544907,,0.9125480128628545,0.9145774206859046,0.9139936775661549,,,,0.9156561028036005,0.9120371016621208,0.9133943021456635,,,,,0.9163677301355608,,0.10324486983380173,0.103227273465511,,,0.10322137723320388,0.10357047520167166,,,0.10351106453025292,0.10334167008773372,,0.10185997254141574,,,,,,0.9126313375914783,0.9129943813757745,,0.9130257268322554,0.9653877636916145,0.9621844872239362,0.959826426659099,0.962740116263999,,0.9585562526548295,,0.9592662045186009,0.9594817458762377,0.9629706137561961,0.9590847648522663,0.9623110115588981,0.9606944282425651,,0.9618646973982136,0.9612175717752428,0.9595434602591769,,0.9608049237041566,,,,0.9618437858607255,,0.9610688953207369,,,0.9170187754390612,0.9158671892358966,,0.9186230495588102,,0.916776860474427,0.916535031649865,0.9130189797465826,0.916903022532484,,0.9151009469159223,,,0.9149160304777723,,0.9159389125183683,0.9133683135101927,,0.9152905235709172,0.9146872957842989,,,0.9129273693750892,,,0.9160715592623607,0.555476062993582,,,0.5534552633991159,0.5544656944838382,,0.8813081191337561,,0.5971016481566275,0.5989786673454128,0.5988617218851146,,0.6087871996618786,0.6104340049300138,0.6090728395093595,,,0.6097434628586681,,0.6100636594479352,,,,0.6079733467497436,,0.6092146841855721,0.6098317600677,0.6071900619989754,0.6071372496604195,,0.6092945058143064,0.6101390390307473,0.6083931358763381,,,0.6111690364140405,0.6092674625558275,0.6085264295812972,,,,,,0.6082339610375669,0.6105518586409747,0.6105876861608619,,,,,,0.6092695346521814,,0.6103165130843613,0.6081399002687181,0.6080778864839816,,0.6087088746141593,,0.6088989924599401,0.6095434455641643,0.6087755427334873,,0.6097887165803756,,,,0.6100378126487275,,0.6104163630207197,0.6083726798779775,0.6109271205134948,0.609701218407973,0.6079090785035778,,0.6094137551899718,,,0.6100356775683358,0.6095709299292438,0.6069211729765895,,,0.6105288631381918,0.609047183084322,0.6078721025220684,0.609708737136816,,0.6093347072032785,0.6101526243694423,0.6088561602511647,0.6100708390190512,0.6085598600966725,,0.6101523432084368,0.609549113501156,0.6082522619498416,0.6094530584646592,,,,0.6090410883680476,,0.6073211861568802,,,0.6098313302937055,,,0.6088943343360562,0.6081391988468671,,0.6089633764236796,0.6082416992812216,0.6086095913406786,0.6097398732194926,0.6084537984093755,,0.608537915701896,0.6072886714705736,,0.610393551350175,0.6092433740072494,0.6094515250836892,0.609674640699325,,,,,,,0.6091145160748324,0.6093950712586681,,0.6067999461882054,0.6077575317334254,,0.6095729934290691,,0.6090707614690097,0.6082906822678039,,0.6093384827413565,0.6077063841116999,0.6094829188976171,0.6081070581355039,0.6095200274158218,,0.6076089160195285,0.6095753462670095,,,0.609095443863335,,,0.6086147679962323,,0.6089889720672039,,,,,,0.6105294039575873,0.608515977254784,0.6106942756061902,,0.6091373079427589,0.6099501473573836,0.608777782217176,0.6093314082093504,,0.6094904725835167,0.6094991184329903,,0.6086826021342958,0.6108312435675354,,0.6109450799915451,,0.5566985654093302,0.5567982182203102,0.555172954616846,0.4612725532192102,,,0.5173359126436555,0.5154404392946883,,,0.938021449971894,0.9344953870666752
4,4,DG_8pct,16,Z07_F05,7,LL_AB,175048,181972,True,5234.493542316411,5268.633700979171,5266.136586970612,5464.746865489134,5477.751758431182,5912.336475078658,10.490218442614077,730.7109581260265,728.7978861520086,270.39526239715104,270.649775890823,176.16580907826847,3.5211395500122413,12.437617751631446,18.845162831050114,10.382200738484013,181.92120255726036,21.068188684074123,34.78013291171356,228.71335839020944,0.6716714101503979,,,,0.6615895570667276,,0.5713804854187037,0.4747726354437542,0.4766393612623289,0.47621727519454243,0.45309257221298677,0.5509156008774629,0.5497368107771465,0.5498072939548024,,,0.4588487186909833,0.8265434807846773,0.8296869267738106,,0.47610274720906764,0.47550151566325866,,0.476745826832402,0.4756094447073843,0.47362204233149846,,0.4736501546361021,0.47228960641307893,0.47632032614282577,,0.4760824048516363,0.4747010546132441,,0.4753622725182414,,0.4154240379289949,0.41406836931518587,,0.3996167881022682,,,0.40025939517441955,,0.3998565141722145,,0.3999235411490444,0.40000503594269954,,,0.4007101265426111,,,0.40051913265817884,0.40039126533490454,0.40143787199103714,0.40124697337880494,,,0.37844049212043945,0.8263451937463611,,0.44252881438331737,0.44162525713846185,0.443911719039492,0.44340159763105197,,0.44303691629412495,,0.4446395824183948,0.44444625685229117,,0.4445005420798003,,0.4430373349379375,0.4439325639991198,0.4426347169914658,0.4433744895283781,,0.44509351347392034,,,0.44293538874298743,,0.44527779034014425,,0.3459226775521444,,,,0.05131651982456117,,0.05133142063577837,0.051210082642815444,,0.1371631214126697,,0.13744959940700088,0.13732823522144275,,,,,,,0.13724966400897418,,0.13758850443649878,0.13732434900385573,0.13762722349571044,0.1375877472040782,0.13735574260720818,,0.13731688984151028,0.1378298536989509,,0.13720137122068565,,0.13684264204723187,0.13770882494669667,0.13762749025183577,,0.13727387103905436,,0.13785504545354077,,,,0.13739028105083864,,,,0.13701195386891954,,,,0.13736097653908494,,0.8082212550264374,0.8099850618789511,0.8073289254138672,,0.8100051857153839,0.807419316861154,,0.8101223290988099,,0.8082952711956317,0.8095318998633966,0.8084514920259966,0.8085328422529751,0.8089531890912128,,0.8095027344806799,0.8063879672962122,0.8073609611602216,0.8083435771675519,,0.8061610542624631,,0.8090574012797737,0.8080022896040124,0.8094772477178074,0.8058161305424546,,0.8089641537645924,0.8075970881371826,,,0.8057165182365073,0.8049130752704566,0.8058156108217756,0.8081473289250266,,,,,,,,,,0.8089210061525577,,0.10330652790084806,,0.10325622114998563,,0.10305234703189395,,0.10355864394811229,0.10329547097648344,0.1033992224979135,,,,0.10311252266727852,0.10303372910660198,,,0.1031981704708142,0.10354634375222374,0.10308843413711251,,,0.10331950244458836,0.10324295310116163,0.10351046534960913,0.10329695890384052,0.10344405331028769,,,0.10323142608922535,,,,0.10344299086257773,0.10306815912085053,0.10326602670314554,,0.10348822457212571,,0.1033316499585836,,,,,,0.10302918785219019,,0.10358189848101515,0.10338932149327312,0.10309971606809085,,0.10344760470096796,,0.05106263213835075,0.05106255124346587,0.05102329008221077,,0.13041999443087024,0.05139248852031193,0.051221194369922465,0.05122852696403629,0.05134664085703299,0.05129278316647913,,0.07909478804386631,0.0792914258176341,0.07907268885061419,0.07933656857384051,0.07948827018722947,,0.07910758644206507,0.07912119603362675,0.07899962318171716,0.07931239821350743,0.07950503954800656,0.07919478176811132,0.07924823218923858,0.07916247240150766,0.0791765013947064,0.07898707272470169,0.0792143582787814,,0.07924993550010728,0.07913546140501046,,,0.07886953711137074,,0.07912336964795978,,,0.07881647120235137,,,0.07900217286272022,,0.07904096746240882,,0.07945796725933005,,0.07926156294252064,,,0.07920621685011796,,0.09011838640002642,0.09030782674357352,0.09026790401446735,0.0906407010909534,0.09007728957704352,0.09027491012816337,0.0902983067186065,,0.09042985835153645,0.09074371355878375,0.09037956287485936,0.09033749874011186,0.09037234047723705,0.09036325727901409,,0.09035218526591621,,0.09047822969727955,0.09057812096749626,0.09040609611575895,0.09029631202479153,,0.09045398002513629,,0.0903187183515235,0.09011128435902208,,,,0.09000977613906296,0.09027737644146444,0.8681480651317262,,,,,,0.8688459121349161,0.8670232627332843,0.8695560376689518,,0.8701880129286447,,0.8574934384705887,0.8569505705924224,0.8597937855134193,0.8599102294439503,0.8580959431482627,,0.8578447227272485,,,0.8562387134523382,0.8552659327443444,0.8557874927966791,0.8544221612058353,0.854345201420173,0.8661162998891428,0.8667976305055916,0.8666227433043954,0.8650061670112982,0.8681041366516784,0.8680220547188459,,0.8691736461479084,,,0.8673287539323392,,,,0.8666026417198196,0.8693582063130239,,,0.866056578940454,0.8664804148639732,0.8699702584885641,,0.8692412179761259,0.8724190857119863,,0.8673905812374766,0.8703437244056943,,0.867468318654604,0.8679838881486902,0.8698664536074887,0.8563325174739216,0.8550761981964793,0.8568142755403805,0.8554322205614255,0.8560278797621846,,0.8566252958733321,0.8575937467982528,,0.8578549902829498,0.8557543310147475,,0.8561710006047607,0.8572301602164161,,0.857402633181976,,,0.8571860369493847,,,,0.8550115323951146,0.8566652239282153,0.8563638801293192,0.8566168391771499,0.8564395152409983,0.8567597449211021,0.858371906133688,,,0.015973126466488873,0.015970433954561145,0.020048743161318952,0.020009923662082783,,,,,0.01410077051313787,,0.014138424479563504,0.014182089741843224,0.014130097175635238,0.13023269764669262,0.09489149655554752,,0.05120826107409525,0.05129321052484528,0.051382074201889005,,,,0.049511239318126815,0.049466931156220285,0.04933970630236171,0.1991955229638439,0.15893535999127187,0.7492170211827774,0.21814131798659733,,0.7375025503223577,0.22255135941142634,0.18317008045744418,0.7362397186277512,,0.1876059263801495,0.18753414333665874,0.18748220340386437,0.18796420775888886,0.2270463618037044,,0.7320241045097223,,,,,,,0.052238767017085276,,0.052426162463506135,0.05232385799843482,0.05218288674763502,,,0.05218181275227989,,0.05233715934657046,,0.052337996155209496,,,,,,0.7233854114479651,0.7242057922442875,0.7249845722752147,,0.25995076493204655,,,,0.2207718912959269,0.220680292471532,0.2197491117126223,,0.7182534069375197,0.7173347936274922,0.7173654169668874,0.0530904573784517,0.052993649330613124,,0.05306931017130825,0.05308830916182181,,0.052970787894258,,0.053071807270051834,0.05287673603645202,,0.05298278535939064,0.05312875561046918,0.05301124581942302,,0.05299697324194798,,,,0.05294894137918191,0.0530475376654487,0.05281887036170026,,0.052867483659119155,,0.052821306472942225,0.05285238589997387,0.05294112412681333,0.05282438515577136,0.052768043643616654,,0.05285708628326661,0.052912641392988874,,0.05295647431924272,,0.05297106235979765,0.05293243652958734,0.05284629057429432,,0.052869772904827535,,0.05288790957944847,0.052881394399678795,0.05287191382533582,,,0.0529872572006518,,0.05297524592757317,,0.05301985478902375,,0.05292256804202296,0.05283325583086362,,0.05289812889791065,0.053038771204347204,,,0.10419795342940022,,0.1042107857864407,0.10430356581739281,,0.10393741387612258,0.10439884686563361,0.10416886547101287,0.10416939349433957,,0.1039383012969729,0.10437925743601577,0.11418948235727863,,0.1145164158280369,,,0.11449995488056544,,,,0.11476953025662415,,,0.11429071940332501,0.11418984646532768,0.11435319994732886,0.1143723245112107,,0.11444777801990133,0.11394993427279901,,,0.10453588571314666,0.10427455128768866,,0.10433665577407417,,,0.8659566910983605,0.8632305309019508,,,,0.8636002107387359,0.8643244558750874,0.8613997236803682,,,0.8673723866829511,0.863197913332643,,,0.1143494211277094,0.11432524297880778,0.11451961503424661,0.11446848481625924,,,0.11455925931092924,0.11466925725289781,,0.11436726840077556,0.11452188133457378,0.11408039811680953,,0.11420168657583037,0.11417332435535274,0.8646950243619981,0.8662213340750875,0.8677556656033315,,0.8672817522546199,0.8657762072038521,0.8652204351347565,,,0.10416545387590408,0.104395571780663,,,0.10446492351857467,,0.10429530021084898,0.10446513227608537,0.10446668401462952,0.10423136877446985,0.10411074204878905,0.10425360869351424,0.10418911244531058,0.1047280156210064,,,,,0.10413009026174128,,0.10437725042259915,0.10430290613846321,,0.10435599524240262,,,0.8693960240288565,,,0.8667819781340196,,0.8672675335267305,0.8652142326609045,0.8685822795562901,,0.862983954947999,0.8643781838823367,0.8659838480398679,,0.8639992415582638,0.8677094205460176,0.8638308546681445,0.8653814817167842,0.866055690296443,0.86690529377995,,0.8640968623232084,0.865579409105794,0.8663663613477891,,0.8685099849787122,0.05160927437685194,,0.05145090008751365,,0.05157607730521178,0.05160753922556163,,0.4860882115837605,,0.4165964982854832,0.4175025181309692,0.24331314408088683,0.4745953053479507,0.4742097433916332,0.4736906453035722,0.4746815103216087,0.4729480967300427,0.4742014514194546,0.47503905699611687,0.4758273800565985,0.4734189467223811,0.47420008304487576,0.47329611960470225,0.4736091127024656,,,,,,0.47409932337392824,,0.4741351451794482,0.47513042763758934,,,0.4730984343649813,0.47342216506869844,0.47246857901981126,0.47366972868299284,,0.47482817158784624,0.4741672564412821,0.4729736235641091,0.4739993399977662,0.47370300730674175,,0.4745112846833263,0.4739648768307206,,0.47479388395267047,,0.4739624501905135,0.47293200441525945,,,,0.47446025355789523,0.47353774149613437,0.47260394412931894,,,0.47422402340186814,0.4750897405415099,0.4745967801075043,,,0.4749016721294303,,,,,0.47360590914332235,0.47415096837620746,,0.4751633295199046,,0.4728477953469891,,0.47456918956859334,0.47302312636935384,0.47235148948504935,,0.4734387955366016,,,,0.47524569647665893,,0.47432713458257264,,,0.47453629117045193,,0.47371894252079283,0.47418457903953753,0.4747563542264179,0.47525742784105335,,,0.47643014464201305,0.4748593849343923,0.47342674352555975,0.47497052761978953,,0.475376692161399,,0.4735010937208188,0.47317319424033183,0.4729723271083473,0.4722050183909893,0.4743236006251886,0.4737487180409714,0.47361617682275386,0.4748961025698189,,,,,0.47426066431124275,,,,0.4753453327453189,,0.47358789648239047,0.47531160525611477,,0.47337419355195764,0.4744809723580108,,0.4746879065474471,,,,0.47430106089563034,,,0.4736751117710788,,0.4740359915271509,,0.4754018142987404,,,0.4742803862040765,,,0.4728887594384576,0.4747946382394422,0.47428544098105546,0.4732492649120647,0.4745711153295892,0.47360452546027,0.473733121801319,0.47369998542815966,0.4743513959163763,0.474314845756432,0.47358828274482995,,0.4742154134418316,0.47473774189595697,,0.47286326718496674,,0.4745469085837081,,0.47442022066844086,0.4744224158337994,,0.4747038557888055,,0.47489361730347807,0.4742993548924951,,0.47408297997855803,0.47485919221658873,0.4756307304002221,,0.4756378586557192,,0.36839792355900514,,0.36809239032852187,0.48808817930382287,0.40692524595531093,,0.5495092650172476,,0.4580782892580919,,,0.8255104541591138
4,4,DG_8pct,16,Z07_F06,7,LL_AB,175041,181979,True,5315.562085522277,5337.836087733735,5345.524236348132,5558.539193970846,5555.228160824339,6048.35278653698,10.211263383641151,737.0375352371676,741.0071664122958,272.3423412783646,274.1506529414709,177.98397431118298,3.4418256673723375,12.31351392032452,18.61758529500667,10.09453146833917,185.0698708547559,20.83664622691977,34.020998505962105,234.91071459934238,,,0.6659065161136853,,,0.8412693449007068,0.5648404398476276,0.4676679237034396,0.4677782100394082,0.4662231944968629,0.4459137431931231,,0.5403829390765593,,,,0.4505800129018751,0.8204512686493665,,0.8240274732406603,0.46635488663379787,,,,0.4681291252380794,,,0.46536241580694354,,0.46798721219241013,0.4680188326355041,0.46775568174348053,,0.4681464483141215,0.4684283453540994,0.4932250085455508,0.4053971905125511,,0.4060003232517865,,,0.3929356613435,0.39198160183995934,,,0.3919388604289598,0.39068785438694,0.39224617760888536,0.39138928513857807,0.3915599560604571,0.3912591322377857,,0.3926039952631822,0.3917471945983061,,0.3927747474728434,,,0.44452945482682393,,0.8253911720945751,0.43356158768085545,,0.43112887024245117,,0.43164544972817953,0.4306214991940305,,0.4312248233385414,,0.43201090152416427,0.43168286167839715,0.43312073863210854,,0.4320896407607637,0.431695586825218,,,0.43352529115971467,0.4330710007316691,,,,0.43320892853807264,,,,0.3371700301216528,0.09263043082918769,0.03763560310162753,0.037655377034950366,0.03774215713222407,0.03768526909108949,0.037766839981516566,0.0376700036641881,,0.12067338909059272,,,0.12033098512455889,0.12036419550335876,0.12068085138573996,,0.12049816095635194,0.12080431608479633,0.12074566072789422,,,0.12069975545456033,0.12028572922165148,0.12062807804450115,,,0.12030845429694467,0.12023926494587114,,0.12063695739462714,0.12062539223462485,0.12046517185047963,0.120433579860924,0.12061705105940149,,0.12029889347721823,0.12066542385046404,0.12075807208908752,0.12072087748285729,0.12067387762148048,0.12052804419801884,0.12026357340457663,0.12048959125025238,,0.12030567419105506,0.12051221922150215,0.12078644742437135,0.12020459862656652,0.1207809953021693,0.12027358405882667,0.12039973917328209,0.8046011680201134,0.8029472720053095,0.8059867304091716,,,0.8039912913574652,0.8040685978621684,,0.8052357785833113,,,0.8044369412679809,,0.8044864379897856,0.8030052793442115,0.8056718941388991,,0.8046193994212575,0.8083162615428392,0.8043867379102507,0.8048936533546424,,0.8033342268260495,0.8037622214833057,0.8044456356940181,,,0.804383380907729,0.8046306543348601,0.8046979296368745,0.8042933032754395,,0.8043312110006409,0.8061007586020751,0.8063593561144579,0.8058493744273261,,0.803747932039729,0.8059465215477488,0.8051929488244033,,0.8056262395948556,,,,0.0931288881638222,0.09331849639672679,,0.09316397883358576,0.09327724874040705,,0.09359495380862645,0.09355505601797409,,,,0.09347267466369233,,0.09315644813099036,,,,0.09324550968238335,0.09368947679065362,0.09363178698608648,,0.09382925466595358,,0.09308292042858686,0.0933584279071749,0.09334659759972654,,0.09326373596021177,0.0934208273425329,0.09318936400561151,0.09322081033942244,0.09324531032509623,0.09333450468228753,0.09355664723413235,0.09345671783557064,,0.09363727370052588,0.09346729745123956,0.09339966176382879,0.09342202203365998,0.09339488375899953,0.09351939287643,,0.0931092116015491,,0.09322856302246585,,,,0.09328979822492368,0.09314012339574872,0.09336208282110389,0.09374920031532241,0.03723609918500954,0.037348296208561275,0.0372337114032342,,,0.03764487058036237,0.03768706630350063,,,0.03764870278308777,0.037596516558857415,0.06064244852819634,0.06047193364407223,0.060194485815441165,0.06042448219873585,0.06029558119472667,0.06014748669900136,0.060151129370000035,0.060360737354924754,,,0.06033094545027158,,,0.06058323169368603,,0.06039476837856134,0.06027540025814648,0.060391145541773016,,,,,,,0.060403950219188596,,0.06022539985988799,0.0604762706924942,,0.06033966152685483,0.060364130681356036,0.06027189379746131,0.06041224059931835,0.06025692446450967,0.0604641688096822,,0.060449779713700844,0.06037360602823365,,0.06041265590710474,0.07200563512288628,,,0.07158175412354903,,,0.07190758997345585,0.07183545433418509,0.0719717286320748,,0.07199667044469202,,0.07201130195839095,,,0.07187944024058715,0.07187760593487905,0.07214535117844587,0.07201896794475207,0.07207450691253905,,0.07207099961994234,,0.07188753635046959,0.07172598242363215,0.07187294805524638,,,0.07180271713017905,0.07176178185559717,0.07166222534394007,,0.8671699690678369,0.8656338255455598,0.8691153032804037,0.8677346745390998,0.86590352269717,0.8639663471220557,,0.866593055434176,,,0.8647995604653711,,,0.8570615424429879,,0.8533587120823007,,,0.8528445132679618,0.855870761529296,,0.8545559779553575,,0.8545547741413585,,,,0.8675165501259389,0.8667764983069111,,0.8666035220896797,,0.8669357650474288,0.8671783461616189,0.8640476248926817,0.8656330423979043,0.8671293131460464,,0.8673614887923222,0.8658009910642697,,0.8671481749518698,0.8666530881058966,0.8663537926568625,,0.8701904180526258,0.865620348020857,,0.8672814791697842,0.8682954175416101,,,,,,0.8682270611449054,,0.853682819072831,0.8548597298677708,0.8533112214411295,,,0.8541787197973475,0.8565443437543343,,,0.8558079640559055,0.8575472508843881,0.8528770915515357,0.8527508435453037,,0.8551331523101992,,,0.8568637593835404,,0.8567781131289798,,0.8564278969521871,0.8553644055076396,0.8560806491727079,,,,0.853134342945207,0.8565502525118661,,0.0001298423112982324,0.0001297452318508755,0.00013009308870620974,5.543432242899778e-05,5.5385951807465254e-05,,5.533364720104066e-05,5.53899208285058e-05,7.914098237581972e-05,7.884809970453353e-05,,7.899588427326717e-05,7.890182951245397e-05,,,,,,0.03775467533632463,,,0.03730130357312285,0.037180003500916395,0.03574881802888639,,,,,,0.20289970300143872,,,,,,,0.1825556399854578,0.18168440944701325,0.1823131217266513,0.18266401284461253,0.2127535296345687,,0.7280924489652796,,0.19094317320879572,0.03839361450064255,0.03838726134980826,0.03836545378250146,0.03830660633915703,0.03829611274927532,0.03839427883197583,0.038181052094094635,0.038309352400908304,0.03834495214701311,0.03826574019234611,,,0.038349325776463744,,0.038311819254042305,,,,0.7165430419014769,0.7144615435039787,,0.717855746707478,,,,0.24540249498130748,0.24585334456407335,0.245608101162448,0.21628371215391543,0.21647694717865426,0.21650737615800508,0.2166392379794618,,0.7111422060572125,,0.7113861465178791,,,,0.0388686022741352,,0.038846811950273195,0.03906790249426896,,,0.038880788359058574,,0.038716717956911555,0.038868036065264525,,0.03880355907011304,0.03898516740797046,0.03889373772049366,,0.03882328761020763,,,,0.03882507624660352,,0.03869525748751701,0.03879396175462824,,,0.03887152562066549,,,0.038848494847113266,,0.03883483701527073,,0.03878478019069834,0.03882108374166239,,0.03881641616218968,0.038789682708251845,0.03892655241689495,0.03869409509904794,0.038849629698848816,0.03892599245988779,,0.038653532101521254,,,0.03884958932984404,,,0.038900742238873284,,0.03888539283780755,0.03874422272978693,,,0.0386910512745878,,0.038790104769537,,,,0.09077824432108911,,0.09061738266483853,0.09040765615635243,,0.0906557534971101,0.0906587741571641,,0.09050963416154159,0.09742740858608573,0.09713106676311553,0.09687992960396508,,,,0.0974034238530888,0.09761536066431822,0.09749097380481558,0.09708025541101228,0.09719786734439638,,,0.09700184198872168,0.09707117389222888,0.09745708795290955,,0.09734153622448644,0.09718153299626335,0.09082186421098593,0.09093404619775274,0.09078017893589467,0.09044761686125566,0.09098857028386462,0.09072269923472884,,0.09071791129432975,0.8643482719747028,0.8619312482764632,0.8646738532361584,0.8636309484445207,,0.8634228982096799,0.8609518999906013,0.8616411619810375,0.8619432262889916,,,,,0.8639390553423426,0.0971378868325316,0.09699710399630249,0.0969785677095967,0.09703169729547337,,,0.09756643767980336,0.09707301453906039,,,0.09726177159547858,0.09733866173381611,,0.09687340316906913,0.0967803865525867,0.866761939008944,,,0.8648429247434726,0.8657814297172123,,,0.09076708803604876,0.09059733437773498,,0.09069667535171488,0.09085190730308763,0.09044785443694699,0.0907560258103986,0.09083046191260995,,0.09090528683135261,,0.09085390162376628,0.0907482526956046,0.09081263636368041,0.0907462407307506,0.09068352785814623,,0.09070194353240454,0.09076795728583052,0.09050661926629323,0.0906896041600236,0.09059197355608142,0.09100977239634445,0.09084033261201716,,0.09087423160680073,0.09080567296950265,0.8659136209094377,,,,,0.8640327330122315,0.866370502432323,0.8643972955585074,0.8635863468910815,,0.8590104841609311,0.8598299259682823,0.8652420904462412,0.861627130727943,0.8620412348518496,,0.8617670853300898,0.8632902916862248,0.8640642644413884,0.8660351404802994,0.8632800331116803,0.8639537886205815,0.8623673105334476,,0.8654393229244188,,0.03791874282212874,,0.03803999018615284,,,,0.4009846985777076,,,,0.41064584880924915,,,0.4658865732134426,0.4662507195095207,0.46757313752823254,0.46798402202087463,,0.46622247855123194,,,0.46621695039683964,,,0.46746184005145613,0.4675993149125302,,0.4677429047715881,0.46645575476383444,0.4670412023556289,0.4648795091777488,0.4673283081792301,0.46567839700159747,0.4676701117104689,,,0.4683071374845326,0.46701514450801795,0.4672990244178437,,0.46689851056565795,0.46650638132820504,0.46645692912420156,0.46630363539246533,0.46665710945307526,0.4666343930268734,0.46729021900366696,,,0.46651375672715273,,,0.4671781093198566,0.4675335451613631,0.46739255135325525,,0.4658400519187448,0.46782819190385294,,,0.46527135344017195,0.46634782471182656,,,,0.46682459907083423,0.4657377909935302,,,,0.4668445672029201,0.4652801108014655,0.4667027504459403,0.4654730253724917,0.4665174425664699,0.46688434363570885,0.46735733778481686,0.4656634642686025,0.46610097388127103,0.467761373931305,0.46524866409333104,,0.4671156380565314,0.4667477460287363,,0.46701213705690436,,,0.46712160833811994,0.46651252138280686,0.46569388374246035,0.46636367344720187,0.466601598267789,,0.46647499616870103,0.46670673150264413,,0.4667116988926086,,0.4671484405393694,0.46513268008910175,0.4664716368858551,,,,,0.4660916117690833,0.46664627796431074,0.4671419570954836,0.4663089666365231,0.4675481313565215,0.46541740979584423,,,0.46704247039340063,,,,,,,0.466692621795222,,0.46646451154263846,,,0.4665452968581317,0.4683028420564408,0.46662351243071365,,,0.4661766379113025,,,0.4655262877450035,0.4660466072135216,0.4652399790310665,0.46681840822026865,0.46703192641545754,,0.46748930097776303,0.4668714288865315,,,,0.4667982610833996,,0.46525888842410046,0.4662291292367829,0.46615827829659234,,0.4675094190955614,,0.46629463560018386,0.46594865630729354,,,,,0.4649694974385334,0.46682226486417283,0.46574772757360844,,0.4676810298250916,0.4677773712184999,,0.4661909472820639,0.4662877569177749,0.46800620284716343,0.4666675350023494,0.4667937953179007,,,0.46712489758520787,0.46786004346500853,,,,,,0.35897106755012315,,0.35957292004107066,,,,0.5400820242807051,,,,,
4,4,DG_8pct,16,Z07_F07,7,LL_AB,175034,181969,True,5473.627447659251,5502.036874377996,5530.142484288394,5744.403077584149,5755.144441030962,6261.215349399798,9.77358116158208,757.6472124882968,788.5397407980284,280.16601644229564,279.634824907772,183.70992561515635,3.2645282600511822,11.97980023143525,18.22831447287264,9.918110078897634,196.7390666396573,20.529830684170634,32.62224176261166,249.96602074782524,0.6560248446540985,0.6573931212684133,,0.729496395949344,0.6491824248002024,0.8359410369280207,,0.4488420393957744,,0.4495025005254663,,0.5182214643917004,0.5187964925194938,,0.43150566707662996,,,0.8180184310838526,0.8196251686493231,0.8151521876469081,,,,0.4497154768846905,,0.44948112866702966,,,,0.4484544889321918,0.4491464843422754,,0.448659996740773,0.4496783004324024,0.44928536842282785,,,0.3853111147371549,0.38540117537810875,0.37019180610001223,0.3688755439732014,,0.37039771024511525,0.3697313603417456,0.36960497771428447,,,,0.3691100035484725,0.3704824546192952,0.3688714180954705,0.369803659950574,0.37030484519070633,0.37009973385537615,0.37037203874266855,0.37042689034976317,,,,,0.8200466187124361,0.40406485538241144,0.40292987978125866,,,,0.40402305586629894,,,,0.4054003902548418,0.4054653013961554,0.4054635021575344,,,,0.40496474897165685,0.40438275579695165,0.40410976575653523,,0.403268285936994,0.4048189665531255,,0.404447681235216,0.4042151585344619,,0.313541301131691,0.3139451470319848,,0.0055067724246742975,,0.005508508011479651,0.005507542241423694,0.005496571527357107,0.005496967693425168,0.08014155882899089,0.08032294634268514,0.08033068222991456,0.08044677420452055,0.08027030858129412,0.08066591144638696,,0.0801961705589365,0.08015016701089743,0.08052767825194439,,0.08037630993771962,0.08029971244601503,,,0.08007323602843501,0.0805938892703318,,,,,,0.08041099335254523,0.08007751964847981,0.08039906500203053,0.0799778378649693,0.08012633387571774,0.08028300125031856,,,0.08020527529914223,0.0803284723293863,0.07989139448202885,0.0804727735637706,,0.08044592452169914,0.0800290000561403,,,,0.08020460366963714,0.0799272457730944,,,0.8008056401308228,0.800790831482411,0.7992701206048699,0.8001963979840561,0.8003572055004052,0.7983697508794739,0.7976163505824374,0.8011315745045998,0.7987546647177645,0.801577792170135,,0.7994234705918926,,0.7977609846701998,0.8011211478147096,,,0.8002813920454679,0.7991905421868637,,0.8004666137609724,0.7981124911218175,,,,,0.8009658303059107,,0.7991513203342174,0.7983021468223629,0.7988982880445051,,0.7976074559803102,,0.7993017586209002,,0.7967443821583231,0.7987632693542172,0.7969512505363875,0.798565511521157,,0.7979748189095796,,0.7977954317817245,0.08113840142228516,,,0.08122990788683203,,0.0812742377259276,0.08107117642124133,0.08116986307970996,0.08139286732166304,,0.08135107887683084,,0.08111909967999363,,0.08112969300720387,0.08123384903266694,0.0811277503627869,0.08139693756708487,0.08142863776717833,0.08126776944673084,0.08131092544638899,,0.08095211907274628,,0.08115814321064453,0.08123929160623818,0.08102651612641246,,,0.081008518686161,,,0.08113099848701019,,0.08091869029242796,0.0810699452713311,,0.08108395992087827,,,0.08092563073259575,0.08108409263589261,0.08126732245373641,,,0.08101220341688503,,0.08085887706849376,0.08120370348801717,0.08105562765556734,0.08098770464098189,0.08117190836315294,0.08103840060660027,,0.0053786309027864755,,0.03362703837327485,0.07247906489887643,,,0.005530671588255173,0.005509314962066946,0.005526595035958077,,0.01619792309421171,,0.016169724225852767,,0.016227777540854534,0.01625667033765625,0.016195974461367266,0.016197289008641997,0.016222336364793657,0.01624617205871497,,,,0.01620061361793794,0.016253850219475535,0.016178819809531782,,0.016212246665680375,,,0.016175211401811343,,0.016160572652065913,0.016181360258979934,0.016186734212469557,0.016212027129262847,,0.01614192523053422,0.016137736559749424,0.016188430373891345,0.016182426454600544,0.0161801072693201,0.016231192198129928,,,0.016237017315236305,,0.01619301322281209,,0.016160942898843064,0.028314994502224293,,0.028324147916233344,,0.02830015199337178,,,,,,0.028393635059277254,0.028228792948524314,0.028351584540827725,,0.028275524105198534,0.028293965056131798,0.028385213396060482,0.028289831593745964,0.02825911059456874,,,0.02830378593692901,0.028300496149321515,0.02821904058067701,,0.028241806617889473,,0.028302035654067442,0.028294913710062666,,0.028330185841460024,0.028178382803151623,0.8640419682040447,,0.8638981861943013,0.865029949786824,,0.8655927000530727,,0.8628671879157842,0.8645679058053681,0.8653196433840191,,0.8485711676072423,0.8532997902663014,0.8500961301472449,,0.8500692566542385,,,,,0.8490107604611407,0.851294029030741,0.8491517829117493,0.8495147590641918,0.8473908908263061,,,,0.8628733841507519,,,0.8611887300463832,0.8610572136074558,0.862324662254148,,0.8610150593876985,,,0.8639012551381648,0.8631258776320777,,,,0.8637363931715354,,0.8624835140452303,0.8642750632008481,,0.863397343898339,0.8625419286729271,,,,,0.8627928822165346,0.8617284795526983,,0.8521199610222934,0.85025302878597,0.8496504373413089,0.8513523306288088,,,0.8533399842159151,,0.8525464460101729,0.8514871761415724,,,,,0.8502461576932938,,0.8512057790008771,0.8515913897523135,,,0.852423262496427,,,0.8522540730752743,,,0.8517571288029596,0.8516569539880352,0.8504381925727691,0.0026261608960035363,0.0026223755145533658,,,0.002721300416040601,0.0027264006851620546,0.0027204338538885987,0.002722044629220176,0.0027196719664051047,7.939125009963791e-05,,,7.972730434819056e-05,7.942521867413683e-05,,0.07169151839399497,0.0722366926021378,,0.005480536256779421,,,0.0053695030576631116,,0.005386126869894532,,0.00524214651503764,,0.1472647928195754,0.14827789265211175,,0.1674663399014043,0.1686568376757797,,,0.17404238774701497,0.7208093475752141,0.17871257719610753,,,,0.17820968266695236,0.1771270213319083,0.1785309080619293,0.7172596971088262,0.18690810568515692,0.18771368890474782,0.005663251652862976,0.005649715404558798,0.005678685241233038,0.005664070145373425,0.005652515209012116,0.005653250689069711,0.005651945453063499,,0.005649896808982787,0.0056591940848135895,0.00564303378188483,0.005645185259998895,,0.005661367564094455,,0.005652298718043979,0.0056537219924186555,,0.7026908778725971,0.7028822053099193,,,,0.706931974495432,,,,0.2124141544461756,,,0.21410034895336866,0.21398892521798418,,,,0.6978607201138506,0.005720231055520457,,0.005736587301100211,0.005729834291153731,,,0.005732748626164668,,0.0057260319590723835,0.0057318719549437035,0.00571367026053164,,0.00573051736475114,,,0.005726231365539235,,,0.005733536496499949,,0.005745459819814754,0.005725844660254779,0.0057383894217589194,0.0057323963178940104,0.005719966320186367,,0.00574022536032904,0.005725209976503126,0.005728233513238997,0.005713664975115881,0.005700607993383178,,0.005710317063787253,0.005737333941087715,,,,0.005746142608157449,0.005725943733597823,0.005722383927660408,,0.005727432711874684,0.00570896107399899,,0.005711429722866866,0.0057235000213915425,0.005724362226941739,,0.005726455099231449,,0.005742089165636335,,0.005719635023724619,,0.005721999527024148,0.005732905124313252,0.005708118399369432,,0.0057181670537220135,,0.06333752858950117,,,0.06324200419611217,,,,,0.0632035984129199,,,0.0632136490026372,0.06083525000925478,0.061171441471064715,0.060887303223037356,0.06106875326238586,0.061027173658139554,0.061022957141780944,,0.06093089387450713,,0.06106512510783668,0.06095392330529405,0.060941822803153245,0.060796472932368416,,0.0607562613076855,,,,,,0.0635186776875326,,0.0633905607898396,,0.06347959894122451,,,0.8610252745092196,,0.8613456326265624,0.8620430954169092,0.8597111426192743,0.860268248044525,0.8621684617502653,0.8617858806650269,,0.8588494321216287,0.8615093100177549,0.8625056404670592,,0.8611116014913102,0.06096155245112697,0.06086850971042957,0.06105537316931052,0.06076976940883988,0.06078291536882514,0.06106026099596196,,0.06083692528950944,,,0.06111038360117355,0.06093874943040994,0.06018171977043863,0.060672141573790084,0.060723493316119995,,,,0.8617307657155948,0.8615565579130465,0.8587581252480042,,0.06332540193167457,0.06339860907104526,,,0.0633225129757092,0.06325954953917597,,,0.06333893300861054,0.06341899786585928,,0.06326351349022816,,,0.06331882239035631,,0.06335281371519101,0.06316694574278257,0.06350691609012397,0.06328896629164313,0.0631613357911097,0.06333538988265444,0.06341156903201775,,0.06346950365591358,0.06325955802565433,,0.8623031726224752,0.8605708773107286,0.8648905536017831,0.8640513074778715,0.8598264215177114,,,,,,0.8622616697802825,0.8601662709910625,0.8605542055173969,0.8610766695070134,,0.8627591393801914,,,0.8612971108525066,0.8621709688663154,0.8630235314591889,0.8621761561107621,0.8614123649195978,,0.8594213576397833,0.8630920217780912,0.005584522117475883,0.005586217843291345,,,,0.005582256780191765,0.38174748529533037,,,0.38924365902955066,,,,0.4477440843768648,0.4487158807333594,0.4477545984068188,0.44753634314562785,0.44828394539583866,,0.4488499013390882,0.4475764489767928,0.447100682687084,,,0.4475621363325227,,0.44897774941530705,,,,0.4486873312726401,0.4483782908713711,,,0.4484172956755112,,0.44700109819590894,0.44767560741256035,,,,0.44751095860507684,0.44819920530822593,0.44859898243113866,0.44816694051085376,,0.4477509615222221,,0.44978859799813514,0.4490923134228133,0.44759647954436477,,0.44841036351574687,,0.4469091268899679,0.4477207520630982,,,0.4471607719521054,,0.44767693898762045,,,0.44735434188632517,,0.4486722880985381,0.4490901873880774,,,0.4480131088817478,0.4480668588481831,,0.44766525673828417,0.44916560367119224,0.4486076583670282,,,0.4476296640711913,,0.4470904658065229,0.4472264363318141,0.44733042692071884,,0.447293924258432,,0.4486382254755223,0.4488036952196479,0.4488903608127208,0.44837518105315244,,,,0.44762366165601103,0.44770289393918905,0.4486402963757913,,0.4474022449821785,,0.4482257491768853,,,,,0.44798935344475516,0.44833276940736855,0.44674234027846593,0.44729900887413476,,0.44807923556988954,,0.4486329713587948,0.44808309800378143,0.44776517106396735,,,0.447986739692989,0.44873195172122976,,,0.4472152393050882,,0.44786774646185423,0.4470937170927808,0.4479932865683735,0.44737278636144906,,0.44829472706239837,0.447913989698221,0.4476125710231204,,0.44790498464685097,0.4481260251692422,,0.4476277774492004,,,0.4473525282218312,,0.44872072367707,,0.4481052232567612,0.448250752342321,,,,,0.44655155128987206,,,,,0.44795755514997593,,0.44876497347349764,,,0.44803281439351317,0.44868006059687837,,0.4475692346025791,,,,,,,0.44806671693976846,0.4477228044487701,0.44736388235753194,,,,0.4486848647275208,,0.44806254098186965,0.4479670611677619,,0.44664832001552557,0.4477667161133704,,0.33656161012504315,0.33757118398208685,,0.4526790342025099,0.37932127836353063,0.8143989678758791,0.5182745314364182,,0.43077309274767056,,0.8194489651063507,
4,4,DG_8pct,16,Z07_F08,7,LL_AB,175048,181972,True,5222.39930461099,5224.678646817117,5223.747441160853,5458.127711369575,5470.971243523504,5956.6150143250425,10.504715288837039,729.5899332816055,726.1486515566601,270.0628450257967,270.4098849361288,176.0854159253992,3.530937879942464,12.533968548663335,18.908163871987142,10.380481871367358,182.7357471365523,21.140720742574082,34.87122490603045,228.4062717074805,0.6703304020191764,,,0.7440198721634821,0.6638653714408949,0.8447355328238733,,0.47514975230300344,0.4752995575245041,,,,0.5491552929022235,0.5495417982301016,0.4583675561021836,0.4573388608237441,,,,,0.4743738307931881,,0.4750776879477959,0.4770419550958531,,0.47635679307044737,0.47220508940784867,0.47335890220767124,0.47262467716973494,,,0.4769133236515415,0.4763226362159798,0.4762624754699528,0.47569737837293047,0.5025391545539707,0.4147631369406805,0.4151031341081283,0.41356381563657074,0.3996284778062049,,0.4001133456161432,,0.39970070315191547,0.39980582235737544,,0.4003206970705962,,,,0.3998597315771599,,,,0.4001415063958098,0.40174689815568376,,0.4559876038249113,,0.3777456305521908,0.8305451818945992,0.44270887270107295,0.44452912795347815,,0.44397662453693276,,0.4424143337351569,,0.4439911498942909,0.44515765311282074,,,,0.442111729800933,,,0.444259985554206,0.44445358486645525,,,0.4447734787937046,0.4431951268034247,0.44304099263242813,,,0.3463493340604251,0.3481872387853885,0.34645717618025784,0.10282763829020676,0.05148767354070438,,0.051217946000751406,,0.051437449313054266,,0.13767630091795433,0.1376368970898526,,0.13766238137824863,0.1374665155976783,,0.13770698543065524,0.1374430865283545,0.1372763678131858,0.1372598657824275,,,,0.13708415467313143,0.137450118075109,0.13756865830841983,0.137044328613867,0.13759219737840417,,0.13735835986144848,0.13738294613136748,,0.1373389283341877,0.13754127355392015,0.1371690667303773,,0.1371030295878875,0.1374520954427522,0.13742549912683868,0.1375145736391478,0.1373498654868268,0.13768763096167988,0.13711640848550716,0.13757473272444634,,,,0.1374016488959833,0.13712590870624974,,0.1373572316377903,,,0.8113711351538266,,,0.8090450408824872,,0.8076625541093471,0.8082621848078052,0.8074701407401856,,0.8095672986169378,0.809148644177517,,0.8090342843011054,0.8089564586861191,0.8070739684608261,,0.8090078473793727,0.8102934978942401,,,0.8090759378353608,,0.8075633821132389,,,,0.8122428781803224,0.8103361129004601,,0.8053402793286039,0.8086011075620229,0.8061503103737855,,0.8110387672781674,0.8067593955514569,,0.8074697175952426,,0.8059267577614829,0.8086386184391979,0.807381013638788,0.8078819007173824,0.8082848327890012,0.8077737855408323,,,0.10322988130666164,0.10298895814225577,,,0.10317985154937488,0.10315581175447558,0.10312770203728547,,,0.10327949926591148,0.10340784572582447,,0.10337932931327228,0.10328336964697231,0.10332439119203482,,0.10310639631095364,0.10321924520440422,,0.10333510367144477,0.10347122632084256,,,,,0.10315879030098193,0.10320367879213194,0.10322916913819427,0.10299240675764613,,0.10330198594887889,0.10319217316604454,0.1034178459000748,0.10324925578454845,,,,0.10319200271981493,0.10347636578165677,0.10353383898471623,0.10370451248405269,0.10328765532266954,0.10342922445871276,0.10332500918913247,,,0.1030935549686179,,,0.10375575111361147,0.10361390735627568,,,0.051002308092157216,0.05107622966909306,,,0.05128421170979489,0.05126927458183733,0.05144197459054728,0.05123053638765583,0.0512963306809898,0.0515039494917125,0.07921642355483668,0.07907805544547096,0.0790523811139106,,0.0791973156618449,,,0.0792898583268199,,0.0792187188612737,0.0790436940396839,,0.07918001153082414,,,0.07912361797390104,0.07911918134519635,,,0.07917250223612689,,,,0.07905682165796984,0.07901075630692625,0.07906647592759092,0.07918823967540405,0.07906211381934657,,0.07905316281119429,0.07925846049023899,0.07892462064781829,0.07929397998142844,,0.07924451996187386,0.07925794332943974,,0.07918721798560087,,,,0.09034651126212902,0.09045876755276404,,,0.09017310589154247,,0.0901446710107067,,,,,,,,0.0903595696917305,,0.09054372084678207,0.09021144433825246,,,0.09029808694855802,,,0.09023099219181192,,0.09028870529445246,,0.09010524245946475,,,,,0.8648308803945307,0.8702021674046134,0.8658181538900919,,0.8690779151146897,,,0.8709469675666116,0.8679206387079891,,0.8555859547535382,0.8540842295357707,,0.8576026165759408,0.8569552190986954,0.8560290607246613,0.8544941255664098,0.85487367852429,0.8555454929841485,0.8578013454192019,0.8572212511961792,,,0.8547254953422955,0.8539570124169734,0.8676340278081663,,0.8669465132362413,0.8671330477223347,,0.8684805890141487,,0.8680696259747256,0.8682166077510732,0.8670494713698104,,0.8692298241453866,0.869753913485702,0.8679037310660784,0.8692971869517355,0.8666768936044078,0.8712089868006653,0.8694049724800453,,0.8670200176523083,,0.8703234035637476,,0.8669260210117914,0.8687057509315795,0.8695397625313518,0.8700062671047156,0.8683841106709014,,0.8658734040184715,,,,0.8558750557813616,0.856492713981298,0.8577030943751279,,0.8579829142528963,,0.8549398730923788,0.8578114159863687,,0.8599775865320106,0.8560307566513568,0.8565942918792436,0.8567111188118076,0.8596627703019569,,0.8581961751969586,0.858620238682685,,0.8574606073336829,0.8572039432574631,,,,,0.8582646194819779,,,0.01597005507610978,0.01593948708253028,0.01597311892910533,0.01599318137492626,0.0199890155518111,,,0.020018028804800928,0.019989088500162053,,0.01418952048321205,,0.014112539076291269,0.01412927431431348,0.01413759859423998,0.1298738532858997,0.09463428896774978,0.8132602758989858,0.05143704806093538,,0.05116580485681359,,0.05111599595483345,0.05100124922076381,0.04957695268749783,0.049466527697767625,,0.19963310503523995,,0.7516179497924149,,0.17814730373974227,0.7400238660329488,0.22340351320811908,,,0.18782771581691382,,0.18770379576604426,,,,,,0.19573870126400955,0.19611689811365027,0.05237066151586057,,,0.052266185635204215,0.052276608120289746,0.0521423221329315,,,0.05246063347553638,0.052221538440858736,,,0.05225736339126207,,,,0.05210180391291772,0.052432866201839186,0.7203198907566036,,0.722602247127255,0.7214087853880523,0.723506339043646,,0.25989890437934104,,0.26020572076527887,0.26002085496582267,,0.2207297919494873,,,0.716173069848911,0.7176121076641614,0.7168304027933505,0.7149350852792398,0.05287985366852335,,0.0530211860507186,0.05286397538188237,,0.052919587305634105,0.05302951507017004,0.05299271331497069,,0.052734997107739275,0.052996269132019935,,0.052848612589347956,0.052920937862178816,,0.05302521264715046,0.05304468217802945,,,0.052888311284992114,0.052886682512733346,,,,0.05294299584641384,0.05293735182201662,,0.05295404968205502,0.05285480259496582,,0.05294984062372179,0.0530050248480598,0.052985900700511554,0.052960820221464644,,0.0530153569233283,,0.05280546642308623,0.05278605934458314,,,0.05292384773902564,0.05291742771526807,0.05283118487009167,0.0528351639051103,0.052739783952796535,,0.052832143950719654,0.0529912212471233,,,0.05283223843549004,0.05309897408103324,0.052783944041366736,0.05290636394660369,0.052786037215559196,,0.05301167105233642,0.05298134319245166,,,0.10438901421895373,0.10444084948361866,0.10405223811139097,0.10437938991199021,0.10388658761763413,,0.10421822741376445,0.10429443823900865,0.10391955438330265,0.10427901024728166,0.10410592603015116,0.11453963629643671,,0.11449750882317183,,,0.11465196323477639,,,0.11435354268836888,0.1141900162900262,0.11407846785558728,0.11446240766454938,0.11424152647715788,0.11443398118592614,,0.11442084680356514,,,,,0.10448305328878077,,,0.10442026437307361,0.10455550322515471,,,0.8621475284762967,0.8650914700017162,0.8654322528524769,0.8655030299256683,,,0.8627453266302902,0.8653150022443765,0.8645979978235367,,,,0.8655411383546147,0.8678562283319663,0.11393574580797175,0.11414417400221268,0.11412450995786988,,0.1141184230373032,0.1142785775164793,0.11410549974092717,0.11433467796169007,,0.11477891302796561,0.11470134218413001,0.11438119434036029,,0.1141623426598819,,,,0.8654868109411356,0.8671547281546386,,0.8679763833956378,0.8648459328237544,0.10429007865831921,,,,0.10440982320401455,0.10447659993939878,0.10408883851429479,0.1043273075912168,0.1041340484862435,,,0.1043975594302859,0.10462190990158213,,,0.10423313685078223,0.10455110191769762,,,0.10449048817024345,,0.10431464200219052,0.1039333632281631,0.1043834466678596,0.10443771612630363,,0.10426722725337384,,,,,0.8672965504892071,,,,,0.8680100663227341,0.8629756573021513,,,,0.8645226970679802,0.8675825802718412,0.8637155640174962,0.8642398815232185,0.8649586967333897,0.8675084679255939,0.8670874999739804,0.8651649528330501,0.8665401802069699,0.8644152600742927,0.8666644058541895,,0.051619921458318535,0.05140742321710988,0.0514192893939468,0.051637617046305796,0.05157503188284788,,0.4094033481926243,,,,,0.24313650926426356,0.47425826237936364,0.4733811824353428,,,,0.4751902705464431,0.47485458433677386,,0.4739024934450899,0.4756599695381998,0.47312786085230707,0.4745714011693194,0.4739934021886355,,0.47355149915198386,,0.47425175682639836,,,0.4745208125432538,,,,0.47293280869928395,0.4727417593299517,,0.4731840751004593,,0.474534782038294,0.47321426901887986,,,0.47517798352140694,,,,,0.4740229172746779,0.4740388108474411,0.4715157559677014,,,0.4734835428050703,0.47456624041224815,0.4744536839632936,,0.4742556215451373,0.47418306077015504,0.4727978229447808,,,0.47531483069107544,0.4734769414540937,,,0.47504885736302344,,0.4728701734206643,,0.47483280776884745,,0.4744542346855635,0.4750124733045375,0.47316515434597994,,0.4733127787140331,,0.4751780754757069,0.4744163178799261,,,0.47366996401194755,0.4731617671515876,,,0.4746008349183962,0.4743625342214364,0.4750131728593566,0.4749395353132992,0.47292341097492263,,0.47437988067327996,0.4739638574727394,0.47328976229131187,,0.47474239816786884,0.47203868760643064,0.47411360865028485,0.47488915588523734,0.47384974544861874,0.47517987408946644,,0.47531043748278384,0.4732864575235724,,0.473306341653556,,0.4745147541495193,0.47399301149508977,,,,0.4741874411136476,0.4741592747214809,0.4745062210580948,,0.47351488086623456,0.47458089354837396,0.47343471319667807,0.4738890128994359,,0.47494657590807277,,0.47334698731271474,0.4736677308027648,0.4736744105879198,,0.4746742360282595,,0.4740995121822775,,,,0.47519933194847047,0.47378265245482526,0.4740392771886863,,0.47460817864999,0.47419209018496666,0.47514081340758124,,0.47263952321982927,,,0.4740445844988407,0.47432460647462266,0.47485680145006387,,,0.4731117671213836,0.4749633020767253,,0.47331459601085607,0.47332731704555703,0.47612156234993497,0.47430732276987786,0.47415443916963285,,0.4748378152701593,,0.4753156157956539,,0.47503909834395774,0.47518719442417384,,0.47423328692081784,,,,0.4733323287552844,0.473443673402631,0.4722510978919621,0.47499476408545177,0.47382427080484496,0.4745098357151605,0.4727831798129292,,0.4748349652606994,0.36893465748294096,,,0.48869333214937494,0.40694739806412494,,,0.55030448367769,0.45737386732861407,,0.8225513554371806,
4,4,DG_8pct,16,Z07_F09,7,3PH,175035,181971,True,5518.454190306212,5544.285015967669,5582.035810785488,5691.926199561375,5673.893267524634,5692.296848439277,0.8308882687344886,31.39925392055358,31.401242861039684,13.322440096564767,13.401332108363034,8.894955185612316,0.26719092447256904,6.542669152062268,9.64444516406805,0.22212610159249407,3.5307521996854234,1.329807771906092,2.734797517882079,9.145131717693053,0.6730235744860688,0.6715946077990509,0.6715905029191401,,,0.6738415413143486,0.5853870824304555,,,,0.4726927079625879,,,,0.4787339449422411,,0.4772469711180806,0.4784827452867926,,0.47702880064138464,,,0.47180609663433204,0.47497017591201174,,,,,,,,0.47404390787282286,,,0.47481761613549306,,,0.4098109934799495,0.40928814293191507,0.3989898207281798,,0.39855619726540126,,0.4003215337190096,0.4001238297409302,0.40024051941560607,,,0.39970879547112537,,0.39923082455846726,,,,0.40111528974030564,,0.3984809387220513,0.3934262943765008,0.3944144305936549,0.3930383458132284,,,0.3833046358834023,0.3839340262155317,,0.3841480742138417,,0.3828681440990628,0.3839515283835123,,0.3848389135301924,0.3834244382660936,,0.3834855346546868,,,,,0.3831727239062732,,,0.38329944594676335,0.38314455382448287,0.3833065723767177,0.38375831076677314,,,,0.04934224140079361,,0.04907173536328923,0.049161792703318455,0.04904299812464812,0.04894766972225459,0.04883832551740002,0.049521224848849035,0.04964619991716051,,,0.04951887815715058,,,0.04960944074813436,,0.0494368737054885,0.04966975342928175,0.04958345767864723,0.04948327127871619,0.04957661521852038,0.049554429159185565,0.049659522519672726,,0.04953467293463279,0.04958925841977436,0.049536058704341294,,,,0.04956515269535197,0.04963034876236169,0.04963762468871504,0.04943137900494846,0.0495673748677114,,,0.049437352532181365,,,0.049411400853394,0.04954780711256414,0.04947800007271941,,0.049443771535455955,,0.049466061020126455,0.049422909280742784,,0.04951755494480119,,,0.049625223420535505,0.049612301168912756,0.04956537674834939,,,0.049564269795370784,0.04953890148615885,0.04951848574173862,,,,0.04960403807306157,0.04959362560211927,0.049438610451987774,0.049778206016402315,,,0.049456901450886735,,,,,,0.04948705056995345,,0.04960920049365865,0.04960540431185789,,0.04954858397872233,,,0.049437851646758714,,0.04953647678230756,0.049591899495002624,0.049483643174477544,0.04948838518774358,,0.04967184309400562,,0.04962308386706451,0.049561754199300964,0.049578544286944214,0.049533365822169516,0.049449920660288665,,0.04957958390748751,0.04939496939371551,,,,0.049710650824974716,,,,0.04952081633385951,0.04952659835235726,0.049586248233138716,,,,0.04966512886737528,0.04961065866805591,0.04954643890463202,0.04957972152124182,,0.04951486912279467,,,0.04955571459214787,,0.049406150229855665,0.049561597057506075,0.049543908295344746,,0.04959916786017263,0.04947669634350645,0.04953730755594993,0.049475255343695845,0.04964157880313803,,,0.04955932093433255,,0.049514626252084616,0.04963411425871536,0.0496164781442463,0.049520442968749814,0.04958595928285455,,,,,,,0.04953190101750742,0.047675164688612194,,0.04785740791142526,0.04941864653194431,0.049367487590204186,,,,0.04929180072535115,0.04919871146831694,0.04917165163160813,0.04950859848963572,0.04947262265090433,0.04951475994297228,0.04974478818475502,,0.04953026824355949,0.049683875501967865,0.049635001426157926,0.04947987783450659,,0.04950801358503704,,0.04950433854786148,0.049583181712939954,0.0496058089091205,,0.04959881013739778,0.04957501240401668,,,0.04945180396924482,0.0492498627076165,,0.049579234679117526,0.04941552957822096,,0.04940725538267653,0.04946078324127496,,0.04935736404826826,,0.04958263271321768,,,0.049453598267954625,0.04957414994981448,,0.04952335102714755,0.04953805142999447,,,0.04951852432507047,0.04953719876777416,,0.04947194796161636,0.04956523359683356,,0.04945061445983806,0.04956908946029377,0.04955186520472608,0.049484113044360456,,0.049599857939004566,0.04958306764147389,,0.049612035137373896,,,0.04961121631321106,0.049440436473608046,,0.0494283973301909,,,,0.04942631204279119,0.04945551834279636,,,0.04951721332729164,,,0.04945059597420349,0.04957098434175243,0.04946240081380961,,0.04952084615153977,0.04943647707045058,,,0.049467900553274206,,0.049403161635196084,0.04935949626823943,,0.049553134178550895,,,,,0.04950321877307798,,0.049464101431932604,0.04960107609590098,,0.04916594761160115,0.049418911301833686,0.04960663980263826,0.049258226252093466,0.04955591332250835,0.04948911593502474,,,,0.049431551672862735,,,,,,0.049497816179313994,,,0.049390912984514784,,,0.04938586454905246,0.04951738302706015,0.04962871266234315,,0.049409984988862,,0.049508033905063184,,,0.04954959587064798,,0.04937716152508717,0.049491457587170634,0.04949558247837536,,0.04952848111456324,,0.049532287433206715,0.04949197000189995,0.04955223560389643,0.0493972181444594,,0.049593803888786536,0.049352192726699565,0.04951271330722931,0.04953330511180131,0.0494715502437583,0.04947784235165726,0.049514489225834034,0.04956280475379003,,,0.04950345105440024,,0.049609460661415,0.04958520715424992,0.04941840588359013,,0.049519878797771914,0.04952001542975244,0.04950446086451332,0.04943574714848049,0.01213788138978065,,0.012199948938697396,,0.012179646630320276,0.012174823152166586,0.012171423269819475,0.01212312949856633,0.012186497728714935,0.011944759931742389,,,0.01188228940900709,0.011921932130700766,0.011925312808232903,,0.049402261383555475,0.0495660749882469,,,0.04886160959762428,,0.04787564564567818,0.04766792286618688,,,0.046412630470459834,,,0.04971327536591419,0.050150645805941654,0.0501731959316051,,0.05021686463222568,,0.05023733377576135,0.05026934060273071,0.050345752888947284,0.05033834474532959,,0.05028746238550946,0.05035290206953043,,,0.05067077652891569,0.05054279319297617,0.05042416312669172,,,,0.05041810275192989,0.05019169181557615,0.05026311348387326,0.05031007566407649,,,,,,0.050368617477852304,0.05037105718801284,0.050330403538578296,,0.05042724941103167,0.05092119990435993,0.05085972138290428,,0.05099767105415623,0.05099001602492083,,0.05121014047465773,0.05119561190482013,0.051073560537455445,,0.05112740312257915,0.05117492693868322,,0.05113185032478123,0.051129691611585176,0.05110648159269972,0.05110501738649342,0.051276847160009034,,,,0.05094184340757902,,0.05103350670103397,0.0509955597602671,0.050827086873261526,0.05101938373781205,0.05115363437030769,0.051038086253853865,0.051012075891744536,,,,0.05085532530097641,0.050834842924576386,,,,,0.050906146211965805,0.050883878030439464,0.05088019930683699,0.05088062197716348,0.05073768317034171,,0.050904441469028915,,0.0508615946218151,0.0506156005343847,,,,,0.050874082074742706,0.05093550895397154,0.051055045101766845,,0.05080620409760299,,,0.05084378356291464,0.05091370186933288,,0.05082712029694167,,,0.05092127107386726,0.050985744561662785,0.050919570289273755,0.05084672085757911,0.0509694774228086,0.05087192953461335,,0.05076547738427485,,0.051034710071987656,0.05122965780722182,,0.08648116274032994,,0.08650180592492214,0.08659708890845579,,0.08637526668159651,,0.08630844858516627,0.08615843083034093,0.08630334121533777,0.08655854200772437,0.08618805274181457,0.08635574714112358,0.08660099111981077,,0.08643613927821575,,0.08659286050081895,0.086404352092139,,0.08637073165574645,0.08646780889907198,,0.08644136362136957,,0.08626711927460116,0.08659383674051783,0.0861690531133332,0.08633289836161955,,,0.0867327011513429,0.08647451254522434,,0.08669300227267031,0.0865776475046328,,0.0865893102789438,0.08672667703390856,,0.08627898743315172,0.08629409022880388,0.08649067535515673,0.08632858523735037,0.08618174641383054,,0.08629764456318684,0.08612972833064131,0.08643553185845354,,,0.08620922616549564,0.08631087708979947,,,0.08636565354441018,0.08664185982839673,,,0.08655035455158748,,0.08648911731447759,,,0.08630678466437022,0.08539642614183189,0.08601891327010346,,,,0.08640831738596817,0.08638517347030832,0.08652883617538894,,0.0864137452516168,,0.08683128062994219,0.08656437945926342,0.08649649592906399,0.08655650095032105,0.0865880169451374,,,0.08627989609842003,0.08663799829767263,,0.08610487772138493,0.08624983513547742,0.08650047462721443,0.0865153291655,0.08678654425138793,0.08642772247091303,,0.08658569983831393,0.0865058533530903,0.08641936303063814,,,0.08639410853936268,0.08672477007889288,0.08638708652798717,,0.08649218894410639,,,0.08625858945637051,0.08613545472409177,0.08636458644702937,,,,0.08654485762325123,,,,0.08640189784749466,0.08636721309427203,0.08620164340185615,,,,0.08624905438852017,0.08643971477634618,0.08636615112856738,0.0864266788097869,0.08614694325119814,,0.08632127143082473,0.049566671678164795,,0.049492832955683026,0.04961860629370661,0.049603374934773556,0.04967050653845365,0.4197272500681947,,0.4170897168921074,0.4184487472258198,,,0.47526411080525044,,0.4735047611592723,0.47460765308382,,,0.47431465837481607,0.4758812609048943,0.47444596298609243,,0.47472005728793465,0.4754959289002802,,0.4746512555894432,0.47681006623402516,,,,0.4742928167238792,0.47457009852153825,0.4757233754724645,0.4751830732986192,0.4745772676737647,0.4760485904960252,,0.4744512866042152,0.47552845843705666,0.47443095983379147,0.47399375176080205,,0.4736754449780636,0.4742876231662331,0.47541058133942865,0.47447168938891643,0.47491118126277143,0.47393939040704935,0.4735413449478831,0.4734922602228789,0.47400102403843,0.4754192742531721,,,0.47655235188040224,0.4761141650331351,0.4751219302597777,0.4751419647490536,0.47424108126082143,0.4745784314686408,0.474904747678451,0.47520018267099123,0.4739039459376161,,0.4755971427956188,,,0.47511974546865365,0.474033291466476,0.4755425468382412,0.47475949816418456,0.4732367929470341,0.4734801814153948,0.47491479732121755,,,,,0.4752268324566863,,0.475583244290966,,0.47519711215679744,,,0.474456761012575,,,,0.4749616083405837,,,,0.47380975180954216,,,,0.4751317082525737,0.47415684192661584,0.47446785455639284,,,,,0.4754290305337809,0.47430593061668846,,,0.47487363102158076,,0.4746181442455963,,0.4740360528224838,,0.4738735016041581,0.47530448528454144,,,0.475309747653217,0.473976808995504,0.47460587340775,,0.4748724141492712,0.4741692969472451,0.474406149682946,0.47448158432623017,0.47471407883885275,,0.47480803102485875,,,,0.47496412100338414,0.4745351963276747,,0.47525553708994406,,0.47408609040305166,0.47500942698882537,,,0.4760545739094385,0.4746027125529826,0.47436436870711624,0.47331361258865806,0.4757457129273838,0.47433790294992595,0.4757358486832392,,0.47461235002238084,,,0.474956410832373,0.4752310557704042,0.47349921431909353,0.4746438152173625,,0.4751933717917639,0.47489709161254146,,,0.4744722482056954,0.4747118023424364,0.47459598908965417,0.47347004877203164,0.47322885352894817,0.47554194434796765,0.47377462506858103,0.4759175787704147,,,,0.4746514619394952,,0.4737507474565279,,0.4758245305034461,0.4748354185285342,,,,0.3643955317106075,,,,,,0.4786155622437961,0.477189006671118,0.4780939248950355,,0.4784124084132711
4,4,DG_8pct,16,Z07_F10,7,3PH,175048,181972,True,5520.881980003816,5539.714240823173,5546.443336343277,5653.1087113083995,5673.244495028022,5645.301449508405,0.867165733853866,32.62289512057629,32.92006526474863,13.860026619204778,13.920154888467687,9.250888977331206,0.27689598082489547,6.5876493652556585,9.682529487237526,0.26001491097840307,3.6563501140106776,1.3865526791364926,2.8572347429152587,9.599284423073968,,,,0.67520831696778,0.675264920812087,0.6747135352619134,,,,0.4744420663781092,,,,0.48210185031963304,0.4782159698309001,0.4802520389938734,0.48019412500703723,,0.4791342127515283,,0.4735342461478597,,0.474853004498382,,0.4758680987055621,,,0.4692042304705267,,,0.47537300287536977,,0.47580287731897086,0.4750767678844349,0.47597675820125956,,,,0.4105495193037443,,0.4007635593641593,,,0.40136364615624387,,0.4004029462100204,0.40081437347673976,0.4019564258237778,,,,0.40087623040604803,,,0.401289251245892,0.4014104247571144,,0.394654377522353,,,,,0.3844504318975861,0.3837364339604876,0.3844140422795847,,0.38396265363653753,,,0.3849766995499935,,,0.38532848079634346,0.3852880876087484,0.3852446646530692,,0.3843637355331296,,0.3847681054457467,,,0.3839761713417465,,,,,0.3455938707723056,0.34759646664609933,0.051354893186134294,0.05111893215649922,0.05098926611933371,,0.050959580656800944,,0.05112554709576165,,0.05157628588703264,,0.05175638454564108,,0.051617734984240965,,0.0516229919378245,,0.05173241480607602,0.051588461296861746,0.051690495030070574,,,,0.05149739084181595,0.05165784701847326,,0.05159598969017282,0.05152958261968232,0.05151696985837206,0.051549448328614966,,0.051596522109036716,0.05154098131024108,0.05167461719118826,,0.05153309079811487,0.051653608256198955,,,0.051788491695251265,,,,0.05153080237493613,0.05146674007854785,,0.05142913823336052,,0.051601841999074576,,0.051690519207582074,,0.05174257691330243,,0.051591376964690676,0.05161011934171741,0.051717658805248645,0.05161572269662625,0.05155327622892039,,,0.051576335923252455,0.051690522352730174,0.051574240005699025,0.05158983250184006,0.051571163271540474,0.05176966518154498,0.05157550385157991,,,0.051481414645483045,,,0.05144644225488614,0.05164908419107525,0.05163499459614358,0.05157422188146724,,,,0.05175354252283389,0.051310828222225734,0.05156042473406987,0.05175998582026104,0.05150394632954915,0.05162909968664679,0.05170433019320716,,,,0.05156668911342394,0.05164108067619089,0.05172211958644651,,0.05164021872503554,0.0516216713042048,0.05156042751198197,0.05170293098571629,,0.051617031173039826,0.05165973654961826,0.05167478818233428,0.05144675486667072,0.05169856161542488,,,,,0.05165782781478711,0.05163499543081128,0.05164538666888888,0.05144880609076163,0.051601235637478926,0.05165319654601762,,,0.05165481195987813,,0.051565850500308416,,0.05140965606982987,0.051634446713865925,0.05152049482300009,,,,,0.051592022291787706,0.05163317788992052,0.051537784290107504,,0.05152479969591749,,,,0.051467721437909196,,0.05161026633447958,0.05161966837634337,,,0.051400868195163,0.051659311396002154,0.05151680361030796,0.051713936921927856,0.05148550340236188,,0.05145130472374442,0.051623014102447004,,0.04993599011206688,0.04978602741624482,0.05142350942049529,0.05136816098905108,,,,,,0.051389140379724134,0.051645254838754526,0.051601775040623785,0.05155624297728551,,,0.051548174694665265,,0.051574798605778516,0.0516063576689738,0.05169102588533978,0.051482462625646305,,,0.051630388668991965,,,0.051594319200843924,,0.0516601170124414,,0.05179430262998464,,,0.05152589921628201,,0.051543014840115385,0.05153173872264352,,,0.05154356779321898,,,,,0.0517931402471776,0.051488540692720824,0.051706182350142876,0.05153486847807687,0.05150766590861937,,,,,0.05166279552986035,,,0.051718029077576805,0.051595342976088,,0.05172727050195928,0.051729440568979844,0.051670997512221664,,,,0.05167083408534208,0.05152678640303335,,,0.05159864733786958,0.051699016342675264,0.051489757645189156,0.05170270367218946,0.05156884280043547,0.05165703048401485,0.051583395301927744,,0.05154602916666456,,0.0515943621317427,0.05142954105528275,0.05159306868069934,0.05163994172274668,0.051500398675105946,0.051440078697232404,,0.05161250396654672,,,0.05149871994244872,0.051616923350503226,,0.051524303745644276,0.05162441657722858,0.05142082359785002,0.05147444138312336,0.05161976876668916,0.05155801148178955,,0.05151266978151505,,0.05145880027947015,0.05150952427627233,,,0.05160345823053834,,,0.0515214125641137,0.0515365407772518,,,0.05150756898171768,,0.0515175991832206,0.0515012927519664,0.05136215502641937,0.05135896234528486,,0.05154905408788268,0.05156517081376263,,0.0517062136740246,0.05141844747707558,,0.05166812370701752,0.0515361320094918,0.05147671953645995,0.051526861760799805,0.05158401330966076,,0.05148205334095149,0.05150309549209636,,,,0.0516236556309532,0.05162532449428762,,0.05154036651739998,0.051490092345187706,,0.05137668323133888,0.05154069787175782,,0.05138017917613497,0.05156648883790673,,0.05155445667436487,0.0513414058008904,,,,0.05154818392835009,0.05153396161249814,,0.05141343354990878,,,,,0.051490848991415344,0.05144639419167664,,0.05156211940681603,,0.051528518891974726,,0.014271969549509086,0.014259727748639515,,,0.014248634427529744,0.014273905490817161,0.014246879826050727,,0.014274899228322879,0.013962910429677433,0.013968264082562085,0.013927688444644176,0.013959630422435327,0.014008250130234757,0.013941444723254296,0.05144050203035464,,0.05160468103585638,0.0508968188813963,,,,0.049756560704029444,0.0497117890763296,0.04844869255772398,0.048440057658200954,0.04832096664830394,0.05175618816958515,0.05179502391617093,,,,0.052237196464573955,0.052369130885324966,0.052467611967171875,0.05211862556478496,0.05254482457777938,0.05244463527678991,,0.05254827242365317,0.05236191603337154,0.05251324755802337,,0.0525672617849912,0.05279592717659564,,0.05240567699245935,,0.05244320625377038,,0.05227104501242317,0.05234343613364177,,0.0525446981751851,,,0.05236764331366024,,,0.05234531126881265,,0.05249230438232872,0.05235205241590417,0.05239770199476264,,0.05304459863765311,0.05319897494733509,0.05301589755577465,0.053011436592022454,0.05288859229167313,,0.05343041054047129,0.05337545186214113,0.053359230251354146,,0.05319381624721794,,,0.05329585258194656,0.05316152647489649,,0.05313715540277088,,0.0530525877870836,0.05312068468490964,0.053088141287076354,0.05306776718401354,,,0.05305134079070469,0.053109478628432884,0.05308111881962202,,0.05300311980853068,0.053224090362656254,0.05290091822116649,0.05311157574631868,,,0.05313292740931232,0.053167424635480104,0.053040324410816325,0.052930021927752105,0.05309747834320793,,0.0531614231667875,0.05309939737904874,0.05289980912096547,,,,0.053013534237001544,0.053005764608757014,0.05302914766600003,0.05296805314612125,0.05307782019507746,0.0529673980522128,,0.053089329458993806,0.052984146235377214,0.05300329835978066,0.053131523785722064,0.0531309356242546,0.05299467880972312,0.05292639794414769,0.05296906206805728,,0.05296014807314881,,,,,,0.052997235257457524,,0.05295341355526391,,0.052851121514491374,0.05298146211922152,0.05301434203320667,0.05312715857843409,0.05298494808231969,,,,0.08868123915454439,,,,0.08856350350071267,0.08884040869606326,,0.08860759489720767,0.08890887778789479,,,0.08867487175949877,0.0886631736471245,0.08879916465796432,0.08873600345413195,,0.08880216771932704,,0.08872545400886564,,0.08860713529559794,0.08886493732576149,0.0888215273887747,,,0.08854630759459062,,,,0.08888977840559148,0.08881081557622703,0.08892499567636844,0.08871327352298722,,0.08878599948227542,,,0.08865486775677982,,0.08839468047296782,0.08843811377919912,,0.08857713036742934,,0.0885135729935067,,,0.08872424341252426,0.08881715492133094,0.08865420342449686,,0.08838457217164264,0.0886123053664085,0.0887957799072118,0.08870974116635794,,0.08855727364952293,,0.08908862149444538,0.088765359151614,0.0887234318763358,0.08891891361285172,0.0873552401169876,,,0.08868560021500498,0.08891605590138965,0.08866178796271192,,,0.08860361186611251,0.08890134196272612,0.08871709656200963,,0.0886514202220613,,0.08886716740088961,,,,,0.0891097227230062,,0.08856856197599121,,0.08908928453276292,0.08861039385359291,0.08870501816597444,0.08861762563235971,0.0888651269269191,0.08886679002368285,,,,0.0885986349696871,0.08862506436835431,,0.08877669647840561,0.08890759759488094,,0.08858750586969727,,0.08856455600744698,0.08845319022655786,,,0.08866591788953891,,,,0.08857292286338725,0.08862039882944617,,0.08845622856932699,,0.08870038088599902,0.08853010759852788,0.08874117956908438,,,0.0887183969571256,0.08864732027615368,0.0886107590393289,,,,0.05164078948587738,0.05174303291724183,0.05160192531132664,0.05162205324408943,0.05170667739246626,,0.5061414509148346,0.41764668449813713,,0.4179778260078093,0.05299764702737348,0.47526837831958735,0.47639441368046853,0.4751620328662508,,0.4756094287581817,,,0.4748285176096566,0.4771534701404242,0.4753952955584202,,0.47504500985960124,0.47618582952687294,0.476051330436151,0.4755937165069742,,,0.47610663177687707,0.47722179267740167,0.4765205732727291,0.4773066414730458,0.4750902732153978,,,,,,,,0.4749217042055163,,0.4759484282899916,0.4751820720898599,0.4757889137023969,0.47531406020768024,,0.4760314268440122,0.4758020138006265,,0.47465028580164476,0.47760496735724794,0.47630734096183236,,,0.47658013839992136,,,,0.4760982239070115,,,0.4764009088155483,0.4763623022009419,0.47550960927526204,0.4761149136690066,,0.47585551912499885,0.47616141716159577,0.4760009699184075,0.4768998767737114,0.4762112555354688,,,,0.4776542846257587,0.4751332290934989,0.4751814532764126,0.47691729766701957,0.4771519783851184,,0.4763686622182825,0.4762824783840885,,,0.4744489284778082,0.4763428210631612,0.4757594459769641,,0.47539927783106634,,0.4763863423497309,,,0.476067317177718,0.4765869188735279,0.47581536758803106,0.4763116577489128,0.47666244357035115,,0.4751914404181764,0.4756315157877223,0.4748761919624356,0.4749324185982612,,0.47689899823245463,0.47621742332460026,,,,0.47559468361490326,,,,,,0.47684386615529706,,,,,,0.4738313821226702,0.4754263535631845,,0.475367415602123,0.4755029538952902,0.47538300684565554,,0.4756367029606851,0.47565335545729165,0.47498917082772174,0.47795997113253363,0.4757404212033362,0.4748699148817846,,,,,,,0.47560969089449817,0.47450188682665156,0.47673486411408833,0.4764945682526806,,0.4764835971969651,0.4761222420402619,,0.47589307222933896,0.4758905728448889,,,,,0.47587450568631745,0.47560771789400247,0.4757082146425005,,0.4757910928603821,,0.4744757772690825,0.47575794478180544,,,,,,0.4759805368952126,0.47629143265857904,,0.475090858705866,0.47468583274643095,,0.4754182793064973,,0.476081588595143,0.4754161082135377,,0.36593111548183277,,,0.42074765646871093,,0.42017909500329603,0.4783839465335071,0.4780660822931092,0.4789427791523867,0.4783914233661389,0.4788468654783226,
4,4,DG_8pct,16,Z07_F11,7,3PH,175041,181979,True,5601.404207601888,5639.1244126588845,5639.467705321158,5731.775566277699,5715.821887819131,5735.057078122789,0.6331792164041817,23.874012404489218,23.97448538375207,10.169992935219847,10.202222262915488,6.7795175691429455,0.2040701346727951,6.42246535158541,9.543171558716885,0.0014488490881308586,2.6766406086020287,1.0160578942602407,2.081789215361298,7.047162034887628,,0.6692142251232638,0.667419417016802,,0.6706310580862603,,,0.466523212790581,0.4664108574400393,0.4657480479947497,,,,0.4714066797767312,0.47268807710072547,0.4717204030531667,0.470927317657961,0.47161155182644066,0.4710632819601053,0.4723191736872081,0.4651690752357549,0.4664023650740903,0.46803408998657114,0.4679500185541836,0.4684716783524002,,,0.4610393973391951,,0.4692391708958021,0.46812169128535686,0.4662255176153032,0.4682721540504541,0.4676009045285424,0.4671195717241941,,,0.40232618650319096,0.40225864483249707,0.39223219394347447,,,,,0.39337515742035956,0.3931868109435803,,0.39286416924029394,,0.3922315451559468,0.39210732745686416,,0.39257673656686015,0.39368613730844815,0.39272652034797584,0.393217557297736,,,0.3846233234406904,,0.38570347293595236,,0.3757128186410802,0.37420388825591683,0.3761394106452389,0.37548973438043215,0.3759839156168054,,,0.376436164309046,,0.3754800053861977,,,,0.3764616150551464,,0.3757274968460706,0.3760787046055621,,,0.37582471645325,,0.37590151812219963,0.3755902942125302,0.336449565369352,,0.33651204939447305,,0.037504134685316846,0.037406535593200195,0.037565572214903545,0.03735705413221824,,,0.037917249863979506,0.03789226718871626,0.037829329422517786,0.037853190978704536,,0.037717648503926504,0.037914816408411225,0.0378964408104637,,0.037784087071781276,0.03775718659407587,,,,,,,0.03798385957150879,,0.03780909694504605,0.03789629395272681,,0.03789948448325815,0.037801192683866315,0.03785419434346328,0.037855186743512584,,0.037683113014814015,,0.03783353104694599,0.03790465856661465,0.037760647555716016,0.03793087307320143,,0.03774857617346612,0.037767450960177786,,0.03787529498965966,,0.03778895061708544,0.037817676305306434,0.03778194126451653,0.03781297276627586,0.03783483820882314,0.0379023395024959,0.037852919152322445,,0.03784250298676541,0.03781212147021964,0.037929914988179055,0.03779313824454339,0.03783327272500586,0.037845692285920926,0.03779105204353172,0.037885041837773886,0.03789970350042114,,0.03776652291224681,0.03787165113058108,,0.03789977262024907,0.0378363828972585,0.03789253467801448,0.03786577982865261,,0.0378377979513726,0.03778037892093437,0.03787282022758003,0.037847314430677764,0.03781040051781505,0.03795472022384129,,0.03779564373491523,,,,,,,,,,,,,0.037932077194981186,,0.03778819135532246,0.037722719878301676,0.037794243037939115,0.037778731011300595,,0.03792956796941092,0.03785632044534234,,,0.037771747950561665,0.037800619307529496,0.037739540505335845,,,0.03786651994613802,0.037895202907183345,,,0.03783519564560593,0.03795338367406631,,,,,,,,,,,0.037726637017111236,,0.03788709269966397,,0.0377896906699963,,0.03782993007635835,0.03785987754585557,0.037820379413614984,0.03780826766662924,0.03782753147263094,0.03780242896735163,,,,0.03780099927959471,,0.037881365962016106,,,0.03789204884201212,,0.03775339061930432,,,,0.03658586550841422,0.0378689336600126,,0.0375605237510449,0.037537253847285935,0.03757114830000868,0.03752953543007362,0.03776620370700486,,0.03782998596875524,0.037750142856828095,0.03777488195959258,,0.037867162892660886,0.03784475472951297,0.037863392423732795,0.037876075299700614,,,,0.03775458172397878,0.03779007588337505,0.03787405607667172,,,0.03783772492221462,,0.03780593288505526,,0.037661636772745435,0.03787502188579195,,0.03786167573871178,0.03785052122642497,,,,0.037809150161193024,0.037827529097309395,,0.037800674321403376,0.03792090628735496,,0.03767653395150484,0.03775425251499935,0.03790239920590755,0.03783102039765621,,0.037809840581364954,0.03796204205770545,,0.03778975695749357,0.03773727125743577,,0.037822613611986064,,0.03780017939349907,0.037827071448405414,,0.03786004087364153,0.03786368126128263,,0.03796150376958669,0.03789838954896276,,0.03779188861516701,,,0.03783124006993628,,0.037936473941031675,0.0378381788289563,0.037776430877945286,0.037757971264934014,0.037926050149777624,,,0.03781689196599978,,,,0.03780547901726924,0.03784264375202215,0.03783987216518857,,0.03776910924076759,,,0.037917711791906075,0.03771034202490096,0.03778479741676786,0.037837833037602096,0.037784550147484976,0.03780766042207945,,,0.037788702624242165,0.03779377462939572,0.03781531976939032,,,,,0.03776230886928578,0.03780613840877509,,,0.037716540985556234,0.037933866210240245,,0.03769170540761098,0.03773527422787959,,0.0378025225459939,0.03774251946114155,0.03791653054310578,,,,0.037837654882105685,,0.037835557266908126,0.037857990824346016,0.03782767911840874,0.03777090131804639,,,,,,0.037665232617455933,0.03794030462948211,0.037977928674103975,0.037786687870132785,,,0.03784178435270068,0.03775237115665985,0.03776431402747448,,0.03776103204022168,,0.03782637027725647,0.03780702066736642,,,0.037792044487558324,,,0.03782963114989794,,0.037712152763244654,0.037803165255403705,,0.037770037610353656,0.037835390605302936,0.03767344115551178,0.03772650427561896,0.03774157449721456,0.037845992032903064,0.03782641590511302,0.037851409632655465,0.03773430539513174,0.03784687087882754,0.03777003404052598,,,7.919229226213436e-05,,7.9160750515229e-05,,7.931582192603489e-05,7.916717251293816e-05,7.933661426156661e-05,,7.907934313770313e-05,,7.719461655716214e-05,7.758148630924277e-05,,7.760790670449029e-05,7.749748368066963e-05,,0.03780551274829008,0.03782350302540115,0.03743199999243789,0.0373946405218858,0.03747794942913375,0.03655805863150222,,0.03649628873239773,,0.03551701415482691,,,,0.03785048800251026,,,0.03838534003256653,0.03846276210986328,,,0.03848938663355826,0.03844352083849056,0.03853103480578322,,0.038457138724508934,,0.03846115981001311,0.03856900274690067,0.03866657143423526,0.038713498571702865,,0.03851139711168323,,,,0.038457538053235284,0.03847150688801642,0.03851431646013573,,,0.03832094731512727,0.03846311332471635,,0.038479609991953496,0.038324273820172984,0.03841197879587468,0.03852936307569661,0.038422524560144694,,0.03896897528051131,,,,0.03877350199382216,0.039130037485938546,,0.039228945753346366,,,,0.039134268119564365,0.039064062415924555,,0.03911797062188028,0.03897358691098473,,,0.038901554173978274,0.039011459233334426,0.038801962516741534,0.03895096097330357,0.03895903865899123,0.03901184217802022,0.038827363772289694,0.03889733207833249,0.03898882747833687,0.03881973624194888,,0.03889387349043063,,0.03881424455899877,0.03900176527558776,,,0.03893947408317021,0.039007105715131406,0.03891766376846275,0.03884752402807948,,0.038982649476928935,,,,0.038920860291012487,,,,0.03890955716198036,0.038930201366911915,0.038866957172264564,,,,0.038845711674683175,0.038911906751563925,0.03889868762932933,,,0.0388219881956507,0.03902572844709641,0.038831223074670206,0.0388336196004829,0.039007024386522,,,0.03905552420931209,0.03878920323087159,,,0.03892853287171636,,0.038930523019051345,0.038816106985465414,,0.03883093415053851,0.03895272600752815,,0.07639081284451273,0.0760757286836124,0.07643240851768607,,0.07648469029806487,0.07636847524884391,0.07640333618637274,,0.07646446741271808,0.07643758101500198,0.07635867377587427,0.07645348395376711,,0.0766621218894915,0.07629161267193878,0.07639729820229493,0.07632067738037887,,,0.07630696200342098,0.0762445691944092,,0.07648182418182173,,0.0761714698432529,0.07636409142953002,,0.07650797922698153,,0.0765836084808066,,0.07623464868470455,,0.07662038340141002,,,0.07644401373030589,0.07652409101018079,0.07614104153865946,0.07626279346395394,0.07642227670836069,0.07635362690171299,,,0.07598178883104367,0.07614386836027257,0.07630229937503158,,0.07641290838099896,0.07643204399614688,0.07639294866471616,,0.07645087758703614,0.07663563717230192,,0.07614835484106192,,,0.07634005878451727,0.07646214191963577,,0.07649647361420218,,0.07659860607237157,0.07539163977133652,,0.0761087698009942,0.07636670711511673,0.07638872574360323,,0.07646462213419986,,0.07622502842100705,0.0765778584782702,0.07631774186019996,0.07638717674928004,0.07637738159117452,0.07625896696626738,0.07640453676542246,,0.07656290695818262,0.0765498744805193,,,,,0.07653840695960273,0.07671086614968749,0.07643729247608637,,0.07654752929817792,0.07642830318270001,0.07651859007322442,0.07646220243899925,,,,,0.07644574514716368,0.07637083205736715,,,,,0.07650749368543712,0.07627184585987126,0.07651297012535221,,0.07639097642556525,0.07665869655488519,0.07647615230579462,0.07639158177254275,,,0.0765051358356835,0.07622064905515685,,,0.07633595171179239,0.07621552674081973,0.07637578965544062,0.07627317138531461,0.07652769508760097,0.07636729730425296,0.07639729128049887,0.07622921697319301,,0.037824093526272015,0.03786094780064897,0.037798238426077026,0.03790443833545052,0.037900047168638956,0.03783589667418469,0.41267409039224456,,,0.4099253959870258,0.4098393705123449,,0.467235112872382,0.46814959085037183,,0.46658055367729523,0.46595069047671367,,0.4671060940260754,0.4680266394048128,,0.4686025476030551,,0.4687062285261397,0.4678299640777488,0.4690646554988294,0.46720927933678463,0.467992114637178,0.4671493739477631,,0.47060184160872054,,,0.4685369456174278,0.4695156817966896,0.4692002070597449,0.4675258321057626,0.4678454368664366,0.46802884277541734,,,,,0.4669362468248182,0.4681897796449897,0.46860554365423224,0.46848880099096235,0.4690954380535141,,,0.4678083475550087,0.46836004723501334,,0.46810342373481434,0.46778894277839167,0.4699831227504039,,,,0.4676076875546615,,0.469551365340739,0.4689707373437214,0.46824872584027954,0.4678805812062996,0.4691904273433356,,0.4678183040235129,,,0.46771115610717684,,,0.46731741451169145,,,0.46814984809138493,0.4673677804165933,0.46792681337626396,0.46781976637618217,0.4677779165086467,,,0.46849214584398846,0.4681472868483758,,0.46956550711336986,0.4677347456134394,0.468855083831652,,0.46753679411878274,,0.468270086586488,,0.4673972157720251,,0.4680385226385362,,,,,0.4671236286652064,0.46853933571013173,0.4688702676940156,,,0.4675782217525309,0.46767769548039806,0.4676006985125867,0.46756649412400064,,,0.46810357736886543,,0.4690507483860239,,0.46753464164556213,0.46776060586409834,0.468574042434805,,0.4679198705415644,,0.4685391304828954,,0.4680942254257043,,,0.4688103842339983,0.4693011852233714,0.46859095883490265,0.4684299923423937,0.4693946421591059,,0.46803276856293086,,,,,,0.46802319912527546,,0.4679181917250406,0.4675837371138122,0.4686541813408436,0.4686653326422778,0.4680805240118426,0.46831399121728984,0.4686105856872503,0.46785053518677405,,0.46773870458667505,0.46753272308617055,,0.46896781861554643,,,0.46611708650895345,0.46843751747671203,0.4689954243037635,0.4668213515392508,0.46678643135669495,0.46854435015060014,,0.470205238543239,,0.4679395708897593,0.46841255790180386,0.46936836276141725,,0.469555663169536,0.468256142121859,0.4695552134852694,0.46742236820811717,0.4680266309188064,0.46881173551443256,0.4685475504119729,0.46781137101942705,,0.46891802539099137,0.4685124156191984,,,0.3562376686607777,0.4115645259645101,,,0.4734780083975751,0.4712351712894064,,0.470268246121874,0.4710420357960434,0.47155105519971335
4,4,DG_8pct,16,Z07_F12,7,3PH,175041,181979,True,5537.22443088877,5595.828153201602,5654.917720490893,5715.226948805151,5736.17731211736,5736.33558635571,0.6331387825333896,23.878389011400994,24.121972434264976,10.192034156728527,10.180994078766592,6.831564095201195,0.20323628149769424,6.4402168993228734,9.490312177673003,0.0014477711090728812,2.6761763937368737,1.0154286027905524,2.093650967586084,7.025962205984713,0.6685711450521132,0.6688574985466421,,0.6702629163465045,0.6708358261254592,,0.5823823528466754,,,,0.4668398331498598,0.47065003341019646,,,,,0.4713944894164011,,,,,0.4662557710134315,,,0.46721743202858523,0.46817991738257925,0.46203476064405835,0.46175352733018676,,0.46753069539471304,,0.4689999551430031,,,0.4691109303187242,,0.40149803963668323,0.40219681897322146,,0.3915933046411614,0.39234763635484887,0.39137064860195186,0.39301970120820784,0.3922347500411985,,,0.3925812026610524,0.39393074472021083,,0.3915455236325554,0.39335441839511104,,,,0.3931572855397674,,,0.3852915824350656,,0.3864224473763508,,,0.37565654525559816,0.3749950688718575,,0.3753464623742817,0.3754885292939086,0.37614784698704185,0.37614440583209346,0.3753732495743726,,0.3753848244083694,0.376092263334075,0.37612245011167456,0.3768880342508061,0.376010499490221,0.3758121836646785,,0.37655084271441486,0.37481638607514234,0.37549837445063594,,,0.37506242346005175,0.3753811551691727,,,0.3371733910137651,0.0376822051310489,0.03750042755272796,0.03744184353424787,,0.0373760929193325,0.037448094019853426,,,0.037905049125010734,0.037830182950096054,,0.03791067261201837,0.037826338415889296,,0.03782618567483738,,0.03789906359733368,0.037879969281581376,0.03784767420854434,,0.037860266993315864,0.037949551854256434,0.037788576821388295,0.03789671587684512,,,,0.03786646171823787,0.037874952421154774,0.03780637328157082,0.03785459772113742,0.03790595149887562,0.03780914174772349,0.03778972121978805,0.03787625902845108,0.03785459555332541,0.037843758765907676,0.037821643069864005,0.03771712139900689,0.037922188271556946,,0.03781377460803042,0.037864522056957575,,,0.03783707544028497,,,,,,0.037880926314834085,0.037972796012059024,0.0379176606272895,,0.03788966832591218,,0.037783078245811806,,,,0.03792190507379217,,0.037887189044062415,0.03795890706526912,0.03791832462752985,0.037887305127497814,0.037902648100882036,0.03805745395741704,0.0379467465529706,,0.03798513420618458,0.037797745421096464,0.03789891221374579,0.037939884981914446,,0.03786523343268242,0.0378482729413774,,0.03791037975595884,,,,0.03777334468318174,0.03776253381395351,,0.03785179330207916,0.03777997527411116,0.03791926127995503,0.03787407754424427,0.03786935577794266,,,0.037896382083311385,0.03778628407237517,0.037797607631025465,0.03780205624414261,0.037792779113606075,,,0.03782964274337461,,0.037850189894013245,0.03784921435427467,,,0.037947249970801594,0.03775095638776867,0.03788976732530331,0.03790520300919665,,0.03787386414135979,0.03783151035212858,,0.037914812719533765,0.03792695204380574,0.037875600063693636,,,0.03778396396947989,,0.037754965186112766,0.037633213959852266,0.037890354586976656,,0.03788895621134728,0.03779218705276959,0.03785669708753537,0.03776755899605599,0.03779808532885698,0.037873533432532976,0.037833081536268846,,0.03783743817283014,0.03795323740869892,,0.03783179812534848,,,,0.03783304778061178,0.03764906619614063,,0.03785397404309189,,,0.037703796001291076,0.037742705713018465,0.03644399786912345,0.03653710753908125,,,0.037670549208892574,0.03760494791269391,0.037669804598443817,,0.03754187110119734,0.03759113280105835,,0.03786678962861161,0.03792645186184892,0.03787142975534309,,,0.03773039186858935,0.037803473809122634,,0.037841310023663075,0.037852151914001445,0.03780424730982112,0.03774112293908609,,0.03786023156925303,0.03795777782249309,,,0.03786058453499636,0.037847919255498456,,0.03790914237740906,0.03782665952938741,0.037755747135365746,0.03783853508612653,0.03777862274418615,0.03783866123497166,,0.03780777326770622,,,,0.03783350541024355,0.037851495052515574,0.03777830270653881,,0.037840646014411505,0.03769730452476284,,0.03781694632588837,,,0.037848933243803076,0.03781392771140764,0.03778511592840251,0.03789099549727395,0.03779048784882922,,0.037770078686677096,0.03782014982754226,0.037775660929204986,0.0378867186666235,0.03782201637523878,,,0.03794044403159396,0.037861631451964604,0.03770171549463354,0.037870475252296365,0.0378028948989463,,0.03790477611886962,0.03787892756692252,,,0.037835016252193876,,,0.03784038678348798,,,0.03768055809726918,,0.03781888393503069,,0.03775218145804798,0.037862149959730675,,,0.03780615341138539,,,,,0.037705166164644185,0.03780439791117238,,,,,0.03787656161470617,0.037761495074685486,,,,0.03775174370701773,0.037715516822274794,0.03783145344828974,0.037805733424901955,,0.037743950002512676,,0.037755205680390286,,0.037726355618267045,0.037833929576499,0.037792038692141844,0.03776584676662919,,0.03777701948836762,0.037712950127599905,0.03767575675001533,0.03785990498083764,0.0377729750846601,,,0.03774307551766248,0.037742162011082575,0.03778747626777484,,,,0.03772123746401007,0.0378034354955529,0.037691151356922005,,0.03783168213406592,0.03782202984758353,0.03780332737836288,0.03783998995875166,0.03784605548108495,0.03772570219507628,0.037780529168393265,0.037786809163623106,,0.03787396311815932,0.037794828877742354,0.037756615571875374,0.037694599639104355,,,,0.037792899389269254,0.03769480509558507,0.03771102833928526,,,0.03780642163177704,0.03783973991383764,,,0.03787116547044174,0.03782450982651271,0.03791053994767516,,0.03784356297946447,,0.03776503586828034,0.03771191313729564,7.913350944215986e-05,,7.939948832586705e-05,7.896217576871923e-05,7.923802082480419e-05,,7.90532411579303e-05,7.902381029364993e-05,,7.770237653846769e-05,,,,7.764723772459755e-05,7.774099156982282e-05,,0.03775490373740254,,0.03732121284809727,,,0.03658194372917025,,0.03657062171055327,0.035574225510670306,0.03540168150120721,,0.037939698080510786,,0.03806739130681267,0.03841167110198553,0.03830692910430669,,,0.038364835995294576,0.038421425566129805,0.038457835757408826,0.03836839596157022,0.03849192483981337,0.038572950491158636,0.03840153480839681,0.038601974892422716,0.038467942551987516,0.03845612433747291,,,0.03841173428188073,0.03851661887354891,,0.03851899320120216,,0.03841621871576991,0.038434784800941174,0.03840912485317824,,0.03843596876279112,0.03842361783299282,,,0.03842292309960749,,,0.03834825404138053,0.03845865135487725,,,0.038922374081235486,0.03892204863280136,0.039020129404949276,0.038616288120032836,,,0.03911465328766446,0.039062131323325804,,0.039017482918785276,0.03906519982256611,0.039039773336906156,0.039112518337484165,0.0391958985237289,0.03910378259293296,0.03915894395805727,0.038945349676020695,0.03887782511503889,,,,,0.03907726362181453,,,,0.03885495813654022,,0.03892954966910537,,0.03888453949021863,0.03890907339066295,0.0389527177592003,0.0389950509427565,,0.03887191903900709,0.038907073778340934,0.0388884177797533,0.038809874439927526,0.03901644182189292,,,,0.038946557906900076,0.038860359176679,0.038904362659266785,0.038842735251288125,0.038897640557578904,,0.03896989238044872,,0.038868934016126615,,0.03884622030416644,,0.03888283150196626,0.03882782206924617,0.038878124055005424,0.03892351793831089,0.03896034197790036,0.03875984334443634,0.03887456255839741,0.03884765226575212,0.03880767968439167,0.03884385871348953,,,0.038809911083261595,,,0.038900982839874414,,,0.03882402431762137,,0.03880582971570746,,0.07637596672888253,,,0.07624061934829489,,0.07653298139297629,0.07635957114359494,,,0.07646305556613829,0.07621535578351758,0.07641073348982275,0.07640557041471575,0.07655544839430657,,0.07642195302276303,,0.07646542785656087,0.07648049488382856,0.07639821933483505,,0.07656513392578883,0.07638858028059432,,0.07641706565817384,,0.07621069417586952,0.0764690213427378,,,0.07641647885141073,0.0762575492688888,0.07649140520139301,0.07661063936607124,0.07655307712030132,0.07672403289767153,0.07663155586388637,0.07641119285968231,0.07628321616362611,0.07621918366951504,0.07617499829373033,,,0.07613121356302353,,0.0762686394085466,,,0.07618019312078433,0.076415250893925,0.07626101554349474,,,0.07620570294376021,0.07626257997746842,0.07626051428536423,0.07638106940546631,,,,,0.07642020819142911,0.07645526157371106,0.07617039599845807,,0.07602784982963248,0.07620055823271993,0.07637294335389623,,0.07639865760498656,,0.07677741995069078,0.07650820688470798,0.07644814372907965,0.07639710638910034,0.0763641237721787,,0.07650284781536662,,,,,,,0.07646687620913338,0.07653782233939423,0.07626507797263546,,0.07644917896982975,0.07643655819527267,0.07638500536129852,,0.07659549831247767,0.07644866427593691,0.07631536627338294,,,0.07641094914046079,0.07658516999208008,,0.07656302482326464,0.07635853233852788,0.07634715808180073,0.07645896967015675,0.07669413011729638,,,0.07645196510293407,0.07658766266566434,0.07636276802394523,0.07660344905086665,0.07616789848642315,0.07620003707938736,,,,0.07628596648679309,0.07636353213277253,,0.07623719741381528,,0.07639200169564819,,0.07639396768610374,,0.07632874573907254,0.0764656940711424,0.03791476291797985,,,,0.037927493036953676,,0.4125865986033558,,0.4097942577027639,0.40990844706440915,0.41088742672401274,0.03887708571225658,0.4676818180783882,,,0.4686339760425405,,0.46703976884815046,0.46891762366047945,0.4689247836398216,,0.46801469054236683,,0.46805792361366905,0.4676237152955697,0.4681065570610507,0.46834005571971293,,0.4682847577752151,0.46854637137064786,0.46934120340245333,0.4679888479475898,,,0.46883334401250504,,0.4696564945950797,0.46882058367937823,0.4673194748540286,0.4677877423047748,0.46769696755254575,,,0.46883062940372755,0.4689220174954357,0.4686485118850554,,0.46847549827549406,0.46955350207046725,,,,,,,,0.46826114677090835,,0.4676330748636287,0.46886024739507237,0.46775850618729503,0.4688441322644631,0.46847416483579174,0.4685139477197269,0.468522487240349,0.4688891396307655,0.46884852763009777,0.4671495077698631,0.46802225500311295,0.46878816473801166,,,,0.4680857139594469,0.4685252525768475,,0.4686400853905354,0.46682782107186477,0.46768101598959927,0.46900728396464575,,0.4689079629366744,0.4687588042381866,,,0.4679028199836368,0.46919298207714333,,,0.4686423051086035,0.46802135024386454,,0.4680645769184498,,,0.46698946635514227,0.4682824592662777,0.4678614530109714,0.4679713584479223,0.46968189941744015,0.4677641546988247,0.4676474257492435,,0.46740937846820835,0.4687888539746584,,0.46939219165563445,0.46987126042516825,0.46824134568567766,0.4679962223403339,,0.4680859232317341,0.4681642065115581,,,,0.46855475937468694,,,0.4676761586854702,0.4684668918154746,,,0.46783351266351236,0.46789553657973965,0.46861098982186844,,0.46994383600215794,,0.46936081352029446,,0.4692019200604379,,,0.46811057169967996,,0.4669171046674335,0.4684237704507065,0.4687616428820615,0.4681296033145402,0.4669539333035477,0.4688493559766958,0.4687842972964004,,0.46942440255690066,0.4675895619498901,,,,,0.46962663984031233,,0.46752678982063844,0.46913944332771457,0.4679482242205494,0.46797616179555346,0.4679033527594464,,0.46675034872607885,0.4676631867771452,,,0.4692952754543515,,0.4688870021609651,0.4679325881927511,0.46835314890813007,0.46788076731137146,0.4692947524901813,,,0.46794390133996666,,0.4695346324968407,,0.4696815744714866,0.46881765171702855,0.4686604077347739,0.46802002250343805,,0.35645009008470735,0.3558777544439696,,0.41092303506743066,0.41163405189658336,,0.4706207514492855,0.4714631978366736,,0.4711683730964228,0.4701820148279129,
4,4,DG_8pct,16,Z08_F01,8,SLG_A,255471,255418,True,4444.063576541161,4505.263866780393,4504.152929210235,4907.927545816561,4894.071467200123,248.62027424492302,6156.414160505157,1246.6332734986095,1275.59788773774,478.93476287212565,482.8535693308219,315.91612083875606,4.883812805714296,14.731930091075176,21.722086197351576,16.95930029077049,242.4305526957161,26.1842425979021,50.27669951876492,390.81837491248393,,0.7492350468192344,,,0.8656106680887695,0.9477067956934726,0.8585936452023795,0.6145973127963322,0.6175959612677071,0.6152787479460481,0.8568906497424809,,0.5233547962133607,0.5224031438489402,,0.8639853481912428,,0.9348384349800295,,0.9320476167021539,,,,0.6182537283748935,,0.6180652266301865,,,,,0.6187645974152044,,0.6195086782618833,0.6175699431899281,0.6190215224448504,0.48529435672945226,0.5960555828223935,,,0.596626475171745,0.5959446641497139,0.5960521518827121,0.5968530622244519,0.5960436134435845,0.5978421287178383,,0.598551626985834,,0.5971592184949276,0.5965977864050425,0.5975969236357964,0.5966422326027885,,0.5971344402428204,0.5975416458614285,,,0.4349485528267341,0.4359199427805433,,,0.4222224884736122,0.4210078057638396,0.42231511813054007,,,,0.42267683500040704,0.4213087995729126,0.4222729534389979,0.42213541239709795,0.4221582109125069,,0.4226102006831168,0.42311117498696704,0.4216826660079592,0.4215294058792391,,,,0.421924076486944,0.42185369578164583,0.4219624191297903,0.42226498164095505,0.42413790830281506,,,0.5596591400805934,0.9509193975825576,0.5221648278291958,0.5228385744602526,0.5227902340933822,,0.5220425435692934,,,,,,,0.04667722341872182,0.046650558140580486,0.04664088240751554,0.04670049592461765,,,0.04653925216312176,0.046598980510506406,,0.0465669234919614,0.046578620478849565,,,0.04673517226909846,,,,0.04656614604944871,,0.046701548350793404,,,,0.04679815211406453,0.04656072678354912,,,0.0466330370289481,0.046745508605094695,0.046542569732292136,,,0.046678892779193445,,0.046655593995046304,,,,,0.8953293493083622,0.8958226648471684,,0.8973364958003021,,,,0.9004711850455241,,0.8993188192232708,0.8930967212238046,0.8974708592702849,0.8976537339512466,0.8985397974187788,,0.8973082165317092,0.8961437652119755,0.8971282092256386,,,0.8968455911737219,0.895367053995215,,0.8956873411830293,,,0.8949270672361758,0.8958882123007962,,,0.8979812020837107,,,,,,,0.8962425899178984,,0.8954311539698543,,0.8947898335847694,,,,,,0.955762176254497,0.9585274820803569,0.9557045809814184,,0.9583190558508281,,0.9558758634797332,0.9544573905623455,0.9556917293239592,,0.9564970815300164,0.9541916499851795,0.9585653613582845,,0.9573787898532646,0.956224425051434,0.9555768812730295,0.9549696195176866,,,,0.955854905262565,0.9543428637883857,0.9556174423706851,0.9576601550803788,,,0.9556183605423303,0.9555985487907892,,0.9558449183428245,0.9557063086540218,,0.9561950280506695,,0.9548823239327059,0.956202831585456,,,,0.9576421415898257,0.9556852036861201,,0.9575458027031528,,,0.9557560956352944,,0.9542778548715851,,0.5113183667220949,0.5079303616389579,0.5082760040784557,,,0.5265367968482941,0.5254136666151141,0.5261576776008718,0.5266154842464174,,0.5252699646856118,0.07248393317637446,0.07267899073431543,0.07250027774923544,,0.07263288008155855,,0.07273516725783588,,0.07232103100935684,,0.07239398930812478,,0.07236239076811206,,0.07249813972921627,,0.07269019980182527,,,0.0724377584115232,0.07226757624696287,0.07246577291133043,,,0.07251186019457147,,0.07231445426641286,0.07254402915792588,,0.07237230377354287,,0.07229833842825119,0.07244927103894551,,0.07231326872601171,,,0.07245874687196105,0.0723906326951548,,,0.03904734058095226,,0.03903772527390716,0.039039526350025375,,0.03892963120342708,0.03901132506015683,0.03905796177464835,0.03918957411313516,0.03899471517217725,0.03904095584706684,0.03908652647838286,0.038943463927698825,0.039138941138745505,0.039110004968545234,0.0389920614471457,,0.039128499098051044,0.03914781714014369,0.039094543562256896,,0.03905627368118821,0.039075844054528484,,,0.038996689225404356,0.03904639650254975,,0.03897331068146492,,,,,0.910090972689057,0.9101975464639971,,0.9072974266741098,0.9119342018945668,0.9088051689158868,0.90907037194401,0.9082439741085255,,0.9092358737390889,0.9119575364004698,0.9106864924476109,0.9136880493794063,,,0.914014986381128,0.9103594910499105,,0.9124856780156023,,,,0.9104571456083633,0.9090869331381894,0.9073369707995896,,0.9087271752475835,,0.9090878942873593,0.9056462060977786,0.9085552316303459,0.9079896082925557,0.9068267825454335,0.9087799929070595,0.9087925724952461,0.9085399412902659,0.9117940170992082,,0.9101339329453499,0.9101717315754,0.9093988864305971,,0.9079975615468165,0.910286251260293,0.9086205117501573,0.9085594214489026,,0.9072527760092445,0.9073677297313909,0.9104799405084418,0.9095397989285084,0.9059296540646367,0.9076033203438669,,,0.9130713734456579,0.9086804499470348,0.9082219379202504,0.9149298366913272,0.9117677257587191,0.9121674883388959,0.9132292308588258,0.9122640436498667,,0.9124596110519531,,0.9145510234806775,0.9114880911237232,,0.9097598432684885,,0.912292056767122,0.9091700775325889,0.9107511465653053,,,,,0.9141814796028402,,0.9106463184952925,0.9120815699445471,,,0.9622383711070747,,0.9581252711969207,,,0.09119131681484471,,0.09069413803949769,,0.5301126297049551,0.5307910615644844,,0.5302638973679488,0.5305027151200019,0.530221277775424,0.037915795882203965,,0.8992538929718319,0.5222407642117922,0.5214269892413351,0.522468069885966,0.5094743130011055,,0.5094325213123337,,0.4971050819077381,0.49800224613111294,,0.9338042694059773,0.8763008170467835,,0.9447567197621403,,0.1408826147841565,0.9466836815376576,,,0.9475185673313226,,0.9493009786765398,0.9474801857970059,0.14546951733490388,0.9437847934195879,,,0.9537954006172265,0.5376193206272872,,0.5394017857677449,0.537879611329797,0.5376412893030721,,0.5378024226913787,0.5390296704023856,,0.536646802254768,,,0.5386660344235784,,0.5376132179093196,0.5387786966345287,0.5374422440579009,0.5388522331465522,,,0.86419213683422,,,,0.18146779205380928,0.18138475187310585,0.1816274166383085,0.18129034565826635,0.964429751648966,0.9655079932936519,,0.9638056960471244,0.8673749156233411,0.8651781974022639,0.8669163302969777,,0.5439015118053876,0.5450420405293679,,0.5458174353150617,0.5439293149783708,,,,0.5440804538474961,0.5459900673706162,0.5430816479512183,,,,0.5435783532501859,0.5443169966836033,,0.5434286035330316,,,0.5440668501799969,0.5450266857412306,0.5443937144807133,,,0.5446480777407634,,,0.5437349745772745,0.5429891964809779,,0.5447434099979143,0.5460831945982426,,0.5453086645021289,0.5437354414052298,,,0.5456298821256905,,,0.5444709877654985,,,,0.5449332186804331,0.5448832999310494,0.5432034467103747,0.5433006700636214,0.5443981895637335,0.5433189547371109,0.5443613418329459,,0.5443244737537808,0.5445663132661254,0.543892526408254,0.5454170636528919,,,,0.9542391224818786,,0.9505799644201945,,0.9529818008873693,0.953179003065321,0.953830776690638,0.9549569207602192,0.9520621304414777,,,,,0.1413328073336928,0.14116202832624022,0.14130529481173087,,0.14155931842487515,,,0.14100437578578467,0.14136696979408686,0.14122732246690942,0.14129508430762633,0.14168970565216446,0.14106581212450317,0.14072716081506936,0.14138381280971946,,,,0.9561707215862534,,0.9572052349122789,0.9589064330951182,,0.955204360856587,,0.9537620028663634,0.9027220872083825,0.9058430675360913,0.904812725764541,,,0.9038136543499028,0.903251882362742,0.9042034001094618,0.9070329648376314,0.9057313620513568,,,0.9044159941154347,,,,0.14116668279816572,0.14114059060110448,0.14141069661427025,0.14146226162000755,,0.14121402140335643,0.14092177344213974,0.1412245005455175,0.14152075588710333,0.14121129550219924,0.13975867382729523,0.140598857657752,0.1408482216445447,,0.9069380745554209,,,,0.9058196063479025,,,0.9541977370744366,0.9532991051541133,0.9551389848469891,0.9530429324117883,0.9558287539544633,0.9560036954376596,,0.9555117437215872,,0.9566669998825184,0.9558571488473026,,0.9548267157590832,0.9543944979746809,0.9557686910191363,,0.9560485992465608,,0.9551232554266756,,0.953555009075378,0.9539120882286339,0.9560105362649227,0.9551718932110236,0.9541537462816592,0.9575464400295595,,0.906209959196662,,0.9057492955692236,,0.9053419172107383,,0.9055919677425498,0.9088199964721704,0.9055084515039068,0.9035162115727443,0.9032566543081514,,,,0.9039422805589592,0.9047137028243557,0.9066489311662101,0.9075581501628046,0.9045808473270166,,0.9048745973638798,0.9047761915980401,0.907452155739307,0.9057644558372298,0.9068386459018503,,,0.5293230830278787,,0.5306492890497694,0.530978330133178,0.8810973778995516,0.8633000148846154,0.6079534875366814,0.6073519421390687,0.6060917763293254,0.16289666529524477,0.6163874977644624,,,0.6156633484631424,,,,0.6186795816416764,0.6181638714971605,0.615574829534362,,0.6164900652782982,0.6171989671445395,,,0.6186978571313383,0.6171824342224661,,0.6158888641246735,0.6154636695801254,,0.618708205309122,0.6186284952111375,0.6191300485563541,,,,0.6170170231435049,0.6181026958666962,0.6201892311641413,0.6173368355377077,0.616901927696529,0.6178713445204999,0.6182313519467814,,,0.6161041688037407,0.6153276742522218,0.6171899871577661,,0.6180010445259188,,0.6173866524418182,,0.6178633482122926,0.6163512128923091,0.6174983691461337,0.6169752144536405,0.6180042731352701,,0.6187361549241958,0.615474389849415,0.6168335636360298,0.6160287291189246,0.6164186715203911,0.6191473912966562,0.6195627189062409,0.6170803129019273,0.6172485392703025,,,0.6162962156338341,0.6172866802995837,,,0.6170942259355126,0.6193782483491264,0.6191758761947513,,0.6189208294323564,0.6173799304535008,,0.617919745194765,,,0.6192242604646989,,0.617493487622127,0.6169031450430016,0.6177142186168607,,0.6166044167887078,0.617693143158329,,,,,0.61688727825927,0.6198010969135457,,0.6168791772200236,,0.6172841899078232,0.6177457112826017,0.6168923608412484,,0.6166950855185835,,,0.618524598619847,0.6162710291995118,0.6186449158736851,,0.6172086834724707,0.6167712509870965,,0.6171827643993338,,0.6161187484624392,0.616366983265538,0.6173963215768972,0.6174122672444842,0.617119192042343,0.616584791296154,0.6168444399614446,,0.617514725350819,0.6163712517964237,,0.6176446534889319,0.6175198090097669,0.6180211251528753,,0.6172216195125522,0.6197307844775066,0.6164629452983104,,0.6183516728794657,,0.617646448666505,,0.6177811658079028,0.6187576857995742,0.6178411783732717,0.6156791160413894,0.6190655487268263,,0.6187806952401986,,0.6166768435942036,0.6185576937857252,0.6168475241224591,0.6164168064169332,0.6165752515481692,0.6173863814533935,,0.6172680008954805,0.6172396949759278,0.6166185112229111,0.6189244344840328,,,0.6184719073665659,0.6178427484101359,,,0.6163419004860597,0.6162363112225676,0.6187472140434777,,,,,,0.6187254812228171,,,0.6182803880919777,0.5670538466477697,0.5681176701472064,0.5688476106068473,,0.875061083032762,0.9277905693494763,0.523306481659495,0.5216817285326956,,,,0.9346958565467418
4,4,DG_8pct,16,Z08_F02,8,SLG_A,255471,255418,True,4453.431571774774,4475.356504006862,4524.345772599637,4881.757905873323,4901.508994437351,248.85472118161067,6147.065116588343,1247.1046848656442,1274.6093122224213,483.2523047650151,483.04905894699397,315.7621591543562,4.863442226103082,14.676654374398126,21.68293431703463,16.95143310414603,242.95352015759636,26.008260018235237,50.6016728893769,391.0179582941353,,0.7497385736427022,,,,,,0.614898657576761,0.616879027762191,0.6147301116510968,,,,0.5232886608307157,,0.8636785073573885,0.8657922645032765,,,0.9343907716010995,0.6161344440822557,0.617192971887846,0.616948396657433,,0.6166021687563473,,,0.6071973768135488,,,0.6179741412920322,,0.617080879140843,,0.6189349638980629,0.4866883096307054,,0.5960066761139239,0.5942423597246874,0.5944649050016447,0.5947543876110213,0.5942735704284154,0.5970095871347769,,,,,0.5980409896758168,0.5970606456227251,0.5996511795623395,0.5970848586454256,,,,0.5960073372667288,0.5972780114641355,0.5973834697373267,0.4353719065675661,0.4346619942756657,0.8799257643607241,0.9253849884345303,0.42100543917084926,,0.42116785351206826,0.42244632439026,,0.42210431426211265,,0.4221258799895405,0.4225416799786958,,,0.4210996098672261,,0.42245020018123225,0.422424413463304,0.42176814182554667,,,0.4232884802189804,,0.4222255660589537,0.4224021713631602,0.4214918576716114,0.4224506636926425,,,0.5600858082241522,,0.5238525870533132,,0.5242695535774069,0.522510004477692,,,0.04658984299730796,0.04680043131822493,,0.0467527348924659,0.04682325348882895,0.04660929787099139,0.04673415811026791,,0.046678551797337126,0.046699278247088624,,,,0.04665587732577371,0.046756190191872674,0.04664970836788601,0.04648860932807393,0.04669959499387208,0.046642158391135446,0.046622020716693344,0.04665370544053813,,0.04668230150450445,0.04662224466962868,0.046606012665447324,0.046564641511616184,,,0.046710339113845215,,,,,,,0.04650583157253465,0.046577573642584934,0.04664890567550958,0.046725690690397864,0.046605640038352866,0.046656432236172926,0.04659688646038108,,0.8962760204584097,0.8978500681004679,0.8970548834287243,0.8920458261044794,0.8986017193448611,,,,,,0.8969242296324959,0.8991956464222473,0.8977628943850425,0.8981185614735641,,0.8960575171097412,,0.8987953455613394,0.8951601361578327,0.8999480796535958,,,0.8975085821283006,,0.8950946973956624,0.8960011802037241,0.8961358558872702,,0.8984259058830654,0.8948319366850905,,0.8971715161150063,0.8953710398555825,0.8953872093823233,,0.8952419222616709,0.8964784145931359,0.8933165701809221,0.8972082293118974,,0.8936490239038865,,0.8950401678619835,0.8975792590808751,,0.9561653762889086,,,0.9573648854563432,0.9539623939082943,0.9537852374189383,0.9553359333982574,,0.9576031586835015,0.9584890612490886,0.9556872128433288,,,,,,0.956576415699241,,,0.9585195554960567,,0.9515977945656011,0.9524352720904258,0.9538149047314344,,,0.9563422609150463,,,,0.9531994064132226,0.9549831228916258,,,0.9559217272961967,,0.9589845790629679,,,0.9541384843519644,0.9555734990880669,,,0.9581306337427623,,0.9531568030344182,,0.9571092862165749,,,0.958014467856168,0.9566903744285828,,0.5113621218546278,,,0.024599677953157515,,0.5265984934107275,0.5267683180185234,0.5264920245606204,0.5264224266520944,0.5270460431254848,,0.07252140397784049,,,0.07250924215478122,0.07232490609295596,0.07241178484078536,0.07258918192200055,,,0.07255608007649356,0.07253460265772728,0.0724885012618529,,0.07255293079102945,0.0723648526653456,,0.07259330478529603,0.07239187191998343,0.07228776959146609,,,,,,0.07242568139422542,0.07242392824952025,0.07224017080699728,,0.07234213915753557,0.07238010183541008,,0.07260722716698907,,,0.07225668661392325,,0.07253346176525398,0.07220253180997224,0.07238294802376853,,0.0389743702771704,0.03904901050998177,0.0390551303545806,,,,0.039019473876802005,0.03903936443849246,,,0.03915168575671505,,0.03909123608471695,0.039103787588589324,0.03901705960273961,,,0.039035877577596426,0.039119046268397566,,,,,0.039059826450313216,0.03911768150731882,,,,0.038865307106679674,0.039034218071042064,,,0.908433788428469,,,0.9083323400717511,0.90732911194638,,,0.907967126500034,0.9068446703783216,,0.9109775954125379,0.9080635290622453,0.9109246023720726,0.9119490881419327,0.9102745527268652,,,0.912178835363144,0.9085831142711142,0.9127379549296145,0.9127125238108904,,,0.9098638592536985,0.9088061251010694,0.9115379747018356,,0.9094129385137197,0.9056487881464615,0.9076456699877582,0.9056659327960297,0.9077728710773744,,,,0.905537927473637,,0.9092128253922085,0.9102707347571164,0.9067491420478837,0.9113154522196732,0.9119492941657561,0.9089378117493829,0.9069520246865441,,0.9107892510386867,0.9076135691297731,0.9116337031734407,0.9093188240703661,,0.9097277466159416,0.9107517436223522,,,0.9079957659841668,0.908547113101581,,,0.9121806187810594,,,0.9098043960206244,0.9119438111422272,0.9126626867072514,0.9121656185656981,,,,0.9120973839179709,0.9103179143808663,,,0.9129241108767888,0.9122085160881246,0.9091567844370313,,0.9109727548436765,,0.9130907692850048,0.9128721455098315,,0.9124182916513501,,0.9113057049704244,0.9127245038991343,,0.9610881740153763,0.9591948388357626,,0.9575157789659896,0.09091257609438319,0.09068754721240524,0.09094761094711828,,0.09094272199477758,0.5318158380271957,,0.5296520265353949,0.5314552520134357,0.5294234192789349,0.5308038618637375,0.03798064645586554,,,,0.5230874979587115,0.5212892200594964,,0.5092184580353766,0.5086639573736993,0.4983171243499163,,,0.11534564670968603,,0.8776113481178437,0.1354038677574804,,0.8704487982109586,0.1415027958960519,,,,0.9495694025149373,0.9466104738427229,0.9494569314216371,0.945928105931501,0.14514599680430668,0.9474327650449077,0.8683881459156123,0.9519448685377501,,0.5389236670405608,0.5384888108984256,0.5376158485623109,0.5385637188655888,,0.5387382063507778,,0.5380352687556954,,0.5386665530336011,0.5385832282890576,,0.539085786195933,0.5373983396572736,,,0.5388435142207536,,0.866941471893667,0.8664650686512586,,0.8686793783583912,0.8683974838322022,0.865302269154043,0.18186288503959427,,0.18093275746120066,,0.9624872946905475,0.9624145753001321,0.9611179041552592,0.9638520378764309,0.8656333552573737,0.8656252724060131,,0.8659199130462959,0.5465798858420519,,,,,0.5463893825603264,0.5431851203766296,0.5448284189485774,,0.5455578259507327,,,0.5438193271191248,,,0.5451131914472946,,,0.544875991183837,0.5445527513847663,0.5451685132760753,0.5464896615751694,,,,,0.5432792233403454,,0.5448531674851106,0.5444598213151891,0.5432895540682713,,,0.5435939983011909,0.5450020635574248,0.543536265309438,0.5438346878883612,0.5462781831055419,,0.5464268492692634,0.5447565558515063,0.5439938619173847,0.5454851935087891,0.5453896583665004,0.5442820406084009,0.5459192442527572,,0.5460345711147497,0.5449483162446384,,,0.5449277777197572,0.5468525484334289,,0.5461092028621813,0.5446518154688086,0.5444920545401319,0.5441820656233498,0.5436701723732756,0.5454979866643294,,0.9563310347120805,0.9551009380942719,,0.9545642254681029,,,,0.9517724392985547,0.9524281792331969,0.9569615741243751,,0.1416126704198862,,,,0.1410923773710734,0.14069859551732336,,0.14128289713280895,0.1414930388400988,0.14090722880636353,0.14131423595323267,,0.14101165079929917,0.14124096695440888,0.1407584674146767,,,0.1409929437557568,,0.9552331473045506,0.957982716085789,0.9540256525130881,0.9533710847003467,0.955899564252877,,,,,,0.9083646574442019,0.9074096000693187,0.9037811225512494,0.9022930831530381,0.9023121221052159,,0.9045775175109021,0.9065131347033042,,0.9023334167839734,0.9029238287046623,0.9047532032096236,,0.14084731288683114,0.1412920408890542,0.1410219300814443,0.14112490775266862,0.14103726802725153,0.1411815728866834,0.1412492140381452,0.1413814760750702,,0.14131281262515577,,,0.14060867493944695,0.14058362908878203,0.9032005971499527,0.9046165977700916,,,0.9040764796440368,0.9062933813204612,0.9059632151048596,0.9550480027798506,0.9539730482811477,,0.9569722127016422,,,0.9560262089000067,0.952668467805869,0.951263866501182,,,,,0.9542282226132539,,0.9519158849994118,0.9555531487740582,,0.9524340200308941,,,,,,0.9562271935820805,,0.9552570891655805,0.9057296791626306,0.9082232648835766,0.9065769718938935,,0.9049193524170743,0.9035955606521828,,0.9079596704698535,0.9039552216733071,,0.9051694171167206,0.9049922806769881,0.9048653616563259,0.9041177183012774,0.9049825944672005,0.9028600494428335,0.905966656269567,0.902875261413628,0.905414285338381,0.906466529122662,0.9058669418833935,0.9042564598971753,0.9057031182190217,,0.9043574827471357,0.9056369769123094,,,0.5318939082070839,0.5295538568126537,,0.5301241199614772,,0.8598305056510036,,,,0.16294739585028015,,,0.6177754047919156,0.6188723605863892,0.6178416930192281,,0.6172221546877649,,,0.6183327753834801,0.6171904210418838,0.6171094518919877,,0.6196074876849519,0.6176329587594676,0.6166547215159454,,0.6175929108708181,0.617090911147257,,0.6161188888648288,,0.619206889713001,0.6177641212484116,0.6193207892972521,,0.6179916970624693,0.6166231622741537,0.6189462231159407,0.6183178126601951,,,0.6182902877016321,,,0.6199735736870882,,,,0.6193267189520564,,0.6206921828478019,0.6186223039766982,,0.6193444086699311,0.6165548500118462,0.6184903291675187,0.6163966670578053,0.618177428729242,0.6194871604887087,,0.6180995087003484,0.6171107101579335,,,,0.616003032796509,0.6171010809678259,0.6175749290969071,0.6196318094096717,,0.6159851522003591,,,,0.6174133168273316,0.6167326127020233,0.6171103788396469,0.6178920404114309,0.6183428409972479,0.6181148279519142,0.6161339796449319,,0.6187222829037986,,,,0.617740766284194,,0.6172443537106954,,0.6180243068261042,0.6170096460760587,0.6187922320432313,0.6176366020546235,0.6172333407834697,0.6162831779527769,0.6168477845934287,0.618526608853952,0.6166098216374769,0.6182381465002335,,,0.6191971907547372,,,0.618142411004925,0.6158144677543049,0.6172136938680183,0.6156147992854142,0.6178043655917281,,,0.6188070164667523,0.6187927008018258,,0.6175661927302187,0.6180138248677909,0.6167763999754076,0.6175152967293916,,,,,0.6174880503549107,0.6168683144776573,0.6187266607603727,0.6157283287202049,,0.617938743110528,0.6177753156269772,0.6178543385597957,0.6172744891284107,,,0.6182991654929232,,,0.6178232981372505,,,0.6180744723760462,,0.6167861323317355,0.6154797640895564,,0.6166432342376561,,0.6175918866240983,0.618754672482527,0.6188916284234267,0.6181352219079322,0.6168227680428704,0.6174136145477968,,0.6165605458164232,,,0.617056111465531,0.6179046411212274,0.6176197634184375,,,,,,,0.6188834526953595,0.6173161923099351,0.6164003122630991,,0.6176347202437298,,0.6184194162444294,0.6186527595719041,,0.6175933284529336,0.6175657028774293,0.5672982826956887,0.5688245695194666,0.5664514696500146,0.46873981818225025,0.877599669297253,0.9248698160557031,0.524032654249759,,0.8634740489267374,0.8655280756363065,0.9303909722843259,
4,4,DG_8pct,16,Z08_F03,8,SLG_A,255472,181935,True,4313.435846218873,4369.542826021436,4363.960496160273,4739.52265307133,4745.507411898791,243.77990147264256,5999.947177920905,1220.5881584355327,1248.4851121915676,472.4122650134105,473.1046235886664,310.30898394725097,4.872593231195421,14.861399129556872,21.869078831658303,16.846027548292057,237.75795985458393,26.163222778057623,50.02632679349719,384.6183083708142,,0.7544301711245716,0.7568943773620517,0.7361775668899342,0.8660118152699647,,,,,0.6244709612834715,,0.5397172542261428,0.537475755021874,0.5374901287560815,0.8654833913125317,0.862884998291667,0.8663676616595625,,,,0.6249544699563458,0.6241542773288675,0.6243243830688381,0.625065087854545,,0.6256244376839539,,0.6177283407014489,,,,,0.6268050306612233,,0.6261877198971982,0.4995508379054478,0.6007724590927113,,,0.601473158779963,0.6024842373022337,,,0.6052781375475231,,0.6054577285970522,0.6038289135978399,0.6026212373536672,0.604502292607103,,,0.6044869190416222,,0.6040488012326743,0.6031705274744829,0.6044362214023186,,0.4510200073198311,,,0.9287427504314258,0.4374359395143691,0.4384617664935532,,0.43813760711945693,,0.4380177845419301,,,0.43979818510639923,0.4381922203417143,,,0.44064542615756125,0.4391714007646175,0.43830751942130286,0.4365097052672755,0.43789751108054703,0.4390912401999827,0.43866519618236716,,0.439922668257277,0.4384800772896501,0.4391560875626487,,,,,0.9503820361639,0.5356469792011395,0.5354219016849219,,0.5358004364049616,0.5358698086515489,,0.07410110561283342,,0.07411095695020466,,0.07418460771320583,0.07414397351814984,0.07429187714547632,0.07415714460353855,0.07421121605315208,0.07416277357399727,0.07446206831031343,0.07442071680324927,0.07432710121230901,0.07407857084603268,0.07414474606778731,,0.07455728964556682,0.07428382886955401,,,0.07423403092413379,0.07413136254614516,,0.07419026877062253,0.07441160387653994,0.07420910414263987,0.07412747959237606,0.07412603563784562,0.07420812174824676,0.07422539607833085,0.07417353217545031,,0.07409321548220364,0.074255366940727,0.074066664860501,,0.07423788695552115,0.07408652340449544,0.07443499397212829,0.07424084362454217,0.07426240266893913,0.07407440851636744,0.074177568383735,0.9028739467656595,0.9008122525219423,0.90354593994077,0.9030507306991131,0.9014148463604993,0.8991625512495329,0.8991718682454443,,,0.9005086191772753,0.9007577101676802,0.9019976969130208,0.9015125091628886,0.9025571464165175,0.9028858125969504,0.901899972721562,0.9007473908629157,0.8998737954767548,,0.9007342179391055,,,,,,0.8994171364920651,,,,,0.9002076341398679,0.9007546159569049,,0.8978892700584027,,,0.9023236583190385,0.8988078131425917,0.9006639861986558,0.9010469352209777,,0.901658351843247,0.901699596970706,0.9019675716310844,0.9023317809795891,0.9534554139896475,0.955977907489196,,0.9529040500334486,,,0.9543705280213589,,0.955583657881006,0.9528537840619908,0.9534791194203723,0.95673917059439,,0.9539244674922808,0.9578085867398913,,,0.9550181076327942,0.9544013839379446,,0.9553799568752014,0.9544020362981925,0.9554768240295469,0.9533059358448783,0.9532526069568499,,,0.9528492857595313,,0.9551953178542729,,0.953254811307989,0.9553582160766426,0.9529126190579147,,,0.9579730921643232,,,0.953426213213053,0.9548029094299024,0.9557616163601717,0.9551108342886272,0.9568892536505361,0.9559238517561395,0.9543935891890788,0.9566657548236539,0.9533425318886628,,0.952315754623663,0.9546832934917384,0.9542664080497593,,,0.5122854176741832,0.5134043700894725,,0.06592187650823865,,,,0.5403266322136852,,,,0.09820302860786366,,0.09803538268720632,0.09830417260580279,0.0978429913746804,,,0.09848913262188656,,,,0.09799979924682867,0.09836868307148645,,0.09839018272424738,0.09828280860991503,0.09841433516067567,0.09810375520843569,0.0981559768303434,,,,,,0.09793719101386383,,,0.09824122757877922,0.09842483175364698,,0.09817769544632426,0.098374391422607,,,,,0.09850836803981694,,0.09823768623427982,,,0.06614934214893858,0.06615694690251606,,0.0661516227934051,,,,0.06629190211057354,,,0.06631738088038619,,0.06627673761903036,0.06637598546707157,0.06622269023444838,0.06617881926446638,0.06606225559462135,0.06629230785020168,0.06621839691064774,,,,0.06611147286458391,,,0.06609350056083867,,,,,0.9143485717137357,0.9128279581115158,,,0.9108389279711553,,0.9132896794254934,0.9146491531243578,,0.9103086742733182,0.9116539923267507,0.9155465108083698,0.9133962216980097,,,,0.9134016495154833,0.9132277017585084,0.9151189456970585,,0.9119015011302779,0.915898854392805,,0.9123525610513675,0.9154048659741676,0.9137125590200511,,0.9117242753403593,0.9126134116540607,,0.9117831465937783,0.9121501824435787,0.9127433460403394,0.9143045704706727,,0.912544153689121,0.9126456914932248,0.9133377601037945,,,0.9088124276097497,,0.9134051015399686,,0.910759208152873,0.912541422301173,0.9131781987781895,,0.9135576498885278,0.9104938319243107,,0.9101164308997709,0.9118015082564718,0.9133699753559608,,0.9109699288015544,0.9134126869883138,,,0.9158457029017577,,,0.9151126521854932,0.9150270420349307,0.9160919102488578,,0.9123590856079316,,0.9170719112792566,0.9153203507889205,,0.9142022074068569,0.9172241179593633,0.9129101513006981,0.9126100266733451,,0.9181001778795667,0.9163457126387038,0.9167263225687455,,,0.916271530159271,,0.9162838647105188,0.9175398735767175,0.9139515047638306,0.9594992056053581,,0.9607079169911357,,0.1161553584432747,0.11590664224638345,0.11612237797771087,,0.11570444562743289,0.5442388960891793,0.5435916830654735,0.5432303053772235,,0.5439809750703793,0.5436594971080119,0.0652095833852288,0.953564112515291,,0.5358011014220043,0.5348544717120878,,0.5218028895072918,0.5226489332047082,0.5220171207041083,0.509545028086586,0.509796709519983,0.5102017699947683,0.1403118144552426,,0.8784666083715547,0.16074646245545246,,,0.16660261248419408,0.945817354851884,,0.9497197230472736,0.9456079734356546,0.9460636786710567,0.9452236483297402,0.9441963019392818,0.17070240726887853,0.9454903842728225,,,,,0.553217416327789,,,,,0.5522436345272299,0.5523047276450526,0.5544646698056318,,,0.5520313234731783,,0.5521834731948834,0.5518529885912061,0.5537374089067897,,0.5535029948504322,0.8729489239955185,0.8728499262442655,0.875136362617914,0.8733157346597686,0.87159795888885,,0.20578701982070563,0.20577722524455924,0.20637952751100172,0.20565715080897395,0.96102430575514,0.9595370566952975,0.9610400068544691,0.9611101366809434,0.872616658279892,0.8700386195735949,0.8723697608344327,,,0.5600570724150493,0.5590501955582512,,,0.5592451117716961,0.5587066836880565,,0.5596328054005824,,0.5585538828854295,,,,0.5584902125575801,0.5590767208379351,0.5577703625035927,0.5584867431883478,0.5592939427254356,,,0.55917201136219,0.5594122037411529,,,,,,,,0.5592256110986042,0.5595875878844744,0.5598717604320178,0.5592265630026306,0.5598844923333399,,0.5587798147929827,,0.5581499834091858,,0.5579623656605142,0.5581526058463017,,,,,0.558845071700203,,0.5596649086226024,,0.5611721691503487,0.5597736423425036,,0.5569054652578735,0.5587044892595179,,,0.5596554994921393,0.5600272860935673,0.5578075592496289,0.9538145521022504,,0.9570781099829795,0.9519996125763212,0.9510583505740166,0.9538708533184027,,0.9522298378626638,0.9538239230359677,0.9545367361362386,,,0.16485620509002744,0.1647447546378759,,0.16444090184777782,0.16468926197632514,,0.16473101372518542,,0.16494047451071192,,,0.16469532873434245,,,,0.16441204394425066,0.16438883553738862,,,,,0.955472014391063,,0.9538255157372054,,,,0.9091873548192502,0.907140335034565,,0.9089342317760938,,0.906977268755021,0.90834464731162,,0.9056521603583984,0.9087080459360718,,,,,0.16457483298727665,,0.16393492939274507,,0.16463775960606128,,0.16465829662842033,0.16437930906667236,,0.16423651055600152,,0.16442867062545907,,0.16398375176451224,0.16399526319292168,0.9090134781692508,0.9091415608161179,0.9111536535771331,0.9109831242426204,0.9091898176623547,,0.9092224976001849,0.9543305153883908,0.9533877746890689,0.9534621071327268,0.9529385167923861,0.9511790281346947,0.9536929436999753,,0.9540421010509705,0.9563296593076857,,0.9542019400774576,0.9535891925397854,,0.9562038146142082,0.9532023921185295,,0.9529053803634078,0.9537811634133672,0.9523505683574236,,,0.9584060147034713,,0.954807081662727,,0.9562922372508803,,,,0.9104840521380239,0.9089312024812829,0.9117151883239862,,0.9086810501806689,0.9107303128319414,0.911196144120191,,,,0.9088737641873971,,0.9089484889669246,0.908066110530244,0.9099476417150432,,,0.9083872856461305,0.9106684752766571,,,0.907804714218223,0.9123825923679233,,0.5438159558061522,0.5457245255885506,,0.5438822044100915,0.5458686625853058,,,0.8602300602827669,0.6133701755442517,0.6147590466655029,0.6149844575679535,0.18706678490295356,0.6236352604939734,,0.6269215064027912,0.6242641918568335,,0.6253027273307508,,0.6255298470989425,,0.625934845616597,0.6253839742287334,,0.6238260079648733,0.6248785708412571,0.625723182360393,0.6238988735404062,,,,0.6247740711442076,,,0.6246212948173555,0.6237997931258411,0.6251021271512962,0.6264041562950259,0.6261154410482629,0.6243761076734529,0.6277679376341609,0.6246971978648725,0.6259565711000388,0.6236120447025408,0.6238061618398301,0.6249129549503049,0.6235985518911918,,0.6234972117742359,0.6249871352319467,,,0.6265332223376544,0.6256341817874633,,0.6256045473816577,0.6254702233374371,,,,0.6245639848006931,0.6260622594112213,0.6261071106935477,,0.6263797809074975,0.6257072839143191,0.6245501982794599,0.625993852496291,0.6254070408842238,,0.625384948262211,,0.6238069213627853,,0.6235561891852855,,,,,,,,,0.6253036929452438,,0.6256974465300913,,0.6241562537367039,0.6221900310727897,,0.6244575530857867,,,0.6254150126249935,,,,,,,0.6244195121891343,0.6244465309800526,,,0.6263630715463705,0.625921824589672,0.6246001232208414,,0.6257016376337059,0.6271969020079735,,0.6230646493543609,0.6237083901745607,,0.6249285866937541,0.6258843929184821,,0.623838109864758,0.6260945144242045,0.6248665637790576,0.6242155200361711,0.6266910126117474,,0.6270810824151869,0.6260714880536113,0.6252160794598808,,0.6252630748028444,0.6244936285715036,0.6251716738212809,0.6235132317592942,,0.6255206172314258,0.6257955061388903,0.6254790682918744,0.6275757164680198,0.6221056910163012,0.6245066137521071,0.624291428488167,0.6245203680563128,0.6249640005579308,0.6241208010380347,0.6256932061191156,,0.6243348037648339,,0.6242983445194737,0.6253821444557426,0.6254805456431902,0.6248117347891643,,0.6258732613903045,0.6248036581465524,0.6252503031819937,0.6247611858172527,0.623468105385431,0.6240691341748051,0.625083081228006,0.6252920906087587,,0.6243033345967339,0.6235454435889854,0.6253599210382973,,0.6252642472951837,0.6263614510707671,,0.6281066195621839,0.6243143607018318,0.6258410067791815,,0.6266492548983056,0.6250836278793741,0.6234253016008079,0.6248505935515242,0.6252672435476153,0.6258153953394449,0.6247903465647769,,0.6244291971602398,,0.5762764286589258,,0.48543943707504805,0.875258083503774,0.9265598341297565,,0.5360522717343059,0.8634553522039454,0.8639737956419551,,0.934471423092967
4,4,DG_8pct,16,Z08_F04,8,SLG_A,255472,181935,True,4317.7934178739,4362.219261634703,4361.568602413777,4759.2374740156265,4724.618926717308,242.82306079118592,6014.473209326567,1222.8464621020373,1245.9422373918758,474.05247706570066,474.88857541785154,310.1602312333371,4.863422502298281,14.791093141411936,21.891896920501015,16.861546928024485,237.74461314819894,26.11889109584477,50.13515292343219,385.8663070104298,,0.7555092356640075,,,0.8659745400909077,,,0.6233783115911763,,,0.8553930799688222,,,0.5369081648588688,,,,0.9359942606744706,0.9345909773264943,0.9353105385875666,0.6226365492664617,,0.6244651757282592,,,,,0.6159632698924223,0.6181300813114857,,0.6246796276188796,,,0.6250183388027293,0.6266326194483299,,0.6027111712936895,,0.6013802038426029,,0.6041734960261386,,0.6028212646427886,0.6032488136464419,0.6045820416076648,0.603437890438279,0.6040538314055848,0.6051482521948965,,0.6043963993701367,0.6039943440068664,0.602939175291093,0.6034630287400415,0.6042773677263986,0.6037383223183705,,0.6054523723588324,,,0.878810377863613,0.9279909551811337,0.43845152956043293,,0.4388880043792995,,0.4391545032501292,0.43817030323264883,0.43914981274873527,,,0.43865826086607135,,0.4380670798632812,,0.439011089809533,,,0.4387643375686302,,,,0.43808665801656393,0.4385940632577433,0.43845571457703164,,,,0.565556411616744,,0.5364599207011633,0.5361014149371964,0.5381566683741652,,0.5368616936086162,0.536807690499069,,,,0.07414237397120198,0.07446087075436794,,0.07435206505791561,,0.07391746520071918,0.07423282692912718,0.07423113232191586,,,0.07418704527726888,0.0738046106969431,0.07434109749406721,0.07415613468612849,0.0742289419834949,,0.07405644922417574,0.07417258391524603,0.0741696662997308,0.0742841073867285,,0.07407383330087998,0.07414713129895074,,,,0.0741470337454462,0.07412769231859409,0.07417558224526935,0.07415053115284867,0.07421654524144428,,,0.07412347794605319,,0.07416429620127865,0.0742311869202548,,,0.07433139692193469,,,0.8985906209465143,,0.9010063295124341,0.902511328392089,0.8989523717297853,,0.9006627216036381,0.9034064363952514,0.8997315516760945,,0.9022401789627073,,,0.9030862348914558,,0.8990171519665661,,0.9019955011099103,0.9030453914645282,0.898846440616356,0.9001036183706262,,,0.8990740119299052,0.8990920115106,0.901152670285076,,,0.9017078890756933,,,,,,0.8978684656266666,,0.9012113263966253,0.8994022844648604,0.9025438030346103,,0.9012680178026011,,,0.9556427267073218,0.9541736968463642,,0.9548736082682808,0.9536978481814068,0.9551630825439931,0.9570104871844152,0.9534691791866529,0.9592923347746428,0.9561547504139897,,0.9573618574536803,0.9529590481703265,0.9556584197491019,,0.9541006006424979,0.9536721645730312,,,,0.9563237923826668,0.9561357453253496,0.9521512133880264,0.95282163691817,0.9545546888809637,0.9543061539552812,0.954171827578562,,,0.9542982580467426,0.9563085105727059,0.9541872895721715,0.9549891183427551,,0.9550879157900913,0.9530808700680719,0.9569765127252008,0.9549482060111235,,,,,0.956481250827478,,0.9537465382425191,0.9550461278412191,0.9553563328969459,0.9566775700313134,,,,0.9551511716833032,0.9530607700207737,0.5139932269914512,0.5134309487870203,,,0.06579319008294833,0.5390735116809645,,0.5397382250839986,,,,,0.09816619743326109,0.09844728175957786,0.0983005829385001,,0.09827607264004704,0.09819926751773896,0.0979392585654945,,0.09837675169544864,0.09831031184315932,0.09807819018644322,,0.09827982742997615,,,,,,,0.09844283143720167,,0.09794044717792255,0.09820716762096435,,0.09841867000850742,0.09841710511741843,0.09833877347463804,0.0982761867951019,0.0982524704131842,,0.09826614475176834,,0.09814638304566022,0.09816049120504652,0.09787492537868869,0.0981853569618569,,0.09812899371949858,0.09808162129967639,,0.06616007888151086,0.06627139907404364,,0.06633567872488946,,,0.0663305347062978,,0.0662264963977937,,0.06613318433512205,,,0.06611150183530388,0.0662472090538882,0.06606370677181457,0.06614517943937548,,0.06625117703359568,0.06627032431822864,0.066104557774508,0.06638303940138371,,0.06617762667506721,0.06630721236013233,0.06628375534729518,,0.06609081833882516,0.06602139975054372,0.06606891063406953,,,,,0.9143897829705085,,,0.9149767360809318,,,0.9137809748210081,0.9098140125200032,0.9165784919703643,,,,0.9151448543668718,0.9109180385667692,0.9166886113201778,0.9144234057212526,0.9150641825906677,0.9133157562478031,0.9142834429837957,0.9147448975236735,0.9155969391276954,,0.9139611788428402,0.911776278462873,0.9117220318042772,0.909142206450104,0.9134479603017127,,,0.9104562373822422,0.9117272610149287,0.9097981814740729,0.9111704565410967,,0.9144454840431089,,0.9090887645070534,,0.9158582465155003,0.9115342379517911,0.9146159923517672,0.9140649440342894,,,,0.9133580509948901,0.9106569403852716,,0.9121930363906069,,,0.9140767439892302,0.9143137174754538,,0.9145240187656642,,0.9145522212570201,,,0.9163339803848088,0.9144626820042564,,0.9163128863778245,,,,,,0.9130855996996444,,,0.9173730653681005,,,,0.9148576484637253,,,0.911902968549134,0.9161042003564815,0.9142766048803457,0.917532899719298,,,,,0.9581927380930213,0.11591532204144153,,0.11607505915707253,,0.11623032356991546,0.544280956939614,,,,0.5451618976711964,,0.06532785217319369,0.9553334107964013,,0.5364310070430792,,,0.5217827584520275,0.5212058157764089,0.5219895969150473,0.5103887461067861,0.5091423907604304,0.5105757975040125,0.1404364890415709,0.9325690296334462,,0.16042135927556414,0.9417022464798874,0.8784479529251801,0.1654586341656019,0.9427521229568653,,0.9470704187927429,,0.9463855233401174,0.9461189480377569,0.9459088623561726,0.17040785595323202,0.9466344581630486,0.8746928751711923,0.953548849887917,,0.552852737896345,0.5514487933344652,0.5521524637814773,0.5524620584998751,0.5539021136317764,0.552512627361609,,0.5529831443955546,0.5526399329308156,,0.5519823400159053,,0.551663505832512,,0.5533221826511294,0.5513606624244147,0.5520965086507249,,0.8754727203836032,,0.8741512851508357,0.8741974411148176,0.8714181565707565,0.8734600623457973,0.20564917091276394,,0.20601404161367726,0.20608647056015034,,,0.9592438840643696,0.9617756891538491,,,0.8750786258648794,,0.5572736629054671,,,0.5586601540430932,0.559525969067609,0.5579931726248516,,0.560465747762252,0.5582637977441754,0.5593294256083268,0.5596776472217818,,0.5580758316857583,0.5591596744579979,0.5593057484420949,,,,,,,0.5607673303656309,0.5605434350580326,,0.5588258421403183,,,,0.5587533286544818,,0.5595007469366643,0.5588989979143054,,0.5586803778146089,,,0.5600350921261651,0.5605348710719725,,0.558813218546295,0.5578317313931666,0.5573216880839258,0.5585950898311026,0.559293021136936,0.5595263539040108,,0.559943305025688,,0.5593806407835005,,,0.5581885366979702,,0.5590979670178821,0.559045259043978,,,0.5598915802090395,0.5586023503442913,0.55931822533372,,0.949464013853485,0.9554415405699273,0.9523903635590302,0.9512101043068114,,,0.9510997710289456,0.9550093658775255,,0.950161543676827,0.9540049475418316,,,0.16461090587777757,0.16440178247146706,0.16481930409351345,0.1648124797412784,0.16460053756850268,0.1649572646911992,0.16477530005497865,,,0.1640913055456975,0.16414790942328275,0.16413744497296376,,0.1644114206136315,,,,0.954855959510204,,0.9588076145825932,,0.9508571823832679,,0.954450708655529,0.9578111869461263,,0.9055586627067213,,0.9080686897253275,,0.9061358914498336,,0.908126871952652,0.905554835712302,0.9044443227864052,0.9099534218823577,,0.9076096397335983,,,,,0.1644250405064611,,0.16495138963828737,,,0.16447700206183308,0.16467341042882197,0.1640525444352618,,0.16224283455534522,0.16416041971761733,0.1637434375700166,0.9099838131529242,0.9086753431816331,,0.9070758600276659,,0.9093118858268956,0.9099271955589242,,0.9526153565522806,,0.9547524129884833,0.9568107019013274,0.9518877234634542,0.9528189544128199,0.9543341496671175,0.9536163389386878,0.9565423898046278,,,0.950723236533964,,0.954171879758032,0.9549801651559943,,,,,0.9535906125551001,0.9568531235442482,,,0.9538820914194097,,0.955305167869252,0.9082430454111703,0.9121582213268863,0.9121783917906815,,0.9088365589230883,0.9097729257249065,,0.9091540640952118,,0.9096780590333878,0.9062087923703738,,0.9073058570424782,,0.908500369088721,0.9107819170869093,,0.9093569788255449,,0.908999352532737,,0.9059029898874303,0.9092338217618816,,,0.9076834470812479,0.5452797082024367,0.5449398891304035,0.5443311491481398,0.5434113429007508,0.5436402702759359,0.5454995430083066,0.8788956727809084,0.8633460460406166,,0.6148531892945452,,,0.6274810919917722,0.6258868929279862,,0.6265706915837714,0.6249647236742862,0.6242118819925031,,,,,,,0.6259753442990559,,,0.6252310779096739,,,,,,0.6254797865328117,0.6260303764984074,,0.6240805299701097,0.6235570628478596,0.6240667783992488,0.624465637709336,0.6239746905409596,0.6261693432740728,0.6236838691891916,,0.6258938841018559,,0.6228320803699577,0.6254887566480191,,0.625334707248361,0.625228111592971,0.6235356317143514,0.623342938786374,,,,,,0.6258057077485568,0.6249769629065282,0.6257356023891723,0.6257799380836583,0.6235027985113697,,,0.6235908126955967,,0.6249424672724188,0.6257960737416247,,,0.6259494901591787,0.6250611162261083,0.6245216055674,,0.6259363100417984,,,0.6247484865162672,,0.625268440372298,,0.6251091964700143,0.6249651190260292,0.6245646627327771,0.6254293631211008,0.6253848739619663,0.6247626209170659,0.6257751157155859,0.625866449639941,0.6249567060118961,0.6242966875046452,0.625039612815186,0.6244535699641328,,,0.625916373067401,0.6270818036137366,,,,0.6269169714721079,0.6246659345601546,0.6258468613111731,,,,,0.6248475385147003,,0.624724523663162,0.6256531951193051,,0.6247023380557184,0.6248728931772987,,0.6236817578923831,0.6245133283596912,,0.6270123155357473,0.6257030896923456,,0.6262602688754861,0.6232660272100882,,0.6254422066348824,0.6241173694649347,0.6231679140378938,,0.624809350236457,0.6258401420552024,0.6250617264712961,0.6251793646397602,,,0.6255566707645422,0.6249805933174021,,0.6240676852802266,,,,0.6273403495534456,0.6232672468762154,,0.6263735741529176,,0.6230636128968132,0.6254538034431153,,,,0.6270138265789171,0.622580708485593,0.6245901391636648,,,,0.6248643571370139,0.6236468674253548,0.6250620209529669,,0.6252833305611772,0.6252413119112438,0.6248114978384455,0.6245990374709839,0.6252012812891462,0.6253286120830952,,0.6251753828350288,0.6262577133987325,,0.6269775340173855,0.6251401318258336,,,,,0.6276608210699228,,0.5752463222175116,0.5759504858579484,,0.48455501872857104,,,0.5375972191079159,0.5355366445022278,,,0.9361548082252766,
4,4,DG_8pct,16,Z08_F05,8,LL_AB,255471,255418,True,5177.2553996577,5196.480277588881,5199.524312510221,5366.872230150973,5383.160569250045,215.65651564794854,6099.284594603773,844.5406299559551,874.5829079547945,309.43067413092706,310.01713957234887,201.51053072958254,3.1734433853242474,12.287308177695454,18.464494164706093,10.448428191939007,220.2314465381783,21.094803277215544,32.46850817773673,277.1491180438334,0.6712470851005918,,0.6700508421600502,0.7398365485620345,0.6698286812337404,0.8373260080495154,0.5748763348952234,0.46963932748083614,0.47000764370525167,,,,0.5425997386737459,0.5431189901221994,,0.4592654142914713,0.4594060875413402,0.8118525709839641,0.8113369278944317,0.8122727901263961,0.4698828668215643,0.4708425358871827,0.4686535770375861,0.4694201712330362,0.4712149501076127,0.47152740119576175,,,,,0.47189945793656535,,,0.47011484437003814,0.47057245011940757,0.49744986995522195,,,,0.3951117262457149,,,0.39651423234857475,,0.39654063097755704,0.39599258240279417,0.39682398266069996,0.3962489673604242,0.3956880141365765,0.3970169359953585,,,,0.3960841903539051,0.3961437687402186,0.39483351510942494,0.39554994549050854,,,0.38116501537114367,0.8113965247182574,0.4376861305321639,0.43694537479879114,0.4381581206141909,,0.43828973587197734,0.438447898535564,,0.4386228423279249,,0.43877632326701277,0.43632411485526557,,,,,0.4379599028518202,0.4381895998998479,,0.4378181961014128,,0.4389621170256418,0.4378537640326975,0.43977620323154676,,,,0.3380991808262305,0.049989977053013876,0.002917616256198857,,0.0029071011625254957,,0.0029142545552370436,,0.049463515004266025,,0.0494835749618479,,0.04941332142569899,0.049508246906040804,0.049264533625795866,,,0.04945669339585402,0.049573945348351404,0.04940204600348276,0.04936416876064634,,0.04943106613596273,0.049547403473051164,0.04938050346236964,,0.0495338073428966,0.049471962846817374,,0.04935897601012218,,,0.04947031700133109,,0.04947356768068681,,,,,0.04941327505168018,,,,,0.04928885295252344,0.0495878763251463,,0.04936061424486765,,,0.049542026693655095,0.8183877358233634,0.8212136469533278,0.8174839273247053,,,0.8176269033613064,,0.8193450280753811,0.8197445651515619,,,,0.8188686652561212,0.8182650542337417,0.818500929223249,0.8177995904296095,0.8217594620362761,,0.8187571365060753,,,0.8173808103301502,0.8174238177404354,0.8168843691476786,,,0.8163334427623445,,0.8164209866430157,0.8188088082312425,,0.8166578287815943,0.8179329985356631,0.8182148340891497,0.8162073654715226,0.817174007890811,,0.8161200551466736,,0.8188400823812684,,,0.8196164301322777,0.817368756446813,,0.0502278017138015,0.050340520119854036,0.05057513561712391,,0.0503062666001394,,0.05047900451430438,0.05039734922173761,,0.05049455339918445,0.050394839361148164,,,,,0.05056178982488225,0.05045033500922564,0.050554749897866354,0.05042582165452263,0.05043362323834948,0.05030535491540791,0.05051670874788806,0.05037976876153804,,,0.0503337300076115,0.05028116476769663,,0.05028088745587166,,,0.05038144395757792,0.05055444156906312,,,,,0.0502668925450832,0.050450893712159044,0.050503797395528786,0.05056793142248134,,,0.05039009069026651,0.05046270820279251,,,0.05033210786639195,0.05037930292593814,0.05041584070544378,0.050434698459211266,,,,7.388565158447488e-05,7.360831126040584e-05,,0.040827646388933575,0.002928912519496195,,0.0029224084530099274,,0.002919646706786123,,0.0623307670587157,,0.062175267660399526,0.06213274117898826,0.062160272660456,,0.06205560694916284,0.062405144825921466,,0.06216317017405041,0.06218875889008429,0.06223730220065747,0.062240217134516045,0.06232343940461239,,,0.06207977841146478,0.062136334735453186,0.062106375458051484,0.062072525483397305,0.062266813859221726,0.06210338042053109,0.06230112235986003,0.062111592317973856,0.06229936886058799,,0.061999167662583066,0.06206883980073148,0.062259912965128644,,0.062217684065720216,0.062059712408121435,0.06215399412971873,0.06218305844242928,,0.0620235679812922,0.06214857007375569,,0.0620294037854002,0.062188339163799046,,0.03345704345779038,0.03341522525180724,0.03357192898929386,,0.03341887611374391,0.0334730045875906,0.0334855867876226,,0.033542293782620344,0.033373744344717605,0.03346324235583284,,0.0335295422922082,0.03342801761609793,0.03343372475457426,0.03347797940566089,0.0334798432120454,0.03340743964816168,0.03345358223533256,,0.03339393322657341,0.03344957465731836,0.03338422754233387,,0.03339824866729558,,0.033491642538077446,0.03356749958728855,,,,0.8453142683678309,,0.845434582140404,,0.8463219062581984,0.8489753126095154,0.8474631823077705,0.8459339526410586,,,0.8455992297881115,,,0.8553120151794238,0.8558420185639185,,,0.8592918960227754,,,,0.8575002787037652,0.8507851347342934,0.853921197206495,0.8521428133335216,,0.8445604608135336,0.8442258408370343,0.8419255529475959,0.8460172891682041,,0.8457845334239291,,0.8441509038977686,,0.8436498220704474,,,0.8447726249627501,,0.844456783322066,0.8468216873231605,,0.8462891913696837,0.8464010516374653,0.845018783254668,0.8471489147715647,0.8477149655860383,0.8472823951208787,,0.8474574424112207,0.8451749198312367,0.8442737835304014,,0.8445589096212059,0.8502953280646977,0.8457313103127716,,,0.8573059022659502,,,,0.8557237058239491,,0.8568404651991256,0.855672442600059,0.8536477863797892,0.8555175759006902,0.8531721347034783,0.8549282023792707,0.8580158256368576,0.8533840026716875,0.8563843920744549,0.8562752000305835,,0.8571482849237487,0.8593561182885092,,,,0.855744632686517,,,0.8568680367004768,0.8586288071056076,0.08667367363757353,0.08664635899446232,0.08663893710158847,0.08674982257598364,0.0771547142088165,,0.07727746960080482,0.07713404768189594,0.07724057637432384,0.06036859727198376,0.06007742127304899,0.06027600324983833,,,0.0600816748076703,,0.04042721958316542,,,0.0029050883702660263,,0.0028373920738335797,,,0.0027732094112695306,0.002768784349040034,,0.12491542116589281,,0.7449469354937633,,0.14828474679896184,0.7342990480452087,0.15356294643191445,0.1543672309672073,0.726993727350938,,,0.15925979930797002,0.1596087863295625,,0.15867947373804914,,,0.16913854805852846,,0.002995520635300189,0.002990489588961533,0.0029892681009292604,0.0029987847651616337,0.0029935355890920085,0.0030006038357053917,,0.0029892454386021535,0.0029956683352142803,0.002983790609608428,,0.0029909608966094546,,,0.0029945831942499576,,0.002992481056777818,0.0029906451454482642,0.7070106461440386,0.7096982126626452,0.710726015397488,,,,0.19772360580485338,0.19719116711948767,0.1984284799408108,0.19732468235869613,0.1988451256305563,,0.19826873914659168,0.1991923908201271,,,,0.7031629304206828,0.0030267893997678935,,0.0030284812003177983,,,0.003030703240825987,0.003021324094073846,0.0030294020252956025,0.0030305631070452568,0.0030277873749596554,0.0030284450924391356,,0.0030320094935288255,,0.0030357981222421653,0.003036285899935897,,0.0030354370213161157,,0.0030353272187290396,0.0030296800814513846,,0.0030373952348675486,,0.0030245610603748044,0.003024969321454187,0.003026818649342043,0.0030278642894169512,0.0030206842342873574,0.0030259019556752053,0.0030340788103743093,,,0.0030282202877735497,0.00303475272750189,0.0030283483151691097,0.0030287070019584025,0.00303017456191932,0.0030248842818977897,,0.0030290625691394664,,,,,0.003039674138359964,0.0030154639796049878,,,0.0030254137142452587,,0.003039065374504511,0.0030250709312416805,0.0030367216765017084,0.0030307519420521567,0.003032455799877254,,,,,0.13316235997187528,0.133548175139874,0.13364508398513614,,0.13357061217416602,,0.1330409347274497,0.13347443646387672,0.13290695085188525,,0.13329118083485866,0.13315955590759887,0.12427788714544742,0.12444069920836769,0.12428185637960736,,,0.12437164637540865,,,,0.12422212995761384,0.12405918431677668,,0.12363625155302958,0.12412036665454673,0.12393728235791403,,0.12421616100407915,0.12388036627930687,0.12405216920669293,0.1333128795420362,0.13312261164836797,,0.13339973788402834,0.1337570312580494,,0.13376782675271937,,0.8336916883828698,0.8357381838034731,,0.8358016212888006,,0.8338337835812669,0.8334254611122496,0.8324187435975876,,0.8333606439553356,,0.8337740564065468,,0.835495181292357,,0.12369977007872919,0.12399741658639389,0.12401411047069624,0.12387593776080015,0.12443872127720856,,0.12429323812566839,0.12441149766074017,0.12406979226560114,,0.1239644431242723,0.1225055444455812,0.12359629526638272,,,,0.8344314861695354,,0.8360940016381448,0.834670680842218,0.8360699465242114,,,0.13321307623263484,0.13314041534562226,0.1330525573684091,0.1333536319596015,0.1330403009264639,0.1334945650916625,0.13329651326979336,0.13342020410676667,0.13335547564611125,,,0.13348475658145645,0.13305874946679153,0.1337724422140029,,0.13338233320354642,0.13284189739658828,,0.13320176225757158,,,,,,,,,,,0.8348761412741115,0.835779941148666,0.8380003328535849,0.834034285707563,0.8374550194305576,,0.8317051879634381,0.8330591045557957,0.8347753248129125,0.8402735969558984,,0.8355225744399726,0.832524691999886,,0.8327850189664574,0.8336695124616346,0.8320891163692189,0.8354661939176832,,0.8367123077221098,,0.8331456945211034,0.00295898522526269,,0.002962805628669527,0.0029488242436949545,,,,,0.41363509309949664,,,,0.4703960095793946,,0.4698395507307024,0.46891995445822027,,,0.46951045444357514,0.4687688056348059,0.4696112632126101,0.4697540401546843,,0.4700413224418579,,,0.4690412443813968,0.46958341154963884,0.4690050228962419,0.4701267657150488,0.4707076098296159,,0.46973512927476896,0.4700542133753943,0.4693660558638317,,0.469247312206688,,0.46817050810099287,,0.46857768194485444,0.46855679443276255,,0.4692483223834495,0.46794077602908685,0.47014495263423156,0.4695310171055328,,,,0.46849386955170097,,0.4706104741221018,0.47009366115223256,0.46894885548485127,,0.46916062030937344,0.4709271692087476,,0.4687637943132855,,,,0.46939810535215487,0.46997278926444314,,0.46943563863494536,0.4707547779859973,0.4698088071430832,,0.46967717299258893,0.4682251769251258,0.4696006345425877,,0.47044920461855405,0.4708346820148636,,,,,0.47001285048414987,,,0.4699616302659491,0.4699356261143607,0.47020451278635145,0.4691791758943939,,0.4693676265089696,0.47003100041231377,0.47154407520276226,0.46940670092553577,0.4693888699663593,,0.4677005601064511,,0.4703587209861538,0.4691847313154858,0.46998767862034757,0.4705067585297587,,,0.4697847676593749,0.47035983667572834,,,0.46996127565363804,0.46881607871404124,0.4688124649984422,,0.4709855678808038,,0.4688537524722362,,0.47002791754343015,,,0.4702102187107608,0.4687691883796134,0.4681303560428081,0.4705349228225259,0.46781152245760715,0.47059858812289806,0.4687850047292542,0.4705167543585642,,,0.46950460344173195,,,0.46877007973390694,,0.4698098937951131,0.46973794706432986,0.4695990126507032,,,0.4695472902431711,,0.4699026563185528,0.4698016261714148,0.46918761021714217,0.46949104341159287,0.47028620026371154,0.4694063596195926,0.46970600508181987,,,0.46897509477300087,0.46997165737168756,,,0.469829702413426,0.4696792015588578,,0.4698490605621665,,0.4694718090031578,0.4696432629563269,,,,,,0.4700935941801481,,,,0.47172700053584277,0.46900941754466163,0.4692565846470233,0.4692681304143315,,0.46956626995518125,,,0.47053842979381305,0.4698298575702974,0.4708673609862849,,0.3618284275972104,0.3629056541013278,,,,,0.541760001034099,0.5432760828735667,0.4592586049456331,0.458571818042046,0.8109876279646138,
4,4,DG_8pct,16,Z08_F06,8,LL_AB,255471,255418,True,5162.7539543315415,5201.057503468072,5195.718275910048,5397.703397511326,5348.022216541604,215.01421374739343,6066.054415351155,842.8937795775316,866.1561787901001,308.40944654090265,310.3388631867776,201.9007914248375,3.1699744651019666,12.273069057419534,18.477903477842947,10.489813602203597,219.8429821644609,21.184308019360117,32.39896703903117,277.1159786325863,,0.6696620179037314,,0.7397202602501805,0.6639280512175694,,0.5743720886049994,,0.47092275648028875,0.4699514572971775,0.45598790880731366,,0.542072169670627,,,0.4602273885486329,0.45960708426889335,0.8146809498877028,0.8143187427696743,0.8118789195866714,0.47135207929008277,0.469285830909855,0.4704541827271663,0.4696092799910727,0.4709272750949647,0.47127089952644613,,0.46757000654745917,,,0.4717102043363345,,0.47099527050098045,0.47064198561620946,,,0.41133870549643475,0.4121129732464396,0.41043237067329735,0.39572074724700934,0.39660472634891264,,,0.3967590519750985,0.3966911876473814,,0.39686830794010597,,,0.3953978232679628,0.3963085752677777,0.39574590010521227,0.3962422051502313,,0.39475619335960743,0.39588632487899156,,0.44999195658946445,,0.3806109642193361,0.8111365370382342,,0.43894852101650733,,0.437670043600866,0.43665100382398764,,,,0.43770719132061414,0.4381597550563206,0.4373856379348133,0.4379119736856812,0.438242585076971,,0.43686144540288824,0.4386709140761288,0.4378488889194641,0.43773173888119193,0.4361743221073894,0.43845926098228916,,,0.43745513761262955,0.43853312342376755,,,0.33956441834820483,0.05009337364541506,,0.002913564288663634,,0.002914441224586425,0.0029075485228487966,,,,0.049435732917332505,,0.04962329359885339,,,,,,0.04954320177285257,0.049366230318355096,,,0.049508106631434595,,0.049328497551916275,0.04938712243061189,,0.049316482250777324,0.049405822021228604,0.04943575238424093,,0.04951712948344916,,,0.04941700527092176,0.0495123573421485,,0.04940375563724528,,,0.04947834656041833,,0.049516590613273646,,,,0.049356930037002804,0.04945803170080304,,0.04933794965424983,0.04937152836660903,0.81855743711824,,0.8198918807997679,0.8219104759074523,,0.8169521195550891,0.8173431162552048,,0.8187041752068774,0.8189730317920093,0.8184143867342545,0.819576413805429,0.821007440406117,,0.8196973542865417,,0.8203609593548873,,0.8211091903521298,,,,0.8187674289494208,0.8189713298870227,0.8196330285773542,0.8193559530340685,0.8190416110254124,0.8167022508941446,0.8198670623970583,0.8186137859285817,,0.8194407110102951,0.8182777984521483,,,0.8157029113579768,0.816398186506186,0.8200026507759149,0.8187721136235655,0.8172856506501605,,,0.817197418051182,,0.8205342044993482,,0.05037855213947298,,0.05031073980171388,,0.050532472975978196,0.05043080394311917,0.05035338619959801,,,,,0.05035707007226468,,0.05045738217473926,0.05057016358788727,0.050593723675878666,0.05051266746688784,0.050517560652055635,0.0503922845891016,,0.05042723495781181,0.050374648232246945,,0.050346439948794966,0.050346443139936393,,0.05037592884418026,,,,0.05033469663207378,,0.05039844459250162,0.05051206897300739,0.0504872824764622,0.05027189679430207,,,0.05033937912450593,0.05046637505008545,0.05050670976056403,0.050360492891942235,0.050294155149771154,0.05019870999457123,0.05020452469040554,0.05031527680007251,,,,0.05042635630787842,0.05026374135716753,0.05034104824235508,,7.374901440682038e-05,7.418827752809887e-05,,0.04075678489975318,,,0.0029254259358750785,0.0029235783401951286,0.0029238097005128013,0.002929623263689965,0.06214499717268531,,0.06227022077889873,0.062112915529043966,,0.06212259256353092,0.0621797425024207,0.06223615573940421,0.06214902114982463,,,0.06227829297209363,0.06226607284801916,,,,,0.062239776979736906,,,,0.06222405569224032,0.06224454225313081,0.06230938496862693,0.06194529113829838,,,0.06221278923014973,0.06214328331045687,0.0621265920885973,,0.062164086928998934,,,0.062047415247507044,0.06215687103388665,,,,,,,0.03351775808644765,0.03342868450292286,0.03348490145021071,0.03344674868014761,0.03342636200459331,,0.03352304009763076,,0.03346259544380925,0.0334978930266091,0.03350194563852767,0.033479744673165,0.03346664222627239,,0.03368308788008518,0.0335306713508977,0.033448810600552756,,,0.03341147334014895,0.03351076482430719,0.03345014549630524,0.03336741237913703,0.033525869076236704,0.03352262172881465,,0.033471818536254305,0.03343834900875164,,,0.8470661415272166,,0.8436533360713855,,,0.8448877298024307,,0.8451415345409482,,,,,0.8561051954758677,0.8550742131631887,,,0.8537681263650284,,,0.8526443706509953,,0.8557820499576062,0.8553947426295346,,0.8548679498844284,0.8542273686889877,0.8464971746530308,0.8419921744027951,0.8439951505093402,,0.8422106823910238,,0.8423836503764973,0.8452660780764535,0.84609165568404,0.8443612798078081,0.8469731548710804,0.8473573286092011,0.8469481209613148,0.8459241520913406,0.8458220159892246,0.8485746057706302,0.8458744260979109,0.8434997770088679,,0.847380288578802,0.845803428397484,,,0.846146131721931,0.8496018183149544,0.8462981237878677,0.8454096375112481,0.84678265896135,0.8449259484950584,0.845514699500601,,,,0.8559918706987029,,0.8567168320781406,,0.8569617100205206,,,,,0.8552231457867713,0.8561880051771235,0.854320571484602,0.8555372171186673,0.8536066479709352,,,0.858829271791681,,0.8535331784590948,,,0.8548174776677353,0.8584460843547574,0.8571718615770042,,0.8563131546072213,,,0.08651013195414427,0.08680541021104773,0.08673097121754483,0.07719059743502571,0.07740505999948807,0.07698826728898386,,0.0771956469745824,,,0.06027701193940862,0.06004579686575757,0.060267091351858565,,0.03981804398257066,,0.8247090857543943,,0.0029069671119661008,0.0029149702449834734,0.0028419239482761773,0.0028510574178297688,,,0.0027684327908677727,0.0027747141153982944,0.12504223639195858,0.12539493515462002,0.7434178665946976,0.14751171476764233,0.14813358919225197,0.7325643380981307,0.15384002303568328,,0.7277297463220106,,0.1596518874624155,,0.15926655305002102,0.15955939924646179,0.15867558724522288,0.1596428550360531,,0.16872479312393443,0.16922524981878134,0.0030041823570662925,0.0029942861530705173,0.0029986533056984574,,0.0029988638500158525,0.002994873809507266,0.002996912389589663,0.002997339042959331,0.002991911429353638,0.0029962024818428108,0.002988401611513865,0.0029964005182217942,,0.0029983977954595896,0.0029896486566635258,,0.002988645039312153,,,0.7083546252437368,0.7085735698221329,0.7102349734579575,,,0.19746052252907695,,0.1976585748410784,0.19729587424874312,0.19876348939549307,0.19859756986112628,0.19887325473229872,0.19862470041377348,,,,,0.003032887062846575,0.003028996417630033,,0.0030325677321144788,0.0030392951805027013,0.0030332724324816053,,,0.0030352072918534766,0.0030287772557604864,0.0030299967888490482,0.003032034461270257,,,0.0030252367394447695,0.0030289536250575903,0.0030345918767172688,0.003034281681204424,0.0030285240492305327,0.0030335495990530784,0.0030254794051081317,0.0030405965027805026,,0.003032967281798607,,0.0030298671915357954,,0.0030269696631925933,0.003033750236172807,0.0030348022093943956,,,0.0030226952508675712,,0.0030226626050003876,0.003027736962599116,0.003027959950841367,,0.0030352068269972722,,,0.003029045813215022,0.0030305347210839773,0.0030337934243609517,0.0030230633319223506,0.0030350988125797413,0.003029296839814018,0.0030305928618935976,,,0.0030310262911712547,,,0.0030246803474379045,,0.003029328530496458,,0.0030347737109585205,0.0030277273461627964,0.003031921325249146,0.13296286784601724,0.13293039517610525,0.13333488895924914,,0.1331056038954468,0.13319843856770425,,0.13342179025795015,,0.13290251749604118,,,,,0.12404033140918788,,,0.124209311267135,,0.1240821097933286,0.12417471805254626,,0.12453261024793207,0.1239916033910509,0.12417090003001023,,,0.12431433088207662,0.12423555311619879,0.12364562005193641,,0.1334127642291846,,0.13304433162980359,0.1337347652409887,0.13341934993312984,,,,,0.8331986621021138,0.8347768471075399,,0.8337622138708759,0.8345232987720579,,0.8333527976279526,,0.8349917166178507,0.835092336482797,,,0.8330121586027188,0.12408718480177866,0.12396271041142273,0.12423696381992201,,0.12432644400612115,,0.12423638944100288,0.12428320779113546,,0.12418169135069347,,0.12441542803770997,,,0.12402659190365901,,,0.8360002938210893,0.8319851605715765,,0.8362971079833811,,0.13345188163416727,0.13334020929431178,0.1335055752472706,0.13328849425002537,0.1331818457157521,,,0.13311979185242892,,0.13340876833281412,,0.13324729884974226,0.13313399042641452,0.13353008189816906,,,,0.13320987315012384,0.13351221543634995,0.13319150366385216,,0.13323187637649467,0.1329647369817692,0.1333153863547619,0.13338357774060824,0.1332874111075016,0.13327689749091134,,0.8349035549338218,0.8373028665289632,0.8351886432959803,,0.8377187849575639,,0.8334951103816658,,,0.8296932518436229,,,0.8368219257278866,0.8342098849952873,0.8325010983801695,0.8350622436871434,,0.8353937274604762,,,,0.8358828486601456,0.8351858016553864,0.8346976210719991,,,,0.0029525454328269696,0.0029609837384067914,,0.0029462303692944143,0.41402947215816754,0.4883663545362056,,0.4148472541916865,0.4142035375550324,0.1777433445609265,,0.4691840622171436,,,0.46898531419014955,0.4691853930980531,,,0.47084415303447197,,0.4695783238182976,0.4697475318783252,,0.47106692252235927,,0.4693389954172193,0.47032576051925423,0.46932761404168255,0.46877532907998737,0.46864328107434483,,0.46952093368064846,0.4694416453955498,,0.46975212842773634,0.46965161675359157,,0.4707701498114837,0.4684544112818728,0.4682127140517003,,0.46992958740518803,0.46966019435398004,,0.47062912891827685,0.47064214482437383,0.4693539350163484,0.46968099592515394,,,,0.4691308084935445,,,0.469671233942984,,0.4696097751386606,0.469611720168289,0.46920690361691475,0.46960051412744386,0.4708061763048133,0.4715013955138714,0.47004343542239135,,0.47013411834648416,0.46937751745766415,0.4704731512385128,0.46798193271089633,0.4682735647729953,0.4684865297760643,,,0.4710105351129878,0.46878311866215383,,,,,,0.4703047610548905,,0.4718802374507497,0.47021362172307174,0.4691270850249768,0.46958048156063564,,0.47050439653471277,,,,0.46841170383574426,0.4698469144712863,0.4703836361753196,0.46969354309929556,0.46981662238790295,0.46959111198999054,,0.46980562467489917,0.47086978524564965,0.4690745170833416,0.47076556568252187,,,0.4694055951440425,,0.46869621197229716,,0.470527535263838,0.4702608319071699,0.46965630159790367,,,,,,0.46952551443688045,,0.46911930385285905,0.46910008821864413,,,,0.4701581832975907,,,,,,0.46927774292688024,0.4694340209196629,0.4703398557033647,,0.4703874248969379,0.4695766747249236,0.47010144212418176,,0.4706666886042518,0.46929367975038067,0.4692904574819198,0.46838998914237534,0.4696676179020463,,,0.46988107799428047,0.46951771808036624,0.4688407055680358,0.47048129003722244,0.4698632289444616,,,0.4690613148557252,0.47033370393289814,,0.4694087529732909,,0.4702081842813146,,,,,0.4690925183319353,0.4697221767910524,0.47011107487867904,0.47027715167592266,0.4702739847991661,0.46867848835334097,0.4685125012743987,0.46970416000451226,0.4697019159274124,0.469849836886982,,0.46878292718030184,0.4728328017847627,,,0.4705798580434786,,,0.3616983223916138,0.3606857547403996,,,,,0.5403402777667987,0.5432951123303916,0.45838929087914737,,0.8100576394104999,0.8121957050723582
4,4,DG_8pct,16,Z08_F07,8,LL_AB,255471,255418,True,5181.811120971748,5170.974940925444,5195.92536560595,5380.988980178072,5392.230731215547,215.04663559044968,6094.780448497295,843.0726715121651,871.5006206945134,310.2324012403734,310.00815410170253,200.1883897507389,3.1707980009566503,12.201257904181688,18.56804974799959,10.458497978544573,219.8428789708168,21.178556316939623,32.22908503424997,276.10127177080653,0.6679255729112619,0.6691929127325753,,0.7374685096321018,,0.8416909152940216,0.5743679465299256,,,0.47057025077479026,,,0.5424121509209543,0.5419610708560925,0.4587992348427265,0.46086411901206153,0.4606284995560476,0.8120415078509423,,0.8103601397268531,0.4709653560824639,,,0.4696491502833858,0.470578287528943,0.472097145729602,0.4682448604523154,0.4666677829917339,,0.46966276347227487,0.4713767215627827,,0.4701272368520876,0.47125251944586755,,0.49753532794219224,0.41031765568216333,0.4109775731219136,,0.3964842176340533,0.39624995703040483,0.3952162358011309,0.3955706392709472,,0.3962546588527596,0.3966294691370556,,,,0.3967376358893098,,,,0.39617186148560296,,,,0.4503482013709773,0.4504351509264732,0.3806892134513066,0.8094678566951037,0.43755631992552196,0.4377532643615482,0.4371934285128681,0.43665995503072974,0.4387086697982779,0.43813233990578276,,0.4383588403201812,,0.4365450345234032,0.43937045874189284,0.438673941327876,0.4389199285157032,,,0.4368504733902166,0.437882401090355,0.43694022095792423,0.4371307859819412,0.43832116561342027,0.43753679990737193,0.4375808998626165,0.43795115994408657,0.43828104180742605,0.3390999518325489,0.3386160413298584,0.3388226765421321,0.05023691002766473,0.002919289968357252,0.0029194462510209597,0.0029148522361554783,,0.002908662393128043,,,0.04958367451959018,0.04940865018727518,0.04939675572622308,,0.04935915199502769,0.04944753357095418,0.04956052779592697,,0.04936353961229137,,0.04950727106347791,,0.04939252406214547,0.04940194226545207,,,0.04934359950468356,0.04976257746363695,0.04944667083413397,,,,0.04945276463191823,,0.04935620356047189,0.04951596338456841,,0.04938656167722918,,0.049297541399574867,0.04939284737105404,0.04944911442899257,0.04941473350374359,,0.04930898004075741,,0.049377649063290924,0.049417320313585485,,,0.0493881810920934,,,0.818598444766455,,,0.820830446534948,,0.8201756106636043,,0.8165165086356817,0.8194413392248998,,,,0.8231116126454642,,0.8184531292689532,,0.8181783021597179,,,,,0.8185046417675844,0.8187238158291178,0.8174222913077995,0.8177380534816057,0.8196550776362832,,,0.8160724492524286,,0.817401762042497,0.8202146760869073,0.8166099743291078,0.8200317254415671,0.8181852204086216,,0.8192725078149764,,0.8176161628062218,0.8175600497976128,0.8194073653829188,,0.8197292570169064,,0.05039598973314007,0.050278024208091764,0.05038115242252401,0.05033689366720372,0.05043132704769893,0.050548825211353426,0.050322026327073256,0.05038122188989275,,,,0.05058173055401119,,0.05036273309067779,0.05035363385086087,0.050462611650248075,0.050226722077340656,0.05044592605517714,,0.05039664151056259,,0.050384096075443106,0.050212213075167114,0.050433528694189586,0.05027982503977727,,0.05034128849408033,0.05027017139007673,0.050383206741461906,0.05026422452662069,,0.050378311284052714,,0.05049394498860461,0.05045836796616976,,0.050433598066253235,0.050481280697931695,,0.05050211516038552,,0.050343370404512026,0.05042356949615728,0.05046379670145305,0.05048644397580131,0.05039960288680294,,,0.050276855283899476,0.05042941354296498,0.05033457864016242,,0.05045224656387752,7.371337926749395e-05,7.36571960175843e-05,,,,0.0029213299194999977,,,,0.002931965602133809,0.002925621340102401,0.06238007590858353,,,0.06220297051853389,0.06204395804012661,0.06205480285618629,0.0622696759779775,,0.06211587398323177,0.06218679670692903,0.06227588944802348,0.062117229633123605,0.06217968605167285,,0.06214396835620194,,0.06241003554327909,0.06229775322061267,0.06206635627228518,0.062298145819725,0.062145622709821026,,0.061909723445717324,,0.06221545468523311,0.06201939339431036,,0.06222637935557446,,0.06209818293801041,,0.062069364081448995,0.06225635660488119,0.06210772606638716,0.062170153659725835,,,0.06201332119537598,,0.062197585752698986,,,0.033443322078437344,,0.03344018144000901,,0.033478742333123486,,,0.03345665827416781,0.03351518294662812,0.033500677455477475,0.033505139173467556,0.03346859443405641,0.03348292048401046,0.03343925819997228,0.03347499896995729,0.033513598890442746,,,0.03347640980169626,0.033440701328062386,,0.03352294833897016,0.03348607019035263,0.03352273571445203,0.03340270223857568,0.033409356480300564,0.033480085167998316,0.03346665399320951,,0.03343221472058941,0.8452808608279223,0.8466169191173124,,0.8469482668813599,,,0.8469402814441931,0.8461552380195632,,,,,0.8510653233209652,,0.8568229701021889,,0.8563506202295889,0.8537152145279733,,0.8562639825113164,,,0.8520340970407468,0.8534868801345498,0.8553319659354425,0.8535612366666088,0.8439677524991456,0.844201062747838,,,0.8443000045262932,0.8454551872235246,0.8445765364001355,0.8445939640198274,,,0.8469200820044689,0.8456695855390511,0.8468030895581049,,0.8466274996985715,,,0.8456715172748497,,,0.843781501990574,,0.8469236758978249,0.8458556725352547,,0.8449929946374466,0.8439001874262362,0.8454227465471621,,,0.8481308585697315,0.8526072253811748,0.8551949921930522,0.8523744372651448,0.8542470343454126,0.8538964848016661,0.8558726426272038,,0.8539147870478069,0.8542741606373726,0.855631163939475,0.8547446961055253,0.8518037934263205,,0.8565205962680809,0.8557618255020158,,0.8565540697131465,,0.8545766078190778,0.853978719530873,0.8571339270907622,0.8549376084725842,0.8578023950826715,0.8567283304149714,0.8558122089390187,0.8553020514491785,0.8566100610477055,,0.8561736803435289,,0.08702280398347248,,0.08684523421925008,0.07721940444859435,,0.07723572234364276,0.07723079482454401,,0.06025947247462355,,0.060092009648384306,,0.06023437665488999,,0.03988179980625632,0.04046675383832174,0.8281194180661431,0.002913912801141248,0.002904377593944662,,0.0028500091847164653,,,0.002765107233237482,0.0027680387566183942,,,0.1256273575833157,,0.14719681668997853,,0.731235541817973,,0.15460058462108367,0.7294288792372274,,0.15935293861928257,0.15950303077349937,0.159166001082214,,,0.15959271412755632,0.725608329576363,0.16950191851025653,,,,0.002986924831228072,,,0.0029905134289314565,,0.002999223542578646,,0.0029931267141146915,0.002994236964679042,0.0029972619579150383,,,,,,0.0029971255394880517,0.7091506809082336,0.7111114042937747,0.7082768457450814,0.7086293040155817,0.7100820153018077,0.7130954096161236,0.19762419776157086,0.19770769270877595,,0.19758404220972484,0.1993484268051947,0.19898780522145879,0.1987518724194116,,0.7037198027911216,0.7028274415506972,,,0.003032010649038934,0.0030358323879431924,,0.0030337302757805973,0.0030334294879204105,0.0030263685809449525,0.0030378350552801915,,0.0030267406336454247,,,,,,0.0030333034401092617,,0.0030299091496109446,,0.0030267625268941005,,0.003025142454487542,,0.003042080265529926,0.003033007384617252,0.0030210149304385307,0.0030279607676253107,0.0030386836053116857,0.003033690858174299,,0.0030232938394548835,0.0030287283906592732,,,,0.003024859755998738,,,,0.003031644566191552,0.0030311683093272638,,,0.003042334798772524,0.003039559025419569,0.003020953071406054,0.003031094689344268,0.0030284626101112202,,0.003029587721105965,0.0030289890641180266,,0.0030265788898133053,0.0030360046381400028,0.003032427361018461,0.0030287169314795427,0.0030381434596661967,0.0030366446217700424,,0.0030270351934349065,0.0030335155796691704,,,,,0.13309064924827083,0.13315730887500532,0.1336295235160032,,,,0.1335816680672143,,0.12408548135298021,0.12403922791497668,,0.12434650496614036,0.12423560202157544,0.12451045942235553,,0.12392178833962458,0.12486666083464439,0.12410055757884568,,0.12475792347159916,,0.1238716329177007,0.12395758562653914,,,0.12428608122948402,,0.1335864848821005,0.13361605422592374,0.13360921769951997,0.13305369149479424,0.13352556988647782,,0.13331628705720633,0.1335520718200787,0.8357393820528698,0.8343345301788639,0.832853109679053,,,0.8300953235989873,0.8338065213752063,0.8320943581501689,0.8336006477948075,,,,,0.8300651734298827,0.12419284559949939,0.12407080886417904,0.12421889498358811,0.12414632824213172,,,0.1245881424130878,0.1240274015943245,,0.12411106133103396,,0.12427598889642054,,0.12359767798096878,,0.8376906280034468,0.8355420840397217,0.8357798814993254,,0.8357222134166654,,0.8348175711661077,0.13287985684700565,,0.13320048804377846,0.13319918530474092,,,0.13325824122058605,0.13324022263665544,,0.133129399176192,,0.13375614328181165,,0.13350904922286044,0.13342662290524723,0.1336938211126689,,0.13316576242140102,,0.1332312833310065,0.13335233415985864,,0.13357600524456426,,0.13290502091768766,0.13336538496565403,,,,0.83398225435112,0.8383408409712159,,0.8353992802732821,,0.8361415397104071,0.835239556472271,0.8354537310265702,,,,,0.8366695775527084,,0.8346722179978942,,0.8341585850319638,,,,,0.8346163701000207,0.8358771509697033,0.8359387920964936,,0.002959395151626827,0.002951890732308772,,0.0029616277885938227,,,0.4900816136775824,0.41508759028131853,0.41462981275900973,0.41487289691101664,0.1778271650327585,,0.46821144930393793,,,0.46988263486669973,0.4684383511878002,,0.4685360418489298,0.47082125977717204,0.47047811933439254,0.46952916596860583,,0.46881076413153794,,0.47107392846932555,,,0.47183293783435276,,,,0.46894525074636795,0.4702970907560469,0.4698793384776582,0.4689892240696555,,,,0.47013579905165054,0.46985390241755803,0.46857673805939115,0.4682717874184172,,,0.4687108580215827,0.46803273815831276,0.4693446802122603,,0.4707879349037041,,0.46901838735769114,0.4695884904933399,,,0.469685588707983,0.47031952108867564,,,,,0.4690229087000634,,0.46956836952845665,,0.4700656255087129,,,0.4713251401458053,0.4697098729755541,,0.47053183456079334,0.4701570447856381,,0.46969157299842695,0.46870250332375196,,0.47011052919624996,,0.46928586393990734,0.46874281233408593,,0.4683481286435509,0.4701477826693472,0.46959011179532717,,0.4705158935030336,0.46952703319623,0.468148975125136,0.470567731274677,0.47070825702053837,0.47058702986370926,,,,,,,0.46906749386934343,0.47068147401153454,0.46882254983499416,,0.46986467351513295,0.47057597853730404,,,0.47089415386502914,0.4693543482590955,0.46786091846749084,0.4700047787335292,0.4703632472278033,0.4705794518761361,,,,0.46871870387957754,,0.47078225190688877,0.4681523020532717,0.4703191920422226,0.4697707199021975,0.47039417443868464,,0.46945737401585935,0.46920491717793245,,,0.46889074929556324,0.47080646444379926,,,0.4695195681631794,,,0.47046335838109493,0.46946181066095105,,0.470571386478557,0.470192624962652,,0.46991526885354895,0.4704288407957799,,,0.47091341162499245,0.4699290575804384,0.47016505584124757,,,,0.4693413363553005,0.4691203293010534,0.4698782667014692,,0.46958114428437536,,0.47001051613742423,0.4697872569582207,0.46864539769557745,0.46895288623469994,,0.46884461402963445,0.47069524884553604,0.46951730615935455,0.46876360938135725,0.4704194630847518,0.46863322982014416,0.4699863996058091,,,,0.46880966956205905,0.46863679344987635,0.4698181383602572,,0.4695880360332584,,0.4693783182705879,,,0.3622736213028208,,0.48367917702847635,0.4097139243662691,0.808785202517865,,0.5424335647111425,0.46021711346012323,0.46006080533677435,0.8099405386338551,0.81314742066861
4,4,DG_8pct,16,Z08_F08,8,LL_AB,255472,181935,True,5066.285598929768,5089.135604596143,5119.696682988176,5272.148757845299,5252.803343328767,207.8135565472302,5952.1544408013615,821.4486426528292,836.2622413122201,304.11779299251145,303.9307345254763,195.97038590999458,3.3533846897170103,12.607793714607018,18.797721335448315,10.92165888725746,210.52802758834545,21.48055405203794,33.142488215271094,266.26997652759303,0.6755753433180881,0.67531580859141,,,0.6710472053775657,0.844192867653207,0.5839210116375293,,0.47889601543371785,,0.46543417683454813,,0.5569225354127653,,,0.4710283824277948,0.4694249926560775,0.8212634619754775,0.8196477913530114,0.8223699810086366,,,0.4800198166764057,0.47970172101401837,,,0.4766263070697499,,0.47760750202269325,,0.4811608304282616,,,0.480023868192668,,0.5110633935039298,,,,,,0.4076665895679065,,0.4062727954636375,,0.40727905337643483,0.40773483100497243,,0.40713627797357116,,0.4071757823732,0.4069180510144388,,0.4058880535984774,0.4065154867744682,,0.4071999421630791,,,,0.8177069645346758,,,0.45399598515633477,,0.4535698668737066,0.45366794652392467,0.45574370835618133,0.45396369410432225,,,0.452458394361783,,0.45525048596858225,,,0.45474772339746783,0.4532111910106743,,,0.4542057249843897,0.45251870024040997,,0.45499991757323477,0.4532957172488779,,0.3499488329649579,,,,,0.020491871436804615,0.020557957858093952,,0.020526509572775534,,0.07538918774817012,0.07535943763756449,0.07495973191112938,0.07506996667984414,0.07526518187460843,,0.07512565189584758,0.07534805485405784,,0.07529145596928864,,,0.07521630133992648,0.075536158747679,,0.0752126978012508,0.07533647780335173,,0.07537798306000047,0.07535909796499334,,0.075256592024083,0.07505968701509023,0.07512448379555114,0.0750023432640025,,0.0751809443272669,0.07514261079525095,,0.07524606873962951,,,,0.07530649400855781,0.0754110350952162,,0.07503159076465785,0.07504695683010291,0.07523429364499908,,0.07516653669349826,0.07512806202284669,,,,0.8253115643683633,0.8278708569483666,0.8239202065269341,,,0.8240679851107712,0.8248285055220097,0.8259088759255998,,,0.8265658149218346,0.825975360202564,0.8238281939112074,0.8266323346710496,0.82545894069154,,,0.8253588571405447,0.8254163533938658,0.8257822510690234,,,0.826879067333161,0.8246668747239546,0.8271291281579866,,0.826272402291984,0.8267951335204227,,0.8249086047855184,0.8271679793810015,,0.8264146659734379,,0.8258546011334265,0.8259622639681373,0.8267765180135966,0.8234819701907057,,0.8259547618037247,0.8248037160173791,,,,,0.06715471429617938,0.0672270051156005,0.06724999057311665,0.06725880103916158,0.06744482667574907,,0.06730241582162434,0.0673963709950337,,0.0673242839713782,0.06748009075901955,,0.06737893608443905,,,0.06732422232055793,0.06736394109017477,0.06738012415730914,0.06736496406541992,,0.06751799425947731,,0.06728192728887421,0.06728795645218535,0.06702961665103813,0.06714857714187923,,0.06739102411390702,,,0.06739459231070793,,,0.06737988143995287,,,0.06731707461874757,0.0674519047483214,,0.06723935427592785,0.06733559892847493,0.06753735406558278,0.06734804956665276,,0.06728407956246686,0.06758838864100888,0.06739903186707638,0.06730421958264501,0.06740777806580163,0.06744612783562275,7.270221959612896e-05,7.28068608476184e-05,7.283404417332766e-05,0.04779475404666254,,,,0.02050407472239846,,0.020497507710819454,0.0205257484052843,0.08633393423252281,0.08676504102237438,0.0868069346833294,,0.08682797215725355,,0.08664902031603701,,0.08662115535588484,,0.08652442866134233,0.08636367390610865,0.08647442961955844,0.08664753948572435,,,,,,0.08672214798257227,0.08679590119835183,0.08689225161892321,0.0864042389483002,,0.08641698854918822,,,,0.08648753837248706,0.0868170529383516,0.08681912278983465,0.08644899036434263,,0.08652997712915102,,,,,,0.08637780384023182,0.059490361727615994,0.05946460888087049,0.05939032939215899,0.0594885114266043,0.059287345830878614,0.05925911220989613,0.05944530736365336,0.05927995266359128,,0.05946619617043618,,0.05947310879721173,0.05940678016629974,0.059298356898818134,0.05927551866207703,0.05955722150671388,,0.0593633263883773,,0.059220795401173004,,,0.0593811285093304,,,0.05957753585150241,0.059179145129043736,0.05952413035105449,0.059432092844825715,,,,0.8507734653696993,0.8539020184221848,,0.8502474648897408,0.8523085865378073,,0.8529636666556429,0.85307583524917,0.8527723526226437,0.8511560314234271,0.8559676342103844,0.8619042547850233,,,,,,,0.8589845613684239,,0.860397094010243,,0.8605083753710205,0.8592060287086264,,,0.852154927749328,0.8542374929912231,,0.852586626396202,,0.8515247712289253,0.8529341568194323,,,,0.8518294598936895,0.8532835367092398,0.8530498173218186,0.853371631707892,0.8541887460905085,0.8511395059929588,,0.85458406013767,0.8525474965615877,,0.8523364964653826,0.8520527984540447,0.853813342673211,,0.8503411117538263,,0.8542159226834382,0.854094653999784,,,,,0.8610360231088844,,0.8596979517388396,0.8599147723566174,,,0.8588691721262679,,,0.8611081664356609,0.862264469904494,,0.8619404317669539,0.8620097932965496,,,0.8612689006751683,,0.8616729746350784,0.8609538005186531,,,,0.8637519010779307,,0.8613291603284708,0.8607109554445227,0.8636797031112531,0.10752393492322021,0.10759950040942454,0.10737138430020421,0.10758600163751623,0.10114614538745219,0.10100787245231459,,,0.10133375490599536,0.07476624318834045,,0.07469760843698176,,,0.07467279251471684,,,0.8331520580083789,,,0.020481980462469938,,,0.02004947629709864,0.019406587343989423,0.019394799223962766,0.01943949609681308,0.14758077564275,,,0.16901714009542437,,0.7411869446843048,0.17494144912454754,0.16497409753425943,,0.16974336498588144,,,0.16985169103877404,0.17015757068988985,,0.170240364037836,,,,0.02094098750900897,0.020943860682170835,0.020952572386573474,,0.020913291647251878,,,0.02092278549902244,0.02094672536194746,0.020919928144712437,0.02095017206192662,,0.020952144473781638,,0.020935655533246656,0.020885415748362616,,0.020931302090803853,0.7209331584750553,0.7221388119517627,0.7227185602161308,0.7240044938653935,,0.7232922062332605,,,,,,0.20834452537699188,0.20844848560802415,,,,0.7150244532173702,,,0.02119558091812433,0.021281025727577122,0.021232474194559786,0.021276284237099867,0.02124106802258218,,0.021195868445261223,0.021251600514115305,,,,0.02127676932506517,0.0212033220694302,,,,,0.021199064777930036,0.021237724845693563,,0.02125841738505138,0.021231059941659542,,0.02118632399778573,0.021193113780142932,,0.021196236765426604,,0.021221454249813008,0.021236312837292992,0.021206623871224666,,,0.021170356940625384,0.02124760297269932,0.021242527091188748,0.021209681556351053,0.021165774223208755,,,,,0.021231624941151654,0.021199154450070798,0.02120350042197823,0.021214277073368436,,0.021216276835004367,,0.021157671885844002,,0.02121046641716314,0.02121730767049103,0.021243829155037402,0.021222452142895604,0.02121602583926825,0.021180309036239988,0.02116320808977154,0.02122597337042585,0.1526646550525278,,,0.15240180823232144,,,,0.15240124799467322,0.15207203570592945,0.15291446959310576,0.15292374624978866,0.15267577178618374,,0.14572422110205005,,0.14535719881284317,0.1453614497492659,0.14548935190483486,0.1453814130040467,,,,0.14510186177566656,0.14532376536780559,0.14520053534604324,0.14542937337145861,,0.14523507330237934,,0.14551936537923627,0.1452016461801895,0.15244806919860462,0.15232588695075405,0.15272786529872598,0.1528631141172319,0.15254872896759578,0.15260913072917676,,,,,0.8391035784562398,0.8403310142241095,0.8383601916618052,0.8404930773314441,,0.8376222785154857,0.8408331853726282,,0.8390433634048494,0.8389999310299071,0.8403832484886461,0.8405055735530605,0.14507180198050962,0.14520978020667075,0.14521540408934605,,,,0.14573574908059758,,,,0.14558700444367537,,0.14354070141720512,0.14493504551668077,0.14487691085893661,0.8405681162128454,0.8407762128051347,,0.8443527032189286,,0.8414672406638374,0.8398982003259446,,0.15259584617739227,,0.1523874719316838,0.15225205830711816,0.15246620131326383,,0.15243658732899376,0.15254329068231307,,0.15297066969642617,0.15254377843314446,0.15297076279630017,0.15248776406296155,0.15247728161639132,,0.1532471650075975,,,,,0.15276875375284343,,,,0.1524250358867734,,0.8407111373287603,0.8408178902233988,0.8417608106550578,0.8434471775137619,,,,,,0.8420636575406008,,,0.8383587661023418,0.8404101107290453,0.8406602325246989,0.8385981634016528,,0.8438822759987913,,,,0.8408006889112115,,,0.843512960869338,,0.020701845976933194,,0.02072504427946787,0.02067000114784273,0.020655149821561827,0.020656100612000954,0.42556387330270473,,0.42428643894194357,0.42529807756789745,0.4247558991234199,0.19863690494067227,0.4782197070482048,0.478742639607306,,,0.4786443559105323,0.4786559605109735,0.4790022879724259,,0.47976094625582055,0.4782884920490357,,0.4773757251585131,0.47844913197535405,0.47886620878892383,,0.4795109838587811,0.47911769185467834,,,0.4794789957341372,,0.4796735625284434,,,,,,,,,0.4779789302929004,0.4788123454023925,0.4785366465039503,0.4794363800474562,,0.4787339358387966,0.4785842981464742,,,,0.47851359519448194,0.47756734935705675,,0.4793783534601152,0.4777465204524479,0.4778766171071402,,0.47915218299848605,0.48082854520162543,0.4780675569975502,0.4782853781278662,,0.4770152918177472,0.479232697208016,,0.4796223359004583,,0.4801779382406304,0.4790390143354943,0.47885507676911065,,0.4786810658014603,,0.479926473554673,,0.47890428627701376,0.4789974512848225,0.4789064514366756,0.4793314981396954,0.4774436426661429,0.47955219873443133,,0.47846518898356283,,0.4786810128654113,0.47863969184470984,,0.4791359050016349,0.4799516116092992,,,0.47856511677020513,,0.4792447142834895,0.47773773982718226,0.4787094385805219,0.4789003198536588,0.47800606360126774,0.4781448405961218,,0.4783512969573071,0.47795986702276544,,0.47888805639471027,,0.478012111392356,0.4796711325750279,0.4795961447172395,0.4786603680402567,0.47900872457171023,0.4790444764507983,,,0.47720791338314333,,,0.47916253728567293,0.47858172644112423,,,0.47878590298442475,0.47868254972565427,,0.47795502008197405,0.4793042000638261,0.47844268163975257,0.47685929871058147,0.4794297634129918,,0.4792179710565673,0.4803891855486168,0.47816356824389744,0.4791174077966114,,,0.47834677638412904,,,0.478670494253866,0.4790784775641728,0.47907426686993615,,0.4778305677537061,0.4788148557109053,,0.47848751469126033,0.478857897256112,0.47827139165719995,,0.48012277342944687,0.47842037030588846,0.479019929884886,0.4797876086315525,0.47770142488702694,0.47972809367328595,0.479331315719534,0.4766584639651258,,,,0.47823340394479347,0.4806592215057821,,0.4782743447862466,0.47872027037076087,0.47973785719500733,,0.47741207162783234,,0.47814228699356864,,0.4802314885664564,,0.4809642649577712,0.4801548193583779,0.4792805994867579,,0.4794315958094701,0.3726905314556457,,0.3720937369981521,0.49689631667513023,,,0.5550712788629591,0.5539406325312141,0.46981200833384873,,,
4,4,DG_8pct,16,Z08_F09,8,3PH,255472,181935,True,5326.627744564223,5379.3748913046265,5382.882976675964,5468.883034615265,5457.520483918158,5.941989235670498,5472.717596786582,12.978153763403574,13.179443919580983,5.584457450408279,5.595132504798341,3.6970553789366383,0.11152816753761177,6.564333555315798,9.795273268977665,1.3966355720546348,1.46727234983697,0.555880454100722,1.1446637882348238,3.8386415885822345,,,0.6785246280815228,0.6801667145258843,,,0.5918472296280913,0.4791059158613393,0.4783367495000531,0.47919735298134386,0.4791957549682389,0.48555245068998665,,0.4858010391125478,,0.48395148445809316,,,0.48358165281749715,,,,,0.48016585925811933,,0.480812154987229,,0.47338122570796837,0.4739666252043413,,0.4811737801917097,,0.48054051322293584,0.48076965828598445,,0.4412396931852871,,0.41718889859602587,0.416953965474755,,0.407664682980176,0.40788392151864283,0.4083979816789156,,0.40655996171501113,,0.40891575854788714,0.40801764608271884,,0.4078019133661213,0.40798540202768885,,0.4076343700065536,,0.40900869227406234,0.4074333066418992,,0.40137655839388386,,,0.40043514482059106,0.39164921626148647,0.39107589658823017,0.39072925879307896,,0.39058053628718564,,0.3910392694552707,,,,,0.39129959031156375,,0.38965052893037877,,0.390352298421121,,0.39006639482387734,,,0.38980765973807585,0.3903851032527762,0.3907395413294476,,0.35055329806993507,0.3504907206693049,,0.020568103195740522,0.02042074440768669,0.020458077630062906,,,0.02038700776829411,,,0.02074062331858155,0.02067041158750736,,0.020633581167002025,,,0.020695146308563197,0.020658725249620286,0.020696598249156595,,0.020657715935783003,0.020679198752300367,0.020708115109486346,0.020645866788414517,0.020663480436558013,0.020747366704870554,0.020705759654702588,0.020640609240499447,,,,0.02065757323201853,,0.02068796375580429,0.02064382378191974,0.02068771952803551,,,0.02065816606640224,,0.02065222721858997,0.020628287289493046,0.02066162100135991,0.020676381524161527,0.02069279888837708,0.020649550186378655,,0.020690743930011014,,0.020678038126235143,0.020635336040462558,,0.020647177821067023,0.020653728825117443,0.02071315197991137,0.020624970848434402,,0.02070427480785887,,,,,0.020747750269913157,,,,0.020709855042335946,,0.020653904290078483,,0.02075246411775631,,0.020656890784942906,,,,0.020674763607597776,,0.020635062020021775,,0.020680502235663333,0.020696188964328333,0.020611805415443586,0.02062849951439666,,0.02075686932468083,,,0.02067132850960029,0.02061384215052757,,0.020672597093793727,,,,0.020678912062912808,0.02065471220788887,0.02064120159205463,0.020663180562400286,0.020702582488060825,0.020661827734948852,,0.020684996357114963,0.020673610160352834,0.020723582915446452,0.02065355196820278,,0.020650805488380684,,0.020699057306141855,0.02067250824804451,,0.020676543312919047,0.02062883273581398,0.02069515014699355,,0.020644760412858003,,0.020698713835664507,0.020661153041850015,,,0.020706327426607905,0.020700717468604884,,0.020625657239800855,0.02063481328849429,0.020701214160033444,0.020595747087851897,0.020665140010280632,,,,0.02071405298965753,0.02066034358976077,0.020700449068078122,,,0.020696619438946726,0.020683347103836878,0.020695069072350542,,0.020596914456996435,0.02067930160082447,0.020662165332827196,0.020663859075589586,,,0.020633568525718095,0.020667405195658444,7.296590446529783e-05,,7.274774804207167e-05,0.03252351519515939,,0.02053687394876011,0.02057674297959984,0.020528809329100138,0.02050248456102336,0.020610253547882703,,0.06449654659989003,,,,0.06472803969440205,0.06444077838689177,,0.06448665350750975,,0.0646658088565636,0.0644548866285839,,0.06441259414921503,,0.06436676634141439,,,0.06448727499889921,,,,0.06453474684933903,0.06426765579611728,,0.06455852824846187,,0.06447127244593623,0.06449332530414752,,,0.06448462643671016,0.06458073884535644,0.06435063442987528,0.06427512028688469,0.06446625472593136,,,0.06436572065429882,0.0644153928729794,0.06433050041240986,0.04219899368716627,0.042072916364312304,0.04207457716975151,,0.04200144784795717,0.04209007978973051,0.041997979767892615,,,,,0.042080062010426786,0.04206788613796895,0.04202527508278495,,0.04202564605844562,0.04218092468506653,0.04216837139320282,0.042119932145947996,,0.04202383550892399,0.04211563259914305,,0.04196960715976687,,0.04199540814500223,0.042094860680387224,0.04212362000410604,0.04203113324688495,,0.04199982013599623,0.04190488484736066,0.06441874394507505,0.06434309067920264,0.06438573426548463,0.06437039220120692,0.06445416852196588,,,0.06444003921236269,0.06458864577015484,,0.06468598661090869,0.042003715307014265,0.04200570656521645,0.041971740608919825,0.04205227659573144,,0.04196686760381699,,0.04197987583779903,0.04197742417119338,,0.042043250443698284,,,,,0.06423493525690938,,0.06439810285145123,0.06418894114849007,0.06415701956789281,0.06427467620769897,0.06440377568213305,0.06408418676546938,0.06424441544693282,0.06442439049741686,,0.0644679601668302,,0.06437952336196433,0.06435556662517372,,0.0644627393552313,0.06446249145384014,0.06429153266309337,0.0643138431785176,0.06428670391120019,0.06446248445880734,,,,0.06449194241465474,0.06449199575687313,0.06448327276965089,0.06453395902889314,0.06445586544406624,0.06441509088640948,,,,,,,,0.04202145485748742,,0.042104857078458256,0.04201008077574875,0.04202902846648074,0.04193885268014283,0.04191686032294427,,,,,0.04200156385816129,,,0.041905804491727656,0.04201605338247884,,,0.04196917535421152,,,0.04199339443977864,0.07657417697632021,0.07651620156687003,0.07656273357229601,0.0765068222770629,,0.07685041764843564,,0.07620797924639855,0.0765239721698047,,,0.07478029249778015,0.07489194938203436,0.07489200034983418,,0.0206605783395275,0.0206252727522963,0.020630735898911446,0.02043639405776523,,0.020374016252263115,,0.019945936562971306,0.019957926945089702,,0.01938219560907322,0.01935051762355734,,0.02078236190899115,,0.020924612573775387,0.020959706612225848,0.02092158608300032,,,0.020880563373694577,0.021034884460826714,0.020994545328986675,0.02100877023142331,0.021014734318490123,0.021099774757450458,0.021044650269479243,,,0.0210489020656356,0.021172613900504438,0.02096793791635555,0.02097006789200668,0.020950416197964464,0.0209789441953919,0.021022680616974147,0.02098372555448623,,0.02099270554659049,,0.021000832774334836,0.021043856633718182,0.021013218210356885,,,0.020952441731029982,0.02098163546059943,0.02095133931188187,0.021065659345513556,0.021244565241412227,,0.021220185958867058,0.021307613737524763,,0.021113838393097308,,0.02133868229563438,0.02137364730406297,,,0.021314626061818588,0.02129640843161977,,0.02132416464300343,0.021366550890334964,0.021334394750255944,,,,0.0212686958873524,0.021291277174168573,0.021206442758972197,,,,0.02123032422910248,0.0212427580917571,,,,0.021308319282363375,0.02125639147249368,,,0.02128030118998193,,,0.021287860669172997,0.021295885307270536,0.02126114473101781,0.021259517456136606,0.02123717282762517,0.021289035041861647,,0.021270873065873115,0.021169571921986992,,0.021226453965657383,,0.02123388353387543,0.021256129257928795,0.021250486034381205,,0.021266566390879926,0.02118459135337508,,0.021189761062515498,,0.021304601801638,0.021255131796936548,0.021349499634948435,0.02118486174959265,0.021243346407892928,,0.021188442482336173,,,,0.02129951878211508,0.021238858387675336,0.021236667768406717,0.021222015255252778,0.02119690522442069,0.02128215335209263,,,,0.11847600944177245,,0.11808487197674808,,,,0.11816317554101144,0.11816024719853319,0.11794564907060799,0.11820554507781017,0.11807624686238591,0.1182783940053989,,,,0.1183666093910717,0.1181770982182814,0.11858213436642029,,,0.11859451497210359,0.11852945786025296,0.11868071393746571,0.1181707902104609,0.11806256146244677,0.11795984429516922,0.11829534103696576,0.1185346395879993,,,0.11830589408609267,0.11841654771296106,0.11868871166257258,0.11817972081399176,,0.11838755985627973,,0.118328905242285,0.11893842119086556,0.11813642141984206,,0.11817656369918682,,,0.11792839429033784,0.11814579426025648,0.11785706469322348,0.11769344183013139,,0.11813456146989645,0.11795157785456689,,,,,0.11805498461190078,0.117833629678405,0.11816050827748065,0.1182100715853655,0.11826759469414519,0.11820512646530322,,0.1186221137942269,,0.11865244900435974,0.11669789069673135,,,0.1185340830835535,,0.11820913218654026,0.11820864771752249,0.11824726871694495,0.11815928585621147,0.11837621185709113,,0.11829855554901328,0.11808442663076674,,0.11840029250375322,,0.11823394650388327,0.11844399970391607,0.11849882247965028,0.11836246302088026,0.11834978464246279,0.118581167803573,,,0.11813531422002221,,,0.11864964960939789,,,0.11843615385645986,0.11820525843696085,,,0.11789409767527353,,0.11843387611261036,0.11879299845056135,0.1187541900989867,0.11827964064016765,0.11835869477440378,,,0.11869091751695456,0.1179343658428083,,0.11833001914306852,,0.11797237650915837,,0.11793278225611357,,,0.11796507041522562,,,,0.11852644726207825,0.11838721927610645,,0.1181000275190159,,,,0.020709947338217252,,0.020722535508482923,0.02076304697349474,0.020717411464199233,0.42819834808121077,,,0.4243789722894065,0.42456287698989836,,0.4802541501774359,0.4807922697853241,0.4800420904365377,0.481483164849126,0.4808687793934581,,,,,,0.48086840376210277,,,0.48027056591260675,,0.4803915422590612,,0.4806887104615657,,0.48087127853710615,,0.48129958421440205,0.48070750400588086,0.4814194090493986,,,0.4811298970593718,,0.48042362883978124,0.47946020026334807,,0.48125632006792674,,0.48122354523284805,0.48064659949582095,0.48087004463486865,0.4797942442874744,,,0.47941948632848186,,0.4795492115843313,,0.48115039684764505,,,0.4809115385157773,0.48037638130632776,,0.4807172747961473,0.4797897823539898,,0.4806505363211984,,0.4785542982738269,0.48054522939256633,0.4808472216268014,0.47952359660939503,0.4805097529728293,0.4807130597414512,0.480777113683274,0.48129828981415346,0.47862774217784626,,0.4805860260092982,0.4803269980702046,0.4804690155021377,0.480266927437592,0.480840611322,,0.4825416891232354,0.48120373333306976,0.47927774206795676,,0.480887988964745,,,,0.47928259267374507,0.4795956170263768,0.4792260567409008,0.4803551098941001,,,,0.48069289879220584,0.4807002737316064,,0.4806584878983895,0.4806595375858353,,0.4795077832110317,,0.481164350683732,,0.47990227894845017,,,,,0.47968631892829783,0.47965200885398496,0.480191483581609,0.4808255075210316,0.48045258364460036,,0.48034347815804335,,,0.4807381879371736,0.47992897013835006,0.48037468483249,0.4801916679479098,0.47914402232462183,0.4798647418342828,0.4812740617877906,0.48055894915292396,0.4794186819223359,,0.48110475080186377,0.4818352906137378,0.48113037536121067,0.4808291767753351,0.47846342352124327,,,0.48090510408957426,0.48121593435739923,0.4801398965874514,0.48042078591365633,,0.48037751684616836,,0.48022261490577717,,,0.48139044979919715,0.480583791885789,,0.4817847947362991,0.4806474229501009,0.48187379317414636,0.4808014721665241,0.4795767507607041,0.48170598300605644,,0.4808835011746476,,0.4798906088594075,,0.47981613505149656,0.4793419189007254,0.48035967410268243,0.4799121078900475,0.47988800540504317,,,,,0.48115950270871494,,,,,,,0.4805699806423492,0.48034536194396227,,0.37049242317167475,,,0.42694440444297865,0.4266353113037345,0.4846728606422369,,,,0.483615144013254,0.48334960880035743
4,4,DG_8pct,16,Z08_F10,8,3PH,255472,181935,True,5338.391861025376,5358.301894196669,5339.023089426285,5450.40048277057,5461.410563844185,5.944816007083673,5474.228768756088,13.004173437132144,13.09224551695334,5.556366020675365,5.603654779841369,3.685773214901486,0.1113508042265041,6.606335358197177,9.752415179101062,1.3911160453375426,1.4606743179761408,0.5573973431700847,1.1406003373360503,3.840674705461712,0.6772954691706996,0.6776687199049637,0.6776669500853068,,0.6793787649933587,,,0.479350398990903,,,,0.4842644305972184,,0.48533564638788934,0.48403092569193346,0.48456288656143964,,0.4833811891879393,,0.4842891265330676,0.4782207584765325,0.4799673445234399,0.4785685906519747,,0.48084036311061407,0.48157671787163886,0.4742493100339064,0.4755073496089627,,0.4800099556827561,,,0.4808031733559531,0.4811919426922186,,0.44169170192948404,0.4170835232995946,0.4176280382513923,0.41592811241760924,0.4065022963164908,0.4069161485797957,,0.4078753524414302,0.40857494367927,0.40906274013654054,,,,0.4088325219627391,0.4093555969069249,0.4078274873982453,0.4076565005581473,,,0.40781294196756473,0.4086891033322661,0.4072494903060163,0.3999825184681222,0.4006342862773894,,0.4002603384679782,0.3907867402815728,0.39079147909702994,0.39019493725970666,,,,,,0.3903835747184989,0.39003119463478053,0.3920618218346742,,0.3900269984694428,,0.39102142910934745,0.3903124737250101,,0.3909620233944201,0.39135914489090307,0.39146514351051426,,0.3909074893393101,,0.3906943295850974,,,,0.020651213045140726,0.020472548797538525,0.020407030485772967,0.020441853724950075,0.020466047751787647,0.020471642308473526,0.020458651990163133,,,,,0.02069285744695217,0.020717027222175693,,0.02067140724042563,,,,0.02069831425188229,,0.020719065491915264,,,0.020706619573656413,,0.02068280131793293,,0.02069515307251411,0.020634892386860167,,,,0.020661459944124102,0.02071761796189519,,0.020704476793315534,,,,0.020630660479721123,0.020658404509211373,,,0.02067314970619278,,0.020738079773388887,0.020655432756979394,0.020678277462653983,0.020660019486759645,0.020685090630460565,,0.0206710404175451,,0.020676631269137862,0.020676821861266865,0.02068859549042349,0.020700645467237835,,0.02067406298556591,,,0.020636876813511874,0.020647186049663768,0.020720972904695503,0.02071563646512772,0.02075135186323802,,0.02066868352368276,0.02064676115502203,0.02065483454913437,,0.020632361176469757,,0.020679554314439526,0.020744171233053478,0.020696452670926922,,,0.020704274372775746,,0.02064336015275685,0.02066827604690001,,0.020698816246691478,,0.020630333394309308,0.020632498068378628,0.02068255737014653,,0.020664456128969458,0.02058824128460244,,0.020701475584571187,,0.02069182331917237,,,0.020661272802369943,,0.020656708145826427,0.02066845239110648,0.02067640845979047,0.02065073988729111,,,,0.020750239586668807,,0.02070429311720355,0.020661562969795252,,0.02063443454420515,,,0.020685361272381856,0.020675907823315843,0.02067099742973732,0.020646818886507035,0.02064863078250112,0.020692965861153486,0.020592183108435472,0.020632016193469112,0.020639851646159727,0.02062544527429375,0.020680057436669525,0.020640987516854482,0.020622703889612726,,,,,,,,0.02065819325340335,,0.020657935546132936,0.020697086927955532,,0.02065495953625079,0.0206579279830453,0.0206938300546861,0.02062873094563529,0.020614747552331784,0.020645967932777138,0.02065485827888599,0.020636145730457627,0.02068748552446067,,,,0.032556290407534494,0.02053983674659409,0.020518814693560927,,0.02055682490231432,0.020562320244727778,,0.02052649122710925,0.06444154912134646,,0.06454730786260915,0.06455124360861961,0.064562755961056,0.06453033720987368,0.0645168488046814,,,0.064390673950868,0.0643512621972,,0.0644095480600496,,0.0644450266057994,,0.06451637715946655,0.06475178208252766,,0.06455243747607589,,0.06450223446836205,0.06439591742136426,0.06442232909814523,0.06412728016204225,,0.06432383350217777,0.06440163885798748,0.06438912953078804,0.06431967683815129,0.0644755338022251,,0.06435652539900036,,,,0.0646058422213352,0.06440120008135557,0.0642617826025667,,,,0.04201483881679785,,,0.04197726064929333,0.041967577181288775,0.04196082471107824,,,0.0418831154085464,,,,0.041969184238981626,0.041992607001776816,,0.04196456599347571,,,0.04204656638783368,0.04202127087722048,0.04194203201843969,,,,0.04207322881621131,,0.04189555952308545,0.041947088640512456,,0.04200924782328892,,0.06415863366317581,0.06443056255230659,,0.06442980636221543,,0.06455632116371043,,0.06450987607794906,0.06454118085647317,,0.0420583470901112,0.04195151619708658,,0.041975580748731034,,,0.04188510131194372,,,0.04191343367682206,0.041936213586715475,0.041890372835545815,,0.04197788514433082,0.041911747435143,0.06450721715474474,0.06441234035827227,0.06446108458102505,0.06423878125010347,0.0644290791379835,0.06442871602639703,,,0.06424888318130635,,0.06432614177283419,0.06438279954294675,,0.06421933453582486,,,0.06434973925606811,0.06437410800018457,0.06448742556940512,,0.0643627665189874,,,0.06448262023313742,,0.06441538162637471,,,,,0.06451061480225014,0.041891955561457576,,0.041964789200181915,,0.04206386250325313,0.041958770941070526,0.04207897121853082,0.041848987294846006,0.0419693887047083,0.041959351105854824,0.04201631718282142,,0.04201949651365468,,0.04193341280630455,,0.042014354796815256,0.041996667830978655,0.04190877521285187,,0.0418083252437665,0.04197996824543832,0.0420288341690283,0.04188981136125748,,0.041990819067694925,,0.04195939354687669,0.04204301778118769,,0.07641892003872222,,0.07671368809468025,0.07650789873789889,0.07641593891812648,0.07661728611413814,,,,,0.07475036127354209,0.07478322810395066,,0.07523682001860403,0.020652597019709416,0.020615406156194675,,,0.020431543823323996,,,,0.019928311392840268,,0.019446829822145576,,,0.020776979902941813,0.02072006752520067,,0.020893775686598084,,,0.020973209792430534,0.020974803493791,0.020943396725209572,,0.020987558937663606,0.021025266521705492,0.020980337235763407,0.02108333608788929,0.021032451174579306,,0.021124437586606336,,,0.021030064164801816,0.021034779261409835,,0.02103192084399861,0.020970665881238994,0.02097209984371196,,0.021018993984807024,,,0.020971734374364184,,0.021062024015176026,,,0.021004822493062278,0.020986856036516625,0.021275113201959888,0.021280367954090277,0.02126613325954453,0.021250901576719137,,0.02117278619209328,,,0.02133261948875036,,,0.021260304272302334,0.021334109011789167,0.02135823903767806,0.02132129934408342,0.021446000730501385,,0.02127178498480231,,0.021305193536236652,0.021209365979748002,0.02125335724461884,,0.02124446658029798,,,,0.02122610194253839,,,,0.021152251604656818,,,0.02125627043794197,0.021263894919287315,0.021287414677743085,0.02129618224749375,,0.021237241720301146,,,0.02121983385572257,0.021225694830520263,,0.021293320703406123,,0.021250150453212522,0.021176666396552524,,0.021290546538298677,0.021262631041471476,0.021204359502111653,0.021209524857433854,,,,0.021287676542757268,,,0.021233850239419937,0.021199393791229232,,0.021300195916395474,0.0212315638274553,0.021235011190047483,0.021306140682902337,0.021290859904603502,,0.021294353046352424,,,,0.021265378571726216,0.021295833540883463,0.021278676856395434,0.021204665628548357,,,0.11849285828587378,0.1178048790689171,0.11796666610759052,,0.11790243061288844,0.11814708683932428,0.11835339752330808,0.11800120042801092,,0.1181661922479235,,0.11848517827856818,0.11804723277950124,,0.11861541702987231,,0.11826649712995617,0.11828222350524911,,,,0.11854701011959282,,0.11807843114643353,,,0.11820391556624678,,,0.1184991939251745,,0.11842811918890488,0.11860214715350356,0.11829113955362996,,0.11814142734113889,0.11848839188443246,0.11851925636327384,0.11827289241765392,,0.11816761628309697,,0.11831543716867414,,0.11775383446724297,0.11824250121799854,0.11789175953154005,0.11809504941084303,,,,0.1182521428915367,0.11840651788373363,,,0.11793520729736842,,0.11842319089550996,0.11834874883332783,0.11818854691596709,,,0.11832677804358485,0.11854260103613912,,0.11801998527909827,0.11787569010011263,,0.11825641833849658,,0.11801387617745689,0.11819066160725476,0.11838908365910536,0.11845706470688233,0.1185211216425789,0.11868375806140567,,0.11828807157973695,0.1184194974312299,0.1184066107098881,,0.11830592411537638,,,0.11851879265960115,0.11822422335474043,0.11839953768451121,0.11830686270795149,0.11815705598500957,0.11826033728942983,0.11842642072021785,0.1183925395720914,0.11828420705120456,,,,,0.11799897776415758,0.1187027631721808,0.11837631947527671,0.11854375230744568,0.11858572012067996,0.11813919369668074,,0.118040082505422,0.11786190776744948,,,,0.11791323828800321,,0.11815340553902645,,0.1182754912529739,0.11863051631308598,,0.11792097898160613,,0.11827255209142455,0.11830545373377073,0.11842435848618058,,0.11859031682459546,,0.11832284867042583,,0.11841514622508216,0.020748017812688833,,0.02072430298924366,0.02066466242632109,0.020735446948625297,0.02067311593829324,0.4265825432874719,0.5107295790988502,0.42538429202722217,0.42408604391207816,0.4249214746008057,0.021156432745564002,0.48078020117702364,,,0.4807509982985038,0.4806206234605207,,0.4810457423368771,0.480778463029073,0.4798691932824523,,,0.48035647248516444,,,0.4825326694981394,0.47966607463893834,0.479900694355933,0.4798981666992068,,0.48073235744447534,0.4801286611441873,,0.4793723302790999,,0.4802634979606602,0.4815133488954235,0.48160214939157686,0.47941068410672527,,,0.4813456381458366,0.48127156820745104,,,0.4803204163125241,0.4797215751881675,0.4826483953266554,0.48014073289509074,0.48069013594229376,0.47984265505705753,,0.48067133074412477,0.48102321973196716,,0.48004682314287156,0.4802837213044188,,0.4801118139182319,,0.4788974156168284,0.48145147959689555,0.48040899320543146,0.4794468792975334,0.48030316257057554,0.4804224611966607,0.479998984156904,0.4793935149764341,0.47905469036845444,,,,0.47976880973662234,0.4799215497947918,,0.48085376707380145,,,0.4813365511288634,0.47942875445040467,0.480365819735043,0.48086573030022234,0.4802230467240672,,0.48075147804663637,,,0.4805611547075736,,0.4798496954508277,0.4799920782747828,0.48000660710742166,0.4804018052356127,0.48129094863252336,0.4803537277901627,,0.4805057142921961,,,0.4788858395245415,0.47957030465797734,,0.4809791632052268,0.4797767843167479,0.4810226298490266,0.47948480748579364,0.4810997950914467,0.47976492543257343,,,,,,,,,0.4797612491311589,0.47895126820060324,,,,0.4796276711454488,0.48071239518309816,0.48020280800914966,,,0.4802076104839957,,0.4788371920662898,,,0.4814550620487758,,,,,0.48075298645775866,0.4807419760101196,0.4808331617510519,,,,,,,,0.4814771839421292,0.48215953380122933,,0.4795500217341502,0.4812778176081008,0.48069118616546413,0.48025256742266026,,,0.4800436704615473,0.4808256492701677,0.480658285833441,0.4809769576453645,,0.4807753926656366,0.47983559116515223,,0.4803695320251748,,0.4811820321375284,0.4807976180701545,,,,0.4805879181777748,0.4800683095110465,0.4809498114589007,0.4800665165196464,,0.48076943154054413,,,,0.3705643566867778,0.370124615360621,0.370412652772594,,,,,0.48519517747473595,0.48308594726269644,0.48168910881955884,0.48405705770592217,
4,4,DG_8pct,16,Z08_F11,8,3PH,255472,181935,True,5353.061427849054,5389.788540678719,5379.9767679368115,5474.583478253912,5460.580382793262,5.966640822697177,5449.7751291546165,13.017393183027128,13.110920458003703,5.5831455924804025,5.581884238129164,3.7114775966796656,0.11181285868298783,6.604020881866753,9.78264337375914,1.403774298776177,1.4650175720570482,0.5570098589263979,1.135584954497567,3.856117413848202,0.6778135289155273,0.6777569737064153,0.6765685086350212,0.6791985397409296,,,0.5903805721894372,,0.4787925934261786,0.4786131740449919,0.47787524845149976,0.4848612425989242,0.48454310571303005,,,0.483335059731529,,0.48422424436320644,,0.4843376156872231,0.47884825173740125,,0.4769941105928217,,0.48042456209061113,0.47845358899133883,0.4740242895429725,,0.4743875531752281,,,0.4813373801411001,,,0.48178094994932635,0.4410010292417911,0.4173883998692438,,0.41524573884788213,0.406690073597013,0.4067262461499453,,0.40789777747554634,0.40778112661998756,0.40970827294114365,,0.4070714480693254,,,,,0.4075541010334844,0.40805117524455803,0.40821540445625365,0.4096199313410695,0.4087394521713327,,0.40066095716740224,,,,0.38972832842134536,0.39047609427350766,0.3915885312375306,,0.3903630126808485,0.3904200452148144,0.39020749625939866,,0.3899182382178949,0.39111770604094365,,0.3905248796879696,0.3899207381282959,0.39051646053689115,,0.39033946178629303,,0.3903118725643341,,,0.3905373837793242,,,0.3922583727292565,,,,0.020527654223121878,0.020503127033931694,,0.020486152794442367,,0.020580395590839694,0.02038446345700964,,0.02071688262538655,0.020671734980334682,0.020602884303469956,0.020676899703406148,,0.02067238594897109,0.020666558256946924,0.02063830742052454,,,0.020608199267892813,0.020664388753872352,0.020696759677181452,,0.020623959872467817,0.02071015967422629,,0.02065609147507173,0.020645370837641425,0.020668789839332225,,0.02063161479451904,,0.020672911674611136,,0.02067409740194198,,0.02067115195112439,0.020684938587192496,0.0206878662274733,,0.020634131610075705,,,,0.020685016987522398,0.02065915172377286,,0.020585133392147414,,,0.020649990394699547,,,,0.020706570264069593,,,0.020673221721407592,0.020747548274561694,0.020696220581896293,0.020642541968510893,,0.02066655386484194,0.020703003607202532,,,0.02070232934587321,0.020665415632623585,,0.020663149110299223,0.020627389592420678,0.020700567450185545,,0.0206870263555483,0.020675724530279896,0.02067266460719002,0.02062735283707644,0.020714283334771197,,,,0.020635974382264426,0.020683641046660706,0.020646116597065667,,0.020659293471921587,0.020659771399044704,,0.0206486050717645,,0.020660845276949703,0.020681040017646403,0.020695767676433222,0.020635975307724118,0.020592595273287228,0.0207134472527531,,0.020718107334597353,,,,0.020645812935908614,,,0.020669509281541185,0.020629417446211527,0.020696215329090394,0.020707056350921307,,0.02066323847769982,0.02064166605618284,0.02072138842922687,0.02067344285998738,,0.020670827124270708,,0.020670548780421488,,0.020622364438844045,0.020665308071490453,0.020650030891987192,,0.020654020558657026,0.02061229084562307,,0.020642100554085066,0.020662478591791513,,0.02063150448150419,0.020647327918203617,0.020705433853130232,,0.020658378646578775,0.020666616924287198,,,0.020635240880389594,,0.020619048895426716,0.020712250365596756,,0.020621708713434744,,,0.020661676762452504,0.02069852852819421,0.020611277828448803,0.02069152508244959,0.020652188716632287,7.272416911090391e-05,7.277771248019374e-05,7.268246187619128e-05,0.03253383727427942,,0.020602025827623258,,0.020595890847005527,0.020558256762170466,,0.020596938047858285,0.06437851006295116,0.06440592384309705,,,0.06444632431025012,,0.06444267463556859,0.06442643860116783,0.06447663062301205,0.06442074620958091,,,0.0643458789475467,0.06466436093297061,0.06437923108063619,,,0.06430753908246738,,,,,,0.06439556070622952,,,,,,,,0.0644814269884606,0.0643804531075942,0.06440332684918443,,0.06447607508623945,,,0.06438031814200922,,,,0.041979566943118,0.042036007012227296,,,0.041973341525671524,0.04209675946294263,,,0.042025345910389866,0.04208634850573775,0.04209067939267976,0.042076454147033045,,0.04202517283896683,0.04203278055184394,0.04206556557338091,,,0.04203868618748556,,,0.04201798258772972,0.04205740906833196,,0.042058979848577815,0.04204521851152732,0.04214333427843088,,0.042045699024020854,,0.06437938820270339,0.06444493180811818,0.06428093106616455,,0.06449025593249319,0.06443422867735706,0.06455654945031297,0.06438194349884466,,0.06428590272960966,0.06453340467729106,0.04199613668906225,,0.04203644304739476,,0.04209814485999696,,,0.04206888778562321,0.042047642079467124,,,0.04189456677014728,0.04190466770485203,,0.041674821162908285,0.06442966811014195,0.06435473916254465,,0.06429501839448103,0.06442772156177738,0.06431405948307556,0.06456001825037307,,0.06447634273664656,,0.06443631587760318,0.064368731370686,,0.06441212444674824,0.06458984644038575,0.06477101343598261,0.06443628468666439,0.06453968878984591,0.06449559383552654,,0.0645701565792831,,0.06441874766026515,,0.06436020632514745,0.06423848708228823,0.06446492793883427,0.06440628061379274,,0.06456643749850906,,0.041946422234122316,0.04195336754070326,0.04194531791050489,0.04195780136517491,0.04195726225039254,,0.042017227096446445,,,,0.04200481660715691,0.04204803769207243,,,0.042034692101165734,0.04205015258256005,,0.04204063812907732,0.041970964520432696,,,0.04211265678970369,,0.041999240624527395,,0.04191366348829355,0.04188432371646971,0.04200859127560034,0.04194428952749279,0.07642336773840903,0.07650609249015848,0.07648171086464983,0.07649299542273136,0.07639354107141254,0.07645161029798515,,,0.07647887071709401,,0.07481420818592263,0.07479284759818317,0.07502147402034318,0.07487660299079882,0.07497329114714686,,0.020661044400686553,0.020614588076172065,0.020408757588941468,0.02039812240663535,0.02039936834027075,,,0.019985832362379278,,0.019386437720982266,,0.02074423496422024,,0.020679751301710344,0.02087969354444533,,0.020935447496017827,,0.02095557512163147,0.02095747830900944,0.021079498488780643,,0.021045948690584983,0.021025776985726025,,,0.020997449485096874,,0.02108527810425562,0.021124884790262134,,,0.02100616907160947,0.021042196289666127,,,0.020946220550127542,0.020936240296055165,0.020897342677947354,,0.021048032730355715,,0.021004551173831015,0.021056432865535206,0.020939301824113066,0.020993913967566714,,,0.02128116820439837,,0.021321557432607434,0.021230971056860875,0.021167736208201293,,,,,,0.021370837967137558,0.021351382926704698,,0.021393012048624396,,,,0.02138464003248909,0.021293691949250276,,0.02129727793403547,,0.021153245753924868,0.021241307286554195,,,,0.02127602163678062,0.02127123581190158,0.021281278076719107,0.0212717198881434,0.021269872314142377,0.021287672631339575,0.02124355681920788,0.021299097196476113,,0.021181440625131234,0.021300813512349297,0.021299178682335208,,0.02130085251848958,,,0.021230207666248592,,,,0.021261294816728935,0.021205475275628563,0.021221607588624406,,,0.02117635179807689,,0.021275804010459948,0.021259624711711774,0.02126298832522363,0.02125226116881712,,,,,,0.021242417435995115,,0.021299475316400106,0.0212503346467921,0.02114705310576872,,0.021258831047133348,,0.02128329986926854,0.02122656757507507,0.021271964252937467,,,0.021239190548299182,0.021270911538948643,0.11848593465727131,,0.11824568855890974,,0.11828576582420143,0.11830000300339906,,,,,,0.11817298275510596,0.11835962885275912,0.11837709720678578,0.11838072516733641,,,,,,,0.11812085208771407,0.1181469408009326,,0.11811407870647272,0.11865179928383318,,0.11797314400591903,0.11824944561743853,0.11809989711277835,0.11807789405589708,0.11842597750564716,,0.11848334668739055,,,,0.11835063124963377,,0.11796030541806053,0.11803869529292325,,0.1177599723492298,,,0.11825990605693777,0.11786869955485911,,0.11809070683232638,0.11831680785307908,,0.11795281137955121,0.1179623881584892,0.11822462296858743,,,0.11797710142575979,,0.11819733871468253,0.11844480781321928,0.11795936275362273,0.11840588325372634,,,,0.11666016693942735,,0.11811149570580148,,0.11822667791092174,0.11859229741350864,0.11844512042412432,0.11839391445115208,0.11817797937598286,,0.11860722547671415,0.11816842020532183,,,0.11835177737513672,,0.11803738919574158,,0.11827673553763973,0.11833073995716933,,,0.11834777020888268,,0.11838536686239827,0.11837693471616088,0.11823443346421925,,0.1183031993225837,,,0.11849543997822452,,,0.11848969543307215,0.11872946476237009,0.1181872046666429,0.1182171132401793,0.1186275696233077,0.11813841274301937,,,0.11824855494756206,,0.11845083953293642,0.1184764493407788,,,0.11790492758848597,,0.11814565598413507,0.11849390567435496,0.11807893220356207,,,,0.11837983797439507,,,0.11835745228151688,0.1184663933389774,0.11835387532702397,,0.02069104948886641,0.020700377715942714,,0.02070346639892129,0.020691092190968475,0.020649126007833463,0.42968853237106686,0.5108973963112186,0.4248488198875889,0.42385323835105304,0.42518839104069206,0.02126647369827556,0.47958114599905033,,,,0.4790719545464286,,0.48037531942150813,0.48019040017342507,0.47848346476324743,,0.48089463205097027,,,0.48058183495540036,0.4805409837480915,0.4804961038595449,,0.48015172740195783,,0.4813294838640975,,0.4792854484764528,0.4801459353710804,0.48014904266173436,0.48011896186072545,0.48141317391195404,0.48046208255034667,0.48059730009406937,0.48126678493899777,,0.47993280957869594,0.4807670483587222,,0.4800251828604288,0.48292171741199036,,0.47943841496829154,,0.47927205279246005,0.48011331877167435,0.48043597572484836,,0.4807282639240176,,,0.4811649239043194,,0.4803985787591707,,0.48006355958877484,0.47945812312934644,,,,0.4800540528014519,0.4797482175939201,0.4792399304667101,,0.47899947124133296,0.48041948517890876,0.48093163551152085,0.4802939169208795,0.4820193263058004,0.4793746111482336,,0.4807485186800846,0.48185323276224745,,,0.4812476698563452,0.4798566885572231,0.4803471562756347,0.480847496512726,0.4810043510558775,0.48064645853082993,,,0.4797936097197745,,,0.47998965180617403,0.47971230625240047,0.47991782049402726,,,0.4802273921343993,0.48026736031620454,0.4804441110890637,0.4798080974795628,0.47967259340783003,,0.48079618958070747,0.4787401395105653,0.4798886671558012,0.47962275346194794,,,0.4816239767220032,,,0.4817047363732068,,0.4806496524375903,0.48092469104797636,0.4801036544415271,0.48057950107959185,0.4796865790993482,0.4800356854477693,,,,,0.48052624696304674,0.4805307785107246,0.4809128688297918,,0.4795757077389968,0.4800004099851766,0.47973696955064965,0.48057818028659754,0.47856087857320273,0.481254724517344,0.47985586475634834,,0.48007644339382044,0.4811938581496058,,0.47990363101946976,,0.4797845283850549,0.48058324921788825,,0.48069669440490614,,,0.47975219841764205,,0.4794711523705386,0.4807237930837694,0.47841312838267425,0.4809886863594446,0.4801112596798297,0.48069728589579,0.48039795925164314,0.481535680858289,,,,0.4789674068473174,0.4793233700705495,0.4807355428108552,,,,0.48120063532406404,,,0.47973716192943583,,,0.48104218879981075,,,0.4806461505839331,0.4804420625265169,,0.4790058871787139,0.4795750154615261,0.37073945464023295,,0.3708953632170384,0.4267216554182888,0.42608625338695005,,0.48382513068234234,0.48308022053119853,0.4841628906685951,,0.4829158821132748,
4,4,DG_8pct,16,Z08_F12,8,3PH,255471,255418,True,5432.457913698891,5447.318697676857,5460.837110191569,5557.270017781177,5538.141471309481,4.799111738566275,5557.184459976154,1.8565490255655483,1.8808790902635186,0.7908692726510792,0.7927234170408715,0.525622919269204,0.015899860691757372,6.48206101106568,9.601380965351343,1.1289189966641286,0.20827294421286544,0.07929096170501335,0.1626775492877979,0.5469897494006002,,,,0.6744527554203111,0.6751768196238348,0.6746711175294038,0.5849285683760606,0.4688375064410381,,0.4694602077635576,0.4697296145568542,0.4746769357881079,0.47425247054270053,,,,,,,0.4742099241978127,0.4696973062287904,,,,0.4720227742470673,,,,0.46553500979467727,,0.4725193190225656,,0.46935742630230676,0.47035825905559814,,,0.40570106586723453,0.4054977728524518,0.4075299149087945,0.3965064490296242,0.3968357914887535,0.39646934353905533,,0.3967914155021092,0.39703721360822614,,,0.3979322471350631,,0.39817164764344865,0.39689752424621966,0.3975986904358332,0.3962861570194219,,0.3975921580664031,0.3987826215821336,,,,0.3902888027384204,,0.3797479528229332,0.3777466232580678,0.3791376599062422,0.3788448550866186,0.37879226479801614,0.37984341508555214,,0.3796764983760975,,0.380264439157741,0.37954432688543194,,0.37955351926043146,0.37963813105555544,,,0.3788364777136665,0.380549511761578,0.3789741815342002,,,,0.3796354800885611,,,0.3389874820261403,,0.002933217124243628,0.0029145764196711723,,0.0029196935964067735,0.0029244346227453666,0.0029110490788503596,0.0029073644252226288,,,0.002956858533254857,0.00295364042089795,0.002954229219670124,0.0029545678534308633,,,,0.002951739647505271,0.0029406714701918826,,0.0029526554566003975,,0.0029444774447665895,,0.002947074319995271,,0.0029462606579334183,,,,0.002949716174422047,0.002953788903285201,,0.0029459225753044834,0.002947707058061785,,,0.0029467778954646784,0.0029479539653533052,0.0029468344940720556,,0.0029512858344640587,0.0029518143032788106,,,,,0.002951638115164902,,0.0029415636272404153,,0.0029577689244907946,,,,,0.002951624730576649,,,0.0029385210727913866,0.0029550470834603516,,,0.0029521123992380647,0.002946281463002973,0.002965025472162059,0.002962168047692644,0.002953983515314223,,0.0029536520259930703,0.0029452236213991234,0.002958593678199241,,0.002967072725736753,0.002948605226581274,,0.002946989993276144,,,,0.002952599339091523,0.0029451853827038616,0.0029528502680046635,0.0029546437699478002,0.002951022896602598,0.002946509623687595,0.002951927026427458,,0.002947536817954988,,,,0.002951514667123032,0.0029583186347034757,0.002950882817462628,0.002956877359769341,,0.002949954284159767,0.0029511569764516113,,,0.002952085938985582,0.0029491018913390048,0.0029431458707719522,0.002951603225048699,0.0029546939896719746,0.0029510700977958726,0.002952332537289376,0.0029462496857721866,0.0029486181191219407,0.002953601549324082,0.0029534605429798926,,,0.0029548450032513933,0.0029534025360737114,0.0029538496787739773,,,0.002953225564686589,0.0029407104325319612,0.002955024957315426,0.0029465018934002603,0.0029437464818655324,0.002951094916065387,0.0029442838081862434,0.0029384064017561077,0.0029510704692468945,0.0029460015723231374,0.0029547137284344615,,,0.0029445179104099686,0.002945123964773725,,0.002949252096592214,0.0029483361397163754,0.002948758792918835,0.0029508930559296194,0.0029536632702221203,0.002947536923311952,0.0029470289954519244,0.002939792152915515,0.0029599225667091803,0.0029449239599814766,,,,0.0029458839586626474,,7.407555590576716e-05,7.397526677400784e-05,0.016039970853534768,,0.002934908816415023,,0.0029391344457861887,0.002936193785852971,,0.002928629124283859,,,,,0.04931649039413716,,0.04944761414505745,,0.049308605887456336,0.04923583929640823,,,0.04939079241708363,,0.04947488272504157,0.04935370306327243,0.04935425950897107,0.04937750601658175,0.04941140595027487,0.04944549671014769,,0.04940908948438403,0.04922340160222807,0.04937740853422602,,0.0493417091764125,0.04930841263763377,0.04927716641365164,,,,,0.04929028902361893,0.04936324341067895,0.04934919277175193,,0.049236830654819166,,0.049291655486204365,,0.0260513896924288,0.02611489590231841,,,,,0.026068931041085514,0.02606546714312389,0.02611671609174852,0.026143191099358986,0.02606485636043417,,,0.026093082482715583,0.02609377493259947,,0.026118603382048713,0.026117280824483013,0.02605328868740824,,,0.02609078267625154,0.02604089849287662,0.02612805459063586,,0.026020457608133433,,0.026090332451905056,0.026097757739577038,0.026121424791392744,0.02608497819034531,,0.04937464449254205,,,0.04930601620754806,0.04934296486520006,0.04925548447345796,0.04928288944562071,0.04947176141865844,0.049325442884835535,,0.04936507933545264,0.02602071960880263,0.026081271630543662,0.02609881690500409,0.026164811040338427,0.02605530308706353,,,0.026052974580085517,,,0.026062039585923277,0.02596513478544,,0.0260240209810373,0.026064092902931133,,,0.04938912464325033,,0.04933812327044399,0.04925501620505857,0.04940906993962047,0.04920638175887521,,0.04927805587918745,0.049140291678887664,0.049337859518584194,0.049345919116591204,0.0493220501587049,0.049482285363976086,0.04932656507171386,,,0.04927913086885594,,0.049327740454972055,0.04935561472387356,,,0.049370024220350736,,,,0.04944916238953737,,0.04937965391180343,,,,0.026119879365846085,,,0.0260401906633051,0.026132976708531843,0.026057111269595413,0.02606919716634756,,0.026104629318556193,0.0260721549938823,,0.026015085059113256,0.026044073933203002,,,0.02603336625045629,0.026138058127464482,0.026067162758866638,,0.026137621296317085,0.02608197914447268,,,,,0.02612337283651283,,0.0617363209140019,,,,,0.06165563462427982,0.061802606018298255,0.06168450719661161,,0.060360595321331305,,,0.06051257899065184,0.06056388584387437,,,,,,,,,0.00284968689779033,0.002773448549914971,,,,0.0029660832305218273,0.002958875480094959,,,,,0.0029954924492571282,,,,0.00299544598576328,0.002996062336804578,0.003007321552416634,0.003000149687944068,0.0029925393603038816,,,0.003027818999505337,0.0029879818538374753,0.0029974081141036263,0.003004153071808004,0.0029978403548109466,,,0.002994460792648707,0.0029959214477972935,,,0.0029878246432244486,0.002996193891269562,,0.0029944453299134716,,,0.002994076252962436,0.002999598887664474,,0.0030337065446402094,0.0030273751721780684,,0.0030343096845736497,,,0.003045947649887906,,0.003047504680818172,,,0.0030455007681439916,,0.003046703447559888,,0.0030416369019648985,0.0030383682848968427,,0.003025403146201054,0.00303774897442649,,,0.0030316107057721795,,0.003036485931555727,0.0030369254834495766,,,,0.0030396587911031576,0.003027327705241128,,0.0030335138959721526,,0.003037796142897604,,0.003035497505589303,0.003043577942576837,0.003035666067762204,,0.003032650621105991,0.003033845748872675,,0.0030186850329985506,0.0030372617021600513,0.0030265867183614462,0.0030309906076277965,,0.003026717275154874,,,0.003032934307930818,0.003029781232173215,,0.003027819860539308,,,,,0.0030237273010883152,,,,0.003032169632589618,0.003034838800485481,0.0030377641560067874,0.00303048873211743,0.0030405979187222675,0.003038745520008847,0.003031945207991952,0.003042930607487275,0.00302475407635948,,,0.0030357377558565303,,0.003032402418352765,0.10443619093815319,0.10464560578040766,,0.10438883808836134,0.10468809855246378,,0.10444963936716826,0.1044240018940826,0.10472621858039281,,,0.10466084510045194,0.10461193871631837,,,,0.10467371469217267,,,,0.10501330593984481,0.10464925270609442,0.10477469599228173,,,,,0.10432266388190141,0.10456816569177314,0.10439404277990365,0.10464018677253245,0.10437854675232518,,,0.10440536819318708,,0.10435558326331666,0.10489128777477531,,0.10423602546194251,,0.1046539926285215,0.10459659949784124,0.10438465524226356,0.10428401874707577,0.10456544384032156,0.1041868592247644,,,,,,,,0.10455628074267415,,,0.10474313892063687,,,0.10450628086862446,,0.10499033812250638,,,0.10291956097237297,,0.10423539726051077,0.1046755383066158,0.10485663874396867,,,,0.10460953415432615,,0.10458035742205134,,0.10454615528237401,,,,0.10438072076461169,0.10478061164570353,,0.10462239508485877,0.10437581245176471,,,0.10476572878693896,,0.10504456424348547,0.1047485806873291,0.104715023086086,0.10455165676719325,0.10457259859216612,0.10468818930844609,0.10487313109812252,,0.10442944220935522,0.1047067867187909,,,0.10470517235430964,0.10455417770398644,,0.10475766188304074,,,,,,0.1048344798803506,,,,0.10485297357890892,0.10439080787429728,0.1046154348831084,0.10420247163882962,,,0.10463730935394287,,0.10461039142335737,,,,0.10461979129712651,,,0.002947979131083543,0.002953557112228797,0.002947966516935147,,0.417194223741325,0.4994716890588518,,0.41537927365662886,0.4154721357213567,,0.47247627924355545,0.471010362894864,,0.4724471433800058,,0.4701762514725376,0.4715264547004939,0.470700724973191,0.47090797751573016,0.4710843864782122,,,,0.470122713089284,0.47222457436335724,,0.470276182264537,0.47106174718687144,0.4711445666980013,,0.47189558126571446,,,0.47066384006851913,0.47085272165023745,,,0.47200630298335083,0.4710023860811298,,,,0.4704791926881438,,0.47138758808078607,,,0.4717345853294766,0.4728767958970123,,0.4715817921524912,,0.4715565144061477,,,0.47081971607291684,,,0.4721398895442915,0.4700130237567077,,,,,0.4701665665438612,0.47023796397237944,0.47149095902701993,0.47013061148607604,0.4699888454886062,,0.4712719325565402,0.47096591620721423,0.4709150884583266,,,0.4712521284315915,,0.4719980227293233,,0.470926420033527,0.46925301033507044,0.4717306133743968,0.47335002615587485,0.4708469498733568,,,0.4708224984455905,0.47198651970300254,,0.472202854317097,0.4717385978217116,,0.47206223134274833,0.4724501654560133,0.46938417337483984,,0.4706158960652406,,0.4714296282527206,0.470309527154619,,,0.47218214014946097,0.47085100683505005,0.4702810989406236,0.4702135713982962,0.4708249069757753,,0.4710826448575216,,0.47076579936474733,0.4707942531512601,0.4718848182839428,0.4711234591620251,,,0.4722524176477742,0.4714479010381391,0.4716979217526373,0.4714278522349445,0.47118397855447786,0.4712932809516697,0.4715120319784223,,0.4711642598330639,,,0.4712758161296457,0.47122797640848607,0.47146296193770854,0.47123666268430664,0.4701598569386376,,0.4704159564558842,0.4708213577078707,,,0.4709777638192522,0.47169347734247663,,0.47030179572796443,0.4717394825741209,,0.4709920632114841,0.47059476128644867,0.4703913540036601,0.4715007090553829,,0.47136284866706474,0.47205484819467836,0.4700865530782465,,0.47309565874905923,0.4697992460418642,,,0.47094874462425484,0.4706373321740428,0.47154184425986423,0.4701134604151674,0.47234321633732884,,0.47069446638027573,0.4717606015869235,,,0.47058097603832844,0.47212829707867227,,0.47098385511148827,,,0.4710081000739952,0.4717732804831154,0.47032368853199713,,0.4728245844991883,0.4715837530437256,,,0.3587415748880813,0.41615284312556083,,,0.4742380521417219,,,0.47421136419857685,0.4738288730975835,0.47405031441418977
4,4,DG_8pct,16,Z09_F01,9,SLG_A,175061,181993,True,4028.56086026639,4077.358135694125,4065.545909402884,4389.153281831555,4375.422421100714,204.2400677304983,15.467417006585332,4805.15384220616,1414.99661172104,534.0706610722023,534.1450271206677,347.8085464234964,4.883779785390411,14.854664339449457,21.880513102370056,17.14959187418412,229.9287784125989,26.11281246800625,50.34547308791225,437.5758937104327,,,0.7629656637481066,0.7456800545543159,,0.9465145406003131,0.8626505564727469,,0.637743486985191,0.6412686194995408,0.8542502100274099,0.5648140867930971,0.5634771934583607,,,0.8643677691314754,,0.9301871276369185,,0.9317374343397558,0.6400869308925797,0.6400858134412399,0.6364905978836154,0.6429307789480908,0.6425978514917154,,0.6337112101654716,0.6337486981946872,0.6323054213289676,0.641616346295176,0.642563759681618,,0.6404825827964142,,,,,0.6190181606667038,,,,0.62147918396028,0.622804898421491,0.6212202218198108,,0.620194417078175,0.6230059656555553,0.6222547719488951,0.6209984223638869,,0.6206668250586707,0.6215792720363406,,,,0.6238099795440977,,0.487331737683832,,0.874224235672603,,0.47693765542018973,,0.4759708360233134,,,0.4764093165459824,0.4770613110746906,0.47879690616449255,0.4782884118715476,,0.476981536027924,0.47769950098568514,0.47666556790746356,,,0.47699629693896656,0.4759621931420352,,0.4768785991714019,0.4758855451537164,0.4768236742267273,0.4764143405215334,,,,0.5872450252939301,0.5882291607851202,0.9486603882278529,0.5317363956505162,0.5330611010622552,,0.53215244906156,0.5318186652251988,0.531631588052752,,0.08350723432333415,,0.08346321008766619,,0.08348390683651158,,0.08359545569265932,0.08333137609311551,0.08340107868240093,,0.08351409004878425,0.08347567457502553,0.08335719730760077,,0.08349567081659236,0.08363576464664557,0.08324251321659475,,,,0.0834860838746519,0.0833585643503914,0.08340079011836182,,0.08335546598376943,,0.08323235209058014,0.08325975340042732,0.08336113025141267,0.08345153826930266,0.08337675291108632,0.08319972391394675,,,,0.08332562917919664,0.08326384970715316,,0.08370173024459891,0.08319804483917025,0.08356870959098975,0.08318367814860542,0.8988254549491491,0.8976844634557789,,0.898234229841934,0.899881412860737,0.8978260961711635,,,0.9000682667720372,,0.9012975673157005,0.8968080915310648,0.8992656865509002,0.899545473136646,0.9002396310108455,,0.9004965062705239,0.9003015981024842,,0.8972633703981583,0.8994920103556113,0.9016381449840273,,0.8975955406082444,,0.8991425446028284,0.9002696642023167,0.899174308126789,0.8971964604527426,0.898198143209271,0.8962508344608202,0.8962881550721711,,,0.9011331455695589,,,,0.8990848375204578,,0.8974164872770793,,,,,,0.9510911608033995,,0.9531753732594145,0.9523174473063106,0.9521086442197535,0.9525877145239745,0.9555108952990221,,,0.9553366037371166,,0.9538615109721741,,,0.9503895985611783,,0.9550394244979474,0.953491804157082,0.9540951722740277,,0.9534690174727021,,0.9533785514566199,,0.9522143499557069,0.9517759317922638,0.953511768393068,0.9526761989143198,0.9523437629466032,,,,,,0.9527412840423052,,,0.9509216392486564,0.953005551329164,0.9525826728140976,0.9545001111238116,0.950807007669854,0.9523654262939769,0.9511356934154553,0.951934814422868,0.9542357234382662,,0.9514427030923006,,0.9531005591437579,0.9527729637560282,0.951839242869012,0.5322657140912247,0.5305210495349919,,,,0.5314008260734403,0.5319420384337485,0.532192151382923,0.531161356469347,,0.5320140660114873,0.18169895786802373,,,0.18202822516311623,0.1817150338817576,0.18191663379563253,0.18189652469402529,0.1816485095834311,,0.18170273539691242,,,,,,,,0.1821939888926767,0.18208796527715382,0.18201180377891502,0.18190892648251852,,0.18219460254615624,0.18168064909817014,,0.18164824797216397,0.18168339817267215,,,0.18171989997029123,,0.1819524717802804,0.18187255951667938,0.18149754188124817,,,0.1814324716874464,0.18187966817069107,,0.18173029944135288,,,0.15388666033603327,0.15387943065435986,0.15359570702879718,0.15363644034851995,0.15384625756314288,0.15395092913973,,0.15375547007130508,0.1543426899710751,0.15424136403893499,,0.15375220173068577,0.1537179590414511,,,,0.15380586845635885,,0.1540509948883799,0.15381226370728293,0.1538830732896449,0.15394990254819654,0.15405361319801864,,,,0.15410634008383828,,0.1540899537355039,,0.9025000921174546,,,,0.900745640752884,,0.9013385040335639,0.9005314770255617,0.9022621207284224,0.9011846234322141,0.9017940553268142,0.9013399409058177,,0.9016147436771587,,,,0.9011661900892333,,0.9015221087651946,0.9042253395627505,,0.9032081563632909,,0.8998167686583308,,0.9008294930869968,,,,,,,,0.8981125644651563,0.8977421494892549,,,,0.9010348737805365,,,0.9023965725718992,,0.9004540344841357,,0.8997702225140947,0.9011356599773053,,0.8992946436643823,,0.8999352579600125,,0.8999136882402323,0.9016315533332985,,,0.9042536202260505,,,0.9027701398996192,,0.9020435902072796,,,0.8988638736716492,0.9029311349189906,0.900345752672673,0.9020170827136768,,,0.9030644430432083,,0.9017531750679183,0.9043135758493702,0.9039649426481221,0.9044854023035224,,,,0.902164382020365,0.9027020075891842,0.8999926343992011,0.9034703482724578,0.9031628021616187,,,0.9468486178519123,0.9479835821954676,,0.19775611729497772,,0.19734023145000354,,0.19717124093283736,,,,0.5535093745908324,,0.55415397394923,0.0474212450425311,0.9506497529483962,,0.5274760595539734,,0.5281654123446979,0.515650654102804,,0.5139837318377951,0.5036792606541076,0.5025083488954613,,,0.9404012430260389,,0.09642763341454963,0.9511555498231369,0.8770464388140042,0.10315166797666359,0.9524904037189754,,,0.9550644750961994,,0.955594304332877,,,0.9541370575355527,,0.9632552932311894,0.9639540789137722,0.5372464994127061,0.5363417731464327,,,,0.5366868747823623,0.5349909954004738,0.5354008779029255,0.5363471470868753,0.535752337511511,,0.5388447582831853,0.5360743091310141,,0.5354124034998655,,0.5355020369127137,,0.8688091244105507,,,0.8680321256056943,0.8695793539934263,,0.15017818171831068,0.15026313686260573,,0.15058120085627213,,0.9659164523114837,,0.9712063980851716,,0.8632228068280119,,,,0.5426836984104966,0.5426553747618151,0.5428578928505673,0.5414546981003155,,0.543519630908823,,,0.5430353522498171,0.5431362634194405,0.5415058926386641,0.5420434627593601,0.5426771786664267,,0.5413452426402933,,,,0.5416953508077533,,0.5427012473325404,0.5438728611639837,0.5419024189436191,,0.5410604057882027,0.5418369900636325,0.5423198554323367,0.5423459546253148,0.5418334074930375,0.5420902072679207,0.5415057800532952,,0.541289027510829,0.5424628892690941,0.5408084646411654,0.5424750898366274,,0.5430890231156907,0.5396210899722886,0.5429791841515119,,,0.542336373889957,0.5421797065932871,0.542286237321136,0.5426878611722672,0.5418984561991421,0.5419674232342601,0.5406072967982082,0.5427439041791675,,,0.5421029442134792,0.5425657197488383,0.5408165099153266,,,0.542143858637002,,,0.9439453239548155,0.9434975004503462,0.9429538474087965,0.9419613427944797,,0.9433059082592729,0.940980925521246,,0.9419679160840161,,0.9414282240337086,,0.24017229688115105,,0.24030947291042515,,0.23992990932566605,,0.2402182660462068,0.2401432838288307,0.2402617355590456,,,,,0.2397167786024397,0.24023417595591895,0.2401311738583609,0.2399505842682225,,0.9428766805005624,,0.9429604373893641,0.9414962444581222,0.9449207356640907,0.9462315653273664,0.9447406531462353,0.9448267291671402,0.8983147185464025,0.8998310235973467,,0.8964303195792853,,0.8997836348274513,,0.8984380937503232,0.8949012262151854,0.8981728147492998,0.8964864040134609,0.8998042895484767,,0.8987534502891784,0.23932497430551114,0.23951933743311524,0.2400040014851121,0.2395575724526952,0.2397732505271637,,0.24018587863319188,0.24051233556784116,,0.2404825715569544,0.24046413097143832,,,0.23948395442833117,0.23955065370847384,,0.8984943973182155,0.8987818710207965,0.8992925866272118,,0.8990629791047718,0.8997629702775634,0.9410988482130277,0.9430973396626404,,,0.944066521081211,0.9437651774436631,0.9433524992454083,,,0.9425666930959401,0.9428524231170454,0.9444151083606234,0.9431098060696023,,0.9449379741368881,,,0.9465574489297077,,0.943191251228169,0.9471782069219312,,0.9449841292028858,,0.943552273008767,,0.9439916242705237,0.8981301444365539,,,0.9005156930431829,0.9018716955504538,0.899451623384438,0.9030206412113894,,,,,,0.899341957334798,0.8983324703139712,,0.8992432193371329,0.8967172597898455,0.89959000293352,,0.8968311934656997,,,0.9019941343506775,,0.9007219464966877,0.8999360234236775,,0.5272587309271254,,,,0.5269720818501914,0.8767789985349858,,,,0.6297647492272617,,0.6420086492743257,0.640231325825984,0.6395035314408588,0.6411267207116292,0.6417425099300048,0.6399026315944497,0.6427193935897304,0.6405428188106369,0.6412921826731247,0.6419241157600281,,0.6412352461308878,0.6418632368040798,0.6419574029777256,0.6403315710043609,0.6411717978510684,,0.6423832573310996,0.6396990434906883,0.6417246202762336,,0.6407684124108128,0.6401415129044941,,,0.6432950663872198,0.6419727540296977,,0.641129780528927,,0.6406040163239888,0.6415174937862698,,0.6424862180788828,,0.6399432171725861,0.6407073208742501,0.6395065725413167,0.6400319922439471,0.6412296824381075,0.6429034321704099,0.6398897272981173,,0.6407669162992431,,,0.64137378794413,0.6415184046980235,0.6435565826758832,0.6403389524719216,0.6407080643847831,0.6401235800572387,,0.6414385346873666,,0.6420323221282093,0.6404773497955607,,0.6411932349557794,,0.6420075383110594,0.6399118440889913,,0.6403800436225894,0.6406151043628567,0.641702358786186,,,,,0.6400571792964537,,,0.6406510608712268,0.6426751795126504,0.642610633081644,,,,0.6423666579813082,,0.6405564944095192,,0.6428746499033537,0.6408154534697976,0.6415534698058232,0.6416102483009865,0.640430144920633,,0.6433581184145185,0.6428557553880888,0.6395387085312617,0.6414017129710442,0.642081506336677,0.6414545151700011,,,0.6397265861208141,,0.640930459551323,0.6419837923684308,0.6433303863393792,0.6417189782235968,0.6408178970957313,,0.6431186596804045,0.6409412513402887,0.6412578719899034,,0.6413473356240081,,0.640046982988483,0.6429607293851302,,,0.6416805985325472,0.6407781260776623,,0.6428317357852085,,,0.6401992232172667,,,,0.6389666220182163,0.6420804832759971,0.6405150630995531,0.6420749912778184,,0.6415079282610913,,0.6427162026571416,,0.6406750612404042,0.6421448505589307,,,0.6416722471494476,0.6393044592179129,0.6406623084600411,0.6394314547051522,,0.6406738517244107,0.6407745441126097,0.64188728431518,0.6402047837407745,,0.64245473263805,,,0.6407511958846014,,0.6416510448049606,0.6425530183301634,0.641832962670537,0.6407005595789625,,0.6408343109759945,0.6420627407296107,,0.6409799718286602,,0.6399207644958606,,0.63901158466991,,,0.5951357631680371,,0.5969981206616313,,,0.9241423542038215,,0.5644845370921768,0.8633957047830707,0.8631752668979613,,0.9296508925927714
4,4,DG_8pct,16,Z09_F02,9,SLG_A,175062,181994,True,3798.309975194255,3821.5903568713197,3857.0260088051673,4066.957276428128,4072.382603196611,178.50719998175575,15.516884289870713,4424.801897767998,1503.8016409524766,565.4935346144815,565.0359126542733,368.1809110393822,4.855612221547076,14.919256717511104,21.896585807157514,17.181151386849194,199.45432870089076,26.019056185213003,50.78361376482549,464.60700857492697,,,0.7720929003841575,0.7579842692474088,0.8720430826134483,,,0.6530572051575981,0.6509080983799793,0.65247174813258,0.8518723756849976,0.5890412198933134,0.5904026611778865,0.5897450957782687,0.8621331669826642,0.8598477496422274,0.8637688545951301,,,,,,,,,,0.6462008564046146,0.6441474891617782,,0.6540650259691294,0.654768831948184,0.6553876959332227,0.6549842351394636,,0.6549517052913942,0.5602272838095331,,,0.6321298215427388,0.6328415753925191,,0.6341740986727123,,0.6361624057691686,,0.6364531039005795,,0.6342934398052221,0.6365494853539514,,0.6343911622091419,,0.6358936675663303,0.6341579553309312,0.6348192181235112,,0.6327870107100887,0.5189909921883548,0.5205542200523829,0.8729586669558941,0.9250330494428256,0.5090881069964153,0.5099641303021419,,,0.5105185397227728,0.5088021971894325,,0.5093378931609048,0.5101798510379314,0.5092049685259263,,0.50909084151457,,0.5097582014618894,0.5102977062961255,,,0.5100329970799361,,,,,,,0.6002193880951422,0.6009136402451641,0.6004559006220096,0.9385445145132238,,0.5513417549160488,0.5506829063789949,,,0.551174462923419,,,,,0.15333448679585435,,,,,0.15350443122693602,0.15346292904823902,0.15309728030690353,0.15336365335927224,0.1531336589016177,,0.15292049321136644,,,0.15322909020109712,0.15286403355056755,,0.15343015308216165,0.15347577969985793,0.15321627307922336,,0.15279388711427383,0.1531054913419119,0.15342455489720883,0.15328931059751674,0.15343856725332908,0.1533580899663103,0.1531389963361049,,0.15300598802126344,0.15339150600086948,,,,,,0.15331755582611137,0.1534421000266244,,0.8951585888884276,0.8944820430113113,,0.8930255383995421,,0.8958203336175905,0.8936374458713099,0.894445914580335,0.8932585903798692,,0.8940164932336734,0.8922824319629291,0.8954491041483686,,,0.892777025921715,0.8961921348635893,0.8945195501476917,0.8963277681848772,0.8949543286643461,0.8951721665099878,0.8934262437750806,,,0.8901121002263939,,0.8956483413988064,,0.8935030205387572,,0.8951252797245818,,,0.8944012955491212,,,,0.8926585443805146,0.8909330462451228,,,0.8917822581584186,,,0.8914147191897247,0.9427710457051863,0.9450348453163052,0.9415992695091524,,0.9442654105283231,,0.9422580229981116,0.9438699045640144,0.9454544973453383,0.9436812906823017,,0.9433824117801617,0.9417883837570734,,0.9430165818804237,0.9446511033282002,0.9449162142324887,,0.9457507160711001,0.9458298839944242,,0.9442897545809328,,0.940353421326046,0.9413295366033607,,0.9424723114250687,,0.9427077361783518,0.9409897427375417,0.9444963036510956,,0.9412963225629916,,0.9409977193602148,0.9424970365337128,0.9441805233375091,0.9424502889073618,0.9415981801924376,0.9451366416045697,0.9439856364384891,,,,0.9411557261199835,0.9422360684258015,0.9429617982895214,0.9417134225271778,,,0.9426612607403484,0.9409343597053826,,0.5472005668401841,,,0.20655676484687271,0.11916305010240125,0.5493170997776765,0.5503951007918098,0.5503883660036494,,0.5509024816891237,0.5515873341293059,0.24288941942022169,0.24158501006366517,0.2420521520514123,0.24264765079981848,,,,,,0.24182574892410297,0.24253569779641948,0.2426417957023015,,0.24334914539874003,0.2420920311667468,0.2422588472454033,0.24221220211131872,0.2424711410038459,0.24257263274574137,0.2425773221095811,0.24286773620039218,0.24140619188738022,,,,0.24200999260512993,,0.24187921788428451,0.242952605770439,0.24187832342027132,,0.24245533899575133,,,,0.24210112811777157,0.24266214357477686,,0.24154789508658103,0.24195705715266838,,0.21715556207762887,0.21766370748504513,0.21659950334353087,,0.2178394744768508,,0.21673600964956058,0.21728796254941082,0.2170439960342152,,,0.21732849236740787,,0.21795900723914818,0.21758080643644792,0.21776732628797169,,0.21751251922921894,0.217241999599847,0.21806045451058648,0.21692197463056978,0.21723935127579244,0.21699342549847317,0.21687274896539396,0.21739535805792515,0.21698123333287261,,0.21802151525197974,,0.217622263605458,,0.8970482063265391,,0.8943026201970745,0.8996431749526431,,0.8963584129771561,0.8977179964601484,0.8962317049175303,,0.8965062518506963,0.8983079282028485,,0.8985247274891854,0.8971475513048707,0.8976008964088051,0.8996760655791757,,,,,0.8962235574160398,0.9016208893444372,,0.8942050157563604,0.8966753585134245,,,0.8970467491459717,0.8988510514603607,,0.8957520368848161,0.8976113868719993,,,,0.8981298942223453,,,0.8990513957820367,0.8995869300165983,,0.8965509050089718,0.8976493583239014,,,0.8990949481643137,,0.8976098832177835,0.896021074271558,,0.8985432040356761,0.8978058653719968,0.8976075082012879,0.8959890054695764,0.8985440594516889,0.8971375003539196,0.9000586910163838,0.8955941525501904,,,0.897194256887133,,0.8955084337158996,,0.8992187645915835,0.9002094491022795,0.9010022143240201,0.8977721357496584,0.899860558363929,,0.8963171860705567,,0.8984679963294852,0.8979268305042052,0.8970588727642034,0.8970245388713023,0.9004564712474907,,,0.8981042130923015,,,0.8991479223167284,0.9003028713492935,0.8997286832357905,0.8996023769442429,,0.9421458145457673,,0.93827215809473,0.256508235390911,0.2556042502283437,,0.25597478952454067,,,,0.5701492982546967,,0.5702263944823669,0.5699207954592291,,0.9443715331345498,,0.544963498316113,,,0.5305655553330255,0.5310817146823933,,0.5179078097559799,,0.5175929781702634,0.042231998153618194,,,0.06849515586600928,0.9568967013064476,,0.0756511763490743,,0.8784111821312355,,,0.9577961547893138,,0.9576569296086656,0.08170119288847257,0.9596208602976889,0.8748183209200868,0.9632942251131893,,,0.5305412764266865,0.5310981850121579,0.532083340074556,0.5310708674550063,0.5304434837796544,,,0.5311524871704939,0.5307799523264487,0.5320860247758492,0.5302563068607864,0.533657495100145,,,0.5307571582105458,0.5318198097252783,0.5332530509613568,0.8690956735822642,,0.8665061457109352,0.8681698181543349,0.8682156916368964,0.8672961555231461,0.12684183626202844,0.12707785021855725,0.12675074119399296,0.12676092117177715,0.9706149063502587,0.9743522884489546,0.9714936737585363,0.9723473483579335,0.8647899559736798,0.8652814986148848,0.8655081251776169,0.8653402515123981,,0.5390866885505209,0.5367675125107143,0.5384422925637347,0.5394925932667531,,,0.538870873477952,0.5376818884569166,,0.5384725397796438,,0.5379437368796374,0.5391657631465264,0.5391639410572648,,0.5368294592693202,,0.5375760844103566,,0.5374084107980982,0.5395964339722095,0.5367140132735142,,0.539641098183587,0.538496785914545,,0.5372208061482686,,,,,0.5347944673626757,,,0.5385994266378595,0.5381801910600038,,0.5380818208688914,0.5380854349832818,,,0.5372743343248546,0.5373273558362253,0.5376705403051965,0.5382782287045333,0.5388674017908496,0.5378137518015892,0.5379095691331569,0.5369855757452822,,,,0.5376810436385566,0.53892777625273,0.5390137878280917,,,0.5377162591474484,0.5383960186203154,0.9363091487487742,,,0.9379680623043808,0.9345554087879785,,0.9353974919352428,,0.9380583083555318,,0.9365126799679708,,0.29405896494107775,,,0.2939217898001095,,0.294077216883204,,,,0.2942201582884196,0.29425110685022265,,0.29472075637719236,0.29371013007268865,,0.2940243087518597,0.294158579193292,0.2947657086077892,0.2947381840336157,,0.9363694381808135,,0.9405255036052929,0.9397675675203156,0.938352957401941,0.940456416898507,0.9386866382300323,0.8948903853050031,0.8961143904321751,,0.8982661045858075,,,0.8954336172884246,,,0.8960793495411791,0.897999018191297,,0.8960027232972726,0.8950785393924934,0.2941191948349819,0.29424869697134126,0.2934304914037884,0.2945871966135375,0.29492658815515704,0.29416573795805967,,0.29399858300535653,,,,0.29464484619427667,0.2905532377389216,,0.2937751124982203,0.8938539127012008,0.896447538836504,0.8977722655290252,0.8973383694196208,,0.8997285150094424,0.8964386300791304,0.9362498536161588,,0.9393290945831184,0.9390130772162087,0.9385540384116909,0.9381614084510468,,,,0.9399796677815079,,0.9359084025679025,,,,,,0.9356812308082999,0.9358705551363735,0.9380642321515892,0.9382481987953226,0.9374037923096911,0.9396232518703406,0.9384018267507281,0.9357256899899238,,,0.8995843617296354,0.9001080747595934,0.8982484035955013,,0.8974673738885167,0.8962489015306547,,0.8974824536878298,,0.8947599930354042,,0.8938708229243366,,,0.8958751741891519,0.8959147587165159,0.897258727595303,,0.8979278013344986,0.8963472379173905,0.8984499368381601,0.8986773460231027,,0.8970075740620788,0.8965431129625813,,,0.5241407969164436,,0.5241640818215304,0.5225234755431617,0.5235767268768178,0.8759864841659607,0.8597448866980484,0.6450090985108607,0.6453449918229851,0.6452853474419834,,,,0.6561809956792658,0.6537011072740286,0.6526481757698249,0.6546871440544358,0.6549743010095713,,0.6551902677335546,,,0.6542482597125493,0.6551577092466703,0.6543190238585906,0.6534850848924961,,,,0.6536340247079243,0.6544095941990187,,0.6555087208765358,,,,,,0.6519467418862488,,,,0.6535892065834877,0.6549410988309597,,,,,0.6539058190852023,,0.6535559149987412,,0.6529983633584426,,,,,0.6529790550563619,0.6552615384406083,0.6547822214930622,0.6534213047947194,,0.654933276352598,0.6535796953624553,0.6536614224744824,0.655217029129736,,0.655202855873168,0.6528363112275023,0.6555392317106911,0.654133305255529,0.6538375387845271,0.6550815873014889,0.6544520023952274,0.6538023300974147,,0.6547144824736454,,0.6549495267682343,,,,,0.6522022788012651,0.6539124002017651,,,0.6550344228425757,0.6519304353003126,0.6538309152224233,0.6536774235372915,0.6536936196763834,,,0.653302476019391,0.6528826007466824,0.6540440416958195,0.6525342057839795,0.654185448823415,0.6531516845536132,0.6531554810842614,0.6545742566542048,0.6551735380306962,0.6538795163170472,,0.6550311289826021,0.6552925848051158,,,0.6539465347792354,0.6549001400597566,,,0.6555777850070704,0.6538280748500023,,0.6541483488169132,0.6524808607868899,,0.6546074582498028,0.6530116654743882,0.6537271734176323,0.6540884493904848,0.6541459888058392,0.6540434437389262,0.6543165947660378,,,0.6543094687831562,,0.6545516822675059,0.6548372718198207,0.6537496557475118,,,0.6537878947184281,0.652337652959319,0.65552673957859,,,0.6543741119677335,0.6562486754203706,,0.6527798026421784,,0.6540834574521596,0.6544206125231433,0.6529264197558158,,,0.6545035688750014,,,,0.6540937371538521,0.6531668575257272,,,,0.6532249042172209,0.655490415654302,0.6548463954583986,0.6558828312147775,,0.6527256839679059,0.652969188241695,,0.6528474403074481,,0.6533322627341398,0.6539365084261048,0.6535446048271912,,0.6536380954523612,,,0.654701795909761,0.6544168368062926,0.6547573376029019,,,0.608682356409714,0.5458820478658738,0.8698861789632722,0.9247989819650423,0.5912149021722322,,0.8624913387858015,,0.9332621914717599,
4,4,DG_8pct,16,Z09_F03,9,SLG_A,175070,181996,True,3680.710629897311,3697.4542280160836,3687.332041700685,3930.641347488614,3901.0484234247906,166.12114403202844,15.50859905298312,4213.548245903055,1554.9157343195902,582.2254214266303,586.4762206422719,383.8527715137397,4.867029923361804,15.050795463121894,21.920887404414536,17.23486491700064,182.53532443718916,26.082698817959862,51.02001311234156,480.40317417918106,0.775652287596705,0.774493265248438,,0.7627570913876293,0.874062080030626,,0.8621176099801976,0.660115123964189,,,0.8503451537636563,0.6052574551715126,,,0.859959868113674,,0.8601000006649755,0.9336275356379021,,,,0.6602632521865983,,0.6599786947404112,0.6615805306126411,,0.6516319529391001,0.650237483134201,0.6511852950084409,,,0.6597128310028316,0.6607156093836867,0.6602488661073158,,0.5766408149438695,0.6394020876964629,0.6378326825565305,,0.6415904927390264,,,0.642136019526624,,0.6412292103235373,0.643305044612472,,0.640163207924681,,,0.6425614583235193,,0.6425479460950101,0.6430450678688758,0.6409527115146151,,0.6444523584062554,,,0.8688025582603249,0.924498396891714,0.5270174862384792,,,0.5278031607201259,0.5259159974795851,,,0.5257946167526347,,0.5261946459801496,,0.5271374858018971,0.5270131593646533,,,0.5276413753366771,0.5275634688406405,,0.5261053113147227,,0.5273000380085614,,0.5263924118246097,0.5269979721613478,0.610271724725855,,0.6080353688467247,,0.5586801471257913,0.558623171552695,0.5596856357060864,,,0.5582291223291249,,0.19030592644619002,0.18998672692727792,,,0.18931326328017722,,,0.18973070144981918,0.19005121790911605,,0.19012464437540763,0.18913703672513466,,0.18975526634585213,,,0.19005470238243868,0.18959560259010735,0.18913114178180984,0.18993302842065482,,0.18994737626975391,0.1896985623047892,0.18958867600312215,,0.18986863250638855,,,0.189575072522555,0.19009265954552093,0.18986073833868505,0.1907203294151297,0.18946304277345982,,0.18998648219526953,0.1901442223655266,0.1890383202431988,0.1897769649733741,,,,0.1900691702358981,0.8924949129263998,,0.8920859365743717,0.8922690191488007,0.8903196837657078,0.8925376506052094,,,0.8929816738776765,0.8910080866938505,,0.8918551263005645,0.8899254844712288,0.8885143565068909,0.8904385857275339,0.8931208172296532,,0.8927871099798136,0.8907029494238131,,0.8885362302530508,,,0.8927575441828108,,0.8909076184182544,0.8932631320476143,0.8902920236446503,,,0.8889570952531353,0.8903336791154349,0.8918096499817972,0.8908243259346346,0.8897893713176759,0.8884648545625936,,0.8886747789371849,0.890672158351899,0.8886990923688967,,,0.892183256666318,,0.888809237575927,0.9408964314246907,,,0.936247311879124,0.9385913401719809,0.9373884846699113,0.9378180845573245,,0.9389535259318034,0.9404846198115805,0.9382154408079754,0.9387545727236923,0.939609694329873,0.9366084037481573,0.9404337293824323,,0.9429101241987928,,,,,,,0.9383470807505598,0.9386761886163166,0.9363036596086229,0.9386825851538635,0.9367700966986532,0.93786489141823,0.9371469261696008,0.9357125965963462,0.9377302791933194,,,0.937596332183097,,0.9373303843753913,0.9398962249754008,0.9386860168311604,0.9380290533054251,0.9388906829501081,0.9354261650511536,0.9364930719206807,,,0.9363892783215452,,0.9365957918189649,0.937878506080647,0.9392024020157833,0.9365808143279606,0.937814363826112,,,,0.5555529031720384,,,0.5592775358121511,0.5586862672778258,,0.5583868393170146,,0.5592336023393673,0.2735275982774049,0.2740149852726055,0.27417805119861277,0.2742761984370003,,,,0.27450740515320166,0.27357463750383354,,0.27391940025501454,0.27331945784784195,,0.27392371102208934,,0.27396827118486883,,0.27434125018748773,0.27413532598783,0.2737994633668409,,,,0.2744905562699156,,0.27379808930073823,0.27388791046515804,,0.27356992495813093,,,,0.27410377686072984,0.27405913198059095,0.27298238150929083,0.2732732702718628,0.27364620509008225,,0.27403839496353505,,0.2507645199346292,0.2510563481810607,0.2501903984575215,0.250551289924124,0.25046894194369557,,,,0.2505163933300303,0.2507642162558709,,,0.2510737025778039,,,,0.25089119432124646,0.2507349840467849,,0.2508510626906315,0.24956974605622512,0.2501457189270024,0.24992909816864897,,0.25015990379557324,0.25020849560023944,,0.25069415623648605,,0.2498214913899101,,0.2505755452135668,0.8947710085245006,,0.8966594757438835,0.894939806774554,,,0.8947398696547787,0.8946728987825865,0.8943129079889824,0.8962428657340974,,,0.893275351852304,0.8930767798774477,,0.8970774484988961,0.8932632359738344,,0.895160303595558,0.8954567255895647,0.8962225151857695,0.8936022987934678,0.8940095291593413,,,0.8938226231251791,0.8937508356645293,,0.8916650797500223,0.8946179829873131,0.8960071276979963,0.8943643474255434,0.8939256765969258,0.8948059853321959,,,0.8957254791937834,0.8969454901849624,0.896129650838631,0.8973888254789413,0.8958826009218044,,,0.8949527190931851,0.8925105909615718,0.8951273721962789,,,0.8973257364886412,,0.8945435711065617,0.8967102122554501,,0.8954414281570212,0.8921941577985885,,,0.8924966507629758,0.8959261090979284,,0.8946697549171859,0.8938715389386567,0.8942082569583922,,,,,,0.894713727160786,0.8954689514166055,,0.8921967971927479,0.8942195722637926,0.8938837757697672,0.8943618545856834,0.8951919775757333,0.893428206610736,0.8940938568013735,0.894516678730168,,,0.8981470846064734,0.8979921811409162,0.8976300526686477,,0.893089479869667,0.9362196985477028,0.9357899507862596,0.9348819378571052,0.9380437270761635,,,,0.28592493366534266,0.28622318141686026,0.5802830414305779,,,0.5803180357448463,0.5791795977818756,0.5807890146407166,0.1611348313680985,,0.8946268147325598,,,0.5553149047618926,0.5395628242010195,0.5406558841374427,0.5394348239865985,0.5255448091773607,,0.5248805821762671,,0.9473484578443456,0.8892174932947666,,0.9566640571481608,0.8807642506869777,,,0.8812389342447349,0.9611681523784067,,0.9617906150947003,,0.9600893141562222,0.061320987033476534,,,,,0.5266181187070685,,,,0.5275651833750148,0.5289481727432686,0.5279007496882594,0.526558946103196,0.5275550437193349,0.5283361358590258,0.5284216687255958,0.527659746893795,,,0.5270098636512853,0.5278862345745609,0.5276065752486822,0.5285063367739494,0.8686020416927263,0.8668822705199027,,0.8670577339248923,0.8657560025282732,,0.10906488004297674,,0.10862264762148864,0.1089049559055851,,0.9790841682881902,,,0.8649715345866924,,0.8628286661575896,0.8619483659128827,,,0.5350366199632528,0.5325069236449405,,0.533710917462018,0.5347996103059495,0.5329782392753762,,0.5328410179187699,0.5339489925287998,0.5328456547015281,,0.5334987001695748,0.5338433465584145,0.5342568905960529,0.5339147754856022,,0.5349410693020699,0.5330857604000342,0.5338241421332103,,0.5326530798389553,0.5328022705286332,0.5333878745942278,0.5318244666374817,0.5326111887015745,0.5338974966527753,0.5338801679338088,0.5337870808649028,0.533617442447374,0.5329715234927563,0.5330877582742516,,,0.5327658783087954,0.5319892787896647,0.5342301242467054,0.5329678313673097,0.533235549388084,,0.5322872191534154,0.5339453861811466,0.5337868154941402,0.5341693866935074,0.5344291422153152,0.5333636518947902,,0.5336127861383115,0.5344316665818148,,,0.5329515787839165,0.533449805345369,,0.5317477359695161,0.5351981954636583,0.5344846614240056,,0.5327512308505821,,0.9319995166149092,0.9351219630638427,0.9313969428052687,,0.932021744070649,0.9341022152238143,0.9351835961541688,0.9331757622564248,,0.9306725831648796,0.9353286022876399,0.3227005511801505,0.32368698450567673,,0.3239357939530189,0.32346024050734046,,0.3232308685926617,0.322836578025825,0.32381071709701564,,,,0.32409896755323647,,0.3224184461429549,0.3237517771461856,0.3233846151573346,0.32363665293890964,0.32278818999804415,,,,0.9335615750357537,,0.9345811450244416,0.9352035819314383,0.933051018323942,0.8937659890676463,0.893361541086497,,0.8932067884938698,,0.8936717508757036,0.8919056436035245,0.8903968531475495,,,0.8948600089051284,0.8918038344710115,0.892618404233364,,0.32300085590917826,,0.3219804107834608,,0.32267342275871425,,0.32272897937706074,0.323285992591687,,0.3220243998796447,0.3231872530255614,0.3221340842719989,,,0.32290275239405347,0.8948346244179209,,,0.8945434534617095,,,0.8937104159204143,,0.9340478172585088,0.9351946968622509,,,,,,0.9334048261108893,0.93619096784108,0.9353033277519492,0.9351132350867131,0.9349238968325442,0.9338618474043962,,0.9329124452639194,0.9330418860864977,0.931264695342501,0.9317220692924851,0.934801982674547,,0.932819330631507,0.9329051920091989,,,0.9355413806677734,0.9331135963690619,0.893558135543805,,,0.893288058048633,,0.8963422887407917,,0.8945896710869589,0.894899399001402,0.8950735583356956,0.8913377215454664,,,,0.892650434773462,,0.8944814533254667,,0.8938251432377392,,,0.8934269201929517,,0.8983629157759724,,,0.5185757016647904,,0.5205989123624061,,0.5195904815307877,,,0.8592328302746639,0.6521787200290969,0.6497217623979988,,0.08433478676979905,,0.6588020812971187,0.6594651897931432,0.6612835184668486,,,0.6613191076485487,,,0.6589897354547827,,0.6599311694106742,0.658365876740357,,,0.6610788863429031,0.6603800143331992,0.6607681467595412,,0.6604308196720255,,,0.6606168850273548,0.6602372451632977,,0.6600083180242526,,0.6601086144841739,0.6610409791630091,,0.6604020357813325,,,,0.6605082327049567,,0.6599010133998633,,0.6599701510314693,0.6594210767952987,,0.6598259761878713,,0.6614482417474158,0.6623692987772061,,0.6599456470536533,0.6601404605498641,0.6592484195488836,,0.6619387005713959,,,0.6585039774837274,,,0.6596205996101481,0.6610768348882706,0.660862325138619,0.6586901287073447,,0.660919029487543,0.6595761801428225,,0.6595936625282877,0.6620192227452675,0.6616076553853519,0.6608426352087724,,,,,0.6592094225073081,0.6610705254142805,0.6619942423185832,0.6598440916351485,,0.6603182546273876,,,0.6609154483249645,0.6600304701978795,0.6602105365972764,0.6603863707960029,,,0.6602405280705583,,,,,,,0.6593395186822142,0.6603172719296554,0.6616978819088299,0.6596625348638856,,,,,0.6594714973149369,0.6609569327740318,0.6606107474942444,0.6590190965425553,0.661151203467149,,,0.660086375197286,0.6585710126326006,,,0.6632628857819485,0.6603263037242663,,,0.6587343588088027,,0.6593559522338377,0.66006885220734,,0.6618605432720076,,0.6580966904369443,0.6605137854233798,0.6599625049827811,,0.6594476147782722,0.6597887660007422,,0.6604216494347834,,,,0.6613533029924716,,,,0.6581321696043393,0.6597740836560524,0.6584740136460077,0.6596363474908064,,,0.6587513722963443,0.6596701382871047,,,,0.6603766283610739,,,0.6617497635886416,,0.6578592276385453,,,0.6605241779279538,0.6600445297656719,0.6588911024507892,0.6590288871344315,,,,0.6590808409097331,,0.6583216324944864,0.6591288871667245,,0.6143458479670959,,,,0.927769315673055,0.6016744903984134,,0.8589739265214436,,0.9331949611262506,0.9346829461922791
4,4,DG_8pct,16,Z09_F04,9,SLG_A,175069,181998,True,3615.980650063164,3642.824377296189,3667.964346942187,3882.4614968607416,3861.4845459545754,164.40176922724888,15.503425161188911,4164.850755020235,1540.2769411427266,580.2107302174192,580.0158970850235,378.2021251254005,4.828225832318692,14.993911978112076,22.109806554766052,17.375090474178077,181.97244684186,26.125068899159622,50.86780797848935,478.4943292430696,,0.7755699294614935,,0.7657161011572549,,,0.8642020486659591,,0.6625009274864763,,,0.6068282393641969,0.6075975142282719,0.6073390294918101,0.8639734801376711,,0.8602270724438418,0.9358943831900081,0.9341015144885096,,,,,,0.6650942889983851,,,0.6526336032101646,,0.6643826117783488,0.6633171366799208,,0.6611022079425951,0.6627379405172168,0.6647332410905575,0.5799536967586529,0.6411853850695295,,,0.6410296937763343,0.6425478479818818,0.6441590298246769,,,0.6453256167734238,,,,,0.6453870409051713,0.644693655528502,,0.6434637946031364,0.6469854140252067,0.6438691298630832,,0.6467716788493728,0.5400935799547399,,,0.9226005864627648,,,,0.5308766114434134,,,0.5312471112761881,,0.5330272668837827,0.5334396796047453,0.5324896231591612,,0.5334279708521984,,0.5314192290273756,0.5309310868060213,0.5308390311445005,0.5314079352259917,0.5304046105012029,,,0.5324115113822228,,0.5311683809652314,,,0.6129477212631984,0.9345491343941987,0.5628440845550488,0.5625507719287369,0.5638349349506647,0.5650708800790236,,0.5635259563780809,,0.19980739832107647,0.19964354053773903,,,0.20025306002342935,,,,0.19934746804326572,,0.1988856103004318,0.20027211010636733,,0.19936083467937066,,,0.19987632899690264,0.19977779378507246,0.19910210533380934,0.1991346852385608,,0.19960505878918894,,0.19994420034153426,,0.19962505300918024,,0.19946155756629877,0.1992970391331792,0.1991064010155033,,0.19887719830653625,0.19947897328968303,0.20032416432739641,0.1993295964035353,0.1996717445467579,0.19939023768559286,0.199326269491089,,0.19930407227175656,0.1991726929703271,0.199268765092926,,0.8928934077678718,0.8910081897838928,0.8914912845387111,0.8918922842103955,,,,0.8915079415718459,,,0.8937172975235232,,,0.8928131253256996,0.8930971463609108,0.8936248368619835,0.8940446978869726,,,0.894500550219686,0.893362048563035,,0.8905577325372385,,0.8931531419471226,0.8897873336448019,,,0.8925062988196528,0.8928567016074656,0.8937603762027925,0.8937780192651658,,0.8918590373887676,0.8922296253948574,0.891712846651875,,0.891622065987814,0.8924228746097401,,0.8918901133003379,0.8907495067387823,0.8918180455261223,0.8926297851671574,,0.9394545770022201,0.9388026923123906,0.9402349919254072,0.9384428325616233,0.9378834572712742,,0.9378041984997438,0.9383956887022327,0.9404571600137046,0.9408591697516494,,,,,0.9412026027525409,,,0.942800954957746,,,0.9378809786162209,0.9394055040258029,0.9359173587749673,0.9353464694367817,0.9407162213287417,0.9381090466706317,,,,,0.9394066948483366,0.9372446766019255,0.9408026859669794,0.9382060150534309,0.9385193246401394,0.9406049813422704,0.9407047488703443,0.9374541338160384,0.9377492401009383,0.9387702636770805,,,,0.9381706007486708,,0.9356754724002957,,0.9402427289153826,,0.9357142323473069,0.9373530382929302,0.9378526157123287,0.5586583013948031,0.5592362408610717,0.5571321590410588,,0.1683836403323652,,,,0.5615210235918621,0.5636364974339327,,0.28197274115168863,0.2834437685395603,0.2830029508643953,0.2821835080129437,0.2815607616852296,0.2818392555376147,,0.2827668249909559,0.28283104745371185,0.2818149680522526,0.28291762684836824,0.28224181753151456,0.2833460773601357,0.28362516286868805,0.2831949543967718,0.2828493263446056,0.28199399936140335,0.28269024468065246,0.2820946319330076,,0.2823318755844011,,0.28212720511431544,,0.2819983541742115,0.2818894162553272,0.2835588384388046,0.28138374045934333,0.2819650005196361,,0.28190852580631515,,,0.282428963276604,0.28150881396593036,,0.28249939433608257,0.2830734540307147,0.282573265824154,,,0.2596962642108605,,0.2596071836972062,0.25936412508542506,0.2592695228883342,,,,,0.2592563712255602,,0.25993398412597113,,0.2597300923468821,0.2591925899650033,0.2600042164706161,,0.25939631584639566,,0.25982884224399627,0.25952921488354797,,,,0.2592998316145297,,0.2587506524891894,,,0.2603378427760804,0.25950611268662976,0.8962481432460303,,,0.8950220791109736,0.894697946687061,0.8962022409530168,0.8988089332394795,0.8965573825352555,,0.8965540513814991,,0.8954455243562128,0.8944898049958621,,0.8960924468751168,0.8974404802663727,0.896690847220679,,,,0.8949043465078951,,0.894211124220193,0.8934540212607764,0.8920390715684499,,,0.8919434617716708,0.8968613572818133,0.8944834875535049,0.8947603011374644,0.8945737468469561,0.8959050954653207,0.8941632455283184,0.8938513626109343,0.894711392379786,0.8975681964417286,,,,0.8947114925469324,,,0.8974586801878007,,,,0.8948440904046789,0.8959263857275949,,0.8931039912624192,0.8957342873129726,0.8957941776097302,0.8970884485087322,,0.8961118352084795,0.8988503646324292,0.8970126430187187,,0.8952599722366534,,0.8948813061343632,,0.8954558369253653,,,0.8953521165674079,0.8946496994069509,,,,,,0.8985687145865703,,0.8945969142596497,0.8952411541316941,0.8942004740483352,,0.8981161972394756,,,,0.8955499116011941,0.897655567133701,0.8958103347041211,,0.9378874890542798,0.9368972800176651,,,0.2950337593803842,0.2953180462470541,,,0.5839335363733706,0.584389136986136,0.5855972991094994,0.5849430549227483,0.5834466292171395,,0.17089741251736676,0.9387570072550843,,,,,,,,,0.5297724771022768,0.5290187153338095,0.03160492435165753,0.948308202479506,0.8949254802776179,0.05913777625984811,0.957918249941391,,0.0665680903865787,,0.8793806170235741,,,0.9615055068786531,,,0.07248702530477923,,0.8782173862567395,0.9670466990655652,0.9668111836165775,,,,0.531066836476147,,,0.5299790539681429,,,0.531005736820921,,,,0.5324834707255615,0.5316078181863277,0.5313564256590235,,0.5317618437652251,0.8686982090298191,0.8675120532185284,,0.8700580171814071,0.872400100155338,0.8701319791781126,0.1198419960728048,0.11984604349989605,0.11964453927656236,0.11984425293073894,0.9796462972648652,,0.9785157946516808,0.9763166769445247,0.868591122438822,,,,0.5362129829443696,,,,,0.5393917548081031,,,,0.5377676472492342,0.5367742703810321,0.5379437397319347,,,0.5376188394149694,0.5372967494885278,,0.5369790905355307,0.5372803577935488,,0.5383666865096595,,0.5374170912185576,0.5385203022895269,0.5383943591987584,0.537173793525077,0.5362746324082057,,0.5376126774369689,,0.5367595257301226,0.5377864434600284,,,,0.536516798783055,,0.5369937644414938,,0.5376337115726515,,,0.5378474643216529,0.5384933106872406,0.5380708382532883,0.5379852938217077,0.5371616792884841,0.5380917653356426,0.5365808376223352,,,0.5387450859433996,,0.5367100383844152,0.5374548757852591,,0.5383098373877484,,,0.5362168747448511,0.9341373630341196,,0.936171571628808,,0.9302847320392601,0.9344512945615625,0.9345709367556178,0.9314085698002357,,,0.9363007243446161,0.9334509007741727,,0.33273889357948294,0.3306344835685842,0.3314855754407254,0.3320135561828359,0.3323684252168796,0.3312605192610653,0.3308126211892106,0.3315092313420347,0.33233054952520297,0.330542626827775,0.3320986123741168,,,0.33088282183705636,0.33095960917926004,0.32999276424394497,0.33118274161075884,,0.9349961871456415,,,,,,0.9355954198576177,,0.8973443021873014,,0.8930745819910401,0.8951692280872529,0.8965293804980173,,,,,0.8963169848237639,0.8920472964298176,0.8938369828781075,0.8957119922828791,,,,,0.3293438303984369,0.33178850590066244,0.3324624748245861,0.33065438857214074,0.33213684037569025,0.330763177373473,0.33075175207864344,,0.3309333428249055,0.3275466881710525,0.33019952324844754,,0.8957074657586349,0.8936746759583809,,0.8973323232551819,0.8963617009088766,,,0.9348504415956507,0.9366372366752936,0.9340368748819731,0.9355160650834926,,0.9355118565024958,0.9348821853696824,,,0.9339026462928334,0.9383891955593413,,,0.9346416517915593,,,,0.9342093045484331,,0.935056132307175,,0.9341694510734455,0.930261725099001,0.9334124586682438,0.9366432192276546,0.9341890890710388,,0.8977770705190993,0.893607976123148,,0.8973488097973753,0.8994063780743037,0.8957247513269837,0.8958267471012757,,,0.8952823722367407,0.8934006699192902,,0.8977273920194347,,0.8939749962551813,0.8995019705143885,0.8968213031420071,,,0.8956734172821541,0.8938281602527715,0.8943081884188955,,0.8937351645278743,0.8933423952755349,0.8938757993014583,,,0.5241800070892589,,0.5252857425359824,,0.8745461753558247,0.8609370921412012,0.6545312074957496,,,0.09538296626941674,,0.6637256000972794,0.6643971310927874,0.6639705529091658,,,0.6653334298781989,0.661207212461134,,0.6627091238962036,,0.6627993965537005,0.6631486422006314,0.6614994071733207,,,0.6628668098781849,0.6636379389944135,,0.6628047919502923,0.6631873825736134,,0.6617836035388971,0.662623346439766,0.6620876045792697,0.6625360091378452,,0.6643914463231664,,,0.6595426859634469,0.6629520862834601,0.6644607742817978,0.6636658661656035,0.6630569981334328,,0.661287760803029,0.6638391565414781,0.6622734330277809,,,0.6639725555070567,,0.6641841260791521,0.6628779005137933,,,0.6638231497337106,0.6631436679759042,0.663338042903965,0.664765914012622,0.6640649327049695,,0.664415009432677,0.6628676347270467,0.6639427759173783,,0.6642819888452346,0.6632487784949003,0.6636024474449945,,0.6632019819189902,,0.663131890429178,,0.6610164710221493,,,,0.662708383756691,,0.6643222144586248,0.6616608654442974,0.6635805840421571,0.6641861068542778,,0.6635225409378954,,0.6635742714570683,0.6629559248471997,,,0.6647040990942444,,0.662085468350394,0.6622849471451981,0.6626333662559822,0.6628385812527412,0.6610088967216065,0.6636064527723771,0.661136572062791,,0.6620089490928748,0.6631873449762168,0.6640170974614713,0.6639619994637475,,0.6644162968374154,,0.66254758874821,,0.6624619546935064,0.6637810243306314,0.6629629778502156,0.6634033500598624,0.6639167344854389,,0.6635015608737703,0.6619290502882698,0.6635412058438603,0.6619953943698942,0.6608925612036551,,0.6652785073432231,,0.6647321594057991,0.6623903700696985,,0.662828125512226,0.6639887501224286,,,0.6636295249793853,,0.662106360274167,,,,0.6643018894713139,0.6631916866450402,,0.6628494492206848,0.6644281655583788,0.6643659444048798,,0.6645181553431264,,,0.6632790566679755,0.6640424078892584,0.662156141839138,,0.6635610368664241,0.6620300387144455,0.6618405779400186,,0.6642111822892268,,,0.6629081025159635,,0.6617608937475682,0.6614332805491382,0.6635882347741784,0.6632940346508813,,0.6633617523946597,,0.6641036970416526,0.6631533302736943,,0.66396936475257,0.664032095617661,,0.6632727237675938,0.6629782148922794,,0.6615213138993091,0.6185150699552262,,,,,0.9260960737545264,0.6064556387905885,,,0.8590059698078096,0.9310750574002291,0.9334219044905459
4,4,DG_8pct,16,Z09_F05,9,LL_AB,175069,181998,True,4209.272573387867,4218.361417352439,4214.873868076415,4309.2889899326465,4296.667183535214,130.9240713596275,10.89642587706022,4496.301665127335,1214.7884318741712,428.73946771841156,433.9962898349614,278.37568816480774,2.8981142728345772,12.945057982817723,19.409503388074658,11.849330720599362,160.01827133083012,19.88714625975452,33.54315821847974,387.1630550004906,,0.7180012184684982,0.7190088623380403,,0.717294430774881,,,,0.5477354448746521,0.5487179149003208,0.5455297199160914,0.6187155972518192,0.6197469382790863,0.6188358941627523,0.5537516205513774,,,,,0.8003703950539935,,,,0.5486410822706353,,0.5507183287562526,,0.5428382314469234,0.5447636901382044,,0.5499263323347758,0.5511134988731786,0.5505698744715263,0.5494992611547395,0.5503544237869548,0.5839114244281334,,0.5016456193410629,0.5027265153686943,0.4915232735594856,0.48988046212471,,0.49258238038563573,0.49276819826789675,,0.4919799167701576,,0.49050075159777073,,,0.49230927919318196,0.4922352098068643,0.4904639426896882,,0.49079672867318264,,0.49091883861107505,0.5471340545969544,0.5488298583963687,0.4910370109053522,0.7901266142103877,0.5408936757871836,,0.5378249335083805,,0.5400872316965856,0.5390345579782531,0.538508382732424,,0.5391956961394767,0.5386693658775366,0.5394712398741602,0.5378298821197487,,,0.538137781907648,,,0.5394563841877263,0.5388351815549816,0.5396379329450864,0.5386191670002596,0.5403607739998711,,0.5395496653997766,0.43990828780681257,0.44105186112166433,,0.18699720376720286,0.144369579603137,0.14425908146126373,0.14481490399599384,,0.14463041568149812,,,,0.18082201879956958,,0.18126981454836344,0.18130234529745107,0.1811547568963969,0.18082516881683114,,,0.18090545152416834,,,0.18089606452773477,0.18120485555199992,0.18041141141653103,0.18103163406766892,0.18069602679373645,0.18084376152348702,,,0.18063796672321056,0.1801284216975848,0.18109157442629148,,0.181358523858976,0.1810810083672415,0.18068314230391452,,,0.1813618700078953,,,0.18060890254329431,0.18113455876434623,0.1806943218352742,,0.1810047584863799,,0.18050093544154822,0.1814556769792232,,,,0.7725738295780602,0.7732699791583856,,0.7705990677475408,0.7746193789686429,0.7737601225916093,,,0.7723087125146721,,0.7733195266656122,0.7713111568342379,0.7742643191980005,0.7725781629292339,,,,0.773221336084689,,,,,0.7716851738174089,0.7697488239408047,0.7747079526207301,,0.7707418752588483,0.7710386491823417,0.7718881337255348,,,0.774401120637976,0.7743219279217828,,0.772754407124724,0.7707921774500296,0.7716652225777954,0.7711649410382843,,,0.7708497073892673,0.7733546041807411,,,0.1878791628600955,,,0.18731843142371807,0.18735466378896526,0.18759860890652572,,,,,0.18765357692708326,0.18781066719089434,0.18771826618929138,0.1882298667384115,0.18786044884202882,0.187285808094,0.18788729294552162,0.1881779822763124,0.18796267140945247,,0.18770453190350914,0.18782920503085584,,,0.18744513097913554,0.1878098541445656,0.18746542373813987,0.18791241920671772,0.18749361320552058,0.18750111949058768,,0.18736181559605217,0.18757984197766875,0.18818403767656616,,0.18761134118755193,0.1882658763225116,,,0.1880300930292196,,0.18749373901148264,,,0.18792782429630703,0.18785936062405642,0.18831627747231283,0.18829200360320092,0.18782921697116098,,0.18788683192510744,,0.18778093878579266,,,0.1794654048893464,0.22841420493051323,,0.1301379610857155,,,0.13033642359572736,,0.13078403389767296,,0.2583965612758864,,,0.2582376655910656,0.2578535802932125,0.2584550003461624,0.25882167577626836,,,0.2585831568163118,0.2594227613158406,0.2587003873528077,,0.2585138759672113,0.25832670163812244,0.2589110367193307,,,,0.25838230258719724,,0.25780984002888735,0.25800137697086983,0.2582221098343105,,0.2591477208865046,,0.25865051854746485,0.25851304652879065,0.2584384358675847,,0.25856332802055865,0.2577469617468972,0.25917867184634774,0.25903466920391915,,0.2582487798569157,0.2591302595067984,0.2585497790117455,,0.23795147245718698,,,0.2379733769641102,0.23743701860864427,0.2376786722901241,0.237208042049682,0.23700556137439238,0.23782365461963556,0.2375845825009632,0.23825393195748978,0.23869202500687522,0.23813358183196523,0.23883344343914367,0.23804680943012266,0.23878818958312226,0.23735875866543218,0.23809128273503205,0.23810814244868966,0.2379427497132819,0.23776673465863815,0.23826366451037453,,0.23760875992645722,0.23720351516394322,0.23795726617763763,0.23766676082185398,,,,,0.7782791217397761,0.7779422969034877,0.7785254944160025,0.7790872488611463,0.7783705429766159,,0.776515383570117,0.7783951482472409,0.7788185312073751,0.7796321213303293,0.7782606220465907,0.7799117779678651,,,0.7805812828400133,0.7810697578642017,,0.777977937523357,,0.7805396558802139,,0.7798554076678104,,0.7792487797009118,0.7813746250830165,0.779192562752444,,0.7760744984983916,0.7775265201399129,,0.778881245110987,0.7799923786963834,0.7748784866222684,0.7774566846706361,,0.7765082628515878,0.7775106659107008,0.7795325459540725,0.7782640235123875,,0.7775464059799008,,0.7798954677119087,,0.7807425105614982,0.7804488437058568,0.7787441265882005,0.7760878683360141,,,0.778156016420395,,0.7754284420338416,0.7786345656121272,,0.7796789647070083,0.7798221688400332,,,0.7822770692944474,0.779808017756108,0.7786850324105103,,0.7771670690576364,,,,,0.777777335229016,0.780211900937564,,0.7814238830424873,0.7787579025128752,0.7786060761879786,0.7804574128915278,,0.7799887520699964,,,,,0.7793253640715534,,0.7845562752929673,0.7787844024152517,0.7789835136689087,0.2796962418367849,0.2800207745467771,0.28016188567794803,0.27914593355540274,0.26945163311876963,0.2695957826741852,0.268746154967665,,,0.22863567173144203,0.22837543169277746,0.22861880853533176,0.2282881995691949,0.2280672715055053,,0.15764594076714394,0.16128951521717894,,,0.13136538532455125,0.13100894797475918,0.12911463972980047,0.12856448985404526,0.1285828804297619,,,,0.032881397542210075,,0.7812696561507634,,,,0.07275616819395761,0.07437365200214595,0.7544550809893724,0.08170298732771941,0.08142978284842936,0.08149104787682064,0.08138205580095306,0.08132019592123522,,0.08126444329768547,0.7512986381011362,,,0.006453586118354918,,,0.006467258700188368,,0.006458070908500493,0.006451411194461068,,,0.006468608048485433,0.006477568307194197,,,,0.006478510600407206,,,0.00647999046760825,0.7243012684094516,0.7255391440761959,0.7256355090886123,,,,0.1344945322133408,0.13451422159120996,0.13419240063275334,0.13418754923655013,,0.13625175153750718,,0.1366750068345278,,0.7115978832251597,0.7151017731718736,0.7118210917436202,0.006551215752812025,0.006526669318796396,,,,0.006541378049107309,0.006545821916988643,0.006565294783311576,0.006551402863007585,0.006543751699574692,0.006551066608832419,0.006566699552962165,0.006557077413825223,0.006551074070217496,,,0.006542961528792695,,0.006564415668833894,,,0.0065421622975164835,0.006568197115704232,0.006558145987461538,0.006539168616644503,0.006530557821023554,,0.00652902529764801,0.006534686090774346,,,0.0065432365595062296,0.00654113179228241,0.006539788286042358,,0.006543424744753264,,,,,,,,0.006549358951369556,0.0065337038865162025,,0.006532954873290568,0.006566069024314254,,0.006553357368600711,,,0.006546069464547508,0.006549160291915861,0.006531564060546368,,,,0.00653770855665059,,,,0.3142679935638204,0.3138863660200332,0.31418981801632007,0.31326069099766235,0.31333043070059174,0.314188243715064,0.3139299966835386,0.3134789083038159,0.3134315819278626,0.3139696342138284,,0.30410301712415366,0.30478410352894175,,,0.30359592233770755,,0.3041284809066465,0.30352735127624103,0.30465676134193087,0.30390890485981514,0.30367895348929025,,0.3041971411268506,0.3036574380935059,,0.30419179244636296,,,0.31499221461445726,,0.314986378318065,0.31483229098956117,0.3145725770820521,0.3144396134608863,,0.3143777476060252,0.7757631956680477,0.7774666550586359,0.7780215465277782,0.7778565832311372,,0.7761559284219457,,0.7753554877934139,,0.7784537091880074,0.7787454747620336,0.7793996777052145,0.7764159166363755,,,0.3037203905872494,0.30484421487485236,0.3040278470171476,0.30443259685358404,,,,0.30426594890590813,0.30549332133664087,,,,,0.302559960653546,,,,0.7792264879392045,,,0.7759870923574144,,,0.3140031295367823,0.3140469480312461,,0.31318009798550833,0.314473460763169,0.3138860537365365,0.31364927981253377,,,0.3145276282385777,,,0.31417276563219904,0.3145960650278269,0.31454487580285945,0.31416786895205906,,0.3143060072585157,,0.3148044651511511,,,,,,,0.7801705763572628,,,0.7785053150285414,0.7787311035687319,0.7791728471613234,0.7803838406722484,,,0.7762706919065289,0.775018097140831,0.7792269389170159,,0.778516324904492,,0.7782285585429164,0.7749198486886356,0.780813242712961,,0.7775372027827891,0.7771726528835428,0.7783741362108547,0.7782312601609364,0.7780156478704994,,0.006365876897908973,,0.006358040510251904,,,0.006357553725718136,,,0.5069818606405065,,0.5070203397522834,,0.5496960648716023,,,0.5525205924366564,,0.54882919764794,,0.548468162573719,0.5476147578086449,,0.5501328942793711,0.5491291450670316,0.5505131460984567,,,,,0.5471457079568587,0.5495625673011597,0.550574137917962,,,0.549777083244413,0.5495174173450179,0.5510656938444883,0.547998310853184,,0.5488500986597061,,0.5490617521850969,0.5499627575488558,0.5489292446066675,0.5485159936009709,,,,0.5499154748591093,0.5493155411242371,,,0.5483644515240249,0.5501010040059073,,,0.549898480102891,0.5487324956580135,0.5503457604338037,0.5492218881440573,,0.5482287000314485,0.5493787156203758,0.5509277349717707,,,0.5494477465114681,,,0.5494502028819925,0.5502314705739173,0.5490029700339463,,0.5498815493729028,,,0.5504655363931963,0.5499008942107849,0.550469394346413,0.5495213561437389,,0.5526755656676932,,0.550375353222766,0.550332120835581,,0.5507164460625489,0.5504289586137274,,0.549644140220865,,0.5500298956416961,0.5497675011861506,,,0.5496727057575012,0.5485517024279069,0.548743486031212,0.5480296228895852,0.5499490696375122,,,,0.5509477107424463,,0.5494364766608395,0.5477702595842983,0.5497536726387339,0.5503877758388016,0.5494996925581849,,0.5505919728035,0.5500812426577607,,0.549338453459126,,0.5502452858491786,0.5491254584822373,0.5492453142428717,0.5495205561532516,,0.5504831691512537,0.5499347977379224,0.5480967828270491,0.5484367977994896,0.5490172234630771,0.550384814497012,0.5490309942689489,,,0.5497113841168559,0.5502840429620592,0.5481766158158939,,,0.5488161718002442,0.5481419326936687,0.5496264874779109,0.5500154558086802,0.5497378600686258,0.54957378066089,0.5485507273887384,,0.5488557545555033,,0.550827658086251,0.5504383663969387,,0.5506419390245999,,,0.5492369765700891,0.5478659165109336,0.5488866325860421,,0.5492034016239494,,0.5505059013768284,,0.5483410283999245,0.5485885140078625,0.551079228290469,,0.5498502641074812,0.5496095732808138,0.5477263703705896,,0.5492218993877497,,0.551048874357954,,0.5486380441816398,,,,,0.5490977075898191,,,0.5495740139451838,,0.4585864397832566,,0.571292440277226,,0.7911723353148511,,0.6181259979128095,0.5508429088356683,0.5500211379247371,0.8023475070897724,0.8004391246144064
4,4,DG_8pct,16,Z09_F06,9,LL_AB,175062,181994,True,4412.81911350664,4420.83554311775,4418.936693393679,4527.868519812108,4519.647061236762,145.11602072364084,10.560962766725684,4712.998669668311,1153.384134503276,406.4984083564607,408.2842201943291,264.4876049562857,2.917516956044018,12.774611134830007,19.3299906982482,11.49407594181659,179.63517530066258,20.210688414499277,32.80714425961658,366.67838574213954,0.7089103316802251,0.7073037672060083,,0.7653058242202634,0.7073527554069413,0.8410360281402178,,,,,0.5262714468520517,0.601068628091793,0.6016021263193241,,0.5339236518684904,0.5331708456122368,,,,,,,0.5317283180542692,,,,0.5273949136961664,0.5278278081313601,,0.5340082523527641,0.5329540669758226,0.5334035727304397,0.5335255855904939,0.5312199735994573,0.5323715773659939,,0.4830687326634595,0.48221294934401204,0.48257310463522957,,,,,,,0.47172525076664323,,,,0.4713572281529129,0.4713275902160068,0.4706076812261076,,,,0.4705115418909931,0.4705836109559309,,0.5265650480773865,0.4667857721679366,,0.5164787785448338,0.5166938575955832,,,0.5165178863110156,0.5171985152747919,,0.5187197425330098,0.5175803767723146,0.5181082396921025,0.5170714664769076,0.5178459420300208,0.5179750682334539,,,,0.5186780312720168,0.5163631132761769,,0.5181507030887881,,,0.5185340008651574,0.5178517338744558,0.4176650645399023,,0.417765851780257,,0.10558675236281466,0.105903294938176,,0.10584234524976269,,,0.13657175956675202,0.13593528220467918,0.13641157680915145,,0.1366494750147403,0.13651033762423062,0.13617161287512414,,,0.1364371301674461,0.1362305880255179,0.13630866382788012,,0.13621665048405185,,0.13601936083373062,0.13629872784959346,,0.136401531784281,0.1363880937853574,,0.13650329286279633,0.1362152918087443,,,,0.13636726367675836,,,0.13660935217481324,0.13620489009023312,,,0.13597216886078115,0.13593430529643913,0.1360155846464195,,0.13610650104510746,0.13608778235999128,,,0.13591913270034153,,0.7874027691393173,,0.7861626818465942,0.7867204216043195,0.7888327592949098,,0.7882566368778054,,,0.7877705130392103,0.7863332599643418,,,,,,,0.7888157229373616,0.7869650285312846,0.7868227309012643,0.7854619130632298,,0.7888544734681466,0.7838554797473904,,0.7845387971752407,0.78397052048169,0.7864915313777172,0.7869693398154729,0.788080383215234,0.7846068022307641,0.7852890348106263,0.785162678811322,0.7858164340920887,0.7853267764808133,,,0.7854282495123349,0.7873251423545868,0.7867736452339574,,,0.7865296495650651,,0.786357488749943,0.1449628703660309,0.1450057476055834,,0.14484667714047872,0.14493300524765845,0.1452275424112941,,,,,0.14499831655127396,,0.14498603124088266,,0.14443837586676342,,0.14501172630047782,0.14509129713932165,,0.14545428430836407,0.14538138753627974,0.1452053850348521,0.14532226840352505,0.14523029915039104,0.1448561694255893,0.14531772051415343,,0.14461794576467313,0.14472825199694414,0.14467849308937322,0.14460501505573517,,0.14479076055498924,,0.14522230635648412,,0.1449669718813024,,0.1453347974275269,,0.14524611286296,,,0.14537553700339317,,,,,0.14511322972165666,0.14491710586896575,,0.14470001782571137,0.14505782471855988,0.1434535721041466,0.1435903668865435,0.14325154951018387,0.18723049895361704,0.10868846565094574,0.09097327175842092,0.09097604441833494,,,0.09092031416367415,0.0909677890686858,0.21940078655319845,0.21937413313709694,,,0.2189517884988422,0.21923832710042837,0.21842258031952116,0.21972327868990318,0.21943121237392385,0.21909253335327836,,0.21940792781998492,,0.21893062562255003,,0.2192308162350466,,,0.21868404920797976,0.21973133231688172,0.21840018936688385,,,0.2192890508863055,0.21964994694920972,,0.21901749283054256,,0.2188247963838101,0.21892467030761376,0.21978662518099812,0.21857386275200305,0.21838000710980693,0.2185960563729239,0.21877033766445833,0.21931309192864173,,0.21896537947624561,0.21877177386952387,,0.19672618223216343,0.19682992538433616,0.19663017353151233,,0.19669769044324267,,,0.19653771084619287,0.19660963303710796,,,0.1973510200678374,0.19659444505666931,0.19709253911642605,,0.1973143283753204,,0.19689485539363294,0.19677653210427706,0.19662053465222584,0.19643153993469675,0.19563197308953198,,,0.19651780992214282,0.19686789958137973,0.19670175749181296,0.1967898478883754,,,0.196583103264206,0.19624420017238442,0.7901412033038407,,0.7896696121782436,,0.7882694286453569,0.7884558053029072,0.788763836963853,0.7881929593187756,,0.7874934454398004,0.7915267088265701,,,0.7925725303704713,,0.7918832563010573,,0.7923305879821845,0.7918162066108834,,0.7890469553400802,,0.7899810882153414,0.7906514850343844,0.7925057799816125,,0.7877256369931744,0.7881883687326671,,,,0.7883933079548193,0.7857927228566703,,,0.7883767106944847,,,0.7892696968557861,0.7907412203735623,0.7869308480469899,0.7877338575968655,0.7878460939857842,,,0.7908836682345161,,,0.7883880305046729,,0.7881209609374453,0.7894072598281195,,0.791732386652869,0.7911387914663293,0.7862453719533026,0.7906706857882558,,,0.7905204456918634,0.7905628033116189,,0.7901842771515548,0.7927718477238028,,0.7914259289760365,0.7906573866810318,,0.7929098512446366,0.7913223041605559,0.7921474707529035,0.7909867082223975,,0.7926731541849106,0.7901887342428122,0.7915337217746706,0.7918264471448417,0.7894968684872266,0.7890468187453107,0.7935149354866106,0.7888497112960194,,,0.790043338604691,,,,,0.24244482741464152,,,,0.23068581037277158,0.23054426646826054,0.23044959575074506,0.19390357930771598,0.1939284304922501,0.19387667251289867,0.1936527219783179,,,0.11091618145623769,0.11477562592395109,,0.09201166918717764,0.09226892166397808,0.09229049063386963,0.09020246299785867,0.09003355077022565,0.0901301064633999,0.08785826118229227,,0.08784808208109009,,0.04858526797421327,,0.07904023361712359,0.07854763346866281,,0.08707646229173274,0.08702332511071288,,0.09373932653349382,0.09378444560909165,0.09375044657111112,0.09385027038038674,,0.09402754701171885,0.09384298893622196,,0.10617271080887758,,8.015486447275325e-05,,,8.008152234940307e-05,8.022188274394918e-05,,,8.014309273376526e-05,,8.019970592726564e-05,,,8.010329262099051e-05,7.988017480927197e-05,,,8.029173433048683e-05,8.017840521552668e-05,,,,,0.7206337273129001,,,,,,,0.14615490703335127,,,,0.7099000795067774,0.7119189116889592,0.7095247079594053,8.055961805153813e-05,8.090092139916844e-05,8.057028808909473e-05,8.077197400701601e-05,8.067311052539857e-05,,8.082191174910089e-05,,8.040896930821912e-05,8.077445378931958e-05,,8.063999798763936e-05,8.088416280908953e-05,8.05573398341722e-05,8.049575860756858e-05,,8.065018469192212e-05,8.076549568736833e-05,8.067497314167684e-05,8.068692841226211e-05,8.030928699647054e-05,8.07686688243234e-05,,8.07569494370822e-05,,,,,,,8.063889449229711e-05,8.078466341760148e-05,8.068588936211045e-05,,8.059154798128652e-05,,8.072804009877873e-05,,8.061735629805476e-05,8.058600937344811e-05,8.060542002320691e-05,,,,8.05592395836671e-05,8.076230933825634e-05,,,8.057494233628899e-05,8.05297252167202e-05,,8.074659626929966e-05,,,8.079726602684106e-05,,8.074518719498662e-05,,,,0.2787869975370521,0.27963420543649087,0.2789592791865486,0.2795725934286044,0.2796333447451881,0.27973242665895864,0.28022412580885153,0.2797249961605138,0.27877992841625476,,0.2794423760535846,0.2802187554538669,0.2674505210621078,0.2679306978861166,0.2679663628653697,0.2674257391002964,0.2673029716112112,0.26857218199588,0.26754063919189125,,0.2678759546732803,,,,0.2676628353025402,0.2673950242211562,0.26765995540243576,0.2675498493351223,0.26798274359798246,0.2678549963937512,,0.27965485533540635,0.2797351953288283,,0.2802208711883475,,0.28020658078543104,,,0.7883809822946303,,0.7862451880955071,0.784190565510686,0.7862125639030629,0.7854726043937279,0.7857607312023233,0.7892769872395023,0.7861771719345151,0.7864657832843708,0.7851755793370215,0.7873605478786372,0.7854095224742599,,0.26803319490862415,0.2676523505274874,,,,0.26857631856210945,,0.26865097972369756,0.26761960504231735,0.2677417977259271,,,,,0.2672210390855838,0.7877678504601319,,0.7862504935006954,,,0.7892451075330433,0.789162669580353,0.27951972211480985,0.28039429838908375,0.28011983700298726,0.27960510278784834,,0.28033591795321205,0.2803175596886697,,0.27941772216438937,0.27996270106341314,0.27960634212729507,0.2796232448703344,0.2798861750184741,,,0.2800110903791981,0.2805972584754054,,,,0.2798649223313003,0.28007773808996983,,0.2800618050670142,,0.28028749305144335,0.2804492337714038,0.7874957593552633,0.7856189293766671,0.7892424428976572,0.78667131999422,,,,,0.7875184790284948,0.7862715318627272,0.7851940242755279,,0.7868577788124336,,0.7892566654837483,,,0.7864568303736099,,0.7874753838001909,0.7889229487896361,,,,0.7848843495923957,0.7879508569154671,6.88208073442904e-05,6.874988892778986e-05,6.856631314007659e-05,6.859275366340466e-05,,6.880513637390757e-05,0.49651497207715406,,0.4865948057619225,0.4866245690111295,0.48753147032064725,0.11936321071203637,0.5321778948238548,0.5311186919870401,,,0.5316148931094928,0.5304451257708799,,0.5311040529354861,,,0.5321000586811663,0.5320531515089311,,0.5322556339930067,0.5313287647108244,,0.5330066384770442,,,0.5304150889878132,,0.5313839774121275,0.531476581881659,0.5311999684857769,,,,0.5325624353721905,,,0.5310812402749129,0.5313925293116503,0.5324577574613021,0.5337100408249439,0.5333880354650402,,,0.5324199757602348,0.5328131567280908,,,0.5328205183723443,,0.5306246883542387,0.5315978865809942,0.5333049968281761,0.5326785625074084,,0.5315695730492173,0.5308676138158611,0.5311323595122763,,,,,0.5347713463336791,0.5318683866483388,0.5318487069802217,,0.5319065958649452,,,0.532288062110735,,,0.5323617365752565,0.5317610930175951,,0.5310547010966912,,0.5318068333183243,0.5328140987702024,0.5314574494140684,0.5316978905130254,,,0.5308498660907571,,,0.5311913457738792,0.532167181566166,0.5318962442375674,0.5306968986209032,0.5321109943986284,0.5313345208983895,0.5314202377516225,0.5328923347340134,0.5334798619531508,,0.5317145496694682,,0.5330657970368744,0.5320790219502466,,,0.5316377223475682,0.5313908477827513,0.5319351451766894,0.5324363516393589,,,,0.5322121636910747,0.5305098486659496,0.5304902273779757,0.5316641037796694,0.5332144271460433,0.5327688268602154,,0.5322420853904614,0.5312503454634618,,0.5321601889583224,,0.5321889656724036,,0.5297959276204278,0.5327618960033649,0.5302626796765935,0.531705486783369,0.5311422279072643,0.5324606458163866,,,0.5321713128306057,,,0.5315284535697251,,,,,0.5323874166917784,,,0.5333530676225782,0.53310459356643,0.5325808374366088,0.5318047529720397,,,0.5316770890763417,0.5327340743226255,0.5322441808668453,0.532091241265521,0.5320622262471746,,0.5315765735408694,0.5341827038085608,0.5315151111128028,,,0.5311896412905214,,,,0.5309397275693618,,,0.5323217121344603,,0.5328074865835188,0.5326456397494292,,0.5302683166849792,0.5322429738354825,0.5315736327187971,0.5312908147752655,,0.436927623847912,,0.5544107770756707,0.49434891820866755,,0.6004464067642218,0.6042475710744971,,0.5330614827316715,0.801104064245962,
4,4,DG_8pct,16,Z09_F07,9,LL_AB,175063,181995,True,4327.54107335954,4373.896062669577,4334.87122977029,4414.594212870422,4424.0160847587795,138.7947266031098,10.59855611381753,4616.5591517463245,1196.0104864235093,422.5323041379563,423.30688135697187,274.0609795613371,2.8723521557255434,12.873357027430497,19.29715762674384,11.575243155768968,170.87036592353286,19.94528649661624,32.806478668129834,380.2690464350492,,,0.7107091581579636,,0.7111438812836766,0.8426039980920219,0.6372688929238643,,0.5397865726068419,,,0.6081124134328831,0.610525636661322,0.6106361329279127,0.5422159653487092,,0.5416991987018266,,,,0.5394698661067093,0.5394109403379684,0.5391722407708865,0.5386732898092766,0.5411314562298482,0.5404140568666442,0.536367852650808,0.5357531412417426,,0.5415802157846805,0.5415685684143905,,,0.5419720321115183,,0.5733316554874417,0.49210780611164834,0.4921446128237332,,,0.47923341962615257,,,0.48042995834469643,,,,0.4789113994619906,0.48212704535390527,,,,0.47901889907761896,,,,0.48084119086740273,0.5363134071568251,0.5366092052157878,0.4775005726592787,,0.5263647309190203,,0.5256327072829698,,,,0.5271169369439647,,0.5264619158440594,0.5270800300800862,,0.5274143909070929,0.5258017553161766,0.5285177374285202,0.5280426288299849,,,,0.5286211846042204,0.5267477172640803,,0.5270303845622917,0.5267321003773577,,,,0.4288344858083582,,,0.12348263166605189,,0.12352419994336483,0.12354225337647687,,0.15550715288979533,0.15561734156644086,0.15563139236593382,,0.1557254306416946,0.15585193611736242,,,0.15543363391248302,0.15602762135059367,0.15575366405073823,0.15596320372295183,0.1556799340506086,,,0.15557455241960486,0.15564052887314572,0.1554103269206667,0.15596463299706087,,0.15556370309186623,0.1551818282428241,0.15580139643275795,0.15568398654572935,,0.15613361771077022,,,0.1557649698981474,0.1557244691490742,,0.15547192585663547,0.15524860922798883,0.15590040307866898,,0.15515063368890003,,,0.1552686484674206,0.1557855513037419,0.1555633825873819,,0.15518293226935032,0.7780412391983982,0.7775340904931407,,0.7782304060360472,0.774766910624843,0.7774137399739002,,,,0.7762317694635122,,,0.7757927029199098,0.7788195011726072,0.7782769834903721,0.7759863300739578,,0.776821005324521,,0.7771408986270888,0.7785648253309922,0.7747014946354038,0.7775128265530316,0.7732369176305511,0.7795801665831368,,0.7767943589627984,0.7784306289630579,,0.7789100571005768,,0.7763695036247279,0.7791772609546938,0.7775711430591477,,,0.7778906792683474,,0.7779798249495031,,,0.7769145079052552,,0.777008230734329,,,,0.16283487652798195,0.16338281429028406,0.16339214325467039,0.16391033540626923,0.16325947418613118,0.16385691183823065,0.16355487593259543,,0.16324302790441422,0.16318058205393224,,,,0.1636027111586506,0.163821597880848,,,0.16310623803451746,0.16373547067442487,0.16363790147701285,,0.1635610717366123,0.16330566821540032,0.1632055057964016,0.1631624067128561,0.1634898672224913,,,0.16311572620740167,,0.16383688514484682,0.16371940290362483,0.16304113183634744,0.16326048257730794,,,,,,,,,,0.16390121405043553,,,0.1635997855755927,,0.16331615314218256,,0.16352190747318426,0.15990387637922043,0.16010620135016945,0.16040908364314774,0.2054119167176651,,0.10902151642885873,0.10894203989488983,0.10877006170937843,0.10862035886299268,0.10914272121287395,,0.23602065902849023,,0.23657872701438074,,,0.23684236004929662,,,,,,,,0.2361119698309779,0.2365495512659473,,,,0.23666132232448198,,0.2363739089287096,0.236655784350545,0.23624992160131705,,0.2361508512865633,0.23625359588024186,0.23559564128548183,0.23679117860961726,,0.2363495518011845,,0.2359905059325768,0.23575581430675438,0.2365327618294551,,0.23603181782649643,0.23663654914465185,0.23619706910324587,,0.23633787271849915,0.21467788334144902,,,0.21537628387330746,,0.2147880730705616,0.21415705599495896,0.2147942566818367,0.2154262616976771,,,0.21439560924886183,0.21440144232598266,0.2149906969109999,,0.2144471112753825,,0.21410420690944895,0.2148887151403797,0.2145996692334247,,,,0.21445850879294448,,0.2141947307511898,,0.2148627592643111,0.21478330747014762,,0.21503398243953284,0.21508926552247848,,,0.7826397155441503,,0.77981414126794,0.7840244170923923,0.7803972777258252,,0.782744268174715,,0.782517088542592,,,,,0.7821008062485858,0.7845583066425555,0.7836493015712854,,,0.7847285594770614,0.7849807765218396,0.7814746977885038,0.7814278028919668,0.7816821299412622,,,0.7786712284208671,,,,,0.7808264516925898,0.7806171864089905,0.7813559616479006,0.783933561196384,0.7808052275576151,0.7828269425909528,0.7798087624363758,,0.7814739999331851,,0.7810168599710284,,0.7831103394763909,0.7827048510920005,0.7819533225735846,0.7829645573052045,0.7818587225247845,0.7838934814421564,0.7807607011322341,,0.7803426129901857,0.7808930070631358,,0.781692280790406,0.7822740375729776,,0.7823177710931106,0.783944805248489,,,0.7842427304961074,0.7867470399168217,0.7846037152448597,0.7850376310884006,0.7813616144116854,0.7816529995650289,0.7830524335291315,0.7831939757380265,,0.7838983480256049,,0.7829441711481812,,0.7812561927649555,0.7845377099170009,,0.7823988939416969,,,0.7832825032816121,,0.7859313701760992,0.7860081926751658,,0.25861045039424274,,,0.25882078457553165,,0.24779059020087787,0.24790440961034296,,0.24741849345305253,0.2094377906405937,0.20997705003972114,0.20946579807597268,,,0.20978286504359842,0.13114915163279434,,,,0.1099870215069498,0.10993857731653307,,0.10761570150557749,0.10746456527231751,0.10493039921570133,0.10466023563923467,,,,0.7770124576957836,0.06725250437768306,,0.7568167977056939,0.07609751409484351,0.07586137852750761,0.7497043693943826,0.0828341047277018,,0.08282551644500434,0.08295767897529062,,,0.08268046881505824,,0.09556478240968598,0.0960891238183356,,7.539108471096559e-05,7.573632072003483e-05,,7.555894868695248e-05,,7.545648473415577e-05,7.564206169782153e-05,7.55725681957237e-05,7.569858501089188e-05,,,7.567894547420262e-05,,,,,7.563850523132283e-05,0.7204864175338122,0.7190644075641626,0.7206933733007638,,0.7201118488081492,0.7264186470438154,,0.13654112242950536,0.1368253390964799,,0.13662072769652192,0.13711829020352656,0.1365292270172895,0.1368336859887879,0.7106489101045874,0.7096766827059892,,0.7099365536298439,7.638606991913867e-05,,7.639360789706707e-05,,7.615177008230284e-05,,,7.623648046723698e-05,,,,7.607300605381968e-05,,,7.631213318855431e-05,7.614908177756992e-05,7.639543322164512e-05,7.640542391757498e-05,7.627236405318466e-05,,7.61298845815489e-05,7.652360144344024e-05,7.627353030490087e-05,,7.615308220390089e-05,,,,7.611942342444181e-05,7.632337921343696e-05,7.629436471053666e-05,7.6257502813719e-05,7.634451185671023e-05,7.604741365409447e-05,,7.607668316725105e-05,7.595650056478543e-05,7.620265340140733e-05,7.628383296162539e-05,7.610527966562488e-05,7.641713849699067e-05,7.613336021994991e-05,,,7.632663808986205e-05,7.630669039889964e-05,7.6316492096035e-05,,7.645669204054877e-05,7.6228912070202e-05,,7.616319071009051e-05,,,,,,,7.614492952788685e-05,,,0.2937096672772828,0.2938940290742287,,0.2946767223647946,,0.29523107212116767,,0.29466016129574185,0.2938188909950421,0.2956646247011789,0.2947757287687715,0.28426931312362175,,,,0.28396273598884103,0.2837250726887022,0.28374792505160484,,0.2844682508272288,,,0.28382614599679346,0.283256267967863,0.2846322882483073,0.28371628767902496,0.2836654567692322,0.28298445264762057,,0.28362636736776553,0.2946263806602057,0.2950250251836106,,0.2950879750704333,0.2951110359769519,0.29551648182672163,0.29526933173012815,,0.7804445813017608,,,,0.7804037498643818,0.7786926428325535,0.7798181840902872,,0.7808063000730827,0.7788166503590972,0.7799851475536397,0.77891991424449,0.7823776601396837,,0.28319026878351883,,,,0.28396801119507276,,0.2844505916056256,,0.2846190083101555,,0.28376936012742215,0.282936745245358,,0.2829642057725011,,,,0.7791299812122433,,0.7810662739373724,0.7819700602322565,0.7785283761830866,0.29414846227584507,0.2944288542104864,,,0.2943632775480835,,,,,0.29541690690214,,0.2946169122380268,0.2944815140119169,0.2951034567085813,0.29574658801169507,,,,,0.2945229310883491,0.29512433973572494,,,,0.29418299937764036,0.295268424044491,,0.7830526329227306,,0.7823549957922384,,,,,,0.7833458638172672,0.7825288553178515,,,0.7809048566340302,,,,0.7811297372174184,,0.7804996293684346,,,0.7833720923785411,,,,,6.562728250050461e-05,,6.544393695702462e-05,,6.569232893106485e-05,6.551803159427124e-05,0.50738161660645,0.5662986755505384,0.4984342411810808,,0.49632853256784404,0.10943100035556223,,,0.5398754218016425,0.5393924085952815,,,,,,,0.5412540347411675,0.540068985290674,,,0.5399799165534818,,0.5392863655290386,0.5401724546496538,,0.5398442590713268,0.5391971731163645,,,0.5401204204923729,0.5388457478257582,,,0.5382698223952878,0.539858253471516,,,,,0.5398763569321212,,,0.5391374349811968,,0.5407032301065345,0.5401346122907759,0.5407905295918054,0.5393620454864192,,0.5393724845100063,,0.5414853587049047,0.5407502099908621,,0.539609906631064,0.5396737592473542,,0.5396546180005855,0.5408516396309321,0.5401060156583981,,0.5405628061432001,0.5411363577528011,,,,,0.5391765383455284,0.5414613916233524,0.5389893932120323,0.5386232456310465,,,,0.5407963615406988,,0.5401690651996486,0.539895580985433,0.5408544520935478,0.5396510836306745,0.5404489763254013,0.5389776497153286,0.5402415556087968,0.5397577833951082,0.5402892247351969,0.5395407422301016,0.5399735291434837,,,,0.5397916715561332,0.5397754233137927,0.5398577969065274,0.5395640215815515,,,0.5404151824418537,,0.5398330130041712,0.5394431808175829,,,0.5394847994304491,,,0.5398011885991832,0.5412367703407099,0.5400101265688959,0.5400575029614036,0.5398535745145636,,0.5399038184418873,,0.5412605784146043,0.5400351142254467,,,,0.539434146828791,0.5393876962989581,0.54134750154251,,0.5404939552075464,0.541763388078767,,,0.5412126089262078,,,0.5391457162111676,0.5403162630753351,0.5411397439368645,0.5385149889847934,0.5389413555394965,,0.5402222732909957,,0.5412782326075203,0.5389198703046644,,,,0.539731730817971,,,0.5407312288925515,,,0.540511465998558,,0.5395993828365148,0.5394953207934123,,,,0.5410816368999596,,,0.5402084059326038,,,0.5385940446924024,0.5394040018727361,,0.5396183000321754,,,,0.5403908490535413,,,0.5403548946073636,0.5398915125617059,0.5397103828307853,0.4487293198027657,,,0.5594921322445838,,0.7908055660073613,0.6074562183568047,0.6090885470759373,0.540305097238258,,0.7999181674780953,
4,4,DG_8pct,16,Z09_F08,9,LL_AB,175065,181998,True,4210.519789452527,4222.365244092213,4242.087826843019,4299.42213783962,4277.3006236583315,130.42140620412928,10.864760270906709,4487.6464156201755,1214.330074915509,428.9687991876429,428.79799932000935,279.93245456702317,2.885379827379567,12.962549514599585,19.48940243540753,11.91757912564313,159.24870753324342,19.90634432737458,33.48987200550886,386.3385428232739,0.7151834275708454,0.7172817227458324,,,0.7173096576231981,0.845839580172677,0.6413313178932135,,0.548347391110726,,,,,,0.550865386419161,,,,,0.7985821445815746,,0.5475983726984763,,0.5501891349609271,0.5504795211297039,0.5505459993121732,0.5451018154394853,0.5448980953796434,,,0.5516703745871897,,0.5500440618259929,0.5516213301138384,,0.5843194893743027,0.5021436144184898,0.5019848210452336,0.5020484893897963,0.4905757188719855,0.49018306450808863,,0.4914987631641074,0.4928731656005986,,0.492498235233431,0.491851463761052,0.4915779028496006,0.4919824081629579,0.49169614045015847,0.4920941455493953,0.4923951667499959,0.4914784526913754,0.491882624965543,,,0.4914312577325011,0.5480814351493791,0.5471213478411241,,0.7908078314701961,,0.5390096441680894,0.5393303332709862,,0.5376994542574788,0.5371720237034381,,0.5411967870123583,,0.5378105537740643,0.5384881651684904,0.5385504051876187,0.537834962952984,0.539409765746925,0.5387256372210555,,,,0.5383679249342586,0.538558102887514,,0.5402742377058211,0.5385298423890765,0.5389247797381268,,0.44000653491270114,,0.18652230535994768,,0.14462487932522522,,0.14452367982307826,0.1447625413695273,,0.18075800060432828,,,,,0.18081784051056804,0.18178620343109478,0.1807802886565267,,0.18062540040383082,,,0.18088669331499652,,0.18138208653421817,0.18097355127366013,0.1811064594136752,,0.18072895800355693,0.18111731212441623,,0.18122653043514483,,0.18083416170372305,,0.18031440288142164,,0.1806851516682554,,0.18112126267708856,,0.180511846904013,0.18085999797436958,,0.18065646795385124,,,0.18043448852542843,,,0.18016734160048503,0.18058010079389686,,0.7741210167816204,,,0.773009802703546,,0.7717058566363223,0.7736036808380569,0.773341911926925,0.7740542819614517,,,,0.7736151240269441,0.7755035424712337,,,,0.7713397261971521,,,,,0.7747158325987992,,,0.7705926447172281,0.7709917801498279,,0.7729061618358876,,0.7703416652942013,0.7736795529817864,0.7736793850448768,0.7756557293239572,0.7732321679597374,0.7704759309854092,0.7716588258101175,,0.773380015491495,0.7698678256885256,,0.7735129524847998,0.7729169040254807,0.7739339503581895,0.7734373661957376,,0.1877316772846069,0.1872854945756025,0.18825134526452972,0.18761072197264617,0.1877229195263679,,0.18818418461443984,,0.18790323787772895,,,0.18769878289090308,,0.18813108807531367,,0.1880338971891689,0.18716895740183712,,,0.1877607789938638,0.18720743204889861,,,,0.1880122296258789,,0.1879122814964613,,0.18770572936900476,,0.1875359137676298,0.1877696269589656,,0.18789823535846611,0.1881383464300269,0.18817906697520384,,,0.18815291148537716,,,0.18739053334885653,0.18778079811589277,0.18800646066450624,0.18732145949735848,0.18741646238587473,,0.1878450146589502,0.18729124557390794,0.1880943815819312,0.18732783964400404,0.1872713318770382,0.17954589568119286,,,0.22797568526341483,0.15489754931009167,0.130784888929617,0.1304290070352676,0.13048955996393183,0.13016288979511884,,0.13035265034691398,0.2585783224631756,0.25853251846297987,0.25944746489297316,0.25863732078720986,,,0.2583110549466873,,,,0.25937516060515514,0.2580870667783155,,0.2586104578970832,0.25889862442467165,0.25889079349132815,0.25905246106211116,0.25875583464980706,,0.259086409866058,0.2585816148499716,,0.2588756004129498,,,,,0.2583931607653902,,,0.2589668278835876,0.2589563328865768,0.25866439836680705,,,0.2578027153808749,0.2585983058528152,,0.2585931197894323,0.25756502812606497,,0.23728565670412755,0.23752240127243598,0.23736723644437985,0.23797534956622587,,0.2377215491254165,0.23773310361082514,,0.2375044963447334,0.23744095819147557,0.23770243064582955,0.2372685843971382,0.2379812353043571,,0.23747005555117126,,0.2382560824535797,,0.237207905926866,,0.23831933427804408,0.23721749217047391,,,0.23849969949565747,,,,,,0.23795304397561642,0.7763165648174105,0.7813990156841433,,,0.7788059842057177,,0.7796096564248074,,,,,0.7784728205932422,,,0.7773577738986187,,0.7801406598912872,0.7792018651116489,0.779823078222087,0.7814322862765121,0.7797254667575232,,,,,,,0.7792531174322954,0.7775641092773001,,,0.7761288906050618,,0.7771110902989936,0.7755651798561124,0.7793177350027002,0.7767588878884611,,,0.778068391343205,0.7760871617447785,0.7779292684425321,0.779826912475257,0.7775311380673091,,,,0.7783321150996724,0.778111269450656,,0.7790373080568425,0.7766143634013549,,0.7826403893275146,,0.7788573288046485,0.7782659693583179,,,,,,,0.7807302357934691,0.7771193724299986,0.7814824917233666,,,,,,0.7789510934512662,,,0.7801982543036208,0.7817059516001871,,,0.7799631043697989,,,,0.7792950745981393,0.7794755327094589,0.7819378019910787,,0.280112774028993,0.28014421910560194,0.2797074614932105,,,,0.26986256064506514,0.2684626335243789,,0.22779425085439511,,,,,0.2280490655783133,,0.16075276905824565,0.784117790744456,,,,0.12897097122531123,0.1287520395885677,0.12867992890851895,0.12467577759325563,,0.12498608329984838,0.032934187921720925,0.033146072882673655,0.7825878876535616,,,0.7628580063034867,0.072692609601999,0.07432801103390142,0.7528679960993978,,0.08143054815557986,,0.08139721703993363,0.0813242949146815,,0.08129426896241998,,,,0.006473322908231181,0.0064795344442866686,,,0.006453298549228851,0.00646810477027245,0.006463668031565782,,,0.00644887188773019,0.006463590907153555,,0.006459965473009703,,,0.006474770738612055,0.006480455518711878,0.006478089641189563,0.7239722344056401,,,,0.7256278752314796,0.7326343788266172,,,,0.13462134742195303,0.13610855891504792,0.13638084314829826,0.1360574189770239,0.13637385602957866,0.7122917333098182,0.7137318741247713,,0.7133482728685805,0.006554730646486027,,0.006553496895885955,0.006540260218678405,0.006554472624879811,0.006535106941310858,0.006546882376016193,0.00654372034514571,,,0.006538381490194823,0.006553159525602879,,,0.006551867312034905,0.006562090883159816,,0.006559052020666518,0.006560330112318498,,0.006538834105308387,0.006545020374223763,,,0.006561224242987321,0.0065444878860907,,,,0.006552952174890821,0.006554146524836187,0.006530895599465944,0.006538458978900446,0.006538448300090454,0.006545936254567886,0.006533522626877466,0.006553448988912826,0.006541141648755005,,,,0.0065345607891012306,,,0.006538591575587722,0.006560117472676601,0.006550660897877547,0.006553469989495193,0.006526864322473422,,0.006549721075519049,0.0065511454851950625,,,0.006541252126223307,,0.006551746483453087,0.006562255794103867,0.0065446522642639005,0.006556002933731181,,0.31354544772204274,,0.3141341032729022,0.31342216560303565,0.31410183762735105,0.313588985044493,0.3137034723337116,0.31399560845700336,0.3139209566024224,0.3132659326577189,,0.3044008295848663,0.30464966444346847,0.30365135466328247,0.3040212678191665,0.30410541785999495,0.30407869716409897,0.30450786724602824,0.3040495928151506,0.30358144614944976,0.305033635241556,0.304571992506828,0.3041260664196623,,0.3044285800403787,,0.30468132257419367,,0.30423176056739143,,,,,,,0.3158060580881744,,0.3146277965687703,,0.7758390679065573,0.7795650931134519,,,,0.7792192341075271,,,,0.7784654181775292,,,,,,0.3044413801804187,0.3034038685217762,,0.30316932927438517,,0.3043898613183517,,0.3038357402951345,0.3039250979879107,0.3037859268984909,0.29995045449461916,0.30366401887234706,0.3027333910766526,0.7801842800248212,,0.7774796716952508,0.7796120636804228,0.7776576972993775,0.777966975119991,,0.3139804463366121,,,0.31515557915919584,,0.31350603845891417,0.314992739635144,0.313406481329191,,0.31398493587827503,0.31338758295943625,0.31507682126649483,0.3137741352148008,,,0.3142188252888143,,0.31437130357429,,,0.3143343445914211,0.31488402343778615,,,,0.314035410351225,,0.778006634428283,0.7802256219280309,0.7811050927845945,0.7790379281958879,0.7808151613102897,,0.7778800655168142,,,,0.7739069814913856,0.777672329889185,,,0.7780339076765042,,,0.7778153099812295,0.7790472260270486,0.7803463065708663,0.7799619148985204,0.779449308040663,,0.7789578302582268,,,,,,,,0.0063667906976860944,0.5179640688915247,0.572433459650661,0.5078417736374575,0.5064726015557673,,,0.5496322669215872,0.5490326517759705,0.550543420168765,,,0.5490153059283637,,,,,0.5500086660894254,0.5490658222078185,,,0.5472239853044877,0.5491591634117939,0.5501848910267361,,0.5501173102268833,0.5508108304125164,0.5500932642343802,,,0.5506524112736562,0.5498499136039968,,0.5479503863906778,,0.550122084479595,0.5503058381543112,,0.5490866942489567,,,0.5490973800440762,,0.54695464851708,0.5500790296233239,,,0.5479304608680128,,,,,,0.5500461036893606,,0.5501667155382541,,0.5502395912423144,0.5493065116046218,,0.5497965166067231,0.5485587762492639,0.5494428182215634,,,0.5512756102007816,0.5506142325424455,0.5500062793643917,,,0.5500506758445394,0.5503077062293315,0.5505008153957597,0.5486117557028348,,0.5500057531059223,0.5496816247687051,,0.5488160237373887,,,,0.5486740359026517,0.5502656008220203,,,,,,0.5504843466274683,0.5496567988601992,0.5492717552361474,0.5491144159183102,,0.5495069108242919,,0.5491229497208032,,0.547627252489931,0.5495817316234244,0.5488962499974372,,0.5484811530830924,0.548182606922106,,,0.5491143250459676,0.5502619765108371,,,0.5510614797460356,,,,,0.5478638556256907,,0.5499834958651485,0.547559940527851,0.5500084437086576,,0.5487878092249373,0.5485229171903654,,,,,0.5494426381665499,,,0.547394053644133,,0.548615280122307,0.5500658910847476,0.5486820902854415,,0.5492299478572352,0.5496928140426369,0.5492568260912792,0.548404903842696,0.5487513709598489,0.5497369218161305,0.5487859012015928,0.5496446593540193,0.5491344861991949,,,,0.5492229964530247,0.5500673425109994,0.5504834740492055,0.5506311471609683,0.5504501956026855,0.5493634031885648,0.5480720190873887,0.5484235649937129,0.5489362619507812,0.5500688363352213,0.5505420192497464,,0.5495975126851664,,,,0.550515902775802,0.5491616963767758,,0.5501291539651433,,0.5485871921638453,0.5510222066619821,0.5502168458725686,,0.5510401024912703,0.5488343976848686,0.4604827664452177,0.4610228670991133,,0.5716915065630924,,,,0.6179884356128307,,0.5513696904469138,0.7986567930171756,0.7999767575106734
4,4,DG_8pct,16,Z09_F09,9,3PH,175070,181996,True,4420.333043014384,4454.853920335706,4452.7144272637515,4520.283866966084,4527.680336816203,17.669381423570545,3.0214994393051495,4511.415202391666,0.039439635897922785,0.016698564922910854,0.01664549611608869,0.01110042137706732,0.0003329033308402492,8.107524572307785,12.036932398189917,4.167314396941658,9.880031181008691,3.7914250628846733,7.055112646849845,0.01149902699655618,,,0.7157821169527565,,0.7189774520909639,,,0.5453999807215523,0.544832970008725,0.5450392968362305,,0.552876333703172,,,0.5527746610308791,,0.5521084384277034,,,0.5526683889355541,0.5452855137052743,0.5471229098064703,0.5452903557108326,0.5477206107425056,0.5486826768550813,,,,,0.5465682544315199,,,0.548376008757623,,0.5487529025598525,0.5193032872722889,0.4948534004109534,0.49407638089999883,0.49466706190584836,0.48865836729571177,,0.49003575002712135,,,,0.49126305454014807,,0.48965470597637367,,0.49020640256307246,,0.49001451780319694,0.49032234972617283,0.4905171975592948,0.4911735002155362,0.491142541903459,0.4893747806221048,,0.48307454064046007,,,0.4756115903412674,0.4760816593703612,0.4754199172613263,0.47411288210592656,0.4745795940847272,,,0.4756939157383174,,,0.4752865134291574,0.47441121692749166,0.4761127947489647,0.47460569922521256,0.47368333541234015,,0.47431556613673004,0.4758196106211662,0.4756996521718481,,,0.4766274121953672,0.4755848429954985,,0.4367137438147492,0.43757214046139487,,0.1403263400059182,,0.1392778868897799,0.13931030262808516,0.1395541801419148,0.13958636289108023,0.13918501034300648,0.1407571736254815,0.14103051817401918,,,0.14069783315922585,0.14105045217199552,,,,0.14084371472507437,,,0.14105312673899262,0.1407365130336892,,,,0.14061239480424656,0.1409572938542755,0.1406013365425852,,0.14100478675444028,,0.14058872083134813,,0.14086209289002716,0.14130261501177582,0.14117152477090136,,,0.14114254325510636,0.14066155539379305,0.14054161093641054,0.14065268733921282,,,0.14069734064852965,,0.14032819151536483,,0.14073489783349954,0.14089811781237083,,,0.14100894226494423,0.14125984536499006,0.1411694997623617,,0.14080146707538527,0.14129935594349752,,0.14108706336213062,0.1407182935134153,0.14091389472784044,,0.14054430672794682,,0.1409617989465169,,0.14097038090722713,0.14092896663561094,,0.14054888888371378,0.14094406789758768,0.1406165726662575,0.1407668613756423,0.1404870900644993,0.1410523256095582,0.1404397113623631,0.1410570856455306,,,,,0.1409657848664282,0.14090800150848132,0.14084048516703035,0.14065518519576728,0.1409143227089483,0.14109289841841877,,0.14088660893981494,,,,0.14084135956006108,0.14048406788622506,,,0.1410254885948775,0.14103992804960422,0.1408207564414097,0.14086423290837255,0.14103324789651778,,0.14081506853303447,,,,0.14077570930014838,,0.14144092931137825,,0.14088361957173276,0.14107134195795074,,,0.14092098528679292,0.1408404420782843,,0.14050515817330728,,0.1405569821315211,0.14043600426278416,0.14068210570577128,0.14079718598925972,,0.14082156114386482,,0.1411451671924051,0.14065544149241743,,,0.14132849669107614,0.14126897019335014,0.14086974907965738,,0.1413125931243921,0.1410417940371743,0.14080136510330216,,0.14108402312451204,0.14111928343827615,0.1410061590038956,,0.14089308044370077,0.14074809875684016,0.14090208746823604,,0.14048864830940722,0.14077157729054826,0.17397987120673897,,0.17450759164816074,0.1906645155951968,0.12514181584854508,0.12499285457919025,0.12543926701428004,0.1249927782135007,0.12522044844271574,,0.12483849496681233,0.21789492125447915,,0.21799565745582913,0.21825175799709948,0.2182747955917949,0.21858162519922614,,,0.2185359802085065,0.2182684974466569,0.21761752909143106,,0.2184907668493056,,,,0.21794830131598225,0.21847895910382456,0.21790700750632022,0.2175017014018317,0.21752997754210857,,0.217936234556033,,0.21749471302299153,,,,,,0.21867270585011758,,,,,,0.21789344702013042,0.2179352402818139,0.21795936456182688,0.21799344147319502,0.19907001463639948,0.1989906727633296,,0.19901451594388306,,,,0.19934775924185613,,,0.19902439279836484,0.1997283017974075,0.1993718343186727,0.19965839481737463,,0.1993359320677907,0.19936688340695954,,0.19944992822928334,,,,,,,0.198682278977183,,,,,,0.19864698311969406,0.21697377871720425,0.21805569364058283,0.21748558695080367,0.21782827574944624,,0.21792597278898362,,0.2178603528071678,0.2174122476613146,,0.21766683861712371,0.1989037166303797,0.19880154241048903,0.1989407980816945,0.1988062068093698,,0.19890997101278732,0.198259369917834,,0.19894301566838266,,,0.19884128238645654,0.19849664920158025,0.19858156768400187,,0.21716633065097668,,0.2176848333016227,0.21747284008612344,,,,,,0.2175326360279301,0.2179872954896559,0.21759945682046883,0.2173738122099186,0.21851602488887423,,0.21786135779569626,0.21799198278476803,0.21753795468382753,0.2178871923334552,0.21840310557639153,,0.21760736807500125,0.21783119267799686,,,0.21798592120769883,0.21784584065566587,0.21784832904603388,,0.21748090390364072,0.21793326687886924,,,0.19883409520904594,0.19839218290971875,,,0.19834190281749356,0.19802401668238678,,0.19899069621442303,0.19864179877376614,,0.1986736497043491,,0.19857189684695617,,,,0.1990262279246348,0.1995029762474476,,,0.19886971856579314,0.19888633424472285,0.19917920369629727,0.1988448222514893,0.199175978735629,,0.19875725923374643,,,0.22802694113419295,,,,,,0.22730023873514363,0.22393723912117303,,,,0.2237241981140414,0.22368464286740994,0.12770009370025523,0.1273132999383005,0.12758193030411152,0.12608969748763793,,0.12605649764154428,0.12282156879972955,,0.12304855271823566,0.11947738955076874,0.11969294833464524,,6.226304191944019e-05,6.206505495822807e-05,,6.261344427543352e-05,,,6.309545009284512e-05,6.285719661821689e-05,,6.295923101733638e-05,6.30379240319899e-05,6.296303802263337e-05,6.2954447060062e-05,,,6.295630845365908e-05,,,6.31316895050539e-05,6.289207814920497e-05,,,,6.294380954572082e-05,6.295419945220216e-05,6.28808950867932e-05,,,6.288112827656499e-05,6.294328215379609e-05,,6.294231210706424e-05,6.296811272554567e-05,,,,,6.362813587864772e-05,,6.380962715397656e-05,6.374425954862392e-05,,6.318777993943212e-05,6.409989324426471e-05,6.39026518106525e-05,6.401205352889094e-05,,,6.38987408172482e-05,,,6.401638723304403e-05,6.378983483360876e-05,,,,6.37401162682337e-05,6.377001635082602e-05,,6.374083787172973e-05,6.364308969413757e-05,,,,,6.360162554268891e-05,,6.370345823956089e-05,6.360433642070418e-05,6.375413394578669e-05,6.362462663574376e-05,,6.387485213288854e-05,6.368334003863723e-05,,6.352340562592389e-05,6.373873866978887e-05,6.382862276691758e-05,6.362424067607663e-05,6.375610249765982e-05,6.359577057038696e-05,,,,,6.385021934600933e-05,6.379653385157637e-05,,6.372473714495594e-05,6.381967356455165e-05,,,6.357159409710576e-05,,6.37141399347697e-05,,6.345259689488836e-05,6.38379378305317e-05,,,6.363750621701339e-05,6.364647254568675e-05,6.365893451500233e-05,6.378055654485094e-05,6.388970641847505e-05,6.385813741654953e-05,6.364344927953336e-05,6.358653011966867e-05,6.369133507296991e-05,6.376107825087896e-05,,,6.351056142716419e-05,,,,0.2622520705500628,,0.26291701726075756,0.2627588016770698,0.26270640860585226,,0.2624786334861549,,0.26292118104587253,0.26228494852314566,0.26187837671731223,,0.2627749149211671,,0.26327267271725296,0.26218113599322584,0.26229190769837385,,0.26268968299006,,0.26269613533132324,,,,0.2626709929910607,0.2616504874671751,0.2620746670842104,,,0.26193498455597447,0.26316130840832713,,,,,,,0.26258582860282476,,,,,0.2609670092924182,0.2619422973566504,0.2615553092374531,0.2615577029518146,0.26126214558322824,,,,0.2622541576287413,0.26158005200191464,0.2624160794037618,0.2624247814349733,0.26227416351126515,0.2623637486536332,,,0.2625768321905891,0.2626796067617273,,,,,0.25813210931869396,,0.2617596990111249,0.26311903378048807,,0.2616768422945669,0.26196368740603776,,0.26256329032078374,,0.26288534045349116,,0.2630084277970453,0.2624931057409757,,0.26190157462919206,0.2622852515101284,0.2621362756640835,0.2626289738147323,,,,0.2626487909850279,,0.2622803599002147,,,,,,0.26275947352074064,0.26218793169980437,0.262861420173916,0.26314030730112964,,,0.2630032183601522,,,,0.2626495313965014,0.261767168439508,0.2618310892575305,0.2619540836929834,0.2612679560197382,0.26227521168232465,,,,0.2623149167719892,,0.26223008173494056,0.26114506374296936,0.26161687680477136,0.26146207283322725,0.26113594413926766,,,,,0.26174024041037225,0.2619614322385441,,6.19309308773065e-05,6.191338998351528e-05,6.200397305734388e-05,,,6.214630237026816e-05,0.5086236454964567,,0.5049239093494289,0.5046854630448699,0.5046687877229131,6.345187025555017e-05,0.5488826761321391,,0.5494789410835377,0.5486557489395649,0.5461501533751472,0.548274736944851,0.5472973785093727,0.5469654143746819,,0.5484727590774796,0.5467136722373308,0.5477994492286861,0.5478480435883228,0.5483319291925659,0.5464274864637102,,,,0.5489198346039177,,,0.5495650586228152,0.5469242182704582,0.5471929624759805,,,0.550003582027401,,0.5477430197153454,0.5496147411928496,,0.5495266934691353,,,,0.5468601157245243,0.54836702667151,0.5494298146168398,,,0.5488291218109335,,0.54855654375405,0.5483054298302086,0.5501376757955693,,,,,,,,,0.5500130439043011,,0.548037343241781,0.548559244458502,,0.5476846974629248,0.5481303933069288,,,,0.5472779294250949,0.549164775179131,0.5481767386289879,,,0.5468728759016301,,0.5468541475437717,0.547951166640713,0.5486881980591913,0.5490455451424034,0.5490715241969504,0.5482895812999237,,0.5491022641714548,0.5475183079166077,,0.5471097881552144,0.5478628203846845,,0.547840194037846,0.548866045404271,0.5490772049783466,0.5482877037611262,0.547195469108779,0.5500862631997425,0.5478283151987156,0.5473225168256357,,0.547338237014098,0.547982411482336,0.5485981450392294,0.5486190261734769,0.5479224412200664,,,0.54717611933487,,,,0.5500463028824794,0.5487809998077774,,0.5475000409147655,,0.5480337356852065,0.5483603139345001,0.5470162694321684,0.5482665720530626,0.5484664578930546,0.549569304715682,0.5462838268117943,,,0.5490533170212996,0.5496318235416956,,0.5483402441362567,0.5484370618644425,,0.5496614610450486,0.547610203670913,0.5479305872342153,0.5498014667943415,,0.5468345159221908,0.548883966446051,,0.5493109801771552,0.5484016764020274,,0.5497037848150432,0.5498271329622076,0.5471692099173596,,,0.5465849473380918,0.5485759662453251,0.5481374173655283,0.5497115602106166,0.5469312374531564,,0.5489886610266129,0.547049518173054,0.5485600981591056,,0.5488199981678283,0.5494949905619886,,0.5481564726074024,0.5498111205693037,0.5483231055357908,,,0.5492592259773135,,0.5491266637469449,,0.5478720508292532,,0.549213505251935,0.5466234970605203,,,,,0.4537269660206754,0.45315036020187643,0.5078584378994105,0.5059357370497927,,,,0.5495170431203409,0.5531961267197347,,
4,4,DG_8pct,16,Z09_F10,9,3PH,175065,181998,True,4398.529567747044,4399.851120564721,4396.261123155025,4494.381118137447,4461.887040592231,18.13577398969004,3.091368517233522,4487.817468749916,4.087544239692267,1.7230853334312743,1.7340168375513354,1.147643149808238,0.034175553952379,8.200874459027467,12.180887612033771,4.268960891108582,10.344325380320145,3.9347846882473037,7.3527706695944826,1.1936380220496283,0.7172371787606117,0.7183402579322732,0.7164243512602707,0.7208948536834583,0.7220794498720854,,0.6480294050508782,0.5499721597856521,0.5475219791076389,0.5489631793747132,,0.5538296571164008,0.5535002218092321,,,,,0.552924019751299,,0.5546459954727674,0.5493337685473282,0.5491261088480842,,0.550226816640071,0.5497875947905648,0.5475798671497082,,0.5418675934785836,0.5431784686983031,,0.5514116790786953,0.5503061991574575,0.5507961798189045,0.5509423312345897,,0.5215010171538838,,0.49789783127701315,0.4976614873705448,0.4917961712084118,0.4911100346119112,0.49062354566944694,0.49184685724073707,0.4934932524328896,,,0.4927613398224712,0.49361146567765357,0.4929063217442062,0.4932669547426593,,0.49252343755735595,0.492696102049009,,,,,,0.48898322484690954,0.4872934380968276,,0.47820490587223896,0.47733876133032294,0.4780617064608593,,0.4775398180142196,0.4770243523049323,,0.47844367821450673,0.47795892434549153,0.47715181180027,,,,,,,0.4777105852632826,,0.4786718422795108,,0.47825292060835306,,0.4791252224041306,0.4786076978830601,0.4408800533100501,0.44193165395707473,0.4405616946358064,,,0.1446235766361326,0.14434970752198684,0.14474281789770188,,0.14458440089616026,,0.1461654488899111,0.14653919026790957,,0.14625503478774482,0.14605834349689403,,0.14641457275347564,,,0.14646658866013906,0.14637724320570178,0.14630466044257912,,0.14658831603174793,0.14597168686472833,0.1465060563032229,0.14593868720534878,0.14616121155128495,0.14621010839569018,,,,0.14624271738273986,,,0.14637930728303725,,,0.14588842566364896,,0.1464538508190637,,0.1461086096287567,,0.1462525228302143,0.14647862575168638,0.14608569706168661,0.1462827522237204,0.14671429209809494,,0.14637293337652887,,0.146588259445802,0.14615176872039445,,0.14641617241909413,0.1460035363031948,0.14632564126595413,,0.14620750061670035,,0.14673083532779532,,0.14617344158935228,0.14577770355253145,,0.14626649552404292,,,,,0.14603337006884212,0.14608730786546806,0.14619774978607286,0.14614546255472444,0.14622393507078324,,0.14622905680466897,0.1468865924715645,0.1460630233293767,0.14598736505762405,,0.14613391739495474,,,,,0.14597011308675775,,0.14644094723243667,0.1464377712464617,,0.14634170882050135,,,,0.14580388534779218,,,,0.14631469995768712,0.1463843870937342,0.14653319312310026,0.14622902655012718,0.14628823923101195,0.14621776562243763,0.14613863259998014,0.14595132776954428,,0.1464846767019496,,0.14680281639903467,0.1465015334616535,,,,,0.14651653251536517,0.14660669496306916,0.14646967816220327,,0.1465035606267541,0.14638787073716647,0.14606908861509052,0.14647906685050613,,0.14645548436809377,,0.14636863908468709,,,0.14650257975537403,0.14616222691383363,,0.14604509290895598,0.14688868905331276,0.14614932670930136,,0.14628663613469015,0.14620247656383029,,,,0.1459596872989255,0.1465046848650864,0.14606000782073342,0.14594383319271223,,0.1465742281456319,0.14622632695216117,0.17939843781142703,0.17949033707377174,,0.19585514040574606,0.13107928592048615,0.1306420973712233,0.13053250127478938,,,0.13062509481437834,,0.22319398567997717,,0.22267342308583724,,,0.22266286900170915,0.22272979449912209,,,0.22313380387642665,0.22300394537259705,,,,,,,0.2220521668880642,0.2228651808439089,,,0.2231075252011229,,0.222473423746686,,0.2223513023734434,0.22320831452700324,,,,0.2223494167103436,,0.22279489255743817,,0.22273660109933946,0.2222189354038831,,,,,,0.20429660748714498,,0.203740673318662,,0.2033441585554357,0.20370468359370336,0.20370757732457684,0.20441627804491364,0.2046097143993148,0.20491286162869055,0.20468120224730366,0.20382303346925365,,0.20435894106425564,0.20436329024727062,0.20455785560200093,,,,0.2045363837813122,0.20379767531722243,,0.20392598561953207,,,0.20344226168631094,0.2036230142441472,0.204751548775722,0.20437087488426645,0.20345091162437987,0.20437080370360144,,0.22265097817282406,,0.22221553601316357,0.22266373068504805,0.22222909000066873,0.2225746319434358,,,,0.2219662172706652,0.20362437982700618,,,,0.20331153438298064,,,,,0.20342953273603245,,0.20332018952964728,,0.2035840765511077,,,0.22264528068547682,0.2227293196035703,0.2226016460154589,0.22184700474656996,0.22237033500408931,0.2221268866209155,0.2226170354981883,0.22185054959028216,0.22244886002827785,0.22293135578521828,,0.2227793593905854,,0.222750375113307,,0.222614556176644,0.22232226600985286,0.2222906027682895,0.22248730724939908,,0.22273862243329973,0.22263904838243984,0.2225540026408376,0.22247614334515955,0.22275139815810585,0.22291088786718416,0.22282290815690173,0.22274051416549664,,0.22202553802368166,0.20380114939473223,,,0.2033657964840562,,0.20375987537405355,,,0.20339749142145594,0.20466149468171632,0.2039461594635746,,0.20439437985307088,0.20359359795377913,0.20334274898705662,,0.20396599980761082,,,,0.2039013321458292,,,,,0.20358054998034114,,0.20343422024966523,,0.23349493587244183,0.23273625406926146,0.2331119453970468,0.23303524795987662,0.2324984505159573,,,0.23262466988749736,0.23280565807625425,,,,0.2282752731104183,,0.2275888988816911,0.13333908276294512,0.1331170924349334,0.13267666960696048,,,0.1314011285051375,0.12846145299844147,0.12845592933205208,0.12872941221880174,,0.12486949018482053,,0.006414213781059549,,0.00640024471462759,0.006480062281024464,0.00646993544681404,0.006464798476552929,0.006471532447432703,0.00648196961437565,0.006475593453577758,0.006493507518424431,0.006484823725626009,,,,,,0.00649006946466393,0.006518168267415298,,0.0064711129593056915,0.006492923890600197,0.006490847463556029,0.006483080341118809,0.006490850097431266,,,,,0.006500420507183686,,0.006489257536130762,0.006474853728859956,0.006476802873947646,0.0064852775043769,,0.006485096173749341,0.006501486618191655,0.006562740888999095,0.006560214600895817,0.006573816817384915,,0.0065765904810750645,,0.006598963057808208,0.006608868455412429,,0.006579501376946225,,,0.006586286779026643,,,,0.006602668841329068,0.006567516543962163,0.006595962608078052,0.0065685183664603,0.006568191519587278,0.00655903878186119,0.006567627725066248,0.006583800473304825,0.006558846802124265,0.006570961873178833,0.006572681061547752,0.006566437717232209,0.006580451770790326,,0.006566985121822185,0.006560029252619596,,0.0065847472343218034,0.006561951875417915,0.006549943105953088,0.006572591692557851,0.006568194473170925,0.006570975889316241,0.006562957935737441,,0.006569166525850042,0.0065473518392435825,0.006572908961849936,0.006557622776913167,,0.0065661206523706635,0.006571591560049352,0.006566229290784266,,0.006556287925859317,,0.006570796309885443,,,0.006574525032149117,0.006565139320819523,0.006560498335677707,0.0065541614391799105,0.00658595722491407,,,0.006544867706994795,,0.0065562357358119475,0.006559664818260856,0.00656070068631222,0.006564846536901612,0.006596042135181276,,0.006562449686615447,0.006579100238116365,,0.006574198563047133,0.006546147463697642,0.006574505063479454,0.006573407203313202,,,0.2672121141840687,0.2668254341758347,,0.26739498660992017,,0.26718762040989724,,0.2682875711033612,0.2671134172710006,0.26712633613811326,0.266449328473395,0.2671237133571122,,0.2667715602525371,0.2670321405519493,,0.26758611723467934,0.26631290856809936,0.2665750471616265,0.2672819515665449,,,0.26711768520688756,0.2672833857654683,0.26749022655886256,0.26697887280778215,,0.2663776847506169,,0.2662282849291708,0.26792831022664854,0.2680246108856519,,0.2676715013535431,,0.2672833254885869,0.2670230261111809,,,,,0.2668328512232292,0.26576685986143894,0.26592665769279655,,0.2663427047104023,,0.266495959665462,,0.2661974943663081,0.2665626026583692,,,,0.2655605934476927,,0.26737437355502913,,0.26636238661722017,,0.26805108041043535,0.2666171917831409,0.2662858834188296,0.2660288150564624,0.2631678836116502,0.26614372863720287,0.2663343217753355,0.26644146094612076,,0.2665176001864957,0.266937306262657,0.266733679641562,0.2657328619245406,0.26671638772276407,0.2671199680163249,0.2666514163069536,,0.266785081636295,0.267161844314584,,,0.26681798680932856,,0.26674685516643876,0.2673672322176204,,0.26739973286640234,,,0.26768080433740343,0.26704281795245727,0.2677527979274647,0.2667491096062223,0.26710380675565354,,,0.26815232608199224,0.26672268447324843,0.26719976160273307,,0.26786492604616,,,0.2669515776394274,,0.2666449030535751,,0.2667966647871553,,,,0.26547655549445315,0.2665549600291157,,,0.2657838226634392,0.2661583966939267,0.26594197704893496,,0.2664564460502061,,0.26677007315185364,,,0.26706247098609326,0.26686008249472304,,0.0063890910962605026,0.006365728614920059,,,0.006402260579393383,0.006385223538714958,0.5104398284277423,0.5766773504594537,0.5074447327567523,0.5094027777446892,0.508504997557103,0.006564699972345564,,,,0.5501273908219925,0.5499415196359334,0.5508521400362253,0.5505928275654992,0.5493348690327677,,0.5504711597134835,,,0.5491806287435934,,,0.549451661990512,,0.5518096841091619,,,0.5503125233696042,,0.5510701646371232,,,0.5504731207477844,0.5509127850415468,,0.5499576019326293,0.5494863004921119,0.5515658705532115,0.5492446085791531,0.5500716687758511,0.5504099485539253,,0.5495742458128718,0.5485707340399901,,,0.5484655706535352,,0.5501121779948858,0.5510085039413735,0.5502922938386138,,0.5512580499112959,0.5503432488821298,0.5493459485827743,0.549468091758215,,,0.5509279704708001,0.5505561978116436,0.550883358354051,0.5500018827180431,,,0.5502756337496594,0.5522521539796561,,0.5486494825667623,0.5510112424375494,,0.5507920026601228,,,0.5491670170189321,0.551529645945831,0.550507903501081,0.5509227615519914,,,0.5516791154080833,0.5520376954708732,0.5503363588037741,0.5514861060566805,0.5489737266645159,,,0.5517418237558872,,0.5515079387900687,,0.5502547691205634,,0.5500930945299206,0.5508774516490916,,0.5493733880564667,,,0.5500698536928066,0.5501655696323738,,0.5502636046005626,0.5516653698723881,,0.5509088810945895,0.5506053876781546,0.5501960698698706,0.5508365476867747,,0.5496151414343285,0.5501327109031255,0.5516039857573045,,,0.5491578333682922,,,0.5509770573049515,,,0.5499840489274785,0.5498644211938611,,0.5516654589967639,0.5499700803280295,0.5514943240554562,0.5504506126679981,,,0.5504480635639037,0.5512127482214838,0.5509748432953043,0.5511139740269722,0.5516739320130668,0.5504081071221344,,0.5520228838815819,0.5513754910322294,0.5510950460463689,0.5508341290540127,0.5490230527933718,0.5518741898728798,0.550759666184008,0.5489972945106137,,0.5514024355948898,,0.5488220029566637,0.551147321513666,0.5507380201642719,,,,0.5506570303192544,0.5512845269136197,0.5502833068870512,0.5495387401169892,,,0.5496329435336859,0.5501033257301301,0.5497558997070554,0.5515020012818017,0.5503987482318599,,0.5507122982276722,0.5519482121006382,0.5509504009630726,,0.5511522220967507,0.5508402237629849,,,0.5507706169605843,0.5504866056158793,0.4573140418670313,0.45704265724344617,,,,0.5093502111166233,0.5545190235137635,0.5565221720406283,,0.5549843034201613,0.5532276081811281,0.5533448689841691
4,4,DG_8pct,16,Z09_F11,9,3PH,175064,181996,True,4413.901599516016,4423.884514169304,4437.675607893487,4506.230169323192,4491.04928604459,17.703724902892652,3.009176483985278,4492.48990857732,0.03954157620704879,0.016665419468151935,0.016698816401498482,0.011041327354358851,0.00033236222808511476,8.063159531769433,12.05553431956673,4.177349570449579,9.948333115145351,3.755682458095313,7.006758227362794,0.011493672617887694,0.7175601354912902,0.7150042802539797,0.7159392085555989,0.7223286839939331,,,,0.5454285195877009,0.5470296704842542,,,0.5525341756511161,0.553810588373132,0.5526461124847993,,0.5514617043998367,,0.5542103177922948,,0.5531563529544036,0.5460568958076063,0.5473053623069505,0.5449013518453606,0.5481147919032134,,,0.5404213153786899,,,,,0.5483611258229748,,0.5474702796550228,,0.5198768606851868,0.49539561726597714,0.49434568714630966,0.4941653126269472,,0.4882199074770568,,0.49134178176200893,0.4900682658161752,,0.48905601343242955,,0.4911205465175473,0.4903744166060042,,,0.48951215462658765,,,0.48860048324547595,,,0.48414089410323496,0.48373318465753856,,0.4831757596328553,0.4745929291769446,0.4754720814748726,,0.4742447994546239,,0.47408503441370914,,,0.4751323788081069,,0.47431097035985775,,0.4758490651335427,0.4735611547979445,0.4750518782115586,0.4749297396144173,,0.47444641988575176,0.47479634199819887,,0.4752808646780058,0.47519722486019345,,0.4754848857845033,0.43820434387395507,0.43774481138968074,,,0.13940828925035292,,0.1392574693022612,0.13927196917059562,,0.13913714873543434,0.14052755144331183,0.14096442410029972,0.14101308123574724,0.1408905435375088,,0.14086470445680796,,,,0.1411425866584846,0.14093394845488866,0.1411288364905884,0.14086437462325782,0.1410725353308242,0.14046164433351685,0.1409170054826286,0.14037493094466827,,,,0.14096603531950944,,0.14060583385639508,0.1411819664402053,,0.1408908191510663,,,0.14050500473218802,,0.14091565284569937,,0.1406245463935074,0.14094747285703565,,,0.14080386216588886,,0.1407055490854604,,0.14096444466468264,,0.14029799915912863,,0.14115236476486764,,0.14078219967311636,0.14083309197965851,0.14075015589542686,,,0.14081045639151807,0.140692125468107,,,0.14085807031372483,,,,0.14095954488013088,,0.14132294205164342,0.14068931582810373,0.1407292550360475,0.14065189842161924,0.14054625020742886,,,,,0.14047349026930472,0.14102304246000946,,0.14088276873098665,0.14091729643426817,,,0.14097031156371628,0.14059260660502854,0.14059460336238822,0.14041052102902346,,,0.14106819438310322,0.1408521482012237,,0.14039500560166318,,0.14085379288955066,,0.1405020663404394,,0.14093466702147,,,0.14101774695191482,0.1407084687247195,,,,0.1405369059846481,0.1414452421370627,0.14121474688873312,0.14099570944361012,,0.14141702727514371,,0.14112124641003063,,,,,0.14105749055224515,,,,,0.14107997095867217,0.14082422542328316,0.1411812611239274,,,0.14101979138730533,0.14078255745327725,0.14124357626890624,0.14105419198820976,0.14067114712563267,0.14091340184542378,0.14051867915245542,0.1411810274941119,,,,,0.1410047032152349,0.14051128442986227,,,0.14123973989362762,,,,,,,,0.12504642579029165,0.12549616210943895,0.1249040104551279,0.12485247789921866,0.1253168655065637,0.12492212054629041,0.21800541432978,0.21793702091927497,0.21831737731832487,,0.21798551397213506,0.21701384261367027,0.21806726361632503,0.21809465620560384,0.2181550231941175,0.21784331791931694,,0.21820940049948054,,0.21818378248749742,,0.21743162155829537,,,,0.21736107748663125,0.21797153587810003,0.21799028776292736,,0.2179587761296464,,0.21770479018115996,,,0.21743925010916113,0.21815102702983416,0.21815013900522193,0.2182747651112404,,0.21828250484511014,,0.21789801316443602,,0.21741648295713253,0.21777623879830046,,,0.19890814792591974,0.19937272853575516,,0.19869724423306026,,0.19882031738433273,,0.19904752115809543,0.19919636520708328,0.1992986705851498,,,0.19868359773553537,,0.19942969810590486,0.19940791960787183,0.1997893723753981,0.19903182129471303,,,0.1985030760254078,,0.19953108844465137,0.19858368254453376,0.19849558092954872,0.19932905853587868,,0.19892688687826895,0.19909002287166272,0.19916880306581905,0.19924673581006005,0.21781765655471932,0.21803035044390265,,,,0.21795387016524823,,0.21748490582244162,0.21763647706197445,0.21789966235573838,0.21722261968550854,,0.19831069806205884,,0.19859992215006828,,,0.19882683289963188,0.19851879726794752,,0.19934049568410656,0.19900744175932317,0.1983527120741112,0.1980730467166683,0.19913189050639804,,0.2183032261012805,0.21743689606275335,0.21726237603827744,0.21745339020425294,0.21788016897145288,0.2172999502859412,,0.21760241745903144,,,,,,,,,0.2177190880130347,,0.21755978668958875,0.21773751778221678,0.21767924153940274,0.21830464581802206,0.21738092304118162,0.21739205098463601,,0.21747055232530405,,,,0.21740490386389122,0.21764483746081925,,,,0.19865694126726785,0.1982459588808621,,,,,0.19847897784470878,0.1987865636835994,0.1992230568990171,0.1987661425066555,,0.19889234215598514,0.19855076821170747,0.19935592583230802,0.19865513754418068,0.1989783812117474,0.1986382393220022,0.19873363061980365,0.1989704984134715,0.19853255203477757,,0.19973719261881065,,0.19898646807077852,0.19912893506911447,0.19863406129064692,0.228086425241728,0.22801288288485716,0.2282092145499601,0.22857966013405626,,0.2278865398906434,0.2282045631148804,0.22790645662018025,,,,,,0.2234342025618327,,0.1275389841198525,0.12744917659880464,0.12747628330825977,0.1259230795387358,,0.12590060261995376,,0.12303239653398226,,,0.11990119738637463,0.1196201089004216,6.211868144083936e-05,6.215335680557106e-05,6.207896599609541e-05,,6.263427873960717e-05,6.261427416060206e-05,,,6.284299646559479e-05,6.305230807838577e-05,,6.291244889871326e-05,6.287033747286327e-05,,6.316900128029293e-05,6.294308259559627e-05,,,6.336698691420268e-05,,6.282086107412174e-05,6.295648212979213e-05,,6.28074388708238e-05,6.284694659048688e-05,,6.286839377490252e-05,6.291711148756706e-05,6.297081905155018e-05,,,6.295488839611281e-05,,6.288689687846674e-05,6.290821305643472e-05,6.295148156194626e-05,6.295852786468686e-05,6.384507525487092e-05,,6.381221890129511e-05,6.36991005857205e-05,,6.33676463109329e-05,6.402934357149114e-05,6.396108757417906e-05,,6.390794495861732e-05,,,6.396670802179742e-05,,6.424716187218706e-05,,,6.401753847272555e-05,6.371036286222579e-05,6.38103362951131e-05,,,6.374187640790615e-05,6.369298445034558e-05,6.379838439998613e-05,6.370364441496483e-05,,6.385117584508302e-05,6.364431496329423e-05,6.383943856495641e-05,,,6.385983659616414e-05,6.379868973906484e-05,6.367082570373685e-05,,,,6.361103484086397e-05,6.35889573191647e-05,,6.377655970261696e-05,6.365386340781236e-05,,6.352550940126507e-05,,6.353651942126676e-05,6.355283570179774e-05,,6.372507454712073e-05,6.368978165681576e-05,6.366980254682247e-05,,,6.365851060328726e-05,6.367310425511792e-05,6.368512198128522e-05,6.398226694383855e-05,6.370309842960454e-05,6.358411979554801e-05,,,,6.377168829510095e-05,,6.371673978126391e-05,6.375691429044826e-05,6.368583117600987e-05,6.374570855173608e-05,6.365772030554609e-05,6.369080067179276e-05,6.390852298338301e-05,6.364832883879477e-05,,,,,6.376028101871985e-05,,,0.26230117943890013,,0.2633105723556774,0.261414860176712,0.26301956763711054,,0.2628512149523341,,0.2617232831243631,,0.2615972418412658,,0.2630807012041876,0.26317779617461085,,,0.26213667171460936,0.2619249048917818,0.2624710491524097,,0.2622879343564084,,0.26200943676160915,,0.2618492828101542,,0.2622580910282928,0.2621673194771157,0.26252531554255737,0.26214801868959897,,0.2621261061772114,0.2635140467364943,,,0.2622071603902382,0.2631984197111195,,,0.26113518650734024,,,,0.26187794949255794,0.2616445692083912,0.2620052531917726,0.2610887173074285,0.26170733302434346,,,,,,0.2619409945851213,0.2629998733893629,,0.26296856835002136,0.26311730619842894,,0.2621854844985272,0.26193321741026576,0.2620335662017347,0.26222616404651505,,,0.2623544582929034,0.2618795758547292,0.26213366268969895,0.2619275004935718,0.2627939740384867,0.2618297027716591,,0.2618545237986377,,0.2627875592323588,0.26267783794987826,0.26209753083719656,0.2623500514601807,0.2622266575106917,,0.2620139037045524,0.2621500781435421,,0.262684785169644,0.2624481117509119,0.2625077433553049,0.2619932886277684,,0.26244006599673525,0.2626410909738112,,,0.2620635780183977,0.26239415499267377,0.2625769771729611,0.2623753777601799,0.26277214448868325,,,,0.2616866125934785,0.26198230024417385,,,,0.2626591086478413,0.2622854049251641,,0.2632263860536389,,,0.2617311678535638,0.2618266916602542,0.26179792208677927,0.26232071952194086,,0.262271241140738,0.26238343384751805,0.2621566657822483,0.2624942738645196,0.2622979588232799,,0.26160819494016496,0.26214139693835564,0.2625681273373309,0.26164566887251967,6.195548484749826e-05,6.207860665561035e-05,6.222877151059509e-05,,6.194035032567512e-05,,0.5081968694983451,,,0.5048915142151575,0.5053131020509303,,0.5480123019937715,0.547881922759245,,0.5478189471403395,0.5501902247464561,0.5478508393410496,,0.5495585157199305,0.5481309128449273,0.5490976680099275,0.549295263979357,,0.5478409497755304,,0.5478426545335767,,,0.548261303671658,0.5468269288503854,,0.546340938958677,0.5495799032050308,,,0.5490609843008246,0.5474807734761966,,,0.5476506013866905,0.5477597143215849,,0.5491112406029502,,0.5482141676111921,,0.5484488873435169,0.5481837998586153,,0.5499036895314481,,0.550072684441634,,0.5475295892074106,,,0.5487152520356561,0.5479115951655439,,0.5496963087656166,,,,0.5485438410404375,,0.5474927573909304,0.5485604995033293,0.5464896372053684,0.5490106690518067,,0.547758810772548,0.5475294036337625,0.5476289112635195,0.5472701531800132,,0.5479396760796897,0.5477197775638729,,0.5492928205016117,,,0.5482046244731105,0.548750200975443,0.5482988630750184,,,0.5489128766619505,,,0.5477090939312801,,0.5481643566047745,0.5481293373054488,0.5484121865342043,,,0.5478269435200293,0.547945750944512,,,0.5487415475086465,,0.5479077792342004,0.5485904714932458,0.5496153382179902,,0.549155551043892,0.5483711778494683,0.5465102981617445,,,0.5477993228700312,,,0.5469237709152784,0.5487417843612458,,0.5476637072160301,,0.5485505457907336,0.5471253964164889,,0.5492630213950961,,0.5475553343237463,0.5476470537216178,0.549439613378501,,,0.5481969432536422,0.5488007313562936,,0.549235316262347,,0.5469519316971685,,0.5492365027456128,,0.5473125908104853,,0.5485629717170657,,,,0.5490429839189847,,,,0.5484999030473586,,0.5486487562602447,,0.5475614913369351,,0.5480392884668502,,,,0.5480657106744579,,0.5490388340278637,,0.547579664783274,0.5485398456726971,,0.5469656807608855,0.5491490115675624,,0.548257856230381,0.5471364226325737,0.5482430494246832,,,,0.5476891463242578,,,0.5489126283898429,0.5480293041115983,0.45406574019595486,,0.45559614731202974,,0.5070408251943639,,0.5518027767389789,0.5537139827238567,0.5521359485763019,0.5542284880982059,,0.5517640060755877
4,4,DG_8pct,16,Z09_F12,9,3PH,175063,181995,True,4514.471541626239,4519.705862816024,4526.815763936276,4592.937804442219,4594.885769058465,16.620535287055116,2.7679412463601945,4579.192406185906,0.04023896348267898,0.01709138348056956,0.01710369288648779,0.01134907507854997,0.0003398540430182939,7.920507630603278,11.761269102113458,3.88772162261587,8.809933235907685,3.3538585253041284,6.167820946149219,0.011758925415688657,0.7145059430896955,,0.7131938046750851,,0.7150091043868796,0.7165488718043852,0.6412258307459363,,,0.5392299603934702,0.5410561794850391,,,,0.5442288356243135,,0.5456353425103948,,0.5450981198144044,,0.5386905996580853,,0.5380146268308704,0.5408252135636266,0.5405760355633547,,0.5319055819406561,0.5329849814507237,0.533650893934797,0.5430365475719001,0.5414127613631332,0.5401461546798876,0.5418961292795473,0.5397803079035748,0.5418139616825492,,0.48622434719893776,0.4872670933270967,0.48870173959719393,0.4792426180878933,0.47964735625255267,0.4799833958111882,,0.4824879735711015,0.48228644156535266,0.4819149774931618,0.4828061648123719,0.4808174269875777,,0.48271945828062574,,0.4805677821464662,0.4812291767773796,,0.4821346999751404,,0.48126710904705294,0.4737856820286149,,0.47668345885354274,0.4755691038883286,0.46543423184891364,0.4658761520762821,0.4655093121509415,0.4661970550538337,0.46702187444450977,0.46751454444056556,,0.4663073180707124,,,0.46601859144382596,0.46511460855016634,0.4655284212146256,0.4661323591751368,,,0.4655588300644049,0.4663080660129946,0.4667155379716095,0.46709732958767675,0.46721901457552434,,0.4657128137069267,,0.42766662370538305,0.42874198402296515,0.4285624503289544,,0.1238316711061401,0.1237580117354511,0.1238150883904553,,0.12369073776089877,0.12375374768568008,0.1252261961485369,,,,0.12527592268235913,,,0.12500474782761806,0.12505253058369337,0.12521018156137906,0.1253172004088307,,,0.12500732339231613,0.12504988381569754,0.12467368281416646,,,0.12498235946636195,,,,0.12511341695841927,0.12526717299240717,0.12514063665942474,,,0.12516613864385853,,0.1251804571489847,0.12485483714421614,,,,0.1253837043050217,,0.124940226794074,0.12452026885885674,0.12482079458638055,,0.1252305805561616,0.12506627519059824,0.12515974421811357,,0.1252658915055754,0.12522567088582684,,,0.1249564823618194,0.12528084934213035,,0.12504801018800632,0.1252431444106473,,0.12470585229200547,,,0.12516193384418253,,0.12495734887179827,0.12483850383055885,,,,0.12518476376689502,,,0.12489917012347801,0.12530020134839223,,0.1254437857539086,,0.12468185027015095,0.1249041351059728,,,0.12512895861377998,,0.12547906152883273,,0.12476659257515686,0.12491491242156633,0.12517826550509523,,0.12484679948352928,,,0.12513584647985626,0.12514101804717717,,0.125121063598191,0.12522854919978166,0.1251051284931788,,0.1250364389002902,0.12519249884627462,,0.12535234874050405,0.12501155199943775,,0.1251723814358107,0.1254708884646632,,0.1256760982300761,,,0.12540713120123662,0.12495526940386388,,0.1252746715162818,0.12484926424160801,0.12512960114953753,,0.1249985994929545,,0.12545574701702,0.12494123262552266,,,,0.12513124280630916,,0.12507447876622071,0.1250564550245779,0.12540214179891357,,0.12525766688967993,0.12493918020606927,0.12556087723953196,,,0.12518682500004324,0.12553328171704026,,0.12517117500144456,0.12539048092634575,0.12526041638131122,,0.12558363001645623,0.12494575931455269,,0.15964845662415256,,0.15957844158236764,,0.10948855458150841,,0.10908212342099415,,,0.10934124489123215,0.10913722946948708,,0.20366896426886041,,0.203772121179915,,0.20391448648988109,0.20319922434943416,0.20364476788970798,0.20392032815163869,0.20420252081557697,0.20376543142633544,0.20399882450226134,0.20356851149000002,0.20409821377814497,0.20343909992965015,0.20365084809727976,0.20325116496567697,0.20357388532294335,,,,0.20380244361575214,,,0.20350782758653665,0.20382523525950902,0.20346142982975884,0.20322652811992292,,0.20315504519481467,0.2037422392511553,0.20386650661615807,0.2037118576186877,0.20368827130982145,,0.2035715156452466,,0.2034706706637094,0.2039658669824107,,0.18458446154459301,0.18438236810040637,0.18490146081728023,0.1847039968533085,0.18429329699444338,0.18455913721573505,0.1841943897161196,,0.18503861340757966,0.18501018018885437,0.18542462383789005,,,,,0.18522856126721654,0.18448444585027665,0.18488120100521457,,,,0.1843195720978825,,0.18430112372832308,,0.1843557326390921,0.18481605264007384,0.18468132816978988,,0.18431623209504502,0.18427603270846024,0.1849707614523932,,0.2041927179706424,,,,0.20339851575351167,0.20341097055044435,0.20321564989055904,0.20360897919655785,0.20357642119575406,,0.18423542548068964,0.18432338001978077,0.18416087682684992,,,0.18467376691861415,0.18411828987233403,0.18422777415865557,0.18396366193078312,,0.18448817477206217,0.18423097195570556,0.18430720938231102,0.18434890678622765,0.1837846965340306,0.20259067356146063,,,0.20356882926346587,,0.20289597107603938,0.2033373911595057,0.20327486739620715,0.20329102242583175,,0.20358634137707968,,0.2038680327901742,0.20358718413344554,,0.20311142113539923,0.20302458982111835,0.20297672733604208,,,,,0.20356587963446338,0.2037537871480878,,,,0.20311672605806763,0.20340907789133464,0.20409761839907037,0.20348772776421128,,,0.184198183564636,0.1837567492887856,0.18449079128866552,,0.1837718273981406,0.18433933778613557,0.18422350454513609,0.18456146972925774,,,,,,,,0.1847447723506096,,0.1842870865753332,,0.1843087463755482,,0.18411644752494732,0.18430792266919954,,0.184278224329729,,,0.21393402017884422,,,0.21496807383422464,0.2133934892644972,,0.21458427795023077,,0.21385293040875727,,,0.20932853714743369,0.21005174294544918,0.20912080492296178,0.208787257485319,,0.11138814405031679,,,0.11010829522151298,0.11032315285040055,,0.10768626114998507,0.10764983840760903,0.1046676173409324,0.1049139891884003,,6.352673913445479e-05,6.335802313001425e-05,,6.392138700287853e-05,,6.396922145474629e-05,,6.404599866171627e-05,6.414730525456383e-05,6.432434424792594e-05,6.420391126029938e-05,,6.432929821688962e-05,,,6.435242664526569e-05,,6.463624185453149e-05,,6.424938629118826e-05,6.413394141669815e-05,,6.431099364014727e-05,,,6.421531522715808e-05,,,6.421196352117386e-05,6.437719933310725e-05,6.442629342232182e-05,,,6.416548797020091e-05,6.417284358355931e-05,,6.416399844754143e-05,,6.500174388233645e-05,6.501983223631438e-05,,6.482952349359935e-05,6.445827292984429e-05,6.512392848586204e-05,6.525862994330733e-05,6.526979932586993e-05,6.513291909501162e-05,6.523162796857871e-05,6.540895116696298e-05,6.516969764552459e-05,6.528820440519853e-05,6.502834029733475e-05,6.530690041771332e-05,,,6.50906519498933e-05,6.499395492100182e-05,,6.492320117274345e-05,,,6.499891202299856e-05,6.506984225069079e-05,6.516640293669015e-05,,,,,,6.496783903084051e-05,6.490624281502845e-05,,,,6.50994919115371e-05,,,,,6.500278474589481e-05,6.497858030979683e-05,6.518455176731655e-05,,,,,,6.516625136604098e-05,6.488437974902244e-05,6.494456454772303e-05,6.490734020737149e-05,,,6.489349726336891e-05,,6.512601529502673e-05,6.498233452218686e-05,6.492438371572056e-05,6.501455078473122e-05,6.487959465223927e-05,6.50501784250416e-05,6.504345878729186e-05,6.49290635677618e-05,6.505690822694299e-05,6.492585569697144e-05,,6.50177364607046e-05,6.493744450270753e-05,,6.508691542135422e-05,6.506001954913036e-05,,,6.494275281520665e-05,,,0.24964117563760918,,0.24898553187655945,0.24921123547111726,0.2497208193532553,0.24927248912756222,0.24883978662246373,0.24764690125921815,,0.24958786986979456,,,0.24986319157613152,,,,,0.24953948951730726,,0.2486906095594944,0.24877794287432575,0.24842869730615333,0.2490380146232141,0.24898192373204356,0.24936778910290275,,,0.24938379139303937,0.24916907962354132,0.2491921995431257,0.25013196862949694,0.24914339088716342,0.24911011804465066,0.24908166641025065,,0.2487187012257911,0.24943784248654985,,,0.24858918697671634,,,,,0.24812409654280057,0.24726132798790382,0.24837927874944432,0.24842554965029798,0.2487719398517477,0.2486299499267279,0.24929454197172884,,0.24880464902202107,0.2492547682400309,0.24803236977314852,0.2482909458480673,0.2490288183170794,0.24921741010887602,,0.24889738214962606,,0.250585360588657,,0.2488897368400046,0.24524621967526866,,0.2484994565800667,,0.24865690489178785,0.24943389180893652,0.24887215810323607,0.24776970624869435,0.24863862321433722,,0.24869481724449366,0.24883999991101627,0.24945308879085099,,0.24906264330304625,0.2494526760892292,0.24903992935501917,,0.24866016450157702,,0.2492826633466061,0.24930396333335822,0.24888724235354093,0.24983434216506925,0.24926162939939206,0.24999805284904592,,0.249351889336001,,0.2486660629222217,0.24908371009312114,,,0.2498490950887057,,0.24949796872752456,0.24923463668008664,0.24958226493115918,,0.24948534011123585,,,0.24881795286287897,0.24948111593120773,,0.24930350309177104,0.24946715938012998,0.2474229023865617,,,0.24829000870328446,,,0.24884608211441578,,0.24961803791389997,,0.24857762428855001,0.24901451773799563,0.24883381793558446,,,0.24857857627037605,6.327943761764874e-05,,6.317419583427782e-05,,6.325729971612976e-05,,,,0.4979729858335856,0.497920064620193,,,,,,0.541586017167288,0.5424514033988753,,0.5421361104602275,0.540896961030169,,,0.5402810726358036,0.541213049868476,0.5410613142647818,0.5409707610765571,0.5395740893896755,0.5422456093093416,,,,0.5403422137619097,,,0.5404510705138215,0.542969951454599,0.5421121697678332,0.5413629038194266,0.5411646986508052,0.5404483673102277,0.541686915537872,,0.5415620825346861,,0.5411420368768348,0.5419696081013458,,0.540358257124555,,0.5402273785740443,,,,0.540923562179564,,0.5408728669339266,,0.5400619275094959,,,0.5418339405508005,0.5424566459462875,,0.5406668194882236,,,0.540268093067981,,,0.5406004154943542,,,,,0.5411902359383672,,0.5395418764926093,0.5426642004032814,0.541901820417322,0.5407868187176894,0.5407434682485796,0.5409475883174529,,0.5405811436155064,,,0.5403416876658755,0.5404946976473111,0.5422134524810098,0.5417845365815875,,0.5409832863739933,,,0.5414946788461694,0.5406197627775386,0.5412878499453363,0.5400560399347212,,0.541546592993412,0.5416795586304368,0.5415822093281185,0.541883146149576,0.5414845080549366,0.5404080975429872,0.541217598055863,0.5404494981860867,0.5408591753645913,0.5413717592008795,0.541759925966925,,,0.5417407962919412,0.5402461937943404,0.543039968675171,0.5417055061394733,0.5421843809505782,,,0.5409743595187395,0.5419536667212208,,,,0.5410735470827295,,,0.543056557195003,,0.5414249576673986,0.5418246876383016,,0.5425499605449858,0.5409589668511893,0.5428901188946688,0.5406510761200801,,,,0.5405561963410409,0.5403147254617091,0.5414415100687603,0.5415809973792126,0.5407676719781093,,0.5420446447723557,0.5424932668229261,,0.5407874647729979,0.5422009268711314,,0.5414630589001033,0.5415059363533645,0.5407977654343216,0.5420541627557257,0.5412821256674127,,,0.5416576292218948,,,,0.5410311089676908,,,0.5411347719147664,,,0.54318310172967,0.5418875707333118,,0.5415919430957044,,0.5435325582780175,0.5412018793582828,,,,0.5402879934157477,,,0.44409993157488586,0.4450762645295789,0.49844320963629707,0.49738002530560704,0.4998887043094366,0.5449432799453909,,0.5446975668023148,0.5439984303592372,,
4,4,DG_8pct,16,Z10_F01,10,SLG_A,255389,182013,True,3418.5412132339475,3418.236828384353,3443.0343380807076,3632.201172722899,3629.528788121689,144.39663502931566,15.761259098820073,3882.537542110666,3883.521026672897,609.3464357117244,611.4793445164399,401.3322648850322,4.830191154026432,15.156793118009995,22.352628826382766,17.201819677777298,155.88950017902,25.916158054245848,51.85933049405921,518.5695914320637,0.7796050626056831,0.7796498196267602,0.7811632864767205,0.7786054779956538,0.8730891371478183,0.9495185914172509,,0.6694000703928572,,,,0.6321291789391427,0.6320533387797828,0.6318757731183702,,0.8569194274535131,,0.9376045037629591,,,0.6703340400034861,0.667115370698253,,,0.6696071086709133,0.6684972938884919,,0.6616058450907065,0.6628400420629843,,0.6704394135195326,,0.6679925926641015,,,,0.6476346626824453,,0.6489354613537568,,0.6473601613132925,0.6492533074778054,0.6501629177250857,0.6507033345532497,0.6519339991899572,0.6502548369402187,0.6510025591153825,,,0.649405108130111,0.6498332227848223,0.6528502688061892,0.6508006703719468,0.6519789406738046,0.649656784233664,,0.6503284527675045,0.5705117076556067,,0.8637308833962967,0.9264825847316345,0.5640221581075424,0.5627236381667676,0.5620526785899868,,,,0.564390345611296,,0.5631776221288749,,0.5629884963644858,,0.5630396751543338,0.5634899821022286,0.5629839956292572,0.5622410252743698,0.5625469792856379,0.5634817029094988,0.5634081372279213,0.5630875430904785,0.5622896545294429,0.5622836360087935,0.5629462341497184,,0.617029836347387,0.6185473212378012,,,0.569846842310986,,,0.5690018061332636,0.5697233106107731,,,,0.2568461667500675,0.2572760622130624,0.25649442307557746,,,,0.2577505536032829,0.25694904031271354,,,,0.25731531054999657,0.2564762253779182,0.2575244517872451,0.25682586968860627,,0.25660148802625843,0.257035279059781,0.25663839256753485,0.2567677715827811,,,0.25670312152157665,,0.25762960067332735,,0.25699183727489716,0.2564555067671559,,0.25567593211205414,0.2573088352609985,,,,0.25736563550745534,0.2564479985728061,0.2562255512856097,,,0.2563817051819512,,0.8881567005422506,0.8881602069876866,,,,0.8890623843460037,0.8880825740446769,,0.8893805973705806,0.8909709751322784,0.8888972801204911,0.8848414117230325,,0.8880152493731671,,0.8887243447032194,,,0.8902757706068234,,,,,,0.8909131038776065,0.8896364954993073,,0.8883321677827316,0.8856479746237139,0.8906992903608866,0.8888126802126357,,0.8879167641166421,0.8866007545306847,0.8918516417725936,0.8892247693813191,,0.8888767569255749,,0.8868375914348274,,0.8855069216839058,,0.8875894841834563,0.8883661683897092,,0.9274098701428711,0.9286141947710751,,0.9296150747809435,0.9283087498532331,0.9284776093410296,0.9304693070921213,0.9291917292012812,0.9328862848571355,0.9323819783577861,0.9305208773217617,,,,0.9298726794380451,0.9294014201868264,,0.9298303964762883,0.9285436431031903,0.9313265597305472,0.9302354656742007,0.9279718600677936,0.9310561552623369,0.9310507808265546,,,,,,,0.9275385255258314,0.9289552127215098,,0.9290865537368544,,0.9313589466607445,,0.9278635739971325,0.9277887069754541,0.9312561409068221,0.92839753307811,0.9306446248666119,0.9310445215773482,0.9316850842232581,0.9282627256506025,0.9277987861435618,0.9285987076836966,0.9305797274172416,0.9305953879878964,0.9296637455905581,0.9248088543316214,0.9318372419772574,0.5694963986546402,0.5685921928155948,0.5690670022201852,,0.23074756504693142,0.5662712601545313,,,,0.5676899194226894,0.5668429406854353,0.3309010592812488,0.3305158767804459,,0.3311654312559631,,0.33097246799878904,0.3305817756770615,,,0.32971506469152934,,0.3306627574505813,,,0.33001360172328875,0.33122081896438127,,,,,,0.3307231244836154,0.3307635228426242,0.33027911388147674,,,,0.3301194346681263,0.3303552003918561,,0.330500867074763,0.3298054287419599,0.33038471919302714,0.3307024538638957,,,,0.33047284770532076,,0.32978660759493417,0.3095565610205791,,0.3101875613159407,,,,0.31024920503253284,,0.3110028647931218,,0.30999256721506036,,,0.3098427729142664,0.31042176532644106,,,0.309928145384003,,0.31031685146916493,0.3109321173925712,0.31094745983974725,0.3101185695272931,0.31038156399184796,0.3097107315968938,,0.3110088112680366,,0.3098585487464745,,,0.3091435088288775,0.894702219053194,,0.8909044861832934,0.8921463395575465,0.894261362272945,0.8944656862600739,0.8947739904112129,,0.8924044021797916,,0.8942101859371142,0.8937683875965677,,,0.8917896275317618,0.8903998187285982,0.8911942282158267,0.8928709980604554,,0.8964505175292661,,,0.8913379957660409,0.8916760804935124,,,0.8930558116081224,0.8930889264461142,0.8941259517779866,,0.8935678473487367,,0.8909688352802884,,,0.8925133686554293,,,0.8932847097530318,0.8925631791676742,0.8944054293296331,0.8948014753649564,0.8939813231390992,0.8951339617215057,0.893866601969982,0.8952674008465497,,0.8938470552148183,0.8941351882133841,,0.892689634226462,0.8921275595884438,0.8956107994618925,0.8920464515400724,,,0.8961076497696422,,0.8916428371367718,,0.8907819520939521,0.8915677125396438,,0.8949946429361503,0.8917999209067681,,0.8925428847486154,0.8918186565076348,0.8932524228999517,0.8916076437022291,0.8931465737729708,0.8920607257129143,0.8942366570236243,0.8939794563959481,0.8937527935353662,,0.8917007573519979,0.895110500630269,,0.896383916416895,,0.8938693511055279,0.8934631380524458,0.8918893694507135,0.8950117467869779,,0.9276571442137025,0.928836459359575,,,0.34137649118443847,0.34097201012665473,,,,,,0.5971603600852616,,,,,0.932920087443035,0.8895127351716697,,0.5638985128271549,0.5650709505533348,0.5491019802506603,,0.5507702094424759,,0.5302257131428104,,0.06907009174713036,0.9450274632488183,,0.018350017894319445,0.9575462759223808,0.8804597775767212,0.026462651358534175,0.9655597333251187,,,0.9650536189897534,,0.9660954783335696,0.9658548099761695,,0.9661592314134516,,0.973808547825516,,0.5185505659717011,,,0.5188919301413858,,,,,0.5194773776112729,0.5199189544222047,0.5183466823561542,,0.520596312111767,0.5192847694504813,,0.5198363406633915,0.5184919896594585,,,,0.8672653039971591,,0.8648087214303792,0.8656457244256475,,0.08346119373227567,,,0.9796353316183718,,0.9828757987185099,0.981605618050638,0.859386978834422,0.8611210998748521,0.8601895101537443,0.8587781813435105,0.5252849464344566,0.5251104280340632,,,0.5259719634231056,0.5235050770132627,0.5236612499009391,,,0.5263031400908962,0.5261555383910774,0.5247774780188847,0.5253553520255673,0.52655118704729,,0.5254454987264966,0.5251825116894185,,0.525929518007887,0.5259674637675704,0.5256720804516546,0.524786444519065,,0.5261167252773253,0.524285370649517,0.5251167943510219,0.5264453209804345,0.5239643277242141,0.5256418772940166,,,0.5239389101446229,0.5243847647124904,,0.5246906997051058,,,,,0.5256938911995938,0.5260591235807497,0.5254038522669168,0.5258213970053567,,0.5246168477632958,,0.5252384407986767,0.524658124710785,,0.525599076407162,,,,,,,,,0.5254463316884701,0.5265614111866262,,0.9250138837806061,0.9263075751183553,0.9256065580244526,,0.9256227983302797,,0.9254922565274165,,,0.927446679714516,0.9262134533502828,0.3739909801636894,,,0.37327064481545236,0.3728856464393103,0.37307434727197664,0.37432201657169184,0.3740036854187285,,,,0.3747667333984902,,,0.37246358774881994,0.37283297808160204,0.3738076384701301,,0.37369888240250887,,0.9272180113702441,,0.9255278157581021,0.9305566198468408,,0.9272773580622302,0.9285379781503391,0.8935485676937474,0.8938073772067195,0.8916814129429296,,0.8932182707300758,0.8956213403392979,,0.8900409206762118,,,,0.8925163243225727,0.8945435800069637,0.8937471273465141,,,,0.37358691703734553,,,0.3729662689304875,0.37303019294033346,,0.37398101985634746,0.37415064242121227,,0.3675816482149701,,0.37272629805844987,0.8939791769091997,,0.891839519620765,0.8948749427491759,0.8933234035005327,,0.8954960413636227,0.9296971169723407,,0.9265862964824707,,0.9275585970321297,,,,0.9256468449331424,,,0.9267751886890503,,0.9285564149196047,,,,,0.9273705460954239,,,0.9301511939856637,0.9234414402716444,,,,,,,0.8938113948384786,0.8949755783087044,0.8959034016543952,0.897647530972953,,,0.894135596367119,0.8978295512730992,,,0.8933835688655541,,0.8928139006228137,,,,0.8959718811398303,,,0.8936060181366609,0.892781794938054,0.8957824272478325,,,,,,,,0.532015793437414,0.8698968935936319,0.8572715582268685,0.6596882095931426,0.6615833108597771,0.6617018862231799,0.057574591507811905,0.6702737273797222,,0.6688632031255145,,0.670577826065239,0.6696228260629608,,0.6681421787947318,,0.6679353075629413,,0.6697145207369755,,,0.6696002603040836,0.6703453597791019,0.6707326637633577,0.669586118292623,0.671225436323441,,,0.6688471232142826,0.6704497893325543,0.6696996678226914,0.668401874838216,,0.6715715149771367,,0.6693520747939073,0.6691998386632662,0.6691055128005494,0.6687856299443933,0.6690957977589879,,,0.6712397266458746,0.668791203286532,,,0.6685689044951779,0.6681556114801815,,0.6679981314610044,0.6684316627390289,0.6697138094189532,0.6682759532606621,,0.6676752378709614,0.6696268467503597,,0.6704870096956669,0.6685665329531322,0.6683015791042,,,,0.6711268678156209,,0.6688593569118811,0.6677289121065454,,,0.6696401383994229,0.6691146766035853,0.668305246795559,0.6698962494770144,0.6692818840812198,0.6703418408009351,,0.671459817914755,,,,,0.668310404695659,0.6698624525289008,0.6689844496021267,0.6703999743207053,0.6683291175712497,,,,0.6693339829549098,0.6684690644693017,0.6702034509212793,,,0.6703099131765123,,0.6706970738775929,,0.6718699731639761,0.6688799104155275,,0.6698768960236451,,0.6684599486576117,0.6694497741233125,0.6706275328224278,,,0.6707267641138774,0.6683021864870754,0.6690503433987597,0.6690202769538761,0.6713092700425383,0.6697732866561213,0.669537608205655,,,0.6699739618363273,0.6672264345702732,0.669815485256065,0.6679489697519676,,0.6693187590455048,0.6702659965344431,,0.6703777424450256,,,0.6690616543384033,0.6692481916553462,0.6692677274277931,0.670116724785919,0.670370906332777,0.669909752520741,0.6700576392884778,0.6694721769882975,0.6701760745490928,,0.6705861495549548,,0.6692472665305459,0.6686120362989821,0.6707164814872217,,0.66723268202895,0.6680945652922847,,0.6708462525416723,,0.6691376187712985,0.6682872724234133,0.6689556713755272,0.6701086629302541,0.6688271371485395,0.669047951952768,0.6686927832214445,,,0.6706128776204631,,0.6691249875069508,0.6684549676898967,0.6689876412345455,0.6686718904888576,,0.6697229546117404,,,0.6679221135888147,0.6686594373741784,0.6678608036876515,,,0.6684699734681793,0.6704483410252153,,0.6241368087830886,,0.593652690537672,,0.9303428016532813,,0.6307786573066262,0.8596553093359159,,,
4,4,DG_8pct,16,Z10_F02,10,SLG_A,175084,182015,True,3290.9492898497624,3342.894304508463,3340.681026306742,3535.027999806434,3516.591162624402,141.8458883261989,16.006141159200727,3753.5663435437236,3778.128463581866,633.598110264405,641.2251339360204,416.9108647161004,4.839214024407647,15.305652173586061,22.501310212418016,17.157611669136184,152.1513448861257,26.077223339306165,53.080778554577634,492.55592676540283,,0.7787826440435679,,,0.8747027409495864,0.9509331139569864,0.8638291246123224,0.6745072374274859,0.6744790540800367,,0.8443574684738184,,0.6412093527971121,,,0.8601610917882881,0.8599297544094225,,0.9395128153713128,0.9417028406984749,0.67236532989557,0.6733672656542574,0.672069791168794,,0.6752369812310828,0.675612790604232,0.665443595810112,0.6645810092047454,,0.6741423845839759,,,,0.6742671179820363,0.675695749779309,0.6157024819657374,0.65108976084452,0.651041599292072,0.6495380046593722,,0.6532204562017216,0.6547347948453422,0.6546394547036162,0.655197414998501,0.6558283986669137,,0.6553463512323087,0.6556368230751255,0.6547770145293768,0.6563616328042402,,0.6554113197880916,,0.657104567795804,,0.6570694370168,0.6555862195543897,,,,,0.5749029752835239,0.5753914313275257,0.5733993175862458,,0.573990325492509,0.5740417769304792,,,,0.5752751505522913,,0.5753300713194881,0.575823308823237,,,0.5757314147785003,,0.575002276830627,,0.5750823432850168,0.5747048123975326,,0.5742114770064131,,0.6212531334805024,0.6237919200509655,,0.9209741646915247,0.5721862381304744,,0.5686295098807329,,0.5719393846468772,0.5693276527340503,,0.277331421089366,0.277013237219615,,0.2767820505977859,0.27696981877001775,0.2767709777364996,0.2769190607107169,0.27720236576518065,,,,0.27734480550883345,,,,,0.277564747937228,0.2768925688589333,0.27767735560474344,,0.27667973352441655,0.27634235919036526,0.27696324959732666,0.2778019952292122,0.2767821175894785,0.2770485037808182,0.2770473721646243,,0.27704123512277745,0.2773374919531106,,0.277060327948738,0.2776911028337783,,,0.2756656440462359,,0.27651379263539483,,,0.27680179460215454,0.2763477509356598,0.8925765584833675,0.8948599998657761,,0.8933017730818994,,0.8926020526697467,0.891521045100738,,0.8928156559355919,,0.8942661669989516,,0.8938969013561103,0.8928116789905015,,0.892624807210673,0.892715037251524,0.8930532159554142,0.893323276956175,0.8925130228513282,,,0.8920666985570382,,,0.8901661554675802,,,0.8912830309855075,0.8924591402000662,,0.8928335247642312,,0.8928724686518579,,0.8923672217218362,0.8932677959365554,0.891354692060783,0.8894111840037466,,,,0.8936179307934045,,0.8948834122165444,0.9282999038094036,0.9271548538646034,0.9248992470010441,0.9253454596781517,0.9277330734494179,,,0.9275957579255202,,,0.925745749904406,,,0.9251869178613223,,0.9268693518584632,,0.9277507140928424,,0.9277807102295422,,,0.9255593102805514,0.9280325622091214,0.9280747362294388,,0.9275490719397081,,,0.9248100117513735,0.9273976276053112,0.9264771093951747,0.9260735098310129,0.9257834609203929,0.9268975638151036,0.9291175676516295,0.9283321070829567,0.9263819041864624,,0.9278874807176289,0.9243903747391128,0.9264918701992375,,0.9249237506577391,,,,,,0.9272983007353899,,0.9237603716634548,0.9291224500143073,0.5690227908264325,0.5699089436932007,0.568885477134647,,,0.566978137162611,0.5667415141464874,0.5656350782930335,,,,,,0.34974473577258325,0.34735930902007833,,,0.3474104571275663,0.34832160394386724,0.34854853637183614,0.34831771671316925,,0.3478170209146649,,0.3475033411074019,0.34873137961670087,0.34713728853201015,0.3480889462448185,0.3478033790360975,,,0.34838656224805886,,,,0.34853752164805446,,,0.3476575997450703,0.3471590645871459,0.3476904198401122,,,0.3477331619959767,0.3475921236389164,0.3479199159491131,0.3473593930435096,0.3481689044918992,0.3478405359441478,,0.3472770242061693,0.3294129148177811,0.32818891907895864,,0.3282587947782087,0.32837171854035524,0.32765831294474995,0.3279709388952323,0.32793559985763376,0.32919169223491296,0.32896544401615724,0.3285199415337549,0.3290115270517458,0.3281581661845573,0.3283591897919907,0.3284933368925244,0.3287183294942791,0.328238295704255,,,,0.32871933700529765,0.3282993018896835,0.3286225313557941,0.32864694375546377,0.3288595263096563,0.32869496054092123,,,,0.3285718712700475,,,0.8981309848627923,0.895346546464752,0.89722539113106,0.8972582913412926,0.8966891780663072,0.9000058482225733,,,,0.898248196556584,0.8985840798593248,,0.8955882751484515,0.8951727110998272,0.8993505858427275,0.8977461147904152,0.8987203404633959,0.8974792743347846,,0.8960759285500114,0.894967836892069,0.8989449471848778,,0.8955764486401661,0.8958946056964561,,0.8969333717953333,0.8975640569987899,0.8971786487218145,0.8970102391284145,,,,0.8961031079029086,0.8963992287885267,0.8970912340627443,0.8995210753090872,,0.9004020238980716,,,,0.8964636591034385,0.8985002435239756,0.8990373600922399,,0.8988565413377284,,,,0.8980325430546405,0.8949426350212487,0.896727575102186,0.8971001349591455,,0.8946456141332155,0.8937646977707951,,0.8962060219348724,,0.8980259948172477,,,0.8956032387688538,0.8952104855396049,0.8953415274831091,0.8955382925877388,,0.8972025321229243,,0.8960327191228775,0.89664505604999,,0.8973227916724784,0.8942678670208325,0.898673962373369,0.9005112686929083,,0.8963676807070745,0.8993413993995161,0.8993974078186466,0.8973693482585494,0.8986185459293468,0.8979516036692653,0.8979142954792253,0.8981508961473901,0.9262761525030289,,,,,0.35818248760000476,,0.35882836789880423,0.35831253424737586,0.5986517392195554,0.5975866446824885,,0.5980996479918911,0.5980632786949716,,,0.9272827826977591,0.8944367240864565,,0.5638129444038161,0.5652708047031095,0.5496375515064437,0.549355708763928,0.548241838242832,0.5320912936767901,0.5318228917865463,,,0.9415802050673051,,,,,0.011924294243147136,0.9656992154872904,0.8867636440703613,,,0.965630385490414,,,0.018807478686721234,0.9643380923626931,0.8835152453111513,0.9702968075421251,0.9726152280119502,,0.5181193622923725,,0.5175702364172666,0.518941959237006,0.5183970919399228,,0.5172701648897,,,,,,0.5168864912095781,0.5181578768450275,,,0.5148695907941715,0.8691673948321302,,,,,,,0.07219835284852476,,0.0721670434028789,,0.9812127130825278,0.9835567605972788,0.9820097881331069,0.8627906958458303,,,,0.5235296576893169,0.5221508353827701,,,,,,,0.522769673921089,,,,,,0.5225311149274464,,,0.5240543340113271,0.5236805621874149,0.5224788482982492,0.5212403765891129,0.5232779366050448,0.5225115690333796,,0.5221770078219179,0.5217426984492618,,0.5220950838846802,0.5216469722589989,0.5236911184079295,,0.5220640814298619,0.5241298564608449,,0.5225045005285976,0.5234237787783962,0.5231855646677024,0.5228075942403552,0.5220071106102734,0.5217282478057942,,0.5230661145317266,0.5250551225688137,0.5230221922938699,0.5232120101716871,0.5230949423288543,0.5233372013387007,0.5222704020354387,0.5235046252000882,,,0.521877135963206,0.5223158059895342,0.5234758332820993,,0.5225236753774882,0.5218324373557308,,,,0.924823573102986,,0.9236812725063756,0.9238850752456585,,0.9235061590475115,0.9243888365983103,0.9225626325500986,0.9213298910928867,,0.9249951520718162,0.9216499990540641,0.39016634217348317,,,0.3905266072394934,,,0.38959906491595275,0.39068904842907337,0.3899630109860742,0.38938124137560637,,,0.38957638037261577,,0.38874684807675114,,0.3882671656617742,,0.38845264929041545,0.9265243597909205,,,0.9239593366654583,0.9250112987087598,,0.9241869462305403,0.9242075183602192,0.8969435115762187,0.8960681889377092,0.8975412157444688,,0.8974489137566131,,,0.8933910869380568,0.8962478075418456,0.8983415580079749,0.8958957419806912,0.8971904504114065,0.8996549367345238,0.8978861385372388,0.38840362283411833,,0.3885985517254356,0.38895915016548255,0.39046365328043536,,0.38916576713346684,0.39030052608008575,0.3894709384420042,,0.3902274117747704,,0.3848727480380431,,0.3891178080887072,0.898290633894927,0.9017577599630573,0.895789966100153,,,,0.897243142004906,,0.9250720119888914,0.9242752373970546,0.9253638764765022,,0.9222944680112252,0.9251566435200234,0.925130413452269,0.926822743797697,,,,,,0.9258305189499431,0.9247782884387868,0.9227574229404728,,,0.9239884288696465,0.9235407575523953,0.9257034779082196,0.9266541221362169,0.9222631917573478,0.926768203865675,0.9255172671764436,0.9221321369969192,0.8976725966422406,0.8969294041477653,0.9009221322681145,0.8997337377515922,,0.9022602790997764,0.8998527281872629,,0.8996493152098759,,0.8997687388424571,,,,0.898178506248874,0.8992137909333431,,,,0.9010438999000822,,0.8995552288498894,,,0.9007343521993989,0.8994382203767268,0.5283553286272482,,0.5299516368969387,0.5292901218645737,0.5271704671956353,0.5276174154087803,0.8688342442876857,0.8563747236295294,,,,0.044947649178626786,,,0.6724982250550448,0.6747377022006813,,0.6739246097235716,0.6727243987731089,0.6722876047035523,,0.6744787861291499,0.6751761156069359,0.6745966028409667,,0.674961240572057,,,,0.6725432976574646,0.671893010105426,,,,0.6731543944477971,,,0.6737756257427001,,0.6740139833253246,,0.6739776699151042,,0.6712866322823732,0.6734344038257494,0.672673797474366,,,,,,,0.6718241153895149,0.6742981459331276,,,0.6744618069572456,0.6731717496833075,,,,,0.6738943343544339,,,,0.675394538095927,0.6740238007698653,0.6746577972928202,0.6735063664944391,0.6739563027431841,0.6740921399259292,0.6725961713073917,0.6751775504601975,0.6740003181381673,,0.675376001327623,0.6736111299976713,0.6724589000717558,,0.6745312091183813,0.6747619849025923,0.6732894502100106,0.6737791610704219,0.6744248954250361,,,0.6737453325327107,,0.6722489202831505,,,,,0.675078631504452,0.6716749749278632,0.6752456177064604,0.6734345628069818,0.6735924565847409,0.6743256161464039,0.6726971355110033,0.6723850254711292,,,0.6741708544677157,0.673251918879088,,0.6721690376508302,0.6739764414615208,0.6736534215501238,0.6754793811664674,0.6709984175830428,0.6735806115087198,0.6750165301604382,0.6748709019520375,0.673708074907613,0.6741678139599995,0.6751338175756124,0.6713875568895198,0.6751289187795375,0.6733402869209639,0.6732424506457337,0.6750906398890691,0.6742924332968316,0.6728390752308804,0.6727011845980938,0.6723488353728768,0.6734076892227704,0.672327186997443,0.6719505863141748,0.6733796506339923,,0.6751129611709199,0.6758375437471241,0.6730849439158411,0.6738018349905823,0.6710411101041083,0.6728186919316459,,0.6733878383645416,,,,0.6756686915494683,0.674982929485063,,0.675457089067947,0.6750734116351224,,0.6763622688289508,0.6723160511291416,0.6725659083648217,0.6717605698217091,,0.6727902795766322,0.6749741661867692,0.6735143755422434,0.6751735869472401,0.6732318561513249,0.6725509452658361,,0.6729113442374564,,,0.6743519358502537,0.6745481818090788,,,,,0.6738164130538294,0.6745263149952161,,0.6728936532397338,,0.6738073002932106,0.6722592086810187,0.6751793216048746,,,0.6277292920979665,,0.6253325255748158,0.6050852638671235,,0.9299781445341435,0.6424622766713761,,0.8579530045441109,,0.9389071120693219,0.9379207977211731
4,4,DG_8pct,16,Z10_F03,10,SLG_A,175067,181997,True,3635.435757415964,3648.1177561686573,3661.8847327579847,3895.617065194914,3850.560263368588,159.8138247950506,15.481199703676237,4131.304109257398,4168.941057238051,591.5693047489395,593.2128883247635,386.923906513126,4.820795249821182,14.980021418800213,21.9253000167809,17.385027179212923,174.15858347657002,26.21006386470807,50.61560517014421,491.0480941931163,,0.7746304643737181,,0.764049257899134,,0.9455196522138672,,,0.661231857839432,0.6615516419610621,0.8507627756213516,0.6066726988070851,0.6082971079593698,,0.8615795816997629,0.8599154550872017,,0.9342522227925885,0.9335978045807625,,,,,0.6638382685838099,,0.6636867736797131,,0.6541252129302011,0.6528577164762944,,,,,,0.6631443176274827,,0.6408908438161068,,0.6407431494771527,0.6449683191660162,0.6432896074698513,,0.6457604014409625,,0.6460751582585688,0.6426783455804534,0.6458565651867196,,,0.6461668972748383,0.6447167520429113,,0.6434682500912706,0.6452152423609305,0.6451251193580392,0.6462218098417496,,0.5435260777573058,0.5429174735403738,0.8697101057192861,0.926948681234474,,,0.5341205314614513,0.5334247865978311,,0.5324814283258986,,0.5341262123594208,,,0.5339427839766074,0.5342487016124967,,0.5337442182357378,0.53367878623829,0.5333128682385536,0.531966571847598,0.5325366323647077,,0.5342869211004101,0.5334819598909126,0.53426384164094,0.5347099971454689,0.5340979427526893,,,0.6115061412358618,0.9317842099158312,0.5612656619883383,0.564331542748812,0.5622228167805068,,,,0.20532637589231462,,,0.20566805264632435,,,0.20525988452971278,0.2049850132222539,,0.20507981069859504,0.20491886422656327,,0.20561554441451063,,0.2052958988944638,,0.20510360661699514,0.20525368316447237,0.204848115527545,0.2052828598000163,0.2049592997592017,0.20537666467983517,0.20551699164482148,,0.20504253261653121,0.20469418773880196,0.20549818618965934,,0.20558162331422736,,,,0.2044228959882813,,0.2051286425286331,0.2048982555842277,,,0.20499087259904522,0.20490240809930574,,,,0.8895994893069217,0.8895175224448129,0.8897256499680154,,0.8914701814106695,0.890611528613226,,,0.8881533766846395,,0.8891263920325558,,,0.8889961869382859,,0.8895278123425633,0.8901060159931645,0.8886559256426536,0.8911952072699342,,0.8898599076230562,,0.8905930942243716,0.8869946917615988,0.8883420126532183,,,0.8886597989141504,0.8903637185667542,,0.8915698582072781,,0.887656241827277,,0.8888333756882418,0.8888802208339809,0.8867434676286712,0.8881849981698757,,0.8876489016593186,0.8910568331397601,0.8908333897711307,0.8906385935537906,0.8862688127086215,,,,,0.9376039746651239,0.9365748678867157,0.9365435949341976,0.9349153770474282,0.9375086009623583,,0.9386181209955474,,,,0.9383752452625786,0.9373241287301115,,0.938658234474714,,0.9371465529830014,0.9380941403339146,,,0.9357058328953852,0.9354717991796491,0.9386345232248878,,0.9346641875347155,0.9326431278899487,,,0.9354481863019382,,0.9360955530432322,0.9345593314471875,,0.9349548269400991,,,,0.9376759866073646,0.9355107818125343,,0.9379433341045642,0.9376432418253353,0.9339365791477342,,0.937131203889375,,0.9330839925797714,0.9327222975060601,,0.9349402838943365,0.9387328698917053,0.5595463584596523,,,0.254909252409605,0.1747954515756866,,0.5620313716288742,,0.561956119635966,0.5630525711867201,,0.28723205537264385,0.2875902010199092,0.2864907236359923,0.2862629355347721,,0.2870123695107223,0.2879188570937584,0.28710352058938315,0.2874584309959701,,,0.2873917781588002,0.28654425797808036,0.28734801810966704,,0.2866844567939634,0.2864176024942125,0.28726276734577216,0.28720632197640894,,,0.2869130966625814,0.2871350813015443,,0.28675456891155987,0.2873334558188508,,0.2875293894277885,0.2861111597572419,0.28660049333492776,,,0.2863261105774815,0.28722186879677175,0.28694579417702704,0.2869603415602977,,,,0.2871775159047041,,,0.2639668870026644,0.26397986598463985,,0.2649624380806516,0.2640455572931019,,,0.26454847225178135,0.2646178997193295,0.2642623437552571,,0.2646656584409711,,,0.2647441706557535,,0.26454131302260464,,,,,0.2647257458208155,0.26368705049343844,0.26376470526534895,,,0.2646151477745003,0.2635726373538629,0.2643249107717411,,0.8925369342680166,0.8958002935592143,0.8965608578852334,,0.8932693583432919,0.8942656494510804,0.8948459204678454,0.8949360570410168,0.894977705346701,0.892711680249795,,,0.8909055031982901,,0.8952870345263738,0.8911269950268665,0.8930773086494916,,0.8948812181324324,0.8922295438032262,,0.8912650951506819,,,0.8910937939860394,,0.8945645392057983,0.8935478448132669,,,,,,0.8912357505794078,,,0.8914682275513452,0.8941304970764918,0.8962052918859381,0.8923548449750617,0.8938150924555991,0.8968176321753741,,,0.8955259025063462,0.8918818839335703,0.8927002211541385,,0.8929994520276999,,0.8927061799796238,0.8932735180568021,0.8955357061912878,,0.8920260511686157,0.8939679112927226,,0.893969025990803,0.8940636621675105,,,0.8949077296523612,,0.8939036642273145,0.8927418399585537,0.8955185609315338,0.8943888461122687,0.8914544675159738,0.8900022028748351,,0.8960715036849286,0.8902434009702048,,,0.8932259055476331,,,0.8931193064455714,0.892119446780771,,,,,,0.8955154402304409,0.8924517230162372,0.936499191790055,0.9338081968299348,0.9306865155757307,0.9336082186878587,0.2998944019925815,0.29941754457346714,,,,0.5824076123756227,0.5836862006530739,0.5840436441255696,,,0.5856642166539381,,0.9359406998105632,0.8913563522737135,0.5593458415140804,0.5581626199861585,,,0.5436676125463842,,,0.5288674196339914,0.5293459198844294,0.008610104821137278,0.9478118680001744,0.8918191608605711,0.037163439991841025,0.9595024396548737,0.8823051484082791,,,,0.9633597428676848,,,0.9595142874494533,0.9656884645834367,0.051271389067706834,,0.8794136625640816,,0.9691321167881506,,0.524745129940954,,0.5239531251966116,0.5257609523442164,,,,0.5240590455720497,0.5243247482678857,0.524830100586644,0.525997399979225,0.5234932720608352,0.5244620126175387,0.5231305001280386,,0.5238390430416321,0.5256019519454614,0.8655716579380847,,0.8684459019984307,0.8702169109285639,0.8638459457056251,0.8655317348863464,0.09974282000096889,,0.09968479856735701,0.10007243787304541,,0.9798110780288536,,,,,0.8643079371211024,0.8651526562808919,,,,,,,0.5313259368131533,0.5301926506777138,0.5314539700866528,0.5316101378502329,0.5308001101014689,0.5307582531152544,,,,,0.5312418234534562,0.5310388431334546,0.5326162662758899,,,0.5310796007696457,,0.5320041162763272,0.530227226513633,,,0.5309674058642042,,,,,0.5301594476486862,,,0.5309496862404918,,0.5280828580625415,,0.53129283946454,0.5331400051250208,0.5321576377287229,,0.532515762816311,0.528264441209735,,,0.5302948522332334,0.5316362595122466,0.5323486850929615,,0.5311694663816696,,0.5299989332221808,0.5318307540382412,0.5293831205365015,0.5308041794708472,0.530781074763858,,0.5309631915992363,0.9309523655273767,0.9290556150868093,0.9307902480370694,0.9338682354783759,0.9322703236130945,0.9331179813091252,0.931157676402312,0.9328137409388362,,,,0.9297781034187135,,0.3346518123840872,0.3351999099000463,0.3343124101307669,,,,,,0.3351937034311468,0.3344227352089118,,0.33580367278272133,0.3343772722899018,0.3344255588210913,,,0.33451619159266993,,0.932140170592433,0.9339152419044879,0.9312644424119355,,0.9319682635045119,,,0.934466331843378,,0.8900062736543187,0.8926431912695237,0.8929192023962972,,0.892029845929084,0.8912962895141703,,,0.8954082321709835,0.893219223665397,,0.8944791107954894,0.8931092719438395,0.33400379306766764,,,0.33446404928513945,0.3343455225351123,,,0.3346101111314675,0.3344109917590525,0.33468170536480024,0.3348628595030193,0.3346583156298073,,0.3345624331906555,0.33453445847852953,0.8928025208306495,0.8929427429754303,0.894247540402339,0.8949599640598811,,0.8932904775425939,,,0.9331818109915695,0.9326776562349415,,0.9299369427906079,,0.9307358608381675,0.9319357746005561,0.9320100140559395,0.9330810419608786,,0.9306166700443969,0.9326769406314368,,,0.9325921212846159,0.9303744219577282,,,0.9337320371763733,,,0.9364538460726435,0.9309341411843558,0.9310760679938611,,0.9316209118672554,0.895478839304596,0.8930180557204368,0.893375210417714,0.8940665299228504,0.8948390798385415,,,0.8944366622012909,0.8963880430945556,,,0.8943994822390681,0.8934686330511414,0.894204897982983,,,,0.8943577144126111,0.891912132086786,,0.8918635346253196,,0.8938610233301829,,0.8949268937401011,0.8958083756859793,,0.5173221669474968,0.515281159722509,0.5172400431803896,0.5165720738880145,,0.8711896648691485,0.860631478236642,0.6563474293239107,,0.6521334999384055,,0.6621302201121603,,0.6600414100372413,,0.6608235646990867,,0.6621834726435569,0.6629027107507394,0.662395666466308,,0.6606479974644706,0.6608690399204881,0.6613015439555746,0.6621105880567402,,,0.6633254357208539,,,0.6609783438724891,0.6608547699585131,,,0.6621520860508225,0.6622102843962374,,0.6633683307906486,0.663596457502535,0.6629727370708781,0.6615847916829014,0.6616449404278306,0.6641407276803979,0.6630822274682278,0.6622843991571217,0.6616141907372187,0.6629043438402632,,0.6615861670438661,,0.6620046925763035,,,,0.6598957318212514,0.6636829804008657,0.6628888081536783,,0.6626224341028331,0.6637334313660297,,0.6622667219034271,0.6632449575199697,0.6633037889204779,,0.6626942271763444,0.6610417782945124,,0.6612926549104524,0.6623713031517365,,,0.6623066645389754,0.6611204594315516,,,,0.6633017378694521,0.6629042577747096,0.662190527171982,,,0.6638186215637507,,0.661838968466224,0.6614199747215389,0.6623639128818086,,,0.6632623052694742,0.6610863309035512,0.6629973290217266,0.6618147373744137,,0.6634469835462348,0.6635433672198671,,,0.6626322146245857,0.6624469716287046,0.6621335140556635,0.6628977507024952,,,,,,,,0.6629950315331955,0.6618401347353001,,,,0.6607133015140279,,0.6623601450470383,,0.6642345857711226,0.662694773616808,,0.6612238003393057,0.6628033478104883,0.6600868641537325,0.6617668703502372,,0.6626325168629181,,,0.6623479297611176,0.6642222195114433,,0.6630484499331505,,0.661156149818196,0.66264329314754,0.6624421929636162,0.6636635031467696,,0.6626035290841019,0.6602601624476809,,,,,0.6611596579796861,,,0.6639170033803269,0.6617079254637527,,,0.659656410626703,0.6622242244466707,0.6626703707751246,0.6640250308911715,0.663736704062517,0.661417202730307,,,,0.6636826441878874,0.6626527695435467,0.661656306205473,,,0.6637724803865862,,,0.6639684000540963,0.6625689510462558,0.6625350753085814,,0.6617397549480734,,0.6629849170095934,0.6631743925178762,,0.6612184126613572,0.6173877290536661,0.6173281097411295,0.6173735184340096,,,,0.6083719336894883,,,,0.9332202688746997,0.9323294538487057
4,4,DG_8pct,16,Z10_F04,10,SLG_A,211128,210023,True,3515.940536784025,3528.6455771713236,3552.6711862900206,3749.4258047227095,3742.9174511473607,153.86008899381994,15.604670265853418,4018.500283903615,4036.8391031181454,591.3381529068291,591.176141299781,386.2714949887902,4.804268578659849,15.135629594253013,22.1854776876926,17.21083561016035,166.9330026077757,26.118055112848282,50.99934965510312,488.68886884747116,,,0.7781293908828857,0.7726219331025631,0.8729337555198782,0.9448741473737695,,0.6657127955930899,0.6653105523415769,,0.8476432765751913,0.6178983290551714,0.6173762022423943,0.6164910252831409,,,,0.9352023599504039,0.9350548545645692,0.9357567807222358,0.6656847958106559,0.6640132830289024,0.6664630953524179,,,0.6674824139974745,0.6599881326826859,0.6596168464294395,,0.6695211270857696,,,,,,0.5928871062105626,0.6448284710775652,0.6451550874596846,,,,0.6481362177209564,0.6494788753226871,0.6494042340797102,0.6515618716116974,0.6492961307751738,,0.6490508027297355,0.6503480745771687,0.650393221117337,,,0.6513244602191727,0.650646346267111,0.649211767675956,0.6513678716715317,,,0.5557273419476749,,0.9286379419803799,,,0.5460970440389893,0.5467359867633025,0.5453545148144604,0.5456305907752803,,0.5467485999205145,,0.5488305101991837,,0.5477817301560647,0.5464170839549974,0.5471691028983012,0.546264725041845,0.5452531445060523,0.5468887601631499,0.5475687069525695,0.5463546781517312,,0.5444537158241918,0.5469382643816174,0.5455693850575556,,0.6153539124061841,0.6178232815714442,0.6155020007240137,,0.572819810101372,0.5734116510915879,0.5748632306348676,,0.5745033007029716,0.5740243145101334,0.2293230872314612,0.2288407050246648,0.2287937221959221,,,,0.2289362999920489,0.22872968540172234,,0.22854477741938237,0.22868699965084713,0.22881598627855199,0.22873410893623797,0.2287725589587364,,,,0.22923044350585017,,0.22937720126921654,,0.22854704507098358,,0.22832903832292462,0.22902767198668234,0.22864116845489477,0.22911665387726377,0.2285979720889922,0.2283133634416261,,0.228562477334492,0.22869074377011517,,,,0.22862705448927495,0.22846550945429714,,0.22876526284431287,,,0.2282385162502356,0.2288863612598894,0.8911249595143771,0.887753418127481,0.8919226372455624,,0.8933369025454956,0.8916124433094269,0.8909186675584805,0.8883152300755992,,,0.8884411840471826,0.8894015685832946,0.8913442750958096,0.887919170685635,,0.893237377575101,0.8948997998463594,0.8928836597373426,0.890873537050953,0.8899043691039582,,0.8926728928737365,0.8932218334143347,,,0.8902389231831109,0.8921932606949885,0.8926602781833866,,,0.8906598618426541,0.8900174361416812,0.8929243606022389,,,0.889072242322516,0.8903326531689771,0.8919633100397635,0.8925850797991574,,,0.8925503326374664,0.8922574022474394,0.8902076475636648,0.8898911253590789,0.9342272590293716,0.9340569100410127,0.9324233199327155,,,0.9323456484300694,0.9336694295971733,,,0.9340256051086606,0.933597757858051,,,0.9339889387313134,0.934175524580438,0.9317131473458625,0.9365469519874944,0.9350298015706505,0.9328018341640024,0.9339370101085354,0.9351741003902923,0.9340097158034966,0.9335239167232378,0.9310968950704658,0.9329632428208158,0.9330122173897726,0.9316567296898333,0.9330118805518834,,,0.933279810503769,0.9325088982254643,0.9336683389138769,0.9334905199857677,,0.9343251051255222,0.9344201751607488,0.9328747704964545,,0.9343503768539763,,0.9331811983213456,0.9348436014466822,0.9351244043514905,0.9312406388765129,0.9323367559216634,0.9312206344518112,0.9329292535617619,,0.9341342287676971,0.9349553083236387,,,0.567932052088305,0.5693291109274181,,0.2755706309265079,0.20027240731030513,,,0.5739274461469664,0.5741647011425437,0.5754238891182751,,0.30738569557598266,,,0.30764466300793836,0.3075888406252009,0.30739352340777587,0.30799396956159125,,0.3082773970130967,0.3085831277092489,,0.30802052695293924,0.307806827610029,0.30755542181525625,0.3072979799840066,0.30825506730642327,0.30748015273079793,0.30681931688999137,0.3082829283208202,0.3067972635037713,,0.30759181808501074,0.30711921205464765,0.3071594204236648,0.30677704450745436,0.3068777199532239,0.3071080063675835,,,,0.30764707862176943,,0.30750922042562595,0.3074829155688706,,,,0.30794967939196977,,,0.2857192284888849,,0.28600048579740733,,0.28614206998809316,,0.28527380324242996,,,,,0.28627118263769524,0.28585209587811905,0.2857885495228323,,0.286315879592865,,,0.285825120360275,,0.28538514215904826,0.2858640349113818,,0.2860375800409321,0.2864391039128559,0.2857319405879308,,0.2859215938619163,0.28614255473908196,,,,0.8974978625688073,,,0.8955934554338526,,,0.8948629968826229,0.893338841205129,,,,,,,0.8961153671634724,0.896817574017815,,0.8956268249505173,0.896486196772451,0.8962652056728874,0.8947750810155763,,0.8918475557288358,0.8947888581297296,0.8932957368012931,0.8929790536677855,,0.8946142496475977,,0.8942854447736377,,0.8940499797335777,0.8938881759693585,0.8949998664594759,,0.8963735992808339,,,0.8944489496440919,0.8959737849578977,0.8936350636616244,0.8972200947261807,,,0.8950015233293321,0.8949496586103591,,0.8933791609576093,0.8947999090038482,0.8961985123863769,0.8951701626527373,,,0.8958107857777394,0.8948254365219458,0.8956328982627754,0.8937403861335849,0.8970040118283201,0.8963483355311449,,,,0.8958346100671071,0.8967496536514982,,,,0.8955392710771647,0.8952377870936608,0.8929253700395234,,0.8936517362666173,0.8948585582001942,0.8940251617137123,0.8951222591483985,,0.8975633170874433,0.8955204509095073,,,,,,0.8940159213205098,,,0.9297800192712095,0.9293194236567945,0.931462191083472,0.9345127059545101,0.3201880929434421,,0.31959098430972543,,0.32014075736791603,0.594018485046263,,,,0.5955895270253326,,,0.936949652603517,0.8923267323188764,0.5689295507076857,0.5682499112692031,,,,0.5534911483700223,,0.538656956507448,0.5390940523072181,6.894249188947901e-05,0.9509835788205775,0.9015260457147806,,,0.8832861574182962,,0.9602021121967875,,,0.9621660388095616,0.962324840525751,0.9586096211053857,0.9630465858400312,0.06293124824370631,,0.8798304503038911,0.9679832197893394,0.9655879059607212,0.5337055653922074,0.533043501764552,,0.5322246453808579,,0.532734213769769,0.5315631809568142,0.5328258433713683,0.5333887837474767,0.5336109582574761,0.531894208833441,0.5325938424539202,,,0.5342846441675193,0.5314927973257666,0.5324216431875197,,,0.8687870274779637,,0.8723211534314461,,0.8719634900140161,0.1111943424748395,0.11155750772061329,0.11159911285624567,0.11159277064269203,,0.9757668163253939,0.9755831982964078,,0.8678781447213081,0.8673018183672326,0.8651990734364893,0.8661290575297534,0.5386843160633262,0.5403458241070208,,,0.5393762196858014,0.5383178841683016,,0.5381457706251058,,,,0.5386305144889921,0.5387188385548337,0.5381383106164127,,0.5390667837948929,0.5376452042995747,0.5388482250384835,,,0.5394399938211044,0.5372736019933115,,0.5387292020577854,,,0.5381365789293405,0.5401380183886418,,,0.5375525014765246,0.5398237406013503,,0.5370355723843151,0.5386674372853505,0.5385222536381679,0.5411416006734463,0.5395985484346488,0.5405638245542207,0.5389260902165182,0.5380858303684835,0.5388013313814088,,0.539781852732574,,0.5391270903492325,0.5424455511604183,0.5398563160949521,,0.5397597408641696,0.5398072987095285,,0.5375063576966156,,,,0.5389402527501297,,0.5394723821889182,0.5388854950285082,0.9335434155408905,,,,,,,,0.9302003293428566,0.9282484924498057,,0.9346370731520764,0.3538795059328757,,0.3526375624751486,0.35463618475337144,0.3539846299661745,0.3529418668187305,,0.353799199994758,0.35321880962625773,0.35324197484548814,,0.35290948229976926,,0.3540860375664591,,,,,,,0.9338182726081474,,0.9349729042605232,,0.9329867096226419,,0.931213345012333,0.8930679669318392,0.8952431480720039,,0.8927278142273135,,0.8948094040967093,0.8925067610016291,0.8960806771665231,0.8935138519537226,0.8939366214554276,0.8938409660676617,0.8944480784106408,,0.8953116659266791,,,,,0.35357255310680996,0.354330141340026,,0.35375922540854177,0.3522452883674527,0.3540095670981597,,0.3546224126570271,,0.35292443630783865,,0.8976793665721571,0.8947111548972515,0.8925379047200193,,,0.8956001441378437,0.8951217348555085,,0.9336097759574004,0.9299552032473357,,0.9305074821549165,0.9299372924492917,0.9324761653489634,,0.933722431142938,,0.9324818660017096,0.9318533911913984,0.9304006589951019,0.930344108761277,,,0.9313543814190202,0.9320862675681357,0.9283740573426635,0.9309568535166163,,0.9279252173166092,,0.9286829520555042,0.9317848667593215,,0.9280118484489139,,0.8980766529542957,0.8959887426819179,0.8983780432320677,0.8953258918379435,0.8983639893094301,0.8933010887765663,0.897585787965,0.8950412520647609,0.8963014168486869,0.8921120663347705,0.8946225930384168,0.8970097240321537,0.8962640917301787,0.8984313031049409,,0.8928372211749693,,,0.8960493237469598,0.8922555614510067,,0.8951679504278548,0.8940637417182545,0.8954697871171746,,0.5181695752382901,,0.5161059024513138,,,,0.8740291639596043,0.8591831975693087,0.6583491233880677,0.6607827282683149,0.6591917115866759,,0.6675867743237391,,,,,0.6686120554024819,,0.6680200940990583,0.6668920840582007,0.6669347675297117,,0.6677250465901682,0.6685940888464369,0.6682055445623496,0.670176365823939,,0.6683838192047479,0.6680248598076601,0.666659730956228,,0.6669674283860519,,0.6680475723917033,,0.6662626953618359,0.6659485151695306,,,0.6683347449307238,,0.6657136319195844,0.6676474923763831,0.6673510462632635,,0.6682857740028483,,0.6695268581198438,0.6687324172960071,,0.6663909010698769,0.668159647536456,,,,0.6683674427797544,,0.6677036292792006,0.6673672517924711,,0.6665199681025454,,0.6659188471206352,0.6657603672519704,0.6665604233679852,0.6668026113227098,,0.6680913365660812,0.6681461968740645,,0.6679916930051354,0.665685495663152,0.6687112207474594,0.6678283934222178,0.6663436269382098,,0.6690994708162178,0.6675386282142859,,,0.6696731914810989,0.6688644797789219,0.66710984213282,,,,,0.6683528354682359,0.6680912451476674,0.6665772827261724,0.6676436335843343,,0.6669692739710962,,,,0.6673886329289069,,,0.666873440327238,0.6674389123428208,0.668001052651632,0.6664310356252586,0.6674848515452401,0.6686729750831267,0.6671083447762872,,,0.667463456576349,,0.6665912394185162,,,0.6662782966606926,,0.6667949759279292,,0.6686154544926867,0.6670506284945299,0.6696341841456376,,,0.6674604639354998,0.6649413034935169,0.6682474368900247,0.6676621281826408,0.6667641996284712,,0.6684210869289792,,,,,0.6659544041526306,0.6672733701825252,,0.6682243984341018,0.6664507905068021,0.6656372387885154,0.666457510922487,0.667239060084857,,,0.668448378645207,0.6668722752262035,0.6668577968629044,,0.6670151060029291,,0.6675252945439853,0.6675684772514102,0.6664858977890635,,0.6675105777478757,,,0.6687102390288343,0.6691603549690945,0.6673224374131277,0.6665312675638575,0.6658407063011751,,,0.6682351649681856,,0.6659479590916302,,0.6692788875494875,0.6660741279277672,0.6669111582013266,,,,0.6682693910966807,0.6669167695176591,,,0.6661425973984497,0.6694587892047004,0.6216375963086953,0.6219248637626652,,,0.8677542169421938,0.9265384334150687,0.6188506159366153,0.6177230396108632,0.8586312520989249,0.8605784469040182,0.9337847745647639,
4,4,DG_8pct,16,Z10_F05,10,LL_AB,175068,182000,True,4147.537293747824,4150.145589133033,4168.123864496174,4229.277839326599,4199.214894978753,125.50670075629071,10.891807550389375,4391.561145932482,4412.231333091552,445.6482038057478,442.6502867173342,288.3778249824189,2.843615018896045,12.946502937979618,19.509701416074034,11.883124133975949,152.25979762295762,19.647111103189342,33.626663673357676,397.5683400469799,,0.718906836258152,,0.7738824247226884,,,0.6468346908682564,0.5572948339911982,0.5553068869615323,0.5547467774518512,,0.6249839812070963,,0.6244048387018218,,0.5577246300361284,,,,0.8002783282376063,,,0.5546944349589605,0.5550604357973379,0.5571474339041501,0.5587100972451341,0.5504437289082235,0.5502123454887984,0.5512488106546917,,0.5579916284156827,0.5587664474472995,,0.5567471265578694,0.5566035595475912,,0.508519955122425,0.509258908654664,0.5079853109713051,,0.4992211612284965,0.49947558871426573,,0.4988002100372549,0.49946691908818797,0.4981975455605029,0.499263621288386,,,,0.499659791305438,0.49863646533670913,0.4996599905520162,,,0.4986852756903075,,,,0.4984989295517733,,,0.5462717520903265,,,,0.5455822909296698,,0.5462690002944746,0.5462090424325352,0.5460431147991335,0.5464732716494269,,0.5468247596130406,,0.5486702342875247,0.5463235327136909,0.5481557666074267,,0.544880312420126,,,,0.5473431610186924,,,,,0.2010112695431641,,0.15909047811035634,0.15867079816522178,0.15851882545698667,0.15877636075103313,,0.19634782735477846,,0.19638013246268834,,,0.1958710873177534,0.19626352244703524,,,0.19625885255118988,0.19597104689485642,0.19666078437796394,0.19612549826538941,0.19630029992044837,,,,,0.19680035022129838,0.19606842319306964,,,,0.19626939904190244,,0.19635857608153204,0.1959525956538352,,0.19595078082426887,0.19589011134611664,,0.1960449221634505,0.19588076161331439,0.1958309672102658,,0.19611925548269715,0.19628671080382257,0.19549624208957908,0.19609580001531285,0.19563598964580062,0.19577775928385793,0.19575498542685857,,0.7613440691416291,,0.7651197273032435,0.7625369632418004,0.7628821517465121,0.7625484933745655,0.7634239821937464,,0.7655196296564084,0.7652078807385949,0.7644649405941891,,0.765526172896602,0.7637018369581487,,,0.7658923625477966,,,,0.7659462207147673,0.7642448348279844,0.7630538767236196,0.7644163162997696,,,,0.7644795951758712,0.7656367132345465,0.7659100760730232,0.7642038470473406,0.7619890335170751,0.7639449087416186,,0.7633205710150329,0.7635671095546339,,0.7655422750842692,,0.7636017992294679,0.7628255413098805,0.7643288193623627,0.7622569326151791,0.7636446574802691,,0.20176288373467752,,0.2024370860754363,,,0.20212530630003586,0.2017763101930223,,0.20247557842534475,0.20240739099333327,,0.20185621419671,0.20144972516608745,0.201360994174133,0.20164256030811867,,0.20215471378182945,0.20099124041584723,0.20195026385218115,0.20137041721577706,,0.20161095272508356,0.2014690490067073,0.2020815195982718,,0.20153908591732858,0.20132570264071098,0.20199808271871228,,0.2016561483699251,,0.20112899202773254,0.20159247371436492,,0.20255752014704426,0.20189905634649113,,,0.2018281494117958,,0.2016474888537762,0.2016455286596562,0.20199706357691585,,,0.20180968567773286,0.20136586687216812,0.20147087961847196,0.20162259285011844,0.2016127109636025,,,0.2022595881126679,0.19282839312146127,,0.19295274187680816,0.24252432686501063,0.17043937509952214,,0.14532069063855702,0.1449622794205628,0.14510235552437892,0.14508573548042417,0.1451601090463152,0.2717980213187112,0.2714371740389507,0.273038948063992,0.2719657268371812,0.2720835714284456,0.27237285540274403,,0.2718299976267886,0.27209084132319455,,,0.2726937719162943,,0.2720036668942666,,0.27194526982951284,0.2718123443030793,,0.2723327098243107,,,0.2719368574530897,,0.2722560074256026,,,0.27271593114847553,0.2711224008049304,0.27171367839468485,,0.2721329959815202,,,0.2720363491908376,,0.27242799330040407,,0.27237150011169997,,0.27221801076963253,0.2515926114170406,0.25131126989384694,0.25188909477770033,0.2519082841283127,0.2520662596456176,0.2515647336546203,0.2518035594366808,,,0.2520587805987929,,0.2521074729837466,,0.2515715697546466,,0.25195421434362214,,,,0.2519030877284329,0.25199705049175053,0.2509482829236126,0.25160552899904187,0.2514714090121679,0.2520196011984641,,0.2516655142854896,0.25157935452693536,0.25181609152530887,0.25159994430498955,0.2519637240993086,,,0.7680464727955072,,0.7721790288916458,0.7706732736745433,,,0.7712740215565288,0.7730234155816574,0.7731413735670295,0.7712128959809602,0.7705831159417399,0.7722065327826838,0.7705091179329707,,,0.7698887689907276,0.7717893782424524,0.7752123654248974,0.773728733030093,,0.7722067383934339,0.7703749867613355,0.7710025715423401,0.7723448849501556,0.7692026125110237,0.770289038631375,,,,0.7735242994895093,,0.7712323869853427,,,0.7725712874482572,,0.7725141631891684,0.7696531340804923,0.7729139449067292,,0.7723278709134204,,,,,,,0.7719754191256778,0.7713074575440164,0.7692656984812483,0.7723039002963579,,0.7731216239660297,,0.7707975870170404,,,,,0.7695953810297999,0.7700568585271125,,0.7702630567114379,0.7715735394806398,0.7730513566570768,0.7720804984243658,0.7722184665774651,0.7725756708215712,0.7719236785067669,0.7730290119076689,0.7745620895516206,,0.7725675078797931,0.7730275249609881,0.7726770927668747,,0.7750449196122402,0.7721166161819725,0.7720854742711598,0.7741748393536351,0.7719886956229094,0.7725061705126238,,0.7718148871543381,0.7741458298002817,,0.2919360001448936,0.29101990057590515,,,0.2831109765562085,0.28271187922229046,0.2824040660499726,0.28279159162755824,0.24102989288138935,0.24050195859493523,,0.24076665982508227,0.24068064124680777,,0.17376601503382544,0.1764907842213656,,0.14648033235196886,0.14599729920171528,,,,,0.13870869478167278,0.13865792785164008,0.1383422828052017,,,0.7835416516995068,0.051897951156290555,0.054072484632676915,0.763789960051388,0.061071594999341255,0.06302717501084609,0.7555281372825189,0.0705781925609623,,0.07044183931584588,,0.07032774473392636,0.06822370428971646,0.07039863803649068,0.7503179555867682,0.08399018056288994,,0.006310742169828337,0.006312345881340903,0.006305061974594539,0.006311976888591608,0.006297398145401706,0.006298795734546438,0.006329989259210563,0.00632268952492911,0.006332401803725456,,0.006290177681428494,,,0.006301730082024168,,,0.006328649946918989,,0.7223517950854962,0.7222107866978218,,0.7243368990971593,,0.7277977366655805,,0.12474782568539647,0.12487810231836334,0.12498836070421696,,,0.12687575021258496,0.12693142307516583,,0.7087767512295604,,0.7099584494831735,0.006365946883510823,,0.006377452488840368,,0.0063707767213414075,,0.006408655201335014,0.0063900968182125815,,0.006388957380755859,,0.0063824385237459935,,0.0063808284744277,0.006370171619055924,0.006381041659974255,,,0.0064003556457415825,,0.00639192765371427,,,0.00639134516502065,0.0063844221492309556,0.006382751735185508,0.006384627130346294,,0.006391233738589313,0.006386074170542813,,0.006363840257775542,0.006372172613609966,,0.006353884975148396,,0.006382257349123402,0.006367891455247213,0.006406770813584298,,0.0063902507529520584,0.0063876988895845135,,0.006364623104966849,,,,,,0.006389332342776443,0.006394745636886284,0.006406513413206161,,,0.006380524923626938,,,0.006368986281418272,,0.006393068511999866,0.32536810716582754,0.3261977265359863,,0.3248543625710238,,0.32529819450071495,0.3249508036273336,0.32520443358112755,0.3259721856091756,0.32462692435813173,0.32482109654934277,0.3249570682067836,0.31680721941694884,,0.31729492115452723,0.31698868382212114,0.3164137855387784,,0.31653416607070795,,0.3162319673599567,,,0.316636170302948,0.31646266654560684,0.3161711702362438,0.31570584785357564,0.3164068271637688,0.3167915131378264,0.31668125498282584,,0.3255258647122866,,,,0.32559713080706276,0.32551331510328035,0.32513932243616744,0.3244685226311156,,0.7716367245694189,0.7697359449003919,0.7709309777634346,,0.7717860004417127,0.7703072595583587,,0.7698636875778535,,0.772962672680229,,0.7711302896000698,0.7739895209088233,,,0.31669848188674776,,0.3168194177544465,,0.31653074802723197,,,0.3166312401824941,0.317706969565197,0.31611068452025554,,,,0.7716809199385339,,,0.7719913616062282,0.7729642641275006,0.7703866646117244,0.773166359195976,0.32510973589883696,0.3253198363850786,0.32582683466590145,0.32605200343745894,0.3262911386735963,0.3251485344097804,,,0.3263614964103121,0.32617079109079494,0.3250320561548058,,,0.3267685168672916,0.3259684097573363,0.3263858793219848,,0.32532558042181176,0.32662167775879425,0.32480501615998103,0.32547512965793163,0.3255568380445224,,0.3258755874835176,,0.32546894479035443,0.32640261639636275,0.7752235298665511,0.7742696049980653,,0.7746719271749932,0.7700746801452957,,0.7727955097969226,,,0.7735243994159987,0.7744606555497161,0.7706734095348187,,,0.77463189317391,0.7744748990817726,,0.7726028114367558,0.7726790003256961,,0.7745953232973691,,,0.773515519013451,,0.7727196518841273,,0.00621331658278762,0.006213543398668775,,,,0.5233099543912663,,0.5153024060836928,0.5150833774992336,0.514646398343449,0.0957897450628382,0.5552650100981267,,,0.5543138957949463,,,0.556764954168337,0.5554744252809253,,,,,0.5563011942331634,0.5552819925801474,0.5565948599121837,0.5554291134974959,,0.5551447265834154,0.5537018637276332,0.556492437578335,,0.5548132517170791,0.5565050505350613,0.5557468882407657,0.5557897080840325,,0.5548493491347998,,0.5554170049256291,,,,,,0.5548452723543752,0.5535737211340531,,0.5551376483917776,,0.556648832441869,,0.5563428210481327,0.5551696929707542,0.5532599394846872,0.5550745460140852,0.5553180175854149,,0.5555056077873733,0.5551651780882638,,,0.5557214088158268,,,0.554986115860617,0.5553243922084482,,0.5553957331612793,,0.555695100151411,0.555597581387767,0.5546738776537954,,,0.5562573471544023,0.5563379468534266,0.5548695938090463,0.5571304593912971,0.5560284327393534,0.5557446664767595,0.554695348252546,,,0.5551974767457583,0.5558730225495729,,,,,0.5565949138900069,,0.5566028319745134,,0.5533615149938148,,,,0.5558217117258517,,0.5555386105032476,,0.5545776236048016,0.5563774283585157,0.5538817280369356,0.555676883995871,0.5550586758431667,,,0.5574761839619612,,0.5561748566778767,0.5568182828212633,0.5578659716246916,0.5544988065508617,0.5561311641856586,0.5575520450949254,,,0.5571735608844985,0.5546431698352138,0.555565252110645,0.556235159388525,0.5574946033113873,0.555885493594653,0.5545199071067022,0.5561956705145965,0.5554973015195918,,0.5556916272742402,,,0.5576162154747689,,0.5570354383972186,0.5548234522262949,0.555990182142483,0.555214858118197,0.5568810083616718,0.5577525033825629,,,0.5560097661153254,0.5550948624191562,0.5565288269820666,0.5555013144898369,0.5570567807819001,,0.5567889313867439,0.5560510177739136,,0.5554138322331932,0.5556519384169163,0.5554024844772173,,0.5552496664028825,0.5553486477737918,0.5563216341918694,,,,,0.5566977889853152,0.5572728535217705,0.5539667861066908,0.5570371055884114,0.556281069637486,,0.5580773326706655,,0.5557877144523413,,0.5562947357944158,0.5563949507828364,,,0.5565294383432317,,,,0.4680740086690352,,0.5768544169678751,0.5207885540672376,0.789882164398542,0.6237466311728617,,0.5576366987928032,,,
4,4,DG_8pct,16,Z10_F06,10,LL_AB,223585,221729,True,3941.8734232923875,3938.0950053432275,3919.3214531482113,3974.026256890848,4008.3548623633496,114.68890589785353,11.714928422212596,4116.715503487231,4133.701216412314,431.0411533363793,433.76291933987426,281.28451721335796,3.022894629193868,13.45841337361616,20.040127323983867,12.682256341677125,136.94666530903623,20.233715653996775,36.08414021934274,372.12510312936104,,,0.7310950660815042,,,0.8556509670658147,,0.5760531740243574,0.5764446894542543,0.5745572472206198,0.5734444443378668,,0.6474346408193141,,0.5783754723478274,,,0.8115271966052794,0.8107951044334433,0.8067494668810572,0.5751135604244184,,0.5753802734556692,0.5774572232487655,0.5768028045329804,0.5775962337467472,0.5704270000497104,,,,0.5774416515703386,,,,,0.6154083512653329,0.5293392934450287,0.532014175756772,0.5300023497940022,,,0.5235197305276199,0.5217497330814881,,,0.523218833980212,,,,0.5232536522941452,,,0.5238268246578817,,0.5229213988178054,0.5230738073748364,0.523273295869904,0.5801691999413032,0.584572576784169,0.5215865922990145,,,0.5750076740941621,0.5737163721587255,0.5768726097354254,,,0.5765321732733075,,0.5767101633173265,0.5756549721569032,,0.574077602726378,0.5744260508131954,0.575471345967505,0.5755507569547036,0.5751945158465755,0.5756317871400748,,0.5760806876203642,,,0.575487435968725,,0.5756602641659865,0.4740365162327193,0.476480091839175,,0.24139740870978493,,,0.19566885092166897,0.19622751786460293,0.19519702103237102,,0.24711682475909164,0.24809456232846316,0.24735359052549544,0.2470107582296405,0.24763656272515758,0.24748139419222168,0.2467957204402376,0.2479693923155394,0.24763919362892078,,0.24758985946309495,0.24740951619516116,,,0.24741174628094648,0.24730119936509842,0.247576506829595,0.2473857099625929,0.24779751749471424,0.2481912733075623,0.24682109144090483,0.24695468662503045,,,0.24812999907878056,0.24772850588019113,0.24716205197043556,0.2472706197625038,0.24715921424205742,,0.24724883949900392,,,0.24731796320972427,0.2471474087016888,0.2469078383213458,0.2470825974578453,0.247473152974737,0.24762869969101575,0.24745778813320307,0.24658843401368388,,0.247543736306446,0.7730071621059103,,0.7751989018928909,,0.7734709516620524,,0.7740708617947887,,0.7732323077700829,,,,,,0.7713176359763577,0.7731612835274537,0.7726765588918095,,,0.7721970505639062,0.7733502493826889,0.7713013709797784,,,,,,,0.7715747225138098,0.7708095745240411,0.7710052203558426,,0.7737346797800008,,0.7704592047529223,0.7719833276476089,0.7718328911974491,,,0.7721644032612535,,,,0.7709939615622418,0.7711084821958987,0.2431747665909173,0.24239511919154,0.24208206746674382,,,0.24293618889177415,,,,0.2436003359004929,,0.24299984508358127,0.24290625640603433,,0.24216332716523473,0.2434145985061172,0.24254900863779572,0.24291210394416496,,0.2428056185980337,0.2426283434284218,0.24306584003669873,0.24240709489774692,0.24241896665272353,0.2423184173520998,,0.2425885685307376,0.24286877764053524,,0.2420669300550678,0.24244035400797245,0.24246079422314185,,0.24401176113561063,,0.2430033596026559,,0.24251278767117349,,0.2430151384425601,,0.24230651791067848,,0.24281809181960265,0.24300663756762522,0.24259119353945288,,0.2421300300924607,,0.24255758039225797,0.24287344148591034,0.24243735622575546,0.24330064231029846,,0.22731572655623805,0.22658647878185423,0.2887151938824592,0.22304515517369156,0.1828620574251986,0.18302082674851242,0.18255766605155416,,,0.1827081601812615,0.31573651812789755,,0.31659375753550706,0.31621201547534555,,,,0.31690404225625696,0.31599073789828314,,,0.31537422067500337,0.3161268930028405,0.31576964571409716,0.31532764158386967,0.3155930388204548,0.3162263593309421,,,,0.31577547730425704,,,0.3156233116438625,0.3154198156081987,0.3151337487097616,0.3167134531802124,0.3150447299061507,0.31553456503196586,,0.3155937211103473,,0.31575288495331627,0.315419411303605,0.3162226195291052,,0.3157552103604477,,0.3154781177318737,,0.29682109779222793,,0.2970635503333982,,,0.2968924852945238,0.2969118556444979,,,,,,,0.29728328279674265,,0.29797055916972864,,,0.29847080982064206,,0.29730725964470783,0.2970081149766119,0.2972647084119513,,0.2968749893736255,,,0.29693801482301696,,,0.2967046663989503,0.2966478427661671,0.7803638293137736,,0.7775735522389035,0.7803412428547507,,,0.779586726889534,,0.7803772567895749,,0.7798501441286506,,0.7821816264470485,0.7781312718148193,0.7789657675462414,0.7816033368681676,0.7805694217488357,,,0.778740187687999,0.7793740425934841,0.7808029493159375,0.7790019782915906,,0.7796972164125038,0.7779942134021159,,0.782077157924224,,,0.7815443666703608,0.7803724535344256,,0.7778995772734435,0.778182041000754,0.778965207396491,0.7810491745148838,,,0.7778245243786028,0.7802936455660315,,0.7807918483711584,,0.7786788595571531,0.7795646583833643,0.7798100107694418,,0.7819853129250819,0.7803002826642798,,0.779205517016141,0.7799222785363308,0.777931371440286,0.7798874402785554,,0.7801528468093466,0.7792623487090082,0.7805986519715153,0.777854752146375,0.7817480394547084,,0.7800486162419868,0.7812601008909369,0.7787318928393234,0.7813458571935755,,0.781258828679055,0.7771882501239931,,,0.7821283845298189,,,,0.7811419143902947,,0.7810788510269605,0.7804021070300953,,0.7784060308987689,0.7807902458237896,,0.779496827740306,0.7820315171329684,0.7798829620446632,0.32697363036112026,0.326140492204937,0.32663049738925615,,0.3256523094783554,0.32598806540951414,0.3259382446835286,0.3243770230156022,0.3247853840007733,,0.27206078988883964,,0.2721114533628931,0.27176026946228715,,0.2256706952102632,0.21958384844719772,0.7832195161381286,0.18352722271124217,0.18337880762555872,,0.1801338803380529,,0.18092555764350343,0.17680659312093647,,0.17635489811714658,0.032679882752971116,0.02628245510653886,0.808293398320761,,0.08374893000675114,,0.11021431634728894,0.09140054483178646,,,,,0.09720426586798184,,0.11689941490658383,0.09745301102840681,0.7623273027099619,,,0.04662204612427764,,0.04669525321110568,0.04660160906015344,0.046687509392721815,0.04667011021438806,,0.046671090074120056,,0.04662521386017281,0.046703881266924804,0.04658732128759956,0.046680132727563786,,0.046551584149204,0.04662296002120478,0.046777946663294254,,,,,0.7370524597170512,0.7390385407629064,0.7444506701670927,0.1700693185164399,0.17007243884854772,0.17054296992616522,0.16965149591523038,,0.14714054061790516,,,,0.7264392877321445,0.7270787978271341,0.7268718034373346,0.04705856431534193,0.04716452477026242,0.04713064181111902,0.04725761826949845,0.04718243880644687,,0.04712046789619911,,,0.0472836948375764,0.047180701124724604,0.047183752596474324,,,0.04704734959898424,0.047219084095758916,0.04730549503870928,0.04725540471714569,0.047120314926486905,,,0.04725366436533216,,,0.04722319213990763,0.04707102827155054,,0.047262823837992254,0.04725209104976387,0.04721294025248255,0.04718423063808505,,0.04713269339434139,0.04712366968969709,0.047000130771143386,0.046980050335773196,0.047139627115189334,,,,0.04705722266889718,,0.04709872166138275,0.047116607653159975,0.04706078860754315,0.04724988517781147,0.04733207281681006,0.04717753139982819,,,,,,,0.047119816986098975,,0.047128055704201685,0.0471522970884866,0.047156194779210805,0.047040757910435924,,,0.3579048159791057,,0.35679487012988076,,0.35854619395986154,0.3575565603701993,,0.35732726036121065,0.35750951993758656,0.3575506374906511,,,0.3562844812401531,,,,0.3555010642191978,0.3563471344087211,,,,,0.3556436457158745,0.3558621013967269,0.35635529909094016,0.3563245950265762,0.35565987969924645,0.3560462746916987,,0.3585106707194702,,0.35840323149388065,0.3576280103374602,0.3574527144748858,0.3590442035972898,0.3592317296360209,,0.7813937098166684,0.783648450226792,0.780714534808891,0.7802307309776177,,0.7799070358238582,0.7813641057792501,,,,,0.7829058219984931,0.7802592484576917,,0.3564857029292921,,,0.355487278651617,0.3573984769805065,0.3573726459920214,,,,0.35663663067321016,0.35557989966252124,0.3555438447508732,0.35163724695742016,0.3545877162247495,,0.7812359434756073,,,0.7822554951889505,0.7805292732811127,,0.7822480171219844,,,0.3573068354353864,0.3577807163041813,,,,0.3582945498230001,0.35792040844009837,0.35820242814106584,,0.35747840567512634,0.35876307308675437,0.35766957684296957,0.3577013549399797,0.35871198032774493,,,,,0.35825034231814185,,,,,0.35831518808244034,0.35776784187104266,,,0.7833368423144615,0.7837923624617477,,0.7833480100132041,0.7838775686358249,0.7815042315471279,0.7805779076798935,0.7821773092570665,0.783495475867798,,0.7821316260567975,0.7813793255962238,0.7844802895033408,,0.7812318853896021,,0.7811560175513339,0.7809515921533439,0.7818494517960735,0.7801508710833778,0.7806039547838604,,,0.7810376527498297,5.774087157808598e-05,,,,5.77555296051539e-05,5.7677459223937994e-05,0.5453735791503449,0.6003173563236341,0.5384904655462625,0.537709003055385,,0.14281689803070613,0.5748100993489635,,0.5780500407368278,0.5762529202821125,,0.57627789517347,0.574902289539971,,0.5770566109343745,0.5747571253357853,,0.5773134202479236,,0.5766184239996334,0.5765026970908904,,,0.5767761976749235,0.5749664699905623,0.5770889368563092,,0.5767210793621139,,0.5760151446658672,0.5766285343425881,0.5760538287229264,0.5761808785730389,0.5782958255731871,0.5774418224331229,0.5776084805150948,,,0.5780732621546626,,0.5770268290115373,0.5760884944924876,0.5767945907145507,0.5778295867345572,,0.5752661468729395,0.5764518233851974,,0.576296159436512,0.5765340078240585,,0.5756096509137271,0.5757643658450288,,0.575521686993015,0.5794747353758329,0.5761458252424341,0.5761111682493567,,,0.5768279780320138,,0.5763604320798589,,0.5759140092155599,0.5748851868585546,,0.576639847457425,0.5757508410476669,0.5756051689653563,0.5761262084440246,,,0.5753278014460974,,0.5756429241655858,,0.5760703549630437,,0.5756661589675991,,0.5773979000660505,,0.5768916406873366,0.576998962162599,0.5756621461211398,0.5763656951619857,,0.5758735909634659,0.5779570975313613,0.5755905812270935,0.5773020264772392,0.5770827545436945,,0.5773927462811198,,0.576640182261634,0.5770193346334991,0.5776043629260535,0.5761797570518594,0.5778823607900627,0.576209932013799,,0.5774504520812672,,0.5767172320969736,0.576458921906471,0.5769569543106873,,,,0.5761574404863848,0.5769690557458399,0.5757459279483103,,0.5777060324494991,,,,0.5756294388087356,0.576183539476048,0.5774159398090437,,0.5745711718993037,,,,0.5775326605914455,0.575120119935905,0.5769077932561526,,0.576388426522191,0.5774938743840169,,0.5775278183567466,0.5771214140893288,,,,,0.5753787405831774,0.5777124748896992,0.5767971061762817,0.5764950818998652,,0.5762861497545229,0.5758106539540505,0.5758312685240946,,0.5780221859264653,,0.5764596229844704,,,,,0.5746943417257261,,0.5776269121528448,0.576109158292775,0.5762720974576762,0.575778921246745,0.576377862644426,0.5766436242198643,0.5759358192734116,,,,0.576820390564189,0.5775020410068341,0.5759578221170126,,0.5776061753127479,,0.4922663726481651,,0.49458423594507084,0.6046498186993289,,0.8002252196530116,0.6472276573071589,,0.5766801159145913,,0.8084869786141488,
4,4,DG_8pct,16,Z10_F07,10,LL_AB,175085,182018,True,3802.4247980553255,3844.4820873026315,3856.0587096002164,3892.3864683248976,3866.075145087077,110.91931695633242,11.322230694943931,3995.1697203512003,4037.50152031763,514.3262078679747,514.4206870855913,332.2634463672713,2.747488336365361,13.268410996707988,19.810351636591292,12.320366634224646,126.05969316523446,19.182152992017254,34.60987864620353,413.2220448177572,0.7398807607484261,0.7387639519542728,0.7398984168743675,0.7907162095808025,,0.8454018934265959,0.6723231939152827,0.590035429762233,,0.5930615346071432,0.5826546014108878,0.6574877149207136,0.6575596093555537,0.6592377620602081,,0.5898950364793193,0.5889912022074282,,0.7974921530287201,0.7993361890639097,0.5911936633917164,,0.5907317579352974,,0.5921471504612252,0.5939190572917793,0.5867749963211943,0.5859442400650384,,0.5935206884379526,,,0.5937503642319537,,0.5950316045828702,0.6269209459873021,0.5471771574111067,0.5451014061142094,0.5442491864103726,0.5391795033153073,0.541040162290421,0.5385856772558445,,0.5395547650478176,,0.5422151451326449,0.5408416182628492,0.540555686344919,0.5401441873444408,0.541913558494217,,,0.5406474465985852,0.5418237378384135,0.5409290345460186,0.5389747212287516,0.541963044494401,,0.597359683431683,0.5341905016504448,0.7819538220325533,0.58972007726753,0.5894544470548598,0.5885167750804394,0.5900044314482817,0.5897604663992144,0.5906650291187441,,,0.5904448875591537,0.5888058536848814,,0.5875355463282134,0.5885295034922824,0.5872471085907418,,,0.5894435744941715,0.5883031890235407,0.588980954582055,,0.5895895888761918,,0.5905583578101135,,0.4958025879949947,,,0.25312022185168753,,,,0.222898935697744,0.22302439347305325,0.22255397886662984,0.2737331109547829,0.2749494701891895,0.27384642728651565,0.27409763667515197,0.2742716077049658,0.2735874867004704,,,0.2742237415069178,0.2735767656296765,0.2737285878574959,0.2742483949825603,0.27362838640181175,0.2739265703555152,0.2738037173578087,0.2735285115631737,,0.27444277295770186,,0.2736756530842801,0.2729052315751363,,,,,0.2733492133336496,0.27348608857207,0.2735060833436748,,0.2742423695484172,,0.27442169865369975,,,0.27361343962619966,,0.2738432940576753,,0.273644576121394,,0.27266528274539126,0.273115653653373,0.273679492785733,0.745219578533227,,,,,0.7458510251888001,,0.7448210246227038,,0.7456540862333523,,0.7475936412306264,,0.7464781174767978,0.7454903343515784,,0.7445682786238691,,,0.7475677491872659,0.7431293070613239,0.7450402890083765,0.744073805426875,,0.7450964532520415,,,,0.7465954615547199,,0.7442705100123208,0.7454976202154576,,,0.7480825599208814,0.7446962355473142,0.7435089765978103,,0.7435534840985879,,,,,0.7446657476929227,0.7445847729867807,0.2548675801739872,,,0.2540858069621713,0.25533047747395676,0.25513127600813057,,,0.2542393107449324,0.254859130426178,0.25479066577401754,0.2561670457799623,,,0.25497832264055575,,0.2553690538492696,0.25569949867461195,0.2545947409601437,0.2554262383951019,,,,0.2553019556270302,0.2552233366364424,0.2551599861483679,0.2553039105310443,0.254414010454528,0.25524835633976395,,0.25501391443205124,,,,0.25532671705182725,0.2555020592697639,0.2543661554408113,,0.25472039389702,0.25519797398561217,0.2548641363917849,0.254902150439778,,,,,0.2549446363099212,0.25544044938320576,0.25368028389539576,0.2549393656307679,0.25543206368263427,0.2552775728469451,,,0.2519663474668124,,,,,0.2111119899132388,,0.21186875277292427,0.21171794497476662,0.21115456517401762,,0.33942332011300885,0.3390756850564963,,,,0.33884108835828003,,,,0.33988593517950333,,0.33957418906656633,,0.33926980917603494,0.3391375854867565,0.3390805089707007,,,0.3394386890055574,,,0.3388154490907818,,0.33861631951579924,0.3393083684191998,0.3395537628023429,0.3382803861799965,,0.3387531752571285,,,0.3381728972741958,0.33808853088188123,0.3383846196927781,0.33945899035421606,0.33744418140669136,0.3391544027619804,,0.33931917056255023,,0.32112356224125294,0.32144494086741415,,0.32070469012787767,,0.32074879128419626,,,,0.32145375344760513,0.32058095881198123,,0.3217433909613799,,,,,0.3207921812765866,0.32098049442711485,,0.32085814597908946,0.3203828588181559,,,0.3206330878939778,,,,0.32136351005230196,0.32127396344150916,0.3210948486512808,,,,0.7569409598580692,,0.757287680090928,,0.7571888189304842,0.7569341212575905,,0.7576209295101419,0.7545267689877992,,0.7569509502076949,0.7557909361069468,,,,,0.7558405918373033,0.756444708483575,,,0.7521505619698153,,,0.7524983450588979,0.756212708654162,0.7539369350347976,0.7559178055774783,0.7562265259149469,0.7552180491313926,,,0.7575882509746367,,0.7562554350948801,0.7562370433723273,0.7565485322266353,,,,0.7567876389312254,0.7557615646111371,0.7554454400881454,0.7547884469372307,0.7575404927566554,0.7568023688426772,0.7548546870934864,,0.756438699130708,,0.7599453766877293,0.755305107215115,0.7565528101955888,0.7561571172494052,,,,,,0.7548618473606997,,0.7564450633254719,0.7570428966807616,0.7565663992290467,0.7545272369324397,0.7548490825653088,,0.7561533108565879,,0.7552971150430435,0.7552384579237547,0.7537004403744534,,0.7569665364023292,,0.7546476435933277,,0.7552512430819732,0.7577323691898425,,,0.7563725470807091,0.7572978329629786,0.7560028010380182,,0.33512882986375025,,0.333960421430085,0.34889614060181895,0.34834465697032013,0.34918985331429947,,0.3492002299081095,0.29412854732186594,,,0.294586573466714,0.29587359902183474,0.29517546139014067,,0.23526006814529554,0.7537523690558601,0.21160456928838903,0.21226059382589998,0.21264912337380432,,0.2079686664189276,,0.20332131344676244,0.20366579756667672,,0.10531783756591558,0.08827606503413418,0.7604466530223511,0.00298815309911292,,0.777876112433009,,0.013356837585685184,,0.02164793120971062,0.02167530821755447,0.021650029357050894,0.021670267400488642,0.021691828377627845,0.021765184376706864,0.021640708570665152,,0.03737120120431018,,5.6840473972716304e-05,5.690919985150809e-05,5.685085899565491e-05,5.69654957374929e-05,,5.715535112262755e-05,,5.6866909410294785e-05,5.6873132995424524e-05,5.687545874354095e-05,,5.6902599909464266e-05,,5.699632906397898e-05,,5.69053862917392e-05,5.6900437506617646e-05,5.697959606753598e-05,,0.7314448896202965,,0.7325793727732182,,0.741565067490514,0.0865118391787598,,0.0866991926295767,0.08668419149390297,0.08664243000346826,,0.08631762822169944,0.08660723923196369,0.7167906670645531,0.7198419907703989,0.7183416446099538,,5.751156144111315e-05,,,,5.761507010132135e-05,5.753754538155161e-05,5.750485789256889e-05,,5.7527474920176976e-05,5.759603056536497e-05,5.746918630000763e-05,,,,,,5.7666102116289206e-05,,,,5.748710153832164e-05,5.7477441554737244e-05,,,5.769512042090315e-05,,,,,5.733949815100666e-05,,5.752760011376226e-05,,,5.75812232732189e-05,5.7517217151119614e-05,5.758437989690796e-05,,,5.736644844799458e-05,5.747147665712521e-05,5.7542042736581986e-05,5.7469570545559204e-05,5.7411631617890385e-05,5.75177315624602e-05,5.7369407363374985e-05,5.7472556816286114e-05,5.737173400429414e-05,,5.741852237724811e-05,5.7492596901875256e-05,,5.757150867131936e-05,5.7668128215118295e-05,5.752201391667305e-05,5.766270406957535e-05,5.7373108232192056e-05,,,,0.3655695634912579,,0.36458595775942376,,0.36519175830413286,,0.36452360359369546,0.36448135659574127,,0.36432011379945184,0.36523538158143937,0.3653552286335391,0.37730718794855805,0.37678739304324516,0.3771014298811923,,0.378223499342749,0.37816382244671776,0.37732531726764645,0.3779483000360747,0.37759581233179024,,,,0.3782714371442186,0.37661821799723355,0.3786206456306783,,,0.3769685560141257,,0.36647975938130917,0.36498475263485547,0.3650951049656384,0.36599663026549556,0.3649022679806076,,0.36704392667969826,0.3654448017161553,0.7605994078442999,0.761081387012388,0.760761919839909,0.7578680849312024,0.758917638529698,0.7585878694469393,0.758609857385908,0.7581707168894544,0.7569097629298557,,0.7594977207127349,,0.7599652139504764,,,,,0.37781022186813007,0.37779566401440806,,,,0.3776430689702022,,,0.3779144308375967,0.37246702459853637,0.3756958251672991,0.3758182447026,0.7614711614575036,,0.7590295348786512,,,,0.759797266038009,0.3657740893134024,,0.3645707883114752,0.3650182435642324,0.36588600612595046,0.36519835335759515,0.3658782651836086,0.3650662851978918,0.3656628964867681,0.36493585740127715,0.3652678008280343,0.36505090683684766,,0.36638417821490527,0.36522389518086823,,0.36541058609736476,,,0.36589137233360625,0.36654133881582474,,0.36364484960271504,0.3645376307700284,0.3657579853723899,,,0.7622664774350983,,0.7631169171216114,,0.7612484297103833,,0.7624785708664834,0.7588773399647781,0.7614088226818294,,0.7575084844195495,,0.7606387167386145,0.7614457053851799,,0.7565397148545018,,0.7585964228262234,0.7585438260878737,0.7602710454696419,0.7606232144835655,0.761109842783935,,0.7572028814335606,,0.7623963337741319,0.08491222973075084,,,,0.08512162910803468,,0.5574649370105458,,0.5547545654466649,0.5554826189835548,0.5530657623417276,,0.5931122209188249,,0.5931904818288144,,,0.5912038453140105,0.5944428164287933,0.5923043998213723,0.5919213981373499,0.5914423313516497,,0.5901217294746333,0.5892755258111111,0.5926206829129685,,0.5921445429971809,0.5911317014786539,0.5942022704553159,0.593191585113571,,,0.5930314943035909,,0.5902304829530123,0.5926210610268768,0.5910376604915877,,,,,,0.5941254743973718,0.5927531219922977,,,,,,,0.5912763917692384,0.593531289973079,0.5926924470584558,0.5926425447429662,,,,0.5911339460171288,,0.5936054085658503,,0.5919174050387667,0.5940587633588745,0.5918947007082903,0.592038482072252,0.5922876536535918,0.5925296749880905,,0.5925319504823641,,,,0.5922144061221829,,0.5913070692239825,,0.5922574449601822,0.5928240424647568,0.5918681531417948,,0.5923551819084865,,0.5913321898979121,,0.5938181509729262,,0.5919291135016173,0.5926162948723028,0.5918702655883811,0.5922618938971757,0.592831959312107,0.5919695698490223,0.5922128042717306,0.5926026495114467,0.5913548601552091,0.5946069539112717,0.5928139723051985,0.593759011505092,,0.5928056951187932,,0.5928613444097623,0.5911396450225674,,0.591789055486222,0.5913499949676114,0.5914593944472284,0.5922266116626462,0.592704681288928,,0.5936903259006737,0.5920458370459745,,,0.5909057136573374,,0.5922548559344389,,0.5931960217501588,,0.5926284021011871,0.5910781469214216,0.5915145975698217,0.5928834544849504,,,0.5909071530502037,,0.5923876767811312,,0.5910998231497491,0.5918053612049096,0.5920492118401461,,0.5933529286575997,,,0.5923520582914718,,,0.59208291249987,0.5917504692269383,,0.5912861002496255,,,0.5927571785311971,0.5913205213352335,0.5925614847279024,,0.5919227426396877,,0.5922070183599749,0.5916169578877356,,0.5916537494628902,0.5919486129644665,,0.5900039619458435,,,0.5943156722810949,,,,0.5922706866601258,,,,,0.5927269647416388,,,0.5915928740502897,0.5914338968425125,0.5911541670070573,,,0.5919729414503249,0.5121056411053605,0.5125260983160596,0.510112228007223,0.6174175893613675,,0.7878727849300793,0.658789480216091,0.6575825788917632,0.5895155594590082,0.5886694968315614,0.7978616740274098,0.7975700336655938
4,4,DG_8pct,16,Z10_F08,10,LL_AB,175079,182015,True,3813.695325684831,3854.4241983671113,3827.6691362622805,3912.515983766488,3889.277667523765,111.38128150829577,11.238432168638148,4041.1876906959924,4029.291014481561,510.9071402847491,510.0745468184461,330.1073149791985,2.745210508322553,13.19847406487444,19.84339709029797,12.217030825244889,127.46617438438473,19.21946715586317,34.62404465480615,416.95310705808487,0.7408647976558819,,,0.7912999211647171,,,,0.58960456367229,,0.5883906538871836,0.582890834817303,,,,0.5874838569474649,,0.5886325168363152,0.7955820642930332,,0.7984602502088978,,,,0.5910160326838454,,0.5905150619862832,,0.5851953962277473,0.5850194373073476,,0.5895196144640574,0.5905440902133087,0.5912011575176778,,0.5904411015836044,,0.5451234080529848,,0.5452996294768835,,0.5368272466643403,0.5372371033054969,0.5387889473899272,,0.5377159998030411,0.5374081917248996,0.5377373038907753,,,,0.5390707473187522,,0.5383278369081467,0.5387596059701492,0.5396884878739446,0.5383883855734477,0.5385158007982108,0.5920238487363355,0.5955588634823884,,0.7822954956296838,0.5872478490101797,,0.586190217840166,,,,0.587887029986562,,,0.587820438705278,,0.5871622811292374,0.5892818055712576,,,0.5878261941389413,0.5864984534780217,,0.5881353327927203,,,0.5881703193014002,0.5877185854007517,0.5876206816660742,,,,0.2509019226578782,0.21984916509820046,0.21978671718625212,,0.21938148855127876,,,,0.2698615781239544,0.26911316083553877,0.26951495052111857,,,0.2696206063470619,,,0.26915513450170564,0.26933360772691806,0.2700566693127274,,,,,,0.26941157262548504,0.2694892403141043,,,0.26968542891485153,0.2694004017511275,,0.2689332827853878,0.268957519008902,0.26911830228599976,0.26939850583701,,0.2696171974192854,,,,,0.2693763263942599,0.2687019008318201,,,0.26894348460547257,,,,,,0.744991763906685,0.7439257692403181,,0.7448410959151122,,,,0.7440774410509138,0.7439573522882041,0.7461040699310433,0.7470454302907378,0.7438046685139222,0.7479771073311938,0.7461895742117634,,,0.7460777958840005,0.746907654844697,0.7439033057921544,0.7455703090427123,0.7452982019602588,,,0.7476385059223104,,0.7453907698754147,0.7447716659991171,,,0.7439498108758804,0.7460141723198316,,0.7449060444657362,,,,,0.7444616680100661,,0.7458801128952748,,,0.7466242453328373,,0.25172393691275646,0.25217509597301885,0.251715635994811,0.2515209821719773,0.2515233488016708,0.2505498397632829,0.2516801969494284,0.25237553325736384,,,0.2518519025172352,0.2519153554357755,0.2518444033534395,0.25164790705743145,0.25145282134690833,,,,,,,,0.25110873152704954,0.251358933349722,0.2517239760985531,0.2515150972034083,0.25219627349529816,,0.25190593565928754,0.25172560368685754,0.25126100785108374,,,,0.2518502654837073,,,,0.2513669963605891,0.2525121590903509,,0.25283403939312676,,,,,0.2517112284784071,0.25263196967837404,,,,,0.2525282415431763,0.250072405519239,0.24962058395942424,0.2491933099045894,,0.2456506201647326,0.20777197154887542,0.20715911581037813,,0.20732206276518214,0.2079454151551839,,0.33482950764172986,,0.3349424029910689,0.3348225749745168,,0.3358345867290115,,,0.33588791378698735,0.33532448463283926,,,0.33523085248149226,0.3351564550731401,,0.33672470785469655,0.33668435787706347,,,,,,0.3355381033782233,,0.33479949927486524,0.3349583289951975,,0.3343148044235692,,0.33433184434765834,0.3352107079772701,0.334690377691838,0.3346735964519789,,0.33557134306788444,0.33534708517354495,0.33486164696355103,,,0.33553582038145846,0.31689275562281205,0.3170561741312655,,0.3175446889155334,0.3172711376201331,,0.31655709686475136,0.3164644249876264,0.3175665070109568,0.3177221844494076,0.31686048405707906,,,0.31797485476840864,0.3172601372319757,,,0.3174922224198887,,0.3181931790498807,0.31764488860356926,,0.3168605813673751,0.3181265663508369,0.3163394515642698,0.3175208814358851,0.31748567877008926,0.317791874774671,,,0.3178772030322173,0.3172993650574623,,0.7541057585113594,0.7564402051544467,0.7563817684311701,0.7562810993287892,,0.7569790373621416,0.7561214175484844,0.756789480238474,0.7550686783635724,,0.7552446827441132,0.7545866601201094,0.7550930856152139,,0.7526858811558296,0.7546884476757453,0.7586242769560154,,,0.7547985419307504,0.7550446830693178,0.753349258103125,0.7538291210532494,,0.7527838314774434,,0.756385642573988,0.7542668103126166,0.757125734004564,,0.7546165812218201,,0.7567129238314789,0.7550987061700036,0.754165574467868,0.7560895626456047,,0.7574084085153812,0.757486193917663,,,0.7562380843632738,0.7555589755157256,,,,0.7563415551472317,0.7563180705694451,0.7564433168996072,,,0.7541394165333425,0.7540560629740366,0.7565673329607305,,0.7575214255374426,,,0.754102470988109,0.7555372521902726,0.7522393418200964,,,0.7557416785410442,0.7558746435301257,0.7539529055040155,0.754720821591633,,0.7556523652310626,,0.7536981843302661,0.756294741130249,,,,,0.7540467389314446,0.7553844415878989,,,,0.757914223124655,,,,0.3329920220690282,,0.3325718397798208,0.3319783535922145,,0.34506545478038536,0.3447301678762768,0.3439600104989906,,0.2928305151703235,0.29163223257590737,,0.29299769871739584,0.2915935576918175,0.29150283386464887,0.24766144236936036,0.23242722080952966,0.7512696241959336,,0.2091713579455253,,,,0.20481445608416404,0.1997318106923987,0.2002654136795107,,0.09959026656866764,0.08360540547524489,0.7594969067504255,0.004096705105256847,,0.7748953557290529,0.01449977227447217,,,,0.022748470082620417,0.022712741612163863,0.022677139735901214,,0.022758204953166526,,,,0.03838501532802359,,,5.713672735446564e-05,,5.7234802888504705e-05,5.725229910066064e-05,,5.740302285342974e-05,5.726535272941731e-05,5.7245210667724224e-05,,5.712064945664916e-05,5.70891481654266e-05,,,5.7192486991342296e-05,,5.73580863756426e-05,,0.7294712783432891,0.7296304569820277,0.7322211467353438,,0.738910227811885,0.0874560527156748,0.08738842390829386,0.08750878404868355,,0.08717346950158426,,,0.08711139826032047,0.7150915085045217,,0.717780186817831,0.7178510993702317,,,,,,5.785723831612601e-05,,5.781541371120362e-05,,5.796052750737111e-05,,,,,,5.7954937658331826e-05,,5.7827318595084525e-05,5.7803564986009456e-05,5.777188865162503e-05,5.788157297772202e-05,,,5.80146815376043e-05,5.770114937432402e-05,5.7756071098614444e-05,,5.7775125513112505e-05,,5.764943721866021e-05,5.79447784534984e-05,,,5.775911306334972e-05,5.788655168706759e-05,5.780777345559919e-05,,5.7809093196284154e-05,,,,,5.794545831423735e-05,,5.783160539945826e-05,,5.7815967232117744e-05,5.774289237822943e-05,5.785802391391399e-05,,,5.7649350300829695e-05,5.7813284452352274e-05,,5.786356211331933e-05,5.786214288289392e-05,5.781565185659873e-05,5.771674664062455e-05,,,0.3633703551845883,0.36221790234011597,,0.36298474941147696,,0.36195525837961784,0.3624315679959852,0.36175113269713915,0.36437962292349546,0.3627401856387917,0.362979404344354,0.3637712073051179,0.3742482886551391,0.3745137751929677,0.3745611992828718,0.37461053721943915,,,0.3734151831425029,,0.3747218503061731,0.37398338242851525,0.37464379953181826,,,,,0.3737240947737439,,,,,0.36294951196276765,,,,,,0.3636012536890079,,,,,,,0.7571499418744643,,0.7580400388437696,0.7579973854918062,0.7566509088183665,0.7599126929466924,,,,0.3752571147856838,0.37316546879741874,,,0.37469343015591006,0.37412258156128114,,,0.3741389813644563,0.37487203060876473,0.3750538712368525,0.36936776148581274,0.3730054401791493,0.37284503456824325,0.7589428916324288,0.7615328508473924,0.7590137806247985,0.7610449548193048,0.7579131119206335,0.7600029898872193,0.7606527025348844,0.36311065254945735,0.3630249761997682,,,,,,0.3624064790945565,0.3621020552235567,0.3634955888361879,,,0.36184220501090375,,0.3623823342041053,0.363378132212235,,0.3634626328574046,0.3628964845852989,0.3638666917187968,0.36397769030218596,,0.36334985025207,,,,0.36212844454605464,0.7618734058516153,0.7589383881474829,,,,,0.757850811937345,0.7604078840076893,0.7613794028506055,,0.7573829767828407,0.7562539252620641,0.7603581492855286,0.7590211482940123,,,0.7576114458892812,0.7605624147838173,0.759326278263652,,0.7595776550076058,0.7599976867725529,,,0.7585482930480788,0.7612614857699191,,,0.08073631773559356,,,0.08054444691159107,,,0.5501757386470585,0.5519277447899971,0.5521425728738633,0.054125793601681085,0.589751520446287,0.590155844781795,,,,0.5915749385989683,,0.5907013047580103,,,,,,0.59015266141703,,0.5908841499303525,,,0.5912770577960696,0.5888063505254129,0.588748815900657,,0.5906749991136724,0.590577771008805,0.5918605567884749,,,0.5894476898343154,,,0.5901306087878198,,0.5917771162368198,,0.591077270390095,0.5900535182679879,0.5901243027071078,0.5901845100736253,,,,0.5919480839308782,0.5899947014542605,0.5899696793314562,,,,0.5899330203443197,0.5897211899140227,0.5894679676719465,0.5907126599731021,,0.5911665074443262,0.5909674973186098,0.5883237127622503,0.589692317782481,0.5903963554863497,0.5896960661738241,,,0.5901455135691195,0.5907055268679279,,,0.5898108117849516,0.5891143947092651,,0.5900345651589781,,,0.5902362939768216,0.5900184188358333,0.5920734457296827,,0.5912973457241866,,0.5917049913578074,,,,,,0.5884010212971432,,,0.5897467536906874,,,0.5892859891022502,0.5904052885443273,0.5907437221882165,0.5898971175148338,,0.589879942264866,,,0.5895828431064967,,,,,,0.5909297022221354,0.5896405914086968,0.5916032567376205,0.5903463715976518,0.5892850242816362,,,0.5891895343862597,,0.591144512301355,,0.5910124050854009,0.5911367085212255,,0.5903760602344589,0.5910547692827203,,,0.590387535512521,0.5903429271670099,,0.5899126080364675,,,,0.5912143136132381,0.5908052527434705,0.5903661771744811,,0.5894064313783763,0.5903577285139867,,0.5900461657178023,,0.5897099644247293,0.5919211762470968,,,0.5907098812825845,,0.5909703114238581,0.5908858478931072,0.5901296484423627,,,0.5902349657983005,0.5883527645362622,0.5902208526682294,0.5904753500841816,0.5899634690866553,,0.589712905997279,0.5898735812469583,,0.5907302733928264,0.5890896493199395,,0.5892754538874772,0.5879093601732168,,,,0.5888576783992187,0.5933619475857684,0.5888286270656731,0.5893622315570164,0.5083005631739278,,0.5101676082178926,0.6163239651254626,0.5532103056527816,,0.6574162736544499,0.6558213881840665,,0.5883414972677017,0.7967569080706668,
4,4,DG_8pct,16,Z10_F09,10,3PH,175082,182011,True,4059.470608039369,4087.3513254809977,4084.7838640162845,4185.369189808742,4152.920518403703,21.612241807105757,3.96099378605738,4170.757242698741,4167.635767599184,0.015328578992975125,0.01538904583364668,0.01023612297501039,0.00030652347641043026,8.8633702658013,13.235577369100758,5.108063874317697,14.180686099709089,5.383465271477124,10.46115618769007,0.010586831479932887,,0.7348057994232814,0.7331594434715051,0.7391701327405731,0.7349341241083788,0.7363180327336466,0.6693775018781853,,0.578436247533669,0.5780210093481013,0.5789415513987853,,,,0.5864841275425233,0.5854481374855142,0.584629765585581,,0.5833438104976567,0.5866864319393927,,,,0.5808017555501408,,,0.5701102122265881,0.5721040724981744,0.5717629044191891,,,,,0.5830646244060305,,,,0.5283362354463925,0.5284524521905314,0.5246025730446854,,,0.526237594159542,0.5279645904938716,0.5266579940647054,0.5268661974704546,0.5271573532146324,,0.5273158470942104,,0.5272620821154633,0.5266672860956103,,,,0.527887229322442,0.5257942592737044,0.5211300340260913,,0.5207256727386353,,0.5125175900214782,,,,,0.5145299178970969,0.5135758011995375,,0.5148860127899118,0.5144125590875257,,0.5135598262797432,0.514241046371954,0.5133960325680315,0.5145511816407198,0.5131758645893483,,,,0.513275054035613,0.5123938341586037,,,,0.4792891306344435,0.47868587717343575,0.47996492825944154,0.2001086191400296,0.1981289790522155,0.19921069071508335,,,,0.19888999996482692,,,0.20058269506662857,0.20098862353136085,,0.20088855829918947,0.20141550357270294,0.20074335447575403,0.20051882915272978,0.20113451645160357,,0.20142306746700928,0.20054067840588938,0.20132616570311862,0.2014366610635912,0.20133204921715142,0.20105670361419822,,0.20056962065845327,,0.20083176240599798,,0.2013347050020059,0.2010691341022908,0.20120231014663995,,0.20129481299312538,0.20064182102634898,,0.2013528901721961,0.20098911328511115,0.20135086985471734,0.20060558279496152,0.20063044686643236,0.2012063309868491,,,,0.2008591610220638,,0.200829988707935,0.20091918242802412,0.20106097922233387,,,,0.2005906579901621,,,,,,,,0.20087693231389026,0.20135683010148459,,0.2004779206260231,,0.20088335510862593,0.20108204300618915,0.2007434300328426,0.20121867834394372,,,,,0.20089035645898703,0.20106737477079295,0.20056482260053363,,,0.1999952040591391,,,,,0.20056806958320295,0.20096214372296028,,,0.20056250249530622,,,,,0.20071388266600226,0.20096609171155425,0.20099677794968582,,0.20074550999669016,0.2011016048909351,0.20132778669012408,,0.2000440982716131,,0.20123384758909355,0.20089885079904837,0.20096381908467628,0.2011959078081709,0.20125616663034648,,0.20069642706037838,0.20141175326324967,,,,,0.20137727371750797,0.20120422310874822,,0.20108175370440898,0.2014374605498272,0.20061898885142293,,0.20118872734007198,0.20140077056803862,,0.20104496449405054,,0.20073932465867605,,,0.2012978231762401,0.20099012753539852,0.2007550699636435,0.20101783356872718,0.20114609897301236,,,,0.2014790982541683,,0.2010189293458887,,0.20116806633358295,0.20063890133813234,,0.2011201105787223,0.20109270806214777,0.20096419192928988,,0.22871894644873825,0.2283174058961644,0.24670174359162458,0.18606168987968266,0.186962828785033,0.18698024866632434,0.18626990477316505,0.1863704470882456,,0.18705326112851114,0.27049625210067646,0.2703134183557541,,0.2713984019841995,0.27030447744006664,,,0.2710737125926312,0.27109723930750956,,,0.2707206446569462,,0.27055617252229947,,0.27057680658914957,0.270240637537485,0.27055983902095065,,,0.270615290218979,0.2703910212519437,0.27073761193860596,0.2702609801490757,0.27016230147083936,0.2707124483136137,0.2700050957085849,,0.27060105936409,0.27059015834497196,0.27050515673675724,,,0.2695222670891007,,0.26989530635364195,0.26973691870725414,0.2712438320380226,0.27029717997312736,,0.25252501725216836,,0.2538844046161204,0.25331443517106883,0.2531488920596709,0.2537062673099125,,0.25306395319839825,,,0.254004354705421,0.25410582016882194,0.2530936791148087,0.25408218469214,,,,,0.2535823484385345,0.2539403940145723,0.2529770734839618,0.25397083845921564,,,0.2537945399563068,0.2533140861188516,,0.253368732012282,,0.2539230458802853,0.25304152771803134,0.25297891189101124,0.2706211303209201,0.2692013309791213,0.27051758290749073,0.2701537001025079,,,0.26980114820437695,,0.2703506117762846,0.27081983445222507,,0.25253144441281,,0.25286852138598864,0.2540695452955873,0.25292501885128355,,,,,,0.2523975818399193,0.2532850964904733,0.25287673409264083,0.2525044692292156,,0.26935615031192955,,0.2692659998877056,,0.26960766869144365,,0.26924152627417797,0.26988198271245795,0.2695113531009952,,0.26929885806660153,0.2707090901042021,0.27048049326057916,,0.2696124488868002,0.27087533164692074,0.2702556847496542,0.2693391455046109,0.26964295777040703,,0.2707418146458777,,,,,0.27024980804950005,0.2697544601405113,,,0.2690226416590132,0.2700136796513364,0.2532083930360102,0.25287295764751405,,,,,0.25332826099226613,0.2538320136785265,0.2527616463461629,0.2527176953009986,,0.25283401926221905,,0.25343297189257286,0.2531169863603519,0.25316904142354035,0.2537884057812862,0.25351632711313754,0.25274823483418996,,0.2531381985626871,,0.2525807297176801,0.2531372751813476,0.2523386697086164,,0.2524817161838505,0.2529086883252299,0.2534997303759934,0.2804092169158671,0.28043590897071313,,0.2801630235458387,0.2796871804029313,0.2795254602259195,,0.278834466833372,,0.27397003112742746,0.2738673138707075,,,0.27404471214961523,0.27362818301905617,0.18902464378981232,,,,,,0.1821885194682895,,,0.1769339861894395,,0.17737372596011844,0.05374409829046024,0.05345440635889673,0.05364953375066421,5.781101884870621e-05,,5.766839203582174e-05,,,5.785904816233515e-05,,,5.8130528202773574e-05,,5.776349809660292e-05,,,5.800072601781259e-05,,5.832262243908658e-05,,5.793854062672935e-05,,5.787360012006868e-05,5.797376941809708e-05,,5.7858823023183365e-05,,5.796333290400283e-05,5.796110848993784e-05,,5.783881255237233e-05,,,5.7904278283128644e-05,,,,5.859684259918393e-05,5.8635209902250295e-05,,,,5.807988368246297e-05,5.879966109714752e-05,,,,5.889165745180177e-05,5.8859341982468324e-05,5.886729979646796e-05,5.873457461644815e-05,5.884548947799105e-05,5.8577996169016876e-05,5.8768803676681625e-05,5.901082494973602e-05,5.85776444406614e-05,5.845571353752054e-05,5.845515692185073e-05,,,,5.8684495521522736e-05,5.84476509448252e-05,,5.870811516003866e-05,5.856462323125351e-05,,5.8539882564478086e-05,,,5.8707988532869066e-05,5.863902696335088e-05,5.8542793322141496e-05,5.8637565039039166e-05,5.8665094355404086e-05,5.8692009224802434e-05,5.861029222088453e-05,5.8555760427512135e-05,,,5.849026311605864e-05,,,,,,,,,,,,,,5.848197471524394e-05,5.8491685731415396e-05,5.876979593900348e-05,,5.872707005767018e-05,5.871365698824983e-05,5.850078841036121e-05,5.878520652701642e-05,5.852656051148767e-05,,5.870451254881121e-05,5.8584211155567166e-05,5.8707936800300126e-05,,,5.8635999482735186e-05,,5.855798291480388e-05,,5.852210774246356e-05,5.8576338564687255e-05,0.3103850930453659,0.30994056607642584,0.31110040413350554,0.31000190299201497,,,0.3115130052490706,0.3106282936746597,0.31051559969022513,,0.3104371651901335,,,0.3117582225133399,,,,0.31087927990703473,,0.3114637623691153,0.3110222811193506,,0.3108311387770831,,,,,0.3103671546760624,,0.3106978169543761,,0.31139711309574714,0.3118037273609915,0.3113093294730601,0.3106938209621033,,0.3118901249947891,0.31088517331158666,,0.30981575232343866,0.3095246263802458,0.30974275698426257,,,0.31016329044560725,0.30955455562705597,0.3101581344073082,0.30843193515424844,0.31036553015911256,,,,,,,0.31036390273467496,,0.3112379081047121,0.31128939608553824,,0.3107809217063624,0.3101106345867015,0.31100521033064693,,0.310889585128209,,0.30921293183563264,0.30880744235879404,0.3095324240816262,0.3105097924092939,0.3099451501263986,0.3101351344174001,,,,,,0.31093259794854444,0.31165771721119007,0.3099064314768642,0.31112044067959804,,0.3107331865964446,,0.31193161695867205,0.31112804464153354,0.31063721257244364,,0.3118586550935409,0.310448370260554,0.3107909954638822,0.31092377996409754,0.31004253389377145,0.31079009425135595,0.310720718651953,,,0.3110190710271717,,,0.31052954228077106,0.311537707169761,0.3109449810431742,0.3114060771514081,,0.31029274550081354,,0.3106561331878247,,,,0.31138396570928983,0.3103031119152285,,0.30977985440120687,,,,0.31011058476421605,0.3103742886751369,,,0.31014918845935147,0.31047571722816897,0.31024220286242576,0.3094560031020243,0.30885103253219437,0.3103043757299645,0.05343845546505997,,0.053285520290745333,0.053353066234891326,,0.053381373567864654,0.5446157703722064,,0.5397401255569866,0.541816873543202,0.5395153674662476,5.838866875690522e-05,0.581841975962103,0.5810873108599477,0.5801730581489984,0.580605846845577,,,0.5789606787307898,,0.5801256116298094,,,0.5802529995067083,,,,,0.5794623482894296,0.5826158983923344,,0.5794102831792736,,0.5795205003277398,0.5813341577564013,0.5800338979089981,,0.5797770293336547,,0.5793915479402059,0.5798456979194196,0.5804915639545639,0.580440462223816,0.5799248419020687,0.5815950142998306,0.5803100423969594,,0.5799415504733678,0.5793474713298415,0.5801247673968887,,0.5804691567826046,,,,0.5807372020777042,0.5786944976470105,,0.5801007610486197,,,0.5811156162634673,0.5806038268781673,0.5807327803612283,0.5819415073998944,,,0.5816414562445764,0.5810886992360679,,0.581569052303131,,,0.5808622105698559,,0.580451897005839,0.5794096613643842,0.5811922667741076,0.5796339637793938,,0.580244598858957,,0.5803248678260045,,,0.5802171535322701,0.5811889639898186,0.5807482643159854,,0.5792851680129792,0.5822893493042641,0.5794556912051272,0.5798272281322169,,,,,0.5806840008198721,,,,0.5809239614054105,0.5806573583129637,0.5795997965511118,0.5797923473068609,,,0.582389468334221,,0.5818292836983555,0.5806045522668409,,0.5809812753489314,0.58081314533185,0.580447849977659,0.5803333756212988,0.5798189226173681,0.5797582110347158,,,,0.578897437251306,0.5805124095246484,0.5786969137558653,,0.581922727460934,0.5783703473209736,0.5807377090315816,,0.5803088455105361,,0.5801651072013247,,0.5806699292411619,0.5808043940752287,0.5804606935978582,,,0.5808008531659858,,,0.579923364907248,0.57953447870892,0.5797232619707329,0.5809982213076619,0.5821944479952164,,,0.5803392720843926,,0.5807623408553241,0.5827688292665283,0.5794288566794545,0.5805321645091445,,0.5804157692762887,0.5800892190886221,,,0.5808952837238086,0.5817060059119777,0.5806716048727026,0.5811862470329308,,0.5801546263193041,0.5815019567599861,0.5806704617954637,0.5802959587715412,,,,0.5821558185551232,,,,0.5806049248444052,,0.581507018531308,,,0.49553608204649796,,,0.5446333703462731,0.5432538409561021,0.5433399944775297,,0.5838208199152036,0.5861018974129413,,,0.5855350326570813
4,4,DG_8pct,16,Z10_F10,10,3PH,175071,181997,True,4333.96320850016,4352.556934593043,4355.247088945848,4426.787457275599,4444.849045116434,18.648327280583505,3.236983597079976,4432.205146420397,4418.6631249896745,0.01636574191220934,0.016413015988790514,0.010858091725926097,0.00032639216686038386,8.25778589930034,12.304695994987371,4.395527228047753,10.926789778276786,4.190514327337123,7.850466311657466,0.011252464597477137,0.7197710112736819,,0.7214739789886595,,,0.7227026940123771,0.6509365045366121,,,0.5524751596725694,0.5536529332545602,0.5594820482415352,,0.5583517535570067,,0.5595143367348807,,0.5575559980064329,0.5585972414175603,0.5596582733259159,,0.5523059991181286,,0.5539250361338143,0.5556401639976801,,0.546030496517793,0.5471370550571554,0.5458955095087343,,0.5560892274221724,0.5541992873126442,0.5563734899335431,,0.5542523789542919,0.5251174585922697,,,0.501733955903142,0.49644346179873494,0.49497849056699506,,0.498915761831037,0.4967800325245508,0.4978002817244066,0.4955227742381788,0.49879656267107775,0.49749904176055315,0.49827206877390456,0.49793735700832953,,0.49684841781828676,0.49837797607442713,,,0.4969470240080045,0.49832104787992426,,,0.4927614021544635,0.493920078073492,0.4835406172343471,,0.4832790963206833,,0.4827369891333624,0.4831643946651485,0.4832116377693368,0.4829267407806535,0.484042737856821,0.48419698559720403,0.4824507034411475,,,,0.48343244706243843,0.4831835055064128,,,0.4827781012908189,,0.4830773685014248,0.48259476667132384,0.4837371506973171,0.482962849904354,,,0.44614160017580595,0.1548794323323071,,,0.15385216611005417,0.15378275104871028,0.1534858173020923,0.15334984977062105,0.15538215238434372,0.15581418157584054,,0.15531969086958028,,0.1553951582655897,,0.15558849653247928,0.15575849485246074,,0.15525391732374433,,0.1558177432482025,,,0.15575807165110722,,0.15517652971960844,0.15569074068773656,0.15608975729939759,0.15549798577707036,,0.1556185996797029,,,,,,,0.1555339051108921,0.15554690707870897,0.15522196290730947,0.1555482468717427,0.1554520952360493,,,,0.1552853354944493,,0.15502962990331834,0.15556195834929318,0.15568728893414283,0.15538929248348024,,,,,0.15563760991045175,0.1557879260657797,0.15534094246124527,,0.15543822914202687,0.15559810997448253,,,,0.1553131714314048,0.15506725097948715,0.15533440166982715,0.15557254446114183,,,,0.15518526619502404,0.15520965014783117,,0.15540078515202,0.15506822605098278,0.1555444450767615,,0.15522986348039866,0.1553436095172578,,,,,,0.1553746886105296,0.15537417643466847,0.15504699510460457,,0.15507962378105608,0.15533393578818025,,,,,0.1557158773449513,,0.1558071668379405,,0.15534955844868162,,,0.1556698221046921,0.15583699599928066,,0.15561969020884653,0.15559735508625577,0.15545109449240485,0.15565964008751898,0.15579151496809243,,,0.15572776531946175,,0.15552152726126947,0.1554779947456491,0.15579473016846812,0.15580003913053858,,0.1557911102963054,0.1558180608280343,0.15540167422796025,0.15517070697301744,,,0.1559658864097713,,0.1552979255102818,0.15555437513114742,0.15514095774256376,,,0.15576760985119595,0.15550185268240108,,0.15572294595637798,,,0.15520761229337532,,0.155882675651453,,0.15534830608647426,,,,,,,,0.18754434384290022,,,0.14044186637807504,0.139891702624581,0.1398894554236609,0.13988625331841853,0.13970358920559975,0.139933174860736,0.13990900965005224,0.23101752702801961,,,0.23093083088467878,,0.23088223958075796,,0.23146628765227004,0.23138584741113147,,,0.231047910597832,0.23132230276594248,,,0.23109827802241154,0.23084751836183343,,,,0.23110096219758677,,,,0.2309185836583811,,0.2311385971940285,0.23104788964968134,0.23175960021279482,0.23125248475433835,,0.23099997965034216,0.23091288283931785,0.23130473753722786,,,,0.23059130463947827,0.23009784252428742,0.23060421634469297,0.21262244549270204,0.21299789576797662,0.21322371929638415,0.21303249383835268,,0.21290061098121854,0.21237867450796152,,0.21315952084100181,0.21261782793376652,0.21267405702372927,0.21300428294941223,0.212898419162536,0.21310322161020542,,0.21247273272108136,0.21337217230980365,0.21258399025521035,0.2122912751192502,0.21312834557932045,0.21256254329766408,,,0.21170897703447894,,0.2123273913191789,,0.21243824198595526,,0.2126594955656056,,0.21258537096708194,0.23116027585017154,,,,0.23091148735860637,0.2304769726408742,0.230956800837692,0.2307570721218637,0.23107499317921845,0.2310247428032213,0.23096591297276056,0.21224209678195452,,,,0.21199242488387363,0.2122382021803844,0.21229630453958714,,0.21272267893345245,,,0.2121129586358867,,,,,0.23074155412976977,,,0.23139564273968283,0.23037075663279244,0.2300707168785566,0.23024038930292878,0.2304996917858252,0.23032948988640084,,0.23081329620329302,0.23062649303903693,0.2312624096105594,0.23030463365745515,,,0.23114821825548157,0.23102139917074366,0.2314159160820072,,0.23084443408399455,0.23132134256473527,0.23075200481552158,,0.23101495093762225,,0.2307869018651112,,,,0.21208505322841376,0.21176130791802536,,0.21224475444728427,0.21248422924340307,,0.21225526282163593,0.2125308212862675,0.21248174485351454,0.21203794018202324,0.21264825560532058,,,,0.211722974076222,,,,0.21234329515127623,,,,,,0.21149711547495045,,,0.2124001129202911,0.2119667290848499,,,0.2407120696064953,,0.24040985684312688,,0.2414828392279948,0.24101376054424442,0.2410293052035677,0.23626227599102492,0.2363931001382166,0.23527137416171925,,0.2348929040019484,0.23695134072126223,0.14258281826414756,0.14220822956490348,0.1425018803168569,0.1412709635633232,,,,0.13745300853087328,0.13699778773399612,,0.1338827418126276,0.13324899338962434,,6.093368865561664e-05,,,,,,6.174174652384845e-05,6.15475970327491e-05,6.186363129943852e-05,6.182056945022307e-05,6.171073867104827e-05,6.178855512639824e-05,6.171964178655783e-05,6.191181327878741e-05,6.171240082002094e-05,6.181991835658118e-05,6.225440995452145e-05,,6.174976097841106e-05,,,6.184725772808272e-05,6.170172117345625e-05,6.170819804346767e-05,,,6.188207817628943e-05,6.161431846542208e-05,6.183000292977556e-05,,,,6.178871071034555e-05,6.189535789698213e-05,6.15655157463998e-05,,,6.24032960855711e-05,6.24463206722352e-05,6.252670799509382e-05,,,6.283404022796395e-05,,6.279368254768651e-05,6.276408651783121e-05,6.289733465662955e-05,,,,6.275902934739828e-05,,6.262340470700887e-05,6.28623595567316e-05,6.235907355462768e-05,6.265483665552255e-05,6.248628857653659e-05,6.262772579031958e-05,,,,6.242514386004277e-05,6.271496082198359e-05,,,,6.249074541399915e-05,6.247176942138355e-05,6.236239410430272e-05,6.240497212380292e-05,,6.24903972379199e-05,,6.24273012144712e-05,6.26587213275686e-05,,,,,6.238133535710932e-05,,,6.243001170192785e-05,,6.256133790691203e-05,,,6.258553176188104e-05,6.258322231491144e-05,6.246239422400412e-05,,6.258201289011525e-05,6.260756263613299e-05,,,,6.237943045995684e-05,6.253818132373659e-05,,6.254546348052131e-05,6.237394147872641e-05,,6.26956039661201e-05,6.233850667704285e-05,,6.246525519212488e-05,,,6.24596974913171e-05,,6.260514023801371e-05,,6.249806013198293e-05,6.254865197122322e-05,0.2746136969746695,0.27502596991545847,0.27537394372858875,0.2752699380664299,,0.2745188511490152,0.27507947163567853,0.2746879711471013,0.27406003756312153,,,0.2749792104087743,,0.27482378800442137,0.2750361069038618,0.27552090959574344,,,0.27496238576825593,,,0.2742038593504419,,0.27444338375911786,0.27437226265857695,,0.2746339826838413,0.27475281163284865,0.2750072835524809,0.2747481038403134,,,,,0.2755603756075413,0.2758848168075649,,0.2746824940762876,0.2749887060463243,0.2739428135214703,0.2735952316965469,0.2742761610640093,0.2737422766934556,,,0.2740496111323019,,0.27358468279946047,,0.27387051187615075,,0.2738305888962249,0.27482432637165616,,,0.2738620739573182,0.2744542539658034,0.274063687768056,,,0.27383311898621915,0.27431370578268166,0.2751507229749889,0.27445409609493193,0.2739255153706961,,,0.2735349109458099,0.2740664080950281,0.27348635793286286,,0.27337659884967397,0.274279334447719,0.27482365032956146,0.2742259897504441,,0.2743170837540959,0.2745841063273346,,0.27504937809341845,0.274620206458659,,0.2750759106633526,,0.27367881571670766,0.2744567197274829,,0.2753467078893199,0.27430453386726933,0.27523502055001015,0.27503042092349494,0.2751480787128896,,,0.27575484809592016,,,0.275130286825587,0.2748056893235069,0.27538953442147646,,0.2753601971308133,0.2750466142000522,0.2743878043710711,0.27419175437293974,0.2743687202929295,0.2748141271720538,,0.2743853274422734,,,,0.2732391439298851,0.27405207378077046,,0.27370937133048284,0.2743159294072397,,0.2737980131319656,0.2743665614870134,,0.27498204927952963,0.27454472164513394,0.2742839573289332,,0.2751155542872889,0.2739119600348554,0.27488395860624587,6.078738394666644e-05,,6.0779304644372177e-05,,6.100108649398516e-05,6.072980409129546e-05,0.5152474388311526,0.5806775138075334,,,0.513304396208781,,,0.5535193483386706,,0.5552724133415945,0.5545129125968945,,,0.5558077755887911,0.5565264276835908,,0.5531466126157686,0.5571137946501469,,0.5556195774354398,,0.5552747480903929,0.5538608164619865,0.55345790738235,0.5559171867366426,,0.5545766253603218,,0.5551599985034247,0.5555898579487129,0.5544481757020375,0.5541811800897459,0.5538770229475679,0.5561198669595747,0.5560242701852486,0.5548029269571384,0.555651473426389,0.5554149916821363,,0.5566678803882265,,0.5546755154836961,0.5545837609846086,0.5558045204173945,0.5565990523345097,,0.5553227758452824,0.5547660734294384,0.5564371511222844,0.5550671713961367,,,,0.5552791131443625,0.5532827313489889,0.5548140877351527,0.5551815817030838,0.5546497167200309,0.5540278500655647,0.5544086304071097,0.5554540187535836,0.555572525799819,0.5537301262043005,0.5553107191405714,,,,0.5543750568669005,0.5541699049095108,0.55529686134345,0.5556035113862244,,0.5545658771433228,0.5551160244086452,0.5558880592155637,0.5556123618391402,0.5559349718700564,,0.5552568386221631,0.5539309775373945,,0.5544883344412037,,0.5539490835372547,,0.5531389389687863,0.5549615364837539,,,0.5551420719987089,0.5560786284566297,0.5553341891724434,0.5552390830371708,0.5552189415240469,,0.5552689005988501,,,0.5539697075765572,,,0.5555336140660221,,0.5555151549741121,0.5557013669748067,0.554526375414047,0.5549644766073094,0.5550323414754458,,,,0.5540296148314401,0.554745374154282,0.5544402662300184,0.5527678906631549,,,0.5566990245225611,0.5550648015639129,,,,,,0.5552346830791638,,0.5539910379579946,0.5548838425877308,0.5542871460894506,0.5543956101064547,0.5545445258374615,,,,0.5542193149332286,0.5546799328864542,,,0.5546497632559642,,,0.5549396635584705,0.5553786213860982,,,0.5553024258180723,,,0.5551142063211775,,0.5551972606907573,0.5531018719221223,,0.554237752620165,0.5541155285207622,0.5527569000666691,,0.55447781990551,,,0.5550771546069572,0.5550832323533847,0.55537811463209,0.5568454130365301,0.5549765194398997,0.5533929718543358,0.5553458138831469,0.5550546807169887,,0.5551603353141177,0.5560659229146359,0.555298203638337,,0.5546959867249919,0.46264833162268326,0.4626646596630914,,,0.5136610440705153,0.5146609872038623,,0.5594452221096085,0.5589335148102292,0.5582436619981176,0.5599690675592047,0.5578094886466454
4,4,DG_8pct,16,Z10_F11,10,3PH,175083,182014,True,4012.082906928279,4048.4039747534584,4029.420234186765,4145.945646726383,4097.721718308487,22.13594280923885,4.075077005015457,4123.380587820034,4146.144982115396,0.015128143195836071,0.0152248548939236,0.010154261315526183,0.00030433937412470104,9.04833617678798,13.40105769120693,5.228613478957141,14.784587854784071,5.619499357299498,10.994510750111598,2.411044104063012,0.738997914122162,,,,0.7412379626812416,,0.6739475209828703,0.5814708946652513,0.5834074316906964,,,,0.5900247838933075,,0.5887367885356621,,0.5891272094779575,,0.5906604912985688,,0.5837519893810219,0.583265010399646,,0.5852948364362496,0.5841253131875219,0.5866965444655945,,0.5764490200987331,0.5782767072679987,0.5848138965917274,0.5848929578065118,0.5832800544594436,0.583800768914547,0.5839358403893018,,0.5597234286394005,,0.535318395878267,,,0.530823582389258,,0.532738895717725,0.5329590352590202,,,0.5312830639843642,,,0.5329367812047777,0.5337263357710325,0.5323425254933922,0.5323118552669026,,0.5330137692899688,0.5331567233010627,0.5312899893773113,0.5259950151721383,,,,,0.5188429363438303,0.5220611080061623,0.518152621864218,0.5189153376631479,,,0.518746247702913,0.5203786748260146,,0.5195352967194343,0.5210730411061638,0.5204590544498346,,,0.5193993719516612,,,0.5201670151945067,0.5209485506343011,0.5194202293078081,0.5206060505794181,,0.5214468447999011,0.4858947606345766,0.4864896651388894,,0.20898300204498846,0.20797930094311973,0.2077462332068123,0.20760248424365751,0.20793749166828082,0.20695767989573155,0.20763417656339958,,,,,,,0.21008664042536984,,0.2093911684710599,0.2097293796697817,0.2097479907923981,0.21024050460378377,,,,0.20931449578602382,,0.21052468345177555,0.21001887755917859,,,,0.20989197943056362,0.2094851228468195,,0.210087285995089,0.21062764346189958,0.20944396047740782,0.20978956961261105,0.21023695521111438,0.2102342374005072,0.20912745418963083,,0.20974168413581817,0.2096994161169082,,,,,0.2101982596031446,,0.2095055370454425,,,0.2097678500250868,0.20968967660860274,0.21033069866406343,,0.20963056450772638,0.21016075499920236,0.20969504306975667,0.20935422588050068,,0.21023681286067322,,0.2102782302996512,0.20996404208915215,,0.21058499519857982,,0.2094490327153949,,,,,,,,0.20972697934094345,,0.21052806692619686,,0.20927562015515425,0.2099651792713561,0.20942210252110458,,0.20935060840563346,,,0.20960011075279927,,,0.20964973882800977,,0.20992220357560873,0.20956009570443002,,0.2096846646252362,0.210160841025767,,0.20920250611950938,0.21015881699340058,0.2094164788829668,,,0.21020389103645937,0.21021725124376556,,,0.210188203117064,0.20957794188201517,0.21046252768682744,0.21068928771904816,0.2100568634603531,,,,0.2105146548824608,0.2104384666592592,,,0.20999406183860347,,,0.21018060179929324,,0.20983066558888935,,0.20975046984951046,,0.21024528262873327,0.21059204766149636,,,,0.210460569373413,0.21015570773186232,,0.2107056642309766,,,0.21001263833361083,,,,0.21007922424509248,,0.20945955974770253,,0.2095329732256213,,,0.2356831864593287,0.23635850272952608,,0.19582640202626775,0.19620699579502393,0.19599455407100375,0.19589608947462295,,0.19591479281593108,0.19503702215985796,,,0.27820500536998277,0.2782168864540329,0.2789512088432471,0.27875467370464047,,0.2786600632282369,,,0.27883928011366443,,0.27835729639881035,,,,0.2788129148926274,0.2778794714966804,0.27878297353228987,0.27817126762122185,,0.27839238678804507,,,0.27828929980108474,,0.2782557123293738,0.27803324699476756,,0.2775524218332283,0.2781803651847237,,0.2778965579557201,0.27794090295734925,0.2790098368487801,,,0.277794215118045,0.2776510458834663,,0.2614261690739287,0.2608175153163655,0.2616992623015565,0.26135088778354104,,0.26147613436237094,0.2620048463423595,,,,0.26176745151534475,,0.2623173939555671,0.2619726435486096,0.2612437121983869,0.2617214173290685,,0.2616575991729202,0.26208457508030963,0.26181387070992845,,,,0.2611492516590668,0.2620578650710471,,0.2605043790550311,,0.2616947830843985,,,0.2619979668151633,0.2773419681036082,0.2779475991018329,0.2781951228320113,,,,0.2781148526588833,0.2780500902222862,,0.2783733687415948,0.27768776754810043,,0.26073960896960674,,0.2610039631521842,,0.2608190568278953,0.261365171500327,0.26111504770210064,0.2606988496695935,0.26113095488230237,0.26076828847513556,,0.26046313606662713,0.26047973243210243,0.2598083381312122,,,0.2786064035710839,0.27813537349863343,0.2771763797008846,0.27719823648224706,,0.2782308624116885,,0.2772285739394027,,0.27750409760443934,,,0.2777670160275395,0.27760992438154336,0.2780447895573693,,0.2784751970575602,,0.27770153653342944,0.2776439276215887,,0.2780341573130057,0.2781333639980932,0.2783523851610588,,,0.27747839572122174,0.2774454721653445,0.27687461003238484,0.26207194733190925,,,0.26110660420890436,0.2608281410419472,0.2608661424717136,,,0.26147504589708487,0.2607014546295555,0.261314190510168,0.26088852978425076,0.26090896801317964,0.261036387459548,0.26108383279787484,,0.260784662829191,,,0.26126216051056267,,,0.2609470365890398,,,,,0.26160555364366056,0.2608266093261875,0.28795070174872767,,,0.28743904394260106,0.28704470033394713,,0.28739057608713536,0.2861612595392462,,0.28126501677147964,,0.28106444807339714,0.2808392654395738,,,,0.19789215735431503,0.19822322295635295,0.19588374279934617,,,0.1915081845014508,0.19100096570792124,0.19158827342816248,0.18672164317354248,0.1869155671418109,0.18631821943391916,0.06610371329267549,,,5.7138829726458744e-05,5.706929068952057e-05,,,,,,5.733776359092039e-05,,5.731660125458755e-05,,5.7335256631967005e-05,5.746909446942774e-05,5.7232830756101264e-05,,5.7671262140814214e-05,,5.704705695091396e-05,5.709609247326894e-05,,5.725857787883421e-05,,5.7439874566618185e-05,5.728201345703018e-05,5.724534577236397e-05,5.7359411282345025e-05,,5.7179541378038545e-05,5.726592906337e-05,5.724640924810173e-05,,5.722017436006624e-05,5.722682398829872e-05,5.727365201325635e-05,,5.7757626273143814e-05,5.79553060207952e-05,5.792881917844959e-05,,,,5.835289083706357e-05,5.8308144330234245e-05,5.845721760949347e-05,,,,5.814497409673166e-05,,,5.822098111095003e-05,,5.8035409688231964e-05,,5.7986076777989596e-05,5.775440714525881e-05,5.797617579073475e-05,5.806233437206874e-05,5.7977179539685105e-05,5.800919085393786e-05,5.782848950802921e-05,5.7952300818337976e-05,,,5.7852090334472366e-05,5.797638614486262e-05,,5.799062312934323e-05,5.8139883642674284e-05,,5.7814405911247295e-05,5.800734319918556e-05,5.802644354113061e-05,5.787740838859924e-05,,5.79947279323923e-05,5.776452901691252e-05,,5.811688786512246e-05,5.803168256805589e-05,,5.7850481353117376e-05,5.779278899363677e-05,,,5.7932627237199585e-05,5.7953208350945484e-05,,,,5.79423005531172e-05,,5.77731399465534e-05,5.801444940873787e-05,5.782719214359884e-05,,5.786161115087798e-05,,,5.785997456887385e-05,,,,,,5.798635606657224e-05,,5.794115227407557e-05,5.78663687239175e-05,5.792884193548166e-05,,5.809915460478573e-05,,0.3180826571577291,0.3168712540291125,,0.3179773478794137,,,0.31823626133782495,0.31735662305197676,0.3175938642859088,0.3179329814616228,,,0.31820826016743925,0.3174350125328476,0.31803900553785414,0.31817611469458523,0.3177648882156347,0.3178764182401459,0.31756953652066305,,0.3179908227552811,0.31789314415399067,0.31755172444881,,,0.3180767926126983,0.31856118431318875,0.3171740245977417,0.3172986185126988,,0.31803299794489714,,0.3173508684790413,0.3176705184486012,0.3173176143500094,0.3181417947829291,,0.3189346464713793,0.31695349597545885,0.3162390769055663,,,,0.3173473528346109,,,,0.31627591218787365,0.31640160042041265,0.31703152501356513,0.3174372884104503,,0.3165756633926885,0.3168524993983767,,,,,0.31763760807387853,,0.31800236343349586,0.31708003384618527,0.3182976470365293,0.3178475076725523,0.3126854186176199,,0.3167750851890252,,0.31699821931114125,0.3175224937572012,,0.3175085163299,,,0.31746032653093453,,0.3176754183246068,,0.31781131130903684,,,0.3184568311909581,,0.31835037051206233,0.318152211716978,,,,,0.3176824378296467,,0.3182617036050011,0.31780916971979223,,0.31750831448643607,0.3179306301489806,,0.3185316394943234,,0.3179435559282579,,,0.31663917875098135,0.3171689943654225,0.31753916740262667,,,0.31774377425585204,,0.31699884649203014,0.31755310108319473,0.3169318844801253,0.316377554582573,0.3174346282385817,0.31687992133736387,0.3174466215146944,0.31763035448508564,,,0.318034757493442,0.31724414549836144,0.31694977678791697,0.31774599090584116,0.3163050086120014,,,,0.06584609302150818,0.06590595455754944,0.06583519597318424,,,0.06566525486121502,0.5488323363321954,0.6108966634901057,,0.5450641450808295,0.5471322884014693,5.787351159793907e-05,,,,,0.5850680261111484,,0.5859454055130775,0.5857360534079549,0.5860211420991601,0.5869644696894575,,0.5837711400111921,,,,0.5840903626479471,,0.5849440339024714,,0.5848385079038882,0.5862123044796297,0.5847139323120072,,0.5857482715517605,,0.5862964988661541,0.5851623901463049,,0.5853323868091102,,0.5865244350805662,,0.5857213900920358,,0.5853775128530659,0.5864653090293052,0.5851170563567972,0.5861949248092403,0.5861415092244954,,,0.5865482377718251,0.5864245424745527,0.5855589343255039,0.5884346602949801,0.5847697412745493,,0.5857942497595373,,,0.5839154894933197,0.5859941780205407,0.5864611463534548,0.5870904369600971,0.5852247867904019,0.5856411661839066,0.5858448974094002,,0.5865183790114653,0.5856427749695045,0.5874113035150335,0.5871780387133456,0.5852113036041087,0.5852166185339581,0.5849966422075624,0.5878077139143143,,,,0.5857560514839799,0.5861425244454126,,,0.5858318725640596,0.5849918394924887,,,,,0.5854303612873093,0.5844266943810765,0.5844597937615501,,0.587608906183517,0.5839070012622947,0.5855177606700753,0.5852925192597977,,0.5849767441978815,0.5863260060718298,0.5866002284175309,0.5839188979540282,,0.5837690472080951,,,,0.5852099226657125,0.5846423959702207,0.5872921579552417,0.5845844253489763,,0.5848914500637391,0.5847398095788132,0.5850490715603831,,,0.5842100163898163,,0.5846523927550378,0.5848492913100797,,0.5860998516672953,,0.5843241030341124,0.5883822663239815,0.5866922661821418,,,0.5852005673849928,0.5860070380286724,,,,0.585372823420469,,0.5856966602262943,0.5848437374939868,,0.5856294326208991,,,0.5869372004353935,0.5870154889723723,0.5850389987490383,0.5831398080781328,,0.5863124082778678,0.5855442034693332,,0.5865006365730596,0.5843980009852282,,0.5858440141730482,,0.585762224144941,0.5861986259842492,,0.5843547903263929,0.5852272944925596,,,0.5846520015526434,0.5879458164166311,0.5849485060704288,,0.5864308711718863,,,,0.5857939599817417,0.5842660763839285,0.5870848977165792,,0.5862541791610578,,0.5878453642096151,,0.50024904276891,0.4996021925234114,0.49904206523411315,,,,,0.5900883411718,0.5887693981032026,0.5907250774010128,0.5892193158923843,0.5904877631307491
4,4,DG_8pct,16,Z10_F12,10,3PH,175078,182012,True,4024.2319064335984,4080.540296572043,4061.4933020705353,4157.823426491336,4120.117914257287,22.00285509150065,4.0477457566423265,4149.968159825296,4171.640765685507,1.8770609106331415,1.8822325426732018,1.2500002249400695,0.03752809469818614,8.990312249409499,13.411379505378354,5.160981338207754,14.580375175800754,5.505291557368121,10.67687177139339,0.010503215269133939,,0.7353167544669716,,0.7423646208887815,0.7376036599829198,0.7389123389467104,0.6711990628763754,0.5814706194101168,,0.579809001774016,0.5815358370899986,0.5907865598312363,0.5872103003548316,0.587914331089217,,0.5864535424626655,0.5894203402830381,0.5883843470265653,0.5880432212964501,,0.5804744715270286,,0.5827441287571831,,0.583093132621828,0.583574423855715,,0.5760759005831938,0.5745918302049638,0.5828498607648411,0.5832474833200639,0.5834785881229686,,0.5846754859120824,0.5830606866503474,0.556203310918164,0.5331204779601504,,0.5320390171270043,0.5289055597824108,0.5278303284778343,0.5294539461533816,0.5296463613911808,,,0.5294436269314265,,0.5284741747177417,0.5310903378386709,0.5289661051925632,0.5304133305779881,,0.5289034344737343,0.5292746193807156,0.5308655700083936,0.5303385248272592,0.5290990702491534,0.5236948980383034,0.5264179675772558,0.5243081423682495,0.5252026139332266,,,0.5170984415054204,,0.5159424422083585,,0.5155169453592877,0.5168732362560088,,,0.516841715444966,,,0.5159764787774883,0.5161705702762308,,0.5163167997068238,0.5160644204177229,0.5170109732383634,0.5170657096514626,,0.51854974044803,0.5167114031596471,0.5160914108071073,,,0.4832583762207942,,0.20431290701399357,0.20309870883369904,0.20357689017478947,0.20366361821676035,0.2033569968854824,0.2028039975798055,0.20597224956390078,0.20615927050286684,0.20603644966373214,0.2056213010833348,,0.2057559455795102,0.20562044684944422,0.20564860498745402,,,0.20571930445283662,,0.2058028582889982,0.2062462890679801,0.20515674086413452,0.206253479095817,,0.20591679804666702,,0.20579865816217052,,0.205855413054223,0.20533408036131634,0.20584538845996447,0.20530369635627296,,,0.20627668264587246,0.20568414517790995,0.20492895423846336,,0.2052919671160425,0.2055613058557286,,,0.20571006686873072,0.20551889812608196,0.20553090707329705,,0.20560083356528358,0.20558354642575155,0.20599427632809159,0.20541033817523466,,,0.20513154326469862,,0.20587627728460614,,0.20551135293463144,0.2054705617284729,,0.20526994044226884,,0.2058371822297707,,0.20519221491785217,,0.2057139129171248,0.20603123835859946,,,,0.20546377267888133,0.20587555066667462,0.20570005399172595,0.20558803818161062,,0.20539669340338695,,0.2058599779292335,0.2056365413407299,,0.2051168418914251,0.20490450601999713,0.20597052547417113,0.20556119734119377,0.20557121222305905,,0.20521578276856403,,0.20552352910892382,0.20588982053474225,0.20572199671803265,,0.20604600279663163,0.20604188491823666,0.20558097752864138,0.20596848701778694,0.20615930268313493,,,0.20666273861892948,,0.20585955066321346,0.20608767238189887,,,,,,,0.20635536212375669,,0.2060356408464124,,0.2061387144173391,,0.20598167030136594,0.20560291721376633,0.20573200994632643,,0.20541937013729786,,0.2061262436579358,,0.2056765416703611,,0.2064669904263158,0.20589099743626194,,,,0.20573684918925186,0.2060434471027586,,0.20629230227581463,0.20641409196497562,0.20577927623865105,,,,0.20558205277915337,,,,,,0.20557587073988925,,,,0.23310232265916947,0.23265905765337533,0.25105266536342385,0.19136506766730554,,,,0.19128912471375023,,,0.2754525373375342,0.27427596975783897,,0.27481760003705885,0.2742290446219485,0.27493588665326235,,,,0.274166987478319,,0.27524489864277174,,,0.27538962498650715,,0.2744859910927498,0.2756038856553209,,0.2747574102495026,0.2751810967920698,0.27511501847943604,0.2747482417714622,0.2744480497352924,0.27410653807861374,0.2744331796134456,0.27427026976089053,0.2744638552637107,0.27394404004910133,,0.2744901327644609,,0.2743757785300677,0.2746794982392288,0.27421384645925895,,,0.2746466257969151,0.2748960879422983,0.2744629556998563,,,0.25772838026670264,0.25714344145711693,,0.25830492198139765,0.257613439693424,,,,0.25818772585536987,0.2578357455367925,0.25821676984491404,0.25775577404272376,0.25818970541059494,,0.25793465529717097,,0.2577758424585154,,,,0.2574581110019898,0.2573039445276566,0.2582659244675874,0.2576832229530909,,0.2581069857434055,0.25802754421163365,,,0.25804282169106363,,,,0.27375824914874847,,0.27457339598827696,0.27444463694491955,0.2746373817483747,0.2748017313684152,0.27577047569991436,0.2741396168022669,,0.2566734606868567,0.25720941597740854,,,,0.2577389857474799,0.2574962488142747,0.25810487915666513,,0.2570118558160139,0.2565702064438997,,,0.25656247396788256,0.2738857729944295,0.2741707125284544,0.27440794752954445,0.2742228939223966,,0.2741345462980427,,0.2743794825851403,,,,0.27452892357917325,0.274683554176119,0.27385298416196746,0.2740506871073228,0.2740759137830939,0.27338125030425797,0.2738818823629273,,0.2758070156991408,0.2734299698496374,,,,,,,0.2739710938491397,0.27411190033721117,0.27369928583702413,0.27438368450190737,,0.25715235464026664,0.2565257722231206,0.2577879371648001,0.25688252251426236,0.257427522087382,,,0.25725962772954836,0.25684851015484317,0.2569014860781583,,,0.2574569881725774,0.25736512807234974,0.25740000749121156,0.25667113512765705,,,0.2576496347406913,0.2575049352021219,0.25759892884986824,0.25738675008046047,0.25789277454470905,,,0.2578121294437711,,0.2569456853520438,0.2836888582285286,0.28367019140582805,0.28332662019612953,0.28390231106920005,0.28296301380672456,0.28304104450616374,0.2832622017488179,0.28440094982748115,,0.2779349047275867,,,0.27756664070451775,,0.2778180025317248,,,,0.19171742711824835,0.19172036360220626,0.19111028056608684,0.18744320123957509,0.18774729304463317,0.18763365139594992,,0.1818783075088764,,0.06021755176163792,0.06034954218028613,0.060105480182301926,0.007033282535092467,0.007038250026373,0.007010380447161879,0.0070524097523415015,0.007037863040258663,0.0070682121208470935,,,,0.007044558020340326,,,,0.007045092059454185,,,0.007041656397845911,0.007078274974887493,0.0070551496936893205,0.007052385617445948,0.007047416555421889,0.007057648396970525,,0.007064942480325295,0.007046660290247126,0.0070444855111127525,0.0070459999955316596,,0.0070646069644116,0.0070549400951185354,,,0.007046764280200255,0.007067441038897898,0.007115238642518742,0.007124876086451565,,0.007158121618505937,,,,,0.007175079603632347,,,,0.007162986316267988,,0.007159786400014025,0.007167136781102411,0.007175990611256296,0.007158405414142976,0.007143207638635564,0.0071428724908874685,0.00714544775518616,,0.007148712319479991,,,0.007145775234149171,0.0071448572924933205,0.007138872925329541,,,0.007158106243671104,0.0071276239640538815,,0.007160863113443329,0.007144328811433076,0.0071480575765365826,0.007123842582035056,0.007126492344732109,0.007123413386315,,,,0.007101328850345305,,0.007151866149118947,0.007148720424204398,,0.007143206031591592,0.007131114611851838,,0.007133030186804347,0.007147286939913039,0.007141713208639509,,0.007137471413299611,,,0.007122798203535951,,,0.0071232392207422855,,0.007155321073957669,0.0071412325235679815,0.007142427590510415,,0.007146013627725413,0.007136080643019496,,0.007130710549338658,0.007137186309745522,,,,,0.007133962093166264,0.007126021602514159,0.007146423347941139,,0.3142402038511003,,,0.3141739723139823,0.3135549481432461,,,0.314231394412032,,0.31578704634002525,0.3140378353733407,,0.31451787440283224,0.31597907575059153,,,0.31384125269187885,,0.31440608414978566,0.314859057312567,,,0.3157473431247348,,0.31475840916939585,0.3148365107137425,0.3146257000883012,0.31424147058448093,0.31446175510888774,,0.3155827968230182,0.3148935751906083,0.31542006469600553,0.31476995087888415,0.3151612388359344,,,0.31496867683107055,0.3132623226777322,0.313922503211264,,,0.31403691607047407,0.31423906647408545,0.3127708197868468,0.3142647577413611,,0.3145865303898976,0.3147182510711111,,0.3140227638389349,,0.313087144681148,,0.3130125532389119,,0.31467148798677547,,,,0.31431199718498476,0.3140134900057182,0.31571421275427947,0.3151937335089171,0.31033286261611326,,0.3132722942409418,0.3136480452166986,0.31398261342905004,0.31445505259517254,0.3147002697341606,0.31342647340000984,0.3140916507505306,,0.31472028759108567,,0.31465277345269527,0.3146292215035446,,,0.313710994135818,0.31398640363247576,0.31370174814212215,0.3147641872434278,,0.3153621663237456,0.3144747601745828,,,0.31509948529817394,0.3146711293558428,0.31526262395189286,,0.31472731271390886,,,0.31477971321288384,,0.3156210270363827,,,,0.31374363503566616,,0.3153509684379224,,,,0.3139667391542197,0.31390970722030365,,,0.31301231397340723,0.3145756720370679,0.3140292955825902,0.31402095086861614,0.31375285991243707,,0.31380775429622765,,,,,0.31452762299369785,0.3143136568858261,0.31411507133248956,0.3135816955665913,,0.060083444399277354,0.05992741918772592,0.05997236713542644,,,0.5478300274184005,0.607858298756919,0.5428838903507202,0.5425073664595195,0.5430709477306043,0.007132645825031831,0.5830314943660915,,,0.5830194416403767,0.5848557457001988,,0.5830947410588194,0.5845594892813056,,,,0.5823556742493883,,0.5835958251672424,0.581850436698765,,,0.5846511955093335,,0.5833207039848594,0.5838932934348554,0.5831140490826119,0.5840388836098652,,,0.5823319379146433,0.583105134728984,,,0.5818179125083909,,0.5819566818141052,0.5841004687526479,,0.5828587377613108,0.5825084466913156,,0.5825912269940208,,0.5844109478635192,0.5831208190624315,0.5841947991807637,0.5854706396068201,0.5819919267967607,0.5836480099015015,,0.5825437208238645,,,0.5812478858974903,0.5827297801728284,,0.5832091629911328,0.5832499737346061,0.5841184700067069,,0.5826712766739541,,0.5834163087516611,0.5852292201820262,0.5836795259641246,,0.5846311283510545,,,,,0.5836444428874024,0.5815493374536445,0.5831964241450236,0.5821671133509807,0.5822545313011072,0.583402177640724,0.5842033081985225,,,0.5809654636360263,0.5820797347268485,0.5834864461492401,0.5828597770566107,0.5821951751567692,0.5837964390919447,0.5805620834510613,0.5827705115952578,,0.5824486625267683,0.5836430981088734,0.5828304870138445,0.583757255274877,0.5826105326058512,,0.5839680819471492,0.5829821993946569,0.5823019928038261,0.5825376574562412,,0.5851308957887376,,,0.5819370413165349,,0.5841439550740838,,,0.5826608013144994,0.5831762913725225,,0.5816964746523792,0.583292828267099,,0.5832726097642104,0.5830122779682463,0.5824348523804247,,,,0.5837828099012624,,0.5835536219724468,,,0.5834594934064191,0.5829907022295193,,0.5831751415778815,,0.5833782805001521,0.5818896722650113,0.5829162445960344,0.5840923574877585,0.5846179832323584,0.5821556478888995,0.5835140210641493,0.5838217152558544,,,0.5827579258844341,0.5829889554820572,0.5822364492359914,,0.580983299939595,,,,,,,0.5829297534473855,0.5841898337073893,,0.5832751627538079,0.5828793285683819,,,0.581881548928726,,,0.5820082287969424,,,0.5826849681677408,0.584265342072496,0.584529651894699,0.5821799852895001,0.5838493091121905,,0.5821557417203214,,0.4962507728342053,0.4966175261031386,0.4951067937363986,0.5455847845970865,,0.5449628621563206,0.5893346320678222,0.5876559580413202,0.5874980095846006,0.585510324650157,0.5876913080109768,0.5878964629210323
4,4,DG_8pct,16,Z11_F01,11,SLG_A,175087,182020,True,3075.1108064647347,3118.9407184026636,3111.749259929269,3300.4157527739562,3278.5627697940754,131.5562420669215,16.554809921230806,3508.374656703052,3507.4843280850596,4125.826843261492,667.2726401882794,437.4277350258331,4.856909812069946,15.419885271752847,22.722379526874754,16.958090296161735,140.35217952753086,25.97309139846487,54.30414189026973,454.5032993383958,,,,0.7936015379556312,0.8743361625975827,,0.8644481361112366,0.6822948412117905,,0.6843275845682754,0.8467547994403335,0.6647288647787938,,,,0.8577971786490103,0.8585273168918979,,,0.9422941550480548,0.6824472417038001,0.6825225299682172,,,0.6867598906037171,0.6860440292914768,0.6759539950682044,,,,,0.6862533729852149,0.6854641469004844,,,0.6390929162310278,0.6598641931432295,0.6609182621673324,0.659545808900085,0.6618053027846288,,0.6649095100673632,0.6632235434555771,,,,,,,0.6650391419573166,0.6659739911836656,0.6668867014652615,,,0.6641314236244096,0.6643450841556027,0.6649750360840427,,,0.8638643497610469,0.9360678875930482,0.60207714067194,0.6018720143094909,0.6025334793937231,0.6014822842812643,,0.602165313838408,0.6016518698962345,0.6039568365674572,0.6023904010569816,,0.6040050562172071,,0.6060235501936008,0.6028888253410709,0.6023795341388267,,0.6023116279110721,0.6028876850179177,,,0.6041970621190238,0.6029971790317549,0.6030198557458444,,,0.6329186897009528,,0.9150977638295108,,0.5704364394419222,0.5707602124124127,,0.5720034352317239,,,0.32508375069103274,0.32607826898212394,,,0.32634130077436074,0.3266446406355766,,,0.32586935952694873,0.32724368711594193,0.32534645034089704,0.3262908048733965,0.32568659859973453,,0.3259355134677169,0.3264284369717514,,,,0.3258763714148339,,0.32542251781375814,0.32605331971899915,,0.32667588337193915,0.32602032054552105,,0.3249177126415086,0.32653898308646495,0.3257183649525812,,,0.3254248948943032,0.32649600470727486,,,,0.3263506785539381,0.3257777475549415,0.3252494401366719,0.3259192290547257,0.32563895949587635,,0.9015828834566183,0.902037578561213,0.9015734714836724,,0.9009856685044739,0.9011271646942783,0.9012887136205361,0.9018922310161963,,0.9030373817325013,0.8998226199132083,,0.9021022923407404,,0.9025579347999549,0.9016569273533716,,,,,0.9002008269750134,,0.899140721347443,,0.9024545620916892,0.9001295339423807,,,,,0.9006750408960115,,,0.9034575993398607,0.9031462380256245,0.9007953717731882,0.903259649008691,0.9000598598330056,0.9024085727743132,,0.9026954398738968,0.9025586720741786,,,0.9188100367580277,0.92336573536154,,,,,0.9218252174747933,,0.9228117881101083,0.9220722800163946,0.9221039357504529,,0.9204433540923073,,,0.9215744078538447,0.9208783686149157,0.919519734309844,,0.9191550011263021,0.9183454840852243,0.9219399019879252,0.9175137859750174,0.9199913265516096,,,,0.9191091980186673,0.9185248499573563,0.9194704777429873,,,,0.9194591634812115,,,0.9198696235115549,,,0.9226035401383718,0.9206294231407528,0.9202510155840219,0.9239945834689416,0.9194812001600041,0.9218192913440992,,,0.9192576893349216,0.9223886064285269,,,0.920915416314397,0.9210980441414474,0.5716779621357577,0.5707422155377064,,,0.30227603219366594,,,0.5660908413360867,0.5690236170281131,0.5662958381983955,0.5672091877685251,0.3885637601733081,,,,,0.39016605266979804,,,,,0.39066827943635724,0.3906061867194522,0.38923925322738784,0.38975283099406993,,,0.39063967254868,0.3899881217696987,0.3899218019454554,,,,,0.38965838500798883,,0.3893504533200118,,,,0.3901007085101719,0.38930074668866954,,0.39032605160402334,,0.39076457305384266,,0.39009353040604894,0.3901514610197544,0.3892543978905962,0.39017133142768556,0.3719810152494886,0.37232088910108946,0.3727382080932513,0.37306672936283586,,0.37286336858692687,,0.3721084175666068,0.3723837535718137,,,0.3723961143534577,0.37361509336145937,0.37267869448051283,,,0.3720114454425168,,,,0.37276907605674275,0.372528069459561,,,,,,0.37167425699002143,,0.3719928630640121,0.37287658618810016,0.37287639766443453,,,0.9052639468226402,0.9074079522713175,,,0.9056552165303411,,0.9082344940080175,0.9087064795633006,,0.9043906012574275,0.9086262092728239,0.9043205906846388,0.9065087202434953,0.9054128431211085,,0.9039664882358984,0.9053836757449774,0.9031012303737498,0.9069264848919321,,,0.9036377109751772,0.906401065393342,0.9025309205441205,,0.902452300051936,,0.9061219317218888,0.9027733674646518,,,,,,,0.9042616707767036,,,0.9061171710886559,,0.9066502530507381,0.9072739330005178,,,,0.9071381889522591,,,,0.9058230217214438,0.9092889003684169,,,,0.9062620372553986,,,,,0.9056570393398462,0.9052140072566423,,0.9058585518918927,0.9078232456578612,,0.9036868583370896,0.9050446993929039,0.9052797262229696,0.9043386188756832,0.9045949595061176,0.9040249366652994,,,0.9051319845536304,0.9068827418106855,0.9055641409478788,,,,,0.9068605151039091,,,0.9034247960217429,,0.9180142569066548,0.9190915807414569,,0.3994133239945096,0.3989036709212849,0.39991451989229804,0.39937446799891346,0.39983332608069516,0.600834342321143,,0.6025252769737396,0.6019523509893929,0.6023434447875226,0.5996570204350385,,0.9226716882271486,0.9008097417559479,0.563699261015469,0.565506243881449,,0.5516141677675581,0.5493807717869732,,,,0.5333702947694777,,0.9332894598618404,,0.05404185971180383,0.9590468073145936,,,,,0.9688772779929196,,0.9690105218759609,,,0.00739384384822417,,0.8954395410960809,0.9745833754371712,0.9724943360989494,0.5188600727413358,,0.5199479718555462,0.5191980432662001,,0.5192168573165239,0.5201895834170143,0.518406004767474,0.5190923569672095,0.519088790191767,0.5196677752400474,0.5194728982562206,0.5195846769901603,0.5187760512755208,,,0.518443951971295,0.5194161850707887,0.875415610322309,,0.8753672545490998,,,0.8812770319450272,0.06453318124995205,0.06470114324910034,0.0648442416368692,0.06455647306796025,0.9879494258315981,0.9882586063658518,,,0.8728007838985019,0.8676940031479955,0.8703265376186408,0.8697327570065988,0.5249372925352339,0.5257857870984693,0.5264927821575613,,0.5256723143502713,0.5246577791039034,0.5251567896532789,0.5245470564661805,0.5250011694507246,,0.5267526438740244,0.5261982394035708,,0.5251053010122587,,0.5266779786192367,0.5251448081792418,0.5256413967101928,,,,,,0.5242328482685455,0.5248562383674441,,,0.5249291837775039,0.5258234867792709,0.5240337969737361,0.5239119072572185,0.5252363427015212,,0.5248108809852192,0.5241490466567987,0.523701942102298,,,,,0.5262261498392902,0.5241574121013695,,0.5247400786103883,,0.5257938734007789,,0.5245275263633611,,0.5259604454574601,,0.5244494352764978,,0.5260854375227656,0.5245768018981115,0.5265066519972227,0.5251412814634256,0.5246870901084244,,0.525680728603592,0.9176670273868406,0.9202609353256538,0.9184189719662325,,,,0.9150995580691712,0.9181723549433816,0.9169012408207623,,,0.9180252852459605,,,0.42704487435841726,0.4273524668101465,0.42867878346786314,0.4265489713200837,,0.4282888938516152,,0.4271944073298625,0.42623732187990343,0.42862879661244246,,0.4277152194694284,0.4254994382371047,0.42565007803529215,,0.42739718816000094,0.4269881940442582,,0.9205861705244591,0.9201057072143521,0.9194387568079896,0.9212901160660815,0.9190354689398523,0.9202359448680062,0.9232394708419849,,0.9024292682810277,0.905935294781195,0.90310122804448,0.9052764021461088,0.9056051800736888,0.9039802846606552,0.9034301024612288,,0.9054103781342091,0.9072719131350069,0.9073881535671552,0.906797034005914,0.9068881616390793,0.4270946975768264,,,,0.42782716454293845,0.4268713741717385,0.42691295276208985,,0.42760773289953774,,0.42631995626682256,0.42698313790235237,0.4212196618637399,0.42679593243266756,0.42680591800676443,,0.9082728545980293,0.9050526808121716,,,0.904952021537789,0.908599537571221,0.9201991038011581,,,0.9191765197199243,,,0.9157824101735005,,0.9200020955385138,,0.9205508944704387,,0.9173689922683579,0.9208261962778529,0.9181345779229244,,0.919554700471021,0.9192224541327219,0.9190133239395999,0.921538834490158,0.9192238475421074,0.9193509607064566,0.9168459727821022,0.9187805073462275,,,,0.9085851905692378,,,,,0.9097398884422926,,,0.9069870967397282,0.9064235944120923,,,0.9076479393189848,0.9086211280858645,0.9086077036018203,,,0.9083838258551176,,0.9074069149042758,,,,0.9081560988309357,0.9076421898108443,0.9060938117781218,0.5226291597181117,0.5227824069464765,0.5211449469848384,0.5237891994540067,,,0.867374468757728,,0.6739154485076321,0.6738314158089694,,,0.6832791221034964,0.6844008868269167,0.6870399628241503,0.6823022594009909,0.6832746269137825,0.6833618099441725,,0.6842382944421628,0.6824120049054875,0.6827750565627848,0.6847536042194825,0.6861082365335972,,,,,,,,0.6844086223277528,0.6833790089175266,,,,0.6838347515348321,0.6844489478086319,,,,,0.683995875322919,0.6812715914426605,,0.6846314667205067,0.6844890098668921,0.6851787400366977,0.6833312948243894,0.6844218169825397,0.6855984777849043,0.6839182285633647,,,,0.6850192319875544,0.6817396042120691,,,0.6843404272314259,,,0.6833625436988624,,0.6829730703420116,,0.6836395283756118,,,0.6831452475569344,,0.6845913239442833,0.6835861626996255,0.6847483193773773,0.6826500847367023,,,,,,,0.6822451197027805,,0.6834525885645761,,,0.6824592004500721,,0.6859283424859152,,,0.6831396152881324,0.6843779000098158,,0.6836354337176408,0.6841129327951191,0.6847175306826794,,,0.6848747216157518,,,0.6837433110152852,,0.684707771608381,0.6845563989055599,,0.6837299299324472,0.6823168991867137,0.6848948205969018,,,0.6840766019522002,0.6867918627472827,0.6840328145985102,0.6825713806826188,,,0.6853694298791546,,0.682395501284645,0.6844801910205635,0.6836721806658587,,,0.6854719488969843,0.6842943788909879,,0.686012488898991,0.6859083417752031,0.6845857828747312,,0.6864244504090637,,,0.6856918585673035,0.6831450650329791,,0.6823277231873851,0.6852723048461186,0.6834135822739944,,0.6830052257176492,,0.6854792441852409,,0.6850645824229894,0.684611472013892,0.6855308713300144,,0.6845530333392031,0.6831447924427586,,,,,0.6872874901077278,0.6851862280738241,0.686627481993224,0.6846966310932255,,0.6840212108384085,0.6840769016345126,0.6832564731869353,,0.683027097732327,,,,0.6843384242378059,,0.6838848963828884,0.6855837933110778,0.6834959646032661,,,0.6856693888121593,,0.6834807715617536,,,0.6382849132846625,0.6387278986412039,0.6305312042372976,,0.9370513774856827,,,,,,0.945358270609743
4,4,DG_8pct,16,Z11_F02,11,SLG_A,175087,182020,True,3079.8868788517498,3097.047629040618,3121.746195233755,3301.2230096234525,3296.77150569423,131.58869578926246,16.633965392938208,3508.50890840728,3527.876340444532,4110.515504612749,667.4803191843895,436.8816885473962,4.867407210616144,15.439784512248185,22.697993991970385,16.887645807011726,141.61418401934188,25.87496735805768,53.97335658148748,453.4495570338231,,0.7882348286707471,0.7871914507427833,,0.8728245399754878,,,0.6832438608085301,0.6817677251430851,0.6832091355278901,0.8439569726621181,0.6641292028998621,,,,,,0.9453581426791988,0.9466799845870596,0.9442776280801658,,,,,0.6835392390723566,,,0.6759967431484605,,,0.6860278620313437,0.6851925055728497,0.6853355018213813,0.6850780799575041,,,0.6605563694137507,0.6589405201492929,,,,0.6639442711765532,0.666594082389546,0.6647200567988018,0.666659776044816,,,0.6628350557243792,0.6659581752806657,0.6675239607863664,0.6645857001580587,,0.6650521671698625,,0.6654754015980934,,,,,,0.9376706043179673,0.6028362859562771,0.602714970305573,0.6023686817037043,0.6036006930131151,,0.6029341453916711,0.6008900558688892,0.6031622496484802,,,,0.6034461248317735,0.6044968626256441,0.6033455728454745,0.6028478884472022,0.6027868586468522,0.6028784724624717,0.6022486050500101,,,0.6022780132986861,0.6023978759721726,0.6025969587357343,,0.6321878402479179,0.6323243328694744,0.6327459553725118,0.9173114725321228,0.5728965213737767,0.5701290678012965,0.5717516144728976,,,0.5706482223176673,0.3266735385748008,0.3260243709751205,0.3256067971726835,0.32534008782111495,,0.32567873768713307,0.3255096894888263,0.3266032006322831,,,0.3258727411525109,0.32642971088213335,0.3269472034603563,0.32589262779831013,0.32662591537005875,0.32571126900077224,0.3253179750498721,0.326450870021663,0.32711931202014394,0.3250634830281372,0.32582560177201886,0.3246206632255786,0.3255908663532971,0.3256916554285731,0.325243101688263,0.3256321700490734,,0.3258012401297333,,,0.326265417705537,0.3257977239176237,0.32512625855029736,0.32599728077091256,,,,0.3250912001772126,,0.326325023919696,0.32522201617101076,0.32531402852242575,,,0.901791528595632,0.9013232991723278,,,0.901460695501984,,,,0.9002071120559985,,,,,0.9036615960002106,0.9025905132015052,,,,0.9023711372519665,0.8996825133891481,0.901110918131187,,,0.9008560887428219,0.9018658008980378,0.8992283458234668,,0.901771202710861,0.9024820590144844,0.9025845867116497,0.9012775038182008,0.9030156162934916,,0.9003293067248864,,0.9010939753251443,0.9027551427587591,,0.9004915382395556,,,0.8997449340624178,0.9005362136830823,0.9014479482558191,0.9179790752083875,0.9223240371632927,,0.9199685470372378,,0.9202914029399916,,,,0.926377774376118,,0.9197231003903178,,,0.9200838563407266,0.9242423361624266,0.9188990306034535,0.920968119101,0.9230443813211663,,0.919747400111666,,,0.9188824933100306,0.9205119951168631,0.9208290625333386,,0.9197731151381441,0.9214697194806503,,0.9190079198402852,,,0.9201107009992737,0.9190646980426412,0.9182976416891244,,0.9180042099542842,,,0.9184272002229885,0.9188289908116916,,0.9205761519758836,0.9193115929525305,0.9184282490101024,0.9172637823562466,0.921807652413208,,,0.9212062537882877,,,,,,,0.30331690458605376,0.5663661356121813,0.5675181870289675,0.56805666536832,0.5665652967175125,0.5661081948638311,0.5669349350698353,,,,0.3901687303758979,0.39028406993193465,0.389389477142783,0.38924758395667547,0.38925397002243545,0.3904885492103569,0.3909467994753948,,0.39045357531582714,0.3896560468440707,,0.39043186226884713,,0.3900377591079639,,0.38954492354293624,0.3903009386053075,0.39057178668264186,,0.3891715624016,,,,0.3900999903591676,,,,0.3905806109770883,0.3897413841442427,0.3894890084835821,0.38922051392555024,0.39057395120525734,0.3911598996078671,0.3899177217708877,,,0.3895404182152129,0.3734150265157306,0.37201380540504747,0.3727300044033649,,0.3719165381868696,0.37189602874091476,0.3725261512115794,0.37238218139470386,0.37311126506089826,,0.3724919836208583,0.3732445862890796,0.3726511459675251,0.37391792699005966,0.3723838874941133,0.37290196308357304,,,,,0.3719988644826455,,,0.3719862428917798,,0.3724537597089145,0.37261237539341874,0.37330968036273493,0.37291482939919907,0.37311599163097003,,0.3718801289305645,,0.9097446854145025,0.9067116098330047,,0.9059379523208324,0.9067348751024675,0.9045672673327892,0.9057524439908174,0.9074628901910679,0.9068102472783698,0.9040093126030422,0.9033988752249542,0.9061797749081615,0.9050259902714564,0.9056191757387443,,0.9071107667330959,0.9037639701812407,0.9067525408536143,,0.9047053980823283,0.9041021166597482,0.9039821378344084,,0.9057382132283577,,0.9055555480191992,,,,,,,,0.9045179229643245,,0.9059985112110635,,0.9064820994847497,,0.9070317710279749,0.9056518598739801,0.9073903744505541,0.9067712357661026,,0.9061532810013072,,0.9070726631484088,0.9066183648201521,,,0.9063825929546173,,0.904693046340665,0.9095515657623842,0.9044162404695572,,0.9055784168112033,,,0.9038531114489502,0.9070177030209473,0.905032379465215,0.9058321292703498,0.9058723921720818,,,,0.9051650182328711,0.9045127131614225,,0.9047458072052512,,,,0.905323335363441,,0.9034763612053742,0.9045570601141985,,0.906875428118614,0.9041273365223472,0.9038407620954974,0.9080114024287192,0.9054419833632683,,,0.9208610693848628,0.9186944117804413,,,,0.39912021028631356,,,0.6029166795040097,,0.6015226479499823,0.6020518698566044,0.6020672610898403,0.6014324146504346,,,0.897747728061048,0.5638711424356834,0.5642517238505345,0.5634365402402015,0.5504216451156243,,0.5491266483743212,0.5352784422348209,0.53348385083458,0.5335570034672488,0.1642927502408772,,,0.05403245477784726,,0.8969757856671927,,0.9647104865511001,0.8974575929523175,,0.9696649454645357,,0.9668403997824674,,0.0073969972601618745,,0.8960367819665651,,,0.518331691025501,0.518133944077949,0.5181957001539359,0.5194711886100111,0.5188860987779695,0.5196060754517428,,0.5196581075095039,0.5184497890739598,,0.5191610051604919,,,,0.5196635077434425,0.5196939703861639,0.519572898239115,,0.879035952202874,,0.8769404298443638,,0.8748004740155608,,0.06456897133964305,0.0645669748507945,0.06468622588781246,0.0646074472785922,,,0.9856492600499355,,,0.8718675682227734,,0.8741731698540425,,0.5249120771486409,,0.526894560134296,0.5260606957416033,0.5250908256224689,0.5265422073135491,,,0.5265070533349039,,0.5244200056797819,0.524563742265213,0.5260571830752936,0.525349031945462,,,0.5255990526202416,0.5253066218402397,,,0.525035521983761,0.5251694874639976,0.5244553311144127,,,,0.524831714295448,0.5240518559229933,,,,0.5246659536811866,,,0.5250522290554733,0.5260243832368119,,,0.524915812778751,0.52293186634943,0.5237203506040963,0.5235925195921255,,0.52558023323114,0.5263145739393001,,0.5253143056958791,0.5259480031497467,0.5251149006256308,,,0.5246657347495958,0.5246988725183076,0.5250293926404519,0.526123960069478,0.5236971293582606,0.526373874398704,0.5265284882944901,0.5252366352172773,0.918273595872759,0.91929284784195,,0.9212840883184236,0.9200853857331187,0.9183831185248573,0.9195156979740586,,,0.9181074810353748,,0.9198341783996611,0.4279571047210676,,0.42773802266270294,0.42753866235329374,0.4268310629977006,0.42706883170893745,0.4283710325093434,0.42839630505039206,,,0.42720938667715486,,0.4269023520570377,0.426700612512708,,,0.42715054735915453,0.42835944744696325,,0.9183153944904533,,0.9185850713068355,,,0.9213838412455624,,,,0.9049163641251031,0.9039516789682168,0.9038327544597577,,0.9064938970131452,0.903426308964775,0.9029644595969224,,0.9024235669392731,0.9024942465939005,0.9062688458837266,0.907706854410065,,0.42625822341446495,0.4276576407302265,0.42628678179900276,0.4262741130106004,,,,,,0.42798138623318904,0.4267064778789116,,0.420717171676332,,,0.9110089402053453,0.9094969942981375,0.9113954212953655,0.9060108832225702,,0.9066142174509989,,0.9186597112383855,0.9182336684777123,0.9200561346535712,0.9178005261001865,,0.9184449763692349,0.9211855175894318,0.9202000744140921,0.9173681431591291,0.9189161839887808,0.9185492520893552,0.9214702796617532,,0.9190555093305607,0.9207883289904077,,,0.9191444660028437,,0.9213496398220726,0.9178089152573898,,0.9146011142963185,0.9202262641794976,,0.9232054665221539,0.9205632517752326,,0.9081390790238231,,0.9105584654481846,0.9074559926050615,,0.907939231185361,,0.9099852204275951,,0.90538547335855,0.903369982561344,,0.9099932131707444,0.9071405645738541,0.9049120100458674,,0.9057135523422153,0.9065930982500429,,,0.9082178269949864,,0.90807921405709,0.9066263511894629,0.9059367951001001,,0.5218342442405771,0.5231404245814956,0.5213778614004545,0.5214124103549337,,0.8641760828202981,,,,0.6742790907818705,,0.6853744639823112,,0.683408075178903,0.6826266083736875,0.6842035944371294,0.6844398289370639,,,0.6834324848974622,0.6837157605666903,,,0.6824760858790834,0.6835337062026424,,,,,0.6827388278118621,,,0.685553512404532,0.6861570813800649,0.683712571238941,0.6823342951825486,,0.6846495348793828,,,0.6849474181468486,,0.6835061912790664,0.6865424357876596,0.6842600267256157,,,,0.6844797215927901,,0.6821764750444689,0.6854114974244347,0.6840590110414151,0.6828762399287047,0.6823366087020349,,0.6831780833994702,0.6854964033421518,,,0.683581060840605,0.6828909401960699,0.6858383468582064,,,0.6837804735767603,,,,,0.6837872498381171,0.6834240852465151,,,0.6844048886489544,0.6829763155171568,0.6857775863067714,0.6854829974479956,0.6838342316043904,0.6842358626159304,0.682485297332487,0.6837245192298574,,,0.6818460774870319,0.6830586053619847,,,,,0.6841851860920101,,,0.6852349916377769,0.6816840994152442,0.6834805448968349,,,0.6837732875694104,0.6835362146530667,0.6863031062961528,0.6841290401816185,,,0.6831962860084096,,0.682569181256051,,0.6837755859333595,0.6832625671739853,,0.6814689994056434,,0.6829899173775605,,0.6840490122927715,0.6832588839513831,0.6836445158377091,0.6849471724476471,0.6827509567562448,0.6848823618456823,0.6844005221901753,0.6839388804125354,0.6840313028259175,0.6835760964823364,0.6854849061698535,0.6843084909578809,0.6841737040557604,0.6840264610807141,0.683328249173409,0.685127205206099,,,0.6854427467181831,0.6842879245138699,,0.6831505165438544,0.68515522554512,0.6833351876064349,0.6829823378611518,,,0.6850369359908607,0.6825316137777186,0.682448722367117,0.6851327494355024,0.6842068014355924,,,,,0.6821059211207989,0.6848897046477269,0.6830917432100762,0.6820924007684874,0.6836459351780961,,,,,,,0.6854054351156557,0.6826654075627294,,0.6831458148958814,0.6844441267342596,,,0.6831239566498918,,0.6852366457822108,,0.6851815140391749,,,0.6849772990331318,0.6848382786455245,0.6835371425862805,,0.6386653403225289,0.6384150005090304,,0.8651531446195456,0.936637441101802,0.6632357585029204,0.6639082955755506,,,,0.9434141599456625
4,4,DG_8pct,16,Z11_F03,11,SLG_A,175086,182019,True,3245.8366893030593,3265.6431321568016,3270.228444284844,3482.018871304082,3457.884970966472,138.7823019398232,16.12985157165053,3692.650202636538,3714.8597432824126,4344.127665385902,644.0985260181902,422.3704408908951,4.837983934320328,15.219565811597896,22.475374280496442,17.001690659145936,148.09185689974393,25.951458415011793,53.073504251030165,481.6269273516937,,0.7844788582018497,0.7824450920344689,,0.872482866197236,0.9517838803265842,0.8629101781841124,,0.6763509353661967,0.6771233963861856,,0.6481099807142208,0.6490435584573343,,0.8572403989874599,0.8588664388154571,0.8581743697167746,0.9423798317861215,0.9415034677334185,0.9406112564248713,0.6728208714395513,0.6751124224230831,0.6755324334086288,0.6773964626044083,,0.6753074737876326,,0.6688616938361682,,0.6765590296526826,0.6788316002547772,0.6778757382896966,0.6784601674497648,,0.6783391460595395,0.6216772072163205,,,0.652272527381126,0.6558368604640186,0.658272428163292,,0.6577825779390363,,0.6572817143629327,0.6583452612758183,0.659682618304554,0.6586638750535314,0.6586156383908223,0.6579763373496031,0.6582333242149147,0.6580259158171039,,0.6582797257903585,,,0.6582337184344318,0.5915991058927919,,,,,0.584503964669086,,,0.5816047687816227,,0.5820033783227975,0.5818964849754692,0.5821611155490402,0.5848726844328551,0.5826781647169647,,,0.5841475786283151,0.5840864629640083,,,0.5835454333191861,,0.5830525257076996,,,0.5815553079010682,,,0.6249479634639774,,,0.5709353921210071,0.5711560017570467,,0.5692221706839232,,0.5696218782649101,,0.2917786682642439,,,,,0.2923353815178912,0.2917074496621746,0.2908830416479211,0.29170541197984967,,0.29127335936153664,0.29091151055086234,0.2924173466852099,0.2919527065171136,0.29099864145370385,0.29202161664042425,,,,0.2905228955826726,,,0.2907372700715897,0.2909423403569457,0.29114288448641357,0.2918175801528317,0.2917627743845564,0.2909614785676766,,0.2910212601527526,0.2909182200289967,,0.29066304028244255,0.29102372673524435,0.29048761525059236,,,0.29189903741078493,0.290887263212702,0.2916111846151245,,0.2902197827469512,0.8947836233961945,,0.8952619462808478,0.893224090543006,0.8954635051936823,,0.8961069739334032,0.893683387845762,0.8957331840157117,0.8951099392404575,0.8951085908656874,0.8953288592095973,0.895753817842147,0.8957828524858501,0.8962420395727848,0.8948882254040635,,0.896189532734024,,,0.897002845392479,0.8941452535873375,0.8918231132899367,0.898214626933103,,0.8940398554953777,,0.8929058888137038,,,,0.8927299478287661,,0.8946736758770228,,,0.8963011725596484,0.8937530776153786,0.8941546067710793,0.8917230555331431,0.8934954991443554,,0.8984431517089256,0.8955055872523926,0.8921935681253321,0.9227114906187438,,0.9241126282905923,,0.9252781054597861,0.9244586904301828,0.9253747875585108,0.925180606328805,,,0.9262676847619038,,0.9252185437115579,0.9230021823762345,,0.9252370701552709,0.9268976191090827,0.9273983635689573,0.9244100831611194,,0.9239756237014898,,0.9236326809909691,,,0.9242587798761325,0.9234808655023607,0.9239227287324085,,,0.9234840563951567,,,,0.9246566827654201,,0.924683570880346,0.9256936358045877,,0.9236184551864682,0.9229009668276154,0.9262969771648017,0.9242295490453939,,0.9278205217575589,,,0.9246446951394584,0.9266546036515695,,0.9228024216284988,,0.9222901845203116,0.568702706511049,0.569322091222497,,0.3335251038674762,0.2663254223471331,,0.5643001675690448,0.5668255831668108,0.5658462609082733,0.565786468437452,,0.35975374108327124,,,0.36000361145483595,0.3607460822545172,0.3600324043594258,,0.36047800676643765,0.36070553165746594,0.359780408867503,,0.3606432047126878,0.35957368447962945,0.36073125244426096,0.3608688964080575,,,0.3606485860175582,0.3607788912686194,,0.35915831990559166,0.3589759026928252,0.3599384658592967,0.35999078119529726,,0.36009716872998276,0.36024820656394557,0.36178163269199526,,0.35989342313997597,0.3597701368808929,0.35998257121035354,0.36050467396671015,,,0.3597721770359664,0.3603348449972167,0.3607275750131782,0.3602299411516873,0.3593969768589021,0.340856354619635,0.34145850249730436,,0.34030988868801076,0.34143251942581887,0.3404904287712068,0.3426588209299783,0.3412810333735238,0.341443671845308,0.3414871701967125,,0.3409397494388121,,0.34102798058424794,0.3413718421130908,,0.3418698862523092,0.3407009735509484,0.34146521686248954,0.3400131288525945,,,0.34050172261778094,,,,0.34122520804786743,0.3405934701347116,,,0.34175130659488334,,0.9015853024028622,0.9006681333254548,0.9022114787599801,,0.900978917750019,0.8993883492673014,0.8983480073928022,0.9014061653569659,0.8980626964808636,,,0.9011395972770824,0.9001989428477088,0.8985689082216456,0.8979937266917762,0.8997260150099726,0.8982712466007274,0.8987306531556319,0.8981903701997069,,0.898627922082753,0.8995675322156256,,,,0.8993896257249997,0.8977660442211008,0.8990634994960042,,0.8994423015560198,0.9015241869541594,,,,,,0.900887258734525,,0.8987201662699805,0.9002023711989241,0.9039028830038702,0.9023124892050615,,0.9012265741983218,0.8995690510306956,0.899361913933515,0.9001309650351234,,0.9005232622310203,,,0.9003174764780487,0.8997173079062941,,0.899617559210324,0.8991785899433944,,0.8992830033325775,0.9026157459261416,0.8982005391801547,,,0.8967602593138116,,,0.8991358155473916,0.8991873945801014,0.8997104516206987,0.8993742658816418,0.8997159709977918,0.8983040666641735,0.9014405073781461,0.8996139718918318,0.9014407409672179,,0.9014610870300785,,0.8987094210211544,0.8998715474918753,,,0.9005622833615966,,,0.8981630481142712,0.9000553164821268,,0.9214288863313211,,,,0.37029113619878584,0.37114451253288766,,0.37004360263817554,0.5981395954207163,0.5983332334432254,0.5972461013098203,0.5989315153378948,,,,0.9252557006173657,0.8950206028865338,,,,0.5481761319745007,0.5486190113098344,,,,,0.11666102325137723,0.94094156018196,0.8918676932083888,,0.9612309512355137,,,0.9651697961969455,0.8913604810748605,0.968816447014723,0.9639606984911554,0.9664426938305438,0.9679148009131832,,0.015841715637088798,,0.8876507170905212,,0.9701089438105167,0.517732004120681,,0.517113760444966,,0.5179713418450062,0.5175187423681951,,0.5185480679071991,0.5168753237755754,,,0.517599768064248,0.5187905373479618,,0.5176586086855246,,0.5193157999290988,0.5184203628778328,,,0.8707079766681888,0.8708926032209832,0.8731785695056264,,0.07037839898048279,0.07020429910990456,0.07025152131021221,0.07030277827535812,,0.9817058077811712,,,0.8684404881098753,0.8664062789526455,,0.866980351785736,,0.5252838765585673,0.525491377941632,0.5239120361087753,0.5238089919593504,0.5238905034926373,0.5237210815667901,,0.5235908236561166,,0.5235590170112562,0.5236630974237542,0.525163359974518,0.5236614730667486,0.5237374348609994,0.5247738429340709,0.5253228835738015,0.5242324113737273,0.52439248458998,0.5219887525358609,,0.5250929608667552,0.5232873759830198,,0.521887384004416,0.5244159560883689,0.5254792021227033,,,0.5245127621519858,0.5241715148559829,0.5248300755519407,0.5241179357468736,,0.5242229517319096,0.5238036800651208,,,,,,,0.5231283644218941,,,,0.5240992102883001,,0.5237037033152965,,,0.523865307247348,,0.523839165352976,0.5227892285409217,0.5251922942662426,,,,0.5244037268291933,,0.9214161876535534,0.9223954587767138,,0.9184472511750172,,,0.9235439749722206,0.9187640640634281,,,,0.4001781248709988,,,,0.40095877544479935,0.4010279732672068,0.40020422767668967,0.3993152975319294,0.4003073089662865,0.39992420716881233,,0.3995144754725146,0.4011502049878433,0.39922345171447704,0.4003521254830144,,,0.40095194643711213,,0.9231256807623259,0.9235918725333594,,0.9249125345877549,,0.9226056369537193,0.9254259470802423,,0.8988965027935258,,0.8998912690093206,,,,0.8979170757213464,0.8993690711705438,0.8975301495838355,0.9000380712023047,,,0.8994508406610413,0.8997799861067592,0.4000355359038775,,0.3992770456759187,0.4006854204307895,,0.40112609476495575,0.4008373250979901,,,,,,0.39391245938805425,0.3987807169637166,0.39867962641461135,,,0.9012209567762292,0.89877848271443,,,0.9021064484826471,,0.9241690483313486,,0.9210035573347265,0.9228932903510372,0.9257106015288933,,0.9223096942369774,0.9225188194537384,,0.9224765252618814,0.9212212172781448,,0.9242887292067571,0.9245020197443498,0.9238407608509606,0.9238481914462893,,,0.9246856250374943,0.9251316121675888,,,,0.9235672864098169,,0.9217226001593966,0.903257896982437,0.9029347103745644,0.9007019045997591,,0.9028884132700482,,0.9002953574303683,0.9019024569711326,0.9006706837813245,,,0.8997494566087495,0.8996229041790144,0.9021536900250858,,0.9002575303045054,,0.9008391454982492,0.8996035106804409,0.9032847640169342,,0.9011923854271727,,,0.903582915271072,0.8976025362986008,,0.5266360966235221,,,,0.5272886353724197,0.8672901187467782,0.8577581002838998,0.6663527674285857,0.6687787850004822,0.668259986498371,0.04242934027655103,0.6768509776326532,0.6774459728229422,,0.6772839988046838,0.6759258332393819,,0.6760913057096607,,,,0.6764757226772024,,0.674505866232924,0.677704426055957,0.6766013302335777,0.6767968334986998,0.6783546491410216,,0.6763566269151359,0.6769379607904056,0.6766117004910328,0.6761537045131787,,0.6780181610814182,0.679199983871431,0.6766673198704481,,,0.6759140807061366,0.6760008774060131,,,0.6795001926261167,0.6781241932777898,0.6786426921765991,0.6753011602928172,,,0.6776335042640456,0.675749035008185,,0.6770272211195006,,0.6757928065014245,0.6759208852175765,0.6776976116242168,0.6773820450755819,0.6777019082400477,,0.6769389006490387,,0.6782335790348596,0.6778773791221346,0.6763687154318091,,,0.676461501758834,,0.677946544166413,0.6772001971191662,0.6745524312999848,0.6770647680764844,0.6767095530749492,,0.6769713213043256,,,,0.6758756040213575,0.6761530963075906,,0.677471228825199,0.6777520155213866,0.6788348940128002,,0.675948188771436,,0.6758296268621554,,0.6777896063727851,,0.6780764653880356,,0.674452481341853,0.6737717458799574,,0.675910810394902,,0.6756208499970883,0.6773514086521464,,0.6761750945011991,0.6766899354904607,0.6773247132813859,0.6768847271496882,0.67562317042562,,0.6771234411487372,,,,0.6742757395343898,,,0.6757728364696928,,,0.6763894573331847,0.6761394073700502,,0.6752603476893357,,0.6767959703030214,0.6773174875413563,,,0.678399227119845,0.6776146389158245,0.6770976502607451,0.6779213197917956,,0.6757230268859854,,,,0.6767381985238745,,,0.6761414615534773,0.6764760019334383,,,0.6778600604125389,0.6791366589449085,,0.6746542486139872,0.6756085474150816,0.6763231529379685,0.6772250659342754,0.6763750432731593,0.677309067237387,0.6762212050319946,0.6776374536816281,,,0.6788891491115301,,0.6769191182700454,,,0.6757767244078128,0.6760893208681477,0.6760828016187909,0.6762166948185692,,0.6768442394765604,,,,0.6779526363671657,,,,,0.6747399828741728,0.6766854238044273,0.6776602140826038,,,0.6289230178833928,0.6294431713076213,0.6128383061533621,,,0.645540176266819,,,0.8580338648126334,,
4,4,DG_8pct,16,Z11_F04,11,SLG_A,175087,182020,True,3082.0413335096637,3103.7938496231845,3112.8190188113845,3306.6813464568036,3302.8301582720046,131.28742126709048,16.518776448659118,3523.45925539121,3509.2910597809423,4147.394749066111,668.8509864943447,437.5358753651654,4.8417729522551145,15.440466094804115,22.72481035073315,16.982776154816978,140.24205714889408,25.884325057294735,54.0408692551474,455.3368006096028,,0.7903178756224775,0.7883626211098456,0.7972152517279836,,0.9525526527157528,0.8617202648072604,,0.6835465396001777,,,,0.6630109669494783,0.6647166046499661,0.8575501745301476,0.8579030418229435,0.8561787476845827,,0.9472828466476692,,0.6832717804506966,0.6832135136845017,0.6823877579105971,0.6840577590133013,0.6833416404060659,0.6857425877245121,0.6751238445712531,0.6745431716841817,,0.6843950370829687,0.6877058307392986,0.6858857882736092,,,0.6842552625839508,0.6407431507342117,0.6618042728192813,,0.6626414426400914,,0.6630987306831534,,0.6663287088456961,0.6648681562341007,0.6648993587401185,,,0.6665089663127456,0.6664661891665478,,,0.6669337975683797,,,,0.6653642986271743,,0.6096108857157561,0.6104659716904628,0.8630102833781264,,,0.6033121631218938,,0.6024420713054761,0.6009849315482032,0.6005820953330441,,0.6019581379586133,0.6018416113270599,0.6014287823863446,0.6007937773791197,,0.6027948564520587,0.6022521892872825,0.6023400961097645,0.6020665928005428,,,0.6041285992514828,0.6030551475647477,0.602523430246016,,0.6035669300908654,,0.6332167866197007,,,0.9156997229446442,,0.5699132360439213,0.5716597773904912,0.5710683600171419,0.5716672271660574,,0.32578323856520514,0.3263417437222198,0.3265948120298869,,,,0.3251852143273392,,0.32639731256548216,,0.32550224740725364,,,0.3259653729066584,,0.32443406182954215,0.32536329635857314,,0.3257504921927843,0.32578162151043705,0.3255201980887048,0.32639319267314404,0.32525595193840706,,0.32632159017449996,,0.3261466497212303,0.3262513124901772,0.3255738020648675,,0.32522795428532103,,0.32511182922239834,,,,,0.3257650820872773,,,0.32526937259107563,,0.32610818651284756,0.9006265211131197,0.9000524487377161,,,0.9026075404921602,,0.900254615406542,,0.8991909523768264,0.9034665583645297,0.9010492879454034,,,0.9005188157636044,0.9020619420938365,,0.9019809960068118,,,0.9014892817691439,0.9040768901629058,0.9032267479899241,,0.8978851071007532,,0.9017588752950083,0.900985863480109,,,0.8980377025607726,0.9008094123730324,0.9027628971004416,,0.9011364139828765,,0.9012770601502235,0.89927990851427,,0.9002471286382894,,0.899161109882241,0.900719752996576,0.899803541816424,0.9040751760672192,,0.9201310793291324,0.9209041269084636,0.9195533295831532,,0.9215146037104607,,,0.9202152866344405,,0.9220563331709767,,0.9220248593734417,,,0.9207956017422743,,,,0.9212957145618278,0.9218278628810228,0.9215858148925719,,0.9199842678545983,,0.9198222452717995,,,0.9190163152941195,0.9195097250970014,0.9203907389740139,0.9198593920166992,,0.9171193267886251,,0.9206395470038929,,,,0.9185567164591195,,0.9208410828398913,0.9187915610274243,0.9199344645801918,0.9214658124071762,0.9204912486213207,,,0.9187099946664657,0.9205613624673279,0.9217443114544459,0.9212596474215865,,,,0.5714505109393386,0.5710325789890579,0.36534034017528855,0.3033219167195197,0.5659525338463338,,0.5689892292522997,,0.5668379357905152,0.5667498999968773,0.39036732375827204,,,,,0.39108028351079727,0.3887722938764897,,,0.39014719624342253,0.3900544787193335,,,,0.3903822389222472,0.39088428686344134,0.3889492623242766,0.3907085070858249,,0.38940636051725663,0.39069954278503105,0.39105837873816357,0.3904238486020695,,0.3908549397231963,0.3905993533885825,0.38966863622191317,0.3898693029696326,0.3904269123497694,0.3899929810150708,,,0.3895306150006451,0.3891319646985186,0.3904597681127671,0.3902659433949033,,0.39032567514958594,0.389622648739732,,,0.3719421432109938,0.3728967812700542,,0.37198939409800413,,,0.3724543748623695,0.3723072809777429,,0.3735783705433555,,0.37327233752007605,0.3723321214961042,0.3726415077828076,0.37286351381632155,0.3729860457503534,,0.37241506026627247,0.37219888329139916,,,,0.37307486034163634,0.3721054103520157,,,0.3728248687488571,,0.3729361804885167,,,,0.9060816046790579,0.907915169858636,0.9042387845266108,0.9072684920326621,0.9071420152095824,0.908574834125724,0.9073504271590201,0.9073673010435016,,0.9090460448703382,,0.9044200010402363,0.9039546496959484,,0.905302815113427,0.9082976255362609,0.9062852067333602,,0.9056293429382277,0.9036240546501592,,,0.9038042556220972,0.9036753890701006,,,0.9035359726456077,0.9032825360283864,,0.9065850556641032,0.9061314977331015,0.9069419666059633,0.9059940362206006,,0.9038928443227796,0.9063412646627025,,0.9070342070131555,0.9084029966795756,,0.9090310378211274,0.9065902025661001,,0.906768148666712,,,0.9072223681019781,,,,,0.902734149065716,0.9041171862377393,0.9064838639575448,,,0.9041305809585544,0.9058434429672099,,0.9050587750501782,0.9019503023170778,0.9042392049411606,0.9070057664453981,0.9065408966159046,0.9037337733981419,,,0.9055973282578845,,0.9057433748490578,0.9044509809507004,,,0.9054335995751591,0.9051230726386696,0.9033000022090144,0.9055221264237823,0.9038542342608169,0.9050667359710596,,0.9073665347008952,,,0.9043107985101423,0.9044612021917365,0.921985021124761,,0.9222652624739239,0.9176945550981863,0.4009141588534908,0.3986474900721022,,0.39926539364585756,0.4002966751924765,0.6001695479801682,,0.6001321571031883,0.6006296195776016,0.600181177176625,0.6019109823896185,0.30585329577207654,0.9188128270598253,,0.5627357220096922,0.5646205250026891,0.5623615132404102,0.5486359718617161,,,,,0.5327252383000389,,,0.8977018890940976,,0.9581348524952652,,6.306094814397532e-05,0.9692034171769206,0.8984507174672461,0.9676422856162851,,,0.9665999876855801,0.9682441541986433,,0.9649976478591138,,0.9759891414245346,0.9754516437078786,0.5188028819283721,0.5186709763858652,0.5190000050073851,,,,0.5203587344230294,0.5207531904546109,0.5192995850213231,0.5175422361472944,,,,0.5197857200646169,,0.5192074473542556,,,0.8762517243159026,,0.8759462735633596,0.878349898794331,,,0.06466166588039846,0.06481710744989364,0.0646211612371985,0.06470335293576014,0.9869563144537842,0.986953353372643,,,,0.8700431435871668,0.870879473606472,0.8732057101922363,0.5249663141204938,,,0.5264207522734412,0.5264265626003207,,0.5250507704018597,0.5257541729746796,0.5248247409775962,,0.5240923831274694,0.5259853348819111,0.5257402426727699,,0.5239140788953118,0.5249792259415818,0.5253590407799673,0.5237248366687277,0.5254332237343331,,0.5245497489253488,,0.5249077516273176,,0.5241745144802239,0.5239977282300023,0.5247417502276875,0.5253182487711074,0.5251631615938692,,,0.5250221919642385,,0.5246130019836368,0.5227941242920645,0.5253089857944039,,0.5248716524351527,,,,0.5240591998427669,,,0.52637070593604,0.5257237497633411,0.5266995112313827,0.5235910555222723,0.5262512664251665,,0.5247244734284212,0.5252794088635652,0.5247738738815677,,,0.5254764991411764,0.5269009522680675,0.5256763472288375,0.5257726296355859,0.5263731609932273,,0.9179639296738337,0.916387747936545,0.9212088151074087,0.9181992825530487,,,,0.9163230282766266,,0.9180389356290531,0.9184150076381021,,,0.4284928455482593,,0.42863310840494756,,,,0.42825332017003853,0.42655128257547476,0.4275367152018186,0.42691463059707707,0.42761517724099707,,,0.42709469940866546,0.4260893926639103,0.4280611428008779,,0.9195287064225944,,0.9220544864207314,0.9176978205035691,0.9185041433858164,0.921068449632961,,0.921848235729728,0.909046067812256,0.906916259821698,0.9052737420658825,,0.9068232456064057,,0.9051688481922343,,,,,0.9070019548549876,0.9060380670844221,,,0.4271477821562793,,,,0.428264589416581,0.4272835382333123,0.4280884952827606,0.42796982278288165,0.4265472036367352,,0.4269008582845937,0.4214013689719662,0.4236027495634884,0.4258954642559017,0.9101297478744754,,0.9068159300335034,0.9064294352704222,0.9072427012353367,0.9072717133897013,0.9068543403089768,0.9178166916492544,,0.9183851975107619,0.9187719907008314,0.9168444255840026,,0.9197298956900016,,0.9175588424920325,0.92042488993243,0.9194294387095366,,0.9193962124983543,0.9174414839161651,0.9168832482179472,,,0.9192509519518456,,0.9209116927480664,0.9188697186960905,,0.9185101306456077,0.920194797830806,,0.9189644583777108,0.9187458992823052,0.909416887567634,,0.9071388595976586,,0.9084817024108193,,,0.9067953246987268,0.9068078000420792,,0.90713248967222,,0.9066224578607045,,0.9060602525436036,0.9084741530291108,,0.9052815720627301,0.908472722331921,,0.9077855885199766,0.9083638356190465,,0.9083404650925139,0.9055554021678415,,,,0.5220503029208202,0.5228451745942201,0.5229959558873462,,,,0.6750952411375399,,0.6753153899652933,0.035379777819607626,0.6853052204817371,,0.683951447494388,0.6824241579547391,,0.6838472077407928,,0.6832503321922979,,0.6848528304360318,0.685903037685882,0.6817469217171618,0.6836887551947347,,0.6831608027472186,0.6835981329168616,,,0.6834130691601118,0.6846969511552654,0.6836136726680612,0.6835631127898725,0.6859663242671636,0.6845524613054471,,,,,,0.6836581760143233,0.685321005667283,,0.6839519832198997,0.6838266977756539,,0.6851298330045049,,,0.6826061607385148,,,,,,0.6836949499993854,,0.6826339330677753,,0.6824244050576731,0.6830936477040543,0.6853787184605714,0.684163181723254,,0.6857524520707954,0.6838277639975876,0.6842629703955224,0.6841053806247198,0.6841613840831668,0.6844442029087657,,0.6836231182192163,,,0.6842687016185711,0.6830428772769616,0.6834666651000507,0.6845715042678512,,,,,0.684751948831012,0.6841957343516055,0.6835645184287804,,0.6850421885188849,0.6844468319355039,,,0.6842057714599324,0.6835729132872365,0.6845664018422344,0.6851347222142539,0.6850710114205896,0.6861432389284254,0.6808695998289233,,,0.6869633456040922,0.6850339844719597,0.6845858355297624,0.6851431148211362,,0.6821317769372541,0.685235730135313,,0.68085140682223,0.6820164325822321,,0.6832171213279895,0.6843753943679389,,0.6852981780641844,0.6834908048386353,0.6843988674502779,0.6846224311420885,0.6830378544568843,0.6821654288488918,,0.6847772633714666,0.6831055086892316,0.6841114866566534,0.6834835063678071,,0.6833684828987672,,0.6825701969426526,0.6833611874816905,,,,,,,0.6834197967743169,0.68347343581336,0.683099264906692,,0.6831821238949742,0.6849498666220658,0.6840729080678506,0.6831752575431452,,0.6844857925726539,,0.6844110815165443,0.6818244298143041,,,0.6829808356908916,0.6852045311949071,0.6856131020898175,0.6844737523911847,0.6844383604509386,,,0.6857743855043169,,,0.6837844856398274,0.6841033942743989,,0.6840330208849992,,,0.6854897974138423,,0.6839280925614614,0.6814296794240012,,0.6852013421883262,0.6866836764867918,0.6839940985111236,,,0.685020495303847,0.6838961683813675,0.6834279899686555,,,,,,,0.6625901000502592,0.6624620831435338,0.8592460237280353,0.8564576045928485,,
4,4,DG_8pct,16,Z11_F05,11,LL_AB,175086,182019,True,3765.645618885929,3762.6917508723877,3763.015834927144,3844.1402207494266,3833.216769765206,109.35170082397926,11.452742290537236,3969.12904380768,3970.8850055811504,4403.871676160564,519.7982754615256,335.1949368321842,2.73406309340025,13.392179165732903,19.956917984692492,12.35700644571652,124.17932423422683,19.335774953289803,35.30992947446065,399.9966075756374,0.7429623325107875,0.7430033444606589,,0.7955670119984264,0.7408707649625602,,0.6722881544566661,0.5969963318665783,,0.5952304952156939,,0.6634032548209196,,0.6646646434705199,0.5934880459177323,0.5938417344795857,,0.800489957752604,0.7987992405339467,0.8008053392642841,0.5951020192293306,,0.5957015465076471,0.5968246067157377,0.5974455478336994,,,,,,0.5970572876546633,,0.59525010106203,0.5973382027558277,,0.6332785328816586,,0.5508321272037842,0.5505701320271308,0.5444026386859612,0.5451760361336495,,0.5450425362035931,0.5463424080201331,0.5459505645777492,,0.5458634566275988,,0.544792494695995,,,0.5462432880677583,,0.5455585806929789,,,0.5468809293086802,0.6021806698178163,0.6016982754336013,0.5398817287414113,0.7833073066699533,0.5951529265344433,,,,0.594852483338173,0.5941631127075913,,,,0.5951795945187439,0.5944240799146362,,,0.5954031790305406,0.5952928607237543,0.5962592662973601,0.5953106020729313,0.5958740418699775,,0.594320413671079,0.5971339721303759,0.5986466132038846,,0.5965655736598611,0.5026012572994506,0.502595317389697,0.5018652005598185,,,0.23158033252660548,0.23165852844760804,,0.23203279448769604,0.23187249975973523,0.2851766989486346,0.28519863067533696,,,0.2854048014307669,0.2841880215748319,,0.2851363247676065,,0.2853258638494287,0.28460539023160714,,0.2846532553384895,,0.2844084971404081,,0.284966818194573,,0.2850232793970735,0.2844841463135755,0.2845406263202101,0.2839385968536036,0.2850978392034677,,,0.28410487148178026,0.2844069189655875,0.2847603748481073,0.28490119050746615,0.28456327407867327,,,0.2847200271352937,0.28473637387297934,0.2858108293491035,0.2848346276152987,0.28447355958275305,0.2845756474243588,0.28582434395051864,,,0.2848751710484902,0.2850049894963942,,0.7468921359819612,0.7472782384841691,,,0.7467824099587097,0.74852880683695,0.7461070842426801,0.7463650101860447,,0.7468347430892318,,0.7456099677191482,0.7458554527999726,0.7479165671069702,,0.7460437767414161,0.7467723477811201,0.7481393484257145,0.7457202091229578,0.7458120102611743,0.7473273592331415,,,0.7472264185957551,,,,,,,,0.7467598756683455,0.7461154906216215,0.7480750591754404,0.7476383345654877,,,0.7482319161264464,0.7466196833505316,0.7473476000314301,0.7473129277854031,,,0.7463635111265068,,0.2630522454131053,,0.2630442688015307,0.2638496238922331,0.26338666608151495,0.26236745694002706,0.26363905778601743,0.2634326236876775,0.26385550512975864,0.26324156161626927,0.2639120141441965,,0.26274902859334154,,,0.26307181413137803,,0.26347836768684924,0.2635332569005637,,,,,0.2624898527486129,0.26340114293079697,,0.2632773176019713,0.2632700888230516,,,0.26322452935218504,,,0.2639850850303643,,0.26383200546441465,0.2629019168076633,,0.2637948234752563,0.26285252867252257,0.2634624485566758,0.26369513886625146,,,,,0.2649884472397089,0.2627276370028793,0.26328020776066835,,0.26346809474072463,0.263071984735965,,,,0.3228932974216698,,,0.21998557226309326,0.2207919198545532,0.22012123328163619,0.22063209405043246,0.22016380961001028,0.34896523396161494,0.3489622187220653,0.3480308408088181,0.3485690889566227,,0.3490247620035231,0.3485877385164215,0.348680442690063,,,0.34925220750637503,0.34920663490913745,0.3483877932479823,,0.3489121910876838,0.34870353974364576,,0.3489662682811281,0.3491619767571918,,0.34834113952769563,0.34844144347211814,0.3488160590637132,,,0.3480306067966729,,0.34723258585460953,0.3477167622441671,0.3482668085405249,0.3486592909170703,0.3480994473293375,0.3474406724818986,0.34864058836565276,0.34901659449188455,,,0.34800555009687884,,,,,0.33018269736609773,,0.3307589587857097,0.3310494701361458,0.3311478594180099,0.33052933048136085,0.3313161431204896,0.3314288541410017,0.3303018177464397,0.3311593077314291,0.33146459276726353,0.33041822825466866,0.3313614850428166,0.330975629516939,0.33043442854952143,,0.33066127673548945,,,0.3307536189271037,,0.33098237372430156,,,0.33101931929991585,0.3319239923633017,0.3303070010351485,,0.3306308025299742,0.3310632394668663,0.7579521776583878,0.7607113959852485,,0.7553341400560734,,,0.7575524431892127,0.7576364724275525,0.7583029763953488,0.7564246438713675,0.7585724657058233,,0.7573239339774502,0.7559567161115648,,0.757639433256759,0.7554434841980014,0.7571618072384858,,0.7548328210125566,,0.757603093712216,,,0.7557773931072899,0.7564724630419773,0.759585771093232,0.7556768203636862,0.7586994483149727,,,,,0.754825435108922,,0.7557085940711732,0.7571774860295798,0.7586079711032585,,,0.7582846776632539,0.7589817965348299,,0.758586441430891,0.7583993293027192,0.7571277739499842,,,,0.7549174946020776,,0.7584032417770522,0.7581003713094969,0.7572676607544545,,0.7565391682346021,0.7582784108585211,0.7582734476578623,0.7577550584336813,,0.7568713177421178,,,,,,0.7576568852698978,0.7548914022829505,0.7559040411177801,0.7572687954915232,0.7552875145133374,0.7576284301907479,0.7577817607744362,0.7546972992381451,0.7553883914491396,0.7576455315413063,0.7554248054607815,0.7567701869076687,0.7586665711032674,0.7567531253227082,,0.7573902582775075,,0.7587895319363239,0.760009486303051,0.7560638860736283,,0.34159607671442743,,0.34297296553274464,,0.3585323922024824,,0.3575065452227709,,0.30225583044918103,,,0.30299161172124195,0.301712024898664,0.30223477171990887,,,0.7562318866140192,0.22093337233283758,0.22136003646565103,0.2210228267027697,,0.2174796432716958,0.21759777652386525,,,0.21206528592418858,,0.10051705482874661,,5.936051137490646e-05,,0.7794299129151825,,0.01053765854825716,0.7755233694774887,0.01895713547422695,0.018986160024275927,,0.01903058557591941,0.01896981512040076,0.019123892395341884,0.01901891766769938,,,0.034865528238446034,5.6212132007776404e-05,,,5.603186198802843e-05,,5.607417074980744e-05,5.607142381433403e-05,5.6051912763818354e-05,5.617431343345734e-05,5.6053198291157156e-05,5.610404960933432e-05,,5.616414203715623e-05,5.61787436998477e-05,5.6010554947764134e-05,,5.613927173500277e-05,,,0.7356615893245083,0.7353531683151876,0.7356685017118951,0.7375930581099822,0.7452409133765225,,0.08454044784307084,,,,0.08438769305312852,,0.08490157666742197,0.7272926075429393,0.7249061035068475,,0.7216761539241886,5.669498048772374e-05,5.6739873619052195e-05,5.6816223841387435e-05,5.66644680477084e-05,5.6688855263741105e-05,,,5.6668593145799404e-05,5.6643056064672944e-05,5.657325372703312e-05,5.6605891051215585e-05,5.660729249012765e-05,5.6713182979229666e-05,,,5.6649650395139566e-05,,5.6631538482291946e-05,,,,,5.640344263155454e-05,5.666756059082427e-05,,,,5.6638327826397195e-05,5.653584896925329e-05,,5.656452404365404e-05,,,5.667358291104098e-05,5.657074279744575e-05,,5.6663302469422545e-05,,5.665397321339444e-05,,,5.660903632253549e-05,,,5.66594406271831e-05,5.657302663821797e-05,5.672378754758892e-05,5.6476028128836994e-05,5.674927106343596e-05,,5.658639016427046e-05,5.672193063202562e-05,5.681665726752456e-05,5.6631985240861985e-05,5.669620959001805e-05,5.653669525190415e-05,5.6580365117885426e-05,5.6722113938209734e-05,5.678697097314978e-05,,,0.37224386592149683,,,0.37086138677595726,,0.37192362969516324,,,,0.3715954306888947,,0.3870539454173252,,0.3863116726433188,0.3874979536996089,0.3857731727456132,,0.3869415492908069,,0.38582968974366466,0.38564375864205397,0.38564295098684687,,0.38556244384199656,0.38598622534596394,0.3857096813252431,,,,0.3863879436302486,0.3726378524220485,0.3732613438555255,,0.3721739142988653,,0.3724888287445222,,0.37091723273970983,0.7605035826889348,,0.7615671924205683,,0.7599740251827455,,,0.7600925673006506,0.7591513384558503,0.7602863034307029,0.7617769371590613,0.7614017163609236,0.7601921852728234,0.7590740940802645,0.3852643163879873,,,0.3854135931256614,0.38605373869654364,0.38804853666938904,0.3869628597026993,0.3856836983557382,0.3865670583181543,0.3852685997227962,0.3865123842826362,0.3864239695539752,0.37924408399700155,0.3852026844812686,0.3857039086232641,0.7626326599944928,0.7609356188070626,,0.7624420533747894,,,0.7610945992532022,0.37219109225931335,,,0.3723291150068199,0.37218512218304817,,,,0.3717899851646995,,0.3719433202277733,0.37192342825595837,0.37211222846012154,0.3719349784356697,0.371347595184004,0.37232258721966055,0.3722758105646762,0.37369765488013285,0.37104674230951445,,0.3716253546037368,,,,0.370422269876551,0.3733791524743576,0.3726349167341363,,0.7602575700300763,,,,,0.761780681659919,0.7618984273623611,0.7607782980833739,0.7631504712977658,0.7586970043812031,,,0.7621144886352319,0.7617765184896852,0.7625416722136932,,0.7623772909422956,0.7614573471136692,0.7604652235597268,0.7625993484162632,,,0.7627650302449637,0.7630248543690727,0.7602436832438991,0.09616205586681137,0.09638335104811838,0.09601141948868738,,0.09628425531457604,,0.5623923730000743,,0.5591679903796787,0.5599269823509423,,0.05106227944285712,,0.5951852979889517,,0.5951566463454734,,0.5950686371955514,0.5958353235673245,,0.5985030543578798,,,0.5965649362197764,0.5962979465033669,,0.5983060890158589,0.5950066176121596,,0.5945828130772262,,,,0.5987263052750458,0.5966521746237674,0.5961670720131191,,,0.5958581877696326,0.5978375695531484,,0.5987774047521304,,0.5948852052958196,0.596984670537709,,0.5965406230935809,,0.5979927136432399,0.5981194016982659,0.596356887364348,,0.59921904068317,0.598327361715986,0.596020547705408,,0.5973959509143002,0.5968875444986073,0.5959101114003752,0.5978279235925555,,,0.597038065827806,,0.5960090851616686,,0.5972137078730126,,0.5979907561056735,0.5963747996661313,,0.5955728576094379,,,0.5970795856097497,,,0.5978425098468032,0.5952569235718018,,,0.5967040938202467,0.5975459966375837,,0.5963310509524242,0.5966802866527318,0.5958815832108711,0.596119728938037,0.5967310060678505,0.5965574611963593,0.5964760209057883,0.5960846480411931,,,0.5977041075044183,0.5967436668872201,0.5956883893007038,0.5975592458685919,0.5955114996356053,0.5964219245023702,0.5964740918991162,0.5960403783546493,0.596475126572669,0.5946076332636736,0.5961175669723331,0.5962137335558877,,0.5967513610146068,,0.597183555929562,,0.5947438036735975,,0.5964825670356579,,,0.5977647529999321,0.5954055060437183,,0.5967332687681982,0.5957557306779174,,0.5972480432890938,0.5960358988555328,0.5956478677562582,0.5967923094780726,0.5957515357459714,,,,0.5944874311716956,,,,,,0.5972837706084626,,0.5959420348319627,,0.5980458364314387,0.5978856437384993,0.5973552496855565,0.5980057606266248,0.5965113120551155,0.5963413704744441,,0.5953829740450546,0.5974667783483334,0.5970953843342786,0.5960369463345978,,,,0.5968223850375995,,,,,0.5960130083137117,0.5963444174152218,0.5951670851271339,0.5993061167197131,,0.595216253391469,0.5951371654590408,,0.5973935906778082,0.5962983480400155,0.5972764394283107,,0.5977348937597163,0.5969603357040515,0.5964473293910103,0.5986179802837625,0.596531917895374,0.5965307907152134,,0.5965653141463888,0.597790072200672,0.51694951370939,0.5165475356744356,0.5155628390421858,,,0.7874512087649206,0.6642060437475749,0.6622088700115917,0.5930083697084233,,0.7974966377409127,
4,4,DG_8pct,16,Z11_F06,11,LL_AB,175086,182019,True,3755.562914629416,3782.8983710677994,3766.7435248475363,3839.5575501037592,3833.617525051546,108.9704584714371,11.398972166029456,3964.9975801361143,3962.441869579362,4401.590289460065,521.3974911255616,333.58519429498745,2.7571155275003267,13.444070883165335,19.96035726501086,12.432180309053319,124.78529508524406,19.338228956515955,35.39858980720217,403.7614001979647,0.7434570922477057,0.7408792339740956,,,0.7409535919879353,,,,0.5961873992420552,0.5952343259528774,,0.662713383688291,0.6636426510873514,0.6631316864593495,,0.5946219521929198,0.5939720939694737,,,0.799853030904525,0.5953971623491229,,,0.5974120624846385,0.596953486148125,0.597939111285645,0.5909040997584395,0.5880944538801717,0.5914864681142636,0.5960566845567276,,,0.5967415338481659,0.5979767030550542,,,0.5512847047896274,0.5517654219633226,0.5510569237271307,,0.5449833199592776,0.5442422137189433,0.5458503108572896,0.5454729268560444,,0.5452459142731556,,0.5444507111153971,0.5449041449271904,0.5466781343923384,0.5460783619199675,0.5454323541990388,0.5447104254163119,,,0.5453930642436472,0.5463825349542456,0.6019689167269532,0.6030953861505974,0.5376892499727062,0.7863758227328715,,0.5962428233646919,,0.5939707009245208,0.5947433332112433,,0.5948877311678805,,,0.5949879216263303,,0.5962177206642248,,,0.59606396680315,0.5958229890912585,0.596286531742121,0.5968605146910312,0.5960789712674099,0.5978905246441597,,,,,0.5030203602656347,,0.5006819331304108,,,0.23149354367083447,0.23186569790403305,0.23224831368729915,0.23170199280653955,0.23163333657743315,0.2846727087959748,0.28437887659355293,0.2841548754472471,0.2852202150749081,0.2853026337469429,,0.28428743523571454,,0.2843283369972616,,0.28501631563103774,0.284636901866559,0.2847665850712407,0.2852292952522394,0.28462672601466493,0.285560110041555,0.2847328078312715,0.28540364011086206,,,0.2847643922156083,0.2842630033945619,,0.2843156974965354,0.2847404251012143,0.2841073356715527,0.2854091854211501,0.2839509276359139,0.284057846247175,0.28527850605851335,0.28341801790548665,0.2843774299094566,,,,0.284844594856901,0.2850609053641409,0.28376084298036136,0.2850982901288152,,,0.2837606269291914,0.2847902604942488,0.7477263167057885,0.7474213726290226,,,0.7473711730184645,0.7471359001512464,0.7476906745613581,,,,0.7474730015866169,0.7490251101804309,0.7460632597494661,,0.7475481784902451,0.747468940132438,0.747439454284764,0.7459865777757045,,,,0.747931237787277,0.7457359045155522,0.748536839329332,,,0.745971039743729,0.7481289242580202,0.7458558033302263,0.7447405012372122,0.7469301561494569,0.7498150910143575,0.7470431060635997,0.745421804487886,0.747248665575781,0.746059199560132,0.7479630347831727,,0.7453102484009108,0.7468997119224893,0.7463268586822461,0.7455790578471451,,,0.7467310926723348,0.2628282779947509,0.26329679475531315,,,,,,0.2633176403949782,,0.2636685324570411,0.263021867974459,0.26369839377087284,0.26315420754647784,0.2637593437308411,0.26353656953281546,,,0.26390674183721596,0.2624654587180079,0.2630955121726191,0.26289780613630614,0.26293318996109216,0.2620931160056333,,0.26304921033342765,0.2633635452185627,0.2635745763576689,0.26378179910030897,,0.2631988726835554,0.26398521785349843,0.2631047753791328,0.2628287516007657,,0.26321738397184824,0.2638434377022489,,,,0.26441586941912526,0.2629373047310497,0.2629699728401396,0.26302803563954846,0.26342988385107985,0.2645193281170088,0.2630184639809435,0.26281465366231227,,,,0.2625955109618202,0.2631650070845752,0.2635526669118284,,,0.2608968384035361,0.3236323907669235,0.26069493755131207,0.2204895397182396,0.21994607051735957,0.21982687275095328,,0.22047574372545603,,,0.3480701889821035,,0.34872331616914937,0.34862371688693133,0.3489071709509209,0.34794117379805645,,0.3469857629782189,,,0.3477671649223557,,0.34892333285543187,0.3491913721900587,0.3485588678690181,0.3490795898077967,,0.34850279541489626,0.34759994504798836,0.34911397908603226,0.3491517781761404,,0.34856085744563386,0.34807773457924135,,0.3485449912452677,0.3479254439121002,,,,0.349312829572938,0.34878711028251,0.3498471481358114,0.348904934345946,,,0.3488803846461166,0.3486716758486792,0.34828506217892813,,0.3306504152538716,0.3305487495626739,0.33049829444581263,0.3312551740155712,0.33122079319949765,0.3313901173908452,0.3316477560042011,0.33136163324613416,0.3314004999991101,,,0.3313236651750132,0.33130585895545456,,,,0.3306914243855108,,0.3306125253652972,,0.3303643150808571,0.3308548731970554,0.33068804078704905,0.33095483350163046,,0.33083981500849735,,0.3298081586529647,,,0.33020935977440974,0.7562059580892144,0.7571447342342065,0.7553175160195319,,,0.757869837204691,0.7592799292488269,0.7570083088854369,,0.7564831939691417,0.7565255613992704,0.756255244537642,,,0.7533864149805389,0.7556206143751373,,0.7547317120791522,0.7586760561007266,0.757065205985269,,0.7575892041846183,,,0.7560031195171015,0.7538165871968996,,0.756120546006489,0.7574072552541649,,0.7563711288413646,0.758257531608473,0.7572803607732952,0.7555170624337594,,,0.7585092088854996,0.7568398882351098,0.7583917192093212,0.7597885943191512,0.7564663941747176,0.7577056950838426,0.7563138167110495,0.7572633186162744,0.7598483269091707,0.7595864864366367,,,0.759076071016714,0.7577076083527353,,,0.7573954884927836,,,0.7599733556785071,,0.7555906409486456,,,0.7565730072192176,0.7552610442633179,0.7565032096399555,0.7571153023982912,0.7580226662534725,,0.7560778759258294,,0.7572221226681899,,,0.7575677344002145,,0.7572469507580143,0.7553539043503006,,,,0.7569865087422277,0.756822463744761,0.7566009659495136,0.7567011436029547,0.7570898551920651,0.758411569824506,,,,0.34294862936010456,0.34118488951045034,0.34230047243267153,,,0.35817465742522414,0.35775239793503716,0.3571742746780512,,0.30183736364019204,,0.30237075392973256,,0.3022234009029901,,0.24527813876863605,0.7553875577442647,0.22023835701885508,,,0.21681062597229883,0.21754997190001565,0.2169666126662394,,,0.2117774684441338,0.11995821476492569,,,5.922418034574548e-05,,0.780810062722322,,,0.7739342994542284,0.01898750252223472,0.0190113711584607,0.01902152921755152,0.019022576236899725,,,0.0190111095699881,0.7693878837576333,0.03487780579130149,,5.6007079831764416e-05,5.608700250884293e-05,5.6131326921747135e-05,5.628500443294077e-05,,,5.591234401961183e-05,,,,5.6123206457757274e-05,5.6200750080310754e-05,,,5.590286757385716e-05,5.60763558585834e-05,5.606098508561896e-05,,0.7344964181432034,0.738309405830481,,,0.7356102209283669,,0.08484884577512564,0.08452614048985084,0.0848213313120417,0.08476280498546208,0.08464104882012881,,,,,,,,,5.64450589047121e-05,5.664112396590897e-05,5.664224360702565e-05,5.6675764303700775e-05,5.663893359956189e-05,5.68231504195289e-05,5.667496841676779e-05,,,5.6715192853235214e-05,5.6660984750343494e-05,5.662811924482754e-05,,,5.661718552431281e-05,,5.6776154868057506e-05,5.6679521547598814e-05,5.657670465476722e-05,,,,5.664429021346215e-05,5.6702760741383164e-05,,5.6792982727587174e-05,,5.661192350714055e-05,5.6688411662309726e-05,5.648300848039841e-05,5.653461449562342e-05,5.6541715433340296e-05,5.667296123885998e-05,5.674997604005121e-05,,,5.6592990773399246e-05,5.661520578312827e-05,5.662195264802291e-05,5.668017515374698e-05,,,,5.659788202084157e-05,5.65632698557872e-05,,5.6768395929980305e-05,5.665757453391787e-05,5.66531477155305e-05,,5.6764226316456414e-05,5.663799459707699e-05,5.66572377472125e-05,,,,,5.661414565962774e-05,,,0.37191889444350174,0.3706439414871102,,,,0.371037540818888,0.37176406644896176,0.3712681267877367,,0.3713599197281741,0.3713418730875317,0.3866198646398515,,0.3878326497832475,0.3863969270819742,0.38535114643979695,0.3863336893798356,0.38653995784500983,0.38614643753552147,,0.38547800148183503,,,0.3857396044448299,0.3852710596077292,,0.3855298303385198,,0.3865637362023296,,0.37308230144308663,0.3717125950866279,,0.37228208420966735,0.37161338346334805,0.3722198118287023,0.37333361966327655,0.37227435387363544,,0.7558168073360704,0.7596860858632096,,0.7590463693606827,0.7564010278743399,0.7585557588790285,,,0.7622087704496615,0.7620796332189902,0.7592144054846874,0.7595188249154716,0.7584330192364154,0.385627227581872,0.385477522953089,0.3865391950175072,,,0.38618788442997976,,0.38524640438406416,0.3880011097523846,0.3861142194493482,,0.3857083436059452,0.3812051830382809,,0.38425426464188833,,0.7639494945587947,0.7618761251686508,,0.7612403688573767,0.7602620326848194,0.7602041000695965,,0.37081755153879936,0.37164057696378466,,0.3718808161940652,,,,0.37180974300945774,,0.37172509316722013,0.3717183022388189,0.3725740215317974,0.3715285833909364,0.3708725885198349,0.3714702673855283,0.37236355913350766,,0.37166476238504936,,,0.3710643740865044,0.37099819256321914,0.37190701251065283,,,0.3723472169001608,0.7618825728830355,,0.7624512558202928,0.7619926906892388,0.7631151152518246,0.763469359125926,0.7641634493980626,0.7658876703401538,,0.7633695056437901,0.7587169361442468,,,0.7631796640142173,0.7615031267150334,0.7593914954038594,0.7619191721512105,0.7597907962795029,0.7616706428462836,,0.7623747548508816,,,,0.7597851150165003,0.7607751699816295,0.0959359061755434,,,0.09610594605064458,0.09620550247559972,0.09589421338132717,,0.6128443270286723,0.559860998991927,0.5591101844585998,0.5576855230267082,0.05105155181050569,,0.5973641027214492,0.5976010573528254,,0.5970851337602222,0.5969454371592868,0.5958357896819692,0.5980969818577396,0.5946871860736981,0.5966701250080261,,0.5976997319417542,0.5978556136926295,0.5980957820012057,0.5975485854675315,0.5951214610021831,0.5939324901059272,,0.5965972626439194,0.5970919055475795,,,0.596085797591968,0.5975569334878802,0.5982816060674949,0.5949752500641567,,0.5963707433147065,0.5982606236433434,,,0.5963644152161214,0.5970870964277811,0.5960938219753771,0.5973673658434383,0.5975554708120127,0.5963307754309212,,0.5969237358867036,,,0.597979019201024,0.5977052286542941,0.597895298491944,,,0.5968419470414732,0.5950727723416663,0.5970552056460541,0.5972524169758321,0.5964081274009163,0.5957796943442655,0.5970722538391492,0.5959464491619677,0.5977074767586729,0.5972684472879157,0.5964394758129711,0.5978238473306703,,0.594382772893708,,0.5952364716179124,0.5961936415674466,0.595662891343851,0.5977256680284225,0.596386003335835,0.5976694818661702,0.5979809851776394,0.5962385891840364,0.596938359465522,0.5984100198969178,0.5972568276377112,,0.5974784741870581,,,0.5955287314882428,0.5961318871815938,,,,0.5956067231175648,0.5963093083407005,0.5967169661129792,,,0.5971758731411697,0.5957380081186824,,,0.5964282052716227,0.5975492117356682,,,0.5970296120642479,,0.5954020967531097,0.5948787222824865,0.5960961671082571,0.5960711271121418,,0.5959450112746941,0.5975190985597193,,,0.5979549761704743,0.5959305972408271,0.5973597335254429,,,0.595866887153085,0.5964349803692949,,,0.5964254055847863,0.5948770290344212,0.5946336807268463,0.5974339691358601,,0.5967082896952042,0.5961640012075461,0.5963700128254595,0.5974729840667417,,,,0.5965115185199062,0.5962254644830585,0.595936432384517,,0.5969653282672358,,,0.5952451069198932,,0.5944014747489366,0.5961154944668257,0.598267999746048,,,0.5986699641536024,,0.5976898480154336,0.5971238630360118,,0.5973570427260295,,,0.5968363406471477,,0.5969994779043469,0.5981759600233238,0.5973259318524553,0.5959026756453661,,0.5955552583264493,0.5967820315613749,0.5966597467184946,,0.597467350593981,0.5957508209606993,,0.597872155982816,,0.5962840881232424,0.5962090865580949,0.5994759525936265,,,,0.5159502758212982,0.6236609911889889,,0.7883027129681918,0.6629903051598117,0.6637253791083788,,0.5927033675772667,0.7978368199148267,0.7999734681867415
4,4,DG_8pct,16,Z11_F07,11,LL_AB,175086,182019,True,3744.897516128292,3787.998558715027,3771.6797726899295,3840.2619751933817,3841.788731224693,109.75919530139139,11.452416094381926,3945.2041950650964,3968.5075259884134,4402.856850948523,522.132437657891,338.5123226945902,2.7458241578054845,13.30819558588559,20.03897196912902,12.398044403677003,123.68645402144018,19.315677896994483,35.22187105501498,401.03672636422385,0.7418828432208745,0.7419115776029538,0.7424956586046587,0.7950525981988555,0.7375624422954329,0.8480892947598203,0.6723580715795351,0.5949525145117692,0.5954859467501533,,0.5883840530855091,,0.6651688022701184,,0.5952580432596681,0.5932548486432339,,0.7963594609722063,,,,0.597284192979835,0.5959642467076189,0.5988536946475467,0.595467003299692,0.5975752028057915,,,,0.5961880717185898,0.5980443330776405,,,0.5965397327016803,,,0.5521118203382259,0.5522873539270265,,,0.5461255830244738,,0.5454554833732583,,0.5474463646346809,,,0.5478573236278663,,,0.5460298927648088,0.5470020498264693,0.5454205881141487,0.5455203026930803,,,,,,,,,0.5958967546144643,,0.5966489039274038,0.597145538434575,0.5971879405001884,0.5961684400373696,0.5965331567465857,0.5962036215575602,,0.5956923903426913,,,0.5949881670699253,0.5968804480606762,0.5962035971329401,,0.5947762883422888,0.5943964881163633,,,0.5966662224199234,,,,0.5021955904745838,0.5035997588171204,,0.23175812684204755,0.23094954337477624,,0.23143596508601766,0.2315729659861556,0.2309166644334998,,0.284811671686378,0.28371810191938374,0.2848915277339203,,,,0.284768354492371,0.2846718133848367,,0.2849693105732849,0.2850436675318353,0.28458713706264493,,0.2847465435817332,,,,0.28439431762092776,0.2848578307666405,0.2851381088110965,,0.2846386521113565,0.2852002216827642,,0.28554265806454415,0.2847495340732742,,,0.28413615939288484,,0.2842121423890561,,0.28459840963760386,,0.2855504936235985,0.28508620885701685,0.28490945014322766,0.2837037448013636,0.28422159800470487,,,0.2834840515247972,,,,0.749967666435957,0.7464159367962355,0.747362312989755,0.7477831221405286,0.7469017477166332,0.746711621391896,0.74717346862632,0.7471319147122061,,0.7466485797695717,0.746713053065053,,0.7451368402698036,,0.7468093587925945,0.7475608741883042,0.7447967373284764,,0.7460261210025951,0.7481148435143885,0.7445293123793394,0.7473731391042757,0.7462658171692486,0.7480467249205452,,,0.7452361842383739,0.7457622321167257,0.7461623725070121,,0.7490889340683083,,0.7472726564400672,0.7454165470540141,,0.7430042533615767,,0.7467353782091148,0.7477823403591322,0.7440569351051373,,,0.26281122274552304,,,0.2631390010361809,0.2631775900689363,,,0.26296153552566187,0.2641219547595064,,0.2637337326298114,,,,0.2636568898067906,,,0.26357467237169574,,0.2634659314013527,0.2628071026341383,,0.2626312152898393,,,,0.2636206694912442,0.2630883097917642,,0.2625349185715434,0.26208231506157836,0.2635041282914962,0.2630968922223272,,,,,0.26319640659679866,0.2635954604486189,0.26410061750744,,0.26360643766046604,,0.2629143478776257,0.26337469986606293,,,,0.26191111151980095,0.26314002283572097,0.2638905282677907,0.26238499130539455,,0.2603007968196586,,0.26062499853430643,,0.26103812189590114,,,,,0.22027455304746543,,0.34891254476122996,0.34846896843557157,0.34848931142080963,0.349048820312468,,0.34832620198201425,,,0.34872000363751415,0.3477386304730288,0.3490407032409572,0.3480496582078695,,,,0.3476039820812956,0.34839304345300337,0.3474880180337079,0.34880771562440205,0.3474922503816325,,0.3477940494185488,,0.34892912467711423,0.34696034978234014,,,,,0.34886315345894564,,,0.3480035813784402,0.34681180065173606,,0.34904433431923615,0.3482028498736386,0.3489148608394741,0.3491834479089304,0.34827023293382664,0.33119712773706267,,0.33067147329805785,0.3309137004951357,,0.33068081555598805,0.33056641194581904,0.33053909378139656,0.33014482133482537,0.3318834180663771,0.3310966562015398,,,0.33118153655957155,0.33112558003811093,0.3307413380925637,0.3311522409665961,0.33129287351123904,,,,0.3309019383408702,0.32997130567172356,,0.3315039619011864,0.33063900298156546,0.3309653342835246,0.3317581382059285,0.33047510367697525,0.3306927437761353,0.33144471927099783,,,0.7583745878135487,,,,0.7582454463340942,0.7565695948523746,0.7588982311002508,,,0.7585934156133947,0.7578746323467809,,,,0.757467316663698,0.7581699682429442,,0.7569717397132425,0.756669266191662,,,0.7544014060074832,,,0.7549037039421536,0.7563989719790994,0.7548503107482447,,0.7572266211664568,0.7571723011196658,0.7566554537259057,,0.757486774112608,,0.7575638016312629,,0.7582778224125679,,0.7595528659560553,,0.7585948507766022,0.758526771864683,,,0.7579634567648381,0.7586202025071365,,,,,,0.7581257335256794,0.7566418874907622,0.75937498587916,0.7572451443841086,0.7588397608463224,0.7580036981703957,0.7576531051585093,0.756101296701774,0.7557878953745494,0.7563860927124882,0.7555299106061405,0.7567303381410366,,,,,0.7575695958386672,0.7568189491284765,0.7577794996352063,0.7583523299365456,,0.7564841204774106,,,0.7565487134853831,0.7570335172591077,0.7570893084258813,0.7582685563118475,,0.7554192035311754,0.7580583104390228,0.7581586675990215,0.7553091748646816,0.7589434914463138,,,,,0.3569422685286334,,0.35910519139013036,0.35790322604926383,0.35769665147882285,,,0.3019180794213437,,,0.30203389407258024,0.26351096547240394,,0.7525385509806939,0.22126706411094232,0.22064096479617837,,,0.21695505559630165,0.21719765562233348,0.2126879229216092,,0.21212885798454179,0.12049069554510566,,0.7599531751798394,5.9406095247952625e-05,,0.7798487722616295,0.010637420312183392,,,,0.018938069882042854,0.01901079146018024,0.01896280134473735,,0.018987241720905712,,,,,5.625363162608674e-05,5.608658303091776e-05,,,5.586260838825431e-05,,5.608560820772985e-05,5.623048445836508e-05,,,,5.618600174334713e-05,,,,,5.610887045970179e-05,,,0.7385618931911375,0.7383089381244715,0.7369114014165936,0.7367168560957975,0.7461047314212923,0.08463561961323565,,0.08476547011917913,0.08475431357830017,0.08463035119144063,,0.08448573401524806,0.08446951594521021,,,,,5.645348766269212e-05,5.650671014729786e-05,5.661801226788664e-05,5.678487465401287e-05,5.660033233752122e-05,,5.650553257136749e-05,5.674655068336745e-05,5.6613706827106036e-05,,5.6651417766069246e-05,5.671005548810982e-05,5.6527582949488055e-05,5.6694139805797584e-05,,,,5.655311947027839e-05,,5.667442705102301e-05,5.6539698469438505e-05,5.662350295593287e-05,5.673434669265852e-05,5.662125356746334e-05,,,5.657282458207773e-05,5.64791421274003e-05,5.651230853223014e-05,5.65187917948473e-05,5.6543726108307484e-05,,5.671252855034215e-05,,5.669986705089207e-05,,,5.662677510748224e-05,5.657707496843157e-05,,,5.674328275081306e-05,5.651215319144632e-05,,,,5.6719635532568375e-05,,,5.663097852408018e-05,5.648839933986491e-05,,5.659210092223572e-05,,5.6560047995323685e-05,5.6761648396634094e-05,,,5.6831005507924925e-05,,,,0.3718508295907922,0.37174646494159147,0.3711596462772063,0.37252786714150377,,0.371731190076032,0.3715343382680823,0.37250380171176356,0.3710618967207571,0.3710518998382081,0.3876330457656677,0.38636811789836156,0.38593126796857946,0.38582251893700653,0.38620510105575107,0.3852826991291885,0.386653034422441,0.3851759672521848,0.3864938616313074,,0.38588952989295355,0.38433322472311887,0.3846877715775634,,,0.38571947542068274,,0.38595323433099016,,0.3725193336603488,,,0.37308146519147667,,0.3715768224021431,,0.37182977041127796,0.7625524950445529,0.7597651751220906,0.7597578222181953,,0.7617303669002773,0.7600518172208555,0.7591189099628136,0.758926897157948,0.756825898818506,0.7601107944451344,,,0.7599151722641981,0.7617391176324971,,,0.3869138348616385,0.3853474970733974,,,0.3860809648126893,0.3847539942998931,0.3860789946407563,,0.3861889445947562,,,0.38528396276919713,0.3852271300377664,0.7628622761504448,0.7612932846240777,,0.7609677317631959,0.7611995111536872,0.7608391817692465,0.7632150277028095,,0.3720597483537257,0.37240942400050453,0.37222580497373203,0.3710701447295035,,0.3722494202787953,0.3709949396321648,,0.37271025721512246,,0.37156589868245593,,0.37171071790736865,,0.3721922723342484,,,0.37202715460449076,0.371507321993355,0.37336593332625717,0.37226946262848376,0.371358463500078,0.3720029781360253,0.3725220657351571,0.3726913984471105,0.37110360368220724,0.7606563091474372,,0.7625895057344365,0.7620289277213822,0.7632266114777645,0.7621214039342087,0.7600537772745297,,0.7619604274629647,,,0.7599063454545095,,0.7608185225910118,,0.7609165112434348,,,0.7587627128265771,,0.7629434045981026,,,0.7626369564415946,0.7611176148987648,,0.09599184088335105,0.09648665497874595,0.09625968716161172,,,,0.5631876656012329,0.6136975829609823,0.558193286330165,0.5591730622394243,0.5582423406669741,0.05103905830177285,0.5945760061264348,,,,0.597744524495325,0.5962204790080662,0.5951819442790244,0.5982209742415499,,0.5971825191886995,,0.5965814777322387,,,,0.5970723182956763,,0.5948429401481755,0.5968541369020939,0.5966188811405833,,,,,0.5959140554366107,,0.5954567077588541,0.5959712435524868,0.5955643629234041,0.5958857784562378,0.5978051727691834,0.5997758236871505,,0.5959341603030852,0.5975886871988084,0.5972526626555353,0.5959385557463297,,0.5975467193101571,,,0.5983739400302025,0.5972109332736542,,,0.5961837870185092,,0.5972987393850745,0.5956167185152743,0.5967550002117131,,,0.5964592387589079,0.5954827862023613,0.5977440457220247,0.5970550462221806,0.5968346419232471,,,0.5971214353783358,0.5977968603472626,,,0.5955026789207054,,0.5949500705072707,,0.5965676557710448,0.5974289014485467,,,0.5956180356355238,0.596261390621365,,,0.5969599184305602,0.5965846067245022,0.5967435444647486,0.5968997725667525,0.5963894671314364,,,0.5975462761216244,,0.5961471666155657,0.5986231323670458,0.5978043192594388,,,0.5960249508578207,,0.5983679308822774,0.5985033000661542,0.5968863931389224,0.5963167077479202,0.5972177904292542,0.5970501904445903,,0.597606682563114,,0.5958793391830971,0.5958120984227764,,,0.5964898663275376,0.5966431779879019,,,0.596995177062944,0.5953413867401852,,,,0.5980816009551069,0.5974647091337859,0.5971112910919105,0.5962191892365035,0.5972440532433102,0.5969217438059882,,0.5976576554095151,0.5977121525606176,0.5954903160877959,,0.5971060325338705,,,0.5959022306532892,0.5961176406261471,,0.5974248568198588,0.5947359198117245,0.5950629954978739,0.596945649253758,,,0.5962901380548719,0.597575121025534,0.5957332439258514,,0.5986106842685958,0.5971544788138075,0.5973951043517629,,0.5965007241133744,,,0.5973320125122429,0.5977744278142152,0.5983982932716126,0.5960910218284133,0.5982058042535444,,0.5959978246874518,0.5963717643146439,0.5955605364338341,,,,0.5987018316939966,0.5970906772111091,,0.59694866230881,,0.5976948722625747,0.597149484773551,0.5961314497320904,,0.5193471829768329,0.5153248020208785,,0.6228602553881527,0.5594363914229614,0.7881132665248048,0.662555695332075,0.6649950923442094,,0.5919098836490022,,0.8000203484521382
4,4,DG_8pct,16,Z11_F08,11,LL_AB,175087,182020,True,3613.2856852504046,3640.675294750472,3631.6101516274416,3674.640604703373,3661.0965732477007,105.22364467870466,11.926425622386791,3789.8055257286155,3790.9323502312327,4221.060114009641,549.6468811206707,352.5958996681324,2.780644122927385,13.559641442641013,20.42040419496776,12.863099398218006,117.8572454754976,19.61741276735652,36.86661244485423,373.1187245185557,,,,,,,0.6833746688766765,0.6111625654904659,0.6103111014523138,0.6125939686725591,0.6012051402869742,,0.6798575106500481,0.6818643271876884,0.6085055295266415,0.608198959458314,0.6089599340668393,,0.8057784363473571,0.807786421472692,0.6099110363200276,,0.6140035273206935,0.6130247709348902,0.6122591495247942,0.6134823058006033,,0.6061080694838789,,0.6155666772185653,,0.6144881452698596,0.6125353115005853,0.6124056746829225,0.613543491377927,0.6518181912105024,0.5684661308052557,0.5684709847546255,0.5676498105890063,,0.5619514116338502,0.5641960874009683,0.5637029852487964,,0.5648933323535684,,0.5633554610583492,0.5641173120366634,0.5644401704444519,,0.5635115076606937,0.5645069389138229,0.5634714310738913,0.5633046027864874,0.563027999880042,,,,,,,,0.6169086205913354,0.6149253714940932,0.6158372027021857,,,,0.6157824668168748,0.6164049782483318,0.6153731673254911,0.6164912490163718,,,,,0.6152003318228907,,0.6171507904040958,0.6153882377060009,,0.6184579325714401,,0.6183748931389945,,0.522734469759625,0.5213274747557884,,,0.2615410335161842,,0.26216132192939834,0.26207826853978694,0.2617745411176604,0.26107474442998735,,,0.3223697312572823,0.32381858263564667,0.32176229225120456,0.3221972464541886,0.3231748384940002,,0.3220190668240007,0.3213356573911523,0.32258651692362966,,0.3220267510402831,,,,0.32216274313758164,,,,0.32193232147616374,0.32205852267726776,,0.32240275634583526,0.32302975214533397,,0.3224953803420932,0.3228996050045907,,0.3226549452187648,0.32189682347011506,,,0.32152273945805765,0.3223500623751162,,0.3230019582601653,0.32199723614454173,,0.3218462400135427,0.3219008763024317,,0.3221658490027576,0.7518476179308641,0.7518177281280541,0.7503625674100345,0.7516980901239563,0.7508503919223392,0.751966641793785,,0.7511307072891727,0.7522672392088735,,,0.7500274329870954,0.7513943572096436,0.7549503607650945,0.7519222268099831,0.7535447621850049,,0.7514418864562415,,,0.752245035602316,,0.7514323167442363,,0.7512943806742933,0.748007079115521,0.7485522694836041,0.750597555771109,0.7496515592977813,0.7510495932749731,0.7506066525966213,0.7480815898627593,0.7506531143180707,,0.7501489758935332,,,,,0.7489157968374367,,0.7482157105942502,,0.7513539880078373,,0.2917764681376859,0.29131541309270237,0.29180471045210593,,0.29123542779362876,0.29174564981561607,0.291349778039665,,,,0.2919425347222546,0.2924967535431038,,,0.2916464249198774,,0.2918154190950558,0.292629069262843,,0.2916809574365416,,0.29272049733085226,,0.2916098746971416,,0.2912241923903845,,0.29107689805280595,,,,0.2909918338361697,0.2916370524608804,,0.291597311315292,0.2917791680954345,0.29193239601005844,,0.2920727458185736,0.291555813708645,0.2911866534006985,,0.2914721444114583,0.2918393143630338,,0.29171319164547954,0.29158571567860975,0.29248114647489076,0.291665578206431,0.2917957370542549,0.29206882467269485,0.2914359167797483,,,0.28806855475607884,,,,0.2506573262404576,0.2507693567523625,0.25078565144995796,,,0.2507740338378471,0.3810980830938655,,,,0.3813582972153822,0.38101064927875794,0.38121464468331107,,,0.38186997777895426,,0.38049004700056543,0.38132114274923345,,,,,0.3813101285177838,0.3809561706691707,,,,0.38048145982953885,,,,0.38169951277615544,0.3804697872661963,,0.38015585574968674,0.3809204200058592,,0.38107531707159054,0.3811637359616565,,0.3818176708934699,0.381858640857587,0.3813237665766769,0.38040619629534184,0.38123937372861616,0.36447807070968613,,0.36491982757615554,,,,0.3643538409583838,0.36414188455925484,,,0.3669727556053213,,,,0.3650708612616316,0.36457428115391166,0.36453297615934,,0.3650581122192153,,0.36465882577300673,0.3644476801177115,0.3648880615963616,0.36384429248448463,0.3650480046552159,0.3652590283224864,0.364630102217626,0.36482411118911273,0.36502515925960216,,,0.36434635320389086,0.760112959444888,,,0.7616311650069645,,,0.7612406868049382,0.7633692281347705,0.7621915519022473,0.7625880532314138,0.7638283678800245,,,0.762432569033916,0.7589736729032329,0.7607958906051572,0.7633366769994847,0.7622697650542521,0.7606487271661921,,0.7622079695589564,,,0.7587653960446037,0.7610220047073134,,,0.7612860965215882,0.7622191436628346,0.7600698241265297,,0.7626174588075191,0.759883821561611,0.7648319043757321,0.7618778862100786,,,,,0.7636170867029203,0.7612342086890661,0.762223512484737,0.7637666631935673,,,0.7612215394542396,0.7636048037248995,0.7623504678519364,,,0.7623622585913766,,0.7627363582830028,0.7618346123807573,,,,,,,0.7617647330005458,0.7581528798619395,0.760533795972654,0.7616320377701468,0.7604750169690376,,,0.7600787104209669,0.7616754740195109,,0.7603100826484716,0.7624840719031614,0.7609001853760845,,0.7623048503193737,,0.7608981283744302,,,,0.761561899113261,0.7615097912088931,0.7626677855530675,0.7612655556663368,,,0.3663329810704518,0.365717949398957,,0.36621339405735026,0.38949158929107097,0.38771433875174816,0.38954849014739246,,0.3898143752272317,0.3272627996819432,0.3276068739068271,,0.327699479971545,0.3270098047067899,,0.3016792801099315,,0.7581774349526766,0.25114821902833745,,,0.2477342253227507,0.2476277263812487,,,0.24315017180310136,0.24346302345801293,,,0.7595335532080337,0.05544892207693543,0.046091318138087665,,,,0.7920072625023281,,,0.008844145649698015,0.00880104204991539,,0.008881977008567854,,0.7836000177558411,0.025436654654076206,,5.351685251002209e-05,,5.337787786450045e-05,5.343519069181924e-05,5.35999717459962e-05,,5.350214453004084e-05,5.3369050458627616e-05,5.3420449053171106e-05,5.3377670395469105e-05,,5.351923725867382e-05,5.3373965319774126e-05,,5.332922956321898e-05,5.3363229083739605e-05,5.3492949380300566e-05,,,0.7523990245649024,0.7535392350649971,0.7534870188148886,0.7529698261383213,,0.07740984381793271,,0.07734912822665371,0.07760947833673673,0.07721148897500252,,,0.07732780710704192,0.7393385478215598,0.7370256427241958,0.7410034888771362,,5.4080765474552516e-05,5.395420984428033e-05,5.405074248038121e-05,,5.4020772881708036e-05,,5.4178166089571975e-05,5.4052716809452435e-05,5.4153451261350175e-05,5.4033121045683306e-05,5.387318740858077e-05,,,,5.395690285625264e-05,,,5.401963433826717e-05,,5.4186278193819685e-05,,5.3953711652188185e-05,,,5.403255638568188e-05,5.386408438494898e-05,,,5.4024434406848604e-05,,,,,5.382282834019807e-05,5.3949491974170185e-05,5.409284873758064e-05,5.394766929753873e-05,5.395051715524574e-05,5.404227122137271e-05,5.4060145280579505e-05,5.402877581018406e-05,5.412880983167252e-05,,,5.391893164644876e-05,5.39440826428039e-05,5.404056000332966e-05,5.4079692055590516e-05,5.4102263941358595e-05,,5.417450863450135e-05,5.409046951763217e-05,5.4044639127781955e-05,5.401556699945183e-05,,5.398932290251419e-05,5.4150800829075046e-05,,5.4065714812445656e-05,5.414741169566794e-05,0.3944253454526244,,0.39380522363174353,0.39277055940283406,,0.3931040118051301,0.39370804757489347,,0.39282403485258566,0.3931756014106627,,0.39325226248880724,0.41574861449119876,,,,,0.41550385870948753,0.41604922324692983,,0.41503799109788897,,,0.4158657242634977,,0.41592619587694674,0.41475469149553046,,,,0.41533963253635325,0.3940443753732361,0.3943205294066055,0.39505466355417596,0.3939169554904331,,,0.39400006983600205,,0.7657755107980398,0.766714351499947,,0.7641097951055923,,0.7632056080022384,0.7658732804728351,0.7640463884465252,0.7663193656702549,0.764352536545707,0.765607144928413,,,0.7657648269633353,0.4158905100147469,0.4156376211972599,0.41611421558547224,0.4158580675455957,0.4148506348739534,0.41606602308656476,0.4155734779088801,0.41637817024050205,0.4157488492340971,0.4159759410626091,,,,0.41421346060026315,0.414076992251664,0.766453623653199,,0.7669456178555548,0.7664119768813139,0.7662422382619974,0.7681545061606462,,0.39439709343965434,,0.3936708010857227,,0.39452346088188556,0.39391162818507625,0.3953499650648589,0.3934106616943703,0.39373705425533895,,,0.3940593463575871,0.3935802634428517,0.39258557085484774,,0.3935436353619254,0.3942248563347523,0.3934732423375669,0.3942270040837294,,0.39452228698824143,0.39353414631599587,,0.39434362925555194,0.39365430196050755,0.39378608320571856,0.3932415380905213,0.7654111794495932,,0.7675244808019985,0.7692154418468682,,,,0.7686022003517218,0.7668940226245436,0.7673337970205061,,0.7649887597219719,0.7635014339740611,,,,,,,,0.7643430528121941,0.7653302077292703,0.7669847192509234,,,0.7664489241804731,,0.13515633282625858,0.13487041736604855,,,0.13441791648027673,0.5785690729461387,0.6277274245379874,0.5764290030723225,0.5757041132640683,0.5756379543811805,,0.613739747827285,0.6113293766180085,0.613121862399143,0.6114992605114109,,,0.6111046039323755,0.6124287011870521,0.6116700961512392,0.6120072516962134,0.6119283646825265,0.6148748401739565,0.6136364549514398,0.6128165913004784,0.6124728955459823,0.6134293266805048,0.613196546750125,0.6105354942096342,,,0.6126841343546979,0.6114350844105525,0.6133981809269247,0.6141069505859572,,0.6122705296903311,,,0.6134747051285566,0.6126306352685891,,0.6119737448805899,0.6128769421575432,,0.612297342092621,0.6101261405090076,,,0.6129057221318331,0.6128486605009179,0.6128738492830548,0.6129389485842665,0.6134345803533284,0.6138708412068077,,,0.6127452341884209,0.6115823597690307,0.6115283723750407,0.6121297976026915,0.6108409862566766,,0.6134064859592854,0.6112027434677075,0.6148300124399169,,,,0.612353017059903,,0.6134117966514228,0.6124683942071611,,0.6118973433320666,0.6120768111399415,,0.6125125040117401,0.6129996417039233,,,0.6134030596288089,0.612377147218333,0.6119922766324363,0.611480806341458,0.6132934449343617,0.6135615249139491,,0.6107904936012317,0.6126739029948308,0.6126723084594693,0.6120076163358298,0.6106723025734101,0.6134323036234676,,0.6117214132075637,0.613093842789501,,0.6130777200361349,,,0.6127780195165057,0.6140020305581871,0.61064097017004,0.6125716110397833,,,0.6128231446092212,,0.6121334105331645,,0.6114779725185697,,,0.6100888785395487,0.614869438148498,0.6128462484545568,0.6131643158460375,,,,0.6126064112659783,0.6124331867086145,,,,,0.6122540799916488,0.6111209204201592,0.6123391338588905,,,0.6132203262692488,,0.6128730096872842,0.6131838851488282,,0.6108888940671051,,0.611970513492284,0.6119246052546651,0.6134563079613387,0.6134008339487147,0.6134301973217348,0.6124485745281796,,0.6127568042141289,,,,0.6145287720208703,0.6121637167693117,0.6119488128266193,0.614973903528508,0.6143943768649737,,0.6125983452065732,,,0.6115745587079465,,,0.6115805499848556,0.6121523240323365,0.6109948995731298,0.6145860807862151,,0.6131283588429856,0.6139785201554703,0.6133233606144828,,,0.6132120145106673,,0.6111258409129547,0.6139006147128793,,0.6136448080314263,0.6129083515894145,0.5352647094838969,0.5363499606982595,,0.6427188297296239,,0.7964333853787051,,0.681073029316743,,0.6090781614549311,,
4,4,DG_8pct,16,Z11_F09,11,3PH,175087,182020,True,3700.349875111979,3740.5206271148295,3728.171153232948,3852.374101799957,3838.7315752949603,25.754847625827434,4.936145928227297,3859.155728234233,3877.5748650606224,3887.577030370788,0.014265881437275604,0.009459627868068601,0.000284780658349906,9.775811735032779,14.570444560524509,6.089669517486658,18.631399485277914,7.056819250972338,14.017267076173033,15.880592076255715,0.7491436561962076,,0.752858166225838,,0.7571170545895868,0.7556354392949347,0.6931111761417628,0.6122701170661152,,0.6099661769603941,0.6103984776682142,,,0.6201095440476825,0.6207490430147011,0.6204105551377141,0.617136945452809,0.6185764446371949,,,,,0.611928834528685,,0.6143061676935228,,0.6051246026760609,0.6051515874589349,0.6047012024435927,0.6131334514243622,0.6145472033837882,,0.6131066345694796,0.6119800971883295,0.6144326836390679,0.5890127871961112,0.5643886888940121,0.56518476453767,0.5669655076581094,0.5636273184790992,0.5618212784997879,0.5628613002958222,,,,0.5648272372228172,,,,,0.5635898352393407,0.5657593149021283,,0.5649755742520448,0.5660313982968055,0.5661403126306686,,,0.5600678752888743,,0.5601296250485407,0.5530090731260348,,,,0.5539274058127683,,,,0.554335949442734,0.5527393997066072,0.5538432885550744,0.5545588175293704,0.5534117108287627,0.5548703988401601,,0.5546990557147469,0.5538555304510028,,,0.5514210428396481,,,0.5529973425420979,,0.5216390946088445,0.5214516791235686,0.5238771142500571,,0.262105932272469,0.26093981138791095,0.2615295847723122,,0.26114602411964266,,0.26419808015854995,,,,,0.2639910980631411,0.2641134505626489,0.2643465068379163,0.2637053996196943,0.26337235210151333,,,,,,0.26436244952793175,0.26409423803179066,,0.2640605861931361,,,0.26368619108142605,0.26353705196112337,0.2641870754502754,,,0.26449573199391324,0.2637224045415809,,0.2635798833725991,,,0.26384038750302446,0.2642038883596412,,0.2635375643368657,,0.26349601898733394,,0.26362860906016866,,,0.2634402888543975,,,,0.2641848802097851,,,0.263206395651417,0.2632784982083124,,0.26410595191828473,,0.2631940366509404,0.2640957865919501,,0.26390582433057935,0.2635196923712767,0.26415811885252605,,0.2637744243883035,0.2642556364932603,0.263275355052216,,,,,,0.2637303337699383,0.26422417586636865,0.26418104507188855,0.2639587744336194,0.2644135606592488,0.263370354221551,0.2640029913535711,0.2635034161959913,0.26345267164774977,,0.2636292944215664,0.2638894403754849,0.26345661020981087,0.2641949492234836,0.2638137269173408,0.2646373386325987,,0.26372569074379887,0.2644069529704699,,0.2647567652719681,0.2640404000929166,0.26424603205195807,0.263929794843535,,,0.2648423891510558,0.26462304600933084,,,,0.26375893101696907,0.2639649912834608,0.263340981165877,0.2647850192694957,,0.26415177732923656,,,0.26524579914680774,,0.2634789560976271,0.26479419690846734,,0.26412514782178115,,,0.2640956298574425,,,,,0.2645544927778243,,,0.26370311889935727,0.2639319995053244,,,0.2645328974567939,0.264008948863042,0.26398335722096283,,0.2640534564506658,,,0.2644869958798419,,,,0.26404073681117013,0.26468891563821284,0.2855968793991159,0.2851738549653807,,0.30348449475117584,0.25125089354333047,,0.2509259306047161,0.25060063852418,,0.25142735556541645,,0.3261974492074854,0.3254245525484098,0.3250222050412184,0.32601747295460165,0.32483259782511353,,0.32540448943728334,0.32494004020191253,,0.32522553401994647,0.3240973862767185,0.3254060210635203,,0.3252444377203962,,0.32521564357787613,,0.3268524457444201,,0.3251425361111466,0.32514213051251967,,0.3251286727626472,0.32532590429864877,,0.32474478451141975,0.32492427861041795,0.32476902173422995,,0.3256620545881446,,,0.3246660433996478,,0.3255602569331616,,0.3246586076863855,0.3257308641370442,0.3262277290323569,,,0.31047705579577867,,,0.3104431992319783,0.31011914801032153,0.30996232267262847,0.3101210000496581,,0.310722723028148,0.3106492750008288,0.310181370428956,0.3105875773593093,,0.3111336185980812,0.3112714538102953,,0.3107968879005706,0.3092328070131757,,,0.3099183649335671,,0.3104478045639081,0.3101257432762303,,,0.3105030487679309,0.31042615454983735,0.30905568203913264,0.311116574873886,0.3104789648742998,,,,0.32505281807459946,0.3243539940209701,0.3248989888038357,,,,,0.32530763769026305,,0.3095460464236389,,,0.3094055883160169,,,,,,,0.30926339095459965,,,0.30946171059940936,,0.3252121518152836,,0.3244164417865487,,0.3237726731199191,0.32454924507870775,,0.3238629114504655,0.32419411398121145,,,0.3242296264905395,0.3246055502407568,,,0.3245590241524122,,0.32482718160923324,,0.32461382007095047,0.3240121515033955,0.32453767811483986,0.32553729026821454,,0.3250952549871081,0.32444652196689316,0.3238834004826199,0.32564743744926183,,,,0.30853985246568694,0.30871056935245894,0.3093106064707262,0.30897030125885316,,,,0.30952780899835675,,0.3102788731617493,,0.3098569672965427,0.30967730966764245,,,0.3109104585078208,0.30866980484421347,0.3109998413581073,,,0.310379952243202,0.3097829412732454,,0.3093897857336362,0.31029825780293274,0.3103089224488592,0.309150868071766,0.30925074708174155,0.3325131850885172,0.3324269228703705,,,0.3331098081508617,0.3327826136322923,0.3333367279153659,,0.3324522529755265,0.32668429251792425,0.32634291081028194,0.32673265357413706,0.32598727516086295,0.32618628374583947,0.32637821067237893,0.25320331410324015,,0.2529436449048499,,,0.2501863588344871,0.24509534646403008,,0.24426390244519225,0.23739458805356622,,0.23841841749632092,0.13565067886841306,0.13537807387933293,0.13540945431354287,0.04234333390343627,0.04226730692144679,,,5.3511298772750094e-05,5.3534662243007055e-05,5.367036111671041e-05,5.355369999930991e-05,5.352242986953023e-05,5.363372239492179e-05,5.342772207629873e-05,,,5.348592095796869e-05,5.3756360748772175e-05,,5.3579429105553184e-05,5.348354051274446e-05,5.344201547186912e-05,5.3456384823931575e-05,,,5.339400243212249e-05,5.3574543126843215e-05,5.351410907937735e-05,,,,,5.335706939732402e-05,5.340996466021222e-05,,,5.351926918273363e-05,5.426643949205968e-05,5.4127668600695545e-05,,,5.4276032819451245e-05,5.383377692215151e-05,,5.435965065168452e-05,5.4310326945951215e-05,5.442229012858102e-05,,5.450635141816873e-05,5.43783238477609e-05,5.4412885320689806e-05,,5.422434350090226e-05,,,,,5.427509357400458e-05,5.4232912513776935e-05,5.417214284595492e-05,5.4245332023845666e-05,5.41821779923065e-05,5.4318992110042215e-05,5.437737112143787e-05,5.439751355819266e-05,,5.404163595751687e-05,5.4338932676425966e-05,5.417468758401509e-05,,5.414442381751892e-05,5.426163536402239e-05,5.423117117949953e-05,,5.431450724371937e-05,,5.410895776519796e-05,,,5.406835576640592e-05,5.419653781486555e-05,5.421857716863048e-05,,5.406795881194047e-05,5.425687516600121e-05,5.4220581365263025e-05,,5.4275216354847515e-05,5.400831461778301e-05,,5.403832889222834e-05,5.4143797781325146e-05,5.413076768033079e-05,,,,5.4038857917690075e-05,5.423276154939122e-05,5.417149106558422e-05,5.407233210791206e-05,5.4225802226355864e-05,5.421204117928133e-05,5.4305912508467025e-05,,,5.419199371447069e-05,,5.417863320069629e-05,5.416137788463551e-05,5.430126567880933e-05,,5.4135607895151584e-05,,,,0.3610146020444929,,,0.360703603105421,0.360637056640455,,,0.35955175477826734,,,0.36170378198465786,0.35985308989975645,,0.3609420632046417,0.36028587694119085,0.36137514472702664,0.36144736326693144,0.3611004826701092,,,,0.3613988338651505,0.36037496150994264,0.3601071439906202,0.3596449574192758,0.36022854040978236,0.36109003310125976,0.359495513148998,0.3596470571571838,0.36022764937012625,0.35949503712955494,,,,0.3617504480288649,0.36127027957985086,0.36133425235819033,0.3621990832186545,0.3619451651509274,,,0.3596645577934317,0.35896212299659636,0.3594110286001764,,,0.3592352170193592,0.35924551217545125,0.3597909507957926,0.3595399859255015,0.3609809146551117,,0.35992471710429363,0.3589200722087362,0.35986444946102564,0.3606607094703566,0.35994123407432893,,0.36040595252802543,0.3603556200542023,,,0.35962165613852404,,0.3605940297315901,0.3551934213308464,,0.360044571308873,,0.3591231809690842,,0.35974798836007127,,0.36023945101913135,0.3604542947476759,0.3614301159783791,,,0.3605844731001531,,0.35908449307192863,0.36109889863669525,0.3605998932300728,,0.360472558099311,0.36044717390515607,0.36139461436448417,,,,,,,0.36023872623278413,,,,,0.36119745615424476,,0.3608913776472345,0.36062014980595036,0.360529504180536,,,,0.36080083156865633,0.3599075389465994,0.3606158696679591,0.359969039474935,,0.35995511596333507,,0.3586072233507878,,0.36022573041248745,,,0.3596415239144062,0.3601059693327555,0.359611390839601,,,0.360100510230276,0.3588248108027937,0.36019588771049055,,,0.13499849226599456,,0.1348649748535119,0.13512063742797592,0.1347806828235745,0.13519302260862912,0.5808439143046972,,0.5783884487450296,0.5785060767585014,0.5774655469502213,5.403313668103762e-05,0.6139938574705536,0.6123550837409459,,0.6121249699936063,,0.6156713328330424,0.6135331546627459,0.6135272613610963,0.6142443190176679,,,0.6138523353846564,,0.6128086573388273,0.6146876439441495,0.6140191809388833,0.6128097623605515,,,0.6123931338781178,0.613191433645812,0.6146680448528322,0.6145491323027373,,0.6147121936591246,0.6141190493962035,,,,,,,0.613688135234655,0.6140330868929704,0.6137470524863852,,,0.6133091378891992,0.6138312390458234,0.6146956762694671,,0.6142689559970761,,,,0.6134331060617693,0.6130308649138075,,0.6135855663458512,,,0.6142255466054001,0.6138880477755932,0.6131006646914148,0.614596315135474,0.6147329506295617,,0.6141752766475403,,0.6130731907181649,,0.6135100375831655,,0.6140323923795569,0.6143981608911593,0.6147488473597973,0.6137834017526895,,,,,0.6154043006750393,0.6142914911923242,,,,0.6133513934956081,,0.6153803667691379,0.6157480325910722,0.6130291677529032,0.6147001055462216,0.6152510629488867,,,0.6137355322921522,0.615121819229894,0.6141965401884764,0.6143901637923668,,,0.6126618133469114,0.614605681626842,,0.6151030666034438,0.6142440625337441,0.615063992631207,0.6124733065666372,0.6130342708064064,,,0.615664388466314,0.6150266614563933,0.6156743970366206,0.614323215782385,,,0.6137740642785643,0.6125531794905374,,0.6145383160024991,,,0.6143517585899712,0.6154119180005869,,0.6137741992564918,0.6130804553937101,,,0.6138527680517271,0.6124875978351532,0.6145724267019747,,0.6140971844218464,0.6146055699449534,0.6150465367745959,,,0.6150205926755065,0.6135148034412223,,,0.6146521814195156,0.614736728468922,0.6150386164027793,,0.6133013476476795,,,0.6141187096065518,0.614113893253046,0.6152599336120558,0.6127913520243798,0.6132673628715432,0.6141619573756512,0.6143866623608688,0.6154030230613883,,,0.6124555137430381,0.6157844303056913,0.6161211934442956,0.6131553431253067,0.614563059559837,0.614611387365415,0.6135347856490907,,0.6134222204730277,0.6138545306090767,,0.616271687215144,0.6118636622564665,,,0.6137780498427057,0.6141536693665313,0.6145054564284155,,0.5339455063807311,0.534215009424914,0.57919672573464,0.5781435364291801,0.5787596382383069,,,,,0.6178264699262601,
4,4,DG_8pct,16,Z11_F10,11,3PH,175087,182020,True,3703.798129720702,3741.800428441977,3727.2745267251958,3851.415997385178,3859.741882278991,25.720155030544746,4.926179379158805,3848.440493331362,3861.986898634873,3865.0641541370187,0.014248921018632349,0.009523000527720323,0.00028445865969043517,9.793494620808163,14.509200971762155,6.12525209759598,18.63747654832715,7.0565478736640594,13.983678157696076,15.82931286384465,,0.7513056113314921,0.7515173464471564,,,,0.6938648008674053,0.6101108621282482,,0.6128820176655816,0.6123905107905041,0.6217725642545112,,0.6196092755436219,,0.6172402968075505,,0.6177700224630136,,0.6175588820436119,,0.6106054744635868,0.6106830101020458,,,,0.6056897125238697,0.6048173098676972,0.6044808077461975,,0.6143342129361227,0.6148484570601289,,0.6144033766188234,,0.5897614159776449,,0.5642268383845928,0.5638575558349428,0.5634637210935368,0.5613877064782121,0.563395528819504,0.5649565689637277,0.5663141693930279,,,0.5649244341601983,0.5633651827634665,,0.5628582330237771,0.5653803064833253,0.5637308735312127,,,,0.5644859382649118,,,0.5612919817880652,,0.5618505560203535,0.5527583610973598,0.5534495322674845,0.5526894560801615,0.5525018625786329,0.5528988998185848,0.5528004515736364,0.5531054331257511,0.5529385886275354,,0.5543570777901965,0.5534835552297604,,0.5534021929817439,0.5543504910047516,0.5539784491660831,0.5536148066615915,0.5545556957135532,,,0.5561722617126232,,,0.5536938500423937,0.5554262013404988,0.5232854232087495,0.5211810291647221,0.5213259782376515,,0.26095032001595975,0.2612247069940226,0.26094984089203216,0.2612486592968987,,,,,,,,0.2639618321727491,0.26428311747378774,0.2640614623427039,0.26412435559268965,0.2636324681653192,0.26409788724174277,0.26482130884076965,0.26437355001094304,0.26441191927636565,0.2637243695750829,,,0.26403635812822807,0.263920404624887,0.2640153276590839,0.26374347247525615,,,0.2639667158335166,0.26428252019151904,0.26414856478128856,0.26384595502484015,0.26447452969099683,,0.264079118864809,,,,0.26396599923167213,0.26391216146627045,,0.2634789183195067,,,0.2641626831502532,0.2633127405226894,0.2641933353294215,0.26341731782705535,,,0.2636180528216443,0.2637366371248183,0.26327305748871244,0.26437006775472927,,0.2644385124456505,0.26450375837318085,0.2639249193082154,,,0.26391851654539267,0.26440213536299517,0.2629538540234326,0.2638931918318242,,,,,0.2644724498373509,,0.26372358639431454,,,,0.2642375761561457,0.264377291059843,,,0.2639520263623115,0.2635552160171475,0.2640619589654007,0.2644099167607277,,0.2631697259384769,0.2640106074706716,,0.26425807161955484,0.26295210521994766,0.2632214421325306,,,0.2636468974329065,,,0.2645544755755664,,0.2649437998910085,0.26443550265546006,,0.2643154155958338,,,0.2642722094888069,,0.2647488496590981,0.2650718683076121,0.26494618294033234,0.26469127147783844,0.26442769654552906,0.2642566549380699,0.26461352485977735,0.2644756072169777,0.2648444715161875,0.2642914614579929,0.2649738664400426,0.2641546977666129,0.26429879948621937,0.2645903829255762,0.2638510805680883,,,,0.2645693632697136,0.2638535879386416,0.2636382063906648,,0.264242374070228,0.2646774255570897,,0.2646598092720651,0.2641878011424456,0.26461030233524097,,0.2642860648641484,,,,,0.2641213211176558,0.2640008901454767,,0.2643380302410211,0.26405407503069783,,0.26425308556720173,0.2644193741984536,0.2853370799235375,0.2858027442317162,,0.3037523289191043,,,0.251135310059473,,0.2511633575836574,0.2512913998175639,,0.32516397860900853,,,,0.3261348393723379,0.3249669274153986,,0.32488925013176423,0.32605874307535304,0.32602302592961585,,,0.32506652893430904,,0.3254274259866721,,0.32505940520383253,0.3244565050882092,0.32579340447065885,,0.32524989877103055,,,0.3245527007832155,,0.32540120481062884,,,0.325178291334765,0.32508041037091334,0.32508006546278256,0.32497892296430075,0.32479779956423765,0.32504901317872464,0.32601871601739496,,,,0.3244531266826156,0.3245986565994852,,0.30954605500074717,,0.31004364731833106,,,0.3098045162041054,,0.3116358752613258,0.3104538801429423,0.3097543150975829,0.31124198317908025,0.30975013232316445,,,,0.3099131856270791,,,0.30979928954060376,,0.310092412066881,,0.3097160949464686,0.3109056432598372,0.30934159015211343,0.31093608670125333,,0.31023282644711836,0.30954101858708993,0.31053282387887254,0.31070076765246457,0.3249845819073557,0.32606641805206377,0.32460800679379814,0.32599916180999766,,,0.3238904091608454,0.32548803244518454,0.3251659945965412,0.3245566528429097,0.3262421407940532,,,0.30988193541157133,,0.30950714724711936,0.30993085565140555,0.30870588734490617,0.3089717428412892,,0.30898150920281897,0.3085823954974993,,,,0.30768200247101546,0.32375638969238757,,0.32401456393909556,0.32409690942449454,0.32502382548097025,,0.3240500625318456,,0.32410738667500893,0.3243809853833923,,0.32462259982285774,,0.3243209446515103,0.32460113850567135,0.3239185811299306,0.3236309997814038,0.32481270176117605,,,0.3257444201028596,0.32410272854673783,0.32478882141274346,,0.32504751713312446,0.32478393001479383,0.3246065742328895,,0.32561115746267905,,,0.3081558572831756,,0.3076067944894242,,,0.30976060653577764,0.30968084521139017,0.3096981866687712,,0.3091709366957763,,,0.31007937649832906,0.3091976698452329,0.3101495270515156,0.31005962599628073,0.3101120322020143,,0.30999572704652045,0.3102310626877991,,0.3094937812209455,0.30869867455838595,0.3095750843515868,0.30990057044188307,,,0.3097066148957368,0.3098583484705856,,0.33328808241863694,0.3330270031954978,0.33397645767514855,0.33272898133976414,0.33445876027258703,0.33333323994146163,0.3333582334850081,0.33322187165146394,0.32510040906868826,,0.327000182279206,,,0.32574813794094987,0.25370655804743747,,,0.2508071684248941,,0.25153941672660035,0.24470288779486907,0.24475060076453795,0.2449144697527092,0.23791992690334804,0.23824138843165044,,,,0.13535281382051592,0.042287932414367464,0.04219559692859526,,,5.3314290931168464e-05,,,5.374859181627065e-05,5.360400909534039e-05,5.347562544288122e-05,,,,,,,,5.353700458633203e-05,5.346992177530156e-05,5.355181485199486e-05,,5.360786876555469e-05,,5.331687764954057e-05,5.359282749928751e-05,5.359821616288542e-05,5.353417924175062e-05,5.360615024679846e-05,,,5.3609236593135275e-05,5.355584659062461e-05,5.34033538884517e-05,,,,5.420417002251049e-05,5.4276355237613414e-05,,,,,,,,5.429530223185554e-05,,,5.445367933591113e-05,5.41552268701655e-05,5.457073351179638e-05,5.436690246270495e-05,,5.418527123922104e-05,5.409002549886946e-05,,,5.42063390281034e-05,5.4240897448419415e-05,,5.4144316313999836e-05,5.418475334880755e-05,,5.4094782874055046e-05,5.414331394788599e-05,5.4156494466506295e-05,5.413190940794168e-05,,,5.4103431832782024e-05,,5.4229138418903007e-05,,5.4062861947682756e-05,,5.407841734476589e-05,5.414765941255011e-05,,5.4103509819817236e-05,5.4157134431780164e-05,,,5.4081805437118184e-05,5.4078413485621535e-05,5.403095314069583e-05,5.416748189625414e-05,5.423110824970224e-05,5.4279269339996934e-05,,,5.399246246259978e-05,5.413180285135097e-05,,,5.4100249398968275e-05,,5.405190497916476e-05,,5.434293414015119e-05,5.420992988531115e-05,5.4152998996675726e-05,5.4137479055047835e-05,5.410657755057548e-05,5.4296845870708915e-05,5.4144959941802936e-05,5.402130274778352e-05,5.4233121293337245e-05,5.4104682201850514e-05,,5.409187519658294e-05,5.42317763787797e-05,5.423097961589916e-05,0.36141041504206683,0.36055348331450543,,0.36108476068747053,0.3602900752385443,,0.36156464778269704,0.36099808958285495,,0.3606166857144507,0.36042066713286464,0.3617811925909188,0.3603692480641164,,0.360815043484306,,,,,,,,,,0.3601021330264352,0.3607698331378046,,0.3594209801691294,0.36060161111601285,,0.3594502383116397,0.36198615718296906,,,,,0.36157443635669395,0.3611668082278994,0.36117046909025385,0.35901989235170034,,0.36034579352768864,,0.3600633158506686,,0.35989432757132944,0.3599313496049732,0.35995354149188724,0.35929513191902995,0.35985480486598487,0.3595084353219913,,0.3602558958405243,0.35908588645667006,0.3595673886360791,,,,,,,,0.35960108818369974,0.36140497292188895,,,,,0.35900012122197816,,,0.35959595488562096,0.3608714823157229,,0.3597710869006937,0.3616217062558116,,0.36146846897806595,0.36040685521544197,,,,,0.361232096108109,,0.36085818115767865,0.36085867926955284,,,0.3617621670072088,0.36037949413216347,,,0.36104160556097376,,,0.36101420672560686,0.36161414071710385,0.3610515797143532,,0.3618393242184423,0.36134728937402294,0.3600174403177068,,0.36167973995560904,,0.3594815580419657,0.36130540970917646,,0.3595377385208197,,,,,0.36037162037695825,,0.3597963540489864,,,0.36019353960715256,0.3601925206919177,,0.35959588809789955,0.35920584880835504,0.35917093216023593,,,0.35977900908970795,0.1347652022069288,0.1353646530220151,,0.13490289695710123,0.13546943211577744,,0.5795116155665873,0.6373165219372083,0.5762717927234109,,,,0.6141650155725229,0.6144392808417998,,,,0.6141315627956712,,0.6130976306827993,0.6145710919471025,,,,0.6132696197059561,0.6128609779144762,0.6141114000968394,,,,,,0.6140515177704687,0.615037372081791,0.6138011203884335,0.6145447335182124,0.6137558335041705,,0.6139420524872765,0.6167437366485125,0.6151475859008396,0.613914104799588,0.6154479891859079,,,,0.6134913993856478,,0.6127980416277347,0.6150932292289871,0.6147252745424749,0.6146460636029019,0.6154322655292318,0.6134206474232431,0.6129849269516993,0.6114569423121545,,0.616040567148704,,,0.6160476136900213,0.6142023627033619,,0.6141625606924795,0.6138297337214688,0.6145692329217549,0.6143939409501744,0.6126457792235114,0.6146111540116945,0.6137711606355372,0.6127694477582613,,,0.6151393630536338,0.6139401559617905,0.6139377434590134,0.6130940335108304,,0.6134310156967172,0.6140394835688523,0.6142348999995488,0.6136990115955251,,0.6139820246216937,0.6143952331527447,,0.6136787167820098,0.6149648890914834,0.6122418709302625,,0.6143479069309511,,0.6157655239136355,0.6147530779294225,0.6161926840559568,0.6131185907829806,0.6129769591129073,0.611812836139244,,,,,0.6151558832296511,,,,,,0.6154689414414933,,,,0.615576064726971,,0.612694032767706,,0.6159127201115089,0.6136435369177428,,0.612675087558987,,0.6136826859785086,,0.6141112011393359,0.6126276812941311,0.6138184085851577,,,0.6112150115417895,,0.6129346740552724,0.6140202352015772,0.6132102572595144,0.6145087033588869,0.6153754590596927,0.6145972360128191,0.6141478425455835,0.6152135046185817,0.6133587513916445,0.6142149110371609,0.6144655348765797,0.6148010821526598,0.613249574757781,0.614425306602487,0.6132504742001246,,0.614704602288981,0.6132150920908914,0.6127255078462799,,0.6139763536315109,,0.6145643525069723,0.6135876571668545,0.6154884788125285,,,0.6130252319369232,0.6158809735222037,,,0.6159147968445955,0.6149979154490233,0.6135995320506397,0.6134850987156147,,0.6155144383072919,0.6146803894653422,0.6144858348965054,0.6129338477337478,0.614992562064959,0.6137485906631301,,0.6133154900779528,0.6151090602745357,0.6131639848227011,,,0.614456924879735,,0.5325023692881075,0.5328220646999698,0.5331254070164453,0.5784019281683596,0.5781096536394512,,0.6174038466724259,0.6197971125831796,0.6192642151048212,0.6198583403097221,,0.6180040901364898
4,4,DG_8pct,16,Z11_F11,11,3PH,175087,182020,True,3720.3293241253245,3744.9321393508376,3749.1948720966843,3854.3028526132607,3856.165569204933,25.77497656823487,4.948202754641469,3846.312117927622,3863.3255855080256,3886.8081143060363,0.014219174218833185,0.009466045863003201,0.0002832473497536389,9.799757476436866,14.60785754913109,6.084125040143119,18.547092961340056,7.088187208310327,13.928845167216624,15.831964012373168,0.7535902698499597,,0.7545531465204133,0.7557985130846939,0.7542585880185817,,0.6940538135624013,,0.6096067711629433,,,0.6171468304552531,0.6187271947865862,0.6182104668660752,0.6155744857618972,,0.6182278493641988,0.6175766757515949,0.619528148517238,0.6170188961615326,0.6107959353696747,0.6114225618783978,0.6105423412917479,0.6135969305832445,0.6134370043314664,,,0.603535124943382,0.6040119552872713,0.6132890802245112,0.614921836392999,0.6133761936904665,0.6146211835713342,0.6142878082727538,0.6148855278196473,,0.5642163415364283,,0.5622044404322524,0.5624077675527656,,0.562902755905763,0.5644442979072003,0.5649425008601109,0.5650962861733556,0.5669399980129753,0.564636236064841,0.5644749901047326,0.5641995833433624,0.5658070298478173,0.5652738147858083,0.566279199111924,,0.5659585720653275,0.5629988758677916,0.5647372499541542,0.5648871486478104,,0.5615332379487153,0.5600383256142251,,,,0.5531318433294561,0.5519137689744943,0.5543245605135025,,0.5516834675764923,0.5555316469370745,0.5544698849464763,0.5538520651722921,0.5528538137348998,0.5534274382329731,,,,0.551502944204733,,,0.5552444745283219,0.5541706823108571,,,0.5534029834241562,0.5531953704625766,,,0.5219792045418686,0.2628744218057164,,,,0.2608554746011407,0.2613129680509413,0.2612049029988661,0.26429495550387966,,0.26371622389651,0.26427315008475305,0.26376976730381957,,0.2645566915558528,0.264169561886408,,0.2646995998566353,0.26419095928459807,0.26436069035253895,,,,0.26436537491876744,0.26403069702134924,0.2643508073668175,0.2649831957030069,0.2638953057755729,0.26386877582059864,,0.2640009362550389,,,0.26357090257274385,,,0.2641929539484637,,0.26386137627643985,,0.26350130064378197,0.26395763861861327,,0.26425782796269803,0.2634470143173061,0.2635575629255485,0.26421045101286567,0.2633634309247075,,0.26393971926038984,0.26360289522702846,0.2632270412336752,0.2639518136364023,0.2635522940575338,0.2635401186291455,0.2643991709700822,,,0.26472583673885103,,0.2642457687490134,,0.26343722414076787,0.26396779631032863,0.26351720102912923,0.26385173838305614,,,0.2635736706393678,0.2638670007104497,,0.26447527209737454,0.2642007037371866,0.26420841479252144,,,,,0.26386120934774443,0.26356625124577543,0.26401860182831616,0.26338333947748777,,,0.26394786780223606,,0.26378482849407536,0.2632170030156419,0.2630693506031819,,,,0.2638532676201006,0.26369987685255003,,0.2629665228757405,0.26461676376379006,,0.2648828919263095,,,0.263908137603599,0.26411420562783755,0.2643208551610065,,0.2647270548700244,0.2635755766287019,,0.2648283531600175,0.26439750843080867,0.2643550237406853,0.26460551383198133,0.2645614817326061,0.26417972206602197,0.26442410693876506,,0.26423194113697845,,,0.26428314921877655,0.26497919037839396,,,,0.26463241682769667,0.2636064309862927,0.2644904218093068,,0.26401268358455593,0.2631665838449436,0.26442984718012535,0.2647518227342335,,0.26331208814938123,0.2641135582776395,,0.26421683321058614,,0.2639820902362907,,0.26447143564374703,,0.2643635307829856,0.2640362091784447,0.2641220084260935,,,0.26425914774625126,0.26315020542513573,0.2861628429551557,0.2848735452271634,,0.3028424306469487,0.2505942363849788,0.2509991038035899,,0.2514625253280755,0.25089572494155227,0.2518275581185246,,,0.3247432494648165,0.32507233274656877,0.32566105374683313,0.3244616958223225,0.32599696048450016,0.32515356102698556,0.325247464808778,0.32570981695221596,,0.32566205783626706,,,,,0.3257336542746318,,0.3260968627865078,,0.3247111840937181,0.3252983902445065,,0.3246685529686829,0.3251039424624464,,0.32537395617856985,0.3246392221336172,0.3246417196472639,0.32540674113287865,,0.3248324566107028,0.32461735680471565,0.32487110883032977,,0.32455378076359415,,,,0.3247481535320651,0.32585490575250137,,0.3107239459470403,,0.311199311371385,0.31049978135742357,0.30962444599412337,,0.309387076587679,,0.31008168336908315,,0.31069427183232257,0.3102210927298773,0.31040347027291587,,0.31068520225132207,,0.3098875814445734,,,0.3097375687018688,0.310703885996961,0.3103394788122955,0.31045404214375893,0.3093171911395316,0.31058126840761524,,0.3088602984308336,0.3112660094211066,,,,,,,,0.32519659104177606,,0.3247650092092243,0.32531125645768727,0.3263533574449419,,0.3251541032059883,0.31010177148804685,0.3099396523309083,,,0.30918440340479736,0.309667431651601,,0.3089501543710064,0.30932584498989424,0.309612616990772,0.3092277836895189,0.3099754997217785,0.30949942906699957,0.30918138922624355,0.30961070108789035,0.32425999545406403,,0.32349718468403454,0.3255878704687923,,0.32431803932289915,0.3242716129403882,0.3234908353765857,0.3239546221217465,,,0.3242770758980502,0.3257223261756969,0.32439448179423824,0.324330007699266,,,0.3244877106282892,,0.32450634973261094,0.32533864492433967,0.3245557286209447,0.32419995933348966,,,,,,,0.3248976130780934,0.3247263128080598,0.3094138759805636,,,,0.30979416332492854,0.3094223844366412,0.3101897819399146,,0.30875137770958805,0.30915468345374375,0.30953636090849646,0.30931233942329767,0.30920576398083977,0.31013411732897084,0.30928803613991146,,,,,,,,0.309244538372102,,0.3094589446282307,0.3097837937219012,0.3096660486666011,0.3101273701096753,,,,0.333754735734813,,0.3333486500752809,0.33317146406408527,,0.33260882781140405,,0.32559512245390093,0.3259311785617304,0.3263073600042135,0.3261676636277987,0.32512102055637315,0.32606177467377184,0.25363125071319376,,0.25292504401478944,0.25109203316162604,0.251104965834677,,,,0.244795022905498,,0.23827533159974235,,,0.13548636477070208,0.1350642497612548,,0.042302798442090325,0.04228843251666536,,,5.3397225909676014e-05,,,5.370623836287182e-05,,5.372372371285088e-05,,5.361003031270056e-05,,5.388429850329905e-05,,,5.352056721237495e-05,5.358553122719107e-05,5.352110696905764e-05,5.349348368242994e-05,5.3454872559599254e-05,5.357207048370793e-05,,,,,,5.33854584594621e-05,,5.353978541279456e-05,5.338537967753249e-05,5.367407221727137e-05,,5.427699869336241e-05,,,,5.412294093692158e-05,,,,,,,5.435910663089546e-05,5.441074929588829e-05,5.450147343556383e-05,,5.425981738063522e-05,5.4465415067630244e-05,5.437396961608182e-05,5.428442784639772e-05,5.417331626502463e-05,,5.415912967837572e-05,,5.412162525792825e-05,5.416440511663724e-05,5.422275417441811e-05,,,5.4160764684387334e-05,5.4133340427632134e-05,5.415439852796145e-05,5.422286831258598e-05,5.433989183881499e-05,,5.438062712463719e-05,5.412239078693607e-05,5.4151202001401057e-05,,5.4310846945959586e-05,,5.4021430236572493e-05,5.429555447243375e-05,,,5.414308491653751e-05,5.4001476338618547e-05,,,5.4045506378057854e-05,5.426673727238372e-05,5.406495364032777e-05,5.4112307470090905e-05,,5.40417553333908e-05,5.4043547539554736e-05,,,5.419032658781027e-05,5.411331026493648e-05,5.424175702187056e-05,,5.418842649384847e-05,5.4265541569029364e-05,,,,,,5.4192433637580175e-05,,,,5.432368105873069e-05,,,,,5.4169985995344436e-05,0.36113483554235776,,0.3599639026810137,,0.36043831338034366,0.3605192435989397,0.3616817211476886,0.3605504752830472,,,,0.3605557560075732,,0.35998458569536507,,0.3608226219668901,0.36009843793441104,0.36143677103902505,,,0.35931474134546154,,0.3614592515124022,0.36088648814177937,0.36102221117692573,0.36120172502201164,,,,0.3595833029446075,0.3604150132798885,0.36074349375656395,0.3621994103941926,0.360863942714528,,0.3614486857625528,0.36067406611044595,0.36134528610135547,0.36145438536689484,0.3589432511646639,,0.3598137392888472,0.3594719408721719,0.36002447551303585,0.36021126322047664,0.35825390408624386,,,0.3598637793501267,0.3602726209919594,0.35964798199493714,,,0.35991245363662777,,0.3603669336276235,0.36006395015947174,0.3609689955166742,0.3607572695083734,,0.36042164618034833,0.36045498578247087,0.3617212584170612,0.3618569406265227,,0.3551736423409241,,0.35899578798013826,0.36167988481597585,,0.3602277405001462,,,,0.3601863746198873,0.36019241175333117,,,0.360542806643793,0.3611214500362571,0.3615915878194188,,,,,,,,,,0.3605606532120954,,0.36019284908093224,0.3607308370992684,0.36046838241588597,0.3610721470730554,0.36047027874930876,0.36068277919690406,0.3613503609327629,,,,0.360483002474766,,0.35995498983480634,,0.3602073357585747,,0.361013248091183,0.3610631353627859,,0.35973417495269905,,0.3589043242651788,0.3613545162563611,0.3606367505571789,,0.36103523716041935,,0.3595843401749404,0.35924769092894854,,0.35911573212656794,0.3602180263825158,,,,,0.13508350583886578,,,0.1351544535351911,0.1349002212196386,,,,,0.5750308695653614,0.5771774206654972,5.414482173744939e-05,0.6142976017352576,,,,,0.6134306951578931,0.615769043292448,,0.6126429923450653,0.6144732885652537,0.6145872138408183,0.6148896653276741,0.6141394708684474,0.6132715247759601,,0.6134318608828219,,0.6132062820580758,0.6134670275747414,0.6144293789990051,,,,,0.6113381751779573,0.6140377731572307,,0.6134543531240313,,0.61511251413771,0.615691749390474,0.614913795633166,,,0.6139238033387436,0.6123741436100717,0.615407140087265,,0.613720358674137,0.6126702221169645,,,0.6136365761043205,0.6135866178972068,0.615322190193144,,0.6137391745740229,,0.613402227813312,0.6134098782554767,0.6132064888910586,,,,,0.6134256482228628,,0.6121142639127712,0.613023282473534,,0.6138015684170005,,0.6139437740653496,0.6126288346460079,,0.6140347546602616,0.6132301125111043,0.6126625186853123,,,0.614671601314737,0.6125168166636464,0.6144729334462157,0.6141056049927467,0.6153676750239139,,,0.6128586198020278,,,0.6136399849120462,0.6140194160352901,0.6135587274718362,0.6143433550836903,0.6156868887650809,,,0.6134312763060088,0.616087913134536,,0.6131513949005617,,0.6132191099899067,,0.6144388040512642,,0.6137663513766297,,0.6130656565221846,0.6146382608318852,,0.6147168637800684,0.6137774266619844,0.6142674275942193,0.6132716232236836,,,0.6134613156374424,0.6141291387129798,,0.6110845110650958,0.6158611512414557,0.6119353822335671,,,0.6142682287065544,,0.6168121694581079,0.6152885326965898,0.614643311302534,0.6129180986358921,,0.6129343332705903,0.6150666994595099,,0.613658123874535,,,,0.613397650542027,,,,0.6153533018028943,,0.6148887280150471,0.6136368660004757,,0.6158587500494564,0.6126909953449678,0.6145292925681917,,0.6143063624108571,,,,0.6142920179072877,0.6130125990683042,,0.6155340586473765,,,,,0.6134927468322592,,0.61380098091873,0.6138335722310209,,,0.6141540604551905,0.6145268795994006,0.6146735402676005,0.6137653582631878,,0.6126554707205627,,0.6148301014049389,0.5338232210987679,0.5320645117034611,,0.5785040559232594,0.5792385469591197,0.57748948703117,0.6177345801905023,0.6207574060379092,0.6191466840302915,0.6176307974434534,0.6188227217174544,0.6176190517382307
4,4,DG_8pct,16,Z11_F12,11,3PH,175086,182019,True,3895.836028360836,3903.341525415402,3910.0396680028975,4002.3898044456273,3998.221600449245,23.916066827488727,4.464802370745407,4031.3936037216467,3991.0962757457382,4035.60263035281,0.014867819919696016,0.009742124176932696,0.0002948751215758073,9.390599106253777,13.961980666254037,5.635854869416512,16.44854333121605,6.2730312567630575,12.317351480541275,8.366790915921507,0.7444358713893583,,,0.747816843524014,0.7470467813727282,,,0.5943966533814107,0.594939769396818,,,0.6039028347217056,0.6028540927082396,0.6030104997111826,,,0.6030239624202993,0.6013678573642226,,,,0.5941114962369378,0.596315583727109,0.5986154462153497,0.5968425254140094,0.5985940303576138,0.5901419306093255,0.5874139848581973,,,0.5987241929398199,,,0.5998097647416519,0.5996316432654468,0.5716756310008874,0.5479431559655562,,0.5472191382731559,0.5439886655074291,,0.5442027487602561,0.5472145906033118,0.5463452625382017,0.5468549881557101,,0.546515769962482,0.5481757510987612,0.547997159051812,0.5458469521850134,0.5482465308326021,,0.5466440977127472,0.5468364791796743,0.5469535792761453,0.5452154625813246,,0.541236608081909,,0.5426456905669047,0.5429241786889859,,0.5343929315806036,,,0.5355571039381324,0.5360263350593687,0.5350210650228463,0.5349685160379082,,,,,,0.5348998676764186,0.5357709484804577,0.5350115116244708,0.534730682825431,0.5349826496810647,,0.5341228980673172,0.5361976284568554,,0.5336828527725461,0.5352722573730908,0.5015336875462216,0.5016818805107078,0.5012188271395982,0.23289476349667945,,0.23147581963954889,0.23123661117936894,0.23215234697665024,0.2313056316068782,,,0.2339533165040023,0.23319402783317145,,0.23349221581843096,0.23430805959728931,0.23385515092155812,,0.23329436576858284,0.23370944737365656,0.234102067688895,0.23413497763991378,,0.2329727614062289,,0.2343606502100988,0.23365427206149098,0.23374075211248282,0.23344112170174092,0.23365634203894958,,,,,0.2339255839673472,0.23399908248067688,,,0.23509577963478,0.23365692262557491,,0.23346548881258225,0.23330247985280628,,,,,0.2337833647362734,,0.23428256647029663,0.23366146947815644,,0.2336564472318954,,,0.2331554882152569,0.2330418064207089,0.23404649533777908,0.2334835161677144,0.2337969987273337,,0.23370609634568737,0.23406937922988286,,0.23338985384294228,0.23358049691661315,0.23422514357264013,0.23328875595468446,0.23374058936052253,0.23393936499494075,,,0.23375129047480359,0.2338091943425471,,0.23346264640261413,0.23375187493088012,0.2332768044987655,0.23418326666808617,0.2331213624451603,0.23293508215262188,,0.23334520335623782,0.23378372291669314,,,0.23443905192167946,0.2333957932686185,0.2339743073390863,0.23356049626690686,0.23354936423148992,,0.232989249923204,,,,,0.2336021796520393,0.2340516411165588,0.23433623737738948,0.2334741961663056,,0.2337369085098663,,0.23358751840928102,0.23452853522080894,0.23352237271063192,,,0.23440346162068296,0.23410564011611829,0.23442023267254225,,0.2342087877841902,0.2341550381670009,,0.23424488158740187,,0.23409551910001297,,0.23377053860876604,,,,0.23379751508302005,,0.23414541223566718,,0.23353901872688834,0.23332736704687002,,,0.2334098081294406,0.23392908229522588,,,,,0.23401852044825813,0.23416401492443586,0.2340047063591213,,,,,0.23360251696918247,0.2339706941022501,0.23385061507852511,0.23406724341293153,0.23348721900045846,,0.25838580402470185,,0.257962569860065,0.27650049475473387,0.21993557246583395,0.22051619523237725,0.2203911578989622,,,,0.22011225556457395,,0.2995232085070303,0.29885767317397194,0.2988554035129099,0.2986784249519804,0.2992316882057732,0.29951487703195884,0.2990174312739577,,0.2992897279378448,,0.29879332050531665,,0.29839123740578,,,0.29883406733109386,0.29848839277361183,0.29888431184791286,0.29974894054162915,,0.2994574710558266,,,,0.29961211325819165,,0.2983143993478041,0.2990928063806263,,0.29859647318382204,,0.29984146248172494,0.29898300465544686,,0.29997143220714334,0.2975725748311396,,,0.2987864309507834,,0.28198426304215457,0.2829103992756274,0.283601270664055,0.2842289973828525,0.28268123890444347,,0.2822847216232436,0.28269384123361074,,0.28336597581314493,0.28256802748383836,0.28312640142958656,,0.28279529380468676,0.28355200805428116,0.2841105126797676,0.2836569682691992,0.2822303347111723,0.28335078479683284,0.28315112338686305,0.2831754098305086,0.2837302692400761,,0.2824232864311953,0.2827993463938716,0.2835144821379132,0.2821380859461189,0.28300456981181327,,0.28352812918970016,0.2825815313597862,,0.2989325050293915,,0.29954620715119556,0.29872192683027493,,0.29814234181165755,0.29925239326202846,0.29848390707352224,0.29879844654398696,0.2986194577259508,,,0.2825366204559816,,,0.28331426293472844,,0.2820338154200408,0.2815376843283054,0.28268865205286425,0.28235854222168427,,0.2820223040916076,0.2813907921515571,,0.29802723644904333,0.29779306257652627,0.29854508634091265,0.298761320632861,0.2986968785741603,0.297977369186282,0.29876990859688,0.29803879314234233,0.29867638260730495,0.297932760127352,,,,,,,,0.2982362739344311,0.29858610439463507,0.29898303254148934,0.29888740924842777,,,0.29885010954373,,,0.2977476720191367,0.2991441864639183,0.2986854624937107,0.29910942403311525,,,0.28235931240975254,0.28221224801576017,,,0.28285586827013354,0.2829449794127894,,0.2829221994979517,0.28234860497310915,,0.28193866199603707,0.2819306878484124,0.2836881129708908,,,0.28245043205758946,0.28201277833950616,0.282758538676683,0.2831134264877757,0.2829963276762399,0.28321932494226004,0.2831183776058709,0.282626200472065,,0.2825649033967463,,0.28293627038981156,,,0.30758713882878513,0.3075628859699759,0.30718422029409087,,,,,,0.30137931796929596,0.301004288123707,,,0.3004123542552709,,0.2227537236361375,0.2225889403361399,0.22226923811735927,,0.2207245018702655,0.2201024885130994,,0.2150688323260853,,,,0.20977039519695578,0.09677513032266676,0.09658842298169569,,,,5.5359709894307966e-05,5.549082164311168e-05,5.5522653153085824e-05,5.556042925338828e-05,5.556223975981143e-05,5.568629754140268e-05,,5.559720009964684e-05,5.5626833078711646e-05,5.556295263463606e-05,,,5.598431838846343e-05,5.5927964633953466e-05,,5.555681203366611e-05,,5.540361673662924e-05,5.56094240081901e-05,,,5.575497737955309e-05,5.551860167618151e-05,5.558339597917761e-05,,5.559294064567909e-05,5.571371786077788e-05,5.559910544164298e-05,5.573027044647871e-05,5.568308182713699e-05,,5.567734497910755e-05,,5.63738671325619e-05,5.618083665970512e-05,,5.623154762580764e-05,,,5.655067517079791e-05,5.654515119173336e-05,5.645777006883025e-05,,5.653201615227264e-05,5.6404668970572924e-05,5.6428968759513157e-05,5.630364276635302e-05,,,,5.625361362134279e-05,5.624122574921858e-05,5.624103805510673e-05,5.618117425713598e-05,5.629973751503226e-05,5.6219204342781016e-05,5.624562965738039e-05,5.6426426646531944e-05,5.604490621741082e-05,,,5.626327779239005e-05,,,,,5.632270257665769e-05,,5.6183232807838146e-05,5.6298393912011315e-05,,,5.6342748371555214e-05,5.623778487115303e-05,,,5.618408403027644e-05,5.616809356577575e-05,,,5.624115031777293e-05,,5.617873137267737e-05,5.620211362862289e-05,5.618750827654266e-05,,5.622456384827581e-05,,5.630636364705478e-05,,,5.62476594822989e-05,,5.6235601543870826e-05,5.6194907632728935e-05,,5.630695399086063e-05,5.621462209002313e-05,5.637785356536769e-05,,5.624378736898438e-05,5.626141192497534e-05,,,,5.632206352713568e-05,,5.625494150269657e-05,5.623402821424767e-05,,0.3359382174121921,0.3372178976866174,,0.33676015594374065,0.3371655526810381,0.33790617312105686,,0.3368179715126836,,,,0.33683584783746434,0.3372771452015191,,0.33734857405598684,0.3374153837424276,,,,,0.33680802541941773,0.3362670072923269,,,0.33727694118742063,0.3366238890232942,0.33578367626682976,,,,,0.3374299375895609,0.3379167733311477,0.33737567877008307,0.3368433259061687,0.3369931279025478,,,0.33721717522443817,,,0.3367646085135919,,0.33670343971851574,,,0.3354302400185844,0.33577892094316303,,0.3368540287960158,,,0.3356101993922622,0.3371315936819492,0.33600471774796875,,0.33618345223378776,,,0.33678843777032735,,,0.3367100957702627,0.3375496923635142,,0.33183785988234277,0.3358416869980924,0.3348397028702132,0.3362912722173079,,0.3357797611674736,0.3367267352167989,0.33564739240482333,,,0.3370407732668235,,0.33710182876768297,0.3368708539975219,0.33683660256697373,0.3355348397865723,,0.3375714882780448,0.336553201578188,0.3372035102677585,,,,,0.3376097354383229,,,0.33615363036554924,,0.3361598116740998,0.33568704254450693,,,,0.3380711040401104,0.3378670268981967,0.33799276453615223,0.33636807961069537,,0.33558556033075426,,0.33654676681919793,0.3368345823769179,0.335201708974564,0.33708770890376416,0.33719933022106036,0.33564852822398106,0.33473587535995675,0.33623553399161354,0.3365446206138716,0.33517743021345936,,0.33608156718235066,,0.33611507957252085,0.33598106016179935,,,0.3367414297299092,0.33632634274793527,0.33619220491699026,0.33518597575408177,,0.09636072881479447,,0.0966552462716354,0.09660744864252173,0.09602021602298935,,0.5654321988713386,0.6228388680775756,0.5589251689951753,0.5590790253845,,5.6208670129626094e-05,,0.5981551497205227,0.5982638583423171,,0.5986107751708243,,0.5966137656101673,0.5973699856689914,0.5989546492002955,,,0.5988000828457734,,,0.6001577737423788,0.5981855372866657,0.5986289809521438,0.5986445057661829,0.5977798160050023,0.5994885896363443,,,,0.5997638536630392,0.5992965821497889,,,0.5989959519522965,0.5974817141994447,0.5987408630712048,0.5982971970280205,0.5996072708297658,0.5969123723165236,0.5983493651092634,0.5966845001976716,0.5962567497791708,,0.5985656856707906,0.5968967834449864,0.5977758985770738,0.5983982702075901,0.5973670433017725,0.599502512735689,,0.5995903127707354,0.5984494928231489,,0.6004853824568348,,,,,0.5986470267261877,0.5967563306417999,0.5984750394115707,0.5973789150106384,0.5992583986941656,0.5994806701235561,,,,0.5995575800680699,,,,0.5980994029846097,,0.5978443100114395,0.5953980722096407,,0.5983883895405603,,0.5970787918398094,0.5972026642965238,0.5967207198784078,0.5994306429900271,,0.5969609584702339,,0.5980966481192688,0.5976588138632171,,0.5985089984315517,,0.5985066658081066,0.5980147604765119,0.5969440626229483,,0.5980960805604307,,0.5978255278870467,,0.5983675038755913,,,0.5988045748990862,0.5981470138703175,,0.5967787452398179,,,,,0.598766660392492,0.5984377258482508,0.5985351451270934,0.599456044374385,0.5978313990200396,,0.5990198579333293,0.5983237941029917,,0.5982650268348613,0.5972101062695786,,,0.5978362519968142,,,0.5996780286275354,0.5969988405460476,,0.596620201846456,,,0.5984517321140749,0.5976158864190108,,0.5986523765052736,,0.5989935905866124,,0.5983322020009219,0.5995626179542782,0.5974587765522995,,,0.5981556498290974,0.5979062460612505,0.5973682963410079,,0.5979283089323246,0.5977670360606521,,0.5981986705983391,0.5966244152313689,,,,0.5971297934465399,0.5985298911418906,0.5973536147320251,0.5981878434215325,0.5981004180575734,0.5991508211866208,0.598749475064335,,0.5977242732291256,,0.5966246102356526,,0.5972562990300009,0.5964187310435182,0.5979813571992652,0.597482382822709,,,,0.5133811520899091,0.5151299806199656,,,0.5614409742279033,0.5625918345589748,0.6011498388992252,0.6028045272071502,,0.6033697317178741,0.6033001511828998,0.6024879720497879
4,4,DG_8pct,16,Z12_F01,12,SLG_A,182908,182152,True,2533.046319816805,2546.1050572712443,2555.98525238355,2742.2796162955133,2720.2687374093616,107.46600319124258,17.47305223280359,2861.9044274730495,2884.843644263697,3379.711164973121,3363.2513087716866,499.9547466303717,4.90891647766894,15.811938390571287,23.244896055180444,17.85224592186503,112.0155636503008,25.81447248800897,57.8883075940539,355.040636044536,,0.8075208728495603,,,0.8826781089477046,0.9615839704302659,0.8718007535561545,,,0.7153134251670429,,,,0.7188284224582285,0.8608554453281185,0.8617070863493348,,0.9564038714064891,,0.9544140112079273,0.7167414523123535,,0.7152664318539447,,0.7155919656057794,0.7175884717478087,0.7055263596149759,0.7072944821762482,0.7080689417885645,,0.7164827460607126,,,0.71555950728461,0.7156819182303791,,0.6908665409279867,,0.6911921285079304,,0.6970150228570302,0.6970874403848811,,,0.6970437702940467,,,,,0.6989334469261154,,,0.6973379154348481,0.6975947375615028,0.6980702742898597,,0.6979068374846402,,0.6752639730303072,0.864776285745047,0.9483934857275249,0.6703764579679719,0.6692594802718989,0.6688214174755882,,0.6718730913425233,0.6694107954129672,,,0.6719651982948603,0.6705288504397802,,0.6716244434519016,0.6704965348777038,0.670041640315857,0.671689457741524,0.6706480083798967,,0.6723513270983484,,,,0.6731987405479491,0.6704455038405702,,,,0.6675118543789107,0.9056829769291301,0.5922496516096091,0.5948516801491287,,0.5943748734099555,0.5939422298514084,,0.4494908915541041,0.4494455371302299,,0.4490631085074769,,0.4494620977016387,,0.4493960803161016,0.4492192312771054,,0.4476934921028588,0.44884041519187107,0.4498318004588865,,,,,,0.4505651274453367,,,,,,,,0.449517930657096,,,0.4495310205134814,0.44892125871504146,,,0.4487678868036967,,0.44994284102287546,,,0.4474659020572223,,0.4492671061956222,0.44848950594471454,0.44982099033865675,,0.9207882018218173,0.9194840472993941,0.9219502717175139,0.9230733482785871,0.91787243650838,0.922307801632229,0.919026491180762,0.9221174193332302,0.920376749493461,0.9193213280219125,,0.9225143294769665,0.9205220638425936,0.9190967432661248,0.9197799707246787,,,,0.922243708671356,,0.9182663483304335,0.9180565314988826,0.9190767750693247,0.9169642931565075,0.9194346776817489,0.9188194571655971,0.9211017929634827,0.9211514854122123,0.9177564213467854,0.9203632306262992,0.9181130962274003,0.9170435176834979,0.9170344364497117,,0.9180054603119355,0.9155830707708522,0.9181070324711905,,,,0.9187225571450932,,,0.9179976197249512,0.9081285615758048,,0.9070956430164738,0.9101134797550866,0.9096741404380962,0.9054456446219107,0.9088133386958067,,0.9109706878341746,,,0.9108507579854631,,,,,,,0.9109650123044205,0.9111896763128664,,0.9115673861536402,0.90713251312796,0.9098170247481004,0.9092250843041074,,0.909394485321403,0.9111477919006395,0.9089657667751185,0.9086329218727386,0.909167314635723,,,0.9097340230738094,0.9080700947621008,0.9096980567919072,0.9110516071708332,0.9120505788179922,0.9093873140920152,,0.909535064053156,0.9120729648232672,0.9085012080936083,0.9113259634969816,,0.9073370568809254,0.9111112265707638,,,,0.9104648579810939,0.9099531980697156,0.9096848482705402,,0.5962935962168062,0.5958859577614282,0.4778283669758713,0.4326874477224535,0.5898584258109252,,0.5890484458908505,0.5891683537857644,0.590670637964963,0.5886355451453916,0.4988457378050264,,0.4980820356732951,,0.49884314715101835,,0.49892050325008597,0.49880516353629006,,,,,,0.4985074071362351,,0.49963068383682213,0.49954024426251603,,,,,0.4974245112332103,,0.49813216203749827,,0.4981722705927558,0.4977426596853884,,,0.49826663109709046,0.49758618088336914,0.496603664455492,0.4984474036984915,,,0.4987571476821444,0.498072121959422,,0.4969042466251363,0.4976036873018944,,,0.4852931082063975,0.4866271758826711,0.48449905538872967,,,0.48529152805265147,,,,0.4862792551975811,0.48608851948661475,0.4865008557540022,0.485964090532266,0.4867953908774201,0.4856344403238589,,0.48473282136527135,0.4847637378570767,,0.4848974491269625,0.4848241948992014,,0.4854718046291409,,,0.486100333971498,0.4869108933593352,0.4858455318121371,,0.48513990186570516,0.924945818252206,,0.9241556745222842,0.9240846526886031,,0.9222105826935076,0.9242734634901631,,,,,,0.9228911291670646,0.922753039790306,0.9211188725923424,,,0.9245635539292273,0.9221615288394569,0.9251022661779184,0.9260477837168899,,,,0.9211585378941337,0.9212024521278083,,0.9247451653177596,0.9234734313930812,0.9230728095251981,,,,0.9235425002553174,,0.9231055301011911,,0.924166246396032,0.922471249328047,0.9241772167640997,,0.9227379897762007,0.9234040339404219,,0.9230666563101573,0.9237341802396531,,0.9236228550757483,0.9232372286163169,0.9257928270753093,,,0.9230167435841176,0.9255641585987345,,,0.9247951340816742,,0.9214978842488262,,0.9231522321963679,,,,0.9224519108602521,0.9250734646963883,,0.9222926544488826,0.9209890637923426,0.9206652920446106,0.9198049311760232,0.9196415882102726,0.9264197791915895,,,0.9243449792483832,,,0.924753030418034,0.922244892891468,0.9239921630644702,0.9222316347074833,,0.9237131897148855,,,0.9077423200601643,0.9110640418560212,0.9114348442267498,0.9106846133095686,,0.5060823148341804,,0.5060227952803524,0.5045984171195094,,,0.6232625107719557,,,,0.43450845360072077,0.9120863521920685,0.9173968532968476,0.5874776315558583,0.5858995479689739,0.5875601121662536,0.5725356438901964,0.574198325901575,,0.55681449018183,,0.5566299135751224,,,,0.24060045993105952,0.9459817432767759,,0.19784333186221179,0.9560847062935139,0.8992965887758636,0.9621275160952517,,,,,0.16285837194660355,,0.8993568910280162,,0.976069469811388,0.5505310161394662,0.5518299732710242,,0.5507943442952211,0.5513687765865467,0.5491641283985771,0.5510428907820196,0.5517129193897543,0.5500996577416832,0.549672030619516,,0.5516141797594428,0.5520333890356469,0.5516187483779489,0.5507566156292175,,,0.5501486489977611,,,,0.8911984966626851,,0.8891902817897227,0.026138612863076182,,0.026110148081745617,0.026096113776779572,1.0051791243060186,1.0023423207620556,1.007256414523629,1.0084704611226327,,0.8785117613517769,0.8795491121469736,0.8779817925186437,,0.5151072842480299,0.517050023735594,0.5163526350854623,0.5170019743591769,0.5145599029217618,,0.5167854908456608,,0.5167551001122099,0.5161322867474032,,0.5172255666390646,,0.5153192420471826,0.5165104658533008,,,,0.5146982532513686,,,,,0.5157752215308696,0.5160020104961288,0.5181166557290121,,,0.5162095511061641,,,0.5175906920713645,0.5147104265031881,0.5159828506502891,,0.5179495671382376,0.5165883443279463,,,0.5164493987629909,0.5173218537517768,,0.517461196477312,,0.5153927425461885,,0.5170890022434135,0.5165955875820465,0.5165528715575293,,,0.5167499334451274,,,0.5150513244393968,,0.5168792466881098,0.5159422831503706,0.5151636739497658,0.9109234509464167,,0.9110221094980753,,0.9099326897906227,,,0.9071130340885643,0.9090229118349807,0.9115610984217779,,0.9106157151754698,0.5283150709482545,0.5261974450133123,,0.5243428605156111,,0.5264956233511228,0.5252171493121942,0.525098067252652,0.5262299469402937,,,,0.5274991097102637,,0.5252148612471664,,,,0.5243700500571178,0.9112691910169682,,0.9101135753021276,0.9146884952552151,,0.9110073221696738,,0.9117950186139518,,0.9268920546287357,0.9239609033950774,,0.9227306628578162,,,,0.9236637582292562,,,,0.9229219707291559,0.9247002025429713,,0.5244709333358782,,,,,0.5246384675571028,0.5257926917141008,,0.5272341214876014,,,0.5193471617781764,,,0.9241932990410759,,,0.9224778071300997,0.9260542295100564,0.9255541784961253,0.9248506944812128,0.910948353204676,0.9093334145166805,0.9129396278095088,,0.9094807482767379,0.9136850359430515,,0.911063173937261,,0.9095890615249086,0.9120194536235912,0.9132396887754463,0.9100817440139661,,,0.9116556359166554,,,0.9081813503554049,0.9107370670281131,0.9131242307542685,0.9138664064228159,,,,,0.9093502072916463,,0.9250073370074103,0.9241741088967208,0.9257116532866351,0.9256124118887185,0.9266432645253967,0.9224268059492166,0.9261558199898113,0.9218105947308339,0.9253279068433542,0.9218438903949292,,0.9255497381667337,0.9236292005285069,0.9258658765987894,,,0.9250712657487893,,0.9256187930200648,0.92595616401322,0.9256017072932203,0.9235108663385829,0.9229161770138993,0.9226993292717829,0.9233369752261302,,0.5350274165937308,,,0.5371718393134011,,0.8693738388381469,,0.7057577618048319,0.7073266706318804,,0.03437759751297003,,,0.715708727365619,0.7147893325078587,0.7157028088533909,0.7144664609360606,0.7157244960077552,0.7150417736502627,0.7185096218013161,0.7141316733384732,0.7157792175390914,0.7166117313681983,,0.7139545825731977,0.7146224273548318,0.7180735160618361,,0.7173815148985261,0.7181847856584803,0.7147111752327642,0.715647895128237,0.7160792000267943,0.7152051232998292,0.7135131698652356,0.716778492216002,0.715769443588952,0.7179692173478469,0.7161106268244537,0.7171754438160407,0.7175315726342085,0.7166873364395837,,,,0.7152260514935638,,0.7177406573111964,0.7176859101519858,0.7148726309444683,0.7169825190220347,0.7153000067268309,,0.7165613869878313,0.7171677251206833,,0.7142107885587811,0.7165975436924612,0.7170706046062741,,,,0.7150578758834835,,0.7147793137108078,,,0.7160572867277412,,0.7159150739184886,,,,0.7184564263939683,0.7164964044251071,,,0.7147064468182397,,0.7168954635394226,,0.7150271266953295,0.71537805922531,,0.7171430843263674,0.7140287386824206,0.7162255316014815,,0.7157647049113669,0.7165735443512833,,0.7158580594379418,0.7132417373638291,0.7160104344037327,,,,,0.7150525189499807,,,0.7172195714881078,,0.717553037465534,0.7158111434631786,,,0.7145872743849528,0.7172385723142822,,,0.7146410205949151,0.7170766066219381,,0.7167306616131862,,0.714782731715789,0.7153661098505764,,,,0.7165341038359236,,,,,0.7174242790019826,0.7150835025515346,0.7142706902376587,,0.7166641892776828,,0.7149807450131487,,0.7171692149196764,0.7162756526940584,0.7160692139780296,,,0.7135423670179867,,0.7156863564072328,,0.7132430438922864,0.7147838918458516,0.7150414175116169,,0.7181898020311048,,0.7147591873455622,0.7148940698465224,0.7165299911097438,0.715958065393712,0.716344020417166,,0.7147661467656811,,,0.7162610120101733,0.71547045918586,0.7162408324365616,0.7154730592212858,0.7163237832446918,0.7162997812694445,,0.7152279806359204,0.7155793099787795,,0.7162950528041958,,0.7162995316824033,,0.7159591359331039,0.714917557347594,,,0.716034668458195,0.7160468777729687,,0.6712339279114915,,,0.6911405114718114,,,0.7205562935125245,,0.8589454284715443,0.8606423933771808,,0.9585470052145577
4,4,DG_8pct,16,Z12_F02,12,SLG_A,235187,232294,True,2435.3991178070905,2457.590937367142,2464.714857180562,2619.57053483219,2609.737426055718,105.93900801551767,17.6961455146854,2765.664826623892,2773.291093436795,3251.617890996298,3274.1866072886246,490.3966608037356,4.901598980288389,15.232101077247304,22.08041538817563,17.93500828968027,109.98487741823824,25.757108300322077,58.042851177552954,346.61690380892946,0.8107935140565989,0.8106752608236215,0.8131435083961528,,0.8874295331833534,,0.8697843491639372,,0.720710446621013,,,,0.7290776341748777,,0.8663753251036453,,0.8644690671490809,0.9582190266937389,0.9598163415209034,,0.721914420921203,0.7213020372966805,0.7198339162304205,,0.7231266318831522,0.722027560397576,,,0.7133376862159708,,0.7212348120418275,0.7224347302279649,0.7207795582143546,0.7228386083209847,,0.7098638238301533,,,0.7000070808846007,0.7052291212119158,0.7049580463140098,0.704211527013379,0.704433632250477,,0.7054716444622361,,0.7057901175767971,,,,0.7052740442669941,,,0.706681907645644,,0.707171050302854,,0.683273126064625,0.6857766968549687,0.869738815226704,0.951120535720328,0.6800782338576301,0.6813806164235201,0.6815745302952159,,,0.6820485332762881,0.6796718795458911,,0.6807784083955183,0.681394180538914,,0.6806560557648621,0.6857905767597434,,0.6829791527460136,,0.683588975021238,0.6810633094265177,,,0.6822342366105318,0.6810934652825802,0.6819438418479568,,0.6769859662617072,0.6762964570252519,,0.9054386052591482,0.6007935032731782,,,,0.6000068472611065,,0.46853738127021327,,0.4684198326130288,,,0.4702366011179153,0.4680928491162814,0.4676143632413848,0.4680223885132142,0.46821034044326,0.46829932514515854,0.46841040712752796,0.4682949315442813,0.4704257586903763,0.4689682720422102,,,0.4693566097700279,0.46953379713635063,,0.468323254778672,0.46797421326389055,0.4692063744509731,0.468810393593382,0.4693547753322405,,,,0.46848042882797797,0.46863015736066527,0.46857773576995376,0.46804572095548513,0.46882193485344975,,0.4668137689628986,,0.468841330414104,,0.46833300209157397,0.4690023966006503,0.4684903791566541,0.4676610480919936,0.4681242587165073,0.9250122103727835,,,0.9238894924703862,0.9231473188450107,,0.9243291030167952,0.9227946017459497,0.9242222441925801,0.9253389720349852,,0.9257332398508515,0.9233930278211718,0.9235818687107027,0.9268654806256824,0.9220961250599428,,0.9250696012104389,0.9233457828387994,0.9283886742247541,,0.9224495222115091,0.9234878895444051,,,0.9257003311753197,,0.9249693759663168,0.9250011966672227,0.9257762958135936,0.9253130823571084,0.9241497969894295,,0.9241956751321186,0.9241963683411863,0.9223293364753938,,0.9254273233027914,0.9259852691574396,,0.9241471167534965,0.9244693681578448,0.9244668236927959,0.9240489593146368,0.9251373482292893,0.9083787157784026,,0.9093795280790775,0.9091152598862715,,0.9083852046496176,,0.909731945979212,0.9119385082094561,0.9092826373476568,,0.910910918762227,0.9066075628367466,0.9100317827864999,0.9101800767563719,,,,0.9087204189522342,,,0.9101746632380125,,,0.9078304797899218,0.909359180327767,0.9095368171833634,,,,0.9087597236500196,0.9097328231472697,0.9059849475984144,,,0.9100756182938682,0.9100335557954778,0.9100089781986874,0.9073766231791632,0.9110602150142761,,,,,,0.9108074600405,0.9111608411202811,0.9090064860354373,,0.9136859920902641,,,0.9084167529320001,0.6033377284613769,0.6018239843946226,,,0.4518272484063984,0.5954904273174338,0.5977987948740765,,0.5968528409087243,,,0.5162368730502276,,0.5167702224755054,0.5159205097865005,0.5167644712503108,0.5152995493496578,,0.5162236412751458,0.5165411804245805,0.5154297048268509,0.5166532435993906,0.5168295297492568,0.5168072012155518,0.5156957203823627,0.5158307522771167,,0.5163562974731704,,,,0.5163466831099294,,0.5150763825437255,0.5157186616147693,0.51524059406382,,,,0.5145432038413488,,0.5155925930078402,0.5158828286330804,0.5146806042856782,,,0.5157122264435917,0.5175923932274622,0.5161465474929431,0.5152987545764225,0.5149322883388036,,0.5033152024830092,0.5031954891744722,0.5024363492650247,,,,,0.5038195704752533,,0.5042940069945635,,0.5032975704336478,0.5036511622254682,0.5026890809708144,0.503192386394566,,,0.5025884873518479,0.5033292476079784,,0.5030958443184262,0.503724524302155,0.5028130832846878,0.5041043371531494,,0.50095052149598,0.5030889471184832,0.5016626081152122,0.5026413147161946,0.5037683243967258,,,,0.9274641183323611,,0.9260745844342546,0.9308698880212393,,0.9281663905035401,0.9283791148988776,,0.9303287740360561,0.9257729505912309,,,,,0.926829702693261,0.9261412172880892,0.9274299870085719,,,0.9288164594782873,0.9245727597304915,0.926858215194146,0.9246518109604264,,,0.9295707125387079,0.9266006049232735,0.9284684427720673,,0.9282884879390518,0.926483470744263,,0.9282682986803064,0.9273180419276715,,,0.9274465079060321,,,0.9287536260653196,,0.9255689080654568,0.9273495079294855,0.9284884261485571,0.9263181438378685,0.9283787519473117,,0.9291108518064534,0.928633327820276,0.927235373730492,,0.9289517066072727,,,,,,0.9276295176353377,0.9258101880796257,0.9265938461781509,,,,0.9275202569644012,0.9282810157335066,0.9274371608312472,,0.9268236433561241,,0.9284368259054506,0.9247522883014883,0.9268441928436054,,0.9266352024592791,,0.9298201655878127,,,,,,0.9237188102417612,0.9257853299912455,,,0.912674194751173,0.9089422897364191,0.9128878244659498,,,0.5213697757277765,,,,,0.632269011450207,,0.6301077831168317,,,0.912907673706166,0.9230519163843476,0.5934272353289389,,0.5946937138106356,0.5806774150123051,,0.5805849685279697,,0.560817112125644,,,0.9221756404524389,,,,,,0.9534818861677363,0.9074438514988618,0.9616103702784228,,,0.9612481685596436,0.9592225441137882,0.19274654787397524,,0.9027570961089381,0.9792312648638452,,0.5525239125359539,0.552085480551924,,,0.554538691716486,,,0.5539932087727159,0.5532206560726698,0.5531115966009096,,0.5528308521552115,0.5535321450549048,,0.55279872611129,,0.552571875761127,0.5522659795773376,0.8945792182715032,,,0.8951226545527069,0.8965988792161128,0.8975746057612108,,,0.05993611867040223,0.06000940673109823,,1.0029955194727125,1.0044690147835542,,0.886069653514029,,,0.887472783444954,,,0.5346600157767267,0.5372373646264315,0.5341654084572464,0.5356810491693274,0.5332216076606859,,0.5335257226501884,0.535568859467682,0.5335929983214917,0.5338159010029706,0.5338711114381754,0.5352931776387618,0.5342262507681751,0.534700976495717,0.5346859335016197,0.5350367635789893,,0.5347205741300867,0.5342297964934393,0.5346678089221202,0.5350330163754613,0.5350951453257125,,0.5342143268063915,0.5330169954724714,,0.5337820018194457,,,0.5329667181621554,0.5347477562908569,,0.533659451230103,,0.5339103188567009,0.5354019550621946,0.5337728973213081,0.5350447506652717,,,0.5342966083075461,0.5321705815418726,0.5339769536166853,,,,0.5345201497859097,0.5332857352537882,,,,0.5324982133197476,,0.5350639867883489,0.5323034868870214,,0.5340094796523948,0.5346121879207789,,,,0.910368266949843,0.9122651619228883,,0.9131822327892083,,,0.9097073584103369,0.911156916167617,0.9115770241814942,,0.5422264627172172,0.5417906157172284,0.541931456117439,,0.5428358742418871,,0.5428418107199002,0.5439392012249165,,0.5421884978645466,,0.5421420824300526,,,,0.5418788098471493,0.5420581144726785,,0.9122167134947797,0.913201720369246,0.9138772785694589,,,0.9117368417254458,0.9117683265799897,0.9130098365333963,,,0.9267527678288174,0.9290134092569007,0.9301430243486172,,0.925957013289901,,0.9266814307184635,,0.9261181101965725,0.9304024431561536,0.92940221186186,,,,0.5402401875649082,,0.5435079941077797,,0.5403493813512807,,,0.5437712197188481,,,,0.5402749246375391,0.5416610635063123,0.9282969441941559,0.9267667346982146,0.9292774018437305,,0.9282654827601484,0.9281451284444344,,,,,0.9095864564693585,0.9121163082432523,,0.9135184027701919,,,,0.9104149194211356,0.912843165689528,0.9112021340069878,0.9125042468323419,,0.9130230926299088,0.9121546609711849,,0.9136891432394576,0.9112801226565223,0.9112242633289058,0.912235218969757,0.9141426775038832,,0.9112971548833483,0.912888042558978,0.9122105510970868,0.9300820210978863,0.9337061074466472,,0.9318077821760016,,0.9299869166042242,,0.9317686785060872,0.9276353545689008,0.9304279571575699,0.9292966909897421,,,,,0.9294966047095459,0.9283818187472856,0.9289866535718737,0.9275226716383337,0.9283959658716081,0.9277716979881547,0.9313005026887397,0.9281118633933232,,,0.9295418720830231,,,0.5443115740052797,0.5440450632759636,0.5435248773893242,0.545146895027,,,,0.7146197441234106,0.7131798975187527,,0.7237299327213453,,0.7229925734657013,,0.7210080224159428,0.7221656769654397,0.7251118307694112,,0.7220317409751222,0.7203451377755085,,0.7232507219615454,0.7237738143159796,0.7225441723974495,0.7213899037501634,,0.7206387186564802,,0.7249391647699398,0.7235212534752047,0.7230702100467931,0.723027809902663,,0.7220015662816998,,0.723640956855877,0.7222187839697726,,0.7234849326819797,,0.7221459384636032,,0.7214779663801261,0.7214138429549787,,0.7245337233595897,,,,0.7223825054278148,0.7228767145504845,,,,0.7213845253901101,0.7224620427056176,0.7201343499770361,,0.7234686168446673,,,0.7237935938761159,,0.7210420878801945,,0.7223203049160889,,,,,0.7214715672615769,,0.7225225789824052,0.7231991201037146,,0.7211479038868139,0.7208234831459958,0.7215265042412682,0.7225845339334636,0.7215881571843529,0.721591211576503,0.7231277869472301,,0.7220432519446526,,0.7244051530633513,0.7236453571472251,,,0.723321599809636,,0.7241453101832833,0.7229384958456699,0.723219186612366,0.724410708004527,0.7235339646287637,,,0.72388972074692,,0.7220912878206441,0.722886876830036,,,,,,,,0.721848382887552,,0.722631167721829,,0.7237642858153225,0.7214806402076954,0.722813316350861,0.7216675141162416,,0.7226685598232837,,0.7217507335258063,0.7245553813462957,,0.7216957282506727,0.7236652634693143,,0.7213610974154482,0.7236470503702601,,,,,,,0.724001844978046,,,,0.7215569371633999,0.7215452220186369,,,,0.7237627569002141,,0.7196544374987242,0.7239362745656125,0.7228553471386081,0.7238425436615138,,,0.7212184738771137,,0.7223942477223039,0.7201292863888085,,0.7227869100637714,,0.7228444248788345,0.7233404866954438,,0.723960405695174,0.7235574561743768,,,0.722917645608061,0.7219885871229694,0.7216465520058198,0.7249183267651573,,0.7217222427702576,0.7223472381830942,,0.7227202341424616,,0.7223284789200486,0.7218486796622687,0.7227207606155295,,0.6806590250148655,,,0.8664930971586603,0.9536441271007101,,0.7271860641677599,0.8639770371025112,,0.9584940710561282,
4,4,DG_8pct,16,Z12_F03,12,SLG_A,175093,182023,True,2864.4292043714363,2900.659755096887,2907.599573548074,3097.074843291381,3070.366016361923,123.19873980250385,16.750917980337572,3287.428538867804,3274.949451703804,3857.5154419916043,3865.760586582415,457.76380085929753,4.871050958592109,15.58478668626579,22.885964736546157,17.299893447176927,131.00494583266445,25.943155297490662,55.34561894843757,420.8382961182134,0.7932837277548901,0.7960243646938185,,,0.8761165565203884,0.9606502795986653,0.8660726449133759,,0.6916885188048156,,0.8456801246741046,0.6835816181472656,,0.684966099042474,,0.8584795147999148,0.8600360522588414,,,0.9488284633284805,0.6923619548113632,0.6951689605511331,0.6944294094989152,0.6964357312655148,,,,0.6852380463384544,,,,0.6945003850545309,0.695479963957677,,0.6955343985869068,0.6606688546568252,,,0.6729193142151361,,0.6755901675768171,0.6743919820705311,,,0.6768848656093787,,,,0.6776457307843534,,0.6761622352770637,,0.6780589449328756,,0.6758597955056036,,,,0.63422923419409,0.8638592457142361,0.9432143212010589,0.6267301956539646,0.6267953643696346,0.62693542997179,,0.627584226120415,,0.628371930087565,,,0.6291573589808042,,0.6272919901785351,0.6286124079764713,,,0.6277346776583247,,,0.6270877286071432,,0.6293396598755181,0.628016239403669,,0.629449929078622,,0.645462315142651,0.6445265645478314,,0.5744917411838663,0.5740575105085184,0.5771692233841554,0.5749753192965321,,0.5754152724416465,0.37121575879584107,0.37118197727100866,0.37055946254659095,0.3713544715685577,,0.371306497859786,0.37032958937807203,0.37132903042542337,0.3703920098407769,,0.37158539381365885,0.3709858967607126,0.3703839203151758,0.37177787347288527,0.3717816657517743,0.3707873276322992,,,,,0.3702895832684864,,0.370410815416412,0.3704164001530388,0.37136820925457636,0.37148917175023993,0.37134742914695906,,0.37056587093871,,0.37170113438493463,0.3703567173621242,,0.3703044290041912,,0.370586803488121,,0.3709703501912073,0.370552965121917,0.37028757159173115,0.37182915786633997,0.3715631515169184,,0.9089051140212813,0.9090302732503763,0.9067416836733037,0.90912256265885,0.908379198715696,0.9092207646465575,0.9070876704649724,0.9076063867238079,,0.9094026954885868,0.909237358515122,,0.9071078796534152,,0.9078282038943197,0.9090429961654592,0.9101478511779165,,,0.9079089744403545,0.907272740210399,0.9105137468897426,,0.9087185747062886,0.9095048636729708,0.9100903669962424,0.9083782688946974,0.9068507688552355,,,0.9087674127975327,,,0.9079361980955707,,0.9075537812781379,0.9065550707220613,,0.909079301093664,0.9064293346340404,,0.9057399785261919,0.9073462481796354,0.9064880653250336,0.9066531641688231,,0.9174822958627952,0.9171179893036817,0.91645081433983,0.9187937402981825,,0.9162130978930153,0.91600919929134,0.9134005839929246,,,0.9183844716136311,0.9159935014960653,,0.9180177192333625,0.917148016480446,,,,0.9183380275982187,0.9143094747832732,0.9161105524547501,0.9124653312190414,0.9157065066390991,0.9184903012671843,,0.9156294021028156,0.913464443616243,0.9146484241781762,0.9141267996775769,0.9144175362026781,,0.9150135937811327,,0.914660057564929,0.9151309030995406,0.913809446983827,,,0.916961745933869,,0.916013033370543,0.9157134405048175,,0.9146027516147723,0.9157974421083706,0.913523044664181,0.914779094216696,,,0.913178913865063,,0.915684534104993,0.5768221040611033,,,0.40590103212404316,0.350059418831596,,0.5707152197390489,0.5728113554595178,0.5716994873718216,0.5725938881414104,0.5722520907414183,0.4286176037208152,0.4297838911934585,0.4293252597333164,,0.4287486409768469,,,0.4305697239117011,0.42955794938122716,0.42920194187190036,0.42988563115397377,,,0.43054712006282847,0.4301144480484079,0.42909533512563097,0.42947438239959573,0.42831659303629005,,,0.430125557442659,0.43011996766771315,0.42876611618746524,0.4281604397521264,,0.4273562939952547,0.42875877241315097,0.4288529187049925,,0.4295898283108312,0.4292735013099247,0.4292744429990836,0.42949043548207017,,0.42976415368855814,0.42920581760200643,0.4296363267138251,0.4279237610180478,,0.4307154952330226,0.41186936277413183,0.41237653378370864,,,0.4135774194695409,,0.414061298057865,0.41321744423473433,,,0.41268092901164166,,,0.41377247433876635,0.41256618424774966,0.41321656429207615,,,0.4131722943715166,0.41373937395339566,0.4149505618570188,0.4144114635538367,0.41208317083173,0.41327552395082334,,,,,0.41302557205394813,0.41298487128480854,0.413139303274402,0.41377399250058344,,0.9128139205170003,0.9123955308165905,0.9160460645875035,,,,,0.9130532288373591,0.9145283454656978,0.911939671658958,,0.9107742996376509,,,0.9124282051928321,,0.9086112219309112,0.9113381565849784,0.9130861406746632,0.9126787000137734,0.9101554293099116,0.9102046525823558,0.9108179250027755,,0.9097717128402285,0.9123210815188857,,,,0.9127041718681241,,0.9126934921230764,,0.9131963311217404,0.9132163706336609,,,0.9140169500944485,0.9124552417257882,,0.913416144143426,,0.912121444206456,0.9137144293812474,0.9124850651440034,0.9124396006970398,,0.9151697890150223,0.9135016367003745,0.9158061158247832,0.9132193449509346,,,0.9133781423988355,0.9154171006998575,,0.9113198705761681,0.9112161860308486,,0.9147522898456535,,0.9111766170298377,,,0.9094750534612718,,0.9121237529300011,,,,0.9145911399490392,0.9138885140456927,0.9123965828674447,,0.9132627672706538,0.9119132807085545,0.9110423031639409,,,,,0.9128830936372272,0.9135929064369653,0.915176676047623,,,0.9149812195945611,,,,,0.4378420734145382,0.43857896636707266,,0.6060186676036764,,0.6074701628617784,,,,,,,,0.567439763409073,,0.5529933361231201,0.5548901970941128,0.5549989267516823,,0.5368308375165765,0.5361648069561454,,0.9304962638312805,,0.12271055564095255,0.9541958253691449,,0.07301912870346002,,,0.9703380338844961,0.9668735314083173,0.9667392697884836,0.9676937511852861,0.9683686398499041,,0.9693594084125536,,0.9824763862300023,,0.5180844129859172,0.5199045789023489,0.5199069346081205,0.5196150565750061,0.5191199646891513,,,,0.5182327112035979,,0.5187553500053155,0.5188281414227734,0.5194812657182918,0.5184656864391856,0.5186493493627125,,0.5199250230829341,0.5179246008399206,,,0.8828982491267803,0.8827761057416147,,,,0.054810013608814996,,,,,,0.9908142419852447,,0.8770394246126574,0.8770111957393657,0.8762785585391316,0.5252933491743972,0.5252614450502713,,0.5243902956022112,0.5269846791388081,0.5253581781481049,,,0.5234009413875997,,0.5256701612202457,,,,,0.525839709432439,0.5245630364577302,0.5257478317674398,,0.5232483658952805,,,0.5257005930470804,0.5252287203658517,,0.5251190458322467,,,,0.5244034035999611,0.5241881258281708,0.5248942865140518,0.523847196372987,,0.5240949206463724,,0.5242746322030227,0.5247739831967912,0.5247441326468039,0.5263912692052943,,0.5238872416140518,0.5257924979895003,,0.5245773223123358,,0.5252724774436088,,,,,0.5245114583561085,0.5248283947352862,,0.5236280286161843,0.52477130640272,0.5258516893697343,0.5231033159685333,0.524795950697219,,0.9140190355132509,0.9145536084619075,0.9165771744254259,0.9112472162156009,,0.914412050047975,0.9138124961392923,,0.9153139285697557,,0.9155449224886418,0.9145611008093593,0.4637185696850389,,0.46183105661059276,,,0.464306305251207,0.46213312825056585,,,0.4626082979959723,,,,,,,0.4627748914030807,0.4613123403530477,,0.9154750580491392,0.9143090875762176,0.916799788596399,0.9159065401057476,0.9178504891144862,,0.9165796765780428,0.9176684791697561,0.914590367095163,0.9123405732861094,0.914944972082677,,0.9132478060700661,,0.9135309797000652,0.9106454140723318,0.9121756188958766,,0.9132305702376973,0.91145741757669,,,,0.4625335262819748,0.4618179422066701,0.46247581190192255,0.4636478799832177,0.4631061647480262,0.4640321625050634,,,,0.4627722320285904,,0.45708137774052826,0.46047559078012607,0.4620093914263147,0.9150369336035338,,,,0.9129631184843321,,,0.9155777827161373,,0.9149233180511405,0.9154424757726698,0.9181441743720553,0.9122291630221752,,0.9145186501924252,0.9170480793214566,,0.9154508503080879,,,,0.9155105143642108,0.9146229237999676,,,,0.9160092495904935,,,,0.9160261118883445,,,,0.916768682990762,0.9145663377008394,0.9174281543705448,,,0.9157106030714007,0.9113965078324424,,0.9175975061230898,,0.9124757884635935,,0.913828235018864,,0.915610922979237,0.9144789134792063,0.913889647062075,,,,0.9139424246835653,0.9120386019204433,0.9134100773364376,,0.9135420791090082,0.9141945248870507,0.5210801703997885,0.5239858065027535,0.5226005261143273,0.5215393296007528,,,,0.8581844495605337,0.6860337612617949,0.686008211589384,0.6830986592633176,0.023377127909928574,,0.6943216313997144,0.6940079052947805,,,0.6935622150392405,0.694225090055242,0.695994523835609,,,,0.6948669906032947,0.6949548934685906,0.69464768076788,0.6944514433143558,,,0.6927902992164982,,,0.6954508545806041,,0.69424699600612,0.6938099314644691,,0.6936434303205347,,0.6940200480536186,,0.6923275537177003,0.6955958660163195,0.6952135376142935,,0.6948010871377281,0.6946056802881894,,0.694763883135073,0.69559900287812,,0.695237202096109,,0.6931457372833661,0.6973900769593027,0.6944896017627321,0.6932801243559387,0.6958037403415349,0.6939472238454947,,,0.6953191506159462,0.694352488524669,0.6943876038400778,0.6957199335380629,0.6933563110897757,,0.6939112536634513,,0.695335420711974,,,,,,,,0.6947741666260117,,0.6939640302943172,0.6951991455898529,0.6954091358412711,,0.6940154948887081,0.6961920566047763,0.6956584779006844,0.6944685179743572,0.6929038198785319,0.6943466525566518,,,,0.6965468745059922,0.6949307553094055,,0.694386023616436,0.6939967904366986,0.6966188972327463,0.6956458317916389,0.6929771815897845,,0.6958616739966406,0.6947953645933314,0.6969630105794041,,0.694295209399929,0.6954694015042534,0.694111216794675,,0.6941750214598092,0.6937994389837492,0.6953873223356118,0.693961769196946,0.6939936951799842,,,0.6925677416700424,,,,0.696055443678963,0.6934192061528425,0.694727640413807,,0.694872337236392,0.693052516425626,,,0.6956679864040567,0.6942057550299117,0.6940421168341057,,0.6925313084366785,0.6965540767515683,,0.6944237339878715,,0.6944190000647189,,,,0.6936976247950651,0.694344576685925,0.695805494631311,0.6955317318800306,0.696229403276081,0.6951948449059328,0.6950841583582601,,0.6943715003898637,0.6918876049596174,,0.6926474151040389,0.6964043487226191,0.6953048149275441,,,,0.6929522667887779,,0.6944405543769847,,0.6955663880576196,,,0.6948890131003406,,0.6924378918583489,0.6938190332882742,,,0.6958309628572915,,,,0.6931994972743645,0.694648187954083,,0.6943369522292024,0.6966191651669774,,,0.6519427483721847,0.6515081838918476,0.8617365501604366,0.9439305910439683,0.6862566227196213,0.6839830635891383,0.8585288894543132,0.8564743874941256,0.9490423812140037,
4,4,DG_8pct,16,Z12_F04,12,SLG_A,175088,182017,True,2967.511944313638,2992.8997163036993,3005.0649793088573,3178.141956195349,3172.432801697523,127.0631098166063,16.763776391599304,3384.580004106616,3371.3802282534857,3989.7713154807975,3988.393095779234,449.0469461185626,4.854087130272019,15.542474487699321,22.807063533163728,17.074041561022057,135.44648609801513,25.789521869168382,54.952668899140804,436.02696044407253,0.7909379950104959,0.7925155413150035,,0.7968127932335486,,,0.8636570197045506,,,,0.8427443303654584,,0.6770871746714019,,0.8595991298581126,0.8559041640299632,0.8586149375954919,0.9491221804309817,0.9453888068536468,0.9470080598636672,0.6893342521025416,0.6869698758776276,,0.6895131812359178,0.6888348819985618,0.6909160781530853,,0.6815549698993579,,,,0.6914889243673173,0.6904694233315615,,,0.6504146266637046,0.6666866426459606,,0.6646743935505761,0.6700577776272899,,,0.670178764591722,,0.6705750592221812,,,,,0.6727047081311776,0.6698192604593736,,,0.6722249226541616,0.6703858989533161,,0.6715708781199949,0.6223762557205915,,0.8639062350634537,0.93962956126755,0.6164794180223574,,,0.6172432367331944,0.6183749986214576,0.6171871053981611,0.6179308320642805,0.6181508281213534,0.615934518110509,0.6166780661210793,0.6186109413538601,,,0.61734498368775,0.6193966288243101,0.6168176737937201,,0.6148421751865656,0.6168287292052361,0.6164472228505736,,,,0.616902312216405,0.6386200474429654,0.6416859965236161,0.6389167365526867,,0.5724687300914895,,,0.5721743358347713,,,0.3506550800306061,0.35266721150072444,0.35208554788890234,0.3523123051418054,,0.3523860799266607,0.35080267974190954,0.3515572057640936,,,,0.3512501808579322,0.35090943280364373,,0.35206350607063414,0.3521735486255336,,,,0.35266531346099744,,0.35096513486664216,,,0.3515574878233048,,0.3509934966070166,0.3510993022253359,0.35150924487778157,,,0.35152045009232186,0.3504874039783089,,0.35154845838472976,0.3510676688729863,,,,0.35128026915941896,0.3515508955302288,0.3508953837266866,,0.9042777951996294,0.9040366482175055,,0.9074933993680008,,0.9054539013075293,0.9047733121204583,,0.9047971292551111,0.9076657964454101,0.9045473500319318,0.9057359810540087,,0.9052016892089013,,0.9053323543822023,,0.9083845689422887,,0.907605456489097,,0.9086094666472738,,,,,0.9061226979260142,0.9033767455252532,,0.903085195640012,0.9063407932948833,0.9069211935455427,0.9040235768148192,,0.9057626462117423,0.9059478139858469,0.9059990456798499,,,0.9082974967773672,0.9052662106612188,0.9062775635456342,0.9046678129507032,,0.9034821057282434,0.918624802792588,0.9173265210582862,,0.9165035454622009,0.9169175553114001,0.9170439947244357,0.9146458224327048,0.9155190272995846,0.9173670964814743,0.9180722404785951,,0.9193071701829798,0.916905116323743,0.9180756760020341,0.9163856301428037,0.9169144991098753,0.9199052003210965,,0.9156504968986436,,,0.9185784331582061,0.918117584706958,0.9183153991270837,0.9151902122196219,,,0.9155482012886449,,,,0.9138018898679483,,0.9186574769350504,0.9173114243864264,0.9177159059512389,0.9227080279580164,0.9211703794891468,0.9170974969936899,,0.9197339096747822,,0.9171278449371124,,0.919445162924646,,0.9179823164683859,0.9177942886726123,,,,0.9175364732000892,,,,0.5757410323962745,0.38750766248130436,0.3293887974413271,0.5698175425826925,,0.5677945311994215,0.567693059752918,0.5689458238685433,0.571069649084787,0.41226144871072545,,0.4113093352028053,,,,0.41234669644582744,,0.4114777155794824,0.41124611753810175,0.41254505533223135,0.41175419211562747,,0.4121965645015605,0.41168794769136163,0.41280953136976156,,0.41247219286220405,0.41350648059065004,,,0.41349094980205875,0.4117188242505673,0.41130265444761727,0.4123326920165486,0.411189761768806,0.4108897415994846,0.4121617268076072,,,0.41145447600837404,,0.4126311568158015,,,,0.41246226809141473,0.4125406461204676,0.41352523085384313,0.4135748453620727,0.39660412795986755,0.39559739389321535,0.39590336994453157,,,0.39412841219791594,,0.39455471730537567,,0.39624785652822964,,,0.3959566009159314,0.39627518123062483,0.3960215959284071,0.3947382039079797,0.39704823677324486,0.39596226260017103,0.3968627927627114,0.3949547146165476,0.39589248938508587,,0.3960910831406476,0.3945202061198325,0.39534639636858354,,,0.3962414911838474,,,,,,0.9092144731453781,,,,,0.9106975385307754,0.9101089841843262,0.9104407346725079,0.9083161745752776,0.9094089571125311,,,,,0.9110707329966969,,0.9081058408278514,,0.9107191001720756,,0.9083495228405879,,,0.911258125197546,0.905897208715887,0.9111699949038352,,,0.9077389998785257,0.9108978677921514,0.9086037730092672,,,,0.911146156805395,0.9122264353298494,,0.9104679190491423,0.9104155421680787,0.9104383182528194,0.912064152116035,0.9115008677902776,0.910285003279544,0.9102548113427332,0.9118314364728748,0.9105259983853363,,0.9109887731639079,0.9105161936173675,,,0.9081469763301315,0.9118287879793705,0.9093617686987268,0.9077951291813923,0.9095563124626302,0.9080857713439059,,0.9102733623491266,0.9084929319234829,0.9101060619492803,0.9089717269864491,0.906855654758125,,0.9060357226091897,0.9081492658481338,,0.9099213213907535,0.908293327249592,,0.9093901238906892,0.9080309109195792,0.9099991313325049,,0.9080383324285277,,0.909157539833379,0.9127271627898254,0.9078043947197001,,0.9074941336911303,,0.9098335493485091,,0.9110360287098337,0.9180258926657846,0.9167015423415087,0.9180847255667609,0.9182970426899042,,0.4216675856706798,0.4219805931024776,0.41982851932455223,,0.6043513701269774,,0.6043851999909616,,0.6043004458853082,,,0.9174335182398832,0.9053202470015044,0.567007581750559,0.564727658018079,0.5662710744318408,0.5517006603754632,0.5521648753521868,0.5519956602440035,0.53627614670008,,0.5365087703432738,,0.9313676235967171,0.9002756879612202,,,0.8982615769985003,,0.9628626666682496,,,0.9701657181615101,,0.9696744917831319,,4.9744138314897415e-05,,0.9012799889487837,0.9754735120576546,0.9781679982317997,,0.5207354785439252,,0.5206182866558094,,0.5188134978751299,,0.5206324796502618,0.5185994615086718,0.5187988675847417,,0.5202544534896288,0.519095675716189,,,0.5191773727831894,,,0.8790229667959557,0.8812580021402506,,0.8798466978245879,0.8799771659922953,,,,0.0594094396248522,0.05934502367868602,0.9913699595183051,,0.9905842822034746,,,0.8741111730094515,0.873155423882826,,0.5262025076380009,0.5249626978110046,0.5267976316127365,0.5243225317846284,0.5244853684155645,,0.5244438753226675,,0.5253384547927763,0.5245398987525391,0.525290667414348,,0.5263529905476894,0.5262104372968461,0.5259236206838824,,,,,0.5277470672323954,0.5229203640970072,0.5265954642617238,,0.5252170497105955,,0.5260729057172718,0.5253755083857955,0.5243672377776473,0.5237952086318147,0.5256202770792716,0.5242078936689445,0.5241379593337392,,0.5261641215748117,0.5242541220658334,0.5244912559211866,,,0.5258651340490064,,0.5266075341183125,0.5256508842973475,0.5252826371899086,,0.5232085699327985,,,,0.5251871054675914,0.525570749386716,,0.5264597928094147,0.5250997552910112,,0.5260747531736626,0.5247522675991294,0.5265254765127507,0.5246702219738809,0.5258855871876148,,0.9152596324119577,0.9177511431637845,0.9165702619544445,0.9157786837432412,,,0.916408502293213,,,0.914771629787764,,0.9156149223994307,,0.44792131249108896,0.44772184983791447,0.44718234528807455,0.4475155581167722,0.4473965361729836,,,,0.44685349020202725,,0.44774940447229583,,,,,0.44728020553852627,0.4476621455489893,,0.9200497914465463,0.920017981251935,0.9168672751897079,0.9175458529295163,,,0.9184976031725991,,,0.9077922039173407,,,,0.9086679203193778,0.911254262730402,,,,0.9100085793542423,0.9107417296763949,,0.9088260062443746,,,0.4467146704082221,0.44736438414536067,,0.44712308251256944,,0.44803496875079746,,0.4473665867562422,,,0.4409335280669844,0.4468224082224718,0.4458882927151462,0.9105712453543269,0.9095428079558422,,,0.9113955265547384,,0.912124904470905,,,0.9169900317810735,0.9171341583364563,,0.9195180019120484,,,0.9188787093110593,0.9159141002241157,,,,,,0.9147308125586133,,0.9155523156301084,0.917725095447422,0.916771567669543,,0.9176665291321924,0.916745573477245,0.9191013821443422,0.9187823166466154,0.9158754912791721,0.9152890440677655,,,,,0.9087523217116344,0.9111024957675598,0.9098528666413839,0.9109875667539716,0.9115598050136446,,,0.9086307919647723,0.9126757247336758,,,0.9069860162661637,0.9099901854826231,,0.9102503320024236,0.9060200589413703,0.9154583369295015,0.9116086861878266,0.9110477939210175,,,,0.5217853699410738,,0.520244950176923,0.5216254426550465,,0.5222835189960681,,0.8581922276549084,,,,0.028981246422513443,0.6897399201189165,0.6911586667734806,,,0.6883972822923844,,0.6910901253978584,0.6891893094419125,,0.6904424678601164,0.6894810625246278,,0.688400215290214,,0.6908069131715525,0.6897336523489063,,0.6878727277235966,0.6878305267474921,0.6909912801055983,0.6900123727621023,,0.6895128727461125,,0.690699162136143,,0.6886629103251491,,0.6907616909767856,0.6903197919468476,0.6893575131692378,,0.687857066275565,0.6897889699603706,0.6898729002026679,,,,,0.6885527767340566,,0.6887631207288406,0.6894727289840128,,0.6896236454644535,0.6904673099792368,0.6900498740752685,,0.6889731047210865,0.689496992288457,,,,0.6890008293888779,,0.689497963584051,0.690265006639677,0.6896879520404244,0.6948137171545539,0.6920351157825697,,0.6897354241370636,0.6905009682797716,,,,,,,0.6881154030265317,0.6891828207081188,0.689416750728992,,0.6881476070319585,0.691183595665294,,,0.6890797610125751,,0.6897653937810604,0.6912313270154493,0.6895759538485576,0.6910270888605407,0.6897072482491685,,0.6894872794145119,,,,,,,,0.6907826001523731,0.6888148319006234,0.6910143926195974,0.6894591109790419,,0.6900621875920835,0.6880823544084377,,,0.6887594868150125,,0.690405910458111,0.6881291597135744,0.6914320693048323,0.687355749366678,0.6894961634359362,,0.6897947025363681,,,0.6894951718145551,0.6888751356682496,0.6914964617754688,,0.6905900810895448,0.6890501743954813,,0.6893530972597632,,,0.6901917095082435,0.6890291455123984,0.6904148794172312,0.6882593929088203,0.6905704005258174,0.6903131221735196,,,0.6899018574300957,0.6889986018060734,,0.6895077415368275,,0.6902325015572126,,0.6907948308076737,,0.6914979220636812,0.690105124957111,0.689998479855921,0.6920482723055554,0.6913848833466388,0.6893260370563137,0.6889499484350866,0.6885294107240773,,,0.6895285305686736,0.6899112757098249,,0.6866435618937834,,0.6890385348905567,,,0.6885979132323652,,0.6899147642436767,0.68826983052571,,,0.69044322766754,0.6913951094580885,,,0.6431139198958596,0.6436420613528807,0.6446402930370919,,,,,0.6777288006893509,0.8607897978060737,0.859294461201257,0.9462468847101306,0.9477326712049099
4,4,DG_8pct,16,Z12_F05,12,LL_AB,175092,182023,True,3396.4601463313775,3421.483063710413,3413.5090431447857,3451.7989278658383,3456.572140377161,98.95058219356595,12.604834674743175,3563.6581075258187,3564.784854070582,3935.6679152945617,3913.203642294026,376.32750167762805,2.801822725873764,13.88081011442549,20.728821202496736,13.447085224228585,110.58451226483511,19.872479087581922,38.76673478144736,346.8084895490002,,0.7582622522463134,,0.8146577322271233,0.7574355344150651,0.8624665715029829,,,0.6308500839498268,0.6325021354437891,0.6205274934805906,,0.7039584195290368,0.7049129918488916,0.6255372153666582,,0.6282091757875307,0.8149608074928497,,0.8145721535879246,,0.6318653008269565,,,0.6325479975456768,,0.6269510254021055,0.627641767283139,,0.63406032884821,0.6330636766381588,,0.6369110733303848,0.6342502801996477,0.6338224408912561,0.6759130202722644,0.591320569433555,,0.5899122094777541,,0.5867944299156549,,,,,0.5878141654998461,0.5894250977211124,0.5877014160712768,0.5873330282415,0.5867860045924661,,0.5871682891804885,0.587215621385014,,0.5879756774574415,,0.5887861665063773,0.649827048553637,,,,0.6442379707186341,0.6420447675441435,,,0.6436648885699001,0.6449178904065819,0.6450129285097386,0.6428326066485835,,,0.6450929511266635,,0.6435913649043477,0.6442871673889254,,,,0.6458427625054295,0.64514489556756,0.6440024518287281,0.6449609739533059,0.6451097616414584,0.64493231423742,0.6446905606821188,0.5489350749331724,,,0.32685117135496805,,0.3030407729516664,,0.3034148930015521,0.3037095727744425,,0.37289219187284944,0.37215771510028883,0.3724652073623206,,0.3726586844720664,0.3733872644164162,,0.37265279782472993,0.37240143957604704,,,,,0.37235287129219924,0.37329132083387023,0.3723303541836058,,0.3728576243176047,0.3726531019624956,0.3731684482819874,,,,0.37270659443110554,0.37190056496648827,0.37226240154710016,0.371366391362742,,0.37334235314838254,0.37194075265908433,,,0.37170797858514726,0.37223939673581585,0.37254795846755046,0.37293587417612173,0.37309015950156493,0.3716881108336537,,0.3715729857775518,0.37230136420634774,0.3713952519436559,0.3720700119632314,,0.7557156975632698,0.7549845244958169,,,0.75441185323271,0.7532159675708561,0.7571234163725981,,,0.7568842511667568,0.7551059509747426,,0.7562269010646783,0.7545278363280856,,0.7558804234523715,0.7553802566127077,,,,0.7568973602832934,,,0.7548823049337711,,,0.755153878407929,,,,0.7575268009307419,0.7542517603740493,0.7555977120966829,0.7543999427811607,0.7551924616146032,0.7557778066950523,0.7552842597132762,,0.7540470554588036,0.7534018823440067,0.7540357045942627,,0.7546155555355423,0.7557418948665271,0.3276244721658787,0.3296802699256943,0.3278875710125314,0.3282587583232087,0.3288476789162292,,0.3288018403074537,0.3283731721139088,0.3284568083875076,,,0.3286768492502969,,0.32853677606584025,,0.3285453504787253,,0.32872496859048345,,,,0.32811523705517764,0.3282074957822188,0.3277751823775049,,,0.32840932018213415,0.3279743608900208,0.32830333675266665,0.32803779133282474,0.32885608648299,0.32778696261028906,,0.3287847615551887,,0.32827572601246446,0.3284703752158766,0.328151961664853,0.32880212515928914,0.32928594374342746,0.32956888525988304,0.3294167904370607,,0.32865528705969116,0.32875003362481225,0.3287933111036968,0.3287097853113955,0.3284524193875459,0.3282290827820232,,0.3278957550825445,0.32793177699676884,,0.32647998719998483,,0.3265317826846453,,,0.2937206691713933,0.293661613828873,,0.2938925266587383,0.29336099689516254,0.2935328616714091,0.4249086873959754,,0.42520961355394066,,0.42457925100611715,0.42515133636867225,0.4247586287175539,,,0.4235760816747885,0.4260572564481624,,,,,,0.42590550068748584,0.4261848130827252,0.4252689432623632,0.42544761741415715,,0.4258632204145906,0.4253626251539682,0.4259804774822775,0.42577255267603176,0.42535513385836815,0.42541082277663994,0.4246309318585199,0.42491036467691096,0.4255575191038467,,,0.4252946025375628,,,0.4254055977581378,,0.4250076771242877,,,0.4096098628389566,,0.41072185919135773,0.4098821254610155,0.40992818687440885,,,0.4111332016965448,0.41139294189576897,0.41023192048484586,0.4100753216841667,0.41164107357085916,0.41075504098606275,0.41015004822509327,,,,,0.41078614953433884,0.4110025324358582,0.41080545265634466,0.4108215831076611,,,0.41041008922877187,0.4103150443233893,,,0.41034667146057774,,0.4098849657765499,0.4100597330632827,,0.7666998025676688,,,,0.7672772147295622,,,,0.7672464098291844,0.7690838164497872,,0.7661531150571136,0.7682082977471374,,0.7653137987401918,0.7659270363619763,0.7669012117728887,0.7658240540242763,,0.7650700364486808,,0.76385738208189,,0.7656420805748342,0.7627363431871039,0.7653260562646258,0.7677322914534787,0.7680647880363558,0.7658740683136229,0.765651959303389,,0.7659942555914605,0.7671020092880133,0.7664126152497224,0.7661533344162968,,0.7683546916951375,,0.7668732186840507,,0.7673852988249598,,0.7694989225967428,,0.7695396513121155,0.7674290563650973,0.7675690844271287,0.7672662843169907,0.7695960685652374,,,0.7685456004200029,,0.7661902811266276,,,,,,,0.7666256358566231,,,0.7666880177093803,,0.7658599447739493,0.7666621068694667,,0.7662852396910059,,0.7660156395322434,0.7647105862418627,0.7652531569342484,,0.7670478571211073,0.7674480150622475,,,,0.7684402461032291,,,,,0.7656491985078435,,0.39524759564477074,0.3974425304395033,,,,0.43230659381712583,,,0.3630723811789713,0.36430067774430896,,0.36295205758604904,,,,,0.7624330444252638,,0.29366774174487253,,,0.28979307074444927,0.2898680799725281,,0.2848036980307648,0.28498010661070655,0.23434855799202425,,0.7608605046673379,0.12742256344665193,,0.7754959676699212,0.0757531027094071,0.06183570612035605,0.788389754702394,,0.02793796903326432,,,,0.03426086283122938,0.027999234676888873,0.7942719290065052,0.009891803705145412,0.009875010335081827,5.045242817759395e-05,5.0496514754523165e-05,5.058564438237823e-05,,5.046264533641066e-05,5.0605331322305265e-05,5.061470450959528e-05,5.053829157995237e-05,,,5.0469585756558927e-05,5.0485629704778666e-05,,5.0493649150108266e-05,,5.058741212303278e-05,,5.054616469524492e-05,0.7736081805758238,,,0.7724505177450989,,,,0.065267049619968,0.06531744735797382,0.06515354266391711,,0.06529824286050658,,0.06502549257563014,0.7570147060973346,0.7588451749373138,0.7574079104951861,0.7587075882408182,,5.12426983929531e-05,,,,,5.1126082161794707e-05,,5.1142392273885506e-05,,5.121856311352519e-05,5.123882182597023e-05,,5.119034273110263e-05,5.121596080438438e-05,,5.1267000717462536e-05,,5.109775433791672e-05,5.1101867136476526e-05,5.106221034248587e-05,,5.1121268500841265e-05,,,5.1265419140070495e-05,5.109509250145604e-05,5.1123183088549765e-05,5.109958558143918e-05,,5.1026332787684775e-05,,5.114116650059075e-05,5.108477587259219e-05,5.102790674187347e-05,5.1049818193321816e-05,5.1040599240248134e-05,,5.11997916398499e-05,5.101988354931989e-05,,,,5.0876059769101e-05,5.116908931397411e-05,5.1209295749537785e-05,,,,5.099587673893462e-05,5.107783738553711e-05,,5.1221537574998774e-05,5.1057738052435305e-05,,,5.112653486536499e-05,5.115143483139597e-05,,5.107537470566723e-05,,0.422533804140182,,0.42159669849272724,0.42266206689845287,0.4225988157592457,,0.42216280862233846,0.4235533315683784,0.42273153722662693,0.42328867697407985,0.42235879927389525,,0.45765035421729433,,,,,,0.4572539716497104,,,0.45713403572225303,,,,,,,,0.4548847143423513,,0.42429126006217127,0.42372614172385925,0.4225997424754674,0.4225800216327973,0.42327860720364324,,,0.7727166401966434,,0.7727052803777799,0.7727658903406454,0.7745181215915502,,0.769468629884991,,0.7723930682767058,0.7713737135472478,0.7704286775700132,0.7699661703783716,0.7734901925396127,0.7711660225625381,,0.45500975697518653,,0.4550305919044561,0.4569031515966872,,,0.4571448564254559,,,0.4560864190426315,0.458185447663217,0.44957026061088984,0.45559747730667577,,0.7736799717903434,,,0.7733798094841956,0.7707228757819525,0.7708681333344714,,0.4228411116656909,0.42292006795861153,,,0.4221037372860448,,,0.42336059180861396,,,0.4222129757110479,,0.42248158350472614,,0.42240542182183666,0.42313571804070454,0.42262096873646854,0.4231984953345484,,0.42338569810108945,0.4235108715873009,0.42311340687988064,0.4229910794294665,,,0.4223296180528231,0.4232537279298392,0.7714358699031977,,,0.7729902010866373,,0.7744839707213179,0.7748515549564321,,,0.7750259804892268,,0.7710294561249615,0.7701440700575951,,,0.7706398984226212,0.7717635492190501,0.7733969453805373,,,0.7719313737855105,,0.7726694293708762,0.771866544016855,,,,,0.18629597454840166,,,,0.5981757908244487,0.6438079212438605,,,,,0.6330431050979617,0.6325557048086485,0.6324894142725564,,0.6354695477855863,0.6325409327155915,0.6330922182657283,0.6338589942379352,0.630685821851283,0.6352552102151784,,,0.6346298319083771,0.6312232925363677,,,0.6354535990404466,0.6337127010620475,0.6341543880336119,0.6346435501146862,,,0.6334953866486944,0.6317299109309039,,0.6316545276341294,0.6364966944203296,,0.633038128802903,0.632942628045911,,,0.6333785264515451,0.6326861278540806,,,,0.6314554423053067,,0.6346247904302865,0.6325921810426854,0.6345342379280637,,0.6342041858217705,,0.633261159742429,,0.6337156822585207,,,,,0.6357209569956939,,0.6344229554818155,0.6351590024797071,0.6335686382515532,0.6349197173001914,0.6356121749029481,0.6337241444509331,0.6329581810405716,0.6328854173637631,,,,0.6341915925978855,0.6353062329528546,0.6325238082527018,,0.6326001547553951,0.6341138302403992,,,0.632174736215321,,0.6355731266691546,,0.6343653333587165,0.6345247358005066,,,0.634518080929776,0.6339687720881318,,0.6334992291512793,,0.6342142343439999,0.6313856367883883,,0.631499572870379,0.6317782516503192,0.6332983010229055,0.6332846970243166,,0.6345448352781271,0.6331008748201916,0.6341930322307704,,,,,,0.6357647027628819,0.6315606191111736,0.6339432619040153,0.6335750661877263,0.6316656851378201,0.634947986132286,,0.6336572795983996,0.6342563533681578,0.6335723463646133,,,0.6318677622492105,0.6354497096972384,0.634103200011548,,,0.6316228698893898,0.6342352926338879,,,,,,0.6361951543766977,0.6354084589536958,,0.6317208765278709,0.6331446286144046,0.6343159775019453,0.6335326697422627,0.6335175200661558,0.6339363158990627,,0.6340655825526579,0.632654167657095,,0.6324072316030563,,,0.6317688551153224,,0.632922256743368,0.6332472394475614,,,,,0.6340491964174951,0.6342530390445678,0.6334540423919638,,,0.6320905501872753,,0.6318947684495542,,,0.6345939210141657,0.6335228284540789,0.633461525096291,0.6345842649131055,0.6337874144573641,,0.6335806488646772,,0.5599852530402544,,,0.6671692644942702,0.5956109603104566,0.8033967619221225,0.705154797363698,,0.627307439573481,,0.8129791611548639,
4,4,DG_8pct,16,Z12_F06,12,LL_AB,216925,215932,True,3129.4005163419306,3149.426298216554,3157.0317468033472,3195.454727043905,3188.9058388737553,92.28998442090182,13.26039343607009,3265.5572353909083,3278.322021753076,3570.0809511569564,3562.0208592588524,415.41555627517397,2.821030228073827,14.272766120590461,21.395736964919944,14.320854041702576,100.52075016133078,20.339288081266663,41.61728635303462,310.8678552781607,,0.782094309586816,0.7783758599217421,,0.7712451297855458,0.868423362356401,0.7182189730434375,0.6661097978246797,,0.66437561351405,0.6464966882554912,0.7355226638849964,0.7377820812283742,0.7381833534570929,0.6568072033891029,0.6559030389484929,0.6555218628252979,,,,,0.6649952323492245,0.6638434376998357,0.6643392717512234,,0.6658816762314603,0.6597146094051878,0.6577480743913925,0.658479752913895,,,,,,0.6675579744724013,0.7123735449971307,0.625987883921656,0.6252089614636103,,0.624796627053865,0.6256494756270373,0.6220590104137037,0.6249237232988778,0.6261225592513455,,0.6266205634590665,0.627049755789103,0.6266175446231572,0.6267585779021766,0.6249838876356201,,,0.6253992383845128,0.6260567133193522,,0.6248685368520737,,0.6887771302445991,,0.6102304468214418,0.8055513221723101,0.6834217504881459,0.6845107104119436,0.6852994512859016,0.6839945623673147,0.685884247355006,0.6826393430095149,0.6836407527454935,,0.6830796457202936,0.6841479232311588,,0.6844032963333557,,,,0.6823734212161918,0.6851710178942637,,,,0.6851506408499426,0.6840138651142335,0.6827284158315867,,0.5891541274188166,0.5884258531565596,,,,,,0.3650708166971226,0.3659407873078753,0.3640005494129064,0.44122711538236586,0.44241808964770246,,,0.4417738319838047,,0.44451789093488053,,0.44253709822445014,,0.4434030932320104,,0.44237328188160213,0.4430312241633009,,0.4421028903715888,,0.44314388602822824,,,0.44394868698865136,0.4421022681737847,0.441660950163677,,,,,,0.4417949792578882,0.44310910915072493,,0.4426558885418015,0.44336879373950766,0.44331626586855927,0.4433331900093425,0.44290869029337426,0.44256048462774383,0.44343446836284367,,0.440635061801979,0.4424166312523457,0.4411171346001715,,0.7632738186763925,,0.7599413836818505,0.7610876069917226,0.7585092605473877,,0.7607282260430213,0.7619560421344386,,0.7610201822425522,0.7596305401712753,0.7592037927068948,,,,,0.7584237123506744,0.7603678002886815,,,0.7579300569941154,0.7596406823951583,0.7588276306517241,,,0.7592458719851091,,0.7602729837206886,0.7604245872094176,,,,0.7592427833993037,,0.7587674518831662,,0.7609675888983881,0.7614934926074667,,0.7607712195494637,0.7607020373344846,0.7600593347710178,0.7595161611105016,0.761746964396473,,0.37945314770644634,,0.37966559756279755,,,,0.38041165087224615,,0.380330571872143,0.3805271429611328,,0.3811296744112394,0.3807087847350008,0.37912657698644453,0.3806458472726733,,0.38148267248510104,0.38117739575095516,,0.3806726919431107,0.38042346279038913,,0.3804353092833002,0.3803682759953939,0.38015238996783024,,,,0.37943103169435394,0.37965980188980175,0.37991831667966064,0.3794428399684102,,0.38069390632951855,,0.38036092425516393,,,,0.38135510319618693,0.3808896505497842,0.38039779225827175,0.38085098512605525,,0.3796625687526017,0.3801473332409651,,,,0.3794361248907759,,0.3812721688377152,,0.38675753714557076,,0.38696965036012687,0.46889243191596425,0.4243542380105659,,,0.3571639783709319,0.35678188654712367,0.35672703531806527,,,,,0.4890419115969947,0.48784932450156326,,0.4892226928898239,0.48858916443490036,,,,0.4872226152255085,,0.48830761416598084,0.48871874764796913,,0.4877158404976027,,,0.4868838941246754,,0.4869053500178257,,0.4894637389946776,0.48893293253374476,0.4895097704266824,0.4869263461425039,,,,,0.4885586009244746,0.4881461401558336,,,0.48740820554075737,0.4873069321737747,,0.4868349215890844,0.48748225816733287,,0.4751773186154123,,0.47467975399005025,0.4767583126837871,0.47536131981304847,,0.47533909716492356,0.47660219976322526,0.4763095004733291,0.47516657782898813,0.47654316995323126,,0.4762102729193447,0.4759534515066869,,,,0.47544286982185546,0.47624245796375225,0.4758106281073262,0.4756465341157754,,0.4748161547015999,0.47743565036233276,,0.4775175309961543,,,,,,0.7740743227138682,0.7731318043356057,0.7746873106029474,0.7739726748141178,0.7730421872260448,0.7723246218578071,0.7726391178987229,,,,0.7748753645279964,0.7694720858467292,,,0.770600375402611,0.7703038124659803,,0.7717149760915305,0.7729418190600551,0.7704782121751637,0.7729723287252416,,0.7706366342073215,0.7681625693262062,0.76913318247574,0.7722139871489837,0.7716972131699271,,0.7720570605470453,,0.7716919866321963,,0.772227519531591,0.7717127441970905,,0.7739906277759132,0.7738861415476135,0.7712727111770936,0.7715285664172146,0.7722127087197476,,0.7754101456138619,0.7730665399406365,0.7729301448651269,0.7740082702002629,0.7725462680026163,0.7739870665962478,0.7725805275619518,0.775678023565837,0.7718776019752589,0.7719341899678012,,,0.774464728388431,,,,0.7704897228874834,0.7684691978973726,,0.7711878497636827,,0.7716086838248161,,0.7719012954763133,0.7723218932085917,,0.7713385013673645,0.7722172219541953,0.7704019482622722,0.7724352883164768,0.7715986499132088,0.770838095399268,,0.7716293030064771,0.7726322124376502,,,0.7720348919719594,,0.7718639562902917,0.7716526520202193,0.7732534207505161,0.7703617943492366,0.7715271054534194,0.7723031617429613,0.44159173414715613,0.44246117823418774,0.440335793834823,0.44142669051688516,0.4952452245050578,0.4955320893410254,0.4956041540547262,,0.4947301435948199,0.4169369947631892,0.417076044479759,0.4172741642303188,0.41789010534692744,,0.4186650901346083,0.4274585199908324,,,,,0.3570366312655857,,0.35264089303728124,0.35276726953722753,0.3470306896070449,,0.3464165664382575,,0.26040039621677064,0.7565436563308741,,,0.7701665303847693,0.178789592807802,,,0.11382209045855281,0.11461621517665782,,0.11441118980846075,0.11418415379193425,,0.11427777485594756,0.7844564910552595,0.0577089986720071,0.05758325677934133,,0.08805803729880277,0.08780923998017422,,0.08793513896383785,0.08801651721640112,,0.08803802692156945,0.08764562051997316,0.08798043305229353,0.087986695268197,,,,,0.08802698788851161,,,0.7997041457998346,,,0.7997632588687452,0.7982914152629436,0.8102056432481243,0.04092564444326494,0.040926457663944496,,0.04095568824744174,0.0408201254840915,0.04093028960442193,0.04102398088880341,0.04084911722379893,,0.7855657050906806,0.7819288072340358,0.7827961131887036,4.7173160145552686e-05,4.723567612868424e-05,4.717932880069158e-05,4.742655535766665e-05,4.7258525000905766e-05,4.713906540388199e-05,4.729199129940425e-05,4.727709621077893e-05,,,,,4.735894148172867e-05,4.72453385473619e-05,,4.732062737800764e-05,,4.725821139987192e-05,,,4.737873434901519e-05,,,4.7125009965645246e-05,4.704160691327205e-05,4.72146126366056e-05,4.718130544130243e-05,,4.708771563020182e-05,4.710563253204094e-05,4.711175650618505e-05,4.727065170408457e-05,,4.725505963431675e-05,,4.725931103075783e-05,,4.7314705972850466e-05,4.720607961212205e-05,4.7306655627561956e-05,,,,4.707677722910574e-05,4.726243599939651e-05,4.72681314061476e-05,4.7432111427457684e-05,4.713471597146023e-05,4.718289348265071e-05,4.713866092105257e-05,,,4.724028794022334e-05,,4.731819794197891e-05,4.731822127081858e-05,4.729351924994292e-05,,4.7231066231815e-05,4.7235633927200214e-05,,0.4627168002088703,0.46395859426311226,,0.465473230453229,,0.46364186524597656,0.4628396530475297,0.46516133051416225,0.46485101179129257,0.4639380960570623,0.4632170243135878,0.5136483495142761,0.5162959548383788,0.516301062903293,0.5144840937679029,0.5137697801880258,0.514839487222304,0.5147863818949225,0.5144155534031761,0.5128861504456718,,0.5137324732034824,0.5144403435835656,0.5125822094569853,0.5141234200156672,,0.513492668035876,,,,0.46510728910134325,0.4641294548668743,,,0.4640804272325279,,,,0.7759831491481147,,,0.7769724733410843,,,0.7764908382044308,0.7764865939657641,0.7750896751156235,,0.7770676863026356,0.7766445512021702,0.7784496528610101,0.7789249851957991,,,0.515310492297017,,,0.5147644202264012,,,,0.516305876922328,,,0.5079351660312016,,,0.7797330906648048,0.7784758781883181,0.7757065911287829,0.7817719493026721,0.7788372846808822,,0.7797148106358391,,0.4645640118946753,0.4629252050414626,,0.4636717363401192,,0.464150728635985,0.4640377371932016,,0.46438944460372283,0.46297558679519546,,,,,,0.4643064587777808,,,0.46334928382091745,0.46224845499151246,0.463854494902658,0.4649478352391617,,,,0.46522269533262217,,,,,,0.7777860481197197,0.7778634188746091,0.7778356873220319,0.7800664112987633,,0.7766841733682137,,0.776440559613846,0.7774416894610117,,,0.7769193446544514,,0.7785993765329343,,0.7784689585695399,0.7794295927341812,0.7775046454484071,0.7771175831257706,0.7789164792032275,0.7787617913642696,0.2601261242234238,,0.26025404485441517,0.26004113625604836,0.26055769896560427,0.2600344216732795,0.628778552154083,,,,,,0.6678184008681878,0.6670161674805284,0.6684950676450764,0.6684549636997685,,,0.6683903759809152,0.6666122055082772,,0.6673478602263988,0.6665652678516413,0.6676357060063339,0.6665234838506034,0.6655363373695405,,0.6664994561735758,,0.6662230607541283,,0.665785977907889,0.6659211785165376,0.6661643953003038,0.6674719027840216,0.6644162682953544,,0.6683786636827778,0.6664314068033972,0.6652731618602309,,0.6640580537279431,,,0.669426668591113,,,0.6670098207888576,0.6682489451919591,0.6677319143336216,0.6667546101809125,0.6687962834015264,,0.667407688034571,,0.6668601820446761,0.6678102817611276,0.6667877938596848,,0.6671419222777301,0.6662164522217374,0.6649042507010117,0.6672262491431098,0.666855062724006,0.664757783059034,0.6661538363764301,,,,0.6655554823060735,,,,0.6663348836536651,0.6658483715470258,,0.6660157694143983,,0.6657247277653828,0.6650360733997037,0.6636927164941461,0.6649873975809424,0.6644787441398542,0.6660954852832234,0.6650619102894735,0.6683694069176765,,,0.6661980728490798,0.6663459975832413,0.6653049926363765,0.6665213799090828,,0.6651385700882387,,,,0.6668095509556902,,0.6670830092675117,0.6664535376921972,,0.6656727449555132,,0.6661424410627421,0.6665626921320927,0.6666540214721318,0.6670897106128282,,,,0.6679598898688622,,0.6661264057032884,0.6672321880318777,0.6667999175534006,0.666882912379333,0.6664885528969166,,0.6669698593672119,0.6662087094107182,,0.6659402654980245,0.6661526622072189,,,,0.6669525768476847,0.6671984003896567,,0.6663709015655888,0.66566254184458,,0.6673614396104869,,0.6676534568147634,0.6671675994874213,0.6670999306216474,,,0.6660880552965827,0.6659461374343674,,0.6647542004501987,0.6667474415944559,0.6660738550435991,0.66436856091115,0.6682284461189735,0.6654752899338298,,0.6665545438808315,0.6654375597180436,0.6666672849049996,0.6653854232479967,,0.6685508070488442,0.6644974879699985,0.6684592816453236,0.6663649849832763,0.6659345346980952,0.6657176583795341,0.6656051370424921,,,0.6678748977929023,,,0.6661074372252405,,0.6666046276181792,,,0.6681999095281548,0.666694373464371,0.6676836385236853,0.6652178343040817,0.665265890654378,0.6654384213124045,,,,0.5981256528700628,0.5990390224030898,0.7049674343977644,0.626361500202178,0.8104166246395472,,0.7346442157855618,,,0.8220503544121662,
4,4,DG_8pct,16,Z12_F07,12,LL_AB,182909,182152,True,3058.3748458054697,3044.802340429744,3054.975687276505,3117.9403539838722,3117.37464810989,90.60309879617266,13.553522497101186,3161.856151275616,3197.2039551263974,3457.4105993179164,3484.4564007280014,433.969025685635,2.8228160676563876,14.381935465296468,21.591436446809332,14.526576264476615,97.7879660178202,20.389311404280914,42.21833738430595,301.092476801128,0.7902596358636965,,,0.8375129790425623,0.777670100198921,0.8685074761285899,,0.6744739917319804,0.6735089311649856,0.673774069502846,,0.7458472468723756,0.7478632701961507,0.7477603394075931,,0.6630762089785884,0.663076635876641,,0.8230481391774963,,,,,,0.6753152774737287,,0.6674340522862423,,0.6686172656410465,0.6767582052741213,,0.6758687394594161,0.6786361958611417,0.6764639286128816,0.6746722227887263,0.7204347538676784,,0.6364840823820631,,0.6362387688854517,,0.6335775630567755,0.6349272206478773,0.6357342374540841,,0.636879829302935,0.6347189818697724,0.6370799173354019,0.6355490795617498,,,,0.6376472359292904,0.6358961173165641,0.6341639007772578,,,0.6986713870678485,,0.6192765955910491,,0.6958346594175804,,,0.6941359308531455,0.6960564889203407,0.6966389709968179,0.6960860116845408,,,0.6958916076274638,0.6950391510526968,0.696142941313604,,0.6974856037954708,0.6948491759875045,0.6940748937157598,0.69524239044627,0.6962984648171627,0.6952569248572799,,,0.6950912177556198,0.6973254085783306,0.6958465142407374,0.6034040730401637,0.5989421768253534,,0.3936125996606268,0.38493682528397566,,,,,,,0.46318996679857594,,0.46296709560378224,0.4628677919000918,,,,,0.4642742682774569,0.46315845090561264,0.46342965676130654,0.4642506025686891,0.46578445241578786,0.4628122842577369,0.46274314239309877,0.46356530378343846,0.46528413906686206,,,0.4630598855261989,,,,0.4634823758834274,0.46185619098387287,0.46274964624075393,0.4624163358536708,0.4645961598155882,0.46302149701260786,0.46270751365202734,0.4625494005656824,0.4631924222985057,,0.4629631674441804,0.4616244532312203,0.46226952696274076,0.4641179317285156,0.46297086983189084,,0.4624454037609194,0.4634658769692025,0.46221059235702355,,0.7632932200039828,,0.7616459423187956,,,0.7604141291174358,0.7603931669034961,,0.7626164002237064,0.7623327851170296,0.7602027103407862,0.7620804768773961,0.7598398045710216,,0.7616309133676891,,0.7621501956288937,0.7609185413678168,,0.762909065130214,0.7615934919652058,,0.7589371347410674,,,0.7603764222792718,0.762975750881682,0.7603175303978956,0.760831983809574,0.7605096880931702,,0.7599050041520541,0.7596291682684436,0.7614050308380741,0.7618432637428053,0.761333967146467,0.7598062351293875,,0.7605044985654824,,0.7581876626382195,0.7596675341319771,0.7607967540475222,,,0.39578918682145886,0.39591942209864234,,,,,0.3958315029734032,,,0.3954450722991864,,,0.3960310325338552,0.3953817052859851,0.39515693790244816,0.3956955500660828,,0.39576584364585254,0.395248354055988,0.39569101644696675,0.39573800352160293,0.3947483336172389,0.3958141623460998,0.3949866830852932,0.3957093619522826,0.3956368488064783,0.39528304110063,0.39569048705963056,,0.39507881538845774,0.3955313486840179,0.39547811222612783,0.3964641440609674,0.39534161492081593,0.3958541153116129,0.39590549599553226,,0.3945124261565964,0.39618425785189726,0.3969013636536971,,0.39472390341741426,,0.3954202283283731,,,,0.39514443410143757,0.39581572971780865,0.396059989639657,,0.394801657009982,0.403343346742666,0.403282133558911,0.40385190526059256,0.4892486366164972,,,0.3745380972999203,,0.3764432875743073,0.37535646864788014,0.3776067980114607,0.5083791598787865,0.5071934050302498,,0.5076956203086,0.5060812081338788,,,,0.5062659606215999,,0.5065455981690743,0.5073593406194424,0.5065522566313632,,,0.5083060914803132,,,,0.5061779185721601,0.5072418028059446,0.5076560147712015,0.5060250903011906,,,0.5066984583986293,0.5070650181587243,,,,0.5061915271269092,0.5066763036401011,,0.5048511268717487,,,0.506556096326537,0.5059769695627537,0.506173736560946,0.5067283202455726,,0.49523533793934316,0.4944241524308444,0.4951465626717839,,0.4943068587134641,,0.494747220220898,0.495240313707352,0.4960885516481898,0.4952036013142689,0.49448768354295514,0.4958274775550806,,0.4944246746131158,0.4956320937499221,0.4947202405980674,,0.49498773237693083,0.4958805582058691,0.49449290542605595,,0.4959936059175042,0.49532247223511194,0.4940279286963139,,,,0.4944044010680208,,0.49566126805528327,0.49410483267878363,0.7764429046414766,0.7757265283316217,0.7747620790311442,0.772825231100884,,,0.7732820617258366,0.7754000798822541,,,0.7759109909327504,,,0.7745357136350439,,0.7744518488124382,0.7703289950086115,0.7723980402948071,0.7710337750769164,,0.7732822079981145,0.7724965952115544,0.7709463371752692,0.7724022477055819,0.7712308404358513,0.770613560405589,,0.7747780168377204,0.7744937049470861,,0.7731502840017344,0.7727896308749461,,0.7748872905217519,,0.7735931750939531,,0.774171647880008,,0.7748717444517558,,,0.7731868327871052,0.7738728882751118,,0.7744019270426763,,,0.7741962390247019,0.7742430456061344,0.7771965642831878,,,0.7745114495207872,0.7737090317258333,0.7755905469618142,0.7749254010420905,,,,,0.7709719062932556,0.7709366332061971,0.7712397284658513,,,0.7725189595619284,,,,0.7719396795498132,0.7721818545355007,0.7711385988148923,,0.7731304700112617,0.7751440693386972,0.7737813135337843,0.7732594576514772,,0.7731710095146985,0.7730768144833958,,,,0.7713750082826849,0.7732168006895204,,,,,0.5121352999747457,,0.5124836792993273,0.5151689645950562,0.5128814563258031,0.43508066707469495,0.4352224634933259,0.434083090681667,0.43421907249241615,0.43426003488913834,0.43494240006517565,0.44769624472816844,0.384522628380136,,,,0.3752290593040649,0.37141487172276444,0.37145073751166713,,0.36541660778684953,0.36418901067152404,0.3642424413401029,,0.28034704870151655,0.7552426270359855,0.253322558541941,,0.770128278609733,0.20827806178121733,0.16817978017416554,,,,,0.1390215628554526,,0.17308904681077145,0.13896930606554003,,0.08464656575594573,,0.11420691050818113,0.11427037667412422,,0.11396449489193765,0.11434418833659432,0.11396461232083974,0.11436911383016271,0.1142585084403208,0.11425458590417172,,0.1142227750051003,0.11421668051841789,0.11401051581308476,0.11432659213019172,,0.11427539564289091,0.1140590737592878,,0.8089555304883027,0.8086189296668108,0.808979701228723,,,0.8035892602710459,,0.031170114027132663,,,0.031057825727028088,,,0.031110841843481812,,,0.7909975487810329,0.7941546588040395,,,,4.6135347741928675e-05,4.6007725580568313e-05,,4.583051554172457e-05,,4.5963137782195694e-05,4.600929917987479e-05,4.576707246541639e-05,,4.582524724046924e-05,4.603631246935898e-05,4.593804955700418e-05,4.599378439414371e-05,4.599915831427372e-05,,4.6094813351665874e-05,,4.593795613177016e-05,4.604098943856699e-05,4.5979617172634865e-05,4.5998065380423e-05,4.585160625397782e-05,4.586397813016622e-05,,,4.583758582136382e-05,4.587493132322446e-05,,4.611483978003921e-05,4.5726396600702924e-05,,,,4.597264491126765e-05,,4.606409891097804e-05,,,,,,,4.593053349147604e-05,4.590133238964586e-05,,4.592402378593887e-05,,4.60349238216747e-05,4.597579254709397e-05,4.6001171916238876e-05,,4.5992739315991344e-05,4.602620369065267e-05,4.6021267168720305e-05,4.592620792206926e-05,4.6037069764782343e-05,4.592990904181234e-05,0.47559016060403586,,,0.4753378590252731,,,0.47490889017184973,0.47492546315074285,0.47557110269208586,,0.4764034938389314,0.47624118653653214,,,,,0.531426839325022,,0.5330839739407559,0.5333462111261329,,,,,,0.5327902286947052,0.5305211985172554,,,0.5320891279019793,0.531496221471278,,0.4768963547675077,0.47770771545283464,0.4773079074801288,0.4767556047368818,0.4776193135190287,,,,,0.778768562481692,0.7810240624255789,0.7792464032292328,,0.7780560308203714,0.7779579135914609,,0.7795734356452539,,0.7767546636616451,0.7813491270460066,0.7799794404829453,0.530187525542594,,0.5302137964733085,0.5315900914318893,0.5315312953121568,0.5329028654251453,,,,,,0.5331282705700336,0.5235072713835877,0.530639405992801,0.5298102002492393,0.780341181431126,0.7813880095740169,,,,0.7794939423738181,0.780343716217096,,,,0.47650098859884865,0.47744914344659933,0.47698195411007566,,,,,0.47660579040757034,0.4770506999159151,,0.47746430825368424,,0.47746513192838697,0.47578843114952063,0.47758560326059263,0.4763963749524344,,0.47672143747468393,0.4752891649544904,,0.4773843230572625,,0.4758363708817297,,0.7799692973982537,0.782301093810851,0.7814326700912488,,0.7794290891891487,,0.7814131917185386,,0.7804068918583158,0.7811142027399137,0.7760405726234141,0.7763053227700979,0.7780401807480267,,0.7774724829582033,,,0.7795112645899269,,0.7800195072810712,,,0.7774409628699802,0.7794813492116054,,0.7791567419806276,0.28273607198028206,0.282566016030186,0.2823879987518417,,0.2826483161003041,,0.6366132514853837,,0.6469759519154403,0.6469082742778968,0.6468518988050256,,0.6774810764399127,,0.675284341379065,,,,0.6759408395156823,0.6773790700009327,0.6744300983622236,,0.6770545459741383,0.6771841412890486,0.675842654989866,,,,,0.6779236308422968,0.6750331322805312,0.6766019284941631,,0.67554998950076,0.6753384938539475,,0.6744322215720295,0.6782215117391913,0.6767831114650048,0.6749558827656804,0.6762503310293417,0.6769489289110997,0.676661603159836,,0.6767097274681724,0.677978383458998,,,0.6758125137393959,0.677387911568639,0.6778575309154514,0.6773763351051022,0.6761378754884853,0.6744069209902885,,0.6744794764174258,,0.6773519430710925,,,0.6764194880871645,0.6746734810243047,,0.6745273536138351,,0.6753247482270869,0.6777010811407748,0.6772633603976481,0.6762722302953206,0.6772524168785126,0.6758250962080691,,,0.6764145628089299,0.6780888629060624,,,0.6771337506170306,,0.6736635160195593,,0.6764032709453338,0.674584455490249,0.676001347567589,0.6758441033065338,0.6754110835011794,0.6772116290417886,0.677796021270291,0.6736660518842437,,,,0.6761179534063685,,0.6761549989331962,0.6748608224203863,0.6758414126904607,0.6773441141631867,,,0.676290140498858,,,0.6750455826838855,0.676333993049296,0.6769515131051463,0.6775543760049665,0.6756139719694041,0.6784823705307959,0.6791046287540435,0.6778508877779853,0.6750651751710901,,,0.6761230363020947,,0.6752547087539748,,,0.676603668050843,0.6779233878145664,,0.6767977757921798,0.6749840637896141,0.675353649570615,0.674527232591664,0.6756021926112891,0.6760289208605134,0.6735963657100486,0.6785585807960582,,0.6741608179382885,0.6749240360312206,,0.6765956415073492,,,0.6764806746124035,0.6771046237058594,0.6773300940312292,,0.675573053979293,,0.6758105985873172,,,0.6762645234011959,0.6770478726962634,0.6751634022272011,,,,0.6763010818669078,,,,0.6747197604648597,0.6765385057469251,0.6768015121236508,0.6752891379866,0.6779088583113092,0.67582336402,0.6752687560902387,0.6756513315891602,,0.6748700975888157,,0.6757973410658179,,0.6762128820276991,0.6763620362344498,0.6767082611974099,0.6740832469584415,0.6769506758705526,,,0.6772598097108553,0.6765537360028209,,0.6757028088880406,0.609769395386937,0.6109564925233374,0.6100677445413059,,,0.8129380969242643,0.7454937891105433,,,,,0.8228172522279967
4,4,DG_8pct,16,Z12_F08,12,LL_AB,216920,215932,True,3131.6236543941545,3137.509383501995,3142.3310740813636,3209.0649118762517,3169.0450206310975,92.78601177391431,13.370305894257122,3268.2498106016897,3273.1867091348317,3567.611211729122,3558.260431849035,416.9275389952047,2.8200420629565772,14.291808848254469,21.312781011725512,14.217983061637403,100.65337497512004,20.386529209478308,41.52354589917287,311.2522446436896,,,0.7807567999922062,0.8337378666028498,,,0.7176151273015685,0.6648242978740008,0.663945868667288,,0.645964073900256,0.7368189958945891,0.7372271025468925,0.736873020020439,,0.6568062217654297,0.6552359590562647,0.8183481355285782,0.8197018260244098,,0.6632958763907697,0.6638803452954263,,0.667616188346433,,0.666001696848179,0.6572368700240069,0.6581627092451188,,0.6687245616649868,,,0.6662011164245706,0.6659744800337531,0.666285164599221,,0.623773110289152,0.6236680600646362,,0.6250386065365444,0.6246485615661933,,,,,,0.6257415464288574,,,0.6250428161081133,0.6265488256446686,0.6241277230979453,0.6273956703747126,,0.6249062400258225,0.6281142818109449,0.6251150471737649,0.6878851538917851,0.6896376121615104,,0.8072059151730901,0.6838391396971031,0.6838624057002106,0.6847917373615906,,0.6850205260201571,,,0.686063878433499,,,0.6827631986745171,,0.6820608543194805,,,0.6844499594107906,0.683377773526402,0.685106852144289,,0.6846081970541589,,,0.6859577080456466,0.6845075271429543,0.5905667958403195,0.5899587718339552,0.5885882360131776,,,0.3650876343247737,0.36519094411316355,,,0.36392306313975786,0.4436303633983366,0.4423127382997735,,0.44293278962862803,0.4446900479703985,0.44270499661359974,0.44350045836450647,,,0.4427102217461025,0.4429848176141782,0.44246866152499825,,0.4434759945703177,0.44369218633989205,0.4422880890071034,0.44388485155848867,0.4414894281425156,,0.44305739645793635,0.44266636656672337,,0.443474420804275,0.44362428047754293,,,,0.4426316516900519,0.44280008681949545,0.4419197747760026,0.4428157183606469,0.44267560987325444,0.4415119836129503,0.4444724112398328,0.44353982162084604,0.442833501978699,0.44188225065766173,0.44179494903680117,,0.4420315827983373,,0.4423770169801485,0.4415701727672673,0.7613903111359935,0.762603046261444,0.7600402165835815,0.7615271837462217,0.7595189083961817,0.7619803663011555,0.7612388794946082,0.7612374128257564,,,0.7604031141194612,,,,0.7610483447427969,0.7602572741910495,,0.760543591168257,0.7609086343513145,,0.7600879317098221,,0.7599545399525282,0.7615335222044822,0.7602999174952002,0.760973422791536,,0.7595381159579064,,0.7607832449325712,,0.75978330794459,,,0.7607611681247074,0.7593908653906956,,,,,,0.7619821931390807,,,0.7577960811782153,0.38054050264157,0.37949743082576576,0.38085048038218133,,,,,,,,0.37960568365751957,,,0.380943925968275,,0.38057862231742257,0.3815062508950069,,,0.38052948133683795,0.3805188433563117,0.37968427970356566,0.38050299341807636,0.38050065173920566,0.3807031136299116,,,0.37923103782363826,,0.3801519426159669,,0.37979531092916513,,,0.3794545472643146,0.3798265422881819,,0.3801545409226181,,0.3803073096598047,0.38065696774363195,,,0.3815212286222854,0.38049063228514135,0.37928016642243256,,0.38096240687891886,,0.38065294563608376,,0.38007802838742955,0.3811881653589746,0.38662494282822857,,0.38557845924215595,0.4701921219032483,,,0.356522277056515,0.3562841026982627,,,,,,,0.488283190819561,0.4870575437593981,0.48897621996062457,0.4888337337499937,0.4874450721209162,0.4892995827648503,0.4898515005376813,0.48766351141260456,,0.48799643910807805,0.4885377565465368,0.4874425735873279,0.4888680415770339,0.4864486760645383,0.48990995747986243,,,0.48871104527215725,0.4884462451343981,,0.48865005273462897,0.48830928248434724,0.48926923801390043,0.4876123437986961,0.48784426417058757,0.4862777979306936,,0.4884864241938492,0.4878442885908102,,,0.4881620367173438,,,0.4877513720814977,0.48638308966489585,,0.4758701742521574,0.4753537402554143,0.47555537015610466,0.47615159461717954,,0.47614099037143565,0.4756635133010978,0.4750693646798708,0.47597195547314086,0.4759211354808548,,,0.4752591501415926,0.47521601789175577,0.4767935611464001,,,,0.476601989138319,,0.47573265161047873,,,,0.4763547299336202,0.47539520850159606,0.47714618898048144,0.4749007479578951,,,0.47415430159235444,0.47551624996804104,,,0.7715390098868183,0.773569081888336,,0.7730765289368431,,0.774496703346834,0.7730627735502904,,,0.7709064306750986,,0.7689534311595897,,0.770942310084756,0.7716560393492915,0.7722842127798771,,0.770023772233029,,,,,0.7700127506937557,,,,,0.7749349156383638,0.7710460589388036,,0.7729239007448103,0.7741466640589363,0.7721430343035715,0.7749276247769245,,,,,0.7724868381349402,,0.7729537589774098,,0.7763978195046884,,0.7729936276990094,0.7726440108558981,0.7737285749969598,,,,0.7719961731178778,0.7708544496480414,0.7734381230146787,,0.7731355780312232,,0.769687249922277,,0.7706572031259247,,0.7695361402019542,,,0.7714693333244416,0.7718617177940871,0.7709455847121002,,0.7709496793856324,0.7730689343884671,,,0.7731192670548458,0.7722157293746621,0.7694681044086332,,0.7702563083848604,0.7715853162093347,,0.7737690860587871,0.7734566301485171,,,,,0.4402796920396986,,0.44031823882298843,,0.49530460302037727,0.4950939433254286,0.4943092689691431,0.4954368709939381,,,,,0.4178702641915518,0.41731005487315465,0.4179456582501063,,0.3689977095703126,,0.3564181654060884,,,,0.35272401201683773,0.35168471370876525,,0.34536719352165496,0.3459339391701665,0.3215744056290204,0.260012875469848,0.7581794863905205,0.22484754964549608,,,,,,,0.11427676019288878,0.11426092314777876,0.11394525163961541,0.11461293454032137,0.14134550950141167,,,,,,0.08784612666615776,0.08776289512263567,0.08806089175232246,0.0879224205957217,0.087882430125084,0.08786618437650162,,0.0880015689652978,0.08805442997365497,0.08802125353792463,,,0.08776721272122753,0.088028682690165,,,,0.7995174880309665,0.7984345706710263,,0.7985331803878676,0.8003974276161981,,,,0.04084420628287067,,0.04083516999883544,0.04080102504154333,0.040788865717276156,,,,0.7828280910356079,0.7828555508709051,4.7112216084133414e-05,,,,,,4.721493981126906e-05,,4.730650417174845e-05,4.7228163330575975e-05,,4.730226226202589e-05,4.7231580809310466e-05,4.735449682119658e-05,4.718609502605e-05,,,4.7270145207392923e-05,,4.72003734196696e-05,,4.726695446579754e-05,,4.7216344016032014e-05,,4.72499820680642e-05,4.723838614721057e-05,4.717175905933688e-05,4.722743888084436e-05,4.728087818809817e-05,4.7171412793201686e-05,4.723415933111858e-05,4.721160351958059e-05,4.712841039588475e-05,4.70918193097661e-05,,4.728020539828155e-05,4.713260875693404e-05,4.719239254699336e-05,4.717688321219291e-05,4.7149795620168854e-05,4.7110715922883166e-05,,4.7302079757440224e-05,4.728664071133586e-05,4.717107766733995e-05,4.727341950435223e-05,4.7236161334939304e-05,,4.718606815023848e-05,,,4.706685179692579e-05,4.721626053369034e-05,,,,,,4.733524299585642e-05,0.46315867105045916,,,,0.46265384997205933,0.4636081007720317,0.4640507257620032,0.4634270131608692,,,0.4630346471251085,,0.5151792338091844,0.51581761285405,,0.5148462970376462,,,,,0.5144530248472281,,,,,0.5150029879892161,0.5148560276116858,,0.5143323060169729,,0.5128600721711242,,,0.4643146119256524,0.4653018444153452,0.4643798121190326,0.4659325426017579,0.46520510766634815,,0.7774911303980734,,0.7770173853052598,,,0.7757368192816962,0.776909450949643,0.7763756091880156,0.775830253616481,,,,0.7777390619732159,,0.5125830378005102,0.512195515133086,0.51288223307351,,,0.5150467358941768,0.5173986629534867,0.5147727804722882,0.5144173119790132,,0.5153810516214035,0.5151497960234636,,0.5150308440044543,0.5140936109379503,0.78002815739318,0.7780940003126054,0.7790956230674573,,,,0.7763734461644709,0.46471331050945414,,,,0.46389935200357024,0.46338164669024035,,0.4638973374774637,0.4624153930992535,0.4634032186760172,0.4638240370687331,,,,,0.4647036255908523,0.4665115411108955,0.4648311127874418,0.46502206801258744,,0.4650572542088711,,0.4640165578878889,,0.46340763188135414,0.4635629121712433,,,0.7805891625853373,0.7798061359301931,,0.7795605140618704,,0.7785068365712612,,,0.7791983269088762,0.7759062898876566,,0.7778649668284529,0.7783272656603798,,0.7769002050488026,,0.7767550590785873,0.7779702920108427,0.7793641857714789,,0.7797992798292755,0.7783729344413414,0.7774599195374412,,,0.2605828196539529,0.2612899962056551,,,0.26099961032516844,0.2604037892446874,0.6290132755896319,0.6687836023359458,,0.6356343061265303,0.634180230379539,4.9241111942002785e-05,0.6664242369299135,0.6677727139473445,,0.6666281859724574,,,,0.664490703320152,,0.6684985636108585,0.6667023302423035,0.6636018677442878,,,,,0.6673684913379381,0.6644634108662602,0.6665652701082784,0.666026814207041,0.6667496384717899,,0.6667583256777329,0.6667933915803017,,,,0.668037142497378,,,,0.6665088471912433,0.6677646187676427,0.6669508012243108,0.6669206300535998,,0.6657970572932755,,,,0.6662832009855225,,,,0.6683650514997558,,,,0.6679648826638329,0.6672471222452471,0.6669763666576451,,0.6668234790121914,,0.6648125141810011,0.6672970861446196,,,,,0.6655558456861925,0.6650734271166362,0.6647590135989484,,,0.6670702297601155,0.6629374234243144,0.6666565653724069,0.6659824850449533,,,,0.6667855346794964,0.6659928596325208,0.665521525951938,,0.6673489503286018,0.6660588771299675,,0.666089002442068,0.6655316266691196,,0.6663794072775494,0.6674584336730273,,0.6657800772755164,0.6640591855605031,,,0.6654164076795246,0.66643644256327,0.6653041024509116,0.6646266805410223,0.6657104010030452,0.6679531764101313,0.6669622133898552,,0.6672387680454637,,0.6669349691510968,0.6661011907428687,,,0.6690754787888429,0.6669574723849767,0.6666132141755763,,,0.6669105365758399,0.6648645830597254,0.6669543386176174,0.6674849355120666,0.6657827428954335,,0.6657662766649481,0.6659850473333233,,0.6685485640917956,0.6673741959684101,,,,0.6676939616111688,0.666682222330112,,0.6658781834227848,0.6650393571520801,,,0.6669453474369925,0.6672927616855409,,,,0.6665840953628295,,0.6660367514687353,0.6683017885372081,,0.6668668261266448,,0.6679893129644405,,0.6656339150718823,,0.6663785511937491,,,0.6678365572918158,,0.6669359696601902,0.6655822907997727,0.6649049655738611,0.6660280236753428,0.6653836796825177,,0.6650434931384862,,0.6646936213339413,0.6675336614554601,,0.6651678570512545,0.6645904805179202,0.6669687000240441,0.6672066149374621,0.6665183854361645,0.6687196970119602,0.6667761847217162,0.5988848064558938,,0.5990440914012414,,,,0.7362949299532805,0.7371369411570597,0.6569311973030122,0.6553063656886878,0.8195626162060421,0.8214206561683308
4,4,DG_8pct,16,Z12_F09,12,3PH,182907,182153,True,2956.1743502378067,2989.9357140330662,2991.7490138903395,3124.9274680035705,3120.132523195731,35.407502789484944,7.167810135853191,3145.287020861273,3169.4441512565318,3238.649256736566,3223.256313591921,3236.463988496124,0.00023481402257759498,11.639933256291478,17.351227444018313,8.37596397291898,28.53456648429086,10.82149260791417,21.80829517935205,48.92803532029172,0.7911538917013095,0.7915046423432103,,,0.7946687450234267,0.7916407730563689,0.7452690453218639,0.680606966872999,0.6793566008251695,0.6822454551104552,,0.6894302127888554,,,0.6879946338896183,0.689761385960814,0.6920834675240367,0.6895678209186744,0.6881952942639203,,,,,,,,0.671605665218714,0.6718945116722104,,0.6843578981094046,0.6833549157176957,,,0.6828166386938455,0.681718860664538,0.6647014903723374,0.640274897336526,0.6408137584498513,0.6381547271348402,,,,,0.6445771199398458,0.6460786461824568,0.6452544506905163,,,0.6454756400172152,,,0.6455070744756236,0.646436820789412,0.6457323392072939,,,0.6476580887747146,0.6413061970834383,0.643879644604723,0.6431758510795398,0.6413709836682668,,,0.637463584006968,0.6391919406223797,0.6377565744681217,0.6392284626119437,0.6387221886009615,,0.636446677462362,0.6383110804400343,0.6370943528063694,0.6371208711897595,0.6394354404461124,,0.6385801171523274,0.6357507429731932,0.6381744122807796,,0.6381555945481326,,0.6393618041088833,0.6380233012170796,,,0.6115945298012344,0.6093560657020199,0.6118624905833001,,,0.40006676524822427,,0.3994805275023257,,0.3996504514623631,,0.40515895658146683,0.40557821834257496,0.4044522517020214,,,,0.4057034664816942,0.4048380360261144,,0.40427826368095027,0.40431977259378843,,,0.40443841347508486,0.4053133567390781,,,0.40456352827787617,0.4041180673059954,0.4028740603823679,0.4035993059006082,,0.4053568995635136,,0.4035985059982091,0.4040113835864529,0.4056105159425569,0.4038484668650213,0.40540884279275813,0.40465085641207826,0.4040327954269252,0.40418549071501486,0.40484532953549285,,,,0.4040946474860109,0.4038204745028108,0.4047934125123805,,,,0.40381547242258164,0.40481844118982835,,,0.4043705994945982,0.4047531965207943,0.4039353417721515,,0.4035925283927963,0.40297178672722445,,0.40322238748112255,0.40455833984470546,,,0.4036239796690238,,,0.4036035813019955,,0.40334808150721757,,0.4046773464318932,,,0.4037696552584623,0.40354139717446275,0.4037762598109101,,,0.4028897920726381,0.40488863531892894,0.40431385169674894,0.40344613630713705,0.40437533278080584,,0.40274139986809304,0.40338771552004826,0.4046009027223538,,0.4036225396210378,0.40458857261422204,0.4038947416108181,0.4037339889249884,0.40361625955944747,,0.4043938895955579,,0.40464286502507035,0.4038502908108116,,,,,0.4048877515525699,0.4047162141339514,,,,,0.40522171235979193,,0.4041099764980977,0.40540317055983416,,0.40514622550647894,0.40555721509138265,,,,0.40526692012432997,0.40348416098346473,,,,0.4041789655814417,0.4033262157430132,0.4038470001305358,0.4048383708509569,,0.40466352400116745,0.4053548676899664,0.404686963143645,0.4060760564939682,,0.4059835786988994,0.40483209798293934,0.40592045296667195,0.4044299019636591,0.4061812648416855,,,0.40314280384324463,0.40583860283888123,,0.405017532896226,,0.40339977093097845,0.4139425125012217,0.4131163321384355,0.4133137700483969,,,0.39393358701090203,,,,,0.3930161027754481,,0.4515114197802828,0.45045515159070587,0.45086678444027684,,,0.45026873191564143,,0.4502717236263672,,0.45173520152248,,0.4505637745839332,,,,0.4509741949737064,,0.4511216535669444,,0.44990116853031076,0.45034053491858506,,0.44962494095546207,0.4507807597727189,0.4480598075011785,0.45010836125112397,,,,0.4490741104712128,,0.4503865984881384,0.4500330815568366,,,0.4505490212785214,0.44932492362498627,0.44974668598227996,0.45043054198604826,0.4392272282183075,,0.4386758393441204,0.4397826249166111,0.43869721289364105,0.43850773784268826,,,,0.43964043514651985,,,0.4391587059433846,0.4388059344697022,0.4389551952176618,0.4383670218160747,0.4388255861977963,0.4391193055015194,,,0.43995818091442407,,,0.43863455765549,,0.43916232229467916,,0.43919089501690145,,0.4387722639979069,,0.43892543730926087,,0.4484083901955646,0.4510030514883325,,0.45004807346990244,0.4507865518840839,0.4483352215103134,0.4481507527718447,0.44951218770222706,0.44770374400356205,0.4500912240005875,,0.4378848087621357,,0.43737512362589875,0.43715148208274845,,0.4376174944084712,,,0.43777711472081776,,,0.43832443540478494,0.4369947780418424,0.4359647646855607,0.4489323012155018,0.44923022337598817,,,0.4485634675178087,0.4484360142808873,,,0.4490617415118197,0.44881632579139946,0.44913586582416026,0.4492813929959331,,0.4489110562099094,,0.4476083221430037,0.4494585928732928,,0.4494965320384655,0.44966287458368176,0.44832461362092374,,0.4503649538946464,0.4492025670027798,,0.4481511230938391,,,0.45074896329483566,,,,,0.43725224435658183,,0.4373008710926603,,,,0.4385151431090994,0.4369652987144553,0.43756157344735536,0.4386686303571341,0.4382170529310575,,0.4380394925884506,,,0.4391633152369812,0.43903666615869974,0.43799240082065394,0.4375931210948119,0.43813880701710156,0.4380129073486219,,,,,0.43854458009349345,0.43858558995300123,0.4562806955646972,,0.45530352763611376,0.45658942451753937,0.45585525242403924,0.4565877650465116,,0.45611658018793927,,,,0.4467480085431611,0.4463841638111141,,0.445075467830461,,0.39583609658613994,0.39560070250062424,0.39314619140013596,0.39187861404528085,0.39196669681107205,,0.38175478567160864,0.3817876627428257,0.37149562172772843,0.3722905425010087,0.37209749543503473,0.3051165940067545,,0.3039349782575182,0.22875272177613482,0.22794033167645913,,0.19360786358115928,0.19409493615249737,0.19295788886850296,,0.16553793269673517,0.16488793050786804,0.16490781847325262,0.16525803935958494,,0.1652816565633888,0.16538917302832534,,0.1131408138028417,0.14155706521385372,0.14182955571114428,0.14179423816618536,,0.14121444428402133,,0.1416101978240509,0.14151503354021086,0.14153646262650485,0.14127240939705776,,0.14150362821718254,,,0.14178285366227694,,0.14130756122082977,0.1413284542024714,,4.444221447422125e-05,4.4438605098509334e-05,4.4556307444171275e-05,4.439357259871212e-05,0.05829632265143999,4.460839664883835e-05,4.4603876381496e-05,,,4.473866699799583e-05,,4.468483341585097e-05,4.469839041150703e-05,,4.464299839031858e-05,4.459504567359119e-05,,4.439086896462135e-05,,4.458403627956693e-05,4.438920039010705e-05,,4.464745137394927e-05,,,,,4.455246376180658e-05,4.459588472382446e-05,,,4.446549938822364e-05,4.447473612154991e-05,4.4425799303784424e-05,4.447792633030068e-05,,,4.449528338231161e-05,,,4.4540263401261506e-05,,4.4467380570639516e-05,,4.449127677643925e-05,,,,,,4.461839368980618e-05,,4.432805985946657e-05,4.4530011694207074e-05,,4.4507186222592806e-05,4.452659851691156e-05,,4.454318349012127e-05,4.453191559625268e-05,4.4366947493863704e-05,4.4503362923778646e-05,4.44512402333766e-05,4.447293499896954e-05,4.445537678311428e-05,4.458465899553746e-05,4.467822311634153e-05,4.452586801309049e-05,,4.449634252109285e-05,4.448768285613378e-05,4.454869657386944e-05,4.442047192494678e-05,4.453846137374365e-05,4.4387152668250926e-05,,4.4475501000475606e-05,0.4767652919307808,0.47724600211013707,,0.47693172450163107,,0.47678611297377055,0.47625579110345617,,0.47670793885290885,,0.4763385912388419,0.47609423164315207,,0.475975505965257,0.47548859251121806,0.47634314303365377,,0.47515276805224305,0.4767107545882314,0.47672802331425873,0.47727232888007254,0.47538845640863164,0.4755092160327341,0.47525970372886284,,0.47605771712977174,0.4763336386680161,0.47654315364436145,,0.474421855712461,,0.47746189233330566,0.4766454626271219,,0.478288021492127,,,,,,0.47485840237509536,0.475357076947894,0.4745757183051375,0.47502329049883885,0.47515232340794783,0.47320581484489393,0.4755419340583374,0.4740814864256713,0.4728917222383063,0.4745025409430345,0.47449593334585893,0.4754011638886151,,,0.4755969551713845,0.47439187326354965,0.4771971007733341,0.4764297066468013,,,0.47664579207662483,0.47735299815718557,,0.476879454929799,0.47724450585268413,0.4688237241205461,0.4730285099547217,,0.4769123421612325,,0.4755787778207053,,0.47391451258020245,0.47618393882558674,,0.47682237179617104,0.47582888030886683,0.47718522691830967,,,0.4764487846234921,,0.4770061260720578,,0.47576280202408255,,0.4771877664600531,0.47690025697526245,0.47621236549114315,0.4775656001445767,0.4764160897155249,0.4768574568436063,,,0.4770614629627981,0.477064144092486,0.4770182805845898,0.47584117277835386,,0.4764281120554118,0.4766788648069272,0.4778693625164132,0.4750919941249453,0.47485686513918857,0.4753809831597245,0.4754194746801918,,0.4750762677049695,,0.4756929398561517,0.4761227806706093,0.47559520666639077,,,,0.4747165845331975,,0.47474221530608596,0.47479518142112814,0.474388986889699,0.47420995812333655,0.4748302796030882,,,,0.47432132231831214,0.4747496221325511,0.4738626977807958,0.3041107078302945,,,0.3036927203433202,,0.30397963786890075,,,0.6518159021397559,,0.6540702494003242,0.05874446800795622,,0.6830477389863485,0.6845158399940435,,,0.6829383779434346,0.6842698134953017,,,0.6828183056092695,0.682928656327212,0.6870680673717142,0.682752071996776,,0.6829463189368381,0.6828754139608366,0.682709692463203,0.6849218918589832,,0.6824887464699174,,0.6838745745175999,,0.6821417885533331,,,0.6832602180952715,,,,0.6862295407250997,,,,,,,,,0.6817636241357661,,,0.6835395868766,0.6832678473565607,0.6833623428790636,0.6831431575939956,0.6830473190077386,0.6825282388587252,0.6838792464280941,0.6841590519393796,0.6848199238342799,0.6835358807037302,,0.6846369525058721,0.6848625844891193,,,0.684761679179534,,,0.6799817756433543,0.6838737351264899,0.6822023702011667,0.6844085488141671,,0.6833213767750281,,0.6845784000045871,,,0.6856727883892326,,0.6830963273251036,0.6844189706431743,0.6841172573636228,0.6829920306679589,0.6821085667541643,0.6840954101573112,0.6851360880016464,,0.6845841331356982,0.6833315267135966,,,0.6846222096801886,,0.6820061444792497,0.6834765872965659,0.6842208660004446,0.6858050943620748,,0.6834712250026845,,0.6845323852710956,0.6830447813859626,0.684036955409853,0.6852982511943007,,,0.6851963871824209,,,0.6830909407625054,,0.6834634897008947,0.6837311698980477,0.6856129842180554,0.6827071687498585,0.6827412989756039,,0.6839090294810102,0.6819338732987881,,0.6836911758639981,,0.6817801979439807,,,0.6853842435526288,0.6826504203431814,0.6862704915085652,,,,,,0.6825699445420186,,0.6837263928227505,0.68361655657616,,,0.6822997666338352,,,0.6824976659965625,0.6840817961818032,,0.6824694912915176,0.6845583337263521,0.685122498265872,,0.6839840542118276,0.6842524495045302,0.6848952461783482,0.6823844190923117,,,,,0.6846989431639782,0.6813472872632873,0.6841066675816689,0.6827842421750933,0.6840926678808127,,0.6846259666193885,0.6830574509410516,0.6832384350237038,0.6841221866029721,0.6834653820062151,,0.6845552638536223,0.6825369654115917,0.6834229238265099,,0.6834048761168265,0.6835455834199793,0.6155269604617558,0.616412648690184,0.6159598077111569,,0.6582064427904176,,,,,,,0.6878254061037709
4,4,DG_8pct,16,Z12_F10,12,3PH,182910,182155,True,3118.7631253586087,3167.0700996495852,3180.994159966335,3291.892010205687,3299.069556512384,32.99565824171676,6.6159335167714515,3305.8288098971225,3322.4721801980154,3400.288389748856,3413.0075169755,1.324558143648469,0.03950436931716977,11.164286173426309,16.670896853524326,7.753606753692062,26.161592235823726,9.989117167524876,20.069460118494582,41.252587448013706,,0.7827652840938099,,0.7864042799632707,,,,0.6654660370863097,0.6647029978645921,,0.6640294923185464,,,0.6723281533047,0.6743662701035287,0.6726271605254459,,0.6760824218086626,,,0.6662773303883572,0.6630831243744546,,,0.6668735290438106,,,,,0.666645726666034,0.6680810088980648,,0.6680433930712466,0.666064815223328,,,0.6213827236486179,,0.6207147607186098,0.6257272262314881,0.6257442554655788,0.6254126701567913,0.6283021827997207,,0.6263612432742253,0.6287461918803736,0.6258035463722961,0.6251413396217798,0.6270308831276881,0.6288087068526659,0.6301055530095722,,0.6259745297896414,0.6267353022063401,0.6274952180064881,,0.6270100810032608,0.623590229674703,,,0.622765918226885,0.6183767069489622,,0.6175091581303843,0.6180741603221099,0.6175324065761513,,,0.6184261350324799,,,0.6176543962989335,0.6179078206199149,0.6189175587757393,,0.6174295697079127,0.6185201357743371,0.6200007345948635,,0.6172334830000196,,,,,0.6183607196104457,0.5898963827184117,0.5914646495968707,0.5921632214237356,,0.3668094958548214,,0.3672140903616652,0.367097103256731,,,,0.3711957839773445,0.37183079730206364,,0.37212582949678613,0.3707686923799243,0.37115248274392854,,0.37114710381448235,,0.3723892194153981,,0.37231020219643896,,0.3717698255408412,,0.37328680082051113,0.37096031768357524,,,0.37214845935995206,0.3711905720817144,0.37030145628389183,0.37116174787898004,0.37105522561982496,0.37084648083257993,0.371084223783851,,0.37131254643255335,0.37184381666946564,0.370973338320195,,,0.3711107294283559,,0.37126375121696464,0.37148187485595446,0.37152651762675387,0.3722470225713241,0.3709185208876778,0.37112296105755554,0.3712200287168538,0.36976639767500286,,,0.37145050916801076,0.37173735440710465,,,,0.37208132067062694,0.3703906540087704,0.3706402623077532,0.3708019649137611,0.3704565640913141,0.3717016687433081,0.3707054080549837,0.3711552871575768,0.3709003540844666,,0.37110344956919655,,,,0.3706451240128418,0.3714535615406424,0.3724321881568378,,,,0.37191435402589007,0.3717983151386545,0.3695697849206248,,0.37106519229491,,0.370035062838819,,,,,,0.3708077289962691,,0.3704962661443353,0.37160820973297115,0.3706726665934715,0.37131943597233147,0.37148740601285973,,,0.3713098744592062,0.37138982712775315,0.37195847819929617,,0.3720347371487017,,0.3719698523117207,0.37323637596037923,0.3717048571935006,,0.37179546638291744,0.37163264081469355,,0.3718457443230521,,,0.3719411720456095,0.3724900723799813,,0.3720899021882127,0.37206650147503995,0.37067273203530354,0.37267247392612124,0.37129601879900914,0.37114865903498073,0.37181255552131226,,,,,,,,,0.37130485967654203,,0.3718203571190688,,,0.3725340115013131,0.3719983441386817,,0.3724171894387842,0.37216140738703907,0.3718216373793341,0.37229495684026714,0.371497155596361,,0.37059862428873774,,,,0.3820936180049193,,,0.36016959760854794,0.360601124605476,,0.36017458035000816,,0.3593782155896142,0.42112417289587767,0.4211693025395606,,0.4209185465891124,0.4204254317568529,,,0.42101237027333555,,0.4203482618831381,0.4194696384119549,0.4214118932421865,0.4208363777056483,0.4212396275266656,0.42150902092744447,,,,0.4201418217094843,,,0.42087787482260497,0.4195578174563293,0.42020295144555025,,0.418818982102865,0.41960230474495935,0.4204212160578316,,0.4203376535151459,,,,,0.41986385967847434,0.4205341856215211,0.41992179552135095,0.42007342404698084,0.4205586228648057,,,0.40834301387250627,,,0.4088187095530272,,0.40725052542205786,0.4093063011008652,0.40888133122953346,,,,0.4085704576835439,0.40742106796011274,0.40844831844069157,,,,,,0.40781563805315607,0.4086563974829452,,0.40816007021377587,0.4075086642801839,,0.4087818856390963,,0.4082209340110453,0.40778452443437113,,0.40872588946606564,,,0.4179600524624133,0.4212893646652229,,0.41998718197707674,0.4191762300974539,0.4186724142995994,,,0.4202025836944917,0.4085560792677219,,0.4074031286934017,,,,,0.40765489246346026,,0.40757289223641036,,,,0.407852446932961,,0.41907479134063763,0.4191086798991015,0.42041377768609733,0.4203255039344543,,0.4179125899325313,,0.41862443030729846,,,0.4190939899910932,,0.4185145492123593,0.4204048611527916,0.4194451881035076,0.420457945855761,0.42040655583558517,0.41906596536211366,0.41939197445080767,0.4197326118986583,,,0.4187448431378604,0.41958540091247204,0.41936168228568355,0.4189067339743451,0.4194911452667567,0.4200644312041725,,0.41968162658749536,,0.4063903244607859,0.4074525047895149,0.40715121626738887,,,,,,,0.40813446334250536,0.4069059501150732,0.40721479457873666,,0.40670151237635216,0.4077721526883815,,0.4065410881185779,0.4079441664986227,0.4074758446943921,0.40774604743144505,0.40804569955186226,0.4071481828066135,,,0.4069438052914744,,0.40806445405999564,0.4078382685744021,0.40769634472622873,,,0.42636461329129965,0.42747262510049044,,0.42727548614185823,0.42735251709944533,0.4256747633870107,,0.4168406345807449,0.418002963540005,0.41790047769036476,,0.41768251960400876,,0.36278019124933714,,,,,,,0.3503810948920855,0.3511255283648788,0.33991647450428775,,0.3402600959988948,0.2664737498274798,,0.26649614021454326,0.18570080872854272,,0.1857314531093004,0.14893555373890754,0.14888530550791337,0.1488047600187834,0.11891472213430102,,0.11920792151058306,,,0.1194729754008299,0.1193867105021849,0.11912538289571631,0.06409423167217398,0.06390282566983148,0.09461747253141176,,0.09445223974308152,0.09442492047005711,,0.09458297660582093,0.09477412846165754,,,0.09458681625962188,,,0.09473298364307597,,0.09453459613718326,,0.09470710894621756,0.09469855339702704,0.007543297116144737,,,0.007553153084231862,,,0.007592152958191018,0.0076063813028543975,0.0076142580871461935,0.007592217701103622,0.007599619843705012,0.007610678249356725,0.00759568801696191,0.007596642897287591,,,,,0.007556058831511242,0.007568363984672757,,0.00757284018945025,0.007581346014933387,0.007581028215106728,0.0075577139868186335,0.007585243624235595,0.007554159419238321,,0.0075610716739525265,0.007555336972878914,0.007555090780017364,,0.007548719421767484,,0.007572613383455755,0.00754743738409658,0.0075375695516676795,0.0075608602123743845,0.007561832405775566,0.0075575880816197835,0.007572043246902508,0.007572013064678929,0.00756798508096548,0.007554844875334944,0.0075585976749762435,0.007572705556500157,0.007547277240480899,0.007552211706191558,0.007580410242793712,,0.007549248788581472,,0.00756130334540892,0.007534878275491785,0.007553911924471962,,0.0075575518833758655,0.007583268209748228,0.007562269402296265,0.007562152543492609,,,0.00754484864089121,0.007571229782910029,0.007579232727945992,0.007569205279857251,0.007585866666900246,,0.007554456404576056,0.007566132579538977,,0.007582487999538443,,,0.007578936007470673,0.007576014128748313,0.0075723678420824584,,,0.4480216371257193,,0.4475267117401631,0.44826873186350136,,0.447822397946648,0.44825507952649774,0.4477982503955007,,,,,,,,,0.44812145973498113,0.4489266126390803,0.4488912865644581,,,0.4471557436595101,,,0.44738933549221166,0.4485969775628346,,0.44849398523941,,,0.4496743763101031,0.44966760212164286,,,0.44902891077903745,,0.44930900274780683,0.4490462423739504,,0.447358647090864,,0.4471944824888478,,,0.4461169082154336,,,0.446714098984087,,0.4468642564079704,,0.4479119226166299,0.448463373250432,0.4487303693295839,0.44816331267081116,0.4471265047694115,0.448114457913909,0.44759262951270046,,0.45026276494553624,0.4472098131567224,0.4482264638301141,0.4471616223235383,0.4485716325862392,0.44228353739974224,,0.44674517389632024,0.4470560895737412,0.44876086240116886,,,0.4483059486799436,0.44887542785131057,0.4476576595827906,0.44816747803538115,,0.4498897800582569,0.44893975386920437,0.45058637079855657,0.4499273972317304,0.4490706092159102,,0.44985451705578244,0.4497144926546485,0.4491806221324711,,,0.4488056268567645,0.44931421284773204,0.45024484637579953,0.449223149308348,,0.44912536521770374,0.4496778800298129,0.4480186644050555,0.44796327616204734,,,,,0.44966525107531885,0.4479712626305176,0.4476573507649792,,0.4490938678175042,0.4475707685019488,,,0.4478298241335559,0.44787443623651174,,,,,0.4473162320870903,0.4474165174389144,0.44621465470810895,0.44587362518588136,0.44668286910848953,,0.4476480751453264,,,0.44781287457162106,0.447749568587044,,,,0.26509342143601716,,0.2648127174923061,,,0.6390501364574985,0.6850136526032272,,,0.6354662991703786,,,0.667800589892376,,0.667919529061102,0.6683878481839413,0.6684467434574461,0.6671980004264307,0.6682157391683056,0.6661182882901978,,0.6672345572740043,0.6647713358838233,0.6669654135305034,0.6666708196515543,0.6681318524804244,0.6670187275680918,0.6691398677577146,,,,0.667001934749937,0.6668455523744301,,0.6682291406274133,0.6690280084983689,,0.6670257029854632,0.6677452333155163,0.6678225694615039,,0.6693769668751406,,0.6651887601272171,,,,0.6679646743885426,,0.6672711430341906,0.6655068816559488,0.6675786162482369,0.6664743287573208,,0.6672050302904623,0.6676864312771592,0.6694285628654436,,,0.6674078904180408,,0.6671467058062249,0.6685655036723309,,0.6660533197459155,0.6691002482693073,0.6697110256236355,0.6671363172192154,0.6686425665410682,0.6675782695904046,0.6689621978295793,0.6679841178779639,,0.6698624620561792,0.6670023443952832,,0.6673658600575082,0.6665386439234197,0.6677078349012238,,,,0.6672597137126166,,0.6674098334490449,0.6677209688817052,,,0.6692503791235276,0.667771748937886,,0.6658389431955626,,0.667301142875902,,,,,0.6664450866494072,0.6670456499228844,0.6674725524517477,0.666110149006564,0.6707894472256369,0.6690239873411777,,0.6673834925783314,,0.6667317139094292,,,0.6674123349778891,0.6665561490414096,0.6668376539686647,0.6667553584311557,,,,,0.6670752236049279,0.6666535842826888,,0.6679305654234241,0.6667222828475214,0.6688712813945323,0.6695864486654824,0.6676689731511484,,0.665040632625075,0.6671560808439557,0.6665528948430607,0.6665743188093091,,,,0.6683075539526115,,0.6670513704814872,,,,0.6675798983720455,0.6685980171126488,0.6677842148553292,,,0.6677352221565573,,0.6676521003963755,0.6667460972791562,0.6701116652091677,,,,0.6656565236575139,0.6674964319557999,0.6698210668721007,0.6695441897279871,,0.6692158843163275,0.6669423819807944,,,0.6687100045262688,,,0.6686603605501285,0.6674556031856245,0.6677736896667248,0.6687708898513806,,0.6683701088642968,,0.6669852087162392,0.667582130292925,,0.6693145823474992,,0.6686044169851019,,,,0.5966462012501224,0.6362433398470912,0.6373062856645788,0.6357671488846113,0.6729346462945753,,0.6709307934312775,0.6728599863267063,,0.672336397491872
4,4,DG_8pct,16,Z12_F11,12,3PH,175094,182025,True,3446.1977709193216,3471.687326708039,3473.6896465239142,3580.8535605037946,3564.6324250242283,29.236704666149826,5.758259189632483,3588.6813952330144,3619.310792755092,3654.014776586294,3646.1712958990865,2.1321829465110542,0.06350926039413463,10.497272224666487,15.642353975534968,6.840257045720263,22.165563743766327,8.370011361277149,16.82069671084194,27.837821385987223,0.7674757394347196,,0.7658561678709395,0.7724279999328684,0.7689681359154447,0.7733201763117832,0.7115057594439445,0.6369989348866206,0.6355356010855696,0.6362741600914719,0.6355287830849814,0.6451107826245611,0.6459862882566723,0.6437887613997259,,0.6439698034846196,0.6430226712795982,0.6431254646142291,0.6445270026959491,0.6443827584836254,0.6353453028892345,0.6355033446039386,0.6365417893046601,,,0.6383272250961315,0.6285077730992801,0.6288198852286658,,,,0.6400081658153554,,0.6384235775053864,0.63854370148717,,0.5903576474968503,,0.5916767915863469,0.5929020707550615,0.5921714855261118,0.5917072801307078,0.5948130763396988,,,0.5932201312269189,,,0.5943918474707284,,0.5948434943912975,0.5951048898902881,,0.5937044279147058,0.5945810837172391,,,0.5875645117026355,,,0.5904907419500972,0.5842221155042756,0.5837191253412854,,0.5843673084462171,,0.5852702852538493,0.5835545206273668,,0.5837183518782237,0.5861770052400542,,0.5846292923047762,,,,0.5843817405118775,0.5833605617747344,0.5852702391251048,0.5857222053423824,0.5846603578025771,0.583534024935209,0.5852776370542938,,,0.555540414948352,0.5552210120655894,0.5536809766254802,,0.3114405568614015,,,0.3104225596296877,0.309925607386332,0.3106912648105178,0.3150348835080758,0.3141388707105259,,0.31461875079594376,,,0.3139377189142225,,,0.31475212320022533,0.3135940209612634,0.31396338210185815,,,,,0.31409203253335927,,0.3139904514330168,0.31423137515623234,0.31344974910224527,0.3146640057891545,0.313808897654023,,,0.3140284646962285,,0.31381760393388786,0.31374337159026855,0.3145031021986584,,,,0.31333342963412375,,,,0.3137034874436007,0.3138641320633393,,0.31408415894329905,0.314079897840873,,,,0.313832787967729,0.3156691412733398,0.3128836586698747,,,,,0.3142908790607926,,,,,0.3147873817945462,,,,,,0.31378366853695167,0.31368860442179053,,0.314572532370987,,,0.3131767522815143,0.31462724888985566,0.3139227205680422,0.31431153768234604,0.3139470836256837,0.3136753717997656,,0.3131744207562962,,,0.31365852053815135,,0.313375395141937,0.31355243516711356,,0.3138068496188007,0.314321147749228,,,,0.31390168218959436,,0.3143865782393929,,,0.31399150745831755,0.3139838554617221,0.3143195066623899,,0.3143211223158918,0.31442477570826155,0.3138195808160746,,0.31390099187093334,,0.3137941891365402,0.31455824407789085,,,0.31461345685686387,0.31418902411721866,,0.31404441516424375,,,0.3142783972346036,0.3143560069459648,0.3133061239909859,0.314200767831696,,0.3143213744112757,0.3142048883427023,0.3147815922902024,0.31569471056558596,,0.31530857321638267,0.31351536540121017,0.3142868074017232,,0.3142550557367797,0.31479445708211506,0.3134787031788258,,0.31504512725236117,0.31365888501601147,0.31460284805884126,0.31401985376337826,0.3139820628320375,0.31495118737814365,,,0.31463053305448946,0.3309713194171119,0.33077560159614877,,0.34999211433183314,0.30203188769338596,0.3020233910188844,0.3023890916305124,0.30157926155267795,0.3020358503414524,,,0.3693492975442958,0.3696588649604774,0.3688234808697064,,0.3701575739433532,0.3693767719208989,0.3700577332253715,0.3696364145584844,0.36993344038259224,0.3706100990581696,0.3692041655486035,,,,,,,0.36943852695558194,0.36897273784980705,0.3696037857891469,0.3694102458877054,,,,,0.3696197161609777,,0.36958738141979686,0.36935881578244684,0.37129971613742097,0.36954825166406796,0.3702825072242353,,0.3696949802063765,,0.36932609265557936,,0.36952304422793325,,0.3697140414585576,,0.3555720427565422,0.3559532950518346,0.3556187484235695,0.35526480703305263,,0.35443217995025156,,0.35569255495165436,,0.3574999894064094,0.35580448314432994,0.35669541268274824,0.35578887841652934,0.35633997018345864,,0.35602083887743396,0.3563969218077831,0.35578996481717257,0.3554037635699828,0.3556913705980673,,0.3567259930535827,0.3563206645689189,,,0.3553993329137701,,,0.355752055832101,0.3561129244831373,0.3556660136277371,0.36912909644302744,,0.368668027636074,0.3687774082357852,0.3680254034415969,,0.368634316911098,0.36913111294680095,0.368635889471695,0.36887746598262183,0.36947398466710185,,0.35467193726317703,,,0.3549293240325579,0.35503954629733786,0.356226319699954,0.3546250096879079,,,0.35408322060715736,,0.354867073866809,0.35451854667296706,0.35572860988678207,0.3679484972298986,,0.36822646856163804,0.36911826232563494,0.3682976479069189,,0.36806610830750813,0.3673989230868255,0.36932578604503785,,,,0.36944115296318986,0.3692269156535767,0.36949858351814935,0.3686043555806989,,0.3687539083877021,,,0.37037301123583444,0.368996339455882,0.3677732904761658,,0.36870291365055424,,0.36852675163262577,,,0.36823440459876633,0.36833616066584385,0.35470381798170186,,,,0.35382400106970496,0.35603941650842325,0.35459051459149343,0.3554866600302818,0.3539598248652214,,0.3554426945301032,0.35460303823358447,0.35547192052994414,,0.3545831046853578,,0.35552644418418217,0.35594971048161794,0.3548935281374749,0.35635837846888685,0.35602568320531564,,0.35578869490058457,0.3557652797270639,,,0.35522167193329623,0.356196178354951,0.35521571358265563,,,0.376751225518968,,,0.3765494695394973,0.3767672618006895,0.3772823002634746,0.3772256990319773,0.3691406629231651,0.36899701191998735,0.3692579948092097,0.3680226647040534,0.368409006843935,,,0.305223012272511,0.3035240349127272,,,0.3012708104232122,0.29480931825235807,0.2946344563807252,0.2940931825597173,0.2857559216414145,0.286358383247418,,,0.19731577170501016,0.19661362607100388,,0.10965503074413167,0.10921600750491121,0.06982530101875396,0.06996765406118463,,0.03822440277331266,,,,0.03823095752696632,0.038217283427465054,0.038225549310225676,0.038044456092591744,0.012095609002101656,,5.022911381878596e-05,,,,,,5.0119813566635636e-05,5.0081659954550214e-05,,,5.015464167666459e-05,5.014049655534362e-05,5.017477849300791e-05,5.0250317767789155e-05,5.00209682508171e-05,5.019428504511328e-05,5.009362035674238e-05,,0.01213905774235958,0.012145468076318472,0.012130485094666748,,0.012165633584714437,,,0.012208748800034256,,0.01222903112866507,,,,,,0.012200515626694455,,,0.01218684634888647,0.01219361264670705,,,0.012189969341449213,,,,,0.01218501851990291,0.012178140223037254,,0.012160838299292194,,0.012157919780253346,,0.012164805965321657,,,0.01215877609540012,0.012142094286409517,0.012183711833391212,,0.012163053122370558,,,,0.012140278312701265,,,,0.012147794189488742,0.012157743762735465,,0.012134626966776575,,0.012174163186207586,,,,,0.01217912983911613,0.01213789245156322,0.012157602505458769,0.01215681850573187,,0.012152344096177705,0.012182878148478623,0.01219008530944575,0.012152368861974783,0.012153167358114407,,0.012126000581933362,0.01212667529864336,0.01212710688807458,,,,0.012163882683150575,,,,,0.402323348663705,,,,,0.40092454516177267,,,,0.401448185393283,0.4012960231341809,,,0.4013992446628091,,0.40069808696029274,,,0.40143612504396775,0.4013350105428152,0.40277153257850323,,0.40031503282570996,0.40129797418325447,0.40085225495349547,0.40119571312541563,,,0.4021140727614399,0.4023275446700384,0.4029911212937978,0.40231391359599017,,0.40213884804367483,0.40185902866171497,,,0.4004846813880834,0.4010208500792352,,0.4014222311833897,,0.39949378787581874,0.39995352794998257,0.40054352848488156,,0.4000686983878559,0.4001419566060631,,0.39968098048829465,,,0.39998859829803163,,0.40080752627615124,0.40202141543298525,0.4018559965848375,0.4021388289938328,,0.40104383675080546,,0.40111258176043046,0.396070263123377,0.4000278867990462,0.4001845973588566,,0.4002745517719575,,,0.4017123558089491,,0.40131878055479886,0.4012857601282279,0.40212018264059346,0.40185447768658566,,0.4015081675744682,,,0.40177168961200327,,,,0.40253701081323445,,,,0.40167440932119064,,0.4006762346929632,0.401998586084814,0.4020283348518665,0.40223526547397037,0.4013706906494814,,0.40104607792340924,0.4014474247691345,0.4020319105809287,,,0.3998857455350628,,,0.4000837827689034,0.40218502263901146,0.40061160187983186,,0.4000957927198433,,,0.3998737603298907,,0.4013769395722632,0.4011659500654001,0.40021221261251894,,,,0.40037371788022724,0.4003794643514752,,0.40098187953916614,,,0.39996857426743787,0.19554536087238117,,0.196561028743282,0.19585752301169426,,0.19678943425226694,0.6099097638209278,,0.6044365467084122,0.6054505334457335,0.6037435052701241,,,0.6385151700471471,,,0.6388763145216235,0.6406223166143065,,,0.6410710412699988,0.6410097452286448,0.6405700556106639,,0.6383006363975161,0.6394484340559056,0.6392203051920812,0.6402639816934094,,0.6377990613107853,0.637573078194255,,0.6408551703368113,0.6397949048711173,0.6384550047499085,0.6398929167535593,0.6386720121387094,,,0.6377606373422182,0.6382516307625562,0.6389410106874636,0.6404025011883513,,,,0.6391253101152836,0.6383451654910394,,0.6392439233723771,,0.6407093701310074,0.6384307246968586,0.6387758224035193,,0.6402921923427153,0.6388046643520288,0.6401724509437843,,0.6372787290944453,,0.6376585913795171,0.6394315538103431,0.63832495871674,0.6403227286344718,0.6404088199190967,0.6394422737807947,0.6388554662400026,0.6385100208687969,0.6391985688940212,,0.6392057083782559,,0.6391622148620987,,0.6400700991521014,,0.6400911624201859,0.6383986176956035,0.640286730085067,0.6377972029074216,0.6403069647582031,0.6394327692038819,,,0.6398138434590797,,,,,0.640968955552087,0.639729452654158,0.6378508879315541,,0.6408210340372353,0.6394284031385384,0.6376547584136544,0.642433931519289,0.6409332301912262,0.6377630420573435,,0.6396895149876002,,,0.639996650381495,0.6404392156279528,,0.6404871416947172,0.6403768144602258,,0.637749338370014,0.6377216806711513,,,0.6402734810664297,0.6395571642155866,0.6380084121947525,,,,,,0.6387137786700513,0.6401693965072828,0.6377295829746901,,0.638432595942184,0.6391635744472268,0.6405739631415478,0.6390909093814694,0.6403795701919855,0.640142697558941,0.639124595488525,0.6393832247810162,0.6390369682728106,,,,,0.6387944605893859,0.6390524933274512,0.6364867992473562,0.639182709743834,0.6397276268527013,0.6399857376117905,,0.6413545361123085,0.6397509924022553,0.6381543871621354,0.640786894185607,0.6387308688550737,0.637298131012318,,0.6401380250106754,,0.6409597482659039,,,,0.637419183965448,0.6398937548581994,0.6392476287448694,0.640314409280807,,,0.6371096233012872,0.6398133866778537,,0.6398115689737058,0.6393397539403773,,,0.6392205652773136,,,0.6409438430029221,0.6398745201001608,0.6400403404829613,0.6396504077476641,0.6392408315335979,,0.5648554428057855,,,0.6072814880009557,0.6048598599360681,,,,0.6450819270515984,0.6445255539981288,
4,4,DG_8pct,16,Z12_F12,12,3PH,175089,182022,True,3485.310177845835,3536.187500677204,3532.181137442444,3650.3226734444415,3627.8395258488845,28.40219178470536,5.574593092179612,3649.5314343881028,3660.383871367163,3694.7298117851456,3694.1910153979243,4.152795523265173,0.12404436638558751,10.330987378013209,15.360636731283803,6.6784904528757885,21.402627952453383,8.144075690971906,16.274027175277585,25.506216778552915,0.7635594012795749,0.7643515565661392,,,,,0.7056308622823312,0.6307792492102884,0.6323942239694991,0.6299628621372216,0.6341777304064329,,0.6413523033534366,,0.6386965705125088,0.6367623151670357,,,0.6409899182603886,0.6392891267004883,,0.6293451005267783,0.6314486738811318,0.6339090190927422,0.6342190736320107,,,,0.6257841984757346,,0.6353556056441385,0.6361812845573763,0.6332566587562455,0.6360339770098424,,0.6125449802535312,,,,0.5865440732439682,0.586171117785446,0.5860460148380107,0.5867152882728176,,0.5876869172294928,0.5852740393312676,0.588602449034132,0.5870038637690846,0.5872939849406272,,,0.5866027673448508,,,0.5874140499928201,0.5874534947153163,0.5890984987320994,0.5833525344379499,,0.5853548142764603,0.5849807034371504,0.5782940102086561,,,0.5777181633620847,0.5776953519108433,,0.5770432132384057,,,,,0.5779669089230832,,0.5777938455341413,,0.5768316037158375,0.5778739354639004,0.5773166416996808,0.5765373336582714,0.5786020948022162,0.5785931872729506,,0.5797488719759224,,0.5472050954620667,0.5481789849709303,,0.3013414548882076,,0.3008576246965484,,0.30054497566988764,0.2993481284803535,0.29992926426231004,,,0.3033780572027245,,0.3037992374399045,,,0.30403812075686704,,,0.3030353170050812,0.30381370272319397,,,,0.30345983991155234,,0.3035260523152091,,,0.3021588428880925,,0.30344269085872855,0.30305501216037295,,0.30385364076993565,,,0.3037920428264438,0.30390079562112654,0.3029869049592329,0.30325263868859653,0.3032570604491819,,0.30375085983029093,0.3031325176481809,0.30331052220714527,,0.3036365142875067,0.30396157072844837,,0.30430965823465506,0.3025607991404002,,0.3035902399398941,0.30351564800666786,0.3039764164110078,,0.30329076613137346,,0.3039899441546861,0.3040254474116612,,0.3040319996754206,,0.3037760639003283,0.303770686558331,0.3034805380846984,0.3032319525235191,,0.3028424695042039,,,0.30353166841247464,0.3032340035113312,0.30329268361343886,0.3020189284956682,0.3030293261134668,,0.3042283519006102,0.3035036930504044,0.30356430188529926,0.30317484523674876,0.3041892469641204,0.30276553505689213,,0.30242011142948433,0.30223113218371594,0.30291428260406283,,0.30295589761076863,,0.3026105924769995,,0.3029808126662041,,0.3027821251939718,0.30347490416575645,,0.30279745421041376,0.3035837562863248,0.3040141640697567,0.30423097129753846,,,,,,0.30369115649653383,0.3035830892748034,,0.30347144261074566,,,0.3033736406060745,,0.30420501821893875,0.30369477539081635,,,0.30296384118460845,0.30433922484746173,,0.3036739826909121,0.3030434896813915,0.3033684917813443,,,0.30427015931577217,,,0.303774253520395,0.3024653495062272,,,,0.3038130216428438,0.3049490151114658,,,,0.30355840048516847,0.30431160333594703,,0.3037143253403016,0.3027782059656619,,0.3044103870120101,0.30368570124891014,,0.3027717485864191,0.3214377162850904,0.32156401537899953,0.32119261086310286,,,0.2897197395096598,0.2911398070307704,0.2919996378675554,,,0.29154220286254795,,,0.3603547785534586,,,0.3597844027343361,,,,0.36067348085370143,,0.35935910892645045,,0.35970457244878334,0.3605275774564965,,0.3597680792857301,,0.36007284258605654,0.35828443815932526,0.3596447420184995,,0.36030083634003635,0.3592556675459017,0.3606761061879306,,0.3603105768400406,,,,0.3602092655590686,0.3608912166108593,0.36065855305692474,0.36045813907344443,0.36016602795803604,0.3595262068004642,,,0.360386228082125,0.35876144235749025,,,,,0.34619619084421827,0.3465340206293358,0.3463581400964125,0.3462790026867422,0.345872876252126,0.34631166264579877,0.3463011526123799,0.3463322551449442,0.34598855576492704,0.34677311772698577,0.34659474060492523,,,0.3461321004732276,0.3464451482332686,0.3455967369406823,,,0.34603652381830674,0.3470780755524322,0.3467217297882875,0.34554770568930143,,0.3472554956190363,,,0.34573284098570145,0.34641204743209775,,,0.36026274849549733,0.36020913214701744,,,0.35815573832549263,0.3593350680617679,0.3590637790683907,0.35932278132383305,,0.34500032148892673,,0.3454851973344427,0.3449973008083676,,0.345400558001097,,,,0.34491141302082917,,0.34500467854147854,,0.34479255699041855,0.3452113353433279,0.35901878087241235,0.3597136154561818,0.35861271456424104,0.35915400204581865,0.36038281143945167,0.35905353159797515,0.3589805970999605,,0.3586890711714143,0.35953306964413234,,0.35977193134080004,,0.3590022506274586,,0.3588367497003032,0.3593925958095682,,0.3593659085343489,,,0.3600630977203827,,0.3592725840971624,0.3601020910674207,0.36034967859056816,,0.3599903457287032,0.3595179659181822,,0.3591957583155509,0.34500769968072675,,0.3439142299539864,0.34474847467783426,0.3451924046706094,,0.3452966254993998,,0.3446462037423015,0.34562885662547543,,0.34563380992970627,0.3448276655545964,,0.3453400152573439,0.3452356095343163,,0.344918128920052,,,0.34672365657008547,0.3462546675378206,0.34524702551067904,,,0.34541863130340417,,0.3448650394059657,0.34562088363229126,0.3668495162965424,,0.3674113904250719,0.36821168264668674,,0.3663763402426001,,,0.3674046498844959,0.36052874818002073,0.36006434758494255,0.3584246000513434,0.3590210568724395,0.3597249839704766,0.35957517868644373,0.29332985177653903,0.29376885855414897,0.2924711175660172,0.29058518593269467,,0.2898659719735193,0.28417006703320313,,,0.27610187254070984,0.27573230305418006,,,,,,0.09618508044398728,0.09613498995363579,,0.05565387447955182,0.055641789349074565,,5.104442422960033e-05,5.101389685725336e-05,5.107336499858277e-05,5.0947732739920116e-05,,,,0.02353646226036186,0.02359492179336879,,0.02336339802793732,,0.023387369821225072,0.023312526263286833,0.023334919696066322,0.023339773218124,0.023393096210649673,0.023398658241528515,0.02332402829236494,,0.023341277459562992,,0.023370110201805266,0.023439088383449148,,,,0.023669239284628364,,0.02368312724585063,0.023616291124584306,0.023723242608878255,0.023575366482374256,,,0.023749941719661827,,0.023826939183093792,,0.023767748861673352,0.023815272866920905,,0.023770799376075506,,0.023829320278814948,0.023625342102513294,,,0.023630024181731654,,0.023603356021803072,,0.023690103946755088,0.023699023073273054,0.023582889657864693,0.023636212706287983,,,,0.02366016386223709,0.023608737694144205,0.023728603302752213,,0.023730158667266167,0.023707460133215886,0.02371792390535814,0.02362989722958025,,,0.02359683002797743,0.02359171459694703,0.023659291697241056,,0.02363616935375898,0.02357310999543977,,,,,0.02361565408503193,,,0.023615835936092892,0.023653743748071904,0.023658807687720444,,0.023696321227266563,,,0.023607504653014123,0.023663513871160644,,0.023568661208228713,0.023687338790292438,0.0236713517523881,0.023734023829675467,0.02360662701211926,,,0.02361081259166747,0.02367104519093713,0.023699187282797563,,0.023622672461732643,,,,,,,0.39139382463820527,0.39226029029882153,0.3922878762082412,,0.39162473903078,,,,,0.39126816296593386,0.39328101252333897,0.3937850140467831,0.39269020953865924,0.3934848488335928,0.3929658997195476,,0.39279982245742523,0.39221500941736487,,,,,,0.3921997169064087,0.39200202819220353,,0.3928115358385754,0.3936911354755573,0.3934429814703298,0.3933726958705694,0.394410975238895,,,0.393255440643842,,,,0.3911423827170866,,,,0.39118800827954064,0.3903310756640484,0.3915220710176736,,0.392608654864771,0.3910727211706287,0.392408745378762,,,0.3909680800171815,0.391028885448964,0.3927215489217541,,,0.3925778268398334,,,0.3936471556908377,0.391868685359828,0.38732087845199886,,0.3894968840437011,0.3917932227111972,,,0.3920856209740787,0.3920683448186463,,,0.39298645690924705,0.3939597137764547,0.39229409162781353,0.392123001499896,0.3912689510985517,0.39242018016341673,0.3934753138893139,0.39288856893936064,,,,0.39238529100520686,0.3931952312390631,0.3939283551878474,0.39158407980943716,,0.39310404520934444,,,,,,,0.3932968978372896,0.39236261234288555,0.3927039600411159,,0.3927701834963597,0.39105083920557515,,,,0.3916260317977717,,,0.3911836342045049,,,0.3903857290470346,0.39097604462655733,,,0.3907245770332187,0.391420148037749,0.3917942509621703,0.3922860728735677,,,0.3916271441248365,0.3919355879849012,0.39117941927291067,0.39127422163626335,,0.18358981454793596,,0.18436400786028875,,0.18403475494059607,0.18385516078793646,0.6028985696903583,0.6551830404709047,0.5983309353364693,0.5997627765400384,0.6000922216279556,,,,,0.6338105396163642,0.6350735141896023,0.6353607717558101,,0.6351047475014432,0.6358288679494593,0.6335570803711994,0.635376309806759,0.6344545422769725,,0.6336987944096786,,0.63582886039474,0.6319612487567027,,0.6348694882383353,0.6339830681590249,0.6345610830749541,0.6365624897969492,0.6346572163252876,0.6329612572906427,,0.6334061610368044,,,,,,,0.6330959567106043,0.6350041114340735,0.6336994688486887,,0.6352816136929225,0.6330384744130246,0.6345481512892283,0.6334848185581514,0.6320599431901545,0.6338392769439584,,0.6345806854130357,0.6337898150785858,,,,0.6340498325979335,0.6350797422574651,0.6345931609959137,0.6348094560450839,,,,0.6362166842953121,0.6337959577133249,,0.6326143922172649,0.6325083924033039,0.6328769083489673,,,,0.6341837712990552,0.6337497624519262,,0.6331495088271335,0.6351421713724976,,0.6346485334087657,0.6345728878105313,,0.6341811712677509,,0.6329787121975267,,,,,,,0.6344448025251264,0.6333623919977532,0.6330923786243181,0.6323231986584945,0.6346863650628572,0.633719213566912,0.6334851754615869,0.6328370882488651,0.6347318840386248,0.6339317752438483,,0.6338425792269586,0.6339128517274112,,0.6340470414598922,,0.6347006153930685,0.635122176464012,,,0.6343489752719765,,0.6325228738018069,,0.6340570551039146,,0.6332422283189793,0.6344376933441856,0.6330348502607489,0.6331893673435318,0.6339557762584013,,0.6318707360117657,,0.634338706515162,0.6349369119313085,0.6348960686486299,,0.6336944129713069,0.6326679446475458,,0.6335117844752319,0.6325957287373266,0.6355929772882596,,,0.6338138841894173,0.6317070697556948,,0.6355849754408891,,0.6351012394172354,0.6341809758185143,,0.633176427768477,0.6331447476416437,0.6353568546267894,,,0.6325834616449552,0.6357821832624772,,0.634537769771837,,0.6341283170272727,0.6347422413029903,0.6340525232748364,0.6342465304928616,,0.6345088749632127,0.6333235608548146,0.63342835711745,0.6327448170738297,0.6342618638960007,,0.6345801850382679,,,0.6351981289310821,0.6323987780732638,0.6341504481831394,,,0.6329712893354384,,0.6339455630118433,0.5570133655210604,,0.5573632405376289,,0.601613074845223,,,0.6388537040850744,,,0.6372877851611431,0.637126637941699
4,4,DG_8pct,16,Z13_F01,13,SLG_A,182915,182158,True,2211.957949134063,2235.980023451868,2236.953234970349,2382.7154898633858,2366.13081164612,96.96560812170674,17.97676651740664,2489.401563621512,2499.853510272205,2923.9649215020404,2919.2987181192316,3073.689917512424,4.989028921889491,15.16099060388224,20.737667776514957,18.326574843260435,98.38814717803562,26.061356203410536,58.855456322183116,305.7084844775036,0.822786174085125,0.8211042194034011,0.8215249581422257,0.8379044169971273,,,0.881107245042709,0.7358683036171749,,,0.8603087875145596,,0.7521021942855531,,0.8702314793926871,,0.8691158497083583,,,,,,0.7358872986188649,,0.7413398728871253,,0.7304661133877353,,,,0.7399397369053693,0.740672795799486,,0.738648093977859,,0.7351884357887413,0.7178311919864262,0.7167956387567497,0.7164690960895586,,0.7232558119124571,0.7225182022735674,,,,0.7246417329752208,0.7238092585661079,0.7266887989035056,0.7253453948452033,0.724189325886772,,,0.7239672180074168,0.7248041022685116,0.7239946031062595,0.7248675471449451,,0.7118447239671144,0.7133891917864252,0.8723182576532866,,,,0.7081637764168379,0.7073565544353946,,,0.7104886950551026,0.7072956540293236,,0.709519193903393,0.7092640972489406,0.7109545806465457,0.7095623409837386,0.7091147726241592,0.7077894435245996,0.7079525632259044,,0.7089741942163749,,0.7095452494761606,0.7087671354048474,0.7105581251024972,0.7076987724371171,0.7109391198293327,,,0.6975047814851695,,0.6247442696085415,,0.6248125528313693,0.6245638485851694,,0.6235132755757873,0.5176630636005227,,0.5190964003968035,0.5188644381503087,0.5206789979848304,,0.5189239274749999,0.5194846280511042,0.5191952694847098,0.520526444696415,,0.5193758518590817,0.5196384603210926,0.518476770900574,,,0.5194342405091295,0.5193041045708247,,0.518146356049919,0.5189149273746809,0.5179770196830707,,0.5191607251747038,0.5187770714609508,0.5197977849729772,0.5193692852299452,0.5175269322471058,,,,0.5185875379750138,0.5192172793980268,0.5194104945597714,0.5206676838479414,,0.5189659192938354,0.5183095316100242,0.5182436004049474,0.5177960262280559,0.5192076245499402,,,0.9304347229843614,,0.9301324674142453,,0.9293739943082138,0.9314544601030053,0.9296085791820631,0.9323956231756217,0.9278444673989789,0.9319129448002504,0.9313633879744304,,0.9329821987189224,0.9338029460352725,,,,,,0.9304510231310437,0.9309733416432829,0.929585894838086,,0.9313732900504343,0.9302796483127904,0.9312414701602675,0.9281959663243172,0.9311260811937465,,0.9291329188753294,0.9284166879894704,,0.9300135500976787,0.9300509487826069,0.9297240700509188,,,0.9296058121117048,0.9272125705790849,0.9314740735790487,,0.9307216587545025,,0.9307933193163339,0.9304217886668112,0.9111332487485325,,,0.9114806221336998,0.9085716185150605,0.9083333398285776,0.9087581994110896,0.9099334340168846,,0.9145181045996091,0.9106062224406616,0.9084600199284741,,0.9079971314905567,0.9086280660930736,,0.9102775285023691,0.9092516023402827,0.9109909543905238,0.9079392160004429,0.9110175844845743,,0.9075575032204558,0.909812124466154,0.9088891329196752,,0.9106767549168062,0.9122387598051483,,,,,0.9098796375674371,0.9068574875314813,0.9100821923996503,,0.9110454203586126,0.9114737330832821,0.9104355487700917,0.9118725019305198,,,,0.9098662439978369,0.9121076122119963,0.9071663002694131,,0.9065416640073378,0.9097975382226624,0.9108789086453638,0.9116171750495176,0.9112276361254578,0.9084834753919622,0.6254223599468517,,,,,,,,0.6223037430790872,0.6199007797585233,,0.5609858816477846,,0.5593288537366982,,0.560770997649079,0.5618102211736627,,0.5621655242022426,0.5598532611061148,0.5634888184851842,,,0.5606694754132243,0.5587197954695621,0.5613003202809963,,,0.5606267382087157,,0.5633119382422856,0.5608013708430424,,,,,0.561115659018211,0.5606136899823645,0.5611884396396777,0.5601444731156566,,,0.5597483623394203,,0.5610732136071166,,,0.5599957877234145,0.5621429938396454,,0.5601346248149823,0.5500182960322714,0.5510048195524745,,0.5493172773023907,0.5502130274031943,0.550076132334224,,0.5495453244987115,0.5514991170381293,0.5500116416397444,0.549287970458656,0.55143845420889,,,,,0.5501975211085248,,,0.5504824124088394,0.5498700876126645,0.5492864654692795,,0.5500776000962552,0.5498093250281193,,0.5496963651739281,0.5504256523295376,0.5499838749569299,,,0.5510550644998935,0.9346017906411987,,0.9337283252196235,0.9341698014662058,0.9336126394814326,,0.9346855105920616,0.934422193855309,,0.9340315533044281,,0.9311567737792658,,,0.932721043852586,0.9350136957532905,0.932088244143226,0.9331644132610336,,,,0.9339997674270831,,0.9315655956250194,,,,,0.9305667260797489,0.9325948650970955,0.9339983091637738,0.9343106204833302,0.9317680206685323,0.9325253093958619,,,,0.933632901046528,0.9342969351650249,0.9341180395632273,,,,,,,0.9356019981780068,,,,0.9347448440067219,,0.9329622646947465,,0.9357210679892463,0.9344596350589817,0.9316354458007114,0.9328956620860307,0.9331336916603363,0.929178886989749,0.9321304088982277,,0.9339443310464792,,0.932816804465752,,0.9315551919916053,0.9335969475341208,,,0.9360886760752459,0.9324167052043711,0.9330525436280083,,0.934547735923186,0.9349359677440983,,0.9353657742007857,,0.9354852748090176,0.9332075796168418,,0.9343195837088484,0.9364854854840546,0.9334102515386808,0.9327609885851108,0.9131474906994695,,0.9105423346311192,,0.5670772995922361,,0.5666599687532476,0.5678906422432842,0.5673908763376586,0.6505586986396074,,,,,,0.507449742656491,0.9115044334384214,0.9260168428155465,,0.619366781970577,,0.6024904297240186,0.6023347991857921,0.6052121634815566,0.5817121621484554,0.58442360310235,0.5853903564142832,0.4138955160885413,0.9194331492809171,,,,0.9136188477509359,0.303346211742117,0.9497248547745156,0.9113365708904477,0.9587323439667116,0.9589841000085033,0.9590005983545385,0.9573055339260835,,0.2754372326715114,,,0.9709746380166824,,0.5682425165152097,0.5700017005924208,,0.5663242059658676,0.5687549047820782,0.5684024733161722,,0.5687227992876336,,,,,0.5691829416415313,0.5692908641143497,0.5683744447869744,0.5694077003317426,,0.5683099853201194,,,0.8951553266607126,,0.896819029850109,0.8928815822084183,,0.010655191542844689,0.0106420377670875,,1.0230265797230604,,,1.0236349275846588,,,0.8924594796649352,0.8920514468014514,,0.5151490633448148,0.5131715983685741,,0.5145391092125948,0.5148206658056454,,,,,0.5130669624915587,,0.5155348648656866,,0.5115031283781759,0.5138453998724662,0.5144384028665259,,0.5145723070447005,0.5137499860991153,0.5140659812361349,0.5142869916216841,0.513545058420902,0.5147838508016574,,,,0.5149536676084903,,0.5150191825032928,0.5138312593200913,,0.5125581677948049,0.515418501172748,,0.5140988601991834,0.5138780180007034,0.5134438503675518,,0.5134481952646962,0.5145460452643825,0.5152925071777921,0.5140500093998556,0.5144659825822363,0.5152925074256606,0.5142393800144591,0.5134335090066976,,,0.5138967675988011,0.515988919860212,0.5139547782429233,0.5144537784421955,0.513536373850219,,,0.5155156657212271,,0.5136469107998372,0.5142583844916166,,,0.9130573581015268,,0.913272493193138,,0.9138506973145607,0.9118270292074377,,0.9104489710269853,0.9108603499851254,0.9098519754120032,0.5842119715396842,0.5848476408454139,0.5841416910722681,,,0.5849860864866417,0.5836006415500251,0.5844786078973639,,,,0.583594284624611,0.5846572702280002,0.5835512041800905,,,0.5840856555381772,0.5837269905693426,,0.9136322900646086,0.9123556312091049,0.9120633724147342,,,0.9154006686278793,,0.9141348140836182,,0.9343399478613396,,0.933995278098464,,,0.9336776709021588,0.9313593256746592,,,,,,0.9325069198388569,0.5850096141095857,0.5833699894266867,,0.5829400629452749,0.5842884513886993,0.5841632236234431,0.5847923712768806,0.5843381739698621,0.5848062650737134,,,,0.574559362336866,,0.5827660252259436,,0.9349826762291057,0.9348558483227309,,0.9323411675627375,0.9347015930896745,0.9339272792995506,,0.914743106976977,,0.9139800350989157,0.9109100185125467,0.9148173191011637,0.9143017137635825,0.9132203766320015,0.9147318226431342,0.9109039461918054,0.9116146501995067,0.9122708659246276,0.9128492249922048,0.914582314275275,,0.9124709344482465,,,0.9140801294752426,0.9147384219194501,0.9160360718818277,0.912727590039053,0.9121799192568864,0.9125720487192875,,0.9142331128804521,0.9117422391687232,,,,0.9381643020971588,0.9354391439831802,0.9362353728601008,,0.9349142383091685,0.9339564669938369,,,,0.936255370052179,0.9352384870401934,0.9340008481260766,0.9359141384163507,0.9302294628167431,0.9363082433467507,,0.9341538562530995,0.939600284818,0.9381027192334184,,0.9349160988293509,,0.9343747150045028,,,,0.5709244416710343,0.5683251749313559,0.5694507457336306,0.8756633696650086,0.8692134675087835,0.7328497786871028,0.7323728626904762,,0.16598895345699663,,,,0.7417098589593941,,,0.7395283059709419,,0.7437129530484516,0.7417889054448558,0.7407198957975395,0.7414068880981437,0.7399050083082492,,0.7417039469600352,,0.7412781124302176,0.7401793580973554,0.7376351339840858,,0.7392328781987291,0.741653221054502,0.7412315286237667,0.7412726500072948,0.7415490750562936,0.7390666183378866,,0.7387929609785248,0.7409953036060659,0.7411067366270315,0.7406067157005888,0.7408560841289041,,0.7394311262249369,,,,0.7390425329060778,0.7411444563104316,,0.7411106536705085,,,,0.7398205235780425,0.7385021875076069,0.7409842564715267,,0.7402566399115971,0.7407253738599169,,,,,,,,0.7404558093834348,0.7420561859865792,,,0.7395705816595561,0.7410036514043761,,0.741493817060029,0.7399045696901554,0.7415677383147203,0.7404185807602565,0.7394933398806416,0.7401249814317674,0.7400671047481959,0.7406907954301517,0.740095705966868,0.7392889204347844,,0.7383076624449411,,,,,0.740627938678836,,0.739034161763968,,,0.7405381199911762,0.7391468464679783,0.7418241086366982,0.7418239638591521,,0.7389332390551656,0.7409138576570453,,0.738563740102862,,0.7419292487925805,0.7408977191555377,,0.741726911874937,0.742187223527406,0.7404962548201516,0.7413971522134296,0.7413362545561112,0.7419619904429101,0.7406926690894319,,0.7397847269160909,,0.7400737214189427,0.7393178500519871,0.7421598968430163,0.7405688604144698,0.7396703807854136,,0.7424689526202172,,0.7396684966510604,0.7419291828419281,,0.7405394743630358,0.739583349421354,0.7397494185738855,0.7374651349959962,,0.7415411316526354,0.7426289339139381,,0.7399082402812144,0.7387356269029027,,,0.7400372451880273,,,0.7407812763395671,,,0.7403526259122398,,,0.7408999926790504,0.7399167106283686,,,,0.7412421067886618,0.7405372043255907,0.7408390124454687,0.7400372857276136,0.739288298127114,0.7397973060797137,,0.73894262626754,,,,0.7429313168883656,,0.7402935822910133,0.7396686029959129,0.7394864281506384,,0.7398218144775592,,0.7401243952630635,0.7424651556889923,,0.741174019167329,0.7018924102451811,,,0.7274619642686136,0.8718837940923609,0.9563187372155776,0.7487254206792918,,0.8668530331621437,,0.96141967261652,0.9584521406291261
4,4,DG_8pct,16,Z13_F02,13,SLG_A,182912,182157,True,2219.290380939099,2245.6106310132536,2266.094112308982,2412.495168234061,2384.3961579464603,97.26584377472979,17.884050035848986,2526.600602819683,2527.5189961353035,2953.049116786734,2943.477729650451,3101.172379378843,4.9662922037042945,15.201678619418546,20.655370377073385,18.195205665223167,98.93417740687846,26.093366412081256,58.736679751336446,308.53127832572716,0.821331508494148,0.8217944022771922,0.8208250726887182,,0.8855834072649779,0.9658864401900785,0.8758122922811598,0.7357965469408105,,0.733279419873741,,,0.7491918336808783,0.7497431317145999,0.8698490169496268,,,0.9602219685908215,0.9621712468366318,,0.7322410109090137,0.7334358892008965,,0.7395118736841173,0.7382531936177489,,0.7299466244493591,0.7313744974000015,,,,,0.7392339051688004,0.7380353242274837,0.7374006987154068,,0.7132241972253294,,0.7166341480196927,,,,,0.7272994636802296,,,,0.7224034654985314,0.7226295328071753,,,,,,,0.7251903055787635,,0.7079647284076211,,0.8731624208209314,0.9570602714350693,0.7085689630715438,0.7070914683133992,0.7082894454066755,,,0.7072176648763744,0.7055079337151142,0.7092052953871826,0.7072946492314077,0.7085881917416161,0.7061166210640157,,,,0.7080438950197055,,0.7068395215610748,,0.7087104504943921,0.708191812197491,0.7050659997923754,0.7050948715095434,0.7068117656367527,,0.6959839632461111,0.696513881775713,0.6961819739620753,0.9073074106964771,,0.6220833345920369,0.6215117139232378,0.6231554165766023,0.6229684372521392,,0.5157770871950766,,0.5143392462140655,,0.5149947227914263,,0.5139026141240831,0.5142788034753555,0.5151745602326988,0.5158731126050733,0.5150216302024532,0.5132110457512482,,,0.5153912814790997,,,0.5141393655216464,0.5153886059296042,,,,,0.5148595568589492,,,0.5145783625193329,,0.5162356980339251,0.51386265520643,,0.5147597320562171,0.5149834825180364,0.5147515352462123,0.5144040941327379,0.5137717628466398,0.5154315350467106,,,0.5143956319760273,0.5150854667887896,,0.5149663389676593,,,0.9288157982709835,0.929415583519268,0.9298940171121967,0.9302688361947843,,,,0.9283943283138107,,0.9284568714054512,,,0.9339112860178541,0.9295855877981245,,,0.9305781388076524,,,,0.9329596761852232,0.9268396478437175,,0.9309176726929078,0.9283903488348487,,,0.9310525241942346,,,0.9291097161047788,0.9302603397332259,0.9314041256048378,,,,0.9300573137449821,,0.9325295300127603,0.9288443505124981,0.9254803680016794,0.9282123153886128,,,,0.9127622541170276,0.907929912390152,0.9074261952858095,,,,,0.9091720140061277,,,0.9121010213062549,0.9073980293254506,0.9136333832516981,0.9145167216696659,,0.9109183771080228,,0.9123168950927683,0.9100168349244769,0.9110802442715199,0.9089261144081534,,0.9109749518810499,0.9096970549912363,0.9072891150892463,,,0.9071268996520376,0.9085916420330834,,,,0.910509222327919,0.9100134891538946,0.910789159150936,,,,,0.912213063119877,,,0.9112439369181503,0.9061333970115348,,,0.9107519065004238,,0.9081640125227924,0.9082608488130002,,0.623596846806217,,0.6222324279207724,,0.49960906239405906,,0.6204686245447709,,0.6182507839361959,,,,,0.5571605220954532,,,,0.5585183810776545,,0.5567850423764289,0.5568503687346092,0.5556619772938921,0.5569231950938184,,,,0.5566794412637817,0.5569535038006012,,0.5568454355365047,0.5577954516205526,,,0.557419567028154,0.5576773615598409,,0.5562043279105435,0.5562096015901142,,0.5561910601192995,,,0.5559938874040427,0.5575960525205272,0.5573110287395541,,0.556229947148138,0.5564454310817325,0.5561278651609726,0.5565227430238309,,0.5467562946516289,0.5461844897016097,,0.5460504862426097,0.5468564119825264,0.5450502341025679,,0.545414931526709,0.5449255791021294,,0.5460571778283752,,0.545916496322732,,,,,0.5464785718675677,,,,,0.5460748664638142,0.5459762673044956,0.5453800397172911,0.5475669769113533,,0.5455976543343887,0.5455182970446961,0.5469357297478193,0.545311173300163,0.5453146176359078,0.9331552659229874,0.9356944040772129,0.9338478842757556,0.9322510084397574,0.9342342308590702,,0.934989694088223,0.9333283516973125,0.9332118761005231,0.9328693350437743,0.934684378847586,,0.9326249247527424,0.932572822742558,0.9320035828806325,0.9327800578343005,,,0.9314471388103887,,0.9314782422593634,0.9344099920563586,,,,0.9327671855511833,,,0.9304579266954116,0.9323384244303053,,0.933298632270925,0.93436976379751,0.9329048254395936,0.9328256294620922,0.932272133729313,0.9340438100617424,0.9327538321682044,0.9354335131849997,0.9320108192348951,0.9335184526951802,,0.9303586996008869,0.9331956728830352,0.9331147596862597,,0.9341227958624505,0.9321728834710374,0.9317853730256909,0.93471441090416,,0.9341398898859518,0.9327114525623511,0.9307355530155134,0.9332006957002944,0.9323636284067082,,,0.9316122270349944,0.9316695083492561,0.9322637347783496,0.9312939464647833,0.9332331362879788,,,,,,0.9330837498592356,0.9290832354512005,0.9334151379856963,0.9320048434459604,0.9342176569156125,0.9340871501420503,0.9316037146729624,0.9313176141112264,,,,0.9332165344157997,0.934563341590385,,,0.9342464478434517,0.9360341167185736,,,,,,0.5619157828867485,,,0.561930957731089,0.5627556156406957,,,,,0.6505499423202598,,0.5015900318880592,0.9106688187378185,0.9292175436178534,0.6164296984434812,,,0.5995100959047868,,0.602363973565705,,0.5850627957182399,0.5824019021866279,,0.9176262678406125,0.9179355819963751,,0.9452879480551061,0.9121078908516556,,,,0.9586876625606036,0.9581323416357623,0.959100399780515,0.9604101280305443,0.9593630127384333,0.2678118480057127,0.9605334963278789,0.9028313074632118,,0.9725566656867523,0.5660023710936839,0.568703605684469,,0.5672221785167489,0.564681468268993,0.5673168735228412,0.5676437058339014,0.5662461855482219,,,0.5670514629482942,,0.568134095649842,0.5685535551366261,,,0.5672036392264794,,,,0.8935036297609614,0.8929188864674946,0.8948105879153105,0.8961885851209113,,0.0008575594307902139,,0.0008557906894947698,1.0227885171679911,1.0233873576114658,1.0236365553012579,1.021266399353882,,0.8908094640515437,0.8891421700414341,,0.5130723244730648,0.5115014250133774,0.5142337467608011,0.513848311230194,0.51244993020649,,,0.5139238097374368,0.5130873875992641,0.5140273982254076,0.5127543923329114,,0.5145163699274204,0.5121152561137906,,0.515460104550123,,0.5135216570157057,0.513263252903009,0.5128858654059394,0.5127666920884202,0.513068113293792,0.5145266142543303,0.5147168875646142,0.5122052597876899,,,0.5135143094729119,0.5131536633449119,,,,0.5123716056823957,,,,,0.5125889890922151,,0.5137465681824803,0.5147307645946244,0.5137812684941908,,0.5140212490938534,0.5141554894529033,,0.5136451411026793,0.5130165386726706,0.5135046322286452,,0.5126055224418933,0.5133925194014183,,0.5151161300637795,,0.5130583517898675,0.512656679695665,,,0.5118894047197362,0.9107901891052165,0.9120950467987666,0.9125560517600702,,,,,0.9110985160179175,0.9177254981354077,0.9111705129017861,,,0.5811945024762012,,0.5796912532742954,0.5813003644934821,0.5812606914120526,0.5802383311850086,,,0.5808697927232541,0.5824721126869652,0.5817596285221984,0.5804283700207532,,,0.5797656583502226,0.580728476598204,0.5793833833875256,0.5779957511010626,0.5792679062792142,0.9162012129854483,0.9133672433307779,,0.9146006658805599,0.9105271979245492,0.9119106698595877,0.9130976026184591,0.9123943869278703,,0.9337794933423863,0.9305432235810164,,0.9348325608576481,,0.9311731600220351,0.9345791972159702,0.9309601242117213,0.9322845280874933,,0.9325849031890583,,0.9336196099190985,0.5791114402962008,0.5789954134759824,0.5798767639839398,,0.5810791440780015,0.5789249211051682,,0.5804097080013924,0.5810287554740603,0.5819763790022884,0.5798125288915746,0.5820308587346803,,,0.5790289753786422,,,0.9347643375389018,,,,0.9362394711789658,0.913068450327063,0.9148810872189251,0.9125318494605902,,,0.911605952773563,0.911989200325043,0.9110709967433664,0.9128837535490633,,0.9154698365156224,,,0.9118551273567682,0.9101001053773898,0.9096992125689325,,0.9128821416838715,0.9132647399179097,0.9111212389037987,0.9115950871863164,0.9115218513434147,0.9112554806360706,,,0.9127786623529776,,0.9372745868055947,,,0.9331634450907809,0.9330181142548969,0.936225223271159,0.934535520277184,0.9342322079572402,0.9343888666082653,0.9353004611692894,,0.9298573857142987,0.9350138093383901,0.9334340316972012,0.935775259559136,,0.9332796676147285,,0.9324518540301182,,0.9347466917224637,0.9333367252653769,0.9326896668275168,0.9362377494462301,0.9333854984548581,,,,0.5662392433956678,0.5659366761390049,0.5653960856736425,0.5677464972772674,0.8771928260390308,0.8680052775998692,0.7290084605703417,,,0.15774466073432572,,,0.736817962745649,0.7402357784311586,0.7392144070611835,0.7384549313714213,0.7377692904166415,0.7384167565314378,0.7382605616382458,,0.7383043175898284,,,0.740911341822429,,0.7399930145670053,,,,,0.7383040732138113,0.7389974426684872,0.735636794968268,0.7398627153713458,,,,0.739234311473227,,0.7412997060275678,0.7390880917016387,0.7395845532042182,0.7388368268405988,,0.738614620423473,0.7389100442652543,0.7380272491765822,0.7379633513143184,,,0.7404236744803642,0.7370298488528775,0.7386590839018836,0.7374014286982413,0.7351797010303123,,,0.7397275696048365,,,0.7397310962712209,,0.7402759328541499,0.7409822192226678,,,0.7368715172439718,0.7385087837402592,0.738101290934135,0.7361894343703668,,0.7394879218490227,0.7396315247383487,0.739676858844833,,,0.7385182085678366,0.7365226723606356,,0.7379787074319331,,,,0.738829469620682,0.7390339758593414,0.7405595210851482,,0.7378799685307963,,,,0.7393063670397162,,0.737874006687374,0.7386794470731438,,0.738937156340043,,0.7405575657383374,0.7391912004775205,0.7404826704969875,0.7395655398146322,,,0.7387590464056223,0.7392124938504522,,,,,,,,,0.7388052940112776,,0.7406018077788744,,0.737162697384148,0.7428960275446354,,,0.7376134674168365,0.7382754501160671,0.739100224298725,,,0.7382445740831604,0.7387758608867435,0.7379998394916908,0.7389517302052437,0.7398876331922553,0.7396258420279459,0.7390849587456689,0.7373051067790619,0.738801038155016,,0.7382388123461778,0.7370769983992819,,0.7381907923831009,,,0.7400868730389986,,0.738758532541203,0.7397104577284787,,0.7382951089165063,0.7394515913254107,,0.7407485753076645,,0.7379545219199959,,0.7380734901904138,0.7404411884905878,0.7394674688479225,0.7410104296043768,0.7388508507842767,0.7388946549550444,,0.7378108057973535,,0.7399161816827078,0.7376385921994012,,,,,0.7407050620245986,,0.739187998871678,0.7373404923164403,0.7396971410693912,0.7373223469756813,,0.7390545453133164,0.6978675497781757,0.6996936300987091,,0.723089178894841,0.8761655449132777,0.9582542097969234,,0.7498158391821634,0.8689734344236661,0.8695904226666017,0.9584066038649555,0.9591964159336258
4,4,DG_8pct,16,Z13_F03,13,SLG_A,182915,182158,True,2202.889936992146,2234.095155067386,2221.5176014820954,2395.351000831956,2370.538995743589,96.24576183828752,17.968538899004376,2475.43683089784,2494.0794410707203,2902.3820845993414,2914.9711555760723,3085.950426239636,5.019107054427452,15.245630162974633,20.695330530253372,18.213184484516358,98.07762747824913,25.988553877032224,58.869738893961305,306.0520578822102,,,,0.8410199582469777,0.8917809296845901,0.9636085974191845,,0.7360154246986818,0.7353596906897605,0.7376464454809689,0.860471930538613,,,,0.8691306572665929,0.8669202496984575,0.8693593965599086,,,0.9581691158345272,0.7367917249596416,,,0.7392905877479256,0.7376887091463549,0.737675193801868,,,,,,0.7391479404377992,0.7405642030500644,0.7394743936227985,0.7403454918402709,,0.716902863823726,0.716278022697554,0.7182964843266523,,0.7240333459844323,0.723555937636833,,0.7252994950912378,0.7231270564565768,0.7247169019876056,0.7236714172256092,0.7241371829452815,,0.7255379573309056,0.7245093137923259,,,,0.727819498052891,,,0.7122132547428828,0.7123497701383023,0.8725048573414204,0.9538261488210278,0.7111746867451069,0.7102556306203764,0.7083899337606934,0.7118417988946844,0.7091581984127084,0.7094899246027357,,0.7088249160206322,,,,0.7097075206327761,0.7104029412233097,,,0.7116077849523246,,0.706452467842917,0.7101347324066155,0.7109803115873955,0.7079579471153117,0.709022831927261,,,0.6976805824180419,,0.6990260710713438,,0.6246305869710083,0.6239637890023111,,0.6245915227218836,0.6249372406371907,0.6227951682323989,,0.5196951330404636,0.5201089927997739,0.5187424345251255,0.5210105658043388,,0.5205581372797302,0.5183947717704985,,0.5192540140953059,0.5190576111904743,0.5204048083191758,0.5172678027171861,,,0.5187896148670083,0.519131334486,0.517741673022336,0.5185995644759835,0.5192777471053771,0.5187063091432678,,0.518292623451585,,0.5184993756003162,0.5179975508915406,,0.5175149776341543,,0.5198426466476758,0.518839022778274,,0.5186119977447192,,,0.5206183934525002,,0.5179027227695093,0.5182190116716818,,0.5180586026163323,,,0.9311917962402636,,0.9334124933606033,,0.9333452161700129,,0.932856653530426,,0.9333483079284811,,0.930674883878143,,0.9298055528246916,0.9294133824883717,0.9332804606099836,,0.9319843927518046,0.9295894403751902,,,0.9296254435706115,,0.9305094130491218,,0.9320890932023037,0.9316891571003754,0.9312374743846193,,,0.9294442684930789,0.9299289442175456,,0.9310583030313191,0.9295982656285172,,0.9318846874193405,0.929939303741314,,0.9304589111133454,0.93041564470387,,,0.9302490920115911,0.931738439813657,0.9296162730825904,,0.9080191045013273,,0.9090427321988066,0.9080547177501008,,,,,0.9110338405431012,,,0.9102784052953423,0.9080973772860523,0.9101190700853233,0.9095659548158908,0.908423058155092,0.9109859471854515,0.9092950300449948,0.9137278981282314,0.9100570247798828,0.9096325962942564,0.9077066255167717,0.9080444645031301,0.9081612071198258,,0.9109420293872733,,0.909374544800647,0.9088811636082709,,0.9084105624627122,0.9093101641365468,0.9108734128443504,0.9109339806551898,,,0.9085538335971365,0.9106289471837572,0.9084084885587953,0.90912668063348,0.9097452586968526,0.913118925343544,0.9113128036702636,0.9114119015735849,0.9102361233992987,,,0.9078564032513998,,0.9099423634769362,0.9100173017416285,0.9091837529500435,,0.6263882638322508,0.6245797208529614,,0.5040414161562358,0.6230711673296564,,,0.621354263653019,0.62145267582715,0.6200204138418924,,0.5612224189997349,,,0.5617759296699539,0.5601481184398824,0.5620567923326986,,0.5611439619261294,,0.5603674697352072,0.5603922359078946,0.5617847540272715,,0.5608712354186169,0.5616204902261304,,,,,,0.5615005898540211,0.561007633663987,0.5604911963161162,,,0.5595341076156802,0.5599186546104222,,0.5614627866358607,0.5609059306577817,,0.5606714913464668,0.5601526460486118,0.5607248876210282,0.5603544385984268,0.5609303327799611,0.5613665825727459,0.5602876100009486,0.558552804551889,0.5506568905257497,0.5513553397029664,,,0.5500804817412769,0.5494551906934617,0.5493053380764241,0.5491643527366079,,0.5510233408118754,0.5499311855361924,,0.5500889966751394,,,,,0.5498305195160527,0.5504385903131218,0.5505260277056535,,0.5499161978408134,0.5511265284455535,0.5502623693880304,0.5487773517870445,,0.5508635650383018,0.5504309368653948,0.54908963150596,,0.5489978554919063,0.5503819877269033,,0.9351293808713338,0.9345342109750719,0.933148528194117,0.9346717823211316,,0.9339839641266308,,0.9345416640025724,0.933350611128201,,,0.9320284597846948,,,0.9313100234115906,0.9323256652725487,0.9333781083924749,0.9327192511737374,0.9315639562465382,,0.9347542682979764,0.9315131742132651,0.9319213736733325,,0.9321505041917396,,0.9332360552576608,0.9353403891059903,,0.9314789186943716,0.9353394702113023,,,0.9361123116824199,0.9328483031701129,,0.9350727648321302,0.9337327519960744,,0.9325508316453934,,0.9341116678453558,0.9346783501617291,0.9329890748780046,0.9335706294076825,0.936449792572568,0.934666129519997,,,,0.9351877356314758,,0.9349188395124572,,0.9323910322891102,0.9351616227966644,0.9316879453514734,0.9356546870439677,0.9324373091614943,0.9319510271254123,0.9336456101920654,0.931357755829237,0.9327223627498417,0.9320411033183461,0.9321815060046464,,0.9344511065742611,,,0.934927764601623,0.9338184601572646,0.9317259538428413,,0.9337620544023564,,0.9346217534966942,0.9329703476466169,0.9344296900838841,,0.934790945901653,0.9345844590334864,,0.9332922571324241,0.9337564838334552,0.9350479610206529,,0.9130501642534979,0.9105423813591836,,0.568030029524062,,0.5660027287088766,0.5664494168280907,0.5667924780761463,,,,0.65204323899142,0.650647526058264,0.6526852415193186,,,,0.6185058214855984,0.6180375162629254,,,,0.6023249793566452,,0.5840455009808028,,,0.9183321790762327,0.9169100865649145,0.34128854840903483,0.9396413172990989,,0.3040149834711322,0.9477420212077627,0.9082620278530377,0.95798874260266,0.9567314968523989,0.9593620739346991,0.9575301774604398,,,0.9568862327981466,,,,,0.5695974067851212,0.5656973905266725,0.5680057154544131,,0.569365905746549,0.568007450976058,0.5688567993917217,0.5681572180933715,,0.5691380712048709,0.5699132592357075,0.5688380163237586,,,0.5679644868288042,0.5699462146733344,0.5694960187366577,,0.8909908326953402,0.8924652985626997,,,,0.010655134344285866,,,,,,1.0253889885879492,1.021553916078163,,,0.8941493351460298,,0.5144714424194562,,,0.5138373568038271,,,,,0.5136095978220792,0.5136654136153065,0.5141725084978274,,0.5140703481997643,0.5143487370680045,0.5138251456687402,0.5138376590015812,,,0.5144327358247376,,0.5146693016310525,0.5136871942122871,0.5134543985148012,,0.5139325146016877,0.5131522783095857,0.5138293641092294,0.512910830774578,0.5126703297949589,,,0.5126279628712492,,0.5163925489593265,,,0.5139351855751426,,,,0.5151191793096145,,0.5134166338791308,0.5136178388139693,,,0.5127452911790192,0.5138847313743125,0.5137374128759661,0.5135122076722837,0.5131346577313778,0.5131797535803861,0.5156009365835865,,,0.5139288750205478,0.5159357184881341,0.5149696357802845,0.5141841481803716,0.5160577563328175,,,,0.9119746951648005,,0.9107742711244918,,0.912689796569183,0.9115143000429256,0.9126836830774572,0.9117382947206307,,0.584645753954576,0.5845271736062135,,,0.585458966204541,0.5825792597967072,,0.5841670750321706,0.5850155091653768,0.5843670188636818,0.5835983064332908,,,,,0.5846935996903284,,,,,0.9151591099421557,,0.9119326539545882,,0.9136498284561733,0.9137041974427453,0.9136427657489324,,,,0.9358090453536833,0.932410998882134,,0.9339373939851112,0.9334683638310289,0.9338351870245437,0.9336646416708216,0.9351537192950514,0.9334085175097416,0.9327045384763836,0.9344566258223899,,,,,,0.5857403796853143,,0.5841659439052016,0.5837103574637555,,0.5846968713825414,0.5846655088418604,0.5756362754950736,,,0.9366517452358775,0.9344133941731576,0.9364171313357837,,0.936778275783946,0.9333121624130027,0.9354000162313912,,0.9125063889986729,,0.9142493218082559,,,,0.9130289387560352,,,0.9160308486773875,,0.9132581340228024,0.9158318736084955,0.9142801713208989,,0.9120871436301036,0.9130336974462461,0.9150695958907463,0.912086247002269,,,0.9141770792718922,,0.913032929592655,0.9113430481622296,0.9124884623418409,,0.9339379870004859,,0.9371335828380243,0.9361038404273304,,0.9366793253997321,0.9332271875286001,0.9326544772585819,0.9347200185491233,0.9331915709612328,0.933693014094128,0.9356761006755365,,,0.9340624056804688,0.9338760554640182,,0.9354413560546843,0.9339408989668946,0.9321685889138944,,,0.9373009235804671,,0.9389536096520241,0.5692724329859955,0.5693656016602657,,0.5716907541908849,0.5690179694342609,,,0.8709023864279641,0.7330917802918225,0.7330660052570036,0.7316448755368522,0.16546926500959996,0.7417111689843252,,,0.7396230300982236,0.7416263042396296,0.7397599241291974,0.7401055509923953,0.7400957140369777,0.7401668413699223,,,0.7398089101315608,0.7412109351298677,0.7419420287461963,0.7405516109497237,,0.7398990054503523,0.7413652044103693,0.7399044197204392,0.7400255557020604,0.7400459612523789,,0.73990762161725,0.7414970915390666,0.7401517511966225,,,0.7415784852403956,0.7401893768744756,0.7413092810970965,,0.7405462086907978,0.7400881450122779,0.7398807086824069,0.7410571263889707,,0.7403619707428624,0.7392571373948029,,,,0.7396838529501353,0.7387852390357654,0.7418681500454348,,0.7372730293142798,0.7404169526183684,0.7421926998608005,0.7411863794167061,0.7417973801143638,0.7389864759971735,0.7407041176991648,0.741217678525647,0.7401817684066326,,,,,0.7418333562365985,,,0.741207757183548,,0.7410849445516136,0.7369261858526608,0.7397472664042297,0.7407114313119866,0.7417319867104827,,,,0.7399093579681474,0.7430499384304736,,0.741646810150574,0.7416919117965224,0.7402147756162404,,0.7407126478565107,0.7403984448808866,0.7413951244859293,0.7407310333482519,0.7398977232269539,0.7391245230628942,0.7399082382047301,0.7412495903613973,,0.7401605885798035,0.7420649195247926,0.7382576392961226,0.738823938219849,0.7392962368582108,0.7409663355669622,0.7407439783124526,,,,,0.7427243399723114,0.7408965451110343,0.7395738286988728,,0.7394632797498858,,0.7427970902326927,,,0.7391259030562533,0.7417238227635821,0.7395883183591444,0.7407477540001812,0.7422682739644583,0.7405191688975192,0.7396026811926493,,,0.7408934352092853,0.7415809787918344,0.7410951067106861,0.7428275354051679,0.7403842216954257,0.7432369850716628,0.7411065964260733,,0.7379943992377219,0.7404378718003606,0.7397190566257473,0.7401262614192629,0.7400175452777067,0.7391840461169551,,0.7409773475879922,0.7401446317318651,0.7398216542183369,0.7401618130574719,,,,0.7405466101063424,0.7414856253508839,,,0.7394962326894756,,0.7413991671393482,0.7387730318193663,,0.7408608936985797,0.7408128570579695,,0.7415237530769431,,0.7416420011938855,0.7397843036795597,0.7401632157422845,0.7396223805943238,0.7405407808802364,,,0.7412984362228232,,,0.7412290903283323,0.7406723611671222,,0.7389658984128873,0.7415034722715493,0.7391128375006311,,0.7004593257621619,0.701090998663687,0.7258709127959695,0.8743195818393255,0.9550073176001586,,,,0.8696237521288842,,0.9602670981621325
4,4,DG_8pct,16,Z13_F04,13,SLG_A,275695,182149,True,2367.221505736955,2396.244549399355,2398.5933157294994,2544.7035698272052,2534.5784715175937,101.588510310042,17.758263754936397,2669.360829530407,2690.1459517875096,3133.921747341997,3154.4869797374668,3340.7494715835332,4.98921777718209,15.230494822430256,20.778948686669537,18.041141938407574,105.16826695989488,25.885693797961274,58.245940676163734,330.7975839164445,0.8150727348063634,0.812703052114197,,0.8293683491902399,,,0.8737836408813459,0.7245735396652404,,,,,0.7364691197121777,,,0.8638623821251779,0.8648497636899783,0.9600716974531266,0.9585566910245049,,,0.7241521544221864,0.7234700970286905,,,,,0.7168894144549107,0.7192507184545712,,,0.7278610736782429,,0.726968395193928,,0.7180711571034647,0.7029502702142433,0.7056953044386955,0.7054840943664952,0.707709813247907,0.7085853710269399,0.710003746703444,,0.7106668084224732,0.7102185690232051,,,,0.7114601609899034,0.7096675637730281,0.7122167205690655,0.7100080823546061,,0.7100280486002185,,0.7116661781365179,0.7123647589635717,0.6939910063213003,0.6965025754672787,0.86808311695327,,0.6880393570774971,0.6899389779077105,,0.691271115569922,,,0.689553384820936,,,,0.6928887848665239,0.6931958514730969,,0.6903869129204955,0.6912222077713907,,0.6922167993423772,0.6892919307546532,0.690560244193413,0.6934102846157495,0.69208571363601,,,0.6917671151857891,0.685141304015931,0.6841109769715331,0.6815579475928636,0.9028294567815691,0.6068073507403876,0.6079484944124238,,,,0.6067365934789007,0.4873963801519857,,,,0.48672868085503374,0.4849571448233278,,0.4848022909257394,0.48467519170347656,0.4850643056394734,,0.48558399635951444,,0.48558666096116543,0.4852565909291808,0.4859965402978726,,0.4863109287322859,,0.4837228408931819,,0.48488367320870285,0.48450452824933943,0.48534990827628655,0.48430568959449194,0.4857527080979449,0.48490321557842525,,0.4845991804835725,0.4857163917386626,0.48504956481364947,0.4856693210123554,,,,0.4854802312882247,,0.4845531058827657,,0.48609630755755767,,0.48537078353466495,0.48433434557696325,0.92670602492833,0.9241436387257755,,0.9274678199368814,,0.9269634046191769,0.9265240258405335,0.9270109716129691,,,0.9223756596128716,0.9269665283770997,,0.9259489224429288,,,0.9267117340511184,0.9255564104419085,0.9258232925285225,,0.9237819009624674,,0.9287857086053,,0.923387496559148,0.9250868860085077,,,,0.9275772294828171,0.9263078190354181,0.9261756519706253,,0.9259333312981873,0.9255191952250631,,,0.9263832198835558,,0.9238900102806643,0.9240710359090464,,0.9254395965638956,0.926086598592052,0.925913012647648,0.9107227642255533,0.9076861474885655,0.908042326849171,0.9079400467640718,0.907056260313995,0.9092183246510672,0.9076454876923966,,,0.9073174696722468,,,0.9089524198164128,,,0.909470195732547,,0.9101952224216575,,,0.9087207906476172,,,0.905951116059683,0.9083781296971442,0.9103461942095875,0.9075959159722735,0.9068797584110623,,0.9099452549612485,0.9066898721972919,0.9079377073965293,0.9093688551893676,,,0.9094065670192637,,,0.9111874232139088,0.9097165183476433,,,,,,0.9074412796573864,0.9073869238542512,0.9052022033551601,,,,,,0.6081825732358913,,,,,0.6023263060625419,,0.6019138387683713,0.6032991046272269,,0.6025511963976248,0.5307425113979825,0.5311657010838993,,0.5294427091966478,0.5313097124973752,0.5288311987903295,0.530956933661322,0.5306833204408682,0.5312188949971035,0.5305116761992299,,0.5315363432988838,,,,,0.5323762002380128,,0.5313962909374458,0.5306567761505705,0.531236559546192,0.5315375730779924,,0.5317696312348202,0.5300348978460184,0.5297396155348942,0.5305777878763253,0.5303025849229317,,0.5320479489839326,,,0.530626369956376,,0.5309763683109882,,0.5312305823902879,0.5314643938086178,,0.5310089165041781,0.5187333863213516,,0.5177749734140022,,0.5180868160198271,0.5183144045797332,,0.5190418229769577,0.5186879457422523,0.516671239691666,0.5187088935021731,,,,0.5198416032664183,0.5164629375654156,0.5197545424757337,,,0.5192206382952251,,,0.5187470177249353,,0.5172055718179556,,0.5191046586978303,0.5168930852870581,0.5195458727871641,0.517746081998131,,,,0.9292215873499157,,,0.9302413818176213,0.9289867854324554,,,,0.9289689585150537,,0.9271503561614827,0.9264344978944793,0.9296483517864449,0.928666199025471,0.9287173180282845,0.9318409701957855,0.9277639830958697,0.93032300059008,,0.9288123990306864,,0.927391409904261,0.9249951106074722,,0.928010458858898,0.929193570956191,0.9290462981214815,,0.9295870519737877,0.9279071381942844,,,0.9318880800622339,,0.9294076450859915,0.9321409943572425,0.930860456654122,0.9293001316263557,,0.9272497443391875,0.9290373147722288,,,,0.9301058428983835,,0.9314674337855016,,0.9289055090608093,0.9299372232331924,0.930033367641657,0.9317386924004879,0.929061346013182,,0.9307616059591668,0.930588541917923,0.9278284105345296,,0.9300165824582193,0.9282171437084689,0.928005715946741,0.9288747850432987,0.929574566032034,0.9299342588611198,,,,,0.9289887949271589,,0.9297338936569665,0.9297168499446533,,0.9271193042700028,,0.9285477022593542,0.9289176878210081,,,,0.9322389206398044,,,0.9307866033070599,0.9286667473287232,,0.9147998917152541,0.9122169627549725,0.908180056270782,,,0.5375977892255981,0.5362330015537616,0.5372298412621208,,0.6360596486990302,0.637945447438317,0.6364233527334249,0.6369278382968568,0.6374942602320718,,,,,0.6013983576347862,,0.5866609497625067,0.5880720448391675,0.5870204458831584,0.5666961584980634,,0.5679071475015872,,,,0.29194685929230607,0.9436465493878063,0.9089267681295765,0.2520303006708613,0.9512541476275009,,,0.9619987356529037,,,0.9603172631637424,0.220385754232686,0.959462988611792,,0.9732626113182976,0.9761672411628046,0.5541757399500692,,,0.5531874692408275,,0.5548411780475829,0.5535053149484671,,0.5564207502424066,0.5566665960840318,0.553980654811646,0.5543528046029944,0.5539844924679209,0.5541262743013964,,,0.5553571193757395,,,,0.8928389507850718,0.8956441943560562,0.8950173947027155,0.895043953998435,0.015260828473103985,,,0.015318865684204283,,,,,0.886612829334858,,,,0.515429201753544,,0.5141688110058285,,0.5151364369427425,0.5138395684850771,0.5162836711850924,0.5152723630026144,0.5151155628366749,,,0.5156894893976265,0.5147319422766562,0.5153430907502798,,0.5130968351545969,0.515415207577953,,0.5152246929982723,0.5161894801327381,0.514349110556651,0.5165029636842418,,,0.5150617501491883,0.5146951091027845,0.5155882525514122,0.5146533253211042,,0.5143427476635086,0.5146056691897661,,0.5156290627527331,0.5161221758571727,,,0.5148459123376976,0.5143836079294877,0.513220899199465,0.5156054657744118,0.5157856988812971,0.515378807873882,0.5144880101885785,0.5159459337450282,,,,0.5161533709163889,0.5157388064672032,0.5153845445087025,,0.5157115448983736,,0.5146601262559977,,0.5158299733723434,,0.5157820823144795,,0.5157917631790934,,0.9116401292147315,,,,,,,0.909317694117798,,,,0.5571355481338555,,0.5557836046197155,0.5564557387271896,,,0.5550497695721676,,,0.5550374642069468,,,0.5568479342244125,0.555648698167849,0.5545847198471971,,,,,0.911930240015295,0.9133336696327143,0.9110469199670437,0.9128875555263453,0.9144127699571581,,,0.9101606359352208,,0.9297243756908526,0.9290961309034294,,0.930073974847887,,0.9292922647119081,0.9283697244614222,,,,,0.9278496050710493,0.9297632631390955,0.5560355153422588,0.5554816086812193,0.5550460455833507,0.5535281146389008,0.5550146238436406,0.5560704920942712,0.5539279647669924,0.5542717361505657,0.5547767859563939,0.5554807228667692,,0.5573173787192731,0.5471498550463865,,,,0.9287401009205493,,,0.9303286565500707,0.9290705253300169,0.9304577216612707,0.9114757921272066,0.9121452952080698,0.9111664266263435,,0.9110925755962357,0.9090927516877099,0.9125579622386921,,0.91425253554682,0.9079522388886778,0.9105964972933043,0.912689356437713,0.9121393395819221,,0.9110353932107228,0.9128148983116876,0.9108293204924436,,0.9133662672060092,0.9122527947094234,,0.910863035905895,0.9109727160142869,0.9096351254149587,,0.9128881417805188,0.9101773828351771,0.9310569805201985,,0.9300293065433616,0.9327402934757931,,0.9311689447846888,0.9304414493855682,0.9328719124228856,,0.9333397389352471,0.9308670526402613,0.9288393868508967,,0.9302499600827587,,0.9294693751749338,,,,,,0.9296718426452832,0.929829613076551,0.9310338419713031,0.9313659682018881,,0.5486332585937563,,,0.5508155582185549,0.5501822378556411,,0.8717117295299159,,0.7181665996100928,,0.7209734171656661,,,0.7280988898795792,,0.7294825918970901,,0.7268820005100136,0.7289665278991251,,,,0.7283528842755032,0.7279477296889056,,0.7258502547709194,,0.7279740316858223,0.7283120060108936,0.7288279176240762,0.7268586242317038,0.7270889375846317,0.7262028191598127,,0.7281180904899154,0.7273664198843532,,0.7273274324789825,,,0.728342149970182,0.7263309769219711,,0.7264885976737431,,0.7259968031388215,0.7275425359179525,0.7264209596201093,,0.7305927934389398,0.7263403077242617,0.7271033052737306,,0.7275643667093638,0.7257800591828706,0.7276491510516391,0.7274487779006275,0.7291274473911205,,0.7287494539180032,,,0.7285187038890591,,,,0.7275608666863065,0.7284847594012536,0.7271237958982634,,0.7287624467640944,,0.7268104385879509,0.7270770290471419,,,0.7272047714952017,0.7282063993985718,,0.7254365896160018,,,,,0.7278357365060005,0.7283152259511358,0.7271540590403756,0.7271836055857447,0.7268568521969638,,0.7272171409989345,0.728561432867883,,,0.7274898923062079,0.7272470519224784,,0.7284295033698758,0.7271780719113087,0.727060128921563,0.7297219806484124,0.7272978954457189,0.728659084648264,,,,0.7269297557134053,,,0.7262197201512883,0.7268061989376142,,0.7270128634992281,,0.7266250255482987,,0.7292120224360736,,0.7259702199353295,0.7289262830965688,,0.7285407334837217,0.7293846703784026,0.7278998072209434,,,0.7255904144125017,0.7277764302720274,0.7268954931258682,0.726618682801721,0.727427662649102,0.7281599261032328,0.7270574480776841,0.727178421566496,0.7266228089933751,0.728573215147363,0.7269992253091381,,0.7268535323838158,0.7265561589873614,0.7282128149615626,0.7276657602955644,0.7271694008137176,,0.7255766971901305,,,0.7287883053517905,0.7278477601066777,0.7261050679898389,,,,0.7289149063336685,0.7256801198459856,,0.7265554783034979,0.7274067786915945,0.7294908863531099,0.7290201215027863,,0.7302055947709902,,0.7276230581174267,0.7261067298165503,,,,,0.7281339314246781,0.7293979543411919,0.7283580115709314,0.72852311863471,0.729196121031108,,,0.7290804012421693,,,,0.6867769366199826,,0.6851078495058927,,0.869839670506476,0.9530040152192883,,,0.8640985385312626,,,
4,4,DG_8pct,16,Z13_F05,13,LL_AB,182912,182157,True,2760.1305767219696,2768.4108309496864,2773.510111752404,2805.5050008653166,2821.098647019493,82.79932663488482,14.674920183447629,2837.1011180493942,2866.6555413744545,3069.066359546712,3054.3002590596807,3191.4004554172043,2.914730858656499,14.891446876832061,22.136869699207978,15.515805238551387,86.51074464474902,21.38357245420058,46.22831240230582,262.3189113993222,0.8046558697617998,0.8068228787084001,,0.8583111421114356,,0.8761560313737033,0.7464141475251548,0.7064245923044163,0.7078892051761192,0.7067735317439356,,0.7795923394099074,0.7779952084390489,,,0.6916721473562313,0.6914361091181189,,0.835101183005911,0.8341490104422891,0.7047383626675381,,,,,0.7086463630069941,0.6976703803685184,0.7001463361987545,,0.7084333504491351,0.7054950797763696,,0.7084330929698984,0.7099338693716994,,0.7568419729352314,,0.6664220505203332,0.6713849218343468,,,,0.6703885109427395,,,0.6742305401674373,,,0.6706894174172953,0.6734991184454137,,0.6716414352221776,,,0.674046922676771,0.6726641184232119,,0.7363809036416358,0.7370744247310058,0.6516788814631905,,,0.7344031949752617,0.733366854715356,0.7319350919201498,0.7330945839743924,,0.7346367234243664,,,0.735595814875931,0.7348169278855337,,0.7374181942454057,,0.7356103939063069,,0.7352372260758231,0.7370704102602779,0.7352160155414392,,,0.7360945100034911,0.7365842557551451,0.7345551532080588,0.6403609363108451,,0.6407404968064355,0.44918798764853063,,,0.4444057314718383,,0.44577258853862994,,,0.5327651539644056,0.5348250479910219,0.5330997627047825,0.5353821738628481,,,,0.5353064701325996,0.5348377025546255,0.5352035586830608,0.5345068684660064,,,,0.5337933507296692,,,0.5344500735256248,0.534236976420304,0.5345850263607235,0.5333712570919473,,0.5335135086366092,0.5348944309740067,,,,0.5344163909623768,,0.5321914116883596,0.5338045912900815,0.5340997250910495,,0.5345181237490838,0.533714634369382,0.5348312566272445,,0.5340515779087873,0.534425159226446,,0.5352865926971347,0.5328035912332192,0.7748654676259142,,,,0.776894228712508,0.7761395053906209,0.776937596486409,0.7759724943604582,0.7762302523083646,0.7767127342224156,0.775853612366111,0.7765998322570761,0.7762336476475165,,0.7771835171969415,,,0.7780471163132096,,,,0.7753691914445872,,0.7748203562302428,0.774325916099466,0.777464234503755,0.7751391958791505,,0.777394514068991,0.7759025712484195,,,,0.7767451887386527,,0.7779936569149724,,,,,0.7770631360301438,,,0.7758602606295361,0.7774396489474519,,0.4515606172034497,,0.4516464649281685,,0.4518855869933308,0.4508202275789899,,0.45230746777964326,0.4522581983633108,0.4527509674034591,0.45329860548069806,0.4525591343259797,0.4520849201977862,0.4528491136551388,0.4531829557572802,,0.45076872131428575,0.45197654509754576,0.4513480699413075,0.4518132376128968,0.4524548362264785,,0.4509087015794382,,,0.4516800190231447,,0.4513102146757104,,,0.45010344797634283,,0.45212474244842654,0.45097162002521857,,0.45137135691288177,0.4516996256472178,,0.45262100001115013,,0.45117437939510074,,0.45085527393491526,0.4527413627195339,0.45089838877928023,0.4521468862358484,,,0.45174423425525034,0.4518648592529964,,0.45130938163538276,0.462848185540585,,0.46123407523079857,,,,,0.43898306806222237,0.4382581868997112,,0.4389362821166765,0.5724846317657024,0.5711297379534503,,0.5731373655661349,,,,,,0.5718192798868895,0.5714128549094021,0.5722896289792151,0.5724689597220202,,,,0.5726856422942064,0.5735104442721672,0.5734484295965457,0.5710104835244979,0.5725110340221098,,0.5699404076788857,,0.5706639082816183,,0.5726773494034837,,,0.5711503193521722,0.5730083866801188,0.5710348415550982,,,,0.5705721871170054,0.5690549067757839,0.570903256738537,,0.5713981532187865,,,,0.5619635215678791,0.5620933434871668,0.5627532916233614,0.5610902398414204,,0.56158782565954,0.5612263251697653,0.5625081453924433,,,,0.5611068337741748,0.5611824913068639,0.5617172019603173,,0.5612922040915479,0.5611101916950454,,,0.5616509209607587,,0.5605276497941951,0.5629428981889161,0.5620083291189806,0.5610783497816314,,0.5599781351986882,,0.5610403136933585,,0.7881450629625131,,0.7892808993530064,0.7901601248403755,0.7885398900144498,0.7892342657680991,0.7907879715718306,0.7884892973838327,,,,,0.7880992128900096,0.7868612684064711,0.7866088397348936,,0.7854483445310888,,0.7887130343790119,0.7843433565191527,0.7873917357235024,0.7852569811531498,,0.7863224506154697,,0.7901451583901358,0.7894020149155715,,,0.7888792863966024,,0.7895227528907893,0.7894439780343818,0.7893491056055638,0.7873571230203348,,,0.7911620311518048,,,,0.7915999387885607,0.7908976732374602,0.7912172215758272,0.7917401189145632,0.7904327491749191,0.7892367274595768,,,0.7898336808916642,0.7887858751763119,0.7910468940589485,0.7906402054822699,,,,0.7886098910008444,,0.7875545037995323,,0.7844423848872822,,0.7860193551975001,,0.786968985831465,0.7874018222104869,,0.7861113906022592,,0.7861219956437628,0.7885847707616994,,0.7870444387445917,0.7864442185948217,0.7863139952721897,0.7869421258762862,0.7863363763918718,0.7880821502050884,,0.7870856875729172,0.7888720598104794,,0.7875407374044777,0.7879125978626945,,,0.5037433904166863,,,0.5771158928278287,0.5763139361425277,,,,0.49170810279338495,0.4922957409432798,0.4896636180171779,0.49209223795192214,,0.4915802705301812,,0.4421084099658147,0.7788952927704988,0.4383961496705945,,0.4378441750107796,0.43265587883052853,0.43285714482206983,0.4341941370606574,,0.4274428511615021,,,0.3477068349305152,0.7660705185277346,0.35407712057981144,,,,,0.7817960988215573,,0.22630415376570842,0.2261619419235251,0.22698389526849896,,,0.22628598248849624,0.7846786724115761,0.17958635515701293,0.17937090199541375,,0.20235679638256152,,0.20201041759651728,,0.20186357812504563,0.20223045078883273,0.20248456867870088,0.20171051427901648,,0.20187692332777976,,0.20227644085915839,0.2023297310202012,,0.20183521949576136,,0.2020730702293169,0.8196310541423738,,0.8173681272820269,0.8188187019633867,,0.8006660223046114,,0.0009965175101232988,,,0.0009566654086184684,0.0009566065918691096,0.0009558008080915502,,0.8415774378494356,0.8430262518717905,,0.8430248451762999,4.164969852418897e-05,4.170374093891322e-05,4.16589351701079e-05,4.170070775520439e-05,4.177637592556406e-05,4.181492889338476e-05,,4.172732604117316e-05,4.174712319543686e-05,4.165170327741259e-05,,4.1736643544628064e-05,4.175763990159605e-05,,4.16803029790331e-05,,,,,,4.17670127170941e-05,,,4.173310404287887e-05,4.18024585815592e-05,,4.167064863772093e-05,4.1663180055426925e-05,,4.159867239174591e-05,,,,,4.164179594334803e-05,4.1628009578148464e-05,,4.179206997429101e-05,4.167486058936434e-05,,4.164121704238915e-05,4.1660796440445825e-05,4.1652742205275626e-05,4.1678759237895755e-05,4.177418490376019e-05,,,,4.173310484717435e-05,4.1713818721416196e-05,4.1624159354794077e-05,4.154936376128163e-05,4.177338484059264e-05,4.18341849339837e-05,4.171714687270441e-05,4.163979794171375e-05,4.1614730474451724e-05,4.1578004050288304e-05,4.1615673718998505e-05,,,0.5214802804007617,,0.5220225879460177,0.5227010462577055,0.5243363605473952,,0.5232615545323203,0.5220853789916872,0.5235376381571553,,,0.5928879543300118,0.5915261239335762,,0.5923868939010898,0.5912345607692002,0.5930633632437426,,0.5936689756455712,,,,,,0.5919659669706597,,,0.5934512661062089,,0.5924098848296784,0.5262409513122066,,0.5232850382884799,,0.5234117716503268,0.5246915885280165,0.5234582755741409,0.5239593125487484,0.7938529677773654,0.7947873515133123,0.7929645150683946,0.7959507920942825,0.7942062254232309,0.7941240133714953,0.791869572923684,,,,,,0.7944764652355276,,,0.590995087536684,0.5897156619079523,,0.5916407935039404,0.5924632051967195,,,,0.593325952600197,0.5923956309939126,0.5927877335848559,,0.5916965419129759,0.5919192852079085,0.7950855613753276,0.7951065980758167,0.7958483558791591,0.7955014830707707,0.7962223356919865,0.7952980533195573,0.7962008377619194,,0.5238880427814966,,0.523420398028146,0.5230308795887602,,,,0.5226629782562859,0.5241861544453634,,0.5236315356768371,,0.5228820471795467,0.5222184844238359,0.5252645525629802,0.5240361334529465,0.5239009029945143,,0.5224495072004299,,0.5229000848995614,,0.5242034528557634,0.5237815345460873,0.5231538885576394,0.5253088082457629,0.7966015674740282,0.7968148543160013,,,0.7952371098140824,,0.7970535092315144,0.7951814758966743,0.796357962355318,0.7964632187028656,0.7936354829321579,0.791922299242211,0.7937539620276151,,,,0.7967622826067238,0.795827152550664,0.7968925425620542,0.7940474487926035,,0.7953268474066986,0.7967212223668988,,0.7954839945117721,0.795502049570517,0.35472208808430905,,,,,0.35460774448418225,0.6684704114300847,0.7024432575639167,0.679852929312035,0.6806267668802702,,0.1645734648894768,0.7085752832368197,,0.7075164419901361,,,0.7082376755417255,,0.7086615009728934,0.7071128285791833,0.708102832760949,,,0.7084650235925369,0.7097431216675127,0.7093802447357415,0.7072835348899541,,,0.7098022763440562,0.7065435751317238,0.7065960415935213,0.7079905840246413,,,,0.7073975453699077,,0.7099303646687781,0.7087201051699034,0.7084281730164118,0.7072954059130776,0.7078539748923892,0.7052456961898952,0.7079969646390102,0.7070563097336497,0.7075223726232319,0.7068839793892974,,0.7072789598291687,,0.7088574387047197,0.7077390116980306,,,0.7071072991639198,0.7076241476981945,,0.7063466365574315,,,,,,0.7091460061057058,0.7073529326328616,0.7080360406724617,0.7098679512147797,0.7078385129032735,0.7083799809375911,0.7094359820321512,0.7058508439054537,0.7071606052394693,0.7069019455460293,0.7076625156389131,,,0.7092028498079997,0.7084297413479524,0.7079825909008984,,0.7088784720893122,0.7066546967883452,0.7101998233878963,0.7095720463855031,0.7076870275439653,,,0.7051643370224013,0.7077395161428213,0.7066689438680681,,0.7074969230142656,0.7074493638440756,0.7113576611753074,0.7081621833725136,,0.7072581091731065,0.709031560496722,,0.7093247203683009,0.7077767919763431,,0.7078258909208164,,,,,0.7094208002332905,0.7086243214241399,,0.7058764169427864,0.7066737712001702,0.7050427084652837,0.7067856266280645,,,,0.7078155341584,0.708927580239049,,,,0.7067764504466825,0.7077749674441454,,,0.7073200765086245,,,0.705366121778684,,,0.7075561934834446,,,0.7102373872879636,0.7067692371833116,0.7098402950495682,0.7076564897035047,0.7060986324396562,0.7085812206313349,,0.7085054623818068,,0.7093735782420384,0.7069950576428166,0.7087413245386353,0.7066962005029886,0.7078049545720294,,0.7085407339057145,0.7067534218744281,0.7068497791707258,0.707788595185883,,0.7090691351840096,,,,0.7077378276017542,,0.7070925591099727,,0.7070571422434146,,,0.7076838971021385,,0.7083244268585991,0.7078597510981056,0.7077162371728003,,,,0.7094043561880755,0.7060880481967013,0.7072207152238267,,,0.6448331119081456,,,0.6640489459236851,0.8263265577572356,,0.7794318790228866,0.6927414386155563,0.6922042705889508,0.8322826242853663,
4,4,DG_8pct,16,Z13_F06,13,LL_AB,182901,182148,True,2890.2924972888873,2909.174163929485,2878.5617476308603,2952.446782883296,2935.361767115214,86.38087709981654,14.222977608662072,2988.652393620738,3020.1229657627246,3254.0618839535414,3251.2085621521574,3393.0052665145413,2.859426257629976,14.662077420188382,21.906703068086557,15.113912772602703,92.15370447663243,20.896714449352768,44.4082795865393,280.94405449663464,,,0.7961288623667865,0.8512752634283115,,,0.7366443252829826,,0.6938048851162982,0.6921930002116753,0.6707075492379313,,0.7659812109982326,0.7668307939303547,0.6794425089543453,,0.6804676443774977,0.8306483042608894,0.8300005083865069,,,,0.6905260355794471,,,0.6939068439450522,,0.6876526765838241,0.6845549143017975,0.6954702927118116,,0.6960358515699694,0.6960823743714095,0.6953581488142666,,0.7425752124823548,,0.6529793470582057,,,0.6548171972856481,,,,0.6583288748045247,0.6562615439184208,0.6562175318643846,,,,,0.6558313912375663,,0.657120874036441,0.6577675030819268,0.6577789046021573,0.6572959967318016,,0.7216930029581731,0.6389750506038907,,0.7166803521990933,0.7199880343885725,0.7192294611845218,0.7179098485300132,,,0.7178613326965585,,,0.718392487001514,,0.718371780727445,0.718623694561576,0.718265020006704,0.7187515545862183,,,,0.7196222770375018,,0.7198360854116392,0.7198734322225837,0.7184502347014857,0.7198309421225217,0.6244723345052311,,0.6268842049529472,0.42562959264863715,,0.4201530523535299,0.4208135322096299,,0.4189774131437481,0.4196092033751661,0.5044022053917119,0.5058398551341473,0.5035979197934786,0.5062164829156518,0.503766296239638,,,,,,,,0.5062423063171002,0.5038820172150824,,,0.5030571627988141,,0.5065598151929025,0.5048955537420137,,0.5058124353297515,0.5038154061663693,0.5035820545451375,,0.5038064156011731,,0.5066250793715722,0.5033805693408517,,0.5055299405606188,0.5038545734876088,0.5043799121530473,0.5039489074197903,,0.5039130632509701,,0.5053697435070754,0.5049731210125706,0.5038340403580411,0.5050441790628146,,0.5028031327489898,0.7697001666145231,0.7694800928602225,0.7688486560436449,0.768925515951979,0.7720505492684399,,0.7705207733894129,0.7695618819680415,,,0.7704435542004602,,0.7693556666826203,0.7693713385906792,0.7716085646499765,,,0.7706967097688154,,,0.7688869448150584,,,0.7679847700574214,0.7696466262946604,,0.7712773860143918,,0.7694664741409504,0.7710603210316281,0.7697338290065423,0.769209181918872,,,,,0.7700728145972724,0.7704340216949923,0.7720120552542956,,0.7691497142278029,0.769927506355947,0.7682450936429784,0.7671200967277372,,0.42841447553253603,0.4286641931457861,0.4281835307957175,,0.4285432050305511,,0.429303659639625,,0.4285101340546025,0.4273883885062018,0.42731973408284574,,,0.42714783986207877,0.427968084517967,0.4284467134603592,0.4279020037711283,0.4292604293528767,0.427892843335564,,,,,0.4270863262788554,0.4265454895728655,0.42751447377459495,,,,0.4273762026009743,0.4278457216735219,,0.42821777749394785,0.4266700063134501,0.4267112094292454,0.42710358057217446,0.4271396820366329,0.42824692349261967,0.42713500675911664,,0.42906401384413423,,0.42772666924950836,,0.42794372363627287,,0.4271147178323708,0.4281384071217476,0.4264865941763189,0.4271377387151763,0.4278773643607638,0.4275491179222836,0.4265586633250319,0.4368490140983412,,0.4364576828165793,0.5275192981294439,,0.411773511949863,,,,0.41259652841052713,0.412903017838467,,,,,0.5427445058075492,0.5437754461982833,0.5438311203059127,0.5439170747011057,,,,,0.5447811935291944,0.5434382026957013,,0.544645577971503,0.5461984467354667,0.5452358376978189,0.5431746235502675,0.5437949327016607,,0.5441245597282193,,0.5437159935627082,0.5449026656243205,,0.5450046582506346,,0.5435859314171828,0.5434586402148004,0.5431848073773162,0.5443305556770768,,,,,,0.5432110002643197,,0.5432826669484557,0.5349075118526995,0.5340978176929495,0.5320558926683066,,0.5334103847560742,,0.5319343776377371,,,,0.533919823236547,,0.5330548060095597,0.5346611835924333,0.5337321163733154,0.5333067428576179,0.5330919138493366,0.5349868355863647,,0.5338764207659323,0.5340053410492067,,0.5333403925070477,0.5323927986776609,0.5343964216669584,0.5333270106025255,0.5322231462088627,,0.5331035414967823,0.5316281905676901,,0.5316138702504002,,0.7845395353269831,0.7828583833023334,,,,0.7829123663936237,,0.7828203314209476,0.7842246182420216,0.7829691153467166,0.7797961248508053,,0.7805122944181414,,,0.7785447817489597,0.7831414599257186,0.7825886249924647,0.7816620220759434,,0.7818491273382062,,0.7781552824609446,0.7788822646172684,,0.7808051041467019,,,0.7834910488489737,,0.7838040587430093,0.7836614565748949,0.7813280432202273,,,,0.7856731161654387,0.7850413339172301,0.7837838304465468,,0.7830492336069222,0.784798137645799,,,0.781323205942883,0.784042966296744,0.7806150298734404,,0.7832347796272877,,0.7839180256135356,,0.7831180580151136,0.7817333401258558,0.7822918605843981,0.7834536013691643,0.7792687737847407,0.7819881789191755,0.7791303658794257,0.7818092313816425,0.7817204164941665,0.7824354663823309,,,,,,,,,0.7797908044620406,0.7795616330671324,0.7791268961120515,0.7813752874791924,,0.7818796928888604,,,,,,0.7819658544967837,0.7802086898037001,0.7781772159877683,0.7817657713018901,,,,0.48157014980341756,,0.550057140780191,0.5491621647524213,0.5525246702133394,,0.4661005880280786,0.46724337274691186,,0.46606549570233435,,0.46673211499077505,0.4889424874719769,,,0.41217563721532335,0.41188386699316004,,0.40696390660258797,,0.4073393528090811,,0.4002904801723266,0.39932027234625855,,,,0.31148058905109005,0.249776905978075,,,,,0.1890000663867585,0.18905052805869366,0.18893725772473186,,,0.23616492134950223,,0.7853380330320138,,0.13901447838417164,,0.16509426154178614,,0.16499026955010337,0.16435414675024698,,0.1649676651200611,,0.16480881246578497,0.16467445472829523,0.16444531638297682,0.164329885450469,0.16474647388899036,0.16445674395820653,,,,,,0.8206985432164197,0.8232225521340811,,,0.8019111165540674,0.0170119244113226,,,,,0.016893664700877505,,0.016933509967242293,0.8184411408894667,0.8177957461232002,0.8170040277532685,,,4.365373498400597e-05,,,,,,,,,,4.35554281860004e-05,,4.362227502558799e-05,4.354997374061551e-05,4.3528937055941346e-05,,4.353411040493591e-05,4.357798384797513e-05,,,,4.360670914820715e-05,,4.3526069427649186e-05,4.3543725942191105e-05,4.368789994500702e-05,,4.345457724812281e-05,4.364983300557459e-05,4.363255950997557e-05,4.3615909114919936e-05,4.364641518743049e-05,,4.3538234886648945e-05,4.345324105949564e-05,4.3591033756721834e-05,4.364066900112142e-05,4.348018043106427e-05,,,,,,4.351771130424823e-05,4.3660052173280126e-05,4.358282882429708e-05,,,,4.357979710055735e-05,,4.357849046393655e-05,,4.373781922956676e-05,,4.3549555360901634e-05,,4.36475078106801e-05,4.373973500866758e-05,0.5020204490514124,,0.5026819010635382,0.5042028171770793,0.5024730917847647,,,,0.5026164062653219,,,0.5036514881682166,,0.5672566335005051,,0.5673897220382847,0.566278336291021,0.568165361489363,0.5676898572627291,,0.5658798451041684,0.5668572742714106,,,0.5652772748946844,0.5678007596384294,0.5668780779389585,,,0.5660630335306033,0.5645935476545589,,0.5026112244244644,0.5028978760785322,,0.5029727308661354,0.5035548626604283,0.504284650079233,,0.7873510591783992,,0.7856611343586246,0.7863272192223557,0.787909948898179,,,,,,0.7900238010829153,,0.7868588890855653,0.7891000267377062,0.5645100499911032,0.5655283556826162,0.5644228537003662,,0.5661550853794308,0.5666641574729355,,0.5692952013709175,,0.567107820670609,0.5678606023005571,,0.5594925799029337,,,0.7888956159210199,,0.7885140060271606,0.7902651947574084,,0.7907909883199953,0.7888974825830718,0.5039315690226195,,,0.5022730561644895,0.5029261235198225,,,0.504927293577862,,0.5032577518266849,0.50150801423462,0.5048578778063422,0.5043034725930549,0.5025897107257501,0.5033006238671186,,,0.5040719815167718,0.5020120119445632,0.5033499537618098,0.5034049952672673,0.5037121228603755,,,,0.5044970349058543,0.503394494565341,,,0.7898506633413961,,0.7899877076678322,,,0.7898324992277883,,,,0.7859970001097815,0.7872277757160931,0.7862730116671646,0.7891301420729692,0.7859880170349484,0.7898610089558668,0.7866438609702671,0.7884863644175543,,0.7896354935244276,0.7910280512889967,0.7894137129602663,,,0.7877913933903473,0.3249425162210421,,,0.32401673788065605,,,,0.69310728341925,,0.6686064093200424,,,0.6946928143248872,0.6936219280351792,0.6924000975097943,0.6945457918952886,,0.6945222308109411,0.6979102944403826,0.6933004441950377,,,0.6941726968208375,0.6947176804383423,0.6968629619110559,0.6952402454364665,,0.6957424699933206,0.6922085345544842,0.6936699374803282,0.6930386746106152,0.6956181345541271,,,0.69472671768103,0.6970504139728032,,0.696143982277784,,0.697139145771881,0.6944477578914169,0.6961837986070601,0.6942530907487477,0.696292285937297,,0.6959436129158051,0.6929252730649924,0.6946988920948575,0.6962838453548367,0.6964342263453587,,0.6961347002599438,0.6949132496330636,,,0.6943575251256329,0.6941995525158972,,0.6935753923281931,0.6940916554167925,,0.6941803497544263,0.6961456305982883,0.6954959192207529,,,,0.6970885915666242,,0.6948897133915445,,0.6957298169086474,0.6969846127858861,0.6954572283003759,0.6946758925569981,0.695782111967409,0.6945421235324333,0.697121851261996,,0.6949203013241191,0.695782757893062,,0.6940375675558398,,0.695974268191315,,,0.6938627741725745,0.6946226690834539,,0.6954599628729828,,,0.6967166285322081,,0.6952515010402357,0.6949871129003983,0.6925403986392568,0.694603487644089,0.6957036924721302,,0.6957474390687606,0.6942320066211871,0.6934266538304789,,,,0.6933381849163164,0.6943758434245,,,0.6952773045375513,,0.6944390677770392,,,0.6934042617992539,,,,0.6950743353429313,0.6941278173483685,0.6939137547119628,,,0.6956240200930806,0.6940724909173285,0.6940884893391969,0.6946862283773475,,0.6935721511067331,,0.6953520281425593,0.6955614049970502,0.6932678276603544,0.6938420132637233,0.6956016074854804,0.6953529511880142,0.6940115660737545,0.6939643643200345,,0.6949073706528717,,0.6939492073652995,0.6949486817916006,,,0.6961678996668851,0.6939106595223227,0.6962008205828925,,0.6940564219881515,0.6944300811558891,,,,,0.6945311467298885,0.695047798517531,0.6962809466561027,0.6929774561825958,0.6943560718165122,,,0.6948734303301547,0.6949872156068093,0.6943668025659113,0.6948489788438504,0.695978139522084,0.694779622817507,0.6937637711085402,0.6977275109692964,,0.6952684509287042,,0.6955563833389378,0.6933696684672211,0.6932634150661704,,,,,0.6298561357173349,,0.6514586187346648,0.8200185859004384,0.7634704563221787,0.7669502606748588,,0.678338308116159,0.8308739157387691,0.8292495178214409
4,4,DG_8pct,16,Z13_F07,13,LL_AB,182911,182148,True,2895.7897470433704,2900.0802890407676,2903.9590549377317,2963.8207803319433,2930.605888357768,86.49975320779608,14.176128851823549,2993.5140688406073,2996.427722513288,3246.8211342053455,3235.2324374993864,3381.925116611049,2.866122799299499,14.76565095449983,21.98576031888858,15.036172610996365,91.8611907022456,21.011210584405404,44.41273294593431,279.2794693803295,,0.796870976969677,,,,0.8757263531423889,0.7390968152770733,0.6947944791772854,0.6927007137445053,,,,0.7639906631876364,0.7641878109214502,0.6804354602576156,,0.6795155072329044,,,0.8325354881344555,0.6932671437291328,,0.6917335789883621,0.6968525520386931,,,0.6859422228830269,0.6867402841507799,0.6863410492597511,0.6941101692292119,,,,0.6945634134547001,0.6976511535470038,0.743554104519325,,,,0.6562255448027319,0.6546220541685424,,0.6572674331645261,0.6577256879108963,0.657489478604852,0.6591258527030058,,,,0.6568217360093651,,,0.6565971678735839,0.6582950191772173,,0.6567056914891919,0.6571719940781321,0.7230525839413002,,,,,0.720047923034425,0.7185304778150383,0.71781457560453,0.7182161416511138,0.717310489406837,0.7191913498778705,,0.7194056811817539,0.7188203419133656,0.7186287481051918,0.7189354198400871,,0.7190648878203284,,,0.7204634199032051,0.7164912735810941,0.7208119285645666,,0.7184403958973273,0.7192459482936039,,0.7176742015536998,,,0.6256990742981889,0.4256181687568342,,0.4194184277867372,,0.41961045659423485,,0.4187413755484106,0.5057156852530541,,0.5055025864815668,,0.5041378518613066,0.506299021426567,0.5031167181433196,,0.5053333441581659,0.5061125279500394,,0.5042074292053459,0.5047191862654151,,0.5051143811598908,0.5051510207355178,0.5064364609897407,0.503555215071558,0.5051922853856422,0.5046790865344193,,0.5041074651748014,0.504372627934025,0.5038448508814087,0.5065514742388152,0.5056940512765199,0.5037317474871561,0.5043692067207682,,0.5034817240767964,,,0.504311269096309,0.5040646967323587,0.5039637029861521,,0.5027129828543411,0.5056635386588111,0.5038220787411027,0.5029384109771701,0.5017012020372938,,,,0.7723616746710766,0.7682460449407061,,0.7719803071213576,0.7677674124932549,,,,0.7692991016485828,0.7697173401782743,,0.7687062590814169,,0.7694007155865638,0.7731540859368904,0.7695381875567487,,0.7691397339282889,,0.7707244184133654,0.7688118922575362,0.7694125553801098,,,,0.7710306465982115,0.7700774464158778,0.770901482303832,0.7696425883793948,0.7692027171317427,,,0.7703915504750039,0.7719709575138971,0.7707660114588443,0.7706449048083959,0.7704566477745283,0.7717792039242399,0.7689368781794155,0.7681512506616053,,,,0.7681024126704528,0.4267510497329363,0.42770937499468037,0.42803247849401815,,0.4265548239330315,0.4266528405678151,,,0.42800524297674525,,,0.4270138877588023,0.4292726891368891,0.4273401420197278,0.42904594381303957,,,0.42771139150110266,,0.4275669016415474,,,0.42792198271044163,0.42834071174232985,0.42675765968946217,0.42638534063204586,,,,,,,0.4267688274362654,0.4294583097428852,,0.4271540772542585,0.4274207446648122,,,,,,0.4289792530175533,0.4282405719561657,,0.4270780172115043,0.42613562916317094,,,0.4274369733385704,0.4267514843031734,,,0.4369058762089065,0.4361401866949528,0.43773770037841203,0.5274443959655187,,,0.4125005300095104,,0.41245292518122045,0.41360185029287055,0.41263987373302496,0.5451150800265947,0.5437214762917965,,0.544586539132854,0.5450784762491189,0.5445839949574749,0.5434652431687482,,0.5452334184911941,,,,,0.5431643608270947,0.5449721088762367,0.5436605589700055,,0.5443704806278737,,0.5438311962406569,0.5442610806985173,0.5436725997844061,0.5441358428311781,,0.5441085057763201,,0.5442251670285468,,0.5440705533862922,,0.5441239426601393,,0.5444573626780108,0.5426073308987274,,0.5423106971717843,0.5451681050186226,,,,0.5332228897941284,,,0.5339135718355514,,,0.533779266576708,0.5331226689868185,0.5346696531440294,,,,,0.5341479178951988,,0.5349917483549314,,0.5327472561557475,,,,0.5341496315844465,,,0.5329269145461981,0.5343123078037348,,,,0.5323539908083037,,,0.7827090385467538,0.7813203162844458,0.7827167037120012,0.7840365532565072,,0.7845786682588369,,,,0.7835808540349494,0.7812623321511759,,,0.7812419444704184,0.7796360163845627,,0.7815637013227136,0.7800147437368746,0.7794905662178749,,0.7808401333836881,,0.7827019978964487,0.7807791767450065,0.7815746122896797,0.7796183019250711,,,,0.7824373357726621,0.7834473017968024,0.7822020956751399,,0.7809101193193317,,,,0.7856539380179285,,0.7846480152092186,,,,0.7848841146150739,,,,,,,,0.7835795378190098,,,0.780751609360953,,0.7833228067599081,0.781298019920546,,0.7838264588138073,0.7806056195705962,,0.781361534923878,,,0.7810972214454225,,0.777863917425819,,,,0.7810120558489345,,0.7827479907716487,,,,0.7815508314591747,,,,,0.7795400463498465,0.7823416871141344,,0.7809387327218057,0.48336769833865223,0.48295233802620835,0.4830846868390535,0.4833849406839009,,0.5489837971986424,,,0.5495395350058007,0.46628364497457647,,,0.46621186419284644,,0.46819022690973544,0.48890667561540097,,,,0.41082086685237956,0.4117928894220275,0.4069552512041018,,0.4079998838842304,,,,0.39732194623153766,0.3193312688929606,,0.31102273820268217,,,,0.2161827320474056,0.7802870395793975,0.18919968744322063,0.18886200850629628,0.18888632004405034,,,,0.18846349130432816,,0.13922209720383608,0.13918511407915374,0.16458426295463274,,0.1648662455355294,,0.16488210370894596,0.16481179013897573,,0.16449823989458634,,0.164276381159976,0.1644749784052532,0.16426910197110867,,0.16491353783608198,,0.16518647365207134,0.16478762190876198,0.1645669381345471,0.8222992436396173,,,0.8211415632329037,0.8192028730841331,0.802579640068176,,,,0.01694566275613152,0.016881042235593183,,,,,,0.8182939869736481,0.8159919457244608,4.363271166251177e-05,4.366807073737786e-05,4.3616331539338135e-05,,4.354247297696204e-05,,4.3693087144915074e-05,4.3460816882770446e-05,4.3559400368130895e-05,,,,4.363036659101592e-05,4.3659514970157164e-05,4.3692925231188446e-05,4.3711450724790446e-05,,4.356159107065608e-05,,,,4.3588565124209266e-05,4.363521153378885e-05,,4.366869685785072e-05,4.36099878639018e-05,,4.363704549442168e-05,,4.355123093388749e-05,4.3724360066508405e-05,,,,4.369946917942224e-05,,,4.3506856726674934e-05,4.3613648765951006e-05,4.353705418064149e-05,4.354622583588958e-05,4.35702494553953e-05,4.362442235966354e-05,,,4.367346925242626e-05,,,4.366822631415558e-05,4.359022125079616e-05,4.3528968815219456e-05,4.3620425620651745e-05,,,4.355201167545523e-05,,4.3543288920803006e-05,4.364231220491125e-05,4.366235156196816e-05,,0.5029661682708437,0.5021136570805178,,,,0.50344034395074,0.5035539569306847,,0.5024624001741086,0.5021582831960951,0.5035190920914453,0.5022521758376886,0.5669069689495225,0.5663902597849221,,,,0.5664743664243896,,0.5672137276143254,0.5670067299058075,0.566890675868109,0.5663643312522336,0.5667072016025353,0.5648788191563785,0.5677777153847781,0.5649835513849333,0.566806843418829,0.5660381988112735,0.5676319915968878,0.5668264248146339,0.5046768167977903,0.5033710544568156,0.5031153160811255,0.5047260389551871,,0.5046677578845463,0.5039033877105327,0.5037674788211599,0.788041911061178,,0.7875826164138217,,0.7886715897451125,0.7887304574374048,0.7878243726848927,,,,0.7855900038414081,,0.7889699525528486,0.7883238526448424,0.5647750612447122,,,0.5662432015438531,0.5659350006908694,0.566212340251914,0.5666703102953228,,0.5653285513208784,0.5667085094199769,,,0.5583839803896522,,,,,,0.7870909617205822,,0.78738939018867,,,0.5026964473081409,0.5037723633839946,0.5038489585615666,0.5043248651608032,0.5046139521354739,0.5038337456975582,0.5029403720448183,,0.5058734784638976,,,,0.5036869603735237,0.501781402834737,,0.505167175300544,,0.5049574490570325,0.5026197342460645,,0.5013621074374107,,,,0.5022470592353827,0.5015179249928308,,0.7910499140509378,,,0.7865199410582442,0.7886062311840447,0.7924500644178376,0.7893409014782417,,0.791120957283667,0.7877652441889404,0.7872357267317116,0.7877647281277902,0.7872790654127726,0.7883152983933993,0.7889949189558904,0.7886851942430162,0.7866955571586809,,0.790832058381561,,,,,0.7908212417234216,,0.3235526425767378,0.3233836280345265,,0.3236976915424751,,0.3240365564977032,0.6536273007177593,,,0.6667277864127379,,,0.6953527449892637,0.6928733467535175,,0.695412682067135,0.6962616467637232,,,0.695321119459651,0.694551284041208,,,,,,,0.6939946518381483,0.6927653967920603,0.6947283640132019,0.6951946463484362,0.6951221505709574,,,0.6952477358898271,0.6954139995739771,0.6940627280584346,0.6942024666402891,0.6928236890917434,,,0.6949636681474386,0.6941072215913316,0.6957893301426588,,0.6940523088734584,,0.6927228940357647,0.693918585538728,,,,,,0.694162742886444,,,0.6961363546925148,0.6935436067806369,0.6956841281819761,0.69493615687095,0.6926755965608189,,0.6957058478585373,0.6929530425522406,0.693933532106705,0.6961022266750209,,0.6973498331600435,0.6949825274846197,,0.6956659546592691,,0.6941101549372628,0.6959148936232286,0.6955888759303243,0.6949976024879382,,,,0.6944047796926063,,,,,0.6947323223281473,,0.6964422938329284,0.6943018049228582,0.6942203525541505,0.6950420042732363,0.6948141722918618,0.6960507415490673,,,0.6931642618914361,,0.69475181812573,0.6958385746939544,,,,0.6924055977968031,0.695595622185419,0.6926073617824284,0.6956385383416507,,0.6940949529079894,,0.6933241628621825,0.6952527907976039,0.695805593085739,,0.6951331519549022,0.6957136244184033,,0.6932796202774703,0.6952383319129941,0.6952296336418012,0.6958942536432161,0.6951751230267614,,0.6963096701533175,,0.6937186087770503,0.6941155979542147,,0.694864709172775,0.6963968826358617,,0.6963892795842012,0.6932052536296383,,0.6950496707285791,,0.6954310439783262,,0.6950477337486433,,0.6961070668461501,,0.6945354460113685,0.695157273937698,0.6952304662802817,0.6935723611034879,0.6946183722359177,0.6966759169128085,,,,0.6936915444047753,0.6939384881069558,0.6944696289842369,0.6966409761472991,0.692545417382046,,,0.6948566868577354,0.6955882236091361,0.6955338897754347,0.6957185428054846,0.69456760984403,0.6952048928678198,0.6942027310724872,0.6956199310983506,,,0.6932862626794615,0.6952363463344452,0.6938211521469192,0.6953897269257562,,0.6957154432907485,0.695698782912651,0.6943398219573217,0.6943494388981469,0.6957084964106062,0.6950289877575945,0.6948802460585621,0.6935634970565212,0.6315016251417074,0.6313453227744585,0.6318008525172467,0.7355671024750938,0.6519478474638057,,,,0.6791327130903746,0.6781249105628264,,0.8291130833933369
4,4,DG_8pct,16,Z13_F08,13,LL_AB,182901,182148,True,2876.881630291283,2899.09228468359,2898.209876921754,2950.1679590384256,2941.937258963894,86.38859519313482,14.125150317536596,3001.369345797673,3010.3713166006,3220.888478180074,3240.71643763793,3375.7720590455997,2.8784533213425316,14.75830221879969,21.897651392342414,15.038083035727352,91.53093142178612,20.976716911708074,44.40067948987798,277.4843939783623,0.7969495308732135,0.7970601572478806,,0.8528550954899089,0.7871226734795774,0.8731643610467997,,,0.6926258934309973,0.6911754733891489,0.6724049853026733,0.7639262310313766,0.763680131143946,,,,0.6786895391565919,0.8327158918287834,0.8294666180346532,0.8304294126205775,0.693381216070443,,,0.6941557095016564,,,,0.6890290844122232,0.6849787127146352,0.6955355229999747,0.6951364710384218,0.6975922406769816,0.6952587805836496,,0.693683907395247,,,,,,,0.6560591624679547,0.6560659781686491,,0.6580730312775217,0.658330431335134,,,0.658213542513184,0.6584944186987517,,,0.6575365004369768,0.6568791728791238,,0.6581678282035807,,0.7203764175071106,0.7236273459782071,0.6366526901427149,0.8158251166483992,0.719415846927062,,0.7177130120570254,0.7204788675453753,,,,0.7158057135527883,0.7198596436813081,0.720274838286335,,,0.7183007867151655,,,,,0.7196347116761184,,0.7202452857520693,,0.7191116422478625,0.7186061039223203,,0.6248670788212456,0.6246125537832216,0.6255854052531841,,0.4209970972688185,0.41981850460246506,0.42016219211076106,,,0.4210162654735742,,0.5046118418695591,0.5058605569458394,0.5046400609506948,0.5034186956982266,,0.5043328716162451,0.5040935081793997,,0.5049729373962784,,,0.5046547493231789,0.5041345785006283,0.5044155362666983,,,,0.504695905791035,0.503227531650921,0.5046348787741611,,0.5045832138927845,,0.504426763414257,0.5056849978052512,0.5047179970556658,0.5047667416240126,,,0.5043225930928863,,,,0.505503012494426,0.5031188437482723,0.506143752340291,0.504318776140546,,,0.5027429696897191,0.5042336187167359,,,,0.7699199686854891,0.7716261432136402,0.7689272133684728,,,,0.7713032263213566,0.7693688476892269,0.7722839098612133,,0.7694303372771947,0.7707289210555227,,,,0.7697910389149882,,0.769964174175011,,0.7713990637365024,0.7674876691697305,0.7695805435578743,0.7700574933219925,,0.7699730483132801,0.7695601989639311,,0.7669550301917106,0.768785511604022,0.7675262560122783,,,0.7690264262353999,0.769244865699613,0.7694319965691068,0.7678338723486906,0.7702853199918569,0.7699575154449906,,,,0.7718509918958785,0.7693276973814959,,,,0.42757588737582347,0.4269060604696415,0.4279570729789308,0.42722375142582253,0.42803657154200764,0.42822786165435356,,0.4277493513929403,0.4287417442131458,0.42746411003273393,0.4279076987410486,0.42782359768712613,0.4273212397136086,,0.42704640480078315,0.4291896954204182,0.42804026007295937,0.42730014546187084,,0.4261735654865747,,0.4270570305774139,,0.4273643201422448,0.42881963444699545,,0.4282971968009261,0.42671312184052357,,,0.42848812320478014,0.42833595508225525,0.42802843837624144,,,0.42845533194852614,,0.42768758981935245,,0.4271358283449709,0.4279744716147284,0.4277109666809572,0.42746812215920876,0.42731462743105686,0.4287839725052298,0.4288735443764669,0.427351725557854,,,,,0.436549241532826,0.438566969225705,0.5274831538144608,,0.41157723718408146,,0.4115395395520419,0.41305975475187384,0.41159188956193554,0.41209767823019966,0.5432323406078785,,,0.5455222216628643,,0.5449073391395425,,,0.5447386200713235,,0.5438843867703779,0.544007737981576,0.5442306594787548,0.5459972622428154,,0.5452959518667696,0.5440351757624938,0.544759578022454,,0.5452929428445904,0.5453505704646978,0.5444635208126299,0.5451841755909629,0.5419964651213919,,,,0.5437397754504161,0.543453035424753,0.5421228085371784,,0.5433245003093644,0.5439015381089365,0.5423872968643261,,,,,0.5419652227400621,0.5440983878844976,,0.5335805774652486,,,0.5318087445392851,0.5323049941487451,0.5341464549436425,0.5325018314844447,0.5331620281948346,,0.5330554664861157,0.5341740187476469,,0.5326407476781302,0.5339745641498838,0.5326105372671803,0.5348934289336716,,,,,0.5329828180641661,0.5339535544041818,0.5326987826286886,,0.534861378114917,0.5338122483413817,0.53142276050578,0.5323183609623197,0.5312499976223073,0.5332436879305611,,0.7804146612137292,0.7825740008123311,0.7849117069278131,0.7831718948048723,0.7843299420310521,0.7831530371807566,0.7830670291610551,0.7849371661797808,,,,0.781784369057585,0.7819684265281579,0.7800726514180584,0.7797299101546449,0.7802939206306209,0.782103011094028,,0.7793553287552676,0.7822265642369319,0.7792547908116325,0.7794060297100304,,,0.7791686935938696,,0.7837524966543022,0.7833369223658745,,,0.7821709056711332,,0.7810437919436204,,,0.7868886570604607,,0.7824217465161398,0.7832204427209455,0.7839860909840054,,0.7845157876982258,0.7827812342816224,0.7816275956937618,0.7827482702038476,,0.7855082420978602,0.7833336385567861,0.7836751020627579,0.7827046439608426,0.7831388346326766,0.7815447149567217,,0.7856655402745225,,,,,0.7790090186417228,0.7800175515733357,0.7801709205485977,0.780043320571861,0.7819010748547491,,,,0.7817696410450001,0.7797324440542169,0.7786933265926194,0.7804474964194593,0.7820095175616799,0.7784429840291565,,0.7798050550422924,,,0.7808568465140416,0.780315050543292,,0.7844788737369558,0.779706537004165,0.7827783209341445,,0.7829334561150951,0.781152555548631,0.7790364016255886,0.48204662533605025,0.48258915756300363,0.4825648966046451,,0.5504527449508212,0.5515876643909617,0.5505570722112929,,,,0.4655591496351814,0.4672408154003594,,0.466031198120157,0.46727841559858385,0.4905308142418852,,0.770737133521675,,0.4101907436772578,,0.40734072544938554,,0.40711196744056605,,0.4009539733984284,0.4009016398402905,0.3969153833243021,0.32025731597489093,0.7649540631482014,0.31136524191676596,0.25036097850547034,,,0.21582479450426045,,,0.18914159351582058,0.1889096233829034,,0.1896904735789189,,0.18892496977388198,,0.139164185985391,,0.16448783927513844,0.16473185585176328,0.16483214466707352,0.16457795159485064,0.16448368283399425,,,0.16462100391223303,0.16395713640778442,0.16453303976555692,,0.16464312610451426,0.16534407981949834,0.16467405095424473,0.16455283799339956,0.16455454250465,0.16453636124048135,0.16503009489331355,0.8248929929797468,,,0.8206241216738083,,0.8020848638068184,,0.016960085713780316,0.016947665968974984,,,0.016863818924637865,0.01688288915359398,0.016904556064529973,0.8139614350074519,0.8190666212717872,,,4.3703856700356324e-05,,4.368918504119793e-05,,,,4.3667983034736966e-05,,,,4.356623529515202e-05,4.359424732119004e-05,4.365220448849862e-05,,4.354240752286024e-05,,4.355623977303518e-05,4.365394624984296e-05,,4.367029754152441e-05,4.365300747230824e-05,,4.3781664848082803e-05,,4.3513932109426124e-05,4.366201912317427e-05,,4.3604340808512004e-05,4.352299700076104e-05,,,4.358984629693118e-05,4.351157358281291e-05,4.364449385228169e-05,4.349901283161233e-05,4.36409592038142e-05,4.360755065573917e-05,,4.362705368949488e-05,4.361854220595315e-05,4.361398751312244e-05,4.364140065154127e-05,,4.353298026881052e-05,,4.3684660154050854e-05,4.370121251371079e-05,4.3515889449608766e-05,4.3620738201013866e-05,4.35348750826465e-05,4.364888777365562e-05,,,4.3668738757335826e-05,,,4.3537829048558774e-05,4.35367446554085e-05,,4.3624201334694875e-05,,0.503005289182246,0.5028757161437541,0.5024987181156233,,0.5029241856531675,0.5038453046786714,,0.5025413529621866,0.5023326745645789,0.5026606102628003,0.5036333820270061,0.5675873172665258,0.565764014387495,0.5663158808315948,0.5660405331086312,,0.5665300811907614,,0.5669935178433118,0.5678461611388292,0.5669491327486671,0.5654961658850317,0.566757269952631,0.5652961537261281,0.5657002588860729,,0.5653908917968948,0.5651046566593121,0.5640031476558546,,,,0.5038075797960423,0.5023293181556744,,,0.5039792271307458,0.502382563044216,0.7868766228863517,,,,0.788291272056455,,0.7879178376873271,0.7864956998213488,,,,0.7892823585127074,0.7897506378456374,,0.568792621141137,,0.5670641276012819,0.5654053790594958,,0.5677298046083388,,,0.5668298797700625,,,0.5664223644363576,,,0.5640147980959317,,0.7887856226486342,0.7877454736415457,,0.7883681139721717,0.7886484601232506,,0.504091713407139,,0.5032245363242116,0.5032923094669234,,,0.503593945489502,,0.5032377932689492,0.5041435893518963,,0.5040065906207029,0.5040399425414451,,,,0.5038553106033483,,,,,,,0.5034139064634904,,,0.5027999048314703,0.7920677402913467,,0.7885423267390558,,,,0.7883884976196814,0.7899233066610692,0.7877442115187314,,0.7868243637411717,0.7873763019423664,,0.7900301012469308,,0.7913534635105537,0.7883710896268687,,,0.7883355805027931,0.7870791556708798,0.7878420399954278,0.7915469078705547,,0.7904968210029496,,,0.32457124985157243,0.3239414079828984,0.3247369335232705,,0.3237044218222334,,,,0.6681696116081773,0.6654201950748156,,0.6950747933031459,,0.6949290816781529,,0.6955670069395363,0.6947101048207547,0.6942406656755153,,0.6937473339216274,0.6952879948875714,,,,,0.696253919242916,0.695021430619325,,0.6948188011319646,0.6943848012459212,,0.697143778472848,,0.69343031864312,0.6961370352934159,0.6969162099010514,,0.6960737260273265,0.693805034691017,0.6936131375117948,0.6945409114913671,0.6935069430461064,0.693027173830186,0.6950939688668024,0.6931408175375886,0.6946303467481414,0.6955986068808624,0.6943131651592872,,0.6961040776074958,0.695598167125257,0.6924958850753813,0.6942113745933557,,0.6945867500694289,,,,,0.694717370235742,,,,,,0.6943545736688823,,0.6935717472272426,0.6938618081553241,0.6950288448814069,0.6942263413433419,0.6951158505409518,,0.6956476750358155,,,,0.6940752588481257,0.6932627261793968,,0.6932522256455063,,,0.6951150405155441,0.6945686547868553,,0.6956136410500288,,,0.6945505424148295,0.6956597999611311,0.6960714995006408,,,0.6970895232420818,0.6945534657016057,,0.6955506658268064,0.694274142784918,,0.6948720171445929,0.6934402316820808,,,,0.6966202703337163,0.6937033451172602,0.6933196589842755,0.6967024083263661,,,0.6948524317178376,0.6945230987803078,,0.6931035101054116,,,0.6964261878994559,0.6925280250659661,,,0.6940720463198816,0.6944604046675745,0.6951713391610228,0.6951942152828565,,0.6943274792425954,,,,,,0.6937622526624173,0.6934159821203078,0.6938636829022192,,0.6955002193651076,0.6940992458079173,0.6945387307499924,,,,0.6942520598688878,,,0.6957075796296984,0.6948940660556563,,0.6947543339023268,0.6951857219916003,0.6958733037017233,0.6948562747116395,0.6912743429548205,,0.6962087880740697,0.6943082621826716,,0.695039848111192,,,0.6933170899453176,0.6948756654412943,0.6933639675427083,,0.6948190215776097,0.6944585989131522,0.6945617036182691,,0.6953919138387737,,,0.6958565130703005,0.6952872596559,0.6971373675556052,0.6948283405774123,,,,,0.6313675244277426,0.6301801087264199,0.6323369785143353,0.7366777490337987,,0.821207773027034,0.7635933844701918,,0.6805165418528603,0.6788204559932133,0.8281292028333082,0.82952761403462
4,4,DG_8pct,16,Z13_F09,13,3PH,182915,182158,True,2694.8196159405593,2736.2557695015867,2728.5611781692264,2895.3654774843844,2867.6415674846944,38.25462663919886,7.910102552273813,2904.885669843073,2887.7789535918623,2986.286436569684,3003.083026547161,2997.0477623839342,0.00021454657512514838,12.158702539698098,18.044680091706113,9.00786581760108,31.574469023031874,12.081208718026726,24.447923252417816,59.32125838204837,,,,0.8087339205335671,0.8057945943175767,0.8026894096997307,0.7614260107160198,0.7016357188552227,0.7034445280754927,,0.7024804290047055,,0.7093115465039974,0.7124080409692732,0.7103719294341444,0.7134572938844819,,0.7085280755687577,,,,0.7021760213914228,0.7002676337653894,,0.7066765478056977,0.7054678774766758,0.6915655408919179,0.6915162718795346,0.6934821297593393,0.7054177747446769,0.7034064193501003,0.7069502217413032,0.7057606682549676,0.7037613946765986,,0.687044610003197,,0.6628198224076954,0.6618935512037514,0.6671285534323196,0.6671925774780175,,,0.6697326375492707,,,0.6711522094435618,0.6691104190108907,,,,0.6706477150052631,0.6692661228863342,,0.6701969432643347,,,0.6664594996084244,0.6688269077034955,,0.6677116623584587,0.6638533915186338,,,,0.6618312208866597,0.663478240500256,,,,,0.6633589878716315,0.6617159077008846,,0.6621603889812466,0.6630050469067881,,0.6639363370875984,0.6641952534639161,,0.6660615679613647,0.6644773278159359,,0.6654331798118158,,0.6382029806783369,0.6383625871928349,,0.4480644699195506,0.4432265660586942,0.44443072580710574,,0.44535696842713407,0.44448755590871886,0.4439224510571066,0.44843266472815835,0.45008858084849757,,0.4501057492043033,0.4497015262737908,,0.4502673752822896,0.4497588981854339,0.44973749702110044,0.44930587272552286,0.4494281356901858,0.4492315841815581,0.4495328059893211,,0.44937876114535374,,,0.44938354967802163,0.44909236855139084,,,0.45093902115731505,,0.44974497845345646,,,0.44970380838004403,,,0.4503694958581221,0.4490736221946505,,,,0.44869556195337845,0.44820837986868733,0.44787844151612394,0.44950609639251954,,0.4482210409437388,0.44909085527919673,0.4489798427246651,,0.4493104959639667,0.44812559256530754,0.4497283254079172,0.4482077454188384,0.4494522540037022,,,0.4485285134167108,,,0.4515742181456049,0.44892194757885895,,,0.4485389881419874,0.4486483727783615,,0.450178300017503,0.4493881574149185,,0.4491801192301177,0.44978271589278146,0.4480595142885801,,0.44946057400350126,,0.4485833538822524,0.44877175963447447,0.4497270807828027,0.4482286563132454,0.44886372595299684,0.4481209209659427,,,0.44920252696075047,,0.448889055384821,,,0.44886058808246243,,0.44948540439730017,0.4491923466026561,0.44988831199977547,0.4504389333792375,0.4503721975453951,,,,,0.4499758309995948,,0.4492616779576922,,0.4491062095636105,0.4506031259046178,,0.4497867866174586,,,,,,0.4504622682796756,0.45081999880828816,,0.45128371656107874,0.4489717874936718,0.44948994539530335,,0.45015839429355037,0.4503501973358397,,,0.4501721610198771,0.4491807681561568,,0.4507766362952325,0.4499664717516122,,0.44918823507402544,0.4502024365188027,,,,,,0.4499003104489191,,0.4514563463866279,,0.4507388712640495,0.4496281946207393,,0.4503849554048954,0.4508737356003431,,,0.4557263775185568,0.45360472769218824,0.45596890661224987,,,0.43955317840492114,,0.43860527054413395,0.4384050791871075,0.43899545200887585,0.4397357836518354,,0.49157098921537395,,0.4919594119466869,0.491164153759069,0.4915425177383812,0.49161975221324805,,,0.4919836762884472,,0.4918030228269941,0.49201599126371653,0.4917117512074581,,0.49093632713387914,0.4925812981673167,0.4907184424588978,0.49255078046951073,,0.4918287956546572,0.49019166361215977,0.49118856985603326,0.49190576424688687,,,,,,0.49047428350989275,,,,0.49122848190687807,,,0.490064785059292,,,0.4920485903090102,0.47975680915421737,0.48073184261327623,0.48049954659250843,0.4814246976479373,,0.48120302802533094,0.4811063526621637,0.48086733016248406,0.48178969759060203,0.48146266491371825,0.4815421791903352,0.4815259577206512,,,0.4818653180737631,0.48329370784260434,,0.4817076114764913,0.48101260264169815,,0.48200461868553207,,0.48051439301039134,,0.4816913481250455,0.48059592459472805,,,0.4818860573887109,0.4822320084460917,0.48038779795644654,0.48171902395119587,,0.4915659049643053,0.4923025083482875,0.49156581464867677,,0.4901598290223305,,0.4901374726698235,0.4913647811277376,0.49099654185999014,,0.48082138786480216,0.4816922243137572,0.4805932637599737,0.4816062364872867,0.48001155388173583,0.4797596399200121,0.4801444929261421,0.47921461645211716,,0.4800901942696758,0.47943380849241446,0.48074766192930124,0.48192737800956015,0.478586682019463,0.4787089214527545,0.4910556829479111,0.4915279547458309,0.49066769015977424,0.490006472725289,0.491471264081912,0.4906768049422993,,0.49093649415032714,0.49143907731795017,0.4889761366513824,0.4912164484953352,0.49089171583554303,,,,0.4913783011423675,,,0.4902130622390422,,,0.49048933014711016,0.48994375610493174,0.4906431876638626,0.4892851285465184,0.4914867428300632,0.4908404887688937,0.4911770274310544,0.49107602217692053,0.4921333179114294,0.49108112661134046,0.4804673884487425,0.4813229893029144,0.48029737909249376,,,0.47884515951404494,0.4808384927435963,,0.4794604606805487,0.4801218131460311,0.4823421453941188,0.48051336825318824,0.48022876068161574,0.48074425859992986,,0.4801686805081387,,0.48059552141744655,,,,0.48100480488281244,0.48038500731475814,0.48029253418959,0.48001963531636577,0.479739917093746,,0.4798009042377693,,0.49727233121488773,0.49716803162225526,0.49839678115753944,0.49689789467066503,0.49616139818005195,0.4962216608171758,0.49599693914364584,0.4959166528703468,,0.4864892041228379,0.4868377901329386,,0.48778219448966564,0.4872824371892653,0.4864272322345333,0.44118305200208013,0.44328399834968213,0.4413652181549122,,0.4364503886025147,,,0.4265546993942322,0.42690008851600403,0.41597528796389366,,,0.3569055666845461,0.35711896943986104,,0.2866264928795292,0.28646641797715766,0.2855799486655995,0.2532505482023329,0.2546015517146567,0.2537552132933606,,,,0.22766022633697183,0.2270168845178963,0.22770308780816728,0.22723572952426976,0.22836928724981695,0.179366848750247,,0.20579958907079135,,0.20582142537403392,0.20563109561041973,0.2059482796401755,0.20619582869120598,,0.20600707524591264,,,0.2058538194526806,0.20572169536265267,,,,,,,,0.07578017470418523,,,0.07537318780723948,0.12906504736466307,0.006501271405805631,0.006497211194580402,0.00649156236822222,0.00645695129669723,0.006488443393384883,0.006500466551033298,0.00648868611405269,,0.0064645286291372586,0.006478175147934062,0.006470262342321665,0.006453052431845674,,,4.123668229739605e-05,4.125321120454732e-05,,,4.11392497012296e-05,4.121766107163431e-05,,,4.1186742329824247e-05,4.127611635527585e-05,4.117919529707927e-05,4.117534197082528e-05,4.127594947506313e-05,4.115847740199992e-05,,4.12311244715539e-05,4.1102363096992605e-05,4.1163872080550506e-05,,4.1187494027731095e-05,4.103595098574271e-05,4.115740808567426e-05,,4.1106550158343845e-05,4.1187100090312134e-05,,,4.115713290354561e-05,4.1112839222223414e-05,4.1097212329990094e-05,,4.1269703517159805e-05,4.124182539133679e-05,,,,,,,4.125057430110765e-05,,,4.113299816959768e-05,4.108394229885165e-05,,4.117389400855086e-05,4.116119661049585e-05,,4.114830196603984e-05,4.120546903020051e-05,4.1093729334936115e-05,,,4.111201518278578e-05,4.1143750281365535e-05,,,4.1223809433868715e-05,0.514706841709155,0.5152347957768314,0.5157867840792287,0.5155302128681362,0.5151085571886386,0.5165081217187677,0.5158920385360091,0.5170526712906004,0.5153965365880875,0.5143051352175443,0.5158118913914527,,,,0.5134127542705202,,0.515541068903697,,0.5122674092772809,,0.5151687997723362,0.5129711779854311,0.5145549257007888,,0.5135095861255029,0.5150776417731939,,,,0.5130513647622792,,0.5167383336867766,0.5139532151509978,0.5176377696105868,0.5150400820584301,,0.5166509405685317,0.5169772849935315,0.5160912697752434,,0.513136259461816,0.5148788269427671,,0.5122501349633769,0.5138801241488193,0.5135001274259012,,0.5130538546253267,0.5128724068428991,,0.5139802415200172,,0.5134005725531231,,0.5154709954049344,0.5138457199347842,0.5145273095040114,0.5151555777107686,0.5167898746043071,,,,0.5152986925165248,0.514230088528392,,,0.5127654976751073,0.5126779892684656,,0.5134042227994463,0.5134348486113641,,0.5127307618918174,,,,0.5151330162849609,0.5159845488155254,0.5153378718479837,,,0.515832469184819,0.5147901592304996,,0.5162561009236905,,0.5147710835137084,0.5153942549189925,0.5145832027577179,,0.5161167233645317,,0.516728288538309,0.5158790201508858,0.5154684914427244,0.5150823797415972,0.5153291469631648,0.5159573907916549,0.5152643581531372,,0.515477713364396,0.5148231935429993,0.5143807794600677,,0.5137864296113545,,,0.5146699021165974,0.5151419123079899,0.515162975423266,0.5157279102954452,0.5158345901240965,0.5115957510746361,,0.5132076628658176,0.5135700585577725,0.5133066330660708,0.5124256870254847,0.5152089266897085,0.514594565907364,,,0.5132339631952417,,0.5132410929193936,0.5124254793516357,0.5150312617126811,0.5133234198892782,,0.35545356347729706,0.35628396065041684,0.35578978957254304,0.35608834708620213,0.3561147531304249,0.6814178104971638,0.720550792807285,0.6792880933412819,0.6783894893834447,0.6775616384096197,0.12950320757684544,,0.7032621761265135,,,,0.7050065667364426,0.7053007061931017,0.7066303917999542,,0.7031582332396963,0.7053661277371769,,,0.7048251621494529,,0.7057114589014967,,,0.7034742453824621,,,,0.7046726470821838,0.704119336743556,,0.7035528883765011,0.7057912436186163,0.7060137087946979,0.7056316747691461,0.7064706210354484,,,0.7026103482715048,0.7053437750332587,0.7022811490204522,0.7046019307396193,0.7053583941072176,,0.7059684083972209,,0.7061231401489764,0.7045107257560477,,,0.7046421341044483,0.7073374759737687,0.7064680430948072,,0.706923140347277,0.7035104868280988,0.7043627704920344,,0.7034066206079855,0.7033273667384957,,0.7049838314615217,0.705010877289962,0.7049675668677436,0.7044852764277058,0.7053458035002236,0.7040902988454819,0.7047230683206485,0.7057121386612513,0.7065590473178929,0.7030884459701328,,,0.7028915452146988,0.7032375207200122,,,,,,,0.7051573007519734,0.7079641617972766,0.7044016895906967,,0.7048495973187718,,0.7039556964127142,,,,0.704664959883985,,,,0.7024435663546187,0.703773311778872,0.7043076383572587,0.7044729602132875,0.7046915477503214,0.7051912886945497,0.7050374067484114,0.705265937692084,0.7036684512135641,0.7052991248309103,0.7059884063492401,,0.7040463990087455,0.704521729439804,,,0.7075642733704033,0.7025015730751091,0.7050787786136662,,0.7063687270587623,,0.7052627195107753,,0.7029945859025234,,,0.702353171069161,,0.7055502048667638,,,0.7043552986839492,,0.704840321466836,0.7032854140088338,,,0.7026666691173785,0.7042670373954059,,0.7038487691303337,,0.7051126550909148,0.7037216872946199,0.7028206864600997,,0.7058044212093983,,,0.7032566301610229,,,0.7056027541102909,,0.7046976217767424,0.7043551788728541,0.7028956114186216,0.7064148391517219,0.7068971104462014,0.7059368032902406,,0.7040959243238286,0.7050342765143109,0.7060625733479917,0.7040002789774641,,,0.7072424698130748,0.704112382770433,0.7067734463175256,0.7038643768895334,0.7056122029438895,,0.7032602550941359,,,0.7041036856243904,0.7046229857681289,0.6435679057834235,0.6396460543706843,,0.6812363747909883,0.6796480149969342,0.6813674459289883,0.7103578704508294,0.7120931083018271,0.7106035657377363,0.7089136872045614,,
4,4,DG_8pct,16,Z13_F10,13,3PH,275695,182149,True,2865.2024064169113,2921.2640044592913,2900.108591060487,3036.7535579949385,3024.4406033467026,36.389848621976654,7.3969697563802725,3070.4817386390196,3070.0354057152063,3168.7290335181906,3186.333698452179,3166.647394747822,0.00022792721677554126,11.777969555890312,17.525871065931366,8.539080104080089,29.56168017613452,11.27918271747858,22.840067692842556,52.31591981417498,0.7940004108465807,0.7930598820619487,0.7939692553597542,,0.7983832834057989,0.7981948777652206,0.7506685390902282,,,,,,0.6964533890636709,0.6968687070300335,0.695429675153244,,0.6974861878062114,0.6951872985882644,,0.6959245714461513,,,,0.6910398189002422,,,,0.6802626892322157,,0.6922752903469355,,0.6877258975620767,,0.6922190629853426,,0.6730183179276907,0.6444123033894299,0.6449975552413808,0.6455611188000459,0.6505882498191664,,,,,0.6510063380785899,,,0.653532309328699,0.6544658070432025,0.6547109934189687,0.6528275482644049,,0.6514168647899689,0.6556051324193695,0.6547239008910634,0.6532902700159872,0.6530162475841707,,0.6512311181501435,0.6503157040979289,,,0.6479353923276285,,0.6454253746550509,0.64487633036004,,0.6473089969517548,,0.6444278097339512,,,0.645467433910095,,0.6468079493065519,,0.6464713562558516,0.6441352974451654,,0.6471344732252408,,0.6452578247470442,,0.6480024488860903,0.6475617387709993,0.619796952852483,,0.6193587075872217,0.4182518534715206,,0.41443194374691755,0.4140079880494781,0.41365738593518475,0.4143930933824759,,0.4181597041763425,0.4187551618816085,,,,,0.4201800403783864,0.4199374619492655,0.418557511966823,,0.4176850081923593,0.4191737164224838,,,0.41764104450725953,,0.4189896590670748,0.4198053407980286,0.4190861135231274,0.4197264911531704,0.41923774550238924,,,0.419714168360994,0.4188542645093438,,0.41788895313789315,,0.4181913733824175,,0.41946353762403793,,0.41805159246609896,0.4177711010463683,,,0.4190359209309266,,0.4181916359293102,,,,0.41816728621338717,,0.4186539759301333,,,,0.41921578522553726,0.4183531163378997,,,0.4183895985662108,0.4186088573414694,,,,,,0.4180392894760236,0.41917322896179415,0.4173627497026511,,,,,,0.4180995691551308,0.4194100379099103,0.41754255275653807,,0.4175674888399544,0.41747753598548126,0.4184224292160761,0.41720443392992573,0.4172494771753786,0.4187873967596722,,,0.4167916566811163,0.41771446586655925,0.41776054768310017,0.4189344691932969,,0.4191244512088154,0.4185569400580646,0.41771250603380455,0.4192782868562741,,,0.41824664301519376,0.4177800709699723,0.4189572787517074,,0.41790005621476917,0.4199271726558405,,0.4181935335708235,,0.41965469711060516,0.4195366070713653,0.4185597308554239,0.41852826495709994,0.4190964327614591,0.41832517399898267,0.4199984594674034,,0.4185457623707391,0.4188047800653883,,0.41752043156425683,0.41929161504037965,,,0.4194836052364073,0.4195469309612572,0.41985919276775185,,,0.4178329216993578,0.41820315888986503,,,,,0.41903237796489806,0.41872191954523885,,0.41946434567699437,0.418975278236854,,0.41935835774856384,0.4174170413900281,0.4195928632284861,0.41947346087682785,0.41894855898425665,0.4187412390178241,0.4195808961779282,0.4189817507884667,0.419175881082185,,,0.4271376354138426,,0.44664506559910533,,,0.4075805836326456,,0.40835212279169514,0.40848357377658345,,,,,,0.46388675118928047,0.46328111938451083,0.46282648726264614,,0.4645987321584458,0.46269769599117844,0.4612127407245345,,,,,0.4636945871935044,0.4622348370303691,,0.46212926316822944,,0.46299219872192166,0.4627865376287111,0.46237357707926485,0.46399123558982774,0.46155472293597755,0.46189335555916383,0.4621275837375722,0.4627633818055294,,,,0.46380041095882024,,,,0.464359836017318,0.46348869732476683,,0.4628715769304838,,0.4518401697046305,0.451677657646047,,0.4519356942515568,0.4514910296945372,0.4523088729452707,,0.45148141816148735,0.45402133687073404,0.45228874171470107,,,,0.45118543971692876,0.4526876080870707,,,0.4515406812951595,0.45423137130110613,0.45292654579311403,,0.4501607158487565,0.4521963123374479,,0.45166355568519895,0.45335677690529613,0.4516764199120814,0.4535749120308068,0.45216101081976795,0.4521243338859166,,0.451824748768777,0.4619048231859503,0.4636318173130466,,0.46324590034367624,0.4623069168188658,0.462135375243482,,,0.4612529032213743,0.4629548300447337,,0.45110295778256115,0.451246871399491,0.450384883663297,,,0.44990191641163635,0.4506649480428365,0.45086239916391874,0.4515403852998138,0.45350483165790934,0.4515609249961405,0.4510309693569185,,0.45143776075331515,,0.4614372617128146,0.46350297215161124,0.46046496963635614,,,,0.46010076914334586,0.46155343586256736,0.4630359527875241,0.46290387638387587,0.4614716389022774,0.4623743443950433,,0.4620833786734992,0.46174458066775675,0.46178776718010833,0.4614808486165401,0.46293124572874633,,0.4620350996243464,0.4615370015966391,0.4624386127243515,0.461064866351748,,,,,0.4623048956540746,0.4630632340149434,,0.4624984939979385,0.4515080138286272,,,0.45096727612663284,,0.45247060486091584,0.45194213433157465,0.451303427417092,0.4532598109151463,0.4511855440442279,,0.4509909648474939,,,,,0.45104459133750463,,0.4500470829657223,,0.4506666604923498,0.4520489649788144,0.4516162131347485,,0.45099756588369105,,0.4518209073076256,0.4508275046330912,,0.46979561139327736,0.4691508961834525,0.46960810481812343,0.4681286009959364,0.46807119618661536,0.4672567059139847,,0.4682738296643341,0.4688654901197138,0.45878178087841287,0.4588448045403077,0.45910732457739206,,0.45894596560474565,0.45823699478725755,0.41050210241358764,0.41156199948815003,,,,0.40567051012563726,,0.39661424103844145,0.39597521638373223,0.38456170366809533,0.38707773066782974,0.3856119394212537,,0.32259836388699137,0.3209338795628918,,0.247061881583224,0.24645702996310137,0.21290422091779204,0.2128697828353245,0.2112059576195904,0.18502165792014855,,,,,,,0.18494571658979064,,,0.1619851143350839,,0.1618544726562669,,0.1619922200955467,0.1621533567711594,,0.16188732121786212,0.1624211799612083,0.16162981171417978,,,,0.16217041129185863,0.16212188452157783,0.16221616432280928,,,0.023569854200092354,0.023498771650239027,0.023553103866989753,0.02357221573309352,,0.08084072659791545,4.373480510130309e-05,4.374281928610617e-05,,4.378007894522917e-05,,4.385550167988716e-05,,4.375256854607372e-05,,4.3717704138618196e-05,4.376887627072466e-05,4.359473970985092e-05,,,4.364284298890204e-05,,4.346594054033553e-05,,4.37120884327895e-05,4.3492811879995026e-05,,,,4.353368722252031e-05,4.3521067886143964e-05,,4.336934634052518e-05,,,,4.352894692280512e-05,4.339107371941595e-05,,4.370532677906661e-05,,,,,4.340171299044465e-05,,4.352897192563626e-05,,4.3579037241138156e-05,4.346544881579535e-05,,4.332098984863399e-05,,4.342599395482468e-05,4.345198506122757e-05,4.354991102758499e-05,,,4.343296041671481e-05,4.34999579911478e-05,4.355237872732759e-05,,4.358942723509851e-05,4.36109215950881e-05,4.3518112836144595e-05,,,,4.353145989988091e-05,4.347904072751538e-05,4.3543068251021635e-05,4.346828877493504e-05,,,4.349600303604151e-05,4.35305802682244e-05,4.354235132266569e-05,,0.4888338201862351,0.4871805513508047,0.4892258216754913,0.4893998820464592,0.4882101830919064,0.48848658782884363,0.48756660720856404,0.48939806380492423,0.4884139418134658,,0.48958358820466463,0.48906358832257907,,0.48859804206453605,0.488096649475705,0.48879503928058293,0.4883286987565742,,,0.4884589785661661,,0.48835931048884706,0.4896402251205418,0.4887870867642798,0.48739622340758176,,0.486937066972428,0.48686232707037,0.48736117796930717,0.4864826810079768,,0.4898249192686137,,0.48874578671036717,0.4894895077151745,0.49045445854398617,0.48845075651166686,,,0.4856679931753056,0.4868003671138598,0.4865501860619904,0.48542538952165676,0.4868247594686298,0.48559057185392007,0.4860057606528621,0.48838083010741085,,0.48700394298565525,0.4876097233268275,0.48609768852686663,0.4861750258667948,,0.48570972763838083,0.4866785181137601,0.4879330702166499,,0.48880530592515986,0.48770112860452336,,0.48736617938581084,,0.48897757490907123,,,,,0.48847830260744285,0.48716994953092946,0.48719150328887756,0.4882530416622736,,,,0.4882944054776409,0.48864835215840785,,0.4891258601554525,0.48664390309320527,0.4890027376978606,0.4892969592668743,0.48982147645939006,0.48979206553803123,0.488222272185633,0.4890353179824366,0.4891962307676854,0.4889652736785457,,0.48975251416180715,0.48871801190300473,0.48932067582858735,0.4901576612664834,0.48920394885110524,,0.48839603272329846,,,,0.48883826421916515,0.4891055083963774,,0.48855961321547714,0.48697869783403586,0.48851785734988024,0.48766081438770675,,,0.48641786776928425,0.48709416434502706,,,0.4876223730461689,,0.4869052234979777,0.48856844525969995,0.48695651103288506,0.48741167742609415,,0.4862312024755546,,0.48744448900771387,0.4870863122240018,0.48728468571045624,0.4870246657464841,,0.4877165387975713,,,0.3212193911168039,,0.3220615221981013,0.321123688218232,0.32063449246913517,0.3209974974484935,0.6688236988196151,,0.662156938571422,,,,,0.6894867124131641,,0.6903063009646446,0.691860001552049,0.6923161394099292,,0.6915981960357236,,,,0.6894519938103191,,,0.6892692948392296,0.6898641524171307,0.6905018023353303,0.690732593828246,0.689375326313749,0.6891454612995139,0.6922724968378526,0.6906790378408676,0.6899920578304155,,0.6919745101849526,0.6916582103233041,,0.6897646716845816,0.6897199960953868,,0.6907232250079165,0.6877325792336219,0.6912501994476457,0.6894887838709592,0.6895739460534172,0.6918393197065889,0.6909010595796351,0.6921128787993442,,,0.6910273352488383,,,,,,,0.6890795252422176,0.6895324103224532,0.6923802396083507,0.6922642740869221,0.688296700922332,,,,0.690708159960857,0.6899557304064254,0.6915480331588818,,0.6913812041464322,,0.6889513014846531,0.6893935109649757,0.6908488194360167,,0.6906708059316593,0.690323847968788,0.6903862468997373,0.6903377148326899,,,0.6881452998742391,0.6902964243422023,,,0.6899146540093635,,0.6911968917209854,0.6910706049566195,0.6917450740678187,0.6890100631928161,0.6915035638657331,0.6901006786166389,0.6911017042474484,0.6911722241475157,0.6887778843281666,0.6892549294172452,,,0.6914642144726235,0.6915128709463486,0.6913004501961909,,0.6909857567810966,0.6897099100033086,,,,0.6898390632238247,,,,0.6903868108556985,0.6900806122400698,0.6892279666992064,0.6900440682266396,,0.6927360688646703,0.6920021907261287,0.6913279914777426,0.6907187275570958,,0.690188195917436,,,0.6916381554717284,,0.6884943050461949,,0.6915409546341406,,0.6905033148813609,0.6905936523341584,,,0.6898118641658882,,,0.6901253744100151,,,0.6913047540114687,,,0.6895063011305997,,,,0.6910504948125215,,0.6916192931737717,,,0.6884466699953757,0.6930716140629845,0.6899317482844537,0.6908111073213715,0.6892565556764282,,,,0.6895336709573794,0.6893065929814849,,0.6893994417004227,,,0.6882091601190289,0.6902131382511559,0.6909439015681894,,,,0.6909688059821378,,0.6919705307940319,,,,,0.6249950869714419,0.6643852460040831,0.663709638084018,0.6655907599091714,0.6954462153933951,,,,0.6951804552920714,
4,4,DG_8pct,16,Z13_F11,13,3PH,182911,182148,True,2868.3722759553707,2896.3728737105803,2887.8572579296797,3037.979404095417,3028.7470064953754,36.56474956790824,7.390907728280846,3044.4854517168433,3057.7336916678937,3153.0313280884247,3154.2601239619125,3155.175804787961,0.000225759160975157,11.785223518575464,17.621824549215628,8.590790796741716,29.741918633607412,11.254406775081112,22.754879164877998,52.65756059414662,0.7945534406101841,0.7962129769005534,,,0.7993104568565035,0.8025780038712964,,,0.6875117490825504,,0.6907902286443274,0.6977911136973426,0.6965508046124399,0.699215910148913,0.696977548622207,0.6978786123628623,0.6951750567450858,0.6965004916410271,0.6973253031486696,,0.6875188602077711,0.6881133092983305,0.684406792855703,0.6930380999150761,,0.6903103654713117,0.6797890439059076,0.678093970335932,0.6802950415691068,0.6908150852054082,0.6930815925041519,,0.6919846067756751,0.690696880350435,0.6906988056810666,,0.6447664572105911,,0.6468125508222532,,,0.6500762224336594,0.6549121091713255,0.6529885421449176,,,0.6546986887018521,,0.6563052168088946,,,0.6535242374344687,0.6538954012942698,0.6548713720868822,0.6548257144990296,,0.6561712747921192,,0.6531743694392715,0.652090346848572,,,0.6455000441139378,0.6457756231410837,,,,,,0.6441782505687049,,,0.6477099087492307,,,0.6477407741265923,0.6469218479446104,0.645547032753809,0.6450300739223587,0.6464994713401,0.6482794593275472,0.6473845861883971,0.6463924227400417,0.6465632500002451,,0.620374502098171,0.62179151523858,0.6203700930270737,0.4189116724824988,0.4148344821445948,,0.4141155677677768,0.41436392153627194,,0.4164827981586295,,0.4199105664709309,0.41983156194228033,,,0.4184004951953218,,,0.4224463644292227,0.4208583720834456,,,0.4194739571305309,0.41974049546679015,0.4200005202399509,0.420259838980638,0.4195212979477002,,,0.41912239088441267,0.42073855921024417,0.42051470840695065,0.41846681747384173,,,,0.41958445292498553,,0.41868733809680203,0.420854253739552,,0.42089524627423247,0.42083427672201723,0.420487989712472,,0.41998009307175643,,,,,0.419543266707244,0.41962145116605837,0.4198029284357452,0.41946005172981865,,0.41863360202601285,0.4210619921839057,0.4202423851734229,0.4196334538842337,,,,,,,,0.41889089358987985,0.4200733072105686,0.4203030264822656,0.4204294927188677,0.4191204780975944,0.42000108400969566,,,,0.41889808901353925,,,,0.4194515376636641,0.41813960367081304,0.41875522357583306,0.41925136450508926,,0.4185180036848053,0.4189832906559753,,0.4209914883548405,0.4202052654111728,0.42044955862272826,0.41898424377138643,0.41948461301123763,0.4196669330966388,0.41987296010940595,0.4190227065036195,0.4184848271475621,0.4194801493619442,0.41891782274689365,0.41975363399331644,,0.42014291690151906,,0.4206185652147786,,,0.42053355496218536,,0.42005577392241483,0.419805226527502,,,,0.4210630893770241,,0.4204259136429399,,,0.4212120053406145,0.4211994892471612,0.4215860480893863,0.41986350352149854,0.4197590639108308,0.42014810221201515,0.41936408503583916,,0.41979549873612115,0.4202937341017273,,0.42023650524776907,,,,0.41988947350353545,0.4199114545915025,,,0.42036923855553615,0.4196161764201449,0.42091751564803787,0.4215989979715262,,0.4201337479100727,0.42051742922994745,0.41922961428274125,0.4211609948510674,,0.4195581028204715,0.41975717983122507,0.42184930877526067,,,0.42799386080055324,,0.4275273271216782,0.4478206486486231,0.40780344253022854,,,0.41040631136378897,0.40994562413649305,,,0.4655348133886246,,0.4653930589084696,0.46572057507520065,0.4646279069823917,0.46564026432804284,0.46610731093960833,,0.46461888610622193,0.4637989603147014,0.4638574494771014,0.4649812759215026,,0.4663436974399067,0.46409287824628,0.4638389957411153,,0.46479583077823183,0.4639610297513798,,0.4652236350332393,0.4629723535974005,0.46260467044212966,0.4630661177040982,0.4636752514558675,0.46374220871232935,0.46240150661899154,0.46355166600599224,0.4647700159107808,0.4640411837946899,0.46350596898537677,0.4636077022126326,,,0.46426792955472307,,,0.4646593927894788,0.4645922719115163,0.4639158045932088,0.4524782138307748,,0.45341806310492555,0.45295816892921714,,,,0.451999936092673,,,,0.4524448480495659,,,0.4537828353398891,0.45455438151538025,0.45498628342097036,0.4544933851736419,0.4528860061842066,,,0.45389229436677014,,0.452182032400724,0.45357035450214583,,0.454060068621518,,0.45385038667066124,0.45364514989185845,,,,,0.4648278307702046,,,0.46367080967006663,0.46200036459261057,,0.4644822584539045,0.46436103418180297,,0.4524952918608055,0.45344427988603786,,0.4525648065774552,0.4530969579992899,0.4525272127760552,0.4528594917495733,0.4540992476960424,0.4532207702905495,,,0.45171139391670384,0.4512914832709717,,0.45152646121923434,0.4637354942724845,0.4623881141200119,,,0.4631455465352143,,0.4637732494102705,0.462856019578348,,0.4627953237481259,0.463560611087498,,0.4647881464670454,,,0.4649690130212619,,0.46431244225605856,0.4624147778149812,0.46385514106522274,0.4635896570334109,,,0.46330275144056643,0.4633588417413661,,,0.4633738994192437,,0.4630305327814498,0.46462082427187645,0.45200291597575465,0.4517606515192824,0.45194868832790636,,0.45312371956265435,0.4511278638744611,0.45279191616685277,0.4513902397477351,,,0.4517876095010568,0.45204192320978487,0.4529924147251805,0.45172956489633065,0.4532596338352249,,0.4531601550893115,0.4513983347827249,0.4542768049559948,,0.4530294459257213,0.45243319561895545,,,,0.4517597664633221,,0.4516905463080825,0.45184096909102084,,0.4699169749156301,0.47064257628643436,0.4696610291468254,0.46949484027708915,0.4709614889041129,0.4699649509550963,0.47042009759692327,0.469479596961427,0.4583046392137834,,,0.4600147404056145,,,0.41007501414552167,,,,,,0.3986795993272734,0.3986213428046945,,0.38689873624931775,,0.3869461279091306,,0.3235250370261656,,,,,0.21481876788892504,0.21426354495096353,0.2141650881013709,0.18695485804617248,0.18704298562359672,0.18676593720020096,,0.18708539927586643,0.18683206446042003,0.1872812042082553,0.18669340151146346,,,,,,0.16393835992633335,,0.16386358511660973,,0.1637342694578466,,,,,,,0.1634345844299706,0.16339139995285612,0.1639790644541236,,,,,0.025850934848758955,,0.08307141062508537,,4.3694516736455144e-05,,4.361767345999111e-05,,,,,4.349850515559656e-05,,4.363958832157737e-05,,4.3417115549357e-05,,4.3395999355960005e-05,4.343607534149867e-05,,4.339142722126677e-05,4.3470237528639304e-05,4.3348571773596344e-05,4.340282393750451e-05,4.3460834104398236e-05,,,,4.337404106340819e-05,4.332842716501114e-05,4.339435393725985e-05,,4.35278976748496e-05,,,,4.335656584613759e-05,,4.351334255159283e-05,,4.3418110506217495e-05,4.3488794584769354e-05,4.345254746683216e-05,,4.3397323730710815e-05,4.33578846717233e-05,4.341628153581973e-05,4.3407740905482175e-05,4.3342732244809356e-05,,4.3464429543548824e-05,4.341175078784115e-05,,4.33954567292235e-05,,,4.3237522354164005e-05,4.3498108039404194e-05,,,4.344642183646966e-05,4.348270468345757e-05,4.3518444736706927e-05,,4.334469180182001e-05,4.353598409252785e-05,4.345074951769693e-05,4.3481374271483345e-05,4.337311594479832e-05,4.33374806370977e-05,4.3547219217948314e-05,4.347978423944336e-05,,4.339055839333607e-05,4.335655457642126e-05,,0.48891822430050097,,0.4893063172968088,0.492063709898931,,0.4903327704242533,0.48913535252518087,0.4896167413751265,0.4911980797397836,0.48907179169284914,0.48984349478514094,0.4883738892211328,,0.48941588036771355,,0.4904670592801232,0.48980922645578584,0.4889031563797345,,0.4905614551933886,,0.4882866485565077,0.4884410359648146,0.48974131716589314,,0.4880085434777077,0.4886981873950057,0.48870398932622144,,,,,,0.4894478631428458,0.49102171119543336,,0.4913615014769446,0.4893662246780959,,0.48914692731449005,0.48869982027819625,0.4894249987931697,0.487995319005073,0.4867755997473544,0.4873945739837497,0.487859989450365,0.4885757565407621,,0.4878314571825428,0.48815007489282847,0.4881295730468864,,0.4885063309298708,,,,0.4894990518143037,,0.4895764479217519,,,0.49010659775208076,0.48732674115988295,0.4891978421787698,0.48268512623792004,0.4872891405001442,,0.48816665623884364,0.4889288822808018,0.4881353860281291,0.48751627128026637,,0.48903732213135326,,,,0.49103345370439394,,0.4893359924175522,,,0.4888870303593178,,0.4912285905726764,0.4896963279384793,0.49033598671893774,0.49035755654558105,,0.4890963678802204,0.49045374001630815,0.48989004748720677,,,0.49025662162484407,,,0.4904397962828681,,0.4907389805333308,0.4908657502448981,,0.4892124910191735,0.48933939384821346,,0.48894399864817567,,,,0.48974676189560246,0.48888240415183376,0.48803587643566587,0.4876027754738012,,0.48799486460069896,0.48777990477047023,,,0.48913366550755577,,0.4887303080334527,0.48796578579685185,,,0.4884911376919757,0.4888380197076917,0.4874835975798924,0.48785853099435755,,,0.3214743772430343,,0.32193963368406187,,0.6679128581396829,,,0.6619029314038917,,0.08322985047066618,0.6908020612657789,0.6904005764437336,0.6908058466513106,,,0.6915860523373725,,0.6914933853247006,,0.6906635728416495,,,0.6903289999007449,0.690520421892254,0.6894485094087447,,0.6918044104974777,0.6911432947305348,,0.6911596775705764,,,0.6927687123467001,0.6918704297201016,0.6916589520155858,0.6912804293950263,0.6902202505302417,0.69170415547904,0.6922003556221124,,,0.692390415182825,0.6911917589390633,,,0.6925292224606703,,,0.6916432244811872,0.6903997102980081,0.6913691380434335,0.6908688920216902,,0.6927707707670309,0.6921185673383661,0.6911216993416124,0.6872862807975533,0.690687224008763,,0.6909136263098061,0.6914136115171153,0.6906242384875468,0.6905368499180675,0.6918361547866584,0.691804159750209,,,0.6900415254517746,,0.6927374445329845,0.6927255231522331,0.6910155767810446,0.6922963028296395,0.6914644449882703,0.6904757917085382,0.6922254339015226,,0.6895480159213438,0.6911534916417926,0.6911584658908111,,0.6903316235462781,,0.6921355906704246,0.6904431125570937,0.6933501511944976,,0.6922452123441813,0.6907600684407383,0.6915586240179096,0.692063203881714,0.6906509223450817,0.6921520730562032,,,0.6920737683889671,0.6886538736358292,0.692529425851784,0.6919727846838183,0.6912322588891938,,,,0.6895877530614758,,,,0.6918740712764033,0.6920442416839827,,0.690617705795121,0.6917887450457981,0.6907685556355702,0.6918300035769789,0.6902471815781108,0.6903036567687831,0.6899917304440522,0.6911806607966383,,,0.6903093811020401,,,0.6912766182975221,,,,,,,0.6917547477916051,0.6910004644113474,0.692397389829069,,,0.6906755553492507,0.6930631914370454,,0.6895383527569096,0.6911636354374432,,,,0.6917026574359625,,,,,,0.6918936100670668,,0.6897002372001899,0.6901199380223201,0.6912326109353459,,,0.6919752815898678,0.6915298148407167,0.6935723431016271,0.6906935522774018,,,0.6934664903436933,,,,,,,0.6900637666191934,0.6910835333653367,,0.6905784787932556,,0.6928617219211194,,,0.691324172115289,,,0.6257626566583866,0.6638963360838763,0.6646682966783583,0.6656046094509079,,,0.69449869382311,0.6959203735623684,,
4,4,DG_8pct,16,Z13_F12,13,3PH,182915,182158,True,2699.3737317879913,2735.1450099756094,2737.832204737556,2872.4214962538786,2861.147327842565,38.45581936647518,7.885288977949315,2900.562117569364,2906.80302326251,2990.404041182762,2989.5759794650176,3005.0216033058623,0.0002154491492973374,12.202141885401602,18.113240667422914,9.09247266534288,31.698437342586818,12.028806814093878,24.512014771687365,58.851626591932956,,,0.8019740881401255,,,,,0.7006665867565764,0.7007830353677782,,0.7023052121029028,0.7116008176704605,,0.7133122522666554,0.7115032483633503,0.7105743358077367,0.7086207010652196,0.7091236594863622,,0.711061165283449,,,0.7015142356800798,0.70551992497255,0.7050916146396772,0.7023446130667044,,0.6939117728248942,,0.7036032673119108,0.7058937543946668,0.7049596244818586,,,0.7051697756123935,0.6878673477641051,0.6605589519144625,,0.6603918580428013,0.6651908169001517,,,0.670301467126487,0.669704773313728,,,,0.6718814598895788,0.6708102275455745,,,0.6698807622561285,,0.6711968855384508,,,,0.6662113797268486,,0.6681345728329442,,,0.6629581370610036,0.6643260576509694,,,,0.6643086326800588,0.6623941492538405,0.6635645679451398,,,0.6656124781669345,,0.6630131054579286,0.6620104850964699,0.6648873408419935,,,,0.6645775258250097,0.6660681875873207,0.6623991284715586,,0.6643458064810207,0.6383270922787628,0.6380407067245505,0.6395273364174761,,0.44481832426022133,,,0.4448301980302912,0.44566373924161107,0.4434390404434345,0.44898902556560477,0.44939082617678205,,,0.4506541531213555,,,0.4506715359265794,0.4490590755505847,,0.44933892211713744,0.4501027259448154,0.45110045976292773,0.45034167285219734,0.44948800602402633,0.4502744294352692,0.44953303114273035,,,0.44844443228452524,0.4501013417384875,0.44958810375305075,,,,,,0.4509684398248186,0.44850362645981584,,,,,0.45131381723553216,0.4493407432227832,0.44864282544173006,0.44870994685303384,0.449428154544048,,,,0.44926427267524377,,0.4498818227155958,0.4491522239625264,0.4481675198391125,,,,,,0.45062203867273337,,,0.4496723237000995,0.4483700600090584,,0.44937168648497244,,0.44903393247045426,,0.4489614276709118,0.4494006648770513,0.44897193128415935,0.4487620329700436,,,0.4484761832201189,0.4489791093906142,0.448703872474634,,0.4491936013928249,,0.4488114223944775,0.44951273783601803,0.4496427422141392,0.4487704607037885,,,0.4481078567505913,,,,,0.44820569905236063,0.4495330417002428,0.44844186310169853,0.4493840848403168,0.45081822491284146,0.4513017643396487,,0.45032307567916285,,0.4499168212513046,0.4493107428401524,,,0.45109103746413626,,0.44991157603718807,0.45144352365312146,0.4509279774802285,,0.4505510957069213,,,,0.45065140136666465,,0.45122134893352855,0.4497634325110269,,,,0.4492437226306626,,,,,0.4502043714906696,0.4503732465411052,0.44947717435633744,0.4506834456304502,,0.4489006821689518,,0.45087438990897655,0.4487877416912574,0.450385437668766,0.44999212979992187,,0.4501841442749589,0.4502642217072981,,0.45052791659363345,0.44985449595252724,0.45015683837384507,0.449488586105023,0.4495871539199646,,0.4488398467906073,,0.4541971046665163,,,0.43970842927179454,,,0.43928754903911454,,0.43839518044090425,0.4385913501476721,0.49163704678572884,0.49032868754461234,0.49218753112555236,,0.49053857123168937,,0.4905639772475508,0.49047148095735266,0.4923930830735474,0.49160066201848657,0.4913384514983964,0.4908235623467919,,,0.49192439320545167,,,0.4911747857697811,0.4916487161452846,,,0.49155047743219804,0.49068916652394495,,0.49104353695860675,0.4900944859146491,,,,0.4917373181301905,,,0.49090593125713494,0.4910532183162784,0.49039491172276006,,0.4908228923264564,,0.4915038820923181,0.4906013746585804,,0.48081642967363747,,0.4811449420069809,,,0.48016026151969826,0.48161580981572427,0.48207531987436153,,,0.48129793982470115,,0.4810943539368319,0.48149476429899596,0.481891854835868,0.48157740676226696,0.4814650710817664,0.48240079294171395,0.48165098569545906,0.4818497178549528,,0.482496515216394,,0.48087297388602185,0.48124055896262724,,,,,0.4815193177089522,0.482028248611077,0.4902940743419566,0.4917288720403034,,0.4895150856570043,0.4913735678711296,0.4910913059505209,,,0.49241744224132206,,,,,0.47993308768175363,,0.4800173604541865,0.4808247201600786,0.47993505529867825,,0.4803794642683054,0.4792790385143923,0.4811628414924516,,,,0.47908056889948963,,,0.49056232935288885,,,0.48982736105199237,,,0.4895289696610265,0.49100469636986366,,0.4916086745114082,0.49155735145367796,0.4919538383328286,0.4906630814425699,0.49149906168793445,0.4901114625534391,0.4923931456744257,0.49085747824746323,0.4904624268703863,0.49084845955859885,,,,0.4911920580254497,0.49104073572889395,,0.49108560458778916,,,,0.4801188486154202,0.4810547494952352,,0.47845973326094243,0.48003305488764947,,,0.4804597711916988,0.4802379992889096,0.480342739805769,,0.47992098991202004,0.4792034134638237,0.4790027793523829,,0.480923279604781,,0.48034925292886943,0.4814933174550613,0.48009199113105744,0.4803474532506934,,0.48055920997463647,0.4796317716863009,0.479424145159387,,,,,0.4968764239080788,0.498224179033372,0.49922570946836753,,,0.49867409446244454,0.4970722700335392,,,,0.4863684327677493,0.48623053967930047,0.4861459180550377,,0.4851393166162438,,0.44143786710881505,0.4415733852448256,0.4366224174885138,0.4365606547958417,0.4363559178467041,0.42584666296836116,0.4271733505389301,0.42557225725766473,0.4142827336581365,0.41606966763156283,,,,0.35661720953266773,0.2861705152907486,,0.28563362681499993,,0.25325933892027463,0.25361001309237297,0.22824044176622335,,,0.22775814975087016,,,0.22790435834901587,,0.17976018220582093,0.17894623627046727,0.20527283395778687,,0.20600421470691643,0.2057226910397002,,0.20631362401769834,0.20563676342571366,,,0.205483014495557,,,,,0.2059942682151888,0.20618265992031984,0.20542131467371208,0.20567732914454756,0.07528057186294487,0.0755777052184364,,,,,,,0.006473464007915969,,,0.006471351671719692,,,0.006472381476182743,,0.006458836198404903,0.006483062339514582,4.123506139122577e-05,4.11824228918942e-05,4.121141643913715e-05,,,,4.117735623936534e-05,4.1190032794110306e-05,4.120177322803969e-05,,4.13513426363493e-05,4.1208189494444485e-05,4.1242399045156865e-05,4.116055570227853e-05,4.110271071773691e-05,4.12968594870059e-05,,,4.111523821416828e-05,,4.1190053096525234e-05,4.1115801176054964e-05,,,,4.128436397728415e-05,,,,,4.115550615299149e-05,4.112842406767415e-05,4.10696634530955e-05,4.1241167574822834e-05,4.1164534210210696e-05,,,4.1117117292998345e-05,,,4.1111141449150874e-05,4.122984765421243e-05,4.120541042848988e-05,4.111124960517814e-05,,4.107941575719066e-05,4.122707332950177e-05,4.1198951719304664e-05,,,4.118393070386142e-05,,4.1069930370974424e-05,4.123453365139045e-05,4.111641983654058e-05,4.1296605398819724e-05,4.120738324465876e-05,,,4.139572352026267e-05,0.5144309872838612,0.5158284765301837,0.516662828918937,0.5152207504046984,0.51661591339062,,0.5142511771539628,,,,0.5157459963083538,,,,,,0.5156314425888782,0.5153579528562072,0.5151269522020043,0.5148788036391964,0.514885483557589,,0.5155184703371919,0.5142363495323149,0.5146895979052765,,,,0.51363261830108,,,,,,0.5175612802674995,0.515260980418588,,0.5155244873821964,0.5145417582827956,0.5138445033059632,0.5122726982990151,,0.5121659434505782,0.515587426322004,,,,0.5125009807806837,0.5135644534743262,0.5142235393015469,0.513501233754807,0.5133561983623136,,,,0.5149311003575544,,0.5147516842636433,0.5145428911053405,,,0.5148058647150631,,0.514699410208194,,,0.513587079379631,0.5138257269765257,0.5133584304931771,0.5119739389616168,0.5140663004312084,,0.5151373089084781,0.5150466457010299,,0.5158791064965828,0.5154552510841589,0.5158733553415418,0.5152240820794383,0.5157818164039661,,0.5167640686276839,0.5169638252366658,,,0.5159275471904885,0.5156535052154473,0.5148866812665344,,,,,0.5149899031368897,0.5153407351921506,0.5171196911857042,,0.5154619577552569,,,0.5150195872733552,,,0.5154010615817503,,0.5147080393369411,,,,,,,,0.5117191086183857,0.5120878111941101,,0.5143717413129232,,0.5138581445084625,,0.5141045794755151,,0.5142771781705067,,0.5150703796513774,0.5134501020069744,,,,,0.3563548163673905,0.3553731682583161,0.3550814881210594,,0.3557918884460348,0.6829773922568854,0.7241312997668872,0.6776113223108237,0.679486067147848,0.6757217922077688,0.12941359112134856,0.7059011672925486,0.7041537420939427,0.706510372310649,,0.7042785537544616,0.7028477529744308,0.708216751392774,,0.704723116560687,0.7049815549185523,0.7028477695988925,,0.7052697963250352,0.7056042039573377,0.7052569202165176,0.7050632401461795,,0.7055720619265036,0.7055129853919642,0.703319054932388,0.7065172052080719,0.7046123939685593,0.7032405348887936,,0.7043385864087095,,,0.7040426656131975,0.7037885533015641,,,,,0.7025596875356005,,0.7037665429455973,,,0.7041446844668497,,0.7044244009847433,,0.7047666197680965,0.7042049389984623,,0.7051551458528802,,0.7028411807005751,0.7036677768506412,0.706351850422444,0.7025275289670694,0.7043741768325659,0.7063587077528457,0.7032225244427044,,0.7055749646498715,0.7031545512452937,0.7026095384687259,0.7051420736061271,,,,0.705629099199583,0.7045624687425889,,,0.7025105555327348,,,0.7063909730499955,,0.7041833404743066,0.7056389782272297,0.7037627601532452,0.7042563543341424,0.7049056826035232,0.7051588875065045,,0.7028970049496097,0.7049102424068807,0.7075656330018358,0.7036445348720316,0.7057213198498302,0.7038071446136441,,0.7047383684535997,,0.7045940626192099,,0.7068235917244237,0.7031636273096256,0.705315740284558,0.7075166379444497,0.7032065593415927,0.7055312251644775,,0.7056884284019326,,0.7047730522399942,,0.7057556047273352,,0.7048602512128026,0.7040658577106336,,0.7030590199930371,0.7017121507327333,,0.7042271894626888,0.7047775454211027,0.7042982004304392,,0.7049821434007153,0.7046587025371891,0.7052969309910935,,0.7047401230049777,,0.705165978337215,0.7048286423766673,0.7045416831585926,0.7026972848323121,,,,0.7041064365040203,,0.703967647612841,0.7060725065406562,,0.7027275038725086,,,,,0.7063468220029301,0.7043028748745661,,,,,0.7050782320272251,0.7044883720001306,,0.703376339210023,,,0.7047541584959082,0.7047202964225199,0.7061631573041496,0.7052745570146833,,0.7043834314490028,0.7032719622567521,0.7061903253933741,,,0.7053767617601767,0.7034403075433087,,,,0.7052252062768467,0.7048379357055061,,,,0.7057282792450589,0.641678828392913,,,0.6820849816814774,0.6814498099378553,0.6806514596796778,,0.7088330821292935,0.7120082515434635,,,
4,4,DG_8pct,16,Z14_F01,14,SLG_A,182916,182161,True,2024.139478846607,2051.67573556408,2043.570631118653,2190.9907858379606,2172.543772191245,93.40704800597086,18.201765606803015,2280.7356249204004,2283.5869994278355,2687.1445363899174,2698.765965995499,2845.828402367801,3216.25800395661,15.338069565535662,20.67908107087318,18.4252618282039,94.09492855864468,26.07695856238272,59.03106111344426,292.8039408899224,0.831117971682982,,,0.8485784190791243,0.8927781921519219,0.9630554363951939,,,0.7514243485416733,0.7527950036683708,,0.7689495480242923,0.7665498254253895,,0.8772835021847948,0.8770680316937962,0.8753283228746139,0.9634780929809785,0.9643119890067959,,0.7498200824488386,0.7504300590150443,0.7509680020142645,0.753275883787275,0.7565545636715614,,,0.7469868972285229,0.7453090754834785,0.7553528067228322,0.7564481393860087,,0.7559398675809873,,,0.753013107513516,,0.7337601605220698,,0.737918473325273,,,,0.7440011561911394,0.7406834717394329,,0.7401016068426953,0.7431622059027585,0.7427994280613311,0.741424536940835,,0.7416733077276249,,0.7406679767321556,,,0.7427666803090118,0.7311814375768205,0.7355649929168842,,0.9560603699878335,0.7276553394207713,,0.7312977684733322,,,,,0.731448453260113,,,,,0.7276301131403539,0.7279655214412735,0.7312326190316337,,0.7294699957315789,0.7300014744704615,,0.7277104138510241,0.7313453551325287,0.7293258923828174,0.7315417524945462,0.7307397769334907,0.7166980663747581,0.7157984224045623,0.7172257350965503,,0.6461122493872884,,0.6461685862041554,0.6474331501677228,0.6481889904168725,0.6449180522328266,0.5543819117691781,,0.5564384128314971,,0.5550685704829365,,0.5539643146618332,0.5565382344676825,0.5550140786582386,,,,0.5558885894149865,,0.555986595686357,,,0.5550773159467144,,0.5556099079202186,0.5522765447132822,0.5548525206828825,,0.5560096647694655,0.5554106268281673,,0.5543412916851533,0.5541150337489595,0.5539104283828291,0.5574400187396348,0.5544810369314663,0.5548944034126063,0.5540033374607873,0.5545047161990155,0.5549414002877454,0.5548514782873404,0.5557381224993833,0.5544394146482563,0.5546815045808149,0.5543651776957983,0.5544589510668879,0.554150939728855,0.5558592307195809,,,,0.9403345268121783,0.9370020352751581,0.9381917638620811,,0.9401199297017996,0.9377409691816285,0.9395760267318829,,,,0.9374401748758061,,0.9369819324008906,,0.9372831927660384,,0.9358372889578513,0.9395555644755855,0.9361574141615866,,,0.9385889357744892,,0.9368194449845403,0.9377368277843046,0.93936583584732,0.9385150807723363,,0.9371666574397504,,0.938371038379892,,0.9385045603028794,0.9340380141432244,0.9359335387968188,0.9368879470946478,,0.9369300385071151,0.9378654275269835,,0.9363664239389338,,0.9114859397668531,,0.9117463682376175,,,0.9129801262341128,0.9122531806531762,0.9140193604473478,,,,,,0.9162120380197587,,0.9149576118639722,0.9175105848376993,0.9142822848603089,,,0.9161172053234738,0.9164833199716965,,0.9121130045495075,0.9129840527975376,0.9138091075021085,,,0.9116733358049977,0.9162541264275531,,,0.914320590841144,0.9107663741246752,0.9147046609321294,,0.9132760925767113,,0.9118873757830536,0.9135389279658397,0.9124626926558498,,0.91529061101772,,,0.9139552042177933,,0.9115757595880604,0.9144104228314685,0.9147326669963998,0.9132599779676768,,0.9126285993279981,,0.6447474589356953,,0.5776395569016808,,0.6424029633790143,,,0.6423647823609991,0.6424970016897549,0.6436842927414768,0.5950745598582393,0.5931802279659649,,0.5926282822193899,,0.5938275673887484,,0.5948740714038965,0.5950283678716093,0.5949812972665584,,0.5947055166506996,0.5952128287404187,,,0.5942856862485165,,,,0.5952217682620268,0.595509705949582,0.5930003862212185,0.5920591726629892,,,,0.5937094628240241,0.5954377629474802,0.5947121112446715,0.5936865497301382,,0.5937746422752447,0.5916893619855182,0.5925364965506627,,,0.5946003585385513,0.5929003095640151,,0.5937146304179373,0.5847085695569021,0.5843818802456296,0.5823608762581719,,0.5849045720566588,0.5840847075721876,,,,0.5854793053282724,0.5834502716285294,,0.5849849617451857,0.5851658878502742,0.5841629661471817,,,,0.584877308467509,0.5859637008765194,0.5840769282140651,0.5844454156568177,0.5837680439159095,0.5839396530360371,0.583869553422419,0.5835692869940307,0.5838593373076653,,,0.5812326385964248,0.5852453587295119,0.5857182149470898,0.9426782505114377,,0.9403121780764481,0.9394113547513817,,0.9408601503185429,,0.9426027078666966,0.9400751131236356,0.9425547157034427,0.9419516780849193,0.9368390108604071,,,,0.9402244213616748,0.9380755365256908,0.9396963654801734,,0.9397086318875271,,0.9410807852765247,0.9387984099603159,,0.9413290133645376,,,,0.9419412618483906,0.9419982086946674,0.9414091734329374,,0.9365990250179544,,0.9387383081562958,0.9380220087331452,,0.9397517158949598,0.9406296286023569,0.94117692691611,0.9416339601189851,,0.9448564206153305,0.9423669419853941,,,0.9385303503998298,0.9395681493074524,,,0.9393551315424656,0.9414051434837113,,0.9402066182833462,0.9389431979357233,0.9382407180363879,0.9390317030272208,0.9393953728863482,0.9395705250821004,,,0.9387293267572313,0.937979586370267,0.9363182752739901,0.9365394290903605,,0.9379329577579735,0.9403642061862802,,0.9400090447504743,0.9385918643185438,0.9407514850258561,0.9416595533376136,0.9384310693892893,0.9406944016627392,0.9402771471174344,0.9416051048642419,,,0.9373189193098995,0.9411809354064422,,,0.9402479211601993,0.9410160736009954,,,,0.9189063215823686,0.917068619016833,0.5994067216538214,,,0.5999342112153417,0.5966874027409017,,0.6749654000962655,,0.6727847110125046,,0.6722112765932714,0.5440742571676512,,0.9353944706002247,0.641991666389618,,0.6412471360541846,,0.6259709410874941,,0.6041229199743662,,0.605282003592003,,0.9215926589377733,,,0.9415593797539804,0.9199072094907058,0.35677815868905743,0.9516811848790824,,0.958530615889711,0.9607522417909512,0.9585256505598162,,0.9574984661928061,0.33010009122399,0.9599015056296554,,0.9726955846216555,0.9753187186776339,0.5855660627946634,0.588208158455832,0.5869333984189911,0.5892777115511859,0.5848723686999818,,0.5868031527345646,0.5882097572693626,0.5875212155322748,0.5860116336198377,0.5861242708921179,0.5870413820654851,0.5872171523955164,0.5871168457254633,0.5875723015429647,0.5858727460733933,0.5863382551923377,,0.9080558941040463,,0.9064576693686232,,0.90295164516801,0.9029203500937586,,,,0.0867213097378435,,1.0242658917896488,,1.0201475030773428,0.902106707561279,0.9028996170221266,0.9042418619135822,,0.5479793039783697,,0.5501056539733974,0.5486144728628153,0.5508826644345107,,0.5484569201083043,,,0.54931282592122,,0.5483175499210978,0.5483843014477677,0.5468692343150441,0.5476958601483969,,,0.5470371334258213,0.5489862857245559,0.5479370565893276,0.548436278858106,,0.5491759104589921,,,0.5252205506627218,0.5246148980254443,0.5243110847409655,0.5239242589705317,,0.5240944357999474,,0.5265043011551792,0.5235827506541727,0.5261268694579986,,,,,0.5267983803082354,0.5257472620960054,,,0.5237659602952596,0.5261818381768956,,,0.5256499299298373,0.525660979775153,0.5244596739070952,0.5248480501486195,,0.5259113315734508,,0.5258479096402605,0.526001256228553,,0.5257434676598738,0.5241484202538443,0.5256964867607331,,,,0.9145584899639639,0.9157835289744352,0.9168872983052431,0.9156899964150877,0.914358572674224,0.9156086138836471,0.9146960538003716,,,0.6158188808728929,0.6145295883604445,,,0.6146105821448982,,0.6168767968732902,,,0.6150249444270928,0.6162298647605318,0.6141347690197511,0.6143712518549577,0.6150298046584884,0.6134349567089085,,0.6128489127614776,0.6145056675458042,0.6160320242184003,,,0.915385073007223,0.9163731822493068,0.9191116360245343,,0.9167282752623758,0.9174951755131021,0.9407573598635509,,,0.939500951378866,0.9389255718477003,0.9380302674758135,0.9408591508975318,0.9403386487751447,0.9376752854152733,0.9394222576808202,0.9384465848168236,0.9406076507977902,0.9416024854516745,,0.6144047959727269,0.6142012416418249,0.6146704799495101,,0.6162390842488658,0.6153981877281346,,0.6148082713099768,0.6157997869809242,0.6137737257049094,,0.6142705471779941,,,,0.9397593008520229,0.9415537479853522,,0.9449176312973805,0.9438945404473962,0.9413987271810178,0.9420198478154678,0.9171582712331916,0.9146540111711401,0.9163736377056482,,,,,0.9182027103362895,0.9164665157216162,0.9175932957746683,0.9148854688852879,,,0.9167933198026221,,,0.9174381039914201,,,0.917786966609018,0.9168326568187217,0.915249919095923,0.9166330728701724,0.9149944681878541,0.9194146070118977,,0.9149039470475202,,0.9432872227504121,0.9431786901444044,,0.9424837220658822,0.9419095687427173,0.9434235171232501,,,0.9425855350059179,0.9386037838142236,0.9396403328173282,,0.9412653273845532,,,0.9390309960381451,0.9402812845387427,,,0.9448750536457716,,,,0.9405264079237291,,0.5924972039015959,0.5928378261640855,,,,,0.8827664259110282,,0.7456278429900011,0.7459505571450651,0.7470873779658745,0.22877364422662153,0.7553525984527336,,0.7563004072181503,,,0.7552937439961538,,0.757011451853241,0.755689293409926,,0.7537514003840442,,0.7557395904892776,0.7566768196281364,0.7544404903779006,,0.7542345665695581,,0.7538630792285571,0.7588064723743781,,,,0.7559745365896893,0.7562866460596993,,,,0.7565167763433526,,0.7562102218482675,0.7546705812733789,0.7553584174165173,,,0.7550871328674346,0.7560706484458074,,0.7562339438194201,0.7580517941820057,,0.7547468028288172,0.755378908190496,,0.7566651371300946,,0.7564620142981561,0.7575225041308753,0.7535980007099958,0.7549987813268452,,,,0.7555924836489888,,0.757030368912057,,0.7558928754662035,0.7569500590994472,,0.7558547604622681,0.7565771248265396,0.7561219337805105,0.7554472743786154,0.7569116652282645,,,0.7582586274057341,,0.7562712246682876,0.7543280542777108,,,0.7561134433538608,0.7540790047394063,0.75709661002076,0.7566345278723625,0.7567372366859015,,0.7553862395089092,0.754744234945266,0.7545246156637353,0.7550298650448918,0.7563621170982268,,0.7553012828697037,0.756177983431472,,,,0.7586073087455784,0.7560166141841638,,0.7552041922871734,,,0.7565408197024988,0.7552653251233813,0.7556792174654469,0.7533719680640749,0.7549369469413859,,,0.7555442428886292,,,,,,,,0.7539225443898633,,,0.755194843952346,0.755480191123703,,,0.7555423905026473,0.7537814667190126,0.7567077949627364,0.7547923901935927,,,,,0.7544470129272092,,,,,0.7584687536115698,,,,,0.7573646855238855,,0.7555107223790166,0.7560388211443909,0.753141924046091,,0.7564019846624894,0.7554981421688028,0.7553948388977583,0.7550316972234471,,0.755441149393508,,0.7565179647985413,0.7562719848925408,,0.7547604100135117,0.7550722787629176,,,,,,0.7542614941589307,,,,0.7565853863446548,,,0.7562013812905166,,0.718341398083266,,0.7183299793985047,0.7449383386787524,,,,0.7654267395757264,0.8735759938211264,0.8764623717579013,0.9615149702941169,0.9613812350658566
4,4,DG_8pct,16,Z14_F02,14,SLG_A,235185,232292,True,2095.116106095292,2117.2803430179024,2121.3355222142263,2265.543782847018,2248.943353714315,94.78892315144216,18.089138476007943,2350.8041058414615,2366.3380747573583,2773.0426324150926,2793.5406850840372,2934.6145390969464,3313.731369472059,15.282071008349153,20.734463784529254,18.394350355353453,95.9387318181704,25.95719463502682,59.35895563221419,297.9995627319032,,,0.8287471860740661,,,0.9649266665126885,0.8811699093622944,0.7453347330970026,,0.7441614837969243,0.86295571119704,0.7612270650098361,0.7594468001430108,0.7616385709536375,0.8699484602547584,0.8724923945446634,0.8720333586322577,0.9640866177218091,0.9622011009045847,0.9603768536809341,0.7450325172559761,0.7446265532711079,,,,0.7484203929488559,0.7421950894706866,0.740634609714866,0.7404648247890694,0.7505052076106634,,0.7480633537172848,,0.7502579597179172,0.7485641699492352,,0.7280516704073828,0.7268291849073368,,,0.7308681703740901,0.7315109489836226,0.7364116314053538,0.7364988033538825,,0.7346268267547619,,0.7354547524417786,0.7361756759542919,0.7343991781260072,0.7343810248907945,,,0.7355863641337917,,0.7343465803466241,,0.7232598564903515,,,0.9558226573734675,,,,0.7191899465532736,0.7201027556641264,0.7193899310688285,0.7195906263309809,0.721517113646023,0.7225568100123237,,0.7211871067885957,,0.7245869393832722,0.7216130210168151,0.7201484435995683,0.7216783682785113,0.7222672759115624,0.7226914152658821,,,0.7237967713026046,,,0.7214081454804279,0.7105233182347696,0.7087483068528946,0.7087608172475814,,,0.6383634695261994,0.6374636466278498,0.6376112686086072,,0.6379135564212,,0.5410930919714599,,0.5402547812819992,0.5420136349158668,,,0.5402202757806819,,0.5407839372301074,0.542272254960308,0.5411106236970207,,,0.5422938423632007,0.5402083505518738,0.5406298930569539,0.540149804861232,0.5424613393337845,,0.5404683656897371,,,0.5411248116036449,0.5415008415782788,,,0.5407686777696319,0.5400289495252302,0.5410824282513326,0.5399286176196849,0.5388749634847151,,0.5399751353656334,0.5406240335773168,,,0.5400213309012728,0.5394966049963505,0.5402689135274953,,,,0.936251097720238,0.9362571790668988,0.934695670709282,,0.9368395400486029,0.9333185363980456,,0.9362767071598503,0.9318332461183612,0.9375919726737556,,,0.9352356329858431,0.934465079969801,0.935168871808887,0.9368485390645215,0.9363112739146454,,,0.9356360555385902,,0.9319568629261975,0.9359020528856489,0.9371888660719384,0.9322371848266978,0.9330709040271122,,0.933435393261746,0.9329850158066898,,0.9339629915396785,,0.933987367827664,0.9352219179305252,,,0.9337377041518576,,,0.9362153682605752,0.9350434217627226,,0.9334828470720932,0.9361934904594311,0.9344643211198973,,,,0.9091015242306658,0.9121327235232576,0.911837386908073,0.911304953712698,0.9135545861297286,0.9111168807853532,,0.9122570111799049,0.9095455182579172,0.91518140254786,,0.9128895927777121,0.9154961977185104,0.91341588423049,0.9122915512132722,,,,0.9116275544227044,,0.9099982264838882,0.9097059109198243,0.9103335128369552,,,0.9111450572792048,0.9112100536466919,0.9119539473857133,,0.9097280395340608,0.9090609134360732,0.9124534236834961,0.9113099439561226,0.9089213405300112,,,,,0.9100515085674805,0.9099935997380224,0.9113257273601184,0.9127641894522612,0.9091657482951391,0.909765172850546,0.9084191374506942,0.910262185064658,0.9115122500686104,,,0.9099201844284414,,,0.6402534215309016,0.5641890120226192,,,0.6344510313472775,0.6335996197081729,0.6335066636271378,,0.6336279773607232,,0.5835520861046191,,0.5789701895589141,0.5817589065832358,0.5826035560979653,,,0.5798097392630491,0.5809913915171457,,,0.5810484052637757,0.5804545290437823,,0.5804582327923333,,,,0.5807248874121889,0.5818142764566798,,0.5803998516802243,0.5818200643306832,0.5808328384513838,,0.5816494432796543,0.5812494311715808,,0.5803079122281751,0.5795639965621139,,0.5798702951115705,0.5809660370124349,,,0.580493138046168,0.5809590274421309,0.5807492095774328,0.5809275680910687,,0.5712219813448343,0.5693294312572386,0.5704940669330011,0.5706131608733644,0.5686970797206775,0.5705025978733538,0.5705864054469443,,0.570500309204948,0.5710330374697392,0.5711284845129364,,0.5699591991329451,0.5701926151609058,,0.5727787937477485,0.5688205629579803,,0.5706439655405454,0.5719966032294223,,0.5699573087182465,0.5689386443243925,0.5704561912330148,,,,,0.5703159687832009,0.5693214562776513,0.5698652298855383,0.9366357205092972,0.939222420304324,,,0.9364167959438539,0.9384452669551531,0.9372014914132718,,,,,0.9363229739715724,0.9377503028333606,0.9373273583401635,0.938512514544891,,,,,0.9367170377366411,,,0.9359669658739166,0.9371142849714513,,0.933434978109282,0.9351297235137629,,,,,0.9359538761389387,0.9386286322067182,0.9406225288132911,0.939492645277362,0.9381163671768096,0.9390986027202918,,0.9371366421758655,0.939489455474869,0.9374152215997253,,0.9391311749093967,,,0.9365410823217716,0.939119658553042,0.9382017590504574,,0.9379446386987258,0.9372321652960457,0.9382258659006678,0.9380632146406873,,,0.9386055536928769,,0.9350786214525866,0.9373310221907093,0.9353733338813471,0.935661097359338,0.9384869673356556,,0.9360686130404277,0.9379150670254043,,,,0.9382804865805228,0.9349900573975998,0.9381444472198158,0.93758751678226,,,0.9354006930283715,0.9392289152554152,0.9366985944549935,,,0.937565532991762,0.9350881601646113,,,,0.9381309116527052,0.9366214468034685,0.9153738913930247,0.913730108379633,0.9173039299001418,0.9129340686613984,0.5857730799441764,0.5869529789610106,0.5855988271788753,,,0.6662513012175647,,0.6640048055714789,0.6629079405330633,0.6656602904409412,0.6679911338170827,0.529132991967736,0.9123486905915454,,0.6314379463528971,0.6326532651743816,0.631294587580405,0.6174244171021597,0.61591234884797,,,,0.5966141394105873,0.4401096059754888,0.9193195257381284,,0.3692760437063875,0.9421582661557523,0.9185869804898931,,0.9511062657371939,0.9162722259664522,0.9601288097323265,0.9580206601292046,0.959654336317369,0.9566084295818867,0.957695255424258,0.30838965309409716,0.9601678617261462,,,0.9756494567275676,,,0.5784163130801093,0.5780582149446484,,0.5785615269199699,0.579246501824432,,,,0.5788198972820482,0.5783933550915438,,0.5786387542762392,,0.5787800381704509,,0.5798491312411517,0.902133693418431,0.90012427632148,0.9002119928720954,0.8989638916871885,0.8984873430369227,0.9018795567198907,0.056121297928117826,,0.05595039953053867,0.05632257453700409,1.0221439371661076,,1.0227922367091977,1.0206621582929831,0.9000023898036269,,0.8990448407101159,0.9015253713378174,0.5336997435820788,0.533438314771399,0.5351177830113979,,,0.5340594268487305,0.5329158056822763,0.5344949720740118,0.5362315819788956,0.5350249754622844,0.536142016543208,0.5340927301100195,0.535314959319081,0.5336281214268721,0.5343619075524585,0.5357304433721592,,,0.5351619133044704,0.5344178260722122,0.532674449277604,0.5360530730676594,,,,0.5201260506646531,,0.5205516090145823,,,0.5196684462500102,0.5201512402816377,0.5205897541130052,0.5210502961771627,0.5213411202229169,,,0.5213049553642246,,,0.5210996391963004,0.5207922426046777,,,0.5217029611419535,0.519273956991488,,0.5210237903857069,0.5205870996567176,0.5219304794551585,,,0.5201650762156816,,0.5207950142376534,0.5210227381844085,0.5204282211265711,0.5204705214135179,,0.520271734805538,,0.9144871046154636,0.9153593690417151,0.9151625887967443,0.9152242002813674,,0.9148347466158128,0.9157689265294776,0.9149294979077083,0.9143520230072474,0.9163344005365274,,0.6026780431391822,,0.6041828744924367,0.6018988421300602,0.6033340689649812,0.6037990542017299,,,0.6023328799435937,,0.6024557843676296,0.602610033953323,0.6025324584066404,,0.6010202806083492,,,,,0.9183747493185568,0.916465912875442,0.9146959758403759,0.9142031444221352,0.9143320692770682,0.9167740804856973,0.9176874775269617,0.9178700641525094,,0.9388556893307546,,,0.9388306007076068,0.9379011892403007,0.9352357510071266,,,,,0.9382695915349033,0.9379575431243399,0.9380194972959706,,,0.6030743013617352,0.6011103326463056,0.6034627532332436,0.6035570282863129,,0.6039187408026443,,,,0.6031592430025002,,0.5987965078649502,,0.9405293455507556,0.937697552167688,0.9361633030461647,,,0.9394399005805635,,,,0.9140166665816514,0.9146913108862578,,,,,0.916802966590192,0.9156689989512485,,0.9160773650805918,0.9154225014469208,0.913589216356997,0.9135929585667438,0.9165812853134145,,,,,,,0.9138727063261392,,,,0.9171547606593426,0.9418939211004022,0.9387370752198256,,0.938118915844842,0.9396383176563667,,,0.9393615108980738,,,0.9348119328400282,0.9357092810048423,0.9368917293190105,,,0.9386127381797575,0.9403682011962343,0.9418870552259565,,,0.9403561055782593,,0.94114198759732,0.9387715832198591,,0.9393921928298642,0.5841488251066587,,0.5825144340227751,,0.5834542802049877,,,,,,0.7404411791215698,0.20438532581471194,0.7467801469747802,,0.747264046601011,,,0.7521791671820586,,0.7529232697289054,,0.7523504735476224,,,0.7493447446106541,0.7507323428060592,,,,0.7491627494029691,0.7466059995753614,0.7495918607778312,,0.7489701662405165,,0.7476740612039111,,,,0.7517540864868227,0.7501932602409904,0.7494287467136349,0.7484528095498022,0.7496356021038179,,,0.7502540378705953,0.7483743418408539,,,,,0.750024105510521,0.7481480329926368,,0.7499805411904654,0.7498511200897762,,,,0.7502151241849396,0.7498210355376214,0.7502054632593694,,,,,0.7506018712079063,0.7499100477647469,0.7484881748191,,,0.7478255459201177,,0.7494441771192538,,0.7494384360281882,0.750294795756515,,0.7499281653747107,,0.7505024264108585,0.7479578018278661,0.7518478120265265,0.7505509680838246,,,0.7484493738065655,0.751397256187116,0.7512776392487577,,,0.7507726909043027,0.7517038301167619,,0.7487775925028113,0.7499246191170584,0.7479588270399088,,0.748771675501845,,0.749628971425534,,0.7473494749301665,0.7496030959263534,0.7496651372368964,,,,0.7489177615573519,0.7489240346823043,0.7512078973525367,,0.7515784483673472,0.7503640351553339,,,0.7494070075014947,0.748397643070589,0.7481370719065019,0.7498176153266126,0.7491522112016382,0.750768403728201,0.750264744543636,,,,0.7508489624967947,0.7500401238419067,0.7499056999808195,0.7490564217570483,,0.7501640027731501,,0.7488525717719346,,0.7501352858548863,0.7499347029252523,0.7511935229585286,0.7476038985381714,0.7490988962130469,,0.7494998969200243,0.7480698223721896,0.7511046729568425,0.7508664175390817,,,0.751568087706967,,0.7478583370919979,0.7491740498769269,0.7494320161147573,0.7511237889516245,0.7492617042325184,,,0.749738280581492,0.7504861658804188,,,0.7480725174750928,,0.7500981347131294,,0.750746648129247,0.7521639631746943,,,,,0.750947701362963,0.7516857285741629,,,0.7499346477977088,0.7495457497586637,,0.7507799358745484,,0.7102842866756687,0.7115882282331136,0.7103492422764223,0.7377626181999299,0.8785222421125424,0.9568232880972117,0.7611408816599619,0.7628536375588632,0.8741207278993671,,0.958128447304743,0.9559651454709542
4,4,DG_8pct,16,Z14_F03,14,SLG_A,235185,232292,True,2092.311858823218,2121.808096793811,2121.709087499112,2278.546614403136,2262.281946630984,94.56042883587719,17.992013326731175,2359.3043585601727,2371.622651668284,2793.3333707632155,2789.8221666580166,2928.72694283878,3325.1020123102667,15.215188190281113,20.81690617423457,18.434976627645792,96.43866316174667,26.039053204691,59.30311965077101,296.9032440759805,,0.8270942467265133,,0.8474220783971622,,,0.8798767874301581,0.7449475868019931,,0.7455449106556494,0.8637433504012193,0.7628226668650551,,0.7603425333460728,,,,0.9588473577297015,0.9614232735073192,,,,0.7448306839690103,0.7479212663301924,0.7489992426829274,,,,,0.7474498058030811,,,,0.7485169561336614,,,,,0.7256018912928549,0.7302612662304001,,,0.7353740409451434,,,,0.7339740790544017,0.7368782840211282,0.7348391570228117,0.7343650289392633,0.7342124012264942,,0.7339410972245882,0.735778595051922,0.733306909441495,0.7353771414754975,0.7349857384881496,0.7219238642162416,0.7265340901794243,,,,,0.7233937570272866,0.7218419596498188,0.7212888178273829,,0.7222768591100324,,0.7222207951195163,,,0.7199607770911183,0.7200661008844921,0.7226199732247818,,0.7217109454101077,0.7208050627333519,0.7213201969238453,,,,0.723000172699075,0.7228153233422068,,0.7076703790910124,0.7090515516634165,0.7065899236181692,0.906473439407681,0.6377382814008703,,,0.6372198012875361,,0.6375246452248176,0.5406886757906322,0.5408347312713485,0.5407892089039654,0.5402148187730731,,,0.5401270562365124,0.5419431644749997,,0.5415183066186559,0.5401460001197375,0.5407533083403018,0.5418836632743762,,,0.5431132780227571,0.5408318872711859,0.5415700080978415,,0.5399488681054325,,,,0.5415668400631983,0.5389820352830483,,0.5421889980733023,,0.5407909367472431,,0.5420346453904739,,0.5412817324558182,0.5399899469734121,,,,0.540887133740436,0.5415725059007467,0.5403583707825995,,0.5410870921044749,,0.9382558721658536,,0.9350015320142188,,0.9319948106661861,0.9358601501291768,0.9344745553116083,,,,,,0.9373100847604581,0.934226126806063,0.9356550355386678,,0.9341603354788999,,0.9351634603121123,0.9358052315618074,,0.93717375673855,0.9351423424316246,0.9353220649607775,,0.9341899607325975,0.9312362775597669,0.9347972400675681,0.9350766079401058,0.9340558929205037,0.9322617950963854,0.9338161149226056,0.9337942192419498,0.9357798356816286,,,,0.9324354614079889,0.9352515533182436,0.9341997982694078,0.9356291679710528,0.9348611485031686,0.9342988979444304,0.9364095888333764,0.9338526028877302,0.9093093159756916,,0.9107309413537634,,0.9101457659492338,,0.9115016692315808,,,0.9152303854953915,,0.9133712503838095,0.9117500839897975,,0.9127815546134699,,0.9123472922788963,,,0.9131627022716042,,0.9126906489711292,0.9084231151258593,0.9118372288250485,,,0.9141074265960278,,0.9121127877162356,0.9108602068957268,0.9098422630094564,,0.9097603705984089,,,,0.9137211985864938,,0.9130084869496787,,0.9121608403905213,,0.9104809037375932,0.9150635203292038,0.9099686385771111,0.9114968605869366,,,0.9095734105800233,,,0.9123180387723394,,0.6378197140647527,,0.6377750784368914,0.5645774647479417,,0.6342197574434074,,,,,0.6353037887667998,0.579284064335203,0.5813294184685219,0.5826944603309014,,,0.5823852050529384,0.5802915639478899,0.5829909012003304,0.5800933098856161,,,0.5811569316311309,0.5810200246057181,,0.5817486722503015,,0.5806315158525501,0.5798546708905192,,,0.5809677317670741,0.5795336861878677,0.5805590203658452,0.5819223799690483,0.5791472281905014,0.5791734173308852,0.5809797454391729,,,0.5809338654840768,0.5800817034316529,0.5801141465009253,0.5805753540701154,0.5794427233052417,0.5824703442262427,0.5797321572142092,0.579089943170259,0.579550915084878,,0.5810866777822522,0.5695959707179465,0.5695153928432163,0.5702649957907784,,0.5689463928179743,0.5717147049757084,0.5692549923414375,0.5706677402505975,0.5707995007928444,0.5712511449862893,0.5719658084941006,,,,0.5709219665850721,0.5692617347697367,,0.5699304370201779,,,0.571745356120425,0.5707108688436621,0.569725026409161,0.5705570766722274,,0.5703855748368208,0.5705212642431103,,0.5695043587459001,,0.5710327289889137,,0.9394784248665249,,0.9390459867344594,0.9387984786818228,,0.9373900961416548,0.9396132927248045,0.9387315594465344,0.9393668625306395,0.9389194097268928,0.9396584825222166,0.9369026898580921,0.936474674824892,0.9373204702313868,0.9352087554899533,,0.9382530460122065,0.9380654905951924,,0.9343521267913052,0.9359838425281007,,,0.934359509692385,,,,,,0.9398603057558279,,,,,,0.9401547680610377,,,,0.9355840423938726,0.9380382432610685,,,,0.9387005448950181,,0.9408840911416738,,,0.9369795086414462,,,,,,0.9388656981137036,0.9358452368190848,0.9384482087060784,0.9363564393146445,0.9348320913235023,,,,0.9386376195826369,0.9343119317365967,0.9338935229982438,0.9380200352979153,0.9372840797523205,0.9342856300991375,,,,,,,,,0.9343567997665112,0.9381042154637278,,0.9378790771161158,,,0.9372181629396072,0.9370402396793261,,0.9129912701202435,,,,,,0.5855618265950564,0.5836915084012936,0.5847108369152068,0.6663371437304145,,0.6638614637857735,,0.6640633086916226,0.6632383487365083,,,0.9323887200260145,,0.6305387519054788,,0.6175192587209142,,,,0.596270370035683,,0.44000197960519005,,0.9216845911309761,0.3694881557768324,,,0.33508418298043235,,0.9115380297917426,0.9625407054037869,0.9586608264086085,,0.9600642618859915,0.957163480666277,,,0.9113646530186658,0.973054434903308,,0.5790788279768214,,0.5802383088444488,0.5793465202628026,,0.5790785452568673,0.5802391539249255,0.5802266692980357,,,0.5804034045945358,,0.5788448310166656,0.5802148395203417,0.5786456342495666,0.5802871013309159,0.5792641595289417,0.5782177260143823,0.8960989864869527,0.8997310576934912,0.8986647161888764,0.9012555006471461,0.9024934161509756,0.9021297652153188,0.05627474732173159,,,0.05620685859186977,1.0224468530066364,1.0201293399631293,1.0224896389419087,1.0220451222309301,,,,,0.5342305788358036,,0.5343406016348438,0.5347614569838318,0.5346946152024631,,,0.5340274472761563,0.5349697878705327,,0.533984973194179,,0.5351451617801116,0.5345435779665485,0.5355474735562581,,0.5355936007025764,,0.5333554217995701,,0.5343141634726114,0.5358445084412106,0.5354543356538606,0.5350021770546268,0.5212900028237012,,,,0.5212939005144847,,,0.5197041540102993,0.5206654489583145,,0.5221053961627012,0.5196864333988045,0.5195108607293166,,,0.522149579087175,0.5207712926783271,0.5214635765064145,0.5204109355516547,0.5200570937280165,0.5188692839418646,,,0.5191112139472516,,0.5196910082552556,,,0.5199673889214224,,0.5208022852482258,0.5202745704650565,,0.5183879031919266,0.5201486253468537,0.5205659726741682,,,,0.9139007859097713,,0.9132702803591082,,0.9165000700985383,0.9132443249580461,,,0.9127780011249225,0.6011239622254112,,0.6040015613772356,,0.6036287008570026,0.6022608002279685,0.6028802293499504,0.6018937032405876,0.6035360620061869,0.6020495454288856,0.6026390111105757,0.6029708499458537,0.6009869431772215,0.6027320527876072,0.6030545192910131,,0.6024415002735891,0.6013170280776642,,0.9176858662211903,,0.9164318846251724,0.9161979101086659,,0.9150695769342663,0.9170067538964529,,0.9391432424124485,0.9362100929246464,0.9371995951024795,,0.9374890184486852,,0.9402521746784219,,0.9380765530266413,,,0.9374934564340887,0.9380931149463163,0.9412639858819486,,0.6026803688175525,0.6024339711028914,0.6029784347104143,0.6035906032753243,0.6025993230091328,0.602573524284928,,,,0.6018529133961059,0.6012596398923552,,0.6024792493804362,,0.939739028843798,,0.936912347198836,0.9380345909478512,,0.9384760889424218,,0.9149780676274302,,0.9154137039959338,0.9126977521542919,0.917137844131655,0.9157395710794822,0.9153758870098355,0.9146104776973731,,0.9155369376725987,,0.9148660121126361,0.9152027040828383,,0.9168241652890851,0.9156296859314211,0.9178382152924136,,,0.9171264577893417,0.9149372650666684,0.9152648851792994,0.913160001732775,0.9163121816912801,,0.9162818330297887,0.9150752831987233,,0.9362120606521691,,0.9388482025423374,,,,0.93810991656431,0.942356083209545,,0.9359104490108889,0.9338810236990428,,0.937848585924525,,,,0.9387858455390014,0.942927905435814,0.9369340189295343,0.9351301971880365,0.9385656970277368,0.9385209279909141,0.9372149529293039,0.9414120023435929,,0.5827190783593758,0.5839787261660635,0.582833354904542,0.5835711119071832,,0.5834328586462546,,0.874645358965111,0.7407068232829895,0.7398453941463081,0.7393064119845504,,,,,0.7505369775864151,,0.749491398368192,,,0.7479719393571057,0.7483577125409054,,0.7492275549399178,0.7475513309022815,,0.7510408418439067,,0.7476589403526609,0.7471147494232785,0.7520138300981001,,,,,0.7521680336155596,0.7500212552424796,,0.7480886032205921,,0.7504186907965065,0.7501251080998906,,,0.7514753829537636,0.7496589807275645,0.7487579503082094,0.7499892630422995,,0.749330022918751,,0.7511273290370835,,0.7491810242827092,,0.7505990030520576,,,0.7499019319011907,,0.7493187865966505,,,,0.7497822648832821,0.7508464808891011,0.7497375439811607,,0.7504084287957873,0.7494399230529396,,0.751073050668188,,,0.7487392490098802,,0.7497411672086468,,0.7525749815383639,0.7500517501786489,,,0.7486768920038732,0.7485918621391953,,0.7498926488605661,0.7490766733483158,,,0.7501933883144953,,0.7488079295095842,0.7489704144361851,0.7506617271184471,,0.7515534096912627,,0.7503642806312864,0.7509488496703479,,0.7476214120153705,0.7491545004221438,0.7490077944286416,0.7478680630772718,,0.7489704501514243,0.7515535532180936,,,0.7497312416514732,0.7513276818968954,0.7494243063700525,0.7475400761220113,,0.7504162317148207,0.7492194578988757,,,,0.751496097878399,0.7489165856902612,0.7510579125059134,,0.7503878462137763,0.7499099345653205,,0.7498879216329406,,0.7503283851893874,0.7498235026628601,,0.7503620650256395,,,0.7517741508060765,,,0.7496214714387283,0.7488686780507405,0.7509754223671208,0.7507150562669148,0.7499939746933869,0.7487451444397758,0.7483277231281646,,0.750589154844374,0.7506762691670625,0.7482276036240393,0.74921764310435,0.7468671261456215,,,0.747415765214048,0.7499258686525888,,,,,0.749815938405314,0.7498077336430212,0.7487340774665721,0.7501727086040741,,0.7480899242783093,0.7512616197891313,0.7509064837742583,0.749278055026268,0.7510699401696596,0.7481162808278332,,0.7499399850513174,0.7514109315869404,0.7491227496388526,0.7503981870713643,,,,0.7498791774620566,0.7467838013610197,0.7506205902758606,0.7094437679800807,0.7118251890395121,,0.7372613365130049,0.8800974716346892,0.9557687134359433,0.761732180485556,0.7589291461826507,0.8712839086680502,,0.960424066549776,0.9596303955447454
4,4,DG_8pct,16,Z14_F04,14,SLG_A,182916,182161,True,2021.4997158258768,2049.387584551459,2044.3728820853576,2195.6125814498178,2172.242418285445,93.16294333712177,18.107613951873006,2281.8622557722942,2282.153832414336,2686.320889553453,2689.3732011754846,2840.7738411472615,3216.550132927722,15.230146512289474,20.808802834996136,18.39975255164638,94.21514216632129,26.045760655943248,59.60557593343055,291.8997072292043,0.8319027233125158,,0.8315264522101796,,0.8950677219846778,,0.8834151258758124,0.7486880584299235,0.7507650375188203,,0.8649016804032063,,0.7685055821128781,0.7683923125109702,,0.8743265463990462,0.8758810600540503,0.9627826345135049,0.9616778079043954,0.9630101450485478,0.7499397910869064,,,0.751511878025489,,0.7552764955536508,,0.7451269822422862,0.7443846404056154,,,,0.753448572346342,,0.7548043426018122,,,0.734212149768512,0.7353534837404374,0.7390633690931256,,0.7381311350510543,,,,,0.7406404392244904,0.7410315246900081,,,0.7401549448705568,0.7407489199869318,0.7411971779528809,0.7414981809712007,0.7412031676490937,,0.7417013147436713,0.732849871329721,0.7332585070050645,0.8792212487458526,0.9555618211511525,0.7262721125200613,,0.7298755993267106,0.7313019093325586,0.7285353057314004,0.7300734186652194,,0.7310112123359699,,,0.7312725029699144,0.72978783636982,0.7302635864625983,,,,,,,,0.7311963921994893,,,,,0.71579685036438,,,,,0.6480759509038808,0.647519360134033,,0.6450746262686345,,0.5560395422028638,0.554835917812815,0.5548900053235292,0.5556449248922151,,0.5538873355431416,,0.5560855802197301,0.555834783546404,0.5566236450966034,0.5552855435374754,,0.5573857155706122,,,,0.5561067004906516,0.5561003323000888,0.5560435994976103,0.5540402781181003,0.5544727452301623,,0.5553592195719478,0.5548995684230063,0.5566948239355056,0.5553661826837747,0.5554427521116913,0.554872484624304,,0.5554761071207952,,,,,0.5544799843458306,,0.5539173888261606,0.5537276665171985,0.5532217955930848,,,,,0.9371277398549254,0.9357139086257561,0.9387657230972482,0.9368157987995335,,0.9359339380765666,,0.9376088882365101,0.9384970262933523,,,0.9366698038121759,,0.938773496124063,,0.9379618980184055,0.9403874390287937,,0.9385400178574421,0.93593306797384,0.9389988672541227,0.9344732601650042,,0.9378366507085116,0.9342870679915648,,,0.9389568599289927,,0.9359430785267069,,0.9403022710232617,,0.9404916434954441,0.9373433516338592,0.936225093157189,0.9361406438579373,0.9379600424102666,,0.9382045547748232,,0.9375092200126631,0.9377854733355212,0.9377028638976895,0.9135120557883731,0.9153849085433243,0.9142427673148997,0.9153781334690484,0.9109953404008965,,,,,0.9140044195937583,,0.9152265560817587,0.9148275290614738,0.9123089334772598,,,0.9145830491895736,,,0.9157979133294957,0.9120299039773679,,,0.9126516896739021,,,,0.9125981039404508,0.9131625844411271,,,0.9118788501778531,0.9110545425431404,,,0.9143296946671053,0.9140893972206049,,,,0.9139947956075829,,,0.9150997852957572,,0.911595422901453,0.9107131872175697,0.9135163754440908,0.9137558404266737,,0.9130329192284669,0.9099744000417384,0.9152450507052788,0.6455686291691665,0.6439834594041787,0.6445530291955632,0.5781400040399503,,0.6432958023934404,,0.6424972866434869,0.6450348084776757,0.6412696564280186,0.6399750850369451,0.5947744252743602,,,0.5943941402240888,0.5955490224481826,,,,0.5955029679916363,0.5930517628797185,0.5931029012193548,0.594845827213857,,0.5944416526670095,0.5931386318203388,0.5944900360280688,0.5942841307081266,0.594157911213063,0.595492725363301,0.5946606994691497,,0.59170331905944,0.5948262966950387,,0.5938524697624349,,,0.5958785187498421,0.5930229614222673,0.5914741014858326,,,,0.592072787270724,0.5937267150434831,0.5937706009623457,,,0.5926555216697723,0.5922530724441836,0.5843445566690165,,0.584326811970092,0.5816885082690415,,0.5828973235938475,0.5833076971193892,0.5847109319013626,,,0.5844518342944672,0.5842596498151715,,0.5856990640634102,0.5831472006448462,,,0.5826508709373471,,0.5846360246366293,0.5844441186338057,0.5825618174086638,,0.5843779333802285,,0.5840072722491022,0.5843191608473183,0.5827984165561637,,,0.5820978987060295,0.5831055744153084,0.9410645686548432,,0.94313152845094,,0.9439409451775046,,,,0.9412286604176874,0.9414529165222012,0.9415756960784735,0.9404197465685062,0.9393348593773205,,,0.9423981959969855,0.9400830343894065,0.9399078188784156,,0.9395573788791365,,,0.9384029381107313,0.9389682983357515,0.9393464337886686,,0.9393790044034463,,,,,,,,0.940556662836702,,0.9428921686382289,,0.9416032828260366,,0.9428124839188837,,,0.9382789550557286,0.9408777847367654,0.9433736535570583,0.9439521626092696,0.9422619879398807,,,,0.9421836219856244,0.9391897807059854,,0.9404805005524404,,0.9386301160850128,0.9398348247310256,,,0.9405552427063971,,,0.9434475984538329,0.9405713139130226,,,0.9401739873749047,0.9394724068741809,0.9388484837189256,0.94050207209791,,0.9393053169325215,0.9399098674651812,,0.939239750946951,0.9377963501600064,,,0.9394343765726229,0.9411866589327,,0.9411084897956045,,,0.9423133897999004,0.9176469406662027,0.9162267225471938,0.9137934087439373,0.9157498648073616,0.5987806169292874,,0.5980563895743181,,,0.6717797608271338,0.6718113859828165,0.6735603845250606,0.6700919413253676,,0.6708347677695369,0.5423571424795975,0.9124219845103597,,0.639307050651731,,0.6408728308335799,,,,0.6056323001277472,0.6038260684075516,0.6040326539388413,,0.9240122204795325,0.9264672110885256,,0.9435281612770107,,0.3570331488914867,0.9514834062472387,,,0.9572680612400899,,0.9577760136414357,,0.33023169535089775,0.9587744574785756,,0.9717663996514231,0.9756891067587043,,0.5861590110509297,0.5862715072107422,,,,0.5866505021881089,0.5866458200609559,0.5871096799425194,0.586762641416163,0.5864753583670297,,,0.5862706026237731,,,0.5874275773986457,0.5866820940468714,0.9072811806517185,0.9075643327752319,0.9045123599162832,0.9063693516213662,,,0.08657729565422108,0.0863984339365482,,0.0862878031341335,1.0221208484164237,1.0162732437922375,1.019017944714261,1.0214892441063537,,,,0.9045181216860544,0.54865798849328,,0.5485805874776998,,,0.5481206300739009,,,0.5496996723545478,0.5491606869901177,,0.5488057352435403,0.5484041434051632,,,,,0.5465236909469119,0.5475543604786491,0.5494597595378808,0.5492910595076194,,0.5477876913669293,0.5495894833160557,,,,0.5252330608672485,0.5243150062120304,0.5238624498419348,0.5245046402769398,,,,0.5250750604941697,0.5230080157162836,,0.5233606787618377,0.525065911412203,0.5260132145790858,,0.5258388329399579,0.5272266072954446,0.5255995703970668,,0.5239301011439403,,,0.5263310771392549,0.5235836020774234,0.5266012078626083,,,,,,,0.5256315414958682,0.5240715323352166,0.5257162352974785,0.9155841630828564,0.9154729626822439,,,0.9142219471617392,,0.9158339595939683,0.9161986513663604,0.9162545234888786,,0.9156310023939674,,0.617381147269644,,,0.6166853763872859,,,0.6145607370585358,0.6167588765194365,0.6175226662882536,0.6142599819609585,0.6154180573365534,0.6143609814624141,0.6149756957564874,0.6156572380573707,,0.6138451630751451,0.6149748168590718,0.6123116176651608,,,0.9161730578275257,,0.9176130927375095,0.9164276772276985,0.9192005153575222,0.9174747008451456,,0.9413059803603633,0.941677296952184,,0.9417128445434841,,0.938331351019173,0.9372417798612228,0.9374223275993802,,0.9401193119297093,0.9384667262483103,0.9433277786563352,0.9392865428348952,,,0.6150556751220647,0.6153119817091607,,0.6174387680955987,0.6166920440655841,0.6158247321024406,0.6162831187914807,,,0.6144028525820164,0.6150578925706827,,,0.6118106909188368,0.9422530152047417,0.9396608315778827,0.9407309728957246,,0.9423905790454562,0.9381195258990962,0.9415797539289545,0.9179570672606652,0.9146570039255516,,0.9154193813595743,,0.917240687985133,0.9187080683936966,0.9160997125731469,,,0.9188094055096289,0.9170861527852177,0.9168399744023508,0.9200052052320864,0.9183720572945688,,0.9139874149383548,0.9172990624046847,0.916154741191705,0.9140705864003934,0.9155971935611144,0.9148297210336077,0.9141463046752037,,,0.9168917954862816,,0.9421338540390627,0.9424250022012318,,,0.9411384852836565,0.9409452548126137,0.94225879983333,0.9415785621378966,,0.9416030525681498,0.942137409589077,,0.9417946659843152,,,0.9399443858887624,0.9386705951802627,,0.9437833631292686,0.9418436644564199,0.9405776373036532,,0.9413537602659722,0.9438447325013585,,,0.5938207350153032,,0.5941436814804247,,0.5945858607172936,0.5936870965344012,,0.8754124786368508,0.7467712550259061,,,0.22913630310393496,0.7554929362408848,,0.7551538677979057,0.7565293975066681,0.7554344521352679,0.7545171709950654,,,0.7547029099236291,0.7568567293845454,,,0.7570056532690035,0.7544790219474585,0.7548046877746332,0.7558241474626244,0.7554944998229499,0.7557345404996219,0.7559089535668113,,0.7568017375943079,0.7559691071074959,0.7553460644244219,,,0.755486740476807,0.7544223288552233,,0.7560527319763535,,0.7535768553160024,0.7575275818048117,0.7577987558448104,0.7537791583009716,,0.7583656895328789,0.7555529440553092,0.7583766361550512,,0.7538336165598306,0.7552286184629229,,0.7570826439381635,0.7542231474932236,,,,0.7566025038342583,0.7577393510054804,0.7557598167067944,0.755728450269582,0.757332185367497,0.7555454663762099,0.7571214331853852,0.7549556532271423,0.7546989749138453,0.7573969020878168,,0.7534849173238232,0.7578819454204327,0.7558262484841705,0.7548773825204892,,0.7566815410703157,,,,,0.7537106203446118,,0.7560992546765708,0.7551105566789512,,,0.7565053738783413,0.755942885310404,,0.7558831082739311,0.7549616999309768,0.7565080781095649,,0.7542819712945146,,0.755905346602042,,0.7562722325799742,,,0.7570244510024049,0.7552016784907905,0.7553091265544859,,,0.7559257106783768,,,0.7557619990418077,0.7544958927923393,0.7550541644914067,,0.7551124999478904,0.7557781294997131,,,0.755043300683829,,0.75558735290899,0.7570134471148394,,0.7566372854891067,0.7582088376440121,,,,0.7562616228395433,0.7557142355935235,0.7549292639589801,,,0.7550858720246689,0.7551112323290191,0.753687131192733,,,0.7550846764245805,0.7543719274326932,0.7562415196790239,,,0.7554106314900222,,,,,,0.7564791518434679,0.7535436069040637,0.7550243186065403,,,,,0.753587534706709,0.7574509759114362,,0.7565780552782323,,,,,,0.7551047469316193,,0.7569179356593045,,,0.7528957415314849,0.7551519099410703,0.7559406829961681,0.7561827718680987,,0.7545206126935515,0.7572739439270879,0.7561050595471283,,0.7570946801119757,0.7560934042082309,0.757038849439105,0.7183454171256746,0.7174676850546502,,0.7450039706538629,,,,0.7676594090977169,0.8743939766399417,,0.9619537520111918,
4,4,DG_8pct,16,Z14_F05,14,LL_AB,182916,182161,True,2591.856569167424,2612.7641698702673,2605.9457646098745,2652.5464873140677,2641.435609067332,79.1517751983182,15.59427923203685,2649.62346821633,2675.891667997753,2851.1165372884316,2849.2650985996875,2964.465905586924,3258.0502883978,14.544714233009104,20.253778717761083,16.49435928676117,81.972846582201,22.294428191992782,49.605984409392406,244.31768893232,0.8145517728876105,0.814466307065708,0.8130963800661924,0.8666783317136246,0.8019055130566937,0.8870287723202791,,0.7160095458033737,0.7169067684886231,0.7175663827840674,0.6973116345226021,0.7967674051704241,,,,,0.7054595253975029,,0.8506883811736636,0.8511010554784103,0.7170991778491341,0.7177308280147937,,0.7208304169482149,0.7205415990979533,0.7187928084326215,,,,0.720015895528998,,,0.7223697201126389,0.7214507961235312,,,0.6837494529233697,0.6833944197423375,0.6826984811495317,,,,0.6890446641258231,0.6934223858060273,,,0.6903281412679376,0.6917665485783886,,,0.6893918032210602,,0.6900178352845344,0.6900037357239954,0.6910487746732729,,0.6898601729763437,0.7582053025818603,0.761415919359165,,0.8383155088911508,0.758105901772677,,0.7584904518915173,0.7587878079382188,,0.7573130002221636,0.7599730414051367,,0.7573779156305344,0.7581986533874047,,0.7569179783938661,,0.759093932952901,0.7573293049379715,0.7573649628038126,,0.7559369390476409,0.756379158584269,0.758434627441572,0.7566988261523709,,0.7578439125628599,0.7583422806737395,0.6590478125350788,,0.6601229353089565,,,,0.47599561866969653,,,0.476071410549624,0.5729156801820372,,,0.5723273382083365,0.573462108338835,0.5743922564047906,0.5740515506119828,0.5742891010510255,,0.5737507517430802,,0.5742127027975567,,,0.574922899416931,,,,0.5732593929260785,0.5744230367502515,,0.5735533356733032,0.5733926551492122,,0.5744918752575853,0.5725684180158789,,,0.5739750335558845,,,0.5728931896022579,,,0.5730969485465461,0.5740037069149649,0.574045784200016,,0.5725305971461978,0.5738504607058851,,0.5745086246666583,,,,0.8003384423143618,,0.7983159493334313,,0.8019375141696943,0.8008087572429453,0.8002050915220646,0.8019805985132332,,0.8004892163306021,,0.798145202961678,0.7995488140804845,,,0.803364995570179,,0.8019035116932809,0.8017616991544175,,0.7991206558790466,,0.799744026246361,,0.7989838010573066,0.7988810055090434,,,0.7972399497125052,,0.8007219798547566,0.8005154618578134,0.7991775162266492,0.8015082962117265,,0.8023965059509782,0.7991882234038316,0.7984181886858632,0.8004721817432161,0.8014615131103688,0.7987678161161812,0.8022136864073238,0.7994558802314644,,0.4830973199806318,,,0.48334709684829696,,,0.4838108529217995,,0.48336874943546637,0.4832050051077518,0.4846359051750286,0.48399485338342757,,,0.48259170638073523,0.4840218914157033,0.4839240073608223,0.4840453654142486,0.48244994976528566,0.48278808659103417,0.48278174963300013,0.4831588434950573,0.4840169940056771,0.48115143926413806,0.4833093694542527,,,0.4833750474956574,,,0.48210506962254496,,0.4833421829820854,,,,0.4835766228135939,,0.4838395565286307,,0.48429357820322316,,0.48456624168150964,0.4825656650705825,,,0.4832754250901637,0.4843542407406402,,,0.4826836401416202,0.4831474305529671,0.49094018786498533,,0.4915640396680762,,0.5583069049608866,,0.469829105559431,0.47088934802529464,,0.4712212723372659,,,0.6078064961657121,,0.6086505144249151,,,,0.6058193176371858,0.6060012623877699,0.6076759859970777,0.6078469036512261,0.607542411954584,0.6068097352582229,,0.6062987839117759,,,,0.6076824179044048,,0.606364780928044,,,,,0.6079688267240693,0.6074133662804316,,0.6056243462253073,,,,0.6072942471977666,,0.6066845409661016,,0.605418871794814,,,0.6064198571039955,,,0.5979283364981004,,,,0.5984195338447975,,0.5983709651657605,0.5987029082133263,0.5986932969150514,0.5983945969906173,0.5988486349920138,,,0.5971497837375986,,,0.5988772422720418,0.5968912699754799,,,0.5995450198613754,0.5973738623882876,,0.5995643621375768,0.5981930003081241,0.597692428138157,,0.5983590309033536,0.5991558847720657,0.5963141695920604,0.811900263496176,,,0.8128548425374518,0.8132725442774803,0.814150483631127,0.8118693828366856,0.8089380356000887,0.8125330162545125,0.810954409514879,0.8129417282186118,,0.8092244664317098,0.810624097208991,0.8108466653493289,0.8096602136028127,,,,0.8095578853461214,0.8095357166398538,0.8079737628105267,,,,0.8065208382103931,0.8084112436251335,0.8111920536118072,0.8081899733264681,0.8097548591748622,,,,,0.811440157027435,0.810610772261898,,0.8145473393423489,,,0.8133111124261905,0.8099124731555181,,,0.8089891504837684,0.8113678205700975,,,,,,,0.8113228432507711,,0.8126929239531382,0.809776692478287,,0.8093362149971445,0.8097315320827644,,0.8094209940538456,0.807896637427216,0.8112110039547845,,,0.8082456164942056,0.8107875604889763,0.8102545694186316,0.810734008737191,0.8101049878774335,0.8096367237423712,0.8087783919801103,0.8104537119492179,,,0.8110629082370271,,,,,0.8084442961201244,,,,,0.8091523930390296,0.5327665374825032,0.532475070662977,,0.5310648251833011,0.6093627069116179,0.611269733507238,,0.6120413617208177,0.6115876460502153,,,0.5182368529057237,0.5166326377925561,0.5170085315611594,,,0.47385522513003264,,,0.46928380499612105,0.4697723012704979,,0.4637964671799388,0.4648210379504368,0.45683411196239576,,,0.4838699781607083,0.3862813880014597,0.7903176622955717,,,,0.37335389940459845,0.2978865041096959,,0.2758492715102654,0.2745830023162702,0.27456089201479716,0.2754372357345441,0.2755049136862581,0.34322901414707996,0.27451931061680623,,0.23327937254366493,0.2338760483737051,,,0.24511395410636527,0.24450530197630627,0.24453976352648144,0.24485253272106738,0.244734803923071,0.24519604943570583,0.24487322495277433,,0.24488182298577174,,,,0.2449181983480471,0.24493315989872286,,0.24444219876959183,0.837967504885691,,0.8355092782515657,0.8369169310887941,0.8328921607236812,,0.0842903457755347,,0.08390571831662808,,0.07419434199780973,0.07391731103514008,0.07414297749982107,,0.8596269395520679,,0.8608703516076365,0.8624345380722721,0.04714463872325405,0.04717124029518155,,,,,,0.047205784776214336,,0.0472146789381049,0.047308012373513994,,,,0.047226024568253915,0.047086975718721835,,,,0.04713388263371778,0.047131896526833014,,,0.04725600534708895,,,3.97388755858103e-05,,,3.972669710157854e-05,3.9721390639805844e-05,3.977498798405203e-05,3.9716047572620394e-05,3.98361164767185e-05,3.97692540799876e-05,3.9673442701842136e-05,3.960488282090289e-05,,,3.977034033680501e-05,3.9729565707052456e-05,3.979104238674163e-05,3.971849116466735e-05,3.981457493248394e-05,,3.97243735224594e-05,,,3.977040116929171e-05,,3.969165174325124e-05,,,3.9729302156405275e-05,,3.968455079332822e-05,3.9731212778058115e-05,3.973237728967619e-05,,3.974936530162205e-05,0.5503263184751472,,,0.5529179593948084,0.5493555015884046,,,,,0.5504672281336134,0.552075704040104,0.5496738539516788,0.6253002136349324,,,0.6268165281195003,,0.6237543322039222,0.6259351160647969,0.6263357840471376,0.6258191104003024,,0.625230847374718,0.6261673293410193,,0.6247174732137597,0.6252975042073021,,0.6251789953768484,0.6240402912594212,,,0.5511785656621004,,0.5512686094065848,,0.5524099390078574,0.5516268686063033,,,,,,0.8151100037293965,0.8138317773668856,0.8129000118381723,0.814903800969748,,0.8134150106674972,,,,0.8166911854461208,,,0.6256242848507011,0.6236245566132983,,0.6247249883261465,,,,0.6255857362940896,0.6251702783649477,,0.6171333394319762,,0.6221473185961655,,0.8168049950217137,0.8143775582248914,0.8145495813678812,,0.8146165877614118,0.8176401232843066,0.5491832148953851,,0.5517999080143005,0.5514541228824252,0.5504607244632749,0.5511296347905403,,0.551681055506785,,,0.5498134716962773,0.5519010358743586,,0.5526298817677829,0.5521464326472054,0.5517311297051988,,,0.5521683463568975,0.5513066375257955,0.552426023395358,,,0.5493689847615963,0.5507379341491736,,,0.8167914222543622,0.8165005311347447,0.8162541562755757,,0.8162130863796465,0.8170855280131678,0.816938038874415,0.8185629465872442,,,0.8158181392158848,,0.815569462189802,0.8169588047975387,0.8154586978472536,,,,0.8170572752087204,,,,0.817446482338115,,0.818744169905743,,,0.388405081754621,0.39006753703899244,,,0.3880626639134391,0.6835094364555538,0.7177183396477295,0.6964615005513379,0.6952838441171031,0.6949120508568186,,,,0.723717973670757,,0.7241194746194524,0.7235002450392497,0.725165534356514,,0.7223251764253638,0.7218174646328668,0.7219639180451624,,,0.7213823253005236,,0.7227965320249731,,,,0.7223908170690911,,0.7241406602694015,,0.7216553536394557,,,0.7227760833422192,0.724980562122161,,,,,0.7209890321119437,,0.7242004773457072,0.7248538010990652,0.7241621762110657,0.7233425610993364,,,,,0.7231404008467808,,0.7216757571080863,0.723356026170537,0.7221091400922888,0.7246396536694885,0.7230335954538791,,0.7201529225009365,,0.7226801650038361,0.7240412344264434,0.7219560359371896,0.7230498845590134,0.7225556120471267,0.7217515063407572,0.7242094444439245,,0.7237865573186865,0.7220701391127032,,,0.7220721470407898,0.7234391491495399,0.722154963617978,0.7251362406279592,0.7220809352852711,,,,0.7256398994798896,,0.7239067343247251,0.723428179327524,0.7203144235293774,0.7241204830346555,,,,,0.7228716809394995,0.7238391625058975,0.7245659188027054,0.7222045190501036,,,0.7221142512880979,0.7235360467643532,0.7236102755814994,,0.7237766592325281,0.7234909904160098,,0.7232749846624611,,,,,0.7241203251514657,,0.72410946122199,0.7238735698747336,0.7240654016827283,0.7236196664305109,0.721798738925832,0.7209066193653689,0.7217544789652984,0.7236619832834819,0.7224468830288987,0.7231188223464253,0.723213339964399,0.7232430800414202,0.7212806171798846,,0.7204443636490669,,0.7217864031777792,0.7219231314676915,,,0.723767801645192,0.7250982527525696,,0.7226307073405177,0.7237786420537209,,0.7236233876243728,,,0.7229129287228645,,,,0.7224753098677861,0.7227524406191285,,,,0.722839657475237,,0.7221455901491061,,0.7235295115278102,,,,0.7226539223815371,0.7223231242246968,,0.7245841624446644,0.7208748528103968,0.7220425740692776,,0.7244427256846421,,0.7224388207870553,0.7226974679887157,0.7225615643249678,0.721241645519208,,0.7228517742191304,0.7229598962939496,,0.7244204417342889,,0.7220137221452294,0.6642252509058,,0.6660524920358594,0.771230610121112,0.6823311075875398,0.8415976329723733,,0.795555217159897,0.7028925090500657,0.7047060912060591,0.848821172142198,
4,4,DG_8pct,16,Z14_F06,14,LL_AB,182916,182161,True,2601.7327273311535,2605.6821863975124,2603.1966131822514,2649.729654926966,2645.181564743747,79.05466772825856,15.538431213479285,2664.8695591481337,2672.820489879828,2842.0003715861203,2864.16736102289,2954.492698204758,3271.067687867201,14.518853123559317,20.25677084867889,16.42739914838686,81.93984802299632,22.38709208713133,49.159878096550585,243.79893246079644,0.8135517191364753,0.8143436139667377,,0.8690494285996417,,,,0.7168947796206595,,0.7191483904082362,,0.7967812169600575,0.7963305522583106,,,0.7068262167279623,0.7056041028949217,0.851263189704746,,,,0.7159912882236581,,0.7210595902150484,,,,0.7132880994153997,,0.719279428710174,,0.722399635842944,,0.7236138576812552,0.7239127042219858,,0.6838030368688917,0.6835863570363376,0.6842618810064613,,0.68747038965964,0.6876914189511885,,0.6899488980047362,0.6904814841788708,0.6898453486680513,0.6888548669014156,,0.6911832918326055,,,,,0.6897872447989267,0.6896147094613447,,0.6917652986701924,0.7588262629413427,,0.6661587867854261,,0.7551890707571629,0.7574901717377205,0.7557840504888683,0.7548294334765542,,0.7559548964354692,0.7563108087011106,0.757958963263933,0.7580968055135797,0.756058525377273,0.757285730867122,0.756516840299326,,0.7571738148265766,,0.7562829852860038,0.7563734781776569,0.7562970049035443,,,0.7585131850672842,0.7591383539215949,,,,,,0.48133799668630606,0.4770058754751637,0.4761782111186224,,,,,,0.5733006627574779,,,0.5721345197044985,0.573376378390737,0.5728731321460937,0.5742673009025413,,0.5733154420865738,,0.5737122144868544,,0.5735088528767761,0.573341666463592,0.5739754063982131,,,,,0.5726127617877584,0.5730629222709344,0.573157614537723,0.5753421594369118,0.5749915093489832,,,0.5729494891334617,0.5746940733919859,0.5728202017871538,,,0.5723412115716381,0.5726636554685437,0.5727312684205106,,,,,,0.572373950329149,,0.5715512670146479,,0.8007969491703806,0.799052011045662,0.8000996162579596,0.8009914983585665,,,,0.8021895886981966,0.8014069514720066,,0.7996102350655527,,,0.7999268721741642,0.7992273733355211,0.8018498928476099,0.8010441928286812,0.798897706717403,,0.7982153898154504,0.7998249750519769,,0.7998018095831058,,,0.800482780041765,0.7999230413099763,,0.7991466699895913,0.8007739714532774,0.7993484120251151,,0.8001647711437987,0.7982760448374728,0.8025783556920836,0.7993497314425501,,,0.7981648414120145,0.7986529547559629,0.8017455118039558,0.7963991739222936,,,0.4827141140312755,,0.48368760484693646,,,0.4828044838310989,,,,0.48332106255362084,0.48307550874842814,0.4833090877547285,,0.48436335004770714,0.4841618883017529,0.482926382496399,0.4840795826241728,,,,0.4826683102955951,0.48204764802833583,0.4827621007460471,0.4824484562275282,,,0.4822711652344122,,,0.4841090860542084,0.4833207153225768,0.4828939705308442,0.48194038329025973,0.4833410117715824,0.4826176579519969,0.4823766894761092,0.48348062042115564,0.48390525959469627,0.4832266593602274,,0.48360467312172756,0.4836851644658222,0.48301413656580094,0.48327043421030796,0.4813846411672346,0.4822071019636931,,,0.4827944834071666,,0.4816689796465533,0.4833431962309502,0.48248182560181896,0.49225001789986056,0.49263580654428957,0.4912240590546244,0.5941743569515588,0.5587983704022381,0.47028918678672593,0.4688848925705683,0.46920736078157554,0.46991894998042794,0.4699560713576405,0.4691984881420346,,0.6055000389458434,0.6089544497832459,,,0.6081775036499867,0.6069229590966595,0.6082840906234956,,0.6070866984878389,0.6071258102496446,0.605331355653095,0.6069857783224709,,0.607083684168013,,,0.6066556966862854,0.6051564723365694,,,0.6073888802382468,,0.6075333378396306,0.6049878137383973,,,,0.6073441854984075,,,0.6060787097747584,,,0.6074187628655703,0.6071815078224727,,,,0.6076277678891847,,,0.5964440365215314,0.5980512230680237,0.5959508528683688,0.5970716171787479,,0.5980720464496867,0.5981552900240364,0.5992664530923704,0.5976557786210596,0.5974258685837743,,0.5966940866770801,0.5967003653493554,0.5988810976811981,,0.5978203645287045,,,0.5996925978615687,0.5969599469032587,0.5968868982483505,0.5979917148252006,0.5986731687105241,,,0.595379020209718,,0.5976280245061903,0.5988588824471304,0.5959136461366332,,0.8132356478879239,,0.8139110589320003,,0.8105635715146581,,,,,0.8099864241164099,0.8093160527611518,,0.8084548621728673,0.8094219516615971,,0.8109134959633619,0.810085321948455,,0.8073764280641884,0.8105439432124807,0.8104593886796436,0.806716249562679,,0.8072458755733825,,,0.8125388578854963,0.8115415106183664,,,0.8110210251883283,0.8105158996315285,,,0.8104639370345592,0.8085355491492953,0.8147404205048937,,0.8109302240305135,,0.8132454674600106,,0.8116024880128127,,0.8131987207691084,0.8115702640208722,0.8141214464890308,0.811378747444651,0.8129621350680872,,0.8110052767817548,0.8121712543990518,,0.8103739715417686,,,,0.8085551602506721,0.8105387243409706,0.8126205667130565,0.8088919011298177,,0.8094716275152162,0.8093398185053816,0.8101142497413866,,,0.8101036429864348,0.8077264569463517,,0.8095530638917834,0.8091535222996044,0.8097245048483515,0.8066218066083082,,,0.8102263622304489,0.81192062991172,0.8100440473414859,0.8105222050749186,0.8094940624390226,0.810431419561968,0.8098919882816078,,,0.5336156939368536,0.5325966809331442,0.5324026764926769,,0.6107801578260189,,0.6113639438550671,,,0.5160470672819388,0.5163509456511626,,0.5174232034596704,,,,0.47422412529556235,,0.4687393603836387,0.46879408421473623,0.46765916132804325,0.464575436917486,0.4653480336523007,0.4634126122150286,0.4584387051303962,,,0.48388330076414426,0.38516250271717334,0.7922138257135221,,0.32521947277248947,0.7998055630995757,,0.2974808663663725,,0.27504640983115414,,,,0.27520996255092306,0.34401511366683507,0.2756132822137649,0.8061969342977722,0.23322570709823218,0.2332313087781666,0.2451579036617398,0.24512627442094187,,0.24428930597981094,0.24462153389275754,0.2448881257252336,,,0.24476771033800251,0.24421539397193354,0.24481277750180225,,,0.24470403407433333,0.24489281570535737,0.24497732172324768,0.2445955864713358,0.24545680936186945,,,,,0.8344248366240582,,0.08389508352382977,0.08376993871755181,,0.0840251158546904,0.07393099249214982,0.07412364540767599,,0.0736426531563536,,0.8591359117389811,,0.8614612141643622,,0.04725941613905745,0.04709176753129133,0.04714305556201302,,,0.04724275087942419,,0.047056653478810086,,0.04727573573336777,0.0471648850031967,0.04727464325613269,,0.04699907866943945,,,0.04710475752774044,,,0.047188598592093275,0.04730414993181012,0.047272920800130014,0.04726506798006628,3.976814367271031e-05,3.975559480308264e-05,3.972427467482077e-05,,,3.975090163818366e-05,3.973702924550742e-05,,3.974948919391804e-05,3.970922482594812e-05,,3.9787158626032865e-05,3.967063753266995e-05,,,3.974212037420483e-05,3.9784888897614854e-05,3.980887325371723e-05,3.9641373375922244e-05,3.983266212266444e-05,,3.9650038430873665e-05,3.968734278506057e-05,3.991085307391937e-05,3.9790897899545274e-05,,,3.984445411195877e-05,3.974279783772527e-05,3.986186873412352e-05,3.974785510189678e-05,3.976484548603742e-05,,3.981087073534487e-05,3.965120436216539e-05,3.979715989863991e-05,,,0.5504655067303019,0.548940417156837,0.5506918414867099,0.5509587469664667,0.5508084855477091,,,,0.5503437849030567,0.5509698838548261,0.6235204487334549,,0.6255922049654548,,0.6243350037776413,,0.6252562147278246,,,0.6256819471445295,0.625197372727899,,0.6254788655378096,0.6239087905133499,,0.6265106889383587,,0.6243756499854983,,0.5505928568767102,0.5524000993971303,0.5513879486806569,,0.551175301772029,0.5517329887411122,0.5504606469876584,,,,,0.817556777664424,0.8144210340573682,0.8143609361956472,0.8116348584200891,0.8173973453950458,,,,,0.8139663603718869,0.8157349337730853,,,0.6233635979606454,0.6245768009375169,,,0.6249890837977977,,,0.6251451611987167,,0.6240059815500286,0.6143355088968148,0.6229517110440123,,,0.8157920095851864,,,0.8146691254684529,,0.8146760290995505,,0.5516142388189605,0.5503056941839448,0.551506060594207,0.5492433640480084,,0.5523050637783833,,0.5502989238974251,0.5526998071915623,0.5511413557547516,0.550886503263952,0.5514944122750883,0.5492810811419387,0.5531827724568475,0.5506967406498903,,0.5522588849203388,0.5521180652126445,0.5518193119943846,,,,0.5503893765520392,,0.5498291540119487,,0.8166343631297482,,,,0.8161463420723989,,,0.8185908455980485,0.8148515857656927,,0.813312097200277,,0.8152954640488272,0.8148766251639572,,,,0.8159816152205331,0.817021190576861,0.8161534077983535,0.8157766803936323,,0.8175558930970617,0.8154496380797677,0.8152668247366212,,,,,0.3900141989623122,0.3884411664563195,,,,0.6949324000180365,0.695678617130167,0.6972775871653731,0.2343689830230023,0.7223022236641997,0.7229960683746276,0.7241453010299354,0.7236658934115682,0.7230061759724313,0.7230543131046799,0.7216429390614043,0.7243044160209048,0.7238265019480725,,0.7233669914511307,0.7212523053561531,,0.72183023836737,0.723700005829095,0.7226313051266914,,0.7231826845222661,0.7248275416708202,,0.721781096960818,,0.7227733028117523,0.7213178863741222,0.7221897586955476,0.7222451302278158,0.7217585745980005,0.723424282514433,,,0.7228269723617341,0.7237474396011297,0.7210512048160773,0.7222536626596424,0.7228742683822443,0.7221140005667052,0.7236370195377692,,0.7220258998482371,0.7205572421434268,,0.7235101698992699,,0.7212694163798617,0.723100200425843,,,,,,,,0.7216800653190597,0.7212292587509667,,0.7223317043844022,0.7245888592875921,,0.7249335755841028,,,,0.7232845225703551,,0.7228260678515714,0.721676507608317,0.723040322540215,,,,,0.7248556003809656,0.7227007633755873,0.7218780051487099,,,0.7245850642299142,,,0.7237703498252199,0.7239431310083101,0.7218057833806582,0.7236963898339868,,0.7226076154817628,0.7215263969524551,0.7234860203027026,,0.722704300325608,,0.7248323366762891,0.7246622111776087,,0.7232315104513735,0.724002213754223,0.722313762070175,,0.7235146728376733,0.7238481109706574,0.7233344958258126,,0.7233071923365801,,0.7239718559091043,0.723676860528193,0.7250755425465518,0.7234681256331684,,0.7243602639639304,0.7212334742763647,,0.7235197526634043,,0.7212912159781067,0.7239756044642561,,0.7220837962258319,,,,0.7223990644358091,0.7234177334931484,,0.7209818922303457,,0.7216849202747787,0.7242380924438477,,,,,0.7232784185981463,0.723473718012336,0.723573237590954,,0.7240553997565834,0.7226956119151839,0.7233231706719045,0.7240829067292972,,,0.7231151579935521,0.7223992281648757,0.7235362792032366,0.7221445142523321,0.722685959691618,0.725653596954681,,0.7235310092723102,0.7240910397974831,0.721949810675252,,,0.7216002978622224,0.723000255334316,0.7221356105350157,,,,0.7219814364163607,0.7246349707335037,,0.7235663002232161,,,,0.7196471704205225,0.7217854512366279,,0.6631533486309281,0.6651296351712361,0.7696845601260488,0.6796767453829813,,0.7990718550601221,0.7955291310213094,,,0.8505133897634967,0.850360443147374
4,4,DG_8pct,16,Z14_F07,14,LL_AB,182916,182161,True,2612.2646286948952,2603.891650834551,2611.431677600766,2643.584609148872,2621.1847858260076,78.75119290719937,15.636937888322093,2665.905622196306,2688.1436959147713,2862.0968866396556,2861.0097290313424,2969.700811280906,3258.4624542788633,14.615410511767937,20.18220928769968,16.456868287465035,81.90792453862224,22.328830342267068,49.409515643043996,245.37551704956655,,0.8144295242229316,,0.8714596865334416,0.802463111923933,,0.7550541359578772,0.7179570600608456,,0.7182242353037366,0.6975503422820035,,,0.796623773802225,0.7020900008963588,,,0.8479756827332727,0.850589670217677,0.850731535938264,,,,,0.7201234238851704,0.7227816974483464,,0.7129816902783626,0.7134879040156371,0.7210030892920639,,0.7235085709277034,0.722606050405845,0.722047749257986,0.7221812337089608,,,,0.6866225476454936,,,0.6885094316323965,,,0.6909541368681255,,0.6891388230016997,0.6895811195910462,0.6903796492598678,,,,0.6899093635231611,,,0.6901827158094068,0.6917050600779563,,,,0.8381252232026084,,0.7556984205658874,0.7557152369091455,0.7570956752490834,0.7568444805297626,0.7551703458633839,0.7566761169264734,,,0.758417955220795,,0.7575617875772218,0.7612767243414517,0.7564317320663809,0.7586065130248514,,,,,0.7575123076386204,,0.7601050468905012,,0.7577982341019088,0.661221431709504,,,,0.4773213886278181,0.4763925331652038,,0.47690230702990943,,,,,,,,0.57440480740436,,0.5725988968016595,0.5731966362976042,0.5730825173965304,,0.5735830403456874,0.5740283874754155,0.5756119289545952,0.5763734648023281,,,0.5737443811528924,0.5736393901406965,0.5724761922651779,0.5714002952505306,0.5722911952769659,,0.5730084397821971,0.574393899388342,0.5737418442217596,0.5742552872168275,,0.5743947783143498,,0.5733540528399631,,0.5711692641962984,0.5745264648544545,0.572622255745612,0.5732528396308817,,0.5744878028621621,0.5717850418969808,,,0.5733522409628764,0.5727791159285867,0.798664896040363,,,0.7997220332742081,0.800383067277327,0.8017029565589265,0.7984275898811284,0.8009661788605574,,0.8024811056532638,,0.800151698586071,,0.801743643707116,,,,0.8008610615644299,0.7999442460563784,0.7992467042776449,0.7991733877081908,0.799242971578086,0.7984180696583559,0.7996383357245209,0.8006813165641413,0.800909905062449,0.8017081547055233,0.7997167201219153,,0.8016229793261285,0.7978720280256396,,0.8013509731590525,0.7982802616985604,0.7996420258713676,0.8007885707108885,,,0.7997738758693872,,0.7983132493584834,0.7993701277361956,0.8014585415998514,0.8023498595128028,0.799869614535902,0.48296327280780044,,,,0.48369984897083607,0.484611392894962,0.4835954588886822,0.48284714990118266,0.4850968558163056,0.48435366365202076,0.4842849635077152,,0.48362194965010835,0.4829525656128622,,,0.48384844199650584,0.4838841299354036,0.4844454246087624,,0.48295734901869347,0.4843364575054147,0.4831248242613585,,,0.4823018516494864,0.48252949175155446,,0.4833652767275407,,,,0.48391455695166774,,,,,,0.48386018459715574,0.4831473403664038,,,0.48216001388466384,0.4825816382663408,0.48496584208811977,0.4830387347135401,0.481264507931937,0.48416186978641845,0.48371004937433204,,0.48246615292085404,0.4824401189939907,,0.4924671640834364,,,,0.5579928131851417,,,,,,0.4708520963557957,0.6085110351497695,,0.6057080826624311,0.6071571300204512,0.6077781882488565,,0.6069756001802641,,0.6081558804363314,0.6075010389166355,,0.6055742532845124,0.6063154868135926,0.6070341478110709,0.6057768138177871,,0.608203948247456,,0.6070434159143984,,0.6078330303554629,0.6069366644832301,,,,0.6063515769623338,0.6068148666588672,0.6058617163596492,,,,0.6063629804993242,,0.6075249220720389,0.605462381873044,0.6096033343698245,,0.604597524103323,0.6056444828041108,0.6058548660406045,0.5962679392761628,,,0.5979314904219373,,0.5970143521703981,,0.5977867600980211,,0.5977753461064456,0.5970144685746283,,,,0.5995461166191327,0.5986736685045873,,,,,0.5975548646390377,,,,0.59779387163945,0.5970156106066538,0.5984586664561347,,,0.5978727040557268,0.5979411453323032,0.5957818963825546,0.8124151523682338,,,0.8100584709605251,0.8110316604196858,,0.8128328120600495,0.8089670510915185,0.812263164965243,,0.8143876030942707,0.8105887794513419,0.8104458841727169,0.8098377470788997,,,0.8099907741404829,0.8105460562777277,0.8067687022648292,0.8097499656829152,0.8084858779821323,0.8084572338265564,0.8071393898102386,0.8096930680341496,,0.8065844095741277,0.8096593494872785,,,0.8087097527266901,0.8099354861666197,,,0.8090362056075573,0.8115672911455514,0.8095689368458192,0.8115995997791098,0.8123498847360312,0.8121737813631974,,,,0.8134667037682043,0.8118865605227022,0.8130269896525948,0.8120694515290062,0.8146680731641777,0.8124208949122023,,0.8121507832257137,0.8106889650950705,0.8121877594137483,0.8108592440626181,,0.8150319054769879,,0.8134182904342158,,0.8082432208172755,0.8097466181632262,,,0.8088877751831489,0.8122462841758347,0.8088729686409996,,,0.807175877358277,,0.8075681415545234,,0.8084040758683377,,,0.8109437508708947,0.8090073931573575,,0.8082717236595923,,0.8093206110576076,0.8091641862764841,,,0.8096544404167713,,0.8085239709643232,0.5312364799678025,,0.5329795115031749,,,0.6114879756410692,,0.6120935281708024,,0.517916739591555,0.5182183552744883,,0.5169934260278657,0.5161326952210924,0.5172956869267334,0.5617424504724585,,0.7997929007018161,0.4679942819346862,0.4697636473883489,0.46992870672199494,0.4628902202092743,0.4633827340876862,0.46453949954535806,,,0.4559710624868903,0.4826817753605684,0.3850904089443377,,0.4092626897265643,0.32560720948471156,,0.3733882594482375,0.2979188020243575,,0.27470212243087844,,,0.27447483201126394,0.27533108335154466,0.34495416106928173,0.2744677434857294,0.807121882504713,0.23236608529190028,0.23319320157577708,,0.24465887348647739,,0.24492680256652374,,,0.24422969742984907,0.24425067416407237,0.24515993519226903,0.2452809475470311,,,,0.24503288090267983,0.24469003126261263,0.24417318234136096,0.2442312319913429,,0.835321092151777,,0.8348907159860706,0.8351354797689472,0.8333004316228364,,,0.08391646126288319,,,,0.07383879663764498,,0.07411973125252387,0.8604924617872705,,0.8563527001611556,,0.046969539685821904,0.04715237056629293,0.04704318885128574,,0.04712698676717393,0.04726922389355416,0.0471758249370397,0.047260729488296876,0.04711523889814351,,0.04721753688994382,0.04720880772408392,0.047089980865607686,,,,0.047234459620992375,,0.04721736282281287,0.04727066703595675,,0.04709455678717862,0.04718476610189768,,,3.967361089337154e-05,,3.977759695093354e-05,3.9792506060219826e-05,,3.977283269966626e-05,,3.975340986886469e-05,,,3.9798743506769024e-05,,,,3.9781595076593386e-05,3.963758336836843e-05,3.970994142327486e-05,,,3.966874765013877e-05,,3.9765368209350145e-05,,3.960353119467626e-05,,3.9770853876003216e-05,3.985947501011109e-05,3.968284611742337e-05,3.973441324784284e-05,3.9763661787669646e-05,,3.981350543942685e-05,3.985080537436411e-05,,3.9704217984172127e-05,,,,0.5510315290788593,,0.5508082796006457,0.5506300151955764,0.5498661541219542,0.5506079394689187,0.5499668897450893,0.5517084947443286,0.5506010736960627,,0.6249478927549367,,,0.6258182614263961,0.6260229342376625,,,0.6240960168762434,0.6251022082547407,,0.625162061942428,,,0.626121213698564,0.62202942912213,,,0.6233518295758981,,0.5512120415308419,,0.5513179012367251,0.549196784583692,0.5513385437898749,0.5513612058705235,0.5511738228002994,0.8174760385603348,0.8151473850033935,,0.8130528208849603,0.8149962317474481,,0.8165222462236784,,,0.8146994881966448,0.8143188144656488,0.8143671461062745,0.8152456270257487,0.8154160034224068,,0.6257341970864945,0.6242503931671057,0.624976467185414,0.62505691894716,,0.6263966975029277,0.6253045980749998,0.6251246173790402,0.6242023360671158,0.6261000356124075,,0.6147688343236287,0.6231468205135995,0.6223166756237889,0.8148993498468666,0.8168433859021106,0.8170352481820363,,0.8172385710343385,,0.8158429508230001,,,0.5517917931702238,0.5505019851924201,,0.5493298634820709,0.5517883163015128,,0.5514598833475071,,0.5506071368255135,0.5520231374749885,0.5507551104637367,0.551918372594027,0.5527830130300418,0.5508909070451198,0.551393344578462,0.5501164331167571,,,,0.551043242362701,,0.5506014426518023,0.5507221942865235,,0.5508047802413638,,,0.8187782254630429,0.8172403110601083,0.8150364852880955,0.8176551134683271,,0.8194402945707543,0.8186061076806321,0.817127663687366,,,0.8154084216846696,0.8152807895884961,,0.816528687259341,0.8183608654642056,0.8162021308401198,,0.8171581885824553,,0.8183303578402776,0.8174471731418793,0.8167872903621002,,0.816305359349589,,0.3894831188662031,0.3888641391800657,0.39060894396228896,0.3880374671644428,0.3895489641870794,,0.71737229571161,0.6949339595583579,0.6969894692589795,,0.23366663060409265,0.7229177516151412,0.7235521796263064,0.7240962346151035,0.7252660404171808,,0.72368629630146,0.72278663999885,0.7235474473505576,,,,,0.723141922719147,0.7211377379379554,0.7242626102793401,,,0.7250241079855156,0.722550071707611,0.7228111649686743,0.7250948835785467,0.7236021998477483,0.7234520665719827,0.7226488718465911,,0.7232600496796112,0.7229946996040252,,0.7226770961426311,0.7212643394640695,0.7230624928870606,,0.7220092876421532,0.7227700891837672,,0.7222454301892326,0.7219744192826945,0.7236365589120187,,0.7215161606099272,,,0.7240705288339727,,,0.7223034848064394,0.7230845706818781,,,0.7226600653023897,,0.7219721338949541,,0.723485534588472,0.7225951585163176,,,,0.7222811994506203,0.7244867397871644,0.7232889262853209,0.7229760502001316,0.7228571202446982,,0.721148409186911,,,0.7229856991385842,,0.7230186950682073,0.723692358080894,,0.723003208233496,,0.7214184421146673,,,0.7256474957979503,,0.7231583354096784,0.7211208594525658,0.7207402011919748,,0.7222728030396487,,0.7233871820056258,,,0.7234247234720677,,0.7216621895311901,0.72265447907236,,,0.7241915528849745,0.7231863549368303,0.7240019581837316,0.7224665289460069,,0.7231692855505517,,,,0.7223106952186907,0.7237080080828292,,,0.7229051300485864,,,0.7259151047443569,0.7228647006920993,,0.7236807457593495,0.7241961541428302,0.7222283957955723,,0.7228917987430907,0.7223176992190931,,,,0.7214150653890204,,,0.7237428104352235,0.7215939448788871,0.7238599573603651,0.7230559822541353,0.7222006626431642,,,0.7215660973431647,0.7227639939161083,0.7224017794982848,,,,0.7222110741921453,0.7234756863731159,,,0.7224665668343095,0.7219071922615773,0.7227593089454198,0.7228479974955896,,,,0.7213525578541937,0.7223249522051184,0.7232278879967129,0.7241422936971886,0.721734294145026,0.7232277089831486,,0.7235770344157413,,0.722980719767481,0.7221944366086761,,,0.7242409223509368,0.7239722061122451,,,,0.7220299547062987,0.6635750747542136,,0.6633632433826281,0.7725296719760886,,,,0.7955465732514223,0.7035970614554533,0.7034750413910875,0.8515211391140545,0.8542738304608691
4,4,DG_8pct,16,Z14_F08,14,LL_AB,182916,182161,True,2596.8469436379214,2627.672892207861,2611.108180656767,2660.5772325906246,2639.0617615410893,78.89871842911931,15.630919210739012,2665.61345620337,2685.2639123335716,2849.308668683252,2866.208255603123,2956.507167664495,3264.5037659423297,14.519545057396124,20.244339795625688,16.467857205887395,82.09064988383804,22.469896474730323,49.53196389557779,242.83494852006797,,0.8154503614845006,0.8141859694017072,0.8686949569936258,,0.8874676875151783,0.756235805502025,,,0.7156588276883944,0.6984105074994305,0.7951421925795574,,,,0.7055695266079631,,0.8503006239312748,0.8483909954530211,,0.7174244728305136,0.7175904008782641,,,,,0.7139055949292475,0.7113859851963116,,0.7216156296943856,0.7221411548799379,,0.7229179016546631,,0.7213111879324605,,0.6839474202073328,0.6844469496228851,,0.686135326664066,0.6879736849214539,,0.6906051235799379,,,0.6899288553296109,0.6890071441960969,0.6907448728771639,,0.6876313675454057,,0.6906164526411941,,,0.6883879610165646,,,,,0.6689822506887925,,0.7552187494201701,0.7582204598051387,0.7573382652196022,0.7587018760664407,0.75661672349603,0.7560478893533569,0.7577557946389429,,0.7580561309609923,,,,0.7575576920348551,0.7608079525740415,,,0.759537799996321,0.7577296223471899,,0.755138113287791,,,,0.7564494435633137,,0.6612589223868486,,0.48139924852261434,0.4787913073403001,0.47578834902189615,,,0.4768258550871698,,0.5738989705212261,0.5736450618469069,,,0.5746940369062103,,,,0.5749305924673529,0.5727788859784513,0.5727854875160565,,,0.5746225443785834,0.5734010448342747,0.5723856668590178,,0.5748993537534474,0.5733698177317226,,0.5743978558435725,0.5723581410490093,0.5740297038284128,,,0.5744631314249318,0.5729416541724586,0.5744400873558333,,,,,,0.5751912084701091,0.5727188952644184,0.5731014627961717,0.572711300162861,,0.572041313820176,,0.5737996153177185,,0.5723288602095796,0.7992381859365215,,0.8019788890855396,0.7984674778754888,,0.8009281565928714,,0.7988784186050276,0.803034516019064,0.8011526609399184,0.8011805577376632,,,0.799461139826812,0.8002301606910116,0.7987758303505967,,0.7993979842770366,0.8012988316020817,,0.7997645400954186,0.7992520487936384,0.7996578936638057,,0.7978283502845672,,0.7964383641900433,0.8000185752093651,0.7975863800568675,,0.7982662507111025,,0.8005201735837829,0.7988624988120206,,0.7993712553421565,0.8000303331644031,,0.7992225049873011,,0.7981418655529784,,0.7993363418642901,,0.8000163835443539,0.483024122601462,0.48367448435531013,0.4820730054371697,0.48230590804761936,,0.4825185174810444,0.48421076807825747,,0.483158112235983,,0.48399849762150593,,,0.4832403448233336,,0.4836863649958841,,0.4838389586664173,,0.4831818815525261,,0.484167313176523,0.48275167865551466,0.4833459734970869,,,,0.4821003652274751,,,,,0.48330480303470147,,,0.48459780099867983,0.4828398545979932,0.4845078694193187,0.4834210951476837,,0.48195966270553964,,0.4844470973374339,,0.48316286835804856,,0.4836457321948493,0.48282720418932434,,,0.4852435265043958,,,,0.4915902547914699,0.4911756587052797,0.5915622184311784,0.5588347912450897,0.47149542576144804,0.4698736170291048,,,0.46956056254585027,0.47028058990478105,,0.6056866617216445,,0.6086228716004536,,0.605855896241022,,,0.608534249368946,0.6064561849291317,0.6078238963413214,,0.6064402886853867,,0.6066828538334189,0.6064314797797186,0.6091802035079041,0.6061293110051571,0.6088123213094822,,0.6073485466469162,0.607852877260733,0.6063693109668444,0.606677165890784,0.6055425848931196,,,0.6046645008479592,,0.6076416098555721,0.605988377506102,,,,,0.6042527546379279,,0.6058555088427069,0.6062042088947124,0.6053943839324942,0.5979955761719066,,,0.5978422691570796,0.596363096647323,,,,0.5965706381882598,,,0.5993178314000214,0.5973013410674745,,0.5984592369979111,0.597846991962833,,0.5993733715059409,0.5994577845426985,0.5969236443735291,0.5982825926987679,0.5998160195680816,,0.5967528356797517,0.597304473082617,0.5964163396923564,,0.5979074438001122,,0.5977683490359977,0.5979592230169464,0.5982428159078014,0.8112453940173974,0.8125717534368805,0.8134483672011777,0.8123494136299566,0.8120350225803038,,,0.8132510734304674,,,,0.8076643941135999,0.8087992153629067,0.8090385383898143,,0.8097079036859937,0.8113332132785855,0.8061601794632473,,,0.8072482002269271,0.8115837211921868,,,0.8097610992734293,,0.8093635734193223,0.810234004098309,0.8105864121244296,,,0.8106967325635612,0.8087286051704556,0.812272997051521,,0.8107157971457635,,,,0.8120705973648775,,0.8099427386129863,0.813324711821086,0.8117000246172692,0.8122039392283346,,,0.8112149427538414,,0.8132092980474369,,,0.8140601792040685,,,0.8130627064468263,0.8119516120336138,0.8059570698317879,0.8093831057878365,,0.8079540734767757,0.8086373009265797,,0.8117986635854071,0.8074395533591955,0.8086705933962101,,0.8092444113415838,0.8084095635088123,0.8097182452879063,,,0.8092554004833701,,,0.8116034224932702,,0.8094803639011758,0.8093795824596461,0.8106285492954803,,0.8093174467463937,,0.8096996054318362,,0.8109817125400661,0.5325481213041349,0.5329758655573841,,0.532050590063262,0.6118691521253715,,,0.6131671989869403,0.6135669947943283,,0.5172184757984937,,0.5191674037858631,0.5181858941176346,0.5178109127961431,,0.4742825728881241,0.7998745511391946,0.4701211049227329,0.4685461237612669,0.46757004738138497,0.4633805806033337,,,,,,0.4830261006009762,,,0.4084862181222279,,0.7987624804869073,0.37315955534150824,0.2977760096002681,0.8049305333509382,,0.2750708299150157,,,,,0.27498547529628403,0.804771143857913,0.23323897735727234,0.2330663614662585,,,0.24429382969892127,,0.243844323864006,,,0.24431004902257555,,,0.24381558143167506,0.24514864056095914,0.24483108136649379,0.24443900956734277,,,0.24438955289266517,0.2442802821041379,0.8362016539225124,0.8361852041527688,0.8353184645953327,0.8366886790410321,,0.8201073739665744,0.0840221644169481,0.08412591163124149,,,0.07414411709469168,,0.07399280650433863,,0.8595255958059717,,0.8597152205713396,,,0.04719578968566657,0.04719484312838291,0.047241076369040146,0.047192897293794035,0.047011255086184846,0.04713338308641902,,0.04716357476428316,0.04722425232111308,,,,0.04713979663815271,0.04698216454311279,0.047243138380599056,,0.04708752638084919,,,0.04720980367263959,0.04733775279595022,0.04719371025135673,,,3.974607585643831e-05,,3.969907980210574e-05,,,,3.988731566381658e-05,3.974102798436347e-05,3.9646527100243105e-05,,,3.974002236985185e-05,3.9753375852424064e-05,3.961512702631174e-05,3.979390831572711e-05,3.984507228287525e-05,,3.966886126971595e-05,3.97266484562376e-05,3.969743206535679e-05,3.9745576781266465e-05,3.970815613023525e-05,3.973518153155107e-05,3.980561813077674e-05,,,,3.979172644292387e-05,3.973752476823901e-05,3.970040512631622e-05,,3.983158739811848e-05,3.9700626933415165e-05,,,0.5506684232543373,0.5506683035788366,0.5508873314847256,0.5527826510443944,,0.5505786001654095,0.5497539543954031,,,0.5507241058737005,,0.5502889447399278,0.6262683391412881,0.625334995659278,0.6266635702032433,0.6252820050519441,0.6270150722785319,,0.6254192701869471,,0.6236513746887759,0.6228385821458031,0.6241794779294708,,,0.6248360155521165,0.6246860573717012,0.6240145800215942,0.6245457853548909,0.6246383824469395,0.625694478690455,0.5523429633481253,0.5514340726680788,,,0.5507436492643636,0.5510029683396394,0.5506425909417382,0.5514093479824225,0.8158355498896998,0.8171800484339006,,0.8141917021300329,,,0.8136940878173163,,0.813051940080354,0.8148329979617368,0.8143254600219986,0.815447482348016,0.8125517874251106,,0.6239290108000694,,0.622847738839788,,0.6244281344030835,0.6274358689133553,0.625678924958416,,,,,,,,,0.8170974711007702,,,,,0.8175977807789147,0.8159198003493714,,0.5506007843766173,0.5507251971405253,,0.5506375730098101,0.551626178041711,0.5506400050735021,,0.5520175331403848,0.5517945471573227,,0.5516854257084285,0.5509401571326135,0.5524202878656456,0.5512167605109559,,,,0.5502383494338219,0.5517309020904299,,0.5502983406497236,0.5514022938512118,0.5506214788117604,0.5520348178534349,,,,,0.8176298269331274,,,0.8170199463798753,0.8182903331466647,0.8162754739802284,,0.8181641678517644,0.8130861706527004,,0.8181564856129366,0.8144326471561044,0.814933842849537,,,0.8170418868176389,,0.817076958801558,,,0.8171649467020351,0.8165057723627026,,,,0.3879295351020283,0.3894164351349796,0.3888876587243546,0.38947001152322985,0.38969610138665917,0.6835517178147015,,,,,,,,0.7225619303618432,,0.7240116498452539,,0.7228493561692182,0.722751865306283,0.7218226192609343,0.7219278078057072,,0.7217852940402987,0.7223792908513886,,0.7219631620551763,0.7231209856044147,0.7238923549485842,,0.7224981660955918,0.723482873963876,0.723582104474987,0.7216297982131157,,0.725215544077414,0.7242549108003372,,0.7219341485006314,,,,,0.7229605628981872,0.7227514425869627,,,,0.722465388047931,0.722696245466962,0.7244021005298832,,,0.7239992358767424,0.7248588455814037,,0.7222883917744991,0.7242641339334117,,0.724419620354562,0.7233486579610844,,0.7239846708431583,0.7223714434385484,0.7223287779841135,,,,,0.7238077872890255,0.7223671579222161,,,0.723163381726614,,,,0.7213070103168875,,0.7233203576098968,0.7242604479625981,0.7224037026553023,0.724351412701899,,0.7241632335696395,0.7214269413447325,0.7220113623439726,0.72291506580776,0.7247644059125996,0.7232199894731711,,,,0.7222734705167018,0.7221166454825589,,,,0.7235106685599311,,,0.7198022034948155,,0.7233117748020956,0.7217138607749422,0.7238048762992297,0.7252434620471705,0.7223047702863866,,,0.7231171303365416,0.7244326518096995,0.7254134368675587,,0.7238890057649101,0.7222677640775422,0.7233727553180004,,0.7224548668916505,0.7218650880906429,0.7228124677526735,0.7232770435930335,,,0.7219046178465085,,0.7234627754378631,0.7236951317418234,,0.7209280278954886,,0.7214727686188729,0.7233389406930986,,,0.7214409069619977,,,0.7220570323497505,,,0.7228110414363008,0.7229088093231606,0.7226232764140172,,,0.7219014307403446,,0.7227713962561655,0.7230340170259218,0.7233992325656629,,0.7220474402058269,,0.7247197867368359,0.7246081607090684,,0.7234289130815605,0.7212147511030179,0.7226869059844848,0.7212653941709674,,0.7227898533756623,0.7214045315825285,,0.7234385627897257,0.7246516064986293,,0.7210963950952863,0.721123715856024,0.7230484951477415,0.7217115235662752,0.7247675351950007,0.7238237182159926,0.7221023854248131,0.7227752363088611,0.7231148513943154,0.7238889676236714,0.7230786283333562,0.7230723832199338,,0.6642378940946777,0.664830924326686,,,0.8430464962982444,0.797665069585609,0.7959190809636475,0.7022734734334815,,0.85087569547422,0.851935796178507
4,4,DG_8pct,16,Z14_F09,14,3PH,182916,182161,True,2550.1240088280015,2587.35833117243,2589.3877526012548,2744.982075772703,2715.1243173920507,40.24688345533257,8.301488270048226,2733.9052475034646,2747.614669305688,2856.70491994525,2840.3430587998873,2865.5198956158106,2856.4272001885342,12.48264824809191,18.57788488971393,9.70854982836374,33.467392946320246,12.88366743857397,25.863448594682247,64.84418742897161,0.8110263923987235,,,0.8103894618855013,0.817007276657945,0.8144058947001607,0.7721276017710994,0.7140199692534295,0.715022459089498,0.7110154153665621,0.7128189725007086,0.7220886000648179,,0.7234630388245953,0.7232351309388051,,,0.7230446317024356,0.7231000030354066,0.7251464246843963,0.711548476735641,,0.7129705020536209,0.7146643253008724,0.718709778423863,0.7167050702067472,0.701716893315079,0.7049948990319767,,0.7154933705709757,,,,,0.7155931991938531,,,,0.6741847234077145,0.6804568460142888,0.6800181146172999,0.6827387608728704,0.6838672431491749,0.6854504942631476,,,0.6837754554417576,,0.6854435816501087,,,0.6828890305023899,,0.6849963558081854,0.6848342819292027,0.6836803704780978,,,,0.6811091907397048,,0.6769340120907904,,0.6781326506946141,0.6766951199732607,0.67770384193667,0.6791672543171529,,,,0.678987399567655,,,0.6769436727159167,0.6784582099530739,0.6772886003770647,0.6777242814984192,,,0.6778511076281342,0.6786091395858066,,0.677715883458854,0.6797257971593792,0.6761115478784113,0.6531669109871854,,,0.4726555173007021,,0.46917486004514847,0.4679495771493146,0.4681461151297483,0.4691722614070072,0.47027568766419076,0.47430240565018816,,0.4751335878147427,0.4754341540059846,,,,0.47525670898389527,0.47481895842553545,0.4753458918718992,,0.47480766834133564,0.47552862628324527,0.4758073551818674,,,0.47297306874171663,,,0.47471780962489624,0.4740517226492775,0.4756467643409829,,0.47367527950069965,,0.47425732373280194,0.4745818390821382,0.4771932960358914,0.4748798561271334,,0.4751668228041293,0.4740750287331236,0.4752113288588182,0.4744611564925718,0.4748934697782426,0.47420231442619554,0.4751788267230447,,,0.4751204319704738,,,,,0.4743408372476781,0.4740491477876736,0.4748363206313594,,0.47444139671280394,,,,0.47675526431969956,,0.47461791190231783,,,,,,,,,0.47541281895072024,0.47540629357471803,,,,0.4735836936239448,0.47560631928335717,0.4748985507757509,0.47425330887641287,0.47507688495355305,,0.47461983886199244,0.47432022014836545,0.4739978175335289,,0.47380316867938427,0.47521243998385465,,0.4742231090008475,0.47509157333301555,0.4747525197349532,0.47524322100204425,,,,,0.4765686353454048,,0.4752885869456897,0.4762082028561349,0.47520883645621015,0.47566426537561657,,,0.4769522546072028,,,0.47664110856507397,0.475253569760645,0.4754854047592159,0.47686917308823484,0.4767968145764264,,0.47638319010983565,0.47613773817588156,0.4754681602974585,,,,,0.4759787977477206,,,0.4758055415867164,0.4752993628827123,0.47517669465599627,,0.4756205120803893,0.47621601952925546,0.47523490734972623,0.4745850020434354,,,,0.4777002392934419,0.47701756080464053,0.47686192255535764,0.476852713530017,,0.47634458856720197,0.4746336565736431,0.47412500845440003,,,,0.47438360875557506,,,0.4786201850860956,0.478505506428841,,,0.46545125688891587,,,,0.4645572640697573,0.4633660125083038,0.4639505825490167,0.5157399931216808,0.5140888949932819,0.5152621739268753,,0.5166635270998448,,0.5152259995133684,0.5159073236490027,,0.5163023074646066,0.5149600508309284,0.5153372157547433,0.5149177232596179,,,0.5146823370575381,0.5137296968689348,,,,,0.5150252209616404,0.5147753304381997,,0.5155526063298433,0.5152731579459107,0.5139919585174076,0.5154687045719285,0.5150643146082597,0.514626695164916,0.5139839915161946,,,0.5140580180338894,,,0.5160770908556346,,0.515063531724292,0.5145180659679491,0.5052786303202678,0.5043480518295815,,,,0.5060202158972216,,,0.5061861912460124,0.5061248937417909,,0.5064751820094189,,,0.5046648657866769,0.506635807180411,0.5069419055242302,0.5062647904821941,,0.5064204681133456,0.5073700701012208,,,,0.5050791639771036,0.5046194467251625,0.5044591127053107,0.5052578908238752,0.5058327369472165,0.5069797072517294,0.5043831604279078,0.5051821947258116,0.5150006750926767,,,0.5127187887902287,,0.5129894436115487,0.5132117538446526,0.5149747011035232,0.5134312575881239,0.5125520403132482,0.5152787303353511,,0.5042817567501444,0.504695323469945,0.5052126936769059,,0.5030909237028743,0.50344007295617,0.5046221225871688,,0.5041032658192695,0.5044329553733413,,,0.5039632433771498,0.5039774831445525,,,0.5137741939585424,0.5135944736223422,,0.5146961204739529,0.514771443749413,,,0.5134165375849634,,,,0.5136087714434747,0.5136184523608341,,,,0.5131878903116369,0.51390966952384,0.5151575410320256,,0.512241081258325,,,,,0.5134321311707547,0.5128074713235996,0.5142160211911231,0.5145279105502033,0.5039494576308806,0.5039027226472743,0.5049250033995863,,,0.503481001222854,,0.5040528986056403,,,0.5045396051130032,,0.503704837698385,0.5049492530127376,0.5031317676857435,,,0.5050723005211901,0.5030340578613789,0.5033435292653969,0.5049543791513905,0.5034098338514554,0.5051659466925167,,0.503835620898337,0.5044279493797907,0.5065992837989426,0.5033417993807656,,0.5200332509526319,0.5205885972595078,0.5201244213671393,,0.5194216789076034,0.5205745090501152,0.5203307833263985,,0.5196208343813837,0.5092453861572748,0.5097354845955733,,0.5086416192932578,,0.5078197112458558,0.46709965145529225,0.46886313445789995,,0.46226317544453394,0.4629058716753848,0.46428669076322127,,,0.45195377761162125,,0.43963462999732567,0.4395031396249813,0.38596121725583843,0.3860051079376365,0.3861048568786901,,0.31880425340335944,,0.28806734406034457,,0.28864868767394863,,0.26282978034907506,0.2640370722099665,0.26390262333494,0.26375650031086467,0.263739703669764,,,0.2179279331104178,,0.2426458331329095,,,,0.24243049898463936,,0.24287048882001303,0.24265136966590067,,0.24225266153630282,,,0.24293930283301934,,0.2431636175057963,,,,0.11811549370661238,0.11859169803540566,0.11863357511117922,0.11878393709762398,0.11895864066636792,0.16925244658165467,,,0.053113060891487304,0.053157054213900316,0.053011941399937576,0.05318980639443559,0.053183809013718185,,0.05296799326098111,0.053097570665579394,0.05312655822046076,0.05296187424758214,0.04682551735379972,,0.04674082521238211,0.046618174850998284,0.04674796897880371,0.04684395181241334,0.0465671594697013,,0.04695442790601357,,,,,0.04674412474549524,,,,0.04670531685956917,0.04670086844003047,,,,0.046705609696075234,0.04666774122197184,,3.934242273329182e-05,,3.9306287202318005e-05,,3.9255993873108774e-05,3.9379909527454176e-05,3.930343143585773e-05,3.932550545741697e-05,,3.9365207018084275e-05,,,3.937704778379303e-05,3.9403994876855494e-05,3.93659903999118e-05,,3.9362760882306536e-05,,3.945509578469647e-05,3.931729523678002e-05,,,3.9272379796391235e-05,,3.934071578548586e-05,3.937574062580197e-05,,,3.9276138099049646e-05,3.933926191168958e-05,,3.94112259371394e-05,,,,,0.537016877918828,,0.5360385525371939,0.5367143810273795,0.5366991494100023,0.5376532798934195,0.5370028017083239,,0.5353097838975535,0.535736017023771,,,,0.5376768845569017,0.5378068386682261,,0.537782295831426,0.5391054514127832,0.5382444034009678,,0.5362629983727739,0.5371398055617808,0.5364744565148846,,,0.5371270720572089,0.5368524056935158,0.5377147269620985,,0.5373164218756112,,,,0.5391120032363097,0.5394949394190572,,,0.5373196078081842,,,0.5339369958698397,0.5362659188003236,0.53444084566762,,,,0.5346660067186905,0.5360761993612161,0.5365332893050628,0.5359462369034071,0.53526516056057,,0.5366783695446055,0.5363260474275876,0.5377564393874279,,0.5365236221047978,0.5370107919920446,,,,0.537435899137382,0.5376445794143132,,0.5308302124165897,0.5360696214298941,,,0.5369211815725811,,,,0.5353964880605597,0.5362428174567591,0.5365890327726128,0.5378818337282625,0.5384744886641881,,,,0.5378364541367914,0.5371779585431472,0.5397795652131032,0.5391819071436412,,0.5373423836509286,0.5380017264179403,,0.5382631775031729,,0.5373953152046357,0.5382611851009776,,,0.5375041503972061,,0.5384210515117006,,0.5379564976566914,0.5373765143632768,0.5390423813317938,0.5364708348598841,,0.5360117802629887,0.5370270322368129,0.5347745155394806,,0.5371967634269285,0.5373531342630523,,0.5369893773650162,,,,,0.5367562718340626,0.5348505594936196,,0.5340551901455621,0.5365544344468036,0.5357545128409676,0.5365361783953687,0.5355909671301364,0.5366905172693825,,0.5382545327197122,0.5374171544661378,0.3854849202737853,,0.385011908250666,0.3863199600399696,,0.3850583872235576,,0.733726306734005,,,0.690786619728745,,0.71667428476227,0.7160261264017291,0.7167446092548366,0.7160723527867525,0.7164793818333071,0.7180865343745173,,0.7146699167716751,,0.7155852111258332,0.7159808486420872,,0.7172354788839117,,0.7161001379666537,0.7148944850530959,,0.7175611718331956,,0.7149670687416277,,0.7162973629321766,0.7164816050125352,0.716957341160743,,0.7174431930652052,,,,0.7166370312664967,,,0.7189123014517825,0.7143136092805065,,0.717000047129616,,0.7168283682803364,,,0.7181584719809496,0.7155700843640758,0.714827491820474,0.7174150289980026,0.7164647857982694,,,0.717126896804439,,,,,0.7161066445851704,,0.7177464374685982,0.7167281756951618,0.7169561486283541,,0.7172417037501195,,0.7177067874963973,0.716322013321786,,,0.7186881939898639,,0.7152434552056107,0.7156185920137715,0.7172929904296119,,0.7175883314678739,0.7148369403025244,0.7169419552992617,0.7159570569899761,,0.7159542191116993,0.7170158039823379,0.7151797199919706,,0.718337874338112,0.7171034520583726,,0.7177405803909279,,0.7175478512281971,,,0.7177209232377886,,,0.7152142508353143,0.7155090160625489,,,0.7164681521244289,0.7194637406873442,0.7161096782445335,0.7166420722889055,,0.7175523274078065,,,0.7187400719433791,0.7180498987882651,0.7143301837574152,,0.7168503230998386,0.7180040133654734,,0.7191409441010757,0.7153895429145297,0.7164224919830668,,,,0.7167632036410543,0.7165481700365572,,0.7150120538855599,0.7150246596763938,,0.7146675220978501,,0.7172703652062731,0.7154264970299917,0.7157910167834968,,0.7165029711280894,,,0.7170392604739831,0.717477764062103,0.7169701785089715,0.7172868810007391,0.716406613472854,0.7156574851519202,,0.7166803878393552,,0.7145487850766187,0.7158890319084701,0.7175064184184148,0.7168117019496212,0.7172456706408173,,,0.7157449211405569,,,,,0.7177143607244406,,,0.7183436878118341,0.7160143720651906,0.7138306177749973,0.717268104751071,0.7178573485840015,,,0.7162956161899933,,,0.7164126192859117,0.7167153714754801,0.7179864597387569,,,,0.6572410652248062,0.6938046606506082,,0.6952913870565044,,0.7227178433560242,,0.7209789091081922,,0.7212035626730567
4,4,DG_8pct,16,Z14_F10,14,3PH,235185,232292,True,2619.037515928274,2636.7003191093913,2631.999041622572,2768.8044132048553,2788.2804808546116,39.610724779824885,8.131455321305404,2799.8044902926094,2811.6185535802124,2917.289662801568,2917.0404129227254,2928.7995367582316,2926.723865548392,12.368473414576611,18.270668848596245,9.344482724947781,32.85458124117292,12.429143955654204,25.205409510703195,62.8867309592235,0.8070029173024096,,,0.812448117753358,,0.810863653510581,0.7686591887275694,0.7085196235711304,0.7072586859898656,0.7080588248303524,,0.7171981008890047,0.7187959024088315,,0.7201024744338159,,0.7177853698545872,,,,,0.7062135699294049,0.7053928665314739,,0.710272497338554,0.7116208937495412,,0.6994799612008004,0.699290282720805,,0.7138507322811254,0.710715672865703,,,,,,,0.6695434778374643,0.6775687079116036,0.6755822835912627,0.6758120113313066,0.6772856680790349,,,,0.6779060231054166,0.6785578424654309,0.6794608092221762,,,0.6778231936949988,,,0.6792341778738523,0.6788316586376194,0.6765470943501815,,0.6777837453768691,0.6760215513705061,0.6769464591704688,,0.6722649169211102,0.6743134393176069,0.6741882420389299,0.6731980860679998,0.6727513799094297,,0.6742273397554074,0.6728897654778518,0.6708854707459031,0.6714850994513826,,0.6727433740617588,0.6721005098316557,,0.672938797940601,,,,,,0.6724396142014469,0.6725119419359448,0.6707854204167997,,0.6478653204490945,,,0.45973831231632706,0.4601977192833157,0.4583194366848304,,,,0.46541870582525,0.4660902332074227,,,,0.4658472581072764,,,,,,,0.46466198820209326,0.46476630810588654,,0.4660885490286795,,0.46607216989832934,0.46540309462198587,0.466050655732467,0.4639931287758761,,0.4647938721732395,0.4650936700587698,0.4640901461295948,0.4638657035131749,0.46548883129933666,,,0.4643114558658077,,,0.4637872592278704,,0.4645760713959223,,0.4660030710811118,,,0.46376966784979995,0.4641841442576583,0.4646184829845162,0.46340039156059976,0.464370718162809,0.4641585113786098,0.46470719287181284,0.464184971801953,0.46537240280306313,0.4627409364174747,0.4638708614303604,0.4648379729589142,0.46473276757300797,,0.46398987584238865,0.46446969983016334,,,,,,,0.4647971660046102,0.4643727670057953,0.4642385175684605,,,0.4637152430249848,,,0.4645890731972558,0.46396251842407393,,0.46474849891229286,0.4639228616136389,,0.4637544016344474,0.4648505972999505,,,0.46439130660283506,,0.46386362484016314,,,,0.4650118589753119,,0.4630916713286258,,,,0.4652934294388228,,0.4649578446405144,,,0.46586172797936964,0.4649528910864092,0.465777361133044,0.4656075192284975,0.46413979905653713,0.4643103660723213,,0.4642509828494285,0.4652129955278386,0.4667366895389509,,0.465036126033813,0.46436596749946557,,0.46385287969755046,0.46502483272317413,,0.4642562798849071,0.46553469048684754,0.46546407170354215,0.46474539729773684,,0.4641289169958363,,0.4647207761895164,,,0.46554302329767344,0.4650241205216499,,0.4652915527966164,,,0.4654515523350874,0.46423056039962685,0.4669152145490692,0.46578695528451863,0.46550797776226577,0.4644909187068149,0.46502370331462645,,0.4645660520957998,,0.46444622076307623,,,,0.4681475033034629,0.4890751233980001,0.45521937418178454,,0.4551988354408883,,0.4538317966164606,0.4526282950821803,,,0.5050444966508159,0.5060249758405224,0.50530440266373,,,,,,,0.5071745550419082,0.5064998795613241,0.5044737481593228,,,,,,0.50577690251244,,0.5052843986092895,0.5050231883739372,,0.5060966816721754,,0.5066293019540513,,0.505111538243142,0.504778765798115,0.506067870584233,0.5054208400880126,,,0.5062711018103054,0.5076332646514218,,,,,,,0.4958703621927436,0.49664527749351683,0.4958945815158721,0.49549017117869804,0.49441584673071903,,0.49599851443719006,,0.49518020788622363,,0.49668281150262444,,0.49683655964334333,0.4956263391085145,,0.4973583102966127,,,0.49475737376212364,,,0.49403779447530133,0.49753915746384825,,0.49680480114557846,0.4953312739390138,,0.4957022200375634,,0.4944847737006669,,,,0.5049811279085603,,,,,0.5048813949088371,0.5041821645805175,0.5042533170322059,0.5058316613108678,0.4939298752417848,0.4941046369539303,,,0.4955679660708519,0.4931324194519658,,0.49370190200237557,,0.4952216156682925,,,0.49225940508595367,,0.4947061870308123,0.5046387585383063,,0.5048680914081429,0.5036813297184493,0.505001983921607,0.5025927531539058,,0.5038785141997776,,,0.505304481711975,0.5050874456273802,,0.5048253595649623,0.5040388708721083,0.5056209115376542,,,0.5055106540369253,,,0.50458951289904,0.5049009919658348,0.5046365348964248,,,0.5052203167274935,0.5047682353515746,0.5045789890087804,0.505537018251349,0.5052121163003267,,,0.4941952546443001,,,,0.4943263025987066,,,0.4937563435276549,0.49458168902442023,0.49430194962420837,0.49387077922863215,,0.49408064790388734,0.4955948766394801,,0.4934551143386136,0.496862141247797,0.4955411083074015,,0.49496626678233796,,0.494513939289346,,0.49498263528621533,,0.49511840906385557,0.4936739517796543,0.5117179397444286,0.5111894177311794,0.5119172974111881,,0.5097859420170765,0.5115193706248624,0.5101835522415112,0.5104928346664828,0.5106999570735998,,0.5003903947257551,0.5009798285957923,0.49995986016328503,0.5005298218882713,0.4993442931478974,0.45731639969600174,,0.4572121027722659,,,,,0.4410029906591997,0.44172697974583713,0.4304214123453191,0.42854519612060354,0.4289298187864723,0.37449207237098836,0.37418066972545977,0.3734742866913832,,0.30598706664267505,0.30578239734385426,0.2744134970466005,,,,0.24937740613517884,0.24944991729389182,0.24909457345317088,0.2494624147355806,,0.24922827798443917,,,0.20248146141800571,0.22803233020491284,0.2280145211516279,0.2273201024617131,,,0.22790386363830584,0.22729111614884223,,0.22754169256088755,0.22719926227385215,0.22785785368166545,0.22650956661956184,,0.22756155753956306,0.22751416632253618,,,,,0.10152187771394895,0.10101804095949703,,,0.15304661766014452,,,0.03426315848825464,,0.03405217535340344,0.03413250097833886,,0.03425742630864875,0.03416014557892827,,,,,0.027755433506028736,0.02783582568389721,0.02778741923281974,,0.02771353244848343,0.027791397862262746,,,,0.027700392662959112,0.027748144826669416,0.02772482271474809,,,0.027810401580974253,,,,0.027762112882460638,,0.02778833517088672,0.02774678661347619,0.027817391088332272,,,,4.0140557855762945e-05,,4.010980920304628e-05,4.007493984495574e-05,4.0059915472985136e-05,4.008713314775836e-05,4.00830094831289e-05,4.000876011568232e-05,4.007013598376474e-05,,,4.011252605590794e-05,4.010414943580067e-05,4.014479832072132e-05,4.0048723877691784e-05,,4.000390049597267e-05,4.0077696714715776e-05,4.0175427666786615e-05,4.0181583113954136e-05,4.012456537326027e-05,4.019033656877512e-05,4.0081012520655375e-05,,4.014579621584346e-05,,,,4.0094932909159265e-05,4.022225329565406e-05,4.026059460954366e-05,4.0164922921960444e-05,,,0.5272690627262262,0.526561071301112,,,,0.5277247389834296,0.5300527028895228,,0.5275490132645521,0.5279749789248664,,,0.5287009584770249,,0.5284450572738831,0.5275201719629676,,0.5276255025748985,,,0.5288981650265744,0.5267837865507998,0.5281031815778039,0.5279759143078562,0.5282607610530292,,,,,0.5275541204651971,0.5301197025477145,0.5293410636462492,,0.5291487816265392,,0.5287499266320829,0.5293510633595501,0.5272520688539067,0.5259982649582543,,,0.5277881514577202,0.5270320762936337,0.526128753231306,0.5262274032690666,,0.526574983778035,0.5267877572203546,,0.5272502641465572,,0.5278307190130285,,0.5274008912130518,0.5261074571350877,0.5274091602952751,,,0.5272604500346728,0.5274061377623381,0.5280401711394694,,0.5281115912326017,0.5281592612132321,,,0.5286708750304614,0.5271273138822984,,,,0.527809578464652,0.5270124824009954,0.5278994196019253,,0.5278211525430775,0.527828662471638,,,,0.5284218522663292,,0.5300634630063674,,,0.5296255755490905,,0.5284980728285374,,0.528979650477835,0.5289975604930859,0.5284096955374252,0.5296155398528822,,0.5293033253016963,0.5297118374549863,,,,0.5292768560076615,,0.5265401187716933,,0.5273443318715655,0.5287582223220482,,0.5275318752677405,,0.5282998726872143,0.527239013975755,0.529165164331443,,,0.5252285416515282,,0.5265100243103299,,,,,,0.5271526845111002,0.5261705326809459,0.5271583396484883,0.5257338674774837,,,,0.37319351294896524,,0.3733342353373578,0.37433255924806885,0.3725402978506087,0.6910481082901969,0.7294953031869145,,,0.6844997226751595,0.15382296358847203,0.711713345142645,0.7125788791812903,,0.7117611696303443,0.713346274615195,,,0.7118603715265436,0.7100165820150054,0.7103861013019687,0.7108234284932844,,,0.7113786516690245,,0.7140037535548678,0.7123727307145868,0.7122198060028878,0.7126820308428624,0.7110859769431765,,,0.7117274675557668,,0.7111948410093003,0.7111030736386764,0.7113051806197208,,0.7132227377682071,0.7124428594822955,0.7141228843264232,0.709899529935982,0.7138085758849739,0.7130339641008173,,0.7117561801218616,0.7144230099845049,0.7115774010248317,,,,0.7113120538176068,,,,,0.7112379504811054,,,0.7120582703234648,0.7121088588379149,0.7102237880810678,0.7110116463498535,0.7126551792886517,0.7127345332499782,0.7109893197603395,,0.7107696340214408,,0.7130805384415205,,,0.711374837336535,,,,,,0.7115403636930357,,0.7119551352735692,,,,0.7117902114141899,0.7121758073788508,0.7110431704747322,,0.7105577526353444,,,,0.7103696790985033,0.7110239092321455,0.7128366629488834,0.7109164630165342,,0.7133534383110933,,0.7125360098942349,0.7117892373196459,0.7126215649236559,,,,,,,0.7123291820299636,,,0.7132962495949927,,,0.7101589004552509,,0.7116342303755461,0.7116326561403453,0.7120279597308772,0.7138465367776037,0.7131811858818314,0.7128185028351597,,0.7119780350121457,0.7106541723382411,0.7128961679486623,0.711954295414828,,,0.7118792963118296,0.7127534712360929,,,,,0.7114501855384118,0.714145384059385,0.7113637213659461,0.7102277612138111,0.714721493851017,,,0.712441809679352,0.7144304793428902,,,0.7130100418233564,,0.7102520045418479,0.7107031718952761,,0.7099404428755737,0.7125497535415619,,0.7115210852093776,0.7121272386198317,,,,0.7120498418982169,0.7128667914593183,,0.7133628564351845,0.7121676125530314,,,,,0.7134697750599225,,,0.7130393754551045,,,0.7133795993534066,,0.7108497937904601,0.7125377881436836,0.6503510739327626,0.6490972046449338,0.6488430809142502,,,0.6888938960371592,0.7166943472289816,0.7176509730263062,0.7185221434637354,,0.7160432982596172,0.7168174624745081
4,4,DG_8pct,16,Z14_F11,14,3PH,182916,182161,True,2547.0719390985937,2569.515921523626,2574.5236894649784,2746.1221846257113,2716.0508760413504,39.993538360261624,8.282138509923888,2725.5003138324078,2756.9248808681805,2867.7170290638765,2875.0165866548564,2859.6316481500876,2863.900822340035,12.525243272228728,18.617783658939473,9.65299497017381,33.457841189140474,12.707064378088685,25.907787592769782,64.71315303053167,0.8109884116051364,,0.81055815480329,0.8148290811939543,0.8155248952544366,0.8130138735147813,,,0.7117791029097189,,,0.7217783221885106,0.7234911000141723,0.7234374162814591,0.7241068792435852,,0.7241103107514133,0.7214025161667239,,0.7222747312388402,,0.7137005100760052,0.711249776542692,0.7159459137218868,0.714921368067889,0.7153609032497633,0.7048195234288972,,,0.7196031824036887,0.7163512269515266,0.7165672619113469,0.716724962806241,0.7161984452443285,0.7167949674567969,0.7011475761766702,,,0.6722458027791323,0.6797391583344347,0.6800481886486581,,0.6837451737943201,0.6854724605392017,,,,,,0.6845666944543702,,,,,,0.6836104097836155,0.6846056193059818,,0.6834107233345023,,,,,,0.6776182158599334,,0.6786608570601589,0.6776924409753621,0.6780827471688886,0.6795505199959365,0.6786215065428443,0.6783576366106803,,0.6786525157905396,,0.6773119225297711,0.6769406806129173,0.6770140568844836,0.6765845992386046,0.6796481881140353,0.6807091145375025,0.6786249928486886,0.6774100041912344,,,,0.6555162057452008,0.6546990402933918,,0.4701964737254584,0.468301255721288,0.46972536225304323,0.4690281998045222,0.46940167367543084,,,,0.47536449073014253,0.47599187129115816,,0.47447598027465865,,0.4738063216598561,0.47490893248140054,,0.47517367814118777,0.47477417531821714,0.47589051564588986,0.47578657045628847,0.4752374975488109,0.47529844079620853,,0.47505854010880844,0.4741246548261656,0.4741650964248034,0.4756588323266514,,,,0.47597485354541963,,,,,,0.4735865301812583,0.4747085954289118,,0.4743925563414487,,,0.47571448325879473,0.4760985072975194,0.47673821864436694,,0.47657193087162597,,0.4756538311789966,,0.47497701900411027,,0.47385571825561956,,0.47387113335874076,0.475064163142303,0.47491201568751945,0.47503103338066294,,,,,,0.47464664952415914,,0.474878144365562,0.4747629800931777,0.47579200649370784,,,0.4738215347105216,0.4754112462249491,,,0.47513525433550285,0.47518269353644116,0.4749400009566679,,0.4762899678557155,,0.4747224323714211,0.47480418182317224,0.47523077933022,0.47443464736310115,,,0.47470536337416985,0.4744163318359635,,0.4761764833628132,,0.4747594437351889,0.47426774677378664,,0.477893624488251,0.4761344506947568,0.4763737349834149,0.4757751643618236,0.47612111992637907,,,,0.4763556836867433,,0.4769500941268958,0.4754831681433834,0.4753545500917448,,,0.4764799729625034,0.47674102071945434,0.47717677286607146,,0.47732715586882213,,,,,,,,,0.4754098216022767,,0.4747630539869351,0.4765930809364561,0.47612449712712046,0.4765651640138678,0.47580590929615607,,,0.47513799691999997,0.4744878117575064,,0.4757183201582103,0.47719011359075114,0.4758221858315315,0.4768017516433712,,,,,,0.4737317006618637,,,0.4757184203452606,0.47858715200662244,0.47868906960671287,0.47951660980880434,0.5014468054329595,0.46569739495344065,0.46513752982175116,0.46565675237477877,,,0.4642338713280827,,0.5152606003019276,,,0.5153118063091869,0.5137334407857924,,,0.5147702155329472,,0.5151389994016241,,,,,,,,0.5137751718881036,0.514925353026875,0.5139246404149292,,,0.5149939429409837,0.5155002365086111,0.5159637532404363,0.5152289835626571,,,,,0.5157099241872464,0.5143370853216717,0.5156184735626165,0.514833883669154,0.5141499982496249,0.5141356914815581,0.5145731834149827,0.5133796498875864,,,0.5059154368266555,0.506948687844699,0.5056773812417256,0.5032546855441201,,,,,0.5058672806723583,,0.5047362199668699,,0.5059925523394335,,0.5068266448635627,,0.5068770012717441,0.5057755938664757,0.5067189395505038,,,0.5067222045142752,,0.505775966551376,0.5047337732724719,0.5063733508009035,0.5040322726514559,0.5061178551556932,,,0.5077722049759231,,0.5133167473008171,0.515235118992086,,,,0.5148209006788188,0.5156095091789639,0.5139479388554997,0.513496481770149,0.5136126175851384,,0.5061414770916072,0.5037184731249502,0.5055089891700577,0.5028488552928068,,,,0.5056062252061593,0.5049973072413615,0.5048254215697522,0.5045678944309665,0.503093384409129,0.5060473475024067,0.5049666495458071,0.5020994554806912,0.5141088489038937,,,0.5150580733640647,,,0.5136239796487272,0.513165629970457,,0.5137365576301598,,0.5138581103476072,,0.5145746913730073,,0.5136826400928289,,,0.5141398132086614,0.5146272213096446,0.5156865447252206,0.5142978305077658,0.5131717941951348,0.5139431785237156,,0.5153738177044265,0.513617592309815,0.5134512323187749,,0.5147778028534234,,0.5036142275978075,0.5037543548700465,,,0.503699846441763,,0.5043455639095049,0.5048048670829661,0.5040926708052373,,,0.5042222951070625,0.5039339896108942,0.5037774790287937,0.5039708937299477,,,0.505252560938109,0.5046144001065173,0.5053825772311901,0.5051838972861291,0.5040968590548512,0.5036609879289693,,0.5053436870983243,,,,,,0.5210003165773526,,0.522348480345757,0.5211400606380981,,,0.5206677284366331,0.5194018666605016,0.5083837699993541,,,,0.5083000716972688,0.5087226584026547,,,,,0.46173148832026284,0.46095975977625603,0.45202681444495524,0.4515768898198067,0.4512634915695627,0.4398782265908408,0.4402045260283973,,0.3868261568126035,0.38768051211122795,0.38456192991557636,0.3204477173680248,,0.31841000816533593,,0.28825818861461266,0.28789768147371003,,0.264391107791661,,0.26384921418191537,0.2646563508918042,0.2638073081162732,0.2637329104897643,0.263704247488783,0.21763241505982606,0.2177465937310169,0.2431994017910457,,0.24246070485121718,,,0.24307741226247745,0.24254923023309566,0.24268868850563818,,0.2422694451000927,0.2422069405731041,,0.24254812143919197,,,0.24232234149816248,0.24255644807681162,0.2429947136817215,,0.11862619550888323,,0.11881744682940593,,,,0.053233230977412324,,0.05306840612293419,,,0.0531817831251481,0.05308125301816101,0.05305473666370605,0.052938638211984655,,0.05310843431699671,0.046606488599565864,,,,,,,0.04679891051908409,,,,0.04673012205271144,,0.04666519561254607,,,,,,0.04659237923752671,,,0.04675885855417508,,,,,3.934756907004159e-05,3.9247700412005574e-05,,3.93621085170466e-05,3.939972731025249e-05,3.9383749310416346e-05,,,3.937192081367434e-05,3.928726664060235e-05,3.93732353821366e-05,,3.9375609250177734e-05,3.9449856822059986e-05,,3.9372725890950804e-05,3.937640270495506e-05,3.92643321435577e-05,3.9304951144641145e-05,3.9330000369787525e-05,,,,3.934414746382167e-05,3.941443431598808e-05,,3.946365680849489e-05,,3.935310436607225e-05,3.943845111611351e-05,3.940170200343501e-05,3.946088448089602e-05,3.944678519675642e-05,,,0.5380704000947061,,0.5364515589396673,0.5365309965391585,0.5379426360486174,0.5379484929776926,0.537436260236875,,,,,0.5377938191348974,0.5374365916936176,0.5381254679392208,0.5372697485276491,,0.5372486048678167,0.5366207506675328,,,0.5368529402886102,0.5369086354410355,0.5385830649773067,0.5383079962788843,0.5381088769666681,,,,0.5352985121820615,0.5402531772656173,,0.5388029228620509,0.5387431150099418,,,,0.5389535788149307,0.5366360532405214,0.5362044841812623,,,,,0.534264338017781,0.5343312331431901,0.534711610854183,0.5365419488083415,,0.5352289687754419,0.5362924427538954,0.535689264626731,0.5375571807928613,0.5354461847136388,0.5367815571581079,0.5359673066454386,0.5358743651477501,0.5367797357599005,0.5377612424853974,0.5374633992783591,0.5377257354427339,,,,0.5298242504092409,0.5347564842322419,0.5361373890995133,0.534981270809607,,0.5373894987581561,,0.5367131510453277,,0.5363865168109507,0.5366241421573474,0.5365521326801331,0.5361603754927212,,0.5380801952018258,0.5382191836264947,0.5364006004557098,,,0.5381927520701756,,0.5384007102118749,0.5380017801183385,0.5392516279695457,0.5382572068470658,,,,0.5351089376746835,,0.5393052564729414,0.5387866702708286,0.5373248305702659,0.5371088644093865,,0.5374853394518679,0.5387742074344948,,,0.5370416971921481,,0.5377546659871438,,,0.5378946406019217,,,0.5342259417303663,0.534720169957121,0.5364431865744996,0.5363909300900853,0.5363535468865755,0.5345695328243923,0.5358255986175342,0.534833851675414,,,,,,,0.53587658624752,0.5356362905059012,0.38515166515762755,,0.3854917060611793,0.38415603287326505,,,,,0.6906991826387741,0.6917124894994529,0.6916741814991783,,0.7170223550903471,,,0.7177690390174536,0.7163897854639997,,0.7159143367712589,,0.714864896314369,0.7161553932765143,0.7168347179567092,0.7172863619790785,0.7162239824795963,0.7170257300949584,0.7162517775096261,0.715525733297602,0.7186970266403002,0.7169263282637097,0.7179320520402434,0.7169591873394112,,,0.7178279779714072,,0.7148397403270443,0.7179750267127604,0.7160878333589099,,0.7169059113231819,0.7175081124046598,,0.7159299977497715,,0.7187227721078117,,,0.7167353894070967,0.7168360025302764,0.7148135076841247,0.7167612076981766,0.715208518249461,0.7181597664458808,,0.7163492033886817,0.7174377151997788,,0.716817866689916,,0.716847419811541,0.7154900955192255,0.7173658591715947,0.7155481614267682,,0.7160367238069184,,,0.7166758885961426,,0.7167862083904357,0.7171648989405837,0.7143666725116755,0.7170367319569362,0.7155209179579961,0.7173212904519649,0.7169778034137002,0.716626252721963,0.7170838626730184,0.7195263263437937,,0.7152990176854318,,,0.7186463528840868,0.7174590009467284,0.717400945687038,0.7169895929604163,,,0.716654151151457,0.7154181912363695,0.7167770933425197,0.7191895426457123,0.7175136376812935,0.7164965816676858,0.7163081432419807,0.7164923366752728,,0.7169115118461818,,0.7168463565525838,,,,0.7166160025898874,0.7161848478151336,,0.7156510130968519,0.7180405806949958,0.7160445773150597,0.7159257124377579,0.7162547474978171,0.716633883676217,,0.7174182432426058,0.7177381864325911,,,0.717977145278082,,0.7161481729470066,0.7164903721573609,0.714020191142243,0.7169900143733715,,,0.7187792797459571,0.7152124914867849,0.7185088734522669,,0.7176445425690897,0.7157256863457799,0.7163367012059366,,0.7176434991950872,,0.7160211011771414,0.7164911489699272,0.7176625547450738,0.7155416404233356,0.7180373273195618,0.7173750900943494,,0.7154213531549821,0.7172168886252827,0.715364972052877,0.7152598251222251,0.715501654157268,0.7173934133367466,,0.7167535071886537,0.7175684231599226,,0.7159133808200863,0.7169473739802212,0.7176247076399463,,,,0.7155568130467483,0.7177338465963877,0.7170693739044214,0.7146737296690867,,,,0.7171780462724309,0.7177271041964998,,,,0.7149626534303245,,,,0.7170183285471822,0.7169392873630978,0.7150810002351454,,,,,0.6949466540732564,,0.693864950745029,,,,,0.7205715468338979,
4,4,DG_8pct,16,Z14_F12,14,3PH,182916,182161,True,2546.84693311123,2579.8473130633834,2588.7366789945886,2734.5825328113883,2720.6158114860104,40.160814157487245,8.297616222975659,2734.1190308591945,2746.0779501911966,2860.9614826281418,2846.141258938271,2851.2629992920874,2871.1626138533634,12.483440297226169,18.47689888649694,9.700227406216442,33.66365821355571,12.780755499812694,25.917361897385458,65.26206287884328,0.8108883584413862,,,0.8142202575322269,0.8146326196811104,,0.7689622629932433,,0.7133631918233864,0.7111641298807649,0.7139423013152771,0.7260663692718882,0.7219689233448414,0.7238058955412511,,0.7212671602757009,0.7236069288795681,,0.7228609116491445,0.7203812605705074,,0.7129116590813582,0.7138421748667388,0.7155944099725094,0.7157880956430592,0.7166339466496202,0.7046594855821442,0.7052825510296441,0.7042707779630606,0.7171299497165369,0.7174566311285453,,0.7164924493189527,0.7181574544236258,0.7172005832365984,,0.6746751632585074,0.6721065792014981,,,0.6822086295437745,,0.6844608813987534,0.6833144906418165,0.6828264761073259,0.6836123493182619,0.6838962622915375,,,0.6832921951373203,0.6824408166539121,,,,0.6845706943008301,0.683598154586983,0.6857305958759972,0.6804543207952214,0.6816642444537431,0.681762993492481,0.6808466917518448,0.6765180926238009,0.6759431389831058,,0.6755290247119788,0.6781711713174197,0.6796493473442607,0.6778948421786741,0.6777819800274962,,0.677541767778508,0.6795065002422854,0.6780545851260521,,0.6785214303549851,,,,0.6785114459414292,0.6795344411005595,,0.6797728523059448,0.6775682848958224,0.6797442200113887,0.678601267985649,,0.6541332944758053,0.6532535768532483,,,0.47074046544122256,0.46930698096598217,0.4688862380134307,,0.4692646071243936,,,0.4758375608797899,,,0.4774481451675485,,0.4755660626218831,,0.4765515724990157,0.4755698353693532,,0.47383393650592476,,,,,0.4759905515536594,0.47463687238678753,0.47556943319796136,0.4751847976975953,0.4758952744899639,0.47387667627995406,,0.4746888219344862,0.4749842991724392,0.4755832990258462,0.4738417093222211,,,0.4750045110965902,0.4743751943348348,0.47553824888730817,,0.47553330772684377,0.47574942512677265,0.47407498773991824,0.47616711303720266,,,,,,,,,0.47504026418681405,,,,0.475070613982255,0.4743622626776712,0.47421377720522007,,,,0.4749968064353989,0.4745524090672051,,0.4747787015955175,0.4740715991683517,,,0.4742984562588511,,0.4752849445888515,0.4736744688368719,0.4743936030542029,0.47563233906418273,,,,,0.4759530822666736,0.47618851201439805,,,0.4756565797257814,,,0.4754458690473504,0.4743288344910486,,,,0.47414300783773744,0.47336216534216424,,0.47584150070282105,0.47564913907399886,0.4756435177592539,0.475792167243329,,,0.47602607816266024,,0.4748018777417358,0.476001880725026,0.4754319714678723,,,0.4760631760910083,0.47707280363348836,0.47492212377480164,0.47679259099440285,0.475866127951096,,0.47635583806366666,,,0.47492432503919263,0.47647553427985234,,0.474914265854922,,0.4753431753885668,,,0.474852243581432,0.47428376800178185,0.47464051613796554,,0.4764991833080634,,0.47752693687694886,,,0.47702044508365343,,0.4752434103416172,0.47555416120996286,,0.4757059618837906,,0.4755147022124939,,0.47656090125075284,0.4754071196033029,,,,,,,0.50283108798478,0.4661896555965536,0.4638052086140609,0.4648703410465711,0.4660658185876095,,0.4638704205200274,0.4629133806769458,0.5143110456492355,0.513627336085688,0.5156522322831749,,0.5161626734619738,0.515685995316099,0.5149264301247594,0.5152543552588749,0.5144572922757649,,0.5159598808089445,,,0.5156367135431155,,,,,,0.5132202165129648,0.5157622187908706,,0.5149503149106412,,0.5150646036563734,0.5171648647913719,,0.514455704582397,,,0.5136934657428552,0.5165272552360161,0.5144117387940896,0.5149843806664405,0.5142270665871677,0.5147893635154321,0.516210420268241,,0.5144116290460569,,,,0.5056303343784083,,,0.5067414829159242,0.5047205341752186,,,0.5056322618239715,0.5059181388582169,0.5058258157668359,0.5055248722415516,0.50656582970453,0.5063857558433889,0.5051990503406816,,,0.5064758385377343,0.5066792841534451,,0.5051494757994941,,,0.50478190498045,0.5046055396688109,0.5061140328911766,,,0.5040182790432165,,0.5054345798346132,,,,,,0.5164094540080858,0.5140861270514494,0.5126299267475769,,0.5133060311321401,0.5133425781176237,,0.5028516921541862,,,0.5030613097350365,,0.5044867784854467,,,0.503350506810887,,,0.5033655213051055,,,0.5137808141384431,,,,,0.5136712782171547,,0.5133865090986542,0.51407724804656,,0.5138739287158983,,,0.5154852918353607,0.5133511247521326,,0.5145869266597496,0.5148570051466089,0.5137532509780874,0.5134043422580221,0.5139732090599174,,0.514168538857436,0.5136004619184397,,0.5127935888636732,,0.5146474442737095,,0.5164412619046416,,0.5039397540350268,0.5042123117794004,0.5049468842576078,0.5039958824134815,0.5023354435894498,,0.5042613881768065,,,0.5056853619024974,,,,,0.5045537942657976,,0.506002940325405,,,0.5044574903349238,,0.504827104846069,0.5059118314846007,0.5047376538180834,0.5059501725904813,,0.5053957769289517,,,0.5193381008077076,,,0.5211152412970612,,0.5213319890696412,,0.519265568070755,,,,0.5093406907497752,0.5101633307310252,0.5079716285895147,0.5085325967830019,0.46789318238283234,0.4686693385009059,0.46613309443334605,,,,,0.45139798016201244,0.45158555917717397,0.4390427554881624,0.43881170034717865,0.43920714421415286,0.3861339127393107,0.3867521611541127,0.3861040113434552,,,0.31971714572089166,,0.2886373194359835,,0.26404161558550443,0.2640482819561428,0.2650366029801762,0.2644881177855228,0.2636088141745184,0.2637368063075728,0.2644989387706564,0.2640418607202443,,,,,0.24287010718520408,0.24218477462643553,0.24331174954213056,0.24322765065108115,,,0.242727249710834,0.24292089267179984,0.24222031583929038,0.2417448293011491,,0.2425904314968759,0.24338560003850665,0.24282117899193298,0.24241673417449716,,0.11852952824787066,0.1186860853254812,,0.11896062729991921,0.11861183244681398,,0.05322965369870448,,0.0531596504494864,0.05311709005442382,0.05313247268656807,,,0.05313622634670516,0.05318026533083621,,0.05323069754293662,,0.04669905782012624,0.046747685983297045,0.04659007401938002,0.04663093551245873,0.04673754808373454,0.04673789154918011,,,0.04683445525630109,0.04690541772969239,0.046791612407318016,0.0467486579775563,0.046735678593826144,0.04672710834417446,,0.04672175426286869,0.04672996707381271,0.046823269709696254,0.046714287880792134,0.04667594909393033,,0.046759077594698335,,,3.940623941305137e-05,,3.9410976837620806e-05,3.930740650822911e-05,,3.9368971578374645e-05,3.938221375363738e-05,3.929398081003957e-05,3.928257607652588e-05,3.950737233411848e-05,3.937447979698336e-05,,3.9432566285109846e-05,3.947282087826545e-05,3.934358202036937e-05,3.938732189448863e-05,,,3.941385535827593e-05,,3.9406380046574874e-05,3.9376260852356585e-05,3.9377202742834375e-05,,,,,,,3.9369257661576776e-05,3.9212582173794595e-05,3.9318548393526585e-05,,3.931953817023244e-05,3.936829794608732e-05,,,,,,,0.5375636623693674,0.538373079541021,,0.5384753393204619,0.5378554366994137,0.537386909661855,0.5377275384307446,0.5370921345681154,0.5377433335587438,0.5374203646108928,,0.5385124527171398,0.5369319875507443,,,0.5377583239822222,0.5349623348637983,,0.5388838252360952,0.5359685378335645,,0.5364211340549897,,,0.53511719364664,0.5371336042462875,0.537792368706019,,0.538924033313364,,,0.5391295758212611,0.5394760705983326,0.5386352596207142,,,0.53649268709104,0.5346461682358671,,0.5354851139780298,0.5357566040416164,,,0.5363462447466266,0.5361649246962347,,0.5358492269678252,0.5353848900739551,0.5352692450732055,,0.5365652407805868,,0.5355567367112403,0.5385456803977784,0.5370264295713314,0.5366500713575671,0.5373714530035828,0.5387736168390134,,,0.5289767048385378,0.5358916355775739,0.5368675947576523,0.536462192284089,0.5367685745551577,,,,,0.5348736080219515,0.5376380399544409,,0.5380663941083403,0.537225173518401,0.5384753245275397,,,0.5384150029636148,0.5373219197569039,0.5369876377632978,0.5385457003783654,,0.537325229397215,0.5382934876764375,,0.5379990860977456,0.5387235571553636,,,0.5407876810190357,0.5372699269806133,0.5402610083959432,0.5378511131935192,,0.5362724411906898,0.5373666280963562,0.5379619882502115,0.536504207360376,,,0.5361648082079226,0.5365556284452953,0.5369849221901274,0.5370035624522991,,,,0.5349953776460694,0.5341046014713536,,,,0.5347383971420858,,0.5351133723315116,0.5353667312706808,0.5365612741314136,,0.5336545580190794,0.5373551369229512,,0.5371414302873219,0.5369139452803208,0.3851299262293671,,0.3864738405095774,0.3844275904170752,0.38651598907243084,0.38506696255447914,0.6982605291787489,0.7356425042413248,0.6886087173259473,,0.6902470438345457,0.17040345758732006,,0.7177957965174184,0.717320327932921,,0.7142097095712979,0.7166024010030955,,0.7159252545425938,0.715758332257899,0.7159136320772772,,0.7156412233094335,,0.7172369351908378,,,0.7159400814267263,,,0.7156860807983404,,0.7181774574983045,,0.7186026374407088,0.7161317905091317,0.7190958162996355,,0.7158855334262049,,0.7182285684962232,0.7153302286380612,0.715702850105729,,0.7181555492529366,,,0.7156516637184993,,0.7150328056675662,,0.7174782428726054,0.7168637796294212,0.7149935637686646,0.7168692993952519,,0.7156264470993365,0.7167611405604449,0.71600567790842,0.7160125890434017,,0.7170270103674844,0.7187645275797685,,0.7183390486291069,0.7159726869521249,,0.7173870216108421,0.7169298510065822,,0.7166638519714796,,0.7158692203589978,0.7168297652280764,0.7168273586687846,0.7166393863751039,,0.7148264187216213,,,0.7164090072372504,,0.7165290216579591,0.718712187789282,,0.7136817969049393,0.7144352804229761,0.7157672879549858,0.7157189874713471,0.7179606131071621,0.7179864170827096,,0.7170760099368438,0.7169577587541743,0.7161910720764952,0.7161339326567662,0.7172689385235497,0.717820743621175,,,,0.716213535805825,,,,,0.7193030713316481,0.7168719105594701,,0.7173159705381726,0.715638699335873,,0.715122508455098,,0.7171622097003684,0.7168968302776376,0.7157755747754796,0.7163845549794143,0.7176045889812057,,0.7161604946509843,0.7164612798592186,0.7170589542476875,0.7178322847279781,0.7163731516940472,0.7189413448643035,,,0.7159136112936262,,,,,0.7166895958632375,,,0.7153449701274914,,0.7152127715763373,0.7168779263502789,0.7169957998906753,0.7155144341132667,0.7167404835612149,,0.7174738760695002,0.7179757943073608,0.7167899227472656,0.7166235165244096,,0.7179301842940715,,0.7150036425922983,0.7142983853742556,0.7166621170653446,0.7147272109299044,,0.716748328924094,0.7175941820073736,0.7147325843634171,0.71492112051037,0.7158621421007364,0.7161632982558762,,0.7172078434707762,0.7167318447567482,0.7158835992047726,0.7181662799929683,0.7140735365365986,0.7167896535841358,0.7143042064746673,0.7175928931666788,,0.7203658903035309,0.7171010220739438,0.7182789560562504,0.7166835117329853,,,0.7175670250866514,,0.6567416648025866,0.6545326732721227,,,0.6931085186499192,,,,0.7240023298948262,0.7234534014705718,
4,4,DG_8pct,16,Z15_F01,15,SLG_A,157128,165461,True,5513.966939802875,5620.072012069558,5595.821682919006,985.5544582964993,990.7359699755411,137.75010559346538,18.259015533840678,689.9397872879871,711.1608705202385,277.21037431370775,278.6487245337823,184.04900362500112,5.718106863667601,6888.251517152539,21.405980298356642,18.389442670204527,109.71983454610944,26.000781812894413,59.33238334835425,215.52464567950477,0.7382691488031659,,0.7401652122553073,0.6901349134642613,0.8645703898178767,,0.8743962474301841,0.5985346971106867,,0.5969330171975257,,0.3821614334605942,0.3823750683081714,0.38098601908852076,,0.9104713937189927,,0.9789192547652374,0.9752728221178595,0.9783199397574072,0.5970221193815746,0.5978337204346595,0.6001526419739244,,0.5902555554541472,0.5912640109011409,0.5534125158912394,0.5536334621861695,0.5533612391188406,0.563152045007674,0.5616616243811559,0.561749682010075,0.5629586360127549,0.5620841288149175,0.5640912201140911,,0.5945945405964462,,,0.6052403616051987,,0.6051398366510253,0.6063106996876055,0.6063874882591768,0.6056284492695906,0.605434511698843,0.6065360885416821,,0.6071949265836242,0.6046704154973245,0.6070421408922588,0.6051111064449196,,,,,0.6044227767375838,0.41184281429602515,,0.9036664226864608,,0.4173176426973535,0.4196409012736697,,,0.4184944232406877,0.4164986823953925,,0.41816975690677266,,0.41877459311562165,0.41884335503472225,0.4169704874358609,0.4173867372002927,0.41745596216256076,0.4166916767894705,0.4172151632797204,0.4165416666354509,0.41683440132494565,0.4172407959061813,0.4186324742050266,0.41796529586443304,0.4183013108113203,,0.41798313524806935,0.603322284460444,,0.6051203809408431,0.8898584165648422,0.6237382080644539,,,0.6235657340749758,,0.6225597151331352,,0.510312769246706,,,0.511583052644092,,,0.5099634489138307,0.511734626259636,0.5112475078616041,0.5117935884985452,0.512096812130701,0.5124888228644277,0.51084059852321,0.5138932377452022,0.5124754790369954,,0.5111466326613827,0.5114779738224419,0.5111775824389184,,0.5120478716713429,0.5112289273776517,,0.5131411262377145,,0.5110575330541014,0.510549856738819,,,,,,0.5113410048735838,0.5116008633203716,0.509861916879996,,,0.5117279663650641,0.5118287018793571,0.5103941719712026,0.5114050615925091,0.5102459657042215,0.9571697036755044,,0.9587041224276478,,0.9576131259966079,,,0.9554323794126729,0.9556514274429886,0.9606364751614392,,,,0.9598115108258942,,0.9577824777258593,0.9566709770998029,,,0.9577226965167267,,,,0.9560912196574959,0.9557825413123311,,,,0.957672064414627,0.958672971560424,,,,,,,0.9592857182322126,0.9570384709098196,0.9566897795840664,,0.9589732638639118,,0.957503415586122,,0.9534243228823794,0.8964817550520319,,,0.8962582202417338,0.8937911263750524,,,0.895971104183684,,0.8955009948069856,0.8938881227456514,0.8980067568151096,0.8966747804076741,,0.8948034352223313,0.8962335825745213,0.8954091066400065,0.8991111866761841,0.8969956074207623,0.8954386561337164,0.8946792933189255,0.8956742513163188,0.8954354015601821,0.8913635106144625,0.8916035661361211,,0.8973327987527917,,,,,,0.8954724253235973,0.8977340089031175,0.8961933486415206,0.8943353733547008,0.8977468793939647,,,,0.8941373086323604,,,0.8943393072073399,,,0.8934675780756324,0.893996401105188,0.8945079077258242,0.8923908553731444,0.8942945873693181,0.8950835437507908,0.893112549851897,0.6085044996247051,0.6071796450472297,0.6080705327465612,,0.5062652340335364,0.625968237812403,,0.6271921166721933,0.6258937496085748,,,,,,,0.49314441177492013,0.4942194315794126,0.4943336264030965,0.49266352590290335,0.4924796826729248,0.4938272675983806,,0.49295049862711937,,,,0.49278510047319873,0.49272021634068464,,0.49291297617348095,,0.4930467751625006,0.49312980226248704,,0.49291676199511647,,0.4914787329481249,,0.4939605432504355,0.4935016296142468,0.4921797034988598,0.49248232776967077,,0.491925660075969,0.4921153223814027,,,,,0.4927526198526265,,,,0.4963822675773785,0.4957808139973278,,0.49493026177956934,0.49819382471628004,0.49660990065536764,,,,0.4957062136848134,0.4969195964035996,0.49556264589955273,0.49812556558934046,0.4959784990795523,0.4969366483011289,0.4973796304530994,,0.4976378388542969,,,0.49707464630468695,,0.49541040411032156,,,,,0.4961899785627484,,,,,0.9608240601005298,,0.9617999987792252,0.9630770254263403,0.9609207764094526,,0.9605240018026174,,0.9627697946166708,0.961213039019644,0.9590106985466529,0.9607944987514766,,,,,0.9614475787823409,,0.963973075926635,,0.957016318752582,,0.959618402035548,,,,0.9638306666601243,0.9632354394218884,,0.9576304807578816,,,,0.9580261924312089,0.9618297981025201,,0.9626557174396366,,0.960692991327405,,,0.961394123409015,0.960846626152671,0.9624425782619234,0.9627744787910066,,,0.959643359265208,0.9594968688026096,,,0.9589317324242852,,0.9607416571951181,0.9638696959605719,0.95946984234755,0.9616610806190616,,,0.9625659692876851,0.9590653060564185,,0.959171510261174,0.9578446196628996,0.9597189882862894,0.9610881612965082,0.9644696687135237,,0.9618059889222029,0.959606605320624,,0.9589434925507774,0.9585503076247189,,,0.960496026506711,,,,,0.9588075842067432,,0.9597492531200488,,0.9071363629381776,0.9064289549072367,,,0.4917548978098556,,0.49001038354901244,0.49146311542684346,,,,,,0.618101711069897,0.6176920613998989,,,,0.6199026449721705,0.6233448206818288,0.6205601113855714,0.6074413937756138,0.6083786335146708,0.6069068809401548,,,,0.5318657191747608,0.8875195430172979,0.9566007897825253,0.5429750789543117,0.890667462783219,,,0.8941946885275929,,,,0.8940771644609667,0.8953604162497438,,,0.8965910583681964,,,0.8996260450063013,,0.638994565901719,0.6388819331571991,0.6387438645626474,,0.6371748886317481,0.6385318465092458,,0.637768947194191,0.6371512041809076,0.6374395968923561,0.637567796323633,0.6399636234926134,,,,0.6388161844278534,0.6396088382498807,0.971061591155427,,0.9712160299497461,0.9714186297125944,,,,0.5651141922848809,,0.5647759630814326,0.904688814530735,0.9058419211924058,,0.9044559472882536,0.974302446891619,0.9753504338640091,0.9722309231130455,0.9731503456406013,,,0.6443635840766324,,,0.6457582021809228,,0.6472765583743634,,0.6466065005146819,,,,,,0.6455210891181915,0.6465192705441607,0.6468707038353823,,,,,,,0.6438688526158918,0.6439045638825523,0.6462930361054027,,,0.6468527363389311,0.6465437285057102,0.6457504670886494,0.6443959204053553,0.6472233578491806,,,0.6463086168757867,0.6459771577893786,0.6438108405044515,,,0.643903825067165,0.6440630876645067,,0.646324264094644,,0.6447604088477432,,0.6460553310604704,0.6458550015499582,0.6474475998931895,0.6447423876564443,,0.6460717451066315,0.6480227215132758,,0.6450830042607488,0.6466977877004682,,0.6464254278874606,0.9105333943987481,0.9117943655269505,0.9105536060074325,,0.9133962458496266,0.9097452327064219,0.9131940216946549,0.9118866377023662,,,,,0.479354504875781,,0.48005230458510256,0.4786824401287055,,0.478681257739057,0.4791693854673111,0.481011101200493,,0.47968418482816866,,,,0.47972867744102937,0.4787941493323059,,,,0.4785913521709351,,0.9135716434922833,,,0.9111378226834485,0.9111621898569162,0.9127559389162587,,0.9625246783803246,0.9619191519766133,0.9605360327887696,0.9602405711814637,0.9604666085751502,0.9619941699662554,0.9597807551204515,0.9616631591523683,0.9580463031809688,,0.9623488397328482,,0.9614828987585282,0.9593787960213126,0.4783152028312685,0.4782243893964104,0.4784804590116617,,0.47847796176294954,0.4805710569423262,0.4788030554772529,,0.48020463857146506,,,0.4796023603589963,0.47397389641300447,0.4785795973191693,0.4770519920354816,,,0.9641950774164705,0.9635367282911868,,0.9632254503252302,,,0.9091205531554022,0.9117273374562586,0.912316610147253,,0.9113190466301612,,0.9137517705108518,0.9128210159807126,,,0.9155147883784035,0.9111911429846399,0.9096627967218782,0.9124437503015419,,0.9132014834137656,,,,,0.9096428524147816,0.9109430878739939,0.9104162134115149,0.913983862700661,0.9108027242792143,0.9096136466351491,0.9610988045172616,0.9610745580486312,0.9631418892437312,0.9618730653387523,0.9645505996135538,0.9600665962967423,,0.9626196863510964,,,0.9593173798356398,,,0.9631543710470956,0.9615275305954952,,0.9593767534273728,0.964360095334379,0.9626926637726867,0.9606613237019017,,0.9633343886892071,0.9598281901170862,,0.9620783299272225,0.9581211218799471,0.6280805889893147,,,,,0.6290397360912303,,0.9009270528033138,0.6058051016392816,,,0.5557506927652356,0.6000692515294669,0.5978228390148499,0.6000848034006558,,0.599240097172443,0.6023488618858036,,0.5999066299344223,,0.5997316852152969,,,0.5993757392381942,0.6020696694657355,0.6000928104460261,,0.6002474886466733,,0.5991309768142046,0.5983639621857266,,,0.5984545336383814,0.6000473264747143,,,,0.6005712665815685,,0.5993767293747287,0.6019801956111734,0.5998123740568554,,0.5996485904045185,,0.5993312297276454,0.6011004880765021,,0.5995622846922496,0.5990121342959791,0.6001464193580224,,0.6000514469610951,0.5998402359355915,0.5988366689849394,,0.6000392246690595,,0.5983466973201718,0.6000792077637835,0.5996955630490647,0.5998135512290736,0.6004608333082313,0.5989095053180453,0.5996670782300579,,0.6008689825945562,0.5987022039585587,0.597216399176749,,0.5995976655476231,,,,0.60148951169901,0.5989192599134111,,0.6001155676384353,0.6010770640582237,,,0.6004293649981308,0.5997104680583331,0.5986456485463544,0.5995603108028269,,0.5993042900850876,,,,,0.5979275851194944,0.600579789314858,0.6001400541507833,,0.5995794472483569,0.5994580941873908,,,0.6010720095694903,,0.5998688510595601,,0.6011628909024512,0.6012465013336385,0.5981923737589949,0.6003886670265,0.5992580602063542,0.5990904690629588,,0.599086442747962,0.5989324258122795,0.599372680723799,,,,,,,0.599931681393626,0.6001533713716173,0.6006161186314697,,,0.5996278542262795,,,,,,0.5990595692431001,0.6002201342877469,,0.6001207636184775,,,,,,0.5999626022364507,0.6013085795850854,,,0.6009665407421327,,0.6011733317529352,,,,,,0.5995065492494521,,0.5998948093956802,0.5988625572517239,0.6001891534540326,0.5989970562201686,,,,,,0.5989179823160505,,0.59817344798647,,0.5991349317826464,,0.6004379061157566,0.6005014614442155,0.6000620089430472,,0.5999096848014808,0.5991219822609266,0.5988281040043376,,0.5997036261659536,0.6015768977805976,0.5976803801519158,0.5978955848348986,0.5981545031481704,,0.9083253604395936,0.9655370785524956,,0.3814624698750759,,0.9121314817449307,,
4,4,DG_8pct,16,Z15_F02,15,SLG_A,157130,165465,True,4907.303872112161,4988.7427078450155,5020.874032121944,935.2778958711463,944.4886061783462,128.2298632674769,18.368938960252738,668.1205568567091,683.319230219886,268.1584233762563,268.533176470621,179.0578005387853,5.820623497259732,6142.885017846081,21.890784355040257,18.735877947403893,103.31161050332037,26.00661227723629,60.59098874878935,206.5963609961724,,0.7577031104860348,0.7558316841291961,,0.8699435694131147,0.9649049459672961,,,0.6280272048062646,,0.901763023654232,0.4438526563584033,0.4438072827708725,0.4437314050085491,,,0.9148317968810045,0.9785039797826062,,,0.6271380510248623,,0.6280574413389713,,,0.6192274818321349,0.5671662098853084,,,0.5731554481309715,0.5754711416127997,0.5736511951206009,0.5746907572390297,0.5748057216493448,0.5747498547816976,0.4604278902605482,,0.6233160493586625,,0.6323323561602167,,0.6343299941950427,,0.6357110117915531,,,,,,0.6367003513826095,0.6344180303789346,,0.634869289949369,,0.635362745820662,,0.6344112656908576,,,0.9073671973432931,,,0.4775433077011427,,0.47706782911663587,0.47577256140763424,0.4765009246187067,,0.47812587266996676,,,0.4758943307852154,0.4768672539436134,0.47695348309192126,0.47719469871105397,0.476768515392305,0.47596471874995594,0.4768544583157076,0.47621516725435925,0.4762342308219289,,,0.4763192379317172,0.4753105207368109,,,,,,,,,,,0.6516133844456389,0.5617100705218929,,0.5615256121496777,0.5622129627917094,,0.5621688631933603,0.5619636917436094,0.5607273799549403,0.5630327506558611,0.562312385735524,0.5614654942135536,,0.5625029013372128,0.5618894282767771,0.563850348762445,,0.5622351955378263,,0.5620870423856497,,,0.5616446569111132,,,0.5607835837085643,,0.5629343760298708,,0.5614635820838746,,,,0.5611620011705415,,0.5607503798999428,0.5619051241913063,0.5622735065405448,0.5598594947767256,,0.5624972104051557,,0.5605512634978499,0.5615103910638811,0.9650256776571482,,0.9648521939038309,0.9651995170666953,0.9674730847118187,0.9639506670021071,0.9661303745051205,,,0.9630960844425887,0.9683951719327017,0.9680402888934159,0.9663125135053602,,,0.9643269454164729,0.9652237415771897,0.967105103468928,0.9642436325318264,0.9651529386052952,0.9641818933747343,,0.9700584196998292,,,0.9630542409176187,0.96533558010649,0.962133614026641,0.9654052790054182,,0.965454800622589,0.9659599660919131,,,,0.9647958641097921,0.9633218736241477,,0.9649713543137243,0.9599378438008422,0.9684921037129076,,0.9625787599501482,,,,0.899719310680951,,0.9024645920176125,,0.8992607326351785,0.9041669051515917,,0.9012389809797217,0.9008310169281649,0.9012221224553667,,0.9030939248479284,0.9038758065331509,0.9021260649825525,,0.9025314232461875,0.9046529098418576,,0.9034340352773921,0.9065380226108123,,0.9026484504232757,0.9021599120763263,,,0.9000417469711391,,,0.9009514042487083,0.9000482302329555,0.9042464299590486,0.9018717861230398,0.9033848764799859,0.9048024447457168,0.9002587104335882,,0.8999428477384798,,,0.9030128620256572,,,,0.9023303349232888,0.9032085268058443,,,,,0.9013745412654273,,0.9000905407988687,0.6365611868838177,,0.6350149448504552,0.5476605685541832,,0.652319745845654,0.6545874762794138,0.6549566502040386,,0.6529970706197077,0.6538993582277186,,,0.5464309299714558,,0.5458905954475992,0.5457686645945075,0.5464200251427127,,0.5453332593132614,,0.5447971260346604,0.5470337415268252,0.5456652478931099,0.5443247492946518,,0.5467911959283661,,0.5469735222748212,,0.5456595262039771,,0.546774352450003,,0.5428936488940771,,0.5451432459902875,0.5459059024181238,,0.5452653164328005,0.5452910118537252,0.5456100173651417,,,0.5472763531611372,,0.5457267683735033,0.546678555528492,0.5434811468047694,0.5465901669228435,0.546694140010396,,,0.5493524360174346,,0.5484894482484055,0.5485215000841985,0.550288496354039,0.5493666979487123,,0.5490296910199958,0.548175211653399,,0.5500335690819896,0.5489821544757377,,,0.5505667912095296,,,0.5485359553648129,0.5500951031107948,0.5476965214933777,0.5481325088219791,0.5466490918689365,,,0.5489959324694265,,0.5485662278083322,,,0.5474031316368008,,0.9686427889431779,0.9678937085017941,0.9675545990456383,0.9667251134227253,0.9712980447334455,0.9654174349375021,0.969440792472071,,0.9676109274143265,,0.9667270297907762,0.9688805687677154,,0.9668734753410362,,0.9691156734133388,0.9679040363075008,0.9672209471927494,,,0.9677241912229805,0.9662182625842151,0.9657327464042176,0.9641572341380026,,,0.9681033378407882,0.9639674434439264,,0.9669603887096793,0.9664484282501964,0.9688676411785788,0.9666294680169101,0.9662852000352671,,0.9705996960560228,0.9657171116742224,0.9656646859943397,,0.9667499245379786,0.967134990248076,0.9676997973940445,0.9678336729293331,0.9655137706010648,,,,0.9668005939528789,,,,,0.968220565151323,0.9694814124104918,,0.9640959684376459,0.9619026941371194,0.9695922811326385,0.9689946752666808,0.965732556120306,,,0.9671523360492553,0.967277137160419,0.9631404631650539,,0.9660709514729494,0.9686164408009673,,0.9690132804336605,0.9685193662690175,0.9681187430119109,0.969795759285573,,0.9678740472214704,,,0.9654769068091251,0.9680322721977205,,0.9677656515046352,,0.9698859726782818,,,0.9136660470437978,0.9092981347299953,0.9116815095411089,0.913550707908262,0.5451101011695648,,0.5438990877711721,0.5445317958634119,0.5442034636576049,,0.6440200150894035,,0.6453802487125981,,0.6458093953156391,0.5586306593154735,,,0.650924309583693,0.6496556499143711,0.650186679497855,,0.637025397136129,,0.6158977610106667,0.6152200566527114,,0.5808226115134321,0.8929953556304702,0.9628133465159716,0.5884076292835501,,,,,,,0.9012920595437327,0.9015811351482227,,0.9032465610777165,0.5970943115128288,0.8995884189233171,,0.9031796129936068,,0.6688191615977847,0.665925578782899,0.6669612381579564,0.6682916382884893,0.6675223904230462,0.6689537737758837,0.6660691620482107,,,0.6687320722793685,,,,,,,0.667529704275396,0.6664347400333233,0.9813888544468283,,,,0.9806658005694637,0.9787756487373074,0.6117300088285114,,0.6131523998748437,0.6137662002119418,0.9116421830591385,0.9123055160574692,,,,,0.9833785834674976,0.9830916686671225,0.6777302829168552,,0.6761093807076174,0.6780380795635171,,0.675257895920151,,0.6770311294698096,,0.6776877740116044,,0.678496729951123,0.6783850241887903,,0.6765817305256302,0.6784111752421179,0.6765435058739084,0.677325037097075,,0.675641618700808,0.6760406739124227,,0.6752558255338952,,,0.6773037217822657,,0.6781149686349098,0.6745960825607655,,0.6746083291156528,0.6763606845547816,,,0.6758787113055077,0.6739868862915691,,0.6770766444331496,0.6766182972024286,0.6747268073663951,,,0.677340333841382,0.6760957636993278,0.6763080676872472,,,0.6770684848586382,,0.6764790762902608,0.6742324157748875,0.6765691245595691,0.6752539688636794,,,,,0.6764542645129481,0.6761661020077983,0.676798884335318,0.917877205026276,0.9155177163857804,0.9152410051596844,0.9161322932302839,0.9156119208359694,,,0.9158749699269748,0.9143874684187254,0.9159190136427963,,0.917864983667432,0.5328902086665696,,0.53362815439063,,0.5334293600337005,0.5344853221968723,,,0.5339378164576101,,0.5327264739074654,0.5333507842937001,0.5350461788733575,,0.5328608079369258,,,0.5339370475094305,,0.9189287694991011,,0.9180035907880915,0.9164694951320904,,0.9155924011704328,0.9234839793823427,,0.9641510002938956,0.9657329910237749,0.9674311373844464,,0.9663572394161554,,,0.9643965449428734,,0.9687123263163921,0.9659606649269612,0.9710639878908294,,0.9678564671038717,,,0.5325213766197368,0.5324541385856058,,0.5321667719441501,,0.5333171198263723,,0.5328009411466351,,0.532839396784177,0.5262753172940686,,0.5321020821095541,0.9696302945778632,0.969863848457896,0.9678797909751625,0.9694150800343203,,,0.9684614945867273,0.917342562292375,0.9159085346549805,,0.9162796923610871,0.9188402854095687,,0.916660148014044,0.9138896743756786,0.9173693356420806,,0.9175971395983354,0.9190041786875938,,0.9142695606351697,,0.9180204978214528,0.9181961747056943,0.913092487853026,,0.9164434284135707,,0.9137685156515252,0.9174088960673205,0.9155453236509231,,,0.9164624749780299,0.970754478014782,0.9675039842373188,0.9707047343922777,0.969112087246458,,0.9656806466002154,,0.9696451117639802,0.9670322168892729,0.9667755388113302,,0.9637819422186605,0.9657703095321016,,,,,0.9670212657005223,,0.9677200121438997,,0.9682606823711069,,,,,,0.657145244207728,0.6604262717510376,0.6596266895450185,0.6596149219583712,0.6564039948846035,,,0.6348711200063037,,0.6320248050284312,,,0.6288413725879668,,,0.6290188640645431,0.6276610614356023,,0.62795755743734,,0.6271331118757298,0.6278379368858868,0.6281820518244557,,0.6269402157917069,0.6280572614968177,0.6285708716227215,,0.6287658212683933,0.6254531727210579,,0.6282974304775572,0.6283773121666225,0.6283546243325592,,,,0.6281967539911895,,0.6284278585372994,0.6280539442247485,0.6290561369201657,,,0.6290972456451116,,0.6261878430044574,0.6258623319541251,,0.6283882752570069,,0.6276903542562953,0.6283897288621031,0.6281996080352713,0.6285945855098871,0.6297886840551917,0.6284875095888945,,0.6262414541027175,0.6285583737959559,0.6273917568212114,0.6290854067360494,0.6262843250634875,,,,0.6298469901481523,0.6273926550617357,,,0.6279258770499181,,0.6281816082453922,0.6265520216639435,0.6297534782397303,,0.6286637055732835,,0.6288634146883398,0.6286963628287884,0.6290605827255055,0.6277689601390012,0.6280361367479983,0.6282281709029032,,,,0.6280187124073132,,0.6276161752625656,0.6280938607381109,0.6281717411351245,0.6286435291195811,0.6263610905292439,,0.6282977571696761,0.6286229210725225,,0.6251700567149229,0.628762154642319,0.6283562142766559,,0.6282241842225137,,0.6280940656171624,,0.6280954991180516,0.6264913722587212,,,,0.6287638194248314,0.6282389304134984,0.627225123417181,,0.6264168254195215,0.6279904352130141,,0.6295543768005382,,,,,0.6286227492380972,0.6287458500134846,,,0.6289190962182369,0.6280357611078577,0.6285140336254267,0.6289728307830292,0.6295826853218055,0.6284670710160235,,,0.6267386091910084,,,,,,0.6285188895759743,,,,,,0.6279475478283087,0.6274222121528739,0.6285443412442533,,,,0.627982724984047,0.629091889529351,0.6299424633292822,0.6272396957574727,0.6266205147316828,0.6253452524144564,0.6281681134043374,0.6265337670851137,0.629342170005138,,,0.6280638442207424,0.6285741828749806,0.6273846952147709,0.6289070414418504,0.6270449339704509,0.6282393705866838,0.6284483320405183,,0.627052661141966,0.628920588906585,0.6281593604062078,0.6283229123131394,0.6285896557569736,0.6291795625323275,0.6280920863254388,,0.6266697978158958,0.6263476408886771,,,,,,0.9136474577731144,0.9119048326613616,0.9767788143509928,
4,4,DG_8pct,16,Z15_F03,15,SLG_A,157128,165461,True,5545.371964948053,5581.499223318045,5608.91473585635,982.3894446535081,986.9533408203329,136.3512040909876,18.11032573681042,688.8898950990026,707.4242713516109,275.21067971385827,276.97426280518874,183.87341080234506,5.77503773317432,6894.465736537763,21.437444049426272,18.308923588845293,109.68380223232434,26.0210191858054,59.55913382747325,214.3146038151144,0.740389785095944,,0.7404392572288808,,0.8628638904291754,0.9606689064588235,,,0.59957298877643,0.596341122087773,,0.3828692707011045,0.38181612623388694,,0.9095524547519104,0.9076634997621945,0.9113419472929636,0.9763566817296192,0.9757754934682519,0.9769553662500574,,0.5971626763764368,0.5984595796839338,0.5902742658956058,,0.5924033152984053,,0.5552561548760452,0.5531388772577306,,,0.5634920646446121,0.5637443675009909,,0.5634096989784827,0.39992943020776495,0.5944200350841623,0.5941734692962956,0.5934878287243256,0.6044580947712994,0.6046379049970589,0.6042025033705897,0.607350736486685,0.6070467661296893,0.6053054907047412,0.6068198746376658,0.6064047689158707,0.6068502873683376,0.605817874505073,0.6067436252442642,0.6064758549515006,0.6081699470664511,,0.605884547476182,,,,,0.414075063856379,0.9029998514421529,,0.41726603936407686,0.41868062721002175,0.41885670852797424,0.41795815475194403,0.4181669720104589,,,,0.41847312893165806,0.41841957436093613,0.41810762336334306,,,0.41832708413129477,0.41865881021002876,0.41791793557751344,0.41794124217062556,0.41697592271443323,,,0.41814448454535946,,,,0.6041561835215529,0.6020818886805253,0.6063502974973907,0.8888022135547927,0.6227471545814572,,,0.6230731695424977,0.6232098326007933,0.6239022069679618,,0.5101893792266612,,,,,0.5110641166198616,0.5117887054751025,0.5135720992575791,0.511812320875512,0.5123416279497128,0.5110820929963943,,0.5127926886643418,0.5089801626111053,0.5100591790017417,,0.5112224704347412,,,,,0.5116549121314944,0.5117627462888183,0.5118280126410485,0.5111638626631225,0.5117363790196533,,0.5114381179500274,0.5116835741162471,0.5104202532862144,,0.5121585946242649,0.5106303369606223,,0.5119121671738315,0.5115476637734239,0.5109950300531568,0.5108887295871588,0.5119340732994095,,0.5105292953702907,0.5111035378787816,0.9589647985218717,0.9580060413383128,0.9556003070218133,0.959471609847523,,0.9595812698068361,0.9560311161421858,0.9544967571239905,,0.9594668953085199,,,0.9591345807757057,0.9593859408887343,0.957106227175341,0.9544080093117248,,,0.9554051103514072,0.95714481154854,0.9569209079791511,,,,,,0.9584467675226553,,,0.9551795632829854,0.9573880822641837,,,0.9580157516320215,0.9573208321185255,,0.9598595697700523,,0.9574159727216176,,0.955612241889521,0.9563151284257553,0.957099766398122,0.9564993779578475,0.9573483459847149,,,0.8970398373277061,0.8971517421610098,0.8945304526550216,,0.8942954361308927,,,0.8959518491186869,0.8964596200870703,0.8986828713271561,,0.8965385282412285,,,,0.8966838707532313,0.8972386904553393,0.8965920835181818,0.8966395735568558,0.8982978447792961,0.8954193793812558,0.8951494823854143,0.8941801724308964,0.8958204428426085,0.8974302319986038,0.8957471792940118,0.8955928167647468,,0.8985536609757986,0.8946871208464393,0.8932420433471768,,0.898138673762176,,,0.8950810397249774,0.8955948999444211,0.8951489168050171,,,0.8970802019789221,0.8940544284519788,0.8961838801201206,,,,0.8965967340719451,0.8937659675637942,0.8936055837057564,,0.8973206587060154,,,,0.49680918807986313,,0.6251639064730141,0.6239932654696961,0.6241773477443238,0.6264885907602613,0.6266344683202735,0.6258388621061048,0.4949716324390178,0.49355035350011084,,0.4936202774086873,,0.4928988070257525,,,,0.49336161076760937,0.4924155052771211,0.49299123976602505,0.49263532488002104,0.4930055179901159,0.4944593261992208,0.49509356557209705,,0.494955367173015,0.4925575020351439,0.49239719708706986,,,,,0.491998923384873,,,0.49368125703258553,,0.49202510084394613,0.4924809580118242,0.4923577799173955,0.4929650428373104,0.4931037404363801,0.4918165082071712,0.4935428738795302,,0.4922797447611868,,,,,0.4961188119759068,0.496024532359514,0.49449311054458267,0.4961063957621517,,,0.49609200698927125,0.4964023697442816,,0.4963484698411818,0.49626489256139134,0.4955963341876927,0.49542586370022357,0.4963034628972651,,0.4968506347132636,,0.49692238322339405,0.49605491842632293,,,0.4969168362154313,0.4955320281766358,0.49575894816440114,0.49465176805519373,0.4977048098872841,0.49646371349569157,,,0.49678696838880776,0.9625269717511294,0.9617528360237788,,0.9607944494915441,0.9622036942711301,,,,0.9600745837965496,0.960499192839961,0.9596034873345229,0.9606561478813052,,,0.9595067574130502,,,,0.958839207085718,0.962130773556061,0.9581014735010951,0.9584406554806238,0.9566427544665308,,0.9579446579991726,0.955769473589867,0.9603238350333475,0.958515592537213,,0.9596170954972351,,,0.9618546683357487,,,0.9597599839127979,,0.959736310625897,0.9598914288995682,,0.9606194292249649,,,0.9599642790790504,0.9609970211399795,0.9593588835390385,,0.9627549289403288,0.9624172574256551,0.9612438412964738,0.9577860421870877,0.9621270740264958,0.9599551588981154,0.9595814478070704,,,0.9619433613171446,0.9560687854367359,0.9568950843273548,,,0.9607403575758563,0.9562916482682833,0.9591806835519076,0.9603306191021991,0.9617851022298012,,0.9569323918944422,0.9605126310158856,,0.9590169934940529,0.9586374538950189,0.9603472686672083,0.958915497435955,0.9638748788930087,0.9569511400597971,0.9609115835770154,0.9605826051896738,,0.9616360458826949,0.9597487991953233,0.9597473438655858,0.9644815852796823,0.9603370309686855,,,,0.9048946952582222,,,,,0.4922987235013907,0.4934036454175299,0.49090883351646436,,,,,0.6165536680043476,0.6166894283393304,,0.8953182757843218,,0.6219394247470418,0.6218825826824113,,0.6075610179434429,0.607136428575172,0.6073063062804542,,0.5878587451434372,0.5869675115155031,0.5307884260641087,0.8877096330894299,0.9559790148027916,0.5426285677427513,,0.9615822029799586,0.5441050267903778,0.8962725978886051,0.963669669488719,0.89432116027437,,,0.896397331438052,0.8959941710389339,,0.8947567860084487,0.9646970536404229,0.9000301736006037,,0.6373371553234282,0.6389030970794027,,0.6396364960324702,,0.6393007763525086,0.6384762261636692,0.6384466678853412,0.6390832507753523,0.6371784575446815,0.6375742513965027,,0.6400992846147233,,,,,,,0.97020312796056,,,0.9698830603736075,,0.5653583448461924,,,0.5644096385617602,,,0.9065667503999134,0.9029971882276293,0.9722040852503288,,,0.9728585325819975,,0.6470939276555603,0.6460125033660445,,0.6456991807950521,0.6465830717993718,0.6477464106062514,,0.6446096685223422,0.6442263269649547,,,0.6455378163435377,0.6474149259620885,0.6456395075924367,0.6456165179607101,,0.6453907714299313,0.6464953633060816,0.6461582486993049,0.6459735097116396,,,0.6469921607049635,0.6448139799259309,,0.6450190256503286,0.646122857411673,0.6469378141376361,0.6453980637724358,0.6448291943997576,,0.647062845166168,,,,,,0.6466551309725586,0.6436416582364919,0.6456655566945548,0.646206978841227,,,0.6456001013326977,,,,,0.6466213871088183,0.645250070351558,0.6479258169448809,0.6454660575011865,0.6463218942890642,0.6464445793156447,0.6446606270087482,,0.6465784052576241,0.6468970253792875,,,0.9113438109150936,,0.9132232212531957,0.9083304007468676,,0.9096159221584189,,0.9110721933233755,,,,0.4796780166639071,0.478455772747315,,,0.4798041359670548,0.4802804742811689,0.4789498982379553,0.4799561764933229,0.48132926332486015,,0.47888229718528286,0.47821743546650997,0.4809004922583682,0.4791687283791136,,0.48014456660202215,0.47889299528228413,,0.4788584784244886,0.9145008852777841,0.9132230755281677,,0.9132587425591596,0.9123341659829285,,,0.9118943435867501,0.956830246781056,0.9616455706151561,0.9604161640682778,0.9597775983182181,,,0.9592256015869022,0.9589023802918423,,,0.9616526929039659,,0.9615639002234426,,0.4790321739898841,0.4783352648886754,,,0.47960623844903294,0.4797762139817618,0.47871948606352727,0.47988565709741765,,0.4794594175517644,0.47960195257858707,,,0.4773688624210801,0.47768599586700516,,,,0.9608002696559242,0.9633403718901042,0.9595564691042262,0.9631238269746197,0.9099814253367629,,0.909908596272499,,0.9110516665003464,,0.9110303404563175,0.9106483756902576,0.9119122888346416,0.9119979042487621,0.9110466593757361,,,0.9107009308500617,,,,,0.9123345331538585,0.9134537207885888,0.9111604491690365,0.910919144017087,0.9117727260332106,0.909773010562314,0.9113671563447396,0.9107253905015582,,0.9656948633755478,0.9604962885214592,0.9650454460502967,,0.9624029060694732,0.9622232013723544,,0.9644133530130913,0.9621043789932183,0.9640766448492284,0.96008905063462,0.9628757540473792,,,0.9583652833820482,0.9612873477355656,0.9593512669411643,0.9586412338859984,,0.9654669868993184,0.9638753179368906,0.9621566279417122,,,,,0.6288277964192945,0.6299026482807221,0.6279992815514958,0.6292056108626892,0.6294965654150446,,,0.8980221977407704,0.6063985768495945,0.604520062215623,,,0.6003633734871265,0.5999496991101279,,0.600359612718818,,,0.600824040023045,0.6009886588937566,,,0.5995308550633246,0.599132648568366,0.5977838946458632,0.598842522045085,0.5981552754438908,0.6006830549687336,0.5986385724189665,0.5997653912710583,0.6002905040858704,,0.6014685267449478,0.5990030212201152,,0.5990353933665963,0.5991386749911587,0.6008853183787535,,,0.6012412098548635,0.6007664918388234,0.6007291467856358,,0.5982455793715175,0.6000449886380038,,0.599346996063815,0.600322369543267,0.5984266746351801,0.597634712650692,,0.5992942821718007,0.5991428181010889,,,0.6004272394934299,0.6009141300939085,0.6004158989804971,0.599640754273952,,0.5996068704630263,,0.6012787822390377,,0.5991352543517708,,0.6007283674011689,,0.5992290885625788,,0.5985250906908939,0.5984171667324527,0.5997841356484308,0.5985512290790101,0.600059920461595,0.5998582641445179,0.600534057945507,0.5986290359147298,,,,0.5985667874632838,0.598797271319632,,0.6001411315711563,0.5998574853571588,,,0.598589776889115,,0.5991180536205438,0.6002000065585709,,,,,0.5983476864994587,,,0.5995182320482653,0.5994477474545331,0.5991658254658504,,,,0.6003531090402688,,0.6005073258134551,0.5973570024343329,,0.5991073024997541,,0.5980966700664733,0.5992464006764036,,0.6006451121015801,,,,0.6008735078824404,0.5999457696006747,0.599173046899728,0.5983027632720741,0.5996203940029144,,0.6005785161228818,,,,0.5991457457331678,,,0.601976435966684,,,0.5996917679653502,,0.5986289661150149,0.5990722395068031,0.5976191165956507,0.5997515658121574,0.5996528418345158,,,0.599825080768095,0.5983967639830425,,0.6015335761425947,0.59933462381873,0.5993895121056229,0.6001998122702163,,0.5992718619222793,0.6000590136953893,,,0.5990769922106317,,0.5995543383206919,,,0.5996348457903857,0.5986426330547271,0.6000075450261747,,0.5982357545873186,0.5992091390708882,,0.5988918716153948,0.5994829824044063,0.6005680119589574,0.5987956351797952,0.5997982696240897,0.6009521151649173,0.5997521084445668,,0.6006097150869801,0.5996346566685713,0.5988869358886982,0.5968422882510444,0.5994927171917331,0.5970537691141952,0.40804667094441055,0.9063269126410217,0.9625421302620659,,,,0.9082941340407107,0.9765170369765499,0.9771493967003281
4,4,DG_8pct,16,Z15_F04,15,SLG_A,157131,165461,True,5524.441626335781,5608.850481084779,5623.079258616239,987.0567729751335,997.4442079920905,137.01726574030025,18.04537120444097,688.3900028228919,705.706102183568,277.48371350842626,276.32284290136323,185.0632248956102,5.711128773141372,6887.140954429263,21.332486356393392,18.424908198393428,109.70468389186573,26.047722806557815,59.63378413685637,214.60645710683315,0.7408291626289459,,,0.6895581199568056,,,0.8761058727521951,0.5969170037042179,,,0.8997580664929428,,0.3821604292952274,,0.911282289911585,0.9108776764837405,0.9097428052279425,0.9765795509716613,,0.9783738709801413,0.5987496058567056,,0.5982581772469119,0.5910326962771537,0.5913655307088153,,0.5556038682911515,,0.5539989355171003,,0.562515696184557,0.5642612890681121,,0.5624726672725883,,0.39879431689652867,,,0.5936481232971884,,0.6031444880023138,,0.6071860498420997,0.6052490992751757,0.60635287633423,,0.6054404803557706,,0.6034240520074844,0.6070465771521736,0.6069887206613543,0.6072765010325073,,0.6071513932339665,0.6061522528944958,0.6052808703493218,0.6078954886847044,0.4123718911280429,0.4147577650292342,0.9035362847273835,,,,,0.417280554887607,0.4177275850311896,0.4183037187967309,0.4172440611718521,0.41782424250213934,,0.4184058440577634,0.41907690035710743,0.4174038295558074,0.4176450315740752,,,,0.4169773707133569,,,,,,,,,0.6058182817522212,,0.891180332985094,0.6223648534480972,0.6240839209547355,,0.6222416365854119,,,,0.512345304964514,0.5118208871217516,,0.5110862094224433,,0.5104458860113923,0.5124151954300067,0.5110451211795924,0.5116714812894895,0.5099084916147603,,0.5125353087322851,0.5113284481258593,0.5114331573436439,0.5114671552061275,,0.5119455415143637,,0.5103156929659667,,0.5115752899522181,,,,0.5118361769769915,0.5117427015198194,,0.512534948494663,0.5114621063649807,0.5121090279004737,0.5126006498291154,0.5114643438573722,0.510917564399704,,0.5112591999731748,0.5104549778796641,,0.5107484191355294,0.5109940092960491,,0.5117004340385088,,0.9573828785204359,0.9605483146188423,0.9607846882229168,0.9569652742186604,,0.9609040123293654,0.9589767940272631,,0.9591376173800042,,,,,0.9566767135342249,,0.9578171864015479,0.9581068575269004,0.9581344223078382,,0.9597644219742244,0.9554251359155815,0.9562785275681044,,,0.9574857888125821,,0.9590838817963996,0.9585608808378987,0.956972296286228,0.9577918858265698,,0.9564175442069446,,,0.956716264736391,,,,0.9601999383030538,,,0.9603111836933398,,0.9568571640497621,0.9571147011002639,,,0.8962150598586484,,,0.8956098827927602,0.8943573261314675,,0.895076932321558,0.896746410694547,0.8980315157093449,0.8953215206399788,0.8955299977880067,,,,0.8978355854161725,,,,0.894982331220823,,,0.8962375864732913,0.8975221124813048,0.8935582324461039,,0.8971041949623202,0.8970137807590056,0.8941850258183129,0.8945760187030106,0.8940297442270593,0.8924951415700921,,0.8954206430204864,,0.8940782188354168,0.8956118215947941,0.8976395386413978,0.8950814627205924,0.8935814159574242,,,0.8947703791350486,,,0.8979332733018428,,,0.8937105359173995,,0.8927195160193822,0.8958577485593183,0.6079622570658795,,,0.497158014094503,,,0.6248560455918896,0.6239531139510974,0.6245450236934288,,0.6243306973986437,0.4915749137769595,0.4924423485940151,,0.4926924545607287,0.49330402066972706,,0.4924440970463275,0.49311952529127523,0.49347165494554324,,0.49318499967012813,,0.49319021510652483,0.4920129447351521,,,0.49391982673579055,,0.492757846630499,,0.4931375989048904,0.49288225457057716,,0.4921427938560905,0.4931936123288819,0.4933051844612056,,0.4926259928948668,0.4927573866879532,0.49290834099101655,0.49258198376360723,0.4934607554064908,0.49355584435411065,0.4922555473237555,0.49198037103869563,0.49324663631622806,,0.4928410865863023,,0.4929104942851435,,,,,0.49533931359210215,,0.49545695204710655,0.49620977272164146,0.49638861235797244,0.49544002004698257,0.4974678363823969,,0.49687360181531676,0.49710419178893606,,0.4983341928935832,0.49672355367773474,0.4971561723019899,0.49856989852952427,0.49628040197458045,0.49870154042623843,,,0.49688166711606385,,,,,0.496049614286061,0.4959382544405585,0.4963996896661459,,0.959388052085119,,,0.9612925315545795,0.9599218002112859,,0.9610469495406706,0.9608440650522043,,0.9613810923964913,,,0.9602230142736532,,0.958890327865329,0.9605153977155029,,0.9638839096517035,,,0.9586129076633881,,0.960482722995475,,0.9584844945384849,0.958873536336054,,0.9604820463189616,,0.960594279689933,0.95772767142202,0.960096846294584,0.9595665686023689,0.958531084715128,0.9594236110547301,0.9612919032344541,0.9591415931467692,,,0.9588275231630667,0.9627523268061197,,,0.9606181452452217,0.959839361103934,0.9577579849299118,0.9590108871583579,,,,,0.9600847991484398,0.9593418717315342,,,0.9600374165432527,0.9616564413616057,0.9618249577442156,0.9578542394008287,,,0.959638871978255,0.9618900041433833,0.9596592858473009,,,,0.9621846544159937,,,,,,0.9603043785706595,0.9571692391059604,0.9610765145612167,0.9614930681328995,,0.9620742578777872,0.9598243765835414,0.9623166894507013,,0.9621845564155267,0.9585542231653921,0.9595948403008573,0.961534392666829,,0.9063040725730328,,0.9073294356896211,0.48999528851263435,,,,0.4905296756063903,0.6171271957600128,,0.6174059491022121,,0.6151963171837261,0.6155938615231787,0.5081662721268779,,,0.6192149428791839,,0.621070973241991,0.6079186872439809,,0.6073405224508902,0.5897829023938289,0.5882738687560072,0.586370445501381,0.5315849425346315,,0.9563144301771895,0.543428732060278,0.8909048256137408,0.9593630062370107,,0.8946502798881629,0.9624077078141526,,0.8937235202585049,,0.8940431819185938,0.8954989267160418,,0.8950410217962999,,,,0.6391007576318263,,0.6376514949610582,0.6378706140442006,0.6386606019350698,,0.6394634917515595,,0.6393226499712572,0.6379383270601177,0.637091471839539,0.6398055521748737,0.6392316400998281,0.6385222512002631,0.6384546646059128,,,0.6386025372974837,,,,0.9727056102617142,0.970359472069692,,0.5660562963246976,,0.5646885307156013,,0.9064890512710262,0.9058016474842896,,0.9040740196282906,0.9725548499451229,0.9715940300459558,,0.975188395329379,,,0.6467044194800088,,,0.6456891763778277,,0.6478724370017782,0.6475682341836047,,0.6471560374942205,0.6460094395209129,,,,,,,,,,0.6461404453775127,0.6464222987341346,0.645597769320818,0.6455938207769568,,,,,0.6445939991402476,,,,,,,0.6446214493204884,,,,,0.6457232336847404,0.645941055242164,0.6458099360113443,,,0.6450438233072819,0.6449324067379686,0.6452853437008685,,,0.6461427036503622,0.6460191980929121,0.6441699873163498,0.6458494992107489,0.6452905144843842,0.6449454394782171,,0.6459315774076533,,,0.9118768790032616,0.9088368793433026,0.910366462039891,,0.9119664876298424,0.9108971406107245,,0.9114172043879049,,,,0.4789976512338465,,0.47928644507220414,0.48075977700144584,0.4792139554817997,,,0.4796086980598901,,0.4791435744417627,,,0.4781496887155294,,0.4798994791289959,0.4799992172906405,,,0.47922510598663554,0.9136925824544395,,0.9118135710063284,0.9142329898519568,,0.911731471740837,,,0.9594689759589232,0.9623565609970214,,,0.961419955740726,,,,0.9595071885669637,0.9620280544329758,0.9603080370756019,,0.9592466761724923,,0.4770604412099317,0.47801463667428784,0.47932145751987676,,,0.4802869066281592,,,,0.48014462609684627,0.4803742066564666,,,,0.4776613615101708,,0.9613157523668037,0.9640141439451586,0.9626086090009226,,,0.9637350897311443,0.9130205450174066,,0.911380563855894,,0.9091343988668504,0.9102281334814669,0.9132598132814576,0.9114313628699848,0.9089557053347689,0.9132174271948463,,0.9088934571380954,,0.9119492907228013,0.9109672195733401,,,,0.9134890701899778,0.9089061481660835,0.9121080115607775,0.912085198950138,0.9131662312241411,,,,,0.9604819029099543,0.9622369517721688,0.9625664957630199,0.9608576031100945,0.9612869773053043,0.9616399468218595,,0.9631815363220423,0.9615495663303003,,,,0.9601010368502852,,0.9608893211304014,0.9607630742176351,,0.9623394804292605,0.9623605457959876,0.961870249758227,0.9579024034451662,,,0.9609491582528077,0.9639660113570792,0.9622427978032606,,,,,,,0.9094399952257363,0.8987930750578274,,0.6048078091079933,0.6044201692075942,0.5563033064428412,,,0.5986826739549915,0.5996076159489218,,,0.6003036128453375,0.5998656216722381,,,0.6001634413307373,0.5995277968545127,,0.5979094090844969,0.6002301028830372,0.600524192998661,0.6002536429623542,,0.598279786899585,0.6002124635599145,,0.5993141429683189,,0.5979804139708006,0.5997845536762225,,,,0.5992628858987041,0.5992401180771065,0.6002841638121207,0.5990038262274875,0.5995838554647173,0.5994240167956545,0.5972005936077832,0.5992475020731385,0.6014233974667649,,0.6005487693170409,0.5994247484718775,0.5992074359966126,0.5977259336174614,,,,,,0.6005494851705072,0.6002787745584859,0.5970029332813674,0.6010521679592759,,0.599654357512034,,0.5977522488524047,0.6014023851533078,0.5999524439180515,,0.6004284445612097,0.5991459233268591,0.5995782737121801,0.5985933293964932,0.5998873274560681,,0.6005105979573989,0.59873565591673,0.5988674503709862,0.5990619963369159,0.6007008290668268,0.5993823689013792,0.5990354939720283,0.600207053407984,0.5996015139596644,0.5991608921978346,0.6003457006484814,0.5998125931203822,0.6007071611422822,0.6000314253455148,,0.6014438497433418,,0.5999814410843568,0.59828776087066,,0.5987773570759765,,,0.5975861061318669,0.599090678836272,0.6012420038434513,,,0.6004780248412747,,,0.5985424421018922,,,0.5991491725284451,0.5985792509065961,0.597230098553319,0.5996316085460092,0.5995233499492892,0.5998279989202343,,0.6003555413432191,0.6002587253208466,0.59968054007604,0.5984272359309534,0.6012218706092268,0.5991727612538081,,,,0.5990013038180774,,0.5986997376049545,0.600363944726363,,,0.599205730841291,,0.5985959298426963,,,,0.5997771960556764,,,,0.6005242091900429,0.5998589084859941,,0.5980351273795078,0.5981791096797491,0.6006144380447838,0.6001343318354219,,0.6009524029051947,0.600384659086839,,0.5994470618676206,0.5992787717900296,,0.6008453963857067,0.5987973428984238,0.5995200753329732,0.600056539134829,0.6005841546970881,,0.5988480757827832,0.5994957049537798,0.599713232459492,0.5990488891468565,,,0.5997102085783471,0.5991068187635001,0.5995732610511726,0.601824470587736,,,0.6012260888038758,,,0.5992328310066318,0.598724925769967,,0.5978038939552426,,,0.4068572037960482,,,0.3820672788719626,,,,0.9777350234339921,0.976063043904707
4,4,DG_8pct,16,Z15_F05,15,LL_AB,157131,165461,True,6869.705494614811,6850.410799640946,6877.879902071658,640.7940218988764,648.2654323893712,91.3636809419674,16.37920126946346,431.2584433621457,457.4087280229017,183.18078048739014,183.06727198003153,120.16981769547846,5.43820722640456,7485.925648905229,19.181761808932855,16.781857892905293,71.89331456144951,21.0356557383436,53.46591458663889,136.9287944449236,0.5724124257173838,0.57087516953476,,0.6771712009207786,,0.875141782273629,,,0.30200424188081176,0.3010546225121422,0.2832729760915266,,,0.3950722420267703,,0.2864321367150164,0.2858018971683599,,0.9349540189451742,,,0.3008838379037521,,0.23144986462043532,,,0.00010684556305842345,,0.00010660980084606016,,0.00010664773217692203,0.00010673016753213102,0.00010655177455613358,,0.00010676505992019971,,0.30193681189562727,0.3019891928560621,0.301758023061025,,0.3033126421676873,0.30339646085622557,0.3026478192758539,,0.30371133039159404,0.30360881542456963,,0.30320147646682016,0.30352915882605247,,,0.303351621679054,,0.30323827994520236,,0.3030461579093108,,,0.42238799772035984,0.29982261258283305,0.9086877691667962,,,,0.4254238168070914,0.4265229521475141,,,0.4253061722110434,,0.4247854380882418,,0.4265789747706686,,0.42556502716235706,0.42589537353007795,0.42658071085120125,,0.426706583966205,0.42561701748098313,0.4258201296563303,0.4255902383087413,0.425795568683275,0.4268532999176429,,0.3029433809031095,0.30307380937920797,0.30284274675383555,,0.313250722665157,0.3128404955563825,0.3143284675856565,0.3125940243658097,0.31231760226520716,,0.5120759212809931,0.5116156782321876,0.512536551231561,0.5131341776081407,0.5105946121345809,0.5115272630992183,,0.5119282813482823,0.512645080009948,0.5123488426079191,,,,,0.5124122124761787,,0.5118123066925719,,,0.5111759989719645,,0.5104099226616746,,0.5123334606374276,0.5123350536550797,0.5117371699904184,,0.5111730916545644,,0.5117291426568561,,,0.5108702228592332,,,0.5111878395283721,0.5117369339710541,0.5104663153519602,0.5100268919443637,,,0.5111360124572787,0.5108946365565794,0.8580371980126459,0.8570535703111419,0.8575355302938079,,,,,0.8565756002084238,0.8551653892723737,,0.8552900940303235,,0.860534964247939,0.8556032067442565,,0.8563623477980782,,,,,0.8548586092782634,,,,0.8547581108168991,0.8566276045096374,,0.8560873570071085,0.8553965322736742,0.8582942109472935,0.8536697744713463,,0.8533537562057504,0.8572213586043032,,0.8561744178907763,0.85677391774997,,0.8567361089428059,,0.8560544004043867,0.8535652221914551,0.8551175676560504,0.8539598488939059,,0.34752846463214704,0.3470392130424494,0.3467174617328269,0.34833650923734677,0.3468914756101276,0.3465586864164686,0.34746625377145934,0.34780034176122476,,0.3471804492701652,,,,,0.3479705775943435,0.34776235772892305,,,,0.3473736230293351,,0.3481749871517373,0.345845555664904,,,,0.34699221210856185,,,0.34731752301910973,,0.34751158829630907,0.3468209838536838,0.346777359826913,0.3471536338823211,0.3479121906094525,0.3473794475077816,,,,,0.3470981705148099,0.34805796058792865,0.34774514696418046,,,,0.3468256490019807,0.347161884595688,,0.3473731770125755,0.3469334755381876,0.34676602090321196,0.31078150953629574,,0.31050536203309065,0.4964938762886343,,,0.31215335081340184,0.31276211349644956,0.3123778471511961,,0.3126530025754291,0.4944847282377667,0.4937493483766665,,,0.4936764901425106,0.4914606882410821,,0.494737617094928,0.4941518466165492,,0.4932428654948041,0.4921783341580465,,0.49417630087805675,0.4940920156156334,,0.49263056115631493,0.4943471468417921,0.4934818744961208,0.4942846565313656,,0.49220668445593624,,,,0.49289499218253136,,0.4926341456029809,0.49340439407052455,0.49328439090769166,0.49380984162367525,0.4942983747457667,,,,0.4930912691067871,,,,0.49296884263018925,,0.49769381374680116,0.4956036085427494,,0.49747930736293844,0.49725953200580536,,0.4958644357003623,0.49702491465769977,0.49777124303452164,0.4971501106906262,,,0.49549625823794446,0.49737903872198147,0.4976294320721957,0.4978956003803444,,0.49855457109051904,,,0.49608920319240957,0.49737501615732554,,,,,0.4964600459488007,,0.49753256456107026,,0.4968760632356971,,0.8731745883051916,0.8732024158338041,0.8731758149458236,,0.8731353958218213,0.87294304774887,0.8726607349562093,0.8763536472820717,0.8736775529988638,,0.8703073323065311,0.8699838057273128,,,,,,0.870573260290896,0.8693929793225499,,0.8699269964566609,0.8672637241964873,0.866966190528952,,0.8670668711213759,,0.8742025526664878,0.8747893100666166,0.8694758611908927,0.8724812787416922,0.8731222797500905,0.8720420931583373,0.8717476451770237,,,,0.8745600260526487,0.873143676817306,0.8761159046380625,0.8722295711800474,0.8726051402484404,0.8748807024361142,0.873405066195782,,0.8743982076719599,,,0.8714002942625888,,0.8724861023263599,0.8731380679743488,0.872336200642875,0.8724496154431477,0.8744879456204119,0.8730465571119268,,,0.8707653005074809,0.8687412007457567,0.8695477493144762,,0.86837368734932,0.8715803564811045,0.8685646630118022,,0.8683210052403811,,0.8702793304153532,0.8690302525736008,0.8703595088980571,0.8708512012439183,,,0.8684744753143901,0.8703348771605798,,0.8708753590762013,0.8697623986586501,,0.8695768646424477,,,,0.8685287235962621,0.8711377905041809,0.34042494885545227,0.33901614569546434,0.3388329899113849,,0.4904892809507592,0.4894029327692548,0.4910358163972357,,,0.31202884697254923,0.310682679712421,,0.3114024479657561,0.3104512770818028,0.3109432644373411,0.5095306386083451,,0.854028227422358,,,,,0.3094230077407507,,0.30652535375422324,0.30662859504795104,0.3067694110802773,0.5332082966045116,0.3561286536186269,,0.542837930306291,0.3626181300019566,,0.5471010809768352,,0.8406880479981287,,0.3669277460295995,,0.3669910432127517,0.3660154992714615,,0.3682237123067628,0.8425978075034342,,,0.3191860823454867,0.31936190673008,0.3192667377548248,,0.31879587255360636,0.31852863196936265,,0.31781456952443277,0.31726641318122495,,0.31853511871029144,,,0.3188848608319755,0.31796551454226846,,0.31802371859827605,0.3187080739884078,,,0.8421919405928238,0.8406703034730368,,,0.5649356321813069,,0.5658156085601924,0.5646737031207961,0.3783641314677626,,0.3769214720337908,0.37826274270574056,0.8431461626643139,0.844397447344279,0.8431502428125874,0.8444439713582059,,,,,0.32263355839610836,0.3226621790448211,0.3221166868778569,0.32279922082768664,0.3220654828756431,,0.3226707299219458,,,0.3225740173477805,0.3224782860916681,0.3234353860082808,,,0.32312638963339274,0.32269880634655057,,0.32315036924617224,,0.3230152093157262,0.32207397800928766,0.32226588236485254,0.32320711216809644,0.32231129127143976,,0.32238438867312663,0.3223117266462152,,0.32151023427898334,0.3223098480972081,,,0.3227113720500994,,,0.32218217363684726,0.32317783294660823,0.32199724008339264,,0.3227154380395057,,0.322326534877916,,,,0.32321501627238197,0.32274986549954615,0.32198117555269157,,0.32188860330215885,0.3231930638986774,,,,,0.32337788370249876,0.3344780238694902,0.334455500588526,,0.33460212638213677,,0.3339269448242655,0.334374987911421,,0.33468261959454537,,,,0.4782125370674032,0.48061301365760833,0.48025900357245765,,,0.4819033802257143,,,0.4795422277058506,0.48033915700554086,,,0.47791034702496765,,0.4798714424089055,,0.4771284100359642,0.47972788820463763,,,,0.3354862489813236,0.33517333279780925,,,0.33402006556536745,,0.88714153508421,0.8839500380627898,0.8834888291894428,0.8850178198674322,0.8802336157234437,0.8808530517845005,,,,0.8823522621171153,0.8841078508995677,,,0.8819493454024456,,0.4797050248976986,0.47914652955591586,0.4797598563857401,,0.4786705582957085,,,0.47939925900583363,0.479717236547268,0.4799910441856312,0.4794799650709382,,0.4786062502288588,,,0.8846384244249648,,,0.8843260481321584,0.8837952330901147,0.882880791240485,,,0.3338608081185057,0.3351079061063227,0.3339872428419538,0.33387951428659185,,0.3342560237640722,0.33460408863529745,,,,,,0.33454363282695737,,0.33325637836667593,0.3345497187076346,,0.33562480794266814,,0.3339941581012837,0.3342861208617819,0.334096556169241,0.3343899373591677,0.33387863835182424,,0.8860177100660122,,,0.8851365128783997,0.8850574150522149,0.8838615462600441,,0.8857452287777998,,0.8850778419283453,,0.8831128027843812,0.8843553966609257,0.8841198754189189,0.8827846061950189,0.8821675584582652,,0.8821171331654161,,0.882978545786472,0.8854215959830437,,,0.8861820454077761,0.8857963442287432,0.8825646831972767,0.31456998489672583,0.3148911094755567,,0.315109925940798,0.31514351520040235,,0.3019095581925077,,,,0.30312260974915123,0.5585137221744594,0.29929004419704613,,0.2999975425685541,0.2992667965726241,0.2992295390191441,0.299560563597866,,,0.29992649708575975,,,0.3006631090133828,,0.29990002434993285,0.30047162592508875,0.30005020499319607,,0.30008838343108407,0.29939297399925047,,,0.2997067203423853,0.30065210008448917,,0.299948843837174,0.30026058205414147,,0.29909398408957777,0.30031834393875845,,,0.29967145865010353,,0.2999946715653668,,,0.29960201912536877,,,0.30009581123806367,0.29927461706998226,,0.3004323299644226,0.29880639744250476,,0.2990396136299436,,,0.2993680204274517,0.2994807046058807,,0.2998167186386083,0.2995998841491598,0.300094012452736,,0.30059160323606904,,0.2995643353156891,0.29952033262710664,0.2997289692857634,,,,,0.29917609170876425,0.2987155899125807,,,0.2991246478742702,,,0.30009872544852306,,,,0.29989637608955466,,,,0.29903477079185226,0.3002087858252865,,0.2997769329709628,,,,0.2993582225807897,0.29987463896953237,,0.2999128141708214,,0.29918317246502596,0.3002063873659534,0.299898619143145,,,0.2992281707443878,,0.2998498387887977,,0.29968072082087593,,0.30057612574655973,,,0.29989737141997247,,0.2996649580311247,0.2997063207595331,0.2988963669934347,0.29891590796518697,0.29924811116771705,0.3001482490529972,0.3002171139766927,,0.3002059670955458,,0.2990256433886524,,0.2992165260956518,,,0.30000286785407976,,0.2989605965131307,,0.299602375027331,,0.29989940164604734,0.2981579380297558,0.29987958734339265,,,0.29972227562368325,,0.30015923597168126,0.2999979254628426,0.29907045789370656,0.2996475964461291,0.2993795354079433,0.2998036577360989,,0.2995145046030099,0.299952905723176,,0.29934962002971693,,0.299852120165176,0.2996390356484485,0.29900730441945234,,0.29916687411843357,0.30004689219761754,,0.30001834908977215,,,0.2996171180476541,,0.3000569450859769,0.2993064853608912,,0.29909492251465575,0.2989476232102244,0.2999267963146303,0.2995766480497005,,,0.30258264127235657,0.3019224262786532,0.30179328651124837,,0.29819410743294894,,0.39501972781090433,0.3958199612808529,,0.2857993893937937,0.9317025027792225,0.9353970244520114
4,4,DG_8pct,16,Z15_F06,15,LL_AB,157130,165465,True,6282.8032616200435,6353.128880226431,6320.102007714813,628.528922949027,637.594091585926,86.98205260925894,17.23505932430713,447.08586400108584,467.26835734346525,190.3655864959374,191.028135796619,126.06555738649543,5.69981387380376,6824.0758122999905,20.20132120657287,17.606073671352974,69.36914757924596,21.397018145589193,55.813799154066956,139.7803765361884,,0.6038241744880044,0.6047081207845504,0.7084426576743775,,0.8891528603530802,,0.3582463657566726,0.35916786387995703,0.3590351753749725,0.3363104953438377,,,0.45977845034056375,0.3386619786113454,0.3396757765995827,0.338892318187388,,,0.9372531294170103,0.3587801103306608,0.358334985521319,,,0.2936373363168684,0.2940052723802111,0.014023313434437275,0.01403588328814694,0.014039295065581246,,9.844138652707635e-05,9.8224542629374e-05,9.841920761186124e-05,9.828837213975927e-05,,,0.3601857988569493,0.359255535134658,0.3590546825209989,,,,0.3612010752002121,,,0.3613783512087201,,,0.35962635134013093,0.36042847668866906,,,,0.36108142447932823,0.3615885058429021,0.3613079043438632,0.3610968300288717,,,0.35188266143972485,0.9171437217542063,,,,0.48566970008971844,0.48608979430160204,,0.4853101056720699,0.486848802190548,0.487265074649916,0.48688739002161874,,0.4857292160439874,0.4858533810665351,0.4873017169938628,0.48625835083253477,0.48664264087263837,,,0.48685894753917924,0.48814395223464874,0.48613104374147015,0.48672695169139174,,0.48716484699583407,0.36074418972527894,,0.36141580640483734,,0.37198696623338795,0.3728731287490434,0.37215830563512725,,0.37295881163331934,,0.5649115180952994,0.5624051431382991,0.5621874578417356,0.5639173787937349,,,,,0.5626447817620217,,,0.5639110033282292,0.563363304757661,0.560275223529245,,,,,0.5638766694167114,0.5636207005559196,0.5647572174608685,,0.5620094601998131,0.5630003269097352,0.5630632791449778,0.563855514824055,0.5653103933102227,,,0.5630890800458209,,0.5634836006344415,0.5639483998554639,,,0.5617394751837685,0.5637257672932177,0.5631634397975896,0.5628220632408132,,0.5625919407594694,,,,0.8721327911688377,,0.8737998715910192,,,0.8736351970811429,,,0.8742668672244219,0.873532469994342,,,,0.8746792138516567,0.8728684872709461,,0.8739438738519039,0.8724078996501219,0.8754085139191152,0.8715446610620902,,0.8736688705228207,,,0.8714658790402434,0.8709487811757081,,,0.8730922463336049,,,0.8719660088316278,0.8753557762079108,,0.8739186520715247,0.8718583967900669,,0.8718777081942795,0.872318605734964,,,0.8704274933229755,,,0.3926160238853652,0.39224166669631644,0.39216006585018165,0.39222722019397915,0.3924011011771535,0.3918096979186695,0.39255030948092906,0.39264620951005064,,,0.3920086847957321,0.3926384537327462,0.3918299530324756,,0.3919822687359373,,0.3932668009004926,,,0.39412651501303536,,,0.39166988671202674,0.39256102245666397,0.3911564687144843,0.39211277941555056,0.3926844563965626,,,0.3912723698909323,,0.39113904356013635,,0.39160934785971513,0.39269069297073456,,,0.39270033302074875,0.3925797405956672,,,,0.3920515615195608,0.39334227417445067,0.39129142411438106,0.3914430869064153,0.393234123869628,,,0.3918581294681723,0.39302361127517077,0.3927769068840045,0.39297589595969584,,,0.36854129354275916,0.5513508997505034,,0.37311169318327614,,,,0.3724192798992152,,0.5472294425192235,,0.5488549641793222,0.547320590615438,0.5473964398591709,0.5474956117467199,0.5464497312090857,0.5490231332320671,0.5490898450690668,0.5487796528820598,0.5472571452351054,0.5466055027900829,0.5481882412614657,0.5475593178435646,,0.5471287598651313,0.5463325001911171,,0.5483662689867086,,0.5475663206317126,,0.5472514959854329,0.5449416739795072,0.5468750915899396,0.5474931244477568,,,0.5474696021185446,0.5457444761687918,0.5474165106498237,,0.5474540290398839,,0.5454952899148872,0.5464851024651048,,,0.5476768089874079,0.5479527237230849,0.5505722123347624,,,0.5507405750429077,,,0.5500571749424872,,,0.5496843187027138,0.5512638527812959,0.5498360142374119,0.5515536469931016,0.5515903013514311,,0.5508418346433845,0.5512215563849288,0.5515970138781019,0.5521599993525093,0.5504754360557672,,,0.5498259889011488,0.5514384892307681,,,,0.5494736865485282,0.5514061618323808,,,,0.889514364040587,,0.8900980342280502,0.888015900221001,0.8871222045354509,,,0.8884156110257472,0.8906662798490532,,0.8885708072856032,0.890197124984412,,,0.8862113106021277,0.8858411512518727,,,,,0.8864360733938612,0.8851716300805057,0.883407585934063,0.8856617326283348,0.8849252336907422,0.8840385666078208,,,0.8877623604030344,,0.8861610363011615,0.8871968696433814,,0.8859642145854619,,0.8893541690061106,0.8867680748291584,,0.8910250752749314,,,0.8881010298179981,,0.890788396238756,0.8858960980952612,0.8899350743471282,0.8880253478809219,0.8888535777223934,,0.8903262858921496,,,0.8915185291700479,,0.8884523733499419,0.8908243697737336,0.8883751145095015,,0.8853837951572809,,0.8870466358943392,,,0.8856829924565836,,,0.8867260650027494,0.8840896989896403,0.887850445860579,0.8839781526460407,0.8842954470872636,0.8875930865085241,,0.8868148890060439,0.8875307558382803,,0.8857904297687725,0.8862361758955503,,,,0.8860609458862314,0.885351654545442,0.887452012618247,0.8862013926978549,0.8880188885704191,0.38639364006029386,0.3862300837268261,,0.38717067308858005,0.545310217045571,0.5461753961299982,0.5460015085424594,,0.5440169859514787,0.36978137003348305,0.3708567831342328,,0.37142693065409316,0.370132092394739,0.3707669729128605,0.5593465723442752,,,0.3724188156847269,0.3724157508590403,0.3717223397585549,0.36923673802930146,0.3684704330963731,0.36818118152276796,0.3638551888865689,,0.3649072812486896,,,,0.5916294279724956,0.40557932914755734,0.8624699914367032,0.594156985706924,0.4074389406566739,,0.40824719264305437,0.4077103966506118,0.4094316607783372,0.4091102103104096,0.4087215114320237,0.5968848160648418,0.40890165257459343,,0.41190368975083913,,0.3786418984095177,,,0.37949266957477684,,0.37947853381848506,,0.3799161690904719,0.38005291044136813,,0.3804977506877158,0.37949345184430777,0.37971242835754315,0.37936943841433485,0.38056322789645997,,0.37935960992318113,,,0.8670601152319874,0.8660828032878858,0.866816104693842,0.8678083684336386,0.8629613675592362,,0.6138392937060586,,,,0.4196350695813683,0.41989472171062137,0.41933043085047716,,,0.8640956304166154,,0.385213797954354,0.3849390629341556,0.3844446694316019,,0.384575854419652,0.384608980589361,,0.3836721442635009,0.3852339391966626,0.38495813078094315,0.38473848338732175,0.38502814298121885,0.3842808514175999,0.38456551425033453,0.3843690031850227,0.3825197573097091,0.3840498184926647,0.3848808521332319,0.3853657773235844,,0.3845753286125313,0.3848286644308448,0.3853284806028701,,,0.3836959834361331,0.3838341394591291,0.38480510978014887,0.38406734552812893,,,0.3838777256643204,0.3839863684281588,0.3845450917233122,,0.38414268826128756,0.38382509062723397,0.38429081339475674,,0.38399532630801886,0.3837784219217281,,0.38365180981204233,0.382792613107953,,,0.3828632069347812,0.3849879162562585,0.3843188399635268,,0.3841191669511185,0.38349854925317994,,0.38509197656174643,,0.38455564672576587,,0.38396155870290416,,,0.3809915171922718,0.38244148597018873,,,0.38103981079473803,0.3825019007071775,0.3819497761198672,0.38315881960430803,0.3822072018449628,0.3812919459333164,0.38225250860180243,0.3826974801029078,0.5355752436612508,0.5345075144801533,0.5368223980479124,,0.5367502413306363,0.5354360751883358,0.5372855435580705,,0.5353864600119107,0.5347701435144044,0.5352790752687588,0.5324881465839004,0.5344628151951825,,,,0.5350264421813165,0.5339940654067198,,,,0.3835528739051546,,0.38394129359645307,0.38431891684428565,0.38256871778953194,0.3819203050853825,0.895379586413592,0.8971493158166945,,,0.8960095909365494,0.8946979575800923,,,0.8944139993089236,0.8972295774960632,0.8953573866553873,0.8943072810831116,0.8951023791442553,,,,,,,0.5353149023838981,,,,,0.5363810772123645,,0.5290132475989462,0.5340849463197341,0.5334675259659349,0.8974829684894425,,0.898426617204498,,,,,0.38271983048076136,0.38233119589866293,,0.3829995642624422,0.3819922112544227,,0.3834437761808198,0.382302987473062,,0.38263094334882075,0.38239806472887405,,0.38280841998613,,0.38212481259037834,0.38234203774975795,0.3836924668513243,0.38255907007608086,,0.3823608586303634,,,0.3828496378996341,,,,,0.898972380169656,,0.896398052051767,0.8971181850012722,0.9004400235583949,0.9001507904618599,0.8997959307078796,0.8961928359661593,0.8978280184721307,,0.8950203424877198,,0.8973597175751407,0.8951731593958229,0.8969135731007303,,0.8960229639446132,0.8925363290145519,,0.8956154268900318,0.8995320621106149,0.8962133079473357,0.8982946379630706,0.897772325790383,,0.8982824065752238,,,0.375096178228559,0.37551323210871757,,,0.35463938776403653,0.37660032518154746,,0.36083625405498715,,,0.35802802351216395,,,0.35692950332435447,,0.3565967059713597,,,0.35620470136779325,0.3563365496250464,,0.3565697719412484,,,0.35776180940369684,,,0.35635655052527726,0.3561597298161527,0.3571544898729604,0.35690636731496594,0.3561212210676708,,,,0.3575154552679069,0.3571225513473052,,0.356799121614544,0.35672526644386776,,,0.35627380723795293,0.3569601463789698,0.3571974824844235,0.35739022044553426,0.35712411589442145,,,0.35703545597043324,0.3569780422484045,,,0.3571158703389846,0.35667036606843194,0.3572985132728767,,0.35663621533285195,0.3569217377345696,0.3575491696421429,,0.356913386181285,0.3564660748672518,,0.3560808158925394,,0.3556143317179572,,0.3568936293784882,,0.3565438508163929,,0.35606245240955947,,0.3567506592761845,0.3583755766913106,,0.35730686892125635,0.35634327725723275,0.3567630605416577,,0.3569938181426081,0.35752623833404057,,,,,0.3573099257036966,0.3570565887962917,0.3579880679294445,,,,,0.3573851626595698,0.3561401001478318,0.3583760060397314,0.3568947017675758,,,,0.3572335202079945,0.3575902840422578,,0.3570872571691439,,0.3564518694883041,0.3567174297359284,0.35635513276902414,0.3574410403803432,,,0.3567353899573048,,,0.35577722502480863,0.3572364093901591,0.3564519821562615,0.35752078128068915,0.3579060690208096,0.3566059854749222,0.35597121407117754,,0.35716204044113636,,0.35765788363681733,0.357098156862799,,,0.35740169969053703,0.35786376945601,0.35891919486958807,0.35755873187672493,0.3560993619206785,0.35733426640653027,0.35730759910715226,0.35566916247777736,0.35744118023676646,0.35740489767652717,,,,,0.35740920616418903,0.3566420032934907,,,0.3562890591946046,0.3580001476205383,0.35671258157079133,0.3564661719068109,,0.35788673984265806,,,0.3572790552346599,,0.3573553131614571,,0.35727457812300606,0.3583038867471797,,0.35840075672008703,0.357464766265375,,,0.35720974808260253,0.35745912028265187,,0.3574157936428622,0.35718705622581826,0.35790695673216716,,0.3572444072711996,0.3583129038827197,0.35733937310967423,0.35650146726024595,0.355377395995471,0.3596082095102826,0.35883385993279493,0.35993782246146716,0.4763258944452884,0.3501827238513091,0.9196285819478411,,0.45962231898039857,0.3391617916511873,0.3394242681196416,0.9380483504943925,0.9355429111883506
4,4,DG_8pct,16,Z15_F07,15,LL_AB,157130,165465,True,6302.653807466271,6332.128720240663,6347.302998360687,630.0653387619229,635.1166756865728,87.39098382221651,17.181518861772357,447.5711384860121,469.5585640388692,188.2521361751301,190.56875585465338,125.04021202246061,5.710065959555515,6820.921783376718,20.082090864565135,17.600332062464517,69.33066582585941,21.225031476443203,55.94496116749092,139.53827461999032,0.6039497255788009,0.6051742545836556,0.6036212873829097,0.7082503537280493,,,,,0.3583417468249881,0.35942332951474054,0.33664089151649146,0.45874261870559024,0.458693763202538,,0.3392863574875714,0.33965249884341603,,0.9319812392388321,,0.9374506164290868,0.35844395827713454,0.35796435238316143,0.35709137664979107,0.29373253697412066,,0.2942687655165285,0.01407946766967414,,0.01402069873553463,9.837972011786254e-05,9.850583373024235e-05,,9.84890813565344e-05,9.837923240969453e-05,,0.46943384711252406,0.3593780677725369,,,0.3605010949957549,,,,,0.36232068270553214,,0.35991732620532896,,,0.3608750744977248,0.3612473689943501,0.3611771305295729,0.36027664982453445,0.3622915439499701,0.36051568754064106,0.3615916598212915,0.3609975455641283,0.48237580731973956,0.48347832184390344,,,,0.48612918805218897,,,0.4873735541174085,0.48860273028516255,0.48580990360381054,,0.48707158858856603,,0.48568668787630437,0.48611799320394394,,0.485782251552174,0.4867168688229914,0.4863480985993005,0.4866518666078985,0.4859764297762836,,0.48877772571332434,0.487004931419837,0.4865545394180403,,0.487033242401842,0.3615258392458084,0.3609046604931294,0.36179005553505994,0.3916970498871936,0.37225155344924765,,0.37175439534691246,0.3725518234512546,,0.372401383544412,,,,,,0.5642506722891129,0.5623951783283693,0.5643178220276646,0.5638808495011365,0.563866782684314,,0.5635930915596696,,0.5628210571398462,0.5629749423035902,,0.5636368995418675,0.5614996588731838,0.564091421404095,,0.562421350951871,0.5624468114255263,0.5639230838857978,,0.562705227917469,0.5643776817944681,0.5620155073690064,,,0.562839710227161,,,0.5632697926678738,,0.5634027397970781,,0.5627342584421308,,,,0.5635639272377612,0.5633335975465298,0.5635559913320017,,,0.872610546800995,0.873186036264236,,,0.8727060255630127,0.8737530395216586,,,0.8738884609232515,0.8734096092468049,0.8737515529389883,0.874679152503633,,0.8732017113640316,,0.8761928817383903,0.8736071842513672,,,0.8742232916513165,,,0.8742023830109988,0.8736411261624618,,0.8763154256194017,0.8735869940616832,,0.8736856181501718,0.8715115719658423,0.8744269863392071,0.8735919763069475,,,0.8715846381257902,,0.8732550548968201,0.8729107369428484,0.8725926741404338,0.8737475191017507,0.8731688463023158,,,,,,0.3914035371925529,0.392427999132601,0.39265709253538994,,,0.3916128965835061,,,,,,0.3918996883168323,,0.3928772985799187,,,0.39205321342206656,0.39332980906729986,0.39283046966397644,0.3911786482502226,0.39166042125343387,0.39230303305705216,0.3905931822573412,0.3919970733856645,0.39128082630613487,,0.3921385532922623,,0.39137330645543256,0.39132500677410503,0.39274578785825015,,,,,,0.39245375721673015,0.3927764569234804,0.39262014474810136,0.39239831773069594,0.39283208793131286,0.3936544533362076,0.3924694525445991,0.3918422729838785,0.3902814492278879,0.39084842651708607,,,,0.3926473917787024,,0.3695417717642956,,,,,0.3738615697335938,0.3733644444529071,,0.371961282342424,0.3717374893012126,0.5479290251759364,0.5483938072852553,,,,,,,0.54819624831059,0.5469111216843039,,,0.5490060942431165,0.5493613622566764,,0.5461768657472964,0.546888435815377,,0.546777449415949,,0.5478266432135661,0.5444730262896287,,0.5470921261070218,,0.5489705960397897,0.5469397935675263,0.5464622736348859,0.5477524794773916,0.5471952105766794,,0.5493328465973382,,,0.5484697360641092,0.5474278749804279,0.5467011328658475,0.5467180883362411,0.5482465589978223,,0.5497344785275267,0.5501240247479022,0.5511848716858617,0.550230737148806,0.5502554789852333,0.5513396786113586,0.550303165625226,,0.551356986181594,,0.5525819935216029,0.5516372874399474,,,,,,,0.5503112283986269,0.5501194214105233,0.5479629899074235,,0.5497186126186068,,0.5494056569300785,,0.5506570172076187,0.5505258205358663,,0.5521402833932364,,,,,0.888570793126048,0.8870822357872338,,0.8870973335198388,,0.893313707085037,0.887675586375977,0.8886537761729445,,,0.8862425677547504,,0.8848593570390273,0.8859410386640347,0.8860357214584711,,0.8828763861947999,0.8894564369416993,,,,0.8839562741143325,0.8842675561703798,0.8844591228223336,,,0.8876066863598989,0.8871703389958664,0.887514915339045,0.8869474007091682,0.8873499649403732,0.8907428455427,,0.890307196429021,0.8891209018491794,0.8871564555478291,0.8915528083085064,0.8889315908765772,,0.8883904108508148,,,0.8906970060714069,0.8892524798144555,0.8886907315729636,,0.8875347536334607,,,,0.88775525401865,0.8901405649735266,0.8879451787160715,0.8896706511305478,0.8878701526087174,0.8836532796389165,,0.8852750300763222,,,,0.8842648131504485,,,0.8843953653422384,,0.8828889796908604,0.8830046494201671,0.8842978903936735,,0.8837201205718893,0.8827634278310109,0.8837197434602312,,0.8838454614012773,,,0.8835359774636484,0.8831544117516595,0.8867323919662637,0.8860736572837823,,,,0.3856635633598146,0.38635947458584513,0.38671700121458963,0.38674939797222035,,,0.5459292995120776,,0.5456006867790648,0.3702715746240098,0.37002137888503156,0.3708765695150061,0.37002734017794175,,0.369927762802807,,,,0.3718745273594707,,0.3715641486323523,,0.3682577133045687,0.36893569884774224,,0.3656703885393905,0.36497293189980373,0.5830119483930125,0.3982653379810702,0.8592875984517147,0.5952184885600895,0.40704439932845105,0.8619953925200172,0.5961813409251063,0.4078148989134777,0.8593915088671037,0.4093425698842692,,0.4080820735500559,0.40816054115958544,,0.5960992351640628,,,,,,0.37955425911890417,0.3798298204236637,,0.37971387191799433,,0.37988057581970214,,0.37977540817846345,,0.37972047879554177,,0.38035547765037164,0.37938652690118435,0.37949300143503917,0.38028160335159283,0.37909303086916823,0.3783427926073652,,,0.866692094408948,,0.8677537522925745,0.8649424357709908,0.6138517366666725,0.6131888880639765,,,,0.4201595066562791,,,0.866763066075894,,,0.8663949313037517,0.38402549854394546,,0.3848580019497991,0.38469538601960934,,0.38478757448684764,,0.3849920434568581,,0.3839233563948732,0.38526091265560264,,0.3836449979937287,0.38402491573388176,0.38508216428942205,,0.38384107520472005,,,,,0.3831041907882225,,0.3838128599379991,0.38341927557241584,0.3845301073473031,0.38359138546220384,0.3844367056686739,,0.3840939142448827,,,,0.38553376089063196,0.3836954691083663,0.3843541967478956,0.3842509276668919,,,0.38379142898821245,,0.38544308936302796,,0.38322109612916244,0.38429064123656886,0.3846713727781494,,,0.3841803707777554,0.3839177317061841,0.3847171243928591,0.38408230634702245,,0.3845590725418571,0.383866805451147,0.38495996302130725,,0.383938598261518,,,,,0.38231368458918724,0.38309745721058275,,0.3831356403848292,0.38329213888064,0.3814368346314172,0.38225822162627954,0.3819948016589569,,,0.5360076228252082,0.5364686313113932,0.5383680775845644,,0.5353022296735879,,,,0.5351472377483042,0.5357315108208902,,0.5352263283134054,,0.5341935853257953,0.5341335133282098,,0.5355529257013767,0.5349241327076302,0.5356513353673314,,,0.3831395872224975,0.38258159878564957,0.38309946467458866,0.381414722799906,0.3834031774222463,,0.8923954973439756,,0.8939527070606016,,,0.8938019892657809,,,,0.897087848841627,0.8994938991194911,0.8962399396514552,,0.8948174072684096,0.5343227173532972,0.5336413757589668,,0.5337301749195743,0.5358265436108277,,0.5356009262989733,,0.5358929871732083,0.5364752525210886,,0.5373712200487187,0.5276392799549111,0.5334118991792668,,,,0.8957362183647559,0.896037284516494,,0.8964523264621055,,0.3829664081542108,0.38308016533636635,,,,0.3824403442550583,,0.3818226390614115,0.38245022105637777,,0.3825141304004517,,,,0.3829318718189982,0.38342066284584153,,,0.3819802824205488,0.3835640243493734,,,0.38348451287486285,0.38210727987136067,,0.3822681867239301,,0.8995622569690895,,0.8956577500083777,0.9000777473364998,,,0.8965253955161704,0.9011462688182853,,,0.8950173143565999,0.8941768331881693,,,0.8954928986648159,0.8972882343448052,0.8983956460586824,0.8970516051563717,,0.8991355692238234,0.8978743650861902,0.8956411498603211,0.8957182158406951,,,,,,0.3731367145215101,,0.3757833559356479,0.3751069629216327,0.353789671206527,0.3779029967178517,0.3614025270772023,,0.36159811350982896,0.6047575748925142,0.3565184592720507,0.3573441123851361,,0.3572799405050367,,0.3566247394042048,0.3574068055873991,,0.3564568691232192,0.35647878493003937,0.35663654767272,,0.35615393300486325,0.3568762533350981,0.3573441015249101,0.35597755368347767,,,0.3566739397739543,,,0.35736772818009893,0.3572911676923052,0.35624457010630917,0.3569084708536585,0.3574032840801789,,,0.35604384018791313,0.35666221302841217,0.35714468251472,,0.3565800575735343,0.35748832830281874,0.3571901622669044,0.35740758073591616,,0.35612061025943775,,0.35769169236699955,0.356986132475288,,0.356842472924431,0.35672695493712503,,,,,0.35790208039134785,,,0.35749705949509014,0.3560907450851607,0.3559244856419792,0.356919152238282,,,0.3575519853506778,,0.3560146823985594,0.35787073281256926,0.3568841535035759,0.35624672480741565,,0.35672642647869734,0.3571509935893096,,,,,0.35820170745756824,,,,0.35705731287581205,,0.35629241858235067,0.35676093832484956,0.3577400222511754,0.357770166201538,,,0.35655254629287314,,0.3565776334594266,,,,,,0.3573548477542605,,,0.35670848556634066,,,,0.35814231085572484,,0.35676558829254257,0.35775900213952994,0.3575827044521392,,,0.3564106529968443,0.35651539793501025,0.35721861855758574,,0.35693824396442464,0.35745082510500636,0.3564521621955206,,,,,,,,0.3580927844432872,,0.35671037172646486,,0.35750117923400326,,,0.3571408323377722,,0.3575350064666923,,0.3559863794507699,,0.35709252703700756,0.3571233030270846,,0.3581490088776551,0.35669033378628257,,,,,,,,0.35778812246714914,,0.35722713085941565,0.35815597147708916,,,,,0.35660727873105197,0.35606336020136053,,,0.35777748982233193,0.3572784475118981,0.3572747553567991,0.35720094055017104,,0.35782225174909754,,0.35706548172854136,0.35668271507338645,,0.3575190738602499,0.3579937942801017,0.35732628374361713,0.3594391302509624,0.3604957254174164,,,0.3506465443503225,0.9213614282942081,,0.45831101364649696,0.3403582111817058,0.33878957319271313,,
4,4,DG_8pct,16,Z15_F08,15,LL_AB,157129,165463,True,6400.477152485104,6404.6660752765365,6433.931376338309,627.6885956035815,636.4962256455202,88.23688836046351,17.059582951689677,444.5583204494145,466.4017036392912,188.41923950101088,189.66810054142326,124.62608111037373,5.674021709211046,6966.185868685345,19.922616466230597,17.478483431110078,69.73574244329396,21.32847391311413,55.40053186240526,139.59981903147067,0.5980361688913084,0.5973757738850451,0.5993997266983662,,0.5998110637543224,0.8825047305571746,0.4825543250324287,0.34866056086209984,,0.34959326819246855,0.32803768083346474,0.44875446752142606,0.4493378833901729,0.44844864634958087,,,,0.9351464706811254,0.935523536747727,0.9362238520899061,0.34947736005445623,,0.3486121404414739,,,,0.00010006858258088767,9.993438966369546e-05,,,9.951979872479806e-05,,,,9.958624176242668e-05,0.459339570262711,,0.34994947862174997,0.3500159574650809,,,,,0.3515030698402827,0.35181941043481507,0.35047478041060265,,0.3522769051506018,,,,,0.3507387726013982,0.35235240835361264,0.35180803063014776,0.35113789050692445,,0.472228735395388,,,0.9118379563499734,0.4767168091843177,,,0.4767368646588152,0.476663157264241,0.4762480694637488,0.4751052952545521,0.4748423649705985,,0.4772718292943434,0.47754037380349584,0.47670833212941677,0.4776042954046205,0.47518776100316346,,0.47497826805558546,0.47616918630410504,,,0.47640588706618214,0.4769458830586988,0.47627812806555064,0.4775520146052352,,0.35155004358557,,,0.38198950839545137,,0.3628203868561043,0.36253107378435806,,0.3625221704857278,0.36239680230334115,,0.5554054013567358,0.5561734806532471,0.5539596510439703,,,,,0.5544108322383434,0.5546297844231965,0.5561571817000165,0.5547614166774616,,0.5580571249600202,,0.5552736560081882,,0.5553338333374709,0.5554448914946616,,0.55546865678793,,0.5570513790844865,0.555530404896203,,,0.5529869814196338,,0.555882842921316,,,0.5552791401266894,0.555841527414471,,,,0.5545002920789924,0.5562321805286566,,,0.5548641335409088,0.5538845756748408,,0.8714587922775859,,0.8733673768331914,0.8696090570930743,0.8683801303497471,,0.8729344333913478,,0.8709480578648009,0.8741594320624169,,0.8684681794480985,0.8710589074684397,0.8726628631802249,0.8700420112751377,,,0.8706874810247515,0.8709056731914046,,0.8703341541267122,,0.8718362352029531,0.8713868574027696,,,0.8718000662344836,0.8718113394542341,0.8686132866886239,0.8707519617241345,0.8710676837946276,0.8690941849165339,,,,0.8710653249440756,0.8722239954306458,0.8704593284244899,0.8714785043503096,0.868085116242739,0.8694829359902473,,0.8703159156166875,,0.8690536036141867,0.38471751632874424,0.38462537248038847,0.38553884258277615,0.38469682803219024,0.38481652972920477,,0.38493403528096676,0.38498949554431455,0.38505089191593844,,0.3863070884883631,,,0.385250811453345,0.3849549724249813,,,,0.38479564371750646,,,,,0.3849971911427834,0.3837581139957826,0.3847616943020162,0.38385340293508946,0.3861515190148634,0.3851305805997731,0.38448026508367644,0.38433203817279477,0.38472129416010875,0.38459567502077835,0.38469834559452626,0.38576019337089296,0.38428305426574716,0.38548746926020133,0.3852843400543706,,,,,0.3850413790103932,,,0.38367335643375966,0.38347104434619356,0.3849262036839336,0.38465130749980586,,,0.3856549501712634,0.3839078193870054,,,,,0.551071324852927,0.3609570434182674,,0.36294693062619415,0.3636154840311678,,0.36228616291551075,0.5386908700474473,0.5382415324820377,0.5373581327568593,,0.5384105410300483,0.5372859268043134,,0.5382657047986485,0.5383610872069721,,,,0.539217820646191,0.538729674667279,0.5384909201883783,,0.5406633618595429,0.5388687725313182,0.5402508088747364,0.5387966670412248,0.5399423128524221,,,0.5392709649642611,0.5392772299654861,0.5392408669478628,,0.5376617672212243,0.5398892654352888,0.5383157369750772,0.5387550214926565,0.539406945699156,0.539195854494377,0.5385071794291363,0.5378591265225376,,0.5387880968030961,,,,,,,0.5416638385333747,0.5405772491859085,,,,,,,,0.54325096755528,,,0.5420286741700705,,0.542468820757753,0.5434342041956093,0.5395796455834223,0.5423250366853961,0.5416658526328213,0.5399542602783348,0.5406746115180329,,0.540466308793575,0.5423078428790264,,,0.54315851425985,0.5428843533472699,,,0.8844216850040673,,0.8861034072002474,0.886175319562436,0.8882566233889585,0.8848208462171039,0.8844826689586766,0.8854689702187036,,,,0.8851468035648933,0.8837535449389906,0.8831855653742245,,,,,,,0.8848864514413773,,0.8798403414422165,0.883496815306781,0.8835661704096285,0.8874496939594491,0.8870904712835673,,,,0.88292508317951,0.8864714880014747,,0.8864655691059938,0.8876779919001508,,,,,,0.8858316057433132,,,,0.8864637760310512,0.8857227848059739,0.8853351041807799,0.8859482097557884,0.8874766954011536,0.8833078922110749,0.886231257059548,0.8847005190062591,0.8873341587334345,,,,0.8822898795775224,0.8838375670806689,0.8843751543831478,0.8821280225276852,0.8850110353960313,0.8796451939347567,,,0.8821793639019162,0.8846499522012471,0.8810460186529759,,0.8820651997521056,0.8811741119259339,0.8815181426672534,,,,0.882803475471889,,0.8841144105178922,,0.88217856246327,0.8830373258702531,0.8821920069080829,0.884139323468053,,,0.882286208645725,0.3786178998172648,0.37884894755752235,0.3790633139430192,0.3779454261830714,0.5357384203640358,,,,,,0.35981137673836233,,0.36133655559115885,,,,0.38256546168660177,0.8707041972618917,0.36193367631786266,,,0.3600076052703385,,0.35940441372816107,0.35550508898381583,,0.35594273470495635,0.5750595190725521,,0.8539416919616589,,,0.8587876838430207,0.5859366376996936,,,0.40144840261036113,0.40088121788618813,,0.40161072194706826,0.4015515979607333,0.59097832284645,0.401734029147336,0.8568859045104229,,,0.3703333442270199,0.3711553694151776,0.36970649918445986,,,,,0.3699309575863454,0.3700870218144444,0.3692158128680211,0.36969555683324895,0.36925789637221273,0.3705150584735632,0.3686878138169398,,0.369624900879289,0.36925021082873166,,0.8639155761885546,0.8654631452962244,0.8629656559617958,0.8635935788122578,,0.8582560862587,0.6057199371418261,0.6074863709751889,0.6061918459549636,0.604309718149019,0.4134637244801588,0.41279115045105874,0.41414619873607794,0.413590245329477,,,0.8630283180376777,0.8651729189636701,0.3746449397015389,0.3742804515306116,0.3752103569534704,0.374626258515018,,0.37486797024009477,,0.37372738507106357,0.37449271161886394,,,,0.37464821929218783,,,,0.3741672223535605,0.3743317967128178,0.3743609444114226,,0.37544783410036614,0.3759965149703119,0.374754200511437,,0.37526250726075905,0.37299205840320687,0.37385008762080607,0.37472135257285094,,0.3737500498447274,,0.37334361711763636,0.37419093832027883,0.3745574914279428,,,0.3740943351628925,0.37460395259642953,0.37391117137718094,0.3738822935224331,,0.37225556749277416,,0.37373861677012965,,0.3732623060696904,,,0.37427274985385617,,0.3744629371903125,,0.37368151839735064,,,0.3719222997041782,0.3732938217225377,,0.37433801117132826,0.3733932307424368,0.3736059303485596,,0.37431712495753583,,0.37443138512300755,0.374792652801432,,,0.374506738271259,,0.37365200889934413,0.374720772066102,0.5256692831039782,0.5280007636043292,0.5267073626643966,,,0.5275442658125971,,0.5275313221338513,0.5279874362474221,0.5268927673315043,,0.5271466496808092,0.5280927438385261,,,,0.5260868217416926,0.5268358478944437,,0.375696292112302,,,0.37442552432991494,,,0.374403769964705,,,,0.8926313625054867,,,0.8932769395672695,0.8920795690137061,0.8930384732307517,,0.8956481719180983,,0.8957772194454123,0.8919303002135397,,0.5267679492121969,0.5250301029769417,0.5243514499705108,,,0.5268420487841758,0.5272573013924915,0.5278021477603687,0.5267560338940944,0.5280257216301422,0.5260419155312377,0.5263917749703648,0.5196227061522118,0.525518833271997,0.5260669693906384,0.8951555151273032,0.896335251110616,0.8943614980709412,,0.8956734644463755,0.8950920889414065,,,0.37558705604134923,0.3748251473886547,,0.375459448914406,,,,0.37478777259342694,0.3746877927988096,,0.37456271106925243,,,,0.375015319263957,,,0.3749876594926798,,0.3747896905814994,0.3754038479091965,,0.3740301985532452,,0.3734561483911749,,0.8977007894431374,0.8979818409714349,,,0.89470311841972,,,0.8977704927930411,0.8953386553204655,,0.8929163369153907,,,0.894746483129118,,0.8956337722922746,0.8961193899958898,0.8952607125501456,0.8956001301355628,0.8943350687794082,,,0.8960555834111198,0.8958807288135482,,0.8955119410592677,,,,0.36524258275114935,0.3650702181858708,0.3643589226772859,,,,,,,,0.3474578630726234,,0.3484393178738498,0.34827330025655506,,0.34752545116606476,0.34868983300555084,0.3478723481504101,0.34865247988807563,0.34732632339955477,0.3475319364439737,,,0.34783414542986796,0.34847907861184174,,,0.3486069089261062,0.34801358429471485,0.34815237166938157,,0.3484571762824263,0.34712364239215715,0.34610227997760845,,,,0.3479318825364228,,,0.34765066826221436,,0.34780107211220657,,0.34734416755438685,,0.34691918756832113,0.34729302125443473,0.3480183498036628,,,,,,0.3469924246004533,0.3476413726560618,,0.3484176217194923,0.3481881231818262,,,,,0.3479882245564244,0.3477606396912934,0.34734685913022667,,0.3474216947414141,,,0.34763253303095526,0.3484617295460579,0.3471060570399456,0.3482150737710777,0.34765387411323073,,0.34797569540606343,,0.3471154470325703,0.34864320778231456,0.3486789916407996,0.34752901341881853,0.34747547856110234,0.3467193159450009,0.3479942962429633,,,0.3476207171974263,,0.34798689169697705,0.34762247944723307,0.34852894666483225,,,,0.3475316795311969,,0.34766816116568033,0.3465448508536468,0.3483018567176107,0.3475097899860893,0.3478104444605009,,0.34751663609386463,0.3478735131539119,,,0.34848785506919555,,0.34811310821071584,0.34788568479985105,0.34793113185726005,0.3476186853685368,,,0.34721217302803864,,0.34702061997462674,0.34687903812328363,0.3474520707737138,0.3470621736655312,0.3472680761932953,0.3471687096185181,0.3466648716315141,,0.34798197887353327,0.34748516737349006,,0.3465603024118584,0.3477566781360853,0.34724004236634043,,,0.34788936393261777,0.3478486965294783,,,0.3471887306346996,,0.3494758670433832,0.34898653917110845,,0.34830712609784736,0.34829554976914745,0.3472515682761974,0.34830464602145134,0.3479556693170462,,0.34756386688408764,,0.34740388087483826,0.347904720072555,0.3477392949437785,,0.34843991689714426,0.3478718985082437,,0.34752948463754757,0.34808762610563765,0.3474515129044209,0.3476416130122662,0.3477542838867923,0.3482734322888669,0.3482576920163351,,,0.34852119852441993,0.34871445220848013,0.3475948514930637,,0.3487888881615741,,,,,,0.34771289344342027,0.34964374053750874,0.3497539819345621,,,,0.9213960197245771,,,,0.3309953765890398,0.9337825100781311,
4,4,DG_8pct,16,Z15_F09,15,3PH,157130,165465,True,6881.061632506412,6930.94421739747,6936.395413166594,283.4571542952547,285.7520474262182,29.342601352668325,6.3395146263631075,237.37442275469422,240.03548236664128,101.75076741759433,102.30657419392138,67.89672560083,2.036698357970602,7181.9076172911155,7.298109946968856,6.907128516436023,26.479232079295155,10.117098455380033,20.76436055563803,70.16794451551799,0.6054927021253237,0.6055359440230984,,0.6077039488995879,0.6067474530504318,,,0.35703590813358,0.3577222643524348,0.3585116910350645,0.35831126442338385,0.36179194235524864,,0.3626623387715139,0.3616701929967741,,0.36226659381680537,,,,0.3577277370075559,,0.35743051531512937,,,0.2940424334628366,0.013977199354668313,0.013997652961993096,0.013995691830747545,,,,9.823495068357362e-05,9.832960718209785e-05,9.811824833526778e-05,0.3635697525702806,0.35538265710690187,,0.3552033376929797,0.3624149379659634,,,0.3631738082658206,,0.3632237989182351,,,,0.3634528161578851,,0.36363475948468366,,0.36336221086916937,,0.36299331641816673,0.36318119388018966,0.36372252600755334,0.36276594818547525,,,0.36402670805538007,,,,,,0.36484293243679944,0.36451045559383694,0.3656688257256601,0.36596748433367005,0.3653432646616896,0.36507010746697727,0.36527810512962405,,0.3658390000438127,,,0.36520156023842315,0.3649358177105748,0.3646126606555238,,0.36541573860277893,,,,0.36182049572660424,0.36290359136381856,0.362387905011392,0.3761155569553203,0.3720137903163238,0.37259711076473323,,0.3735478894720515,0.37248391474828907,,0.3763203046216472,,0.37683687510393793,0.3776929184723424,0.3773437179055041,,0.37610842151091656,0.37594522106601386,,0.3762661386218583,,0.37722728741829736,0.37656989280122855,,,0.37597106180989553,,,0.377068063588766,0.37636744030225205,,,,,,0.37587857316660445,0.3753430032107131,,,0.3763195150995018,,,0.3768536260907187,0.37630886317397244,,,,0.3770573947683705,0.3755368519603295,0.37586837320698385,0.3767266813805296,,0.37708269079824464,,0.37764623391524826,,0.3780259555526671,0.3771527306714523,0.37586891488678176,,,0.3764078293803421,,,0.37650655232422514,,,0.3758794564100863,,,0.37582217555975744,,0.37660124603849404,0.3755142356104503,0.37594320871669995,0.3766362182836989,,0.37587176289470275,0.37611758816047725,0.37631959776130713,0.3761627668770801,0.3767318675605172,,,0.3767488263017459,0.3761487543832887,,0.3762339893233872,,,0.3764381453850768,0.3770341580544072,0.37636414891590797,0.377407545095885,0.37514107980355554,0.3768040181273603,,0.37593850648561794,0.37809442795058223,0.37633625467664056,0.3773314408493337,0.3773767929742681,0.3761483001222788,0.37745220258265494,,0.37737859423107756,,0.3781608048804732,0.3777837940136445,,0.3762765558908704,,,,0.37724144012101135,0.377308431741103,0.3778923708133212,0.37730798362083784,,,0.37727611590948523,,0.3774172394094502,,0.37762370469163287,,,,0.3772845744034462,0.3776394937828908,0.3775259385568455,0.3779694083791003,,0.37697187665772386,0.37682525546419554,,0.37827362261143777,0.3776957328795539,0.3778933774243916,,0.3781732771452653,0.3780202649152597,0.37799126317230564,,,,,,0.37676310375475885,0.3777321679164039,0.3771324673285216,0.36395292725986933,0.36416981536000076,0.3640051943772381,,0.37487908882335874,0.37467127914976533,0.3732190238663393,0.37335844212651303,0.3738502485036738,0.37409964568630116,,0.3778457678559947,0.376776461221971,,0.37717339767328184,0.37677137932942995,0.37668743484859696,0.37622976649053225,0.3770479787580041,0.3774986656102184,,0.37687463427278595,0.3768406459618309,0.3771732583966828,0.37746317343670654,,,0.37654294681720835,0.37735361157234154,0.3773148043499055,0.3766478865989946,0.3765524068796542,,0.377044227596265,0.3757944187178314,0.3757584550990722,0.37585654402797153,0.3765220000814488,0.377520523094621,,,0.3776582098081942,,,0.3754423182178346,,0.37730722711704984,,0.3757763696730692,0.3774432046423969,,,,0.3770370391924827,0.3769374119005679,0.3759823800049895,0.3764142552382884,0.3762220825466363,0.37611965755425614,0.3750726017025259,,,0.3772677895244916,,0.37671399987413695,0.377331611079813,0.3769120876787075,,,0.3772102974434101,0.3777527861685487,0.3770048246812532,0.3771275067557386,0.37673230667390395,0.37659487823983206,0.3761526328312966,0.3766104485635295,0.37628931144632355,0.3765652931804766,0.37650431835898385,,,,0.3754331484261389,0.37635820072677245,0.3763680752279978,0.37426796291240205,,,0.3766075042303827,0.3752558857122801,0.37658991213157966,0.3756803257612764,,,,,0.3760988461378922,0.37637925845124764,0.37619949932251917,,0.3749359503256311,0.375484787310989,0.3752136373082681,0.37631773588902717,0.37626133509853715,,0.3748661575103373,,0.3747081704722933,0.375725502015868,0.3748163492907053,0.3760147170633906,0.37425512594502425,,0.3764363241366249,,0.37610273720699083,,0.3762198255255537,0.3763897923153853,0.37466223900925205,0.3755656993911567,0.37596930253895255,0.3757377536210072,0.3758756945122609,,,0.3751597136737173,,0.3760966932378693,,0.37551493787488366,0.3756001512635597,0.3762018801650878,0.3754185805453422,,0.37642044828389926,0.3759652378226044,0.3749304263145702,0.37659077499043425,0.37509528704655526,0.3761908626504643,0.37508668602964523,0.37449203670451375,,0.37670233611800585,,0.37721674860507837,0.3750866246985015,0.37551896729708567,0.3746826387916816,0.3754746145132648,0.37572960197479754,0.37685529181085076,0.3750400764589818,0.37527001606744453,0.37593370476651694,0.3754316194481483,,0.3755875799960027,,0.3768330061410004,0.3750267265171349,0.3758627605385123,,0.37643298687455035,0.3762526971951662,0.37586280082835377,0.37697629515131204,0.3766475319910588,0.3762441943582757,0.3771603743950478,0.37607201360077525,,,0.37716966923798134,0.376123812983849,0.3680139883472829,,0.3683638956601048,0.3685460482872201,,,0.3771766483596351,0.37597620206957083,,,,,,0.36195146897630176,0.36223321214552134,0.35277115605359616,,0.35348912745773003,,0.3781243932052355,0.37745356452947376,0.38258546736757293,0.38067498852422954,0.38091608157906237,0.38281783501348704,0.38349641503483045,,,0.3830966053329115,0.3828741308745239,0.38289923065059334,0.3837203655084981,,0.38232220529187577,0.3820208900635339,,,,0.3816648981987693,0.38294922015113536,,,0.3825141309558236,0.38293565389065787,0.38276189261208515,,,0.38269932058351525,0.38312794766058683,,,0.3818861592713695,0.3835334930006924,,0.3822558727229422,0.3871305577677149,0.38554760359644796,,0.3882608103882875,,0.38436564432908876,0.38898212403475024,0.39139749467258006,,,,0.3898639701611149,0.3888058760206058,0.39008505073844024,,,0.39015443858471144,0.38962927761852933,,0.3871012059132559,,0.38674792365251737,,,,,0.38789143906403917,0.38728081505471873,,,,0.3875486341714783,,0.3868369812922405,0.3875311568383115,,0.3860774055688783,,,,,0.38758405776170474,,0.3865170957479274,0.38622373537654253,0.3868276705504549,0.3876815125413715,0.38653546457510024,0.3871406853992764,,,,0.38655274382848515,0.3876781150378353,0.38696690262035366,0.38593788620346053,0.38757961166453186,0.38769667290223103,,0.38815639176961064,0.3862433739937538,0.3865371606423578,,,0.38830805173727373,0.38769248520891175,0.3876796839624044,0.38814007474537476,0.387689815396165,0.3872703337512243,,0.38713920153933795,0.38802958346898947,0.386127165694023,0.38680852628460954,,,0.3874880525536217,0.3754037426047333,,0.37493684485634743,,,0.37536579525075,,0.3762528000642189,,,0.37562963823627676,0.3764775133596645,,0.3761979212435542,,0.37681418389477556,,0.3762280176620813,,0.3770530263957141,,0.3753092828224858,0.37530313008286775,0.3759158944658177,,,,0.374725902259605,,0.37562331805038807,,0.376143651730414,0.37738050423133945,,,0.3766950192781807,0.3754916833701016,,0.3762154610135084,,0.3740192443386144,0.3742101818493357,,0.37480414059985767,0.3733584071625393,,0.37300559532053473,0.37481511702185877,0.3739787788779039,0.37486642172352536,0.3747363477345567,,0.3756318094213005,0.3752366412095982,0.3753531914443072,,0.3743189192276654,0.37530541751256585,,0.3763534866788662,,,0.37533181260894316,,0.374868476292146,,0.3743673934365307,,,,,,0.37470198314476255,0.3746703458562597,,,,0.3756692315292785,0.37619055299566967,0.3758220274072375,0.37616077161560724,0.37628914233888755,0.3762408158421359,0.3772644159936988,0.3765797634018875,,,0.3765897846353151,0.3764775984769131,,,0.3769677897272921,0.3764402374529616,0.37608698230994314,0.37542180545204656,,,,,,,0.37612800730011775,0.3760585439492862,0.3750588699488918,0.37514458638059006,,,,0.3748729966036841,0.37472951895517587,0.3749507565608585,0.3748325848597645,,0.3742511666608645,0.37497092423128053,0.37515449791949396,0.3746808091483484,0.3754605040844351,,0.37439944216332105,,,,0.37506184355631744,0.3762680386674761,,0.3751128932617819,,0.377103984223788,0.3770218791170574,0.3767939224368381,,,0.37639000954308366,,0.3945597525849865,,,0.3629114353026711,0.38526210081668977,0.36038338394904784,0.3607266560084703,,,,0.3595659101640521,,0.36021119450923306,0.3593660339591948,,0.3598020668894025,,0.35969255737892775,0.35869958919344636,0.3592356823458521,,,0.35864963602956573,0.3588469488021238,,0.36049253787608165,0.3597833305212206,,0.35937559889522136,0.3599491502718955,0.3592063920570397,0.3595876756756193,0.36074096637526615,,0.35911564894709874,0.36015222649837764,,,0.358979905795905,,0.3599532631820441,0.3601593195272044,0.3592284607643499,0.3583675086911,0.36011726013229794,0.3597428656970007,0.35918472426760845,,0.3594676385106635,,0.3599763860951178,0.3596643539417802,0.3597034644400574,,0.35970159804124124,0.359437174316165,0.35967815785739404,0.36011253466801957,,0.3602686716854166,,0.3597067599943341,0.35967620917811804,0.3593793719702939,0.36118434586550496,,,0.3592746869713631,,0.3593487069756442,0.3586408838482564,,,,0.35920229136888165,,0.35933128986090623,,,0.3596022889861285,,,,,0.35856573737092773,0.35998637734899186,,0.3598216188222439,0.3587926157961748,,0.3600360924034723,0.3592271308816041,,,0.35963744321068764,,,0.36014404401719624,0.35897262818065306,0.36027497434655004,,0.3596942200634954,,0.3580964519709559,0.3594769576674008,0.3597993086879271,0.3585487901396402,0.3593242592859503,,,,,,,0.3598705091826473,0.35946974559808514,0.3585485456342175,,0.3597162522349099,0.3599840084020655,0.3592120444307474,,0.36064101858693776,0.3592462426629407,0.3600381434291837,0.35953371940143775,0.36009008022767025,0.36017530224673494,,,0.36026181857417544,0.360283326730762,0.35918469833487254,,0.35915748474569353,,0.3589301012585748,,0.3597030341588906,0.3600202579847865,0.359696972581949,,0.35942477579577947,0.359514225522607,,0.35961581023011036,,0.35921586433121866,,0.3593082465810391,,0.35868813715550474,0.3598847326186146,0.35986260326732866,0.35849512854765014,,,,0.35862160541303734,,0.3591278672106629,0.36003670198679666,0.35905265184254537,0.35955814268220015,0.35885742678636723,0.3590208513503122,0.35891533347288107,0.3604103823264843,,0.35864178953822884,0.3589978366089942,0.3592101953097814,0.35772164745655705,,,0.3571097980490937,0.36427073616890265,,,,0.36143632266176184,0.36201331734467246,,0.3619062618509302,
4,4,DG_8pct,16,Z15_F10,15,3PH,157128,165461,True,7510.955434452845,7549.932147356034,7553.014155240273,237.15563240931928,239.51499290247588,24.607076207497332,5.311788529717133,199.17209494912407,201.66382085849412,85.35720929253043,85.62360149803106,56.72341443253999,1.709947741754053,7769.180947018535,6.113565112407536,5.7653173239728375,22.346588595959528,8.493006547127523,17.428216775592258,58.926897804383394,0.5743380510733064,,,,0.5764048389128446,,0.45315027148617204,0.3010434638092306,0.30169298898467,0.30073761416084166,0.30010276151404763,,0.30501414025229767,0.3043310213533379,0.3041939379588698,,0.30339698174364665,0.304016102518589,0.3033570831956341,0.30404497722044826,,,,0.23155804233568847,0.2312700846075062,0.23215546600813292,0.00010507343645935458,,0.00010519224563499217,0.00010636892302589703,0.00010672415314732779,,0.00010646733819507578,,,,,,,,,0.303779519031883,0.30523593880647965,0.30469515618570625,0.30487202907624644,0.30548423930534396,,0.30401241735629736,,0.3049230138248642,,,,,0.3040278328021717,,0.3049936459071138,,0.3061266534040355,0.3068027604204912,0.3068553701117013,0.3066504540712918,,,0.30650202688652134,,0.30662115681266006,0.30680181848382837,0.306399909697266,,0.30659821901658146,0.3058084653254904,0.3064600879994386,0.30645025888374927,0.3063691497780386,0.30562098652744657,0.3063300595092675,0.3063555914340252,,0.3066587532241845,0.3070406898363605,,,,0.30680190007253805,0.3044490054114671,,,,,0.31187084504204127,,0.3126620260876891,0.3122237812651754,,,,0.31590818919108976,0.3167516301195999,,0.31728414843988245,,0.3160573434730247,,0.31660867196852405,,,,0.3169089789523576,0.3159941218702778,0.31676798819289564,,0.3162062631370424,,,,0.3167127261916481,,0.31634759194892004,,,0.31586279432940295,,0.3161748240398018,0.3156167602054375,0.3157803927244619,0.3158207278096602,,0.31577407198960294,0.3165025052112135,0.3160380637335884,,0.3159590620373941,,0.31706134651878043,,0.31512581366142844,0.31578078643092933,,,,0.3173041007022252,0.3160278875318988,0.3168045039104635,0.31634856154504176,0.31574715197675945,,0.31627800447750887,0.31491959523905655,0.3161178171590236,,0.3150041066611032,0.31630252462183417,,,,0.316474331870316,0.316489040101168,0.31649305944547684,0.3152550050161104,,0.3156261385806646,0.315894570303013,,0.31609546250606724,0.31551996794562626,0.3162931772295985,0.3157636483086696,,0.31671958146698237,0.31604353269350716,0.31600231660990385,,,0.31559874674058014,,0.3154779740533563,,0.31615727111826064,,,0.3156905880262356,,,,,,,,0.3173160310744333,,,0.31724003852777927,0.3168472267108791,,,,0.31671161827597305,,,0.3173503523570364,0.3173244484575998,,,0.31716003692964945,0.3161683653873665,,,,0.31584575805622206,,,,,,0.3165267716032599,0.3163483509825086,0.316704278869432,,0.3165545959396391,,0.31623632672008006,,,,0.3165000230938749,0.31718293594434377,0.3172176085526544,,0.31626034735264225,0.3166097242224528,,0.316829787249093,,,0.3163112791860711,,0.30567670547189524,0.30498264774674055,0.3164259289996169,,0.3135445947212957,,0.3147051531049096,,0.31354114527291793,,0.3163196147354552,0.31631264863969255,,,0.3168981881232139,,,0.3156436276997564,0.3156931904128511,0.315799107233957,0.31631094316337277,,,0.3158134021627502,0.3167243616813824,0.316057794118298,0.31722555679469155,,,0.3156154712295019,0.31556261487104115,,0.31616039962391146,,,0.31634789087412796,,0.31683155608095775,,,0.3152804351056899,,0.31621969860966104,,0.31612382564358693,0.3162777319493654,,0.31555490199439334,0.31613097993371025,0.31708632707853035,,0.31658779536221754,0.3163898619877403,,,0.31599058860908164,0.3165750125004744,,,0.3166087632472829,0.31563612448034395,0.3168732246860925,0.31698915282616363,0.3161169556041056,0.3176584611953814,,0.31639062040469024,,0.31618208123349373,,0.31739702587937363,,0.31547207379790276,,,0.3173127742138657,,,,,0.3162903147212575,,0.3151906946462362,0.3154328394162102,,0.3152668494111299,0.3154023613239487,0.31581320231122184,0.31508412470882646,,0.3145752914157471,,0.31555805033774803,,0.31644475884089757,0.3151285045423506,0.3154203877748502,,0.31528743341522336,,,0.3150789751987646,,0.315705850664622,0.3156297127523446,,0.31504326366397983,,0.3148795817229309,0.3152224690300196,0.3154959253742341,,0.31471023220265437,0.31559796900665765,,0.31578950990941723,0.31558734509522857,0.3155193919665789,0.3155121483477489,0.31582660677482616,,0.31540907428684095,0.316028805868329,0.316224127188674,0.31544817357013527,,0.3152284816779524,0.3146623518711907,,,0.31515372218317067,,0.3146327336169526,,0.3159838070161313,0.31587450632473096,,0.31557360921007516,0.31480667107593996,0.31579639927222325,0.31457080598659243,0.3152377405755321,0.3149289942170602,0.31469942525197864,,,0.3160538996233999,,0.31552065147788155,,,0.31472382718185515,,0.31479874194153745,0.31528880338665616,0.31568237597318966,,0.3155863907521323,0.3157838105981386,,0.3157381095007005,0.3155779080904444,0.3151766459295546,0.3162142493269162,0.3159806476427877,,,,0.31649342288840204,0.315933991550637,0.31779205832812507,0.31603903962936813,,0.3150298984403155,,0.3157136322135248,0.31644784146857713,0.3094266910933452,,,,,0.30944706247336234,,,0.31477702021211257,0.31258030504711914,,0.31120383781772715,,,,0.29691397166454614,0.2958259836154334,,,0.317357334934991,0.3172546004844481,0.32072457702523205,0.32155618402648356,,0.3219532879563305,0.3206522780641965,0.3204404391984921,0.32175599466418364,0.32198498037384965,0.32222168953545127,0.3221229157903132,0.32187146669783273,,0.3222423753878766,0.32158752139762903,0.32328404502391916,,0.3217786061669061,0.3209908141729603,,0.3205868305531514,0.321634708173136,0.32097917456376784,,0.3212677095397971,0.3203896316101256,,0.3214063287726159,,0.321024642622142,0.3205413248073394,0.32071085212441114,0.32161856271633793,0.3200487961285347,0.32131343827651215,,0.3253143705687491,0.32489610469746505,0.3255243139740332,,,0.3269349042979497,,0.3267207064813011,0.32610942773976503,0.32683732296690243,,,,0.3259637646069192,,0.3264345985228182,,,,0.32510961407655337,,,,0.3260605207304361,0.3254955734797248,,0.32504870962065696,0.3265158550776511,0.3263807932058821,0.3251979913277859,0.32443552646046986,0.3249999036133997,0.32546454368492506,0.325377534038339,0.324726797511427,0.32529948176056817,,0.3254479420079009,,0.32574685772794765,0.32421255641343805,0.3249772970172444,,,0.3256626371133575,,0.325011985060259,0.32493218027796894,,0.3248368451076542,0.3241377861937719,0.3238825794771305,,0.3244796025863831,,0.32462466604325657,,,,0.32488935944096553,0.3245491682718008,,,,,,,0.32479411624422644,0.3252531280959325,0.32556165116112906,0.3251236083397195,0.3254156096414284,,,0.32476376289291337,0.3262431227770757,0.32535536817894556,0.3152717810157196,,0.31528526223593756,0.31493776757976627,0.31548558432865065,0.3157954005429382,,0.31595568988179784,,0.3164811650867616,0.3161220533536961,,,,,0.31583000289595115,,,0.3156124821102328,0.31483315671507334,0.315519855105507,,0.31532374550749914,0.3151542084713339,0.3158559487221229,,0.3143614782384942,0.3143706478988194,0.3137289976092649,0.3158481617824982,,0.31684057233213275,0.3156729265217118,0.3162906640083679,0.3166787204593798,,0.31724630672810766,,,,0.31428901764888456,,0.3138704890590148,,,0.3143166791005387,,,,0.3149241047534719,0.3140000199349007,,,,0.3147621024096884,0.3146675908842849,0.31435424816143076,0.3164438458266462,0.3144073134005908,0.3143978303977676,0.3159056437607651,0.31513358500158484,0.3153215872174349,,0.3149386430976873,0.31136387063397913,,0.3147271136690637,0.31444092200904633,,0.3148530193063308,0.31438490759054777,0.3152344257293839,,0.3147511760438947,0.3157393172128039,,0.3157217872808736,0.31514152257305633,0.3153791357123464,0.3156964379766499,0.3166526645999348,0.31551303741181086,0.3161253510333019,,,0.31558273415635407,,,0.3161083012842504,0.3161886243749931,,0.31591722722684157,,0.31606686676513057,0.31564293212280164,,,0.3154637663700077,0.3168601776259322,0.31589148413244583,,0.3147889342698269,0.31497337366874406,,0.31446896061398394,0.3151985275057032,0.3148398666696997,,0.3152754516241281,0.3146214484797096,,0.3142400136550418,0.3139984051944917,,0.31483422249062215,0.3151141196749729,0.31428025291977785,0.31469473991127744,,0.3152483000726094,0.3152585673172005,0.3154216728907402,0.3143130711024488,,0.31523473107134303,,0.31367957743996305,0.31647491072203815,0.3166305202174727,,,0.3171848798896835,,,,0.3051637916980512,,0.3041145900342289,0.3240940330414286,,,0.30153001758185694,,0.3017617301356376,0.3029794280645221,0.3016578735825197,0.3020949330301288,0.30186917853417766,,0.3018161547812624,0.30227518430874145,0.30156323616636815,0.3023567746385123,,0.30224230378830846,,0.30105337186085546,,,,,,0.3018953752615427,,,,0.3019384885791736,0.3018229746382295,,0.3019645039905159,0.3030314929852655,,,0.30180792445291243,,0.30107538462495287,0.3015798664448795,,,0.3017355819085521,0.3015735956362307,,,0.3015435423996049,,0.30180958929958307,0.30169237315947556,0.30231280884589184,0.30111829682038294,0.3018616389342865,0.3019600345889455,0.3022312493931856,0.3015869751931491,0.30238041763935236,,0.30190602942214506,0.30219344574339563,,0.30178576323662,0.301640810732472,0.30134288044970503,0.30136267567381836,0.3020912582518092,0.30198522788912713,0.30130758324687806,0.3015428191753428,,,0.3017098275779681,,0.3025146454756907,,0.3019365287796623,,,,,,,0.3015426122851187,,,0.3023583055400951,0.30151370851264614,0.3006258014354757,0.3016651602457064,0.3023546075238719,0.3022338154916554,0.30177295372325263,0.30147702505858287,0.3019083052717367,0.3014162703604587,0.30146401795676525,0.30238907424569683,,,0.3015910904291028,0.30193474757521166,0.3019344914597198,,,,0.30249116177300894,0.302075297426312,0.3026031477879718,0.30083816765155086,,0.30129773642058444,0.30200311893027576,0.30245707212028594,0.30313017107268586,,0.3013030164740188,,0.3023951645344334,,,0.3013442496991395,0.30224789861467877,0.301925801495932,,,0.3018137971292599,0.3018926343810143,0.30272763477126,,0.30170303593131914,0.3010233226394706,,0.30145538074571604,,0.30270597017797835,0.30123598769782717,0.3020799662874473,0.30193017904102076,0.30129143938824443,,0.30207386987517015,,0.3018821293692803,0.3016004279420654,0.302248942168426,0.30212516311079696,0.30178547190797245,0.3019463143510168,0.3020663196504733,0.3018462373713998,,0.30169931357690943,0.3017301476764328,0.30226188808595794,0.3018948650310523,,,0.3011605808066529,,0.30146636266969606,0.30115114671215315,0.3029461258926492,0.30186061710851375,0.30160195275800594,0.3011969926451853,0.3017286907530932,0.30220090403569694,0.30147938083524317,0.3015908729879386,0.3007646262298518,0.29955312084555846,0.30060817238666504,0.3005792721514969,,0.3057001528140058,0.30514783910386595,0.3038167101968692,,,,0.302706804020813,
4,4,DG_8pct,16,Z15_F11,15,3PH,157130,165465,True,6850.469194105918,6930.809513718829,6840.024739184197,282.3942191768037,285.3619268655842,29.337260588745604,6.317766801418522,237.91391218647018,239.34347254924495,101.27773574978818,101.79697535540951,67.65331789462645,2.031183102652462,7194.445546511247,7.275878551495223,6.845419640518875,26.61829018358343,10.128791719894812,20.879106693087067,70.13512983616299,0.6055423649541631,0.6056237981594066,,,,,0.49757576556467464,0.35760439158625396,0.35813743789648544,,,0.36184895971250314,,,0.36324589636538884,,0.36273107840905433,0.36207541522219777,0.36045355347001323,0.36125166383367757,0.3578825366433769,0.35735012896543367,0.3586129175384905,0.29366016147822505,0.2950270219291612,,0.013955428019117814,,0.01398820624868005,9.822554428447727e-05,,9.836038067176208e-05,9.838632068503639e-05,9.840944965034777e-05,,,0.3557041309174411,0.35481675384210004,0.3553662805694362,0.3628009352392022,,0.361473580810473,,0.3632964026757828,,,0.3632736206164822,0.362281826363084,0.3641326997063856,0.36377846951818926,,,,0.36293649459632155,0.36183100281799474,0.3637899072889226,,0.36301005430849115,0.36373579886397633,0.3636862682363684,,0.3654280575239014,0.3640531521553142,0.3642680673180988,0.36449718121618174,,,0.3653977004699834,,0.36631753585353805,0.3645790705452955,,,0.36477814416687976,,,0.36559704656194086,0.3647405575366091,,0.3653545860048708,,0.36483708960488737,0.36546139279777184,,,,0.3631539571835816,,0.37532002003759135,0.37254356899462193,,0.3727938749537346,0.3719449117081123,,0.37097757895212785,0.37836737486059785,0.37662915020106535,,,,0.3760687955693707,0.3775552500251056,,0.3768313808858895,0.3767217712074335,,0.3766004654964024,0.3771277893409397,0.37720886955610944,0.37741108106140697,0.3761374198258702,0.3766495507937545,,,,0.37590852767274985,0.3764382450560006,,0.37708938266882974,0.37702780620367543,0.37680585813512224,,,,0.37667567631646826,0.37538627064359575,0.37616254523691084,0.37714910764097287,0.3764182664888944,,,0.37685032013639097,,0.37672176983851047,0.3762256401153115,,0.37724531352427454,,,0.3760094834433926,0.3761033193991518,0.3769981336423837,,,,0.37545671592864266,0.3762760977547566,,,0.3763337873209261,,0.3766648987403101,0.3764824673515253,0.37619521339303597,0.3775129555837548,0.3762631675264722,0.37711737404821405,0.37581955138598117,0.3768473353807876,0.3755785800170308,,,0.37648178993259673,0.37641434405082996,,0.3748983238222764,,0.3759368958374718,0.37613953060043603,,0.3760295851131873,,0.37709929683044113,0.37600037867237557,0.3754827399885546,,,,0.37635274014250525,0.37670430650355896,0.37646239232633244,,,0.3774494178424999,0.3779279095822438,,0.376673246065871,,0.3780278860577815,,0.3787811253231957,0.3785617464030888,,0.37839707917291127,0.3772430306740515,,0.3780639618292104,,0.37633102482827424,0.3763648809606404,0.3786994778683227,,0.3769717077539578,0.37814448591993005,,0.3768337418660167,0.376916423539577,,0.37589363471974363,0.37708804331981993,0.37730483723820046,,0.37702582607650226,,,,0.37758638545218154,,,0.37753012947715753,0.37769683178141417,,,,,0.3775365407071413,0.3781465651987891,0.37846051438182315,0.3774482873237005,0.3776618126827472,,0.3755191138213108,0.3773127096872744,,0.3768037290239121,0.3754060053097332,,0.3639416337676987,,0.37485613168493137,0.374936012201624,0.37402991307199435,0.37368527706841553,0.37427151937244096,0.37352033584736866,0.37444934119084794,0.37433815797887826,,,0.37650889212788774,0.3773370894674556,0.37608179726338503,0.3765511360169555,,0.3770681836090901,0.37614950247468404,0.3766863617602206,,0.37557200604487323,,,0.37640209744315867,0.37748549908768825,,,0.37679593642181447,0.37694617137687536,0.37587297776733797,,0.3764277524074675,,,,,0.3761565679841614,,,0.37647246789919786,0.37657185926558767,,,0.37656559067029993,0.37579126839004195,,0.3765675649552,0.375783432934341,0.375790253322216,,,0.37711499663159087,,0.37691605795248356,,0.37603407372630093,0.3766197734099785,,0.37682799929019034,,0.3770935229210174,,0.37737900000075064,0.3775560980330856,0.37724936893753713,0.37635317423181375,0.376832090848214,0.3764906623621517,0.3759698315956956,0.37775303781464004,0.3774481349650489,0.37591242433229327,,,0.37500868933386106,0.3758422859913138,,0.37513551735170714,0.3769897208760009,,0.37683794932025133,0.37603483590555536,,0.3756987650664012,,0.37565296118935526,0.3766309184327697,0.3754810945754141,0.37537614511030837,0.3761675516926101,0.375730782080308,0.37483504204089807,0.37501831260883767,0.37588711686612086,0.3764028300159382,,0.37501123926748003,0.37615029545585926,0.375912958310025,,0.37474862375744983,0.3769014158617658,0.3744793254319483,0.3748263203040093,,,0.37540796577429897,0.37575745868399346,,0.37534434316255194,0.37452599723945756,,0.3750383175043851,0.375540732789578,,,,,,,,0.3755331480178673,0.37570312184746174,,0.37529336033170935,,,0.37577923064979146,0.37555221454305754,,0.37624627711482816,0.3755395152618776,,0.3749788949462276,0.3764718161279988,0.3761313560126069,,,,0.37502538942208313,,0.37397587536988236,0.37568039191031305,0.3748663152912007,0.3745455149383995,,0.3752794621236931,,0.3753440237471741,0.3750904458453377,,0.3760714770741466,0.37576370219340444,,0.37562897551357466,,,0.37630031733756436,0.3751070245676278,0.37539878699310125,,,,,0.3749082511579972,,0.375684309277514,,0.37820312919487004,,,0.37647700131451484,0.37579106596023,0.37563341420690527,,,,0.3683287807632679,,0.3679432333696637,0.36855342505940436,,0.3776044098889527,0.37715047528404777,,0.37130715265476566,0.3717387736053577,0.3712331431612202,0.3626672163929782,0.3637695134127048,0.3626089521153201,0.3538379792863481,0.3526448318936191,0.352638687188855,,,0.3779556798783608,,0.382451532728862,0.38065601602600846,,0.38287360596684683,,0.3827594857431481,0.38365650418935243,,0.382638853780743,0.3840546337500836,0.38249777658101464,0.383537943514261,0.38352520214865404,0.38460146105231807,,,,0.3819612263148492,,0.3830210799975453,0.38173658644238606,0.3820221969568175,,0.38274516248229185,0.3814527306758085,,0.38303271044195764,0.3830436061604647,,0.3815853422474109,0.3819777892230253,0.38172251093462883,0.3832474645839502,0.3871206612422173,0.38756361820051793,0.3877398777311009,0.38693526213830853,,0.3848970494893271,0.3896451599811262,,0.38889263365994914,,0.3898446697633773,,,0.3894570090289573,0.3883259014191575,,,,,0.3861937389706142,,,,,0.38717203862633603,0.3882892434781751,,0.3874155096527215,,0.38711584776978425,0.3886978155287979,0.3874138906785687,0.38687466028623796,0.387063183710638,0.3867465263785755,0.3860440400778928,0.38586960648143454,0.38687191150472877,0.3867517787788562,0.38723406829272433,0.3861387463668454,0.3869940929854006,0.38661224098388003,0.3875866613570278,0.38569394301380583,0.3857640549997041,,,0.3867332551899231,,0.38769268015784286,,,0.3865734319790531,,0.3875913167435248,,0.38599399851383553,,0.3876053651646954,0.38788871602855923,0.3863040417792428,,0.3869196242037727,0.3885220299059559,0.38709599455374144,,,,0.386763225482939,0.3874418902696694,,0.38774149919912554,0.38675346184226744,0.38704814482902744,0.3859470517067128,0.3871538480138457,0.38680116416904603,0.375039592980793,0.37588738050071774,0.37554314104962333,0.37522541498785533,0.3756230269103355,0.37439548037302456,,0.37588910734336173,,0.3756310602254298,0.37588326748708023,,,,,,0.37526674155861595,,,0.3756365903936054,,0.3758824296463314,,0.3762436029674315,,0.37594412133941957,,0.37544949109451836,,0.37561899035287505,0.3755745247361095,0.37602248276697076,,0.37613771872877677,0.37564089648515187,0.3776986798212365,,0.37651231480740105,,0.3748404661275933,0.3745151848296693,0.3749137975377288,0.3751610145399991,,0.37433279119057133,,,0.3745473401847025,0.37542258720518973,0.37407545173470913,0.37415713973309045,,,,,0.3746893130823473,0.3755038847077638,0.37563776455419695,0.37535237025031415,0.3756933498145339,,,0.3755509030125093,,0.37455481022830356,,0.3744784731202205,,0.3758263118801169,,0.3746836781011054,,,0.37543911688890425,,0.3769685361933875,0.37690293270770003,,0.37644838515797757,,,,0.3766554467433386,0.37564404816105507,,,0.376263524315604,,,,0.37699488489425326,,0.37602582356780695,,,0.3756710820903734,,0.37644497885228717,0.3777243976207794,0.3771880760027267,,0.37610221304766306,0.37531832947570853,0.37445662742146174,,0.3753665980529171,0.37605234804658955,,0.3749814684403331,,0.37497408149959055,0.37386647529307165,0.3743432636914956,,,0.3743241905120684,0.37517509179627573,,0.3747971326716944,,0.3745101414372612,0.3753499881255573,,,,,,,0.37738772543546223,,,0.3768209135269235,0.375462976341889,0.37568400461413337,0.3651730934779457,,0.36239203141392606,0.3610106146494608,,,,0.3597705756497164,,,0.35929553189134517,0.35978062929738835,,0.3584189159857648,,0.3593295800345668,0.3602076298452397,0.35997542636165747,0.36078792444189695,0.35965230009055815,0.3593080112531784,0.35839783208306003,,,,0.35986240520342727,,,,0.35878990596241506,0.3593204527660172,,0.36006112439680493,0.3593117333897315,0.3590582547099213,,,0.35868124111768696,,,,,,,,,,,,0.3593267388706954,0.35895037917669137,,,,0.3595594838857113,,,0.3587305729688253,0.3589801690405124,0.35943773297914483,,0.3598670932962713,,,0.35904193808605167,0.35875019498175126,0.35944192003649456,0.35882830217308975,,,,0.3591031392949788,0.35879006137182984,,0.36004302493321955,0.35929993048133924,,,0.35892265340319673,,,0.3599691488021066,0.3589308146653879,0.3594072122377573,,0.3590185337678525,,,,0.3597590295889485,,0.35992091341098975,0.3601016195399746,0.3588998137345706,0.3599276331536792,0.35998659139424793,0.35983666140652837,0.3606038402491268,0.3605403198491628,0.3599814446900168,0.35907844162025593,0.35929118943666694,0.3593987697326791,0.36109873160347505,0.35900481268704854,0.3586101953976722,,0.35891402131605327,0.3596018309541404,,0.35931018984930757,0.3598104616163972,,,,0.3601071501632616,,,,0.3602251040995355,0.35957689421160355,0.3603691442074774,0.3592081145397575,,,,0.35922534590306526,0.3593699164589239,,,0.36055392276221854,0.3599656910442366,0.3592691061870638,,0.3600680124889858,,,0.3592858690211357,0.3596573320341033,0.35995902286092535,,0.35883329027877897,,,,0.35946766940410946,,,,,0.36069883595020885,0.36035620717620154,0.35939219904101855,0.3601979293142892,,0.3589924299256302,0.35981910958791524,,,0.35952380517057625,0.35912870051898793,0.3599004668433392,,0.35898014374157844,,0.35928525990623367,0.3600277413697415,0.3594849264424421,,,,0.35900072881969375,0.3586545430609408,,0.3570237976907131,,0.3582295537744695,,0.36351665304743436,0.36374510308628427,,,0.3619461607532074,,,0.35942230822805116
4,4,DG_8pct,16,Z15_F12,15,3PH,157129,165463,True,6998.835069291184,7032.45625932059,7019.026280855789,275.18474226869586,277.9286987474707,28.575156071366955,6.141163806245167,231.9761573574379,234.1518906461614,98.75979540229204,99.3669530685207,65.98658714815299,1.9778343337924051,7291.342046265721,7.158535819017916,6.645324047555658,25.835097241909022,9.88672871009102,20.331463277245238,68.60699464824457,,,0.6022801423505433,,,0.6028034724024087,0.48895505074118545,0.3486203128172319,0.34936678659935466,0.34818446229654104,0.34828530241133976,,,0.35304201261686013,,0.3517708575037253,0.3525355795795357,0.3528771759942979,,0.35215528494305515,,,0.34882980543712094,0.2841928371415028,0.2840578640310549,0.2845645351051515,,,9.849458308630521e-05,9.942574038014805e-05,9.994151475603222e-05,9.986466327531118e-05,9.97625061842264e-05,,9.978631130080764e-05,0.3543226240938072,0.3449367324044361,,0.3460690659501345,0.35196329325241565,0.35252232544800777,0.35240567098247105,,0.35226352915406595,0.35312219478572443,0.3539205963745136,,,,,0.35345754858492295,,,,0.3538824618769979,,,0.35274409048113786,,,,,0.3560820075043044,0.3553137344497388,,0.35723608047388533,,0.35498636423908075,,0.3559424268866838,,0.35550026360191633,0.35589833976298224,,,,0.3544010100654782,,0.3552413029006178,,0.3557932178793068,,0.355858699423758,0.3543323318476633,0.35546122571702754,0.35309413225656777,0.3528934699232713,0.3528816735715185,0.36544018867015976,0.3628076696519526,,0.36224480791940183,,0.3621215883793941,0.362652240878588,,,0.36703030198781056,0.3668526290273324,,0.36728155460441647,,0.36764755156200557,,0.366718800664691,0.366577553838837,,,0.36673027818444154,,0.3664761498759523,,0.3665122852278309,0.36741775724185477,0.36839145418110525,,0.3671837784303841,,,0.3668313622646821,,,0.366479656883955,0.36765917735639975,0.36632092275692907,,0.3667571266369206,0.365705287486909,,0.36824054291300096,,0.36703124443685053,,,0.36691092788020785,0.36623624047631353,0.36638429083082963,0.3677479067487093,0.3663634756586082,0.3657704370817873,,0.36688621484294265,0.3680543649560735,0.3655153862924424,0.36696387879146714,,0.36705290757228975,,0.36622199940436717,,,,,,,0.36756238466238894,,,0.3661047081829196,0.367888870203737,0.36603870795857324,,0.36633245506707296,0.36729435334252647,0.36627035716743095,,,0.3657138554368124,0.36591910784992554,,0.36575095236439553,0.367037398207463,,,0.36651407823433835,0.365844220854892,0.3664381632739791,0.36684902554950305,,0.3669888233336603,,,0.36726457198306944,,,0.3664833700151304,,0.3670701620782128,,0.3673202640027698,,0.3671425569679706,,,0.36747153682646905,,,,,0.3677922853792581,0.3679254125636763,,0.36750189221370694,0.36813409647934286,,,0.3666191228854811,0.368057371372358,0.3676080940749156,,,,0.3672914547156535,0.3676653463772471,0.3672793095195269,,0.36760130552623166,,0.3668761909618019,0.3674433645722291,0.36818045732331134,,,0.3687302737730912,0.3683517779296203,,,0.36744368827097207,0.3676914351897141,0.36734198834010373,0.3678360924935151,,,0.3683222966917241,,,0.3540660960175417,,0.35414062419383313,0.367281805185966,,,0.36431330762688463,0.36515748541905907,,,0.3646154036897332,0.367071945476076,0.3671675713029365,0.3681283594529294,0.36693863933914256,0.36634755928639257,,,,,0.3661326488059601,0.3671988764745259,0.3667271553623539,0.3659481453397244,,,0.36723422911292014,0.36745514404657503,0.36730684928899937,0.3668386544088166,,,0.3671232908033937,,0.36732747299501145,0.36632649121109556,0.3665224277371894,0.3661392273723897,,,0.3680833608570156,,,0.3663867944255783,,0.3665788402101715,,0.3677060581344256,,0.3660848349828965,0.3653454486269378,0.36766651291255414,,0.3662847161852648,0.36829059203413617,0.36660074963397415,,,0.36760219080702455,0.3667905923068895,0.36672402533072496,,0.3675725165878477,0.36754561052673995,0.36626600652952096,0.36738478030653476,0.367440556827281,0.36703191328933027,0.3682275068266468,0.36779687748311063,0.36629947251775047,0.3664888002879827,0.36684317578078296,0.36672178320782506,0.3669525410394024,0.36618923435654716,,,,,0.365993156284199,,0.36689492002777635,,,0.3666525218460322,0.365443593568724,0.36567871801059015,,,,0.3669152012797936,,0.36630839753839095,,,,0.3670885551693472,,,0.36594884071467304,,0.3658845148869255,,,0.36512945910488653,,0.3656714918876215,0.3655939753581636,0.36572198939429673,,0.36492224484007485,0.36564197708222596,0.36540378314136673,0.3657268649368701,0.36580659367447704,0.36519633508230864,,0.3652934585923278,,0.36494602115356173,0.3650804271655416,,,0.3652687078258808,0.3666931489383492,,,0.3652571626632176,0.3663494534351964,0.3646061599747639,,0.36693178609568616,,0.36651653448955324,0.36601974539628496,,,,0.3663597697978643,0.3654788356484573,0.36578035546987114,,0.36444411784524927,0.3665213326663684,0.3652572772206675,,,0.3652430276570298,0.3656957807387785,0.36590673337323915,,0.3676388253132825,,0.3650915610841826,,0.36629394834718937,,,,0.3673614129174851,0.36637194380376115,,0.36631499329113937,0.3666985225493165,0.36595109086024535,0.36519790950484293,0.3659597878790334,0.366235604981603,0.36578857346060334,,0.3658045825051057,0.3673408553943647,,0.36682513857644966,0.36552017034240414,0.36807725488367926,0.3670958408265232,0.35895291030371257,0.3588554933454324,,,,0.35903306849255867,,,0.36664495079708204,0.36217672837436854,,0.36261259625317444,,0.35359715253857377,,,,0.3449093084158459,0.36797485659995277,,0.3674282988427193,,,,,0.3728964485180466,0.37240607096861256,0.373574456896738,,0.37292738877919923,,0.372953043799046,0.37394930669252135,,,,0.3760820155356581,,0.37151190448866633,,0.3737300098932638,,0.37219697759659054,0.3727679491193098,,0.3726090982476492,0.3732506638803259,0.3725616217730874,0.3726701341046152,0.3722190730568458,0.37310030855573795,,0.37282435181624224,0.372101943803759,,0.37660763185349955,,0.3763502387701286,,0.37702143573891717,,0.3782903424906659,,0.378903843380585,0.3784282899002991,0.37870659675260754,0.3801849321102457,,,0.3782948196570377,,,0.3776958325945427,0.3769454392444612,,,0.3768044960556313,0.37713831839318535,0.37560873758778296,0.3779167048049416,,,0.3772378681790614,0.3760010710348958,0.3774722007335898,,,,,,,0.3773619135101072,0.3778633045261363,,,0.3775212389750027,,0.37713549091287424,,,,,0.3768540870473487,0.37634190229208936,0.376109963104128,,,,0.37613351402591644,0.37692479502445314,0.37592968091390566,0.3761482338795185,0.3787581839453832,0.3766024182374073,0.37667965677273085,0.3769631442736235,0.37826076986388246,0.37614194024275005,0.3761569349099603,,,,0.3754477867468244,,0.3772795223906094,,0.3769850976880303,0.37746041450633755,0.37730325506202916,0.37724029122041297,,0.3758350603313267,,,0.36601753913870966,,0.3661219090266449,,0.3659209742922444,0.36481130474945866,0.36632472563897966,,0.36633901270914987,,,0.36554064363649874,,0.36574393173553865,0.36595863676059237,0.36663123985897794,,,0.3656304152649327,0.3661745718250662,0.36431940896602366,0.3660539384055132,,0.3640198639654667,0.36590645858845056,,0.3657423605243816,0.3656631692751902,,0.3659809691472999,0.36724748136857266,,0.3666027523412017,0.3661221890351323,,0.36717986047090284,0.36757413067113925,0.366513796679037,,0.36363300351432803,,0.3635102221905139,,,,,0.36370862760035183,0.3653180333822423,,0.36574303601332137,0.3654552807287289,0.3640358285118913,0.36440617032845707,0.3648214754280907,,0.36549016300171994,,0.3663527442528738,,0.3663030503869403,0.3653856776490344,0.36611723886995656,0.3649976639995153,0.3671766131128002,0.36108871481898885,0.36462134082764647,,0.36462825719546127,0.3651773392122983,,,,0.3655558857273808,,0.3671690769686395,0.3660620278814839,,,,0.36684051986124183,0.3661207570030881,0.3663240149140346,,,0.3669098445536946,0.3653268717090851,,0.3657660934669634,,,0.36609304974221485,0.36619687444393806,0.3665706364525387,0.3656509890752163,0.36634824101292196,0.36589100058538104,,0.36609352672840856,0.3664449631749863,0.3657754797897118,0.36763626278573674,,,0.36579647195751736,,0.36526319452635514,0.3651860799353615,0.3654298382368144,0.3650922960964322,0.36543921725898765,0.36551136860010364,0.36402051465041135,0.36473714469033164,0.364802452872948,0.3654983171184688,0.36527204535398766,0.36540119702487867,0.3638074499000346,0.3650151242289525,0.36447657553103724,,0.36490640676853914,0.36490541508567714,0.36546234228523766,0.3644201105125811,,0.3660992638180795,0.3676661269270444,0.3681451876418668,,0.3668615255670253,0.36629481216304355,0.36636224094837977,0.35553276484544466,,,0.35353038038469303,0.35273145850392584,,0.3508674581672045,0.3509055520977085,0.3506096084194151,,0.34975673105407507,,,,0.3506597373641702,0.35069439046261347,0.35118978472107026,0.3515070054261695,0.34959424635192055,0.34979035552453003,0.35012632372290786,0.35016643707305184,0.3502684113773341,0.35035180854497244,,,0.3489095546176426,,,0.34987350695873876,,0.3503622605816279,0.351044974275437,0.35060689043361654,0.35071072372276724,0.35028138059851033,0.3511543959698251,0.3503352984317788,0.3500737336820497,,,,,0.3503227496605052,0.34975455412846607,0.35059168735639873,0.35021246566805436,0.3502690790290705,,0.35027569909613826,,,0.3503659311485245,0.35155840490603574,0.34987314042075357,0.34888663314379365,0.3499440685704733,0.35065919833011133,0.349909435455131,,,0.35028339754605947,0.35035225843098144,,0.350298433258532,,0.34914931150661194,0.34981924482419413,0.35040381886865996,0.3510046138047116,0.3500917998636472,0.3502341020515583,0.3500145038053089,0.35022925504158325,,,,0.34966740663245716,0.35039097580818457,,0.3492981543369395,,0.34993534788298286,,0.350713702126209,,,0.35053325083380776,,0.35089759367760553,0.35060349118099327,0.34998384473645855,0.3495492889658304,0.3501501199474407,,0.3497121401960135,,0.3505582714747571,0.34965657538035133,,,0.34984832789415315,0.3504784619609338,0.3509750189044454,0.3504860566889709,,0.34912375389791617,,0.3497339906904884,,0.35077531551182084,0.3498890508023882,0.34960751200869233,,0.3497356710920825,0.3506057361534127,0.35139074411345633,0.35018184586264794,,,0.3496672048349593,0.3499056571196313,0.3492830586730431,0.35008847139065696,0.349634810602953,0.34956163010977653,0.3503880360878147,,0.3494451260819609,,0.3496867026485422,0.3498405604936779,0.35042540090076135,0.3496551556598254,0.350824795422635,0.35017254607765697,,0.3499588351391302,0.35040148896108547,,,,0.349729813602448,0.34980899721120357,,,0.3502758511777863,0.34931321215805616,,0.3499427124957284,,,,,0.34990501539061863,0.3493168747901893,,0.3505265896518704,0.34967214186480167,0.3503568750801515,,,,,,,,0.3504709767508893,0.3506997165565215,,,,0.3503450684576636,,,0.34827761123256923,,,,0.35407203948835525,0.3522322357099776,0.3517301499154494,0.351570956377959,,0.3512010602577175,0.3523070073251417
4,4,DG_8pct,16,Z16_F01,16,SLG_A,282085,283563,True,6368.1938620694455,6442.670902249167,6413.451863527168,1038.3037138569264,1042.5112197977326,147.69073825519467,17.93690313815287,709.6503432298196,729.6682568654063,283.44638109862314,284.3284499044874,188.74374938870244,5.681780059107831,14.44616069180333,7880.151311631651,18.21956409240071,116.62568259581136,25.742459593504652,59.16355757987336,222.7976837362545,0.7117380156454539,0.7140737746116483,,0.6539657458368162,0.8530724274383483,,0.8637145727207747,0.5416178414580866,0.5416853924813175,0.5414446564763927,0.9020543580451735,0.21685867395350633,0.21710473847014602,0.21739185821706514,0.9174459231215539,0.9197299142089714,,0.9882653506330878,,,,,,0.5537259444793483,,0.5513144813925899,0.5465953643727505,0.545646445052011,0.5467299710347961,0.5533404025517781,,0.5533431911720851,,0.5533663264300607,0.5533265135121196,,,,,0.5582321975587841,,,0.5596208296294171,0.5587006857924516,,0.559562716000484,0.5588935785723294,,0.5591697281621848,0.5588818141302174,0.5601416754722971,0.5612335122965608,,,,,,0.3474714883118393,,0.8966406015008953,,0.3510837839831221,,,0.34995141844392863,0.35059502975964946,0.35062867280183396,,,0.35223039268502143,0.3509788296223536,0.35125603230336416,0.35112078776796063,0.3518400581422999,0.35136999245340644,0.35134314527147753,,0.35127095656534885,0.3510689636898534,,0.35176004052132864,,,0.35058052200289325,0.35050952453760836,0.5581414401739266,,,,,,,0.5745122009581145,,0.5752075064550297,0.45095062719779283,0.45163186867532873,,,,0.4517753430069195,,,0.452091623759559,0.45016565772513595,0.4518238025981227,0.45213738305138484,0.4514043527639033,0.45125753275681807,0.4523231232958387,0.4525304109081543,0.4515790719830875,,,,0.45226538189995286,0.45228692321419284,0.4520671471125894,0.450023848976883,,,0.45111719193523164,,0.45092356556968555,0.45043429677811303,,,0.45133828834091994,0.4502185815514127,0.4521243301432812,,,0.4517117102829444,0.4517547137192101,,,,0.45150508994453037,,0.9519751505814309,0.9551631830724725,0.9501187870746436,0.9505789535948161,,0.9556838686952819,0.9554888211939535,,0.9545273119282867,,0.9511194236217815,0.9517169755119388,0.953637714290089,0.9526633407013188,,0.9520920824148243,,,0.9528600432463934,,0.9525819527172887,0.9522098425408668,,0.9509094158008378,,0.9529071680132505,,0.9489785247834949,0.9521400065293963,,0.952998134422458,,,0.950917006406731,0.9501729532455387,,0.9522310894819818,0.952259218484168,0.951299532184562,0.9538330668292407,0.9502862319429781,0.9542976283871112,0.9508836299789322,0.9515864990249006,,0.8817468258115596,0.8808391029245534,0.8790040311806001,0.8816734135801632,0.8816112229264477,0.8814516634954056,0.8843824747889175,,,0.8796477019652578,0.8839514921867356,0.8856948782147128,0.8840504619214611,0.8814865211409275,0.8835296607676789,0.8817108176869707,0.8809144160355018,0.881659766711569,0.8846495148646323,0.8825234565321846,0.8849890455702819,0.8822377984371221,,0.8793307804739966,,,,0.880582267537478,,0.8825361378024864,0.8814333082589051,,,0.882053120537287,,,,0.8798592147445539,0.8826243024301751,,0.8824750178424831,,,,0.8805619342499938,,0.8809980576409864,,,0.8809142030318808,0.8818539123150667,,,0.5606320036382267,0.562824705306612,0.43556885359913605,0.4461156699570033,,,0.5776499670462792,,,0.5785705781330551,,,0.43174336526243773,,,0.4303264905629446,0.43165344074466094,0.4313489402479476,,0.4310963377481431,0.43040049387510276,0.4316993440031251,,0.4306040661032647,,0.431125280719651,0.43148332169073783,0.4294895910136162,0.4309472855969174,,,0.4323035273249628,,,0.43064547085594773,0.43122553188100277,0.4306965610404259,0.4310458678657316,,,,0.4305290583560538,,0.4305630970393148,,0.43081648056069227,,,0.42984701156399874,,0.43486138984103095,0.43456156722990613,0.43490161995322213,,0.4351581898449164,0.4358448382554441,0.43466989123410277,0.43431181215106135,0.43578583161325,,0.4357566766522613,,,0.4350727037705192,0.43597361962798076,0.4339369172409104,,,0.43386406346180756,0.43577577028711567,,0.43415318360328553,0.43418834738357087,,,,,0.4346950196726981,0.43447971452352113,0.4337445814211212,,,0.9561808890586141,0.9550179650083943,,0.9523470578560516,,0.9553372177339048,0.955574293091784,,0.9552631123512425,0.9560887580890848,0.9542650640636746,,,0.954722990994332,0.9541018571636151,,,,0.9567188908277933,,0.9552469871921013,0.9554755300476615,0.9552185730487106,0.9537398042527792,0.9544288306999715,0.9561721792013733,,,0.9542428850939436,0.9535588658200322,0.9582086608899743,,,,0.957261990981582,0.9594703195263404,0.9569164324337388,,0.9552749170856493,0.958428524431409,,,0.9571233298735035,0.9558881483983577,0.9556337408996903,,,0.9537636679445387,0.9558913881134072,,0.9562929943846488,,0.9555077043054443,0.9545137265649167,,,,,,0.9569947978269371,0.9556162261434428,,0.9533118200291965,0.9549425291079467,,,0.9563628249787981,0.9543339680972277,0.9555572075948385,0.9516263755436324,,,0.9544175764286068,0.955904141225848,,0.9544866109955125,,,,0.9579363249761141,0.9574353190742455,,0.9557894704665443,0.9556350233072783,,0.9542520547988697,0.8977098431323951,0.8965529152099765,,,,0.4289577949301848,,,0.4289732701770898,0.568642551674119,,,,0.5699269008650112,0.5701404405033759,,,0.9523773163292704,,,0.5738414304894167,0.5630773900394982,,0.5613449697607192,0.5452068807115636,0.5453265000906763,0.5451919634686858,0.4722488269315539,,,0.48354433227060983,,,,,,0.877799791225072,,,,0.8796811548071828,0.4898955369564099,0.8783617706874605,0.9636661946957412,,0.8845279644971468,0.5900531175951349,0.5907942299142067,,,,,0.5872363311229015,0.5884806222728108,0.5899244063073743,,,,0.5892532732627479,0.5883942839956059,,,0.5893458532044542,0.588475771994172,0.964275612374901,,,0.9652697067815397,0.9668169027722877,0.9632917844308017,0.5071525655794971,0.5082474837728529,0.506623311228945,0.5074805159581931,0.8902652212087591,,0.8880933100421287,,0.9678785320093808,0.9667774520278567,0.9723660652333694,0.9693445932457502,,0.5959011691194239,0.5953319329196126,,0.5967530692555366,,,0.5972272930425493,0.5977694496587571,0.5969503451878777,0.5980959988501303,0.5958684500637906,0.5972573883725733,0.5960780109919933,0.595587397309187,,0.5968553795521373,0.5974393631543884,0.596900713164056,,,,0.5963513636954204,0.5972730377474567,0.5959804179148106,0.5962697038068095,0.5963220461099373,,0.5963558437179356,,,0.5975013657130237,,,,,0.5960548544917166,0.5956186607512258,0.5957360375564934,0.5958714834938239,0.5971418907723656,0.5952964090800171,,,0.596049013608207,0.5959266802080895,,,0.5971164106495322,,0.5944756495672174,0.5961628966700813,,,0.5969076005968962,0.5950356585676237,0.5972375162910151,,,0.5939089811785841,0.8988892265268681,0.9008351453411344,,,0.8980749915710304,0.899507488294784,0.9016388469155274,,,0.8976363821827024,,0.9021679316234035,0.4178586945101774,,0.4169075137237107,,,,,,0.4163259458649418,0.4173442543504119,,0.4143851647913416,0.4160018106450603,0.4171415842796926,0.41582671124248216,0.4166396087518769,,,0.41646612677120043,0.9047595858396341,,0.9008875382787883,,,0.9026920061596762,,,,0.9573877484680924,0.9589594012855114,0.9566277022835781,,0.9525216182087347,0.9578424560953283,0.9543254262014186,0.9521028735590092,,,,0.9573889930510517,0.9534283448261375,0.41583352556797015,,,,,0.41603245780750625,,0.4179584150196388,0.41616341370449617,,0.4168142431450377,,0.41103611640958526,0.4148633676273014,0.4146789421595518,0.9539248444243399,0.9591632659010487,,0.9569098209464043,0.9571682107318783,,,,0.9018766187849495,,0.8997523963917952,,0.9016060793308783,0.900669868796868,,,,0.9010266889584048,0.9015323731938606,,0.903458552699487,,0.9004577574537637,,0.9001272618967968,0.9007013418697203,0.9009700695163981,0.9002812509683379,0.9023802807335398,0.9005013435181185,,0.8999782351333094,,,0.9575089047020021,0.9584432150176923,,,0.9558681111994813,0.9584024042435205,,0.9598098164645594,,0.9598032323862403,0.9542902172080797,0.9546281612095943,0.9579128250102198,,0.955796233254561,,,,0.9556428157543068,,0.959069519433471,,0.959038016629904,0.9570264563846248,0.959366127138905,0.9579442271936459,,0.5796499174530089,,0.5806008944644214,0.5804523558020941,,,,0.5586178947271738,0.5606075292750587,0.5579819651920918,0.4985954285673563,,0.5464292831945048,0.5459922818316025,,0.5445168342330402,0.5459121509692865,0.5462295601734523,0.546618537905775,0.5466143688354277,,0.5466563788858224,,,,,0.5453493516849057,0.5466092489439872,0.5454128746629352,,0.5467270851097428,0.5446643652481367,0.5454715024189569,0.5461159714274605,0.5482534759800749,,0.5446319168665592,0.5455412440587076,,,,0.5436232789736721,,,0.5464508392554117,0.5470366366186139,,,,0.5460915620657593,0.5434161673572083,0.5464447938751484,0.5474128602253753,,,0.5459287201312507,0.5452702970002999,,,0.5452481453582685,0.5450209591978407,0.5448272487743111,0.5466568174292352,0.5458507656987456,0.5477453808759448,0.5465791967627713,0.5452305852171981,0.5456266381761803,0.5448838806329183,0.5475766266320761,0.546235237077262,0.5457015697051044,,,0.5445199294287076,,,,0.5461156981879326,0.5477342129107368,0.5456804366240563,,0.54547665766869,0.5471713156101446,0.5448054082180402,0.5444208035060655,0.5460596819009824,,,,,0.5449172306476859,,,0.5450345721266798,,,0.546212231291622,,,0.5473440919589584,0.54601963028877,0.5473229945390596,0.5465853522840307,0.5467686136166395,,0.5468334504494972,0.5463062608298873,,,,0.545689541245261,,0.5455244922247358,,0.5472620829117263,0.5471431847828977,,,,0.5475607804965092,,0.545497650499898,,0.5480682141580321,0.5452189630747972,,0.5454647029802047,0.5466214473406742,,0.5463789366180347,0.5456406775758682,,0.5462906957932567,0.5465393806127075,0.5455728278160484,0.5480685362206158,0.5457499174857795,0.5460434585179602,0.5460637532693104,,0.5463754153743814,,,0.5460391023538971,0.5454067105615203,,0.5463902337244193,,0.5457066078087462,,0.5470939121962742,,0.5456305832892343,0.5449895953534143,0.5470100513402053,0.5468037843455166,,0.5452681367535072,0.5454028302073041,0.5462719515841357,0.5451289329424651,0.5458231965078145,,0.5475796768335702,0.5465317546717791,,0.5452969938132556,0.5467939960928309,,,0.5480865716538762,0.5466394483109247,,0.5459199597073842,,0.5465655678810091,,0.5450454783512836,,0.553304242305703,0.5535388569631584,0.34065965506901097,0.8986673361886052,0.9654720237061759,,0.1686817383604985,0.9244972400359109,0.9253297575514391,0.99459780242618,0.9938453467006996
4,4,DG_8pct,16,Z16_F02,16,SLG_A,318386,283563,True,6367.957041615745,6455.370300503198,6431.628829457808,1036.828982595885,1048.0480915950807,147.31895911895174,17.989193322301936,709.0797326266148,731.8420044834039,282.92927063616816,283.74387812208306,188.47599877026275,5.6876722941180855,14.400083133609389,7855.50028671458,18.221111387492986,117.75671084042374,25.571066760600754,59.28493828832977,221.0264506204781,,,0.714520450587119,,,,0.8659986417910093,,,0.542127624882304,0.9012080147963083,0.21650590887264046,,0.217048708717448,0.9159405855576417,0.915369650420326,,,0.9928970651471564,0.9889400830335919,,,0.5433221724046099,,,,,,,0.5516380077572762,0.553618169100992,0.5543957165917245,0.5535116922448068,0.5530391829409479,0.5561379018209923,,,,0.5470603337995212,,0.5585766257916732,0.5591104766469265,,0.5581688509896735,,0.5591077293481616,,,0.5601526988247902,,0.5601403450243997,,0.5597345244508144,0.5604257634462589,0.5586696700730681,0.5593574740266487,0.5580574093870038,0.3465869477766214,0.3466834422179297,,,,0.35088313576645425,0.3508567085343336,,,,0.3503924386065878,0.35153696264577017,0.3513927844371873,,0.35088461724793163,,,0.3493516531603007,0.35049930475021435,0.35178743849392363,0.35140581175501356,0.35174807819134135,,0.3509598364147553,0.351675735679984,,0.351922289577408,0.35046627219689336,,0.5581265451941881,,0.8756541177074213,0.5739964550253558,,0.5723207910336076,0.5760242134073854,0.5754698957330967,,,0.4493916981328661,,,0.45297215365129434,,0.4517627513606297,0.45121222616028694,,,,0.45107505276272136,,0.45020325262361127,0.45217805282630724,0.4507739352064606,0.45176105419038864,0.4508768662158174,0.4514150458468996,0.450915053687355,0.45110671767263855,,0.4507140973406088,0.4512960089028185,,0.4509694109271158,0.4519850485643772,,,,0.4510043781549413,,0.45117647197226207,0.4503439616013185,,0.4503792879490414,0.4513455138725145,0.45103891165434146,0.4504430152340506,,,0.45069031947793003,0.4506626923492126,0.9538888074741511,,,,0.9545190999235753,,,,,0.954552511175721,,0.9546646230649732,,,0.9530977829305723,0.9549952436341486,,0.9536329875160257,,0.9524120744093452,0.9518024420451303,0.9552403309031171,0.9517948296904726,0.9528784319638995,0.9522451492264697,0.9508590731813751,0.9488968002999613,0.951534795017672,0.9533850211841818,0.9531798377592103,0.9530307274438925,,0.9510580939823495,0.951792735783223,,0.9539541335928459,0.9562098446191497,0.950870185757941,0.9509606685062864,0.9543973427493698,,0.9502746138791002,0.9528904331730205,,,0.8826628694125394,,,0.8798657488141296,,0.8797426988917904,0.8802864677358329,0.8839657682676064,0.8836742247894791,0.8822419430405642,,,,0.8855482350873518,0.8816451089905326,0.8808036731709096,0.8831961797904765,0.8813335365401963,,0.8859698852887284,0.8815804251577153,0.8835971893315764,0.8821376553323855,0.8838878375121456,0.8808175000310188,0.8812094855168511,0.8813302028658166,,0.8811642137159726,0.8831918827527129,0.8811253096077095,0.8837271414777106,,,,0.8831989782039802,0.8834714365798767,0.8837188572805578,,0.8805414387256114,,0.8837245124035356,0.8817107825919082,,0.8815938317530512,,0.8828881691686463,0.8812885858843595,0.8793450336158398,,0.8798058830515072,0.8786227234896422,0.8823308542733146,,,,,,0.5768208276965082,,0.5775915252372371,0.5777496889449296,0.5792896301630474,,0.43012743921336943,0.43106715464852385,,0.4307085204243156,0.4318812104687614,,,0.43134629717317247,0.42976893610801686,0.43113220778392775,0.430748056783456,0.4310801165372902,0.4311727067983483,0.43104175982395493,0.43087801389025404,,0.4304724240408067,0.4310181902659891,,0.43084464389497945,0.4315649166853815,,0.43049035965178895,0.43097545561369743,,0.4309895373483056,,0.43105054699225703,,0.43155751289217575,0.4306277780401472,,0.4309964242791944,0.4310118779268344,,0.4310131550502264,0.4305124780294159,0.43056264132100874,0.42961520745988896,0.4299167151469717,0.43515331154164777,,0.4365660554193306,0.43413451121001884,,0.4348635334339177,0.4357557084913397,,,0.43302226498032514,,0.4340892166611721,0.4355964370159923,,0.4345255557847641,0.4347977414259688,,0.4343091848916026,,,,,0.4334601383870618,,0.43586740025250287,0.4345284157555841,0.43586977498764307,,0.43337578044936187,0.43422718699266283,0.43406074652821475,0.4360219318494894,0.9548481020040414,,0.9578204285360931,,,0.9552902415496133,,,0.9583770081468955,,0.9564480635560889,,,,,0.9567029991424875,0.9540217643194808,,0.9549335163090751,0.9552854596008715,,,0.953146118603516,0.9544892736661877,0.9544331617825897,0.9553242767456527,,0.9546646770828433,0.9564742316905926,,0.952617072372107,0.9548235991908782,0.9546336634512362,0.9553947837290266,0.9566097673626311,0.9547265245059792,0.9575572218959496,,0.9567683610488688,0.9560055496766799,,,0.9585360226530967,0.9571978134897655,0.957709511019721,,0.9588998244159262,0.9566828360410454,0.9571281442382058,0.9575120059691955,0.9576216831565778,0.9559427193105616,0.9562478254444688,,,,0.9564189055387199,,0.9536933766411897,,0.953957110173824,0.9578787036185563,,0.9571127270987888,0.9554270754005009,0.9548444045005111,0.9547303565637536,,,,,0.9533991180912229,,0.9572804757753711,0.9565027570174824,,0.9582695965454778,0.954471354623386,0.9561150026350487,,0.9561725994484146,0.9551561631821731,,0.9548891268756153,0.9533550609344171,,0.893702318001399,0.8942445882510824,0.894897457509206,0.8976580368297264,0.4289871824654513,,0.4294274324557627,0.43022006827059994,,0.569132931292192,0.5691244343784657,,0.5715840806494824,0.5695256362995289,0.569665526696673,0.44807595788814386,0.878223527183687,,0.5754431060580778,0.5729609489088847,0.5752207592695141,0.5617406891604957,0.5634367767222275,0.562254577051107,0.5452270287941201,,0.5465353893312108,,,0.9560156672958188,,,0.9578356047632882,0.4882480940166322,0.8773460552498762,0.9581845187488877,,0.8847074936334861,,0.8794430223050939,,,0.8808844590604556,0.9600673358410167,,0.8819833388648833,0.587945964769706,0.5885022594251699,,0.589993534108607,0.5878280849965375,,0.5889361446241136,0.5908853961539993,0.5903854924862566,0.5872607043943138,0.5884324236350834,0.5891780049400825,0.5886726603353367,0.5876760757836815,,,,0.5870914268614792,0.968027891477986,0.9691837149691845,,0.9688020253216669,0.9678868235781171,,0.5082791498356871,0.5087472682462085,0.5066527356662254,0.5080099785692591,0.8872132808406108,0.8892154814678987,,0.8920034316408441,0.9714834168625898,,,0.9709446458340548,,0.5980615455180154,0.5969223193104285,0.595960634525814,0.5956176038365876,0.5955799927604202,,0.5978548892435231,0.5957085624217235,0.5944095196512232,,0.5956916387389638,,,0.5956236897646097,,,,0.5955445940842992,0.596582263953304,0.5964453030994897,0.5980725919434273,,0.5976550886967213,0.5971457052636847,0.5957207715053394,0.5974569177822429,0.5957432409434229,0.5960692459662563,,,0.5973314114932305,,0.5965222296054473,,,0.5964977129762533,,,,,0.5960490775395043,,0.5945214740119338,0.5968085596951272,,0.5968073553325018,,0.596458478083098,0.5975100271866546,0.5960094242935774,0.5976578772538146,0.5941984013239876,0.5977178756937818,,0.5989704423703368,,0.5955682452954003,,0.5967085548301014,0.8979881269139537,,0.9014377755106165,0.9006501676833771,,,0.8993319929830537,,0.9002371481164535,,,0.8972537292337589,0.4159435632410323,0.4156768509090689,0.41608114806706187,0.41797064245666987,,0.4162914470256834,0.416176501188931,,,,,,,,,,,0.4176032871631392,0.41745746558074825,0.9000885171043421,,,0.9021347753222576,,0.9043159801140588,,0.9025156470638618,,0.9552813854835773,0.954428156327859,,,0.9570516420238401,,,,,0.957445926784722,0.954600509764577,,,0.41604449573915026,,,0.41626607684509176,0.4170400545697271,0.4171307511829594,0.4170311058003802,,,0.41577765243541254,0.41624425598791787,0.4168964187828751,0.4116203898853927,0.4147373899989218,0.41598616190409454,,0.9567738667149389,0.9578097295298877,,,0.9596038661647094,0.9545758400684262,0.8997549758499959,0.9016592070827428,0.9004174149030708,,0.9005476852366823,0.9016004685067783,0.9003852715903072,,0.8993772545455014,0.900226014833246,0.902489441245517,0.9014611906773615,0.899896800543963,,0.8991960332395158,,,,0.8965518039596081,0.9009951705321059,,0.900647912161716,0.9016820220886475,,0.9002464215241334,0.8990787622577564,0.8995394084302187,,0.9604965608413946,0.9563055430658949,0.9598502389293975,,0.9572343180353193,0.9585509695160755,0.959328841342424,,0.9590781781754516,,0.9553770474546062,0.9549838560457298,0.9586062916592344,,0.9566128272803359,,0.9552328654304697,0.9561376833343153,0.9582736646170474,0.957660755513862,0.9573932641789723,,0.9565207990462985,,0.9562387478158855,0.5800293789160005,,0.5797063850060628,0.5813400916763748,0.580792478045911,0.5794244663373015,0.9040176539096582,0.8922843738391089,0.557631715455392,0.5600419677050844,,,,,,0.5445929562596058,,,0.5449929374234206,0.5471560297171296,0.5467639131029876,0.5457014345561889,0.547313256029293,0.5468092538761176,0.5472374536448934,,0.5459777053874428,0.5465142494337311,,0.5456678159442858,0.5442385830673369,,0.5468421259304119,0.5436001093774014,0.5454172490098158,,,0.5454535436668816,0.5463255017968452,0.5462192686714445,0.5450553486212878,0.5465123439225366,0.545690040392043,0.5449643907992111,0.5453844676719571,,0.5453405961368293,0.5457019123630634,0.5452334194032481,,,,0.5472684849817582,0.5458597647298765,,,0.5431057660182398,0.5463007789998507,,0.5461159233191182,,0.5465366105552916,,,,,,,,0.5463110500853133,,,0.5463495480857775,,,0.54555096545968,0.5440128754027613,0.5470928575877383,,0.5472630864977548,,,0.5455051753583786,,,0.5475247410734413,,0.5467011249806447,0.5460125857886098,,,,0.5448413789579888,0.547290790147104,,0.5455077533631766,,0.5455025034949756,0.5442728733701218,0.5470986739721373,,0.5459405801033271,,,0.5462870812720346,0.546779545133084,,,0.5452412604637207,0.5443538941302023,0.546882137913788,,0.5468223966617424,0.5473401761272215,,0.5461482944674066,0.5468698758312157,0.5474154673799381,,,0.5463845673402757,0.5464977524819123,,0.5453614867178472,0.5455623404814964,,,0.5450513087341009,,,,,,0.544189592591489,0.5445478171929604,0.5466231052715996,0.5475505680487058,,0.5473156090201391,0.5446479598492601,0.5452809801342932,,,0.5438667890571516,0.5459715351900194,0.5456318103246313,0.5464677186001242,0.5461196101197054,0.5464460040562564,,0.5474656044127768,0.5456274899772435,0.5472936606851544,,0.5470694741369801,,0.5453710487361638,0.5445892990917877,,,0.5452694967648906,0.5462183883385053,,0.5468897816017722,,,0.5453107304194729,,,0.5458730781036599,0.5451735297488368,0.5459241271268364,,,,0.5463366395059779,0.5460688419750837,0.5454111891383361,0.5438329318374941,,0.551611129897963,0.551564954613531,,,0.8999978672420934,0.9623660077978081,,,0.9248639899709864,,0.9956339442335485,0.9944915457322874
4,4,DG_8pct,16,Z16_F03,16,SLG_A,282085,283563,True,6371.060081808791,6453.853128824697,6412.582653393375,1035.8918384996393,1043.3125173912454,147.18206485072636,17.97976289223891,710.1809011349509,730.4482908302581,280.54415846734355,283.5439953449425,189.2278459734122,5.668205698470582,14.411448509809297,7880.077247833148,18.231144040363272,116.79135247943496,25.79188841144378,59.21188537065809,223.49713046566987,0.711517736743565,0.71214716757781,,0.6527711499784471,0.8482559175803646,,0.8684467768905418,,0.5428309050192656,,0.9003805554379466,0.2163973499005913,0.21748856587095677,0.2170332879616784,,,,,0.9907242495570905,0.98906725076262,0.5432536652500631,0.5435254936748698,0.5429949734184432,,0.5527271726099933,,,,,0.5533658104807062,,,0.5537638227881727,,0.5554041444710862,0.33287832578131166,0.5476524505458013,,0.5480686275665547,,0.5579055865675503,,0.5598792948358168,,0.5588872313506843,,0.5594039852814259,,0.5601045078438336,,0.5583661893246308,,0.5599655518527417,,,0.5605013845608953,,0.345644507061243,0.3474205031993383,0.8972197896897595,0.9648853313393224,0.3506600537082792,0.3503275201288928,0.35153274660395284,0.35165170935531315,,,0.35085090831763144,,0.35088354606102123,,,0.3504999451242441,0.35180554902292765,0.35082099344927653,,0.3507388637968781,,,0.35133892060598787,0.351852409665249,0.3509790616545792,0.3514943392461865,0.3514457610208634,,0.557939134699491,,0.5593222776263526,,,0.575304264276833,,0.5741559409131703,0.5734337299811411,0.5758868971729844,,,0.45026506940425476,0.45212494683089505,0.45135014760088377,,,,0.45094532403078214,0.4520734455958711,0.45238045438489055,,0.4516116947561038,0.45092293000508665,0.4517871983300885,0.45104583536109893,,,,0.4516329866951461,0.45258836275235903,0.4513467085605463,0.4502495664209319,0.45067392953112817,0.4524377616544468,,,,,0.45135206796189165,,,0.4502415688708484,,0.450933954717729,,0.4515071396522466,0.45052485233251177,,,0.44951528811219194,0.44995686698047943,,,,0.9539592479756018,,0.9538011326090203,,,,,0.9541866742158657,0.952026510678144,0.9512772040374412,0.9534639707054178,0.9534921986687116,0.9523817985534114,,0.9530005866587394,0.9549291516962641,,0.9545398895382137,,,,,0.9516495159902176,0.9526234759681291,,,0.9498768178402344,,,,,,,0.9522974697637817,0.9529521544619706,,0.9510554900324227,0.9526473526067819,,,,,0.948189588042975,,0.8841911818846719,,,0.8853752608750608,,0.8803584838473862,0.8816956512396703,,0.8850886401497438,0.8854550592325634,0.8829344830686988,0.8813321776949156,0.8779607124756107,0.8843020754210847,,0.882168079234586,,0.8821239626187634,0.8827892779360977,0.8835584406176129,0.8804621530758442,,0.8793874729770494,,0.8797761817925933,0.8822613246743163,0.8783536591946692,0.8785786551393532,0.8844443969924601,0.8811804615197979,0.881447024263382,0.8800639474773634,0.8820539201989982,0.8827894626735817,,0.8804579715383145,0.8838810358346578,,0.8813615341168026,,,0.8831060838448965,0.8813016955463232,0.8839969769848274,,,0.8788399685635582,0.882413133235541,0.8791043015123269,,,0.8808240801210189,,0.5628038213960446,0.5617270401803015,0.43484758886085423,,0.5772906615117539,0.5761050687268666,,0.5772273783896967,0.5764265302277003,0.5770975815837361,0.43018275960684,0.4322032127352858,0.4300986815572778,,,0.4313794209169534,,,,,0.43163624241705295,,,0.4316838354968233,0.43169009302825667,,0.43079833043108956,,0.43085196974988293,0.43027643887472766,,0.4313904364179135,0.4297872347380477,,0.43188048243632243,,0.4307883966095986,0.4314766468550051,,,0.43087378449285146,0.4308877110818033,,0.4310324403149063,,0.4304603156850651,,,0.43062320854062003,0.4300336967804133,0.4321576988977221,,0.4349743138455977,,,,0.4344207838602346,0.43538008161884356,,,0.43535028180661184,0.4358326979521682,,0.4352541055988675,0.43478263548559165,,0.4353618382171101,,0.43570186324207894,,,0.43529236117178777,0.43411880326323177,,0.4351749551515162,0.43461814656975806,0.43467898409305267,0.4349813010569712,0.43472174935309493,,,0.4342658861307786,0.9575942579024167,0.9557247114071138,0.9529821993970699,,,0.9587816060431046,0.9568672396796334,0.9555302519303852,,0.9571683262649852,,,0.9530439051091731,,0.9538443996728679,0.9570353684264387,0.9586242289200898,,,0.9549113299434864,0.953826450212721,0.9552042022627686,,,0.9526621972684077,0.9531437932025155,0.9546769502749272,,0.9572825031335079,0.9541887785266691,,,,0.9553348225940931,,,0.954948646091848,0.9565122997377081,0.9560571648716093,0.9550712922373027,0.9571773939221668,0.9547985712861576,,0.959576678805822,0.9552095712390555,,0.9567433558834395,0.9577041347504709,,,,,,,0.9554970246508433,,,,0.9541864344707899,0.9558009465576385,0.9563495372817916,0.956465220963894,,,,0.9529409596564612,,0.9561841826578186,0.9545029921754365,,,,,0.9545992887253288,,0.9559219488368981,,,0.9587784881077394,0.955448657911808,,,0.9556373189231614,0.9546364850373624,0.9587705908667279,0.9550561625641361,,,0.8947856278425281,0.8938071593479782,0.4294577885947516,,,0.4288424935813564,0.4292118513932992,0.5695451574565014,0.5716571749338198,0.5677475768357564,0.5682870654400926,0.5718091127417311,,0.44640935375989627,0.8813996808680598,0.9468397596212875,0.5751382167810212,0.5736889058803003,0.5739539207898524,,,0.5618324703863588,0.5463002530311807,0.5457407255052682,,0.4734040780340735,0.8728798483898481,,0.4842529758211504,0.8781283591465703,,0.4882009768533317,0.8784999962592396,,0.8769676156474469,0.8803093954630443,0.8773059341807016,0.8811270548916289,0.8816449316443685,0.48849761826761345,,,,0.8812630285473999,0.5899715377336983,0.5885734613401638,0.5885761566953983,0.5874441004561581,,,0.5895924495337538,0.5878050900430644,0.585828581533133,,0.5883491929385404,,0.5893786320953439,0.5880629654930322,0.5897559256031417,0.5860846199526841,0.5887681685656638,0.5890330311900936,0.9641363462250284,0.967389012064755,,0.9670604147863167,,0.9610196977415654,,0.5080860535193257,0.5068238688242906,0.5080137670061937,,,,,0.9691302285433859,,0.9694366607423436,,,0.5969174521873466,0.5953879789476628,0.5968749612402933,,,,0.5968129548001078,0.5952185374063684,0.5962807635007739,,,0.5972847324397914,,0.5968491553670544,0.5960843276208213,,0.5944546629866955,0.597016276157243,,0.5970925309949552,,,,0.5958577896993413,0.59540740373782,0.5993232534350602,,0.5965451276358513,0.5952781232083267,,,,0.5947656208160528,0.5951435100970859,0.5942525636003847,,,,,,,0.5960860743303209,,0.5967691451022372,,0.5948292491986518,,0.5955536837289909,0.5945012294853923,0.5960196884672864,0.5969571618609155,0.5952033049122838,0.5976819696758426,,,0.5968263857983531,0.5959946791296714,0.5965042977445237,0.5962406129695919,0.8979175970195167,0.9018237637880897,0.8980837765017098,0.8989328012827065,0.9014361035207042,0.8993097926848774,,0.8982501659203023,0.9015613251188308,0.8966487927141967,0.8985642387747679,,0.4168213465866553,,0.4176732367388567,0.4166595377533014,0.41627321049697186,0.41600726543393646,0.41617473539430755,0.4171983142794703,,,,,0.41635073945517975,,0.4159594920638467,,0.4159388021301094,,0.4164389277492359,,,0.904883392594305,,0.9035246229842517,,,0.9041260440366521,0.9566716070179421,0.9577410481483826,0.9563870285843774,,0.9586454361006491,0.9540551568735338,0.9535891376824667,0.9558927079476678,,,0.9571217674937739,,0.956968570928334,0.9529423694144912,,0.41444399743571275,0.4163113907086292,0.41592395818696376,,,,0.4168212993675148,0.4164027942036903,0.4172249353116669,,0.4163892343885554,0.410393518138729,,,,0.9584426389517984,,,,0.9535792571002436,0.9572293651779289,0.9002851574340786,0.90226116186678,,,,0.9014465599488889,0.8969693489558251,0.9031980698589962,0.9017880523431557,,0.90173388490269,,0.8967705762199382,0.900857457100012,,,,0.8981480380046133,0.9004275148936486,,0.902416413499869,0.9000994529031701,0.8986553181927074,0.9017362428288642,0.8996376720963714,,0.8990751919839665,0.9577507812442791,0.9560264545060616,,,0.9569469894509992,0.9580812871170618,0.9565229827431525,0.9556892267870679,0.9586751124304626,0.96150932593759,,,,,0.9589006799535988,,0.9571583349276951,,0.9544035615173934,0.9579736726631936,0.9584923618709441,0.9600044194392545,0.9571153725682056,0.9588610976712832,0.959154432002221,,0.5818936322374593,0.5808940461616987,0.5789594184020818,0.5803785403656032,0.5790382234335182,,0.9001850112669034,0.8900044212664953,,,,,,0.5448467942939685,0.5476658443302848,,,0.5458232961621469,,,,,0.545719811044929,,,,0.5466672340955306,,0.5462747631625904,,,0.5475423931863412,0.5454735685947324,,0.5460856586931786,0.5452069785428221,,,0.547109501573989,,0.5464182079764119,,0.5472686472682811,0.5439183688200419,0.5466177451541389,,0.5477995142091523,0.5458320571018617,0.5462244687063857,0.545692547703492,,0.5465368967122994,0.5443804816085775,0.5448515128765011,,0.5462867677749036,,0.5468594371947187,,0.5454947941546625,,0.54592071526172,0.5456485175893292,0.5455842874471697,0.5479416407790693,,0.5472710850033151,,0.5457969464757078,,0.5458583770411466,0.5471101581238702,,0.5457323822066436,0.5455099598968972,,0.5444216469279535,0.5448645863944789,0.5452855617132109,0.5453604394548486,0.546667704290323,,0.5466948764939215,0.5469512944385477,0.5473137733965157,0.5464033050752998,0.5458958483151342,0.5472086366018196,0.5456517242215818,0.5459388164778016,,,0.546330615936758,0.5467751294222984,,0.5461708771535457,,0.5438675493546425,,,0.5448484509295963,0.5469823572584328,,0.5464373143163113,0.5461528415857659,0.547883405803359,0.5460555332356707,0.5476254744119948,,0.5455315291531092,,,0.5458367552799247,0.5470433247461558,0.5469425352101628,,0.5466221008875931,,,,,0.547287597767768,0.5442118367742386,0.5469371734825323,0.5464294586198232,0.5468307496611616,,0.5458620568889928,0.5452677515987279,0.5465374496853143,0.5466586831033047,0.5459565726160992,0.5463832174888499,0.5462017871581729,0.5445949281339544,,0.5468129642509638,,0.5444799745724443,0.5464371357144029,0.5466553754294334,,,,0.5459289871485069,0.5448619610421228,,0.5470275779829702,,,0.5472164988899554,0.5467175914943955,0.5463505391947491,0.5467462207009158,0.5466331792960376,0.5466921913855689,0.5465227431079634,0.5451262000378494,0.5453785321264617,0.5453230295915783,0.5472248651726576,0.5473958760945112,0.5460589846862941,0.5451557362091835,0.54419851447061,0.5450080543117396,,,0.5464567760621111,,,,,0.5451184244748782,0.5438344505614202,0.5465530826513428,0.5446039392788481,,0.5451962984861819,0.5453493423194324,,0.551251865115374,0.5517691436564829,,0.8989971271716642,,,0.16885341142492163,0.9251790692315743,0.9256681177138624,0.9935984388286073,0.9947364745433611
4,4,DG_8pct,16,Z16_F04,16,SLG_A,318386,283563,True,6341.173725526875,6420.795950254653,6410.243283044557,1031.5949644517152,1044.6657031120772,146.934708543424,17.89021291229389,711.8368960495409,729.9333527110583,282.11985696268124,282.85524060415344,188.0396201631459,5.701734943436179,14.342549957329174,7881.649288382606,18.181123086648018,116.98571607901256,25.660704948502854,59.20264284838608,222.69805321688793,,0.7131130039138304,0.7113738372551374,0.6533683712779267,,,0.8659351691568041,0.5414383218998652,0.5418786403377998,0.5416960486677024,0.9056291068437649,0.2167859771982382,,0.2173517715975151,0.9180412206108891,,0.9188672057554345,,0.9894885713736037,0.987639964819462,0.5425943681409762,0.5427555705465612,,,0.5535481031044032,,,0.5469371843114592,,,0.5528035431204733,0.5551936676336899,,,0.55199764105522,0.33153020391185,0.549343613755512,0.5481118846483887,0.5475285269163622,,,,0.5598745243460692,0.5587642087281379,0.5589996984805474,0.5604712839625245,0.558756509716143,0.5586946667190887,,,,0.5612298061147588,,0.5604584380277847,,0.5591939753667764,,0.34642215180714653,0.34642218120298035,,,0.35034369704620794,,0.351388931573373,,0.3508913972581969,,0.3509743484275691,0.3504940238035144,0.3509786972281322,,0.35233278237450677,0.35023093513368675,,0.35163161692792705,0.3507611965479274,,,0.35145224539369097,,0.3502409573758602,,0.3500404557071447,0.3502883335918984,0.3510317707614337,0.5572267475264417,,,0.8789462699681962,,0.5752479947351011,0.5738786455227534,0.5747626551220616,,0.5756937926628145,0.451096556383871,0.45136299913880634,0.4505689985563044,,,0.45191222037043277,,,,0.45137003506049167,0.4516908538322497,,0.45284736691656063,0.45022134533942854,,,,0.44989421679621433,0.45178849496305723,,0.45224437132156486,,,0.45088868683037553,,0.45132980837476205,0.4496265339629989,0.4502401255447932,,0.45084120143818435,0.4518113951132856,0.45072581439911924,,0.4520991301772659,0.4498534320785633,,0.449816327983346,0.45076534415803915,0.451815928820644,0.4515206603287713,0.4503588626370836,,0.4517521901895389,,0.9520802392609377,0.9523767275465451,,,0.9550051076973908,0.9522099546087579,0.9533596382700812,0.9573047308876491,,0.9531765819406252,0.9550264481915158,0.9509914338675798,,,,0.952062468068237,0.953171760277271,,0.9530878583370016,,0.952236867669549,,,0.9533460243527897,0.9541106170644393,0.9551866472701004,0.9527999755048064,,,0.9516624729256957,,0.9532872654513915,0.953742916517738,0.9527727467345353,,,0.9519408072836358,,0.9536666123078318,0.9504844657918238,,0.951758542594899,,0.9537239033353363,,,0.880158861292748,,,,0.8834616855773122,0.8818810224108664,0.8840177305845971,,0.8835965971956128,,,,0.8834055690295242,0.8809136848307195,,,,0.883143501680153,0.882135077326512,0.8830010965377318,,,0.881961460790642,0.8824916925171031,0.8821072380167064,0.8810321880888026,,,,0.8796163379071189,0.8797771659194851,,0.8829390171046357,,0.8814530822189776,,0.8797916492982581,,0.8821489622735799,0.8830695312095355,,,,,0.878951656439672,,0.8805745063237862,0.8811093499279053,0.8821986488900818,0.8799296917533286,0.8809737125496787,0.5632964980877093,,0.564213897822468,0.4355726264811438,,0.577904905671465,0.5774370822603907,,0.576666305324402,0.5764405820807532,0.5771598924713279,,0.4314115575939342,0.43174474722156453,0.43039954703711747,,0.4304384800711177,,,0.4305960567247913,0.43152414428518676,0.43020714099031887,0.4323006348786593,0.43079534938538505,,0.43119873291497435,0.43128192503561086,0.43166590090579937,,0.4306662518006622,,0.4318153258525562,,0.4310299320363637,,0.42891573926175064,,0.4313588559526952,0.4309336794354296,0.4310306864020374,0.43035260379471124,0.43155396849958266,0.4314826773817789,,,,0.43045334436628613,0.42938541622577264,0.4303951654429048,,,0.4350794381445702,,,,0.4343863631512698,0.4342109288839836,0.43521167385334,0.4342205530503418,0.43478886102105435,,0.43502208477022386,0.434949335078825,,,0.4350330855732026,0.4351193819246028,0.43600303247151134,,0.43506958402405116,0.43537801441862195,0.4355875981308139,,,,,,0.43528463845527093,,0.4342641667387616,,,0.4339188576218802,,,,0.956193069869928,0.9576011244016764,0.9532193195258517,0.9568462492327926,,,0.9565981947029257,0.956794994430135,0.9566467718426573,,,,,0.9543670794557215,,0.9528264138191291,,0.9542644693730555,0.9538524843979749,,0.9547615210023748,,0.9551259808097465,0.9557635547023265,,0.9548613310592582,0.9574234025762403,0.9561655496762993,,,,0.9535064754351223,0.956542675530592,0.9548922057404816,0.9532211254478465,0.9560022518338123,0.9590812026173305,0.9557276260637271,0.9555645749847131,0.9573922412724579,0.957406088321219,,,0.9559138197975597,0.9580067940746205,0.9565036831843361,0.9558211594142522,0.9577571370547889,0.9554263750796133,0.9545519170007852,,0.9558574066508645,0.9573160031163863,,0.9530606221921551,0.9513071233008848,0.9554922093406976,,0.9571154125077675,0.9558338618371889,,0.955915073225639,,,,0.9535143761968965,0.9551120736381211,,0.9592865694709094,,0.9575820344941016,0.9571799753972081,0.9549234203443293,0.9548136782738228,0.958035654897089,,0.9581332446440268,0.9560566052471804,0.956517996519314,0.9555414553173758,,0.9562236271287975,,0.8953544665548047,0.8972039799515439,0.8953813231362071,,,0.42943125413511957,0.42896496486272695,,0.42864680489669205,,0.5687830693981851,0.5686251139714871,0.5689108383330741,0.5692388888385405,0.5697516085818,,,0.9503071999295037,0.5753792809510228,0.5746910134258941,,0.5612107137596669,0.5620655310619178,0.5630503333395044,,,,0.4720197110778855,0.8701360674775503,,0.4846550488175492,0.8757394988452787,0.9560266586993394,0.4878353792850412,0.8787231045110271,0.9578748626517606,0.8785974664525881,0.8795948614578238,,0.8774865844493528,,,0.8787184798654124,0.9602753435540061,,0.8854591878936339,,0.5895040700000488,0.5889041601678643,,,0.5888389285390792,0.5889372142397318,0.5884420701417638,,,,,,0.5889278769983614,,0.5911834364641495,,0.5888874273728516,0.9686133932648194,0.9681123314068619,,0.9686053316816454,0.9663970448146612,0.961896397194479,,,0.508003215657615,0.5075376181085117,0.8875336907710967,,,0.8870040111705341,0.9676083126238219,,0.9670762397848223,,0.5966638280282842,,,,,0.5962930388755412,0.5962777814083167,0.5946651288475541,,0.5977266449673957,,,0.5955802876290219,0.5965810772599305,0.5975215870748288,0.5966660281265442,0.5965886958824762,0.5974276045561802,0.5963016487524727,0.5984501682482325,0.5955543233036791,,,0.594989129313293,,0.595182130515218,,,0.5957800696780149,0.5951082749261017,0.5961721793633976,0.5976329762311623,0.5964692621074684,,0.5939624370691159,0.5955029251816533,0.5951073110685807,0.5956895045189551,0.5941968507661748,0.5949295503214238,0.5980075155636962,,0.5945858389733094,,,,0.5961902155817076,0.5961447492642716,,0.5945257135613468,0.5955149569304693,0.5974155167728327,,0.5970841704994726,0.5961561580980997,0.5978217613735961,,0.5957752448226084,0.5951058048643668,,,0.9029815892278569,0.8991531926220236,,0.8996828738467229,,0.9011571690720797,0.8991070499808382,0.898996761847049,,0.901346574937761,0.8997801579162152,0.41600541935761337,0.41671823354924203,0.4168839502820747,0.4175592194475162,,0.4169271486239226,0.41689778051584514,,,,0.4168356353394985,0.4156957964441141,0.4161357051519046,,,0.4160862386090263,,0.4154866076054672,0.41538045495223247,,0.9032551183294909,0.9031405431978345,0.9008624847984597,,,0.900871469710541,0.9017637565173765,,0.9569615518345117,,0.9572269321134189,0.9549568337389089,0.9536447185446922,0.954138764460398,,,,,0.9559368400637568,,0.9545466831090378,0.4158978240388123,,0.41579581649008557,0.41687660417010597,,0.4174448327200824,0.4171648759090339,,0.4173822971095008,0.41769216347530463,,0.4180471122470748,0.40972326518967783,0.4150374490691422,,,,0.9581734523997354,0.956556558579207,0.9550186749556553,0.9546075892973127,0.954475600534608,0.8985654971754258,,0.9001061879721822,0.8987710738512039,0.897549889154422,,,0.9027734728141614,,0.9014935858742776,0.8983470667762405,,0.9010491708933196,0.9017571628365931,0.9014387910783054,,,,,0.9029273785197129,0.8999441489689781,,0.9016988804517093,0.9024044566899339,,0.8995071944117194,0.9025787337389313,,0.9589753452047662,0.9581507949286436,0.9584738470625043,0.9614881260150132,0.9585261916612186,0.960001911938815,0.9603483002948053,0.9595793511003029,0.9598386251471941,,,0.9548478976982958,0.9578499195291089,0.9567545405896323,0.9589673811737184,,,0.958810238588052,0.9553118970428969,,,0.9567263423386929,,0.9581404070954687,0.9561938524570733,0.57945425650028,0.5807747061390663,,,,,0.9027763471847956,0.8898651481248767,0.5569574131337818,0.5599243756289367,0.5586749532826458,0.4991546323815352,,0.5452394508304005,,,0.546179340361812,,,,,0.546486994385376,0.5457042309999317,0.5451486554304122,,0.5459194907772909,0.5465702702917351,0.5452788556726337,,0.5460818357811567,,0.5446459867694677,,0.546290943898326,0.5462609300212935,0.5471193652624191,0.5462337157825675,,0.5455636088957652,,0.5460380401549177,,0.5463683115941642,0.5468740966553135,0.5456576262788501,0.5460006570987588,0.5455504884266787,0.5448650575602488,0.5444635647798051,0.5472861718789074,,,0.5464393660652088,0.5465959294818405,0.5467148433483701,0.5445139857311603,0.5467958657587441,0.5458795865829857,,0.5464749047773868,,,0.5467498890554264,,0.5476432225007354,0.5450945425659134,,0.5476375151709311,,0.5447419238634801,0.5467930417163428,0.547608977603036,0.5459521917257747,0.5456786653760534,0.5453546459542538,0.5458955325063901,0.5467585884275461,,0.5462535777347028,,0.5461186442226323,0.5438094320187065,,0.5478783689984799,,0.5461054132437122,0.5458092481888244,,0.5452618422157769,0.545827526247348,0.5461462605046373,0.5473966855167245,0.5478767693947724,0.5462057743132149,0.5449387564131932,,0.5462061444033126,,0.5447607790494112,0.5451424098598474,,0.5463477008726769,0.5456995514481341,,0.5465626688144035,0.5464545039345576,0.5473192317239906,,0.5459956412248637,,0.5462068847574532,,0.5465365870374335,,0.5466400761994785,0.545598335718947,0.5461753776349297,0.5447597655390803,,0.5463576582322663,,,,,,,0.5460130111338527,,,,,,0.5468626015916401,0.5473930579370034,0.5461903685684033,0.5461146399802679,,0.5461748279192928,0.5459315601834084,,0.5462847796268558,0.5442233217136893,0.5463303317314128,,0.5455059410336573,,0.5466866311472678,,,0.5464598196730713,,0.5459647079076765,0.5455705000367209,,0.5471048284281378,0.5454448268617383,0.5455779124531641,0.5478640253085761,0.5445215396178167,0.547456033079269,,,0.5466590915189002,,,0.5466804339919757,0.5458306869497456,,0.5460658688895068,,,0.5467146195591367,,,0.5462450566882562,0.5451032883851736,0.5476084543407636,,0.545788049268435,0.5460998827379672,0.5510364500228901,0.5508971109200149,,,0.9019464181116339,,,0.1691470471576074,0.9262505551636019,0.926881698335744,0.9944218251871337,
4,4,DG_8pct,16,Z16_F05,16,LL_AB,282086,283565,True,7333.7864569926605,7390.849144100949,7355.509898870686,676.5690147103519,679.0393347675348,99.46168756626105,15.264814392083915,454.7736645737031,441.43979153557063,184.64083311736388,185.21663380222967,122.97276129379765,5.08773862562622,12.002812019738908,8192.819346939059,15.707126644527982,77.7675867332662,23.304902393801544,49.69708041598753,133.69885402959946,0.5508077277541971,0.5474617482137847,,,0.549960584835382,0.8669427394045224,0.41176871183987296,,0.07974723562984044,0.07969475260054436,,0.24602711974769603,,0.24652144225066505,0.17424202709105172,,0.17453159513436875,0.9499627815957821,,,,0.013693581088214774,0.013665526173432137,0.27110109280100597,0.26996885234781415,,0.27014562741927445,,0.2704301862795511,0.27056099082736673,,0.2706164649542397,0.2703965421555134,0.271117454913591,,0.3620026159123493,0.27271372847731656,0.27235205332266993,0.2721106709188614,,0.27294052772476035,0.27273457603597456,,,0.27281734139726177,,,0.27350960524724166,,0.2718316277786981,0.2726523922692516,,0.2715653540872882,,,,0.2723028836391313,0.37770849595403966,,0.25420891715950134,0.9001203095735916,0.3829483852245566,,0.38339737148989894,0.3831546752556232,0.3832154992049251,,,0.38311329701688035,0.3839397323108113,0.3845792662300572,0.38327897726378063,0.3834692134695344,,,,0.3841227259031845,0.38306326871211965,,,0.38414192506822037,,,,0.3837169008832386,0.27284029200043197,0.2721634859673238,,0.29626271645132324,0.28106020329159764,0.2821718973900148,,0.2811663784770444,,0.28140356431946423,0.4828591119622848,0.48474496017169927,0.48369740345490453,0.4846855791449101,0.48487791037274164,0.4852753901565832,0.48418748331258316,,,0.4856459155413181,,,,0.48423721691781474,0.48365811886807303,,0.4846296540609024,0.4840338133754224,0.48482216158768715,0.4841725648030592,0.4844062406335633,,,0.4833388524940264,0.483217940383454,0.4837057636061347,0.48282948914446006,0.4834509215133087,0.48380895667469503,0.48310808054959725,,0.48393015320902,0.48362665303266444,,0.4814831703424634,0.4836481677463527,,,,0.48481177993228197,0.4834313397491468,0.48310652416498523,0.48212458051343265,,0.8312493542033189,0.8298018667530282,0.8332789341447948,,,0.8304496753534445,0.8319133198542771,0.8303392457481017,0.8307391044256807,0.8311992079595498,0.8297018062326074,,,0.829927516679278,0.8309274534354987,0.8314057637538932,0.8318909363303539,0.8299777841930358,,,0.828355315007725,0.8288007663919643,,,0.8293482657607242,0.8305335332517334,0.8307019337979171,0.8314274464132874,,,,,0.8311005318047616,0.8313610884889,,,,,0.8324542612832772,,0.829870763503219,0.8293123083311642,0.8318264925578628,0.8307204238862543,,0.29819656964677427,0.29799770326932806,,,,0.2988392198719286,0.2981768921534943,,0.2980978040338801,,,0.2982443889826923,0.29790624189676496,,0.2990709038100058,0.2984385901681053,,0.29803883067512305,0.29830317564396647,,,,,,,,0.2974662140855334,0.29756728723720793,,,,0.2965433949790557,0.2973592966025724,,0.29800814209636234,0.29816096022192684,,,0.297445922535278,0.2973760559150757,0.29777589948932137,0.29744862854038195,0.2982842127856226,0.29888868800322477,0.2981780382402738,,0.29724109770864127,0.2978902193955595,0.2975224888732122,0.29743487705116883,0.29732651835212154,0.29800008114893684,0.28060486649367666,,0.2817285886914856,,0.4777735791091056,0.28134988508776787,,0.2826395359817743,0.2809629373118813,0.2821350437382311,,0.4612259701279114,0.4604682535944888,0.4614723265589376,0.4624396230856301,0.4612946482049555,,,0.4618339896580022,,0.461649480774656,,0.4611313300321838,0.4612816607346745,0.46178882238610575,0.46194697642491944,0.46233011173657323,0.4605749017588851,,,,0.4618104690989535,,0.4621201860269842,0.46195621731178016,,,0.4617622613431579,0.46039171295122433,0.46105086908771886,,,0.4619445812416111,0.4614957074309378,,,0.4617672340100729,0.46229835574749095,0.46093102647470774,,0.46374176081703106,0.46664497153446594,0.4665360145807361,,0.4659971247226711,0.4665154644781802,,0.46575416932814917,0.46609459062105646,0.46488951434865305,,0.46573173301604964,0.46676485454007405,0.46717706616767235,0.4669634578480024,,0.46657900604252955,0.4675974306961625,,,,0.4663245931436881,0.4653531966136692,0.4665337830219773,,0.4663291567013734,0.4649234091775537,,0.4646750922252039,0.4670540801849531,0.46410363293279255,0.4655448913082442,,,,,,,,,,0.8532014473084302,,0.8525383133633124,0.8480074984928105,,,,0.84571417419507,0.8456567106227536,,0.8471589475065806,,0.8500372687750319,0.8447428430286309,,,,0.8466581966314715,0.8513371019052558,0.8518064287893184,,,,,,0.8541825340000914,0.851136918247774,,,0.8554855243284739,0.8532397430385144,,0.8532499911257719,0.8549330938378665,0.8528900834113892,,,0.8535509898054942,0.8532649577108122,,0.8538245651843409,,0.8529498874973696,,,0.852614966952704,0.8529006480001079,0.8533359150546118,0.8550894007299757,0.8489465875877285,0.8466594550291947,,,,0.848041065068981,,,0.8476467760943771,0.8478733496334014,0.8474237926172975,,,0.8468266928394519,0.8474984426225526,0.8468875098089278,,0.8470262031617558,0.8468811640127709,0.8489078980443926,,0.8495807827931756,0.8500587580091455,,,0.8447420970855094,0.8464427600400591,0.8473654426231023,,,,0.2901506493811708,,,,0.4590619813077387,,0.4589442725727395,0.28037755161861766,0.28025803023294016,,0.28053524381042905,,,,,0.8325274458413485,0.28102240636919396,0.2815675286695837,0.28172409495230377,0.2797592752679137,,0.28089915931508197,0.27775092501346743,0.2779565684296994,,0.5077472814652536,0.3059937419247573,,0.5182532881693709,,0.8132015427742864,0.5223473847619942,0.31481172725196577,0.8120224492041985,,0.31722742472357207,,0.3175806366631935,,0.5252670576765319,0.3170208703799334,0.8118189106265128,,0.3215969512289467,0.2867156743607561,0.28720440661528734,,0.28672205134490975,,0.28726664975533645,,,0.2870044068692353,,0.2871545264432353,,0.2863958553952358,0.28681355348167026,0.28704369299625604,0.2871301386014205,,,0.814827669022674,,,0.8156663606339348,0.8122086878238219,,,0.5431840843475297,,0.5416931115983985,0.3284652180933719,0.3303277540297092,0.3291086308980238,0.32929182192177825,,0.8132981718769522,,0.811758478221353,0.2898252742988272,0.2904152506867215,,0.2891967780777999,0.2902482763623067,0.2900540432397924,0.2908797097579885,,0.29121139385509875,0.2906334519309909,0.29015220408259035,,,0.28944293991430997,,,0.29033597688717616,,,0.2899817537571792,0.2903634627668498,,,0.29112179306853464,,0.2904659098632281,,0.2900812628432735,,,,0.28968217824378895,0.28985845141246963,,,0.2905329754642054,0.2899783638194006,,,0.2905615529204066,0.2907041611709008,0.28956592733401953,,0.2892038256064569,0.2902746544882998,0.28920305822059555,,0.28866544645873915,0.290018113065555,0.2898189796843629,,,0.29030385100286166,0.2900256454347258,,,0.28937355991557073,0.2894303083636323,0.29004580230458,0.2894024394557841,,,0.2847944022463834,0.2857544388592063,0.28589146017538347,0.28510233031364757,,0.2866623192951375,0.2851038681905476,0.2860213253954944,,0.286583045337,0.4455821958571331,0.446888689362604,,0.4460204584733311,,0.4450792472732428,,0.44477591890413787,,0.4452233999437488,,,,,0.44541568350303185,,,0.44568686265768576,,,,,0.2862001562581298,,0.2860941779204338,0.286402789605929,0.28588744855074205,,0.8656643829247335,,,0.8655506588437052,0.860307085605135,,,,0.8648351596482328,,,0.8630493846140762,0.8632564489948085,0.4450456838897079,0.444683258985302,0.44448124314533666,0.44414626210390845,,0.4457070196116661,0.4464245154072987,,0.4459718245331103,,0.4451118144537145,,,,0.4447870082905257,,0.867290703727926,0.8654716995488196,0.8636182150729382,,,,0.285196175524038,0.2865658761380623,,,0.2861809217958525,0.2859204053587962,0.28551526953969375,0.2855769073774593,,0.2863380793841057,0.28493283916204454,,,0.2847294623168836,,0.28572978867101245,,0.28559943141652105,0.2850920370823015,0.2853816343905053,,0.28636847926571046,0.2856679148387024,0.28620298817800843,0.2858706110648125,0.284998068250983,0.285465024777446,,,0.865180997709737,,0.866849466282945,0.8655053710387653,,0.8667951434174852,0.8646007929449404,0.8678711222764167,0.8634109147471887,0.8636907490351634,0.8657897117258735,0.8638972551597421,,,0.8662504487225378,,0.8640198423629397,0.8679325604578707,,,0.8652973593812217,0.8652754740167056,,0.8669052204645706,0.282335899522957,0.2831063149887036,0.2823654394208404,,0.2831177636873559,0.2823252873945107,,,,0.273423354210747,,0.5332846612976804,,0.00011382898939686926,,,0.00011371570496657167,0.00011382225246020015,,0.00011358035391248137,0.00011346963179632578,,0.00011352069467563278,0.00011365080617611542,,0.00011381429542827512,0.000113618504734296,0.00011361777306947337,,,,0.00011386467486918356,,0.00011371844605735002,0.00011402173307132848,,,,0.00011375779615405244,,,0.0001141097709780486,,,0.00011398131119710225,0.00011370016275168733,0.0001134014975798197,0.00011379822865409369,,0.00011385605947996195,,0.00011416565188325716,,0.0001137438459399805,,0.0001134405476873837,0.00011321847968385667,0.0001137445680694589,,0.00011335266085723109,0.00011380247363932368,0.00011349777325077526,0.00011337744783041606,,0.00011357793440027363,0.00011363832015418962,,,0.00011376420607496077,,0.0001138030415267591,,,0.00011356710567846588,0.00011404828062869746,0.00011397154341673899,0.00011370146901954724,0.00011393272763753927,,,0.00011341112636382807,,0.00011397828217173597,0.00011369907638890377,0.00011362224877981422,0.00011387609215647294,0.00011384643186296877,0.00011357136871907738,0.00011392310114568536,,,,0.00011362724843364855,0.000113651042730611,0.00011403240378184125,0.00011364183523084906,,,0.00011358739251621951,,,,0.00011358390918375694,0.00011365523980883824,0.00011382269802118779,0.00011379489746683116,,,0.00011371816396041543,0.00011362550807742423,0.00011343284352921467,0.00011421091584829895,,,0.0001136565046010298,,,0.00011350516855376485,,,,0.00011374016671238472,0.00011353758816276672,0.00011398055931262229,,,,0.00011369853060993473,,,0.00011368439466173991,,,0.0001140792621761816,0.00011374469907447344,0.00011359967602447182,0.00011352183159422284,,,0.00011373342373412471,0.00011406623057836784,0.00011345713670012276,0.00011363333593745688,,0.00011398708392810862,,0.00011348439012410975,,0.00011369096722091003,,0.00011355463251442569,0.00011344637396117101,0.00011396570978910328,,,0.00011356604679913515,0.00011334985233500679,0.00011380952999403951,,0.00011387390382581969,0.00011366543046416617,0.00011370513971687195,0.00011396701169040575,0.0001136325658152798,0.00011342499154438074,0.00011308141291687063,0.00011347454206449303,0.00011370572668288622,,,,0.00011370826985514056,0.0001135108839235444,0.00011342677882363623,0.00011376266906626861,0.00011344654664081837,0.00011385830323364195,0.00011336457648221527,,0.00011370003979162898,0.2722435618111987,0.2721005942472502,0.2719987045363673,,0.2553123755511481,,,,0.13883190464552936,,0.9635897917496046,0.9637859908045715
4,4,DG_8pct,16,Z16_F06,16,LL_AB,282085,283563,True,7452.481574272042,7472.4883998686255,7496.008922771915,674.1690233952786,679.0528369373029,101.03196479563897,15.125393407546921,457.56694863692866,444.6944738033401,184.53203188089827,185.82611927860447,122.76148281100225,5.04262922365437,11.873354178647594,8334.119862247006,15.51347925403518,78.72734953158613,23.076860578417246,49.257342644745016,133.51898848838007,,0.5436487754386098,0.5424135413702437,0.6501032957838642,0.5445873343940738,0.8633926784755871,,0.06691514078580135,,,0.19084892491286878,0.23238105804654624,0.2313354845376453,0.23147370881316381,,,0.16378834274763182,0.9516959041244326,0.9535505629773388,,0.00011595316509534581,0.0001163789634061392,0.00011612100492204199,,,,0.2597336080925238,,0.2592362347521778,0.26100605136331995,0.2618950590545451,,0.26035754973191355,,0.2596836629325551,,,,0.26274313038445957,0.26285592183473455,,0.26194299079777106,,,0.2620829769276131,,0.26191866760221577,0.2622509161536592,0.2629456988981992,0.2625547288028506,,0.26222851082036763,0.2616310791947447,0.2627332881957231,0.262106315691793,,,0.3660320187944609,0.36681222624440596,,,0.3711091637182706,0.3723675685280879,,,0.37210417536924567,0.37191181113768,0.3721500151922205,0.3717478925582937,,0.37199839484555236,,,,,,,,0.3727302289660069,0.37281998402823663,0.3730610879194861,0.37141770335965385,0.37169041008924125,,,0.26267024354081425,0.26276266720038743,0.2628433215650943,,0.2709164266987321,,0.2709148457322194,,0.2713914850688327,,,,0.47256914465163846,0.4744581977522458,0.4734682133265737,,0.47353534877156234,0.47434739924583935,,,,,0.47522935148577694,0.47487425321244137,,0.47421897338315366,0.4752127946435065,0.4757413559069821,,0.47517518905418643,0.47366002768916504,0.4738364709529064,,0.47467172742455427,0.47508275372812653,0.47524493032951737,0.4749574145728299,,,,0.4733576140796499,0.47407215004088066,0.47254368560090154,0.47320362660638043,0.4720474653645445,,0.47299951069624235,0.474845684471216,0.4724569973044111,0.4746305603566836,0.4742972144727872,,,0.8276825695717869,0.8247615936088643,,,0.8264357523293386,,0.8266769622830967,0.8282729840639318,0.826949026641814,,0.828379908418124,,0.8287542218718968,,,0.8274097811685137,,0.8257133935195191,0.8288683547178596,0.8274908088710412,0.8247897516136314,0.8265930334760033,0.8260445720274933,0.825597037043762,,,0.8253342956088652,0.8276964316569484,,0.8271125953634254,0.8251968307985507,,0.8263093030850552,0.8243272410731777,0.8239743393118918,,,,0.824929655942148,0.8272367179480611,0.827150986953942,,0.8255349635078316,0.8239036116738396,0.8295029677094782,,,,0.28850423149405025,0.2899504448955012,0.2895075901316087,,0.2900334723824287,,,,0.2890646227662207,0.28990867104005197,0.29032520797889416,0.2896705840412076,0.2909157352396166,,0.2889807498222864,0.2892381307692502,,,,0.2887576504963513,0.2895114484944411,,0.2890946818529261,,0.2896908683382792,,,,,0.28992774962933815,0.29026311393482745,0.2890769186817331,0.2899166689960451,,0.29011711433440396,,0.2905329755567063,,0.2903328548018047,,0.28993522624866613,0.2891175151854261,,,,0.289104364431359,0.2903516486623405,0.2894516397642576,,0.28929185905139804,0.2697487590046083,0.26984345519056935,,,0.46901968990518844,,,0.27149229356058713,0.27187321043662993,,0.27098325454264915,,0.45021037212204046,,,0.45229217916976505,0.45086490305390414,0.45233288399186533,0.4514203062428549,,,0.45135771279922193,0.45134252521181956,,0.45087292091356473,0.45139542178080866,0.4515341082095053,0.4499950171385622,0.45182505428868275,,,0.45135683594704035,0.452231525453558,0.45091827803822554,0.4510410965755632,0.4511974052164168,0.45314194251171636,,0.4514572332525716,0.4499946168925472,0.45155780576805576,,0.4514614036558745,,0.45150252557539633,,0.4518828671449224,,0.45067938366622806,0.4503827844767397,0.44966229917910444,0.45615066278745553,0.4553110872093875,,,0.4547931307574941,,0.45531225308057877,0.4555581844831953,,0.4560073398582495,0.45568818829850744,0.4555802391397353,0.45566846735586747,0.45634116483573106,,0.45594139341720974,0.45524186852863263,0.4560611384922761,,,,0.45634174109461806,0.45691261921060716,0.45631387568037896,0.45679102399141625,,0.4554435893628136,0.45681337635854796,0.45612181495487797,,0.45475975481877895,0.4550736895738162,0.8483348443976553,0.8474851163275254,0.8488576965394737,0.8494949315917095,,0.8463694706685126,,,0.8450433643751915,0.8475560181364691,0.8478268975847897,0.8435863508945481,0.8451304267258009,0.8456085644286482,0.843990769573724,0.843379469823773,0.8441242618957945,0.8447574868449688,,,,,,0.842724742922789,,,0.8459583426489583,0.8458874236731071,,,,,0.8461862561002236,0.8468129428883229,0.8452301577657809,0.846226554436105,0.8466650401343511,0.8489224679374833,,0.8467037275235212,,,0.8470398227362576,,,,0.8477459839301243,0.8465335894176258,,0.8473405014149046,0.8464285399944442,0.8485347368051617,0.8485850372285761,0.8490724110868456,0.8482363354540138,0.8490167143888208,0.8472092645536914,0.8423891105423243,0.8421291077912605,0.8417023732799196,,,0.8450338804068901,0.8463586877156252,0.8435493345564715,,,0.8443448631141268,0.8431355763548501,0.8453640095139341,0.8418631087661477,,,0.8432424322555296,0.843328721625619,,,0.8448357990367623,,0.8455361847862732,,0.8424480775355286,0.8427170302729229,0.8432442016683714,0.8422822359358391,0.8435773879147179,0.2810170005730256,0.2809282684248304,0.28110298812761675,,0.4483206675500987,,0.448639668749933,0.4485598521266461,,0.26979415760636716,0.27060910753965883,0.2697699014678969,0.2708117449410142,,,0.47009446729671023,,,0.270592415375702,,0.2706121772646286,0.2695278544710843,,0.26989684625007837,0.2666196913590087,,0.2659681151689961,0.49967824346506134,,0.8051839794993506,,0.3061479437396068,0.8072844493580453,0.5133676001742081,,0.8060086057509256,,0.3089397066362806,,0.30859485284276117,0.3093803113394564,0.5154472804561275,0.30881857415787806,,0.3133362110244396,0.31280981110705564,0.2754481054451717,0.27660674039037075,,,,0.2755536008872429,,0.2767802966435178,0.27623788596416377,,0.27654455399363204,0.2761057988203604,,0.2765770430519451,0.27574817469704604,,0.2757733379893848,0.2765492144446716,0.8109843916535415,0.8068546006741726,,,,,,0.5352948208522131,,,0.3216440441199142,0.32056076664404787,0.32151839700700413,0.3206866932831868,0.809079595624069,,,0.8097959877198595,,0.2790861833547271,,0.27961671405370564,0.2792298087347639,0.2798577994642677,,,0.2789967555492136,,,0.2801187114197346,,0.2801999207158142,,0.2800059079102729,0.2794104241535515,0.2799254842543084,0.2790512686691973,0.2797662093313419,,,,0.2793601745885032,0.2794109993412074,0.27845707393950614,0.2799908889984907,,,0.2784126139212494,,0.2791402119101567,,,,0.27898360226303565,0.278789381184506,0.27958120632544253,0.27935030080775747,0.2794032291659565,0.2797546806620754,,,0.2785907098665367,,0.2794033947350378,0.27850598839157686,,0.279633529947873,,0.27899831112537843,0.27902346800786343,0.2793062490537488,0.2793330221204999,0.27914915695573517,0.2799690230156581,,0.27942095115582233,,,,0.2773802647035541,,0.2756295398173078,,0.27675826816160265,0.2757149229380304,,0.27579324762925317,0.275742570360791,,,0.4347280658973841,0.43583874149421703,0.43466373036889117,0.4356305182157219,0.43475563098649406,,0.43443713024180686,0.43568151337855404,,,,0.4352724879114039,0.43501018054051716,0.43448504098971585,0.43511886351889134,0.4359543666578984,,0.43538651428256453,0.4348840450829702,0.27720550142085854,0.2766415860756885,,0.2773343309613061,,0.2769007326541266,,,0.8608018129910258,,0.8614910555096362,0.8598149665309549,,0.861126543901261,,0.8588758404755804,,0.8598544913334387,,,0.8622743392644929,,,,,0.43513878182783194,0.43606487491516455,0.4360056317521351,0.4357661844023891,,0.4369737456941659,,,,0.4313272600480694,0.43515405443298893,0.4345268728133369,0.8622429380335002,0.863607037286232,,0.8623255079942088,0.8611493697342157,,0.8634103699487758,,0.27719173181734974,,0.2769120258470387,0.2765764686221868,,0.2773297072630349,0.2773194749111788,0.27691420308233333,0.27661092018495576,,0.27748782787860304,0.2767469736086473,0.27691648741270947,0.2764809642579942,0.27751126937979764,,0.2778435445288895,,0.2770654219456089,,,0.27722741913326004,0.2761309030739859,,0.2767042624758422,,,,0.8657322331218542,,,0.8625658249094433,,0.8620024289986026,,,0.860898209051071,0.8576994298483218,0.8605089993218453,0.8621712660960063,0.8636958385066037,,,0.8596789795921665,,0.863470607047115,0.8639801620779267,0.864687026096714,,,0.8629755445518592,0.8633688785582964,,0.27252764624856085,0.2716993998590377,,,,0.2492658440932089,0.2756609952368412,0.2627586868209526,,0.26332687731665705,,0.00011479489022497815,0.00011504930241972495,0.0001149408624723612,0.00011524650985962746,,0.0001150208342187879,0.0001149300508972449,,0.00011517757861354707,,,,0.00011520845988543136,0.00011522330876666418,0.00011516241206576892,0.0001150578029198721,0.00011506481652256188,0.00011514350316383623,0.00011501333994785226,0.00011496676946919136,0.00011509686051072763,0.0001154366941877687,,,0.00011475632814672557,0.00011505407788999366,0.00011487657001983932,0.00011539413984407031,0.00011512836010195277,0.00011508851801505509,,0.00011499333914537947,0.00011512306157659215,0.0001151725221976296,,0.00011546067393441536,,0.00011497865764815891,0.00011498910666591345,0.00011520644246247418,,0.0001152080674649898,0.00011523554539149603,0.00011472402155943338,0.000115137524915035,0.00011523108001322141,,0.0001150089518311667,0.00011523894038616616,,0.00011532155762759151,0.00011482007129866057,,0.0001151862015217884,0.00011492920903736561,0.00011513095143395849,0.00011497233766687139,,,,0.00011515156093663613,0.00011532142911976571,0.00011526379637038919,,,,0.00011515404023652039,,,,,,0.0001152406244419916,0.0001151762615221443,0.00011464218659558076,0.00011517357457612629,0.00011512265364956317,,0.00011509809401105571,,0.00011525944137212379,0.00011531935728721545,0.00011472158232724148,0.00011513164352968708,0.00011538747572488493,,0.00011487272058158247,,,,0.00011510451605424173,,0.00011485046094558567,0.00011545580291725299,,0.00011499999716943715,,,,,,,,0.00011506904870289391,,,0.00011514333437186199,0.0001153678351060811,,0.00011526079576301873,0.00011518385669115318,0.00011507674411992888,0.00011542630955172121,,0.00011567283509741636,,,,,0.00011512462088619688,,0.00011503018846577122,,0.00011544312918526966,,0.00011480928889463343,,,0.00011474401369921757,0.00011516763503707824,,,,0.00011519030089414439,0.0001153368086860168,,,0.00011523718061783751,0.0001147308758333568,0.00011501015067089573,0.00011530086732557789,0.00011515149259661238,0.0001151479874178369,0.00011504042688552864,0.00011516353759013007,0.00011514042093484967,0.00011524664008811442,0.00011542214087418678,0.00011494671099211704,0.00011503024345770783,,0.00011498421103040906,0.00011514668787147823,0.00011489135791704382,,,0.00011491830457952321,0.00011499489699340958,,0.00011521467374411121,,,0.00011541397137465648,,0.00011524044832526903,,,,,,0.2620335610825332,0.35918273149162344,0.24540321732316797,,0.18153963080710359,0.1806081340344073,0.12811155434875143,,,0.9629645014929978
4,4,DG_8pct,16,Z16_F07,16,LL_AB,157123,165455,True,7134.6700713167365,7155.79209074693,7141.958882633459,668.3276500415943,676.6609462998041,98.18849362293585,15.68236171512557,457.9429571767349,445.09965479547014,187.51565492478875,187.36569630641378,123.95199016715817,5.244710403947835,12.316603552935529,7926.168532988009,16.108087569792826,76.9396073555069,23.62690058709016,51.205289840986396,133.5752886140623,,0.5613645413971884,0.5610781894512804,0.6697141364151141,0.5583750679312414,0.869265721167457,,0.1096106283349067,0.10925802527099615,0.10956200566402974,0.22328001363628852,,,0.2777920973065515,0.19865217958783615,,0.19867493893653063,,,0.9532481265712989,0.00011165813756193413,0.00011127392119032423,,,,,,,0.29504518744291386,,0.2955466844084082,0.29473733554240644,0.29554121306631076,0.2960093223839539,0.29590345386116745,0.3895150531151457,,,0.2969014972520209,,0.2975885588310009,0.29682128406190467,0.29794484865225496,0.29801313781390204,0.29729848402144643,0.2970661549168844,,0.2971526762255127,0.296552784301859,0.2973268927157211,0.2973400031730215,0.29713181364586927,,,0.2979345509722008,0.2968309271367286,,0.4046935407163406,0.4068149429267457,0.27551539763373206,,,0.40904487835519215,,0.4113323103806005,,0.4085756045666245,0.4101804318846385,0.41153795621957134,0.40963864429650343,,,,,0.4099766048456723,0.4101830244611986,0.40988563308109216,0.40973907065274057,0.41054333312473995,,,,,,,,,0.2971645716977778,0.31443116327618587,0.306256565455872,0.3081820232550326,0.30734418831823296,0.30658216222733153,0.30675835606939295,0.307040251437955,0.5067639146003001,,0.5072431022629116,0.5079313424158236,,0.5071338787853081,0.5086757889433475,0.5066487479867121,,0.5084206220944748,0.506287543370713,0.5078993014646246,0.5083937977269556,,,,0.5080689835838884,0.5072941868627342,,0.5084437558270836,0.5066102086832865,0.5087234085565028,,,,0.5051073220579402,0.506871231283521,0.5059602057686448,,0.5051066187487027,0.5060310397547304,0.5090426170480419,0.5065081966276304,0.5069188074374698,,0.50733178065785,0.5066743386636774,0.506558724241954,0.5071892884941833,,0.5064348477752937,0.5071281209036594,0.5068203209885835,,,0.8401729695686199,0.8396533414599059,,0.8406220913319048,0.8368016045645078,0.8376813286050896,,0.8417650287025811,0.8397720071607411,0.8403806298638153,,,0.8410052142152266,0.8375428189389452,,0.838903176483058,,0.8378399809709794,,,0.838712815863319,0.8417469572989055,,0.8389684705214343,,0.8375677662179771,0.8382058761940518,,,,0.8371244088156351,0.8381515637235644,,0.8381024861473472,,0.8368074506968999,0.8380863281962524,0.8407878143540326,0.8383001923463427,,0.8387773206433325,,0.8375186210364849,0.3148625196281995,,0.3150809975436927,0.31533618462136204,,0.31614885625116895,0.31441225603943457,,0.3147966185513067,,0.31530333833591023,0.31452493441168766,0.31577538875195954,0.315104765600215,0.3150576774256747,,,0.3160754496061191,,0.31560390868495003,,0.31600830716550593,,,0.3148868818490891,0.31419202928274,0.31512065506792425,0.315820008323535,,0.3149124420444616,0.3147788660118116,0.3163052091556856,0.3152511155533593,0.3148788742700228,0.3150725355115334,,,0.31543214677302395,,0.31505846846968283,0.3160723904290663,0.3155163636548948,0.3154189307897347,0.3144072002499984,0.3148130214985768,0.31529569527061657,0.314776126075542,0.3156607968318462,,0.3139191689853496,0.31512694797204893,0.31442239833085545,0.31439857262374915,0.3065607654089571,0.3056952371556437,0.3055866362747859,,0.5032020798803676,0.3072803012529804,0.3064729335415215,0.3074904111008655,,,0.30673669085557265,,,,0.4867320425296057,0.48456847529939884,,,,0.48629775886953586,,0.4869781698733371,0.484779689838942,0.48582476465621754,0.4872621820506667,0.48709854350503795,0.4853236880657996,,,0.4865086960574784,0.4857621257844274,,0.4860392923023593,0.48592572219466307,0.48498875041648626,0.48450384767085247,0.48549051143693167,,0.4859934381611067,,0.4853757817755929,0.4856514966692376,0.4857890033143153,,,,,0.48649810667619564,0.48505680742471047,0.4875157985106209,0.4863061538455654,,,0.4895916349692593,0.48967151444937357,0.4900453450514988,,0.4910847758582178,0.48782238938384387,0.4898930806016991,0.49049795919675343,,,0.48967192384212443,,0.49124705597149676,,,,,0.49113552310975483,,0.4892475138009058,0.48925522452334064,0.4913173606958904,,0.4896899111720267,,,0.49017234425601774,0.4905515001157952,,,0.8575962435647175,0.8599586311762544,0.858805469825437,,0.8570459280333151,0.8615361681173891,,0.8602132550514955,0.8600821701121584,0.8599956429906197,0.8599391364361122,,,0.856555368232963,,0.8557729913862532,,0.8584069394981363,0.8578605182202956,0.8547239265751571,0.8575644471880016,0.8567017532285194,,0.8548850066466956,0.8579218321721189,0.8565384322111297,,0.8589177487262963,,0.8596221818004239,0.8592219204410365,0.8577442216475237,,0.8624867644373096,0.8577726259393478,,0.8628762938837177,0.8607398361846784,,0.8587985909090801,0.8611180765122987,,0.8618566456737585,0.8581759184860424,,,0.8605528711091179,0.8597974992147004,,,0.8615929562717963,0.859966000501916,0.8620179443792872,0.8626736390604202,,,,,0.8541501956654245,0.8538302706097559,0.8555456499069642,0.8563843474735633,0.8564159838617426,0.8567137990481879,0.8563812845748117,0.8560876719096323,0.8566247120974316,0.8568630373472723,0.8573681000168437,0.854212989634816,,,0.8566005960782341,0.8570573780317435,0.8571979844791195,,0.8581589433802893,0.8556110206886388,,0.8565368295370726,0.8558556003865482,0.8566701173939665,0.8554862010689959,0.8571646811944121,0.8560253214055468,,0.30993246024838794,,,0.3100927435768761,,0.4851261059072785,0.4838103026590389,0.4838335559862164,,0.3054388593116817,,0.3054872246828134,,0.30563999048040247,0.30576418282903217,,0.3120761384215927,0.8425016134403178,0.30622019928948596,0.3057499100144133,0.30700926477243207,0.30469250263469067,0.3052481310433833,,0.30172878082612176,,0.30254565745743134,,,0.8237620346110655,0.5410916951504267,0.3296448743272305,0.8232519145917632,,0.3300661305369856,0.8206758263979934,,,0.33279863861133785,,,,0.33330738154477235,,0.33591665740421595,0.3360538554017483,0.3128066549021264,,0.3134192778693979,0.31232220526039733,,,0.3117944761827755,0.31350633319173427,,0.31193749028207723,0.3119249287025318,0.31319315418167776,0.3127623790337311,0.31241085497797694,0.3120844346043937,,0.312234460968243,,0.8232889889134145,0.8233699711429934,0.8257140560930372,,0.8237009190361345,0.8210627671641214,,,0.566191076485188,0.5662089296314703,,,,,,0.8222262199624777,,0.8226571046863113,,0.3170940904861733,,0.31732606604215846,0.31752784009938495,0.31626611570203045,,0.31603934935826117,0.31720904552159335,,0.31663348853970497,,,0.31645566395277,0.3171183933236299,0.31693084608917127,0.3169671487899727,,,0.3164959755746031,0.31723000730448125,0.31685523208221106,0.3167542373510593,0.31607546265874437,,0.3168968558607494,,0.3163804889656972,0.3163471561322969,,0.31785261289002276,0.31751044929453737,0.3165591720552694,0.3164441653485462,0.31686362312210686,,0.3162803663195246,,0.316112110989614,,,0.3163656704680916,0.3163964521389764,0.31662568365701016,0.31565436346739395,,0.3162160117185352,,,0.31598232067743975,0.31645486666275724,0.3154985056277586,0.31619799674821175,0.3163343554632481,0.31645497991125154,0.31524340717855226,0.3165636420786918,0.31677681100500454,0.3167567125271349,,0.3053158551538627,0.30496918689770597,,0.3047965136809771,,0.3045415847004859,0.3049334597046813,0.3059167524918374,0.3053009595133866,0.3048508355843154,0.3044935897959264,0.3050044347112222,,0.47221417669969024,,0.47035324293476205,,0.47172994926748535,0.471172400299997,0.4701781231258031,,0.47064540654937154,,0.4711503051010704,0.4707212737515046,0.4716795192241319,,0.4694462176607742,,0.4704182068320469,0.47027265554784237,0.30489998779589383,0.30523854379416465,,0.30607996077184646,0.3057636587903187,0.3057556085516257,,0.30540443257244115,0.8710602355366497,,0.8702580364313793,0.8707068578610672,0.8716555432690232,0.8724118321235262,0.8709076619059383,0.8718052309907339,,,0.8722952023351324,,0.8690981903550438,0.8701635280308521,,0.4692427158125164,,0.4699185982847141,0.4719798323964571,,,0.4709549416928063,0.47103724209253284,,0.471844458449852,0.4705884750500479,,,0.47060243866373536,0.8704421467665462,0.8744547157876938,,0.8712812241932659,0.8720745238499216,,0.869293646720527,0.3048708741124221,,0.3050749838958782,,,0.3056894240364211,0.30549983675127246,,0.30530622278292047,0.30461040506979065,0.3057421681543418,0.30588300175260813,0.30611201903668905,0.30530760864023304,,,0.3054976509481519,,,0.3057240996879168,0.30543205800692547,,0.30487969039930835,,,0.305155010462293,0.30508748215584514,,0.8718086640918481,,0.8732310851187431,,,0.8741116934755924,,0.8727844103558762,0.8710846373431758,0.8694053348211074,0.8710844437788583,,0.8713767332090101,,,0.8718112534696711,0.8706643690455359,,,,0.8732958848355071,,0.8746633064370068,,0.8736737027359616,0.30828312295969135,0.30859093632186924,0.3081787910588284,0.3083117422625835,,,0.28041383889506993,,,0.2984008655124415,,0.5541913689409311,,0.0449594191905094,0.044896913218757085,,0.04503379024110403,0.04492292320576152,0.04496973094948354,0.04493996117352676,,0.04501983246085508,0.044909416591418755,0.045009191861065,,,0.04491243400747457,0.04479836361913038,0.04490964879913153,0.04492898369483104,0.045006410005043775,,0.04489432698254009,0.045037501054455455,0.04491795216540541,0.04497652506732881,,0.04488438992139939,,,0.045040110974813016,0.04497431921921317,0.045005772177304636,0.04495375063725124,,,0.04482536668930933,,,0.04502999256314354,0.04501283671745001,0.0449730749810359,,,0.04501815760069166,0.04490093440578202,0.04488786310201434,,,,0.044832927604802564,0.04491722215387334,0.04501612922110774,,0.04484614303352621,0.0449355958622544,0.044903536105866504,,0.044928044435368436,0.044846049637276224,,0.0448224719406915,0.04503615668451778,0.045020415223979364,0.0449434223592474,,0.044825861998885747,,,,0.0448444238390509,,0.0448982330194421,0.04504009594910839,,,0.04507410836385753,0.04500140244888199,,0.04499962853795241,0.04490077849054808,0.044918419280394986,0.0449015100471109,0.04487600163685719,,,,0.044882814249224814,0.04481327467813936,,0.04500142511026441,0.04496864649064837,,0.04494371520756474,0.04487445375757245,,,0.04497146679147124,0.04496232934211359,0.04505548401392106,,0.04498481829000195,0.04493121351378463,0.044950741121241464,,0.0449468170376902,,,0.044928119806294416,0.0447977299027364,0.04477283893909708,,0.044959712918057886,,0.04483936161715297,0.0449846758526149,0.044935667630458954,0.04478966542673144,,0.04493066777601241,0.04491726071080314,,,0.044781075544394325,0.04506010040955196,0.0448686134265035,0.04502831129215809,0.04497857861853181,0.045005972658322006,0.044983936196123946,0.04496604558405425,0.04484358587603009,0.04490546217934869,0.04492450282086657,,,0.04503643192610353,,0.0450642768697871,0.04492625841171791,0.0449392274025095,,0.04486010075570327,0.04497311439402661,0.04490184668789668,0.04494447939486452,0.044883687006020974,,0.04474133140206283,,0.04500464742581726,,0.04493264279258411,,0.044725330879805875,,0.044919517335657216,0.04501714179162435,0.04492197895263004,,,0.044998284981538524,0.04481603498511281,0.045025930360334386,0.044898522110650346,0.04498897142275209,0.04489862449267131,0.0447437764370425,0.04483697670218909,0.044939062706093255,0.2966084182967392,0.2968701438120142,,0.39861193267984446,,,0.22969347565066078,,0.16326940323699596,,0.9659434483996502,0.9624297661022629
4,4,DG_8pct,16,Z16_F08,16,LL_AB,157122,165452,True,7987.372868509137,8011.645094073119,8040.839941742949,688.3344248186553,694.2107529192342,105.29917608871199,14.320998028758297,452.8696330649769,443.1565570325009,181.58029447581933,181.87903526392836,120.04525359568206,4.776626744543524,11.170403497356844,8943.893390782427,14.732784665469962,83.82826720244789,22.341490784417722,46.76816256323687,134.24851364541536,,0.5138752283633632,,0.61839068683175,0.5220488617874264,,,0.00012298698251460326,,,0.13862235758951288,,,0.15826638343440128,,,0.11032093954015094,0.9489302615401198,0.949907956010953,0.9514279689085345,0.00012257365916505254,0.00012268141877836555,,0.20595348529658683,,0.2049644597638829,0.20519416777332186,0.2039463477559571,0.20450696482630168,0.2050283289018305,0.2048195030063074,0.2054889707497194,0.20503913250483546,,,0.2852683191458798,,,,,0.20672220448236184,0.2069518620278,0.2056867333640988,0.20686854382278275,,,0.20513048634764702,,,0.2064684256233292,,,0.2059000817456486,,,,0.20575689929509972,0.3053241966161875,0.3045986422402625,0.19808406274219342,0.8890122079914955,,,0.3085613332862023,0.3096987944860442,,,0.30936757129909903,0.31014168525595265,0.3091056316910609,0.3105172831640218,0.30976555101130626,,,0.3095063221490415,,,,0.31005615125075237,,0.31064035419806346,0.30988822113442843,,0.3107106154502272,,,,0.2063490988948248,0.25504080705547233,,,0.21308284337724007,,,0.21283608057587336,0.4193186214978143,,,0.42038568395183157,0.42137926871368353,0.41995640185583544,,,0.4207573901581074,0.4197601081883364,0.41898685425565274,0.4202857238964323,0.4182804646571947,,,0.4202441720862052,,,0.42126985326255784,,,0.4192495646594745,,0.4197643274098914,0.41906380925025366,0.4198352872642785,0.4198247119530973,0.41883409675330835,,0.41898815756277036,,0.4181152772446084,0.420632250918047,0.41926722731329436,0.4190942288341588,,,0.4195444504034276,0.41941895543955354,,,0.4210752036250845,0.41903641689016424,,,,0.8098633664577055,0.8115253676843536,,0.8125940206939631,0.8100104400305781,,0.8109720067686372,0.8081785560390875,0.8094131250149283,0.8106788145298612,0.8075539899536338,,,,0.8082803724020032,,,0.8087747738088438,0.8104570178355982,,,0.8085074432760803,,0.8079649694197443,0.8096588568793843,0.8094984233928428,,0.8091453689903912,,,,,0.8104634834175872,,,,,,,,,0.8117519014462279,0.2553659557280479,,0.2561423617149635,0.2563304258694872,,0.2560066498686935,0.2562955772437477,,,0.25632938678657735,0.25619242616234883,0.25634933757245865,,,,,,0.25592927506163,0.2563114529719865,0.2563169143509495,0.25661205707233226,,0.25623814403217765,,,0.25576083462841154,0.25589700833604734,,,0.2557783066962758,0.25569982901248317,0.2554159215812833,0.25634995659441456,0.2563934066229235,0.25663551041002775,,,,,0.25563638558289753,0.2560451294648676,0.25578581305359144,,,0.255430424414549,,,,0.25639418210397935,0.2560434474468608,,0.25566220496910336,0.2557377953781424,,,0.21304262468903845,0.40102611232060464,0.41541933449937224,,,,0.2131479627127513,,0.21287875666173936,,0.39502580065062287,0.3939637128150218,,0.39537354551732906,0.3950539237910638,0.39407806803457013,0.3951909576235456,,0.39509292138540164,,0.3947167118850789,,0.39377355479608295,0.3936575820675717,,,0.3946506287262875,0.3940041338098653,0.39475145026310493,,0.3943701380853584,0.3944904411278075,0.3938392834915743,,0.39529163759869734,,0.3942259738695106,,0.3958616348622911,,0.3944502803642454,0.39342257233929623,,0.39480824336963394,0.3940088383150121,0.39382049539353026,,,,0.4007522212382098,,0.39955628088550926,0.39967667284617087,,,,,0.3992605222855679,0.4000473708239649,,0.39896599925725773,0.399977540769179,,0.40023549683043325,0.4004096879323657,,0.3999783812000474,0.4006279212396189,0.40033175579054686,,0.3990396134087401,0.39968119479473035,,0.4001638851580716,0.39986387856600286,,0.3996089242596682,,0.3992439536442412,0.40041833271432914,0.39924923497825976,0.8313077161540748,0.8336300188484618,0.8354903457343041,,0.8301556882928667,,,0.8310161195546699,0.8350723178223687,,,0.827246700316313,0.8287382640022423,,,0.8282584434952901,0.8269219768044251,,0.8275682292929759,0.8282554435062072,0.8283575653772426,0.8274076496975953,0.8261990212656929,,,0.8233025082210413,,,0.8294242554407818,0.8322723797046158,,,0.831117494977499,,,0.8348909727236928,0.8332127098888703,0.8329880542134199,,,0.8339316745121864,0.8319421350250532,0.8320437811253878,,0.8351282217784098,0.8338928416604582,,,0.8316678725642355,,0.8328197286065742,0.8332546115963858,,0.8331800653712893,0.8354358376656605,0.833648632812703,0.8334406243978316,,,0.8274462334071367,,0.8274180727357585,,0.8302662287372223,,0.8262527611167707,,0.8272326735565398,0.8284920739151991,,,,0.829924955075001,,0.8293690216354187,,,,0.8301908775413258,,,0.8312606377032916,0.8299924711480711,0.8270301362948157,0.8298587945477351,0.8286359292914943,,0.24213120840784447,,0.24304273216464028,0.39203658389838797,,0.3913892815257497,0.39169841582194975,0.3918212567903955,,0.21234430888002714,0.2126993653205687,,,0.212667235540676,,0.2529315618839822,,0.2127941096002723,,0.21227643361933562,,0.21173738691007077,,0.21007394152662143,,0.21057390766370493,0.4469916740263201,0.2693394444618506,0.7890096799734704,,,0.7852800332449106,0.45989519370613474,0.28002579072094524,0.7862201963033285,0.2823370468183419,,0.28206447811864366,,,,0.2811095659618136,,0.2855387658856383,0.2858120049534496,0.21671325136721653,0.21725365030951638,0.21736722017639376,0.21712240945406241,0.2165796250545654,0.21620307224180096,,,0.21693460790825944,0.21676938523451955,0.21771515028679536,,,,0.21724242286264134,0.2172779182524979,,,0.7863760243204143,,0.7866573067337472,0.7847203852432538,0.7874077765961408,,0.48287295544472014,,,0.48389491931391065,,0.29607113881809993,0.29529834706474906,,,0.7868865534650626,,0.7852474694108985,,0.2193398944420068,0.21992253252001467,0.21932142506239533,0.22001967689202936,0.22007019339123124,,0.2198350026623979,0.21957928263000906,0.21924147930694762,,0.21977188196394656,,,0.21939252829299113,0.21951565324019273,0.219586713780457,0.2198902278807872,,,0.22005909113090563,,0.21933172161083725,0.2194515432641774,,,,,,0.2194403442888281,0.2187998273196436,0.21940880111004965,0.21923785422333575,0.21827879232551956,0.21935820572263293,0.2192402158808402,0.2197978075563471,0.2190260637709452,,,0.2192970113544168,,,0.2192733244947151,,,0.21881954503867782,,0.21882583631439972,,,,0.2200393271561695,0.2189056188717065,0.21930165209834546,,,0.21965328324795214,0.21954809198925512,,0.2367476591148341,,,,,0.23612922280806253,0.2364201166714014,,0.23641100998794118,0.23679338119315277,,0.23664401248103856,0.37779219236075373,0.3776007210376458,0.37779606968260054,0.37796108210696744,0.37805106874567124,0.3775822901550214,0.3785260842643644,0.3779060169192055,0.377091472175767,,0.3767837867510218,,0.3774390157405646,,0.3775977658591536,0.3778985963120414,0.377980439679499,0.3772772620053848,0.3767805603872506,0.23655303231167393,,,0.2371014735629608,0.2371767678345757,0.23745549525045812,,0.23628338702647186,0.8431769563351612,,0.8438053024917004,,0.8454082597575036,,,0.8436641262509095,0.8446954934175318,,,,,0.8438268256785633,0.3771826841419694,0.37698633418363997,0.37623784037222174,,,,0.3780715467627196,,0.37635005611045524,0.3764823143861192,,,0.3726426720223663,0.3764275768330999,0.3756902909295699,0.8474823935794357,0.8467516609393305,0.8451896786540283,0.843933509576506,0.8455598222505265,0.847168369105448,0.8483478392082732,,0.23719147558095863,0.2371072621637204,0.23731212786737446,,0.23642412842054553,,0.23589741330142358,0.23697080589853495,0.23586951378124166,0.23696042600380182,,,0.2377538633160951,0.2368417175017074,,0.23663495555458644,0.23694089942293406,0.2372650551242613,,0.2367757926431326,,0.23623360768925802,,0.23758599410343112,,,0.8487093146162559,,0.8509161253851053,0.8491893329154488,0.8460451326033637,0.8470894391012644,0.8476327804821338,0.847982913281231,,,,0.8442778952488775,0.8461337569844306,0.8485479174837934,0.845050180155464,,0.848917209608529,0.845789901091414,0.8487517688485281,0.8453232426808575,,,,0.8463795003018207,,0.8473872723516939,0.21398600261678843,0.21437963507468655,0.21427423268886742,,0.21412291509438056,,0.20284500313582435,0.23058200064948456,,0.20665302561542875,,,0.00012137940966853518,0.00012133009998746314,0.00012155769199478515,,,0.0001218534581975567,0.00012144268756159144,0.00012187512632853918,,,0.0001218512155737244,,,,0.0001217274672293532,,,,,0.00012159384053343109,,0.00012202681397266135,0.00012134397626016122,,0.0001219795540926086,0.00012185579838609178,0.0001214544457407815,,,,0.00012185441232699156,0.0001223988595879373,0.00012145097243823841,0.00012176047074222602,,0.0001215259434339303,0.00012161767207806929,,,0.00012151148305475556,,0.0001215632764418186,,0.00012128667681556731,,0.00012164587464443936,0.000121490144350376,0.0001218050877971571,0.00012171715937355156,,,0.00012180691722230983,0.00012186307114366981,0.0001213918631478074,,0.00012142662912233139,0.00012181652165313348,0.00012146733620313276,0.00012159202373880561,0.00012212386747426635,0.00012197081585512246,0.00012173166457369842,0.00012148277986878598,0.00012139132521829322,,,,0.000121591525637245,0.0001214838878973196,0.00012205053704631918,0.00012117082791460442,0.00012120851358355366,0.00012167312663166018,0.0001216845649514887,0.0001216667255290723,,,0.00012147469438928843,0.00012169185513746753,0.00012105308078112634,0.00012166415347575032,0.0001219413174777588,,0.00012171663830249441,0.00012130644885522528,,,,,,0.00012176010694648132,0.00012220078893085745,0.00012142010261150642,,0.00012145582092187628,,,,0.00012198157109992918,,0.00012150903780750862,0.00012187387884030438,0.00012162114116307778,0.00012142667426248673,0.00012146822320673845,,0.000121451539053603,0.00012165239853977595,0.00012167712373890812,,0.00012170306670253088,0.00012148794000563053,0.00012148104793182195,0.00012164352002538864,0.0001214622184471387,,,0.0001213966781326109,,,0.00012198981616453369,,,,,,0.00012190928124287566,,,,0.00012119735002978772,0.00012180918763430954,,,0.00012164750302267722,0.00012134468411556832,,,0.00012136191045133694,,,0.00012153242269857776,0.00012153824824298681,0.00012159852363778676,0.0001220496132069925,0.00012190140181219795,0.00012148165595106355,0.00012168439136437535,,0.00012155901862327343,,,0.0001214641312908954,0.00012173338887210911,0.00012129053622519852,,,,,0.0001218738255665061,,0.0001219968867717373,0.00012109559122075302,0.00012171050059976634,0.00012171268911799691,,0.00012185817085908426,0.00012172561851224221,0.20606467074158155,,0.20610318454036725,0.2960638729543953,0.1979039196328728,,0.1036280962130345,0.10324485720738381,0.07206825222159849,0.07201023483613726,,0.9613463564771441
4,4,DG_8pct,16,Z16_F09,16,3PH,157122,165452,True,8756.661230424983,8745.700116400916,8730.640766790095,160.78075806590437,162.749664662459,16.715969046758083,3.611628923302596,135.93023849447326,137.25116864587784,58.0639660622104,58.17555544135403,38.844183342161685,1.162281620243689,2.8123373046060807,8932.98440922923,3.9334458872553073,15.176033443554157,5.780091333547013,11.964197800305126,40.08755659522308,,0.5133062572739459,0.5151014722664927,,0.5154638069181152,,0.37096213735199324,,,0.00012188366680304943,,,0.12132880234156612,,,,0.12140117432197405,,,0.12170455901844182,,0.0001221428358445448,0.00012183576356651389,,0.20568046289852943,0.20525966592234604,0.20238037785832053,0.20174550548263825,,,0.2055913694723626,,0.2058011898864332,,,,0.20290740043496525,0.20264871242651228,0.2030293572321057,0.20758756064114076,,0.2065706680050617,,0.20759249029006122,0.20775805376279308,0.20731377518356417,,,0.2077386657879267,0.20737054306007027,,0.20796250939021896,,0.2079310673594291,,,,0.20768427980957896,0.20836840769602835,0.20832016955781565,0.2080453230696277,,0.208622859697502,0.20845328232665467,0.20790330886952318,0.20916094635724092,,,0.20871393114627323,,,0.20905282902475464,0.20841074371264273,,0.20841279215579758,0.20879506859837565,0.20885061006247246,,0.2088317912050751,0.20895241412413057,,,,0.20839272093749592,0.20869642920312928,,0.20623917847034717,0.20657394326270484,0.2147408099112365,0.21323795001706267,0.21257917707542695,,0.21301600890009487,0.21311926121017893,0.21300343992846468,0.2160574517210153,0.2156051343123539,0.21510824510096305,0.215330608735977,,0.2152280668788165,,0.2164740805856889,,,0.2157890874981789,0.2155311309026108,,0.21487264932617514,0.21543879188992704,,0.21605805882698034,,0.2154482302408784,0.21589745269973287,,0.21573190668786174,,,0.2144199147558019,0.2156791802793377,0.2150982900955555,,0.21469470765679002,,0.21485536443915143,0.21460713138267548,,,,,,0.21508274006242403,0.21546655606222598,0.21454262453287462,,0.21518017599811307,0.21555640001738824,,,0.21510046177096062,,0.2151839428113284,,0.2150276861473404,,,,0.2154765664172716,,,0.21530233611369354,0.21496407838001966,0.21538361082139396,0.2145786162791294,,0.21534763780275715,0.21569108708870469,0.21559068730969672,0.21467762290906958,,0.21497850949654848,,0.2155918758085368,0.21539541797697498,,,0.2154487798456946,0.2150870947001557,,0.21510306863974357,,,0.21516829877694862,,0.21530987462149945,0.21495845062344826,,0.2148300663236306,,0.21551559072438745,,0.2151003217929265,,,0.21492983720708253,0.21541769557129328,0.21488328621713237,,,0.2157420201257927,0.21631683619383701,,0.2153829545270185,,0.21577693496329145,,,0.21544975420403564,0.2156981433883079,0.21529325404588762,0.21549942859430105,,,,,,,,0.21537894813814829,0.21543845785847227,,0.21539125401903786,,,0.21481887253363743,0.21603449007962228,,0.21529771900776218,,0.21523198977022592,,0.21590635266018585,,,0.21586147231784084,0.21603776220784757,0.216038754834644,,0.21550338199688507,0.21526263284385824,0.21516241514813111,0.2149351815523535,0.21522559916553086,0.2155382949144136,0.2161899861207793,,0.20814735367964926,,,,,0.21422462536360232,,0.21396657960824617,0.21403942051841388,,0.21543903455346997,0.21492178111445928,0.21564535073495733,0.21483020874392517,0.21531246434134485,,,,,0.21539975663483077,0.21513576974232201,0.21485451549951132,,0.2148576085144352,0.21508824696319181,0.21569368363866376,,,0.21543080501361478,0.2154624396326711,0.21606652040461252,0.21440059449944163,,,0.2148486719597788,,,,,0.21537880934884668,,,,0.21515691494021996,0.21492854580021625,,0.2154424073614443,0.21541879361749194,0.2153194104977242,,,0.21542794405409174,0.21529278623879655,,,0.21565285892140573,0.215112078092416,,0.21499901686179723,0.21621006654597444,0.21538795818357578,0.21534916333497406,,0.2152080126443767,,0.215013693233087,,0.21528537004205567,,0.21521820623324767,0.21513733352306616,,,,0.21581288752835634,0.21504957803199204,0.21554755080290788,0.2152782657421736,,,,,,,0.21441801653176473,0.21543761641907072,0.21436792150568684,,0.21466771931193446,0.21480588817262075,0.21482419831889638,0.21462375601139871,0.21449633635950557,0.21468132840097262,0.2146148432085295,0.21446821184172238,0.21448029909905159,,,0.21436311760876292,,0.2147730759840068,,0.21503011368359384,0.21459596671703424,0.21394745240461824,,0.21457521973714394,,0.2141320509619537,,,,0.21508421616435658,,,,,0.21522291898402304,0.21468099032890683,0.21482586115789912,,,,,,,,,0.21525775836792327,0.21511910905952875,,,,0.21504298959507487,0.21465600481041047,0.21499989308526546,0.2147631055687162,0.21451932450956426,0.21434922071817383,,,0.21470054757365462,0.2138905148222068,0.21362189304846463,0.21506403070950425,0.21452194260891963,0.214670365884685,0.21479904554215834,0.21501266166452565,0.21511647495577937,0.21472799323287392,0.21419524892370143,,0.21417125887158792,0.21453815809201016,0.21478463815460525,0.2142486364966523,,0.21496902232119966,0.21520890685967767,0.21462318793294025,0.2147982699669924,0.21429397199750336,,,,,,0.21513616586881087,,,,0.21437948101259366,,,0.21531552573537796,,,0.2109346111783695,0.20991756258492186,0.21006549075295203,0.21102422997857784,,,0.21423771889493698,,,,,,,0.2017669745200847,,0.20177018246702128,0.21590957800998664,0.216547453881155,0.2159369335829253,,0.21781277685475942,,0.21788704426954028,,,,,,,0.21946377106078002,0.21935415004186024,,0.21859621632590642,0.2207889981309894,,,0.21865568902044288,0.21890911292496137,,,,,,0.21884832008963204,0.21861466683318367,,0.21908465306720937,,0.21852721190851385,,0.21921716610420927,0.21845428946708437,,0.22180702574524394,0.22095788958579632,0.22066111208733152,0.2215524446230162,0.2221030265661954,,,0.22217779782347313,0.22271773270702794,0.2227670112445382,0.2220175279799413,0.22289268894660047,0.22203541404345747,0.222301147155751,,,0.22179580774904709,,,0.22138623232125984,0.2213219714251907,0.221137303101147,0.2216278487870055,,0.22108418365940408,0.22127994910479348,0.22100474995867372,0.22153836495616974,,0.2220408751414451,0.22139282538907953,0.2213392490497359,,,,,0.22206469472376236,,,,0.22131922452244285,0.22210423738609641,0.22107126648212147,0.22169641969016066,0.22110344602961826,0.22078131363774828,0.2210242355166363,,,0.22099822664831478,,0.22152301903650756,,0.2212739698996518,0.22045149531797156,0.22146589923822704,,0.22082427124864848,0.22185972627769804,0.22076149146758128,0.22099060238835616,,0.22159713309497125,0.22062130746602185,,,,0.2212247828560297,0.22132700841242736,,0.22162388425948765,0.2217390321918751,0.2210387614322869,,0.22157857905024833,0.2211400354610749,0.22082621157129168,0.22133967269706856,0.21477932492655946,,,0.21501790212456906,,0.21435758263071478,,,,,0.21446894245661643,0.21512366453965606,,,,0.2152236044363593,,0.21466224718140156,0.21502168182253617,,0.2141000684909831,0.21428432664135227,0.21453853896023845,0.21464721095385142,0.21498876960388014,,0.21517609831967777,0.21430708945337218,,0.21500517910680603,,0.21490329296459534,0.21530588966914843,,,0.21494633185543055,,,,0.21394423595643,0.21431256682234578,0.2144834660474504,0.21431188845105323,0.21315723736738976,,0.21411766093587853,0.2141483891794003,,0.21370690554137117,0.21404643646580382,,0.21427382399496703,0.21476582753170056,0.21437203703818117,0.214111132470074,0.21456631621557487,0.2137219786260019,0.21477008839231543,0.2148859299743659,0.21473843459791037,,0.21523978990381656,,0.21475683481025,0.21422728378025546,,0.2147463201294586,0.21434681157361635,0.21435316332948123,0.21459617499229502,0.21450719847683822,0.21414220107244422,,,,0.21542355847223846,0.21498699970100316,0.21501911360032377,0.21506664911755694,0.21523066533852311,,,0.21528738895500366,,,,0.21499175561211978,0.21499112899327255,,0.21527020688778997,,0.21478417866160174,,0.21483179439140446,0.21494234851348257,,0.21495110120952263,,,0.2149006142339776,0.21525300012998014,0.21525479018350296,,,,0.21424495987693293,,,0.21442614951901523,0.21405390747084577,,0.21415733843920476,,0.2134598924333955,0.21379670697675104,,0.21451895231120324,,,,0.2144724551230298,0.21402207549861504,0.2150508659466809,,,,0.21429588378341022,0.2141943795651972,0.21493255854072935,0.21478620331506212,,0.21480385107646738,,0.21511467923738334,,0.24380225185579363,0.20746492958669432,,0.20765681518378667,0.220628581709764,,,0.00012218932909626682,,0.00012266110462160734,,0.00012253481437411937,0.00012228834083785497,0.0001224848423457171,0.00012250105712426453,0.00012234028132949805,0.0001222583892061161,0.00012282906934724347,0.00012245333422267155,,0.00012271408489765318,,,0.00012238530581053442,0.00012260867939822528,0.00012253470388718898,,0.00012274961177878837,0.00012281222992773457,0.00012271663620281123,0.0001230219771902203,0.00012220992636479802,0.00012227184693673095,,,,,0.00012218300587097327,,0.00012255264600154428,0.00012251866295451036,0.00012258145799062903,0.00012267535903604172,,0.00012251689055215825,0.00012234612576194785,0.00012213241550699185,0.00012256453499971817,0.00012266504474927107,,0.0001226995730859727,0.00012272213452821734,0.00012234247788557622,0.00012245351345846754,0.0001228239915647134,0.00012232735042639782,0.00012231991234872583,0.00012226518164800722,,0.00012260230850488147,0.0001221324197173916,0.00012265571112648097,0.00012256533895072108,,0.00012224213238914676,0.00012256989912426142,0.000122360017878455,0.00012256685052471287,,,,,,0.00012262464790862784,,0.0001222432537058109,,,0.00012221579452440163,0.00012256340178522435,0.00012266304648424537,,,,,0.00012270871961030488,0.00012218182748594155,,,0.0001221033627748913,0.0001226040077940871,0.0001222885187491242,0.00012234365899304334,0.00012242835270572525,,0.00012251217987785366,,0.00012250631105074024,0.0001221400720497888,0.00012241330453590196,,,,0.00012303806800552695,0.00012223210176762577,,0.0001225079108119715,0.00012202089971496772,0.0001225756494416988,0.000122549347566912,,0.00012238881803932863,0.00012248339379774967,0.0001226473805911988,,,0.00012231584421020544,,0.00012256610912488817,0.000122504723716511,0.00012284548847715782,,0.00012267563255862848,,0.00012242653236367468,0.00012262721787288333,0.00012232399857501462,,0.00012213294350856924,,0.0001227082494719948,0.00012245573415873098,,0.00012252656817151168,0.00012224985601483335,0.00012287147046941127,0.00012231712517703146,,,0.0001225216919765815,,0.0001221358573828836,0.000122301234988256,0.00012274397973854417,0.00012237348951289954,0.00012245230136815217,,0.00012243057811799112,0.00012245413745148168,,0.00012272628084183888,0.00012238884309740685,,,0.00012257824319981245,0.0001223719443727019,,0.0001225233544377807,0.00012221443882917674,,0.00012226683435612659,0.00012233158609932236,0.00012266376677090235,0.0001226455614078776,0.00012264666950157808,0.0001222832721899278,0.00012221684903075688,0.00012230357986516843,,0.00012235576679031027,,,0.00012235974107035902,,0.20416534625548532,0.20424636194533022,0.208029586249074,0.20766102958347943,0.20784375448277184,,0.08003105050872249,,0.08025090608190395,,
4,4,DG_8pct,16,Z16_F10,16,3PH,157121,165455,True,7855.293841620294,7880.930099147094,7864.7734166183045,234.07122684890678,235.55562997065928,24.15990879526954,5.2029766662352115,195.709582069479,198.86888113105638,83.62579396519102,83.92914786797755,55.63940205634804,1.6821190627640876,4.097025803182288,8112.348400402035,5.631018412208924,22.056887223617675,8.331068818084365,17.144878590731174,57.872653267606275,,0.5630337640379336,,0.567341698822663,0.5665071491019846,0.56552967887221,0.44011774832627354,0.10886277238981514,0.1090755467922271,,,0.22144865234228386,0.22075914547876221,0.22017916379536606,,0.21995094424429812,0.2206180466403073,,,0.22069301230398994,,0.00011063068343468253,0.00011095727293499047,0.29581541972738273,0.29667432210083244,0.2964854892093747,0.292054269988403,,0.2924333503897037,0.29645241526520394,,0.2959234795157635,,0.29550318690211447,,0.3000960580134843,,,,,0.2973281638351077,0.2980539024633142,0.29941483800648705,0.2987319504128552,,0.29993951420272297,,0.299759488188639,,0.2994485513387614,0.29862773127720366,,0.2989289946300758,0.2996881236884273,0.29862930069141674,0.300838778460466,0.29948072592791997,0.29915377471897775,0.30043398649184305,,,,0.3014518057662332,0.30031728142155273,,,0.2996327180449125,0.3009631124598042,,0.3005680997066917,0.300534589498622,0.300709748149337,,0.3022497052995119,0.30100097051867597,0.30112025646553875,,,0.30078195069421243,,0.30104851286189305,,0.30033670691860176,,,,,,0.30987754141943397,0.3062897098348304,,,,,,0.3091814334065814,0.3098376569979748,0.310931670788915,0.31026200407877375,,0.3109345998946225,0.31053957453107656,0.31021837977650746,0.3105805570112427,0.3099075104388268,,0.31053388104141133,,0.3097491180981076,0.3105665136424108,0.3102441349684046,,0.3099765121983787,0.31067326221221353,0.31087950960293365,0.3100195013280677,,,0.3102721730873964,0.3107577861912384,0.31030218341719473,0.3101183895311404,0.30977199297156555,0.3102772968965122,0.31048896788266456,0.3107213235285454,0.3095201217984593,0.31079827194589893,0.3103041941003364,,0.31012493502421046,0.3103136627237774,0.30971679443102906,,0.31102219372061063,0.3097690822676823,,0.3101316313156513,,,,,,0.31087596571079507,0.30982816745826947,0.3103561365553636,0.3097837448963436,0.31012892565100747,0.3101999951043031,0.30998352582361727,0.3102948582206397,0.3106891322840289,0.31050993884769296,,,0.31086550939077684,0.31099322150645664,0.3099236532905672,0.30998130719351497,0.30976792406435255,,0.3100610040543377,,,0.3105924913229092,,,,0.30997232885079085,,0.3090732675178556,,0.30937385572967446,0.30986912898787095,0.310235346613813,,,0.3106019455679594,0.30996667635259295,0.30971873924798216,0.30958578721149965,0.30916639084586844,0.3106228453786897,,0.31065557715078707,,0.3108778261822949,0.31101979611501573,0.3104281456693817,,0.3113792871199723,0.31164266973000226,0.31099914159606856,0.3109656972397695,0.31066012595776893,,0.3105515793054544,0.31029574511849073,0.31141244623440467,0.3097912991817065,,0.31060274124116305,,,,0.31078179968921205,,0.311151628905439,0.3104990870831592,0.3098288783853173,0.31073657579182334,,,0.31048161679526026,0.3106757681462605,0.3103342094288704,0.3114357219078025,0.311394075594819,,,0.3109592653171107,0.3102899509737644,0.3111909653227385,0.3102696630613226,0.31046582243176757,,0.3106281981792683,0.31161087577465013,0.31106071879591063,0.3103788284011591,0.3103328022852356,,0.31140004087555634,,,,0.2991833522393131,0.29957217232622946,,0.3103105244261805,,,0.3083403026766062,0.30831210042682267,0.30736308145864927,,,,0.3105413112181803,,,0.3106105626761362,,,0.3105615167289865,,,0.3105142858688003,0.3114032681597563,,0.31103137201684783,0.30996619221401334,0.3105028487724236,,,0.310441997970811,0.31031571184061585,0.30999738060329146,0.310493005336583,0.3100344525568413,0.31056233582992976,,0.3100321876529222,0.31036171084778297,0.3099668255664758,0.3091672960367691,0.3098356542304723,0.3098538450747166,,0.30931274179030976,,0.3087629894711249,,0.31072271904462195,0.3104050069804454,0.31006569545079943,,0.3099982805485947,,0.3105080149802469,0.30999038679010116,0.30947330620224106,0.3100488940372102,0.3098051257652514,0.31075175504899716,0.3100360700591454,0.3104256664315547,0.3104935783737672,0.3102239920773607,,0.30926369507457485,0.31065054386266827,0.3105961973797931,,0.3108823414252228,,0.3099098677681166,,,0.31038153894255144,,,0.31104451117838655,0.3096940128992463,,,,0.31032068235515287,0.3095928499694995,,0.30920151528652384,0.30921834185756564,,,0.30925666149673114,0.30957986494905326,0.3092835068105341,0.30942897593739066,0.30921436352059706,0.3099488409291255,0.31013586063974125,0.3093995609461724,0.308917707747385,0.3100905541984964,,0.3102488240246758,0.30921898361630484,,,0.3101625456613522,0.30934495489053454,0.30929517690067737,0.310246605051876,0.3085326197943252,,,,0.30940640025106925,,,0.30923554243430734,0.3095366228551032,0.3090830347067712,,0.3097518851758016,0.3088480513452273,,0.3093182372700557,0.30995641215461567,0.308753284722533,0.3103198479764642,0.308732653156859,0.3095033492189889,0.3101719781809684,0.309309630240569,0.30843266867203467,0.31007027119711106,,0.30955466797767967,0.3101425503002588,,0.30997433585207507,,0.30968527681881547,0.3097995164959163,0.30865477060278296,0.3097538057116463,,,,,0.3096192431722936,,0.30936272035053924,,0.310042309611992,0.3094130083290053,0.30956520185018205,,,0.30999003705889056,0.30995449835868694,0.30854904516616305,,,0.3099900470903273,0.3094556463173334,0.3095869900054631,0.30989160630949225,,,,0.3094833902142861,0.31007576045143637,0.3094480183164388,,0.3104574328836458,0.3105427046037349,0.31080266129662476,0.3102799120817508,0.31010104751937556,,0.30976354976786374,0.31117550683041395,,0.30307277912772296,0.3037016063473233,,0.30382165172822095,,0.3099534228951842,0.3100809286218924,0.31080527198356567,0.3059805963149012,,0.30560387678951073,0.2981938521692201,,0.2997229473956954,0.29080869205865506,,0.2913492702707373,,0.3118916499722067,0.3115845836574944,,0.3145149813008318,0.3141824039325569,0.3159814956034367,0.31469988855264913,,0.3159288822757214,,0.3160977745412732,,,,0.31593709560381794,0.3148038369955171,0.3182060896074333,0.3178734721659298,0.3143484933145532,,0.315001117964934,0.31513857339316925,,,,0.3150914965092904,,0.31546436959495694,0.31521242650404263,0.3153741909102158,0.3156019488622989,0.31564973138843994,0.31576463982328123,0.3150964950767151,,0.31513278116370114,0.3187743059853222,0.31897704038927055,0.31948806625538806,0.31922269075796034,,0.31676522745945945,0.32108242853608265,,0.3215355113380446,0.3215267821194957,0.3210796472768066,,,,,0.32013330960327696,,,,,0.31819246491126324,,,,0.31960294893333563,0.3190354652414992,0.3186645295879607,,,,0.3185969438376166,0.3198043726980688,,0.31788279922882956,,,0.3190303043043836,0.31872319146082745,,0.31885021804674535,0.3197198097238047,0.3188705510070213,,0.3192949592590708,0.3192055888232966,,,,,,0.31877926922537697,0.31790691799833054,0.31873191536514,0.3195080353464999,0.318704541887685,,0.3181557681190637,,,,0.31891015249211613,0.3187172592678699,0.31910476213433236,,0.3195121425217926,,0.31890158230578003,0.32021449738614005,0.3202065699596953,0.31869806570136683,0.32005591371992864,0.3194965740811451,0.31930150391788237,0.31952995483311436,0.3182622755327105,0.3187274861587303,0.31858260718514514,,0.3097749632914922,0.3093847402784792,0.30967654165073993,0.3092875103613069,,0.3095414895522679,0.3103401614947006,0.3097525688280756,,,0.3092742811585064,0.3086007608533144,,,0.3094875687776292,,0.3098608820747754,,0.3099717653640457,,0.30921800939169164,0.3093278145489306,0.3089581977789207,0.30881209592205217,0.3089907694591674,0.3102382890350935,0.30953504124018116,,,,0.30874407071961113,0.309675702995106,,0.3108014160818346,0.3105715785724774,0.3103731540493755,,0.31075941693626735,0.3098398389916269,0.30920255047151757,0.30836228983719766,0.3086528500301022,0.30871063965501366,0.30761751783508057,0.30787801748986215,0.30819777915333546,,,0.30932992967931167,,0.3087722126327641,,0.30922893573380383,,,,0.3081853320652954,,,,0.30897189767251154,0.3100450309586299,0.30934677677400646,,0.3101522401784131,,0.30825012561889953,,,,0.3083358905681328,,0.30824262527767615,0.3094285887677366,0.30850025166724937,,,,,,0.3092119367109218,,0.3098101557016776,0.3102302242675947,0.30981313708046077,0.3104694596212266,0.3093725899845864,,,0.3104450516977515,0.3104630533455067,0.3100367827663808,0.3107601703566664,0.3100800929215752,0.3097809767927259,0.31023418929217667,0.3111095088066574,0.31047815008275537,0.31062663813157304,,,,,,0.3092497306249191,0.30797670162317253,,,0.3094084236053533,0.3088269083883654,0.30962582111815884,,0.3085732309510906,0.3083003288176429,,0.3085020880642097,0.3091309160759389,,0.30904204143038155,0.30819228395798853,,0.3088363389846605,0.3088855915193011,0.30898246595696094,0.3099393769020092,0.3092086287789271,0.3086886544206952,,0.3105861937128847,0.31004536514121306,0.3106317567878857,,,,,,0.2981181846575573,0.29812165213162867,0.29852490170575374,0.3181164161314016,,,,,,,0.04526464908771238,0.04520239003366063,0.045194952413164374,,,,0.04519638152901988,,0.04539382267498043,0.04529000419179232,0.04512364899559323,,,,0.04540015493644298,,,,0.04516149119095078,,,0.04534276725946934,,,0.04525570081375835,,0.04527641297064801,0.04542665324175718,,0.045385812692336255,0.045235616496277456,0.04528734742685758,0.04536613130343851,,,0.04530617004557361,0.04526899064373294,0.04525443723835678,0.0452375303513031,0.04528540778680508,0.04511294807235011,,0.04543733966352887,,0.04522008707067652,0.045328832510794996,0.04529229677831656,0.04521364012785439,0.045284689157200526,0.0452634067932149,,0.045397122483707204,0.04519837708350841,0.0452386152530778,0.04526477253249624,,0.04522248294614215,0.04517060579290488,,,,0.04519138176118874,0.04537627842840244,0.04517374510019529,,0.0452636281932668,0.0451585721433664,,0.045102619755099244,0.04518770056628137,0.04537360134531783,,0.045230753125060585,0.0452018376726604,0.04522979024003519,,,0.04527744828466634,,,,,,,,,,0.045317556399513764,0.04538701880282857,0.045255936394257366,0.04527409662695713,,,,,0.04520130994337027,,,,,0.045268369152779556,,0.045300759229825835,0.04521675010901605,0.04520233397295904,0.0452217932708849,,0.045195866902695815,0.045251087835039915,0.045137017084000274,,0.04518858625474139,0.04542194191911743,0.04517065002053235,0.04525673998599484,0.04546325400938556,,0.04521635819579622,0.04514312700959155,,0.045188048132875636,0.04541469695879873,,0.04521859240588748,0.04525749320955439,0.045148301504737864,,0.045154829436295396,,,,,0.04527581722103524,0.04520798755472007,,,0.04518700360291107,0.045111097797721496,,0.04521238437399005,0.045300410273985355,,0.04528785365240335,,0.045283272893267563,0.04534847699362302,0.04522417615974187,0.04520873145934462,,,,0.04518336904299575,,,,,,,0.04504582028032815,0.04537024376494727,0.04524905877105657,,0.29393385511512743,0.2946827185260584,0.295245898801505,,0.30105178135108773,,,0.18264243359233293,0.18233422126477847,,,0.18247360424264264
4,4,DG_8pct,16,Z16_F11,16,3PH,282085,283563,True,8203.29950027154,8251.9297458383,8248.211224919989,205.353109278905,207.80070813564973,21.17874091038635,4.574019965825212,173.42762379743934,174.74036414772854,73.70518117739167,74.39575103165954,49.30033189560096,1.4722338425776822,3.5859746532360295,8495.668957776947,4.995326146731044,19.476151483803882,7.359604918854607,15.08604300708771,50.99129781624035,,0.545268700961284,,,,0.5465111718291601,0.4149499883808962,0.06664403031358555,,0.06660998748352633,0.2125464552751958,0.18240431627420364,,0.18196104920682518,,0.1826546665541111,0.1820805945164593,0.1820668213767139,,0.18276529827346563,0.00011522914057508268,,,0.2610650740502455,,,0.256979856425174,0.2575557953575031,0.2580186751004855,0.2610743910887709,,0.2611599842180604,,,0.2609404606731818,0.26433439621957033,,0.2582293110070679,,0.2633106436221197,0.26398648745728165,,0.2640767482695627,0.26442466281588495,0.2640924640704387,,0.26525255468576314,,,0.2635068445708918,0.2634711763202818,,,0.26414559307087165,0.263838416904692,,,0.26478368040376615,,,0.2643088283768223,0.2646948484510317,,0.26546213931966034,0.2652762190486259,0.2650056235576964,0.26499915672034835,0.265505715506463,,,,,,0.2655629675596515,0.26525085284741373,0.26597377942144773,0.2654152970671037,0.2657718084612939,,,,0.26559151859749924,,,,0.2622165615329677,0.2642911951786637,0.264011050819921,0.2732965426890094,0.27149944329985043,,,,0.26986791893994566,,,,0.2744984434274689,,,,0.2741182843900673,0.2733923208277184,0.2743373943365556,0.27339602395729967,0.2740367316757916,0.2746023276557935,,,,0.2740824431161986,,0.2733479099707274,,0.2746412078100795,,0.27316234030977726,0.27380393545129567,0.2744127182800674,,0.27398540525986437,,,,0.27422335328067154,0.2738782964171316,0.2741692348558116,0.2740245601563937,0.27386218248592764,0.27339222143665415,0.27453052170438214,0.27337859908399714,0.2736987080128942,0.2737346410885866,,0.2739092465220331,,0.2741020255097024,0.2734346039515426,0.2744742186205518,,0.2739589502838044,0.27399705680588743,,0.2747913809744603,,,,0.27393134716421585,,,0.2743497948136655,0.27406020344150506,0.27418083182520675,0.27376337867315825,0.2739242748482875,0.2738402866953974,0.274077027198009,0.2734883494204173,0.2740416571893854,0.27402702533751405,,,0.2737805089890735,,,0.27402601335113386,0.27415285065977635,,0.27315716056640843,0.27362254993833435,0.27400511109573467,,,0.27348898413717754,,0.2736238311124566,0.2735883113664306,0.27403758489286956,,0.27395667566502463,,0.27405024475716394,0.27439407965681384,,,,,0.27464880602353214,0.274097828656909,0.2747688125933461,0.27501454389880553,,,0.27496053333002357,,0.2745082756445511,,0.27344015178372855,0.27521807936127946,,0.2743319419439914,0.2745284987771547,,,,,,,0.2740820395225055,0.2747336590539368,,,0.2748587415226396,0.2741677811016846,,0.2748420425952082,0.2748235664513386,0.2749164500713208,0.27470719552157724,,0.27436398864697725,,0.2748388713865827,0.2744169471474018,0.27332923413530524,0.2750932845144305,,0.2746124153425967,0.2732511331694534,,0.2748483181233189,0.27473653722383656,0.274354328487828,0.2737424757257552,0.2747169533780324,,,0.2641825597046102,,,0.27234706452071283,0.271841864819323,0.27186991704413027,0.2721607861899006,,0.27283626397873456,,0.2735526406673327,0.27387272258294887,0.2738715776902148,,,0.274572213482805,0.274798768890488,0.2737456442267473,0.273188769496714,,,,0.27376188729019746,,0.2735909753556538,,,0.2739350409137307,0.27432163599660414,,0.2735740762189411,0.2737819257674418,0.2739418441738833,,,0.2733327958477366,,,0.27418412476920356,,,0.27309248420790694,,0.27407344555130847,0.27444467782546644,,0.2739807181676514,0.27257726569622187,,,0.2745902624035041,0.2738135940346948,0.27420921656557967,0.2727964407248246,,0.27398527211113166,,,0.2739531006930083,0.2740218409987258,,,0.2750214286560922,0.27400529015511005,0.2745730808446113,0.2744170686124279,,0.2747571135109037,0.2743383500484865,0.27369443313993236,,,,0.27347487782859276,0.27509441509471083,0.273849652293134,0.2738464287195699,,,,,0.27460460151894317,0.27278800044374146,,,,0.27259903745394887,0.27325820903974557,0.2738593672715276,,0.2735157960881876,,0.2733005797455948,,0.2728612980667623,0.2735150896685916,0.2732033450177626,,0.2732261523102195,0.27380099269895597,,0.27224390413487437,,0.273061608738422,0.2727817251270415,,,0.2735362701136975,,,0.2724982251485561,,0.2725454360724844,,0.2730294154673753,,0.2729348882567761,,,,0.27338895497685317,,0.27337221081472113,0.27291449893688335,,0.2732730234514551,0.27300061167794343,0.2734745846577186,0.27275265161156237,,0.2730515412780155,,0.27312158987219776,,,0.27399088009571443,,0.27400183926082855,0.2733303404971835,,0.273120861446476,,,0.27264265058588644,,0.2732655537214015,0.2729377051513287,0.2734161613705798,0.27431007936110735,0.27310831010388337,,0.2739794470670347,0.273138199853608,0.27342935068012836,0.27306008745845595,0.2729096304259731,,,,0.273546085367165,,,,,0.2730921002840354,,0.27309964790778446,,,,0.27485709828791793,0.2749045461274362,0.27346208509214204,,,0.2732930506298036,,,0.26779001310114453,0.26825374007627384,,0.26765832360638453,,0.2734864394973137,0.2733662331807248,,0.27037167227859243,0.27047110429458704,,,,0.2563677357287142,0.25693771589567765,0.25661226849560786,0.27598159442200343,0.27536896437492775,0.274243486007012,,0.2779863124707698,,0.2783290352318328,0.2784058698039185,0.2777550356460748,0.27928311606731215,,,0.27876291239408085,0.27887417324411384,0.27918833314623465,,0.2787066888745125,,,0.27853230574334537,0.2778721988959273,0.2786019300282858,0.278442667577884,0.2783256641174264,0.279139741559454,,0.2779296771673227,0.2784122361814093,0.27817680309551324,0.27808379642318737,0.27850813851456535,0.27828514329088744,0.2782738179993072,,,0.27819029684435825,,,0.2824795816022487,0.2821359430208474,0.2819543799134811,,0.28017489839611376,,0.2836729109298908,0.28316018730662795,,0.2837032595892709,,0.2829504339376457,,,0.2825518546360751,0.28234431291289314,,0.28294539344041425,0.2814527655604883,0.2821876054000859,,0.28150309379039334,,,0.2810969472249328,0.2814669340359565,,0.2814412885918336,,,0.28118485067202137,0.281757494975569,0.28127440928285796,,,0.28184756131108707,0.2819232139770821,,0.2818068928736874,0.2819322373107635,0.2808352253358279,0.2813251854564006,,,0.2812899185098659,0.28170502222065913,0.280707452539601,,,,0.28210038744983396,,0.2810470619716364,0.28121301544213345,0.2809221653066058,,,0.2809540125489883,0.28120341845712354,,,,,0.28081812620130486,,,0.2817618575415683,0.2822199886734917,0.28091407604849844,,0.2810244965177086,0.2808940096698476,0.28140457725011914,0.28181662812852387,,0.2829502227395445,0.2817491599635165,0.273209163012544,,0.27348703778236194,0.2733366419082468,0.27348762008512856,0.27393864779246047,0.27279135251290276,,0.2735738446698852,0.2734864411886167,,,,,0.27353756402489576,,0.27424648493510784,0.2729598430159222,0.27259845219105455,0.2732905296265009,0.2732568518426674,,,0.273268405888429,,0.27329796323749167,,,,0.27333738689639,,,0.2730434777891895,0.27417160942708635,,,,0.27426532506020807,0.2743032489112897,,0.27102478058432444,0.2720586518995527,0.27213678066352515,0.2719165431769935,0.2723735399528175,0.27168467954240655,,,0.2717567756756029,,,0.27171218495716853,,,0.27260889658188114,0.27242680089158317,0.27319714058792893,,0.27350066661787853,0.27334439870908184,0.27376904697138477,0.27259333796166924,,,,,0.2722514206149799,,0.27215293075152014,0.2718607662168883,0.2730953668536451,0.27233347852048023,,0.272266500951774,0.27290519324322793,,0.2742106337642006,,,,0.2734149374835088,0.27338264919257216,,0.27445483321733133,,0.2732470716639269,,,0.2737617991312666,0.27318616664058976,0.27354399504911764,0.2731562271874692,0.2742329997027548,,,0.27323178584623375,0.27332959289496683,,0.2736816990060425,0.2744886839983761,0.273979014747909,,0.2725166077221569,,0.2730461554437014,0.2734246666457339,0.27224173276072616,,0.27283015334247024,0.27271592114499926,0.27312911544144947,,0.27269545069460127,0.2717020436078268,0.2717794066302164,0.2720417504098364,,0.27219384285876763,0.2722319800712589,0.2730678555862953,0.27261493508078194,,0.27269418665137146,0.27299939674447965,,0.2731403897600589,,0.2722694998941393,0.2735188494718346,0.2737964910053942,0.2727496219830987,0.27386887362294104,,0.2743397863483437,0.26556224964229636,,0.2636889054467734,0.26364577625671354,,,0.00011572645322356073,0.00011604621179990478,,,,,,0.00011579196741711209,0.0001156460658916928,0.00011602668437128049,,0.00011583140547580031,,,0.00011566252696000126,0.00011590292495148172,0.00011625435390300106,0.00011562975781267437,0.000116203632215661,0.0001157947648022966,0.00011612590987724808,,,,,0.0001156351582193389,0.00011584541828063215,0.00011605307097642612,0.00011601615503718153,0.00011608626170204377,,0.00011598928084114007,,0.00011579191220670993,0.0001161778398567476,,0.00011575891755088733,0.00011641984746649249,0.00011618195620251283,0.00011592702678645848,0.00011592352836579824,0.00011591425703055659,,0.0001160467186321616,0.00011600315097808657,0.00011589709105616066,,0.00011620394744225605,0.00011572670308391488,0.00011591498869024408,,0.00011578463726018032,0.00011607486427614588,0.00011589087449032255,,,0.00011606533889586364,,0.00011608203805691534,,0.00011619767609049988,0.00011577760695640584,0.00011601618855389137,0.00011598396176803475,,0.00011613635756475412,0.00011603722226153162,0.00011596071999653377,,0.00011579623930123642,,0.00011584696325601902,0.0001161530173321022,,0.0001158498227215778,0.00011592211603544859,0.00011598413169910727,,0.0001159819046468156,,0.00011602263848698424,0.00011616558701098542,,,,0.00011585379236291212,0.00011565675681364355,,,,,0.00011604825081480268,0.00011610242737073663,0.00011575084832044218,0.00011583074471924624,0.00011600716748490102,0.00011607316373284511,,0.00011585109396511253,,0.00011579244556831851,,,,,,0.00011556788767217836,,0.00011604158956849942,0.00011604561560370067,0.00011628698452571722,0.00011607934834291679,,,0.00011599623312204287,,0.00011613057219235082,0.00011610440310672938,0.0001159759099926888,0.00011636916206419302,0.00011593603590462026,0.00011583230830785727,,,,0.00011618936912882455,0.00011608055332889159,,,,0.00011613193120441317,0.0001158054992352389,0.000116226518444546,0.00011588990678627357,,,0.00011559551136705965,0.00011608815770608371,,0.0001161296971678094,0.00011576727684409073,0.00011620443413902332,,0.00011600545814171333,0.00011603486066668368,,0.0001156929209617863,,,,,0.00011606277969726992,0.00011587444567484482,0.00011600011848661794,0.00011595948224481306,0.00011576573873882783,0.00011583718947589339,,0.00011610438374732658,0.00011613868806317186,,0.00011586608077620826,0.00011565982886473038,0.00011589630861084391,0.0001162263136713664,0.00011599444350175866,0.00011641277951119266,,,,,,,,,,0.1429934700920587,0.14358083589219806,0.14317410450543516,0.14299009876032087
4,4,DG_8pct,16,Z16_F12,16,3PH,318386,283563,True,8207.458142338493,8226.717574056669,8234.147646860609,205.27933296103208,207.4965172780038,21.33940851367503,4.572494684056788,173.00075650754215,174.3379476365057,73.80218380976788,74.29843585861803,49.07375996352127,1.479876753264889,3.576980524807766,8431.271189562263,5.004018946223019,19.460445583384907,7.355663321964013,15.13076341110424,50.72739086942325,,0.5441293496643675,0.5439184800279847,,0.5463766525593112,0.5444606345277024,0.41475669282997457,,0.06713763559443009,,,,0.18216842716126364,,0.1826700648787419,,0.1824993138170475,0.18238924277070828,0.18202419915590173,,0.00011525544712036303,0.0001155868095254119,0.0001155760481073136,,,,0.25735968744055304,0.25822832548172525,0.2580621417666597,0.26184209197216723,,0.2608826360158036,0.26155146551626574,,,,0.2587089760460609,0.2580614292651847,,0.26318857182062577,0.26333694321138196,0.2634679795147386,0.2641908203433369,0.2648934572087806,0.2655146506442034,,0.2636097808979618,0.26429838235605335,0.26449581140736433,,0.26427617534204173,,0.26351867809868357,0.2645948913868715,,0.26409561547632915,0.26467384237386465,0.2635618690981163,0.26485115068366866,0.2651534750049352,,0.2660659138790114,0.2651170193914666,0.2652820162654886,0.2651055079217949,,,0.2648977786028669,0.2661536707182292,0.265886694541321,0.265808133452071,0.26519125923483455,0.26591419251449266,0.26530661886128887,,0.2660236658569997,,0.2655963387563273,,0.26545125466645997,0.26519002463018826,,,,0.2649473754492402,0.26405169762892183,0.26383431632155796,0.2637970625309397,,,0.27042406194863994,,0.27087237755550153,0.27084363382181076,0.2704658310427798,,0.2732487261049359,,,,,0.27467387029491924,0.2751295380219922,,,0.2744453246841976,,0.2736790131886857,0.27373666842472494,0.2742521364028588,,0.27435537555660094,0.2735955626891836,0.27466189896905097,0.2736648497448557,,,0.2737258753771366,,,,0.2732736400832996,,,0.27458174923372075,0.2725201938180048,0.27496313270030487,0.2739944159204064,,0.27383466077398094,0.2738022433128807,0.27288339426607083,,0.2744906548685307,0.27310606289809386,0.2740741812586557,0.27391888196794495,,0.27390168640902046,0.2741908755755579,,,0.27371729938455597,,,0.27435839415024593,0.2745397969232268,0.27410923960408085,,0.2741461588413582,,0.273065004668224,,,,,0.27397846110832846,,0.2738858948450869,,0.2735871961430181,,0.27387333822904136,,,0.2740923645264967,,0.2734536345017108,,0.27352459180416483,0.27403379577073167,0.27303707352099066,0.2738794334277791,,0.27252366711442993,,0.27330066505273665,0.27353100763666893,0.2738184713825757,,0.27378536535783154,0.27385810108486197,,0.27398992415907875,0.27451589477807237,,0.27411283449547114,0.27486770848806263,,0.274814275800831,0.27474625389512736,0.2743055683804405,,0.2753111288248744,0.27453191207066985,0.2745979717623204,,,0.2744060039607426,0.27569764269729535,0.274353679017852,0.2760745518627501,,,0.27461397180737945,0.27456293069588317,0.27447891595803636,0.27372876182303774,0.2739756356564442,0.274059107581504,,0.2744051331962118,0.27415595322451164,0.2750727909466976,,0.273738050825662,0.2738163507111576,0.2739566075561115,,0.27497937693480473,0.2741471996111853,0.27462506766775135,,0.27400935282448946,,0.274889921791289,0.2745053413169236,,,0.2739679509778641,0.274584469966305,0.2736681690979431,0.27450597404632,0.2741827773464743,,0.2740042809131106,0.26343574015117327,0.26401141975296594,0.2646104800287548,,0.272270211531537,0.2713807771014997,0.2723298388719857,0.2720162729904047,,,0.27162010058730707,,,,0.27443178446088334,0.2728760811038094,,0.2741488327365203,,,0.2736955090129247,0.2734008896555354,0.27452835882897864,0.27418234220439186,0.2742160813358964,0.2735991508706009,,0.274190934163765,0.27357905121731835,0.2739181722520501,0.274651698115514,0.27386984075599785,0.2729867992974984,,,,,,,0.2737094573152512,,0.2741434003930694,0.27411077609456375,0.27342456375029,,,,,0.2741595521148044,0.2736195408264494,,,0.27421929898417036,0.27351125344709026,0.27415238396086045,,0.2745144665096335,0.2750134663171568,0.27377597855487407,0.27376746077162745,,,0.27395606494317637,,,0.27421450904572214,0.2744510638533759,0.2742654119236945,,0.2740566650455406,,0.2735255902525283,0.27424293750208506,0.2740633763406444,,,0.273785481450246,0.27390879515649325,,0.2734468818068744,0.27344204764747765,,0.2735941455980153,0.2736045499814724,,,0.27349716583852335,0.2731270496001669,0.2735854794334127,0.27306446315782784,,,0.27296646566382027,,,0.2730763423483551,,0.27271358992371386,0.2732339628879878,0.2736002441625632,,0.2727818095132824,,0.2731915431725307,0.2739548076983285,0.2726700706818171,0.272805046215231,0.2727403392498367,0.2731151033779833,,,,,,,0.2737376190744535,,0.27354141549456623,0.27360005886430727,0.2728907996907307,0.2728712536592581,0.273283248653126,0.274067412973438,0.2729950943920626,,,,0.27249900935036764,,0.2744279631503014,0.2733214739550498,0.2735863433976386,,0.2727373851956367,0.27295199624604344,,0.2730744475356141,0.27353113724301814,,,0.2731566145397742,0.2739996771793727,,,,,0.27219898501282574,0.2731254471087002,0.27321215837128004,0.27338878172295006,,,,0.2734508106616124,,0.2730637431824912,,,0.2729366623133859,,0.2731935932501719,0.2740391192056353,0.2735819340334389,0.2720650359467514,0.2734702582527178,,,0.2728924675067503,0.27373027285672447,0.2737645037561832,0.27379406168430365,0.2737559396181259,0.2747186480824669,0.2739039766835336,,,0.2741948013043425,0.27321130985180875,0.2682590901866396,0.2680844173588164,0.267885313135139,0.2679879207476641,,0.26713131919442423,,,0.27338333283198435,0.2703013293695832,,0.2714282730176723,,,,,0.25653701871570767,0.2561969738620643,0.27529976149824514,0.2757192928661817,0.2741992581383171,0.2779196937069406,,0.2776320086021601,,,,0.2787625100060517,,0.27870010316509586,0.2794023064035753,,,0.2785859161103409,0.27842971444429115,0.27984581266799824,0.2807760285814252,,0.277797375984421,0.2779583843832905,,,,,,,0.277976520637983,,,,,,,0.2778729022781379,0.2786227423093877,0.28206868594006984,0.28149282811954457,,0.2811340565128528,0.28163878568862444,0.27989922662702943,,0.28367569658051983,,0.28256874737581167,0.28350119858805345,0.28323910569846966,0.28391339491290707,0.2835646789051371,,,0.2823780457344382,0.2820425178900622,0.2817298351847193,,0.2822209562271742,0.28198959543242114,0.2820639495284595,0.2819160756850676,,,0.2822983487139511,,0.282150309184911,,0.28144963840560905,,,,0.2821272604260374,0.2815694488688369,0.28152104320717247,0.2822285931792172,,,0.2819889370133885,0.28134787704833353,0.28112336362523466,0.28076236683969724,,,,,0.2810280501348285,0.2813731627747893,,0.28137900350708006,0.28146376630790026,0.2813864893942065,0.2814221449306629,0.2806328831120774,,0.28192215625041905,,0.28183062201383485,0.2806281739319588,,0.2816605235128575,0.2824155353189318,0.2813933174317579,,0.28084033309941114,0.2812561144892749,,,,0.28140393596021496,0.28177720907107745,0.28183048482818873,0.28161455791762124,0.2808936453613419,0.2821482531831955,0.2826307861103691,0.27306144953574274,,0.2733465508688976,,,0.2730087515864655,,,0.2733135743473895,0.2735200798381877,0.27319979203341593,,0.2731741747772626,0.27311481936505616,,0.2731319437170531,0.27371626344217836,0.273259392816087,0.27372602421560865,,0.27295719055960044,,0.2732277506480496,0.2730218241327318,0.2729531455861107,0.27427748368373384,,0.27350494619639676,0.2731901114090241,0.2735279888587619,0.2730898322324428,0.2735962174510727,0.2745098675264218,0.2744060004937952,0.2741359621648115,0.2738566529785482,,0.2733574757871135,,0.2716358919631485,,0.27204449368774675,0.27192152602994635,,,0.27188517890986613,,,0.27223861819067846,0.27233939359073445,0.2725732085341864,0.273049104287677,,,0.2728159178071032,0.2723041118733616,,0.27310310066459315,0.273296066003762,0.2731908832856734,0.2729461694614814,0.27321898520598964,0.27319002071374704,0.27262771108072803,0.27318599296362384,,0.2722379248225276,0.2729239395520408,0.2723916496577504,0.2720581909912051,0.2723502843114891,0.27313062830427204,0.2737847916796483,,,,,0.27356460724759796,0.2738099592927603,0.27401018314710174,,0.2736167131401616,0.273081142490536,0.27358779897628605,0.2738335143179111,0.2737826733608767,,,0.2741790550239108,0.27427025255754955,0.27420700651908236,,0.27326533011035514,,0.273994876000467,0.27357589611260213,0.27388892391059055,0.2740024520781162,,,,,,0.2734209014242346,,0.2728247571157717,0.2731372529936919,,0.27263162493535203,,0.27310102177213125,,0.27207042513315205,0.27254746300550065,0.2719443236298044,,0.27163632468816534,0.27227390321317996,0.2721976020945244,,,,0.2737985542750602,0.2725991674140205,0.27260269158697503,0.272429820101053,,,,0.2733344007031461,,0.27453248225685367,0.27418173225926956,,,0.29757046695876593,,0.26369422299973816,,0.2805048939431868,0.00011587419873314756,,0.00011591080933259818,,,0.00011641751492550304,,,,,,0.00011584124751862717,0.00011595557527363637,0.00011614571374624144,0.00011593705756878939,,,,0.00011605893817157292,,0.00011572751438056029,,0.00011622884498696436,0.00011609938987507225,,0.00011606815231966357,,0.0001159936654615259,,0.00011599370365955665,,0.0001163869298004183,,,,,0.0001160750107760387,0.00011586754430556441,,0.00011620274856437773,0.00011606859860764436,,0.00011621645263804,,,,0.00011565704564934342,,0.00011601990261554371,0.0001158410472899868,0.00011577180361270996,0.00011551698260145601,0.00011571592617463743,,0.0001161569540371036,,,0.00011611762300468467,,0.00011613388167976583,0.00011636181173331337,,0.00011635484045232189,,0.00011599948692711576,0.00011613955659332469,0.00011602815487718965,0.00011580686948201007,0.00011580804311291856,,0.00011598967437610489,0.00011564184473696614,,0.00011592224736405137,,,0.00011589180505208608,,,,0.00011615756277411277,0.00011602474938725741,0.00011572126286994762,0.00011594349345740705,0.00011554884722532775,,0.00011603253054983482,0.00011582873535548319,,0.00011604070848731167,,0.00011610566670939178,0.00011616132408157863,,,0.00011569827962042777,0.00011626482386005269,,0.00011609522448983153,0.00011580220334144243,0.00011609002580036888,0.00011596341135336146,0.00011568709810277279,0.000116022705930679,0.00011598421403100752,0.00011590040022836981,0.00011580683252005852,0.00011584803373770914,0.00011593289768790558,0.00011580764057577924,,,,,0.00011580681624991336,,0.0001161058275438176,,,0.00011570944538959348,0.00011621985200230521,,,0.00011601598276021025,,0.00011585756472662467,,0.0001160047922069566,0.00011615623646449378,,0.00011599187043844172,0.00011628985319625079,0.00011610129623613207,,0.00011572900708840205,0.00011605565549988953,0.00011606806318443446,0.00011602261640538634,,0.0001158978423652172,0.00011603936381256711,0.00011601892849700243,0.00011589500142471503,0.0001161548123974019,0.00011589695145549848,,0.00011587728378679199,0.00011577855044381011,0.00011609072189780311,,0.0001158448844341526,,0.00011588717069773302,0.00011587768056484537,,,,0.00011589252195920266,0.00011584023284243707,0.00011628024311888797,0.00011615792530492886,0.00011589556125387745,0.00011590617663363801,,,,0.00011602852784933276,0.00011611260955967064,0.26057178622058164,0.26015008239397164,,,,,,,0.14301441771290926,,0.14309089857454005,0.14328346534717112
4,4,DG_8pct,16,Z17_F01,17,SLG_A,175044,181977,True,4145.504289903906,4180.928256087876,4183.551244561237,4618.14411826555,4619.3008334450615,5600.381064292359,15.768009622336699,1068.1566304216242,1094.8187175369014,417.3262220908204,414.90912972484654,273.2136918494525,4.973488352209831,15.230526898124493,22.39966960403467,5770.415140035088,202.052880112128,25.95374595112827,52.601701423515436,336.1818312363417,,,0.7570448469199043,,,0.9546635795088058,0.8604316622234441,0.6278501819378507,,0.6271445088662616,0.8590519474548889,0.5585688410985719,0.5587985964354123,0.5585894645028967,,0.8689309597538704,0.8704626045729501,,0.9460860155938873,0.944881508917491,,0.6287852669507008,,,0.6282275997744146,0.6289543326706305,0.6210784077256165,,,,0.6302066863842016,0.6276611496561523,,0.6283547341316487,,0.5234328127582999,0.6048062002714973,0.6040115086042593,0.6032638308185752,,,,,,0.6062653690056972,0.6073308087764081,,0.6053602259710382,0.6053844713656997,0.6055755495034582,0.605135211032754,0.6057829142701778,0.605256249494066,0.6054906405168115,,0.6058067442161166,,,,,,,,0.463660299420395,,,0.4648864051511202,0.4639035774927582,0.4649817964820346,,,,0.4660266606668491,0.46425887737806903,,,0.4650565436214074,0.46483175149322237,0.46516431838490047,0.464731827795872,,,0.46351597378766907,0.46463192878499765,0.46526765358183925,,,0.5673406179824468,,0.5529403274102608,0.5528581724160982,0.5510460500301955,0.5514383679219186,0.5532885398315871,,,0.18986083116007832,,,,0.18996295175471947,0.18973567566113114,,,0.18924609752555313,0.18944777290092252,,0.1897936016239755,0.1893784348425477,,,,0.18950596545116116,0.18976647557289336,,0.18978178620730152,0.1894645264477528,,,,0.1889790018345732,0.18916620589391853,,,0.18914521603147882,,0.18901921285237705,,,0.1893716318550588,,,,,0.18968490420433504,0.1894944025265754,,,,0.9096921284654327,,0.9068281963674855,,,0.9075528176101773,0.9031563860659612,,,0.9090026278838,0.9067058699915101,,,0.9094085133407004,0.9094206814046343,,0.9079133899689369,0.9080169426330157,,0.9049245249848901,0.9069104122321184,0.9084933604053888,,0.9043765247996842,,0.9086078326091482,,0.9071064641227008,,0.9056502009709755,,0.9082685034855177,,0.9055147127303966,0.9079491699604887,,0.9061066985976787,0.905387741547369,,,0.9078108086929081,0.9063320301236792,0.9063885336844522,,0.9380833346897657,0.9418563409004996,0.9391443983650849,,,0.9384080892925903,,0.9410720240442415,0.9397769163899041,,0.9403419617395029,,0.9402376530177101,,,0.9430534498631987,0.9403102747225369,0.9396046466894674,,0.9420746563202719,,0.9410614178251618,0.9391391519226819,0.940652404670604,0.941372486572612,,0.9416719000692605,0.9454845330975233,0.9397197789407888,0.942378391590047,0.9412733761804809,0.9392227934821918,,,0.9395153395261461,0.9403779973227673,,0.9406094057140094,,,0.9440214412206859,0.9412212782151202,,0.9416505504550835,0.9420180864493637,0.9393661575366732,0.939504399320908,0.9401833623675514,,0.9393086306570588,0.9418385992770633,,0.9390740301810008,,,,0.15416859786283457,0.1815979829717028,0.5550273675052837,0.5568760265692921,0.554012608345495,,,0.5555587789436683,0.14192032526890094,0.14220939534785218,0.1424164028939101,0.14222442774658584,,0.14188455087717522,,0.14197188346192208,,0.14190625299900816,0.1426739389194182,,,,0.14227332797865677,,0.14208267581641007,0.14241216960502953,,,0.1425108506342564,,,,0.1419538716955209,,0.14193020870395198,0.14176651076982025,0.14225358209601813,,,,0.14227194503710155,0.142227985833934,,0.1420684550541597,0.14192393620994923,0.14183682498219413,0.14231219062648878,,,0.15040815413622302,0.1512070397685823,0.15070498633748525,0.15068858137700153,0.1505719153016967,,0.15035672056701566,0.15068115091797804,0.1505030279514248,,0.15067719831666757,0.15079947688854736,0.150781771256673,0.15106502695828256,,0.15075182611335528,0.15063049720789828,0.15029760400506634,0.15077709833406802,,0.15073275750861828,0.15070702608346284,,,,,0.15053963325000005,,0.15072421249355705,0.151245955982869,0.1502964456990513,,0.9234481905976282,0.9232384289438361,0.9248991201823221,,0.924623174184935,,,0.9239369670581586,0.9273879325404378,,0.9207800731376077,,0.919298093878332,0.9222649646645648,,,0.9224558266951255,0.9209421994853507,0.9185510197692678,0.9201712047247945,0.9228722354681261,0.9208017171032499,0.9214507232768532,0.9193087330466893,0.9189433586067478,0.9245718124304201,0.9257441741019711,0.9255310726956504,,,0.9254251098950519,,,0.9225698737591875,0.9223971990962369,,0.9230075975789974,0.9289400403852187,0.9262546560137012,,,,0.9235568718383972,0.9230865422899699,0.9219978651378229,0.9281852023927776,,0.9250612608624263,0.9238453910389691,,0.9261264854476436,,0.9250651071031165,0.924265971123032,,0.9224676090186528,0.9212779677115787,,0.9236979771094834,0.923516492361771,0.9206493496445014,,0.9226497480831005,,0.9213847616856568,0.9212366971304494,,0.9203906109899432,,0.9192074278874062,0.9204446412156215,,0.9216580423305758,,0.9245713085541513,0.9210203369392674,,0.9215501751698065,0.9219594134343019,0.9215246962374462,,0.9244007681375052,,,,,,0.9821211556564341,,0.05161744809038102,0.05201410729193473,0.05174762668850878,,0.05192193790432108,,,0.5299731735767739,,,,,0.9393891415947033,,0.5513397148132866,0.5516328957848232,0.552501273541357,0.5368577456195764,0.537754629870435,0.5375957725667907,,0.521054069477633,,0.24024334256339958,,,0.25691528161782334,,,0.26292375654924127,0.9290866623701004,0.8959553938177466,0.9296863928447648,,,,0.9301770672155801,,0.9290639720504665,,0.9346030756248503,,,0.5660016050762696,,0.5661713604539557,,0.5668584988244678,0.5687010021919054,,,0.5671206399170168,0.5681680919420529,,0.5676137738777953,0.5671023594784738,0.5696584875616192,0.5684788049757306,,0.5679509952552687,,0.8976262083271783,,,0.8957896856223537,,,0.2968651504617593,,0.2963867510413196,0.9412979730811787,0.9448535299839493,0.9443624577343736,,0.8986518743726193,0.8975858058288699,0.8994825483098876,0.8980034650029697,0.5740745799220012,,0.5751067785446179,0.5752729521240257,,0.5741955855447665,0.5754171512857874,,,,0.5741957559423522,0.5730001117146932,,,,0.5745635963975506,0.5745678269725458,0.5760435184344452,,,,0.5739837382280643,,,,,0.5724145015722736,,0.5743837634821246,0.5730218185798601,0.576777568137933,,0.5736104568327572,0.5738567684888846,0.5739606851849444,,,,,0.5755026214254316,0.5744575239900896,,,0.5748310023316868,,0.5724929896178835,,0.5766462285576457,0.574789472208228,0.5758293564309629,0.5734662655881694,0.5748006910785167,,0.5754406130520403,0.5752406138015785,0.5747195696179394,0.5758027450137676,,0.5735635845990951,0.5749518122391387,0.9564406474563777,0.9589466772932904,0.9595201527371778,0.9600006970047336,0.9576235025374454,0.9555002247533159,0.9572944200911365,,,,0.9588609304741673,,0.17969525434291853,,0.17960762365424843,0.1796562991280007,0.17961150746029356,0.17944720663434033,0.17971915680110076,,0.17892260756027292,0.1800053710134835,0.1795978571729155,0.17936615373475057,0.179522523638713,,,,,,0.17925226159961138,0.9572989411945576,0.9596994201222617,0.955996480703296,,0.9574796101608233,,,0.9573810123096926,,,,,,0.9245684799910646,0.9200227206284054,0.9215206277332153,0.9229967850657294,,,,0.9211793706409318,0.9238769385058976,,,0.17909498780852348,,0.17953231388050137,,0.1798163488997303,0.17974877072323714,0.18010947499055094,,0.17998805379721688,,,,0.1784754805202402,0.9239802541915523,0.9237894815333512,,0.925383422679472,0.9251535616813332,,0.9255764069374157,0.9577004041266401,,,0.9578187275432605,,0.9538390582949886,,,0.9577804509507706,0.9583949283530816,0.9579489101697654,,0.9568157475660954,,0.958408702945717,,0.9621426013810143,0.9593524821292356,,,,0.9557837845054836,,0.9593461011001161,0.9602106475456492,,0.9598551548405686,,0.9249495133506234,,,0.9252838064315815,0.92629114276049,0.9280856703256682,,,,0.9229072504929688,0.9242398733607239,0.9245648515736452,0.9209794793261825,0.9257488907161685,0.9237730399350281,,,0.925921685186924,0.9236855868213915,,0.9244859341459485,,,0.926507781421413,0.9267996231353451,,,,0.5584333290694389,,0.5611113257848211,0.8844562137601066,,0.6176733799989492,0.6147970224862005,0.616812973201178,0.2813117515345168,,0.6280961706957212,0.6297505647471213,,0.6298661564315776,0.6283124193993657,0.6307092224078912,0.6295044152555714,0.6293481226819432,,0.6298097512027094,0.6288785849664,0.6274813854223985,,,0.6278572222232469,,,,0.6305383708516826,,0.6281332667664751,0.6288250545568026,0.6307480784212621,0.6289512627019602,0.6307459281679222,0.6307843995352614,0.6295529487905567,,0.6296044417965688,0.6282894867469464,,0.628174489211032,,0.6299877503816451,0.6283187963740275,,,0.6307846979193003,0.6292428800548275,0.6297314127737771,0.6307968210529357,0.6291467309448104,,0.6272415870342654,,0.6294625663165764,,,,,,,0.6295519243340996,,,,0.629157572161862,,0.6273489478943617,0.6295430908399264,,0.6289275608502679,,,0.631195017951903,,0.6303508703888936,0.6282113776283477,0.6281902472527329,,0.6307133076926034,0.6293973622390151,0.6272479719445763,,0.628477622998924,0.6289445760382619,,,,0.6301586398460622,0.6285258297023486,,,0.6281850400630622,0.6298122520669958,0.629277605441807,0.6306731370534242,0.6292867242739782,0.6302657791902849,0.6304261270215166,0.6292073533995244,,0.6286152454011191,,0.6278581798628714,0.628798499994453,0.629937523051235,0.6289033180735143,,,0.6280824066112534,,0.6283802105495649,0.6286507247164682,0.6292949747620373,0.6283613060720331,0.6301034796792802,,,0.6282209633565263,,0.6277582189410967,0.6299147065853415,0.6308271572042579,0.6301456171784859,0.6291132394762461,0.6286564643201008,0.6286537872930594,0.6289516042995846,0.6302694489908153,0.6278325154714506,0.6287730721448899,,,,,0.6293365869223209,,0.6270041328637564,0.6286596039969113,,,0.6306285563570886,0.6288490678711555,,0.6282077437717569,0.629203654252477,,0.6285904573369002,,0.6295610466035276,,0.6286424137516197,,,,0.6288596265052329,,0.6298778242510522,0.6311555706528742,,,0.6294769180647068,,0.6309795878149023,0.6280944849305417,0.6296576277236345,0.6268638639532955,,0.6292815371072743,0.6292352073748583,0.6291128195115553,0.6279004613948141,0.6280970773406699,0.6288847253252341,0.6280380290354817,0.6284749535283971,,,,0.5088861409047937,,,,0.5577170673431545,,0.867431206538006,0.9451479906957196,0.9470201739064458
4,4,DG_8pct,16,Z17_F02,17,SLG_A,175047,181974,True,4054.576786329717,4118.895889666625,4097.992562319014,4523.278850256562,4535.413452817796,5466.557133522466,15.840303676268192,1056.0732197086481,1070.9962670680713,411.33741766322544,411.0624493572934,268.64266947350563,5.010679511591606,15.262956048149347,22.44838088912485,5668.779423523855,200.09192551359732,26.09367880384499,52.704507025457104,331.7726611413994,,,,0.7536341294020569,0.8630900854650639,0.9562792093374973,0.8613868729546252,,0.6322494494565113,0.6330162705008766,0.8608605211835365,0.5678794547663443,0.5649887304805306,0.5669927832033096,0.8713757012697834,,0.8681074355806038,,,0.9427447876545112,,0.631638779381275,0.6330061040897575,0.6343084703868412,0.6329813747621118,0.6342286396345351,,0.6266955897944123,,0.6340766494768372,,0.6345327565583228,,0.6331315726544609,0.6354244504305391,0.5305858277637587,0.6104689095751765,,,,,,,0.6108915090742465,0.6091434299280767,0.6096488895080194,0.6099542158262986,0.6110119986646083,,0.6105810071905011,0.6106721348584593,0.610995012251711,0.6086480353707853,0.6089123106439523,0.6104985647027827,0.6092477168013005,0.6117047729363126,0.48618556970477245,0.4870438133748533,0.8845652780903261,,0.4739290510343142,,0.47413131881777965,0.4728929638898422,,,,0.47396503149551406,,0.4731056146348273,0.47417624035367384,0.47358315180781513,,0.47341505806064116,,0.4735543430672384,,0.47295898407366593,0.4751304184586812,,,0.4743588848033892,0.4744224375714571,0.47558214330799775,0.5738353530066602,0.5720957795128835,0.5735156400565257,,0.5544674636517942,,0.5551242163644597,0.5553812824661225,0.5550765206373601,,0.2039581911864218,0.20398819455874226,0.20436975468051105,0.20375940664070327,0.2038428617199536,,0.20413414959567214,,,,,,0.20407482427326018,,0.20433828202692475,0.20431294314599244,0.20441071758939766,0.20370411056584908,,0.20352588743131958,,0.20376116702706784,0.20464409176133536,,0.20367294071022093,,0.20383049694012842,0.20412155742248464,0.20340264066247085,0.20445228966955248,0.20388869769127926,0.20425232889584072,,0.20398679987582993,0.20375962021876226,0.20373492202244775,0.20347985958431122,0.20342895729804597,,,0.2044490756553315,,,0.9099114983408392,,0.90963160062156,,0.909323097749425,0.9101687366898537,,,0.9085678266116485,,0.9101374410173484,,,,0.9104291371322507,0.9102986106535552,0.9106987855047138,0.9084684466670452,0.9123175496319812,0.9089295249524775,0.9094318306959156,,,0.9078217837431536,,0.9088884801740946,0.910364348923343,0.9099920412580875,0.9089320068765534,0.9090594435310664,0.9102742025840732,0.9074265450235978,,0.9098826017696517,,0.9082578168933093,,,0.9085590024297218,0.9101450266746595,,,,0.9099328179953592,,0.9383650774366296,0.9385401985233585,,,0.9399497849983975,0.9396074213177086,,0.9395662223597496,0.9416589838770753,,0.9388429657025724,,,0.9410715946808815,0.9420947938868218,,,0.9415835059699829,0.9418847900430216,,,0.9391931223364665,0.9380761109692314,,0.9385075074971627,0.9406075066023073,,,,0.9380109291477529,0.9397210424222437,0.9389700776237453,,,0.9426146539438749,0.9405661250729315,0.9386642533222704,0.9414682955849402,0.9395271601194491,0.9388431484604921,0.94225623767212,0.9429442461880637,0.9400132835861998,0.9410885479623825,0.9427573491392671,0.9401842830366244,0.9404484980941621,0.9403086104489655,0.9388901452269284,0.9422220729255325,0.9430584828904292,0.9400405644825166,0.9411266480343411,,,0.5402532957102101,0.16931663603751643,0.19605751992530404,,0.5587077891214941,,0.5576072891795949,,0.5579716783717544,,,0.1577976210169454,0.1576428498102887,0.15727929797521306,,,0.15734126296742107,,0.15815037616449418,0.15825993797274338,0.15756653564020004,,0.15784397982865525,,0.15728704996729223,,0.15728938470683923,,,0.15754412138952092,,0.15779889480342807,0.15780484538406864,,0.15748976718878938,0.15722553639234385,,,,0.1577530967194518,,0.15779194082037243,0.15751278436914823,,,0.15728405201881737,,,0.15713307790163372,0.1657948878151638,,0.16625549006316515,0.16552484726922229,0.16620837082968776,0.1659111943086622,,0.16598164078974414,0.16581896425776554,,,,0.1662512651332215,0.1659848221526313,0.1654814903362562,0.1662842526862606,0.1663855908168965,0.16622834279976398,0.1662929803437072,,0.16559895895419022,,,0.16597499329622992,,,0.16587946306217502,0.16566330722756206,0.1655858727647689,,,0.1656593868810611,,0.928716825194038,,0.9264123544227425,0.9281106458447327,0.9282640707690802,0.9263119198904123,0.9315495518319503,0.9246379806962596,0.9288015090438562,,,0.9236398888462523,0.9259720894549963,,0.926026807704932,0.9246648409286942,0.9226681902244183,0.9219865365562734,,,,,0.9247175280022263,0.920932957185509,0.9222527356721066,0.9252893569028877,0.9242499708685986,,0.9279111304256724,0.9259460279160519,,0.9277623141372959,0.9258322250883607,,,,,,0.9274508883419104,,0.9272423536631345,0.9238674228818635,,0.9258929594570899,,,,0.9262368741501338,0.9257143523813759,,0.9268537466266775,0.9256047483883494,0.9280585467191631,0.928366617486957,0.9272652854259463,0.9246966458723208,,,0.9231980687437397,,,,0.9235124491416056,0.9234332303957746,0.9217405692979267,,0.9238800867769673,0.9249728394102835,0.9237432784663994,,0.9244205452546803,,,0.9210054332662384,0.9256897715665628,0.9222621620658729,0.9252987625061553,0.9213665378595807,0.9296002374669423,0.9268409684556657,0.9256613127192503,0.9249150217957977,0.9229536459897546,0.924749071076102,,0.983449503320967,0.9841151393002656,0.9817089751472478,0.9832002373536314,0.06864414095083773,0.06872127454721916,0.06866691699157063,0.06876761499130901,0.06878913126272425,0.5306265460367868,0.5322746153299562,,0.5323141431087559,0.5316321891636194,0.5315568868364562,0.19641932264143364,0.9381395581010749,0.9101830213604503,0.5535402377473941,0.5534100446239973,,,0.5413461137795887,,0.5243374599811775,,0.5217159505867555,,0.9209016339025881,0.8978906622429095,,,0.8978860059803073,0.27596784409647307,0.9311355092020406,0.8982766095347757,0.9289063781929918,0.9301776671350199,,0.9309943136135831,0.9314575831161843,0.2790354405282968,,0.8991021336480962,,0.9317654978274899,0.5679305595310966,,,0.5692056530919621,,0.5702289780748819,0.5685269676016439,0.5683211785401641,0.5696920233468253,,0.5703764424454323,,0.5697964202012916,,0.5715557797860393,0.5689283738190438,,,0.9009824503606476,,,,0.9018864687359435,0.8976728967443228,0.3099131190362734,,,0.3097729146373288,0.9428054312432765,0.9446935070891523,,,,,,0.902295282589822,,0.5751920245221299,,0.5780847853113724,0.575908554882456,0.5778210272387715,0.5789177999808643,0.5756215893556522,0.5762666393242237,0.5765759105796242,,0.5758269272568227,,0.5766905209634093,0.5772561598689308,0.577975108557993,0.5772005515128157,,0.5771183902061386,0.5772555608515467,,0.5765972777861891,0.5758851252646264,,0.577216938752493,,0.5769722552624925,,0.5755974861815765,,0.5763320117401269,,,,0.5750379880905532,0.5752906215480444,,,,,0.5766473932996014,,0.5763387588633784,,0.5775111032090573,0.5763616432088877,,0.5771534867940402,,0.5749765686643691,,0.5773696988115186,,,0.5767171010022619,0.5774113197009564,,0.577469366911533,,0.5753308252564622,0.955790814328276,,0.9558047134665553,0.9568027095626029,0.95741555092569,0.9539119597954409,,0.9537527536188729,0.9542344278249308,,,0.9584609220057084,0.1945435401664289,0.19419095268298822,0.19468563750355553,0.19392946665091854,0.19432660805464463,,0.1942124760611699,0.19377753076820275,,,0.19405106347340054,,,0.1937619312226008,,0.19405605310020618,0.1941120663444944,0.19384444508134452,,0.9573473823358951,0.960975389438443,0.9588293011953835,0.9607896690870987,0.956536338266972,0.9587198811281419,0.9599722330567669,0.957870189906084,0.9272057801438522,0.9233073096303789,0.925424115223916,0.926070105042419,0.9255358931551344,0.9266432366436507,0.9262696843289995,0.9249472141929975,,,,,,0.9280232174057366,,0.19348231317144288,,,0.1940908280055651,,0.19514936671049354,0.19441956262846208,0.19451445182972735,0.19408825011831005,0.19402287998318238,0.19436907096196718,0.19223624997637878,,,0.9249675823450402,0.9275502045990405,0.9298234885498308,0.9261609929942904,,0.9292947044668632,0.9235812256593396,0.9553105461081671,0.9566950843318831,,0.9597441208169947,0.9578469853667897,0.959598655627688,,0.9561861297836041,,0.957959516013801,,,,,0.9592349500725368,,,0.9598381610258926,0.9578109267613512,,0.9593154776880386,0.9570714674850145,0.9592337636934422,0.9594227208592239,0.9572738483124258,,0.9564089540498799,0.9270634068802623,,,0.9293874138524814,0.9276640641544799,0.9281556702196462,0.9289622304635599,0.926504459865555,,0.9263230611151262,,,,0.9283797939444699,,0.9259473779319477,,,,,0.9248525546991464,,,0.9261676640267961,,,0.5620320995979767,0.5613786141807059,,,0.5609450612006274,0.5617555652167169,0.8835494724844454,0.8662864669688581,0.6224800750415268,0.6208217821222057,0.6218906504414844,0.29424864551691937,0.6339596106246727,,,0.6358221228892512,0.6339633297549488,,,,,,0.6319278736107257,,,0.6316506656986208,0.63309706477112,0.6349679025913315,0.6337056210588085,,0.6331176116186772,,0.634652040116606,0.632655164046421,0.6334552794664825,0.6333316513385723,0.6339889104351052,,0.6340079018449872,,,,,,,,,,0.6326447195320446,,0.6348610143420514,0.6345150814830223,0.6330972727507704,0.634077430739919,0.631795773177828,,,,0.6333905832287892,0.6353320613785101,0.6330878289899614,0.6344051852823771,,,0.6342519148361395,0.6337648719020879,,0.6326718117247985,0.6344487673430856,,0.6332293381601557,0.6323671557601707,0.6331504088425525,0.63353750472947,,,,,,0.6349494404629235,0.6329873917294712,0.6330182572213229,0.6328243330112742,0.6332546180408992,,,0.6336134043420865,0.6327863672661476,,,0.6330242942362181,0.6323586710756705,,,,,0.6319314873014393,0.6320376091029545,,0.6333295529040371,0.6337989196699625,0.6324366934352684,0.6351648718009273,0.633172131688605,0.6341689113374599,,,0.6326947484811777,0.6342656436267251,0.6348526365059786,0.6319201719139017,0.6344763393435644,0.632804135109237,,0.6336239881001594,0.6324460944263516,0.6328623997166446,0.6333947057399824,0.6328365667259306,,,,0.6343941378421146,0.6338598844385107,0.6348402031997211,,0.6323630691491235,0.6334150048266622,,,,0.635196164976594,,0.6318048877261707,0.6346170887490823,,,,0.634721818471852,,0.6339823663217111,0.6316463744024504,0.633702363051912,,0.6332321215362383,,,0.632696290501868,,0.6315288392376183,,0.632611851416639,0.6321588325627299,,0.6336041962579836,0.6336167206020065,,0.6339167758313352,0.6322070483008753,0.6323259592410398,0.6340033561809072,0.6316756013461766,0.6342200047691042,,0.6330016428988084,0.6333073737988674,,,,0.6348912010514992,0.6330803469139197,,0.6332847011396955,0.6332676702502237,0.6342082130062064,0.6335367836967006,0.6347042073465597,0.6323782806033909,0.6316009763846668,0.6325501799595515,,0.581848089621012,0.5812800784393708,0.5160860498698973,0.8802713752308234,0.9377802813937685,0.5654733881089764,0.5673120649785812,0.8688796498066101,,0.9434678461900432,0.9451111300429129
4,4,DG_8pct,16,Z17_F03,17,SLG_A,175036,181973,True,4055.3033646122476,4110.341601813782,4131.537386944054,4568.517975830513,4561.423760765031,5493.6370703118255,15.884075260991327,1058.1005190697706,1083.6813106200739,408.5865720110522,410.9726586109637,270.281643993446,4.986688163592373,15.19912913927171,22.47273490073364,5714.192520335781,200.356290469313,25.943411897334965,52.64204010492104,333.73932785223076,0.7586574512423667,,0.7583067676510575,,0.8630655804945937,,0.8615564527476504,0.63118934981858,0.6324015672119562,0.6307854523189965,0.8602434954040742,,,,,0.8713767274344517,,,0.944970350180728,0.9425215157782709,0.6318126749513541,,0.6317669818705524,0.6310260806683484,0.6322494826316265,,,0.6263362976257886,0.6269987000722976,0.632407579197817,0.6347727964462332,0.6323280001665468,0.6332330662729552,0.6327800860741025,0.6328939060871418,0.5291116735377539,,0.6080554006818352,,,,0.6077057155038823,0.6106269038190448,,0.6072561572362036,0.6071000055183673,0.6094785565983489,,0.6079004186163728,,0.6069934988086562,0.6093312744576507,,,0.6094297181155698,,,0.48368275145627987,0.48521780090650807,0.8841149688771238,0.9384550756944523,0.47249791946702735,,0.47090821961467155,0.4713752900675544,0.4697918151876756,,0.47239421824833755,0.4715225230438463,0.47110416350492645,0.4725398921896571,,0.4721253920026097,,0.47155392129939294,,0.47221180667724194,0.47175091082295645,0.47127423133006324,,0.47126676914278137,,,,0.47251412324073216,0.5711712489753822,,0.5709786206380113,,,0.5538673542740861,,,0.5539218682825293,0.5520518184085925,0.20079696063072883,0.2007194829966176,,0.20080654662972092,0.20096561534350826,0.20060026735217837,,0.2011729476048634,,,,0.20094518507018574,0.20111319671243905,0.20037708227594403,,0.20113720615639197,,,,,0.2004493792705476,0.20059437668715938,0.20052186617510057,0.2007668986468631,0.2011789029144692,0.2009602266103246,0.20080156456265005,,,0.20058395343417973,,,,,,0.2006305999869617,,0.2013446749779249,,0.20076440629055403,0.2007354644485437,0.20074800721699865,,,,,0.9123704478342554,0.9110724890993377,,0.9087462717199684,0.9092926191168885,0.9094481261019597,,0.9086182515997332,0.9106533239813714,,,,0.911020734328303,0.9086242029236855,,,0.9062458116598956,,0.9066643717877383,0.9105224951198551,0.9062847369259022,0.9105198619477267,0.9103366771765922,,,0.9101922863356096,0.9070381274809032,,,0.9103567328942297,,,0.9098539963977184,,0.9070466397957357,0.9088848809225706,0.9067703902080876,0.9091110932754173,0.9074962564713079,0.9091298317141684,0.9103285663772219,,0.9415319755966086,0.9399971329291225,0.9407248848971228,,0.937667738889464,0.9410770609215444,0.9401284209191666,,0.9415428612451218,0.9403813434101367,0.9435926432896686,0.939531503950651,,0.9418593770877267,0.9408435594140766,0.9405097349842475,0.9397182648554364,,0.9367035140476591,0.9407727671922032,0.9422350031112804,,,0.9376954018017791,0.9412490401411103,0.9409404535327206,,0.9404673014649417,0.9408136139402965,0.9406964275121887,0.9376478111239391,,0.9396351600671108,,,,0.940807453724879,0.9377977679210228,,,0.9423528397973491,,0.9423705626098081,,,0.9384519924178121,0.9387501678496893,0.9381305555025412,0.9422166590329193,,0.9413221706244319,,,,,0.5403296340240715,0.16646130119140717,,,0.5560252760346336,,,,0.556094204533007,0.1541777848221099,0.1544552382044585,0.15447716443868487,0.15411234150934397,0.15392392026998206,0.15424780589272444,,0.15432746291176244,,0.15489711791150088,0.15412864014430622,0.1547744299579109,0.1547065602665059,,,0.15438666315236224,0.1545204476710946,,,,0.15443347401094432,,,,,,0.15492975115970561,,0.15431739999199331,0.1551030909832845,,0.15398441022841408,0.15432030511728856,0.1539574709366428,0.15426173929178025,0.15401113075691716,0.15465788637448818,,,0.1545472410176934,0.16264660994268762,,,0.16265151492848892,0.16252424821347322,,,,0.162310149800225,,,0.1629782449674931,,0.16305552481840685,0.16254143244429453,,0.1631231300437361,,0.16293184837747962,0.16276897319301187,,0.162980776124358,0.16235889023447564,,,,0.16304639340420188,0.16242933663410755,,0.16272571233090008,0.1624259681174172,0.16283828536225686,0.9283518163678329,0.9273361587454686,0.9275615416331774,,,0.9274258845437706,,,,,,0.9253891994617786,,0.9222238346891015,,0.924283151299736,0.9237371599874045,0.9229538274979889,,0.9220195549457875,0.9230439157918755,0.9210995725606657,,,0.9214549129004882,0.9233956823135774,0.9271284231707057,,0.9254772108803839,,0.9259629799087511,,,,0.9249674186020372,0.9252267015320932,0.9226749433426745,,0.9265736741237633,0.9264410719146249,,,0.9235969649120765,0.9261846395585216,0.9268643089570786,0.9265320482726128,,0.9254257930785962,,,,0.9256542471527612,0.9265238570633835,,0.9282551063259801,0.9249401940856526,0.9261828655457678,0.9223231946693815,,0.9262375380697645,0.9220317971786383,,,0.9248264247272575,,,,,0.9253981984084231,0.9250311154608484,,0.9219208324969713,0.9229968411590026,0.9210790960798986,,0.924420226235983,0.9238331299743028,0.9217989194533928,0.9211347095470889,,0.9246920574593975,0.9235598777939698,,0.921776085004053,0.9208820327829164,0.923332838761555,0.9872178900157089,0.9823938895493748,0.9847181408384008,,0.06535083043066865,0.06520169912789181,0.0652401908531047,,0.06530766498058092,,0.5317576884902518,,0.5302453560277912,0.5294786264803166,0.5305662348318894,0.19360348599746424,,,0.5527585244210189,0.5521362168581827,,,,,0.5213664061338132,0.5225200782369734,0.5218223080891364,0.25097065457467815,,,0.26848180468339544,0.9304504363334201,0.8967093308436271,,,,0.9295336425954374,0.932378363247373,0.9310318510806327,0.9326768883527307,,0.2769977983825309,0.9292475974573914,,0.9362226502279679,,,0.5684071179931747,,0.5678129901873374,,,0.5669907674731807,0.5694581377278088,0.5682289187753294,,,0.567631609956399,,,0.5669459092453663,0.5675928970615164,0.5680393127421198,0.5689372931327722,,0.9016511648453441,0.8995696191863541,0.8991846416762513,,0.8960692187165942,0.30683520554510696,,,0.306990364015141,0.9419804220677056,0.9407842800892098,0.9406254262579037,,,0.9003597026045098,0.8979312996279544,,,,0.5757870982074963,0.5753207325933721,0.5748786425586067,,0.5751850998074386,,0.5765917446282154,0.5745560397420564,0.5758747140397473,,0.5758659881374265,,,0.5758405297058318,0.5750117571758914,0.5757521168020314,,,0.5749065018042337,,0.5765892303853777,0.5754779072887645,0.5755346467835858,,0.5759359493998809,,0.5746543159298855,0.5737580444557656,,,0.5745274804904529,0.5753212934298599,,0.574672065043954,,0.5753561824126331,0.576003788857976,,0.574967607351076,,0.5744967322071316,0.5739435272014838,,,0.574969571690424,,,,0.5749179375681883,,0.5755352140341793,,0.5765738906669785,,,0.5770116833898343,,,0.9555172931899918,0.9581272520872183,,0.9583318160600434,0.9573325200211316,0.9611186892568796,,0.9561258852421127,0.9568672837068731,,0.9556081378130581,0.9559961055589612,,0.19129645483221783,0.19156831696993978,0.1902907073860552,0.19144992503199643,,,,,0.1913473382881172,0.19102461039885624,0.19115235885790507,0.19082198747460433,,0.19030818119077522,0.1908770915168181,,,0.19059945302525272,,,0.9558345898893279,0.9570222116724197,,,0.9591196983693382,,0.9286589508642357,0.9258344296271983,0.92733065092001,,,0.92426547769735,0.9243230078356458,,0.9225975698890659,0.9270476625518609,,0.9234101312139427,0.9249522652240778,0.9245562611062196,,,0.19051467221151897,0.19135819707501978,0.1907520231973001,,0.19097817068157974,0.19132964186296098,,,0.19161581661336147,,0.1887637716924747,0.19048832157652715,,0.9243156759252108,0.927234205037666,0.9300239197720994,,0.9277037436743697,,0.9296441079340957,0.9573696237088433,,0.9557858512994903,0.9594568726161304,0.9589823184457421,0.9560143673467429,0.9554987881578637,,0.9597063180723407,,0.9576853487639287,,0.9591081806394454,,0.956308399731101,0.957804127005603,0.9605907137283295,0.9583259621031921,0.9608652910829945,0.9559334567322046,0.9617976486959101,0.9590009050241117,0.9570102331426771,0.9605803300545704,0.9566206665125659,0.9578085923618744,,,0.9247654558833285,,0.9287771824642542,,0.9258447249405887,,0.9271226290973232,0.9273456318749642,0.923914228869307,0.9259856591000946,,0.9240775127465071,0.9288376367421686,,,,0.9260249603525489,,0.926654859528269,,0.9285943969554677,0.9266338937603463,0.9273071510149777,0.9269978027173608,0.9238885205374119,0.5599004852115232,0.5607407508695229,0.5596850163050029,0.5609658557494629,0.5584748821438532,0.5600901789845227,0.8828476898876039,,0.6189852545961374,0.6175638136966953,,0.2919805811807538,,0.6312045219535238,,,0.6311914838732013,0.6320673478851666,0.6320983930846585,0.6319472248052879,,0.6322716536059888,0.63319248963755,0.6322791778002113,,,,0.6308397274622335,0.6337978423435208,0.6324669824526848,,,0.63066356987017,0.6314133314431318,0.6327784608071294,,0.6335631165503286,0.6304258947804504,0.6330461774938013,0.6321843327142861,,,0.6321711927569309,0.6310413943711818,0.6332086856535558,0.6329257749989708,0.6334023238807659,0.6338097252486785,0.6315403369146695,0.6332776234268565,0.6331377334560665,0.6324364479037968,,0.633452679928223,,0.631349249244807,0.6335177948532461,0.6317846805163038,0.6324844110933858,,,0.6312990910831008,,0.6322589227354126,0.631108169026323,,0.6317534338498083,,0.6320351941287043,0.6325244302209058,0.6318035139955347,,0.6324441015998675,0.6323350535548948,0.6326587911335919,,,0.6335227174210484,,0.632144529908898,,,0.6326848233299017,0.6325995193034101,,0.6325863118973075,0.6330355498605268,,,0.6328793685918065,0.633387955863356,0.6338538780598594,,0.6319159298482211,0.6327356730083112,,0.6335899182709952,,0.6315169292174556,0.6321052134282842,0.6297360895327958,,0.6333768298080952,0.6319370327367089,0.6316743048793383,0.6301913699648688,0.6313909954319782,0.6307478776612285,0.6318668020672317,,0.6321509386116058,0.631056921704305,0.6324452905786407,0.6315650268667883,,,,0.632049800987576,0.6331354833763395,0.6313362525520159,,0.6339747321946815,0.6316232908049225,,0.6317206402660623,0.6313550748600721,0.6316592573305524,0.6326327186263202,0.6305367451787833,,0.6321662272685866,0.6321788429850774,,,0.6330692310299002,0.6335358043789311,,0.6315773914643275,0.6313534874137346,0.6312986968585814,,0.6311901663704866,,0.6322941749324091,0.6322719757615113,,0.6328587974065347,0.6319721923746057,,0.6321999573041694,0.6330413435855614,0.6295207595708688,,0.6322819735987861,,,,,0.6325050868372164,,0.6320347704845342,0.63312131547107,,0.6351618046282541,0.630662434127413,0.6329643820566616,,0.6319818799144237,,,0.6335550579817577,,,0.6333546476825646,0.6307628234114465,0.6326887150587637,0.6322248242061501,0.630872841298562,,,0.5790243820434434,,0.5802440277882054,0.5149266955196959,,0.9377100139964512,,,0.8689702841055044,0.8682424804434504,,
4,4,DG_8pct,16,Z17_F04,17,SLG_A,175036,181973,True,4056.1839376664893,4112.750928442311,4139.479277994141,4547.060644521288,4537.957473796028,5490.831731552363,15.937948935352361,1058.71154983764,1078.4709144997573,410.0526604747231,411.3658338398013,272.19537012719877,5.008907279560475,15.191019585202602,22.371700409758358,5747.6143758949665,199.28180015940546,25.91649529240877,52.72514543926723,331.39825186523876,0.7584684371559044,,,0.7510730774580713,,0.9537515746371341,0.8612446366419761,,0.6313467360120634,0.631043635990347,,0.5669468877928996,0.5657563240148744,0.5661514768729279,0.8699493829241148,,,0.9460389590551892,0.9444769215279029,0.9432895153442388,0.6330867426818934,0.6292745222843142,0.6318461702543523,,0.6328844948380942,0.6326448548604077,0.6258498507053969,0.6242522834623595,0.6230352502818682,,0.6353130812857353,,,,0.632848372268573,0.5292472354389528,,0.6082308684541938,,0.6075942874718737,,0.6094780389809362,,0.6065905762501442,,,0.6091381984658012,0.6081711194499297,,0.6097057111242858,0.609846887199209,,0.6088666683291355,0.6092125809783651,,0.6081565515388507,0.6096976857849742,,,0.8855624060512376,,,,0.47185732058066016,0.4722701931713069,0.47234735275377165,0.4715147947278867,0.4714605496274486,0.472277175090636,,,,0.47202147082591756,0.47091619257764317,,0.47018490621999376,0.47222086452903483,,0.47169519446057956,0.4711458598515789,0.47161260782357456,0.4720610025488401,,,0.4712155627611963,,0.5720940117795492,0.5715119204437176,0.936444953759327,,,,,,0.5529015664844591,0.20072243430015166,0.2010225416080927,,0.20103513458937808,0.2008535212520093,0.20140099780701073,0.20048037218071013,,0.20088493241551927,0.20075510729382928,,,,0.20064249121781857,0.20151390680013898,0.2010322261798485,,,,0.200776352283441,0.20058585956659886,0.20087495592125704,0.20089457351258425,0.20006219040629336,0.2014118673330928,0.2006136897564617,0.20091704020611384,0.20066850320348012,0.20148815213692367,0.20089853311436975,,0.20026323241510252,0.20018521851859145,,,0.20073462693238592,,,0.2006978848537877,0.2005331609419091,,0.2003395558966865,,0.9095220229568857,0.911149715630845,0.9064043588555023,0.908771470486585,,,0.9109538724840848,0.9083003377849787,0.9088018345401876,0.9100990411424922,0.9094388061557759,0.9075880524966312,,0.9105711187361017,,0.911179574312357,0.9108537631308173,0.9093847388149994,0.9101873853723477,,0.9071606298831841,0.9090977397196479,,,0.9120259438562766,,0.9097117279240587,0.9103734835083577,0.9076913438740789,0.9083056323122054,,,,,0.908912630239345,0.9100972669975956,,,0.908985444007274,,,0.9108961070514007,,0.9085692124233222,0.9102685955750254,0.9401283422742875,0.9410519556794523,0.940911793006614,0.9441124772385748,,,,,0.941595316921925,,,0.9384150413371357,,,0.9412820631424668,,,0.9389629484473427,0.9418431299263673,0.9399017784448674,0.9408824383253794,,,0.9389330340290274,0.937693175251186,,,,0.937937146349501,,,0.9421602443961828,0.9429012587064645,0.9376743962968763,0.941747472447942,,,0.9400148098323914,,,0.9394664280318726,0.9408998799773477,,0.9403858235669345,0.9407437558273437,,,0.9418100181853695,0.9418018842132614,0.9431643725394557,,,0.9401945159799185,0.5370505876232161,0.5388765832277737,,0.16593963695497302,0.19272573468057477,0.554433658144005,,,,0.5574316816329913,0.5562740033398608,0.1543736854008857,0.15433692068179936,0.1545608189864904,0.15430123999407686,,,0.15423308737509553,,0.15431869537504503,0.15472386499747728,0.15421078875219846,0.15446802569520499,0.15432343999842235,,0.15460451952778897,0.15450385597153338,0.1545643950607521,0.15469400819728246,0.15453978454625475,0.15469555770552243,0.1547738969551213,,0.15419927393145264,0.15447961344890204,0.1543956360592078,0.1539089890130495,,0.15402138579421093,0.15419903874285343,0.1543235662682513,,,,0.15480479845841108,0.1544801936508682,,,0.15400379585778437,0.15397472540664392,,0.1632847163838051,,0.16245141804877752,,0.1627033265746118,,0.16248136451741504,,,0.16276071949912116,,,0.1628512027897186,0.16299697644933003,0.16290023388407074,0.1628491519747749,,0.16278896026280706,0.16309677944133963,0.1625555726739652,,0.16307504388220215,0.16248865637295243,0.1622378190130107,,,0.16261064904253508,,0.16224366047245128,0.16261359271743603,,0.16306555708535372,0.9274171756857287,,0.9265753116874229,0.9276802152605977,,0.9257029884666758,,0.9255170830805565,,,0.9253461772655842,0.9215981946107059,,0.9217902085561746,0.9266040146103363,,0.9232879098109376,,,0.9237522780882214,,,0.9253616811222164,0.9231913866454498,,,,,0.9246458499088654,0.9242228242898776,0.9263165809714596,,0.9256295511437507,0.9258899909750982,,0.9251225358723708,0.9273926910377444,0.9263638439567456,,,0.9264334141015669,0.9265797318614093,,0.9274759448292637,,,,0.9275393734013013,,0.9252593031819035,0.9253636862218685,0.9280463660134982,,,0.9275297115304396,0.9277268341574118,0.926615639639589,0.9240334812624369,0.9226888559350981,,0.9206876996127616,0.9230054936761007,,0.9220309301579711,0.9212253933241624,,,0.9226359641230686,0.9216251234858909,,0.92504728494309,0.9230988790520073,0.92195198128411,0.9256301011159759,0.9242782377487817,0.9228173293452572,0.9240398288011397,,0.9225588860928278,,,,0.925473094199492,,0.9273940195248689,0.9233509945534726,0.9834375987813186,0.9802334296693306,0.9813916713607165,0.9858972907749213,0.06542101419044243,,0.06539064339777692,0.0653704376325489,0.06522861480087519,,0.5276352474482301,,,0.5311307713169422,,0.19341875839998005,0.9359804428430952,0.910689854360651,,0.5523486421830054,,0.5398390309969437,,,0.5238080379031196,0.5210073986327927,0.5230779639669543,,,0.8992342052660618,0.26854750920593645,0.9243608865093947,,0.27246500566529225,0.9266954579217359,,,,,,,,,,0.9357955099994362,0.9334995899468074,0.5706184607666565,0.5682732786802543,0.569052594957167,,0.5669832861516649,,0.5681053827793839,,,0.5685574879420731,0.5689960870487465,,0.5683907235914926,,0.5695857955881166,,,0.5679322095570803,,,,0.8962225200297009,,,0.307161245557809,,0.3067927556424433,,0.9383865125225405,,,0.9416453338751182,0.8995060670437405,0.8989663076646403,,,,0.5759910216856727,0.5769380454673402,,0.5757446908915935,,0.5782444451385838,,,0.5734005746911015,,,,,0.5752659374380945,,,0.5746185116902613,0.5760304733827967,0.576002426587327,,,0.5757559249947165,,,,0.5728302594032081,,,0.5767926313655916,0.5753177604538552,,0.5758279333476904,0.576638577551685,,,0.5762997486903059,,0.5747867386429351,0.5756070298781687,0.5761842152563279,,0.5744055507644111,0.5747711131863651,0.574758652948068,0.575827822406365,,,0.5745376918041327,0.5760903139060902,0.5771071110715449,0.5761892903971803,0.5745160419548881,0.5743652574297102,,0.5757783579794378,,,0.5768372584032802,0.5766906285581442,0.9578415499133643,0.9537187961241284,0.9544478230779984,,,,,,0.9566721332787541,,0.9544753984565009,0.9564787594147635,0.19145645930153668,0.19115185771320606,,0.19062657069466812,0.19118513181385702,,0.19039264320107707,,,0.19068116128867166,0.19122258650061785,,,,,0.19046803815381771,0.19086595946214657,0.19083310644999085,,0.9561022511865105,,0.956507733988805,,0.9575384605225888,0.95998165860217,0.9604160888648141,0.9617312380444505,,,,0.9280747104581721,,,,0.9226287754340634,0.9243031698800772,,0.92408422953219,0.9246914512711686,0.9259116428698501,,0.19108923584630122,0.19142868473337904,0.1912538148743003,,0.19201861751843846,,0.19077528737721666,0.19084803541238793,0.19054837868576124,0.19100291542322026,0.19082555296599643,0.19090869481669595,,0.19039304472178623,,0.9267512785056109,,0.9278983815724313,,,0.9277105052117097,0.9251125467490345,,0.958392127517408,,,,0.9583056643639438,,0.9588504440996531,,0.9585247075230845,0.960131188071381,0.9568392439670205,0.9570603706580371,0.9556393750186237,0.9574297589471857,,0.9598420182946868,0.9580118653977701,,,0.957975749253635,0.9593186919245518,0.9576176593197709,,,0.9562385788879204,0.9543873236912263,0.9298540352892356,0.9263240053697905,,0.9265260018329108,,0.9275292474393596,0.9259202108747288,,0.9279858513109236,0.9253114324114863,0.9242005038163317,0.924052788466055,0.9262562543522022,,,0.9265612086314005,0.9254624187344547,0.9262766428025102,,0.9264883691908797,,,0.9240893003654803,,0.9276830867513013,,0.5616683453466638,0.5586179103511527,,0.5604446210496911,,,0.8842522363723984,,0.6183265356235047,0.6204578351125445,0.6198666461633182,0.2928869585902367,0.6312504825267184,0.632617864450474,,0.6342140375582257,,0.6293280248476877,0.6319607786348516,,,0.6300699892210386,,0.6324786192294538,,,0.6308609356319386,,0.632602859272301,0.6328224362034514,0.6314548288261408,,0.6307243871404273,0.6299792416946137,0.6322748175506676,,0.6318332892266265,0.6311840107817958,,,0.6330548201856374,,,0.6319984865472665,0.6340504942161747,0.6336430641358705,0.6314465033031355,,,,,0.6320390450716241,,,0.6299568016333158,0.6355901751699958,0.6329667005016826,,0.6317316022623933,,0.6325813858767976,0.6317682171017523,0.6331605110623139,0.6322575559968386,0.6290942058947635,,0.6324649074285592,0.6336382258041969,,,,0.635504658624331,0.6318131667695497,0.6325283187109288,0.6327865961662539,0.6318256894794425,0.6332460109428777,0.6323220115888181,,0.6328440810655811,0.6316049178922573,,,0.6322537798737584,0.6327597338966,0.631773962092124,,0.6319547383434836,0.630205586348713,0.6323928270630332,0.6325161356133074,,,,,0.6334781678265412,0.6321554696593469,,0.6318595223124975,0.6327084282866523,,0.6309667740906965,0.6329305464483355,0.631841035499206,,0.631918151731702,0.6316991909875163,,0.6330287843045764,0.6322746180664668,,0.6318301180701192,0.6325654637831545,0.6324388511346959,0.6327329870352472,,,0.632508043787934,0.6321769173749338,,,,0.6314408695770866,,,0.6308827129109963,0.6307913312032838,0.6329803800242587,0.6339245473169266,0.630376123150564,0.6323176527886448,,,,0.6318329006749333,0.6316920772230814,0.6329743518978795,0.633056807711318,,0.6324505431345162,0.6313492770971922,,,,,0.6328103329449956,,0.6317689781929237,,,0.6325556187956053,0.6329494762290885,0.6322850872732554,0.6322806053944129,0.630773037908865,0.632665106418781,0.6319872205742002,0.6325706324611997,0.6317407863689088,0.6323040820796162,0.6303865446174842,0.6329685241014855,0.6321332253120228,,,,0.6310455402683093,0.6323086634879362,0.6314176508988057,,0.6322399913681339,0.6338069199062637,,0.6324336639775158,0.6333708843728595,0.6302854016507519,0.6304759374158093,0.633050907525024,,,,,0.5791071734705324,0.5145553803530077,0.8784102006015351,,,0.5646690536186086,,0.8692000605246561,0.9434589426829956,
4,4,DG_8pct,16,Z17_F05,17,LL_AB,175043,181977,True,4926.4081700936995,4956.8814987689175,4961.781684557058,5181.963549004471,5169.945510350383,5570.815622399054,11.411745844144525,705.7856795566952,702.555394699406,261.9935450778617,263.52459018486644,172.32625412310088,3.83542060720815,13.022551157612678,19.58895061893568,5748.198521826267,167.2993812017149,21.795670226591785,37.8632436772481,218.5373264724777,,,0.683969206956857,0.7600226506282189,0.6758140870013798,,0.588268871972838,,,,,0.5829724586731366,0.5838421842990652,0.5815960210558198,,0.48547305016146663,,0.8379623096152016,0.8395346848294932,0.8393728022507579,0.50268477914348,,,,,0.5038125428972399,0.4995264526570309,,0.5000287786618786,,,0.5045097397895351,,0.5034805616282795,0.5046310161935977,,0.4445088440562754,0.44567118361846053,,0.43183122618644704,0.43196313223038874,,0.43221286273875437,,,,,0.4316247866527386,0.4321461786811427,,,0.43299785928946893,,0.43163314907977757,,0.4339891577354936,,0.4949834392567199,0.497546411981999,0.4096840045347815,0.8409389545472868,0.4832260632718647,0.48420916813791104,0.4851047052626431,0.4832217848234906,0.4845231332562359,0.48483926336923855,0.4843751897452949,0.4852784628587055,,,0.48658811512509953,0.4835999255711096,,0.4855284329460108,0.48561538546975935,,0.48522137259594267,0.4852035351555113,0.48355864714919156,,,0.48543711396933903,0.4862247073528284,,,0.38201523269650317,0.38198812041333524,0.13879237082572182,0.10088892530184888,,,0.10087043798421112,,0.10101633925372736,,0.19881191764130787,,0.1987007882676828,,0.1986539080753234,0.1983833277095232,,,0.1995198579897021,0.1981649005628273,,0.19810679729901845,0.19869048356091956,0.19896124517141678,0.19815817966181581,,0.19918175304481614,0.19898551638881984,0.19919269701490408,,0.19873338673434282,,0.19807280087179394,0.19831768396542662,0.19840629481524427,0.1981477751976679,0.1979780558439895,0.19869617036744117,0.1987828485498771,,,0.19850164887118846,0.19822197286861987,0.19857987595103674,,,0.19837547022567933,0.1986610194530047,,0.1985039422611746,,0.19825497803620842,0.8236412439075544,,,,0.8222560019990804,,,0.8206861748499861,0.8235001818141263,,,0.8222715086320345,,0.8218757396364402,,,0.8216968356593426,,0.824701603103769,0.8242974299070098,,0.8226148538970736,0.81948654266966,0.8230683329824036,0.8220737058730901,0.8227227621151585,0.8216213320909026,,0.8220236507660044,0.8220017076548584,0.8222083537297424,0.8220737307975418,,0.8206511950002224,0.8202234542350576,,0.8208032741361347,,0.8197534710115166,0.821501883391221,0.8230978260849405,0.8202049910853294,0.8184411142817213,0.8204655688297,,0.13946497893563004,0.13977086318589385,,0.13911976597373452,,,,0.1391112895641891,0.13909064338094074,0.13927142675720122,,0.13951050655350203,0.13969241964323556,0.13928933692683762,,,0.13979140550139293,,,,0.13926814257604353,,0.1393560826507609,0.13938937513360647,0.13958215980584038,,,0.13945932844095488,0.1397369285553681,,,0.13895839330360885,,0.1393988697584474,,,,0.13976624436207163,0.13996135322391437,0.1395070669716673,0.13915694024957317,,,0.1396557140280387,0.13987293822359786,0.13949250353651244,0.1397104089197501,,0.13955844114725574,0.13938952423952888,0.13963914293722612,,0.13889516529605617,,,,,0.1922618387305545,0.1010245838270658,,,0.10066653285481322,0.1006441226899295,,,0.14476170488806023,0.14447763986315856,0.14523403933522003,,,0.14484247205143264,0.14484617197906044,,,,0.1451261943105166,0.1447267024513999,,,0.14509822619438117,0.1451959233023565,,0.14510292943891998,0.14477248068561832,,,0.14474705008846633,0.14444443574563437,,0.14453517756549725,0.14477055659550472,0.14485681083241966,,,,0.14447699703586403,0.14504015831783423,0.14451839604326466,0.14467552132708086,,,0.14504256132228188,,,0.1550309755295682,0.15495982126247476,0.1547781862005305,0.1553526875623373,,,,0.15506910449501152,0.1554645263554545,0.15523230961128376,0.15531207418369772,0.15520086334577296,0.15502624835909018,,0.15562976362784764,0.15491869379387616,,,0.15553500766067835,,,0.1551377457292855,0.15470672758661339,,,,,,0.1551587835103391,0.1553200669689525,0.15507508756770283,0.15476426126246443,0.8752513913428863,0.8764701932275266,,,,,0.8762194544499678,,0.8792603257654797,,0.877444005386216,0.8671395114978492,0.8664386131086789,0.865640919419148,,,,,0.8658583369080959,0.8673562349226647,0.8650391092856995,0.8705377286420869,,,0.8647669071195829,0.8667623685509627,,0.8746977382279162,0.8768056070802398,,,0.8746347081063118,0.8764332198580924,0.8770854192422437,,0.8771888250171657,0.8783986398762325,,0.8776488276071971,0.8763670975280811,,,0.8770099821148774,,,0.8753475577254166,,0.8765452968359891,,0.875203691239172,0.8770990696957194,0.8759647787179077,0.87774654649107,0.8781656995921939,0.8777503068757907,0.8780128592793256,,,0.8650221576392614,,,0.8660923417378693,0.8645651223673969,,,0.8675226126514127,0.8664182317567167,0.8683624604452405,0.8655674789647668,,0.8664581935944937,,,0.8649529278289108,,,,0.8669350924094327,,,0.8685834257819834,,0.8672469673113945,,0.8652793262969314,,7.968045335870653e-05,,,,0.05246643711250362,,0.05242455736354951,0.05229889824871493,0.05222785999164988,,7.45847315713921e-05,,7.466550226256794e-05,,7.481677109349855e-05,,,0.8260375874993862,0.10059947710200538,,0.10091537040637359,0.10028319935039831,0.10052023413474416,,0.09934583292466002,,,,,0.7690739869015475,0.27381464801503186,,0.7574216978032341,0.27820168235232345,,0.7591538352503719,0.2060271423001581,,,0.20564006787306233,0.20596549845212153,0.2814616173630556,0.20668301346766074,,,0.2140961726819417,0.10297921185261522,0.10269776865926172,,,,0.10277033329489466,0.1029050367185408,0.10286075448948967,0.10275783592181663,0.10272467946883185,0.10249658359482848,0.10277842540514942,0.10267501425405309,0.10293264439141016,0.10265195954401646,,0.10254646478657073,0.10242422328262524,,0.7463840307241476,0.7453672960080194,0.745009780268735,,,0.3128177290691772,,0.31314351001075624,0.3133631119119494,0.2356437025075872,0.2361188698309002,0.235332399625188,,,0.7417895093971341,,,0.10379364595194529,,0.10401222763538837,0.10411417316144182,,0.10379585270819448,0.104045719560835,0.10412716677459093,0.10417270824723786,,,0.10400331521962371,,0.10385020389716004,0.10396441598969622,0.1038859714392485,0.10397517204717091,,0.10378854328722041,,,,0.10414253567227848,,0.10406790355913084,,,0.10397368247645235,,0.10386117983651463,0.10406439704421817,,0.10402255004521654,,0.10406878393350207,0.10378941350302545,0.10356540225437814,,0.10388602381545547,0.10367945180017304,0.10423994771243825,,0.1038839762151786,0.10412422073842825,,0.10378425293546903,0.10398244655268424,,0.10406515557467501,0.10404706340186236,,0.10371877243919374,0.10393783288841053,,0.1039717689047607,,,0.10384110610690359,,,,0.1509001444753218,0.15074094186764533,0.15044194998685392,,0.15118422537279397,,,,,0.15016736638995293,,0.1750921298310861,0.1745770105858649,0.17411921255778784,,0.1745003255485923,,,,0.1742761425614295,0.17455916143545275,0.1743050992812089,0.1746844793251214,,0.17490730552082273,0.17395115027958885,,0.17429134676250743,0.17420331511488243,0.1751210751099324,,0.15079475672191592,0.1509392184428795,0.1507180242685124,,,,,,0.873798515145631,,,0.8735401772747965,,,0.8706715108292451,,0.8764983662563667,0.87525469489311,0.8759441635604162,,,0.17427059627711575,,,0.17465862007070815,,,,,0.17435005038412554,0.17480671784264215,0.17491646822434037,,,0.17391107728889985,,0.8729356787003802,0.8746278371757134,,0.8738528496923281,0.8767684546778352,0.8720554348902066,,0.15070527738503292,0.15051350625344276,0.15036729956353048,,,0.15079289397207735,0.1497176965662731,,,,0.15081808536965538,0.15010487978540307,0.15051966743315534,0.15102978616809024,0.15076433508905274,,,0.15071680664356535,,,,0.15051696126238862,0.150614981574329,,0.15064480293252633,0.15077939310570587,0.1507916956081119,0.878958308834845,0.8768771023034603,,0.8761711804616124,0.8763887950080693,0.8794594508760013,0.8760266564536733,0.8771825089344751,0.8737880026834759,0.8748052764100294,0.8758373156948759,,0.8763909790007586,0.8770439614345878,,0.874992266679681,0.8755060320844534,,0.8764300812781187,,0.8762571857751967,0.8771281286924681,0.8734878241246482,,0.872735565815549,0.8754629957585368,,0.10133579419827965,,0.10141951553084318,,0.101397078640012,,0.5107307779113529,,,,,,,0.5014357667846727,0.5008662241063025,0.5004667005746726,,0.5036523906594165,0.5028654195860993,0.5036806781974451,0.502180076676535,0.5020077608085566,,0.5022248260827857,0.49986589650464897,0.5017379552704451,0.5002709917799287,,,0.5017380150147589,0.5021780502197446,,0.5017447859829286,0.5021544107264904,0.502510752978289,0.5018450320284458,0.5033643124931376,0.5017465515142701,,,,,,0.5034566743421338,0.502208944585876,0.5019136079160821,0.501015693917654,,,,,0.5012875014153922,0.5015212933183949,0.5027864186893791,,0.5010830068037191,0.5035067793683662,,0.5010402902884546,,,0.5015304667709822,0.5000500482973634,0.5033717668096919,0.5019856210117181,0.5021098257159126,0.50197643122186,,0.5006475923272196,,0.5022610046861047,0.5018292567989852,,0.5030466426254259,0.5012266737164758,,0.5023486120047953,0.5011070152624397,,,,0.5020534545807019,,0.501799496839699,0.5011746495829965,0.5020458898505265,,,0.5026131255990001,,,,,0.5013861296874683,0.5017484230387207,,0.5018388608379352,0.500281310463373,,0.5022085894201681,0.5015150818848069,,,0.5034419694597193,,0.5027362139803504,,0.5019197560354641,0.5031112439817707,,,,,0.5021923789841826,0.5030269331770688,0.5010928637912314,0.5020636033107978,0.5009416622171878,0.5021793406524084,0.5023090005576832,0.5016874203441917,0.5004518663171568,0.5010310610887814,0.5038223421148181,,0.5019186041552042,0.5011617286811653,0.5002610316507985,0.5020388247577509,0.5014609786612405,0.5011111199929162,0.5011022162560128,,,0.5019068580724781,,0.5030408237330969,0.5025628001325669,0.5002410070893536,,,0.5010172039848741,0.5013227748376149,,0.5004512190074766,0.5015773075203539,,,,,,0.5001792168918051,0.5029297570575977,,0.5015403746778596,,,,0.5013733035797998,,0.5017310813415208,0.5026279404227814,0.5012322473175744,0.5013163188712716,0.5019380786172735,0.5016053643445453,,0.5014280283451591,,,,,0.5022232402671152,0.5025251162332315,0.5015341411898605,0.5019983223826797,0.5018573610154693,,,0.40122434085632,0.4017556913634175,,,,0.8350570853252811,,0.5818004406229,,0.48526871730755705,0.835194131849447,
4,4,DG_8pct,16,Z17_F06,17,LL_AB,175044,181977,True,4943.503168116861,4973.774897624585,4953.807528466401,5154.33621356697,5149.303726693148,5592.1633332725305,11.473282164412915,711.2739594865542,702.6904565007212,262.640578586899,263.5812758790405,172.51697285824073,3.8339451367136608,13.091892936241537,19.649272951313517,5779.505478337765,167.6716091667631,21.83511607891799,37.683785946495306,219.35577375988416,,0.6851003467006272,0.6873950430920046,0.7606400058037632,,,,0.5032685033057499,,0.5025038254043095,,,0.5829852884618443,0.5837739404414541,0.4860466505745314,0.48568004079035104,,,,,0.5036711007877982,0.5005858730673193,,0.5016084714322777,,0.5024130234360474,0.5013848811939361,,0.500775449086136,0.5033982186187844,0.5031835689508392,0.5040305971868085,,,,0.5387039816566,0.4448932122356145,0.4460358097830297,0.4453771228821478,0.4320817929216475,0.4309532857187653,0.4333158318629067,0.43302959054948553,,0.43282004200968544,,0.43305080420290076,,,,0.4326745546999102,,0.43113535165097727,,0.43248056299127835,0.43128322517246626,0.4320843792066482,,,,0.8417992612330948,,0.4839616561653869,,,0.48426427538389316,0.48222237735260515,0.48547872197911607,0.4840955789009635,0.4847668708329778,0.4844690826698453,0.4852885143310489,,0.48497885239679206,0.4836121511505028,,0.485316935286003,,,0.48459581340440405,0.4851351590623228,,0.4840750099465811,,0.48438115671582993,0.38148132297890636,0.3812425817183733,0.3824647664229256,0.13933513772803247,0.10098171617682505,,0.10102383682294223,,0.1010473577953443,0.10099104938077662,,,,0.1987521334880552,0.1987318603432753,0.19884442509808048,0.1986769328709879,,,,0.19824423677481084,,0.19863961139631842,0.19840224389161037,0.19891751905431423,,,,0.198476150680081,,0.1984665352553941,0.19781804058719402,0.19884242048250986,0.19848367123905603,,0.19820581611574256,0.19823075910057258,0.1981678563118452,0.1984447503811331,,0.19907458553073573,0.19851673664515018,0.19847558600572857,0.19836223550215715,,0.19853895918546188,0.19749947488228903,0.1983261023576154,,,,,0.1977760023622724,0.8224996994530269,0.8238437409441398,0.8182581946528549,,0.8229652798967001,,,0.8203936316163883,0.8247811973606182,0.8221224372794145,0.823107204622507,0.822966568482209,,,0.8207616941481197,0.8221355617311096,0.8232865915504827,0.8227775114484437,0.8204375210215563,0.8222764415543189,0.8229238034439587,0.8228891008860105,0.8224200954450694,0.8204444834307798,0.8214239701383571,0.8209659538820876,,0.8229431483148955,0.8204395020030072,0.8208234526237749,0.8230195714555513,0.8227305830474622,,,,,0.8203529993855257,,0.8209049306838162,,0.8203157543867282,,0.8214958809288425,0.8228827907942158,0.8202562513980979,,,,,0.13950678937810146,,,0.13942835114451918,0.13969127562763758,,,0.13967129014771537,,0.139938704202325,0.13949410847544863,,,0.13935745881735384,,0.13967221892817425,0.13960765018797325,,,0.13912071306077828,0.13976398758407388,0.13885062604167075,,0.1390566272782508,,0.1393405125292518,0.13928952323817684,0.13951007942628732,0.13930483507196534,,,0.13925650714275425,,0.13940680420368223,0.13947478383341455,0.1396951967297671,,0.13951509086049318,,,,0.13952939857557864,0.139441514203406,0.13946505964034914,,,,,0.1393957202570484,,,,0.1594605554114633,0.19143915719160684,,0.10104257667085718,0.10108114527329934,0.1009763232948761,,,,,,0.1449602819861018,,0.14479914322557533,,,0.14501788397664775,0.1451381961278917,0.14437640583614347,0.1447628052275935,,,,0.14501407051933346,0.1449060792555575,0.14515736700236517,,0.1446911668433146,,0.1448822114687507,,0.14461494252064233,0.1445216033754617,0.14444768828259894,0.14446101354092683,0.1445897207758584,0.14492290471511202,0.14469758215877312,0.14425485583817046,,0.14474872475716183,0.14477603688687896,,,,0.14520572128673107,0.14475981364338575,0.14474181158269,0.15528071269717852,,0.15510197209249907,0.15499688841932055,,0.1551245441902075,,,0.155695937447827,,,,0.1553773832341011,0.15510598594539582,,,,0.15520280958043367,0.15564465443058095,0.1553008048953754,,0.15543268524046472,,,0.1551559582199061,0.15536708188891968,,0.1549004327333554,0.15529019056710183,0.15487965877378965,,0.15491130698698824,0.8784983501467621,0.8783812148051526,0.8805791450542299,,0.8788442020902334,0.8776195284599707,0.8761593694953851,,0.8779046087512107,,0.8790323543264582,0.8657896125995153,,,0.8680434371564016,0.8639517366945119,,0.8680538834570679,0.8671636367933082,0.8658676918363369,0.8688739863053987,0.8681949483001894,0.8649111247057695,0.8656065016724903,,,,,0.8760260372245617,,,,0.87683016869662,0.8772154485150373,,,,,0.876339039879954,0.8753207796610759,0.8763861744157805,,0.8758847365962611,0.8793415843617223,,,,,,0.8779946118952561,0.8758821443727616,0.8782738723398913,0.8749788482761837,0.8797933745314483,,0.8781112372184959,0.8794696673255001,0.8672619062681601,0.864527995551305,,0.864026327108581,,0.8681678272503909,0.8661020767322066,0.8669557883280841,0.86615025778864,0.8680602934673127,,0.8664179617150657,,,,0.8679969527859861,0.8658103296039491,0.8674162980994983,,0.8680174349502057,0.86686011962879,,0.8662203822782744,,,0.8679298070140834,,0.8655341333766442,0.868895194034637,,,7.942271323644508e-05,,0.05243395642051315,,0.05245306212896587,,,7.473958920411316e-05,7.485954693026027e-05,,7.50441894423837e-05,7.480020394114364e-05,7.470805928748908e-05,0.1910199663486429,,0.8285383137519983,0.10077454092097198,0.10057741539687749,0.10081231338755856,0.10043566024598082,0.10012241563953671,0.1004762212314097,,0.09897422200759436,,,0.18016245646442772,0.7666085227398107,,,,,0.20252255877920994,0.7560525478730121,0.20642560287732267,,0.20556281205820123,0.2066376295380679,0.20609895706241196,0.2821332687916209,,,0.21350218586346084,,0.10270467583906603,0.10281053750312473,0.10262381134926431,0.10261968688481932,,0.10247822759809011,0.10254734373817935,0.10276890232659927,0.10286856206776389,,0.10274937570024385,,,0.1026050043451572,0.10275460250059487,0.10272659741160046,0.10266930454487301,0.10289840229462888,0.7420686484432882,,,0.7464685368928938,0.7453592961029184,0.7436481263179276,,,0.3134206274202106,,,0.2357059400091884,0.23605903908858314,0.23618606645559764,0.7375831387393046,,0.7380865795484781,0.7393948857589038,0.10366382716847619,0.10395310030225707,0.10381110484547296,0.10391961522612805,0.10406687357038125,,0.10426712434979925,,0.10404763077079549,,,,0.10379239667650679,0.10418379548971583,,0.10377466460521587,,0.10456338561241262,0.10400806585888976,0.10381451352216284,0.10401071083359861,0.1039611019116814,0.10420395456303555,,,,0.10428674276341157,0.1039157200498388,0.10380886465234067,,,0.10384857965774198,0.10405957254982888,0.10379921457123974,0.10392108587009066,0.10375804053815063,,,0.10356200612286103,0.10409100548403932,,0.10368103929811277,,0.10397780069937933,,0.10404837111624389,0.10397284291572625,,0.10411923046729757,0.10380383687076397,,0.10400359782438473,,,0.10407493373724908,0.10405270441357553,0.10400458353452789,,0.10383938342479772,0.10411483673108476,0.15083536384186275,0.15087271548830927,,,,0.1500068977173002,0.15004357298981988,0.15032042264638618,,0.15066238696328874,,0.15039740065586082,0.1743069582298839,0.17425611129546378,,,0.17450561900834932,0.1750446077127465,0.1748119452852187,0.1744598998040331,,0.17438206039355744,0.174611790363707,,0.17413015944278687,0.17487570314464587,0.17436530000936187,0.17460024989415748,0.1742803170307149,0.1739686084200386,0.17436452662459812,,0.15088346666319385,0.15047127006328667,,,,0.15042856417573316,0.15078642795957337,,0.8729600903838418,0.8749671779248298,0.87314993186889,0.8751977852514012,,0.8717652619828116,0.8728783819597146,0.8745179258302211,0.8769672817342301,,,,,,,,,0.17406144751473362,0.1747989771587534,,,0.1745902191229346,0.1745950134533458,,0.1745708916568222,0.17193319248856404,,0.1739040907682181,,,0.8762471947752072,,0.8762163575046372,0.8753439342741274,0.8757021377682209,0.1507502974146951,0.1501891375423886,0.15023906325869704,,,0.1504961947071531,0.15080825390433167,0.1507619148350252,0.15075766767126858,0.15070450125235968,,0.15104163289285139,0.15060357897299378,,,0.1506601576629322,0.15065140237763203,,,0.15089548096841682,,0.1507226868641635,0.15053262722840655,0.15080440759078426,,,0.1504480305222286,0.8735288038264466,,0.8752620719128489,0.8763340469429293,0.8758170820003293,,,0.8734123738205459,0.8778236525703242,0.8782341162989149,,,0.875854439527964,0.8766987599906557,0.875218125131273,0.8747001995626128,,,,,,0.8752471484066255,,0.8745713082492059,,0.8752460680629488,,,0.10154525580510644,0.10115860199604672,,0.101713645236157,,0.5107002658296126,,0.4485357377264562,0.4473047974132752,,,,0.4999948490554736,,0.502242217505039,0.5017024211909218,0.5023260916613735,0.5028497469292625,,0.5026699048541361,0.5021337025666232,,0.5015261281715349,0.502432993819026,0.5021354840410529,,0.5015645368177447,0.5014863172505778,,0.5024923745417559,0.5010704499127261,,0.5017316767346648,,0.5020994991304355,0.5026293376006183,,0.5019731688812807,,0.5021067290781307,,,,,,0.5039120140575041,0.5021962320571777,0.5036620362834876,,,,0.5011935555887643,0.5005743406347098,,,0.5007246155041309,,0.5017148106159462,0.501505905037504,,0.5026910312934736,,0.5011431234421334,0.5013671873688672,,0.5021231007361402,0.5013795644982361,,,0.5012689443618333,,0.5008897248785436,0.5005249503242257,,,0.503137325546461,0.5024350171741659,0.5009675413996131,0.5018129741121219,0.5019056777438691,0.5023827144848351,,,,0.5004412009512066,0.5010148919553135,0.5015640668930089,0.5032149785728219,,0.5033403907472805,,0.4999323439440787,,,0.5018254748274437,0.5011061067966112,0.5013237121316642,0.500824798742119,,,,0.5019133837352895,,,0.5034527930581458,,,0.5023423228851766,0.5011359525677986,0.5010940936322072,,,0.5020794484450521,0.5015002935185926,,0.5026842477418227,0.5019590372572743,0.5010010399483301,,,0.5012037176913705,0.502715553381785,,0.5013023817247217,,0.5018753304092091,,0.5026275988105231,0.5023947658520865,0.5006680734140326,0.5010523908823381,,,0.5019322386084134,0.5030070295014175,,,0.5009441564510094,,0.5031209544599852,,,,,,0.5012667355911185,0.5016531657166124,,0.502183019215392,0.502358216315749,,0.5022610899831274,,,0.5028093266936519,0.5003550229718673,0.5018470757258575,0.5005129908897796,0.5020301564371827,0.5010617894602108,,0.5010240600789573,,,0.5018857587728837,,0.5019307322793908,,,0.5016023253442331,0.5018703526425983,0.5030005254685717,0.5018844493047745,0.5026095729009509,0.5030011870567377,,,0.5019359515534427,,0.40111974628777736,,,0.43632214718629686,0.8370049581219511,0.5833104860693064,,0.4849383362121571,,0.8357158921582952,0.8388183896152657
4,4,DG_8pct,16,Z17_F07,17,LL_AB,175036,181973,True,4910.678717123536,4930.141503669642,4896.234395048655,5123.949542741568,5106.086071382606,5538.385471051263,11.622815371434031,701.6531566654169,696.6330571501379,260.91119081518207,260.9987018216959,171.37684132276843,3.9065809734596253,13.196363758135172,19.774427727026925,5696.596268508479,165.10713892367517,21.977024445071542,38.46593733951374,216.52288676713388,,0.6887833603339659,0.6889332770603613,0.7611161247250816,,0.8614490353450556,0.5930590682196754,0.5067330873496183,0.5096406166335641,0.5080926514214518,,,,0.5904665878330112,,0.4909882913686433,0.4913628801247432,0.8408889740063633,,0.8422636717961444,,0.5076136689573734,0.5085157652261323,0.5074840475429413,0.5092411276334459,0.5088170427242097,,0.5045834433462281,,0.5088920471546917,,0.5087122186565941,0.509472404251565,,0.5070628799281147,0.5448854490665681,0.4517073193435398,,,0.4378098284480565,,,,,,,,0.43835786784213304,0.43892865806968456,0.43737840895811025,0.43865023347694065,0.43946547796767094,0.4395007893779374,0.4380995899773125,0.438792947914014,0.43950741816479655,0.43914341117541816,0.5013224025539761,,0.41650467475021785,0.8420198411032892,,,0.4922106581950771,0.493963622265796,0.4924985751102531,,0.4924884931904701,0.49377696427288603,0.4917603201389081,0.49221913792985733,,0.49289451833640086,0.49157608287479176,0.49419957130715886,0.49221296439835877,0.49192928514227074,0.4932514560767905,,0.49214270179040376,0.49434039837503646,,0.4926880433011045,0.4927981546045707,0.4922692196296297,0.38882674243495446,,0.3880721518068535,0.14685835679079456,,0.11051179236527109,0.11076532569841585,0.11057241269607297,,0.11084215514348311,,,0.2100373541526343,,,,0.20975480650067524,0.21026718282318346,0.2106485349493534,0.21044101113524144,,,0.2094864434535123,,,,0.21079931595318838,0.21014306222482015,0.2099979136088646,,0.210716114511008,0.20989740550042674,,,0.2100229071696048,,,0.21004732969825887,0.20921638743587803,0.20951758360578557,,0.20952981853929595,0.2098244029309387,,,,0.21014623298477897,0.21073446661563103,0.21005918376752095,0.20946292521974155,0.20917150521900937,0.21024960195286488,0.20963672430580668,,,0.8222175267847384,0.8220495996894716,,,,0.8267175114559123,0.82356861461939,0.8257620220825199,0.8256523809730067,0.8242656813770982,,,0.8251965797240843,,,,0.8262375538602494,,,0.8239935862424455,,,0.8245081769997863,0.8235436513412403,,,0.826184860378401,0.8228762448181007,,0.8232344148665003,0.8222304950863855,,,,0.8229838407969818,0.8232434684134721,0.8242605841357367,,,0.8248353395413549,0.8229058794305546,0.8249956189490953,0.8248574393314886,0.14756740066035828,,,,0.14711778850828536,,0.14709342787778942,0.14718961018387036,0.14690885479737453,0.1475652916311079,0.14708565580211655,0.1472343078640976,,0.14747332088192225,,,,0.1474005922000323,0.14752535186461077,0.1475484770209017,0.14748054068137098,,0.14696990421439554,,,0.1472930053337187,,0.14740383585033537,0.14690893298263374,,0.14716513003387383,0.14685681227469316,0.14694079384883513,0.14744661378122578,0.1472284537536463,,0.14724149327163483,0.14739898142749797,0.14749303134154718,,0.14712925370347224,,,0.14710964437717583,,0.14748875717931495,0.1476128193132051,,0.14731549875518626,0.14773562254093164,0.1469290631806311,,0.1470156239591574,0.11001900205327378,0.10968246171418054,0.11007176803176523,0.17162299559523472,,0.11059755111429954,,0.11058381661098818,0.1104919832590225,0.1105266653657696,0.11030497503818874,0.15737744476186366,,0.15758095782025472,0.15763944443209846,,0.15722413717879308,0.15713569959913967,0.15694832103804146,0.1575582655466444,0.15722086319171574,,,,0.15726346781030767,0.15739147706681772,0.1572701132268235,,0.15722974517467686,,0.15772671341237707,,,0.15746695609470954,0.15786191874184716,,,0.1573043320931194,,0.15683947327204614,,0.1570202629618604,,,0.15738119823007,,,,0.1574800028413018,,0.15710983760148012,0.16714196742841783,0.1673655561448748,,0.1675187239792717,,0.16750071110278567,0.1674375616689453,,,0.16786685391554132,0.16790854223555515,0.1674044330395162,0.16778949616169378,0.1677023723200997,,0.1677468011229802,,0.16761181451397159,,0.16750266466932484,,,,,0.16750578029339347,0.1674648784986111,0.1678042916625786,0.16763984088981224,,0.16740114394528385,0.16741853744110402,0.16721129620515557,,,0.8816417305650013,0.8785107187989776,,0.881742689094035,,,,,,0.8704649107525037,0.870112583473886,,0.8689670856930878,0.8702665158316252,0.8687915503370343,,,,,,,,,,0.878595185797061,,0.8776966416001464,,,,0.8796126840657109,0.8781908331844649,0.8757102996243693,,0.8774815058780213,,,,0.8795761935643606,,0.8809202528445754,0.8780690375490597,,0.8809931037608902,0.8795763069886057,,0.8802150407718864,0.8799018388481933,,,,0.8793630246903081,,,0.8826743604031335,,,,,,,0.8714117299551585,0.8695486818370377,0.8704833630627726,,0.8699799010778645,0.8671562909107325,,,,0.8676541966018124,0.8702507102021066,0.8697905089902791,0.8696777569197927,,0.8664753921424204,0.8701362176840134,,,0.8692789274093694,,,0.8669482930630725,,,,,0.011380395323010242,,0.06580257745959556,,0.06602911236921287,,7.416163979551047e-05,7.450137775606643e-05,,7.423266730104632e-05,7.425215369847737e-05,,,,,,,0.11030873572157096,0.10993981465771717,0.10981955840887372,0.10983408917970176,0.10904881244491468,,,0.267005140607173,0.1859557889444049,0.7703234050152376,0.2833691548653951,0.20290349182576353,0.7620379433297303,0.28827190710006023,,0.7598445869525218,,0.2109398925037173,,,0.21147581281224942,,,,0.21871897729760845,0.21795537198374096,0.1125217392035326,,,0.112912102502669,0.11266791173282782,,0.11235738968992354,,0.11255893144486295,0.1124387049647287,,,0.11241497342253591,0.11223877979472839,0.11258518497166929,,,0.11245351718560534,0.7484390849293735,,0.7488229836106756,,0.7479512936677986,,,,0.32215782476272187,0.3224423785990049,0.23948176321273454,0.2398836774886358,0.2398189428907388,0.24018346530230084,0.741341968313479,,,,0.11378766617473618,0.11430552664563495,0.11389337326075717,0.1138451634641418,,0.11419696298969362,,,,0.1137676771829103,0.11388501272458322,0.11434472727108849,0.11388254795400866,,0.11374953970367545,0.1143308254843096,0.11396079685353237,0.11425416193999219,0.11401434729280308,0.11416343828210672,0.11399520367040818,,,,,,0.1140392645247708,0.11370493085031844,0.11387287495003211,0.1137360852638528,,0.11391939107049663,0.11356312735682858,,,,,0.11371930588870736,,0.1139952954707668,0.11373873127903826,,,0.11373731814749642,0.11402455994181271,0.11396956083970697,0.11386381250722015,,0.11387810090157371,,0.11388767599217278,,,,0.11357913433910603,,0.11360422240969043,,,,0.15902532482811005,0.15978925935718521,,,,,,,,0.1595710089563047,,0.1596121978894517,0.18606920617447428,,0.18591707941022945,,0.18624715020276486,,0.18660364838905835,,,0.18663886102844818,0.18647611113894075,,0.18659031452984143,,0.1856934785064455,0.18594614449296745,0.18588264905982813,,,,,0.15948122812987625,,0.1602544471031444,0.16041456084895117,,0.15989444132129893,,0.8765776366103356,0.875651372622587,,,,,,0.8756640822502958,,,0.8773748673926967,0.8787302292097334,,0.186219764255805,0.1859082069571173,0.1862709340735835,0.18530817564405294,0.18640174819969352,,0.18591255164538897,0.1867298450682896,0.18642628418229976,0.1860050144247763,0.18602266245331978,0.18647303729422562,0.18380649063409646,0.18579848640609983,,0.8766903949277238,0.8797503101489846,0.8765535681875123,0.8766645615873258,,0.8748906795780317,0.8754800171046985,0.1599416516184596,,,,,,0.15971743452096623,0.15976403948291118,,0.15929815611580178,,,0.15956372743824315,0.16013802704620736,,0.1601534803493733,0.15962106736021006,0.159601314152641,,,,,0.15949095536734853,,,,0.15943666331025155,0.8765751867957654,0.880284615320624,0.8767647598294743,,0.8746232744750326,,0.8781325505172312,,0.877587586200252,0.8761235712771664,0.8743552784906468,,0.8766166790365262,0.8746397108756184,0.8745240827011532,0.8765015795655139,0.8782663158671383,0.87475917298266,0.8780103254964535,,,0.8777934607119824,0.8772419910284305,0.8802320508371135,0.8761182754908761,,0.11112361231490861,,0.11100907644357891,,0.11092567940099156,,0.44578221456741113,0.516251995962514,,0.45435791909241957,,0.30694456271359016,0.5063505377439642,0.5077842324444418,,0.5064199425857787,0.507533931056793,0.5072997633718127,0.5083494678985502,,0.5059655801428544,0.5077254684713898,,0.5067320514498426,0.5074638690164435,0.5075178438378954,0.5075391749645389,,0.5076489794565179,,0.5088810567543504,0.5071067196627741,0.5065329393493657,0.5068532269582837,0.5058000925336232,0.5068402722566058,,0.5076712901959134,0.5065381584645642,,0.5081439056192608,0.5057866555962834,0.506978821010452,0.5077426479802496,0.5067442310512554,0.5066316263667072,,0.5072782420725724,0.5085454183750842,,0.5055546395807528,,0.5078044563815215,0.5068092909021382,0.5080232418078136,0.5062994955127397,,0.5085333690265712,,,0.5070469060863498,0.5067298558599909,,,0.5057080649038308,,0.5075518086270222,0.508553819170525,0.5054238743255036,0.507060034932731,,,,0.5076230603784295,,0.5064820140595342,,0.5059919170916967,0.5082200524033264,0.5062175535743046,,0.5057898480557633,,,,0.5075543135866479,0.5077610777926225,0.506268111063762,,,0.5068173784253951,,0.506456068562817,0.5061327024103137,0.5076778590755483,0.5059867763660754,,0.507623988751708,0.5074417515217811,0.5072357486817514,,,0.5066812530770375,0.5072364058654023,0.5064045223554186,0.5082875496284667,,0.506839004875254,0.5069973352297884,0.5086483511263202,,,,,,0.5058751352379915,,,,,0.5067334069425686,,,0.5083189703050448,0.5063978143589083,,,0.5083376074018245,,0.5066698147276502,,,0.507892032509825,,0.5071355153130035,0.5075703115994581,0.5073823192909067,,0.5065109332556954,0.5077642256709105,0.5075715343464839,,0.5072283703161711,0.5063370987969837,0.5062414129894182,,0.5065828320034514,0.5067054797724132,0.5066273104438785,,0.5073863080925174,0.5082419657868734,,0.508446054381656,0.5060415822020183,0.506612482571443,0.5076593007838321,0.507007268545491,0.5078296355271122,,,0.5075865070668019,,0.5063532949843803,,,0.5067280740639264,,0.506264976581388,0.5076709748803797,,0.5087635319372277,0.5084493440342898,0.5061503604203703,0.507218096751835,0.5074241430356745,,0.5060811240363745,0.5078978431117055,0.5072028121976236,,0.40826298358913016,0.4090741940661976,,,,0.5877551576784431,,,0.4905136081123201,0.8430716435319661,0.8415265491498581
4,4,DG_8pct,16,Z17_F08,17,LL_AB,175043,181977,True,4924.027765328382,4958.198479644679,4973.197259159462,5164.457644302598,5152.483433088053,5622.009827059075,11.495321472659068,702.5472295221023,700.864572950673,262.560333849105,262.52777891423193,171.58491682562135,3.8343121048790314,13.08258942582183,19.69285556135881,5791.908062230084,167.10162937802147,21.857441597392384,37.72658802031836,218.94216279792658,0.6863202049320106,,0.6855983884487865,0.7619591938727166,,0.8576773807475215,,0.5042726085391078,,,0.48035362932222003,0.583975682552419,0.5843011220591475,,,0.4847993020068133,,0.8390515478323484,,,0.5031354939155984,,,0.5035849833723268,,,,0.49986468070566586,,,,0.5026878552392496,0.5035707744139059,,,,0.44580209423201944,0.4433020263020713,0.44527200681992785,,0.4306100495746578,0.43127098718343,,,,0.4327224841788648,0.4309863470744813,0.43202135099697947,0.4309281639514111,0.43348329582931533,,0.4328502519640603,,0.43129189644693483,0.43158311609546646,0.43195849011116716,0.43234039089348664,0.49506022821736684,0.4960869242390111,,0.8405962608746776,,,,0.48532982140899084,0.4843921222398284,0.4841318204542865,0.4837495629981037,,0.48520674369537187,0.48528783441691076,0.48608725588531737,0.4861437884861331,0.4835433642942927,0.4852964352332627,0.4842862933859795,,0.4854602219656687,,0.48576418436906427,,,0.4821827293338171,,,,0.3813633458993931,0.3820983019750304,,,0.10132894281373574,,0.10112777403470478,,,,0.19758735107084355,0.19798545718013913,0.19813064347367784,,0.19826655632697038,0.19810102265823762,0.1984585720877899,,0.19903128523791114,0.1986439979335724,0.19844493113223782,0.19893900752189228,,0.19889271479638304,0.19885228101772437,0.19877647633834222,0.19821236922524005,0.198264774524844,,0.19875755107005597,0.19847289798976117,0.19830797947303722,0.19796225503602058,0.19878847114557935,,0.1978889122790919,0.19840794719645966,0.19766939720501533,0.1978687273090323,,,,0.19941046639128696,,0.1982956638666625,,0.19809983387911978,0.19820964041748446,0.19795280960006748,0.1987189322894485,0.19819301006952517,0.19818212718233397,,0.8208111637120817,,,0.823543553952112,,0.8209746055147787,0.8219938495007324,,,,0.8213078234900751,0.8225768227702126,,0.8216213044688887,0.8228628273652157,,0.8238651554348067,0.821232410192229,,0.8229330720885942,0.820834947210812,0.8223045566196581,0.8232895147824236,0.8228276446392294,0.8211508297067891,,,,0.8202494515217958,0.8209912035229654,,0.8219479647293322,0.8209088258645303,,0.8221858502149939,0.8212466101868878,0.8220518163533919,0.8203229850124522,,,0.8194647692876799,,0.8201949733026239,0.8210252782318108,,0.1395148884827466,0.13904867642631932,0.1396434436684001,0.13945887735334894,0.1395803196044278,0.139612740090681,0.13936875498504842,,,,0.13974760084609164,,0.139267907163521,0.14017895639296685,0.1393487051537598,0.1394451328105312,0.13891628813294085,0.13941617680179128,0.13922847912256395,0.1395089956992583,,0.13925884839629196,0.1393689317914245,,0.13942623168936086,,,0.13933332641858867,,0.13975290924977438,,0.13938295040029192,,,0.13929212968840732,0.1392429640393918,,0.13968600331429634,,,0.1392649883077308,,0.13985872025126178,0.13931201359735604,0.14028052281091857,0.13891260722113108,0.13949191476491704,0.1393380212818031,0.1394319156467675,,0.13954985204444362,0.13965759488204535,0.10061843566375793,,,0.15916771288781625,,0.10117705106983298,0.10102959466821887,,0.1010414931093124,0.10120353223086838,,,,0.1451107349154467,0.14463415352836212,,0.14480644987027189,,,0.14489003851786894,0.14458570034259818,0.144840997562257,0.14445549396741553,0.14487082919718897,0.1448630843042584,,,,,0.1447479176866032,0.14487280675982056,0.14503100479031086,,0.1448736081583153,0.14464572100570963,,0.14438262558147566,0.1445208750258556,0.1447672556835548,,0.14467740455420405,0.14415329433513321,,,0.14477048670128206,,0.14500037187664827,0.14487853958070118,0.1449940827950179,,,,0.15531595345374025,0.1552111559378608,,0.15506455407241493,0.15566643272462224,,,,,0.1551680028221336,0.15470887035141714,,,,,0.15596856488544492,0.15577613962995054,0.15488626994774027,0.15512252284316097,0.1553410661896294,0.15503322218284996,,0.15549442395104981,0.15527782131138582,,,0.15526117306044698,0.15590563224895024,0.15555619177888638,0.1550800918439086,,,0.8780515177615134,,0.8787127446752385,,0.8802769727943128,,,0.8761408325564733,0.8766412386469591,,0.8666754643152289,0.8668884866783219,0.8657039823527823,,0.8673793628426069,0.8667929150384749,0.8707257190469992,,,0.8680467344874151,0.8662518411876684,,,,0.8668062272888138,,0.8759638432068172,,,,0.8802610992250282,0.8749095108371132,0.8739720737641757,,0.878023121022942,,,,,,0.8781572991765743,0.8778260937521013,0.8779036264387189,0.8779579040113528,0.8784547927347006,,,0.8788128057108915,,0.8770751182815382,,,,0.8740207355822546,0.878505958200229,,,0.8677431268249682,,0.8655018722585819,,,0.8676713085801253,,0.8653561954945949,0.866113434889809,0.8664127240589488,0.8670048507276811,0.8679214062565906,0.8676744394181001,0.8672670589539562,0.8677826850474889,,,0.865591236760117,0.8659952086495635,0.8698330805239752,0.8679013151713099,0.8668441846742274,0.8697299977542181,0.8677999789010462,,,0.8682783074820146,,7.93657771371235e-05,7.940097409910535e-05,,,,,0.05225495406081358,0.05246157549529304,,7.488567744236289e-05,7.469536597666488e-05,,7.473226886418266e-05,,7.483526028700985e-05,,,0.824526412719064,0.10047039435582514,0.10078928976992466,,,0.10043801213421857,0.10062742714132904,0.0991970423949258,0.09910918012584623,0.09930491356393897,,,,,0.19796860336992778,,,,,0.20623636482752006,0.2065221808089566,0.206308663717294,,0.20621928580575732,0.2816483728814294,0.20659787118479467,,0.21364242230447306,,,0.10282787628438107,,0.10282935936747406,0.10258731606613535,,0.10298946253949165,,,,,,0.1026288237970008,0.10239901198681294,0.10290501248399235,0.10252786097474752,,0.10247516255172148,,0.7449939882484345,0.7432507470696692,0.7443508856723332,,0.7455344390575525,,0.3125513201049384,0.3129572834500214,,0.2360653484185649,,,0.23555059692211763,0.7381800972842252,0.7380303154899622,0.7388580297368065,,0.10428636885013694,0.10399158754696404,0.1042672658488414,0.10441967410982399,0.10385890597432905,0.10408729171305682,0.10419170083125823,0.10427660261936554,0.10403440605270418,0.1037351439637898,0.10404927628411845,0.10397233728101515,0.1038478868260252,0.10395528388979222,,0.10402454410791713,,0.1040031922373471,,0.10384348228888099,,0.10396178999449211,0.10379380981590208,,0.10429895871804545,,0.10393640790170565,0.10394503740951956,,,,,0.10418896431799533,0.1040993728685989,0.1044774436002736,0.10408166263125619,0.10397656808602304,,0.10391069595856688,0.10378914976352462,0.10392726906524767,,0.10405547723383385,0.10377306443787834,0.10401722541073924,0.10394251977801093,,0.1039706490957493,0.10426911770477801,0.10372832114638496,0.10379479008154256,0.10361872267165365,0.10414517269439091,0.10400752934756254,0.10388844917841078,0.10395324586688863,,0.10417729262659961,0.10402755356865509,0.10399560476826643,,0.15056454874698094,,,0.1503044232149905,,0.15054066758310375,0.15039713848558317,0.15085776446309979,,0.15075510389534627,,0.17447946299821362,0.1747481147015438,,,,0.1747924768179378,,0.17485836652843573,,,,,0.17430400803786245,0.17485853779698862,,0.17411008640135775,0.1746254440668915,0.17452057642853835,,,,0.15021050067120442,0.15093512555895075,0.15042138605924,0.151121330397035,0.15082271710242642,0.15092626448671015,,0.8741431491977335,,,0.8732432725133624,0.8732221726322235,0.8731423375236576,0.8716176203734115,,0.872391856092164,,0.8755916389859749,,0.8757691117458286,0.17383595469280821,,,0.17449629861370292,,0.17494423983083537,,0.17423029469126033,0.17512080036888403,,0.17477393226181426,0.17480435042096718,,0.1738255781766283,0.17415340348767314,0.8754716042448017,,0.874887210644381,0.8754326905811372,0.8773675949629584,0.8770554781946771,0.875260770956642,0.1507512204330219,0.1508033288735464,0.1506775449745666,,0.15041799329168634,,0.15071098168827488,,0.15106583912992766,,,,0.1508252793240153,0.15043680796954795,0.15074096739324472,0.15070726176403723,0.15097268721357396,0.15074734687753458,0.15079715374956257,0.15070331119620414,0.15019670395102525,0.15094649196070536,0.1502901375348285,,0.15046422560626746,0.1503138958242673,0.15112171496247384,0.8764739066582115,0.8756353077040293,,,,,0.8781745456775129,0.8737432622845495,0.8744228456950764,0.8778682787968548,,,,,0.8762146070991463,,,,0.8714268991939281,,0.8779253162753372,,,0.8775411602307978,0.8745056226408184,0.8775133222654913,,0.10159184793323589,0.10138993372500713,,0.10111942828078767,0.10137624845978462,,,0.44764067615515324,,0.448088386356845,,0.501765384324168,,0.5025830456551007,,0.5000684301882813,,0.5007887274262495,0.5020572251620136,0.502756230635671,0.5016985323367754,,0.5017611230322627,,0.5023355152731559,0.5023176882481002,0.5012063958762567,0.5018484832889408,0.502345204881674,0.5025780790088206,,,0.5018141216949572,,,0.5023892810949052,0.5028448892959194,0.5030969072090363,0.5016906689959529,,,,0.5015964605454238,,0.5015869332370181,,,0.5041306419294099,,0.5012465696761585,0.5027019270280332,0.5018352385785605,0.5019645554386696,0.5014850672288124,0.5009752900410598,,0.5004431961380477,,0.5020712164199789,0.5019905546300134,0.502056220724902,0.5017018508011973,,,,,0.501510206421522,0.5027163378260955,,0.5012730430391792,,0.5011140209793666,0.5009321054705554,0.5023299260458236,,,0.5015838027056662,0.5022657880493946,,,0.5016118175404423,,,0.5026040003749154,0.5007539624405972,,0.5020854424494802,0.5019730901206089,0.5015055573560905,,0.5030867659653934,,,,,,0.5034894940422755,0.5028750944751412,,0.5016519464547988,,0.5015780538704926,0.5015193793321953,,,0.5016293408045861,0.5022644566683625,,0.5015622020857624,,0.5025553884425598,0.5024578543562124,,,0.5018765117114397,,,0.5002769515826728,,0.5020177930854743,0.5036994836138331,0.5012736203972414,0.5023360964738768,,0.5010013850415663,0.5011825143490326,0.5024189721739564,0.5035778974452457,,,0.5022011252263477,0.5023492531099067,,0.5013492436968531,0.5021650948951354,0.5001550904987052,0.5016846008537617,0.5011418452327293,0.5014983639713056,0.5036519333817798,,0.5028329975129967,0.502335776028043,0.5028727598120184,0.5030289578126292,,,,0.5015276203231555,,,,0.5020399106193094,,,0.5012625365700466,,,0.5018806482192967,,,0.5000247380253883,0.501146667463695,,0.501270296495373,0.5021539951451309,0.5015375436580507,0.500199048001848,,0.5022522369595004,0.5031777655824663,0.5016075819888809,,,,,,,,0.4012118420689016,0.4024371610219899,0.4016287361329499,0.5261465716374419,,,0.5827542006903945,0.5811980733932696,0.48551123242169447,,0.8369283567317491,
4,4,DG_8pct,16,Z17_F09,17,3PH,175043,181977,True,5231.47023708574,5263.873344904328,5270.510506913372,5390.584605460649,5395.3205062865645,5448.024063534605,1.6975412176345381,63.47715684574,64.80318617451054,27.366307084942605,27.354957621293096,18.245262406182515,0.5460813483634014,6.960614378259146,10.290674239899252,5474.692068634501,7.191653791836973,2.713748484154369,5.61056103584634,18.80897342509317,0.6861784370891124,,,,,,0.6059461654162256,,0.5007235646160227,0.5022614927710606,0.5026750890407182,,0.5087600593221098,0.5079433971463777,,0.5075904855781107,0.5077750317385545,0.5064454874583967,,,0.4996159951226085,0.5025934154362116,,0.5025999683482681,0.502356894304836,0.5039687783195665,,,,,0.5052489476323987,0.5038509489133629,,0.5035277190618926,0.5042608334750645,0.4643340652061118,0.4404496872458484,0.4396684063020281,,0.4317540704726104,,0.4321002213925233,,0.4334163029059017,0.4338677793490312,0.43318732317907443,0.4339200099681023,,,0.43354091077298623,,,0.4350792039047919,,0.43251405342834215,0.43269501010791617,,0.42681088927006583,,,,,0.4178520576798665,,0.417656436520287,0.4170408263701167,0.4174597628600202,0.41799158215093274,0.4184479162610045,0.4168396874255967,,0.4167197641821208,0.41730196638749467,0.41886418995530666,,0.41753582726659494,0.41798755391694203,0.4188252460556312,,,0.41767026540590924,0.4171977637212319,0.4197404140205671,,,,,0.3814579464706539,0.1008431607656261,,,0.10021530806139888,0.10018131343547841,,,0.10172949153382126,0.1015210434486399,0.10171002135290273,,0.10160548996409088,0.10171958836764455,0.10186906009109363,0.10130295344896088,,0.10143807866362316,,,0.10147784858167488,0.10128215229155156,,,,,0.10205725274286506,,0.10133827258676861,0.10134150015355255,0.10143412157400608,,,,,,,0.10151048491848776,0.10181012805887353,,0.10130473568956952,,0.10140694247745885,,,,0.1012999563666479,0.10124413607616592,,0.10155680252344043,0.10144478145740675,0.10173045158887349,0.10145464806541285,,,,,0.10147964872327779,0.10176331788769025,0.10150374474944368,,,,,,0.10159091586062749,0.10133545978332208,,0.1015253514053552,0.10131679117093283,0.10147789262262066,,0.10107762693500862,,0.10162387381172185,,0.10131988333614272,0.10147983178460664,,0.10133432796353184,0.10166020209816809,0.10120343646668191,0.10134410201900956,,0.10130182951585294,0.10140072895367272,,,0.10173040815818965,,,0.10146176262690568,0.1014093550688489,0.1014186302743911,0.10157287499945601,,0.10200357412902815,0.10154037575691781,,0.10121743000404645,,0.10155997554429928,0.1014555643234087,0.10129096421163475,,0.10150212004924138,,0.10149523003845257,0.10150086881256414,,0.1016915211197392,,0.10165191053734703,0.10148092305810115,0.10170435455387655,0.10162786373437509,,0.10168299038179668,,,0.1011124373027015,,0.10146072784043769,,0.10153393675237868,0.10139503463912905,0.10116646176361485,0.10148979357651955,0.10116644852367683,,0.10172644507172354,0.10148130351301604,0.10160398363885152,0.10136114629454739,0.10133791882733854,0.10132502179352848,,0.10149505729492665,0.10171935016705158,,0.1014232465008533,0.10127149969340084,0.10152669673025735,0.10166227473488118,0.10156225778034783,,0.10165255327818587,0.1013639050670991,,0.09814716737588382,0.09821733226550278,,,0.10074089288903652,,,0.10088813372821887,0.10065744261335648,,0.10137080169682966,,,0.10129280126317222,0.10143242014636375,,0.10117528206388837,0.10121429238920703,,0.1014656666082432,,,0.1014843607139171,0.10135608413745657,,0.1012188916708418,0.10130489840459099,,,0.10120336293816176,0.10166700233759658,,,0.10128604636847784,0.10093517973691903,,0.10128239401579811,,,0.10150372164346998,0.1015652015415588,0.10151540271481388,,0.1014437355177554,,,0.10127150154957207,0.10138515125672336,0.10132019203770261,0.10098766326221562,0.1010829711138715,0.10187017141930713,0.10140381981719294,,0.10136114369179458,0.10140168807700009,0.10129329390616183,0.10152691274263706,,,,,0.10134003501716217,,,0.10138115589880094,0.101658951072323,,0.10155667979583477,0.1012106878437775,,,0.10099987520148772,0.10138451188515477,0.10136233796637385,0.10092955926918118,,,0.10135005844436612,,0.10188317150926865,,0.10141016922872874,0.10130126162235903,,0.10142748632748108,0.10119852473643853,0.10182027820725854,,,,0.10129859950938556,,0.10151112380591415,0.10135669094534543,0.1014021139246936,0.10139407882820681,,,0.1011362905744696,0.10117304315144461,0.10156985863735427,0.10145400604592833,,0.10120726916863636,,0.10129682429217066,,0.10107236645918956,0.10128744361960085,,,0.10132645706513291,0.10106351028822846,0.1012276291913627,0.10129343622994975,,0.10095550418711494,0.10145487901313875,0.10142203409265062,0.10158212128294625,,,0.10139460170440684,0.1017033515843934,,0.1014702014860747,0.10134753861875857,0.10135996362323907,0.10120771020320105,0.10147224719726756,,0.1012064861706154,0.10141778800388145,0.10125943446890535,0.10110984915499965,0.10149749114192622,,0.10141797827692613,0.10102655856448096,0.10086046004092558,,,0.10112393709262797,,0.1010940293654102,0.10153352383863909,0.10125604509567619,,0.10133553219026428,0.10130031776732006,0.10104685735243767,,0.10142225106327067,0.10103592024900165,0.10120948059003976,0.10096613701569554,0.10136191797898293,,0.10138525288686599,,0.10126730312645499,,0.1013114420388589,0.10155167348400994,0.10142666761619307,0.10154440128335411,,0.10150716379822901,7.494058778636912e-05,7.505708325552067e-05,,7.524114257867297e-05,,0.03851380373346909,0.038513771059107714,0.038548479246271736,0.03854665598616991,7.379044607237143e-05,,7.349899734626664e-05,7.346732140093559e-05,,7.363726437951965e-05,0.10146025941038046,0.10121261304582295,,,0.10043702940413282,0.10036487489488737,,0.09792164721994241,,,,0.09522078073125922,0.10172710676506179,,,0.10275178520322166,,,0.10335215478564522,,,0.10313005429490463,,,,0.10309627003979749,,0.1031779505606238,,0.10376707745456626,,0.10331111275390792,0.10306884215246533,0.10295097037894403,0.10318490251205031,0.10312653896357482,0.10290903380993971,,,0.10294346196864515,0.10314010737717437,0.10297450228248299,0.10298886396065378,,,0.1032926652590031,0.1031668686376708,0.1029265300796352,0.10302548491016174,0.10446494003087935,,0.10432192031876791,,0.10455868164162234,,0.10493767118363717,0.1050173367022516,0.10495451796689187,0.10458231809519776,0.10503052813013655,0.10504917342237588,0.10481864015226833,,,,0.10446078573510625,0.10495763666179667,,0.10449666685305219,0.10449021073221941,0.10438979349279681,0.1042699494496983,,0.104383319098026,,,,,0.10436305666319665,,0.1043800216313463,,0.1043951564802135,0.1044775521601232,0.10437204018068925,0.10398592990561148,,0.10433995076114629,,0.10432257919247177,0.10411006089394882,,,0.10389076682304145,0.10454541198663343,,0.10440494636575372,,,0.10412411716531479,,,0.10409350029180353,,0.10440841166674472,0.10410760645137045,0.10441530783268986,0.10449525884451867,,0.10424647686134265,0.1042474700488985,,0.10434470267938586,,0.10425571041310147,0.10393114367978311,,0.10435775169899089,0.10398066128997972,,0.1042273098119361,0.10437849686319331,0.10425974119692573,0.10436071393968727,,,,0.13346035780944737,,,0.13278001094151418,0.13326770899027396,0.13356964327243356,0.13330984995173525,0.13361847607010346,0.13350223914408332,0.13333806101284845,0.13351043486284792,0.13366614639370494,,0.13331295148979927,,,,,,,,0.1333291340790368,,0.13338313583135852,,0.13403370157480785,0.13305841140189023,,,,,0.1338289113964305,,0.13307595325514512,0.13364109512750916,,0.133847421826819,,0.13345689780623812,,,,0.13379817795456775,,0.13342472747323614,0.13298783236781608,0.13360082074664126,,,0.13291308432315763,0.13316789359591374,0.133129114430797,0.13363599765834994,,,,,,0.13326738184615045,,0.13317255421845414,0.133694323591473,,,,,,0.1329966369034094,0.13332359201294788,0.1334192543297442,0.13335555143852007,,0.13377170166677632,0.1336578156656827,0.1332562905721856,,0.13316585853747304,0.13353376221767943,,,,,0.1336488709724912,,,,0.13360699032417225,0.1338081123003644,,0.13310659724676152,,,,0.13348704311955106,0.13370740367272507,,0.1332768489966008,,,,0.13360631482611557,,,,,0.13367569932229045,0.1337281975115282,,,0.13341187835091545,0.13351041483268808,,0.13293035095120337,0.1328951239783492,0.1333489876901248,0.13289238381130483,,0.13300469212841798,0.1336771649694681,0.13341354892432228,0.13352953379786936,0.13293313058724007,0.13366823613993642,,0.13369960789461177,,0.13363860294252344,,0.1014407513585779,0.10151816849659942,0.10186576608071149,0.10148725571907329,,0.10157427494598413,0.4514015559009241,0.5310869393614019,,0.449013231867797,0.4500134805500324,,,0.5035729653765685,0.5024895993542636,,0.5025328257725921,0.5031584183815146,0.5035783168930151,,0.5036434617313961,0.5037366579488286,,,,0.5033951341957303,,0.503030399813653,0.5041114134455638,,0.503690047297745,0.5036651104645418,0.5021755882092535,0.5032157092157112,0.5028507729089616,0.5040044732460699,0.50428003368172,0.5054864568409697,0.5035477829291304,0.5031376163168031,0.5027567364132655,0.5045686966944349,0.5041887052670277,0.5028581900380781,,0.5024608562159749,,,,0.5031301532136313,0.5040296615039699,0.5036793859834718,0.5040316947691938,0.5045636109572319,0.503225767335412,0.5042615295017421,0.5031004465547575,0.5036144771331014,0.5031985737025119,,,0.5037594052110888,,0.5040049621106151,,0.5044454459149871,0.503494189505811,,0.5026455887971545,,0.5042769598605785,0.5040407893705897,,,0.5049045703919944,0.5035291563809547,0.5065210982048032,,,0.5033214053633757,0.50411258089107,0.5033899326240733,0.5048332694341913,0.5043911435213114,0.5040141341253755,0.5041282647581757,0.5030010437598067,0.5054114633827754,0.5038272053519679,0.5039961054429608,0.5027667933044118,,0.50353114578514,,0.5032886811051883,0.5041253409159415,0.5028015446170698,0.5044393083814938,0.5031036804133953,0.5058513656135375,0.5039965117761751,0.5026905657270098,0.504356829217901,,0.5037730158518069,,,0.5030767249739898,,,0.502757845764672,0.5026636613069146,0.5042323057589954,,,0.503664613993639,,0.5027979306219533,,0.5053551425725893,0.5038422197626518,0.5048453804012353,0.5041644249825326,,0.5025840789784249,,,0.504001725379839,,0.503572130475428,0.501922777323973,,0.5045842861943588,0.5042221099265011,0.5031501050000663,,,0.5022457604944635,,,0.5049136305735665,0.5034643071335381,0.5029481357288386,0.5034096506663894,0.5027647186656945,0.5045991785837843,,,,,,0.5032569710260136,0.5025485432559583,,0.5047049287504017,,,0.5042401177690085,0.5028608965184681,,0.5041806615038169,0.5030715231920021,0.5039851129799912,0.5037260471275581,0.5030955961827348,0.5035578542600015,,0.5043910713905012,0.502424663410095,0.5023839900884711,,0.5040584535737425,0.5035501077253299,0.504097376441202,0.5029046475519882,0.5041605498284555,0.5040194463679575,,,,,,,,0.4502202548455474,,0.5067299475738366,0.5081566030283982,0.506829553089289,,0.5066141051708999,0.5078895344852341
4,4,DG_8pct,16,Z17_F10,17,3PH,175047,181974,True,5194.648112226016,5197.4067548840085,5202.591890841191,5319.426803123034,5327.1056567721525,5395.5274237593085,1.886219585263989,70.88990381897081,71.80935116948973,30.40333078654855,30.409339209407555,20.252206480035436,0.6081390677237559,7.129463057185808,10.535504501102631,5372.026913924563,8.023925181381083,3.0310466035444676,6.24245909722612,20.90215425703622,0.6930729957741343,0.6908362193723124,,0.6924328287380203,0.6943232637096326,0.6948567311417891,0.6111884946346514,,0.507889391931825,0.5070117645301494,,,0.5139600776581856,0.5137014889250923,,,,,,0.5140980276606114,0.5073176246558839,,0.5087566732587273,,0.5103383077305722,0.5102611817984902,,0.5041005424790435,,,,,0.5088662526678259,,0.5086205217455243,,0.44696313558723905,0.4464812463612682,0.4469921740318593,0.44023205919596947,,0.4388191495750641,0.44024689875904016,,0.441154775223508,,,,0.4402525257357349,0.4412740705955454,,0.440458434209278,0.4401928303748882,0.43931144392886784,0.44075689889624087,0.44047724041538233,,0.4343761587903253,0.43529717125614903,0.43500017883263914,0.4351888182322612,0.4256299591308553,0.4246726947441647,,0.42503398903559936,0.42490150216341155,,,0.42565526821317706,0.4254646129182469,0.4249617705850634,0.4253337614290521,0.42599481668683314,0.4243773715046753,0.4256167767070734,0.42540211386424664,0.4246234434581162,0.4238781394828892,0.4248291938292696,0.42640988496625987,0.42532109916707694,,0.42511289661670776,0.4264470967954361,,,,,0.11241236711704708,,,0.11153178477568909,,0.11161848820547338,0.1116351557317185,0.11290453646354975,,0.11296829792904647,0.11312105168777943,0.11283835413693609,0.11291143016547975,0.11284192284549036,,,,0.1129320201229515,0.11286492575214392,0.1128789362974716,0.112966107637715,,0.11292434612960002,0.11256539803339703,,0.11276346831004853,0.11285954117673751,0.11294598388397765,,,,0.11273240239919533,0.11300435683465289,0.11302191818287409,0.11273174120571858,0.11287989712130235,0.11292073959781483,,0.11308082331933775,0.11287829094855584,0.11332296649762828,,,0.11299448603179371,,,0.11265545094183411,,0.11304723713021754,0.11248267518619712,,0.11334274724175722,0.11287867601480167,,,,,,0.1129494068299623,,,0.11293043192977985,0.1128677655139463,0.11284563373059926,0.11298913198888932,,0.11264340371657941,0.11321456028981285,,,,0.1125962862714436,0.1127174541937963,0.11273361292940977,0.11263941487491767,,0.11273246251158292,,,,0.11280509600074225,0.11269522618867407,0.11262404112025708,,,,,,0.11290341247706923,,,,,0.11272007665631721,,0.11260742874483334,0.11291460822777706,0.1124815825272343,0.11280744043781353,0.1128409101881344,0.1129286421642415,0.11278513249678972,,,0.11298217174448487,0.11296220552986225,,0.11312813514118036,,0.11281397027078069,,0.11348061761653783,0.112935163829267,0.11273917139902609,0.11272132011596651,0.11283556244416207,0.1129620690156827,0.11274476942564823,0.11287227766165542,0.11273098017893597,,,0.11264021929630583,0.11321077565098005,,0.11275567497410353,,0.112843362104201,0.11321264695277734,,0.11296005688759186,,0.11293861641536754,,0.11326719511391219,0.11311209633765557,0.11280231264594225,0.11270041509217785,0.11271534019616489,0.11246760084610763,0.11297247331613945,0.11269263855918278,,,0.11281782410453778,,,,,0.10870517557847731,0.10891525817472356,,,0.11217777893416993,0.11216316669968793,0.11226336781682962,0.11192634631143918,,0.11214638477838328,,0.11271500231712106,,0.11266829169505498,,0.11300474982808915,0.11285131589560976,0.11275797236798431,0.11315582882479346,,,0.11282759667532,,,,0.11275990544991492,0.1129407701837415,0.11265136980014519,,0.11280742130085472,,0.11264831952996092,0.11239325992401694,0.11289314227745403,,,0.11260162435414328,0.11266026070420378,0.1126472777931686,0.11288463646741116,0.1126401348905743,,0.11289373175856772,,,0.1126641606881912,0.11279230247093222,,,0.11288724515047649,0.11259352923910822,,,,,0.11316862403750916,,0.11263028532310852,,,,,,0.11312310940272853,0.1133499245495298,0.11272074689673413,,0.11277125961995269,,0.11259137229372204,0.11318785312516483,,,,,,0.11276869424535287,0.11264295671182846,0.1128827876671804,0.11286432670614656,0.11276223180965446,,0.11282254657888845,,,,0.11252677198829603,,,0.1125718997501306,0.11282112678030362,0.11269208992185276,,,,0.11282330322258535,,,,0.11263348762338977,,0.11257151285475411,0.11281861812727775,0.11290864636689997,,,,,,,,0.11260905425247834,0.11273609051108621,0.11262277324610856,,,,0.11275972833904346,0.11270496003376317,0.11249521251042209,0.11266905133829112,0.11283981735952003,0.11268755766029849,,0.11274460580477617,,0.11259169057673418,,0.11270391599164582,0.1124971711643537,,0.11252814061887854,0.11300795379070261,,,,,0.11257697098614079,0.11241684410794212,0.11286595067204148,0.11267436419683466,,0.11264531886477833,0.11245843290517059,,,0.11228935650919261,,,,0.11242830631364352,0.11266490997596446,0.11285564326522445,,0.11189678888200191,0.1123281953102544,0.1126167135905905,,,0.11273133578758969,,0.11243316083648097,0.11256454050417364,0.11265153299495587,,0.11234219804287936,0.11281654069971932,0.1127367238873989,0.012602756556008626,0.012658783661497358,,,0.05054604154499238,0.050549213943172536,0.05051924121986423,0.05076761494759241,,7.25486019950114e-05,7.27340983269987e-05,7.252947020968256e-05,7.261103404356915e-05,7.271777248127017e-05,,,0.11260551437765386,0.11266943898822972,,0.11147527778089583,0.11145259109023282,0.1090475026099998,,,,,0.10591918075640147,0.11346722661281954,0.11313382665887967,,0.11434457690788766,0.11434976392640392,0.11425220831153712,0.11446497053883439,,0.11469569046196583,0.11486800577116231,0.11481249029193168,,0.11482087659838469,,,,,,,,0.11483243597981951,0.11434105415316687,0.11468901315777287,0.11466552147078221,,0.11433092260131139,0.11462328466317107,,,,0.1147306539241358,0.11461217329346735,0.11448484825449544,,0.11461784597036344,,0.11484554412184432,0.11638068462181592,,,0.11611443234318927,0.11597459133032435,0.11515833665153617,,0.11660474441785683,,0.11660976364292462,0.11618851002821147,,,0.11612784515803518,,0.11632406084564292,,0.11610382295603927,0.11637373562183892,,,,0.11584658497293127,0.1160610080378502,0.1156775871799656,0.11638113872244324,0.11627209170548151,0.11589067124638942,0.11570074071021678,0.11589259946639785,0.11611264218355691,,,0.11618618334175893,0.11616045900812784,0.11619692770687835,0.1158493095184429,0.1165420433098828,0.11598863847192874,0.1162403973812257,,0.11604800644576273,0.1159632733737599,0.11588606954523546,0.1163039816984936,,0.11593930646607027,0.11595767088655463,0.11596405552676908,0.11614252271347275,0.11566602974175073,0.11571282634559041,0.11591108533012463,,0.1160475177970824,0.11594423366120782,0.11603738969072518,0.11602748255518092,,0.11566859232464169,0.11579347667312462,0.11619679587221443,0.11628570734353005,0.11643394262551979,0.11591688630295723,0.11589491620593638,,0.11608484681167194,,0.11592570154452496,0.11611412449966305,,0.11585829158679693,0.11586494952220741,0.11584417415225298,,0.11619720670732796,0.11603577842071594,,0.1443408755401597,0.1436460579964353,0.14401270495680016,0.14445025180080195,,,,0.14479717751133292,,,0.14411054759122657,0.1448511862576492,,0.14457421638720463,,,0.14444139187945254,0.14433044011540688,,,,0.14431707101495211,,,0.14448301522794485,,0.1441444523915194,0.14429750073114614,,,0.14450088224960567,0.14458712341673613,0.1448804669009917,0.1444430168191796,,,0.14448927471009126,0.1448406307855097,,,,0.14381622310932282,,,0.14398130616836505,0.1433086322092309,0.14384194193071548,0.14385270327961874,0.14406039655176914,,,,,,,0.14392861260563192,0.14474233202505588,0.14464202541845889,0.14471443243643636,,0.14433471538487638,0.14435432859957573,,,,,,0.14412117915253198,0.14443363929864783,,0.14412659493205518,0.1440543431553763,0.14408280825870368,0.14486588153427224,0.14447966082559188,,,,,,0.14460848438891732,,0.14471028995629434,0.1447930446929078,0.14451023486271516,,,,,0.14454335632252052,,0.14406238045874964,0.14423720945728782,0.14452324821974233,0.14448656231664136,0.14468326909472543,0.14456697403399985,,0.14456087673957485,0.14451093885163818,0.14434672946909677,,0.1443180718568207,0.14400655455356545,,,,,0.14429458156686034,0.14428006268713464,0.14441172178893802,0.1441545937195134,,0.14409852591449013,,0.14384638665894897,,,0.14456944890064535,0.1443732984602705,0.1442441393930035,0.1442188748617865,,0.14446307967267674,0.14409123739295165,0.14400589590048393,,0.11327251915790461,,0.11272667882414716,0.11281517840894736,0.11287338458907786,,0.4598007774352432,0.5386552463815959,0.4560271531998835,0.45489547407013997,0.4565340319221304,0.1158135380938112,0.5092206009009915,,0.509836726320908,,0.510049809317482,0.5101280035738621,,0.5091560943833662,,0.5104191990111827,0.5106086666482261,0.5102493776206629,0.510065730455151,0.5099651639838797,,0.5116505636499658,,,,0.5097290037456766,,0.5098156639232406,0.5088977520024736,,0.5096315349686275,0.5096636715802124,0.509110722018931,0.5107895316625328,0.5097694149421041,0.5106449371653554,,0.5113254380927816,,0.5093902166457216,0.509614103546484,0.509576471211761,0.5092737268887843,0.509933242102416,0.5086691381559634,,0.5116680898242267,0.5098821843814462,0.5093017573716146,0.5081572827302293,,0.5097982386532441,,0.5100770881439848,,,,0.5086865551789566,,0.5101193600561805,,0.5086321057578388,0.5109551087342978,0.5099247958376102,0.5101824837014588,0.5099267105289275,0.5097912197793344,,,,0.5089923594163261,,,,,,0.5106207157307773,,0.5106728926478167,,,0.5090026836045428,0.5110732398569313,,0.5098695801201315,,,0.5093514668176189,,0.5100337902289092,,,0.5096291309234542,0.5104286355771626,0.509054733117038,0.5102161345486673,,0.5107710042443683,0.5094056014427247,0.5080171314696104,0.5083836733254267,,,,,0.5090409080986664,0.51071418139639,0.5093799820172689,0.5091027577648449,0.508728570608793,,0.5096929490348074,,0.5094619183490625,,0.510533541691368,0.5091621881453309,,,0.5095364847559566,,,0.508352194360319,0.511451596456604,0.5105213677692294,0.5115514807450783,0.5089914341976282,0.5107716825278311,0.5110120531224992,0.5109846092121627,,0.5103488024219417,0.5091991075457857,0.5110546073786622,,,,,,0.5099953953797454,0.5097322222973254,0.509500712506511,0.5095843480444618,0.5107192133691151,,,0.509918102207136,0.5090340553798591,,0.5101402099159255,0.5093333663320131,0.5097474536549133,0.5089661427617067,,0.5090615707900544,0.5093740475159837,0.5089223675646025,,0.5087621878862434,0.5102785354844154,,,0.5093098869122744,,0.5102304805901977,0.5103548138395803,,,0.5109077669466918,0.5093149376402344,,0.5098022983733059,0.5094376793772225,0.5113222166326039,,,0.40545889519765665,0.4578646382064827,,,,,0.5155166686933751,0.5142002070096464,,
4,4,DG_8pct,16,Z17_F11,17,3PH,175036,181973,True,5162.56175139536,5208.841647531347,5209.303173048084,5347.631752031549,5327.194608994379,5386.317651883327,1.8654527017433116,69.5951526975578,70.744291099215,29.960980070638268,29.943287575480493,19.785625557007794,0.5958283782211286,7.032002295444508,10.43528415429973,5426.546926058575,7.8334183729063,2.9884672624892548,6.135790298076636,20.653308228240988,0.6877173546449079,0.6908004350116627,0.6900966482673112,,,0.6934105648608825,,,,0.5076795507328932,,,0.5133481419104161,0.5124084333029617,0.5136675602923159,,,,0.5126974217209215,0.5128832933435787,,,,0.5078702563579292,0.5095873988561364,0.5093466186528149,,0.5016784430526109,0.5022559297361612,,0.5094076419725088,0.5095380651818577,,0.5100821386723081,,,,0.44549122606800723,0.4463815687941951,0.43936730972834775,0.4377282156986994,0.43757153898047724,,0.43979300175994807,0.44034919486022317,,,0.44077139064337495,,,0.4396760018517966,,,0.44003908863100166,0.44048349837628537,0.439416042911214,0.43877175391521694,,,0.43333237287684034,0.43363029404126024,0.4247629429768217,0.42433989440831515,0.4251733518902498,0.4234809275677216,0.42433314858722465,0.42391997632091066,0.4238587699170547,,,0.42608675990546285,0.42464652156805827,0.42376462340623255,,,,0.42367364403555485,,,0.4236029478320878,0.4244397480848512,,,,,,0.38963408727141635,0.3879223299330659,,,0.10982667434779077,,0.10996832474575254,0.10976822712772971,0.10968308489634658,0.11109618675950984,0.11086128568624833,0.11107533209639832,0.11096420769174155,0.11123031296516742,0.11083128702597948,,0.11111988398594105,,0.11122700781150185,,0.11100706767530197,0.11111960827607557,,0.11113034188102087,,0.11112560372143505,0.11084651400697416,,0.11104462275354317,,0.11125193053521887,0.11133499028779698,0.11098206109717106,0.11101505381776089,0.11109937020949058,,0.11130395296581708,0.11101468758413964,,0.1111908511635087,,,0.11103104250832105,0.11125917091428529,0.11093583817772187,0.11115638620162349,0.11121516134654905,0.11110642992007126,,0.11092460072465593,,0.11117236657337515,0.11107403693365718,0.11127501893923035,,0.11103679970779268,0.111253222086478,0.11100831698582209,,,0.1113405100507257,,0.11101203364524641,0.11118741746073274,0.11084127775946213,0.11086227128138422,,0.11129756178016262,,0.11109555320100195,,0.11131173878854933,,,0.11067518017419024,0.11110452079007971,0.11123070076262143,,0.11106773939934665,0.11115370799024626,0.11153775241268606,0.11125289894374468,0.11097132194114387,,,0.11110320619222862,0.11107766405469283,0.11116568229079882,,0.11124547528960432,,0.11101459517850086,0.1111080282019516,0.11143570218267101,,,,0.111290883650855,0.11096597723678095,0.11131862130746731,0.11128412429073126,0.11156074470944238,,0.11079054621813153,0.11115992615051914,0.11114326552463348,0.11144991059714109,,,,0.1111356780761555,,,0.11123731805791061,0.11106466980834868,0.11120640859694031,0.11135102782876062,,0.11122433871610907,,0.11109435237279232,,,0.11081455044117232,,,,,,0.1110007543848387,0.1112196553415472,0.1112620786929896,,0.11139144447923534,0.11113898886359437,0.11094851692498219,0.11115156717651561,0.11116288262558899,0.11112153171668884,0.11122700023048514,0.11136656435293546,0.11153976601059312,,0.11081403329727352,0.11066964812887091,0.11112846277520949,,0.11094860484447303,0.11098110206117011,,0.10715343220771426,,,,0.11074540056814587,0.11075130277600913,,0.11064064916544397,,0.1101951836165293,,0.1113129515119174,0.11136542586455203,0.11117789934468365,,,0.1111139735005451,,0.11076601874572325,,0.1107480443587891,,,,,,0.11127553912564496,,0.11098580263568139,0.1110929193386125,0.11105110787327323,,0.11082677726723826,,,0.1110696160018248,0.11106514017887623,,0.1111279863279246,0.11097142123772685,0.11086144199698003,,0.11087050043526073,0.11090831957992285,0.11077869590623479,0.11088378954744643,,,,0.11106449862308194,0.11096342387040516,,0.11082911969468097,,,0.11109483460013636,0.11097391648254636,,0.11123247053848585,0.11140947343785013,0.11102699352228922,0.11078195016165357,,0.11106824723218363,,,0.1112123138681615,0.11129230583739975,0.11091595104002036,0.11107207469647469,,,,0.11114854078600045,0.11087664496331125,0.1110824113689157,,,0.1108672282387857,0.11113154426366402,0.11085360370810263,0.11073352506961669,,,,0.11102752288494301,,0.11083814018377003,0.11127711271898813,,0.11105369883166483,,0.11070708187505267,0.11076872208006071,,,,0.11070880134092301,,0.11083334759918803,0.11117516284042837,,0.11077117374857627,,,,0.11070326144448907,0.11056801840252191,0.11098970131353858,0.1109419295925634,0.11100046489156885,0.1108942065148785,0.11075592970792399,0.1107620064005218,0.1109832936374633,,0.1105744768743922,0.11075039564783824,0.11075087753405649,,0.11085518700995907,,,0.11075738058882412,0.11100494211671215,0.11074577574809975,0.11118312817223645,0.1107710072619322,,0.1107812220413471,0.11092739454128343,,0.1111856674265157,0.11113819180045041,0.11099802490833108,,0.11088138543744458,0.11073996924320792,0.11089572156087561,0.11117937787765289,0.11103054719714227,0.1108308239116889,0.11102848715237797,0.11095959749405249,,0.11084878209835027,,,0.1108678807565099,0.11079325247437001,0.11101421094130026,,,0.11101093959447607,,0.11102298488867444,,0.11100250399096082,0.11099591196488734,0.11096350339340567,0.11069277767202584,0.11070496179755714,,0.11080105608317793,0.11147731496967173,0.11096254906845346,0.11114753240052178,0.11078325894358405,0.11084717231847013,0.01060475974530679,0.010622345992815281,0.010609813304126645,0.010605756310180394,0.04884393481112587,,,0.0484942553018778,0.04883204104681015,,7.27665610505376e-05,7.281755345816523e-05,7.284537028002458e-05,,7.269140576360155e-05,,,,0.10982193170130528,,,,,0.1072645139370448,0.1039659175545789,,0.10410251323015526,,,0.11146321020846359,0.11272990406394125,0.1123028057684724,,0.11316513283833143,,,,,,0.1127562761743942,0.11303439396590326,0.11289562377627742,,0.11307519481600478,0.11355338167787954,0.1136618849048161,0.11250634707966709,0.11280484031636426,0.11253367971471007,,0.11280763866186796,0.11267356975362157,,0.11276116432531914,0.11289174290609909,0.11288125463779032,,0.11280172689415002,,,0.1129167133668406,,0.11311668974505722,0.11255097338876907,,0.11382067058009053,,0.11438054804844698,,,,0.1148180364878452,,0.1146848577793577,,0.11450248014059428,0.11483527922402366,0.11463923059136982,0.11486148580775381,,0.11477496599024639,0.11508375681926437,,,,,,0.11440692230950951,0.11409059347601316,0.11424288419641693,,,0.11478655033320422,0.11392828660064769,0.11410926892372475,,0.11440107252581937,0.11455880764498741,,0.11445175275275793,0.11401696516636453,,0.11430610096252983,0.11425065349313421,0.11420132675913287,,,,0.11404997377044251,,,0.11405794802222273,0.11432188409614462,0.1139265090823717,0.11379130348964517,0.11417399153887457,,,,0.11427476953837631,,0.11421139853540685,,,,,,0.11451220497252093,0.11393230131884963,,,0.11424637589426628,,0.1142375727143497,,,0.11452184294711493,0.11376953483623338,,0.11393913186041749,0.11431824510305112,,0.1423914641486595,0.14189691937416302,0.14231244241844027,,,0.14264248307259741,0.14198551735932788,,,,0.14232914063312763,0.1424524744735101,0.14248931298435852,0.14276517474603148,,0.14264979640904749,,0.1424380729360035,0.1423897777988449,,0.14230776043731877,0.14246412724471347,,0.14267436888965138,0.1428416882244892,0.142086829452467,,,0.1424088986085831,,,,0.1424223557111868,,0.14282746115237777,0.14270861123008594,0.1428098601566476,0.14240242735695044,0.1427885137783171,0.1419737218725699,,,0.1421721659108299,0.142270989539015,,,0.1423472988461201,,0.14234668603755649,,0.1420352050359242,0.14223234584039765,0.14250274329225593,,,0.1425932223467174,,0.14262040521773142,0.14266895403271662,0.14279134467469692,0.14234454603096988,0.14265421162648262,0.14233199915904274,,,,0.14213046810862587,0.14209141813147338,0.1423642378612272,0.14272148085155315,,0.14261256798880345,0.1422276269972909,,,,0.1424864406704764,0.14263590135396398,0.14266177585914655,,0.14254039780424457,0.1428894679566547,0.1422568357511015,,0.14281120006088485,0.14255659973884707,,0.14225940639572027,,,0.142978854832381,0.14213894819107462,0.14251789231081066,0.1423073025721003,0.14260714627774146,,0.1426560155527822,0.14227280487280472,0.14268763743386667,0.1427807610432065,0.14258095929884465,0.14256439427500556,,0.14245868722979912,0.1427814363060938,0.1427802101801256,,,0.14259917447406595,,0.14195335496723827,0.14193447450700075,0.14255478724369577,,0.14213604294967497,0.14266477147859222,0.1423539957870645,0.14240284462698305,,0.14208631962733453,0.1423247540647931,0.14250506066084495,,0.14236478666409383,,,0.14251048618175693,,0.11131265268069385,,,0.11139791104399732,,,,0.5360955854234367,,0.45452449470685224,0.45534005671758015,,,0.5087229720581087,0.5074891489789447,0.5083855349240273,0.508842626564434,0.5075879480225539,,,0.509995199618043,0.510228602284481,0.5080788366641747,0.5087251358740205,0.5082337743649205,,0.5085428762845585,0.5071454237610815,0.5091739838252769,,,,0.5100222673349336,0.5079907550402556,0.5092131457563686,0.5084645843215266,0.5096647376777813,0.5087477236199714,0.5083784633207906,0.508821481269659,,,0.5103008100525019,,,,0.5094502045895318,,0.5094274191885829,0.5097723815452649,0.5094855493292235,0.5098806164732865,,0.5082995045437878,0.5076223937993672,0.5093967619972005,,0.5082381633338701,0.50976403969792,0.508784988321383,,0.5094051897011832,,0.5096791749953541,0.5100865246606067,,0.5078251694690649,0.509960927001847,0.5084737402227506,,0.5102487929155908,,0.5076210635963591,,,0.5096070743439639,,,,0.5087313337640984,,0.5089709009366277,0.5091709477809487,,,,,0.5077761865180389,0.5087866804625502,,0.5090739049729754,0.5078069369407558,0.508324343237469,0.5083041254239088,0.5087165921715581,,,0.5092487575537785,0.5089379368638962,0.5089631336662832,0.5092679889821697,,,,0.5104794944712027,,0.508398374038169,0.5100411431518271,,,,0.5090227139386377,0.508118147934405,,,,0.5105024623326696,,,0.5069637907586299,,,,0.5077326076451714,0.5102394351843107,,0.5095116075911403,0.5081906153254042,,0.5101422639322671,0.5100153371423694,0.5087811675272361,,,0.5077245242987483,0.5085475994766299,,0.5092809724409311,0.5085105466665938,0.5094607836126516,,0.5087250534015627,,0.506770958021018,0.5108852562548961,0.50988875684099,,,0.5091259969062385,0.5073224897941904,0.5100099689465664,0.5088397087396974,0.5088754070354219,,,0.5089521876552782,,,,0.5100002274873233,,0.5085366748159549,,,0.5083949434256,0.5091367868461103,0.5082441675169453,0.5092480470661717,0.5095302526081064,0.5101438310630594,,0.5083218851021392,0.5098304337625037,0.5087274443900668,0.5086609211354983,0.5081521163356227,0.5090280559876262,,,0.5093706397997338,0.40559315427187664,,,,,0.45737777304758287,,,0.5120630400972077,,,0.5112573128729986
4,4,DG_8pct,16,Z17_F12,17,3PH,175044,181977,True,5233.6376526457025,5295.006391039946,5273.718629124719,5370.816395772962,5359.375004935442,5441.983184523866,1.6992832441121264,63.70890314370919,64.99927155536386,27.17815896995652,27.354714220032648,18.15953196383749,0.5449178065907591,6.927248205764671,10.303143134125191,5428.767376539499,7.161700798064889,2.713999177992468,5.565598221127799,18.93849414038347,0.6872815565939616,,,,0.6914302507458797,0.689590532739845,0.6064799027394847,,,0.5023444291660142,0.5026560349019431,,0.5067717093418332,0.5068297110927322,0.5081638843724744,0.5066694225906181,,0.5063364615965541,0.5068123212951364,0.5066790556702907,,0.5011593878350681,,0.5026723355444247,0.5034164197414677,0.5031865127718127,,,,0.504373342088341,,0.5038831634279283,0.5033277845585202,0.5047360758361319,,,,0.4399796908427421,,,,,,,,0.4328231542925173,,0.4331748069894888,,0.4323387955380883,,0.433782146422441,0.4333741397666301,0.4328694319736778,,,,0.42565154824742424,0.4282619117778156,0.42721424405029673,,0.41795648023841503,0.4190416779430997,0.4187278847078299,0.4197051207136701,0.4181676338864264,,,,,0.418862574779413,0.41792954665937393,0.41873700646768447,0.4193292949026272,,0.4174186120903887,,0.4188053222820981,,0.4165955523594559,0.41929274728890875,0.41753661732550745,0.4176787864461732,,0.41777142082634516,0.38010978751993135,0.3825884853245386,0.3821376082434246,0.10070146906023313,0.10107870588193489,0.1004201716414302,,,0.10010668591132776,0.10045380809164588,0.10151796401855787,0.10129799544901931,0.10160470224320975,,0.10141739780013045,0.10141195754201894,,,0.10133552077787422,0.1015116546803164,0.10154013212669363,0.10160704481793773,0.10168326267372403,0.10142068180834403,0.10153071479780765,0.10137420789320391,,0.10152471983576641,,0.1018427899559333,0.10130924963036571,0.10139930529880471,0.10174443205989196,,0.10162213356828417,0.10146047165012631,,0.10157421482479005,,,0.10125111978420656,,0.10165293733813091,,0.1013925638003362,,0.10145790390696044,,,0.10144398967156687,,,,,0.1014634650685886,,0.10145606727901935,,0.10166822246868173,0.10134780546998066,,0.1013952247623742,0.10142472394285175,,0.10184783687818073,0.10165074837867043,0.10137829567867053,0.10147947226581634,0.10142329044241338,0.10149874815039509,0.10163780428582235,,,,0.1017366863547468,,0.1014295678961167,,0.10126742230540585,,,,,0.10142589512863384,0.10137155959912333,0.10133800950633799,0.10119608898318821,0.10141210308719198,,,0.10135609724925006,0.10145051850141835,,,0.10148937227435835,0.10153123116050201,0.10135115604289882,0.1013774516491718,,0.10161196477602039,0.10170247922980243,,,,0.10150360637595328,0.10152569510546557,,0.10138333291729015,,,,0.10128662980715526,,0.10152726799883938,,,0.10137368568613428,0.10144523402605932,0.10107670961851618,,0.10154847074495162,,,0.1010537028691882,0.10118865444066395,,0.10121873199071554,,0.10106358104269977,0.10174311769748672,0.1013704517718101,0.10137218680100171,0.1015441808536297,0.10139936001033031,0.10172007156525449,0.10128263865983642,0.10137154478133166,,0.10149610607387716,,,0.10141152046722669,0.10160744609056907,,0.10138375102077171,0.10152252240920093,,0.10149476395596552,0.10116817204416109,0.10142453339370382,,,0.09799784073195934,0.09827641785886229,0.10101873022000143,,0.10100520678957034,,,,0.10113157326652233,0.10053356404609183,0.10149440629180442,0.10168988223283963,0.10139187925110277,,0.10113319597590424,0.10160446932063223,,0.10117474005435721,0.10155967414797502,,,0.10136388328769293,0.10146376564100444,,0.10156908979840955,0.10150239923384537,,,,,,0.10137200794376107,,0.10153129716421251,0.10116344350647097,0.1012283006365869,0.10121615010636711,,,,,0.10119999035358446,,,0.10108092128901666,,0.10127541705078853,,0.10152767605375902,0.10149390135444951,0.1011296165124213,0.10160166297643095,,0.10126238985118756,0.10132091338969967,0.10134998640308954,0.1015218887546268,0.10168761894778161,0.10133224641014482,,0.10146397098433482,0.10151860784566957,0.10118864942960505,,0.10143307201718128,,0.10156877071246848,,0.10145903735077305,0.10159926064439129,0.10162588343758074,0.10176513403112045,0.10147324685620984,0.10135324123719654,,,0.10135553310555372,,,0.10145833593932545,0.10098292016334452,0.10120027879391305,,0.10163036527780178,0.1008950998919988,0.10131329673636814,0.10143693090509723,,0.10146291720792601,,0.10155503675214411,0.10137570311982085,,0.10126610796236744,,,0.10131753379806986,0.10121193426892111,0.10122411355733062,0.10121158163102062,0.10129363170803969,,0.10122197574986173,0.10134968477313115,0.10123368608276276,0.10102105951904909,0.10135261113436608,0.10128353609086294,,,,0.10144060319180026,0.10130558738106894,0.10127959689719096,0.10134276441696605,0.101083772837459,0.10118490460474072,0.1010201075935767,,0.10128828485044662,0.10145416209407493,0.10136136804323963,0.10112710570321114,0.1013709862318279,,0.10155386489839004,0.10125689179872281,0.10143872227575688,0.10125329225348975,0.10140097785071825,0.10142872658519901,,0.10157518093956468,,,0.10152556409201574,,0.10139462363180093,0.10125793827698754,0.10141919592700008,,,0.10131030709609487,0.10129883481599207,,,0.10108648083453389,0.1011872911300312,0.1012742219442324,0.10152014858025302,0.10146312704533966,,,0.10131645737532449,0.1014530722187708,,0.10106429873816351,0.10140249668048425,0.10135285830349676,0.10129118306813503,0.10121213929815244,,,,0.10121435655725265,0.10140657252840912,0.10108881874006079,0.10141028324978246,,7.489897531356739e-05,7.488362083905351e-05,,,,0.03860051519081891,0.038515237235977995,,,7.342251340779017e-05,7.337711037583541e-05,7.353515715513373e-05,7.3369612740886e-05,7.346023497236128e-05,,,,,,0.10014761576934528,,,,0.09521053259787451,0.09497582987115966,,0.10221321605484383,0.10181561791914895,,0.10256222208491517,0.10290190311972268,0.10256355695240137,,0.10323198351830537,0.10287114427601848,0.10280669835941224,0.10334809349009404,0.10316736198776516,0.10322299260036685,,,0.10326904750173631,0.1030650705406985,,,,0.10332353030893242,0.10288828073781023,0.10320295719224772,0.10323519558185587,0.10302989545269553,0.10300225775230623,0.10358672213930258,,,0.10285370250995986,0.10294353191999094,0.10315793147768913,0.10310917993174204,,0.1031699842990298,0.10288395648025286,,0.1044225270055691,0.10441456456943111,0.10417584004411909,,0.10393813206524097,,,,,,0.1048548924936358,0.10480857762796486,0.1044330614433101,,0.10497587897083742,0.10491275535093475,,0.10470867779427273,,,0.10428539887841211,0.10440682957883798,0.10448123084078711,,0.10458414323100566,0.10413823174267207,0.10429781507836401,0.10417854692791574,,,0.1040390003414517,0.10403116112071202,0.10408795238223188,,0.10427064854845644,,0.10425358604406207,,0.10412591965023639,,0.10423254794460358,,,,0.10446871152593677,,0.1041628403780875,,0.10411142488773352,,0.10422264449461431,,0.10420298174364692,0.10393088531519096,0.10420486066298018,0.10431829399160607,,,0.10441181075274716,,,,0.10422208051091623,0.10424814430065885,0.10419396018266858,,0.1043525409443027,,0.10416150355651332,0.10430255993333096,0.10398664621089215,0.10400659323907836,0.10417021803636917,,,0.10444397581856095,,0.10400298462916047,,0.13337214477332643,0.1334075883023896,,0.13318180269272273,0.13355557446420996,0.1333949824671926,0.13315618655777864,0.13336940296512628,0.13355394064746304,,0.13351391650317165,,,0.13316146796509068,0.13321064335584964,0.13366740082270354,0.1331351420782227,0.13324843830391028,,0.1337293861717658,,0.13355808324891655,0.13362422403083093,,0.13323025711629982,0.13363652424789133,0.13309764576891844,0.1333736725202492,0.13321857806718307,,,0.1335745919000591,,0.1333133018298819,0.13369098270042148,0.13361627693606237,,,,0.13335564164761468,0.133862785281799,0.13347032007138465,0.13309388151016507,,,,0.13330941273533967,0.13300167590423134,,0.13320691179366292,0.13294764644955634,0.13348462122193758,0.13335140121174097,0.13340822549162384,0.13350231130585888,0.1330614479631618,,,0.13350804007341524,,,0.13336329102748268,0.1333720674390939,0.13332928592614435,,0.1328927346857499,0.13359417283176758,,0.13365390554073314,,0.13361958537646154,0.1332372750471758,0.13372420830705728,,,0.13357245564864448,,,0.13374628143938946,0.13364129383727147,0.13347669720636557,0.13337438911122707,,0.13338677881038458,,0.13358147340411144,0.1329714144278691,0.13338381082049275,,0.1336375051375293,0.13363635412512467,0.13373068232671234,0.13358202207937997,0.13369516197004933,0.13394787591074747,0.13378067938817728,0.13367380988305408,0.13374853289334054,,0.13363397884886796,0.13380167503402515,0.1337409505165303,,0.13317350972865802,0.1332788527013866,0.13342122827338593,,0.13346456995558925,0.13346999339866975,,0.1333373457933781,0.13333020305726356,,0.13303112078367887,,0.13313106022222435,0.13350255286488869,0.1334877990999639,0.13354602715645306,0.13330268802719464,,,0.13313502362555762,,0.13330203431581522,0.13305237763476935,,,0.10138560910976202,0.10166366369414552,0.10173255838718938,0.10160092287498215,0.1015570415752142,0.45089126364337356,,,0.44913186439736635,0.4491841108662226,0.10373830347139357,0.5038600079501029,0.5041651680282492,0.5026334866628586,0.5037720865673575,0.5036998694924948,0.5042069890897273,0.5017585550780754,0.5035722264941662,,,0.5050555255263065,,,0.5027136826118583,,0.5032461370213587,0.5029479801127069,0.5042873498699237,0.504186420730368,0.5049110775524616,,,,,,0.5023671631680079,0.5039503283896618,0.5061333022705318,0.5033655237135041,0.502521769953176,0.5041360281563587,,,0.5042656914418489,0.5033711311141802,0.5045885061430783,,0.503808670106726,0.5029654863801376,0.5035741003937774,0.5036533465428924,0.5049533255351817,0.5040970697022286,,0.5044267677390583,0.503123791517543,0.5036758236167778,,0.5020962649733167,,,0.5031911144829723,,,0.5025084399224575,0.5057180437091452,0.5033676832106492,,0.5032332618728663,0.5039802020094997,,,0.5030312967057494,0.5036890109827444,,,0.5058360435901282,0.5049266428531045,,0.5024937686559097,,0.5027437557011258,,,0.5028419880834117,,,0.5024223248202802,0.5031630588671069,0.5020680829516941,0.5040375703988902,,,0.5032282422023867,0.5057826716900151,0.5045805704028129,0.5031798649321542,0.5040033663813693,0.5045955502485755,,0.5036286195827584,0.5031555514157924,0.5046571215989437,0.5036070179530142,0.5027173235623206,,0.5041634619368324,0.5029792595190339,0.5048139021582935,0.5048128503088686,0.5046538726852592,0.503373095100506,0.5035082773398871,,,,,0.5038803758455077,,0.5029933469148793,0.5043149442349397,0.5030311348219829,,,0.5037789148048093,,0.5043386423294858,,0.5030925962232221,,0.5039247098634431,,0.503960062024112,0.505459289159955,0.5038010519065976,0.5024955203728025,0.5034511512902953,,,0.5054761365426863,0.5031066024316414,,,0.5054777848720247,0.5036196227508591,,,,,,0.5032226957152365,,0.503489651913294,0.5046475739150668,,0.5036768481281125,,0.5027330826271346,,0.5047020642178103,0.5042448489913083,0.5044824591411635,0.5047811499818203,,,0.5042060369365847,0.5040081377630122,0.503501754562987,,,,0.5043377017076732,,0.5044896068832379,0.5028740974561771,0.5042409210397497,0.5041335404371738,,0.39739212182553907,0.3987724080273706,0.39853695565451364,,,,0.5091472741222911,0.5076994446058061,0.5058352185065382,0.5062619487329022,,
4,4,DG_8pct,16,Z18_F01,18,SLG_A,255381,255322,True,3387.27654774139,3422.129500072698,3422.119649117071,3693.7515174241894,3660.2037011029124,186.38549392809077,15.836757172565825,1104.533462298925,1137.1838437415383,428.83311449614104,428.7598644939451,282.51597575530894,5.053776278843165,15.050046941640806,22.13361015271987,17.590644812749005,4555.4465474884555,26.27878556140244,51.922584322703834,349.51602474982894,0.7881899246854404,0.7878787820272335,,0.7762770755993602,,,0.8751429531265023,,0.683116254091428,0.6822529369177226,0.8670738889724277,,,,,0.876689056166943,,,,0.9404831405634744,0.6812103074624157,0.6822606701468525,,0.6856251123332376,0.6832591258151316,0.6837076737016372,0.6790888214683444,,,,0.6842297593221661,,0.6825400611661754,,0.685282977475865,0.5957155712946264,,0.6650561210912034,,0.6662894595812274,0.6668510008419698,,,0.6698314105206228,,,,,0.6688531318227631,0.6701892923494798,,,0.6678543920184186,0.6686938957807448,0.6694576646685022,,0.6679744193919408,,,0.8888692936559908,0.9327845072206168,,,,,0.5475164895078044,0.5456610931637825,,0.545835988038924,,0.5460083329126184,0.5467070668513093,,,,,0.5473400391519733,0.548342594865033,,,0.5466609497220739,0.54697364235311,0.546971140712458,,,0.6365458437263712,,0.6358849169342554,0.997287882178542,0.539369314880899,0.540115802069639,0.5403849040222062,0.5406634125623074,0.5408707075656627,0.5398613716732574,,,,,,9.157294248694477e-05,9.196620297052188e-05,9.156940238473333e-05,9.202803486193642e-05,9.183794767778678e-05,9.181302482755377e-05,9.175896834416432e-05,9.164596040996528e-05,9.173560819001856e-05,9.153707461802092e-05,9.150025725487521e-05,9.165426383872794e-05,9.178116897502408e-05,,,,,9.17320854640867e-05,9.141062715617269e-05,,9.171636547316666e-05,,,,9.157302144123305e-05,,,,9.181086313435582e-05,,9.139023011974419e-05,9.18055119999723e-05,,9.175237371459964e-05,,,,9.168386822485744e-05,,0.9522551228152428,0.9524075841335027,,0.953126591728927,0.952712045574236,,,0.9517464132367658,,0.951446026094143,0.9525850713795955,,0.9507440938509302,0.9526119839425098,0.9494232597628447,0.9522552108163851,0.951133607567449,0.953666841270313,,0.9482699745256954,0.9536309627312629,0.952387177360209,0.9524930537383343,,,,,0.9515637626766063,,0.949444526895838,,0.9515702927317807,0.9521230363468567,,,0.9524412093796598,0.95206513022599,0.9520454425432342,0.9507321759705666,,0.9507556679108383,,0.9499625719659007,,,0.9971884076135217,,0.9973089649131319,,0.9983048615784124,0.998506202995115,1.0005560327615208,0.9992771186956451,,1.0003703117391025,,0.9990991642244439,1.003005795252772,0.9972238239005683,,,,,1.0009510947977196,1.0008269800540208,1.0007620427700905,,1.0005714515961255,0.9999962513320266,0.9991571456559833,0.9965623817374197,1.000127820496731,0.9994375736745639,,0.9992536316912569,,1.0001405716307348,1.0005095777395963,1.0024103423487747,0.9996356499731747,1.0010288031479924,0.9989124295727222,,0.9992042701150966,,,0.9999379949963741,1.001598546548332,1.0010764842999076,0.9986609431091454,,1.001818819046766,0.9963953369991678,,1.000773818129864,1.000041570365093,0.9971946544160245,,,,0.2668939478463943,,0.5917412429995901,0.5919918427416453,,0.5903065713072382,0.5913979423074285,,0.30169758106069616,,,,,,0.30067506798850363,0.30137999805485266,,,0.301568228780786,0.30174988507978573,0.30127839749881014,0.3022768019428923,0.3011140976139776,0.3002865385025609,,0.30203371705000276,,0.30104744414699475,,,,,0.3009636162072732,0.30290088893909,0.30069044063661743,0.30073703068702323,0.3011171502557766,0.30132843057731096,,,,,0.301092345744454,0.3024096715569551,,0.3012043465452962,0.30082803480805664,,0.27734959804125203,,0.2776131122911313,0.27662351343799557,0.27684549408129333,,0.2775064670545341,0.27700300677204587,0.2763502224985398,,,,0.2779882670456331,,0.27757912757381253,0.27693530401384353,,,,0.27737409610658276,0.27699306687528363,,,,,0.277079183129444,,0.27687798303459515,0.2776314529666308,,0.27798427718458496,0.27730085458746956,,0.9179108177192383,0.9131480012542679,0.9168991849666867,0.9149604412545164,0.9156217232154648,0.9171870348357897,0.9177034359253861,0.9159689232479625,0.9148899636267366,,0.9173842028041063,0.9182696669555456,,0.9158915366581808,,0.9185871419401257,0.9160667041726508,0.9182014110684631,,0.9165088982678805,,0.9154023747178076,0.9145977381735982,0.9161015955836307,,0.917626560767632,,,0.9153395035641735,0.9138955164987869,0.915725669335287,,,0.9169123527728023,,0.9170940556862939,0.9154775222086068,,0.9172919356432438,,,0.9166035707897074,0.9165800364143509,0.9149379542813709,,,0.9158428508879799,0.9177259073444798,0.9148295202479958,,0.9154382676461963,,,,,,,0.9184618907882397,0.919517577419724,,,,0.9187838110044941,0.9163349109009654,0.9172866998300921,0.9191127931619301,0.9165047834036473,,,0.9171666492134118,0.913357784046801,0.9165792165217579,,0.9151148958551701,0.9190055233355812,,,0.9169984909795468,,,0.9190839844707452,0.917168206446531,0.9165673405853573,,,0.9538791742814172,,,,0.314766339672513,0.3138570958309135,0.31399730563570444,,0.31383740496325174,0.6062576507752487,,,0.6065225890756704,,,,,0.9201069820361374,,,0.5878761342114571,,0.5686303344439946,0.5670100249725984,,0.552596792609253,,0.2741513697035708,0.9422834443086653,0.8952269310957115,0.2933028196340369,,0.8951550791456488,,0.9511369995641766,0.8940873962827185,,,0.9498994733344988,,0.9517922690788948,0.30203551261081313,,,0.9536226655009477,0.9591142756556325,0.6056916238406022,,0.6059007567119098,0.6037291783692279,,0.6070973096101205,,,,,0.6066982367568609,,0.6070930769471297,,0.6052519837134182,,,,0.8964476759444889,,,0.8938188432604863,0.8968117269975769,0.8935789807149579,,,,0.33446818609804657,0.9648343244366125,,0.9667309203189458,0.9667908697111528,0.8925715618912768,,0.8958723326794172,,0.6129689505530216,0.6127793958838522,,0.6127728296048907,0.6140422659284788,,0.612074054576452,,0.6113633579779065,,0.6130290284029694,,0.6117179794481126,0.6133334120089903,,,0.6130816197159411,0.6118891544137353,0.6133798756010629,0.6132455917356402,0.6128483910516803,,0.6134305973282467,,,0.6126930406155626,0.6133480107497473,,,0.6121246351762488,0.6115507248748688,,0.6107994031203126,,0.6129006942176766,0.6121698436240721,0.61283770593743,,0.6133344914526803,,0.6132253278839741,0.6129042297887887,0.6131502543471606,0.6134392391090491,0.6115720166427021,,,,0.6136061977893544,0.6121637523014958,0.6137333969587829,,,0.613301361087121,0.6147312919122945,0.6134376713016799,0.6106773302262344,,0.6124432362186192,0.6121174188493946,0.9519977302766075,,,0.9510341692506408,0.9527286574914714,0.9485700966732943,,,0.9500112132814018,0.948486275094745,,0.9512956586384389,0.34982158162724797,,,0.34988852968658735,0.34975904390374735,,0.34971907785764916,0.35067994520186563,0.3504279559251154,,,,0.3500290959674537,,,0.3499032433040937,,0.34989812442344476,0.3507195114730851,0.9540926952561686,0.9528793042908607,0.9523571441676806,0.9516690941620839,0.951865786161506,0.95115867969954,0.9536510836683282,,0.9153244068731542,0.9135521594239766,0.9113345546555727,,0.9132413149101755,0.9113148162144978,0.9110004585878528,0.913980106271898,0.9141109038903367,,,0.9152076170987594,0.9158841765248217,,0.350171842528548,,0.35063298321876146,0.34989774701795484,0.35040330419430854,0.3498080319531871,0.35037261415272763,0.35108157013363694,,0.35160334946923116,,0.35030815059145687,,0.34966237693199903,0.35020444548152224,0.9144088296621492,,0.9135096300028657,,,0.9108326460220302,0.9144173919031198,0.9505176657974481,0.9505472330994386,0.9512858924571509,0.9507669026198744,0.9498547547797349,0.9517386456910492,,0.94884179848806,0.9491205751445732,0.9512181081908518,0.9513035095623004,,0.9539493975933507,,,,,0.9488874651515078,,0.9506824499657971,0.9526156169085809,0.9484817767785608,0.9540619232073846,0.9468960319341971,,0.9535788157965464,,,0.9164340264584233,0.9171351188750132,,0.9144364401940023,0.916087062572625,0.9168797676093084,0.9166021854859021,0.9172048244236879,0.918107556886411,0.9118622523967124,0.9125861643684076,0.9144445147252409,,0.9140304717255263,0.916460807230224,0.915076034370986,,0.9137410299931625,0.9149170868476999,0.9161974860943803,0.9159830509430966,,0.9158100792172703,0.9136880925067479,0.9146614423816315,0.5985405104993871,,,,,,,0.8720200095064957,0.677829848911747,0.6773479568318584,0.6767138158131941,,,0.6826092886106657,0.6826890908434672,,0.68243896493761,0.6831074272463954,,,0.6819533600496994,0.6836192536698192,0.6834872694687384,0.6857334613981093,,,0.685186098636674,0.685435777676955,,0.6832576116316532,0.6840458443860562,,0.685109264120515,,0.6835599830065862,,,,,,0.6858264150169795,,0.6843542721767619,,0.6840948921916218,,,,,0.6828428640091823,0.6845680899310774,0.685660861963796,0.6818375897868065,,,,0.6839147461127617,,,,0.6834742451349684,,,0.6828180658698203,0.6830815827826999,0.6846234936897037,0.6868531693651421,0.6864250196280964,0.6816538086971307,0.6822672245860969,,,,0.6836911575497052,0.6827592390414622,0.6821692168274955,0.6839613520850277,,,0.6842578234781395,0.6838869348380847,,0.6826585308443909,,0.6834594429922419,0.6830877239835196,0.6845778810609795,,0.6837029128869418,,0.6822134285330007,,0.6834515484089626,0.6846951803554944,0.6840029233350238,,0.6851094096800284,0.6854156305182254,,0.6832626795261939,,,0.6846074924641544,0.6831014006135119,,0.6840084088683938,0.680930158217272,,0.682431994728381,,0.6837757024873015,0.6857639564104773,0.6831239685808561,0.6855280073009765,0.6850172981519974,0.6835292784754463,0.6852831858116738,0.6827931432356792,,0.6828523162072552,0.6819415949466134,0.6840667679553818,0.6813871484657588,,,0.6840525070877214,0.6833174985766467,0.6829979065267193,0.6847075969078039,0.6846629231412197,0.6850941438173663,,,0.6838959724662991,0.6838878468212289,0.685787252591267,0.6856272300836793,0.684268404656818,0.6858122746389642,0.6838833817156024,0.6845461137420885,0.6850965298890235,0.6834572712007672,0.6850207928813371,0.6841167484086631,0.6816293687423268,0.6837401679630111,0.6815186667913569,0.6819238683192511,0.6822738924754533,0.6832641696299575,0.6839272378646035,0.685807441775056,,0.6835532342538814,,0.6848435250030421,0.6815884190274368,,0.6838341667952297,0.6846308225352635,,0.6830990485879421,0.6823136119032706,,0.6831884089653084,0.6841529005208389,,0.6851099779292673,0.6827576147082324,,0.6838085360185189,0.6850588224880889,0.6824426156976386,,0.6851813434288747,,0.6852936219393917,0.683926160885621,0.6830665198053348,,,,,,0.9321377471498372,0.6204238438192599,,0.8751024263792313,,,0.9360346144094972
4,4,DG_8pct,16,Z18_F02,18,SLG_A,174947,181889,True,3249.5825934820114,3301.3614383949853,3277.0730893318505,3562.0721709023915,3532.8264286425956,182.0434464308971,15.94019662196862,1079.0216720334838,1102.5403822656203,417.66004821420245,417.0730408082324,275.1348550823238,5.0266303571972255,15.13142524635773,22.224209664256886,17.507152863182206,4396.727774283567,26.466493118276833,52.258968934882375,341.54905538208857,0.7919184633386873,0.7926432218744627,0.7879538653148824,0.7828783566255514,,0.9529227329450933,0.8774226592964929,0.6894199235984799,,0.6874657590390523,0.8672191432784699,,0.6353347953978843,,,,0.8778261268113228,0.9412852134482164,,0.9435613466646922,,,,0.6892488650793271,0.6909876009974751,0.6910772431511789,0.680289783246655,0.6802907830648759,,,0.6908759301535593,,0.6935602695710843,,0.6907806609611588,0.60695729061075,0.6682025933036891,,,,,,0.674106285123217,0.6754300118437156,,,0.6737668622624475,,,0.674429076521956,,0.674549032376591,0.674939729502744,0.6733395857391989,,0.6721037287145122,,0.5725387289600178,0.573543986538249,0.8881043809846646,0.9364701123484316,0.5641785793276036,0.5632105221219312,0.565008971242235,0.5645828150909283,0.5648687249402518,,,0.5626939507465073,0.5622273883994192,,0.5649033628949028,,0.5632253376846499,0.5628806097255579,0.5644359283405938,0.564527378651925,0.5633157525527588,0.5620155233067597,,,,0.5636252781315249,,0.5637137297408635,,,0.6442351743380884,0.9989303180226736,0.5446845205694788,0.5451823998635253,0.5457684808972213,,,,0.006171602691450217,,,,0.006157792186987155,,0.006155393580188687,0.00615881746514091,0.006189045039724318,0.006175114366225804,,0.006177476711837193,,0.006164072009918117,0.006161041700971758,0.006153179274875604,0.006160557510148189,,,,0.006139537342124796,,,,0.006170318315423044,0.00616225079696655,0.006146829474678374,0.006151800597205256,,0.006176767142135256,0.006142207899310871,,0.006150122729506696,0.006186967416220114,0.006160670223922772,0.006166521536333703,,0.006152695943315989,,0.0061642469369017055,,,0.006155561491880611,0.9602051694599615,0.9592692536594292,,,,,0.9563106779412203,0.9577973196189778,0.9583930794859137,,0.9565079919863999,0.9575047806628065,0.9557200756191097,0.9587514051044795,,,0.9581300268834892,,0.9594092297361827,0.9585173398490627,,0.9575855967530498,0.9563559996664847,0.9597169184082963,,0.9604107618569246,0.9596518646462953,,0.9568538123109488,0.9556617428476638,,,0.955363592910671,,,,0.9590139955710788,0.9586307302868564,0.9589557538283953,,,,0.957528242625883,,0.9561200649153417,1.001372419626417,,1.0005598209687072,,,1.0058813844234877,0.9997257699889045,,0.9995941513460949,,1.001048901591994,1.0025643931489874,,,1.0033272178616839,1.0012630616605667,,0.9989233814155818,,,1.002539001739925,,,1.0015050619129484,1.0028604703051853,0.9995295423672235,,,,1.002389102518604,,1.0017374167863011,1.001644917126668,1.003840164629857,,1.0003792297420884,,,,1.002845553136921,1.0006820234489258,1.0016248411834607,,1.0020121005444822,1.0042178063958924,,,1.0020926377198471,,1.0023764927749597,0.999591833558801,1.0034221807309824,1.000951933125078,,0.5933848069531708,,,0.23661145451372112,0.6003016351933897,,0.6002343760620579,0.6025584591855935,0.6002874674131013,0.601764915026226,0.32423612729428986,0.32487148085079004,,,,0.324870547445079,,0.3255194675165523,0.32453113863775723,,0.32538096554253965,0.3250739182263251,,,0.3247332735257962,0.3253362484131936,,,0.32578035358324814,,,0.3238726255863346,0.3241020445555247,,,,0.3240170858695871,0.32474768215076344,0.32491684214833444,,,0.32414802142143284,0.32392480811587593,,0.32358317579652945,,,,0.32454043090017415,,,,0.30191561140771633,0.3015855541525424,0.3020101728201074,0.30148907358344756,,,,0.3016588308629014,0.3020696350990023,0.30198273070311693,0.3016708405525808,0.3017497452465541,0.30228870147885156,0.30190187732712975,,,0.3028673719030341,0.3011679105775366,,0.3015107039224844,0.3019919829972467,,,0.3020027374486941,0.3018429363029831,0.30089172152533245,0.30153610393097047,,0.3011318699444824,,,,0.9196586604725552,0.9200337781679817,0.9192207540566446,0.9229983832830294,0.9203045272617874,0.9208955528123282,0.921689011583493,,0.9224539959734677,,,0.9251326206598942,0.9203811096762133,0.9223085469850482,0.9241432599203783,0.9220849969540138,0.923652758537545,,,,,0.9222356650839124,0.920957423023966,,,0.9187642872740561,0.9190779917286963,0.9202772889890446,,0.9235559838149943,,0.923434155136257,0.9226079634005592,0.9208885699367235,0.9211028601569744,0.9228181708524695,0.9204270179039664,,,,,0.9207839354008102,0.9212250769913229,,,0.9214163863706192,,,0.9200311537293215,0.9195761774063089,0.9193458913202682,0.919922430964573,0.9216520882394208,0.9233740961765573,,,0.9205821955921647,0.921653058417276,0.9186616478344368,0.9226039232913551,,0.9213254050054176,0.9209576373782581,0.9244709116953151,0.9240154828915602,0.9225156143891932,,,,,0.9202028305252851,,,,,,,0.9229454614825314,0.9244106204307887,,0.9235271998991703,0.9242113098136618,,,,,0.9524378053328634,0.9530011845214096,0.33707930319399293,0.3375278296341536,0.33823503758557427,,0.33730031475984656,,0.6244590143415578,,,0.6236858985633089,0.6268446740293127,0.23737398655198566,0.9577819770164666,0.9231518585822862,,0.5977013507354676,0.5976424941159536,,,,,,0.5624652893411124,0.29920330697268466,0.9374495345135903,0.9046386362182572,0.31723862944250536,,0.9068615183060386,,,0.902232287502383,0.9497962487508619,0.949632399710221,0.9510329599720252,0.9496340819455247,,0.32631478248138024,0.9500813173284129,0.9044515414928164,0.9524914700967312,0.9555618433919968,0.6167523126056614,,0.6152732904832152,,,0.6153967930758273,,,0.6176951402942636,,0.6158883040522656,0.6154499683734005,0.6151256912263101,0.614847775127981,,0.616164397057361,0.6169200367432301,0.6145118400295876,0.9019767959534931,0.9056120420663234,0.9030177830496238,,0.9009095791693739,0.8985872616563068,0.35787890751348284,0.3572597020955641,0.357458425745562,,0.9608541078680204,0.9641892128526948,0.9608071514903013,0.961364171003637,0.8993169926866043,0.9009249754005818,,,,0.622261785075239,0.6250116969833749,,,0.6237356299543667,0.6239120656869499,0.6252084524875282,0.6233187226226758,0.6231647290183583,0.6232232326374848,0.6243120464438449,0.6225268638409712,0.6242114747762014,,0.6247596635463333,0.6247075168363119,0.6238495657405292,0.621766305737301,0.6243783940530425,0.6242302452839888,,,0.6246393205676164,0.6223725284903207,0.6220725589321524,0.6220492472486052,0.6219398715968578,0.6232561630625233,,0.621124674668161,,0.6229730331941815,0.6218697210849888,,0.6216570977719565,,,0.623105032534323,0.6206581666736256,,0.621920650185951,0.6229018221027395,0.6226591528768702,0.6219195918111173,,,,0.6228946520103251,0.6236729553054949,,0.6227666461990272,,0.6218066092503516,0.6222409620432607,0.6194690314008825,0.6228801311194762,,,,,0.9473870320873162,,0.9482189964816072,0.9472332259153677,0.9485841732156086,,,,,0.9473757672949145,,,,,0.3723195036837211,0.37196178627313414,0.37095518016883505,0.37216308292427214,0.3717682952564508,0.3721392684512054,,,0.3712968361657811,0.37072575741634056,0.3709632912638945,,0.37100998891066883,0.3711102589510391,0.36997603499182286,,0.9466843893537963,0.9486249694253218,,0.9467312822444626,0.9483238877879553,0.94907683677537,0.9496074322138632,0.9469676727786637,,0.9181789450143485,,0.9181519192065806,,,0.9180833353292801,0.9180128000865182,0.918054892724476,,,,,0.9159709684518322,,,0.370656100383527,,0.37162910008498085,,,,,,0.37110019863154553,0.3717509827279771,,,0.37035193395456023,,0.9192332056900868,0.9186810945153069,0.919583594486997,,0.9198487982706063,0.9198761253127148,0.9486263668344144,0.9472655406559162,0.9487541223247551,,,,0.9506853442911632,0.9472497280297515,0.9506002667080214,,0.9493166874977289,0.9494293375021977,0.9494959594687844,0.9527957129494817,0.9494424556266657,0.9501304951589153,0.9502084851070539,,0.9485220189559637,0.9487807235580065,0.9494649616437475,0.9487028324881407,0.9477795895074763,,0.9477128581173607,,,0.9236021691618533,0.9205061703865896,,,,0.9187826002774453,,0.9186101756614712,0.9252822774682294,,,0.9157947210249673,,0.9221884716673442,,0.9210149763197688,0.9189988034062675,0.9191148721879038,0.9215916327179791,0.9228240474550677,,0.9206830347948561,0.9180226713329795,0.9168998133972052,0.9190128818814962,0.9186037899641881,0.6054636452042166,,,,0.6072215722698414,,0.8889867240013073,,,0.6826546970001195,0.6826449790401127,0.34038958574555167,0.687854450336711,,0.690635194099748,0.6895044064054743,0.6889834228638113,0.6904093781231458,0.6893005516553554,0.6906997840998558,0.6918046886908673,0.6903589216193651,,,,0.6888594366060277,0.6895423200036873,0.6903547995168847,0.6901014882881518,0.688928151496588,,0.6912992069329033,0.6893411863000456,,0.6894266446206239,,,0.6926423234481142,0.6894822457518006,0.6914053152180133,0.6916256759830732,0.6907345709767247,,,0.6909376366274222,0.6916874548371017,0.6902511429046222,,,0.6885387557276631,0.6940001578234543,,0.6893648246497635,0.6914924461482164,,0.6898371099399423,0.6880485145031194,0.6878662680875484,,0.6897302936007758,0.6897120791460585,,0.6928051446124687,0.6892376794667734,0.6893057899715094,0.6907567678857207,0.6898668341271781,,,0.6892596757789322,0.691576539864295,0.6909582402555098,,,0.6905066938329294,0.6885967740143563,,,,,0.6891150458511126,0.6919480551616978,0.6928340576832253,0.6904924131471843,0.6903202806610873,0.6894245908928626,,0.691408774168165,0.6892941395161598,,0.6898457602772674,0.6897208471005184,,,,,0.6890245349210149,0.6900404109293109,0.6907545796881782,0.6909916285318903,,,0.6904277456460924,0.6899412483925305,0.689345276550646,0.6881717731434773,0.6901689478279776,,0.68921341192773,0.6907717977562547,,0.690944193077544,0.6900257728550918,,0.6913814086020399,0.6901904165018181,0.6905661483437548,0.6892605502686151,0.6887391791335205,0.6890737903894345,,0.6916492117834757,,,0.6893249342182802,0.6894525106172209,0.6893824236775644,0.6903726014165646,0.691827122855123,,0.6895840765957503,0.6878813642830905,,,0.6892575463977897,0.6900480909399217,,,0.6905593744317421,,0.6901320813506839,0.6876074298880785,,,0.6895022650426135,0.6897599991405029,,0.6907762272786061,,0.6900715180558895,,0.6887271938941206,,,0.6902984174981098,0.6913887115938527,0.6899246740433351,0.6914887927364523,0.6888871633555249,0.6881696991358464,0.6898441225676666,0.6891348421699489,0.6898854079631253,,0.6910394811885422,0.689788303393235,0.690625617718224,0.6910404289730524,,,0.6883553664694607,,,,,0.6904026109447816,0.6899723367266285,,,0.691480228110439,,0.6478847750941159,,0.595451327543343,,,,,0.8778599748178372,,0.9426246361862303,
4,4,DG_8pct,16,Z18_F03,18,SLG_A,174951,181886,True,3288.659455120797,3331.922203503905,3298.1557348282013,3573.6958571004425,3564.5303285731825,183.3462940643155,15.956848411144584,1080.05577604615,1111.5907701847102,419.5074930853379,424.0301095130332,275.1122196406147,5.015522518466753,15.135152538146379,22.277122601643782,17.500309535704638,4414.91970145582,26.132170856040823,52.20663393909361,343.4523718582981,0.7887824651614619,0.791392408628351,0.7920852140586031,0.7826049510640933,,0.9513666272911363,0.8761494098599962,,0.687223860197071,,,,0.6319948922884343,0.6320071029018881,0.8789300372566798,0.8796871675685505,0.8762778022341704,0.9407114787765918,0.9392451873439142,0.9418789892997081,0.6869660081553057,0.6888003992624571,0.6892463071827433,0.6884775424962458,0.6889862842381973,,0.6800324598670753,0.6797172658960062,,0.6926091945691046,,0.68783257128276,0.6914460923358878,0.6889163056253191,,0.608554882648518,0.667236436745383,,,,0.670969736056205,0.6730474372285812,0.6737769563477107,0.6733229298155005,0.673142090870085,,0.6745019358361397,0.6715856700316988,0.6731631197652437,0.6759475543479561,0.6736273386891634,,0.6721528453112601,0.6735423675839594,,0.6726029812006445,0.6720387994812368,0.5701735604908074,,0.8885800765358843,0.933323575244687,0.5611609195710247,0.5603492506048151,0.5620496816912989,0.5617406622791307,0.5601678791307644,0.5613383805864399,0.5622786475228824,,,0.5614020343138496,0.5609704261692411,0.5618242596038525,0.5613896196965894,0.5613759425302569,,0.5630586228429091,,0.5623952611050267,0.5616143822335168,0.5623272707397008,,,0.5624469841985735,0.5609763057275561,,0.6406275355685512,0.6434318321212239,0.997886226721573,0.5445376220020195,0.5441297102179504,0.5438076020626676,,0.5440217974364342,,7.715214656269782e-05,7.736319801567722e-05,7.730603971578758e-05,,7.696831653004542e-05,,,7.696737795483108e-05,,7.689628766379914e-05,,,7.686963075292327e-05,7.69949179507052e-05,7.701386822580148e-05,7.701494613967842e-05,7.716782230230252e-05,7.693431047112908e-05,7.717813411242827e-05,7.699420183290785e-05,7.705766451907039e-05,,7.706876235060608e-05,,7.706689415763076e-05,7.697984485446175e-05,7.685032850012344e-05,,,,,7.711137107652395e-05,7.702341301950565e-05,7.697393747577168e-05,7.691849938882574e-05,,7.683864163611123e-05,,7.703085149543328e-05,,7.686823906099822e-05,,,0.9580988415761252,,0.9578209366714302,,,,,0.9594331295323926,,,,0.9587040283314415,,,,,0.9564851483058243,,0.9575818068864641,0.9580415225325153,0.9566638110045231,0.9570830147282923,0.9574194567413407,0.9558084384446828,,,0.9552387919316478,,,0.957191617385281,0.9598546068342548,0.9552587652293844,,0.9534524014059738,0.9549473651211635,0.9597229615407381,0.9592492576678886,0.9535441920062797,0.9550195130354591,0.9569433014257532,0.9592981710856326,,,0.9561024876091712,0.9522434556245679,,1.0019739682285513,,,,,1.0037396071270104,1.0047343006714398,,1.003658747801035,,1.0016503132386934,,,,1.0049109268589997,1.003674427005293,1.0026692197122504,,1.003799011186865,,,1.000438681627621,1.002300849968047,1.0005322489796844,1.0037056507502464,1.0004337282822484,1.002359688555836,,1.0043682088102388,1.0004645539014874,1.001366464737598,1.0015590035417097,1.0024888557547211,1.0014039442946572,,1.0006498349138266,,0.9997375947904646,,,1.002536339919652,,0.9994479743149252,1.0021977828557316,1.0027411091716631,,1.001475827801877,,1.0036107691193865,,1.0011477426601507,0.9993240970026711,,,0.5949795027957594,0.2875952896786076,,0.6022145682678852,,0.6018576492628301,0.6024072718025774,,,,,0.32065079198428176,,,0.3202500270440565,,,0.32181334688787033,0.3204647101185009,0.32056070309068624,0.3199383364155202,,,0.32093493046734684,0.31997610227839723,0.32122043028046937,0.3217815357119449,0.32081406808260166,0.3221358962004063,0.3215758100587555,0.32137044696067885,0.32151203811618684,0.32025210145518995,,,,,,,0.3200316532301271,,,0.32051483004830933,0.3215349877948554,0.3191605739540051,,,,0.31960156490904335,0.29761132618360486,0.29876489912225856,,,0.2984389391835079,0.29851534910892724,0.2982620942470938,0.2970817810509166,,0.2982779313326863,,,0.29739553800455243,0.29810354558838575,0.2988910286016212,0.29796714129335067,,0.2991416972116173,0.2987709883127465,,,0.29801318773111435,0.297885712533792,,,,0.29767590956107615,,0.29852122435626577,,,0.2964821264500307,,0.920784901876376,,0.9237164886676229,,,,0.9177699934407766,,0.9192583209977282,,0.9208684316304289,,0.920202946992437,0.9222483039624015,0.9211767211532935,0.918543381496023,0.9236219306501277,,,0.9205531050713586,0.9231007412617569,,0.9189132205157027,,0.918674492790013,,,,,0.9217409088501949,0.920880915760142,0.9181835449096343,0.9213506536626005,,,0.9205138478497499,0.9214521071316581,,0.9208299164721669,0.9200455578341438,0.9218368065080933,,0.9182184692700659,,0.9187833269851929,0.9226667454098403,0.9238003443047539,,,0.9209681312179739,,0.9209809111266863,,0.9193737338443082,0.9218840313274458,0.9196757456723893,0.9199052661122007,0.9212102583712805,0.9204332599122499,,0.9225139702029109,0.9200278574440146,0.9213361758843768,0.9198419000562512,0.9230125400571121,,0.9204513464772335,0.9229610262686148,0.9238836597093009,,0.921293656681784,0.9214306543917098,0.9215912060230592,0.9202328635854254,0.9207442708335076,0.9210803590820623,,0.9204865221593711,0.9230781263638238,0.9209111786339552,,0.9217937732407523,0.9203122681347232,,0.921151521372601,0.9494305081788432,0.948633299319141,,,,0.33367913365453966,0.3342731869092281,0.33373613102332045,0.3328769119955646,0.6200318421974599,,0.6199510144446554,0.6220795360391588,0.6216024903614089,0.621579893118693,0.23303543268947596,0.9592183263817823,0.9224193919720689,0.5987988461371216,,0.5959170124121871,,0.5798092299955934,,,0.5632532074525686,0.5629817384546514,0.29446476644842545,0.9387650102075359,0.9032960733295161,0.3123916993371948,,0.9011712223989037,0.3179123375359574,,0.8998611035263097,0.9498446716374442,,0.9509133352798419,,0.9512706302501183,0.3217149472591201,,0.8997232998422457,0.9554954751241573,,0.6152398410304486,0.6156924281525595,0.6156828317602213,0.6150500536150758,0.6154046347137547,0.6149385304556754,0.6160935537688216,,0.6143364640629603,,0.6145850632184028,,,0.6156274978043795,,0.6155567218757012,0.6161511982493066,0.6148231454194216,,0.9014874270093979,0.9002099576355513,,,0.9013152939317778,0.35415102689247246,0.353396527160952,0.35442299854464315,,,0.9609408848637188,,,0.9008848470743083,,,0.8995472023665105,,0.6228254129444981,0.6215442558559211,,0.623216147411423,,,,0.6237877671724484,,0.6225574073080761,0.6229035184362534,0.6222333704244748,0.6243787132883335,0.6226508840334976,0.6228447216112456,0.6233838215493196,,0.6216333337845269,,,,0.6232101045535456,0.6237341824606925,0.6237190535839282,0.6223356100356938,0.621671141613844,0.6216733043990462,,0.6213778549209718,0.6206345090326525,0.6238137869116734,0.6228189642646615,0.6212343873434916,,,,0.6206345391763641,,,0.6221959578663059,,0.6221158513872621,,0.623123376486483,,,,0.6238498232746518,,0.6215014587800898,0.6231669195089262,0.6220375399924991,0.6219937287911512,,0.6227415030647153,,0.6230459759739526,0.6218850714202196,0.6224751481957228,,,,0.9484169706419083,,0.9479212973695567,,,0.951047493775995,0.9501224504563784,0.9492569251396847,0.9492880689136163,0.36786951339500523,0.3686675610364594,0.3676013449846193,0.3675266926008217,0.3673135851053746,0.36800601201942085,,0.3666111054942011,,0.3682738734319683,0.3687890571456438,0.3688801471400117,0.36743247752380304,,,,,,0.3675957965681733,,0.9492189975710442,0.9497764788082506,0.9482793098507777,0.9499179591161528,,0.9497238504506595,0.9514193494503322,0.9165946516713437,0.9192157932123898,0.9175786895037533,0.9149883516708186,0.9179492240518919,0.9175200298488221,,0.9187525553289363,0.9198267690779348,,0.916607286915113,,,,0.36660329876887776,,0.36824434429308367,,0.3670051075828108,0.36917645358345935,0.3680346833077127,,,0.3672564104631664,,0.36791189297722476,0.36249545876189004,,,0.9171621045761775,,0.9151254451284174,0.9190096858619765,0.9194619501468128,0.918957520547669,0.9178341203001705,,0.95060656886949,,0.9466545660294431,0.95057293630729,0.9491116785813887,0.950323578163261,,0.9491339277471736,0.9490139868899564,0.9507036916618267,,,,0.950917217992923,0.9469919235861848,,0.9489774845535454,,,0.9469531323064841,,,0.9479769002960959,,0.9506418821855647,0.947050217397623,0.9191597267206828,,,0.9209322853108971,,0.920914937101942,0.9184101557670182,0.9182870272450476,0.9193611253098412,,0.9160884572380491,0.9180356923720866,0.9183344862542937,,,,0.9202559254152962,0.9182366001301202,0.9197857970026435,0.9176585652601913,0.919044656871118,0.9202662798049551,,0.9199487038055864,,0.9210783150631978,0.6070966896252555,0.6070940482135334,0.6075068562665535,0.6058326811522382,,,,0.8726679021436113,0.6825920392934312,0.6792192962932978,,,0.6890449197191897,,0.691001485932462,0.6902882072629956,,,0.6882542253046432,0.6898223072495815,0.6879079244171779,0.6881344223785854,0.6903748444127281,0.689805549088044,,,,0.6894356031105704,,,,0.6900338845160429,,,,,0.6874980666367166,,,,,,0.6885414260701618,0.6884629575032257,0.6900533086471157,0.6873749672110958,,,0.6901034242674777,,,,0.6873991250557945,0.6865120439058982,0.6884607291466126,,,,,0.6889988226429549,,,,0.6872537528526367,0.6892099277419602,0.690243837287122,0.6912306824235724,0.6891870973376116,0.690537605753849,0.6884919855752115,0.6886111077853934,0.6896204629629799,,,,0.6885780292417019,0.6893958934319996,,0.6883120266687854,0.6905848902514066,,,,0.6879859524332761,0.689938025376404,,,,0.6893807861186054,0.6892048973520475,0.6906248133997749,0.6889389569275587,,,0.6873626042590518,0.6877196164795963,,0.6883052558512739,0.6889339923122035,0.6918804746250705,,0.6901742241975021,,,,0.6902607710882994,,,0.6906725575035408,0.6902987397166311,0.6897261844869526,,0.6887707933033039,,0.6879879566143736,0.6865563626711428,0.6887895493938844,,0.6884721959858167,,,0.6890912073186704,0.6884840329292585,0.6900768155096483,0.688825704496658,,,0.6897752105150828,0.6877432448725299,,0.6892697108278334,0.688448497715002,,,,,0.6890455966069785,0.689088974074619,0.6905219683680199,0.6894220779242631,0.6877057095003053,,,,,,,0.6904737979889187,0.6898927662391405,,0.6884157264340814,0.690251161552969,0.6890050563719853,0.687905979388255,0.6896990957313329,0.6884556045427855,0.6896070796630912,0.6900084143862151,0.6888484345922274,0.6906472589527174,0.6883200270054243,,0.6895045644252291,0.6892661017145593,0.68891426397534,0.6887421282934274,0.6876031630635249,0.6891696530784778,0.688316543572554,,0.6892981992282441,0.689095782375759,0.6905864203648482,0.6870188018115586,,,0.688257161597113,,0.6891818308937588,0.6890400293782246,0.6475681367107873,0.6479157030404044,0.6458709526692806,,,0.9340545003258585,,0.6316867957543816,0.8739895934104449,0.8765478035558917,0.9430183947930605,0.9389086082371902
4,4,DG_8pct,16,Z18_F04,18,SLG_A,174951,181886,True,3276.733690085592,3318.946624881494,3323.9083722566593,3584.9771205855855,3569.9610726835217,182.23643741267523,15.936637417850928,1078.9010134886655,1109.9956265239052,418.0256958818529,418.8943125470023,275.11637226974614,5.000530948504327,15.1507528464478,22.31987038765397,17.482974343730568,4389.108210304734,26.368574732049257,52.24824573087627,341.14422892890315,0.7888226771858703,0.7897015411213131,,0.7801191623671764,0.8814378421754037,,0.8742506211045064,0.6850444910123066,0.6865899642784119,0.6865952998905529,0.8648791178395547,,0.6331413354186924,0.6340114693151566,0.8770537707362916,0.8778317760855695,0.877553177581872,,,0.9426345870157042,,0.6884198737251994,0.6868342877192826,,0.6897078541060919,0.6902645529248734,0.6814213270661614,,,0.6895436893730506,,0.6902588747225862,0.6902819781955534,0.6900139875861044,0.6922809770409688,0.6087647539345957,,0.6690560583647518,,,,0.6721793616690666,0.6740028426746444,0.674068316481622,0.6723395169791123,0.672579404337622,0.6746066136051498,,0.6736462076075233,,,0.6723095796976652,0.6746677498461495,0.6716491820038097,0.6709026212796566,0.6729518631432294,0.6727189903904217,0.5710292988815914,,,0.9307882879813048,0.5629345931183664,,,,,0.5614012510705004,,,0.5613928514934037,,,0.5613518043350524,0.5611484931763274,,0.559982206164481,,0.5611411995391524,0.5613633481166138,,0.5612619127736644,,,0.561880193142622,0.5619797223286322,,,,0.9982916624289216,0.5430288612988848,0.5441963523441097,0.5435480435698061,0.5437237562498418,,,7.726696549848627e-05,,7.707556960685797e-05,,,,7.723984923746828e-05,7.743156049901616e-05,,,,,,7.697261652194514e-05,,7.682816452220507e-05,,,7.725490589244963e-05,,7.696855613433113e-05,7.696491845678849e-05,,7.695426767892257e-05,,,,,7.713073442834263e-05,7.707366103858497e-05,7.684181557897174e-05,7.69759989605926e-05,7.66648166023357e-05,,7.708710256413724e-05,,7.711090193858842e-05,7.698250538317246e-05,7.683630143998073e-05,7.715408868012912e-05,,,,,0.9557326158254161,0.9587761678656089,0.9560605884500802,,,0.9580630380948306,0.9592021482581731,0.9584282933951305,,,,,0.9564831106587958,,,,,,0.9579725510841808,0.9567257577418433,,0.9590689639866765,0.955254170405387,0.9592556667402266,0.9567545985070363,0.9592020667980468,0.9545196045193269,,0.9569422864663393,,0.9596364652533101,,0.9576240000164784,0.9568810619326918,0.9580035371829969,,,,,,0.956601116386306,0.9554913947847257,0.9572235193069818,,,,,1.0021057312178527,1.0013849675093216,1.0020701446122662,,,,1.0045276963936458,1.0026535384774489,,1.0023998448658036,,,,,,1.004613720424737,1.0007176876808392,1.002216634673046,1.0035582985898452,1.0009771457103125,,0.9997471389931225,,0.9995930531196211,0.9997307439169414,1.0000394948710287,0.9998990237066613,,1.0036799138714665,,1.0019061800156701,1.0037319953515762,1.0064179882281687,,,1.0033867612907932,1.0051417715453201,,1.005410237331313,,1.0004639543783942,,1.0017646264989224,,1.0001512735005893,1.001807081778245,,,1.0023245400671077,1.0004575265342994,0.5954251972589135,,0.596282304805384,0.28746333082579034,0.2327495562318854,,,0.6033281919558833,0.6025988961745365,0.6010922170489229,0.6013373739884201,0.3219632216705092,0.3220192803101753,,0.3204951604242258,0.3212144030766721,,0.32094700653060076,0.32095465292693925,0.320869032429348,,0.32147437564871856,0.32080490185778154,,,,0.32020874304773883,,0.3203005325412055,0.319802334946055,,0.3206946800102764,0.32071424249790986,,0.32021043800454013,,,0.3211199963469268,0.3200571676818832,0.3203215373315069,,0.32070699490400745,0.3211520416898809,0.32057713484041095,0.32084449182829083,0.31993628332618623,0.3208585649348772,0.3213316312325512,,,0.32031527854122943,,0.2978810694146677,,0.29778100363839405,,,0.29792252024220267,,,0.29842155307163165,,,,0.2980864962735732,,,0.29726713336817295,,0.2970645386339547,0.29738305913383134,0.2973279347105604,0.2971337673208818,0.2981730769976566,0.2969296920524227,0.2997560712190664,0.297593222315951,0.2973932361506282,0.29723409586123056,0.2975065854211824,0.2971849566726553,,0.2970075711139371,0.9247539129100772,0.9198566069119586,,0.9188606351564728,,0.9211724580226629,0.9190193585478145,0.9210883627811226,0.9197338407705162,,0.9203629122399876,,0.9233532741992612,0.9228204493619696,0.9240630722144808,,,0.9201549169479497,,0.9214435298641087,,0.9195739963076125,,0.9206517637012674,0.9193884711435258,0.9192902804032949,,0.9187303312481093,,0.9190997564855006,0.9192754942860831,0.9162108766633434,0.9172254221183102,0.9167997761043047,,0.9173624417080405,0.9219710597220294,0.9185362218486521,0.9174784932143975,0.9190640217276999,0.9216345225945148,,,,0.921873445841429,0.9205149486270473,0.9198788288149351,0.9219282853878995,,0.9207912775191062,0.9165769326734595,0.9206411158655418,,0.9192110139217756,0.9219784069379953,0.9219812862683708,,,,,0.9210261064077052,0.9203419036508798,,0.9207736966906072,,,0.9226355434116528,,0.9217811165558718,0.9218212294262365,0.9200211127286171,0.919909356631253,0.9210000456171137,0.9207827213560502,0.9202507754719528,0.9212293750763606,,,0.9193559378443723,0.9185237192334605,,0.9213917180118817,0.9226546911192572,,,,0.9519312201455165,0.9514006380305738,0.951690598461306,0.9539436302012636,0.33235456382514034,0.33345610781221874,0.3333764749775097,0.33442572301179146,0.33362977917758474,0.6204291179950547,0.6206837445981513,0.621342520689207,0.6209176001461791,0.6199411142344718,,0.23264688126152575,,0.921563499986928,,,0.5974834725942819,,,,0.561198515412386,,0.5618658900296111,,0.9391883464712752,,,0.9433681534285928,,,0.945845210937457,,0.9493621801441742,0.9530523211713553,,,,,0.9507061260286507,,,,0.6150393323782839,0.6145149941927608,0.6132605319510417,,0.6167131419857156,0.6162724392517541,0.6172308034611027,0.6118732195143834,0.6163740964615951,,0.6156709768444728,0.6158742691290996,0.614793919773211,0.6151688533202244,0.6161387698444717,,0.6146951607272687,0.6153297023260683,,,,,,,0.35361160084095383,,0.3540873656212369,0.35361102271211375,0.9624898904705341,,0.963539434996708,0.9602442429390893,0.9010700388734669,,0.902247445082729,0.8974961674468352,0.623998516317522,,0.623224989546247,,,,0.6240824801923924,,,,,,0.6237733219155792,0.6232077070417018,0.6214024050962,0.623801281407834,0.6222218286429985,0.6254585803250271,,,0.6225134972130985,0.6221111055237875,,0.623044093407731,0.6211384944056464,0.622371022427544,,0.6226658132178396,0.6236757382242217,,,0.6220277132190376,,,0.6225808599645701,,,0.6235008656198096,0.6235119888353241,,,0.6237909772966993,0.6216527412334746,0.6223352384976456,0.6219675525689898,0.6244388996600038,,,,0.6238652985906034,0.6221852380372908,0.6217080110594886,0.6225439365357437,,0.6229771362714083,,,,0.6222651317674855,0.6239867808533501,0.9503714810877433,,,0.9446772707569544,,0.9486384413528693,0.9445115897685457,0.9484648489951145,0.9449872769884069,0.9498625536729645,,0.9489020961611322,0.3672573900407065,0.36853178805867,,,0.36749477530522895,,0.3680936630808548,0.3675234248580106,0.36831949256993585,,0.3669634654454721,,0.36852017198010234,0.368378338157353,0.36760230851777204,0.36757812760228403,0.36803123423206935,0.36860058514824484,0.3679132922146613,,0.9510336456624434,0.951014237493336,0.9505296549575244,,0.9520605673439401,0.951503372018458,,0.918491729037316,,0.918595441535885,0.9171632004067706,0.9187444081620193,0.9182154996176912,0.9154615768203765,,0.9158020957087467,0.9184476723725483,0.9166530718427642,,0.9168203826958435,,,,0.3681204501433038,,,0.36886731868703254,0.3675415665177391,0.36726940187755297,0.3674732917004639,,,,0.36309624619326275,0.36613435911830744,0.36679388748077935,,0.9219431896657359,0.9214001938131405,0.918543592040084,0.917993294198178,,,,0.947986251458104,,0.947893779952316,0.9502225768134276,0.9500393156466903,,0.9500778628988504,0.947405131959176,,0.9484163905285763,0.9495820596777531,0.9496818449896369,,,0.9477835502636524,0.9497489142178039,0.9506427848958969,0.9497658310662174,,0.9481007815987069,,0.9517255377148807,0.9498216120836119,0.9479618817789497,0.9503883143362949,0.948730790132278,,0.9204542315531842,0.9192080306381875,0.9187999354969446,0.9204243264819509,0.9206025609234662,0.919337595026465,0.9193727104720983,0.9210112840190494,0.916866763712417,0.9172240102549208,0.9144752372187124,0.9161794766923697,,0.9192504486052913,,,0.9170532988920403,,0.9201794427425644,,,,0.9198463160201271,0.9228601125831397,0.9165622269656861,,,0.6066138609622127,,,0.6070434178652797,,,,,0.6820590309229165,,0.6901219333647747,0.6887294289384095,,,0.6885267538711163,0.687569501475573,0.6885645930303943,0.6882699663149193,,,,0.6884325065267413,0.687639207865163,0.6898482054999518,,,0.6896929801269416,0.6866781332086678,0.6893459339048235,0.6881406699156056,,0.6899852588548581,0.6887379749249636,0.6888755686525688,,,0.6877601872551685,0.6900316437332862,0.6890375107998458,0.6890128543188014,0.6897980812049992,0.688002003050392,,0.689098256896556,0.686100670472565,0.6882262414614092,,0.6900709420047726,0.6914580389695041,0.6904620093125401,,,,,,0.6895071417568144,,,0.6892645059396623,,0.6864490687283786,,,0.6899397958364452,,0.6891511422643993,0.6906085378915396,0.6905662587197611,,,0.6908437148496899,0.6886079309911896,,0.6878029354697286,0.6898371116195239,0.6898555603506299,0.6868403705081776,,,0.6878561533470116,,0.6894010819642628,,0.6877052087742243,0.6868534843875019,0.6897491837073705,,,0.6887794350837397,,,0.6877491693674422,0.6891512330209069,0.6879255214941082,0.6875506889416405,0.6891965831570357,,0.6889351345649046,0.688057631048665,,0.6902578072387557,0.6901984889119589,0.6895838541055217,,0.6905666193300636,0.6889669359613361,,0.6887102613103292,,,0.6884252297031573,0.6893521687469142,0.6873898801087602,,0.6883109783190444,0.6867892305086041,0.6883894415691889,0.6877224235734496,,0.6885525469850704,,,0.6885210210020203,0.6883818228259839,,0.6889265804282605,0.6914384585611405,,,,,0.6905919269308226,0.69081976690345,,0.6894839034050089,0.6921448333234013,0.6882187648660687,,,,0.6875369370674579,,0.688058365655884,,0.6920669160323074,0.6877055399759576,0.6893863920195957,,0.6877759494161847,,0.6887894952471355,0.6881733753738065,0.6884028665460239,0.688513257078998,0.6899653747977751,,,0.6894372548176898,0.6876417009357673,,,0.6899277826094445,0.6891724243585658,,0.6906955217017425,,0.6886478919277815,,,,,,0.6900905909741819,0.6886700740803393,0.690356160491917,0.6894673796109877,0.688697623719068,,0.646627597054829,,0.6457781415963434,0.5959281023838744,0.8860173106801329,,0.631622955459317,0.6311486176682599,0.8779981520125119,0.8765135870233688,,
4,4,DG_8pct,16,Z18_F05,18,LL_AB,174952,181886,True,4192.170784418784,4209.914736322233,4194.677559294496,4246.661322774867,4269.4086408759495,138.202222927686,13.381661592139649,724.8856864557567,725.2215559408095,272.25976731158784,273.25905498835914,178.3402081672852,4.305862238626458,14.051057420611533,21.12678376941934,14.227161323931327,4541.313575884356,19.70238796859341,42.12344674411416,224.04438454293384,0.7155798213073816,,0.7158604824318564,0.7865559721623294,0.718407702588699,0.8733035934555268,,,0.5527272564851674,0.5517513015648702,,0.6439576121745487,0.6443164492366408,0.6420628663440043,0.551773419482379,,0.5529052435152071,0.8478203286448541,0.8477206829232532,0.8447101312019473,0.5533357164124706,,0.5527779280391897,,0.5534030369225321,0.5512906857455132,0.5506988328302206,,0.5487652520661901,0.5544991365668945,,0.5546036472837477,,,0.5540697028882214,,,,0.5050217520977934,0.49661925216597935,,,,0.4940043845948535,,,0.4953579889352569,0.4956204984017979,,0.49452015908834474,,0.4948724991163495,0.4960448469921212,0.4954054540816477,0.4952387336819473,0.4961060030079166,0.4956594005275088,,0.5752898023334699,,,0.5672999890508661,0.5683924745662651,,0.5669683812590325,0.5655098878951446,0.5671912535669014,,0.5671770065728304,0.5665920768268866,,0.5665330237194298,,,,0.5665906831400482,0.5663186935492651,0.5686847247047125,,0.5659885974962623,,0.56614452124416,0.5647651114524718,0.5675810733362417,0.5672980881687864,0.4464885114683946,0.44450043772907466,0.4460222881250199,6.3803551493422045e-06,6.239301256537297e-05,6.246544111571228e-05,6.240829875675359e-05,6.222260314281076e-05,,,0.00012655674786031372,0.0001269718546313602,0.0001266724357826392,0.00012666700548101442,0.00012651420578834753,,0.00012646760211492596,,,0.0001261016219434005,,,0.00012605377654519994,0.00012664702085982425,,0.00012650231742908298,0.00012654783377071056,0.00012643299899071526,,,0.00012641981164229573,0.0001264711049305283,0.00012625850424394418,,,0.0001265234553808908,0.00012679178771365807,,0.0001263938994605389,,,,0.00012614493556011665,,0.00012669001576499114,,,0.00012655468378499127,,,,,0.00012610468763357092,,,,0.9613290677111399,,,0.9594798473753384,,,,0.9615638162542304,0.962554821667931,,,,0.9614633293890165,0.9595968391888412,0.9610680761849749,0.9653351962241626,0.96001173380315,,0.9588506929332157,0.959284817174105,0.9622110141227511,0.9604567285802255,0.9615101628917061,0.9599607060554385,,,0.9619626548997959,0.9607320840707337,0.9623596886449368,0.9601107241330625,0.9599843468284718,0.9579420902805152,,0.9589323369821103,,0.9654539200468527,0.9613173134125413,,0.9603152621635554,0.9633585840228661,,0.9607248897596685,,,2.3623799675404665e-05,,,2.3566873680509715e-05,,2.3637731752977105e-05,,2.3689904604939736e-05,,2.358742613928137e-05,2.358156119016585e-05,2.359465534132734e-05,2.362223538683858e-05,,,,2.363108846074201e-05,2.3539475532577196e-05,,,,,,,,,,2.3583150611585714e-05,2.359433036140573e-05,2.3620167082798187e-05,,2.3605913780906067e-05,2.3628026761146133e-05,2.3533382261816222e-05,2.3558512070646737e-05,,,2.353511773136416e-05,,2.357017434724633e-05,,,,2.3595627209445524e-05,2.354455493398459e-05,2.3556304225327753e-05,2.351151050064981e-05,,2.355930717782124e-05,,,,,,0.260463625217187,,0.1442968364079815,0.1442243493551169,0.14405305521190848,,0.1442764182003915,,,0.28833591181043816,,0.28863850442992184,0.2889676332403286,0.28865642007734543,,0.2886100701869753,0.28786172798991105,,0.28854685390162255,,0.2894057730584394,0.2883693855914957,0.2893181261512456,,,0.28904486965131493,0.2891654741048599,0.2881489225818517,0.28881824839819736,,0.28850279089422515,,,,,,,0.2889856257215951,0.2876273419496831,0.2880110430649945,0.28939658702897547,0.28944766697403657,0.28889432409730936,0.28835657637835377,0.28792801003910024,0.28847068604810155,,,,,0.26903039853492394,,,0.2689084002868444,0.26892737617971585,0.2691759166712677,0.26951328934875274,,,,0.2683641946262415,0.2687220246788913,,0.2689812569222229,0.27035899430177346,0.2698821533635851,0.2699663235197386,0.2686390703409843,0.26931635705257967,,0.268848488058517,,0.2684155073928811,,,0.26903244618458416,0.26961562633988667,0.2683296491633735,,,,0.8646128640406299,,0.8599636220306329,0.8622782932897087,0.8643672848034493,0.8635940445002006,0.8645540754159411,0.8642309954061878,0.8624211734831336,,0.8683746521705266,,0.8656927746851522,0.8644891759305344,,0.8657628812204323,,,,,0.8650707943417779,,,,,0.8639643258099102,0.8631552246990276,,0.8598371615845364,0.8656944746969295,0.863386371235653,0.8608615167967217,,0.8616814113237258,,,0.8583578715950305,,,0.8635368315489904,0.8657943980268525,0.8621142940004959,0.8626157851204607,0.8624271416491958,,0.8610453169855685,0.8627241820217196,,,0.8625700367646134,,0.8621511813917997,0.8596560514427561,0.8605173077911518,0.8628275452196172,0.861888037630122,0.8667784488158925,0.8644548872593081,,,,,,0.8672715270288197,0.8672009923631079,0.8656114681694915,0.8666563159691982,,,,0.8675586602822507,0.8659866581382683,,0.8664703863019126,,,0.8659288507435313,0.8683100147391912,0.867717925219037,0.8687080057292561,0.8673134101135132,0.8672608995258643,,0.8645458808117785,0.8677188925275979,0.2930634714210678,,0.29334700440977723,,0.29880578433868904,0.29876923135710565,0.2990026925965184,0.2992008533403065,0.298729388508252,,,,,0.22588454648983852,0.22665271427091221,0.21370551618005257,0.19639846701648095,0.8689408236231664,,0.1437824606160741,,0.14149395885627364,0.1416149194110888,0.14189985575234929,,0.13895661951959823,0.1387280243027269,0.2701398375016219,,0.8107426410139645,,,,,,0.8019176482801675,0.2734266311169121,0.27304415898379897,,0.2726553880599516,0.27296844257911884,0.29315307267983554,0.2722128944812648,0.7988782042338451,0.28000012878837205,0.2800917068420255,,0.14720251465052991,,0.14675001036318822,,0.1473809164993366,,0.14708343770523472,0.14731565021241122,0.14723574007761184,0.14708997215636987,0.1474572815876562,0.14708183916864812,,0.1469629561249758,,,,,,0.7906964642132833,,0.7902870243721335,0.7903665480474734,,,,0.32062127525583445,0.30293288980523475,0.30278751748341437,,0.3020391964352308,0.7850758278350284,0.7842268154045627,,,0.14963084205258886,0.14891403402122186,0.14931158199627637,,0.14914350204028481,0.14951137618451055,,,0.14925532670647507,0.14881413571506982,,0.14914500034116143,0.14945857475334653,0.14918242783693472,0.1488433196281676,0.1493317613258628,0.14887182880452993,0.1491925705578029,0.14921283781197325,,,,0.1489075558203857,0.14893405672101945,,,,,0.14866226341022537,0.14939996818184534,,0.1485802265067796,,,0.14859115181186322,,0.14875894844331006,0.14922177001884013,0.1492693054758335,,,,0.14871945509693277,0.14938588764954727,0.1489175682048585,0.1488874809041085,,0.14867470644087388,0.14875885388598117,0.1487828804753216,0.14945264354646046,0.14912050672444058,0.14897256289147204,,,,0.14926197001943656,0.14860953593200402,0.14933953514833256,0.14907040509438363,,0.32700341150109297,,0.32714059116657873,0.32792328405851984,,,0.3271505573363981,0.3279657672536838,,,0.32741218074491063,,,,,,,0.33140312046018156,,0.3315309514711231,0.32950127317704697,0.3308384230838985,0.33128752743575696,0.3297924493097732,0.3297675938469,,0.33079705986412805,0.33067685464473084,,0.3299383576865168,,0.3280627773077529,0.3290193158057677,0.32826787074713487,,0.32815380365975244,0.3281250224149361,0.3271654495097942,0.8575863835711944,,0.8560168405346985,0.8580969307022334,0.8582842183830688,,0.8551523181647599,,0.8548746243024476,0.856378004812439,0.8573344734488273,,0.8584698064023844,0.8556106237651175,0.3302077653606354,0.3293627507147332,0.3294999987683391,0.33015217870867675,0.3310659638778834,0.32999262696673215,0.3300318155274304,0.3316054117171841,,0.33098857297933926,,0.33039354702269436,,0.3303114325288042,0.3303386676638239,0.8563496944364843,0.8604528877852563,0.8566695851691049,0.8591956926248627,0.8573233799691523,,,0.3284132350321445,,0.32635777033080604,,0.32772813591484545,,0.3283005582661614,,0.3278377749845463,0.3278561031362465,0.32785908870673935,0.3285825742652036,0.3273342223672315,,,,,0.32697144220921387,0.32740943261115674,,,0.32807321793249383,0.3288558359387615,0.32836660538827556,0.32740800634348227,0.32768813300560795,0.32752003800433266,0.8580195039426248,0.8592097019079258,0.8595892167083468,,,,0.8599267201536965,,0.8598276877816433,0.8590324896621172,,0.8580014724327402,0.8596336065588261,,0.8565431778941686,0.8568767875997736,,0.857378197640489,,,0.8583449410788091,0.8589031855074466,,0.8592508059635694,,,0.14526900251596872,,0.14497856730203623,,0.14530055909884163,,0.5212494726286186,,0.5097368730295674,0.5108405544165797,0.5114035799837323,0.30505989101855363,0.5532896493449023,0.5514959085052623,0.5517853909586982,,0.5528356661414362,0.5533672909137928,0.5514556663364408,,,0.5532069613896262,0.5506125438645024,0.5523452966565653,,0.5530711894389337,,0.5529011549740395,,0.55175107349019,,0.5511448153374594,,,0.5535157933081502,0.5537329208388359,0.5537034513159529,0.5526978035401345,0.5527042974629037,,0.5534015816467807,0.5519425680308616,0.5527065885850762,0.5522965758437298,,0.5535156426912664,,,0.5526039910762862,,0.5512134574235474,0.5529874765035953,0.5524744922722422,0.551617052223977,,0.5529244473384427,,,,,0.5523969498176721,,,0.5524291611635594,0.5542652315276798,0.5534806015570828,,,0.5534766738289056,,0.5533802890155924,0.5524782040110451,0.553112090144496,0.552246222557717,,,0.5549348263394254,0.5527995676019228,0.553510360308169,,0.5519128663015123,,0.5515609089218557,0.5524473305159244,,0.552744256893764,0.5528212254066106,0.5513545908632334,0.5515234534967525,0.5527361902801112,0.5523030748548428,0.5521109159001346,0.553347929063164,0.5530368106148988,,0.5528694662095069,0.5539011504187661,,0.5530841601905575,0.5529871970642932,,0.5525781388066608,0.5523905468247282,0.553611399524462,0.5529347869132231,0.5526979158571445,0.5542593198983491,0.5518169235333229,,0.5517165123844391,0.5530793512478309,0.5533462687972602,,0.5515544553784956,,0.5543668685443115,,0.5532349185819363,,,0.5535786308578239,,0.5535818986945646,,0.5508189715841258,,0.5529553165259061,0.5528586946358119,,,,0.5520087283675709,0.5525407056690624,0.5527756628393615,0.5537418966724501,0.5528059584306407,,0.5520605790295724,,,,0.5530406729854405,0.5532629487484954,0.5523007855219572,0.5525462944149312,,,0.5528108191167882,0.5530553407280349,0.5527748913376636,0.5520571258813933,0.5525860640208784,,,0.5520808584624888,0.551961917802507,,,,,0.5516207833479145,0.5521030562978789,0.5518213650204422,,,0.5528920189111678,0.551585574909512,,,,0.552487402654016,0.553544454722419,,0.5531188701805371,,0.5530791579033644,0.5526045580288655,,,0.552995253452754,0.46375550833033535,,,,0.5192650338382118,,0.6434734459125534,0.6439347771110814,0.5519485240051513,0.5528233122191665,0.8437320766134367,
4,4,DG_8pct,16,Z18_F06,18,LL_AB,174950,181884,True,4238.700754888171,4221.125686330121,4220.059527736833,4296.1165338749615,4284.512095465994,140.3584292434951,13.18995103771745,727.5697598983477,726.3660923873317,274.78340219740033,274.2585070229465,179.15967575974025,4.26880688969233,13.990097392314711,20.958829006143706,14.190765907695333,4576.02541477508,19.657097988657657,41.482837905792316,225.76733026272274,0.7117328817724191,0.7127591506195485,0.711899825487313,0.7840648200150241,0.7130098746366974,,,0.5500202797019629,,,0.5435131572025456,0.6387802785030512,,,,,0.5502320275698703,0.8458073603931461,,0.8450247929892736,0.5496400869725998,,0.5488888417779699,,0.5483522806530438,0.5485287328226017,0.5451850625157905,0.5443227517342104,0.5434832842520294,0.5481237334914415,0.5508393240414983,0.5508178268400777,,0.5502865580656174,0.5485575280712788,,,,0.5000866306448615,0.49022969614987894,0.4900911160032593,0.48963396926097397,,,,,0.48865223370861394,0.4874328434513986,0.48924760348341784,,,0.48781941465772416,0.49156473207805407,0.4896033388203222,,,,0.5695271404371259,,,0.842783519619101,,,0.5611127439138559,0.5619494663097891,0.560529129057429,0.5601093664418281,,0.5603598631671226,0.5601624297397948,0.5603421216454028,,,0.5623859548393398,0.5594120048197812,,,,0.5611114890850735,0.5600698688386481,0.5605826355770558,,0.5612181651890992,,0.5613118092844858,0.43924509177309107,0.4392633084726745,0.4397589129386445,1.3703855221827984e-05,,,,,6.275116541689234e-05,6.295656055380845e-05,0.00013158302712721235,0.0001310372893407785,,0.00013104081187767614,0.00013127577977436368,,,0.00013167307342206464,,0.0001315509493394537,,0.00013126431315216747,,,0.00013143234203399237,,,0.0001316045782524054,0.00013157990348134794,0.00013183361657530265,,,,,0.00013135904259408985,0.00013162083060769175,0.0001311897911567125,0.00013186392849700578,,0.0001318868350613024,,0.00013162801002131205,,0.0001314703759669775,0.0001311296816962269,0.00013144970112690662,0.00013106614397024,0.00013155927953057531,0.00013117995233424495,0.00013134822570228907,0.00013152191798247734,0.0001315521100054766,0.00013126895429955372,0.9573690893293354,0.9563899893298453,0.9567794060009482,0.9575548026016043,,,,,0.9553696721150032,,,0.9572549657004216,,,0.9588884818022342,0.9576101050789674,,0.9563417073704322,0.9574248203097276,0.9601584555991648,0.9576924661536543,,0.9563427937346723,,0.9568341849643396,,0.9548499844241145,,0.9531941504138545,0.954794319554572,,,,0.9584957792727739,,,0.9547728032809081,,0.9594009764316278,0.9566004600056613,,0.9548242243538031,,,0.9556706143306188,3.173231607314139e-05,,,3.172761829820699e-05,,3.1735436313030986e-05,3.168343831883134e-05,,3.167206794324103e-05,3.1731506757725265e-05,,3.1725713125306655e-05,3.1725569864114446e-05,3.1696399458297335e-05,,,,3.165150625018342e-05,3.1791013234049044e-05,,3.171813303001206e-05,,3.1767028683920035e-05,3.16638972016253e-05,,3.177528859484351e-05,3.170262099789272e-05,3.170974406150382e-05,,,3.1613789950956235e-05,,3.166079173671798e-05,,3.1664026511730854e-05,3.1787984423989434e-05,3.1688440550907446e-05,,3.177529228119972e-05,3.170286282642033e-05,3.16745829258601e-05,3.1666850970232395e-05,,3.17284754604513e-05,3.1653164518896116e-05,3.166940074076435e-05,3.166146259416331e-05,,,,3.1689363733392094e-05,3.158461286451376e-05,,0.1720269786513187,0.17204196797977697,0.1717123609916754,,,0.13680161674714966,0.1364109398701012,0.13657088834707187,,0.13669194397766424,,0.2801061678514606,,0.2796052261298476,,0.27987111830177774,0.2800106699584619,0.2786990889018905,0.27958854350169704,0.27896816730340346,0.280463920333935,0.2799315774684805,0.28003468100994383,0.27888056401861594,,,0.2794474987291819,0.2793855117500669,0.2794136877855713,0.2793046886900435,0.27957473415520884,0.27921513157676336,0.28023750521452734,,,,,0.2792745603118053,0.279371414894118,0.27887090688913313,0.27861719476919117,0.27952454299497886,,0.27953800636139037,0.2792408356402115,0.27965899048872,0.2797687160486433,0.2800573883943122,,0.2792731115033168,0.27954877787164295,0.2589693785606842,0.2588562769270079,0.25908628920503224,0.25946392292235965,0.258898606358735,0.2596893321886754,,0.2594380131622906,,0.25850001142487056,0.25944000205752293,0.26001347842181044,,,0.26001985127389005,,,,0.25947735387190657,,0.2593102451746556,0.25897180784452717,0.2590218239602744,0.25919500460468314,0.26003367786570963,,,,0.2585905864896294,,,,0.86256488006459,0.8601343014857229,,,0.8633672801913275,0.860795259080983,,0.8615321607365273,0.8628856611596425,,0.8628713706206976,,,,0.8610959442883883,0.8637227897135725,0.8659523885336606,,0.8662442285527637,0.8661786660582365,,,,,,0.8652153974110045,0.862743418540964,0.8600154885102708,0.860816377422759,0.8595443301962242,0.8634754267359648,,0.8589785049481302,,0.8625983855166749,0.8642262796785233,0.8629566106453509,0.8617243537993047,,,0.8600361055507131,,0.8612598230757527,0.8613919870457186,,0.8607778761606933,0.8605608705348358,0.8599002072680961,0.8605875820162512,0.8595937235616617,0.8611756067812658,,,0.8612813380877614,,0.8612599870453888,,,0.8641726465404306,,,,0.8650626895676886,0.8646658250460925,,,0.8654267549044439,0.8666368097410221,0.8630582656981086,,,,0.864161047668953,0.8653245223010223,,,0.8655896741053021,0.863471900515796,0.8683452677581315,0.8635462347405045,0.8627714800226746,0.8659734944130668,0.864843248105638,,0.866447231291326,0.8668266866129555,,,0.2888113188316666,0.28808021232692393,,0.28952470531392177,,0.2903615245749327,,0.21928563712356913,,0.22007668359086885,,,,0.2031517310359898,0.18994132110344183,0.8655351648719523,,0.13575691646948446,0.13611428406737533,0.13394234597496157,,0.13336411930075154,,,0.13090674177940448,,0.24313722925013437,0.8108636071819497,,,,0.2789619972821317,0.265371254864545,0.7983241455907609,0.26919291336483026,0.26943784376158614,,,0.26909094349655704,0.28205007223120554,,,,0.27688301669261056,,,0.1387169773280124,0.1394762328100669,,0.1395259343254675,,,0.139313582398149,,,0.1391860791135474,,0.13897827490021142,,0.1389699408401232,0.13877383143924907,,0.7845706440952094,0.7869639291663811,0.7881490776826963,0.7879971827901651,0.7852647375285615,,,,,,,0.3006076989410903,0.29969868030007446,,0.781197027094824,0.7837264643358718,0.7821749096921063,,0.14077082862210497,,0.1413053034223846,0.14079746766615997,,0.14149104230719214,0.14083077372436073,0.1410046356456369,0.1409647453437007,,0.14102123930027788,,0.14094863324699414,,0.1412588845300661,0.14107235451573824,,0.14102847523796844,0.14099351841372298,,0.14093093624670783,,,,,0.14089200779749322,,0.14091913324295016,0.1404343181969782,,,0.14058050516187587,0.1410219597555212,0.14059188701233358,0.14062200280236217,0.1410962848458415,,,0.14103271575932996,0.1409852030953839,0.14102455923134818,0.14128093124118,,0.14092177200756056,,0.14068067785362867,0.14110077728932535,0.14090015678050416,,0.14104656600608262,0.1408495541854705,0.1411670919303017,0.14120523026234094,0.141110330876211,0.1409128439660481,,,,,,0.3233917050342395,0.32244271090229165,,0.3219587912914548,,0.32280217989120596,0.32274164382209525,,,0.32346836110678095,0.3223467829992575,0.32236730458969903,0.3234475067555512,0.3217194098478414,0.3224660868101022,,0.321683442764417,0.3227074097813768,0.32172320566160423,0.3228279095964931,0.3226512001267072,0.3221196765842148,0.3220332803925698,,,0.3222015128029715,0.32166973443697144,,0.321535478062196,,,,,,,0.32330632512478535,,0.3228373287991264,,,0.8556555236808404,,,0.857877640099373,0.8547072419070649,0.8557020875079481,,,,0.8558243891225213,0.855688729038988,,,0.32121274764463154,0.3213171764817831,0.32203715352637896,,0.32228285849807325,0.32228524297388345,0.32246014594489264,0.3208423112791476,,0.3229196835213673,0.3224191509774018,0.32183133510026135,0.3185024502911354,,0.32133915899395826,0.8563439296450484,,0.8577509955489345,,,0.8549763578733564,0.8552035302053933,0.32300632940504226,0.3232834424226032,0.3230022312279493,,0.3229715923882475,,,0.3227837690357806,,,0.32252942763505915,0.32343071048918004,0.32317280151544764,0.3221936713341596,0.3222555850635323,0.32240538059423585,0.32223383671982164,0.32350529069919426,0.32262370976359916,0.3223911156936436,0.3219969117026661,0.32337050507023096,,0.32165921518723495,0.3236089375831669,,0.3231640907981729,0.8582844951889768,,0.8605424386191839,0.8606277057143086,0.8595306012974758,0.8564111366208342,,,,0.8568927398673788,0.8537171873818823,,0.8560797696922362,,,0.8558771561805963,0.8573580518353651,,0.8577378383177864,,0.8544729673272085,0.8547072176697383,,0.8573056432384462,0.8570221531536285,,0.1377826383786537,0.13712121492592355,,0.13757102082123124,0.13740724939829135,0.1372172785014185,,,0.5063775721803984,,,,0.5479185736189717,,,,0.5483201783826783,,0.5474438898344541,0.5472676654936786,,,0.5488961660680707,0.5491386768804911,,0.547389313356477,,,0.5490950772321859,,,0.5461336099404921,0.5471355902449758,0.547830089783829,,,0.5476548843976475,0.5492333822895825,0.5473804228008443,,0.5483991559386164,0.5471528673597035,0.549752956627967,0.5487466658294003,0.5484549585863399,0.5477321801432983,0.5478811150564239,0.5492292850836061,0.549721190996502,0.547688177257109,,0.5470064199216237,,0.5483541268480492,0.5467274050765015,0.547615071407905,,,,,0.548762969779811,,0.5481534269609247,0.5471299775355976,0.547635630977774,,,,,0.548060578991741,0.54856840577501,0.5482554693441192,,0.5493679304029104,0.5479866048013985,,0.5499230567470534,0.547624929231011,0.5468628963404871,0.5479743230740245,,,0.5481158888602258,0.5487905156286628,0.5480507855104485,,,,0.5483627455790921,,0.5483035041095643,0.5489796978702232,0.5478814595699137,,0.5479474080989997,,0.5471910504896017,0.5466267496516631,,0.547181642101115,,0.5489656739917936,0.5474066301326507,0.5469318807038521,0.5492473260997691,0.547867378069901,,,,0.548950166694835,0.5481117727103744,0.5481310120242869,0.5491806284513777,0.5489276055515769,0.5475811891678747,0.5478662676130663,0.5492656440324964,0.5484166243198157,0.548421206928078,,,,0.5479555482796327,,0.5481141331109256,0.5492848064847297,,0.548912325442833,,,0.5487048090005352,,,0.5486399744589113,,,,0.5487924409480939,0.5481965160708427,,0.5494150025113048,,0.5486147416356092,,,0.5473069940601719,,,0.5474080115754162,,,,,,0.5473136543839068,0.5489960603633548,0.548067645918139,0.547910069979156,,,0.5496982762114758,0.547067529837433,0.5481112135344609,0.5476040837702576,0.5483001112102452,,,,0.5488897667547362,0.5473853989085516,0.5478032302617823,,0.5469980562628799,,,0.5477825107418237,0.5485277259882307,0.547980977797357,0.5479278360590852,0.54843525471477,0.45944322500517204,0.45873101137765016,,0.5934908452094597,,0.8412992251738676,0.6370002745173096,0.6383372597248893,0.5496529965848997,0.5490362652101837,0.8429482822708798,
4,4,DG_8pct,16,Z18_F07,18,LL_AB,174947,181889,True,4162.5615564015125,4174.7661900808525,4170.591728595506,4237.035919068479,4205.56469126895,137.57658090068847,13.40068048841894,723.2545789736965,717.1669080598255,271.67494419548046,271.2428324711827,178.88918391258537,4.326286562622646,14.142892910248614,21.132410508601115,14.371283348745303,4539.455295270726,19.736926233312943,42.21632711116193,224.5948735162452,0.7184725943466015,,,,,,,,0.5546428575238531,0.5548768254982583,,,0.6458103179027345,0.6439009973252695,,0.5544767008999816,,,0.8458570736774714,0.8492230433209932,0.553549760819451,0.5538888288499692,0.5544054498817562,0.5554790655334662,,0.5548505894147062,0.5493904200375724,0.5493012289779737,0.5508126067010521,0.5551984748254631,,,0.5559116649471376,0.5557849731531757,0.5565515871514337,,,0.5058461640994506,0.5064221276026903,0.4968537097043519,,,0.49669238820056055,,,,0.4970896942895218,0.497986520534027,,0.49634233356106117,,,0.49632040686074397,0.4969036579837205,0.49650618763601845,0.49713869426214236,0.49522173894334154,0.5762126569359851,0.5792011835241885,,0.8455309401004292,,,0.5690317695160618,0.5673800370366565,0.5687837350826831,0.569011037347183,0.570442980752442,0.5687640887743334,,,0.5700589976532384,0.5698336615791839,,0.5687009299515086,,0.56971129434095,,0.5700340720898392,,0.5699598798986679,,0.569827715736797,0.5679042455814282,,,,0.44741170520981044,0.0049109550833711145,,,,0.004757586235679625,,,0.006298123808362723,,,,0.006314124424289587,0.006307474977451241,,0.00630930073690547,0.006314944867682071,0.006302250879724826,,0.006307365773031587,0.006334023112979633,0.006310829571650923,0.006327563956010746,,0.0063296061145886005,,0.006332693289242273,0.006307519032998921,,,0.006326270999981049,,,,0.006325223267643758,0.006322808398582356,0.0063099177772265175,0.006307955976635491,,,0.006308487498501739,,,0.006296728107668206,0.006293040301184851,0.006294432618942139,0.006302884113357654,0.006314040806632192,0.0063005160563469175,0.006324804806716534,,0.959034395624478,,,0.9618351686308696,,,0.9588501375391573,0.9622116145703833,0.9619202068157757,0.9608405521497205,0.9637209019068732,,0.9652466020229266,,0.9599801279097534,,,0.9588695259191843,0.961710164369748,0.96056527875835,,,,,0.9588221264202206,,0.9612867400355498,0.9587439269751321,0.9606188179511684,0.9612354664116237,0.9597499957893866,0.9581119385824649,0.9611873484977085,0.9593993924845597,0.9605471648663918,0.9601533540398677,0.9626248821554951,0.9627702654100396,,0.9625263420052328,0.9623708808277581,0.9598496484803521,0.9593349173443702,0.9597982735355614,0.9621271491238426,0.004920681121529271,0.004903766315708833,0.004912036547102478,0.004906617185366125,0.004915856275080211,,,0.004906640679550837,,0.004926568562234942,,0.00492861781001843,,0.004926402005973469,0.0049238457072633655,0.004912168217646343,,,0.00493235904580021,,0.004923428684447388,0.004921845521742552,,,0.004915584927644538,0.004909451356639604,0.004904730139133139,0.004916005913000531,,0.004909875187438058,0.0049087104174562884,0.004904632035848232,,,0.004914057377235392,0.004916427940149427,0.004913840297223538,0.004902681280180224,,0.0049094837958182065,0.004920044505990196,0.00490139244872891,0.004918692430094142,,0.004912325107235449,0.004913598146056734,,,0.004908342890153073,,0.004906009035081576,0.004909742588819714,0.004895445730131096,,,0.18222161841412526,0.2646589207959872,,,0.14716772694662292,0.14756607088613896,,0.14769626053421328,0.1481823480459064,,,0.29295640458347744,0.2925852424566959,,0.2931420040499674,,0.29284842064078626,,0.29340688967368805,0.2930890972176749,,,0.2939346617872215,0.29326157904434724,0.29312267795441477,,,,0.2929186148651801,,0.2930999048528604,,0.2929639577259246,0.29290436651194435,,0.292254216280633,,,,0.2927388367506254,0.29207056857765007,0.292767094131567,0.29230404987581576,0.2918916233407071,0.2919971483502057,0.292385143927003,0.29247709407317146,,0.2922925846718605,,,0.27345593498886156,,,,,,,0.2728807959182137,0.2741395886442989,0.2736167377699614,0.27403822421283225,,0.27327690585152337,,,,0.27273026160948033,0.27295836854229427,,0.2722718051544679,0.2729245696748806,0.272123097437179,,0.27332450169333405,0.27293117031744246,,,0.27365185560103183,,,0.8626742353551891,0.8647078871857617,,,,,0.862180854118971,,0.8664949636861847,0.8635278193464342,0.8645261956931557,0.8663755320472333,0.8682710440101911,,0.8690314944334493,,,,0.8677015581599021,0.8661963684694012,0.8659217912356936,0.8668916270328052,0.8650892714875266,0.8671906659962464,0.8665229874962112,0.8670381052631084,0.8621738527786315,0.8607993089369855,,0.8601101977052293,,0.8621131945746371,0.8643724840001809,0.8637868280889751,0.8626094223885369,0.86044690459504,,0.8652987423396848,0.8640225227805649,0.864447368689956,,,0.8613687277460907,,,,0.8633478008159156,,0.8639635914633463,,,0.863070578893343,0.8634642047173416,,0.8643572904201894,0.8615007364945447,0.8652656592638206,0.8679698044307759,0.8674792890012772,0.8674441512596152,0.8676087020601834,0.8671050555138261,0.8653376966042033,,0.8660664555873938,0.8688471629230637,0.8679791192896652,0.8651162885765152,0.8700426800108769,,0.8660282968625514,0.8676749812979212,0.8671821373768882,0.8668677877464533,0.8673981686614912,0.8640483533326578,0.8675505286140901,0.8673356820837375,,0.8710748583739847,,0.866995391193929,0.8681077682471648,0.867345250280196,,0.8680765956398178,,0.29624382907984115,0.2968315318460599,0.2960390529764418,0.3033116789285232,,0.30223286390181425,0.3031820056483939,0.30333125027672175,,0.22896267404819823,,0.22947550325960178,,,,0.19902414503534974,,0.14741674471395055,,0.14754954714078555,,0.14507719333745295,0.14497042929500256,0.14196049535201946,,0.14221415687894026,,,,,,0.8038741076857367,,0.2717713402096411,0.8020232796903899,0.2742175712017294,0.27422133378475383,,0.27393968791787354,0.2747025140215915,,0.2743037042402425,,0.28203063551293567,0.2817988817519894,,0.15083513423332975,,0.1504252074188075,0.15113215342558595,0.1509929820204782,,0.15123455351039922,0.15027343581768288,,,0.1506437384779867,0.15091438474167848,,,0.15079374240667195,0.1509843790175291,,,0.7925374158099601,0.7928593665883858,0.7929665155064268,0.7918803383267388,0.793274684958019,0.3243565041637014,0.32404671778618216,0.3248948183517898,0.325127563943419,0.3040205241642077,0.30441163105195645,,0.304546228485586,,,0.7862061559664031,,0.1527194762568247,,,,,,0.15298738768152723,,0.1521873562026876,,,0.15283012380265662,0.152735689511193,,,,0.15248026436334952,0.15235324280516688,0.15283432613685421,0.1529754917681581,0.1527253678006617,0.15277602931193898,0.15252384573191127,,,,,,0.15299694150747598,0.1521899544050858,,0.15275668756897093,,0.15246404084313347,,0.1521905522768063,0.15262842048639658,0.15245430710625002,0.15229102726933852,0.1527260308281268,,,,0.15272402447157304,,0.15236170582904315,0.15218224675642955,,0.15258116785250753,0.15272520918837282,0.15264401508063935,0.15298801552581534,,,,0.15256895561934847,0.1529178145746509,0.15266717688593598,0.1528802347834553,,0.3306777229068696,0.3293957381549479,,,,,0.3284207570574449,0.3296242187304472,0.33031772532571635,,0.32924765431860653,,0.3348319503126899,0.3346499611156159,0.33501577829715146,,0.33488708653525645,0.33378558974767786,,0.3345646791253989,0.33422862962353816,0.33378973222983765,0.3342835480978121,0.33350999345891497,,0.3343845009432231,0.33476206895051036,0.33381053716162035,,,,0.32976254633941754,0.32970245729666037,,0.33005074415565255,0.3299327077912227,0.329833365929016,0.32962387680812877,,0.8574659496765911,0.8570214619786508,0.8597376647694082,0.857183747147852,0.8575275510360071,0.8572304615154622,0.8587254529708435,0.8558324181466901,0.8572512215500683,,0.8583805099812153,0.8578809539364716,0.8596021333103672,0.8600067564756617,0.3343714887266501,0.3337338832440299,0.33385543454490235,0.33358099300988264,,0.33434596425843405,,0.33399118811816497,0.3345469235591887,0.3344681959939585,0.3348092669273063,,,0.33241103538890426,0.333016952843124,,0.860442023801789,0.8553291259766836,0.8586897634340891,0.860050248122713,0.8573499599112251,0.860826477975695,0.3299733943356875,0.32965002727411136,,,,,0.33029761421210035,0.32980890697696286,,0.33037766067417157,0.32982400549985436,,0.32986234481497073,,,,0.3291018028392333,,,0.32926929515639763,,0.3297008056167326,0.33073952249705013,,0.32952681114632054,,,0.8615342491226314,,,,0.861622558382932,0.8609047284528311,0.858147374632405,0.8588719719080882,0.8597510812883814,,0.8596513760024129,,0.8598805375431906,,0.858610207889055,0.8597178767844259,,0.8601674130617193,0.8582580935175874,0.8592867552942802,0.8619266653280937,,0.8616576229361939,0.8583480264975921,0.8593372473668103,0.8600553892831238,0.1483338625703725,,0.14845964059376787,0.14896604130097837,,,0.5227617181896719,0.5787110740531227,0.5126768707734394,0.5135433266901107,0.5130753089597885,,0.5537949140099127,0.5531244241553126,0.5534777721106355,0.5576273531918855,0.5554748584031715,0.5527465844797647,0.5545784525614034,0.5548194834251556,0.5548378820217099,0.5564714811460764,0.555038845039125,,0.5541194601735746,0.5545008077900202,,0.5545381932768161,,,0.5538900445996874,,0.5536797318321102,0.5537787691312354,,,0.5564097522084038,,0.5550266187086255,,0.5538656405739029,,,0.5546088834920336,0.5543499207544329,0.5547129494860401,0.5543397215681036,,0.5543502421193393,0.5535292865655588,0.5558512901205156,,0.5543070759580563,0.5540763760670991,,,0.554683278709723,,,0.5539279357595466,0.555111365126372,,0.5526913216599518,0.5558561030111355,0.5540606310024933,0.5546891574000822,,0.5555128124413595,0.5547716397675455,0.5531138097357996,,0.5553091434363769,,0.5544777322040731,0.55488151143112,0.5549873213930867,0.5550974096324804,,0.5546653686261532,0.5558739217833937,,,0.5535473977294814,0.555066677437789,0.5554967930158785,0.5552099588121424,0.55621508568405,0.5546966667848017,0.556182266791164,,0.554549789574498,,0.5540743690769815,0.5532415531231503,0.5555231946584881,0.5548139146350207,,,0.5555794263352081,0.553602754130025,,,,0.554156267723614,0.5554871028396433,0.5550604453783103,0.5542220284138862,,0.5552149488668137,0.5544365666245112,,0.555356565730462,0.5548163534755217,,0.5539650219616993,0.5554102058786937,0.5545973668286795,,,0.555433899460323,0.5544448535054879,0.554792987501099,0.5541620414139811,0.5552960857154351,0.5561865864617381,,,0.5534394873648432,0.5545740089070201,0.5548537404953486,0.5538277996231383,,0.5536983571252053,0.5547210589625801,0.5552418288900021,0.5542764138005523,,0.5543370248354926,,0.5519995069670168,0.5514870374203803,0.5545145969882248,0.5536422845246133,0.5554689055021844,,,,0.5554023309046746,,0.5545401658113681,,0.5555875299136738,0.5557896104897727,0.5542139299029756,0.5564035787831879,0.5562452523871677,0.5543006457369963,0.5537658295525753,0.554378851656428,,0.5557913557217358,,,,,,0.5570485973683589,0.5553438373058089,0.5562822313883731,0.5544495017158263,0.5556544675576214,0.5543315744019458,,,,0.5541624197128006,0.5540989249121704,,0.5557742205310721,,0.4679727978156518,0.4673152358440763,0.46740435920843754,0.5993883844996973,0.5193902469950961,0.8442479292874732,0.6438826373498738,,0.5539196205016187,0.5549395383240414,,0.8452917576754906
4,4,DG_8pct,16,Z18_F08,18,LL_AB,174956,181890,True,4164.408481298603,4168.254604775115,4179.158699571465,4230.621382570137,4223.404477745449,136.7588734228332,13.501246202529943,721.7550207223961,721.9970507490151,270.7968077420505,271.5379628569094,178.2346185787648,4.3399376129006315,14.102722187708446,21.240833199728,14.4050157103404,4499.320635070981,19.861808440625353,42.56792256119075,223.2418753409637,,0.718061784147095,,0.7899772608102831,,,0.6441039461474207,,0.5555831930478325,0.55617385377053,0.5496995026283221,,0.6479881533759265,,,0.5563302286472348,,0.8488572466640159,0.846645234334782,,0.5559998474918664,0.5556720713757912,,,0.5572449996223061,0.5559486514279289,0.5504710039172684,0.5492729774077718,,0.5551394928566319,0.5557506694624719,,,0.5569344865785409,0.5562106799191908,0.6113403965459678,,,,0.4986406644259193,0.4981121129884608,0.4971911958906065,0.4971780412575621,0.4987810190824374,0.4981834741817435,,,0.4980073455446674,0.49779604502849695,0.49869048689000234,0.49670367626660633,,,0.49794229041751137,0.4980945690385078,0.4983583843571413,0.49804732601261875,,,,,0.5704265766201483,,0.570152897730854,0.5705936514755073,0.5711867908217226,,,,0.5723602715983421,0.5710080070090193,,,,,,0.5699586661687018,,0.569986341933965,,,0.5720593796774397,0.5717267493451169,0.5699578162442488,0.5693598542760073,,,0.44844704385317496,0.00755528820229045,6.20525641809619e-05,6.188878115850191e-05,6.203528953375663e-05,,,0.00657252131128496,0.009330940129389922,,0.009323112867302056,0.009326895180671632,,0.009365007326615583,0.009313075771377733,0.009314784187244502,0.009348722973657965,,,,0.009338026641742,0.009334744698535919,0.009305533720413544,,0.009333846238576268,0.009340532296365873,0.00930784123409784,0.009348418801426419,,0.009348641270379493,,0.009340956974666172,0.009346598482490961,,,,,,0.009322138902686636,0.00932973203680908,,0.00932579025607494,0.00932353631751438,,0.009273805791486654,0.009350099035864009,,0.009342895231909858,0.009334968205899697,,,0.9608826296880391,,0.9641071485936291,0.9638621425516981,0.9645773337140581,0.9609132108952695,0.959481197774202,0.961950879867914,0.9634680111940596,0.9602171816010445,0.9631249267554686,0.9595047669933081,0.9630212028256965,0.9647066352522317,0.9618120064441329,,0.961331806239197,0.9622969170294016,,,,,0.958872614038783,0.9606441747108493,0.9629416809607096,,0.9646609878309318,0.9615557823320092,,0.9614501038604694,0.9634558006540741,,,,0.9597079700083323,,0.9615495927750035,0.9606344721121773,0.9602296483429067,0.9628343706169937,,0.9621189019780021,0.9607157931583692,0.9638060868910924,0.9584360965825196,0.007563065320490965,0.00757700372995268,,0.007591990332978324,0.007574328876072176,0.007575503333781015,0.0075770136936394675,0.007588213575720429,0.007574312023579368,,0.007575873836831252,0.007585279356063216,0.007600127705793058,,0.007565562624619697,0.007577735151207773,,0.007586896629930318,0.007605353338740295,0.00757891636783974,0.007562875188072831,0.007584935581967367,,,0.007546898366532199,0.0075608828182595345,0.007581022126369398,0.007569933571836061,0.007567970251677354,0.007577323268419234,,0.007552202128523327,0.007566712709134776,,0.007570877333922249,0.007570415262606851,,0.007570405477784563,0.0075854730019694625,,,,0.007607980835303449,0.007568989580158665,,0.007554861359359946,0.007598296659711358,,0.007576165601614039,0.007573491068250041,0.007572604651387137,,,,0.18381290230364877,0.18411750120175766,0.26715415841046253,,,0.1498224536878079,,0.14921107956835428,0.1495411865301299,,0.2946454239721998,,0.2950219973525914,0.29534002530871883,0.29531118385664823,0.2947277711846252,,0.294662970142235,0.29485006248146933,0.2950968214385764,0.2944451074253491,0.29465144010850136,,0.2945256720092864,,0.29548523748105787,0.29502542760228084,0.2951223424310987,0.2950687500531309,0.2936564819754234,,0.29479632829074043,0.2946992970759377,0.29575583759119006,0.29531343768338025,0.2949083512283966,,0.2949326392041144,,0.2955648092499409,0.29476164449940284,,0.29468342543221915,,0.2948520449373592,0.2945982675032678,0.2947445611401692,0.29441563433008433,0.29502073513391025,0.29539704868771427,0.2759420106438509,0.2757947708171566,,0.2744948068689164,0.27514867736247695,0.2754956652231483,0.275190336737409,,0.2763078941159065,,0.2762152505764595,0.27590937543718824,0.2759517881876684,,0.27615583122039294,0.27537560195952837,0.27530217996513906,0.27467677415127323,,0.2743784980455579,0.27596279552540826,0.27610705802466434,,0.2752780504450618,,,0.2752413462393043,,0.275122370098112,0.2751476017124286,0.2755021742336748,0.275781917433891,0.8619159370424062,0.8652219703411782,0.8643700341352105,,0.8653856145245021,0.8630226263214056,0.8659177352919412,0.8667846479329596,0.865712415687687,0.8662498581546221,,,,0.8677807073148917,0.8679900098390434,0.8684116548195654,0.8690294613297104,0.8698712514935112,0.8681124455756106,,0.8693551351670837,,,,0.8669726997852988,0.8686083407753343,0.8615422205173797,0.8646715061021321,0.8654713977130088,0.8611706886210292,0.8626313057131065,0.8668339031565726,0.8648973249751576,,0.8651406915159787,0.8642335510169852,,0.8623273840525092,0.8656041309976147,,,0.8657265879022779,0.8660582167161582,0.8624851994830353,0.8633790781083757,0.863198042857306,0.8651650919018218,,0.8645271924322497,0.8655667788837998,0.8632018567809455,0.864788955305194,0.8639474635161838,0.8636855172307939,,,,0.8685240786936328,0.86511216828176,,0.8662172573092604,0.8664763632226503,,0.8664220031457344,0.8685553483643187,0.8694241265745855,,0.8682983406221778,0.8668628615722087,,,,,0.8671928265843835,0.8663043044243329,0.8705345535006634,0.8683429675504204,0.8696176350189894,0.869438458131612,,0.866254500484336,0.8669275331191771,0.8729984119196896,0.8690797643532607,0.868238936139719,,0.29768901628301464,,0.2979741022780723,0.297988298504747,0.3057278406019959,,0.305474761183483,0.3055294959823639,0.3051060240476523,0.2317379368847581,,,,,0.23073495872203376,0.22116064141975011,,,0.14896891253956454,,0.14869678597006464,,0.1470915838021801,0.14725488868628536,,,0.14354873377246355,0.2762680211666118,0.2506033054166592,,0.2910811242096152,,0.8064116606055638,,0.27225699537815246,,,,0.27619454754628375,,0.276076602155409,,0.276306970867617,0.8029412400314488,,0.28443722415684064,0.15262803368361078,,0.1525602299838482,,,0.15269951927079004,0.15255105307718952,,0.15251878410684402,,0.15260270399433004,0.15240879130364404,0.15254580198011816,0.15276887886008383,0.15263175862918296,0.15280612439823868,0.15272237835753544,,0.7918057332038944,0.793227875053265,0.7936596354314206,0.7914324132308846,0.7929735687855854,0.7934265737047619,0.32554915960817005,0.3263483881120392,0.3271486352369404,,0.305703375417776,0.3059260082900105,0.30602664717533085,0.30581869118628985,,0.7873659608247793,0.7866075249739064,0.786956905928484,0.15434026000064216,0.15462019912911626,,,0.15419564666117694,0.15454323213844934,0.15474068218163847,0.1545530344203579,0.1541369660776652,0.15470400265061388,0.1545798947203107,0.15432058352984515,0.153943584577779,0.15460741243545353,,,0.15487813970554876,0.15491811120209123,0.15462372541748198,,,0.1546261026552082,0.15435966921642966,0.15481555663719831,,0.15446042419998415,0.1545420424984299,0.15449451047501456,0.15405696004281735,,,0.15435219641222092,,0.15475397912564448,,,0.15444570713540856,,0.1543009851803132,0.15444408355862682,0.15429050322481633,,,,0.1543344590733584,0.15428490468669334,,0.15413138255987233,0.1539578976313179,,0.15426130835436927,,0.15472632551323842,,,0.15456252235654663,,0.1540712314715607,,,0.3313131272981908,0.3310208924947691,,0.3309843548617379,0.33067569664326124,,0.33186976957286707,,0.33185984110307143,0.3304326428222722,,0.3322641331625176,0.33641202748383264,0.33706718687525555,,,,,0.33671188848300093,0.33708774759101184,0.33666134100783296,0.3357136407423956,0.3364729060296517,0.3355164375061843,0.3361474191255395,0.3366191495934383,,0.33533583773201714,0.3364000433960823,0.3355186593484341,0.3355957107924344,0.33133308496528097,,,0.3319449422371732,,,,,0.8573685917245074,0.8600196265143077,,0.8581534718446489,,0.8565572793925307,,0.8566472487784849,0.8568685041160209,,0.8591880025962231,0.8591694698762288,,0.8577172113863961,0.33618319980266537,,0.33556802290278664,0.33617826784573973,0.3355738183025192,0.33564258770761285,0.33643279060344267,0.3365352616065488,0.3369148487131722,0.3369082494486353,0.33519310866879926,0.3366817145623658,0.3311623852194313,,0.33557378994881176,,0.8580486999855249,0.8585058584836462,,,0.8597085375147512,,0.3311698092673174,,0.330870289367056,0.33123681818897094,0.3323123270646536,,0.33171486832160013,0.331090434285461,0.3311459568938998,0.330796460489093,,,,,0.33278543587295767,0.33184104513242,0.3311818401464091,0.331989102187722,0.3317295658624732,,,,,0.33059643919952014,0.33096444673723746,0.3321650060009244,,,0.8626129578037484,,0.8601683601311193,0.861999988669413,0.8635583638021798,0.8601969282308944,0.8589819357995958,0.8611632624615172,0.8596712139708417,0.8547099184942138,,,,0.8611718504345336,,,0.8595332681711139,0.8611495347292715,,0.8601338409065328,0.8586170421901599,0.8612545893630973,0.8616015635235914,0.8587284866842576,0.8581174305702806,,0.1503756844999377,,,0.15039623334079252,0.1507354922076012,0.5219284604166212,,,0.5139688587400815,,0.3115333407519419,,,0.5561632490722846,0.5547991242997894,,0.5553718946027676,,,,0.5548010942738923,,,,0.5573109989331109,0.5541518437430518,,,0.5550974828751947,,0.5553322446907478,0.5546626149327644,0.5570714333394869,,0.5547499575690221,0.5555004933661631,,,,,,,0.5550108635855102,0.5548793647287598,,0.5549114161913198,0.5565086710210835,0.5547711278657655,0.5550813643229066,0.5554566477859195,0.5546620616681593,0.5553904727224886,,,0.5549068122551497,,,0.555742846223245,0.5549622871508009,0.5549514520984985,,,0.5560920912374139,0.5545541759641178,0.5553080321338184,,0.5534174624958013,,0.5560763332733141,0.5553196606120366,,,,0.5557879385457171,0.5554023007374399,0.5554213846529228,0.5571118975390057,,0.5542184126630119,,0.5551717119287722,0.5544935622135918,,0.5545670313201532,0.5563462813897023,,,0.5554423776856149,0.5553662523178816,0.5573843529946757,,,,,,0.5560229936948073,0.5556382342862222,,,,0.5554103915489893,0.5561627280104015,,0.5573282206862599,0.5563254968791576,0.5550350857976845,,0.5569367955661683,0.5547517402675766,0.5547785394811847,,,0.5565100821807971,0.5565190984763511,0.5538452373957636,,,0.555396675244977,0.5567649694788291,,0.5547238023901995,0.5543686291954454,0.5543896849239309,,,,0.5559569916365497,,0.5554991922179295,0.5554734246299616,,0.5546673499944028,,0.5560209711097703,0.5548153382988503,0.5559099435448885,,,,0.5551695417039906,0.5550685157698537,0.5559354403420971,0.5565699512619644,0.5559494031365205,,,0.5559787348486105,,,,0.5543473573864682,,0.5557674958973712,,0.5543231886596667,,0.5539202615387937,0.5551467943727619,,0.5551162483819441,0.5559060367597841,,0.5571678095164461,0.5562903437584014,,0.5557033747568718,0.5541844327649357,0.5554389043720355,0.5566334905819634,0.5562716691061251,,,,0.5547851218178426,0.5551004702321415,0.5564152999866246,,0.5530440752921895,0.5547456925000582,0.4674602064307378,,,0.6013398688251806,,0.8448191109790023,0.6467995109175881,0.6470222384290865,,0.5544124597258032,,
4,4,DG_8pct,16,Z18_F09,18,3PH,174956,181890,True,4324.290783409228,4365.747162967853,4365.744797380938,4451.922666417786,4455.289147146638,18.260218866842145,3.1652660343181838,95.34415179822864,96.00943815187615,40.60496890115517,40.685655947475084,27.101002239844565,0.8098010476529746,8.377676956358119,12.35366588509917,4.270846504594969,4497.3142157546,0.17707231526414458,8.303163966121629,28.125760447926396,,,,,0.7228690284908509,,0.651645888675121,,0.554432453823674,,0.5546945278741677,0.5626172413919547,0.5635513546894649,0.5621149210238338,0.5613781136026901,0.5628851029533921,0.5610488593162554,,,,0.5528598043119943,0.5539740037256783,,0.5565503610407624,,,0.5501998084309474,,0.5490274100579119,,,,0.5572381009780046,,0.5565486185242475,0.5279794035355191,,0.5039566063275775,0.5042566749911556,0.49705747795709876,0.49694388221981833,,,,0.49996640065742554,0.4973410169213476,0.49964941509895217,0.5010438271944269,,0.4992476427881196,0.501724437124634,0.5004749785463146,0.5007262540899658,0.49810637323889223,0.5000337217139978,0.4995801731396736,0.49946483668381997,0.49376879714827254,0.4949535161449617,,0.492882004577493,0.4860128369442721,,,0.48445880480747694,0.48546762057288134,,0.4843390550208709,0.48697179035887245,,,,,0.4855311698744288,0.48634758518622184,0.48541378995743095,,,,0.48598682029938606,,0.48489020004383526,,0.4846687148641324,0.4857645887475795,0.44829484947841464,,,,,,6.129033232957613e-05,,,0.006526235892679531,,0.00659734984633201,,0.006584080990284212,0.006598242813980491,,,0.006600884221877544,0.006603420266020705,0.006581923039834741,0.006609918305035759,,,,,,,0.0065992328635134465,,0.006598769841627093,0.006572884621040082,0.006590991667110305,0.006600867751834274,,0.006590751975561188,,,,0.006600948534865227,,,0.006590416782073183,0.006568688496307386,0.006600026109381023,0.006576219803409225,,,0.006589239322168564,0.0065819848691485005,0.006571710951945406,0.006591581586406856,0.006600757787085543,0.006596663076033736,,0.006577136294364293,0.006590238450174685,0.006607532088375857,0.006594950251960397,0.006595931681844851,,0.006600499646303454,0.006601530004997399,,0.006608057330954921,,0.006579838594953892,,0.006594541173123776,0.0066013131458547945,0.0065772759995380735,,,0.006598447628621779,0.006588513790264307,,0.006593023696010414,0.006587783524158525,0.00660004992198742,0.0065917478087207,0.0065760536333036,0.006569718648432929,,0.0066039188682022534,,0.006572705737344013,,,,,0.006588788796380639,,0.006589179743926113,0.00659468417976479,0.006605658648429631,,,0.006597480424841655,0.006594663320554369,0.006607310895590017,0.006605764389989783,,,,,0.006593590420236342,0.00660833859169975,0.0066033752075658455,0.006610934818010219,0.006588127947497968,0.006584973387962062,0.006606838078662324,,0.006592989731043997,0.006614506084452995,0.006597835546900469,0.006599850422439546,0.00660786531951799,,0.00660995303042461,,,,,0.006601889601527623,,0.006592046056162751,0.006598023014535542,0.006591541703914726,,0.006616246497292584,,0.006572347156915565,,,,0.006595013127432752,,,0.006585463689273361,0.006626102622636893,0.006610668336644625,0.006599574988020573,0.006588508885392819,,,,,0.006586053853307511,0.006590787107426002,0.006578826778471864,,,0.18269153783122258,0.18239647584061713,,0.1498247148406284,,0.1496821991505867,0.14995125263504613,0.14974832740509877,,0.1498599962973884,0.22505945792665077,0.22528872184416135,0.22477406577559733,0.2255874636480222,0.22554669367105346,0.22580659879396867,0.22593019801059505,0.22577107562127188,0.22529111620109168,,0.22498356922937476,0.22542768575400499,,0.22535435689443914,,,0.2255174476619991,0.22523060373354994,0.22551258382153014,,0.22583614076218736,0.22578925084594073,0.22495372939601951,0.22458995161117784,0.22593578928435074,,0.2251090005181149,,,0.22513867916876415,0.22541397264845103,0.22484826918529952,,0.22494205897078906,,,0.2253440895012534,0.2252404809042297,0.22444281509426095,0.2252705369868018,0.20717426645436743,0.20701310716502683,0.20741344489288088,0.20726217369048255,0.20735681513304094,0.20724352904737617,0.20747760628743026,,0.20732800613491947,,0.20760927474571977,0.20720946257977274,,0.2070485217314962,0.20699358814646582,0.2067780956945382,0.20714358114988618,0.20780683956652407,,,0.2076475145670806,,,0.20746708556037996,0.2072501667750293,0.20656332387416798,0.2067439011577076,,,0.20750209278001108,,,0.22516512192451898,,,0.2247333771533665,0.22516209545440974,0.22523384360745868,0.22561789705711313,0.22468093487956325,,0.22505786043496684,0.22523291216140698,0.20670509823656932,0.20661345283116211,0.20677210561403297,,,,0.2063163278169828,,,,,,0.2062573493228987,,,,,0.22525841598575544,0.2241399365855873,,,0.22476660256046035,,,0.22486013273423722,,0.22476514863232416,,,0.22476878619849439,,0.2254743889429861,,0.22489416151613464,0.22589080870926412,,0.22553764737916743,0.2255637005276478,,0.22542775245401594,0.2246835358847562,0.22509658012974607,,0.2254471056871419,0.22516801410082599,,,,,,,0.2064859001715282,0.20693545843258104,0.20693804624732284,,0.20753127667914112,0.2064122547806694,,0.2067180926914402,,,,0.206465855899175,,0.20578445605501638,0.20676930868940177,,0.20640544998692925,,,0.20682142564310652,,0.20651079854558466,,0.2067680622313552,,0.2349772052557629,0.23437042382882056,,0.23510407757955928,,0.23452641422215262,0.23505464052451022,,,0.23060472577101382,0.22979163186376156,0.2304313778609046,0.23009702539845367,,,,0.15033768162645497,0.1488386300846309,,0.1492211659078927,0.14551473251863012,0.1455196884135461,,0.1414066656795502,,0.14155399737083596,0.15143464499711132,,,0.15282876707557638,0.15214137515786058,0.1520641099228821,0.15335884343254239,0.15299680953784642,0.1529091020049093,0.15378870171352269,,,0.15310469726194442,,0.15289781457473978,0.15350367284829924,,0.1539357684194593,0.1535383252803693,,0.15298257951805708,,0.1532585703666474,0.15305872668752282,0.1533097754236677,,,0.15303007105860145,0.15300164051672466,0.15310136142249225,,0.15347771742315938,0.1534464194703236,0.1532170696898382,0.15251759483168476,0.15314142884103243,0.15338718584675887,,0.15534448977001636,,0.15495322105963608,,,,0.15591688207766394,0.15537963430801327,0.1556725861731307,0.15547519071857707,0.15615934766189313,,0.15601639615247562,0.15547789700036582,,0.1556205946445306,0.15542937335222734,,,,,0.15477171615752663,,0.1550534012098643,,,0.15503221483095894,0.15498897634257702,,0.1548148593497664,0.15502680390858797,0.15499851196015993,,,0.1554624498528641,,,,,0.15521688499564887,0.155024924145945,,,,0.15465737115562503,0.15472566824012796,,,,0.1550054611942512,,,0.15488316094395113,,0.1553015154542447,,0.15526768561116794,0.15507848855284945,,,0.1549744799917232,,0.1551632111024359,0.15533247453901905,0.15531227090665914,,0.15424660028431045,,0.15508650626544293,0.15532607751226707,0.15500731023738806,0.15498483499882412,,,0.1547329557395784,0.1545659198860627,,0.2680422686146202,,,0.2682062511588591,0.2679135674937399,,0.2680075164567651,,,0.26931320843572515,,0.26923670916381676,,,0.26852684694208884,0.2690440887333413,0.269375282117047,,0.26834078858407745,,0.2682986788442395,0.26757298457922385,,,0.26854954137565373,,0.2682057303859708,,0.26838011361560554,,0.26863690474713264,,,,0.26960422152988933,0.26858731315550444,,0.26946652547909095,0.2685986125057635,,0.2679764111933972,0.26803407344636343,0.2679326970108633,0.2683460349565015,,,,0.2680367376599004,,0.2684047620078279,,,,,0.2679657022991439,0.26794065819513097,0.26881954188090046,0.2688049948934526,0.26851779133162673,0.2694837502613482,,,0.26824072835841634,0.2688833004296224,0.2678608696994519,0.2642382224805631,0.26823747374027956,0.2673851433198455,,0.26841187391145693,,,,,0.268055111036131,,,,0.268813703837415,,,0.2684664817564406,0.26820599935039263,0.26862677636885657,0.26870281713296534,0.2689177440990225,0.2690090092843137,0.26854326913948456,0.2680837677435872,,0.2696910803188893,0.26927365078001925,0.2680774167702639,0.2681291963654237,0.2691870232024482,,0.2691254488704808,0.2678568188807258,,0.26887962250104214,,,0.26769891090091885,,0.26883470188508013,,0.2679033016512574,,,,,0.26796600447418983,0.2671648930355806,0.26746802787120627,0.26833627310186103,,0.267155534499001,,0.2687795311792028,,,,,0.2690870553463888,,0.26898981759248813,0.26862655045528916,0.26822137781057126,,,0.15073921216306538,0.15081061709634944,0.1506561741387888,,0.516691853560609,0.5827015166871226,0.5144848565909286,,,,0.5579191270406718,,,0.5576912738598063,0.555830037883902,0.5550968532593634,,,,,0.5574533402998656,,0.5577836588844888,0.5567001000117181,0.5579911985531308,,0.5579650960114056,0.5553265806196801,0.5566064897265716,,0.5566507754620358,0.5568214000015441,0.5582865977923859,0.5570107522965483,0.5576046028685909,,0.555847105437446,,0.5590122694709756,0.5574335536806521,,,0.5567056442508561,0.5563505912704081,0.5577416908718016,,0.5584060964268426,,0.5575644350199177,,0.5582882106663808,,0.5584165845603309,0.5583020437875504,0.557727054101304,0.5582507040527545,,,,,,,,,,,0.5571927023518433,0.5573151710990975,0.5566599137082969,0.5587094603175966,,0.5562179436351693,,,0.5580252849446922,,,0.5579332945557348,,0.5578178241804802,,0.5579475894346266,0.5579962806743018,0.5571049373152654,0.555217115339507,0.557284431308684,0.5588133931616528,0.5591795971716332,,0.556304561481738,,,0.5577799530138985,,0.5553806748141924,,,,0.5568321241864289,0.5571877710137437,0.5571248063311334,,0.5564374945919918,0.5562289618554722,0.5570352724047931,0.5568002188507769,,0.5584486935447861,0.5567903463343193,,0.5561463790717375,0.5569937940168262,0.5587274078643035,0.5578480947684674,0.5572427656052233,,0.5573008234985846,0.5566593322952575,0.5573694867306175,0.5559655562822222,,,,0.5587822885024494,0.5585947260165498,,0.5576874602010834,,,,0.5560567573076486,,,,,,0.557071952944573,,,0.5565430916148463,0.5562090750967957,0.5566399085510539,0.5574658917459843,0.5572853677947373,0.558988137186516,,,0.5566130629616661,0.5571616026881712,,0.555413561803277,0.5566522434531888,,,0.5565639064815342,0.5571831188864188,0.5567150985155828,0.5574732437798235,0.5578560185263762,0.5578946041786143,,0.5577754180738672,,,,0.5582758622234278,0.556418164216833,,0.5566828218425771,,,,,0.5560686394888137,0.557406022950811,0.5565578225082378,0.5582166605813462,0.5579092428104322,,,0.46349432180901673,0.5172148914518636,0.5155252673978392,0.5131959369856983,,0.560386795165417,0.5618130486676558,,,0.5599224465961492
4,4,DG_8pct,16,Z18_F10,18,3PH,174952,181886,True,4367.795538064484,4407.633951055315,4403.2883059170945,4477.100181032351,4475.993184813966,17.848661134728395,3.0663832058425196,91.41190676436254,92.4968507337076,38.938301965827684,39.141338247264954,26.063156747745335,0.7803512718913048,8.26326807641738,12.273825834674017,4.196810522723763,4514.411571233568,0.0016763155907418548,8.011314847565577,26.948341033184626,0.7212442542677981,,,0.7211349733157203,0.721089929131532,,0.646160802718874,,0.552016390237444,,,0.5591835957693535,0.5581285076258009,0.5581351261145295,0.5589057640422657,0.558771555138565,0.5586574667316145,,,,,0.5527175253468766,0.55272090282602,,,,0.5454117652295686,,0.5460173337602562,0.5550673147710885,0.5557061867528315,,,,0.5554393781755435,0.527084284669632,,,,0.4942072022207135,0.49430976427338924,0.4929372093525661,0.49677546123141486,0.4957760942402089,0.49706357373792986,,,0.4969033815938278,0.4968274620923014,0.49623998234910865,,,0.49778654023160485,,,,0.49536458205841044,,0.4897211114728146,,0.48987133128476645,0.4821919792001706,0.4823786680564887,0.4814646561860361,0.482377029883197,0.4823548670112451,0.481687186692796,0.48198545652059993,,0.4819040442758444,0.48191308210559586,,0.4829753666169172,,0.4822539765344085,,0.4823145832868418,,,,0.48289870159130394,0.48148653422000454,,,0.4820331777201206,,0.44457248828922985,,6.212997175170864e-05,,,6.151171837374001e-05,6.157197368311886e-05,6.156055705629172e-05,6.157385797495981e-05,,,6.248734977204453e-05,6.231480790496988e-05,6.246891016233501e-05,,,6.256391646650862e-05,6.233655562471534e-05,6.255218476106434e-05,,6.246042512651447e-05,,6.237923438289088e-05,6.258266845388172e-05,,,,6.240223989544554e-05,,,,,6.241998658209139e-05,6.255095496379264e-05,,6.257290694922993e-05,6.242323611758617e-05,6.232432120849541e-05,6.234546781605025e-05,,,6.223171586842164e-05,6.235536171448528e-05,,6.244035153790346e-05,6.231215248651119e-05,6.242108760992378e-05,6.240198891761392e-05,6.224096793193222e-05,6.236017706011075e-05,,,6.216382022883812e-05,,,,6.22025283049838e-05,6.240560498418637e-05,,6.231666372534689e-05,,6.248633923438114e-05,6.250145820100477e-05,,6.255066114177967e-05,6.204662730109332e-05,6.244969646790423e-05,6.235045025086164e-05,,6.256957629920541e-05,6.25597862790512e-05,,6.228806674291206e-05,,,6.251380917720647e-05,6.25597091328809e-05,,6.227559441033532e-05,,,6.23626297975948e-05,,,,6.225579337772863e-05,6.231173306234349e-05,,,6.252809137441945e-05,,,6.2327217688768e-05,6.226849593532926e-05,6.231368251780455e-05,,6.228186758016329e-05,6.238839565602511e-05,,6.215652666967709e-05,,,6.237617761295984e-05,,,,6.252143503353855e-05,,6.253223136868614e-05,6.249758799684274e-05,6.248795949407557e-05,,6.242420326654542e-05,6.231524092385076e-05,,,6.253459217694528e-05,,,,6.229040617462176e-05,,,6.236525184616739e-05,,6.247850844172905e-05,,,6.234328701177601e-05,6.224836611187251e-05,6.228232193983015e-05,,,6.225632725175097e-05,6.244203764222564e-05,,6.212723981532241e-05,,,6.247529110665992e-05,,,,,6.241139338334457e-05,,,,,6.250890641010673e-05,,0.1781186070134986,0.1777325120263686,,0.14456370816023797,0.1443928495339872,,,,0.14439241115269238,,0.22087752083466516,,0.22039014522396985,,0.22108108262514872,0.22078416674410734,,,,0.2206422794879456,0.22114786331851152,,0.2208794749846307,,0.22030213534822812,,,,0.22112345999788377,,0.22111516271915546,0.22050355902878016,0.22106157533357307,0.2210265127434272,,,0.22075201598886568,,0.2204632752862994,0.22077967769640855,0.22049149284155328,,0.22040407231878897,0.22099716800745065,,0.2206898307737135,0.2206955083793882,0.22090874013104922,0.22080635001845453,,,,,,0.20281109149279736,,0.2017396634387526,0.20263520711803415,0.20168911644643733,0.20260863309652602,,0.20266842929559117,0.20229453272441028,,0.20248287182735117,0.2029089413992831,0.202164929786192,0.2020480738974664,,0.20228798177671856,0.2027348105552476,0.2021811506185203,0.20238193887979572,0.20193114984491425,0.20237567573661944,0.20189900485932222,,0.20289135280840012,,0.2022827135302339,,0.20184960052089707,,0.22068258090865575,0.22053301302443215,0.22042473219571565,0.22062379351472097,0.22033650843856314,,,0.22014125074921095,,0.22035124490479427,0.20238870752373184,,,,0.20213303556780826,,0.20217447920243528,0.2025116847227493,0.2023854199108687,0.2025200666074317,0.20226420856362498,0.20114393649558723,0.20139868222689436,0.20213895903109377,0.20183959575484348,,,0.2203463655266229,0.2205659376055304,,0.22018538894260897,,0.2204227508632904,0.21993627228517218,0.2205409204153046,,,0.22030980093473487,0.22017809802612812,0.2204866042491202,0.22019069426361712,0.2205654919494912,0.21986944566578626,0.2205729932579214,0.22008997917771136,,0.22066901436262915,0.2200320704450239,0.22012739345751944,0.2205616799447849,0.22044108879046032,,,,,,0.2012434194436789,,0.201315469297076,,0.20135516809399653,,,0.20121135286106395,0.20193130471853182,,0.20207125041901103,0.20258901851604133,0.20247459786486707,,0.2018814597829021,0.20208545937421707,0.20208083191104667,0.2019793111289888,,,0.20199947134222507,,,,0.20177830899477825,,,,,0.230863096185028,0.23064376014571092,,0.2303786547894591,0.23092571972264148,,0.23044708822153512,,0.23027989041264035,,0.22557286716664698,,0.22569259870386704,,0.2257846615227523,,0.14505737915201164,0.1449050602211709,0.14359470639907276,0.14371976755240926,0.14336930027105624,,,0.14032036232455264,0.13692727603324653,0.1361971703736497,,0.1461262357634104,,0.14602466077538231,0.14730205071134547,,0.14726283298982992,0.14791121582713643,,,0.14746871184405436,0.14739454982539255,0.14770741159144155,,0.14771042994428282,0.14798640893515647,0.1481784115521974,0.14794370022669848,,0.14837384647656424,0.14783019284970295,,0.1476772582777532,,0.14790227662819777,0.14804216808487872,0.14726966239496622,0.14802213468232286,,,,,0.14795687976326252,0.14763710156163065,,0.14751384909712809,,0.1479644899232564,0.14952045108005135,0.14960435383649498,0.1492796824577032,,,0.1485213462464133,,0.15031746308796942,0.15021989558107998,0.15061363267093897,0.1499940534315013,0.14962493084749806,,0.1498407926317619,,0.1502621979457063,0.1498309610074409,0.15030180710241917,0.14946288023158538,0.14974868692790202,0.14997025590787466,,,0.14990503602678948,0.14964857811780785,,0.14948508367160265,,,,0.1495898823941207,,0.14933433858823272,0.14964371367414664,0.1496944288602174,0.14994138018063377,0.1491311727119788,0.1495990303072896,,0.14961852989931804,0.14930212052481753,,0.1493041254009428,0.14910291509380644,0.14955367054812288,,0.1494218229982888,0.14917496779495906,0.14949143672566306,0.14959758395379383,0.1488742042594166,,0.14926996199109516,,0.1496327422910255,0.14962477834865756,0.14934578799447096,,0.14989433145365594,0.14975180108341624,0.14959423724383286,0.14948890005191368,,,0.14975212467140167,,0.14948621394774192,0.1489851298205186,,0.14988104582476092,,,,,0.14929385374555856,0.14921769278376174,0.1494535970310771,,,0.26425209548401635,0.2640387398206694,,0.2644172633100719,0.26439962281977614,,,0.2652272192942899,,0.2635479650491608,,,0.2649615270613188,0.26493195915011536,,0.26415235708364465,,,0.26431884121403815,0.2642339817965888,0.26385092115372666,,0.264387124613434,0.26400545439495976,0.2639477222790523,,,,0.26425540254369384,0.2639204821388715,0.26495945808055854,0.2636378842858679,0.2655840983177716,0.26487221612676887,0.2649791401344747,0.26489986209861177,,0.26497110147747777,,0.2641498051024007,,0.2634398218939355,,,,,0.26368567233654955,,,0.26396189450473745,0.26441385839975934,,,,,0.2633247939157963,0.2643419047149115,,0.2642910619031221,,,,,0.26462962871186974,0.26093708062794985,0.26328337758545073,0.2633822732571991,0.26379029719389385,0.2641299258006635,,,0.2640974798094084,,,0.2641810815843195,0.2649694445936506,,0.2646697707720274,,,0.2640050221488491,0.26467311989278913,,0.2648956261965901,,,,,,0.26446811653733526,0.264312663134192,0.2652990297428848,,0.26455057738486565,,0.26510327565931985,0.2642754717440323,0.2655513171746883,,0.264631812977621,0.26388913140723314,0.2644336628491637,0.26417265980638105,0.26486571016947263,0.2643250289535823,0.2636493075170212,0.26374264360555916,0.263119739273125,,0.26431748738165933,0.2648525037466683,0.2632549183393307,0.2639822893741172,,0.26391480557401914,,,,,0.2642912804767991,0.26409511822933174,,,0.26428471211791804,,0.26364233659351327,,,,0.14516973917545034,,0.14577420300874525,0.14594360426087838,0.5139910283585903,0.5810349725314122,,0.5114816573759884,0.5101879423572873,,,,,,,,0.5546344774100008,0.5540323811239265,0.5564848303986213,0.556316831153684,0.5538500254783153,0.555596419632196,,0.5535746360799138,0.5539003964400271,0.5541411589361359,0.5557956383111403,0.555973534335982,0.5549225299476681,0.5545203872411172,,0.5530201293554649,,,0.5553195020836613,0.5535313107562021,0.5551932486105997,,0.5539270222968554,0.554380526417222,0.5556619829069857,0.5530361300221899,,,0.5552264631194298,0.5537504831509344,,,0.5544202034523947,,0.555672257332536,0.5550858593603907,,0.5554140875898779,,,,,,,,0.5553114485259877,,,0.5549005018259032,0.5553700584513817,,,,,,0.554810830738855,,,0.5542749433441445,0.5555492983290582,0.5558228773422166,,,,,0.5554452940159473,0.5553884714486335,0.5545416147608839,0.5546910567213194,0.5551781101936657,0.5548010421669016,0.5542244053758355,0.5537140311424799,0.5545854757271516,0.5536860627626958,0.5560141904601447,0.5537835182836053,0.55510402908679,,,,0.5543456291127926,0.5543300907731608,,0.5540764778309234,0.5545857385355819,0.553832545026615,,0.5543835063991251,0.555232671986223,0.5539235492046026,0.5547939109680115,,0.5546063590580974,0.5541272449720983,,0.5557397881140279,,0.5544810747885035,,,0.554451033067436,,,0.5548098057843791,,0.5548070032710991,,0.5544512485198175,0.5549052617114186,,0.553541319322092,,,0.5540205712742335,,,0.5550388886190122,0.5540152232533596,0.5540751324710714,0.5541450241418279,0.5542247244022647,0.5550341063399274,,0.5535051277796499,0.553178005866952,,0.5552539302613103,0.5527199467776399,0.5527686482558332,,,0.5535013526141844,,0.5531967790879924,,0.5546052834102556,0.5520080371673063,0.5546078586691899,0.5546553965236178,0.5547611083361598,,,0.5541496816106489,0.5551928076321825,0.5541724335210388,0.5523310061651294,0.5549366448774042,,,0.5550046702400546,0.5562286078338078,0.5537232106946228,,0.553650956202473,,0.5536118018850409,0.5551340378053445,0.5547752584072149,,,0.5540403615725495,0.46121413817804563,0.4615096312776117,,,0.51425596157262,0.5130298503794982,0.5600359866575111,0.5577931760822845,,,0.5589786029441776,0.5582402751575873
4,4,DG_8pct,16,Z18_F11,18,3PH,174951,181886,True,4374.608349129858,4393.221236452501,4384.999798887937,4491.959303726677,4477.759232806284,17.896490336232915,3.074692190912796,91.37555637656982,92.57374755510727,39.24496605780795,39.35302394162187,26.15450181623912,0.7859244624394675,8.277263500202663,12.258784543808467,4.212128312460636,4523.322500160243,0.0016700071648842168,8.022505210442041,26.920723847494486,,0.720270410283584,0.7195024149345937,0.7236979552221338,0.7202740693455919,0.7216469142793994,,0.5531927701970359,,,0.5540853899072776,,0.5591605540044435,,,0.5567886238314321,,,0.5571653162606273,,,0.5530939076610801,0.5517821830861371,0.5551954929055637,0.553578201654618,,0.5464627576747948,,0.5443667488744626,0.5567568126806626,0.5544803267945027,,0.5532208589987494,0.5560541728527465,,0.5266325998258677,0.5015141712750123,0.49997865393197927,0.5006833024674641,0.4948394225364791,0.4960277252458674,0.49520311347054846,,0.4965572487510832,0.4959338103607379,,,0.4963475047438191,,0.49695801457448574,0.49499908196047526,,,0.4968351587067287,0.49622652898386876,0.4961631601347497,0.49724705843673905,,,0.49158313118501207,0.49088855823653327,0.4827260267623613,0.48236250073747133,0.48195440498445014,,0.47971498691259634,,0.48151975695805704,0.4816815000647279,,0.4825425685405873,0.48273067801704644,0.4820855419132782,,0.4822566460368359,0.48238364181839244,,,,,0.4814960701583317,0.48343108096859655,0.4818231969885655,0.4818005965229376,0.4799530315132969,0.445152841439453,0.4457804727126142,,6.216912089920516e-05,6.175474388562567e-05,6.157071143003405e-05,,6.171609348071522e-05,,,,6.23593867043602e-05,,,6.243918320722056e-05,6.256236592912465e-05,,,6.240289948319251e-05,6.232437154435208e-05,6.217597968553804e-05,6.23762397600822e-05,6.25741271240936e-05,6.236833969524261e-05,6.254012936000468e-05,6.235298639816671e-05,,,,6.241130134153449e-05,6.240918752139962e-05,,6.253393959142206e-05,6.236670435623533e-05,6.237485555562814e-05,6.244381812974928e-05,6.225585799434528e-05,,,,,,6.242629928473621e-05,6.232276734699972e-05,6.251823656700503e-05,,6.22633496099621e-05,,6.238180514285768e-05,,6.243715876641722e-05,6.23393328326236e-05,6.22904311100864e-05,6.252398265683947e-05,,,,,6.23822807590425e-05,,,,6.25055810895232e-05,,6.239819067801702e-05,6.24595485367156e-05,6.239541094745318e-05,,,,,6.255908800400226e-05,6.243112378504387e-05,6.230302501960557e-05,,6.247545504482361e-05,6.228620703772863e-05,,6.240613412444061e-05,6.23764475153456e-05,6.236046068783595e-05,6.231953922348423e-05,6.239605166512054e-05,,6.237962785583778e-05,6.236420671093248e-05,6.235480075299606e-05,6.226869832288066e-05,6.233345838484634e-05,6.235890307350931e-05,6.241663525526853e-05,,6.225566503495172e-05,6.228578166846167e-05,6.240087399001384e-05,6.242926140587371e-05,,6.218279297143184e-05,,,,,6.245061573785652e-05,6.236199131978068e-05,,6.24281710948884e-05,,,,6.233612661075631e-05,,,,,6.243353401473752e-05,6.228797387615372e-05,,6.228629421958871e-05,,,,,,6.216367080284196e-05,6.238691219066555e-05,,,6.241276852864441e-05,6.248466505187814e-05,6.240420952452003e-05,,,,6.250536160164316e-05,,,6.2478626897748e-05,6.229226255778303e-05,6.247245258166356e-05,,6.24960183246397e-05,,6.239394755442571e-05,,6.244017671777975e-05,,6.250800179838923e-05,6.239855875369646e-05,6.238891058725904e-05,,,,,0.1774565489593772,,0.14422570448044805,,,0.14434256041174004,0.1445332459743962,0.1442513365290489,0.14495040075243182,0.2206986927034999,0.22076631864710672,0.22117301213088542,,,0.22118779287294615,0.22046569677037692,,0.22051289257360882,,,,0.2209079400234354,,0.2204357593725359,,0.22035103519348628,,,,,0.2210080308845388,,0.2209480330036305,0.22041795320119123,0.22037745405845807,0.22065534453900662,0.22026960207221355,,,0.22030229415835825,,0.22043912556283768,0.22098165147761104,0.22059611621360564,,0.22051246461041557,0.2205001671000672,,,0.20204126675477257,0.20286186791716573,0.2021756534571712,0.20180003952335648,0.20237673180015747,0.20222377910590555,,,0.20262585102378083,,0.20227552165868462,,0.20234863050600196,0.20230620138085867,0.20232928267590433,0.20226724466722176,0.20203999416825819,0.20233486094129152,,,0.20206704690751948,,0.20234524781255753,0.20248957054515626,0.2019912675046183,0.20233563900043505,,,0.2023701457660584,0.2026076219951865,,0.2025654972964898,0.22032662487552146,0.2205475350260921,,,,0.22064502258139665,0.22095154796751004,0.2204372610388915,0.22063947637931647,,,0.20163102844910819,,0.20165759696999747,0.20159533905986665,0.20159965667678048,0.20175913743323884,0.2017974099129167,,0.20237877969366946,,,0.20114151697601668,0.20130882511881376,0.2011067532083361,0.20212767341487595,0.22024272096705522,0.22035871706926013,0.22017823723157207,0.22054032292213496,0.22057899932044875,,0.2204763907029094,0.21926766746589607,,0.22079699583380458,,0.22063463290893118,,0.22022234684268835,,,0.22006375785444696,0.22022966313650744,,0.2203201791923117,,,0.22033219336274731,,0.22068942070605724,,,,0.21985873104340434,0.22032999566861391,0.21995347849605357,0.20148819601076196,,0.20214120734966254,0.20216466601739347,,0.20181606594209456,0.2021520280584481,0.20161480128764844,0.20204278294334038,,0.20264272329464206,0.20169822466544876,0.20212404453384095,0.20205041664500822,,0.2018707170129345,0.2020687883519195,0.20152745849545478,0.20216263053111563,,0.20141738806003004,0.20200383022894983,,0.20271656866820878,,,,0.2018892893943649,,,0.2305298421130445,0.23037339632934084,0.23035351506339438,0.23047967408019251,0.2301420781427818,0.23045911325492513,,,,,0.22644132096008016,0.22603942708709987,0.2258287728312733,0.2258854146997807,0.14513183933421922,0.1451073009782865,,,0.14349806271960128,0.14331785427835192,0.13976620627869876,0.14056633009164632,,0.136225252528217,,0.1366744536715692,0.1458559064229877,0.14588149322776472,0.14592612794002843,0.14719506809383337,0.14694427939489915,0.14695584712489085,0.14754448470845355,0.14747552216736323,,,,0.14771498077936282,0.14755877381789315,0.1478656468552796,0.1478704891386023,,0.14771498664994923,0.14816148574555058,0.1489990282711665,,0.14784389608219975,0.14806613021798087,,0.14797634765760526,0.14732613844835898,,0.14808725094478395,0.14799603575784628,,,0.1476339416327425,,0.1475538507233625,,0.14787426401550532,,,,,0.14918221479604224,0.15001392190139962,0.14910951188849658,0.148897879733566,0.15021347589817824,0.15009666401083124,,0.15027486890182082,0.14999486917434335,0.15018448310025415,0.1497368379268487,,,0.15017702528186547,0.15001836880130484,0.14989903443040734,0.14952411338147722,0.14977532727850795,0.14954917223071326,0.14928950364465324,,0.14979510947527908,,0.14962668606213306,0.14955070736720685,0.14994786712741537,,0.14934207487197515,0.1499407530584543,,0.14906409778740168,,0.14947074550957865,,,,,0.14946259544166332,0.14941246163381774,,0.14974185353594816,,0.14950461848735724,0.14959378050936303,,0.14945776759520557,,0.1494700755061004,,,0.14932932229089071,0.14938648787920858,0.14945484092836228,0.1497960335396609,,,,,0.1496669223802684,,0.14960736192078694,0.1497829031797379,,,0.14967132925090318,,0.14946973785768272,0.149486236739505,,0.14942821542087042,,,,0.14971828321033126,0.1496785885864819,0.1498707052582498,,0.26351696237428573,,,,0.26418388502651585,0.2645474357615199,,0.2637617186204506,,0.2635574705084863,,0.26456991493724963,0.2648978570993411,0.264155370254691,0.2645817527768415,0.2645246172981573,,,,,0.26456892707529733,,0.2640404941860868,,,,,0.2641107195262148,0.26457552696884196,,0.26508270953065366,,,,0.2644593523725061,0.2638251647220601,,,0.2635690450095568,0.2637542300161082,,,0.2640245139668825,0.2634740717959562,,0.26367900606319455,0.2632662031405059,0.2643161424120537,0.2632499514383751,0.2632528773948249,0.26457773455523403,,,0.2643847360623968,,0.26449127736234973,,,0.2646608949523532,,0.2641497620535626,0.2637737026469466,0.26527881822953253,0.264771000287001,,,0.2633243065004996,,,0.2638135165347366,,,0.264498999356096,0.2638808600888641,,0.2640906980798918,0.26444931318149933,,0.2641442269166689,0.26504722368557,,0.2642629418979706,0.2656977379757529,0.26445206210879146,,0.26518332343648005,0.26415291314791256,,,,,0.2641730954635052,,,,0.26368179296451416,,0.2638649339447107,0.26395552454941323,0.26403261704217607,0.26405810948564984,,0.2643712201699652,,,0.2642781728075782,0.26480563402969515,0.26469038093861935,0.2640484488682376,,,0.26342347236466046,0.2626797616801331,0.2632455022437305,0.26404250041241817,0.2639133599274428,0.2630387075765769,,,,0.264203756045508,,,0.2646384856295888,0.26354972794553677,0.26405403603251815,0.2638759636287725,0.14522878757526292,,0.14544311036822935,0.14548571814602113,,0.14540987185115078,,,0.5090310602997418,,0.5103647390389803,0.1496401572024825,0.5548704201603933,0.5550614351274837,,,0.5545329960571477,0.5555741701948501,0.554418398018254,0.5569321369921244,,0.5548650685761893,,,0.5540758719712748,0.5559143960826041,0.5546196588065895,0.5534087725926728,0.5546309596461383,,,,0.5540618554870169,0.554945068071157,0.5536413041100443,0.5556677446516777,,,0.5556275417194687,0.553934460122978,0.5542569127490277,,0.5549993113142576,0.5539687185044104,,0.5560284730628369,0.5549788908770363,,0.5532318804649726,0.5543641051342748,,0.5531540975366996,0.5552170548720707,,0.5556368482524634,,,,,0.5549063550513225,0.554608532824368,,,0.5537524295094614,,,,0.5558199964113366,0.5553982810218493,,0.5554664472334071,,0.5539683549790924,,,0.5550415879164694,0.5545678234536691,0.5539304710751857,0.5536372767964451,,,,0.5535875719679297,0.5532155939100788,0.5542089017175251,0.5532641779092761,0.5532730072292832,,,0.5560448855775049,,,0.555749051055924,0.553958115173096,,,0.5545742483528064,,,,,,0.5557324616647705,0.5527461561275185,0.5537317431781377,,,,,0.5536688439836344,0.5539187890456225,0.554514308411612,0.5544579194596825,0.5544015940309317,0.5542062545389456,0.55308964802636,0.5542405242033379,0.5537810709211177,0.5548055504006656,0.5538198788231188,,,0.5526772608903328,0.5560063364093739,0.5548820717360131,0.5555720061465996,,0.5558187691302419,0.5544286837633553,0.5540075149149467,0.5544259658423613,0.5547493873975703,0.5539630667058427,0.5523001606154597,0.5556312541906868,0.5557529207297965,,,0.5546761040726689,,0.5545069813748762,0.553691295164594,0.555494201490097,0.553324169727995,,0.5549731981039909,0.5527631957156375,,,,0.5557516109504659,0.5551038563518973,,0.5541225117222736,0.5559876145184494,0.555459187683856,0.5553300133275704,,,0.5541820479653596,0.5552447926971162,0.5546755690090514,,,,,0.5544702570099033,,,0.5535745271779451,0.5542332674054663,,,0.5528914756061943,0.5558914949570626,,0.55535625672636,,0.5540262253931104,,,,0.46201394925696315,,,,0.5587520250473811,,0.5596423575488522,0.5571486654259662,,0.5572155848021625
4,4,DG_8pct,16,Z18_F12,18,3PH,174947,181889,True,4369.575657348638,4402.916612280361,4373.080636073885,4471.184568059677,4475.211544470003,18.099861149795434,3.1348426154149744,93.8305165960621,94.82104632946432,40.19494997833957,40.32470916745327,26.764853801609544,0.8013555465723294,8.340389487919772,12.362986124644754,4.270597949281681,4504.59893787253,0.1288035714528218,8.220195205405382,27.84747180505461,0.7193128065851823,0.7215432742174583,0.7188730977309763,0.724979945439962,0.7243198269325349,0.7234000864285325,,0.5527766337831387,,,0.5546020109033822,0.5602335600047053,0.5613907042576352,,0.5612589657315351,,0.5601339082364523,0.5619651345463782,0.5611359856482009,,0.5536883179084024,0.553293181254418,0.5524335556025851,0.5549936760892734,0.556343780886098,0.5569875838999361,0.5467777378614854,,,0.5575191022598671,,0.5564835730586851,,0.5572809144076937,,0.5278549430094638,0.5029750849385418,0.5054321357697354,0.503351689389175,0.4988642886531281,0.4962142940463066,0.49706494185278294,0.4997715213899616,,0.49962664740689244,0.4988744450243916,0.5001350107344262,0.497196228653925,0.5007413949890337,0.4982393054538118,0.49811661393867607,0.49886182562078196,0.5003724368630481,,0.4998721048562632,,0.49868911351430345,0.4915754902833474,,0.4910525348952676,,0.4837344435334782,,,,0.4846362098522946,0.48421891286845287,0.48462867347773364,0.48456632279973594,0.4836563592531986,0.4852036237239972,,0.4843533613050783,0.484557782943058,0.4840418274985458,,0.483039243866646,0.4853461031647111,,0.4843607626492544,,,,,0.48576337948609516,0.44886840122810606,0.4485506311945488,0.44845453277101055,0.004741545386699613,6.150229855818557e-05,6.153423654709704e-05,6.143328045822153e-05,0.00470763406747163,,0.0047168105100776235,,0.004761604986544671,0.004764253560822445,,0.0047584344145541685,0.004766850827978332,0.004757399100088098,,0.004756063134034845,0.004754377834203582,,0.004761275217723103,,,,,,0.0047763603604306865,,0.004763178963830991,0.004765130968250018,,,0.004766889354405386,0.004765169055572258,,0.0047641165391836635,0.004760244384469689,0.004776601243966688,0.0047628709861706146,0.0047583868086587145,0.004762972114813378,,,0.004764986488636697,,0.00477147739700331,0.004767609610715817,,,,0.004765687440259796,,,0.004755305784443884,,,0.004771590756822899,0.0047517876361476835,,0.00476791506829206,,,,0.004757709154655765,,,0.004762675318793935,0.004749202362694678,,,,0.004754871527412807,0.004757084807819653,,0.004764802277389486,,,0.0047657460039589265,,0.00475453327454722,0.004767409309669629,0.004747279951673523,,0.004766397683997868,0.004757722823321846,,0.0047493152650443056,,,0.004747938524479378,0.0047480427375777194,0.004770185930261957,0.004760076544905604,0.004761571204470337,0.004769695762987967,0.00476806930173376,0.004757511532445796,0.004758427352760879,,0.004773856444402832,0.004756490897260799,0.00476046978944129,0.004764788157399484,0.004778775535265874,0.004771794259458577,,,0.004775018060899695,,0.004774396972036616,,0.004752870627457948,0.004766725410851689,0.004765659186205531,,0.004776457647492914,0.004772072456147704,0.00476556201426597,0.004769469830376603,0.00476217026546315,0.004758911135920355,0.004761699269251352,0.00475776034786519,,,0.004752609014865992,0.004769931194721647,0.004750340079757987,0.004758280716580095,0.004748888926950645,,,0.004773014049408443,0.0047558737757232425,,0.004775536967850031,0.004777566448602304,,0.004777678539380797,0.004765035649033969,0.00476165806520188,0.0047730261574368184,0.004770592751830419,0.004757769971919662,0.004755908746436976,,0.00474633930953459,0.004776500269289628,0.004768324625970333,0.004763270483964138,,,0.18058498779784085,,,0.14819633222050949,,,0.14782812090247457,0.14820071143548735,,0.22369800484598426,,0.2238553152188832,,,,,0.22338216829449078,0.22383212396870383,,0.2233640646296893,0.2246104897861437,0.22395940547577678,0.22380135498552872,0.22376474557655435,0.22382668155530466,,,,,0.2240310206687656,,,0.22423978708051015,,,0.22361752777647886,,0.22367154821769109,0.22338029743438528,,,,0.22390074026095524,,0.2238245094820299,,0.22396024919779867,,,0.20468153757391178,,0.205810143548393,0.20510030584740163,,,0.2055560286106439,0.20569243641305066,0.20503990132967503,0.20604775614236448,,,0.20503527221450132,,,0.20608421879903965,0.20613189225576026,0.20520715675774456,,,,,0.20538568891381484,,0.2049342544545634,,,,0.20482245498354748,,,0.20546984012993075,0.22300999878581818,0.2239536447811518,0.22300535713706102,0.2239757189471863,0.2231638871914836,,,0.2239302514144919,0.22305536281098376,0.22330655365131183,,0.20549181441954545,,,0.20516149068686304,0.20512742289117528,,0.20498046980114396,,,,0.20537347835393285,,,,,0.22259474330075854,0.2229624189848611,0.22327207805435353,0.2235627328580802,,0.2229438480875329,0.22391305239185935,0.22228169949645818,,0.22313561540669447,0.2233349207156605,0.22391378542548296,0.22314420824003953,,,,,0.2240804744277661,,,0.2238282336510386,,,0.22360462734493172,0.2235180701036432,0.22344668379066782,0.22365294515187722,0.22350825145852085,,0.22284387990827229,,0.20484753127791058,0.2051259051515426,0.20479041578749166,,,,,,,0.20513848363095138,0.20497030144577605,0.20455999969347632,0.20522527930560222,,0.2051323604823493,,0.2052002261425772,0.20505509352192475,,0.20533067035759414,,,0.2052018843469239,,0.20569888848903323,0.20498075630618653,0.20527083479100147,,0.20532774824540223,,0.23324130277488447,,0.23304015384157417,,0.23316233740104436,0.23327513630254199,,0.23308087462475513,,,,,0.2289203926762739,0.22857127661032342,,0.1487545990410085,,,0.1471780485723092,,0.14385970035173437,,0.14394206440119864,0.1394632831681695,,0.13934417644611286,0.14940844493698083,0.14988773177087203,,0.1505624788284687,,,0.1507096906857775,,0.15165186930088484,0.15180911823738685,0.15156902593226712,,,0.1512535293065781,0.1515515314310679,0.15154913745246668,,,,,0.15115764247466065,,0.15102261570895056,,0.15107894689775747,0.1512568959636917,,,0.15135397967828282,0.15112745099481337,,0.15184139968558585,0.15114785670637193,,,,0.15163213433490785,,0.15306361387597028,,,0.1532453801955833,,0.15416666122605333,,,,0.15381434022847856,0.15350862306160146,0.15385204051477097,0.15334658081715938,0.153697502300139,0.15323861621915053,,0.15389300499133293,0.15301351226867235,,,0.15269265074745814,0.15304487529082011,0.15307109763857335,0.1532615930855005,0.1531246875006789,,0.15325853370083806,0.15360368747671735,,0.1534567080490166,0.15290967082558718,0.15335627573475744,,0.1534095307305247,,,,,,0.15287050286736925,0.15309289407065305,0.1533411305550654,0.15301937445031677,0.1530605545656301,0.15283536367883394,0.15310348077009683,,,0.15322391296570684,0.15283555686913844,0.15302500961649868,0.15331995094159762,,0.15254916269891808,,0.15319301684635453,0.15329519068586353,0.15296664332164822,0.15336030206027368,,0.15314269651602355,0.15299580423857442,0.15291373423583662,0.15308514862009517,,,0.15306927001389745,,0.15313001267151535,,,0.15348939146101145,,,,,,0.2670263880975562,,0.26726230676395296,,0.26734241760365207,,0.26673312241904634,0.2672865773608617,0.26728516307113975,0.2673294440819289,0.26761542723596166,0.26709730818985794,0.26756043449254974,0.266979055736745,0.26694141247687664,,0.2675628568234992,0.26714005363256577,,0.2673556758347151,0.267057062234442,0.2668681326735144,0.2677736782329022,,0.2677560817946966,0.2664934909467051,,0.266699351304769,,,,,,0.26729755713652587,,0.26744877315184223,0.26788243395333866,0.26662414135380014,,0.2659575701728355,,,0.26690111921629117,0.2666589060974345,,0.26647325295812757,,0.2661947229495359,0.2661983392577307,0.26554121821776266,,0.2656721601717017,0.26685138265357705,0.2662054351198389,0.2660866525124074,0.266386048767376,,0.2672544684081601,,0.26643210374251225,,0.2677321999547705,,,,,0.2658062952925338,0.2664735506940278,,0.26653472501707937,0.2670730713218969,0.26643466383960585,0.26633339922405735,0.26596617739537687,0.2666144868780664,0.2669143309826561,0.2667584287006512,0.2673029755142073,,0.2667723473482998,0.267680886379495,0.2677146562146481,0.26714637885221704,0.267070393010501,0.2675578218972205,0.26651220299524364,0.26725586043351196,0.2670976282049664,,0.26706427408798683,,0.26755465326527333,0.26695488922520416,0.2667419509263926,0.2676964026357593,,,,0.267179509409156,,,,0.26719909783988977,0.26576634042397096,0.2665272284900353,,0.26773628036039876,0.26693186351616544,,0.2670565291521917,,,0.2664101459938334,0.2664586978885231,0.26601675321723833,,0.26630083297150503,0.2663688670572714,0.2664784338447736,0.26654880850207324,,0.2671315154383008,,,0.2667127912347643,,0.2662771046299232,,0.1493775010038323,0.14855968992993243,,0.14904913480043375,0.14857637821196512,,0.5166961954152549,0.5820263760296286,,0.5120460970465726,0.5130236979869667,0.1529354349857717,0.5578195025053471,,,,0.5574827602573617,,0.5577236281627237,,0.5564897096358051,0.5564299224006515,,,0.5552415794447034,0.5561952476272559,,0.5572069733971297,,0.5556349870889199,,0.5570643110573797,0.5568842965958686,0.5569633098406244,,0.5553247672016897,,,,,,,0.5559087008416503,0.5541473645517543,,,,0.556754077244716,0.5585788301942346,,0.5555368215821889,0.5578187900052936,0.5575923863470919,0.5552910300567865,0.5570609454078196,0.5573286303129984,,0.5567559077064215,,0.5558680722993605,0.5567727890933852,0.555408996135512,,0.5569325541197471,,,0.5559680597638796,,0.5560288850608784,0.5586431108226042,,,0.5554703426719003,,0.5565839779511211,,0.5559191374251576,,0.5573181202740499,0.5570797302518388,0.5568627712008724,0.5569348873931624,,0.555983204258548,0.5567650399378865,0.5555512099761659,,0.5565932419251509,,,,0.5566352391300087,0.5542376550503637,0.5560026585156778,0.5558617688711405,,,0.5572505064577492,0.5561900439977157,0.5541280327118132,0.5565671996683826,,0.555405004926344,0.5576619450498974,,0.5561329734988877,0.5551803594060145,0.5574301402457975,,,0.5573489774941123,0.5569659637546255,0.557244003526759,0.5561692986805845,0.557479092494607,,0.5564337032763076,0.5564409227814215,,0.5566737099438662,,0.5563920758240474,0.55426001596415,0.5561105623815338,0.5578183032795873,,,0.5580474797013928,,0.5565099262613009,0.5568263520926348,0.5560839726179199,0.5560239398989129,,0.5575213444844663,,0.5575362294177753,,0.5570330743874029,,,0.5568326839649771,0.5560192446248361,0.5592666433376557,0.5565624547743752,,0.5576265109520157,,0.5559830999057503,0.5560393593551218,,0.5555699127505135,0.556032917132589,0.5551399333980261,,0.5559526008270813,,0.5560102713627363,0.5570315795269715,,0.556234526816492,0.5565877498040998,,,,0.5573355523540333,0.5578515773946727,0.557058296733048,,0.5558572215765392,,,,,,0.5546556380780056,0.554215867677397,0.5574984922999555,,0.5551692697694193,0.46427303416212984,0.4639565556119306,0.46322720662039085,,0.513559072005672,0.516367043882032,,,0.5608432926047324,,,
4,4,DG_8pct,16,Z19_F01,19,SLG_A,174958,181895,True,2770.5568843534484,2807.466414068957,2784.0561755082317,3032.4398122192556,3014.772846696914,164.38008710982365,16.73681355022785,977.623835880598,1009.6491612849037,380.360006556101,381.96302759900607,250.5629306411336,5.256212293488164,15.483110724445934,22.682206805683098,17.59867425510554,3800.1368333779687,3997.8340540986983,54.96513377523692,310.4078090358113,,0.808607540807513,0.8056828841096918,0.8077994312153184,,,0.882112523289791,0.7147933897163207,0.7166724122084138,0.7162065728227218,,,0.6811668735504272,0.6826265323397613,,,,0.9514663683184463,,,,0.7176064697344081,0.716039385132908,0.7191482947800902,0.7193049123500179,,0.709984651397281,0.7077675832834298,,0.7200499063372806,0.7193898761786638,0.7208058683782085,0.7200254478963856,,0.7191437818009392,0.659625052577256,0.6972556311645028,,,,0.701903932266993,0.7022832158056762,0.7031421209346693,0.7039014608866386,0.7044825029394738,0.7030440953356142,0.7044896996537987,0.7055187102386117,,0.7039393324955273,,0.7049384709359313,,,0.704510863461125,0.7029148583587985,0.7048303800756585,0.6268478820211337,0.6293823501918788,0.8908536439683568,,0.6217435219615853,0.6196713759584307,,,,0.6192423757626114,,,0.6206978095475485,,,,0.6225387192478392,,0.6214586990592292,,0.6210569472997892,0.623256114777579,,0.6228164796105433,,,,0.6219578242897599,,0.6756281557532552,0.6748919119857859,1.0035336319220822,,,0.5843107849883737,0.5663526777816199,0.5667957538906735,,,,0.07787016452625732,0.07784090978487704,0.07846370944842086,,0.07794903210948811,0.07804956624734766,0.07793880132751259,,0.0779654052942969,0.07819212309096525,,0.07809303101781197,,0.07798779747557659,,0.07809429787370403,0.07787527845920056,0.07818720601756264,0.07793564235151662,0.07810111814488647,0.07779645026131218,0.07799109196631855,,,,0.07815367538928346,,0.07802384308468543,,,,0.07804871813717253,,0.07802910994101796,0.07782759948441197,0.07779959176515101,0.077885487144263,0.0780186805432455,0.0780257202616188,,0.07782107345883514,0.9726659465270743,,,,,0.9745798438328283,0.9722466207972782,,,0.9767429668989956,,0.9744412885546871,0.973556231541138,0.9732456310943364,0.9729773553902367,0.9739795280947524,0.9757067738364116,,,,0.9721733080473848,0.9706450105211774,0.969461832368012,0.975136549371164,,,0.9725346048391165,0.9708051721494728,0.975904068761538,0.9732004242704715,0.9728274124669641,0.9699258643155967,0.9715234216400894,0.9733208691061218,,0.9723643987994736,0.9722725742889252,0.9748321371516567,,0.9753809959519892,0.9734966759923879,,0.9752106707125282,0.974133707272552,,1.0079425091745238,,1.009497539682765,,1.0123259623664995,1.007457145213471,1.008037640338948,1.0070190672308823,,1.0104557890116128,,1.0082427690134015,1.01158404139571,1.0091811325415436,1.011042979718404,1.0098539495135188,1.0093966676917439,,1.0086420560755796,,,1.0120716446412426,,1.0087828182400278,1.0060042138228846,1.0113835435818668,1.0080598952686861,,,1.007916405397864,,1.0067982711786683,,1.0086956053086293,1.009989337093431,1.0105160367237789,1.0108438271262001,,1.0114239984800972,1.0107218492500398,1.0093321354455131,1.0063058319176108,1.0064279939913294,1.0104366662754014,1.0096609389346183,1.0108032936575944,1.005963886330215,1.0072168792146572,1.010065895875018,1.0070544797607817,1.0056968641374233,1.0071716759558724,,0.6186558370054717,0.6179691611834611,,0.3873295869492488,0.3402746573684593,,,,0.6232021616482392,,,,,0.4154332461612728,,,0.4152651100514992,,,0.41559150935530553,0.414753762081418,0.4149631197572161,,0.4155948074582916,,,,0.41661066232055965,0.4158210006743085,,0.4152751824876481,,0.4160451290471358,,,,0.416068223755303,0.41604992269140195,,0.4145351809139491,0.4145877239701916,0.41618045686479416,0.416929841457176,0.41511163231958553,,0.4130712975769711,0.41547693619562487,,,,,0.3957862792493332,0.39650341290038593,0.39668196370335584,,0.3974844534255575,0.39504166084466086,0.39602688572528383,0.396399526602888,0.39549513394317076,0.39623143741930544,0.39791093991177284,0.3972207175741624,0.3979163562663139,,,,0.39732168501582277,,0.3959612653012428,0.3972576047578413,0.397366425246567,0.3953661201490518,0.39537065658029347,,,0.39477595208734756,0.39583879377874437,0.3960362229871576,0.39602536060059784,,0.3966665904246242,,0.9361601827729329,,0.9385389427334373,,0.9349086101226687,0.9335847137102214,0.9363559832395082,0.9347180043017059,0.9339901238675605,,,0.9342287793080881,0.937421739024808,,0.9367525291147846,,,0.9364201228305483,0.9354702783183999,0.936531020835222,,0.9335786664588939,0.9345864058855416,,,,,,,0.934387238184181,0.9357181609185257,,0.9346967903880916,,,0.935078395385174,,0.937909375047131,,,0.9367369622200012,,,0.9368095341199606,0.9373600828009524,,0.9353020380061002,0.9388669643525968,,,,,0.9359835842687693,0.9372468399396623,0.9367738561843084,0.9370186677603793,0.9360897887367778,0.9379542729644343,0.938316079818852,0.9351201245357014,0.9394362765133822,,0.9360196968881658,0.9364742551329189,,0.9380107315609796,0.9346180603145925,0.9362004826141419,0.935610077973586,,0.9396162349034478,,0.9341429846610017,,0.9371292222262347,0.935634042350234,0.938869387892754,0.936453166380537,,0.9364089694970827,0.938503018211135,0.9365051798458918,,0.9391480481937676,0.9362078449592207,0.9360237216284376,0.9507692523431366,0.9514968116894449,,,0.4257689051517143,,0.4266192484742865,,0.4260732711913109,0.6481001075294578,,,,,0.646413577537868,0.3425304450457113,0.9572130859840172,0.9342775324738617,,,0.6194509014063029,0.6018545435258589,0.6028897012672975,0.6034605734373959,0.5829215974311674,0.5842673914983417,,0.39552564273709656,0.9362408407785191,0.9229471883132947,0.41205803120852924,0.9436193510757663,0.9251349537519379,0.4157304972694807,0.9457643302967479,,0.9460323146078767,0.9465506521699154,0.9435131523583731,0.9419698863165559,0.9444448456897335,,,0.9259071121986462,0.9483011511578815,0.949265109974154,0.6394272028885208,0.6371817926066979,0.6377625545939448,0.6384760187448598,,0.6394701447974402,0.6397232952944278,0.6373669032177267,0.6374116620983659,,0.6380630479547483,0.6357467346133653,0.6373804245151133,,,,0.6393509194921695,0.6397546499765573,0.9269659568596378,,,,,,,0.44903148143097554,,0.44963257264222317,,0.9568250256068037,,0.956457601456853,,,,0.9252859469240698,0.6450166118636126,0.6451295425801244,0.6456864416150903,,,0.6456455984690873,0.644139146738187,,0.6442587007628345,0.6453306064453546,,,0.6462106236184738,,0.6448056712542487,,,0.645570888555841,0.6463211813742595,,,0.64490035944193,,,,0.6441842915741496,,0.6434872517578799,0.6454040617710552,0.6440356807614273,0.6451663098753881,0.6461965686371941,,0.6444465547006456,0.6471144535735402,0.6439964655022402,0.6446894927238835,,,0.6448068304869432,0.6450172610548706,,0.6409941451197848,,,,0.6456925407343818,,0.6428979720613305,0.6456692963140614,0.6459362375809528,0.6452938312615644,0.6435496973316933,0.6460808650087184,0.6449441813617564,,,,0.6440632537487284,,,,0.9472597102544023,0.9480285105867604,0.9475813639087376,0.9472073444929086,0.9475866599173702,,0.9484842899764089,0.9489344442239674,0.944991336908687,0.9483245299281847,0.45497238156257963,0.453845267214738,,,0.4555358511752343,0.4555851707116158,,0.4554264922363416,0.45417271843479246,,0.45488167840892724,0.45271191244397774,,,,0.4553375864844958,,,0.4546491141560381,,0.9488596031095707,0.9472615616092871,,0.9511886660813078,,,,,,,0.9327968970195083,,0.9333390648415388,0.9319495687141938,0.9312382477366332,,0.9348623440454176,0.9329738833595815,0.9332510855331455,0.9353081676114618,0.9331608957923724,,,0.4529381463573473,0.4545419540745738,,,,,,0.45363892343145684,0.453017045733361,,0.44880118670037744,0.4529174454483701,,0.9377013073299164,,,0.9343904304056747,0.9364752102259029,,,0.9498647274384519,0.9480828644882515,0.9453398782039699,0.9484553844451628,0.94598407480261,0.9485854600824162,,0.9485648595578361,,0.9497244666076513,0.9476351382565589,0.9480345605567446,,0.950368347096498,,,,0.9459588550876349,0.9465706885428667,0.9464741120442247,,0.9467037864231553,,,,0.9464490108448904,,,0.9349390635137869,0.9335504937082973,0.9378658080389072,0.9368246678626849,0.9362751715305189,0.9358707535249666,0.9364209697141876,0.934686655509646,0.9360021759423688,,0.9323829475663274,,0.9361405079205252,0.9354725998584025,0.9332852923208963,0.9330512551207274,0.932843896786577,0.9398984841745636,,0.936962305890612,0.9377847129650185,,0.9379824603594218,,0.9318014758207618,,0.6291457082426657,0.6263313927058921,0.6273950532836465,0.6297338388316235,,,,,,0.7112706846280054,0.43424240342045023,,,0.7174104315366241,,0.7176933029511567,0.7205000894531097,0.7191881373862336,0.7187725304621521,,,0.721113163430531,0.7188881846416693,0.7171907547733841,0.7159299918321904,,0.7178052974526444,0.7165355552267566,,,,0.7180908101659831,,,,,,0.7197171343965579,0.7187867958059136,,0.7191798491831024,0.7175224536441005,0.7167059661644989,,0.7188493684477734,,0.7170983816540325,0.7189771750306382,,0.7184875596885478,,,0.7179580048616103,0.718515800110532,,0.7182545087092231,0.7161155028657314,,0.7179624750393927,,,0.7181906409386617,,0.7164723722109179,,0.7186475167460165,,0.716785758630024,0.7187819084388081,0.7170001884556547,0.7158509899562042,,0.720132917081869,0.7172489838515366,0.7188694503480227,0.7173696491869538,0.7179034400614229,0.7173983065255168,,,0.718140897929825,0.7159707989123736,,,0.7176519217527708,0.7177170018087208,,0.7165778847581082,0.7187650368765591,,0.7191752262949541,0.7180209369178079,0.7161771526615842,0.7180671471029074,,,,,,0.7182304641620612,0.7197987239094231,,0.7173640323067382,0.7173719159065666,,0.7176812451134887,,0.7184611843066746,0.7169131507549883,,0.7201557681001541,0.7189409709180336,0.719500325376165,0.7211064010391487,0.7192651832818808,0.719451339850838,0.7156141841818222,,,,0.7191775796907481,,0.718477220058906,0.7187000950827024,0.7171431054515155,0.7170658462030421,0.716639208258328,0.7182349479877247,0.719032594098288,,0.7201397323997158,,,0.7180519577018537,0.7182068127079685,0.7159556997685946,0.7167921426731152,,0.718047468428682,,,0.7181052887413502,,,0.7185297663590692,0.7182620210345677,0.7169700273037541,0.7183393961982834,0.7197355349890107,0.7188111761771412,0.7172851260077714,0.7170469989400772,0.7186151084805861,0.7180357466445485,0.7177388170424936,0.7181666957791393,0.7186536470017145,0.7170504710070664,0.7207143094639984,,0.717886817785182,,0.7176220696600398,,0.7185486099790186,0.7165668123284532,,,,0.7175869599698592,,0.7181755470990765,0.7160309453343924,0.7180707790623383,0.7163116529815328,0.7177480610117435,0.7161421428464297,0.7184624393924686,,,,0.679670765911436,0.6494005364761916,0.8932148692940957,0.9448301177952444,0.6806510231086846,0.6813859290959745,,0.8796130333716484,,
4,4,DG_8pct,16,Z19_F02,19,SLG_A,174953,181888,True,3131.207819950475,3178.1469471146797,3170.466859101556,3421.3760499223336,3422.9415772167886,178.65661498492713,16.31872484689725,1049.268271634172,1074.095836736545,408.3483926476652,410.75834695439045,270.68836523048464,5.09720476577166,15.271883706755377,22.56897750746068,17.480908703095196,4260.697155611512,4496.99404163601,53.28839504554607,333.2054654918423,0.7925691788990497,,0.7957175484642782,0.7882409625218494,,0.9548016378872974,,0.6942005862230025,,,,,0.6474204961456654,0.6469617353759054,0.8791315888302454,,0.8775792872299475,,,0.9457473261205194,,,,0.696216282515793,0.695799011308484,0.6961341803259541,0.6865885601339833,0.6875602963811425,0.6859827765783424,,0.6978081408102645,,0.6972864289093722,,,0.6236388204192354,0.6735941861092135,0.6712370498947562,0.6729148388689268,0.6767946104353278,0.6782501352933421,,,0.6797288996075214,0.6793654657124232,0.6802319300461604,0.6776442783239603,0.6805344553331302,0.6790480198044513,0.6807303920571993,,0.6815538983445737,0.6809851441640015,,,0.6805287589885819,0.6791502129091703,,0.5866228060782116,0.8868565850790407,,,0.5776782010073044,0.5775082681001743,,0.5781252712151864,0.5801761926082539,,,,0.5795424107450055,0.5796331440528938,0.5783559137210674,,0.5778396409970182,0.5794040366171023,0.5781327525777078,,,,0.5782111559154288,,0.5799886980868126,0.5803184954432354,0.5781634453973398,,,0.6487134996675205,,0.5661377288656121,0.5659648366048862,,0.5478063677835235,0.5467856526000043,,5.563991455081347e-05,,5.5824799735616285e-05,,,,5.570632487630396e-05,5.591576605352876e-05,,5.581197426390213e-05,,,5.586628751242086e-05,,5.562157842595943e-05,,5.594079850166062e-05,5.5730512904911546e-05,,,5.5753276436325605e-05,5.589101625668954e-05,,5.5707688404026736e-05,5.571073726856759e-05,,5.571861715986562e-05,5.582799911898907e-05,5.57200755360515e-05,,,,5.586543035275403e-05,,5.5682876864651256e-05,,5.572494087953929e-05,,,5.565493878340233e-05,5.571597461237288e-05,,5.571833433872701e-05,0.9649496317404401,0.9662189248219429,,0.9650787794924839,0.9662346576040636,0.9638277460716013,,0.9636099416478606,0.9666312302476717,,0.964811965372265,0.9650777864869668,,0.9649529399194879,,,0.9656480701470488,0.9649199321376172,,0.9647535404835788,0.9632617655220879,,,,0.9654907772455976,0.9611719427452762,,0.9640509540319792,,,,,,,0.9630160947354334,0.9643183508553893,,0.9658778362255244,,0.9631688795929063,,0.9628288549397658,0.9609625478480218,,0.9624624707924538,1.0055189514713458,1.0052295230086896,,1.005427716862759,,1.0042091016880625,1.0057227063291394,,,1.0069332507824045,1.0057872065463143,,1.0055360274866147,1.0037692321047424,1.0061054527041995,,,1.0062280161061563,1.0061296672045839,,1.009036164443768,1.0025554298582553,1.0069764709095312,1.0034429098445472,,,,,1.0074520179921953,1.0066276621294006,1.0064974834389142,1.0066264427338065,1.004740481572973,1.007098252271346,,,1.0077571802275753,,1.0086876879368845,,,,,,1.0048268412290826,1.010302946203391,,,1.00249243043145,1.00424478880126,1.0063629720079028,1.0069345065294597,1.0060512364109655,,,,0.31455593685081934,0.2607904670393936,0.6030697211431248,0.6028793353195447,0.6025938304283835,0.6041354011343573,0.6038787698333222,,,0.34659571766798675,,0.3455187071021508,,0.3470677935404597,0.34552102959053,0.3455585909833562,0.3446563151317518,0.345125888987876,0.3465927098445639,0.3453310027806636,0.34703569080669794,,0.346370760834304,,,,,0.345155842140336,,,0.3454187736380224,0.3449397995066168,,,,0.3466696975637622,0.3452448213122904,0.3459751317314471,,,0.3460766924993555,0.34690808280877555,0.34593302499989775,0.3455477280527452,,0.3466794377904392,0.3448996366428585,0.34551504490247864,,,0.32377993000376515,,0.32415527041077874,,,0.3237716746282047,0.3232712784387592,,0.32375363855676625,0.32504742255442753,0.3236465653757489,0.32424255317569856,,,,0.323787170521579,,0.323201211156047,,,0.32400595368054796,0.3244360682803804,,,0.32327097989333814,,0.323686081566464,,,0.32366018451211065,0.9235997848862164,,0.9252279572569446,,0.9249774422715996,0.9222333527557828,,,,0.9272135284283308,0.9245063748016762,0.9262087332634648,0.927444586521976,,0.9258648067196578,0.9241939148119809,0.9251806922882115,0.924210326761589,0.9251049833779181,0.9265597040736453,,,0.923139683176176,,,,0.9258908600078167,0.9240313929845255,0.9238630348539386,,0.9229685831311628,0.9247934106263277,,,,0.9258050886761192,,0.9268877914065072,,0.9225459829197339,0.9262406302320643,,0.9275301004160884,,,,0.9269018841661398,0.9268312769602687,,0.9247049665400325,,0.9269100476696756,,,0.9253925123595941,,,0.9298371005630811,0.9258568354989558,,,,,,0.9285144291924053,0.9256985252668155,0.9246360549535977,,0.9248802051980896,0.9242196573497146,,0.9254249171835933,0.925657645976446,0.9256025682654211,0.9265029182026754,,0.924690063756074,0.9277705621478409,,0.9273974413918497,0.9250062953321829,0.9271258468825823,,0.9260742380238494,0.9285967221981533,,,,0.9510276983150906,0.9505847279916697,0.3579503109917269,0.356803340656759,,0.3581150701852817,,0.6274500918429686,0.6268134845316158,0.6261498388976802,,,,,0.9548024758101935,0.9267537716663515,,0.5990626735826985,0.5998515006349738,0.5838125652578882,0.5829683320810559,,0.5639795281974692,,0.5638895588268967,0.32148435476665815,,,0.34011273862363206,,0.9083190631398054,,,,0.9469365859470362,0.94779438066828,,0.9465526305131573,0.9455860441882861,,0.9452142687227676,0.9086217045575824,0.9515956309370295,,,0.6176187972201133,0.6163222028125087,,,,,0.6160914832852702,0.617299311440683,0.6170919203981241,0.6179524438164493,0.6170377746382614,,0.6159340402925856,0.6157826906815563,0.6169654313217128,0.6164795232821177,0.6175468594449279,,0.9095844346124407,0.908557986751396,,0.9090881279400971,0.9069269879676413,,0.37900765552700816,,,,,0.9590152074102347,,0.9100755388941503,0.907774142786688,0.9093209371833396,,0.6241573767160343,0.626426063014872,0.6254950237301019,0.62380745507252,,0.6255787349829068,,0.6239790599059913,0.6233411807101249,,0.6251917108518948,,0.622789244088117,,,,0.6237641398424025,0.6240099475712453,,0.6247925526462514,0.6264051343587731,0.6246198448588292,,0.6222663572122642,,0.6237263817973062,,0.6240109263568258,,,0.624471520333881,0.6249346644761615,0.6232799641782473,0.6248308860407316,,,0.6229535903420897,0.624127369346614,0.6235539726277964,0.6236659672672368,0.6244296806990475,,,0.6224718739317193,0.6233161485521201,,0.6240008447950355,0.6248511719289797,,0.6227698337866129,,0.624693548238676,0.6240641321078259,0.6244231903279822,,,0.6235299218273979,,,0.6238550921250413,0.9488620918571585,,,0.9467349895483691,,0.9474257409063381,0.9480258468709627,0.948213601947056,0.9481203543395582,,0.9487581774659472,,0.3904768012335399,0.3913103803205489,0.390542322879072,0.3909727758462047,,,0.39079373885373075,,0.38985288203854196,0.390620128255016,0.39059787823511916,,,0.3904849915772826,,0.38981732021631155,0.38956840342914756,,0.3911910983240771,,0.9471778618235882,0.9498638816072279,0.9459380180900131,,0.9479788016618031,0.9498415334049433,,0.924637241261854,0.9224315418053716,0.9206081556699751,,0.9230843222407021,0.9227965430983706,0.9195863845564224,0.9232048966267433,,,0.9237897978919076,0.9215096677842987,,0.9217417565011184,0.39000766129144476,,0.3902007758572914,,0.3898492506192748,0.39122647453630655,0.3918684134992734,0.3912155524130051,0.3901544316114318,,,0.39120844856056886,0.384566942650866,,,0.9253247974633784,,0.9252013663873315,,0.9232225487481323,,0.9234345591610758,,0.9460026756611116,0.947438949918962,,,0.9475071051925527,,,0.948259867085999,,,0.9477488682506188,0.9472804539844802,0.9496532572709915,0.9494423086585964,0.948183017386238,0.9491889609820534,,,,,0.9481702639703281,,,,,,0.9257790228488542,0.9255393984482391,0.9211338399226611,0.921605301862906,,,0.9251714690672348,0.924632866101522,,0.9237570420966845,0.922344419385995,0.9208490164236728,0.9231288735301472,0.923076826176284,,0.9213666766856886,0.9227021970332138,,0.9228737515269945,0.9243629331480798,0.9247763932645766,,,,0.9233911213009343,0.9237191710602976,0.6070581612936187,0.606943683428156,0.609080207850434,0.6072709839301188,0.6091244665660503,,0.891017131670266,0.8757041275061587,0.6865844003095508,,0.6878900099286737,0.3637259212657522,0.6926362364523263,,0.6955781737480307,,0.6958335932482804,0.6952766241886618,,,,0.6965295109824361,,0.6952105856757096,,,0.6969245865617351,,0.6943741598648102,0.6983363429589043,0.6949500122646826,0.6964557114444092,,0.6944922656850089,0.6955461635419252,,,,0.6943737920286879,0.6946109415134357,0.6950516637037052,0.6945005275068241,0.6944594677705214,0.6958273921640304,0.6949864906556568,0.6967516868191481,0.6980450745074182,,,0.6973580720054001,0.6944043247292875,0.6965818465730251,0.6976873784991865,0.6977676597198904,,0.6960753975645907,0.6951146201780851,0.6959809894917061,,0.6941013085808552,,0.6963751724964682,0.6953233025071146,,0.6951189235046771,,0.6953229306274525,,,0.6955094339059428,0.6986614134608564,0.6961164779654803,0.6984119257397949,0.6958974684929943,,,0.694502863504747,0.6955051138795134,0.6976988615225178,,0.694972714945634,,,0.6967507076258903,,0.6968882021503536,,,,0.6953287795771188,,,0.6946479395987607,,0.6943786775829895,0.6976840651309033,,0.6975252027559249,,0.6975205824194066,,0.6946555114700492,0.6973948803370452,0.6953537776456624,0.6963019701052369,0.6946709326647951,,,0.6968908293489708,0.6975936858133898,0.6972111070368493,0.6954369882823835,0.6952376243002156,,0.6955532571176773,,0.6954960239645991,0.6947313132464968,0.6959200500421996,0.6978507439053947,0.6955309119337748,0.6952457523821696,0.6972725576501925,,,,0.6953720958075416,0.6958460891877435,0.6958245741704939,0.6969249981994874,0.69437821851033,,,,0.6961223181971502,,0.6968797715490795,0.695962656399891,0.6954421712555177,0.6963104523419804,0.6953949706918208,0.6958496479854029,,0.6954369235316017,0.6973495715886522,0.6964914166543528,0.6952207516380875,0.6976946695174633,,,0.6951108904171488,,0.6957619132358301,,0.6965868216291248,0.6962408693516767,0.6963581440933603,0.6977662379883919,0.6967284228498047,,,0.6952933051093962,,0.6948944283271806,0.6952592392449068,,,0.6981795761976411,0.6954919322721483,0.6958786708454135,,0.6960177048242671,0.6959421172418585,,0.6976151280776083,,0.6954881470337727,0.6943661084344493,,,0.6523053939412786,0.653438724138264,0.6540633738207027,,0.8865756824185205,0.9415211483304892,,,0.8750684122632164,,,0.9423701832417004
4,4,DG_8pct,16,Z19_F03,19,SLG_A,174958,181895,True,2767.261736972571,2815.62151414348,2799.2568815314135,3018.7264285099573,3020.636355389444,163.7669370097308,16.71312641713709,977.7182950211148,1006.9699407550419,381.8144587860359,381.84742485135524,250.8031931996904,5.293413657924651,15.461179313137404,22.644284373496802,17.57711439236964,3794.6670706669665,4019.299603976088,54.71856368660843,311.66078834809497,0.805899193894642,,,,,0.9604736335240163,0.8813168948231649,,,,0.8742072030406665,0.6818502701990926,0.6836103959967048,0.6823262611153798,,0.8842850560890055,,,,0.9515295574700784,0.7182776117851034,,0.7168340081263008,0.7186354273039187,,0.7188495931254579,0.7089646925978785,,,0.7194192536220829,0.7181151119111718,0.721368524237401,,0.7194355061435688,,0.6600021897754064,0.6954568728602039,,,0.7019406541234113,0.7016952640001686,0.7008738293372911,0.7052215118598156,,0.7027051347812745,0.7051689363006739,,0.7055474624217039,0.7025778337889248,0.7046304101778211,,,,0.7043787029755216,,0.7032773424546015,0.7052268116312669,,,0.8919890995619948,,,0.6210075466109094,0.6205781361171459,0.6209704527472736,,0.6214704429065939,0.6217417868358566,,,,,0.6215360955355546,,0.6232391647897119,,0.6212466867261573,0.6222311648490756,,,0.6215359494303051,,0.6236593332541801,0.6225262730360017,0.6200378026474619,,0.6764593968078364,0.6748337407067048,,0.5832486866642911,0.5844443644433415,0.5842219147385536,0.5666892989388372,0.5670333175542261,,,,0.07818256684183976,0.07815727389653224,0.07799765678190342,0.07793258943621277,0.07796903835547586,,,0.07806616175190179,,0.07797373664090443,0.07803994954182125,,0.07809617145770152,,,0.07807311160470055,,0.07807420563234438,,0.07797323707432802,,0.07798471998426051,0.07828980061738626,0.07797510799586878,,0.07795641628147687,0.07785701346462112,,0.07817422859526486,,0.07792176285758091,,0.07785764382606992,0.07819814978014993,,,0.07803728834442185,0.07805826933410276,,0.07815869311329054,,,,,,0.972446798812745,,,,0.9762306572355297,,0.9723819120851145,0.9751919266964397,0.975127884054911,0.9742461833793603,0.9725651731913468,,0.9742832332746523,0.9739625766934686,0.9719669203404984,0.9743566283267369,0.9744755592193248,0.976584898911912,0.9758415882078595,,,,0.9733104634943397,0.9729320088945429,,,0.9722950937733873,0.9748162625704788,,,,0.973488604557365,0.9696164664364775,0.9754208497414173,0.9733167398497901,0.9750029996214927,0.9699656293650443,0.9745494754395584,,,0.9726380374124088,,1.006899124549671,,1.0083999138518427,1.010329850550823,1.0097528557605029,1.0095954240696197,,,1.0106237609602362,1.0107338531667163,1.0042799103501783,1.0089462958346356,1.011625871639044,,,,,1.0113254930041042,,1.0090071770476405,,1.007767504290316,,,1.0091641486503724,1.0071748505517948,1.007546019963598,1.0073688455545333,1.0103427227687247,1.0067244607785584,,1.005769112802775,,1.0050369037757512,,,1.008624820737778,1.009351080180525,1.0094001976752904,1.0082095655869632,,1.0102071160630532,,1.00887344728347,,1.0087352849672209,1.0082518463026175,,1.0095582067629705,1.0090455581690176,,,0.6189786872415238,0.6191698952094179,,,0.34091723321741274,,0.6235419645822605,0.6240214918684474,0.6225901519726107,0.6238483743038878,,0.41481322770587803,0.415940857316764,,,,,0.4149718080545245,0.41545878649530765,0.4147226881166903,,,0.41595697279411364,,0.4156797680176828,0.41579624531348747,,,0.4154059252821367,,0.4157966355827723,,0.4164307332625147,,0.4151513985908947,0.4165059311925567,,,,0.41587811020944926,0.4139010620839269,,,,,,0.4163548124908792,,0.4163632918870755,0.4153350427357429,,,0.39465624441739533,0.3961802003248741,,,,0.396191732820325,0.39589160589043465,0.3971645392516841,,0.39648403138967403,0.39673534772079855,,0.3963093738661659,0.39555613084512803,,0.3959313195374581,,,0.3968551806636419,,,0.39569462105453074,0.3955745406017977,,,,0.39634433805048314,,,0.39624498701823474,,0.9352439876038616,0.9352127581251867,0.938617115608881,,0.9350340162528352,0.9375355083164423,,0.9366754763604846,0.9350450064802045,0.9364868521121918,0.9386429123319946,0.937848205244112,0.9359340936412103,,0.935253363411187,0.9382645826660627,0.9364407436481139,0.9363504929505304,,0.9362412662903521,,,0.9342920550673076,,0.9362643038103402,,0.9369509809026572,0.9366460314477001,,0.9353271024824084,,,0.9351873347600226,0.9341201129361708,0.9339958674801729,0.9354933107695851,0.9363811893070906,,,0.9388594980367392,0.9349694406616015,0.9373284717435018,0.9362741139075398,0.9391215325133991,,0.9363904638414314,,0.9391861055137775,,,0.9336397224086237,,0.9372890042771,,,0.9395124110634876,0.9366906764968852,0.936581445584577,0.9371516018158143,,,,0.9356518779826053,0.9392456210974133,0.9371994291499275,0.9386577214058436,0.9364337720361448,0.937785166964059,0.9387079232204398,0.935874843507725,,0.9383399207311068,0.9369972938920141,0.9403322185155801,0.9378538174902261,,,,0.9377975355276519,,,0.9360983279100911,,0.9372900505084147,,,0.9501730006670338,,0.949320393200183,,,,0.425872132016395,0.424439033656061,,0.6470327721023168,0.6460472055087532,,0.6479871773857058,,0.6457580486347904,0.3419634568201783,0.9561775192816415,,,,0.6209833645099198,,,0.603351952609754,0.5835074991526024,0.581602775485439,,,0.9373728918297414,0.9248370994476702,0.41102740980920416,0.9420918353020804,0.9248316186350513,0.41567941095719324,0.944826265564679,,,0.9456627117576741,0.9438277709083379,,0.9450207288342916,0.42018135237990406,0.9447215204325836,0.9252543746958597,0.9491420061072305,0.9484319338828472,0.6387393163234281,,,0.6381687663821339,0.6354505039040246,0.6381800290219909,0.6355344937824255,0.6368947201598033,0.6376049570145091,,,0.636661197003374,,,0.6374368667267709,0.6385796619563712,,0.6375576273455419,0.926041323702724,,0.927644695579171,,,,,0.44830452116127595,,,0.9562592468450599,0.9552208823170439,0.9563520653343965,0.957344401004353,0.9280710577090817,0.9264184239182696,,0.9272061974236769,,,0.6454021453979548,0.6473372741043548,,,,0.6453676623514436,0.643939450096517,0.645037969330168,0.6460551363569711,0.647359190315432,0.6469715997718276,,,,,0.6474739019896084,,0.6453961123185398,,0.6448562436885069,0.6462163365655257,0.6474583689779512,0.644765108318957,0.6435416418004692,0.6445628611674467,,0.6445754261615616,,0.6442510661825632,0.6440309910043149,0.6452708524647416,0.6457539426516292,,,,0.6457482769190038,,0.6448552211280992,0.6478790906188213,,0.6450942465937735,0.6457802333033266,,0.6457010071203519,0.6448116912218618,,0.6432369626686754,,0.6450493689867077,,0.6441604309633936,,0.644060482207223,0.6459008930166381,,,0.6461834395080336,,,,0.9433435960183816,,,,0.9448567239472211,,,0.9499283050689975,0.9480929007558412,,,0.4557560616809067,0.45493810451734634,,0.45675256479873805,0.45429238694970026,,,,,0.453829729197399,0.4542581076775999,0.45582418652419754,,,0.45481210324654814,0.4535603002292945,,,0.9486106961895336,0.951729542320315,,,,,0.9485431189051121,0.9503822722171853,0.9310918082986122,0.9325152203729934,0.934597033710598,0.9321014235425262,0.932141390132536,,0.9321560855033758,0.9355811836432645,0.9334601379231063,0.9335513645473055,0.9349006774819263,0.9348123727582796,0.9365024197169463,0.9338958823637683,0.45279095215936543,,0.45396019336063337,0.45461536618084514,,0.4546341797320709,,0.45506981519072687,0.4571449275667599,0.4538688504546487,,,,,0.4530265565327685,0.9347200939697343,0.9376602420537211,,,,,0.9353124100559234,0.950142262108018,0.9458735458466486,,,0.9486349104767127,,,0.9480434783442538,,0.947331448514548,,,0.947397697748542,0.9468722437707804,,0.9467045034655507,,0.943821832474316,,0.9484748991760159,0.9477937703842811,0.947128635735703,,,0.9494790521891618,0.9465085775626041,0.9456379637719422,,,0.9343351901961161,0.9368616845693012,0.9388702806857627,,,0.9367297216799326,0.9315435495188019,0.9332109009543623,0.9311016644143204,,0.9338638724401555,0.9344710816293629,,0.934598545625173,,,0.9341849170494037,0.934825864906156,0.9348506440119905,0.9344759847546583,,0.9377823627103931,0.9322333976335325,,,0.6276251092566308,,0.6274048261178954,,0.6314642679867837,,0.882421124517587,0.7109818402481861,,0.7104389186420527,,0.7170443040532883,0.7182019883596625,,0.7170274576937994,0.7159121436739133,,0.7188091519393336,0.7188187811535633,0.7186196691170883,0.7186694904261449,0.7175108370272002,0.7203441891698916,0.7175633378438322,0.7191791469640372,,0.7180913011922684,0.718544496437897,,0.7166528901442173,0.7181814675943533,0.719591180308912,0.7161524451205474,0.7190942593578608,0.7185865057101625,,0.717601029220213,0.7203116367391916,,,0.7202316082891296,,,,,0.7199739010675718,,,0.7197197643546159,,,0.719079036686142,,0.7205191795695935,,0.7182838721041039,0.7173793799074675,0.7186086205341857,,0.7182101460135143,0.7165213496781385,0.7171661293504016,,,,0.7183063611761602,,,0.7179191882545007,0.7178079938908282,0.7178623003781355,0.7189012372016174,0.7175453245107627,0.7167805253474461,0.7168668886906863,0.7187980588142628,,0.7186595701638931,0.7184108609075255,0.719524844581693,0.7184241359183557,0.7188656410012455,,0.7197290714680875,,,0.7198314736454169,0.7179021832327943,0.720119629633916,0.7204098099473518,0.7194401892321147,0.7169640478186691,0.717195534336898,0.7173347792606392,0.718403546851231,,,,0.716345221752239,0.7184356270460812,0.7166003820093235,0.7151848157548883,0.7178099790310043,,0.7187350699314234,0.7189461992869017,0.7171799499490827,0.7177108624289754,,0.7168153857666922,,,0.7192187674191022,,0.7178206797579386,,0.7193925016504246,,,0.719616516545709,0.7164175519092296,0.7165237728857238,0.7182095140423971,,,0.7167532928347098,,0.7180852923372489,,,0.7169477916233206,0.7187219292155507,0.7147387609154706,,0.7167112211067805,0.7174801144632124,0.7175239683219078,0.7188081628568925,0.7178344064480516,0.7181407899623994,,0.717536389040542,0.716389365658309,0.7174681488386964,0.7178584580329606,0.7175689530139443,0.7194221904612949,0.7177874378474882,,0.7178126729035138,,0.7182209397113424,0.7189527584590365,,,0.7158547729581072,,0.7194221983089684,0.7180741911086063,0.717662975077515,,,,0.7172674292832708,0.7177292006614284,,,0.7175782805812734,0.7193393661002621,,,,0.7173917804665729,0.7182823854122014,0.7167026486463862,0.717881438004807,,0.7204626077316147,0.7169693823315345,0.6792404140065654,0.6770454217079874,0.6792430580867622,,,,,0.6805392588736369,0.8821013665539246,,0.9518108348963538,0.9472822801856684
4,4,DG_8pct,16,Z19_F04,19,SLG_A,174957,181887,True,3011.553982101649,3051.6314118090936,3039.706911368062,3307.775239402891,3298.9905345120537,174.3876992717384,16.471354155823498,1031.7788589880952,1049.3492964898794,400.96027240002115,401.4056659710272,263.74542444360594,5.131387497304582,15.233693971153263,22.470005921462896,17.465344852700035,4120.174616275045,4350.952828678445,54.03681160139883,323.8180233482398,0.7984729514560538,0.7963233684513555,0.7950595526910894,0.7964767089639446,,0.9550503204219248,,,,0.7026128687943409,0.8695949216405303,0.6592662905566259,0.657785226711057,0.6591747403788034,,,0.8788315257234738,0.9478470241678101,0.9466156091307956,0.9487796874718889,0.7009492591444394,0.7012218642347781,,0.7032990176621636,0.7038717058815575,0.7033246308682081,0.6904698724467626,0.6933931372312513,0.6921395383915195,0.7055172601602434,,0.7041603867989851,0.7036018850400595,0.7045675265275106,0.7049598716437886,,0.6782149949270789,0.6802289507658118,,0.6854391834101893,0.6843842195456872,,,,0.6881419918333552,0.6879295604626834,0.6875917851039719,,,,0.6864975184478452,0.6862830365320037,0.6878795846213376,0.6875484892734877,0.6881313986684262,0.6865230862900205,,0.5985991042432068,,0.8884525341577287,,0.59415184499435,0.5913865199594726,,,,0.59326710994058,,,0.5913448556060181,0.5922973283284428,,0.5921217527417808,0.5933585266456569,0.5933399587501068,,,0.5905743638529154,0.5906612843799254,0.5905705456926267,0.5925249932530154,,0.5932263975179423,0.5935076521912273,,0.65804021879829,,0.6581720519754921,,,0.5732246493060021,0.5723273800897354,0.5528492713130112,0.5516611181916063,,5.1945646440343046e-05,5.1979595369298605e-05,5.201331527408196e-05,,5.189772373801682e-05,5.2107328167549736e-05,,5.1971906331781944e-05,5.2013501099335005e-05,,5.1907108264995286e-05,5.193245598844011e-05,5.1954952921910316e-05,5.207984261530067e-05,5.197025012423709e-05,,5.194281698459402e-05,5.2005275408112434e-05,5.1877514443400265e-05,,5.1922560657247694e-05,5.197515756584454e-05,5.198606588986268e-05,5.1850552509989366e-05,5.190532135311194e-05,5.199904558222738e-05,,5.183264020572871e-05,5.20776749826824e-05,,5.1933300660594795e-05,5.201856091559582e-05,,,5.201085541087997e-05,5.176144174069707e-05,5.213812191689069e-05,,5.203763195520661e-05,,5.1983584536882046e-05,,5.187716043492291e-05,,0.9723761532144682,0.9714680876290476,0.9731899697502574,0.9740887215056655,,,,,0.97113329540409,0.9717812358878855,0.9734264453770285,0.9741790732417536,,0.9724042356211525,0.9719129930108419,0.9741905837833609,0.97352869358858,,0.9704373628299698,0.9713885783293982,,,0.9691975650464595,0.9700715898910162,0.9739567059155275,0.971418703118829,0.9719506407428133,0.972241606236759,,0.9710255888263395,0.9700601904597465,0.9718400846542539,0.9717736617244817,,0.9702615481218378,,0.9693671146324293,0.9717868956240356,0.9703099188425129,0.9715761438025725,0.9742462444414639,0.9696501332031278,0.972883214852416,,1.0095280268456908,,,1.0096236710417905,,,,,1.01287690816145,1.0121899259957812,1.0124096495477863,1.011722861294711,1.0116893005607475,1.0116684885280627,,1.0091972242281393,1.012889216979745,1.0123657509711708,1.0106202495514838,,1.0123698377750359,1.0099365015519859,,1.006599263893522,1.0092941346018773,,,1.0100366695181706,1.0104929341322073,,1.0096013573072586,,1.0091994726449987,,,1.011048243718503,1.0093211205550536,1.0148892435598473,,,,,1.0123751605589626,,1.0099844119410968,,1.0092243997509471,1.0103879634477753,,,1.0111707169725777,1.0084981342668884,,0.6021283745410779,0.6041269104494648,,0.3371022195346722,0.28648368564927684,0.6089587969031365,0.6087188075636295,0.609946855286338,,0.6075472631370149,,0.36705857379256346,0.36707742076235667,,0.36850128732353815,,0.36658499388882826,0.3680702174330379,,0.36704297934319385,0.36768323879225834,0.3675243704979084,0.36799214968802413,0.36772954059821616,0.3669159745451166,0.367785247976885,0.366404254108761,0.3684790793745168,0.36701592392752935,0.3679334685398869,0.36774663742449903,0.36720395808463324,0.36788859154496295,,0.3668535284281091,,0.3677116882686045,0.3671420421096223,0.3670991664990125,,0.3679619347959815,,0.3680640684052582,,0.36775230390414343,0.3678391941776856,,,0.367203991646718,,,0.3468331137843278,,0.34731800827091563,0.34631393962891227,,0.34747194367936934,,,,0.3464971148934821,0.34647138292303825,0.34691639325865925,,,0.3467962475279751,0.3474259585463486,0.34576200732536877,0.3475052288861119,0.3470111172085358,0.34716248467708405,0.3469251147474192,,,,,,0.34682473741786585,0.3464806538408795,,,,0.3474866757376421,,,0.9288011902513492,0.9286932314465931,0.9266695708691534,0.9297326759608927,0.930274537680669,0.9295870582281581,0.9286609500630375,,,,0.931248129464463,0.9306954901823737,,,,0.9282627890204785,,,0.9342527434004911,,,0.9261072943242239,0.9257256163128832,0.929480695489907,0.9272936126449861,0.928907785589841,,,0.9284155609271127,0.9268886052466545,,0.9269444890008126,0.9312294817905571,0.9293598982747063,0.9267375072529347,,0.928811178033139,0.9279937571204075,,,,,0.9300251292854091,,0.9319561958501607,0.9269970197016222,0.9299868466519513,0.92999493093581,0.9277770341547311,0.9319833499261877,0.9277139631903157,,,0.9255654263184663,,0.9309918383967775,,0.9275089035238485,0.9276147296730353,0.9300945304688597,0.9302259711476115,0.9288719440162394,,,0.9305703724574445,0.9297052964278322,,,0.9281953006014834,0.9292209393602698,,0.9308941612672854,,0.9311579157935354,0.9304756929648554,,0.9314336638827176,0.9297390751594292,0.9301064413343173,0.9284112208970359,0.9324190270290015,,,0.9289422553370627,0.9527565824744941,0.9520588200846639,,0.9530435428513114,0.3792701769431294,0.3787111062209066,,0.3795188146782594,0.3797669324811093,0.6322794717565565,0.6324416048766082,,0.6319365234603638,0.6315489955595528,0.6341395358620548,0.2864996331636619,,,0.6048050555370278,0.607040969340384,0.6062062845253465,,0.5885682209652833,,,0.5688225172911512,0.5689154592698357,,0.9365056267337134,0.9154993064969232,0.36143816162278664,0.9421411454825673,0.9141794919563103,0.36782597485682567,0.9444967779065416,0.9125870331159748,0.9458948214674293,,0.9432928204109559,0.9458168357365344,,0.37044152534320357,,,,0.9518616146534514,0.6243460869315995,,0.6216844790587477,0.6242637745752825,0.623835512472816,0.6215899771775535,,0.6238005778134831,0.6222410632694478,0.6231372335440415,0.6231007973422547,,0.6232102370192495,,0.6207343977015375,0.62250858818879,0.6242234589171851,,,0.9151537544062591,,0.9142327743907306,,,0.401758159864871,,0.4011884563247951,0.40080446760153143,0.957254091024963,0.958086791768028,,,0.9165970705110202,,0.9107077770968525,,0.6299542955421488,,0.6303603588585719,,0.6284627166375274,0.6291783793572769,,0.6306079438527654,0.6318758273083848,,0.6311459044299659,0.6303504652488605,,,0.6277501795977347,,,,,0.629921421832753,0.6308098973442956,,,,0.6298417705342001,,,0.6295458933142934,0.627234278501228,0.6299364823063619,0.62990422619566,0.6281685674474942,,0.6319950881722599,0.6293755537681496,0.6281965965059623,,,0.6287750183992354,0.6288942927997913,,,,0.630886445905937,0.6309413940886942,0.6304831985907633,,0.6296783514218964,,0.6288288642912678,,0.6295270669665964,,0.6289961142171917,,0.6287799865078586,0.6287905089497718,0.6314126685225682,0.6293533283041711,,,0.9467874725779428,,,0.9457423145363626,,,0.9476358088848296,0.9464023408680469,,,,0.4105155053478444,0.41016537318669943,0.4118442953131811,0.4107841221826004,0.41011867187693346,0.41145079914454374,,0.41038910703254877,0.40939601126461755,0.40944876126241886,0.41111327378769463,0.4105999206575532,0.4106517588080166,0.4117884935699218,0.40938515442370593,,0.40895901171302534,,0.41035730877534415,,,,0.9467247582541004,,0.9479552657205809,0.9458314814111948,,0.9282982352483542,0.9275150363959439,,,,,,0.9262926970274146,0.9238412014987889,,,,,0.9244324680320397,,0.4107436147010758,0.4091119926382953,0.4096097445948017,0.4110470664608655,,,,0.41044511480281565,,0.41206186476906637,0.41034279886120895,,,0.4098911647532336,0.9289557115828644,0.9276937813938143,,0.9303522023395036,,0.9244746512661585,0.9291770912050032,0.9497119285910002,0.9453257879189013,0.9470486907056564,0.9465146687508639,,0.9469594665554313,0.9468083018537965,,0.9482096586573175,0.9482537385247234,,,,,,,0.950016991523922,0.9497084564299058,,0.9509925306568756,0.9492031925668123,,,0.9457004139404268,,,0.9468889527280185,0.9289678929950348,0.928211060124237,0.931195402243103,,0.9293024438764359,,0.9264817513621746,0.9261539735610549,,,0.9243025860331481,0.9267274783692152,,0.9289867506268964,0.9232983371760456,0.9250495317536691,,,,0.928487466837018,,0.9266034764761724,0.9283610691316501,,0.925821306509892,,,0.6145525163255445,,0.612811496751243,0.6140852105913082,0.6128976349826237,0.8932708484980397,0.8788441035923538,0.6950952090707869,0.6958154040191191,,0.3856986197822968,0.7050481376216736,,0.7013499234835237,0.7001914125649392,0.70181070194585,0.7021998932106723,0.7034538780122742,0.7019543881822302,0.7022156654873409,0.7029752523850872,,0.7037103288863239,0.7014896413835388,0.7001587559149239,0.7007570590573874,,,0.7033551215690752,,0.7016788561911544,,,0.7044279845413753,0.7024603891028667,0.7007149551708982,0.7022029932342416,,0.7036261004013813,0.7024707506023784,,0.7013308833925482,,,,,,0.7011414578803836,,,,,0.7024061879568316,,0.7021548411875078,,,0.7035492277215676,,0.7006203210860941,0.7031893669726985,,,0.7019941526949108,0.7046565223550306,0.7028250979984876,0.7009195255664094,0.7024155106327743,0.7018606393255167,,0.7030984320074679,,0.7025571639510892,,,0.7027672644445232,,0.7039931104693183,0.702015638514658,,0.7016054774476879,,0.7001237953459505,,,0.7016675966455197,0.7007032127110912,,,0.7033838542448,0.7045357461153151,0.7016334030052197,0.7025610794911002,0.7021255596365473,,,,0.7031095628196711,,0.7034315203412226,0.7034667896180014,,0.70254777783881,,0.7016466157914099,,,0.7029478739672246,,0.7024822142438517,,,0.7026469189700432,0.7029358220020167,0.7024437450793186,0.7025928125425405,,0.7050057105837212,0.7039396728190659,,0.7054663140140061,0.7040408271501266,,0.702327888477097,0.700615842474232,,0.7045199608118969,,,0.7032700305640619,,,0.7016551531626951,,0.7037153705878438,,0.7035146964897966,0.7028799577806507,,0.7016192396924832,0.702067164744138,0.702427587844275,,0.7038756998036849,0.7009187055737304,0.7040948389117294,0.701834411683833,0.7032497998027638,0.7038897098698991,0.7024452858495575,0.7035348392024784,0.7029970893895091,,0.704035921882374,0.7024079486058038,0.702163292218058,,,0.7019155749499675,,,0.7031490834849424,0.7038252737641786,0.7011818814729754,0.7010338578181178,,0.7019084922694825,0.7031907332112178,,,,0.7012862877882171,0.7008306703913636,0.7023962186386549,,0.7007797514235161,0.7012281442514976,,0.7018473173565766,0.6613864231125515,0.6621979774152897,0.6618043049026885,0.6238953708682726,,,0.6582999882440059,0.6581031696476451,0.8770217893979272,0.8785222284176833,,0.9480996151891461
4,4,DG_8pct,16,Z19_F05,19,LL_AB,174955,181887,True,3955.4627151489567,3968.571040043321,3956.2282021722162,4004.4643504093096,4026.6910218942435,127.1321115984521,14.11774625748959,698.4605365392254,699.0301755020445,263.3159835606789,263.0828217083742,173.77789196069432,4.587230954882463,14.317841066621074,21.51028497220195,15.079819942758839,4280.763062164237,4410.009931231095,44.8561984549314,215.5506617319928,0.7292743250639998,0.7284304486992316,,0.7995088833949764,0.7283350601279516,,0.6585085389464496,0.5753801056558683,,,0.5683449335649186,0.6692072099658243,,,0.5727841123038914,0.5742288223322419,0.572384119335575,0.8585298301138541,0.8594759479155912,0.857426336329843,,,0.5766597107136181,,0.5762404378772702,0.5754763167377162,0.5694295153118902,0.570873813192964,0.5683497095868248,0.5766866867794014,,0.5764731619230078,0.5755032552163339,0.5794308785260082,,0.6377469818945017,0.5299608131993468,,0.5298836105722499,0.5218858381135678,0.5199593342469144,0.5206623489880499,0.520561559643135,,,,0.5224222087853876,0.5225691900768759,0.5220279172187111,,0.520152763925788,,0.5209687318174587,,0.5221548616555215,,,0.6041221423886731,0.6076311787984328,,0.8583956222125741,0.5991309581259368,0.5982643022600005,,0.597188319830075,,0.599133948382841,,0.596738040053355,,,0.598770365197636,,0.5990719809879652,,,0.6008072896500194,0.5983758934813233,,,0.5983831885472463,,,0.6011312265411525,0.5974412597525635,,,,0.0030660883462582003,0.05464578621388011,0.05472258356264415,0.05486068634222833,5.94307626833832e-05,5.948571478133641e-05,5.941824189632643e-05,,7.170322511423925e-05,,7.149635234343722e-05,,7.15560219617915e-05,7.167216240829917e-05,7.158329923645592e-05,7.170734430656001e-05,7.136234865029239e-05,7.122988764656636e-05,,7.174144952010253e-05,7.168215171761113e-05,7.147962075295561e-05,,7.172626091067879e-05,,7.16014803564767e-05,7.176457801919318e-05,,7.131019257930608e-05,7.145781232209674e-05,7.166999591736234e-05,7.137189728204292e-05,,7.176422515699941e-05,7.163177870640922e-05,7.168082528683119e-05,,,,7.152320768811859e-05,,7.148419794181151e-05,,7.154470969900736e-05,,,,,7.153890901694085e-05,7.159696043466242e-05,0.9884648675616172,0.9852241386614417,0.9877850025406032,,0.9841561441804197,0.9857737834055863,,0.9846401550283908,0.9840485792386053,,,,0.9837682162089826,,0.9839027816843018,,0.9844150007253524,,0.9840534631247617,0.986184161188656,,0.988688451096292,0.9862991547877111,,0.9872727295695111,,0.9851242966367605,,0.9822539742516362,,0.9853442492304985,,0.9857582707097436,0.9825864382413136,,0.9818854207324764,0.9868733106802482,0.98636210721574,0.9856114385701299,,0.985672343763782,0.9841195126161429,,0.9847724729832492,,,4.1919414337539365e-05,4.192371978342411e-05,4.184123594207384e-05,4.186198391015456e-05,,,4.195133218926837e-05,4.192122066882312e-05,,4.206277353292607e-05,4.188848667199784e-05,,,4.19758864398104e-05,4.197116003114729e-05,4.1900546985423286e-05,,4.187158073032239e-05,4.192513164927073e-05,,4.198530683751864e-05,,4.2026751205268245e-05,,4.1976877467646916e-05,4.1883024811047096e-05,,4.20589621959732e-05,4.1995881263931804e-05,4.184871664449632e-05,,4.197874138077847e-05,4.197238372321923e-05,4.184472527532851e-05,4.183733556475825e-05,4.191598623753295e-05,,4.187273945277136e-05,4.197625702253044e-05,4.195063309815163e-05,,4.19914376053093e-05,4.201399398752188e-05,,4.198282005783337e-05,,4.202549927026085e-05,,,4.1955342342419536e-05,,4.184860062710833e-05,0.2192455300459037,0.22005955334535637,,,,0.1876312042006183,,0.18761847937071088,0.18806827657856484,,0.18756319058459356,,,,0.33873168293116485,,0.33812971413164594,,0.339526825188093,0.33905979347064896,,0.33843643576017474,,0.33844503687717986,0.33848045843274205,,0.33939136115213087,,,,,0.3385179526912115,0.33875139840159896,0.33778710830838565,0.33851182326189533,,,,,0.33833536049069635,,0.33841616202490105,,,,0.33828590072277465,,0.3388837364914909,0.33771932047582554,0.33822953423650104,,0.3206733130424918,0.3212763228070559,,0.3213268742603659,0.320070811912366,,,0.320680188817323,,,0.3215579201372797,0.3211692462941808,,0.32118985362858454,0.32081855809817067,,0.32074407759118445,0.31984152005777083,0.32036943112917016,0.3217776730886128,0.3217763015452067,0.31986161537788665,,,,0.32104191774551716,0.3219514552843199,0.3202187922621046,0.3204466172594204,0.3203583549719947,,,0.8760843269780856,,,0.8735556839158382,,0.873094366120563,,0.8727928912266136,0.8747294794975792,,,,0.8770180625998735,0.8751930414928696,,,,,0.8753433413885474,0.8798391047669875,,,,,0.8757602344391388,0.8759762056709478,,,0.8709788595460098,,,0.8730555217350929,0.87517651283818,,0.872164958374183,0.8714879802032431,,0.8745204318505692,,0.8756475136700625,,,0.8737759369393844,,,,,0.8705189462928965,0.8726647502872098,0.8722727464039008,0.8754653543436169,0.8738984136185671,0.8752594244822721,0.8708594248898908,,0.8748698733956478,0.874730704113795,0.8756147195232459,,0.875240559351955,0.8778816168938572,0.8777851165794848,0.8757751767119194,0.8767647299263387,0.8763491205612239,0.8783215653015755,0.87698397778,0.8769117691560636,0.8782943735926478,,0.8766445751769891,,,0.8767601627683687,,,,0.8772548700496003,0.8757735282120459,,0.874505823921069,0.8771774875474128,0.878379029328279,0.878347567095938,,,0.3252945140330915,0.3244913545569399,0.3261329771050913,0.3256313596277404,0.3483841734447737,0.34759573420025286,0.34843824062381384,,0.3485119206128579,,,0.2630938379560481,,0.2625100265580256,,,0.23438955600373487,0.8785057500696857,,,0.18723480178950003,,0.184962782486863,0.18491132569552746,,0.18192521344266854,,,0.2741945343032873,,0.33792236122783365,,0.817715704346964,0.3421900702880258,,0.8159437416890921,,,0.2972773782969086,0.29787271169861496,0.2972042418265282,,,0.8145702436076093,,0.3046277095526665,,,,0.19154752511658046,0.1922536352774017,0.19161481419299123,,,0.19086579428648026,0.19218848842813466,,,,0.19089260991320453,0.1921115693783974,,,0.1914722031472761,,0.8104708046723235,0.8085693895243329,0.8102269324775826,,0.8079289053680647,,0.37114573932170863,0.3727558483910834,0.37070376264900545,0.32418033296733184,0.32467268238066577,,0.3233017261983997,0.8049320331393983,,,,0.19392051834434537,0.1935529775850595,0.1940399595890898,,,0.19427451766487333,0.19434406362278955,0.1938533920846733,0.19418345908410242,0.19364188450325653,0.19393723527682036,0.1939190846328016,,0.19431418749672413,0.19379716684224882,,,0.19431061929257165,0.19399421250983243,0.19372215035619844,,0.1940462209433545,,0.19411133439656328,,0.19433315899044015,0.19350837493208112,,0.19364961063606248,,,0.19442043113113763,,0.19470147652425768,,0.19417245606424255,0.1942825022908523,,,0.19389579635418813,0.19438737362519176,0.1939864049886858,0.19428829429442765,,,,0.1937291750549242,0.19408903852967058,0.19419366767981924,0.1939194819516756,0.1932184628077649,0.1941883595805129,,0.194136631148185,0.19353016040647372,,0.19384820387967755,0.19378114508172606,0.19329098863660285,,,,0.35678519418964155,0.3574714067044742,,,0.35628202518081303,,0.35761537425520684,,,0.35730173497865125,0.3765340465731811,0.37682430490037633,,0.3765498723500687,0.37503294026444506,,0.37590102064278086,0.3767043850273927,0.3757572805006017,0.376518202219853,0.3751003119046682,,,0.3757838731846128,,0.3768074596172813,0.376446832680976,0.37588209839659814,0.3761558406526601,,,,,0.35807255339431393,0.3578204436539144,0.35824409442771227,0.35699333617083695,0.86859956443955,0.8646763606996892,0.8653955339568229,0.867524141554734,0.8698236880881496,,,0.8674155505864307,,,0.868708116176998,0.8680453554283606,,,0.3758623388801276,0.3753113101649509,0.3750385890108541,0.37582019735917377,0.3765080636750289,,0.37604399515583903,0.3771902580985126,0.37608362599586603,,,,0.3710322237127609,0.37443748182995945,0.3752335433960166,,0.8670527225068902,0.8675147859726272,0.8681687712340362,0.8686001180420329,,0.8675463521044917,,,,,,0.35788394798797624,0.35647128157170493,,0.35685747804054807,,,0.35824846749839206,0.3575603628837775,0.35797989976248956,0.35711214044297745,0.3563033464603892,0.3568556659615611,0.35619820864488494,0.35677992476098164,0.3566702959470544,0.35715533630025287,,,0.35726421874898595,,0.3582671982601481,0.3575500454706082,0.8708962154911521,0.8677039007127633,0.8706677592872015,,,,,0.8685634525708644,,0.8706651584507067,,0.8659794214937384,0.869177573514234,0.8691634952529609,0.8701909666539926,0.8696182824000055,0.8677536649446779,,,,0.8683744067666729,0.8681245584752907,,0.8711627044695859,0.8673915459204772,0.8693689932297765,,,0.18922091927331083,0.18896375322700049,,0.1892450310420653,0.5418483324004643,,0.5342327512408728,0.5362179364962034,,0.3576093625222655,0.5754666535964396,,,,,0.5741631251283776,,0.5753364655206427,0.5755671682960454,,0.5761273110021377,,0.5757157795913352,0.5769352490654955,,0.5754961205286323,,,0.576095072570127,,0.5760141389745912,,0.575186977491719,,0.5751718611185964,0.5747952626262338,0.576279438383343,0.5753342112041019,0.5766916070729038,0.5743509936248907,0.5760129388479012,0.5771027587118022,0.5753236051925138,0.5762763121519137,,0.5762087794405657,0.5752788739315954,,0.5752340236843876,,0.5766560092664038,,,,,0.5757752859492736,0.5753639369388596,0.5743717732215542,,,0.5748476715892483,,0.5751568495539972,0.576054929170545,0.5773899146510129,,0.5744504621159691,0.5742923121364236,,0.5764683837925791,0.5761352521606201,0.5746480236555067,0.5758499257586095,0.5749344296459021,,,,0.5763369279913736,0.5756791123446048,0.5749307276399775,,0.5749925328193932,0.5757093283253132,0.5766646295738388,0.5760522387868467,,0.5765478723241796,,,0.5755958674079713,0.5767026379712168,,,,,,,0.5742719303880359,,,,0.5760635531939596,,0.5750886986108359,,0.5761717598747023,0.5756598911698768,0.575662931784929,0.5753936194268446,,0.5754556076851507,,0.575497133090859,0.5768601492110769,0.5761324916097684,,0.5760570687009744,0.5762727513538386,0.575751255074443,,,0.5752817691192798,0.5747126498079428,0.5764435294475895,,,0.5764550132563457,,,0.5758484578970146,0.5745674312077363,,,0.5767297402322495,0.5753529000700269,,,0.575709727274803,0.5768293400147327,,0.5751276806909671,0.57496005918002,0.5762559539026197,,0.5757024867497067,0.5753836025906797,,,0.5757771572932211,,0.5757686271982949,0.5748679901447038,,,,,0.5765347353629128,0.5768303325235625,0.5754379785895309,0.5741026472512333,0.5742114594057678,0.5754209880514424,0.5760184241540139,0.5748874615840981,,0.5760135300247603,0.5748838976352524,0.5764579286754982,0.575553150326768,0.575743977119766,,0.5769671376060552,,0.5741870439218887,,0.5758233005585611,,0.5758781264176416,0.4917493982222871,,,0.6276139277109348,0.5420501579953328,0.8553435676379716,0.6673564458505176,0.6700557556828879,0.5723343647107144,,0.8602713840571671,0.8576889818263602
4,4,DG_8pct,16,Z19_F06,19,LL_AB,174954,181885,True,3954.8497374426142,3961.9454732362287,3993.741556948056,4046.481178265181,4031.6450081047474,128.0195920866788,14.10887424687553,698.5719318665451,695.4810240865683,265.1342293282945,263.9213249107794,173.48795278260673,4.569324029674602,14.357525566106267,21.422087837632482,14.967076998902943,4292.131272799253,4448.288685917694,44.95585876566423,214.90564576869525,,0.7254455767777204,0.7257449827915491,0.8001418055352274,0.7292885688508579,,,,0.5740934784036226,0.5756984589276947,0.5672919243128559,,,,0.5732579897746667,,,,,0.8590820442124146,0.5757841507521069,0.574652843275961,,0.5745642287180847,0.5748225830701039,,0.5712835572452871,,0.5707374609144722,0.5762189129471217,,0.574978277147977,0.5772891834157147,,,,0.527995021256205,0.5288801158578592,0.5293153597847635,,0.5198578666414205,,,0.5202541118136528,0.5196059397072651,0.5199088825640353,0.5206115526920932,0.52145498443451,,0.5217796331269465,0.5206059113269315,0.5192831520008113,,,0.5202940792130337,0.521498915195369,0.5206900646784463,0.6011073769685638,0.605759445977219,0.5171434531368555,0.8560972073283697,0.5960682448989281,0.5971106022261129,,,0.5963590333685742,0.5957269155058676,,0.5969860782444144,,0.5961447099399082,0.5962159060420382,,,0.5972442530698558,,,0.5982100409722464,,0.5988866885188892,,0.5971741872518115,0.5964611287812189,0.596959717274549,0.597083054330649,,0.4742934716230721,0.47429608330568745,,,0.052199853652230295,,,5.9580388169157226e-05,,7.425794884991985e-05,,7.484662232345566e-05,,,,7.461679713126829e-05,,,7.453899551989973e-05,7.458468679233604e-05,7.45369622802109e-05,7.461893661209499e-05,,,7.43963767387287e-05,,7.472886661759563e-05,7.466021904685892e-05,7.469442749912762e-05,7.444822062313873e-05,,,,,7.473711818322795e-05,,7.446229750084e-05,,7.447807796515644e-05,,,7.434659923892797e-05,,,,,,7.460571402063334e-05,7.453997723791864e-05,7.465110535131432e-05,,,0.9831590435373676,,0.982688418930594,0.9850927054260615,0.986510501395322,,0.985775352930298,0.9848408129341771,0.9847468704683877,,,0.985801221901704,0.9822447279536854,,0.9862903631792876,0.9852361688782919,0.9833257301479423,0.9854245021010467,0.9841819533853102,0.9852669342619597,0.9856109896169759,,0.9834280791317264,0.9860123961001948,0.9810039195347899,,0.9810276197672354,0.9839413488591764,0.982363623466492,,0.9844377459528261,0.9833979813601342,,,0.9818622628457528,0.9861046954406933,0.982962170314638,0.9886245096918179,0.9833550989970848,0.9826941836342281,,0.9826272596226024,0.9836802797213343,,,,3.796181426316442e-05,3.78817127525307e-05,3.795596930482405e-05,3.799322754468689e-05,3.800190320671962e-05,,3.7898269463978944e-05,3.7962465644958796e-05,3.796007467778542e-05,3.791934935028768e-05,3.7975724732965455e-05,3.803565113323661e-05,,,3.794633040675302e-05,3.800204745585876e-05,,,,,,3.782577657229934e-05,3.796004472372982e-05,,3.793986553871378e-05,3.7995108604117674e-05,,3.791767916724333e-05,,3.7798918825739804e-05,3.791600405746424e-05,,,,3.787288987929297e-05,3.8117563716682316e-05,,3.7948981228019453e-05,,3.7949040578292054e-05,,,,,3.7916636045448285e-05,,3.7966438760853816e-05,3.789351620900906e-05,3.799083020232976e-05,,3.7891196465379915e-05,3.7863218187199455e-05,0.2176591744725093,,0.21759032866804184,0.3110572060914364,0.268017018050999,0.18583687432102736,0.18561838161876915,0.186026126131803,,,0.1854768425403266,,0.33738033497499814,0.33730073105325187,0.3359782609975309,,,0.3354515666765135,0.3366967504100892,0.33643926981687805,0.33692808401039753,0.33565918059991606,0.3360229036125881,0.3355746096145626,,0.3362996797448397,0.33550573966394154,0.33634623055937396,,0.3358605334025698,,0.3358415017301165,0.33688739539220397,,,,0.33577990748281233,,0.3360273715401511,0.33665596955539184,,,,,,0.3360115712459978,0.3363703260422044,,0.33700873804870896,0.3351928828457569,,,,,,,,0.3186427150352467,0.31760655779542196,,,0.3177598925936455,0.3183608403183666,0.31855610517291855,,0.3187883296181447,,,,,,0.3183042110628189,,0.3180304787276969,,0.31833084533287515,0.3185705586701326,,0.3173275164786946,,0.31801950374104854,0.31775594232957666,0.31811905349505487,0.8737329713890192,0.8722452348337174,0.8722625971272874,0.8720278121241876,0.8744653590465162,,0.8742353027987341,0.873254783149473,0.872880582541701,,,0.8780258703387761,,,0.8753612181436466,0.877247770952032,0.8759322740370039,0.8746462861147227,,0.8763724341265283,,,0.8734590947329165,,,0.8738838789090951,0.8709741703068241,,,0.8685411852522533,0.8738630789097869,0.8714726408849498,,,0.8725337074397361,0.8703416916031148,0.8712598369384076,0.8736147143367713,0.8727525917280238,0.8707268280213674,,,0.8732933250073701,0.8741067528892132,0.8736507185795048,0.8735474946502594,0.8718756337858239,,,,0.871010171610551,0.8741596784469597,,,0.8735648666188113,0.8719324663170622,0.8729815798248606,,0.8734383319804473,,0.8765841207225833,0.8752788192288472,,0.874901539113534,,0.8754925207997575,0.8749483673191913,0.8770436812386497,0.8758505894433268,,,,0.8771509581858317,,,0.8767403487278634,0.8773930939709056,,0.8766400044678107,0.8782393895410701,0.8785031533595008,,0.8776683836285432,,0.8777588736478648,0.8753501099630209,,0.3249405562961045,0.3243367729276119,0.32383392348913315,,0.34644751058558054,,,0.34519420556388825,0.26203724243556925,0.2605575278175812,,0.2609911319007398,0.261517882994626,0.26138373982040536,0.2681880509075647,0.23152987607545977,0.8779880058088966,0.18514562955829483,,0.18543838242487592,,0.18326217407018305,0.18294551184287375,0.179280427558791,,0.17961687920915853,0.3219561724081346,0.27177263886624575,0.8236583038413716,,,,,,0.8196181552704579,,0.2959875410585776,,,,,,0.8148728686379427,,,0.18984058526520378,0.1894602455363254,,0.18998570113562435,,,0.18955951899879897,,0.1902064238329309,0.18896931253851776,,0.1897415496113945,0.18945334523543114,,0.19014880827196418,,0.1892864098726679,0.18979007885274143,0.808438562225335,0.8080051219876551,,,,0.8073143242165183,,,0.3699865685124292,0.3697765176027755,,0.32404274168447256,0.3230945460895093,0.32351951832784603,,0.8019896883923563,0.8005982864671324,,0.19225314713764002,,,0.19222465877072237,,0.1922013491167641,0.1921974094437376,0.19209812924886602,,0.191995276992669,,0.1921676184419274,0.1914982344481051,,0.1924944728234332,0.19213134255320966,0.19213897878031252,,,0.19185062902177358,,,,,0.1913860244718564,,0.192165159023116,,0.19208530404285032,0.19173468772523572,0.19188561292868636,,,,0.19255086046202513,,,0.1917288207824967,0.19192901128468368,,0.1918439695795411,,,0.19167955602174302,0.1916536819465486,0.19098530699656285,,,0.19176845366306292,0.19138981901957466,0.19182322613902314,0.19157465341471702,,,0.19205950497055674,0.1917328342961816,0.1918018990215846,0.19224273769349182,0.19194913014802176,,0.35369305987894917,0.3555093685607367,,0.3554407641281954,0.35516054432512584,,,0.3552902525169658,,,,,0.3751551712144148,0.37420662896922025,0.37465604158532007,0.3742691203945008,,,0.37498211581568464,,,0.3740608204670665,0.3742546595498953,,0.37496817096736534,0.37280828747930617,,,0.374118075233512,0.3723621013541738,0.37259104627283,,,0.3566395540698486,,,0.35583692376340875,0.355152889598306,,0.8699824063427373,,,0.8674297615536344,0.8650922392700875,,0.8684439941321904,0.8673127870441433,0.8684030476255756,0.869855333053685,,0.8680103565712389,0.8674066077320725,,0.3733507422915844,,0.3740517133679361,,0.3733608615899666,,0.37344814329414394,,,0.37416898346453975,0.37422436876362153,0.3734917098071931,0.3688248593291051,0.37289799235064874,0.3729606450322121,,0.8681414682079969,0.8716477119792352,0.8691106753117581,0.8673236180965487,0.8680702597597261,,,0.3554416716318292,0.3547414584785421,0.354997554300962,,0.3562191781444085,,0.35590777386263794,0.35642323953940547,,,0.3566356516095177,,0.355552489148398,,0.3557129059782358,0.35745861156473463,0.3556891359883044,,,,,,0.35536990039158556,,0.35588294808822396,0.3561837146557449,,0.8704082338321341,0.8694395934416128,,,,0.8682745491478858,,,,0.8658644470572391,,0.8681738662195374,0.8675957698515789,,0.8660873151947257,0.8670671943952499,0.8695404571106148,,0.8679470075475699,,,0.866379626101485,0.8700974673755991,,0.8679663457125428,0.18678077843759064,0.18734928144259738,,0.18671936968495872,0.18681375868519534,,,0.5937257344738669,0.5340528781525132,,0.5327351235605602,0.35512140924506486,,0.5727570424713962,0.5746232017261255,0.5741241107574783,0.5742384644604037,0.5753981948871972,0.5746645903733177,0.5725761605125366,,,0.5746979232980898,,0.5759748501874233,0.5751728467722503,0.574240709785051,0.5752846940536205,,0.5748990944323633,0.5742747078834783,,,0.5749187102551621,0.5745624585282461,,,,,,0.5756648334042077,0.5761146738666463,,0.5756952062948572,,,,0.5741008467919515,,,0.5748533903523463,,0.5750233082577523,0.5746033762692108,,0.5747730035501577,0.5756243717028479,,,,0.5748439902706401,,0.5741147679007247,0.5755424613118263,,,0.5748749175036802,,0.5757539086365113,0.5758222757285693,,,0.5756735509394574,0.5736998426526382,,0.5744526575695165,0.5744474485405592,0.5749403598126066,,0.5748087013831062,0.5734468293481705,,,,0.5741299065034534,,0.5750259835626184,0.5740597062339282,,,,0.5742987719968604,,,,0.5757049247257825,,,0.5745258331137707,0.5751121529058353,,,0.5755492534517352,,0.5739804193564934,0.5750939392916562,,,0.5742586366289403,0.5751716128400383,0.5752358004121645,0.5732915516591004,,,0.5750123780980385,,0.575618530403566,0.575346317238038,0.5761102984864078,0.57302867836342,0.5738270293859745,0.5728828113598267,,0.5742760382036475,,0.5760509749427637,0.57469267064056,,0.5747527613594942,0.5732611778762058,0.5752413634356357,0.5748510690440464,,,0.5749325075427791,0.5727444967267763,,0.5749968753539029,,,,0.5750749548060164,0.5753102463285275,0.5758422945889389,0.5753836791487297,0.5757864856649971,0.5742279988199448,0.5742070359132224,0.5743137572944749,,0.573375251242819,,,0.5739209875959911,,0.5750793076860409,,,0.5749594310158835,0.5753712727337943,0.5752631751077075,,0.5755832797084909,,0.5736964187969285,0.5748983467906275,,0.574775432861837,0.5766336903633438,0.5747679479226993,0.5755320575019109,0.5753456960702681,,0.5738310966969786,0.5761714467852429,0.5747188264687012,0.5755916672093391,0.5745141723290863,,0.5753589681378187,0.4899998796616022,0.4912767347883175,0.49117460226189724,0.6245665152985941,0.5414106180320801,0.8549148864332445,,,,0.5720099472442335,,0.8573931076439396
4,4,DG_8pct,16,Z19_F07,19,LL_AB,174957,181887,True,3970.656137497918,3973.270117241713,3951.29485062683,3990.474691571141,3995.992625401872,127.4841253128775,14.219470527288156,700.189404328343,697.5041589971288,263.26758538416567,263.7043368380941,173.86214344891064,4.584901548375101,14.351422165119052,21.41504084712895,14.990343810709023,4278.386909461451,4444.379153136345,44.841338274439146,216.40219493949093,0.7287604006287897,0.7283540342096108,0.7296650050492489,0.8016608074517813,0.7258304073595688,0.8797686782091462,,0.5751664275859114,0.5766535114125386,0.5740113640620471,0.5653192877965101,0.6696287206157273,,0.6709436910325831,,0.5742917352114775,,0.8577953836812074,0.8615260110082544,0.8601761691747589,0.5731841503866724,0.5762409887906754,,0.5772136092166811,,0.5753384084462072,0.5708438404269213,0.5714688803200363,0.5711919439428829,0.5766279317289122,,,0.5763519649716883,,,0.6377992019372004,,,0.5285402592040205,0.5220068265400492,0.5196403909317349,0.5203846892456252,0.5222780107502422,0.5209363281822054,,,0.521109413298461,,,0.5207899147115601,0.521286778724655,0.5223062215067288,,0.5214378641949672,0.5218209908136717,0.5220527993290595,0.5208037622085582,,0.6069069180276249,,0.8547971999358724,0.5988562180309727,,,0.5984089913775649,0.5993132788608543,,,0.5992047336148375,0.5980924969971503,0.5994085398549371,,0.5967785036800872,0.5989522427229821,0.5974023665819587,0.5985300150055601,0.5973648285563362,,,,0.5994509947402875,,,,,0.47507148595593107,,0.47594803536706815,,0.05461478785938807,0.0547097096275238,,,5.9442555426967004e-05,,,7.152931490227442e-05,,,,7.156204625905445e-05,7.175883823028652e-05,7.14188268120946e-05,7.159688357105795e-05,7.149282003708233e-05,7.135504447991534e-05,,,,,,7.159218316045126e-05,,7.143261147280318e-05,7.167163562230118e-05,7.152996443611846e-05,7.147828311828344e-05,7.144073917719366e-05,,7.152578876019342e-05,,7.165256875406272e-05,,7.169493151043764e-05,,7.149943388861827e-05,,7.149223198518589e-05,7.153725344660541e-05,7.163038887694234e-05,,,,7.158442095098895e-05,,7.158291855764853e-05,7.142587433848566e-05,,0.9864490495892803,,0.9846283549415051,0.9863218065419899,0.9849925948540487,0.9869174863024611,0.9870649776980347,0.9846903283250786,0.9866008446814717,0.9855489842522899,0.9837570327403922,,,0.9879514014507265,,0.9858014794336132,,0.9883268604233328,,,,0.9864683064491995,,0.9861080217772192,0.9855456716566412,,0.984855465901377,,0.9851046840237879,,,0.9820228613212838,0.9871800065904868,,,0.9847262162374886,0.9879987401124141,,,,0.9814688162909374,,0.9855702719128169,0.9879076153242099,0.9840393088304088,,4.1908924895120404e-05,4.1896529987660244e-05,,,4.190578982234056e-05,4.198487445366487e-05,4.179364852234189e-05,4.213642936712385e-05,4.200317267266389e-05,,4.202375718510974e-05,,,,,,,4.195431121345665e-05,,4.206967802660098e-05,4.198883627600239e-05,4.1877032176025976e-05,4.200289697470977e-05,4.207469930330939e-05,4.189834381585282e-05,,,4.192441247265765e-05,,4.194665724104349e-05,4.1869938566010984e-05,,4.2000238264229484e-05,,,,4.200587115957644e-05,4.192610615221986e-05,4.203738578432818e-05,4.194963725403692e-05,,4.187818520378134e-05,4.2034113797614796e-05,4.2020106657838575e-05,,4.20121595218807e-05,,,,4.1989624708363395e-05,4.182963844048724e-05,,0.2196183128950759,,0.21993870063377266,0.31312644134820156,,0.18795667072467453,0.18736300616567889,0.18777773395989356,,0.18824836369856435,,0.3386021317564882,0.3383754893776546,,0.33819684380475956,,0.3387608297214817,0.3385386381609864,0.3383557360233121,,0.338669085805723,0.3391051976478212,,,0.33892452408865387,,,,,0.33859043723253673,0.3395273190301558,,0.33929744137836565,0.33756013879755037,,0.3376730591387196,0.3387535298376359,0.3388340316422536,,0.33775538908140185,0.3377470219691677,0.3389150640500853,0.3383479083821632,,,,0.33821144701484745,0.3395561847669119,0.3384230686270104,0.33865272383184647,0.3383605571528562,0.32074322320599713,,0.3203710144022028,,0.32049027832993304,0.32148070517149857,,,0.32096985427230956,,0.32169586820017554,0.3207755812414376,,,0.3208799666687173,,,0.32200852933100454,0.3217804924368726,0.32186293473941696,,0.3204265321126587,,0.32099776140746256,0.3212592571277915,,0.3211374648621539,0.32129618334916543,,,,,,0.8738556389309402,0.8746923950308063,0.8743024262874382,,0.8733558578359141,,0.8737259797203321,0.8716284526352251,,0.8739272691429563,0.8765417487702648,,0.8761746315099452,,,,,0.8759442705490311,0.877836409183996,0.8740593123860521,0.8768806707593348,0.8743265399656183,0.8740711717200775,0.8776194143857105,0.8742831909655856,0.8733885327748153,0.8700665284224691,0.8732175065220862,,0.8729574374553217,,,0.8732596544441189,0.8722941326144498,,0.8730037007627086,0.8745974138910881,0.8723935033677355,0.8741300010454781,0.8739726003978809,0.8701400701345512,0.8716045189911433,0.8708525567426494,0.8722334598057603,,,0.875333833239099,,0.8721594554910682,0.8739400149393235,0.8747788454201216,,,0.875011784325465,,0.8751992474079052,0.8768952379666968,,0.8769560287642744,0.8762879280796968,,,0.8751491033206846,0.8757807728917107,0.8752870146241087,,,,0.8764190278012955,0.8764958216879359,0.8797614693971306,0.8763385439647287,0.8746866749592287,,0.876778774595065,,0.8786007130036474,,,0.87553434137282,0.8784589278182611,0.878631207393508,0.8791565971919073,,0.8803136540373349,0.32499917598808786,0.3259616741134609,,0.3245429207997643,0.3476806714784904,,0.34799196618538464,0.3482775626796204,,0.2634117255563009,,0.2631164433560937,,0.26276395002541586,,,0.23353659162882467,0.8774459907462699,,0.1873432389118497,,0.18463993171650184,0.1849506954971296,,0.18177294984782336,,0.18191596103333293,0.3227232933878189,,0.8243865658702615,0.338121744332376,,0.8186134929062282,,0.29527721707006827,0.8185760838593085,,,,0.29868563633349965,,0.3443257780350201,0.29802846435918673,,,,,0.19181380401143786,0.19149943599016372,0.19209893595115227,,,0.19119936772180168,,0.19190315713883724,0.19215590181427122,0.19175267125598722,0.19135003143305265,,,0.1916420830172221,,,0.19152549890531925,,0.8052689378110266,0.8052747594769125,0.8073425562867439,0.809249659431497,0.8073866339074585,0.372844757930101,0.37055927739379624,0.37288125072417416,0.3712801583277068,,0.3238325753742152,0.32411332127301756,,0.8052137227400945,,,0.80366917231312,,,,0.19446175245529712,0.1941949430486486,0.19362961454947616,,0.19418176680100876,,0.1942586595490326,0.19383854459896835,,0.19407398382232932,0.1945036779966302,,0.1936731271205588,,0.19417384681131444,,0.19389451402376573,,0.19404074317879028,,0.19471755192509058,0.19361072083496095,,0.19396530779602855,0.1940951981285614,0.19429097308122634,0.19350128940078398,0.19403958679143773,0.19434151585603293,,0.1938539278890676,,0.19355053622617485,0.19348694358131077,,,0.1939173364599118,0.19370509999097532,0.19409474700701118,0.1938776839555482,0.19360862137702692,0.1941541363620705,,0.19371113839514922,0.19419489513287827,0.1943503527497037,0.1940984230333005,,0.19383035876018867,0.19369839219915355,0.19381169612608398,,0.19416390903383743,0.1934475718731606,0.1938481291232462,,0.19370787153774266,,0.3576541864136144,0.3563597155415863,0.3571225241851461,,0.3563268983344635,,0.35622630963755564,0.3570342471439399,0.3572361474166713,0.35669108094050567,,0.3758426367311556,0.37665540579802803,0.37667063770944004,0.3764600073396889,0.3766930568433045,0.37614886169918327,,0.3764394294622936,0.37692824765634547,,0.3753770759389459,0.3767359881641457,,0.3759053897448416,,0.37609179218137784,0.3772349744701843,,0.37609996748876984,,0.3579967276087372,0.35813277207946403,0.35764014234616,0.35794233610693627,0.35728422708984414,,0.3563452105204384,0.8669697045108904,,,,,0.8665484196235845,0.8674906177725817,,,0.8658839258750937,0.8664618554253525,0.8696858943821979,0.8687470131230323,0.8696787734991444,,0.3755124413831108,,,,0.3769828760459623,,0.37535537089454485,,0.37605433943205097,0.3771390669448363,,,0.37548546093270063,0.37501485208520413,0.8702447560461948,0.8708939667164025,0.8683974386622387,,0.8685257444502176,0.8703566586743404,0.8682174288536894,0.35812460087456627,0.35774717476061396,,0.3564914456431259,0.3580997047977084,,0.35756495095184887,0.3572153247663723,,0.358578674146586,0.35671915392906073,,0.3568215455867376,0.3565848700675611,0.3567351740232107,0.35708593970566094,0.35707621390323563,,,0.3568356935411353,,0.35757330059718007,0.35752277241433966,0.3571813456675116,,,,0.8682959187602066,,0.8690447998697652,0.8702992879994375,,0.8694369125774154,,,,0.8673704100075642,0.8665690759649376,,,,0.8707160998242582,0.8685428300260969,0.86688586450151,0.868903439246997,0.867944128410097,0.8693549747151184,0.8723809202837611,0.8685917308827845,,,0.8685488590918756,,0.18869618213879108,,,0.18862935851817184,0.1890386358801197,0.18851943479355157,,,,,0.5362181527544861,0.35762321749148607,,,,0.5749343196104586,,,,,0.575215832612154,0.5762533524195416,0.5747224567101523,0.5752452699056094,0.5762871271202289,,0.5754138534131361,0.5751363533502647,0.5760342686175525,0.5764477730152074,0.5737590486876593,,,0.5754953026283833,0.5758882044363962,0.5757705711230344,0.5756939100199949,,0.5761501810309734,,0.5739494928264187,0.5765411800682961,0.575774518549952,,,,0.5750609373371383,,0.5759495526381072,,0.5754917703020694,0.5758752044064315,0.5769067482353366,0.5760266075702941,0.5768620277822266,,,0.5762544629770822,0.5769850086939553,,,0.5748320156806217,0.5773526116502319,0.575933208454417,0.5749902785351104,0.5757332279990669,,0.5755233413771039,0.5746934146001782,,0.5752304152672513,,0.5766773180219544,0.5759829064938381,,,0.5746768424983651,0.5743970431852933,0.5761366655940909,0.5754323347395531,0.5755621462915969,,0.5753932534480032,,,0.5755385538629272,0.576928742880214,0.57545187623687,,0.5730004233289534,0.5754119817663228,,0.575864347702967,,0.5761489003658987,0.57566639674757,0.5747811067505706,,0.5754443091273782,0.575477918466879,,0.5759830504533666,,0.5750582589434493,,0.5755341471251512,0.5773598030658392,0.5747913907439923,0.5767688246694034,,0.5769311346829569,,,0.576249572993491,,0.5767889353639254,,,0.5771779508972401,0.5763872574079655,,0.5746475564722638,0.5744881759576365,0.5739296796545109,,,0.5757912072388326,0.5769494192363517,,,0.5761429094490027,0.5756522226030716,0.5765721560229868,,,0.5760096462167584,,0.5756367185224013,,0.5758659499232226,0.5747803385942082,0.5747853014238766,,,0.5753957946278041,,,,0.5752968888050389,0.5773906050644232,,0.5770211158208012,0.5749995899275878,0.5773486786435683,0.575130337250671,0.5767713126752395,,,,,,,0.5732191657779905,0.5760205471920409,0.5745590250422864,0.5761626273634814,0.576015433319132,,,0.5752747123604953,0.5759381178466852,0.5779664976072806,0.5756760354062146,0.5756967594148608,0.5757883077255112,,,0.5755395294355147,,0.5757897065680062,0.49199778265632277,,0.4934005507288093,0.6254686865672531,0.5416710022665254,,,,0.5741812822430229,,0.8575657992883655,0.8586695769803748
4,4,DG_8pct,16,Z19_F08,19,LL_AB,174958,181895,True,3735.0381905677564,3754.933311914393,3748.6534767372927,3778.657063790592,3773.110404019485,117.1168261854896,15.012569580903676,670.3263190573134,669.64028905347,257.77505298026165,255.25460756984472,168.35897692985034,4.865392628784715,14.80542974124285,21.976903441296077,15.875986094932701,3992.703970221259,4126.327027284379,47.84497771552358,208.15566991419135,0.7387757517597854,,,0.8107695225369245,,0.8916640990644724,,,0.5973797360228216,0.5966827561094068,0.5874489956493262,0.6936768811830617,0.6931615300789623,,,0.5940886224724571,0.5922616854039072,0.8715416969422736,,0.8685084783048025,,0.5982592486649658,0.5967722221064549,,,,,0.590678557181846,0.5914675655463786,0.5997307882463893,0.5984225060727313,0.5975262231046072,,,0.5989101806958614,0.6626073552548822,,0.5513256695765858,0.5535630892565584,0.5458012414661575,0.5446765973682859,,,0.5454532618854491,0.5469853843553877,,,,,,0.545466156155436,,0.546615939977821,,0.5459488961824016,,0.5460856061355964,0.6340015909900976,0.6340343452989982,0.5406333867276913,0.8695894397242931,0.6287417284421035,,0.6269182151089874,0.6252938583109694,0.62647245758216,,0.6263375597316422,,,,0.6291890011319311,0.6289549378139789,,0.6278936775528184,,,,0.627189566126292,,,0.6281134902882244,,,0.6294285708257055,0.5036261541108396,0.5022380887946372,,,0.10590849160453929,0.10572353158986139,,,,0.015447864065527455,,,0.07626533627017545,,0.07636973134015453,0.07640862449671994,0.07632774734499463,0.0763116930278648,,0.07637842896717967,,,,0.0763465099841351,0.0761647862359817,0.0761564683335318,,0.07629455390868627,,0.07613721697630092,0.07623346344013537,0.07620454378192536,0.07660378657756985,0.07634728807523644,,0.07629632041690404,,0.07621835592161776,0.07637912435162568,0.0762086046576498,,,0.07613391995427464,0.07617406299084246,0.0762074939919493,0.07624270965764986,0.07632322071702576,0.07657318817849391,0.07621846880212102,,,0.07648685997126033,0.0764470520046884,0.9871381550715858,0.9855108906435434,,,,0.9862727048762727,,0.9867913288438043,0.9850282738604371,0.9857869815228549,,,0.9878057718658974,0.9873118463883712,,0.9905772444348502,,,0.9834788556411854,0.9871444342260189,,0.9883291914291862,,0.9829132141562505,0.9827298327950886,0.9861129457557337,,0.9865922408898942,0.9830256692620156,0.9833008138522392,0.9848385459723548,0.9827853991185393,,0.9814687016755569,0.9851398596864923,,0.9852738764249244,,,0.9845943230896707,0.9850467435288616,,0.9835636219010238,0.986262675765817,0.9848391656271548,,0.061292987971781766,,0.06155172780092831,0.06150783062461003,0.061318059870279884,,,,,,0.06128844331761602,,,0.06135343976566135,0.061357948118593436,,,,0.06140865638524132,,0.061353238099503,,,,,,0.06155191402643532,,,,,0.06133485116934084,0.06130375352386134,,,0.061363169403522703,,0.061432543777650735,0.06145806755637194,0.06112025798275534,0.061497013376738276,0.06120401146171204,,0.061155755587678225,,,0.061429500916614296,0.06132945887376343,0.06141140856403623,,0.06152482059028818,,0.2608343469851369,0.2598792563952958,0.26091048040157017,,0.3254116279056016,,0.23108067568142726,0.2305339968708522,,0.2319357906358144,0.23104493769757617,0.3866499804002325,0.3863464189621244,,0.3870081310628758,0.387284541345855,0.3877343096441505,,,,0.3872735471983176,0.387379603068204,0.3877605054216794,0.38719838850063226,,0.38789429872067444,,,0.3874972604897226,0.3876389087256633,0.38704653583328197,0.38732506262745386,,0.3869084304628568,0.38655337628317454,0.38722710398329535,,0.38689062422957715,,0.3859777723399358,0.38698429610346424,0.3855005457929429,,,,,,0.38630542255644845,,0.3860676646190976,0.3866249998636896,,0.37052882989242897,0.3711120796781444,0.3703118027886128,0.3716111578429432,0.3722129753377134,,,0.3708908054208829,0.3727353997736271,0.37074865445253724,0.37236450283818856,0.37167824309174935,,,0.37102983158761643,0.3717858395336954,0.3715235878419951,,,0.3706175633248564,,0.37071301165258413,,,,,0.370205138360742,,0.37055263571667024,0.3704352050372303,,,0.8841847658197992,,0.8830320625032119,0.8848328433618915,0.8843553436830437,0.884358278577314,0.8858356194270728,0.8878053155793678,,0.8818485410610171,0.8884529791366866,0.8871842122203145,0.8860632170217939,,0.8812656030660748,0.8857668392091487,,,,0.886274722658143,,0.8856820387254216,0.8859395692698522,0.8847585749569268,,,0.8826112372205703,0.8816564914959915,,0.8827133673784782,,0.8810725138915311,,,0.8831057660082073,0.8836123222655523,0.8847809017221442,0.8813739109097127,0.8810674108209502,0.8844396061723079,,,,0.8846985094807925,,0.8836284856475587,,0.8845524275821075,0.8829200596145839,,0.8858455898745434,0.8847487652174693,,0.8854926687464406,,,0.8833641256348861,0.8868755098567,0.8881523883030277,0.8885852174172585,0.8859544619031797,,0.8887303632580845,0.8871300587126012,0.8860525843756992,,,,0.8892649689472788,0.886891525969902,0.8874031543753909,,0.8871679159445617,,,0.8868135043072225,0.8841160237619967,,0.8853577830741819,0.8872400159738681,,0.8854921935140377,0.8875544495100647,,,,,0.3595400194039303,,,,0.395282742614818,,,,0.3007633292265667,0.30047029068515124,,0.3017031898291919,0.3007795033478671,,0.2757114125202222,,0.2305022992029133,0.2319221598665805,,,,,,0.22500809605327035,,0.37253683800950294,0.3082614320367893,,0.3870181840506942,,,0.3906161501006123,0.3261289199331525,0.8304389212408239,0.329185306131355,,0.3300462602481864,,0.3298689793824965,0.3941397218088799,0.3286287398473676,,0.33566526215852216,0.3356813107009747,0.23582069296747463,,,0.23620216059181387,0.2363754954121951,0.2361695540548318,0.23653949056851797,,0.23577252835226778,0.23610104942361074,0.23605139642872927,,0.23595925414687738,,,0.23613598110458517,,,0.829708238248401,,0.8272100430254995,,0.829534484592774,0.8275530400336185,0.41874289245876284,,0.4196724697580938,0.41901799831744174,,0.35309983127597566,0.352200167198354,0.3523408955521863,,,0.8246215769734379,0.8236196472005358,,0.23915135732302173,0.2384656543118687,0.2383832510742449,0.23940627487783545,0.2393663028312339,,,0.2390437154661685,,0.2394544691887008,0.23875552940861097,,0.23934381528494675,0.23936035751090945,0.2396379387439042,,,0.23925258896423945,,,0.23872044774670514,0.2392171275605699,0.23824150734974042,0.2390360499528299,0.23932956870702984,,0.23883927790675033,0.23941464002336896,0.23908453186468032,,0.2388698017583438,,0.23942547659544144,0.2391010152370169,0.23942225489392352,0.23920470759560197,0.23868192078922518,0.23931366651758726,0.23890933584473922,0.23882735509834055,,0.2387591335159217,,,,0.23885858341656346,0.23925845210414523,0.23916096389722544,0.2382260681835256,,0.23882557101236715,0.2388605981400259,0.23938760268538906,0.23886295139695624,0.23923737575933668,0.23900763918039106,0.23880364529929524,,0.23895445637249058,0.389177220522963,0.3897447855132265,,0.3897005015721528,0.39070276732282255,,0.38898505951868756,,,0.3898996006396,,,,0.4216079604242263,,0.4198018463193344,0.4209114744827342,0.4203741812403346,0.4211786712021731,0.4209339307356958,,0.42078620098796815,,,0.42083327805201765,0.4215644895981002,0.41980445088872326,,,,,,0.38973334393864767,,0.38921316904919095,0.389589639757673,,,0.3913616956944629,0.8833738809774784,0.8802977173339973,,0.8785790869417501,,0.8779725916610576,,0.8782085020820757,0.877638012203665,0.8793109412709017,,0.8793787465319839,,0.8812251538099974,0.4198112300788486,0.42145136096598423,,,0.42087042440336003,,0.42144076884908444,,,0.4206276787232076,,0.4213679506642694,0.41550356873560024,0.4202654951486693,,0.8778871666846352,,,,,,0.8785055127611074,0.3893217211079573,0.3901971113306762,,0.3888271777544186,0.39046539461330226,0.3906720154802342,,0.38946297693730075,,0.390744811200675,0.3903045360459505,0.3895340331929747,,0.3891098360679835,,0.389334628752813,0.38999768632701165,0.3899054234472921,,0.39049160463783533,,0.39018321505099174,0.39021185026114136,0.3898289425382163,0.38988812703293396,,0.38954283495659464,,0.8819630166288023,,0.879826842729527,,,0.8814345293421635,,0.8829093415895521,,,0.8772514112835001,0.88070851781364,0.8769865106969946,0.8805186782089468,,0.881185229179587,,,,0.8791972949083612,0.880717482680903,,0.8798740351751662,0.8783499835282005,,0.23218093473724413,0.23256099104980152,,,,,,0.6149713024727071,,,,,,,0.5975247331168836,0.5982640135931899,,0.59636799043586,0.5982186900693651,0.5976908006959893,0.596842230226633,,,,0.5951117958066159,0.5974096084753118,,,,,,,,0.5971282186645288,,0.5953601480285102,0.5960805146143988,,0.5964018942888585,,,,0.5977273545377013,0.595789900709051,,,,,0.5970836802644499,,,0.5950567332047539,,,0.5977509595662807,0.5983982347839776,0.5978027650690697,0.5971832292438497,0.5958662933886243,0.598172952810279,0.596907046047377,,,,,0.5959247535261738,,,,0.5977793162994475,0.5968309004971648,,0.5975755676490244,0.5962574596536545,,0.5959237869649157,0.5971401392525152,,0.5964583808756356,0.5975467859742042,0.5962366956901137,0.597870883876047,,,0.5960950206608172,,0.5959811110094273,,0.5972572480701915,,0.5989545381188702,,0.5976998180175551,0.5977593996782808,0.5979614547073508,0.5964263637639362,0.5959045130125502,0.5967851966822263,0.5990004425171315,0.5975646507256037,,0.5968559191496035,0.5972711868425474,,0.5974467434365233,0.5974747538581631,0.5981962729430594,0.595843156042843,0.5966006422026885,0.5967652403791758,,0.598357925033021,0.5958550294671112,,0.5979885099124564,0.5977732026198267,,,0.5966021291816314,0.5971919498582774,0.5983283342653385,0.5971335903803462,0.5978293364504574,,0.5958968820370577,,0.596853698886786,,,,,0.5969471563612833,0.5977342378976002,,,0.5965333996379775,,,,0.5964126121036726,,0.5959424468352602,,,,,,,0.5968065552284717,0.5973141205425094,0.5971132934324753,0.5973994841138994,,,0.5986261635870351,0.5984001658782233,0.5975142692465357,,,0.5969882350431973,,,,0.5966623679920648,0.5969076219813487,,0.5982890884892769,,0.5973570583878187,0.5966510264107501,0.596096744685858,,0.5984780623865754,0.5960048294172964,,,,0.5973967911913837,0.596952904449607,,0.5192776515562498,,0.5185684742757991,,,0.8679414186919249,,0.6925275615250929,,0.5929885857443625,,0.8682131030711231
4,4,DG_8pct,16,Z19_F09,19,3PH,174959,181894,True,3942.860817839563,3986.7522333642214,3981.8350074129007,4091.695684140971,4061.9693881297044,22.88874814804052,4.2354846262416,139.707743673978,140.25504944167633,59.760939773141196,59.68796470257687,39.92845350010552,1.1879853901828263,9.238332089011763,13.825123295303847,5.397834098947943,4158.270058131466,4163.141248283814,12.243079272168247,41.152921055092115,,,0.7418035267512479,,,,0.6768776325346793,0.592226210550974,,0.5909714392152683,0.5900179086717718,0.5979650944747367,0.5977446270783116,0.5987066597867555,,0.5986981293309931,,0.5990917531849063,0.5986470958716922,0.5975397458712233,0.5919303282150931,0.590343583245373,0.5902292118085116,,0.5921668001833394,0.5937444790327641,,0.5829859290455263,0.5848526092848578,0.5922541119936019,0.5934211165772124,,,,0.5940236515859559,0.5674954558181269,0.5436624213906981,0.5413601175393324,,0.5389394113575535,,,0.5414036131478674,0.5419198115603685,0.5407166081803441,0.5402147223993932,0.5421604153373352,,0.5418756054265924,0.54127534737064,0.5409427771102279,,0.5424804239536724,0.5422121522258881,,0.5410014912397797,,,0.5363128800462158,,,0.5280355036337387,0.5272661415405145,0.5287683774413848,0.5284039319712777,0.5274822891128647,,0.5290188336984958,0.5284734695950387,,,0.5284394326851775,0.5297924957776605,0.5288527531344451,,,,,0.5293764828573932,0.5284901565400686,0.5279041279929028,0.529730502686626,0.5293117738253406,0.5293661907529251,0.5290359307245265,,0.4954334054067703,,,0.09126321602978636,,0.09123624222607525,5.6695484371027355e-05,,,0.039635654046867176,,0.03955683125294641,0.039602545938044464,0.039640429529678924,0.03957712520359384,0.03955305205894939,0.03949713337294021,0.03951439940670829,0.03959613430939044,,0.03955656716857968,,0.0395935599179951,0.03958649913207185,,0.039612426582045175,,,0.03962373282435423,,,0.03959582976252629,0.039560186160025324,0.039568673111684105,0.03946594855248268,,0.03955095237308905,,0.03962204879185536,,,,0.03963443287324937,,0.03961711820451246,,0.03945243326576123,,0.039510116874752206,0.039513013194877475,0.03956181448752865,0.03960577024308419,0.03954610260130775,,,0.03961785436155309,0.039494908316156284,0.039542277684748946,0.0395359830401878,,,0.039566744082704476,0.03951239806568981,0.03951942114076092,,0.03955713279721306,,,0.039449959385283964,,0.03953982293329929,0.03959129092640182,0.03948014831200367,,0.03950885658982054,0.03946938177909116,,0.03947659792558073,0.039541453719560596,,,0.03938623805459445,0.03949829689239936,0.03947193644668565,,0.03952324112154894,0.03947415899320392,0.03959545460846291,0.039458380989024,,0.03964246456677767,,,,0.039569333531588285,0.039499782111928464,0.039551446003523665,0.039499899743674405,,0.03957531635615286,0.039571858490195615,,,0.03953544847310438,0.03956956745371965,0.039603371943085934,,,0.039600455539926846,0.03956936598145507,,,,0.03960993745175847,,0.03963480530425939,0.039579876251390006,0.0397224187473027,,,0.039537322475123565,0.03949294980811561,0.03955578082468603,,0.03958417523172926,0.03955453113330095,0.03951145574753978,,0.03954698252147221,,,0.03955820064563609,0.03965469335794778,,0.039504018072978674,0.0395050764599096,,,0.039519666057019565,,0.03951853337249942,0.03954533340249065,0.0395143158638343,0.03958610924339538,0.03962175323881997,0.039500406461958855,0.03958276545196864,0.03963656277749493,0.03948516503037535,,,,0.2467942282941387,0.2632283177789548,,,0.21984641217634274,0.2196722397368418,0.21968643092922766,0.21928058987550045,0.21978418539770955,0.28737980906335875,0.28684411484393874,0.2867960670850804,0.28701840745302115,0.28739503246546705,0.2868662562376839,0.2874856798506704,,0.286369154705642,0.28678994673680636,0.2865890966543549,0.2869370825401491,0.28724606000048725,0.28606337826494255,0.2878745201605172,,,0.28651737647953107,,0.28723782725711583,,0.2868830227770552,0.28750252210978744,0.2870301656963661,,,0.28578010744572696,0.28655563341255896,0.28616313128180565,0.28706220467709087,,0.28655582145209274,,,,0.28612811071225486,0.2867111885969509,,0.2866961900207258,,0.27102318055236485,0.27034558589908625,,,0.271211930091644,0.27074226309035465,0.2701978745593649,0.27072915552314925,0.2700589265638313,,,0.2709828711482269,0.27125578706622494,,0.270856732372419,0.26975999470888506,,0.2714359879597213,0.2714648358266204,,0.2706867704669155,0.2707851998026367,,0.26982592111491654,0.2704531051272284,0.2714796729879176,,0.2709941440268168,,,0.2706416538298394,0.2702861406915884,,0.2860407419951023,0.28586568881466456,0.2858391755206178,0.2867372265592342,0.28682999943052273,,,0.2869197263605487,0.28606979871612503,0.2872772287402063,0.27017928360130766,,0.2700781959088951,0.2699784323775895,,0.2704992365352626,,,0.27027839124370767,0.2700216945197348,,0.26967650480732014,0.26925217133782314,0.27077121004860394,,0.28647694305531723,0.2868449018380186,,,0.28630200547558265,0.2862815008993541,0.28666618986852943,,,0.2850030390432102,0.2863621499996561,0.2872510353161987,0.286541362589299,,,0.28708827661507436,0.28721459233134017,0.28615844514586514,0.28634461840984865,,0.2866740938286349,,,0.286232639484515,0.2873020163828512,,,0.28596037373534705,0.2867253263026808,,0.2864496770113305,,0.26974147042841917,0.2704909601396929,0.2700971788523526,,0.27087889642500423,0.2702807703081441,,,,0.2704809247446548,0.2703070519327307,0.27041167375660036,0.26937680359624333,0.270014379914176,,0.2709251530404639,0.2701539927897618,0.2700951605330781,,0.27138652848213357,,,,0.2702163485134815,,,,,0.2954382194235647,,0.2956649972885991,,,,,0.29478760159823264,0.2958612060045818,0.2897504514163947,0.2892595531826543,0.28962341227114535,0.2892490870939942,0.2894917337541891,0.2894069052232416,0.22100676642508993,,,,,0.21842181112173345,0.2131901606792529,,0.21261022862737602,,0.20850825167879705,0.20721755883906323,0.22165614062258002,,0.22178685324722772,0.22389046334117635,0.2240614532367195,0.2236253735355201,,0.2248571759933996,0.2246163010495785,,0.2248237996319788,,0.22552643793746777,0.2251212958813015,0.2248798734559999,,0.22479037780839467,,,0.22487115729409368,,,,0.22462492769059153,,,,0.22485939220025672,0.22462027014027924,0.22513856566127977,,0.2245304344588415,0.22499611302075584,,,0.22499937371029663,0.22469616718849134,0.2276166989726743,0.22709477350365417,,,,0.22636643679382124,,,,0.22851309141279963,0.22889147439934215,0.22889091193805614,,,0.22845928968848148,0.22855303350706752,0.2285163671246508,,0.22741484161493367,0.22764324874124806,,,0.22745123751868318,,,0.22719451044733982,,0.2273051316997257,,,0.22736278802874726,,0.2270694696276079,0.2283578109010718,,0.2278057950443018,,,0.22769479381359456,0.22834841147608725,0.22709530771593806,0.22755365160221208,0.22713561642284497,0.2274373163859921,,,0.22781523178993635,,0.22749032627086188,0.22745332034248358,0.22695797293686423,,0.2272541380785887,,,0.22754489956875001,0.22717241525786255,,,,0.22775168285897726,0.22706760817457283,0.22726924902426257,,0.2271348655051387,0.22729611128063407,0.2276151415139232,,,0.22793048574954203,0.2271342104028179,0.2276032129907659,,0.22684235041161163,,,,,,0.3245071185824028,0.3249832257427248,0.3243097439834855,0.3247846235660262,0.32351716368278355,0.32545083899713034,,0.32476493857578936,,,0.32513849351318624,0.32575513077066665,,0.32538856424340384,,,,,0.3246476962257566,,,0.32411358261770457,,0.3249023986790946,,0.32477626235871776,0.3245759829687435,0.32433101894776795,0.3238421442110666,0.3243404499273146,,0.32614854196753407,0.3257276861158564,0.32542257177035033,0.3252660261430261,,,,0.32408800151812955,,0.324103903230345,,,0.32341539435513317,0.32380661641453645,,0.32329048602890437,,0.32453372893702476,0.3250676739487864,0.32378168668509316,0.3234800850595645,,,0.3247388187562056,0.3250512787648124,,0.3253003135445435,,0.324546884203032,0.32473673428642646,0.3256464687058411,,,,,0.32394920050139425,,0.325200143249069,0.32441183516943534,,0.3246724211579078,0.3236064851875211,0.32475985546923236,0.3243698634311314,0.3249709471410709,,0.32619419074518696,0.3246332064887642,0.32545047399585675,,,0.32567952737107997,,0.3257785439769738,0.3265845998026474,0.32474982474493413,0.32497655033207173,0.32611142990405345,,,0.32533793758141605,0.32514435792792445,,0.3253140419705697,,0.32551149081960246,0.32493218727583995,0.32574026045175136,0.3254542905571006,0.32517392633941733,0.3247712410237998,,0.325823496061998,0.32421703267248225,0.3250347133804423,0.32476169481924877,0.3242803904423829,0.326590258108751,0.32522727135839125,0.3250013167965074,,0.32352027895435265,,0.32324019179978747,,0.32320918186908204,,0.3239615679780342,,0.3242905037751632,0.3257296278004049,,,0.32480556729031507,0.3249168194432483,,0.222389831983031,,0.22122962005916388,,0.2207179227059877,,0.558810708234155,,,,0.554717078493746,0.22711987067566078,0.5913595486130695,0.5934472197911675,,0.5937383948060131,,,0.5935802116093505,0.5926217622118548,0.5928798347597076,,,,0.592901955505445,0.5923351890462126,,,0.5925512075172835,0.5936943669588485,,,,,0.594383306682564,,0.5931445046616812,,0.5923208967384134,,0.5937177630953934,,0.5940156917700795,,0.5941953832897299,0.5952212903047878,0.5923055787083474,0.5935793496649405,,0.5932766324268574,0.5922161808520283,0.5938885517621965,0.5933365045498707,0.5945139169712232,,,,0.5943195377616456,0.5928160074829613,0.5930720653777297,0.5930974396897573,0.5937885941732308,0.593865544440335,0.5942725309468716,0.5929008386581086,,,,,0.5927446457762866,0.5921724408531589,,0.5935299793997783,0.5947387153402641,,0.5925025650283802,,0.592732907650191,,0.5920924252840941,0.5934428253220805,0.5921137170944302,,0.5928185627608039,0.5904418974713379,,0.5923587741337543,0.5938287068992247,0.5920561470112923,,0.5919855855738497,0.5918590646250604,0.5938448597527811,0.5923942901667019,,0.5944790448380131,,0.5932098476350174,,,,0.5919980998352204,,,0.5926117098728724,0.5925181964329654,,0.5932670800440343,0.5941084785408998,0.5938332706777669,0.5932182195875605,0.59353596985607,,0.5942442468466597,0.5931841297094399,0.5947025398867679,,,0.5929272160302543,0.593900035594264,,0.5946071148003584,0.5928460316493909,,0.5915762432131462,,,0.5939467914791313,,0.5932156294550897,0.5945563331353165,,0.59298144172528,0.5922441196222256,0.5936768142926437,0.5930796103552964,0.5928520779434172,0.5921522465625437,,0.5924626558901186,0.5916949375490015,0.5916998050559134,,0.5938440711332273,,0.5939004606228491,0.5950466065901358,0.5918681145695122,,0.593135605816834,0.5938091241441295,,,0.5925643693372777,0.5914498772027534,0.5924752248137619,0.5924658518623002,0.5931736642185597,0.5939549164134087,0.5936463595461566,0.5902552764487402,0.5958607309373117,,,0.5933957378153866,,0.5941683380846704,0.5927580248050843,0.5937381028664609,0.5910939532219996,0.5919775995451851,0.592509812403037,,,,0.5929523598196881,0.5914336360079062,,0.5928833686085059,0.5939630221174396,,,,0.5565794645941659,,0.5567924940556143,,0.5992912733620603,,,,0.5987253614239966
4,4,DG_8pct,16,Z19_F10,19,3PH,174958,181895,True,3880.6981638729294,3931.5309409589436,3908.881684040853,4011.997203553175,3975.7330454985067,23.801466702070893,4.444462567101204,147.2101463296701,148.7868406720803,62.67793008118564,63.010404917039125,41.90564919751556,1.2547025716541198,9.382515554596248,14.037480506257191,5.585733960318617,4086.427523267482,4086.9754919681095,12.902085389343485,43.33639471167047,,,,,,0.7465064604912055,,0.5963254359064574,0.5961398446832018,0.5962175350893613,0.5963074004037981,0.6043394048293937,0.6039338075454485,0.6035082747133951,0.6033291517487737,,,,0.6027849029223019,0.6029973334638289,,0.5970362469507177,0.5983307551051924,,0.5993865385501552,,0.5905810158417826,0.5876893031147117,,,,0.5991658742058985,0.5980731582275777,,,0.5729853007978174,,0.548234299898185,0.5470909913335306,,0.54706884982917,0.5460129379379131,0.5472928905426492,0.5476139174374782,,,,0.5476185874716597,,,,0.5474647732208289,0.5473356698810606,,0.547858858191897,,0.546952715478552,0.5418955963536853,0.5448900617562752,0.54466089126341,0.5439301263830267,0.5361903546471729,,,0.5348962683859969,0.5350007770427075,0.5341528112707279,0.5355799484055535,0.5363952387925444,,0.5357487452707004,0.5347943640258966,0.5350004798834448,0.5378460685139386,,,0.5351824267023434,0.5377016127633455,0.5366421194498675,0.5363114907424733,0.5340512277280892,,,,0.5371835344536896,,0.503309089146343,0.5026319651454183,0.05676626066769555,0.10525243046526937,0.10504732818225657,,,0.015315166421337276,,0.0544399374315532,0.05440791978474271,0.05454324232411483,0.054418517022533384,0.05443057868403932,0.05446216835125208,0.054405330570071006,0.054460206012853764,0.05436180888849698,0.054506543482329514,0.054391979966134464,0.05458656193448278,,0.05462818078818616,0.05437065000569698,0.05453646224826087,0.05445428852408148,,0.05441259031535369,0.05439134510914124,,0.054365552923898476,,0.05426546002694048,0.054320648528620605,,,,,0.05423545235186419,0.05434345009568499,0.05457003390683817,0.05451320475032568,0.054397235817271836,0.05446871873171192,0.05441318293140941,,,0.0544822635755748,0.05442073232989376,,,0.054377116089170174,0.05447957106555439,,,,0.05444050236037866,,0.054372588613761236,0.05451298333651155,0.05435480538251153,0.0544510334688512,0.054386553061876626,0.05424252406698383,,,0.054471749704710276,,,0.05444874255699598,,0.05437065191068202,0.05440660284493394,,0.054378751297029876,,,,,0.054361898712458175,0.05421419387369684,,0.05439216829786839,0.054351003488981184,,,,0.05422007420142998,0.05438333397361268,,0.0543507542028607,0.054385530239806704,0.0542905172583579,,0.054426374717506575,,,0.05437896456299934,,,0.05436877864431514,,0.05449082762218317,0.054384959070572024,,0.054492436639607685,,0.0542616406728572,0.05457320430405133,0.054217829322025214,,,0.054425723814956445,0.054369602154740744,0.0543957996030473,0.05444244631633791,0.05452438117147467,,0.054441495621699046,0.05464993615736568,,0.054579067740331534,0.05431989323149075,0.05432620968645422,0.05434519180945984,0.054406776173433445,,0.05453092570600683,,,0.05463734246195414,,0.054449070698126156,0.05444945021986544,,0.054431663026103534,,0.05448190755866946,0.05456561751063042,0.05444998814764773,,,,0.05456534470293386,,,0.05445911748847159,0.05446091798076848,,,,,,0.2749095473495874,,0.23155491850376253,,0.23119023062228997,0.23103402805242185,0.23136378397063653,,0.2981804819824335,,0.2984104407708474,0.29735784550721195,,0.29761061075839496,,0.2970685733068138,0.2974504965643146,0.2971835347640662,0.2983665661856185,0.2988710758083571,,,0.29742166307318474,0.29749812974551315,,0.2980569896308129,0.2979573350021346,0.2972194664946093,,0.29883323394315897,0.2968249024730363,0.2982378957248082,0.297097794447262,,0.29862894212256963,,,0.29775158577484495,0.2979930225047782,0.2967962277155056,0.29780638076273,,,0.2972224101016049,0.29825179501954,,,,0.28202068306884254,0.2819583365108072,0.2825185970829815,,,0.2817681177649377,,0.2815692498947007,0.2822272066714494,0.28258538194463223,,0.2815053335488816,,0.2826098330973635,,0.28136458113192314,0.2820139001741617,0.281788383471664,,,,0.28203990198411993,0.281829341002567,0.2832357136547145,0.2820296887711482,0.2818188744671288,,,0.28158863511983306,0.2824642646050898,,,0.2973849156284119,0.29683458064037443,0.2968904431607904,0.29809966602421534,0.2966504788924439,,0.297405972285332,0.2975076467605766,0.2974841064207827,0.2979850956064689,,,,0.2804418323755722,0.28102248296774557,0.2802419633341978,0.2814607777164132,,0.28181527456613437,0.2812379941745446,,0.2808856529552102,,,0.2808193392403217,,0.29679050859351785,0.29715825866867,0.29708807168407275,,,0.29754266941634566,0.29698867917619315,,0.2969315400552314,0.2965505236880852,,0.2970380122714954,0.2966151881311427,,0.2976554013718234,,0.2969598599344329,0.2975974614752955,,0.2969016580398963,,0.29742904295889516,0.2965157184638603,0.2975302320055652,0.2974587646899303,,0.2974156148049779,0.29752769613002766,,,0.29732711217954255,0.28089518198972474,,0.2814551163583701,,,,0.28163514062422706,0.28135366358913355,0.28066572668445255,,0.2816773722708652,,0.28120363109136265,,,,0.28085582540568776,,0.2818623770956427,,0.2814305827608674,,,0.28248793049318005,,0.2808571677822738,0.28164445633345553,,,0.30605831236605685,0.30662150929080906,,0.3058184724005018,,0.30553481145796635,,0.3052376717541385,,0.2999226376877209,,,0.2994549363804069,0.3003727030381371,0.2992934935903327,0.23318478773254595,0.23299369585933133,0.23272769024297907,0.23032587009619737,0.2306866391565429,,,,,,,,0.23499710002678303,0.23424247892922168,0.23349283063024273,0.23612145282644895,,0.23634358873365008,0.23663004428529624,0.2372198222422542,,,,,0.23631009623943972,,,,,0.23848014911527063,,,,0.23690313562660079,,0.23722387087137795,,0.23771017733517,0.23695924633448348,,0.23767587164297796,,,0.23639536356645216,0.23690020659724115,0.2377110068460724,0.237247232371979,0.23720135222721128,,0.23921287530754626,0.24007198283145234,,,0.23991390698385187,,,0.24047905315769447,0.2404807028701124,,,0.24097761692650174,0.24136665675381416,,0.240321665031547,0.24024994071504965,,0.24129877989770002,0.2389731233837525,0.23972107575341675,,,,0.23954437284393648,,0.24028837947332385,,0.2394308193699025,,,,0.23978984554728638,0.23980608930207578,0.239930550535135,0.2400271476992838,0.2391667725959621,,,,,0.24016168142262279,,0.23989662465945047,,,0.2394895370422504,0.23880459680954497,0.23933637010252706,,,0.23945187215876715,0.24015997929990673,,0.23978216398632857,0.24014657270032816,0.2400135387425021,0.2400013272398725,0.23960020102467275,,0.24008188948550188,0.2397330589054153,0.23953265147443056,0.239186448302829,0.23984460616110706,0.2396016901550457,0.23946452225956755,,0.2393134887064369,,,0.24007657918395825,,0.23982027918680712,,0.2399115356565739,0.2396791898947204,0.23998555838003105,0.23926050851684377,,0.3342734295412265,0.33503996154638355,,0.33504994010856587,,,0.3357805901664516,0.3353114296242921,0.3352219624143736,0.33444474112896433,0.33477137444957056,,0.33494569278194475,0.33454694817766484,,0.3352880739567226,0.335536849391328,0.3347101110068473,0.3347743002663607,0.3349605115452506,0.33495906143868187,,0.3346398026484695,0.33544410697354066,0.33556485139180714,,,0.3347812174078184,,0.3352253888153408,0.3352296052696434,0.3353644848257326,0.3353858831984063,0.33610286168710646,,,0.3358045777083559,0.33613499514136047,0.33417887226810583,0.3346165185742207,0.33383946236096923,0.3344639699862738,0.33354766328484714,0.33405963045509435,0.33363676850600893,0.33318446186576645,,,0.3334060291129455,0.33409103699576287,,0.3333366328468386,,0.3348368709769067,0.3343263220026311,,0.33474841897437463,0.33586588804563183,0.3352074644763653,0.3352103938458878,,0.3348507354895355,,0.33503147798141075,0.3303197331566028,,0.3332912947634583,,,0.3337962722897227,,0.333961219765549,0.3344594614991368,0.33382292274055414,0.33465119803246696,,0.334667591643875,0.33507156567311647,0.3355908325544794,0.33604455178318915,0.3349878231513511,0.3354683571827692,0.3362449203198816,0.33440610017806294,0.33499840210617166,0.3346873534151976,0.33470379875434575,0.3355673663265336,,0.3358031050545852,0.3349333930922113,0.3359016665577611,,0.33488448721774405,,0.33569361606366716,0.3354288108841933,,0.33579369667217546,0.3346816657759616,0.3352911328293922,,0.33455649760291695,,0.3356438089933199,,0.3359703588833246,,0.33449570816870794,0.33469422995445514,0.33430961523036473,0.3344807537479982,,0.3348866517663048,,0.3347614056265951,,0.3338374451262688,,,,,0.3344719665602426,0.33407629795312627,0.33452549212055305,0.33414108659031916,0.33463925506207226,0.23320560737106016,,0.23371180194281344,,,,,0.6250895247850483,0.5602375194345813,0.559068204499367,0.5613353205661085,0.23876397973099572,,,,0.59848612822751,0.5983449318410211,,0.5990318145493275,0.5998916788810318,0.5989668798063871,,,,0.5992178693443112,,0.5999014507149552,0.5985655735826059,0.5999715797828867,,0.5988022219612666,0.5990197022063501,,,0.5987409907881516,0.5998889288465837,0.5985184718487162,,0.5981485323063577,0.6004679623942063,0.5974801943545153,0.5999883585544425,,0.598187325663996,,0.5980744919851082,0.5997107095471248,,0.5995462356624016,,0.5980658690095064,0.6001879716554828,0.5982302373199018,0.6001248576577247,0.5986901274362809,0.5991889843504827,0.5982052232440198,0.5989596510803326,,,0.5985801063254432,0.5992642271060601,0.5978582651779434,,,,,0.6001627187151043,,0.598958379364664,,0.5999696224266728,0.6009565750479059,0.6002823381664484,0.5990707834995647,0.6001002396198886,0.5996370849830595,,,0.5991787705686905,,0.6000155555440349,0.6015344613488232,0.5996863196069857,,0.5994562031224592,0.5989628396771741,,,0.5983448054416465,0.5994992568706135,0.6012465504284977,0.5977423548720603,0.5977217918803712,,0.5998845823529652,0.5992695910259916,0.5990110697241182,0.5986466788930225,0.6000440580159799,0.5982218472718632,,0.5990778476735049,,,0.5979923688312597,,0.5987990949534802,,0.5993005271018468,0.5987928142377489,,0.5971145559923079,,,0.5993118565081439,0.6000435496520543,0.5976031495917161,0.5985731611908449,0.5976875604258187,0.5965188918958091,,,,0.5988644566678596,0.5989667765731791,0.5999629664134477,,,,0.599136543065348,0.5970167194369194,0.5994484643358737,0.5978411338015358,0.5998462367806583,0.5995029821323965,0.5993587420212896,0.5989190271736693,0.5968644531930564,0.5997880937716742,0.5977595715934673,,0.5983369553116945,0.5990632665456277,0.597824399443896,0.5998035491247293,,0.5993492526462465,0.6004456166216984,0.5982231089380355,0.5999494546237103,,,0.599094324156998,0.6000026929726069,0.597859904748315,,0.5993273466906576,0.5991591479513978,0.5993759773166373,0.5989758349690927,0.6015177066632169,0.5993241625193632,0.6003458129246209,0.5994914421331986,,0.5983783953619841,,0.5987977782772224,0.5999011003291975,0.5979392723747604,0.6007747386589866,0.6009894456310175,,0.5987126930962758,,,,0.5988158869486019,,,0.5147312034248397,0.5158287733513107,0.5625711692134792,0.561054017167524,,,,0.6049888103445513,0.6022691954593812,,0.602594379947103
4,4,DG_8pct,16,Z19_F11,19,3PH,174955,181887,True,4122.103505165433,4137.770266539547,4149.775484910361,4263.705138548758,4256.322756326471,20.85160823766176,3.7797017561539814,119.2532648004054,120.01189440859315,51.085922585717846,50.994111310796285,34.12541158597249,1.0180926086815785,8.860785780050204,13.136200340340427,4.88327496542637,4315.350667873419,4317.498357379667,10.42939450173881,35.25969975715607,0.732639486086192,0.7321104782957518,,,,,0.6650625385132249,,,0.57478533490583,,,,0.5830356115074359,0.5823975334175882,0.5822963681484894,0.5829605023215991,,,,,0.5734324234578075,0.5758102369185091,,0.5769713645083906,0.5771531803419815,,0.5700612912720738,,0.577848327378639,0.5772675727282085,0.5784314019456751,,0.5779961698856787,0.5769179548389601,,0.5258811516007954,0.5244937255833078,0.5262159793483646,0.5201674229320108,0.5206951077794105,0.5218435738254783,,0.5222566395630187,0.5232146000288495,,0.522414884922725,,0.5228160583335103,0.5226342309349373,0.5233063196269608,,0.5219718833672038,0.5237447484590975,,,,,0.5182709758497404,,0.5179434697706348,,,0.5090351457485883,0.5073716160675968,0.509338319623011,0.5090349367864111,0.5100195180580653,,0.5105346924817374,0.5110224166959053,0.5109150887554408,0.5104156771076157,0.5097788603572596,,0.5094776057090681,0.5087892934589625,0.5105156704207835,,0.5098394389393994,0.5103532341104372,0.5086178257504093,0.5097217213953539,,,0.4764217915661307,,0.4764895623652853,0.0026524706628739086,,0.05423877526012123,0.054185296056423596,,,,5.955150451039684e-05,5.948135283145963e-05,,,5.94881237931086e-05,,5.954236196207917e-05,,,5.96156443175157e-05,5.968294966644427e-05,5.969778111202595e-05,,,5.966833546680486e-05,5.956451267642337e-05,,5.943090494658382e-05,,,,,,,5.973112045292368e-05,,5.958454820267935e-05,5.947029858097197e-05,,,,5.9461159204984826e-05,,,,5.957448245205336e-05,5.950578148777464e-05,,,5.943376462515284e-05,5.9573302426324876e-05,5.951141360903788e-05,5.945034564135828e-05,5.9462703045501184e-05,5.947832588127566e-05,5.935523594756113e-05,5.942602571541964e-05,5.954361685652855e-05,5.931916816750276e-05,5.9482013815963236e-05,,,5.962335234466311e-05,,5.950865455691517e-05,5.950570563603718e-05,,5.973902486550858e-05,5.940964168200119e-05,,,5.945597907003257e-05,,5.952905452049906e-05,5.932127430497731e-05,5.948617417958283e-05,,5.967793920863652e-05,,,,5.955562251676684e-05,5.943800780178796e-05,5.9464445350660035e-05,5.96044288937757e-05,,5.9346074304314414e-05,5.955066872975998e-05,,5.9393043747476e-05,,5.938652236580006e-05,5.953759221549701e-05,5.952242938615388e-05,5.9622848928349756e-05,5.938339709315147e-05,,5.935816640590756e-05,,5.94737674323912e-05,,5.952445080721088e-05,5.9532349299308626e-05,5.9434600580101426e-05,5.950131688160328e-05,5.9502388161568325e-05,,5.9638559969699896e-05,,,5.957065933662833e-05,5.957127834524968e-05,5.96020181141549e-05,5.9601034106562044e-05,5.95318535252053e-05,5.972290338184396e-05,,,5.952126324454014e-05,5.9587447945099305e-05,5.957850047983522e-05,5.955697798265613e-05,5.9389708314987674e-05,5.955942155836188e-05,,5.950166272259189e-05,5.960453810479736e-05,,5.953680506319405e-05,,5.9563647450186684e-05,,,5.953787186430803e-05,,5.9551069318665445e-05,,5.965797839979532e-05,,5.956867891085573e-05,,,5.970231182954255e-05,5.9554145557516716e-05,,5.954167297146314e-05,,,,5.931694998082736e-05,,0.21725148578991807,0.21680974133831432,,,0.1883157388769967,0.18761920565102902,0.1888214857641313,0.18830319042705596,0.1881638578553827,0.18835319736531192,0.18810427195903612,0.2583745891383386,,,,,0.25862653318086176,0.2582407692006401,0.25880797751653334,0.2588302423296428,0.25898452035407654,,0.259120040173941,0.2594204095410245,0.2591232136998939,,0.2585868743832812,0.25859905997792754,0.2581565556396181,0.25799094135441997,0.2584999473383414,0.2591950640373488,0.25845218486648414,0.25787608482958346,0.2590123011907225,0.2582953436748455,0.2575851246742269,0.2586337601428148,0.25867790692580706,0.2585370838448057,,0.25873816719054843,0.2576626340158708,0.2591938461678145,,,0.25838957796907125,,,,0.2578317561740951,0.24126540518639367,0.2414297301109592,,,,0.24147373314850828,0.24172638210108544,,0.24206018730184967,0.2420043531887924,0.24190301274581114,,,0.24201510523441977,0.24179950776084258,0.2417787453919187,0.24188664786980904,0.24123838343939308,0.24190248415200327,,0.24157896034176204,0.24174521393670323,0.2416233255124971,,0.24101374358636718,0.2415037252546175,0.24167326637679,0.2414785368703891,0.24138572853026177,,,,,0.2581800464322811,0.25848996039749406,,0.257926302674005,0.2573197209725664,0.2586449209900318,,,,0.25884841466558167,0.2404885778961961,0.2408154732505522,0.24123813816858058,0.2412435189562384,0.24079285027886901,,0.24070137666806873,0.240310157205858,0.24104598214725603,,0.24149515412494785,0.24056222584053222,0.24114391744048577,0.24087179138057152,0.24214367666245648,,,0.25744150867495286,,,0.2577659136307058,,0.2576489002452437,,0.25720264914980595,0.25848972023991806,,,,0.25780620842834356,0.2580473024442784,0.2580298089114195,,0.2584554849221414,0.2585340471112794,0.25829128433798476,,0.258356456512604,0.2577900598838098,,,,0.2581996230308489,0.258467586842627,0.2577988288502141,0.25856538808656165,0.24097330011877965,,0.24059848505258966,0.24153126287618215,,0.2413832538964509,0.24136285965987453,0.24100274154085188,0.24158364748312466,0.24114882761414608,,,0.24067521256662083,0.24111580629042562,0.24152534341087345,,,0.24076033711745928,0.24104948217546177,0.24123681125389576,,0.2413411063001701,0.24172586567005636,0.24079651848946856,0.24173364627777053,0.24101505488272257,0.24151790040439072,0.2412433662214189,0.24218415101797966,,,0.26702722563147174,0.2683468767038412,0.26685900330613593,0.2675884972858449,,0.267504287444756,0.2674728822399585,0.2621853690406619,0.2620835461939476,0.2616425416831561,0.26239114920507006,,0.2622432365898623,0.18989836127878143,,0.18896980001992156,,,,,0.18210923450367633,0.18239755377030242,,,0.1770415144928196,,,0.1899582828763495,0.19168294941782515,0.19169334256753356,,,,0.1918876576526055,,0.19253580492334782,0.1927563092592385,0.19214360743945305,0.1921451155990881,,0.19185305732793004,,0.19421804685455518,,0.19166304153338842,0.19206451590500617,0.19250684494747072,,0.19223442529455773,,,,,0.1924258443423555,0.19203525313071362,0.19281441173532365,0.19242806213510702,,0.1917080108622829,0.19239699041541106,0.1923234392827222,,0.1946923296664756,,,,0.19434453291599904,0.19368190761459686,0.19520304930171967,0.19539080354254051,0.19537241404077885,0.1957835988668123,,0.19567105375411914,,0.19521028192911793,0.19560906232416472,0.19530853461114792,0.19610874625354988,,0.19517377901134,0.19445120991901413,,,0.19496288061603376,,0.1946091492940657,0.19509513627869626,0.19513418564644727,0.19444046084537134,0.19473820625408175,0.1946122624764013,0.19425351278372277,,0.19447982459788582,0.1953620454394663,0.1957026351487594,,0.19500129810917488,0.1944717991269901,0.1943219989919866,0.19547800449033878,0.19444810149968217,0.194580569312232,0.19457913883283548,,,,0.19430614354890438,0.19485826674334278,,0.19489324693503102,,0.19476541260100078,,0.19516492862926724,0.19504376534842585,,0.19462129690474086,0.19428778350847728,0.19470835297607683,0.1944895433726252,,0.194578300709366,0.19432904223806613,0.19472159584462562,0.19490646759351704,0.19469549231980537,0.19481668561186977,0.19461970807602666,0.1947404426761954,0.19449279672184894,0.1942143025962292,0.19484588566921673,,0.19525019495910342,0.1943560741270984,0.19493836126571548,,,,0.2990928480830095,0.29848699812486346,,0.29881372044619803,,0.29879322633719413,0.2996310571119173,,0.2984016360099979,0.29920103130812487,0.29862252857037724,,0.2989949390793727,,,0.29963258313281027,0.29923755852470546,0.29909800688055793,,0.29974251185281003,0.2980353912111416,0.29887135690068156,0.2995778276413724,,,,0.2986540233105266,0.2979400149648059,0.2991986252133947,,0.3000027795663059,0.29964813606806906,0.2988088730575051,,0.2995957166627069,,,,,0.29874737759354103,0.2987953649005848,0.29891311457643843,0.2979068090591066,0.2970666021392982,0.29793293551969097,,0.29752970470610285,,0.29761638273145447,0.2990689392614497,0.2986628113084412,0.2976276554071735,,0.29901776272379904,0.2978412833801553,0.29841022826974006,0.29928711281730086,,,,0.29898035963704145,0.2984588978917588,,,,0.2984747983029283,,,0.2980141210972636,,0.2984317655557175,,,0.29803185571125657,0.29911522405433655,,,,,0.29883790042173697,0.29947600271886804,0.299226360061442,0.29951206632734884,0.2994305208201038,,0.299647922349941,,0.29878584041638484,,,,0.29872588617260365,0.2987962256420664,0.298282465501697,,0.2995794620411916,,,,,,0.298871399190601,0.29936534583047136,0.29910570046851637,0.2993851056869746,0.2988701626027212,0.2984760603449645,0.2989981985007893,,0.2986898304385014,,0.2972619439427394,0.2979711917234883,,,0.29833634011236343,0.29838027039732895,0.2988762186406722,,0.29900760767245216,0.2986065823288466,0.29825672579393253,0.2991000348026912,0.29787198118025604,,0.29874018725130413,0.298900646814246,0.18941763476906703,,0.18889898037641356,,0.18977463024884292,0.18990608918996288,0.5398802319286856,0.6048742529692053,,,,0.1943945085116316,0.577019377586301,,0.5769385378490955,0.5763491236457564,0.5764196473803047,0.5772494797577385,,,0.579238153017983,0.5787923851684079,0.5768372669991085,0.5791024793056767,0.5782229653098707,,,,0.577353947933888,,,,0.5787198580329149,,0.5763295768051709,,,,0.5768013510320005,0.5772717171349772,0.5787966833397867,0.5775641293510643,,0.5757446403097745,0.5774037007921108,0.5779657989488542,0.5776218177409734,,0.5766018181098201,,,0.5789313975232392,0.5772177085056635,0.5774273977941666,,0.5776173904655048,0.575924858670073,0.5768189371863941,,,,0.5774143625769895,,0.5768703664426946,0.5765102336482835,0.5771086420425663,0.5771036756122959,,0.5779843366892498,,0.578028607861644,0.5770606711047394,0.5783310732310041,,0.5774217795469472,0.5777215376066106,,0.5778904278618153,,0.5783219741706598,0.5787739884861764,,0.5780395337322162,0.5776793793657607,0.578090615534162,,,0.5776302699668039,,0.5772105106430214,0.5767062218836176,0.5766305269701689,0.5778101248314222,0.5771504822214802,0.5767669962352293,0.5776627611097639,0.5778123113049014,,0.578093760663729,,0.5786195387952595,,,,0.5777700341576633,0.5785576877514353,,,,,0.5768689820391053,,,0.5788868982851961,,0.579710936030168,0.5779969459429389,0.5776803040243218,,0.578404095336354,,0.5781465248319284,0.5763330354206352,0.5772768571040788,0.5782593094018057,,0.5783027830043045,0.5777170319309881,0.5793296334071216,0.5777708033633732,,0.5773213257712294,0.5776835074487175,,0.576602357606893,,0.5790855241826659,,0.5779849474585276,,,0.5772247159574639,0.5774593250352943,0.5766392752392685,0.5800623829561822,,,,,,,0.5771806905324495,,,0.5763569609548161,0.5787590165247601,,0.5777456909672348,,,0.5762516532719594,0.5775475612627912,,,0.5791188094181015,0.576951371932972,0.5755630113725825,,,,0.5766387295677805,0.577962316066515,0.5772638710165964,0.5751923253023995,0.5790209450719666,0.5783174336990149,0.5767405825358912,0.5779824826776282,,0.5784912840997599,,0.4899088818170039,0.49014563603372474,0.5379509512167894,0.5384321053659354,0.5371466126357209,0.5819145682981453,,0.5813288933917838,,,0.5820788399097245
4,4,DG_8pct,16,Z19_F12,19,3PH,174958,181895,True,3889.8203513822223,3918.1203137017515,3906.486743358954,4033.3952948836863,4011.547950353768,23.741917070854495,4.476707115071579,147.32635342166992,149.3151636227449,62.73101168414663,63.15623315244129,42.092297980028,1.2564711345889956,9.388846450349462,14.004048176387048,5.570726161264819,4100.576655702321,4110.934774147991,12.940123109432678,43.50056039343195,,,0.7423415716366498,,0.7468932451032846,,,,,0.5962283832069802,,,,,0.6028914497158847,0.6037657647714562,,0.6041251953234749,,0.6029912805543302,,0.5977529052082934,,,0.5994185009770384,,0.5921385015166583,0.5908278670755261,0.5902476715472394,,,,,0.5986003587002396,0.6006083496750398,0.573948218781645,,0.5485674340786162,,0.5465417374491178,,0.5460857571316177,,0.548589941355206,0.5485569194181386,0.5478021405675875,,0.5481075730703164,0.5481167214569361,0.5475127233667572,0.5479788326979851,0.5504868569614779,,0.5476889502470956,0.5480423332573746,0.5479040261045163,0.5476360905881501,0.5423515886932336,0.5440163013556713,,0.5427078274786804,,0.5357946523362301,,,0.5351886257866878,,0.5361110246503648,,,,,0.5368281600542891,0.5357384606537706,,,,,0.5342466363603976,,0.5355343449325,,0.5357408143876647,0.5365923993223549,0.5366816200068001,0.5025323661546256,,0.5022258244117384,0.05674341235059421,,,,0.015270501084199925,,,,0.05445976978151605,,0.05455162289825381,,0.05458598960318913,,0.05442906068779304,,0.05441007499619391,0.05431447714897767,,0.054610689331925595,0.05460087632174144,0.054515468024456115,0.05467699807488477,,0.05420403696777857,0.05448373615862964,0.05441419213020392,0.05452375842804021,,0.05429862790720571,,,0.05449451765508603,0.05446698568883322,0.05441216689715944,,0.05450993460465344,0.05440990707708353,0.05434336310960864,0.054519276609906596,0.054524543668984786,,0.05443176789632259,,,,,0.05439444735076873,0.05428969588835227,,0.05445449754235312,,0.05439238344759015,,,,,0.05434408802957087,,0.05451459837372966,0.05465162326247907,,,0.05434387082864215,0.05440866876073875,,0.05438434461293295,0.054431179485155176,0.05443774676797879,0.0545525547581965,0.05439997400783099,0.0543698765804388,,,,0.05445282120915309,,,0.05428531058444155,,0.05440063638911681,,,0.05435742706532408,0.054383235027180794,0.054432196880642665,0.054582471524700096,0.05438145453129249,0.05449800463213133,0.05437359143048484,0.05434935593933418,0.05449993600029878,0.05442981052779666,0.0543682242459705,0.054427275252469355,0.05464086626469935,0.05445180489404879,0.054485283295488886,0.05438991222664175,0.05444379690494149,,0.054486012013261774,,0.05458245000728498,0.05462584310637359,0.05446133060315393,0.05453297150966184,,0.05468410360607787,,0.05460248610585675,,,,0.054478966516381254,0.054433443610050994,,,,0.054437986823786456,0.05433955401914288,0.054431906337859375,0.054455606526385585,,0.05447353592417415,0.054341308456698476,,0.05440982477162683,0.05447392093816347,0.05440151179931332,0.0544516502533269,0.05456964637391323,,,0.05430486519186683,,0.05451680900178344,,0.05446916531100127,0.054626022675805325,0.05445336638140142,0.054237492223401663,,0.05433033836210491,,,0.05429578152166587,,0.2574601731010039,,0.2570578870705607,0.2741703306577744,0.23177584888118774,0.23168346876966267,,0.23152502342681633,0.23235472049024605,0.2321917094499603,0.23138515956839048,0.29809989381697016,,0.29785149906196995,,,,0.2974432629228519,0.2978039063155908,0.2982387461879486,,0.297531242777642,0.2976977806207644,,,0.296999146623734,,0.29755284923705977,0.297423852701647,,0.29767651171318676,0.29757434915598024,0.2984178041956458,,,0.29680281237286205,0.2973664072245336,,,0.2977232072427289,,0.2977579134856366,0.2981663897881896,,,0.29827991500427464,0.2976692644482197,,,0.2982920345058805,,0.2817574554099637,,0.2823468196314125,0.28129631983391723,0.28169504422405234,,,0.28139438786207077,,,0.2822353488903884,0.2820316471510311,,0.28250647319874594,0.2814174629211971,,,0.28240845056672825,,0.28212540267328345,,,0.28124398761766195,0.2815032662609991,0.28186808104448946,0.2812120733052946,0.2821249548532704,0.2817052671528034,0.2820829704100542,,,,0.29729941764037315,,0.29765113597937654,0.2976843969277985,0.29759420714026885,0.29765228359232754,0.2969798043858661,,0.2972247687661047,,0.2968400453188348,0.28151535902924035,0.28065184010570104,0.28126847867867266,,0.28158933911134254,0.28096429544785045,,0.28090675370807144,0.28081930782111786,,0.28111981392857044,0.28086635794407655,0.2804367674845051,0.28110724101444373,0.2809878684746055,,0.29676403265336737,0.29724049458075474,0.297158235173618,,0.2969841329101028,0.29734160473775156,0.2962368506298351,,,,0.29657287199492005,0.2971454321180205,,0.296604674555561,,,,0.2962649274602048,0.297187768091264,,0.2973076189744982,0.29645288524758584,,0.2971659102807986,0.29763145194888685,,,0.29687178860654195,,0.2967637756680442,,0.28152079868001306,,,,0.280719665633583,,0.2810907127258647,,0.28162915668993765,0.28081062466462814,0.2809971988737884,0.2816502690719291,0.2813608675891878,,0.2815242297751211,0.2813889796440914,0.28056644932460173,,,0.28111207710677855,0.2819855396438551,0.28150383943445983,0.2813855220886316,,,0.2810264315589397,,0.28092875259090355,0.3064720855720989,0.3059054334384711,,,0.3059012182455034,0.3054343162943798,,,0.30554221167200507,0.29969208493237504,,0.2998784027199069,,,,0.2332336989266347,0.23264462094232702,0.23252392727153146,,0.2307379844359098,0.23044801513134958,0.22515103501337955,0.22535111341211836,,0.21894331285047677,0.21945093706783605,0.2190280909206364,,0.23446860742641437,,,0.23666173798382212,,,0.23664829526886302,,0.2373216795457033,0.23640728951334175,,0.23728617833295876,,,,,0.23882395304175968,0.23902565590038488,0.2366901092630806,,0.236739234468211,0.2367308518486456,,0.23645465950725153,,0.23699038373553918,,0.23708880692434678,,,0.23675089490346168,,,,,0.23659303480359312,0.2400104302582974,,0.23965702641719336,,,,0.24180472888609136,0.2410801336056947,,0.24105828801408438,0.24077477629872188,,0.24018167758141654,,,0.24092953777213827,0.2410100208619709,,,0.23968002685482256,0.23954383925372602,0.24046118488554022,,0.2395038750926508,0.23972726360544938,0.2404093814812125,0.23947201424125378,0.24000716065509198,0.23941190966920373,,0.23965829155954405,,0.24015575284431565,,0.23998779996016434,0.24017333172976757,,0.24067296608433944,0.24011524846287594,0.23955527534673499,,0.23938220903536284,0.23914069999735205,,,,0.23989600964789518,0.24009794350473546,0.23988168476284286,0.2398416388540485,0.2387207342335768,0.2397765025000715,0.23931661488534478,,0.23929221023910266,,0.23944228457807495,0.2398774254196848,0.23932797173398881,0.23955791944358454,0.23936756321052025,0.2405268097707847,,0.239835959097561,,0.23950947200515157,0.239946557109393,0.24009926789531702,,,0.23984978920129657,0.24039447581807386,0.2397438145373767,0.2405260466412302,0.2394178413347318,0.24005396044040256,0.2400469374393086,0.23959797885799336,0.33458516967922464,0.33491609124112587,0.3353278823848752,,,0.33563665452070524,,,,0.3355040532293621,,0.3334819644380144,,0.334700567180779,0.3348997206131001,0.3348670947616897,0.335131849301324,0.336524020083698,,0.3354986678364048,0.3353040507959039,,,,0.33466531689084206,,0.3348450275355547,,0.33439354736161986,0.3352945293231499,,0.3350946140553363,,0.3353115568316858,0.3354417580923067,0.3352510475117712,0.3350798994329078,0.3356819044654581,,0.3344439179868092,,0.33349773698166524,0.3331417017517423,0.3337747158367405,,0.33375024583026114,0.33304626037809265,,0.33444561425019714,0.33390809211046596,0.3338708037604485,0.33376343571892103,,0.3348052953285446,0.3339343110098952,0.334751765180435,0.3332040326240511,0.33446031177949315,,,,,0.33505770157103404,,,0.3303350773654331,,0.33463076243573414,0.3338680626100055,,0.33375503537505113,0.334362399269294,0.3341484183736733,0.334263957174844,0.33502454517581537,0.33637076014116607,0.3342947418290505,,0.33494237039346514,0.33445585281709095,,0.3359529434517515,0.3349849059939926,,,0.3356860772623557,,0.334723159034879,0.3359926905601579,0.33502854086367145,,0.33499067895422213,,0.33633380972736904,,0.334701857930756,0.3345107766852424,0.33530024975513556,0.3353719397227766,0.3349140504059878,0.3358070993112411,0.3358594715184676,,0.33568208264067073,,0.3340264066715953,0.3342460316379325,,,0.33426846445013225,,0.33432504049233336,0.3338785605307387,0.33351297425377,,,,0.33403518113625474,,0.334453935293157,,0.334667869431433,0.3350463192025788,,,,,0.33403623710697616,,,0.23282781990766002,0.2333885082980532,0.23386367571848857,0.23343807667088054,,0.6224301556304751,,0.5584677640507213,0.5607473500471983,0.2393537186363444,,,0.5986124697500932,0.6001939573537165,0.5997816605033669,0.600839588856502,0.5989620284821203,0.5979288784051858,,0.5992275655238561,0.599532648751435,,0.5997624525666125,0.5988781791150679,0.5964662466878691,0.5984799766278929,,,0.5990511882810126,,0.5997801251411855,,0.6006848992844468,,0.5979640047654429,,0.5979623782887424,0.5985610364906537,0.5998217845196973,,0.5998622259151715,0.5987695688091833,0.5990492248955914,,0.6002328729312836,,0.5969991138141117,,,0.5972984697589792,0.5994875002990818,,0.599843387758327,0.5984063740679796,0.6010253475210358,0.5989815498684053,0.5980606456349409,0.5970256625159818,0.6007360113234385,0.5993923469192795,0.5982957514296942,,0.597724294788432,0.6007654610006173,,,0.5995265254442318,,,,0.599666078373349,0.5991156806526926,0.5984188966923569,,0.5994496476445043,,,,,,,,0.5999862144820803,,,0.6010612806451642,0.6003183846004471,,,0.5987029223840807,0.6005943139858101,0.5999561259096817,,0.6000676585481457,,,0.6008222214057866,0.6001749030228422,0.5998101306088615,0.6007409178703011,0.5973896214367945,0.599004038795357,0.5988724404351249,0.5995074595511721,0.5980859064473893,,,0.599252414697153,0.5981043440677288,0.6000217170114523,,,0.5992853149924194,,0.6003709665908084,0.5990656501435297,0.6004591385367177,0.6004336859932139,0.5990693642347283,0.5990310032427728,0.5988614788081995,0.5983511829555967,0.5997627814306458,,0.5973041830149118,0.5990597936495418,0.5997527501377699,0.5984250861491583,0.5986945314773255,,0.597861158688472,0.598655662597975,0.6000082247341785,0.6002686487601706,0.5993780729792989,0.5996433771868599,0.598643399843225,,0.598971277942117,0.5979670217933668,,,,0.599421610394148,0.5971201623911385,0.5983962614000412,0.5994138969940686,,0.5997875703428255,0.5994117476990495,,0.5997630332517095,,0.6003867258848306,0.5989635210367469,0.5996980684653493,0.5973989919239825,0.5997260176537187,,0.5987289683886685,,0.5991017816810792,,0.5989889529024531,0.5995619404369248,0.5998321135501195,0.5989689085407751,,0.5990478367632319,0.5994450621563087,,0.5991137131158433,0.6000361257193694,0.5981715386675593,0.5988614597471971,0.5991291743160014,,,,0.5161347843194638,0.5151743725549115,,,,0.6047975072712818,0.6046951790272426,0.6017514362016656,0.6026031572553708,0.6004582075408293,
4,4,DG_8pct,16,Z20_F01,20,SLG_A,175059,181992,True,3210.1741042182543,3251.9714781526563,3252.771589562352,3558.2377642277615,3533.6961060180693,185.4217660384146,16.655386877457577,1116.076677677666,1144.8289153935323,432.99278034064105,433.1353748562586,283.82168802826146,5.207849190266574,15.549891780337196,22.832167442067455,17.042415970694087,206.9410668620529,25.91007718421668,4674.652082002603,355.45142284025115,0.7867495615826458,0.7850751306849448,0.7877845877620132,,,0.9564191316964755,0.8676156565015402,0.6816828525584853,0.6820362133600144,0.6814198988137858,,,,0.6465841541350813,,0.8739573089554047,0.869636557265289,0.9486721760804117,,,0.6792753953074901,0.6817345430677495,0.680167730994925,,0.6811801691566719,0.6834708771347932,0.6744888846120863,,0.6731967955511688,0.6840331817519629,0.6836009228978449,,,0.682993428768778,,0.6189322951168721,,0.6586065673380552,0.6603617496570768,0.6620419933225061,,0.6621791718010386,,0.662780341931012,0.6655088191507288,,,0.6628872182788799,,,,,0.6637208123176117,0.6630588482784552,0.6623920253122685,0.662024420804242,0.6620188398049338,,,,,,0.5759498687304874,0.5739032216431706,,0.5762221328419885,0.5747034278173373,,0.5743229361853436,0.5762786264247073,0.5754639820252149,,0.5762342341919895,,0.5764269675578709,0.576364273836737,,,,0.5748991121353935,0.5749978273063954,,0.5748221963568791,0.5763037003842393,0.5744593428925455,,0.6294343363892356,0.6298417379765243,,0.5607044445324334,,0.5612946692638933,0.5624495585965226,0.560819949668888,,,0.25148884172310026,0.25102394208348544,0.25131225533001256,0.2509699256058162,,0.25087228435428727,,,,,0.2515753527792792,,0.2503995359400722,0.25097687997939844,0.2521915887054498,,0.2514579908894589,,,,0.2512683161789796,,0.25076162562612997,,0.2504123898436146,,0.25092173810362733,0.2513665099740953,0.25097569200349307,,0.2523002086201454,,,,,0.25106397887808907,,0.25083113641952315,0.2505358572652592,0.2505826727034992,0.2507324274893424,0.2513132915054341,,,0.9304120947879879,,,,,,0.9329901856919576,,0.9305211944246919,0.9304435076639078,0.9314394196708758,,0.9314613600269572,,0.9349665400329175,,0.9346763613516341,,,0.9302324409777682,0.9320770159581028,,0.9321518505666249,0.9325520586893221,0.9310872968208426,,0.9316751306834532,,0.929861990298835,0.9299768557449366,,,,,,,0.9298565411254814,0.9299420765926004,0.9308193030505577,0.9304778825981317,,,,0.9517167177435443,0.9500309246849366,0.9503610273219723,0.9513174097457904,0.9500190138812248,,0.9479800672172539,0.9502086850908928,,,0.9493687167274367,,0.9492508912275582,,,0.9490250438643906,0.9509123671064148,0.9520172125760245,0.9501396147962289,,,0.9504829450963567,,,,0.9470278817543091,,0.9509668962953605,,0.9493673852878037,0.9457341841112632,0.9506564141091308,0.948835035579624,0.9490349076847883,0.9495490959700608,,,,0.9487168503403977,,,,0.9501604446612774,0.9498439857687148,,,,,0.9469077961561344,0.9480832086328246,,0.9475187270711131,0.9487931325110294,0.5627686266764732,,0.5638729779010291,,0.22322963466229429,0.5579606775453444,0.5602264011982334,0.5594569739128171,,,,0.323317322204134,0.32430243765152084,0.3238781616142158,0.3237603752857651,0.3240579133410826,,,0.3240155425935066,0.3242927667043224,,0.3235458074925789,0.3237577285379624,,0.3233139809160611,,0.32452810114213326,,0.32426252771823,0.3238661986100823,0.3240587088194527,,0.32347247500456466,,0.3233568089797124,0.32271968333761747,,,,,,0.32420065774734325,,0.32355031636979326,0.32333786214821536,,0.3237976231211165,0.32338702587336066,,0.3239336850929976,,,0.3028049882739813,,,0.3025298600697071,,0.3032114801030974,0.3028032425483886,0.30313265939131656,0.3024349435482817,,,0.30388325706173963,0.3031694299501201,0.3030925875914847,0.30256282979154675,,0.3027621643775672,0.3029934558322366,0.302202880392617,0.30225217381071656,0.3024693926497985,0.3019485893182165,0.30164664703827637,,,,0.30200858133476033,0.3033266319037907,0.3028330337216934,0.3017655798412802,,0.9334373429209745,,0.9302491587654148,,0.9318831204536046,,,,,0.9327081741056771,0.9331109098942213,0.9330588848457464,0.9342812129074914,,,0.932866918483422,,0.9331528189696113,0.9354306209271003,0.9320106663336863,0.9339740008746283,0.9301317129552076,,0.9315108187173141,0.9326959226971052,,0.9312147098489503,0.9329450204432105,,,0.9325510499260355,0.932032876744975,,,,,0.9336159601326154,0.9319022601878921,0.9341001026849619,0.9348218373590941,0.9336684006665071,0.9313168661956365,0.9314260882187173,,,0.9335632749443482,0.9324535505080105,,,,,,,,0.9352938091220343,0.9335441134639988,0.933818074658299,,0.9329026038822362,,0.9320300750711049,0.9324268304087464,0.9334681332607894,0.9352730839187191,0.9320091829181099,0.932950186083331,0.9347740414343787,0.9333731015887882,,,0.9348469955167691,,0.9342801244280986,,0.9340524980435064,0.9344179862574448,0.9331986823852622,0.9328150826380847,0.9345714063126793,,0.9339446957516794,0.9347004240196269,,0.9334887177191661,,0.9329139943973872,,,,,0.33503510405556913,,,0.3362893460764588,,0.5951044867770666,0.5955924222058918,0.5941887498742977,,,0.593668985384887,0.16154790906695574,0.9636627111605974,0.9454592796210016,0.547757197698697,,0.5499231328515393,0.5321090201236786,,,0.5205142984150793,0.5189330871259873,0.5207615147282998,0.28489431305829865,,0.9209746080675079,,0.9318335841825633,0.920615539306373,,0.9335295872240517,,,0.936194386342946,,0.9375572957984976,,,0.934335625390265,,0.9374526423619576,0.9404549465068572,,0.5719476197930737,0.572287731301761,,0.5728273750520207,0.5695062203466523,,0.5714424444489674,0.5711720647941186,0.5709018540118161,,0.569986501454879,,,0.5718404026635738,,0.5726113260132445,0.5717635318378844,,,,,0.919675882036306,0.9146893781332336,,,0.3490411161179556,,,0.9465786658812652,,,,,,0.916054174442406,0.5787275095275288,,0.578676201047098,0.5778728222540754,0.5795895620860163,0.5796397043803496,0.5781759703325925,0.5793880946595377,0.5799794175972228,,,,,0.5788066753990831,0.5785987878171107,0.577700434107245,,0.5786830152895819,,0.5785398180476213,0.5759238943133523,0.5798565343114225,,0.5778241373408841,,0.5773865287854597,,0.5785976209148894,0.5778421566694212,,0.5756233416339911,,0.5772176885183805,0.5789727394878408,0.5789036488338966,0.5776210966202182,0.5769673547761692,0.5779576841551292,0.5783158317106157,,0.5768949737129776,,,0.5781214577199763,0.5778060693557135,,,0.5786607435459783,,0.5783195426524609,0.578861661685211,0.5784263498909996,0.5793504877216903,,0.579192632681479,0.5773066738557421,0.5796187821371731,0.5768918914210048,,0.576607238621765,0.9381968079835047,,0.9396733940536935,0.937281638488401,0.9381189279967369,,,,,,0.9388276036106529,0.9411853562438104,,,,0.3681459747606346,0.3677917447495997,0.36907853706615334,,0.36793685846232554,,0.36904938076107424,0.36770103940552373,0.36813365541502807,0.3674908529734924,,0.36873229434412885,,,,,,0.9411441308145952,,0.9381429323792415,0.9429232753544944,0.938433174920989,,0.9397171246178663,0.928378563017758,,,0.9287022557936665,0.9315284891949668,0.9280440055350238,,0.9294472248008558,0.9300629270177906,,,0.9287937223000163,0.9316144570732943,,0.367509528111023,0.3680601197661985,,0.36736783138552237,0.36789919595791093,0.36751467626824036,0.36861081877682816,0.3678774426705811,,0.3675628096693492,,0.36875240742548,0.36317213269798987,0.36699574219877945,,0.9304050250016647,0.9326704615104168,,0.9306241167533565,,0.9319347542445453,0.9343856478012461,,,0.9395027202113293,,0.940040566865859,0.9418217364467136,,,0.9393369379242273,,0.9400087375455662,0.9403073236391019,0.939286686363954,0.9383242534716053,,0.9405656141279705,,0.94075076717674,,0.9410858802527715,0.9403420321880994,,0.938791017271274,0.9407946559060258,0.9408183190868125,0.9415566439970141,0.9405227401244437,0.9306341450108632,0.9317239341687189,0.9363538371912634,0.933227109369764,0.9296230266254536,,0.9307761420746506,0.9363264113441156,0.9296776095196877,,0.9292598805764397,0.9313024764673249,,0.92991812106499,,0.932845785401307,,0.9315040988595601,0.9281765460821961,,0.9317639526201497,,0.9312300171268296,,0.932368188914496,0.933667840053877,0.5615011812395769,,,0.5626255433122952,0.562472245319492,0.5634484911724216,,,0.6703947789483462,0.6703559375624165,0.6734922040108042,0.3314064721444049,,0.6813817401705371,0.6816108151017559,0.6802617215294964,0.6820972429395021,0.6835911576110015,,0.6823492876783841,0.6834705812186171,0.6832455897724574,0.6834595124132987,0.684552122483628,,,0.6830720578968268,0.6801667750921396,0.6822496699377455,0.6827929133850189,,0.6819210879793737,,,,0.6818170399889292,,,,0.6819219795404258,0.6824986885703084,0.6826106519677693,0.6824369231227996,,0.6810523563173841,,,,0.6819706471811131,,0.6825596958329317,0.6834990635356194,,,,0.6816713297121235,0.6823188054796822,0.6816023186376382,0.6802189226802827,,0.6815560306091859,0.6825970796210943,,0.680928332682947,,0.6807717749917238,,,0.6814877177098314,0.6817690288867363,0.681939429774087,0.6823617810789284,,,,,0.6833874910878047,0.6833907555366685,,0.68145609848645,0.6815205068326909,,0.6828371512115639,0.6835217007141159,,0.6829807235595599,,0.6807488790389845,,0.6835224588525373,,0.6810123524802987,,0.6828794772709952,0.683735323727962,0.6821991331723087,0.6817561790705546,,0.6837193879585197,0.6826345572080678,,0.6818471133402598,,,0.6822098798258315,0.6842900622111378,0.6835347309890404,0.6815217773565578,0.6816412238778723,,,,,0.6837648731732098,0.6817737928303873,0.6804906443079927,,0.6809026327073667,,,,,0.6836851690301209,0.6808314109933485,0.6817361723488268,0.6813968642950748,0.6823681533839371,,,,0.682137025766168,,0.6829551152953646,0.6841460365580356,0.6834451832758413,,,,,,,,,,,0.6812436885890398,,,0.6832399783642471,0.684138928307427,,0.6830232292219524,,,0.6829596581366437,0.6802249463273996,,0.6821235628966431,,0.6817382499325514,0.682119464109591,,,0.6835457960221245,0.6808922128088847,0.6825943441052787,0.6824178419442886,,,0.6820555585129586,0.680653243691578,,0.6820758152490616,0.6810608749577257,,0.6811083795249329,,0.6811487500443912,0.6815878823400364,,,0.6362298030992333,0.6365282215874715,0.6077366398270263,,,,0.646571913491494,0.8685859975120181,0.8696584547946014,0.9506428491285039,
4,4,DG_8pct,16,Z20_F02,20,SLG_A,175056,181988,True,3250.221896945233,3299.5568195239457,3302.4088974743727,3594.3746390930405,3607.373993631834,186.63438102473924,16.601430215765923,1125.138730409967,1160.2419620999735,434.9648968813101,434.520557064397,284.8646513846456,5.201892191242622,15.38506407457338,22.803877000335508,16.835901390017042,210.4910680367846,25.833306180218774,4725.196577200556,356.2288468718143,,0.7836972179417916,0.7852598179130967,0.7869917869059231,0.8751773645299386,0.9561892087849204,0.8681065753188545,,,0.678076888119614,0.8615069105848524,0.6420441191299628,0.641496784559165,0.6410027059852391,0.8700203760577861,0.8704159717231232,0.8702967993170997,0.9492891479079797,0.9486487906071125,0.9524694020600047,0.6787455990236008,,0.6794455850426729,,0.6801816286394711,0.6801231933552347,0.672075653878336,,0.6720667802249407,0.6802071549457588,0.6821010667258623,0.6793180778442122,,0.6807296690440445,0.6804196458074984,0.6130297927139233,0.6559830708649547,0.6546488486286995,0.6580158401821026,,0.656012615578526,,0.660320591728051,,,0.6586747616942386,0.6587327898434809,,0.657056314994608,0.6607274157380892,,,0.6606874521747783,,,0.6591492314651122,,0.5777400890754604,0.578877515179401,0.8800691190553853,0.9437929974579964,,,0.5699004420677568,0.5701969728069126,0.570770243924765,,,0.5701996488108353,0.5704706291555154,0.5702945176808464,0.5711869919522808,0.5702855736234403,0.5707461266021326,,,,,0.5707478051758392,,0.5720248859338664,0.5708172955105847,,,0.5703422851153914,0.6266670529435644,,,0.9474317245856708,,0.5597509568797743,,,0.5590481980869222,,0.24132376816240791,,,0.24244146511266923,0.24143869908945007,0.24177113261912983,0.24163026784643837,,0.24154686938989775,0.2416560681156372,,,0.24157455833480124,0.24194043484505928,0.24184849927756716,,0.24157706260704467,0.24210189051764072,,,0.24211723453493933,,0.2419266006146673,0.2410348949459554,0.24173311313155482,0.24121268380161964,0.24178199336862918,0.2416377281161345,0.24185764727751904,0.2422100190273157,0.24105899464341746,,0.24214722062301347,0.24150328838282756,,0.24149209079212808,,0.24133442470478417,0.24130438543367283,0.2416443097183786,0.24173019902049084,,,0.929360001535747,0.9311526362944513,,,,0.9287465191992635,0.929134935118584,,,0.9337531616270696,0.9297522736356683,0.9336605021877762,,,0.9303511879150249,0.9303385243390556,0.9319430127917487,0.9298847986808275,0.9299610814925034,0.9274158875205719,,0.9299168214567289,0.9298430337483283,0.9321138080861269,0.9296827139028028,,,,0.931238610221139,0.9314309341197347,,0.9303481956049562,,0.9297909710036772,0.9278161080427222,,,,,0.9278211848931749,0.932730062151146,0.928490759712356,0.9288745943182602,0.9305059743575258,,,0.9495729565158163,0.9508667972037258,0.9500717892711154,0.9497765260352363,,0.9464174840133012,,0.9498716256564489,0.9529990849003013,0.9516805950951934,,,,,0.9495276035878095,,0.948933475689698,,0.9515813702184772,0.9505557140597778,,0.949429275416407,0.949382246283287,0.9492119340576317,0.9509726541836359,,0.949440342998054,0.9498862558835732,0.9473511421471983,0.9508097565342294,,0.9475317459201912,0.9481745150644498,0.948971911816332,,,0.9470675069849886,0.9493372844604251,0.9498253052720275,0.9475561508700031,,0.948999340307362,0.9493934705176028,0.9530023340203658,0.9477854162715139,,0.9476015506280262,,,,0.9492445566679562,0.9499431060440073,0.5608909435905456,,0.5604416817594494,,,0.5560287609887172,,0.5564884940017442,,0.5569959028422907,0.5564269601862445,0.3165369784517654,0.3155858748400628,0.31579834124499256,0.3167024483018882,,0.316027999484047,0.3158622408576498,0.31597891830896196,,0.31584661399150465,0.3157346539880061,0.314658974000821,0.3162137383669363,0.3149404527621387,0.31546946311971125,,0.3143971820852343,0.3159021089072931,0.3163405963821156,0.3165906614106508,0.3152027412671715,,0.315664710540054,,,,0.31526364442275145,0.3149391306343215,,0.3150107042476343,0.3146573388481592,0.3152561525566678,,0.31517676533449723,0.3145702784054027,0.31494259199470076,,0.3138183834152857,,0.3159072682462209,,0.2934268905344381,,,0.2935368175405865,,0.29332366280701183,0.29362645626804557,0.2947483653066244,0.2938102114521366,0.29413197107283406,0.2930257674812091,,,0.2935934660156806,0.2942724237876531,0.2938380514079105,0.29373757688587837,0.2947166130251523,0.29408876833908765,0.29443837162987335,0.29403768084061405,0.29295307071275334,0.29259628002956645,0.29345733237591776,,0.29341079156404243,,0.29335659687782417,0.29352807191365643,,0.29281506944437746,0.9310961351128283,,,0.9303926130899938,0.9341482214947261,0.9309462799439541,0.932842479769827,0.9355856606752403,0.9324668330731961,0.9284926527039714,,0.9331014261492102,,,0.9318334649459622,,,0.9342069923993224,0.934404340815604,0.9337888825312107,0.9315996280263575,0.9297821334127623,,0.9302600571372522,,,,0.9320123773890464,,0.928377596999614,0.9308959331419636,0.9309439357464201,,0.9315024227137501,0.9291959412080251,,0.9327900164808046,,0.9315212212550162,,,0.930708701865704,0.9331325903405342,0.9314891566395307,0.9334638970510362,0.9316890881950908,,,0.9323546028246271,0.9343433866020849,0.9326877224772999,0.9319272488918157,0.9318736993556231,0.9321338553772455,,,0.9315111879684551,,0.9344089204317253,0.931313832084235,0.9309396632909055,0.933459667429342,0.9319466101048421,0.9341368709612631,0.9335548179696561,0.9301404612703784,0.9317659897625163,0.933505199661512,,0.9294280099322526,0.933387176933731,0.9346451526347354,,0.9298272707744013,0.9328728064904076,0.9303115453449592,0.932026993667186,0.9331624874158808,,,0.931535445028656,0.9338321167893747,,,0.933867594115246,0.9319109973868206,0.9447124801659678,0.9420301810955164,,,,,0.3268869526628966,0.3279404325738574,,,0.5918817460522989,0.5905765185990306,0.5914277905947433,0.5902889017408239,0.591801862061313,0.15122229616724223,,,0.5445974213450547,0.5451931027704594,0.546257308317878,0.5308236963945855,,0.531092507226101,0.520676734345902,0.5172334948244697,,,0.9285045352555747,0.9203905940216084,,,,0.3013506407857138,,,0.9356724192757103,0.9336530451890048,,0.9362788295164465,,,0.9362788056753847,0.9182745993839645,0.9371113579750824,0.9376857395783191,0.5671239643422946,0.569258375300108,0.5695335215935468,0.5662890951983164,0.5672633347421675,,,0.5675883183425372,,0.5679803156583049,,0.5683183360512839,,,0.5684560417941973,0.5684335877544654,0.5684387413568228,,0.9154082805697493,,,0.9153754088467658,0.9147247903063069,,,,0.3403230745912532,,0.941741724989499,,,0.9425873883711233,0.9171309844954463,0.9148611529537414,,0.9163171350797523,,0.5766488378385425,,,,,,0.5777141556210388,0.5753396989148217,,0.575836515189989,,0.5755620420519889,0.5763716806710418,,,0.5744808127292803,0.5767507639365431,,,0.5746542064128107,,0.5741453673761284,,0.5736779558138113,,,,0.575200633628859,0.5748674542052828,,0.5738936194525774,0.5740956684927713,0.5752526589176571,0.5761110416003489,,0.5736226247209412,0.5756869679825342,,,,0.5752987401831462,0.5750862488434504,0.5759998254419956,0.5761380269902521,0.5743395187687608,0.575357906649896,0.5742163024005075,,,0.5762661799134131,0.5746064281198867,0.574203282151547,,0.574508299931871,0.5745688868081053,0.5755790972709537,0.5741050337621554,0.574222611496871,,0.9358351100746805,0.9374301190214993,0.940869190018536,0.9395580592203868,,0.9413835426307523,,,,0.9377605478346874,0.9417213343823383,,,0.3593809405372885,0.36131719642279914,0.3598777712940214,0.3610007595067876,,,0.359496444859882,0.360502099734515,,0.3607008375705689,0.36017085517839725,0.3598530829671462,,0.3607818284492864,0.3599983475895771,,,0.35993983541588886,,0.9398583856416604,0.9404807821965916,0.9384368672048411,0.9391471718484863,,0.9409780455810145,0.945050506970437,0.9276880420854298,0.9267094011115892,,,0.9280909618492158,0.9294501204885284,0.928180768616133,0.9276166350242039,,0.9274684841148632,0.9287603489869077,0.9325751324437035,0.9302406806236309,0.9272627542009526,0.3594460972027118,0.3594983523119596,0.36002257126540627,,,,0.3595777915146633,0.3604598365847447,0.36074550803714117,0.3599181925602391,0.35998270891439127,0.3609685779694737,,0.3587193978903,,0.9290483925921259,0.9327682121660351,0.9300180734680598,0.928385242389722,0.9303535339014875,,,0.93909662235006,0.9380646712271794,0.9383004190813615,,0.9408102446242624,0.9404037073405604,0.9420990988934679,,0.9413305965864166,,0.9424331950226413,0.9400994698943819,,,0.9420955191552987,0.9408509629841392,0.9395458945720874,,0.940319133820259,0.9396149239598705,0.9377490884280644,,0.937444078510044,0.9391865559529017,,0.9407910519344153,0.9363452999251304,0.9316440627145495,0.9307570614979641,0.9283518480325733,,0.9321022513117327,0.9298636081701906,,,0.9294456863953481,0.9271100112767423,0.9276439413594785,0.9291408301257322,,0.9267575602701913,,0.9291140775212028,,,0.9296903589439335,0.933359548716192,,0.9309299953170707,,0.9325830934131372,,,,,,,0.5607717001170949,,0.8800476773682484,0.8650856134460889,,0.6690431502943233,,0.32287030668812844,0.6808775911625984,,0.6794701372856059,0.6791203410301723,0.6795468656297307,0.6783932480502792,,0.6796749738964765,0.6791636741914131,0.6785276872351805,,,0.6797745170411756,,0.6788563821849581,0.6805785864209446,,0.6802535720669086,0.6800545593120916,,,,,0.68151250078536,,0.6790094985326409,,,0.678433337751525,0.6801763552007419,0.6800357709875553,,0.6788955301580415,0.6802897040755921,0.6790268612223117,0.6791927395277304,,0.6792000401446372,,0.6779843229315261,0.6809844386352956,0.6809671309052435,0.6815476143898328,,0.6777071185558794,,0.6770802531653797,0.6806981144612047,,,,,0.6791404207743542,0.6813507295343332,0.6806517410352425,0.6806510282621534,0.6784946971538807,0.6805884516174807,0.6801226045785096,,,,,,0.6783444156686647,,,0.6807685837955129,0.6768960495960551,,,0.6791567375578432,0.6794443696819995,0.6789421520722144,,0.680052779384378,0.6795828080963467,,,,0.6787815760463806,0.6785175172528105,0.6791840090389151,0.6802925570815541,,,,,0.6796195295926979,,,0.6774872532865577,,0.6803887221701388,,,0.6801909570474172,0.6776476444071861,,,,,,0.6796396565160489,0.6797909860181115,,0.6775083722384435,0.6783406416670225,,0.6784032949432373,,0.681002377377812,0.6798251930292022,,0.6813202528103833,0.6797655898737288,0.6796323481951757,0.6791688046032484,,0.6788011901091584,0.6798728105020003,0.6804008559170537,0.6778558701758793,0.6770593270551599,,,0.6790066693521309,,0.6804484425413599,0.6796973427476408,0.6790314122271983,,0.6787679996871757,0.6799514882327029,0.6787403054212933,,0.6776022585200201,,0.6794524852353213,0.6793065292082873,0.6804768012666909,,,0.6793560943842802,,,,0.6790958446244715,,,0.6790673147085448,,0.6801097113263692,0.6787911259047628,0.6794337974496665,0.6796423794971708,0.6798320523254187,,0.6784749099433035,0.678477070079649,0.6800505071943381,,0.6790704662075127,0.6807281839432688,0.6782940609760032,,0.6785585042541636,0.6799656949629913,0.6319623189327872,,0.6324161626269881,0.6031870439811157,0.8802524194832606,0.9434649249696174,,,,0.869016497125513,0.9514757347529862,
4,4,DG_8pct,16,Z20_F03,20,SLG_A,175056,181988,True,3259.249712867054,3290.7127543481765,3289.4344431782233,3627.4260014780716,3583.935109396913,187.6363075653754,16.5913564942537,1135.7657956948924,1158.6966192537925,437.75358913519216,435.62548473436397,285.32721984790504,5.188012327506398,15.55204732682444,22.74240899731678,16.913470028615883,210.70695269448356,25.98994469088248,4788.556812336512,358.1775926361054,0.7846320432181573,0.7850075220005531,0.7865637935321271,0.7852519487155605,0.8734436974396744,0.9562566097591029,0.8704343250563167,0.6771244563045453,0.678680127584648,,0.8585475010649615,0.6420783926916076,,,0.8700850930326273,0.8681296392703477,0.870179864893144,,,0.9533204036261926,0.6772002988613764,0.6766181007199715,0.6785730190965791,0.6798500083141126,,0.6788640991184589,,0.6710045808109179,0.6709170053001836,0.6812254201133854,0.6787167976611291,,0.6832785526691767,,0.680952927179782,0.6143093199734125,,,,0.6579967659623199,0.6576108918638056,,,0.6602788245224991,0.6617334843622195,0.6597608253611251,0.6588024120816226,0.6602440329680658,,0.660763307330588,0.6580382502088187,,0.6619797894399319,0.6602947952593576,0.6599193864535168,,0.6611281118395118,0.5771062366829794,,0.8783147709953006,0.9457015496764846,,0.5690001461809664,0.5687696340445,,0.5694140916485045,,,0.570033980937523,,0.5692926907471307,,,,,0.5689355251395289,0.5697470997845512,,,,0.5700871930361,0.5713462218761989,,,0.5699107249960964,0.6284420665931677,,0.6282633295447502,0.9429439825737882,0.5611995444354134,,0.5602343856600791,0.5602768708795456,0.5576276137121765,,,0.2411535242775777,0.24115966205864353,,0.24145934329173732,0.24203133054250256,0.24160558942424049,0.24215401232978664,,0.2418315638031093,0.24191787811654253,0.24194266628837197,,0.2418689683162659,0.2421395229232882,,,,,,,0.24181343742420033,,0.24263273244759717,0.24183334182440056,0.24196568096986595,0.24112351405545004,,,0.24142627916713338,0.24112308836411345,,0.24140779052351088,0.2418293851388224,0.24196858264978838,,0.2410926929550709,0.24132387369598784,0.2406934844000057,,,0.24121938257383488,,0.9313910799900338,0.9299052869480119,0.9306417330465648,0.9305217149579446,0.9306466299240269,0.933560143774878,,,0.9310984696063451,,,,,0.9301427856372749,0.9338621608862422,,0.9317603111827008,,,0.9305644097908101,0.9336988719777021,0.929828035972328,,0.9319525846297795,0.9285578871400187,0.9286047338903549,,0.932768428679548,,0.9290862946957319,0.9299797471246521,0.9312860844530653,0.9302935168254085,0.9325101378596401,,0.9302619587499922,0.9312065737913645,0.9320769385167192,0.9298654056196083,0.9288938330139124,,,0.9318472784981043,,0.9276805338216071,0.9501114519507615,0.9474578002920219,0.9510714632191509,0.949058940492095,0.9472711127510507,0.9478371735186525,0.9496856317682366,0.9502731567906094,0.9489557214175138,,,,0.9504954083237662,0.9517212143647823,0.9513149180954893,0.9491714887760979,,0.9516135868104781,0.9504830008743436,,0.9501212200622674,,,0.9501700245574609,,,0.9492930304045102,0.9449585558872714,,0.9528419733067552,,,0.9477695903529267,,,0.9505485748384354,,0.9500638110014246,,0.9481872335185932,,,,,0.9470373727265738,0.9504077883753299,0.9482128171299786,,0.9494358009663327,0.9480527061666342,0.9500767706746637,0.950688050108777,0.9501664330170269,0.5612755624400608,0.5618598295321278,0.5630765872103501,,,0.5559752972443139,0.5559297220342706,0.5557306440679628,,0.5563524094548975,0.5551268049660993,,,0.3156355953642437,,0.3152046817339602,,,0.3154196683733478,0.31505175799169016,0.3155916026422525,,0.315805324765488,,,0.3153119351719953,,0.31471774527133284,0.3150039152119452,0.3148768920575923,0.31515427529962997,0.315657535108158,,,0.3152454100873,0.31525985633220466,0.3149710392369668,,,0.314441022948669,0.3151443340320998,0.3152660665510257,,0.3144260759374942,0.3151650112855452,0.3160432827970978,,,0.3153955054973888,0.31466758022134267,0.31475290559943514,,,0.2929069420978893,0.29374303356668835,,0.29327379615446664,,0.29403376406339404,0.2937059632447104,0.29348580796217644,,,,0.29402211459215577,,,0.29233656098878913,,0.2934873275033376,,,,,0.29358342069604204,0.2941181763232667,0.29350491564876713,,0.29345113958554025,,0.29382485231193944,,0.2938498760527156,,,0.9346155310978131,0.9323535332619237,0.9308371043480808,,0.9343864573360956,,,0.9323038766322398,,,0.9352896541593064,0.9334892796733465,0.9321256353144998,,0.933110414295998,0.9329022272492888,,,,,,,0.931957776420552,0.9313476999176745,0.9300076902381568,0.9304421640639052,0.9275474227707369,,,0.9303990411087836,,0.9295485180877098,0.9309010175227592,0.9334259423872087,0.932525906374144,0.9319136369066746,,0.9311136571500136,0.9303936027751533,0.9296846283142458,,,0.9338854104632165,,0.9302896699034481,,,0.9303193583014814,,0.931092874173334,0.9331156443724823,0.9315417891365653,0.9301126978494302,0.9318940185794414,0.9322873080327457,0.9348508509096247,,0.928718114744971,,,,0.932946375593381,0.9336171137097631,0.9301162100616861,0.931358813350838,,,0.9334252958200898,,0.9348525033501764,0.9318886389999327,,0.9305169851478841,,0.9328986053708684,0.9330030713571251,0.9306410972092651,0.9330077038212069,0.9315288364087086,0.933159176313053,0.9350815690051119,,,0.9348092108711845,,0.9446093721597749,0.9435835411905626,0.942132072952962,0.3276098041067636,0.3276329852600201,0.32720497480481964,0.3273714594511381,0.3268809358383713,0.592202842599087,0.5924564315721633,0.5899809049458302,0.5916930300591975,0.5907191730368948,,0.15103102881300176,0.9668299575097324,,0.5466631319661199,0.5462734470048224,0.5442413069130436,,0.5311185946941088,,0.5178436306426903,,,0.27606768940238896,0.9280413458864029,,,0.9310954088049861,0.9186393441464252,0.301252060172533,,0.9170852670081646,,,0.9357852012622797,,0.9362144128056042,0.30665679622433617,,0.916606535658781,0.9382358988294323,0.9389940279107868,0.5697733165673085,0.5682511659384185,,0.5680852740447611,0.5673704015249216,0.5691516542384734,0.5678944849227481,0.5696974240778312,0.5667813570812187,0.567229119617264,0.5688370563339985,,0.5673910349785417,0.5684258631959377,,0.5690003189151424,,,,0.9154624253596314,0.9143918976872932,0.9172592548615182,0.9150688211877958,,0.3404088887123494,0.339880420606828,0.33981979191592354,0.3403282306985814,0.9451027173158162,,,,,,0.9164620987636994,,0.5749990798936451,0.5760007684949554,,,,0.5750904040863699,0.5758933209936281,0.5762355878037353,0.5754228246834077,,0.5752804571576658,0.5748155053227895,0.5748307750742361,0.5745224225918772,0.577150978541186,0.5752884629232177,,0.5764623439306191,,,0.5769373596862036,0.5769116268939636,0.5732307927309688,0.5744979538072086,0.5740001334476561,0.5741909963934119,0.5748110885751272,0.5742433195910626,0.5746296245547906,,,0.5742627142418408,,0.5771344872824227,0.5753134149701289,,0.5740081439351378,0.5743882775900236,0.5739899856675558,0.5751646169767944,,,,0.5759432562251147,0.5767821656664098,,,0.5741487928732467,0.5756991572262796,0.5747194203676232,0.5754853293714224,0.5751594242750563,0.5742273025090248,0.5743828225314928,0.5732128462222087,0.5752867859399503,,,0.5732468236143403,0.5761858970020899,0.9392164311456535,0.9353663566629166,,0.9383573464387375,,,,,,0.9397597143390336,0.9379166498095163,0.9376693711692526,,,0.35971600823134675,0.3596316166087815,0.36051573072925086,0.3601218784376035,,0.3607628499919693,0.35961764660047585,,,,0.3610970820963798,0.3590797227221108,,0.35982908496802346,,0.35993475119793467,0.36046127920882604,0.9394488085696586,0.9395303380768831,0.9406806724513556,0.9378851491589535,0.9383124169004058,,,0.9409072336440101,0.9293832464385171,,0.9306616008533095,0.9318167459822824,,0.9243143287894503,,0.9271145884783587,0.9273019135476371,,0.9299094938112595,,,,,0.3591526591407001,,0.36026561528400347,0.3596311055688164,0.36144169158340494,,,0.35949249898098545,0.35993832906994916,,0.3608890273378941,0.35504786460922083,,0.3582129396366969,0.9288271820695763,,0.9314637978039676,,,,0.9304402534490642,0.938149270069417,,0.9397779012927565,,,,,0.9367835292921404,0.9412049501831592,0.9389588969275607,0.939839587122535,,0.9394909758423657,0.9392292300521193,0.9364495059591501,0.9378831698531327,0.9394459650497244,0.9383810763595394,0.9409321947175151,,,,,,,0.939283739694082,,,0.9283452826712123,0.9298507108404466,,0.9310307301974377,,0.931155242542931,,,0.9310668100205145,,0.9294557574471726,,0.9323206853637198,,0.9292684750746668,0.9273558536802159,0.929785136130005,,,0.928915468997784,,0.9293870809959814,0.9314753102893881,,0.9275612889314396,0.5586021673971209,0.5580758135308698,0.5594709318779122,,0.5589224536084382,0.5597053071327086,,0.8690155111247355,0.6681003446782259,0.6709134283197646,,0.3235409470297803,0.6789330792003273,,0.6782505920994705,0.6796608529997794,,0.678351909517435,0.6791896595904204,0.6787196904917583,0.6768205718427092,,0.6788611850940127,0.6796170378016042,,0.6790524028588709,,0.6799124134232573,0.6779056113581189,,0.6783737021107233,0.6795039664288246,0.6792058422349736,,,0.6799008337006214,0.6782454499640072,,,,0.6813852322296302,,,0.6777446078319682,,,0.6803764169353476,0.6772839137997333,0.6799912462028167,0.6797244677566233,,0.6795084003503333,,,,,0.6775323824722785,0.6781234578207435,0.6800658402077239,,,0.6789931491240436,0.6791866577423595,0.6802807593539731,0.679189891129859,0.6795684280425351,,0.6778253862456529,,0.6785220320236246,0.6796006542647686,,0.6783829101703286,,,0.680256581038077,,0.6800959945940791,,0.6801208852149246,0.6792762539578746,0.6785642048529807,,,0.6794823697409197,,,0.6796422340695247,0.681868582131532,0.6781625869562851,0.6793325071062546,0.6783091976929697,,0.680362127164126,,0.6782384735601347,0.6816903624308471,,,0.6794542597653841,0.6818550740977981,0.678527060459587,0.6805048096445963,,0.6782280917345591,0.6776156047051269,0.678948944449285,,,0.6802740214966266,0.6800915513340773,0.6789741014167896,0.6780979673338428,0.6786448876237893,0.679646131022833,,,,0.6790823054303576,,0.6785884541005164,0.6798901293685787,0.6792457668662394,0.6796690911686596,0.679305983768086,0.6791162868983354,,,0.6785743404285834,0.6782299471503441,,0.6798933646627825,,,0.6782032993848458,0.6800132914564313,,0.6797391490289167,0.6794359649980473,0.6801154937422853,0.6794843586921862,,0.6765677376857793,0.6781674351880885,0.6782069275116784,,0.6799662431550101,0.6780004356969784,0.6797698493472597,,0.6813645525149679,0.6785713561183582,0.6796541410927361,0.6802890733168666,,0.6809250004749167,0.6796714295193635,,0.6785895586157236,,,,,0.6806678382460583,0.6787697585575794,0.6799599914784152,0.679678248155064,0.6802073438474787,,0.6780282288585411,,0.6784191085661428,,,0.6772109020019401,0.6810663059648723,,0.6791220360588327,0.6802812991851633,0.6797655086697643,0.6320342469193094,,0.6343405425720012,,,0.9468658074820197,,0.641568981740713,,0.8703211192224176,0.9504567697622848,0.9501433365767563
4,4,DG_8pct,16,Z20_F04,20,SLG_A,175059,181992,True,3228.3139411477523,3273.9040979713604,3267.4644468378833,3568.1462248403345,3535.896549749277,184.88658587802152,16.71669511393465,1118.4031509907604,1145.998582828035,429.2044185733789,433.96788172197137,284.84744897722493,5.215809569657004,15.52353882325317,22.76595380415393,16.910818788521215,207.30311851690757,26.040791027711165,4707.968327212976,356.531661574473,0.7859801891607766,0.7875554405064114,0.7882946425555586,0.7896284355318047,0.8764116593909816,0.9558187296156965,,,0.6796971649186405,,,0.6458339826722261,0.6448726150745386,0.647945875608591,0.87039179606307,,0.8729144571247739,,,0.9535321739974459,0.6810040224932057,,0.679561878019924,0.6815474175321057,,,0.6734299132701718,0.6759427719086227,0.6756880726052801,,,,0.6820707025371924,,0.6810104828784354,,0.6588994385978965,0.6569670306074507,0.6576468304770027,,0.6612440950841463,,0.6616504540907315,,0.6615668913235827,0.6618505953112025,0.6611525397659808,0.6637545649608598,0.6631346219237676,,0.6624967798407327,0.6630272259139112,0.6612253250724277,0.6631799024081559,,,,0.5842606309258658,,0.880878656083615,,,0.5758288795788902,0.575127405917618,0.5740007229486445,,,,0.5751078176786976,0.5766938354693768,,,0.5743805442884651,0.5760111484600224,,0.5758542762419476,0.5743262916287359,0.5757789791447638,0.5749719434761784,0.5763335978182054,,0.574233599639622,,,0.5741884582464304,0.629923796837166,0.6291699938399383,0.6281836941631146,0.9468312973011288,0.563506887390867,,0.5637038681406712,0.5631091902623937,,0.5627081955589246,0.25150211750376555,,0.25115008286834617,0.25150159916065196,,0.2512792365394881,,,0.2511514523298583,,0.2513534808217699,0.25139293420216224,,0.25183888080610206,,,0.25079025532800875,,0.25166552157674577,0.2515458885268345,,0.2513679163935072,,,0.25001592725735305,0.25114395928517647,0.2523567824423046,,0.25092757779609975,0.2520857931390764,0.25089639007333076,,0.2504455739103182,0.2509598170276493,0.2503674577249862,,,,,0.2509884724697514,0.25168389030268756,,0.2515475905012476,,0.9305409152171856,0.9314505360991491,0.9332339338349334,,0.931026205415086,0.9288924796104048,0.9334371105520096,0.9329445495565294,0.9306786668555026,0.9306965869986806,0.932984685459454,0.933767947401327,,,,,0.9364688389665696,0.9338256230294752,0.9345684895571624,,0.9295812435345963,0.9325082074499446,0.9343999345322243,0.930303085188493,,,0.9334089044333429,,0.9307624630077255,,,,0.9309503843666497,,,,,0.9292710794898659,0.9292773002168793,0.9316541451136852,0.9311655081486281,,,0.9332747837568656,0.9497768716002699,0.9458147154544632,,0.9464373888931953,,,,,,,,,0.9477044496900511,,,,,0.9483261583025446,0.9477957198240815,,,0.9525198866910723,0.9483617222963378,0.9478690265763725,,0.9483075387756094,,0.9478188652424713,0.9489452984008796,0.94552904662147,,0.9483774593977631,0.9507690794347197,0.9502752961051076,0.9526272260186788,0.94785592827165,0.9501206045313632,0.9487624792709879,0.9508894371169357,0.9510616726677577,,,,0.9485242202402777,,,0.9495120467172585,,,0.9489960777794004,0.9465745110879653,,,0.566077918825137,,0.5638876851300281,,,0.5583507837208701,0.5595074164438703,0.5587997752012126,,0.5593180104776662,0.5568754374245056,0.32446259080671014,,0.32410265224386364,,0.32473219740369796,,0.32516401525587013,0.3230727640960365,,,,,,0.3242999553672361,0.3238117736965837,0.3241683307566163,0.3240559566689774,,0.32416250758398973,0.3229164222863119,,0.3243714299786091,,0.3246379427028566,0.3239066399599748,0.32304352595111996,0.3234159206364693,0.32384091345583205,,,0.32385759628061256,0.32368920141810426,0.32328393265797645,,,0.32428264209260177,,0.3232099271540135,,,,,,,0.3026571065024916,0.302843224937816,0.30208526211930437,0.3016259854734105,,0.30291684351812115,0.3026912709130504,0.30265140567579446,,,0.3028548770567871,,0.30224314839797944,,0.30271662673290334,0.30196797928749985,0.302873569856906,0.3036688934057134,0.3025846764652445,0.3023850495812586,0.30211568204646505,0.3023280967434777,0.3024762514447015,0.3027830118799295,,0.3028579594128972,0.30205021101105994,0.3014773168204818,,,0.9334709917538462,,,0.9320973124499071,,,0.9345009604795452,,,,0.9344652637157704,,0.9313852486773729,0.9342794995605044,0.9331447116146991,,0.9322992408857246,,0.9342122823967247,,,0.9325029635526969,0.9340343650529961,,0.9308735401639453,,,,,0.9321341029449881,0.9303750986905739,0.9279882952171647,,0.9316523248449605,,0.9290830535910665,0.9325617881703131,0.9329341218262658,0.9323618946935969,,0.9303428072323338,0.930615616692289,0.9329142797269985,0.9317395923124681,0.933656793502719,,0.9334992160440656,,0.9331739460009307,,,,,0.9310566131244176,0.931973900195624,,0.9328172787112786,0.9326101836972654,,0.9361668558071435,0.9301805998144792,,,0.9326775497478297,0.9338875815664079,,,,0.9331005694052471,0.9320328701295588,,0.932818161196658,0.9359198850931209,0.933417977953341,,0.9316414095520076,,0.9328500627219837,0.9343772317332084,,,0.9354220762522991,0.9335729735510286,0.9324015797623965,0.9418496840755545,0.9458168675925347,,0.9426155471599458,0.335415677273456,0.33568369701287265,0.3363036773604713,,0.335938053079438,0.5956529669261241,,0.5933731545527461,,0.5911111325225467,0.5942103901001347,0.16134260732302083,,0.944405390421819,,,0.5496504132628341,0.5328087612005067,0.5329170200940804,0.5329739361502724,,0.5185425133979257,0.5191817228118575,0.28513177616298624,0.9271877238879035,0.9212361645656121,0.3050257167162457,0.9324539033027643,0.9186212707498448,,,0.9185677405371081,0.9354565824941339,0.9370448415381102,0.9374487132543415,,,0.3144618807397816,0.9367753574513762,0.9181103633975543,0.941208513105696,0.9405893399103998,0.5709368626097137,,0.5712507720532102,0.5714079220556628,,,0.5713917424554738,,0.5711877178566462,,0.5712663154777715,,0.5705419488573146,,0.5732346039872482,0.5719718642715217,0.5698115821995003,,0.9167332903476002,,,0.9177124552065312,0.9180278614695422,0.9179970490994502,0.3483305315865148,0.349566989587527,,,,,0.9432173438860207,0.9443194322267519,,0.9197056543437945,0.9163346347385496,0.9177243473346327,,,,0.5793372503638339,,0.5789141041192891,0.5785092709065843,,0.5773361018431409,0.5771496947013852,,0.5781988785623466,,,0.5781796140903638,,0.5797705741392869,,0.5785887375324132,0.5793013718374841,0.5784563273689121,,0.5791063787539966,0.5791610660855562,0.5777332192403852,,0.5776133153222801,0.577010747954267,0.579524403392483,0.5779092167754765,,0.5779277211378105,0.5777016540838057,,0.5782668978389183,0.5784668117801288,0.577570589465348,0.5772423029436559,,0.5787883142677505,,0.5783426274738468,,,,0.5769363899029152,,0.5766551957572656,0.5779916775147126,,,0.5769241607474834,0.5784093778669602,,0.5777183309260103,0.5789685216056676,0.5761859115554053,0.576331631878855,0.5765006132770296,0.5762996313775097,0.9383343645049999,0.9376742570885817,,0.939565608009179,,0.9362031071611723,,0.9399553162780127,,,,,0.3678209823351683,0.3679468871824378,,,0.3679557621709875,0.369186179010261,0.36798558332193393,,,,0.368470630273047,0.36645316625084934,0.36803439931431714,0.36760670266690143,,0.36833435453892666,0.3669846485256422,,0.3678986268716831,,,0.9411972782271345,0.9415844044111529,0.9377461184360044,,0.9426722302171407,0.9416472802237351,,,,0.9289272037894479,0.9267556640009517,,,,,0.9286779072307303,0.9294815504262679,0.9309723817050373,0.9300814696855187,0.9302790209215268,0.36731342774859904,,0.36676837533794554,,0.36808270087257383,,0.3667141840039853,0.36752205606949473,0.3673529993193004,,0.3683394834512787,,0.36345061149808056,,,0.9317017111430238,0.9316256375514245,0.931014704476581,,,0.9301146331740179,,0.9383304520090936,,,0.9395387475330109,,0.9372986166237455,0.9369356845674012,,0.9398936269262339,0.9398064809013407,,0.9406313743552932,,,,0.9373734581861147,0.9392602102456272,0.9377786720293214,,,0.9371272742425314,0.9405787848888032,0.9390299455400187,0.9398888963595261,,0.9389763544769072,,0.931433211132301,0.9341221571208056,,0.9333388908005145,0.9316970214244217,,0.9350195125455717,0.9325193765629121,,,0.9312786830528978,0.9290851337942975,,,,,0.9318043241844454,,0.9302920400024636,0.9301556724412834,0.9326430448631418,,0.9306308201763811,0.9299470706051184,0.9296218577740203,,0.5627085722749473,,0.5621192151363799,,0.5623244411903556,0.5622379820586968,0.8806205943316765,0.8664787827348825,0.6721256067064062,0.6690846365031918,0.6738414266305819,,,0.6814183407759073,0.6829488303124165,0.6831585222610966,0.6815160031534772,0.6830861418684311,0.6815256585360564,0.6801604300078237,0.6817478221714487,0.6829833525676667,0.6806093424401811,0.6816661790528349,,0.6816570008727811,0.6824833176920041,0.6844495846456098,0.6841966636149606,,0.6818160545320321,0.6812631503837476,0.6797115432259605,0.6831581984279984,,0.682577286672482,,0.6827045717844009,0.6820682143474714,0.6828525483252007,,,,0.6835476849269753,,,0.6823798025850394,0.6824475798298997,0.6817127105990142,,0.6819722158007959,,,,,,0.6821894244422487,,0.6834106002684674,,0.6813807325538779,0.6801506028286946,0.6833621661434144,0.6829947298367256,0.6823930992113841,0.6817946925922606,0.68232115315646,0.6839953021864306,,0.682297271814195,,0.6842208716778633,0.6820633136474902,0.682069368439865,0.6815279863562536,,0.6801599902009752,0.6800618892958994,,0.6825577588068154,0.6811415266950449,0.6826386788384525,0.6826641942231033,,,,,0.6826928389735183,0.6819143195757368,0.6808396785490939,0.6836659030623121,,,,0.6814777933230138,,0.6814051998361437,,0.6843155975808177,0.6819885854050056,0.6844933831766579,,,,,0.6818159878330818,,,,0.6807665820233959,0.6831353743108286,,,0.681832980996869,0.6819448431148611,,0.6838029817707235,0.6818148963207923,0.6822159190021572,0.6819505786040427,,0.6810873852079425,0.6834408328050258,0.6824096145802849,0.6812459304044728,,0.6825508438760353,,0.6831950900982093,0.6794171457065118,0.6838755682220965,0.6825425097727164,,0.6808644226056239,,,0.6845495557934884,,0.6835204238387442,,,,0.6843861288788354,,0.6817176332704435,0.6813319301292792,,,0.6819690159510287,0.6832820773116814,0.6821764699611378,0.6841522604054957,0.6804789045359758,,0.6805801543932631,0.6810766140292782,0.6834181352780286,,,0.6813675198217394,0.6817851416177022,0.6814793433173804,0.682774951214154,0.6806827472583954,0.6823251181297825,,0.6839878883735752,0.6828446072975874,,,0.6820964330966154,0.6829414027996374,0.681081330199879,0.6824055014945711,0.6828981350453116,0.6815785495816314,0.6815574437044774,,,,,0.6378190576588352,,,0.8785258564490854,0.9461069212608668,0.6434145625016618,,,0.8722768593315048,0.9488330035620656,0.9529123185311167
4,4,DG_8pct,16,Z20_F05,20,LL_AB,175058,181992,True,4044.7110997833797,4077.3842044674575,4067.4977874534047,4157.411554731166,4167.381088512623,141.25744599183128,13.356165795044115,801.9469701202232,800.9955865257801,299.07951531690117,299.4913398497417,196.19346933047632,4.212974685066295,14.14865659360826,20.95172296166553,14.143098600632682,167.427999336518,20.04622455976786,4659.668340857059,252.1893717731411,0.7268539741692794,,0.7258066872232901,,0.7220779614948359,0.8758337348601667,0.6525154275854006,,0.5729961333751651,,,,,,0.5663887385134373,0.5649423509686453,,0.854992012573084,0.8514738390515955,0.8555943156442675,0.5721573882746206,0.574012517351665,0.5736615637263364,0.5734744803562112,,,0.5695170507576333,0.5702046428927782,,,0.573862573593532,,,0.5766919699945153,0.5736484356393974,0.6279296224057038,0.5272741907656529,0.525127840567727,0.524926619932649,0.5157455614848291,,0.5166307946627243,,0.5185135272493554,0.5168394805615595,,0.5176559140819569,,0.5173715577796979,0.5176440124608133,,0.5174631200235438,0.5176271249810186,0.5184328310903837,0.5185169109735895,0.516825548627301,0.5171442036782034,,0.5966393826481027,,0.8495839436959752,0.5887590690416803,,,0.5898612672689807,0.5894820331661255,0.5868377333527309,0.5910291294567493,,,0.589743440614533,0.590175811917116,0.589442798427971,,,,,0.5896277752464723,,,0.5884217786483878,0.5889720841400331,,,0.5884925378365331,,0.4720076431019953,0.4732058186256966,0.19517926885257625,,0.17501865233290065,0.1750485617703405,0.17460726452191608,,0.17482325725004547,0.25335593378559407,0.2530782661670899,,,0.252601575804763,0.25416028338179325,,,0.25236554898921887,0.2538507334258637,0.253421727852672,0.2532496916833768,,0.25329098295891966,0.2534686206603245,,0.25377250317686373,0.25294010309142423,,0.25322247709694445,0.25317954636630857,,0.25238554990034034,,0.25306750280179124,0.25341133722795844,0.2528106159167339,0.2538267822839067,,0.25321412555276557,0.2535699222228416,0.25296438710616054,,0.2538376715361909,0.25329764354953577,,0.2528566685171819,0.2531836852758967,,0.2523362015482462,0.25219428006831923,0.25274681032160773,,0.87188300162106,0.8695980161506741,0.8715926813200137,0.8661707375243343,,0.8706993163394724,0.8685968029988782,,0.8713223680985978,0.8692754782662754,0.8689860960820277,,,0.8699095705740383,,0.8706791675336625,,0.8716965382532549,,0.867231650971931,0.8675554712850506,,0.8703885463027711,0.8684167145202606,0.8664172795281522,,,0.8685422170416742,0.8666689312706102,,0.8685840687108008,0.8701484170147151,,,0.8705885030573638,,0.8689389146311555,0.8693945035374212,0.8676065591716348,0.8691911366459085,0.8709878681591915,0.8682322508370824,0.8712204339781163,0.8705381840877158,0.8674651684409159,0.1958090927015138,0.1961690359425814,,,,0.19650521463613663,0.1964438163197795,,0.19671708319938108,0.1959768109430435,,0.1956464933730021,0.19604382736835546,,0.19557748709467124,0.1965141396950111,0.19641980392312286,0.19663626407256926,0.19642247106114843,,,,0.19578900309200095,0.19569701224007338,0.19576383671052913,0.19606343659352946,0.19640825952312263,,,0.19682620252944613,0.19627526194742065,,,0.19585253422515775,0.1962922692809453,,0.19658287757684484,,,0.19638186282234626,0.19645502374513257,0.19615063571361624,,0.19621657772830375,0.19582156889710114,,0.1957319542385657,,,,0.19565979764234032,0.19584833931972678,,,0.2038701382195235,0.20380031899372963,0.2867733975790654,0.22662560583579192,,0.16554080857778622,0.16552271736048557,0.16577642659395508,,0.16580843167054532,,0.31276580507330054,0.31354530608383374,0.312334165424186,,0.3129331896592219,0.3127279296097106,0.31277452472546574,,0.31284582187774057,,0.3136003397575821,,0.31210162321465595,0.3126085811123779,0.31257862571378986,0.3130186275476959,,,0.313194704322358,0.3133298307237637,0.31359393611684094,,,,,0.3132013917391381,,0.3120577855875134,0.3127555844200477,0.31297863909491935,0.31279768900158206,0.31323054428253316,,0.311845944216685,,0.3130663157767107,0.3132259466814477,0.31399321592668883,,0.29435524082644293,0.29364110627672313,0.2937443075196618,0.2941409717211308,,0.294446626780285,,,,0.29479762741793986,0.2949430841417345,0.2950054147859461,0.2950656842538793,,,,,0.2942929982634946,,,0.29522260906098396,,0.29380794949248973,0.2947342674782006,0.29385196508615874,0.2942148437269117,0.2950940397259363,0.29422084783940433,0.29461958942407146,,0.294356300759422,0.2946199321555075,,0.8686149072447721,0.8693481494117089,,,,,,,,,0.8694132717030676,0.8711062640355169,,0.86987134195194,,0.867293350406167,0.8699171078672076,0.8698126728214461,0.8692786069133936,0.8725427962514243,,0.8662452020212715,0.8676968819150483,,,0.8665682234096664,0.8629840773882134,0.8644498673318277,,0.8660239041394419,,,0.8647954850540542,0.8665285071813675,,,,,0.8652273440155824,0.8655634203946395,0.8681568362025973,0.8649867896318026,0.8678373043047997,,,,0.8641021138646608,0.8649110419665906,,0.8646948042138225,0.8678520207561838,0.8665307117748683,0.8644082442437951,0.8643965065377256,0.8643714217065556,0.8673013576050714,,0.8691474712943875,0.8667955329156857,0.868610799190737,,0.8687703495421143,0.8704685326561082,0.8694878382532115,0.8718316386357814,0.8698824559683939,0.8686406439205395,0.8729100165355221,0.8697892299051804,0.8682686870772952,0.8704353419633672,,,,,,0.8690326703883213,0.8698586406138268,0.8679897065758088,0.8679991689937374,0.8697364664750339,0.8699583155742164,,,,0.2828338038040513,0.2834743282650425,0.2827810459256819,0.2828655688090878,0.3222523123886341,0.322653124618515,0.32330412253900515,,0.32239085776744025,0.24372143915947472,0.24298461967397283,,0.24309581176220782,0.24299806795586346,,0.16508392140810346,0.12689277527653736,,0.00470060488151917,0.004689940290026225,,6.292379135202999e-05,6.274426864960822e-05,6.288824434152467e-05,6.1018128344125906e-05,6.09085619628151e-05,6.109512922166355e-05,0.2983166173629584,,0.8160456629057284,,0.22190744859893288,,,,0.8038154178503248,0.2293597519591658,,0.22977847610134036,,0.22975410540571312,0.32781208316923394,,,0.23642806486921747,0.23676899059447665,,,,,0.16873724791265454,0.16874833975137687,0.16883046064617632,0.16839528831309344,0.16896007746587588,0.16849817403306364,0.1682412238150252,,0.1685524021598828,0.16861958171838703,0.168673300575978,0.16855353976440388,0.16909495497618737,0.16877781341763406,0.7886293499793319,,0.7895440553168802,0.7872948303982082,0.7865925734886123,0.7903606326812057,,0.3626443241326596,0.36135440915005484,,0.2583282416819485,0.25789870518330715,0.2578214204598242,0.25811139724419735,0.7841431380793208,0.7819072435765961,0.7813516237528385,,,0.17095479571793992,0.1710749097643535,,,,,0.17055330774944835,0.17093903577632047,0.17139072833957952,0.17123380101278102,0.17116211784929797,,0.17056191276369487,,0.17087239183069794,0.17072704899177343,,,0.17088751415409056,,0.1704677187587823,0.1709998812318801,,0.17059461188897412,,0.1700974081270054,,0.17066666513446205,0.17070766353768846,0.17064373948478515,0.17063848957122685,0.1703656139060784,,0.1700009472414518,,0.1706509274221498,,,0.1707022848992359,,0.17054153577497755,,0.17079717728688934,,0.17040379186901933,0.17034544001007237,0.17070652762932104,,0.1701464746349636,0.17043591484753667,0.1709092454319734,0.17026165870586213,0.17067236334601815,,,0.17098122404905655,0.17055866621137292,,0.17038190205077663,0.31553849134863177,,0.31624181308437327,0.31500018100785954,0.3150272756567831,,,,0.31552065785969907,,,,,0.34985737640426134,,0.34949925604789095,0.3496705843620135,0.3518126728422765,0.3504111632976021,,,,0.3505795758475479,0.35123362457629403,,0.34963708783328623,0.3495856510595428,0.34965797936638937,,0.3492862891048842,0.35070375575160945,0.3163364575601618,,0.31669011398355823,0.3163552949673769,0.31505789018202235,,0.3161867134952917,,,0.85885324525413,,0.8592067449550959,0.8607579917259827,0.8569268144702988,0.8574950989679162,0.8609458367149715,0.8565284817389855,,0.8592347007001084,,0.8596677159017371,,,0.34998454788433775,0.3500398341337183,0.34967103917072334,,0.35089532474086127,0.35005710398783646,0.3516498358335607,0.34973049904236153,,,0.34927055320902584,,0.3504008367501563,0.3478172232857941,,0.8595932211145045,,,0.8625319509230965,0.8582382457855775,0.8603552765708073,0.31539984200804894,0.3153011599532511,0.3161533497623762,,,,,,0.3161859727356122,,,0.3165597134699665,0.31620298751049253,0.3158367114610846,0.31609410114258424,,0.3155868426076379,0.31559872711510817,0.3164646489656694,0.31573680414865685,0.31663144103404267,,0.315732132824552,0.31552225082399393,0.3162286376206882,0.3159201566450964,,,0.858302909513565,0.8607117368242363,0.8605601302065713,0.8623785998700718,0.8597864886205078,,0.8606364875250679,0.8601419639708346,0.8623216178924829,0.8584837348022101,0.8586616680153092,0.8621243682882793,,0.8583992651743693,0.8608057772700098,0.8604889124555467,,,0.8583073457146606,0.8602897527045016,0.8603954298114818,0.8591258992026451,,0.8587630872846982,,0.16588752274876276,,0.1661065344198057,0.1660780499707148,,0.16631891171990235,,,0.5318701312376056,0.5319790666896421,0.5323390465121595,0.3454837189805981,0.5733136702795707,0.573394637433821,0.573114880308748,0.573129183970106,0.5729440031296494,0.5739968819181778,0.5754969566805438,0.5743172069899818,,,0.5724542324737528,0.5724428816078604,,0.5738378359466461,0.5747209687658322,,,0.5728897853816837,,0.5736482199536829,,0.5734177079183381,0.5738867633001467,,0.5748764661814657,,,0.5723068995565193,0.5741638610544673,,0.5731394096272943,0.5740568474982384,0.5739510886847635,0.5739586232368193,,0.573908158132845,0.5730327068131138,0.5757172296208027,0.5741138534058604,,,,,0.5742939415430593,0.5726697308609049,,0.5743150783232819,,,,0.5748752329374995,0.5741965093661926,0.5733060019647802,0.5734374112424987,0.5726295584597846,,0.573477870936549,0.5732887520627984,0.5738179532743779,,,,,0.5752377965548099,0.5717836908318025,0.5732577515513512,0.5729284223183053,,0.5736299554641564,,0.5736812996049111,0.5725153138727634,0.573591382080075,,0.5728413403159284,0.5739016364405907,0.574724775491226,0.5746623191604417,0.5727569684920514,,,0.5751795659194351,,0.5739497986634613,,,,,,0.5738902827435486,,,0.5746796236343472,,,,,0.5735611179805156,,0.5739033729040085,0.5734058126706919,,0.5739774344591142,0.5735504300540434,,0.5737938974636075,0.5754686574042402,,0.5733030437035525,,,0.5741981730764022,,0.5736545069468972,0.5748957847470938,0.5731911326369926,0.5721677306502119,0.5756808683822654,0.5734730629754472,,0.5734685331553486,0.5742093329248921,,0.575186105993827,0.5742796327191609,0.5730290286867858,0.5732554355456655,0.573655347204504,0.5732887840308076,,,0.5749565217140833,,0.5729630491910327,,0.5737154321920203,,0.5763892078677683,,0.5742182057125297,0.5723520341342428,,,,,,,0.5727112861129349,0.5738548834051521,0.5720457425137806,0.574559746316879,0.5726406738932511,0.5730583711002949,,,,,0.5733998935646335,,0.5737540040751002,,0.5721513146502941,0.5730250038369797,,0.5751863438321089,0.5727328921740382,0.5745870159962012,0.5729851745908189,,0.4878438785527174,,0.6173573593146825,0.5303028430387583,0.8482709316312935,,0.6625834297820536,,,,0.8539338460718499
4,4,DG_8pct,16,Z20_F06,20,LL_AB,175055,181986,True,4641.857416153915,4664.820285418704,4626.0132565478725,4753.752378460839,4738.943388021759,169.13937228399377,10.928066173243169,894.4668381626951,899.2238119527349,328.1574052052986,329.9486927124683,213.90245547695378,3.4284543676842807,13.06611589184741,19.62584833163379,11.957902807463645,209.63908326567847,21.985909915335917,5402.892444073094,279.1999202195261,0.6981856465547857,0.6968625892801451,,,0.6929348918192965,0.8550894804769316,,,,0.5183366822358481,0.5073081998865356,,,,0.5125496594024292,,,0.8223141814737174,,,0.5176363316042549,0.5176862075442993,0.5180000351151526,,0.5195103746657738,0.5190758265905441,0.5146971882007597,0.5135631918402473,,0.5189495098747937,0.5193234046282366,0.5180364650596399,0.5189398877375873,,0.5193533740189781,,0.46562712495763875,,0.4645072602547799,0.45180004754690956,,,,0.45090365438825153,,0.4537927502183536,,,0.45168600148062243,0.45355017894737465,,,0.4526553486384396,,0.45254973799495507,0.4533314179317414,0.4529028741226592,0.5163250543531541,0.5178687860973596,,0.8187825151430866,,0.5058147720401497,0.50607401774044,0.5067417673570492,,,0.5068030969525029,,,0.5063407074302436,,0.507515022272411,,,0.5075374052106455,0.5078675874362766,0.5070725679773089,0.5074373301598798,,0.5077485469340872,,,,0.5079679841313952,0.3992172528417432,,0.3996242761238679,0.08628768858425453,0.06156711313465719,0.06134577969989843,0.06138483346421662,,,,,,0.10428090220809964,0.10454859918707265,0.10438321463041242,0.10440527194796888,0.10453256647071714,,0.10410690726376158,,0.10444878873398707,0.10424589172152383,0.1043187776211575,,,0.10425534229178234,0.1045375290146035,0.10433973132254275,,0.10412202949952841,0.10437970681969776,0.10437835993049233,0.10422422828260298,,0.10413947686684358,0.10430025453038061,0.10437494701967319,,0.1044839756808929,,,0.10397579171189969,0.10416137708064764,0.10456738449548246,0.10418964019226441,0.1042077569538622,0.10403449721487656,,,0.10423881044848668,,0.10469744164301724,0.10426891140823111,,,0.8414106531248505,,0.8392750045126974,,0.8384784908171364,0.8374889758094097,,0.8388258218266811,,0.8381474702391523,0.8383934944075164,0.8362902872806499,,0.8375952636405296,0.8394163453921814,0.8376628843222941,0.8377368961580833,0.8397777681103865,,0.837485566758181,,,0.8390731875152551,0.8385627408184031,0.8387561113305809,0.8393604513497327,0.8372362904392923,,0.8384756425099738,0.8371506629186115,0.8373513592185845,0.8382282696161764,,0.8376009693793002,,,0.8401568061802752,,,0.8383738777551526,,0.8365456276562677,0.8376204193984724,,0.08667863898175647,0.0867642640398845,0.08714378259623756,0.08696320053329766,,0.08681603089338899,0.08728681007745384,,,0.08700450519486283,0.08709590966567468,0.08686431079514484,0.0868347430425359,,0.08681477998686145,,,0.08711441533203264,,0.08722548170509507,0.08722766752589961,0.08712021113276258,,0.0870226498783999,0.0869661091393094,0.08656877821576583,0.08676154122255339,0.08680462131603521,0.08710086512394996,0.08713712874282226,0.08703478417561616,0.08687986812991542,0.08683013270456036,,0.08685373779903532,,0.08714129289893811,0.08684204402095151,,,0.08674551529370618,0.08674331061042823,0.08679617506043057,0.08687278398400489,0.0870337232068509,0.08692668942599238,0.08670603061755189,0.08680034493996734,,,0.08683385382467809,0.08692127570659985,0.0989658787427442,0.09884829945292244,0.09873886760899811,0.1479982031803081,0.07389803078606436,,0.05025644441022083,,0.05029284783572867,0.0502210327065457,0.050072452872273986,0.18173144229814056,,0.18172972682312827,,,,,,0.18171667196068936,,,0.18167487935194745,,0.18168990930734913,0.18159338510841289,0.18148058497306815,0.18082714195499952,0.18074315439055882,,,0.18130231058559393,0.18123396910937922,0.1814361561510167,0.18132598433803424,,,0.18109651641636904,0.18097335518092197,,0.1811628759587566,0.18196319263972474,,,0.1811107219262331,0.18143375813013093,0.18116310285945778,,0.18118952511937933,0.18226381089679727,,,,0.15793923995904466,,0.15827811850707174,0.15777013380086033,0.15782982801850765,0.15759425514703945,0.15800833831473574,0.1581074771323049,,0.15868372147267332,0.15757238077846836,0.15815026996544643,,0.15839806491448466,0.1579233467403548,0.15802873076185106,0.15820539005996964,0.15794762045463812,0.15811214539626914,0.15793643165193955,0.1576328679585348,0.1581990513037008,,,,0.15746167775926456,0.1578434125980991,,0.15822447032910567,,0.8345230075218679,0.8335800135927596,0.8331037798878883,0.8361749254151705,0.8362579153132867,,,,0.8328470424247998,0.8351072748600151,,0.8369243824774553,0.8370201555776869,,,0.8385059091232332,,0.8380573640426444,,,0.8357432621894191,,0.8369322005368338,0.8385013444481245,0.8366902517304333,,0.8325871432087171,0.8310985668185017,0.8319455578638432,0.8312549577723694,0.8305993670414107,0.8322197095602145,0.8341317815066301,,0.8310411841453622,0.8321064691782692,,,,,,0.835035359280977,0.8327770272507637,0.833247886749652,,0.8356737160238566,0.8336813512814696,0.8331448806248164,,,0.8330486920158983,0.8327489082884131,0.831538075598218,,0.833302719117594,,0.8324846483182713,,0.8363898358373053,,,,0.8380447478483145,0.8388872924114359,0.839836765337372,,0.838348048707104,,0.8370556994368012,0.8386178925623278,,0.83940438996365,0.8368152919323226,0.8389807987508068,,0.8387154375289352,,0.8390505330365043,,,0.8379803553035767,,,0.8387866823659217,0.840601142776022,0.8391885256711942,0.19310931356708524,0.1927145532873657,,0.1924106612540074,0.1935325618073934,0.19354157683374779,,0.19349999108420898,0.19327746351806327,,,,,,0.14872306601515767,7.039495279883285e-05,7.447077364403718e-05,,,6.910248693962117e-05,6.874327501549134e-05,,6.64788021374617e-05,6.649987611722278e-05,,6.487977869745079e-05,6.49910275491118e-05,0.16038774172007764,,0.7766252827064357,0.18351576476516315,,0.7613887277006736,0.18940188442527153,,0.7564863071804739,,0.15629116137698157,0.15594622750567202,,0.15599303824561006,0.19468958696210276,,0.7554402875751491,0.1659950940399457,0.1660570530506048,0.050994099785340016,,,,,0.051051579157551666,,0.05100364478148674,0.05117426766366152,,,0.051137000102264595,0.0511089058785036,0.05115801269606266,0.05109207964012617,,0.05092492637917573,,,0.7364113744873523,,,0.7366008291684717,0.7436869713708607,0.23559859765169294,,0.23572272854980633,,0.19596147187284682,0.19603473980182742,,,,,0.7319687411560476,,,,0.05175266955226681,,0.05177677510224677,0.0517965971096643,0.05180210910668859,0.051661754138941834,0.05181417566969184,0.05171927032244266,0.05175934179401531,,0.051805157446348324,,0.05178191274067901,0.051680548671339886,0.05192893524029574,0.05183230704004725,0.051773288961164315,,0.05174573043233288,0.05186319521262899,0.05182804613661636,,0.051575624421742544,0.05177895229192124,0.05168213186348482,0.05174090457551986,0.051609968864863444,,0.051809049830001154,,0.051713333384085736,,,0.051726235249591475,0.05163919563922134,0.05172000144186821,,,0.051733022322036325,,0.05173953907515979,0.05171125183638388,0.051776973699374604,,,0.05149093868097903,0.05175752537185925,0.05159299991036076,,,0.05161372347532774,0.05173994851758839,,0.05174127806808361,0.05171104618301758,,0.05172768676644346,,0.23133220592989281,0.23176167589370916,,,0.2311586614293662,0.23196310292976793,,0.2327855488889618,0.2321478201571372,,0.2324010450415958,0.2320971894866422,,0.23169225821407352,,0.23163498086028073,,0.23083853306026542,,0.2306946175227607,0.23163910806724458,0.23132999660027065,0.23159678510053294,,0.23145513907020618,,,0.23156285909468188,0.23150751680048096,0.2310412295672923,0.23074723035733158,0.23283964205444393,,0.23304710710623538,,0.23265569273510817,0.23269525294520801,0.2324005110412835,0.232378388978902,0.8250601694537493,,0.8267424722190818,0.8280993719293231,,,,,,0.8258013934373065,,0.8241797820150242,0.823620091479112,,0.23076260174081833,0.2311891332995259,0.23147508695957913,,,,0.23117768863739507,0.23159831959542548,0.23211759647285274,0.23057760930111013,,,0.22794741656638606,0.23046886848877993,0.2304330096159084,0.8264601145085166,,,,0.8264438031356119,,,0.23172516311576136,0.2331505815423717,0.23292369338198052,,0.23164851812755113,0.23152602001971073,,0.23160012420165846,0.23285460427056062,0.23185583658504877,0.23224968410675845,,,,0.23227604936665563,0.23259644654157555,,0.23290970335457273,,0.23273785660433044,0.23222142881491933,,,0.23239367855652304,0.23271177272606078,0.23305522933193504,,,0.8271282856320676,,0.8277403148731582,0.8272284829389122,0.8264674758360975,0.8300997359507702,,,,0.8242012890548034,0.8246335122494383,,,0.8257946561622501,0.823252757978691,,0.826177100332984,,0.8280261511678703,0.8268239091051114,0.8241875421385699,0.8262461501909343,,0.8261244085175161,0.8275706315741724,,,0.050493701072057154,,0.05035381676901758,0.05053138820565475,0.4733153378785836,,0.47101131395930934,,0.4687789561053585,0.21439540915421412,0.51977361856923,,,,,0.5186933081976682,0.5179661942350494,0.5181658807237436,,0.5186637504686444,,0.5162474742546741,0.5169035230015264,0.5181910011945116,0.5178941763459713,0.5190368353132043,0.5180199691092714,0.5175985444619396,0.5182677237626407,,0.518586717018409,0.5188712714256796,0.5181990885796287,,0.5174691469524764,,0.5177288904895122,0.5183014550011279,0.5165172577791046,0.5192278889516462,0.5176229738820142,0.5172365703740974,0.5161797893766609,0.5185447269818371,,0.5172521528981968,,0.5188003367109042,,0.5180512261642465,0.5175918195898127,0.5166133758226804,,0.5177175396753195,,0.5171124737922821,,,0.5193556196455542,0.5170727298779522,0.5162126889761246,0.5177926676729492,0.5178569135132389,,,,0.5181335410982681,,0.5182570286873385,0.517721598383335,,,0.517751868872119,0.5161596899168351,,,,,0.5182987228257142,0.5189844385431504,,,0.5165220392935105,0.5189126457202473,,,0.5172902561302071,0.5172004836668638,,,0.5178187533676726,0.5173548493420826,,,0.5190622334316974,0.5174491078875757,0.5178450757624079,0.5178180749635228,,,0.5175767832220622,,,,,,0.5171379188790289,0.5180195660981266,0.5180830460422748,0.5188838515913294,,0.5184807679569026,,,0.5174222893779675,0.5175418288144779,0.5173097103757563,,0.5176973235338815,,0.5172623082604623,,0.5186097004879222,0.5175936238368757,0.5177957157468215,0.5181319531427812,0.5172801153265549,,0.5163145200202259,,0.5167837023066648,0.5191588991210736,,,,0.5176877247801907,,0.5182390858692624,0.5182017676452886,,0.5177724787463199,0.5182898760292698,0.5172309992428206,,0.518492594370656,0.517968715309325,,0.5185635197844244,0.5181354613100729,,0.5183763430355625,0.5176180560206839,,0.5175399289572162,0.5172834287122093,,0.5156569466051966,0.5194935354589333,0.5178684387795529,,,,,0.5166089953169064,0.5167088599808354,,,0.5177978503958488,0.5184517655060734,,,0.5172132061843058,,,,0.5174015450328574,,0.5148765043704775,0.4202624804419475,,0.41892938790925394,0.5429698122553486,,0.8168803939596014,0.5951040816861712,,,0.5125517324855903,,
4,4,DG_8pct,16,Z20_F07,20,LL_AB,175055,181986,True,4622.143769983643,4622.383345972511,4632.15440176314,4740.397769070801,4768.885700725756,168.59995031193753,10.937721159937698,899.3951343862376,898.0487351709863,328.7625948362037,330.12241297100826,214.0040784275269,3.413597431150758,13.051618726260223,19.740601485578136,11.912640301973182,209.86118848849966,22.05506250132098,5424.122380975602,281.44166525516965,,0.6989789407289532,0.6959491888034498,,,,0.613737778817367,,0.517237098162615,,0.5074315652671375,0.5969174880740973,,0.5961712462952216,0.5135346111007135,0.5133777327489226,,,0.8202582131667006,0.821704636596126,0.5189220134583444,,,,,0.5195149728005092,0.513888110153153,,0.514815790815914,,,0.5188256522227264,,0.5189341730073264,0.5179540868736944,,0.4660027276616752,0.4657369778149406,,0.45230258909494414,0.4517910104465567,,0.4522607505708872,0.4523618476291199,,,,0.4528135361161246,0.45358413702843253,0.4524958788012146,0.4529720943038358,0.45182603001003163,,0.4520970843095399,0.45138791398103767,0.45084999908061285,0.4512373007708629,0.5153960811341209,0.518961082048621,0.4436034823207814,0.8191976586426869,,,0.5080103394150494,0.5059545480949573,,0.5049968423056514,0.5061913245992844,,0.5056936031436922,,,0.5076727418981757,0.5071357158406098,,,,,,0.5078963635667714,,0.5082099421588463,,,0.5071734500820003,0.39959468593367065,,0.39970681375833433,0.08658698864886788,,0.06133597529464735,,0.06121221190605156,0.06127904405285245,,,0.10465728660526229,0.10429003450118779,0.10435616758088892,0.10443509723045055,0.10425213266318495,0.1039902148363693,,0.10438383187407504,0.1041156818123159,0.10431427855493729,0.10445053321557757,0.10436770385219325,,0.10416418874735484,0.10421854215942285,,0.10420572478363141,0.10454167733587241,0.10461005678067549,,0.10391393536008889,,0.1043441379808253,,0.10380896872036859,0.10420428344434153,0.10419386685939638,0.10411592378801537,0.10408521261757861,0.10386342350398574,,0.1043366560707331,,,0.1040512208606512,0.10442978502447096,0.10416190040204516,,0.10441258103490116,0.1044218430045592,0.10423397207046965,0.10429509380857367,0.8386261750560215,,0.8335969255131762,0.8370015738848526,0.8363402341711709,,,0.8395714154700412,,0.8397341457539277,0.8387895298961727,0.8396718390617698,0.8378426583396938,0.8402191211695501,0.8397944778258214,0.8405614441209679,,,,,0.8372676991174626,0.839467340917659,,,0.8380574222071415,0.8404185766761763,,0.8378309519514241,0.8391184686944011,0.8398429789037514,0.8361609983208945,,0.8381279090995943,0.8374881569404125,0.8379124095680746,0.8383032661746576,,,,,,,,,,0.08693176668352062,,0.0870745670560842,0.08697947840960654,0.08687970622097146,0.08685903442158166,0.08692373629167624,0.0871507787064783,,,0.08713087629826421,0.08676898394810484,0.08744301841714282,0.08693242197978424,,,0.08704784384794051,0.08713460845661124,0.08694579987798971,0.08712083547138388,0.0872250356289942,,0.0868881552888749,,0.08680879258709537,0.08687484909957673,,0.08699734162842243,,0.08680981454059379,,,,,0.08686731909406828,,,,,,0.08715168897262363,,0.08680201570298644,0.08704370515682862,0.08695696856047815,,0.08670326890376644,0.08705674047991091,0.086883374073402,0.08692451052391774,,0.08697797233892023,,0.09898825568944405,0.09867826900907489,0.0989937272721011,,0.07399445463285975,,0.05018682924002414,0.05029734462336358,0.05033728655559631,0.05023125272275539,0.05022366591394332,0.1814787501619476,0.1816947383142192,0.18110036984439498,0.18115653868206089,0.18137021156653876,,,,0.1813328853155809,,,0.1811982274841196,,0.18127952114640916,0.1819291891135562,,,,,,,0.1809743844827097,0.18154459100178114,,0.18142726823131322,,,0.18138047041380015,0.18117707381708067,,,,0.18178266388591394,0.1810780458192132,,0.18154536203311708,0.18130600339917366,0.18142607217087175,0.1816518303385015,,0.1583689376942217,0.1575015842206643,0.15841467779398807,0.15818101076491461,0.1579602972515633,0.1581811976312335,0.1575816972479474,0.15843907926067416,,0.15820882481857856,,0.1577128887736766,,,0.15837265623790525,,,0.15775450390860155,0.15836047827520983,0.15786551020268003,,,0.15788436489512597,,,,0.15765750360420516,0.1577996395082154,0.15815613949293367,0.15831043538852388,0.158068613347911,,,0.8344130147395495,0.8357392528666624,,,0.8353526039271895,,0.8326613206203336,0.8346372434346528,,0.832140964730424,0.8365921420181212,0.8412352349826473,,,0.8362756471414325,0.8360757438248924,0.8388620784138135,0.8382467192087106,,0.8370335214477094,0.8383845470056548,0.8338799450684203,0.8359967403428938,,,,0.8316780634227242,0.8319284042215469,0.8322023585073436,0.8301283581805851,0.8341587128526339,0.8336264612869311,,0.8321080680525108,,0.8321037547226099,,,,0.8317099518780442,,0.8343099960663061,0.833531603987843,,0.8331733731604075,,,0.8353759966320881,,0.8327917210975142,0.8332150026994627,0.8341080470781432,,0.8312983762801817,0.8335851783814954,,0.8379283125770554,,0.8375356964980406,0.8389292122233846,0.8361297460625547,0.8361739525974351,0.8386344194030413,0.8368092834252419,0.8394981156003536,,0.8348992635626679,,0.8394356103841158,0.839645406886499,,0.8357000481027258,0.8396361747952483,,0.8383223967996359,0.8351867262662525,,0.838931836741158,0.8417065756230577,0.8404234595561223,,0.8384815192593655,0.8395728493031263,,0.8407083745594969,,0.19282826319360666,0.192769074604884,0.19264395149196722,0.19379123775894327,0.19366610661780348,,0.1938766622698341,0.1934865839798622,,0.14843638232307632,,0.14879245688439316,0.14853107932120213,,,,0.8827468962126771,6.882540967836815e-05,,6.892311925696893e-05,6.681599823021148e-05,,,6.477544568121606e-05,6.478361378001993e-05,6.482920913944454e-05,0.16029807279042352,,0.7751496856180227,0.18353239389415982,,,0.1892312772035986,0.1509623130954513,,0.15616023458397726,0.1564551799820972,0.15647691608424746,,0.15587140490914328,0.19454460172265062,0.15585558978175246,0.7553402524652456,0.16645432443165367,,0.05107889754767814,,0.051102584601328334,,0.05099458296150277,,,,0.05096506355153799,0.050927621169634944,0.05103004876763829,0.05099707377002623,,0.05107948352525025,,0.05119354192712673,,,,0.7371298051598404,0.736272862338597,0.7376809919191769,0.7376228262581898,0.7406809457408091,,0.2353809762932672,,0.23538009207619123,0.19629022703514695,0.19643714479519236,0.1961123688105659,0.19599610879676613,0.7284419600118769,,0.7319813830583926,0.7297856753914861,0.051743000466489886,0.05167888782929364,0.051773706868938174,0.051689657270009355,0.051849754531893395,,0.051685216853688265,,0.051800070134880236,,0.05178765762128195,,0.05180834450361971,0.05166238055760136,,,,0.05184883343928999,,,0.05182930131512545,,,,0.05176885971091768,0.05179103584076484,,,0.05172781931488226,,0.0517613425726453,0.05169371289499173,,,0.05169153504360569,,,,0.051617272344242425,,,,0.0518061001107117,0.05170389975950314,,,0.05170161772456441,0.05167404093478356,,0.051748387430688894,0.051736900674179846,0.0516506785511545,0.05170357473047192,0.051696937858864055,0.05164974907210019,0.05192408228560122,0.0515937979793427,0.05167501927276805,0.05174082125075869,,0.2316669115679577,0.2329751563535485,0.23160409319176894,,,,,,0.2317534845803069,,0.2321258398723186,0.23169485415088933,,0.23095202541241755,,0.23149147490709293,,0.23159192159435954,,,0.23083546887201933,0.23168725467248735,,,,0.23091615267385723,0.2301155960964444,0.23032297800764734,0.23118857220537214,,,0.2332001551970971,0.23319782244370899,0.23147357661271611,,0.2323900698875152,,0.2328046682209442,0.23234548402610034,,0.8271863917618592,0.8266827727874014,0.8261516408044369,0.8262721940495784,0.8263588730383645,,0.8255169251194403,,,0.825410428977118,,0.8273134802403961,,,,0.2306039375698408,0.23064939759724873,,,0.2312795570925551,0.23172983194458657,0.23116526969993073,,0.23089469085168374,0.23082731827175673,0.22775095659890976,,,0.8295514035877793,0.8275589559929732,0.826743033216003,0.8276733481318884,,0.8293574338274033,0.8243622672786763,,0.23316837239542437,,0.23238953502572943,0.23232219013630756,0.2325391784621306,0.2321585216638012,0.2324413794349791,0.23219700236615598,0.2326352084388491,0.23266794653227352,,0.23223609897476463,0.23262411700677874,0.2319017743002026,,0.23262943319006543,0.23244958752777126,,0.23278355865055128,,,,0.23225540020761143,0.23231585185838433,,0.2320850006876981,,0.8277117908632764,,0.8276101928722388,,,0.8289099405805844,0.827333594920755,,,0.8255055839917668,0.8278004731147149,0.8243104573118493,,0.8270376135624127,,0.8273789061059129,,,0.828261264041895,,0.8254436346079601,,0.8276766871534559,0.826929873355256,0.8280383711906738,0.05034098726314044,0.05044241369957536,,0.05047937156407011,,0.05037650380966759,,0.5391543024377977,,,,,0.5173214287482513,0.5174645901874688,0.5168846674594848,0.517913352922479,,0.5175839569718704,,,0.5184828981970624,0.5156773745528185,,0.5167157198789789,0.5194486846014965,0.51898109435982,0.5175080338997293,,0.5171713155726154,0.5180702009461922,0.5176420620947596,,,,0.5174602626548132,,0.5176739292701787,0.5176338522193493,0.5184992183707866,0.517315898114363,0.5180016837066718,,0.5190865681018126,,,,,0.5177687017591068,,,0.5200968993140676,,0.5181439809137873,0.5192088453172771,,,,0.518121312850403,0.5176088782141539,,,,,,0.5171948654996854,,,,0.5155789877865683,0.5175968476338693,0.5178952420640367,,0.5177044432478971,0.516056516484872,,,,,0.5171287168054908,,,,0.519612095984709,,,0.5162654117463761,0.5178990514931106,0.5188355428115228,0.5184360834494867,,,,,,0.5171604761920243,,,0.5171859405712655,0.5183828170596347,,0.5170470800289082,0.5175039101005021,0.5167530025858634,0.5179996880249041,0.5168932528494421,0.5179450790232186,0.5179694754633585,0.5183640102443914,0.5188143450808931,,,,,0.5175172914104074,,0.5173694739013557,0.5176938027256883,0.517689808166038,0.517050217046078,0.5176484506587079,,0.5167775544336323,0.5183721740419963,0.5176234544897262,,0.5151197264918407,0.5177663956521109,0.5181387826727382,0.5179812129360594,,,0.5163991950033648,0.5187301123699543,,,0.5175198361652461,0.5179379247966699,,,,,,0.5172653751647006,,,0.5166530129633372,0.5167150794606388,,0.5188996638107588,0.5184441142667483,,,0.5180676866741754,0.5168099022465326,0.5189734787912619,0.5185851031238782,,,,0.5166096031619882,,,,0.517792350011151,0.5194628436043217,0.517665825178737,,0.5180747506752947,0.5179110167142973,0.5181678250070415,0.517519152970816,0.5184564005750996,0.5170241775174745,0.5170639284502516,,0.5176323457632438,0.5169781314231447,0.517547723280551,0.5195772472817164,0.517726886380952,0.4208957492646485,0.4206574052881215,0.42029717004172185,,0.47089510170364607,0.8170383328736301,,0.5964935311309831,0.512143700855478,0.5131436758786082,,0.8208286567068938
4,4,DG_8pct,16,Z20_F08,20,LL_AB,175059,181992,True,4054.3843058543166,4083.1046173048553,4086.5480950494034,4157.340037929141,4171.088952979899,141.63870677105456,13.327044797567266,802.5648431047979,802.0727729580693,300.23621988620556,300.80467616382657,196.41663683777216,4.213197848791983,14.13227034866162,21.02388620890232,14.220500211442655,167.3816040587989,19.95285734029731,4662.9097188428605,252.30026904221558,0.724433243176411,0.7282258697050271,,,,0.8773155955452326,0.6521366749984567,,,0.5731617556043074,,,0.6625198126664456,,,0.5655137118918392,0.5648408764387743,,0.8544112550362841,0.8561409085855816,,0.5735964480837697,0.5729808331645315,,,0.576899271950219,0.5682528636574313,,0.5696233735400088,,0.5750585698927971,0.5747076589541018,0.5751601304631293,,0.5740967511765726,0.6277013576629803,0.5262368367568409,0.5262934691756748,0.5257695473333384,,,0.5153687507546464,,,,0.5179617058473412,,0.518306730301867,0.5183078396697339,0.5169124565744134,,0.5179030322323581,0.5193196526951842,,0.5172531830885383,0.5171394160638105,,,0.596033700935137,0.5051843400357041,,0.5875808031016715,,,,,,0.5890202231386442,,0.5896964616928156,,,,,0.5910135561048222,0.5898676088742362,0.5887212342778522,0.5892429142282579,,,0.5891478592803042,,,0.5896601259270465,0.5893959839539439,0.47283594158871284,0.47222588584309627,,0.19503663613173175,,0.17509288259988412,0.17498643721351978,0.17479747131758713,0.17507828805879194,0.17490301524612106,,,0.25353786738887046,,0.2530710312919758,,,,0.2527660348180748,0.253515086217383,0.254045204274188,,0.2538021666623338,0.2536565152428197,0.25314496891885874,,0.2531878446352641,0.2538091003143546,,0.2528367691088763,0.2524831437835185,0.253067309236171,,0.25290212824646,,,0.252442865851831,,0.25342135280526346,0.2523566917352224,,,0.25334899898720603,,0.25334200085326264,,,0.25296448962701723,,0.2528734013443539,,0.253332099089285,,0.8698044809943363,0.870941782610327,,,0.8706708800127148,0.8703999163147722,0.8680198675079542,0.8699689150297201,,0.8701716052176446,0.8677674994995138,,0.8677882415867848,,0.8692415020089789,,0.8709679005206437,0.8705430353971845,,0.8683514310069169,0.8691878223755806,0.868884220943266,0.8695983580703198,0.8689614360484421,,0.8692890587381656,0.868219718698195,0.8694520239553073,0.8687202182284713,,,0.8680528588556847,0.8700386260972602,,,,0.8685015475537016,0.869795512632295,,0.8681629252614068,,0.8699237515825685,0.8671516888782522,,,0.19659578047733237,,0.1954512071126352,,0.19660571140128286,,,,0.19635511728179145,0.19650671516894996,0.19554321883713496,,,0.1960856982865897,0.1964643756706928,0.19677604889976955,,,0.19610353282642612,0.19615787534368473,,,0.19620519413531895,,,0.1962861248494039,0.1963097358060434,0.19608717619473895,,0.19600532526078793,,,,0.19589655715813853,0.1965381192873622,,0.19653172298030688,0.19596987110784628,0.19642745179014937,,,0.19678305003003643,0.1964241031065467,0.19618655332027787,0.1961153534362551,0.19634396855037997,0.1954828549592935,,,,0.19644718259256114,,,,,,,0.2290142768583898,0.16567071261023084,,0.16563445792885215,,0.16566354699347877,,,0.312061290962204,,,,0.3126840566380908,0.3133505392526734,0.31286460806993555,0.31291018991021285,,0.3134180799506217,,,0.3125168023904706,0.312529144102255,0.31322271625426285,0.3130617227932136,0.3137332593626304,,,0.31302763778147835,0.3131865511977922,0.3117735314122646,0.3124893639287107,0.31263703099057644,0.31267817529003106,0.31281615137968644,0.31238817064597413,0.311851820257043,0.31196170608226564,0.3128929333538889,,0.3126832673979262,0.3127446423377896,0.313025226104915,0.3121200443534013,0.31199816004935577,0.31313873815594484,0.3125699435268739,,,,0.2949182654093244,,0.29429416731026603,,,0.2952771086513431,,0.29404439804748356,0.29426855059130397,0.29463755847570483,,,0.2947067820490585,0.2945258731787122,,,,0.29558363763461526,0.2957473709954588,0.29468326611883894,,,0.2945592691913114,,,0.2940723205533857,,,0.2949943212205947,0.29495049018771735,0.8641966031246938,,,,0.8679174075131684,0.8649697641717778,0.8667717827905296,,,0.8653603845622633,0.86840957502027,0.8696098656793266,0.8712643828575909,0.8676206913154912,0.8716818793285322,0.8705538122365023,0.8671998600219217,,,0.8691032130519666,0.8709320282987804,0.869639688130529,0.8691502367915191,0.8698589416424437,0.8688985313900581,0.8645016051935582,0.8634836954237375,,,0.864688805540446,0.8661143433512795,0.8657268740974782,,,,0.8646197540397516,,0.8650884172262708,0.8636776956775221,,,0.8645049856539858,,0.8678800875149469,0.866555131303304,,0.86528318188614,0.8647494859655364,,0.8670848861470456,0.8643562239625239,0.8666326012705655,0.864931761562742,,,,0.8655001589176166,0.8681879037561125,,0.8652617463111795,0.8684509684306261,0.8727845521862763,0.8686576457192005,,0.8692501321961661,0.8721541217151869,,,0.8697972272195313,,0.8689872628889507,0.8673975354160519,,,,0.871190314625049,,,0.8697218060605918,,,0.8725718613730347,0.8719423926393026,0.8669631914085744,0.8696664062012127,0.8705606792674933,,,0.28276045284899964,,0.32286234743605263,,0.32273474916671757,,,,,0.24347420662074068,,0.24351951663448215,0.24273773373411428,0.1654433560139607,0.12710731479770793,0.9012313530477828,0.004677150322402746,0.004682616538858459,0.004690511720529425,,6.23909290037142e-05,6.255837194423247e-05,6.243042863436735e-05,6.260675607123221e-05,6.257826340421291e-05,0.2981981851241844,,,,0.2220385307673654,,0.32280279040970833,,,0.2297160857072229,,0.22944243155330854,0.2296096048615665,,0.32720074940517324,,0.8014005282164419,,,,0.1685920219010164,0.16911254100126533,0.16877909164336447,,0.16902467013931982,0.16836079941945412,,0.16846378652175945,0.16828808545053023,,0.1687009247684989,0.1685670606567702,0.16916143048691262,,0.16902116737721007,0.16846373953396493,,0.79147884035229,0.7931093693673957,0.787943062268821,0.7870563979239027,0.7879417469338812,0.7903253095621566,0.3616789744580039,0.36193297391234924,,0.36111100995190637,,0.25854842555771695,0.25852797314989345,,,,0.784248158901108,0.7835702524401528,0.17069704932487426,0.17102547904735257,0.17063788598934385,0.1702729310253883,0.17160537132859324,0.17090179361430335,,0.17110804449283062,0.1709367873304066,0.1707515477336831,,,0.17092894736392264,0.1706711128038238,0.17050352183681816,,,0.17105177079831543,0.17049140376678287,0.17080637935332968,0.1706861387725247,0.1708103321946004,0.17064023598232353,0.1709975043234367,0.1705613677057683,,,0.17088932736659201,,0.17076084475205944,0.170994952438702,0.17115848257089206,,0.1707826054897661,0.17076640961212838,,,0.17151234836556006,0.17090310088046232,0.17058263639836665,,0.1704073531640388,,0.17041697626019686,0.1707984072399766,0.17073780484803558,0.17001708161609175,0.17093565687292891,0.17101033168267035,,0.17108219807807,,0.17051624875801075,0.1707946524345717,0.1708042403737717,0.1705476252832113,,,0.17062278323447402,,0.3156197999331185,,0.31572224169737506,,0.31567054370682207,,0.3153004682191402,,0.3157388591161325,0.3141101595348586,0.31525379281656873,,,0.35018268112774537,0.35141279649209906,,0.35046932541477116,,,0.3506688134937377,0.3512634202606021,0.35017027390391137,0.3497155380981745,0.34972985169806087,0.34954599112430124,,0.34969350155801676,,,,,0.31575441963185485,0.3155973549298083,0.31579611269762387,0.3160282014996792,0.31520690946291413,0.3148209502114819,0.3159095200635283,,0.8575667223105807,0.8612900358293757,,0.8595888516601485,,,0.8576559025274316,0.8592247880561604,0.8592931405230728,,0.8620682438053269,0.8588448356526937,0.8610918218204165,0.8605130092571276,0.34944953238591586,0.3489859658145821,0.3503577174640467,,0.35092723046742375,0.3506457203752641,0.3498530783631235,0.35073676811714705,0.35002590406688733,,0.35038011128303037,,,0.34931212350069557,0.34943374177250236,,,,0.8618872210975986,0.8600638057795877,,0.8627267951968374,0.3159917309353237,0.31596244744796725,,0.3163185218237024,,0.3158412216527616,0.3152714885784979,0.31680196368055186,0.31575776481321977,,0.31466467191782077,0.31627836851408664,,0.3153442824033659,0.3164221257726602,,0.3165265659878366,0.3150152066356387,,0.317081605930323,0.3151446918879786,0.3158317565793165,,,,,,,,,0.8615608370094313,,0.8616819765137422,0.8605542655453787,,,,0.8592216155151544,0.8591817558071931,0.8578482214863573,,,,0.858995864001779,,,0.8598262758036591,,0.8598547697363519,,,,0.8607829527236921,0.16646782568834032,0.1660880500544961,0.16659409020190916,0.16677407494881552,0.16723663170100997,0.16643065834586068,0.5296702234567955,0.5859483361902985,,0.5328640203573909,0.5314765296720447,0.344519397124961,,,,,0.5745297034706184,,,,0.5749792848172409,0.5719800803232441,0.5744039141424109,,,,,0.5746398994694847,0.5728862318123102,0.5742489707473559,0.5735714366284194,,0.5716497853384148,0.5725172383016186,0.5730681248947478,0.5736749559959726,0.573145667370661,,,0.5732447146344375,,0.5736334995097695,0.5747797659021278,0.5760115611424522,0.5751338624506147,0.5736908748322305,,0.5727072674079839,0.5730289854165966,,0.5732607790281988,,0.5745138350675839,,0.574861853568918,,,0.5727085050881676,0.5732534481564726,0.5738655768965855,,,0.5738150484203662,0.5727340886978695,0.5746887249909933,,0.5739820696770004,,0.5747845148852803,,0.5754522537471302,,0.5746553850483778,,0.5732636407827639,,0.5740332577531011,,0.5734979934444009,0.5746993493241981,,0.5746361634812783,,,0.5743476867844292,,0.5726119038521815,0.5732874456713637,,0.5726841631320206,0.5749977838013288,,0.5748402419370593,0.5726255907222917,,,0.5724495946739749,0.5744136731890163,,,,0.5729607092347512,0.5734050462679463,0.574591704526639,0.5739724476622328,0.5719215353405627,0.5740982184626352,0.5734147635092792,,0.5733707165241277,0.5747032070684905,,0.5757762715047974,,,,0.5740570573095769,,0.5731796692358978,0.5744008848748687,,0.576579588313086,0.5738475238664476,,,,0.5739189625066239,,0.5743412271126952,,0.574477186759518,0.5739182447164183,0.5747414892941065,,0.573666841300089,0.5731857565723313,0.5755138837944939,0.5733694670840344,0.5739218209317691,,0.5737622916687629,0.5724619450595999,0.5736981507575737,,0.5729032407844066,,,0.5722392043910673,,0.5743112377129249,,,,0.5737054000032765,0.5752725463241913,0.5748437630265124,0.5749901945450362,0.5753972249468899,,0.5743822933879298,0.5728437592140911,,0.573961461835545,,,,,0.5742459678080121,,0.572288886450554,,,,0.5737967955648404,0.5740008974061475,,0.574632302066133,,0.5735847381986205,,,,,,,,0.6639470510107744,0.6636798535089514,,,0.850708258008556,0.8525712885750849
4,4,DG_8pct,16,Z20_F09,20,3PH,175056,181988,True,4302.403026570868,4362.602903892251,4344.963827115625,4432.152684060191,4449.702461687173,18.69950237025504,3.367449396948929,100.95702992491367,101.57497592967987,43.10632206293123,42.927494181287685,28.811027712927693,0.8620118739225076,8.746982795703172,13.006745953555216,4.3789456659682005,11.96064346064914,4.519586435280202,4566.581713963725,29.67290539675768,0.7285836130806405,0.7269316483324694,,,,0.7315553533677496,0.660278237862114,,0.5705333573060778,0.5694352710558309,,0.5764176092862298,,,,0.5763738502932721,,,0.5754220303887055,0.5758655216918521,,0.5701371215652226,0.5689518196789001,,,0.5715062066398874,,,0.5637979866388612,0.5718655257952102,0.5706926996977613,,,,0.572736467278271,0.5404065410762975,0.516951017622642,0.516801648701151,0.5171363890904063,,0.5131934673035823,0.5131989755062643,,0.5146858006177548,0.5149493889462025,,0.5143569085043914,0.515414703006004,,,,,,,,0.5141943268113083,,0.5105463408815091,0.5095027406818219,0.5098112693707912,0.5079820903288186,0.5036862073211416,0.5019173622535283,0.5027299722049927,,,0.501528960018578,0.5014304950818523,0.5008312895628986,,,,0.502450315247552,0.5023739296558726,,,,0.5038916356417297,0.5009798197464621,,,0.502348364650741,0.5011484889188752,0.5031050287863666,0.5013900925814321,,,0.46855206031314606,,0.1670845173049749,,0.1671651090039573,0.16716969823968308,,0.16668926459058253,,,0.1693373488917827,,0.16906373808811262,,,,0.1686916122621522,,0.16959223504313517,0.1688848721550116,0.16892521026494803,0.16900820694681856,,0.1685706446818753,0.16930088509309021,0.1689460063703861,0.16929079989667478,0.1687938838228715,0.16867897237493285,0.16858123466949151,,0.1691748580811544,,0.16879122531136972,0.169112931542546,0.1689940329135009,,,0.16916689402475765,0.16919068623517347,,,,,,0.16918423951588005,,0.16872743354518457,0.16828884004060676,0.16917414208842252,,,,0.16850989647091918,0.1686160428287919,0.16828822667436852,,0.16887722320414586,,0.1686788274441136,,,,0.1694259560873485,,,,0.1687820348787679,,0.16900715945800016,0.16888005015628574,,,,0.16872440612020628,0.1689392263317194,,0.16843409864866082,0.1686775330053779,,,,0.16917793351242608,0.168747855351696,0.16900906292387755,0.168627160178367,0.16916168866522127,,0.1693839983231576,0.16915753773033146,0.16874702349552245,0.16812367619346624,,0.16846510886672253,0.16829415751628368,0.1687946424602106,0.16875075463323982,0.16896430602059134,0.16871237036883138,0.1689061946789586,0.1686755849491143,,0.1691553418069616,0.1687638860068617,,,,0.16817955865469825,0.16901855916286374,0.1700682724609481,,0.16919058357703778,0.16892798553454003,,0.16867436876545305,0.16877530803401464,,,0.16903660907352205,,0.16910001510729752,,,,0.16929584876385387,0.16888984626726497,0.1689470393867892,,0.16862445630239534,,0.16902211359389213,,,,,,,0.1693093049074457,0.16888761449493866,0.16865086131080284,0.16907128376039623,0.1686208588866124,0.1689533016990187,0.16837806746569886,,0.16882296788835716,0.16908035661398524,,0.16858229908136999,0.19409914738818962,0.19358755590977514,,0.20877602695980155,,,,,0.1585886980849268,0.15847269842218348,0.1586165183533589,0.23254046037660597,,0.23204027975458233,,0.23219861895331406,0.23226060537312845,0.23201548846434686,0.23145486815191607,,,0.23200007681854862,,0.23222257776196456,0.23189709394927946,0.23247488585588033,,0.2319724406835966,0.23275241765147717,,,,0.2318756615597998,,,0.23164805668554797,,0.23223381205360996,,,0.232013480039469,,0.23148678788933139,0.23219374865764966,0.23152369168053377,0.23180432311096574,0.23300522571977914,,0.23222834126925043,,,,,0.21593216766923917,,,0.2161916429252128,,0.21590648407617666,0.21631707177063494,0.21663739944248317,0.21626507878051782,0.21619604400984951,0.2164799704155649,0.21556232217895283,0.21654322898803716,,,,0.2162583459737371,0.21544371706649992,0.21548535802739532,0.2154214750322799,0.21662123998469035,0.2163099303795583,,,,0.2163156458768497,0.21624739372596696,,0.21695995219132783,,,0.23187209460651642,,0.2324712282733244,0.2306806746172924,0.23159659370837415,,,0.2308277114812252,,,,0.21584330409277364,0.2155285778005441,,0.2157824022692641,,,,0.21598763018331907,0.2149864666019629,0.21583878022622374,,0.21561187729278292,0.215361491272113,0.2153723591213623,0.23160148981823162,0.2321571603179401,,0.23161596750537122,,,,0.23215140710796597,0.2315219528393226,0.23142433366582318,0.2320822681559365,,0.2317319924686976,0.23169017674403453,,0.23125500219483863,0.2316711151214285,,,0.23194800322272077,,0.2315608602256343,0.23194044239320324,,0.23179434218428788,0.23168994653948063,0.2318597721335801,0.23114133402802295,0.23169623221191363,,0.23207683938779095,,,0.21581190009063567,,0.21568148225232894,0.2152805482409734,,0.21648561306351252,,0.21544435187308275,,0.21596484965765939,0.21613035099798628,0.21547402925870207,,0.21523492031954894,0.21605201184603973,0.21615839456115532,0.21620878977687777,,,,,0.21585328576532692,,0.21506929945727377,,,0.21558280183685782,,,0.2408682570017712,0.24071961708656628,0.2403495248988713,,0.24034901141502266,0.24023209976626492,,0.23582563496050718,0.2362116092924909,,,0.23537204809448836,0.2358163958536078,,,0.11306570022891778,6.230778891511852e-05,6.225832301439145e-05,,,6.078077281321927e-05,,5.898207737337931e-05,5.9082348235344065e-05,5.9036564438182244e-05,,0.15964480789782926,0.15979599551821103,0.1613666630325913,0.16166313089346876,0.16147828846896092,0.16222615843648583,0.16162534235574522,0.16160300836339148,0.1620324479967838,,,0.16189957911389147,0.16282248643583752,0.16279398847963597,0.1618776343591324,,0.1627789028207606,,,0.16197089185155794,,,0.161970915296612,0.16196160151893446,,,0.1619486201937141,0.1623966923814673,0.16202710139990695,0.1622081653435873,0.16254589332252734,,0.16199619383111746,0.1618121329304709,,,0.16389916103266555,,0.16364428716666646,0.16414436106730748,0.1640187264066315,0.16324728157291482,0.16439507785169732,,0.16484088722256235,0.16486328871830172,,0.1642879939593014,0.16450059820705104,0.16504328606855304,0.16441182766644324,,0.16434739664430786,0.16466827450828536,0.1642564391792036,0.1637750767497719,,,0.16435116932068936,0.1638985720011984,0.1637498469627252,,0.16403801789175523,0.1637491989781426,0.1644773028502905,0.1639668848748683,0.16437446769732839,0.16379938255288223,0.16422319274338418,0.16399923293299168,0.16386277595192797,0.1639019769468293,0.16436647914244934,0.16427079283293022,0.1636816709655831,,,0.16383048764369082,0.16375281871820402,0.16387174884269926,0.16390650840394919,,,0.16372951034274633,0.1641310105304958,0.1635626384525133,0.16389292670640318,0.16396890963925673,0.163469810737202,0.16361325646197608,,,0.16395418063703307,,0.16438015338936407,0.16393126806386826,,0.16380428267513267,0.16388196100710348,0.16369139038795513,,0.16390295102875557,0.16419354239031633,,0.16379396473361135,,,0.16407670748239173,0.1643306979754364,0.16414139011893011,0.16352720675373195,,0.1638280930992787,0.16403379188692388,,0.2702811259581261,0.2704221701602377,0.2702233258526359,0.2709362778983601,0.2710787553779716,0.2699187748545271,0.27089844411045316,,0.2703426593335357,0.27041031697517653,0.2709016693957923,0.2706874807190789,0.27075496532049453,,0.27039254207200836,,,,0.2711672021639076,,0.2707881827321751,,,0.27048752985727587,0.2709272878179921,,0.27034364060539695,0.2708558141078023,,0.2706585354353394,,,,0.270797057237382,0.27120612105966746,0.27104042911572657,0.27128012599653667,0.2720288542642098,,0.2697078837288872,0.270680528424,0.26916048211816174,0.2695871218549387,0.26973326145398746,0.2699265336634826,0.26982787570914557,,,0.27065430864258555,0.2702063143227629,,0.2698410719457492,,0.2697652557644968,,0.2702469726004818,0.2701191201817973,0.2705479928490075,,0.2711568160390286,,0.2709812338625912,0.270609358025376,0.27117807412151884,,0.26954825842500635,,,0.27093858549242106,,0.2704702130328493,,0.2703640215943455,0.26994346749428977,0.27048470983222683,,,0.27117320120168115,0.27050201405848456,,0.2710990872404437,0.27107178337937776,,0.27019416237346394,0.27105615903107844,,0.27200667743953016,,,0.2710188210403726,0.2710341350917343,0.27229784256272666,0.2713838386373079,,,0.27014956351108815,0.27143548593828454,,0.27088568171241173,0.27112818665435345,0.27044765797461356,,,0.2710260347191523,0.2709823128930795,0.26986482745472345,,,0.27119599241224535,0.27127560325855127,0.27117861533146015,,0.2699031330404902,,0.2703979939671174,0.2703582781827247,,0.26951383688730407,0.2711308834124507,0.27060069217122545,,,0.27093144555963344,0.2701217518374523,,,0.2705080322798536,0.15976546109051867,0.1594513825852288,,,,,0.5308205041421854,,0.5276304907275455,0.5277733502902155,0.5282519064766368,0.1631909069016837,0.5723736231150237,,,,,0.5717607796854458,0.5719373856574452,0.5733837637256063,0.5707985338640682,0.57348904621302,,0.5727619054253799,,,,0.5712072930794047,,0.571864022607264,,0.5735142022744901,0.5719136476445865,0.5718790140879849,0.5703997571531835,0.5713680750059097,0.5727721311854712,0.5705917114918264,,,,,0.5727087531322265,0.573113960399162,,0.5712655905074209,0.5721737946716815,0.5716652586104765,0.5733251264908136,,0.570683636903179,,0.5712801508937986,0.571556730241263,0.5726400392629664,,0.5724461458305246,,0.5731816197479199,,0.5730907647149974,,,,0.5717980936501937,,0.5733185708683727,0.5731787861745012,0.57293786301528,0.5721880474704826,,0.5722907534286724,0.573207293054958,0.5734035362767286,,0.5738304437316419,0.572834743530134,,0.570854815084613,,0.5724881711827507,,0.5715567199042032,0.5730820725456623,,,,,,0.5730813214240982,,0.5720302023963091,0.573215890702949,,,0.5716028076638432,,0.5708128089252906,,0.5739212447875165,0.573086957854614,0.570554987454434,0.5714354047950804,,0.5723779464931841,0.573399753736911,0.5735872828205463,0.571464505200875,,0.5732617638556325,0.5723264557059846,0.5731752977548613,0.5738132956999997,,,0.5724683578450853,0.5732159131282564,0.5725249051218628,0.5729864486905314,0.5730618183881819,0.5749146662078077,,0.5711241527529325,,0.5722636250339989,0.5724423066793304,0.5726160718284597,,0.5701249469217313,,,0.5726053748719032,0.5718119744553357,0.571147113582665,0.5730153325345437,0.571939370137462,0.5723750759598322,0.5695114352074186,0.5710669679195627,0.5732702416721215,,,0.5722629288846054,0.5723505693656868,,0.5718637192128925,0.5705495655696693,0.5721246280631854,0.5720603281685365,0.5707536570607287,0.5714090786823721,,0.572723458296892,0.5740556028210797,,,0.5730479052254019,0.5729473761462207,,,,0.5718601204973168,0.5708971007551631,0.5714426342603338,,0.5746545018019602,0.5719071109673302,0.5697971745896085,0.5724384631383667,,,0.5720710370838845,0.572087869049108,0.5717909594528221,,,,0.5731633619779734,,,0.48333024878171543,0.4814846618080466,0.4817969321510874,,0.529317568022218,0.5305875226013455,,,0.5759709417378955,0.5781744370863038,0.5757676224259526,
4,4,DG_8pct,16,Z20_F10,20,3PH,175056,181988,True,4301.930138750618,4357.237070959302,4342.076829774025,4453.84817815739,4450.1263857359645,18.661345236763356,3.352358394725407,101.05594047413851,101.99019252455501,42.90609144872449,43.3079903113326,28.544724809714847,0.8599019045709102,8.712145442182388,12.94460552030641,4.39671518737977,12.02634162282457,4.519734841689827,4553.174085385627,29.592018139972733,0.7288093250926488,0.7275824278937595,,0.730038177759565,0.7311976275730501,0.7309934720963914,,0.5696857218283057,0.5705137763263413,0.5686719772312823,0.5713468308655711,,,,,0.5773962769399903,0.5778448956682527,0.577193157548659,0.578054212908817,,,,,,,0.5716510734247633,0.5642656592710261,0.563380015707562,0.5654162084276868,,,0.5721537481607799,,0.5723994271091889,0.5715987014994516,,,0.5181367595122628,0.5168062259940432,0.514785797919816,0.5134272120675484,0.5139851709159428,0.514834643601477,0.5157183791775588,0.5136923978256547,,,0.5145760208253906,0.5162582959804557,,0.5159372244211614,0.5158068102271937,0.5153534624826959,,0.515748450048079,0.51462859744379,0.5147437320682748,,,,0.5119660041526423,0.5029190310931307,0.5020773250460409,0.501713629838305,,0.5005013291752692,,,0.5014170679533106,0.5019829991753231,0.501702945091914,0.5021664223202139,,,,0.5020890829976726,,0.5020375299811886,,,0.5038453283921352,,0.5027750736070663,0.5021342303925381,,0.4679202332221698,,0.46918136874314104,0.16836815867925628,0.16709227222825002,,,0.1670975266526554,,0.16695043407118562,,0.1691988851901249,0.16930916291552195,0.16921284188126548,,,,0.16916562661430437,,,0.16942745215318752,,,0.16918923511849845,0.1687242317585791,0.16899039249744477,0.16898591320564782,,0.1686219897302232,0.16856664716079134,0.16938445435610852,0.16948593390467925,,0.16901215787100007,0.16867769998944077,0.16933338522754993,0.16857597900216967,0.16890017406542931,0.168597027968649,0.16852243956151342,0.16882526233594614,0.16916272026724424,0.1687020475980363,0.16915641330791809,0.16894071389384846,,0.1686159991400958,0.16923828361240353,,,,0.16880833518988106,0.16879466883614674,0.16917055122879673,0.16866781555476967,,,,,0.16873821129616048,,,0.1686618838584768,,,0.16885130760475017,,0.16883883681471437,0.168516377525513,0.1690766895831836,0.16839683950339057,0.16844630450406017,0.16897219161164717,0.16896683279260297,,0.16855891892151403,,,0.16892166527244443,0.1691529874080339,0.16815149685339828,0.16899015266047857,0.16845249583728014,0.16867329539216502,0.1689794721797662,0.16890296124641793,0.16871874617752258,0.1689425816440148,0.168911843692277,0.16877103486316464,,,,0.16901968633355863,0.16877884419638506,0.16914469911463548,,0.1688882818071861,,,0.16854434372107113,0.16875214833687072,,0.16852732434222195,0.16879794813781188,,,0.169347113558608,,0.16921897065194225,0.16961144943882206,,0.16881415081700454,0.16893185331836544,0.16882784298030684,0.1685062679194013,0.1692522533657664,0.16907006239151406,0.1690978462873272,0.1690943849952737,0.16928391773652643,0.16870778031781358,,0.16894002489904414,,0.16921911241968096,0.16897786757772087,0.16860929848928413,,,0.16901514080637997,0.16934090691432913,0.169322044541191,0.16916046029395254,0.16893692477172528,0.16927363063873163,,0.1693318348807289,,0.16931156085556096,,,,0.16881664113437148,0.16919649142898824,,,,0.16901165163461598,0.16808016710567436,,0.19394316119452107,0.1932268706366624,,,,,,0.15822221461131045,0.15818525086592744,0.15852247074389583,0.1586137688237802,,0.23238142761384167,,0.23271208151796238,0.2309847956237651,0.23193555821840353,0.232447044985155,,0.2323618725256513,,0.23271204691349018,,0.2326328480753777,0.23123909805884893,,0.2325002181630248,0.23242673264238833,0.23241017540520348,0.23223963524130298,0.23273118948701238,,0.23241275681791057,,0.2319968535189048,0.2319578127108146,0.23166113620712298,,0.2324180381491845,,0.23178169285513375,0.23172098527246734,0.2321303825493951,,0.23146143682822648,,0.2321058703725359,0.23164589988945689,,0.23187655806323174,,0.21632955300494658,0.2163904498002035,,0.21614438055743823,0.2160393273814915,,,0.21605914885284652,,0.21659987069172337,,,0.216039198278548,0.21630912489461063,0.21622521958595176,,0.21576431594800566,0.2155241539212201,,0.21660630396155672,,,0.21604416425021866,0.21545720787293485,,0.2155483145925422,0.216400242772997,0.21547953676645096,0.21615118023771523,,,0.21554200867249784,,,,,,0.23133232691256636,0.23202269320650618,,,0.231925048057699,,0.215556460872214,0.2152558187443672,0.21585477425270425,0.2154202617767302,,0.2157395694451942,,0.21541680005300495,,,,,,,0.21515768730476104,,0.23154075378277109,0.23145640362110678,,0.23156747116850218,,0.23269473517401137,,0.2308470117501043,,,,,,,,0.23206691227233608,0.23152590178372207,0.23188752482542324,0.231321667105439,0.23233754334035306,,0.2313319660543644,0.23247105080029457,0.2316263370535868,0.23158122223415042,,,0.2319798652918492,,,,0.2161430193416114,0.21494070884736016,,,,0.21544220964742117,0.21572851576771798,0.21538573594748903,0.21570618938487746,,0.21546955561263,0.21547842113402116,0.21572778046355937,0.215416040194469,0.21626932548352082,,0.21526560899787825,0.21577551548559176,0.21572274571581407,0.21637233451614088,0.21583321962648877,0.21562983993956972,0.2150054087305227,0.21610779281428333,,,0.21551261994265597,0.21621669813752098,,0.24087645345495895,0.2404792137383223,0.24155190529354784,0.24134823093304464,0.2404059785904372,,,0.24036725987024904,,0.23524074272634882,0.235766368932732,0.234937449575993,0.23595504763003683,,,0.11370553611950555,0.11353368729059175,,6.224719718254684e-05,6.201775646549747e-05,6.0646730588290225e-05,6.067700627177317e-05,6.0682593337696717e-05,5.897365618583382e-05,,5.9010966310711385e-05,,0.1606173891230994,,,0.16200080792528207,,,,0.16177515452871197,,0.16209358040239707,,,0.16206785278462224,0.16282469104693684,0.1625031704347919,,,0.1630734722678036,0.1623089647299538,,0.16226416545297706,,,0.16205275697138785,,,0.16249657781049737,0.1628849964725082,,,0.16289688681593306,,,,0.1625485499486418,0.16194735182619283,0.1642645546910859,0.1637457767746897,0.16408953790592293,0.16433756902954846,0.16368322464388377,,,0.1648389926997198,0.16509794204077594,,0.16479719222116354,0.1644481494974615,0.16466010186585558,0.16451444361046574,0.16415605126741048,,,,,0.16417830947536238,0.1641712135029562,0.16446938301181624,,0.16362529641960866,,0.16384816190492035,,0.16388190512708364,0.1641000773857459,0.16411717711381882,,0.1643378659412991,0.1638862031359457,,0.1642588734801138,,,,,0.16413774053590666,,,0.16416176568665303,,,0.16442421562201043,0.1641413804429498,,0.16377032710770495,0.16372685769829257,,,0.16452981989688867,0.163945883325533,,0.16422890295661452,,,0.1644948893626497,,,0.16411155704115413,0.1640579446070814,,,0.16392390730161488,0.16398245564395508,,,,0.163744854148795,,,0.16400611991779224,,,,0.16404672609053095,0.270480181196629,,,,0.27053205938213337,0.27110708721134763,0.2710415226018756,,,,0.27065184594819985,,0.27083540602665207,0.2704299539538142,,0.2712649875145643,0.27078037928340104,,0.2705604473821017,0.27166481210893556,,0.2701787405084006,,0.27114791613849837,0.27155575494357315,,,,,,,0.27084768320413916,0.2719393466585428,,,0.27152042816265054,0.2717134857145642,,,,,,0.270364543600287,0.269002651896086,0.2699710578762405,,,0.26963735145830353,0.2702135792743368,0.27020645619590494,,,0.27028758216961873,0.2699407005904108,,0.2699498846231966,,0.2712117264399151,0.2709611464234338,,0.2705874540856918,,0.2703452438898763,0.2713147950850245,0.2707311200477276,0.26688031487941594,0.2696319499687326,0.2705482279756061,0.2709753227960306,0.27113460562616587,0.27057092821905815,0.2706420690828812,0.2704838446023299,,0.2712080902304344,,,0.2714423620926313,,,0.27113695647201286,0.27069490471192564,0.27049336855193645,0.27097042988078907,,,,,0.2713822497762223,,0.27101778040265717,0.2698117378042985,0.27022618007645594,0.27097984507626094,0.27043793846202446,0.27069473742791744,0.2710064712141355,0.27092289353301086,0.27051305607689097,0.27102624949771004,0.27140334755764084,,,0.2711683822086864,0.2701855681267009,0.2717958149204916,0.2703601553205841,0.27070049853525835,0.2722234996055638,,0.26992174013944703,,,0.27012824931846185,0.2696757810209537,0.26988129800604915,0.27087129796920695,0.2702235079924252,0.27058555001347834,0.2698346631417357,0.2707470139672409,0.2712360933744452,,0.2710549910730523,0.26994642417773945,0.2699247676080137,,0.270618332830805,,0.1597745545560398,0.1600144250093481,0.15963781242162017,,,0.5308892466182324,0.5970835283479314,0.5295173609736185,0.5289830169045746,0.5294267570559168,0.16345567615212203,0.5705901471992423,0.5714856250186954,,,0.5722796970017489,,0.5701687304604021,0.571660661195657,,,0.5730045166043197,,,,,0.5716080460692502,0.5712365233165654,,0.5731461403897662,,0.571663600354053,,0.5734252418183522,,,0.5716325035305342,0.5730582269250496,0.5726579271263927,0.5723216509421878,0.5728007383115962,0.5721100611832799,0.5733327855330188,,0.5724658713679721,,,0.5726780461727898,0.5700872364911455,,0.5719215300823376,,0.5729645183883587,0.5732215384246893,0.5709522266285363,0.5722024068070889,0.5714346646720112,,,0.5713345239106352,0.5721850285016075,,0.572477777102983,0.5731245475529856,0.5718783960226652,,,0.5727930799125447,0.572736010103877,,0.5727790377404239,0.5725726420919809,,,,0.5720408366631827,,,,0.5715342149925298,0.5730048322197774,0.5713912551993111,0.5733517818782583,0.5732301329762209,0.5728776996227304,0.5739957543126354,0.573041810559002,0.5711638495200081,,,0.5728275323885516,0.5725964557690869,0.5735340253926227,0.5741682169757701,0.5716203916459995,0.572860609575278,,,0.5730346902164293,0.5730552490708084,0.5724762571101137,,,,,,0.571766415600707,,0.57216524275939,,,0.5712987209575652,0.5723741227649196,,0.5713278000410337,0.5712885589869792,,0.5729578747743808,,0.5722074511457639,,,0.571369316486613,0.5730151443636589,,0.5729075085208886,,0.5728191267923581,0.5719696147881005,0.5725115022178149,,,,0.5727700256935039,,0.5730978986882623,0.5728392819184871,,0.572832865306311,0.572960102323023,,0.5732621080794388,,0.5731253661719872,0.5733696416588135,,,0.5723233001087241,,0.573144888479896,0.573716737416131,0.5723833431819887,0.5720674085987529,0.5724334465226788,0.572994218098572,0.5709202699466835,0.5715473355058551,0.5715200516212304,,0.5706413478444653,0.5722470569667454,,0.5722024493260286,0.573909605257454,0.5718594650906705,0.5727754764442128,,0.5734896732141023,0.5700944548850722,0.5704849609245228,0.5727365749738906,0.5702406133142468,,,0.5728455516495756,,0.5724784128774864,0.5734024730350156,0.5727211388945804,0.48128799613891754,0.48234483701483755,0.4823805403914825,,,,,,0.5758478162292371,,0.5755230998213099,0.5758841928777728
4,4,DG_8pct,16,Z20_F11,20,3PH,175059,181992,True,4237.519722057502,4302.930355888009,4330.090844105064,4412.7690178869225,4403.979060826544,19.12288843134722,3.47896134055328,104.65790640464837,105.79439295132013,44.725513095830365,44.976557975909955,29.81827393524249,0.8932352390006111,8.808389203370936,13.060735996290743,4.507020751759107,12.432512897704132,4.713150060553119,4537.093876865597,31.06411428581264,0.7271242447146861,,,,0.7331069559525558,,0.6614973140178873,,0.5727035820541283,0.5731791548317517,,0.5811338305997245,0.5804192777601594,0.5792479733878755,,,,0.5789347420075466,0.5806451102657512,,,,0.5735982329127907,0.5763389840646301,0.5745479555263784,0.5751550235328108,0.5670690889599392,,0.5663816301827507,,0.5759514463690708,0.5746425849757258,,0.576221713878895,0.5763657806323889,0.5461651427080656,,0.5202330062045359,0.5216943991917212,,0.5185150962829839,,,0.5205340872692611,0.5181257086735817,0.5200778766226951,,0.5183018100113163,0.5191767852570967,,0.5190689947494957,0.5193630867167153,,,,0.5191675391459747,0.5187461098195971,,,,,,0.5066673197854216,0.5051909167195333,0.5049639020957808,,0.506230288683693,0.5074682818740527,,0.5065133350048968,0.5050378759382812,0.5062994678930781,,0.5066053894939335,,0.5070434425413548,,0.508520120269855,0.5067573227817427,,,0.5055431290089009,0.5070462183021015,,,0.4726210260588848,0.47255853057524094,0.47204475047968986,0.17557818283892543,0.17375523897316145,0.17443925350720774,0.17370339934830628,,,,0.17600363549854045,0.17599617038266727,0.1761533059330597,0.1762830411299361,0.17597437428730878,0.17577092416088355,0.1761642820153849,,,0.1758500360890575,,0.17551919623102874,,,,0.17619307919308091,,,,0.1760129178227995,0.17561821952887163,,0.17630773748159376,,0.17572955244041757,0.17615237795711516,0.17586492314311578,0.1755249370218273,0.17549072699169505,0.17600879792567561,0.17591612584044122,,,0.1758327541565889,0.17579074494568872,0.1758347946131743,,,0.17603348536172214,0.17590170385947446,0.17633125735848718,,0.175329503501153,0.17568798463157134,,0.1758933019574854,0.17586164174949312,,0.1760831545508006,,0.17561521290088686,0.1759727903987349,,0.1758743263003946,0.17580589793233373,0.17595772639290913,0.17635086490435986,0.17589647633196465,,0.17636716514024617,0.1758041482625336,0.17589035337834155,,,0.17594965374645974,,,,0.17605978571790132,,0.17598053086507942,0.17603855451413944,0.17554000259395353,0.17589688808663656,,0.17572277346485127,0.17630922252194237,0.1756653296149791,,0.1763696726924518,,,0.1758014749692374,,,,0.1761049591007449,0.17581505064341316,0.17584513882580127,0.17578524849843677,0.17579045744986638,,,0.17553738019142298,0.1759410898976769,0.1760187015455598,0.1763780195106965,0.17603328972946558,0.17594849644583704,0.1763631467131569,0.17565742084817934,0.175765998782155,0.1763491620541088,0.17672061975365133,0.17592259593769508,,,0.17573354128122462,0.17626325595315712,0.1759523087755089,,,0.1759696595939906,0.17566806265176382,0.17585609588787732,0.1755690190873967,0.17522770904334828,0.17577029886730156,0.17564636948343534,,,0.1760326382167752,,0.17639430964514285,,0.17625150319283647,0.175859043146235,0.17586663711054157,0.17667150465110076,0.17637400315833232,0.1763828652376358,0.17614335173825674,0.1760055877001145,,,0.17579121716935356,0.17596514355178947,,,,0.17586837815591116,,,0.20021102635754737,0.2150253524949103,0.16571789447201365,0.16544033158244476,0.165662065718409,,,0.16527193590015146,,,0.23826085381776937,,,,0.238560463223445,,0.23885672396955107,0.23821931826938172,,0.23856058700885804,,,,,,0.23875654333779978,0.23924608204796904,0.2384277883246789,0.2384769179919045,0.23868364189939043,0.23847492499815903,,0.2381528266793218,0.23823114800013429,0.23769128545839419,0.23834450785451972,0.23892209382940305,0.23856344132392462,,0.23919932542953087,0.23826872508040198,0.23836509128037553,0.2384511459336386,0.23780328309858095,,0.23787401613043643,,0.23814767496905434,0.23813920456426296,0.22284163604853485,,,0.22328966999106714,0.2228345441684586,,,,,0.22222946560443188,0.22306561175413683,,,0.2230626926939701,0.22331072365043794,,0.2225384828531992,0.22256294645122648,0.22271925627243036,,0.2230864217513403,0.2226854179571138,0.22272481711559497,,,,0.22236778099310017,0.2225803617080253,0.22218290804283966,,0.22255949828890664,,,0.23754595783790824,,0.2384969391791349,,,,,0.2388707745222232,0.23823450968452864,,,0.2225974221563625,0.2216249518336653,0.2222395295563686,0.2223448041412322,0.2224713288233598,,,,0.22233780363908437,0.22282640839369536,0.22159948722972497,,,0.22171847626086721,0.2371921816667737,,0.2381289793052824,0.2379837585964956,0.2375864975392077,0.23780443357936773,0.2377705076521552,,0.23752933054142614,,0.23794341911913355,,0.2383301887448587,0.23833597183193875,,,0.23822732387586346,,,0.23835136582456942,,,,,,0.23881183717884347,,0.23785304900348228,,,0.23848695342328044,0.22174087514600252,,0.22245253267068354,,0.22210547087611981,0.2219474581122669,0.2225409728307331,0.22270283908575464,0.2221354016357973,0.22165935088151698,0.22258578966521922,,,,,0.2222649156388022,0.22184408438247458,,,,,0.22243662343086967,,,0.22217924735162572,0.22159713752837312,0.22280379776260634,0.2224470837901152,,0.24711127225985807,0.24701049042963555,,,,0.24749428178174654,,,0.24657844197581788,0.2414569294840404,0.2413079019611127,0.24163811964092355,0.24171176049665602,0.2415411435195291,0.24212241101734103,0.121257904972054,0.12092952567897305,0.12073271068965093,0.0046670764723867626,,0.004656168745936657,6.001979850086253e-05,6.029601096280617e-05,6.030371271050122e-05,,5.856092570966058e-05,5.8664712907662245e-05,0.16690597702018556,0.16731743764650533,0.16714120709521213,,0.16848774635266317,0.16870253996015158,,0.16896028396947632,,,,,,0.16903009148416342,0.1696665717378582,0.1691407048807462,,0.16989605653145742,0.17008596414463534,0.16948212629841458,0.16918818042621195,0.16909595223202767,,0.16899621636654183,,,,,0.1691785058519194,,,0.16914026904893686,0.1685165002299958,0.16929920838712817,,,0.16889571880888887,0.17134568545038328,,,,0.17129587883141414,0.17022861298740358,0.17169028217226817,0.17184242271312017,0.17207859262212916,0.17223828204944935,0.17203910437326775,,0.17199110789861868,0.17132243208564038,0.17185059366313857,0.17228482623949318,0.17198568123022123,0.17203455469867573,,,0.17058947024459342,0.17161534905162737,,,,0.17093568556562047,,0.1714195975763448,,0.1710787337967813,,0.1709883337985332,0.17130197275360293,0.17119347492546488,0.17157086490396045,,0.1715731302857152,,0.17093992178017267,0.17112026340555075,0.17119011153460437,,,0.1707713834642116,,,,,0.17109295225145352,,0.17073404900528094,,0.17144169210946703,0.17104757574066107,0.17079661267301774,0.1713969467898833,0.17145497619236888,,,,,,0.17109644959723483,,,0.17122255119844423,0.17144915397653215,0.1711058806860603,,,,,0.17084820528113787,0.17061454734624454,,,0.1713359206975425,,0.27732057464404014,,0.27659747393256856,0.27567009158357875,,0.2765621683991724,,,0.2766334997140132,0.2768538453237099,0.277618296091885,0.2770906720597369,0.27723034002601826,,,0.2775671581128623,0.2766409351700116,0.27675696262590943,,,,,,0.2761366319823274,0.27619108962480443,0.2770911941192641,0.2765945439964104,,0.2769283438190554,,0.2771691598757307,,0.27752654546127775,,,0.277526160044865,,0.2773699626471914,0.27773560432050826,0.2764979626607001,0.27592457314842783,,0.2766285019843841,,,0.2761845840653975,0.27636485525677373,,0.27701473640868385,0.2765092564142436,0.27657067669896207,0.2765152880385931,0.27553589170298365,,0.27674907454430064,,,,0.2772475076789521,,0.27635315021419,,,,0.27760766960032923,,0.2753321027973493,,,0.27598095714568716,,0.27671154926536995,,0.2770800741223814,,0.27707268464107393,0.2768573145131573,0.27714285468851496,0.27732256921967763,0.27822989132991527,0.2775967032010757,0.27636292166508736,0.276899532403223,,0.27759277688500245,0.27726684712623745,,0.2779774153144432,0.2776366494396151,0.27655952790627025,,,0.2773636062479547,0.27710883126966146,,0.27726999110178024,,,,,0.27615922752168764,0.2767727054984537,0.27703900735898884,0.27635610524913273,0.27724313842578147,0.2764700838629977,0.2767122289643599,,0.27696770538006155,0.275999186511788,0.27747235189317976,,0.27580908811733057,0.27592515217783076,0.27703603001379906,0.2757280056032496,,0.2770573780225978,0.27667192625412496,0.277812056105971,0.27603345551109854,,0.2764885499376631,,0.2752959208027675,0.2759567807885049,0.27610505084070514,0.27657209479741496,,0.16671254057712293,0.16723417551635744,,0.1661291885621105,0.1666387063221734,0.5364740329676101,0.5994470298052267,,0.5320034498040912,,,0.5754549210072121,,0.5751162670594343,,,,0.5767048366911184,0.5737695641285888,0.5760979841594185,0.5759799795087759,,0.5748998367385761,,,,0.5762540699995614,0.57553220300578,,0.5762417120717469,0.5761984702635888,,0.5741167873787337,,0.5752175854339503,0.5754037876192245,,,,0.5762339011920666,0.5744756800379021,,0.575240019310994,0.5741758055304086,0.5748461368524266,0.5758929701182045,,0.5766551270612694,0.5749855462038932,0.5750084915543162,0.5751593868206404,0.5749418428153554,,0.5772547651023731,,,,,0.5767142091144778,0.5759123380677292,,0.5760450367961636,,,0.5760950835300167,0.5745935743358953,0.5747862576888793,,0.5753081175125226,0.5755063220882738,0.5758137513556308,0.5739072338213317,,,0.5731217265877905,0.5769247439646222,0.5760274073852731,0.5760956875840313,,0.5746089220799033,,,0.5750717432724377,0.5759709794458794,0.5752937719557144,0.5762959687411495,,,0.5768429146995454,,0.5766329322294923,0.5755673759100475,0.5769431564816303,,,0.5763521242441231,,0.5742389158370853,0.5769274667453447,0.5764041883231776,0.5750383608914948,,0.5771414274947079,0.5747074054512944,0.5748618397000473,,0.5757900048463623,0.5750124880011301,,,0.5763196578879983,0.5773342505771303,,,,0.5757997347226457,,0.5759853897002439,,0.5777645183506632,,0.5763453365267892,,,0.5761030926538234,0.5757587299255806,0.5760949914919409,0.5764207244115928,0.5743139893260438,0.5755455997669894,0.5743198130292121,,0.5767049671692795,,,,0.5756377176934121,0.5788912583558683,,,0.5758956977107103,0.5763295676803198,0.5761146412497333,,,0.5760524945873733,0.5750728161339334,,0.5775400038904375,0.5766349404831101,,,,0.5754354397906328,,,0.5768122928633898,,0.5754858712001896,0.5754850584231155,0.5750378307856394,0.5749440583750304,,,0.5773353631451299,0.5766756845528268,0.5757185230432085,0.5747072832837086,0.5771531875675996,,0.5743156210920357,0.574728075209505,0.5747614489756766,0.5750343418091244,0.5780296326726041,0.5755124061163165,,,0.5773713498961071,0.48607285084491475,0.485509779037824,0.485275001196354,,0.5331474071300292,0.5311940264799846,,0.5786822706287743,0.5794058491422379,0.5793181964027879,0.5780702108836606,0.5809602314268796
4,4,DG_8pct,16,Z20_F12,20,3PH,175052,181987,True,4340.320441973683,4363.923765397589,4370.177762448922,4483.58134583564,4462.436635695894,18.704564295773174,3.32268659274839,99.70022624653578,100.84201927915304,42.529474859073716,42.64032878487481,28.372311248673395,0.8540638848924462,8.672159499217518,12.925223500560525,4.349650682331686,11.860641973149622,4.4920120026272725,4555.217412743797,29.16318278505335,0.7282493005658256,0.7279302621734364,,0.732965754283815,0.731030485253609,0.7285721499598216,0.6602489415379202,0.5682637413330357,0.5682171946229477,0.5689608331287536,0.5698116385436991,0.5764552105885876,,0.5766177456398226,,0.5760537087076281,0.5755791150886528,0.5756226215995429,,,0.568908473410912,0.5691315471140476,,0.5726576948383387,0.5718772685568695,0.5699063632136756,,0.563676496326491,0.5641988933340017,0.5736422601409006,0.569901969058049,0.5712261504787264,,0.57233776449617,,,0.5178851996702954,,0.5175169894928225,0.5136973579691805,0.5148495001446464,0.5123741387777352,,0.5143604500910651,,,0.5148172752486948,,,0.5138228523633712,,,0.5137161833146762,0.5141083870136057,0.5148996762813816,0.513994813918685,0.5136280094836785,0.5080165146761202,,0.5096382227410264,,,,0.5016276386033319,,,,0.5008781413311009,,0.5012558207941172,,0.5026331716474636,0.5023015608797639,0.5026235258663077,,0.5015944767767968,0.5013773965005426,0.5031347430499853,0.5013679695856319,,,0.5014170261283963,0.5002506667901098,,0.5009956513196796,0.4679028301177872,,0.4687747703824976,0.1666735136027858,,0.16598272151355445,,0.1655297685482369,0.16504372274627196,0.16609257124926352,,,,,,,0.16786037438591397,,,0.16780576787682702,0.16767636146639392,0.16754981411203754,0.16765675907436398,0.16751241703859124,,0.16747834830644345,0.1676067274008914,0.16726757242760093,,0.16795623260898918,0.167825033868624,,0.16712803085819006,,,0.16763415981447966,,0.16714325850572082,,0.1674073735695552,0.16746756977102087,0.16706466936131156,0.16728907152369632,0.1674718753370834,,0.16758144468530745,0.16714719229502617,0.16754644495234713,0.16775360395240577,,0.16722873215059153,0.1676688416321882,,0.16761724870018574,,0.16713656117494266,0.16754316411349593,,0.16772901213495903,0.16748240934192843,,,0.1670675591897,0.168119625582349,0.16767059868251283,,0.1677606865237677,0.16745089401975144,,,0.16774957520396502,0.16737548767822227,0.1674968330453761,,0.16755141402106716,0.16757776604985203,0.16740417620787504,0.16730613684622408,,0.16753127340985652,0.16722814284914078,0.1670786406456065,,0.16746906078287035,0.1677001258651549,0.16762748873541988,0.16730101644745407,,0.16774106118849205,,,0.16730900910418434,0.1676852506622007,0.16747333333992034,,0.16709694321744767,,0.1677756149034324,,,0.16733862888354126,0.16724785766939995,0.16815110884731002,0.1668880249997547,,,0.1679540828881704,,0.16726042956992745,0.1674998376825973,,0.1680445813220311,0.1678217834854683,0.16794103115062775,,,0.16757378792802718,,,,,0.16763566830704832,0.16728297828106112,0.1680382918050379,0.16755514881371264,0.16743445775689264,0.16743529204133328,0.16799308857326795,,0.1675252139516989,0.1676240096909658,,,,,0.16742778803104044,0.16769703376896675,,,0.16739247456172732,0.1673814243123762,,0.16791484192882625,0.16720237144437727,0.1673095663440499,0.16718345269689372,0.16747359583310964,,0.16737259089457937,0.16779740046915018,,0.19242016836598405,0.1924728150254436,0.19165317775565296,0.20834393318552388,0.15708326575953632,0.1572464072982641,0.15724523742542182,0.15685014962478985,0.15744335365710396,0.1572025662159498,0.15707399052803098,,,0.23081570580269375,,0.23072100336741896,,,0.23040933401244348,0.23083120321195216,0.2304423058836594,,0.23057695511935586,0.2305701918628664,,0.23053491538848225,,0.2305287407389902,0.23075831986114836,,0.23017082325659463,,0.23077910366917895,0.22970827218193687,0.23082712516179957,,0.23054986794026158,0.2311752683432244,0.23026755189170495,0.2305212513282484,0.23008968456162787,0.23044709805714364,,0.22997871896188649,0.23014445226174648,0.2307232167392028,,,0.22972165767230432,,0.23004235231532447,,0.21447291546195313,,,0.21483922092450797,0.21481082595655127,0.21421793418160556,0.21415721346228123,0.214593788880107,0.21481013830697498,0.21495651029665527,0.21395694114886732,0.2146747075792339,0.21458598745023352,0.21502145070864542,0.2149623665318952,,0.21444619938950235,0.21437275091155442,0.21493208306176032,,0.21476937906046503,0.21476911387776226,0.2139888416291931,0.2140719734944344,0.21439275203275965,,,0.21498855256926203,,0.21499555526089187,0.21417940299087818,0.23018540172070828,,,,0.2303957115758468,0.23006688166190573,0.22990675572939817,,0.22986553761543072,0.2309264407906878,0.23095727824642737,0.21461321999042537,0.21386495298466765,0.21449042891254191,0.21520438803475045,0.21368191984762241,0.21429692149210136,,0.2141358560025707,0.21411359717778863,0.2144551732559177,,,0.21381624636343785,0.21332489041511868,0.21363819844614249,0.23008205922237723,0.230005823461663,0.23023347871523828,0.2297122393529043,0.23039350807083914,,0.22987565471662985,0.23025173667214155,0.22983497249321652,,0.23073790637939603,,,0.23062964416717852,,0.2306910990450881,0.22961888191961155,0.22999239307546473,0.23034101690751294,0.23007276112558153,,0.23050673016533932,0.229725813693224,0.22981931115466459,0.22986375048120428,0.23044998762139232,0.23068143990538975,,,0.23048055129168385,0.2295709176918528,,,0.2141269807680151,0.2138285682284582,,0.2148999396317536,0.21440233762134853,0.2144797169665497,0.21373483344000221,,0.21414712746970455,,0.21343845064307,0.21437346196315177,,,0.21459259619112073,0.21432635996114882,0.21419566247663005,0.21386957057643965,,,,0.21392459226550287,0.21435450112317286,,,,0.21512341788200184,0.23957731618374048,0.23895071396358503,0.23927122856039515,0.23882299015953762,0.23915290592869853,,0.23842861777546262,,0.23872196589860592,0.2336795973158948,,,0.23423796295284477,0.2341714876440614,,0.11252880136315901,,0.11198920349146413,,,,,6.0945607302390004e-05,6.073241384119069e-05,,5.919435273146652e-05,5.923932027648975e-05,0.15904552802675903,,0.1586845844692503,0.1599976604376864,,0.15966130396994296,,,0.1601108363135982,,,,0.16107968100925096,0.16092390591989453,,,0.16037208064435138,0.16139806920917174,0.161343081871134,0.1609740222213293,0.1604923305046303,,0.16102379520533275,0.1602938926107294,,,0.1607962299465321,0.1605114589294317,,0.1604406486557741,,,0.16023169335113546,0.1610174365864069,,0.16070143653064822,0.16022357167385076,,,0.16272026908339213,0.16291029597748807,0.1622384288135277,,,,0.16379390355626602,0.1639450628669422,0.1634218570676192,,0.16400183160379267,,0.1635619847890865,,0.1628545534092812,,,,,,0.1624061253924943,0.1627551566421101,,0.16258730392035875,0.1628221615241962,0.16263764498922156,,0.16320119231104366,0.16255884992027878,0.1624125944917539,,,,0.1625973284406367,0.1628905104486708,0.16240644451436223,0.16274980227521638,0.16270303692248983,0.16250047014552962,0.1627991521589244,0.16231446162775573,0.16201129540746909,0.16213320168185535,0.16269159105479325,0.16248388326231358,,,,0.16259943139940528,,0.16284077941833744,,,0.16303922071477933,,0.1627355116122867,0.16261178780939364,,0.1625839947482474,0.16248338718663793,0.1626152076518691,0.1628013003541365,0.16258976784238227,0.16260764516667847,,0.1622973759073731,0.16303345073610592,0.1625176933280474,0.1628432134962559,0.1620938365747286,0.1631398870152037,0.16266796530667507,,,0.1627074504758174,,0.2687690213181889,0.26946604403582125,0.2688839648606887,0.2686719884978328,0.2691919142356315,0.2687474825128756,,0.26923190862280866,0.26939788115457597,0.2685910253056044,,,,,0.2702597119955065,0.26967366857612496,0.2691959462226479,0.26974157901862034,0.2696530044291002,0.26913079115627386,,0.2698058583766796,,,,,,0.2691208391102471,0.2689502036827048,0.26990725852609304,0.2687387896512844,,0.2702372005295358,,,,,,0.26912828065851785,0.26759300450082885,,0.26880772895603183,,0.2689536061780157,0.2682588217919613,,,0.2682979847044202,,0.26913135225853463,0.2680961659338194,,0.26834334435763896,,,0.26785985987221406,,0.27052229253506094,0.2699576445830491,0.26941631777804737,,0.26980551799560876,,0.2698866840580599,,0.26597888741594594,0.2683159589147314,0.26797158066627846,,0.2682245607277338,0.2693718532994776,0.26881854466327243,0.26890388310119967,0.26966722005661387,0.26893755611627085,,0.2699289369986121,0.26948401509686465,0.26939531567606173,,0.2701019796475621,0.26993451101859034,0.26931817914337164,,0.2700805878107077,0.26970272015515834,,0.2696692552780958,0.26975972105042617,0.26886756439438725,,0.26944793476369217,,,0.2697440866450316,,0.26948266108544144,,,,0.2698376120864318,0.26946092308949915,0.2698831006816962,0.26938344723934887,,0.2692187491206762,0.2689546544253359,0.26902071702007313,0.26994721589437154,0.2696564085807708,,0.26961687145273067,0.26813908868879033,,0.26872718422612135,,,,0.269106722393942,0.2689869966778945,,,0.2696434140497422,,0.2688492236603849,0.2686965727647512,0.2694721587597444,,,0.15889198530526677,0.15838375858009143,0.15874307006604788,,0.15828818699637243,,,0.5279365717656632,,0.5267489403733983,,0.5725290369819515,,,0.5734585224511739,,0.5709454526576759,,0.5719980306970507,0.5711711188232466,0.5702852344784073,,0.5711522141919925,0.5705959984773934,0.5726547632607686,0.5702772831170682,0.5716440526101209,,0.5722828293567469,,,,,0.5702217633242286,,0.571764457225558,,0.5736170854682335,0.5733267724529071,0.5724292779394399,,,0.5715882554421695,0.5711526442921524,,0.5709563413829627,,,0.5714704260807282,0.5736852845056029,0.5722503733093952,0.5711217533275027,,,0.5709903531852467,0.5726779180751316,,0.5701398223590456,0.5728600934692686,,,,0.5727811981687867,0.5743288683648892,0.5721122151038545,0.5707493957910561,,,0.5713737209701034,,0.5731652246614566,0.5715621417089284,0.5713309299140851,,0.5718106840729897,,0.5727771407684727,,0.5726065418190668,,0.5725387461797872,0.5704740212094042,,,0.5702822073747313,0.5718843167908141,0.5695265488631516,,0.5721968527249353,0.5707791978190399,0.5735542307050961,0.5723751109889643,0.571419138277721,0.5718550307318359,,0.5698389714481688,,0.5721156111151162,0.5712998943159289,,0.5713315533902612,,,0.5725815531140975,0.5741787396310737,0.5718417228322149,0.57178301343992,,0.5718415456161867,,0.5715349654884686,,,,0.5704163979217585,0.5722671922745679,,0.5719250746913941,0.5716529822193357,0.574469134947371,,0.5703109830888465,0.5710529446216528,,,,0.5700128317236908,0.5710923461083971,,0.5723894767315304,,,,,,0.5713887152480838,0.5707299523810995,0.5690095232386636,0.5709307688918573,0.5708236744863622,0.5732601505721285,,0.5713134661494756,,0.570316430472957,0.5729744930707716,0.570563141725181,,,,0.5713921008038232,,0.5693394603410744,0.5717125290427266,0.5718495964843842,0.5710929900637034,0.5714058898644104,0.5705413923004524,0.571602021642343,,,,0.5731252207914729,0.5702934976488515,0.5703616417237227,,0.57123527475677,0.5718091791652467,0.5721220170024716,0.5721343671974533,0.5714232770412376,0.5719119739733736,0.5700776940413634,,0.5722886195370687,0.5715586961505804,0.5723117759590891,0.571676236229568,0.5727884715603182,,,0.48312329965845335,,,,,,,,0.5760510281507092,
