k_run,scenario_id,scenario_label,n_dg_buses,fault_id,zone,fault_type,fault_line,fault_bus,converged,RFI1,RFI2,RFI3,RFI4,RFI5,RFI6,RFI7,RFI8,RFI9,RFI10,RFI11,RFI12,RFI13,RFI14,RFI15,RFI16,RFI17,RFI18,RFI19,RFI20,SM_1,SM_2,SM_3,SM_4,SM_5,SM_6,SM_7,SM_8,SM_9,SM_10,SM_11,SM_12,SM_13,SM_14,SM_15,SM_16,SM_17,SM_18,SM_19,SM_20,SM_21,SM_22,SM_23,SM_24,SM_25,SM_26,SM_27,SM_28,SM_29,SM_30,SM_31,SM_32,SM_33,SM_34,SM_35,SM_36,SM_37,SM_38,SM_39,SM_40,SM_41,SM_42,SM_43,SM_44,SM_45,SM_46,SM_47,SM_48,SM_49,SM_50,SM_51,SM_52,SM_53,SM_54,SM_55,SM_56,SM_57,SM_58,SM_59,SM_60,SM_61,SM_62,SM_63,SM_64,SM_65,SM_66,SM_67,SM_68,SM_69,SM_70,SM_71,SM_72,SM_73,SM_74,SM_75,SM_76,SM_77,SM_78,SM_79,SM_80,SM_81,SM_82,SM_83,SM_84,SM_85,SM_86,SM_87,SM_88,SM_89,SM_90,SM_91,SM_92,SM_93,SM_94,SM_95,SM_96,SM_97,SM_98,SM_99,SM_100,SM_101,SM_102,SM_103,SM_104,SM_105,SM_106,SM_107,SM_108,SM_109,SM_110,SM_111,SM_112,SM_113,SM_114,SM_115,SM_116,SM_117,SM_118,SM_119,SM_120,SM_121,SM_122,SM_123,SM_124,SM_125,SM_126,SM_127,SM_128,SM_129,SM_130,SM_131,SM_132,SM_133,SM_134,SM_135,SM_136,SM_137,SM_138,SM_139,SM_140,SM_141,SM_142,SM_143,SM_144,SM_145,SM_146,SM_147,SM_148,SM_149,SM_150,SM_151,SM_152,SM_153,SM_154,SM_155,SM_156,SM_157,SM_158,SM_159,SM_160,SM_161,SM_162,SM_163,SM_164,SM_165,SM_166,SM_167,SM_168,SM_169,SM_170,SM_171,SM_172,SM_173,SM_174,SM_175,SM_176,SM_177,SM_178,SM_179,SM_180,SM_181,SM_182,SM_183,SM_184,SM_185,SM_186,SM_187,SM_188,SM_189,SM_190,SM_191,SM_192,SM_193,SM_194,SM_195,SM_196,SM_197,SM_198,SM_199,SM_200,SM_201,SM_202,SM_203,SM_204,SM_205,SM_206,SM_207,SM_208,SM_209,SM_210,SM_211,SM_212,SM_213,SM_214,SM_215,SM_216,SM_217,SM_218,SM_219,SM_220,SM_221,SM_222,SM_223,SM_224,SM_225,SM_226,SM_227,SM_228,SM_229,SM_230,SM_231,SM_232,SM_233,SM_234,SM_235,SM_236,SM_237,SM_238,SM_239,SM_240,SM_241,SM_242,SM_243,SM_244,SM_245,SM_246,SM_247,SM_248,SM_249,SM_250,SM_251,SM_252,SM_253,SM_254,SM_255,SM_256,SM_257,SM_258,SM_259,SM_260,SM_261,SM_262,SM_263,SM_264,SM_265,SM_266,SM_267,SM_268,SM_269,SM_270,SM_271,SM_272,SM_273,SM_274,SM_275,SM_276,SM_277,SM_278,SM_279,SM_280,SM_281,SM_282,SM_283,SM_284,SM_285,SM_286,SM_287,SM_288,SM_289,SM_290,SM_291,SM_292,SM_293,SM_294,SM_295,SM_296,SM_297,SM_298,SM_299,SM_300,SM_301,SM_302,SM_303,SM_304,SM_305,SM_306,SM_307,SM_308,SM_309,SM_310,SM_311,SM_312,SM_313,SM_314,SM_315,SM_316,SM_317,SM_318,SM_319,SM_320,SM_321,SM_322,SM_323,SM_324,SM_325,SM_326,SM_327,SM_328,SM_329,SM_330,SM_331,SM_332,SM_333,SM_334,SM_335,SM_336,SM_337,SM_338,SM_339,SM_340,SM_341,SM_342,SM_343,SM_344,SM_345,SM_346,SM_347,SM_348,SM_349,SM_350,SM_351,SM_352,SM_353,SM_354,SM_355,SM_356,SM_357,SM_358,SM_359,SM_360,SM_361,SM_362,SM_363,SM_364,SM_365,SM_366,SM_367,SM_368,SM_369,SM_370,SM_371,SM_372,SM_373,SM_374,SM_375,SM_376,SM_377,SM_378,SM_379,SM_380,SM_381,SM_382,SM_383,SM_384,SM_385,SM_386,SM_387,SM_388,SM_389,SM_390,SM_391,SM_392,SM_393,SM_394,SM_395,SM_396,SM_397,SM_398,SM_399,SM_400,SM_401,SM_402,SM_403,SM_404,SM_405,SM_406,SM_407,SM_408,SM_409,SM_410,SM_411,SM_412,SM_413,SM_414,SM_415,SM_416,SM_417,SM_418,SM_419,SM_420,SM_421,SM_422,SM_423,SM_424,SM_425,SM_426,SM_427,SM_428,SM_429,SM_430,SM_431,SM_432,SM_433,SM_434,SM_435,SM_436,SM_437,SM_438,SM_439,SM_440,SM_441,SM_442,SM_443,SM_444,SM_445,SM_446,SM_447,SM_448,SM_449,SM_450,SM_451,SM_452,SM_453,SM_454,SM_455,SM_456,SM_457,SM_458,SM_459,SM_460,SM_461,SM_462,SM_463,SM_464,SM_465,SM_466,SM_467,SM_468,SM_469,SM_470,SM_471,SM_472,SM_473,SM_474,SM_475,SM_476,SM_477,SM_478,SM_479,SM_480,SM_481,SM_482,SM_483,SM_484,SM_485,SM_486,SM_487,SM_488,SM_489,SM_490,SM_491,SM_492,SM_493,SM_494,SM_495,SM_496,SM_497,SM_498,SM_499,SM_500,SM_501,SM_502,SM_503,SM_504,SM_505,SM_506,SM_507,SM_508,SM_509,SM_510,SM_511,SM_512,SM_513,SM_514,SM_515,SM_516,SM_517,SM_518,SM_519,SM_520,SM_521,SM_522,SM_523,SM_524,SM_525,SM_526,SM_527,SM_528,SM_529,SM_530,SM_531,SM_532,SM_533,SM_534,SM_535,SM_536,SM_537,SM_538,SM_539,SM_540,SM_541,SM_542,SM_543,SM_544,SM_545,SM_546,SM_547,SM_548,SM_549,SM_550,SM_551,SM_552,SM_553,SM_554,SM_555,SM_556,SM_557,SM_558,SM_559,SM_560,SM_561,SM_562,SM_563,SM_564,SM_565,SM_566,SM_567,SM_568,SM_569,SM_570,SM_571,SM_572,SM_573,SM_574,SM_575,SM_576,SM_577,SM_578,SM_579,SM_580,SM_581,SM_582,SM_583,SM_584,SM_585,SM_586,SM_587,SM_588,SM_589,SM_590,SM_591,SM_592,SM_593,SM_594,SM_595,SM_596,SM_597,SM_598,SM_599,SM_600,SM_601,SM_602,SM_603,SM_604,SM_605,SM_606,SM_607,SM_608,SM_609,SM_610,SM_611,SM_612,SM_613,SM_614,SM_615,SM_616,SM_617,SM_618,SM_619,SM_620,SM_621,SM_622,SM_623,SM_624,SM_625,SM_626,SM_627,SM_628,SM_629,SM_630,SM_631,SM_632,SM_633,SM_634,SM_635,SM_636,SM_637,SM_638,SM_639,SM_640,SM_641,SM_642,SM_643,SM_644,SM_645,SM_646,SM_647,SM_648,SM_649,SM_650,SM_651,SM_652,SM_653,SM_654,SM_655,SM_656,SM_657,SM_658,SM_659,SM_660,SM_661,SM_662,SM_663,SM_664,SM_665,SM_666,SM_667,SM_668,SM_669,SM_670,SM_671,SM_672,SM_673,SM_674,SM_675,SM_676,SM_677,SM_678,SM_679,SM_680,SM_681,SM_682,SM_683,SM_684,SM_685,SM_686,SM_687,SM_688,SM_689,SM_690,SM_691,SM_692,SM_693,SM_694,SM_695,SM_696,SM_697,SM_698,SM_699,SM_700,SM_701,SM_702,SM_703,SM_704,SM_705,SM_706,SM_707,SM_708,SM_709,SM_710,SM_711,SM_712,SM_713,SM_714,SM_715,SM_716,SM_717,SM_718,SM_719,SM_720,SM_721,SM_722,SM_723,SM_724,SM_725,SM_726,SM_727,SM_728,SM_729,SM_730,SM_731,SM_732,SM_733,SM_734,SM_735,SM_736,SM_737,SM_738,SM_739,SM_740,SM_741,SM_742,SM_743,SM_744,SM_745,SM_746,SM_747,SM_748,SM_749,SM_750,SM_751,SM_752,SM_753,SM_754,SM_755,SM_756,SM_757,SM_758,SM_759,SM_760,SM_761,SM_762,SM_763,SM_764,SM_765,SM_766,SM_767,SM_768,SM_769,SM_770,SM_771,SM_772,SM_773,SM_774,SM_775,SM_776,SM_777,SM_778,SM_779,SM_780,SM_781,SM_782,SM_783,SM_784,SM_785,SM_786,SM_787,SM_788,SM_789,SM_790,SM_791,SM_792,SM_793,SM_794,SM_795,SM_796,SM_797,SM_798,SM_799,SM_800,SM_801,SM_802,SM_803,SM_804,SM_805,SM_806,SM_807,SM_808,SM_809,SM_810,SM_811,SM_812,SM_813,SM_814,SM_815,SM_816,SM_817,SM_818,SM_819,SM_820,SM_821,SM_822,SM_823,SM_824,SM_825,SM_826,SM_827,SM_828,SM_829,SM_830,SM_831,SM_832,SM_833,SM_834,SM_835,SM_836,SM_837,SM_838,SM_839,SM_840,SM_841,SM_842,SM_843,SM_844,SM_845,SM_846,SM_847,SM_848,SM_849,SM_850,SM_851,SM_852,SM_853,SM_854,SM_855,SM_856,SM_857,SM_858,SM_859,SM_860,SM_861,SM_862,SM_863,SM_864,SM_865,SM_866,SM_867
8,24,DG_48pct,96,Z01_F01,1,SLG_B,333,CKT7,True,5409.362377762845,5143.92292457609,5080.89756503533,3984.3847403901245,3891.9838500415367,557.9826666485585,52.336073918539476,1767.0648184666268,1585.8079274673535,870.0908009255107,804.9571493577304,267.34289599301746,4.212973665295394,46.73785679106293,150.20208878946397,241.1678129532267,424.63277140885657,175.06959906138098,217.86475402751088,260.83676907665966,0.37197156276612486,0.37179113385159795,0.372356116846684,,0.0025210312098344918,0.6439123099657086,,,,,0.007288635549573744,,0.5637362494454187,,,,,0.5632105590449216,0.5624927821677997,0.5649040621380549,,0.32534929651237227,,,,,,,0.3206557355591846,,,,,,0.3230947764548563,,0.32923781041922384,0.3293241481765892,0.32993825774255625,0.3277528581458882,,,,0.33008797585246197,,0.33033788762101846,,0.3298368198871057,0.32866313171070766,0.3290201507899013,,,,0.33027859544986876,,0.32925593355764843,,0.5679437404750374,,0.00847931361958101,,0.5665123583122914,0.5692243137250338,,,0.5682592446034914,,0.5675313406145929,,0.5661814624704128,0.5659094531000691,,0.5671479494411246,,,0.5677877357088318,,,,,0.5652732902820063,0.5678466719133153,0.564883538302694,,,0.32184696219606274,0.3207130892379219,0.3213893659243067,0.012268326173442834,,0.39801916172197166,0.39859623248301773,,0.3996125669749264,,,0.6935099627508209,,0.6914029985463491,,,0.692561185261329,,,,,,,0.6944545961479516,0.6939268784165668,,,0.6944359560365029,0.6936158308905584,,,,,0.6940314436143814,,0.6944018339218732,0.6921425293792606,,0.6917805132413128,0.6921646710032269,0.6928083692454101,0.691777691175648,0.6916335730211733,,,,,,,,0.6920625871854906,,0.6916226218544113,0.6918198201719177,0.6933906263647744,0.6914914873505711,0.6941428915685044,0.6930819000340671,,,0.6941187155071654,,0.6936405701417103,0.6928123051284208,,,,0.6912899523762793,,0.6919113382993735,,,0.6937274492528599,,,0.6917759671560129,0.6951237283580064,,,0.6905006299307822,0.6917461376464844,,0.6934097360132971,0.6903941530420531,0.6922284179716154,,0.6919517433143366,0.6914166595357985,0.6914988113772135,0.690998537463731,0.689727281000313,0.6886877723710174,,,0.6925682746996997,0.6915972113007128,,0.6912781958515531,0.012325648171176784,0.012316123103405031,,0.01230311347326627,0.012264741848450915,,0.012297965880134423,0.012334796100651697,0.012311588527893234,,0.012321784218911043,0.012302189629226678,0.012328160798507673,0.012308270690163015,,0.012296647323630134,0.012311156973248975,,0.012359584550934118,,,,0.01227098490113421,,0.012287716557427632,0.012286998909783256,,,,0.012308011913439401,0.012297736441037134,0.012281775407236541,,,,0.012281582950438475,0.012295296025642832,,,0.012286384574938929,,,0.012319515860826054,,,,0.01231729238059931,0.012314381881140752,0.012288256238934231,,,0.012269884942887804,,,,0.38886019476963185,,,0.3959808568845124,0.3963139838094313,,0.39627798029008765,,,,,0.6825709823929897,,0.6844575256625881,,,,,0.6821719907376071,,,0.6816049569773658,,,,0.6806839106687611,0.6835551374887535,0.6817372007768808,,,0.6813578629221939,0.6831612226374983,0.6824033879829341,0.6809635914583403,,0.6818682099795917,,,,,,0.6812951341881217,,0.6823348493640496,,,0.6834962019520819,,,0.6824114225382554,,0.6848156581338964,0.681956901050035,0.683472596349567,0.6832206575099593,0.6829740157308688,,0.6835838018623207,,0.6840731910678338,,,,,,0.6838879809259781,0.681851722943461,,0.6856803269075764,,,,,0.6821674227275364,0.6836283512563919,,,0.6820670738873896,,,0.6814297528251877,,,0.6835613025566433,,0.6815574345802417,,0.6822322441145162,0.6827059075075417,,,,0.6805833959660273,,,0.6825498758397569,0.6819598191021613,,,,,,,,0.6811730369064555,0.6810620407371627,0.681165616044745,0.6794592256937704,,0.679737882353957,,0.6803163628036281,,0.6804325663871298,,,,0.6839041610777101,,,,0.6805418168917601,,0.6831885599190866,,,0.6819779148387218,0.6835214686094946,,0.6804595652010555,0.6820377138163424,0.6808669951695808,0.6808427700070385,,,,0.683628685432749,,,0.6835839694045759,,0.6836571998135945,0.6820868958985401,0.6809557909534837,0.6815782813531003,0.6819671032307827,,0.6794537938281475,,,0.6814531729067431,0.6802020308096984,,,0.6828083994620021,0.6802600619814757,,0.6812440190358142,,,,0.6822902079940885,,0.6842030667318919,,0.685095286762236,,,,0.011900172855752225,,,,,,0.6852069963053142,0.39361070430701467,,0.3931552037298099,0.39377470787804963,0.39334186662479265,,0.6845093570503492,0.012124711947709973,,0.3976896567735749,,0.3974288697079358,,,,,0.39000345222591126,0.3900878111450898,0.6983458369401593,,,,,0.7184895075806905,,,0.7283041458777704,0.013097828492849102,0.013103808963843083,0.013075525690329236,0.013097502167529904,,,,,,0.013206006119954311,0.42521614141869973,0.4254168724581624,,,,0.4258042231798269,0.4265464553513338,,,0.4257242429894463,0.42569898781941795,0.4242776404023373,0.4260450486292233,,,,0.42500831319491866,,,,0.7468457899481389,0.7506440093825371,,0.7438487531759131,0.7505465412491751,0.7537708193861283,0.755023918744997,0.755561187697497,,,0.013456801107744163,,0.752399833167579,0.7544565657222201,0.754212976464279,0.7515979885998274,0.4339270923243758,,0.4328809042961375,,,,0.43371312980743887,,0.4335521288517399,,0.433699229945925,,,0.4339440695672683,,,,,,,0.4347809606892346,,,,,0.43280530503718834,,,,0.4335653504681383,,,0.4341585798519785,,,0.4314059848389462,0.43250547375526255,0.43472147717016957,,0.43259329734171625,0.4328701149679297,,0.43487500238616533,,,0.4336936372930305,0.43440787525448127,,,,0.43322653332641037,,,0.43376795331062723,,,0.43224633524308126,0.43357333933000064,0.4320486792019047,0.4331791443633383,0.011548371602921487,0.011546548674800471,0.011549352214493783,,0.011559468409228512,0.011560946694934031,0.01149777327312484,0.011542388289396464,,,,,0.6818737551786166,,0.6834028078605469,0.6813688118138133,0.6823921524260029,0.6814946825627662,,,,0.6804394951508937,,0.6822887605558318,0.6801136868315245,,,0.680367975050222,0.6806669661765609,,0.6799868236454764,0.011561130403018682,0.01155627128352651,,0.011573805307051342,0.011584198955233433,,,,,,,0.6790412276422193,0.6775395463961333,,0.6800541018508823,,0.6782622150900852,0.6799397399047943,,,,,,0.6811414249678687,,0.6790319616219441,0.6811173117976229,,,,0.6805387309149841,0.6800074859935857,0.6826212081446879,0.6826609519898417,,0.6772030155537773,,0.6808274132858299,0.6796717445388317,0.6814712896378373,0.6809714810132989,0.681847925931387,0.6811765415449469,,,0.011573267439552408,,0.01153827862858711,,0.011536757225918274,,,,,0.011544866008904985,0.011551048595288826,0.01154641873952701,,0.011542593623072897,,,0.011545223909246848,,0.011556675913250995,0.011526982470286426,,,,0.011535349613944139,,0.011566829721973542,,0.6801316381083273,,0.6813535434673534,0.6797277406507282,0.6813333917375767,,0.6818331828193784,,,0.6789705518989194,0.6782001894927212,,,,,,,,,0.6803994345858382,,,,0.6815488369446435,,0.40412174897932945,0.4037261319174373,,,,0.4031407774598674,,0.006451614930918713,0.33283572133889566,,,0.7457617896794527,0.32485386326916793,,,0.3234128698088297,0.3248469946421727,,,,,0.323667027744561,,,,0.3246211208093121,,0.32570514304058,,,,,0.3251624358029365,,0.324462750168206,0.3235219684559904,0.32431014261747443,,0.3231409191782112,,0.32381539442131063,,,0.32449247481658033,0.32382238488056003,0.3240638815786622,0.32476975198219066,,,0.32458396694604136,0.32393354995360735,,0.3232993620773282,,0.3243193599835919,0.32504281602393204,,,0.3250363553996075,,,,0.3237006806589288,,0.3249351449747958,,0.3234130862288337,0.3244549432131234,,0.32394565333647884,,0.3247635223265936,0.32450934671063614,0.3238361666719047,0.32387723108868677,,,0.3234721677271007,,0.32424241634332174,,0.32323124616600285,0.3253999255800827,,0.3249025030631277,0.3233562445975772,0.3238293473921011,0.32342607211310753,0.32541208578953584,0.3243568057012803,,,,,0.3258273806994672,0.32404437215108334,0.32416760721572524,,,,0.3238197636768841,,0.32407149572015903,,0.32472756680584014,0.3246800150909428,0.32416843908346915,,,,0.3242431129984526,0.3236703751781218,,0.3238898071467551,,,,,0.3245148806901619,,,0.3240791520784305,0.3240921466228823,,0.3246949737948639,,0.3247907672576162,0.32394064465874534,0.32444903618183596,,,,0.32460007647532757,,,,,0.3242435224805405,,,,0.3246161963212065,0.3243500577445092,0.32529679442505816,0.3246869158507703,,,0.3240917749576788,,,,,0.32346104170531476,,0.3234516621503722,,0.3242340614206217,0.3240069231053162,,,0.32397279062698925,0.3243145941273053,0.323212946217308,,,0.32431830893725244,0.323313461913038,0.32423748114756884,,,,,,0.3254300155388645,,0.3240227952333444,,,0.32369549067225617,0.3246849361199353,0.32265536802355893,,,0.5747402333210719,,0.5767840289355481,,,0.007467401162262485,,0.5620217952414479,
8,24,DG_48pct,96,Z01_F02,1,SLG_B,326,CKT7,True,5426.344172206473,5189.992464171852,5088.211880629632,3976.6524047447015,3894.31760702764,556.9647480458009,52.03931508860372,1771.9727477304489,1593.1483325878492,874.7075199501461,806.4694855574709,266.9381516737189,4.2309581843533355,46.699831957868255,149.85478251193538,242.52187665192142,426.6567809348692,175.25319506729252,216.62168403638333,261.9083970147867,0.37207368414026365,,,0.6408180746614609,0.002519495253949478,0.6435143867765849,,0.3237815276280376,0.32343109288894467,0.32410423465437194,0.007281617872470325,,,0.5641734553293745,0.007411840428664683,0.00742068748505215,0.0074066969076760315,0.562183756617454,0.5628800849156284,0.5622650355362208,0.324194664747849,,,,,0.3235468737934489,,0.31972742490198774,,0.32329277573346665,,,0.3244580033853518,0.3239757130666654,,,0.3316138901342357,0.3303699367116635,0.3297518911497336,0.3288865936098888,,0.32950630502771444,0.3300990757006691,0.3302546707636894,,,,0.32928836692908275,,0.3291735121199315,,0.3284629651938412,,,,0.3301984674084248,,0.5683073811733157,0.5700342481480976,0.00842216909115214,0.5689707329466411,,0.5674142188761678,,0.5681197156010219,,0.5677303502658391,,0.568426814332167,,,,,,,0.5677899091484789,0.5696332761957681,0.568442572497895,,0.5682067628279741,0.5680269495076291,0.5692793032139709,,0.5687867234814079,0.566947617599377,,0.3216592508893622,0.32141399440057117,,,,0.39703333761566295,0.3990318454294975,,0.4003382342296156,,0.6947012928016209,,0.6924159252762638,0.6928213481376615,,0.6942670665327237,,,0.6915238807761293,,0.6935346246764484,,0.6908998031633581,0.6925573506700049,,,,0.6943765442262512,0.6948906607693879,0.6937916169006452,0.6939226109187966,,0.6923438519003268,,,0.6918245715981006,,,0.6931828193947123,0.6929265136012887,,0.6930388028282066,0.694342938917692,,,0.6922326211892101,0.6907676203552997,0.6917151430001665,,,,,0.692531753532501,0.6931351105788109,,,0.6922234310134262,,0.6912990829993034,0.692055842599757,,,0.6954514159022925,,0.6900769767502578,0.6930575437889663,0.6936206464375029,0.6928795380351708,,0.692893618698877,,0.6906219134175281,0.6938410109015549,,0.6916584281691566,0.6911949755160517,0.6942073992599928,,,0.6911046920853026,0.693490840526624,,0.6920943180827724,,0.6903005158425056,0.6931600731756237,,,,,0.6926693047441942,,0.6916920228201039,0.6925287611628737,0.6929779987269052,0.6928612148863142,,,,0.012318311015680788,0.012331493216261159,,0.012268011067375514,,,,0.012308544934166037,,0.01231005477606244,0.012333743383669358,,0.012293112616564255,,0.012315833516918302,,0.012289962324326402,,0.012313253721789619,,,,0.012302831482269612,0.012298942838050329,,0.0123065698785072,0.012331976704491333,,,0.012327963203830263,0.01230761002079661,0.012316208195694046,0.012304905407707647,,0.012277662588310593,,,,0.01232643853777664,0.012314047277029422,,0.01231310767057922,,,0.012275295914693953,0.012324098755036688,,,,0.012274097261792379,0.012274195690195529,0.38970094613358014,,,0.6814029623432027,,,0.39609200128978983,,0.39601417209574885,0.39552113670547134,,,0.6829463226315521,,,,,0.6845299243167328,0.6834592363156383,,,,,0.6835071605805252,0.6843000381299246,0.6831779567644618,,,0.6808381916251802,,,0.6840189077682214,0.6835202050060595,,,0.6838599954472551,,0.6805658298793125,,,0.6842067927250743,0.6824077273486112,0.6821785116520904,0.6853520943183937,,,0.6829324599434461,,,,0.682885972305433,0.6835680804647892,0.6814792658041007,0.6830051011023152,0.6838134667425884,,0.6841994563584785,0.6849302202645982,0.6871656142098791,,,,,,,0.6826220188579883,0.6851069868457931,,,0.6828309666665171,,0.6825681501389963,,0.6794196291573864,0.683214062299918,0.6828407663773376,,0.6812456967095315,0.6799061882535828,0.6826809570791758,,0.6842444218302575,,,0.6808208318780875,0.6838348562141575,0.6822937335551696,,0.6816890666692371,0.6820482524580431,0.681465167706783,0.6799293017531431,0.6812541068910755,0.6802107446797293,0.6819211961265124,,0.6820171659381055,,0.6826594070334167,,,,,,0.6806781209467798,0.680125421913649,,0.6802268555518349,0.6821043249443438,0.6811232442667847,0.6802192783109694,0.680509991190955,,,0.6815681569033958,,0.6810696551131814,,0.6803646970328715,0.6802886359755176,,0.680178939679194,0.6808784636299849,0.6820834414993787,0.6836485627976117,,,0.6821341718819682,0.6834520327451077,,,0.6808703444156655,0.682990911725294,0.6843099312659208,0.6830897426541706,0.6805579881267864,0.6823380301663539,,,,,,,0.680245899228529,0.6818417375568193,0.679908108210051,,,,,,,0.68163515960966,0.682196035865523,,,,,,,0.6813411318056812,,,0.6808769416868891,0.6820456046792348,0.682614773769145,,0.6828685346401108,,,0.011896165217634229,,0.011874635238716064,0.6848232188816579,,0.6847312399911267,,,0.3938677798421551,0.3946193296541513,,,0.39345310742329465,,,,0.6857753616319602,0.39781582133149146,0.3976897886503476,0.3971541720028059,,,0.394483820173643,0.39043122875929126,,,,0.012439989463712104,,0.72133749444564,,,,0.012970955119901378,0.7276451926881136,0.01307029406025335,,,0.013072937156318902,,,,,,0.013238039752595306,,,,,,0.4250835924334052,,0.4259572596532902,,,0.42558422534542184,0.42505594136668345,0.4247244918395529,,,,,,,0.7479532290424007,,,,,,0.7538441894802754,,0.7535720894065356,0.013436283479651107,0.013385571288143001,0.013443615237621245,,0.7527853495100669,,,,,0.4333037589018331,0.43357441409169484,,,,,0.4335209226314511,,0.4346092705806502,,0.433806683598653,0.4345986337549437,,,0.434117425035502,0.4324617174163166,,0.43293137724958747,,,,0.4328450759631701,,0.43270767229676893,0.4320576448717613,,,,,0.4321077550345573,0.4333411008430624,,0.43241491684372024,0.4323848255803494,,,,0.4332264233645397,,0.43327090964163173,0.4328184740943857,,,0.43338609940024886,0.4330784621254236,,0.43280982626389036,0.4350279706693213,0.4317884444593496,0.4330210152915574,0.4334251304814945,,,0.43341033050395045,,,0.4334347399150692,,0.43300628651663514,,,0.011543992678055675,0.011557486193020322,0.011545603321295193,0.011523091188649297,0.011539552179590974,0.011566714997371632,0.011532214816017648,,,,,0.6835939510318786,0.680887100889188,0.6820272255157437,0.6806821627103902,0.6819426960876596,,,,0.6819258626814481,0.6830408958487917,0.6810471242334523,,0.6805331610444783,,,,,0.6826944519080298,0.01154840129636,,,0.011568366069901966,,0.011579769847801865,0.01156241662578713,,,,0.6812148351223085,,0.679686778913678,,0.6786030351352104,0.67663993884349,0.6785304208961457,0.6803034852641526,,0.6795613683494305,,0.6832149538686225,0.6785031666212045,0.6802814362606682,,0.6798744817373189,,,0.6826305584292052,0.680348100464374,,,0.6818718696007205,0.6805042554834425,,,,0.6808403621362538,0.680052611741337,,,,0.6825906253981354,0.6800777181979201,,,0.01152934239587517,,,,,,,,,0.011554593605964307,0.011549887730842704,,,0.01159737883270352,0.011569035724422808,0.011547595627680849,0.01154656378177099,0.011532359778561544,,0.011531746083459438,,0.011537659397314536,0.011516755076220814,0.011534573431488882,0.011581776503433927,0.6797922990995088,0.6810667634252467,0.6826448318074858,0.6807635161953892,0.6802489274534161,,0.6805255499417536,,,0.6822741371560626,,0.6793529956117438,0.6818148378879645,,0.6812124278561467,0.678412570382269,,0.6799874184181556,0.6805640981979202,,0.6784789191019099,0.6801697424654913,,,,,0.4017257520950714,0.4040852480478137,,,0.40161988884502,,0.008418748975781288,0.006436213279519846,,0.3323106433339419,,,,,,,,0.3254773796789278,0.3237134455870709,,,0.32383066624987566,0.3244663570999586,0.32431696147032524,0.3235476264763404,,,0.32387463595973087,,0.3247020883523208,,0.323712944289501,,,,0.325014530511846,0.3248184142775066,,,0.3239884834059713,,0.32339816372361574,,,,0.32316309788977265,0.3239991846676365,,,,0.3247729068771465,0.32464838186234424,0.32302500937096346,,,0.32440408525036124,,,0.3228229831217556,0.3246313987382652,,0.3241338898468081,,,,,,0.32375059713912735,,0.3239483381184321,,0.3242576411417077,0.32453573975767025,,0.3240350296404902,,,0.3249394455156716,,,,0.32481382055007707,0.3239238868086852,,,0.3249691332951134,0.3240690188869452,,,,0.3236794337378513,0.32469818158107777,0.3229924843144067,0.32528740225323416,0.3245584150022054,0.3249049000200106,,0.32479227525467025,,,0.32458436420914005,,,0.3244700772460412,0.3246229667622589,,,0.32448044620707117,,0.32431626990835577,0.32440580636869587,0.3244122802408514,0.3242651957377173,,0.32307433892700776,0.32434648562058843,,0.3250112161247262,0.3248932129038331,,0.3237853508671331,,0.32425666534723974,0.32562842145315263,0.3236143402420281,0.32364572843411005,,0.3242882889388301,,0.3239840907081376,,0.3241780170189624,,,0.3237366699917922,,,,,0.3236987260016235,0.3237661648016688,0.3239787767236622,0.3244012535076968,,0.3233657713435392,,,,,0.32510718670471384,0.3231626242978383,,,0.3247171507372436,,,0.3236303210038183,0.32263614266113216,0.3242535853321853,,0.32433160595504823,,0.3232655582397043,0.32339915224458704,0.3246886196088946,,,,0.32460231430234315,,,0.32385578606294846,,,,,0.32397619913582515,,,,,0.3221264516134298,,0.5770025373853951,0.008253299679394928,0.575267430992566,0.5631406937740593,0.5642707316459818,,0.007492516437038921,,0.5618666732928225
8,24,DG_48pct,96,Z01_F03,1,SLG_B,326,CKT7,True,5420.781237477963,5173.190353612034,5080.820475757337,4000.477832403374,3894.478832654036,556.0215583354923,52.14559316715099,1763.1315808217555,1585.9020531758017,878.2315926982338,802.4790906629876,265.7967624403287,4.2004704895927025,46.56998472657874,150.4375292442145,241.8803490457472,427.1374463026982,175.7428910422272,218.43919617951104,262.5584157825645,0.372069793216506,,0.3723965386688601,0.6418113151519806,0.0025271867465248986,,,,0.324462333180173,0.32366918047039245,,,0.563276999737534,0.5648132024533201,0.007412236071156526,0.00744789260449404,,0.5644262943217947,,0.5639682232258704,0.3235355596569394,,,,,,0.3216198929294677,0.321628788780588,0.3208897365818697,0.32415482600209833,0.32347983135918695,0.32294800935446955,,,,0.5798237491839773,,,,0.329378830240066,,,,,0.32970822235535285,,,,,,,,0.3298825212565409,,,,0.32983581516327193,,0.5699272912988992,0.008458547484635629,0.5686978373331639,0.5682725004364321,,,0.5682348056439706,0.5669971791251959,0.567293361194042,,,,0.5681629333142924,0.5669508534284812,,0.5670951038201999,,0.5684108378479074,,0.5698576245521296,,0.5681217844237246,,0.5675198366145077,0.5674687275859326,,0.5673156761183328,,,0.3225474612396121,,,,0.397680813073919,0.39923067960387454,0.39900930792299383,,0.6934128061707914,0.6948050768784314,0.6931429037327815,,0.6922169362734298,,,,0.6947930908173955,,,,0.6936986752044959,,,0.6940820666654177,0.691734549385496,0.6936501291384561,,0.6933425316263322,0.6937817443156479,0.6930632048208232,0.6925207362671294,0.6936370058924507,0.6932592002316915,0.6924773755366338,0.6944078764542617,,0.692110060811577,0.6925571978467299,0.6929232451205323,0.6914293320693545,,0.6909762859492923,,0.6918991160684882,0.6925890597923872,,0.6917642247040511,,0.6905996226913217,,0.6937651957987999,0.6913805521379648,,0.6947060598371063,0.693888425850865,0.6932221697655321,,,0.6944935055480872,,,,0.6927777090945223,0.6938534668899438,,0.6937717770255171,0.6936038181575819,0.6944178695998825,0.6930081090967216,,0.6922796609124321,0.6909208810738029,0.6927840862642493,0.6914325161156364,,0.6920001318065669,,,,0.692329189437108,0.6929359220631898,0.6925158968687576,,0.6933392945582787,,,0.6913741433558881,,,0.6922544983475357,0.6935037774857609,,0.6912499523833497,0.6915411346644285,0.6959672852659549,,0.012328861019737698,0.012315721755299394,0.012283187279793491,0.012309909064664643,,0.012313342860053214,0.01229624787871896,,0.012294676368835751,0.012291265565579645,,0.01231550924720797,,0.012305527152164123,0.01231662511891377,0.012330407039782746,,0.012316541033474435,,,0.0123068948322922,0.012307594059726713,,0.012291996801934027,,0.012286775126095727,,,0.012306085403868742,0.012318344599239462,0.012304380784003316,,0.012327839058160974,0.012280949688523187,0.01230665433914028,0.012289477996809704,,,,,,0.012336682901463338,0.012284573548514668,,,0.01227505806263058,,0.012288287605292226,,0.012331570560101294,0.012271798163070584,0.01229206237950031,0.01230530853573858,,0.3896068939693805,0.38875765743303975,,,0.39583600245054346,,,,,,,0.6828171547988117,0.68430810993542,,0.6838851273112289,0.6858175984171553,,0.6828071735382296,0.6845877532227065,0.6839958465534836,,,0.6841916158621448,0.6830349083824115,0.6828442024422425,0.6828455622255791,0.6826883705987521,0.6826448704377941,,0.6862587515783979,,0.6832303267005376,0.6835725246115218,,,,0.6830625394805885,0.6831989703710848,0.6801407819271802,0.6823523741105563,0.6820391413517833,,,,,0.6818589245882389,,,0.680901674723504,0.6838926893844172,,0.6832673925342378,0.6845021242747644,0.6827114024010146,,,0.6802398871945484,0.6841642681699236,0.6845581180831922,0.6835915265489063,,0.684504476430076,0.6835036567398199,0.6832649964041748,0.6833944773238457,,,0.6846814811905114,0.6820608605153726,,0.6838999912976741,0.6832921570529025,0.6840860707344867,0.6831883950045755,,,,,,0.6822347507858444,0.6822759563490094,,0.681026746102781,,,,0.6827268533410743,,,,,0.682318833035527,,0.6829062786101703,0.6831633763814258,,,0.6810938722356761,,,0.6815715560010618,,,0.6810415530729302,,,,0.6827360493503374,0.6804757532693404,,0.6817800545463166,0.6819109128311936,0.6816661058392863,,,,0.6807782510629412,0.6809688987527212,0.6822435616224544,,0.6811224031852778,0.6816968910938613,0.6811160121608236,,0.681695518236521,,0.6847065394496175,,0.6819282788843868,,,,,0.6811128756884792,0.6846001420989032,,,0.6821513323363104,0.682384658724382,,0.6817614336965774,,0.6788288488439764,0.6811777010883804,,0.6823175994859373,,0.6837255978324164,0.6809127621686047,,,,,,0.6796743333859099,,0.6836028919446542,0.683770133485169,,,0.6814331612922138,0.6834617161042384,,0.6828094374163326,0.6835221688441977,0.6830293919423982,0.6808782779047212,,,,0.011878880459188076,,,,0.6838679582235023,,,,,0.39355133259638964,0.39386043871626286,0.3937745791133697,0.3947638335050604,,0.012124396836327397,0.6848291513888831,,0.3967621652463644,,0.39415848158771727,0.3954551115996452,,0.3900972376053776,,0.39019952367176675,,,,,0.012827331823508502,,,,0.7258795090639041,,,,,,,0.013103224868062242,0.733038851521993,0.013210651710654912,,0.42543560540197684,,,0.4244606912440635,,,,,,0.4249622253137525,,,,,,0.42522747432616487,,,,,0.7497414543416507,,,,,,0.753162822841371,,,,,0.01344694462929404,,0.7525699925362694,,0.7530055976809649,,0.43400862919651095,,0.43428655141746275,,0.4326731507074927,,,0.4336563679742532,0.4335009258237708,,,0.43381397637093333,0.43362886978610593,,,0.43352138360928155,0.4340983232991896,,,0.4318468820506273,,0.43311623103104696,0.4342952829520672,,,,0.4325036710171121,,,0.43270056129742845,,,0.4323185041386813,,,,0.4343358017770358,,0.43416828381254036,,,0.43340201446529825,0.43255053646266745,0.4334606015264464,0.4334786424085709,,,,0.4338932438695511,0.4346962332680056,0.43310157014482387,,,,,0.43230176313345603,,,0.43349644925008995,,0.011546930293346963,,,,0.011555322441472528,0.011535880228040493,0.01155882131633619,0.011552655165342702,0.011562500545659356,0.011517564377828571,,0.6809959778039333,,0.6820631398138287,0.6810018029685845,,,,,,,,0.681137802771814,,0.6801393951352935,,,,0.6811899525498767,,0.011573324217171558,0.011527579267011227,,,,,0.01156075736528224,,,0.6798845852868693,0.6797043014029023,,,,,0.6799379560891307,,0.6810524702533579,,,0.6794784128774045,,,0.6794868207948627,0.6815775837744282,,,0.6822336923074116,0.6831334762663621,0.6821759816266426,,0.681767682666905,0.6824493310866977,0.6818431593322106,0.6689569560163842,,0.6800465960658766,,,,0.6785392000903026,,,0.6809008672610783,,,0.011559349981401212,0.011562007142368335,0.011554122876839067,,,0.011549470943005,,0.011512736945040484,,0.011577627483873285,,0.011564818261725946,0.011537337452667665,0.011570639768592387,0.011584506044859402,,,0.01150616130757835,0.011585411475234494,,0.01156697813549654,,,,,0.6823612171374037,,,,0.6777782409349303,0.6810319129076068,,0.6821145100466955,,,0.6810380029943448,0.6800737513145666,,0.681303631231904,,0.6828294321625867,,0.6796154901869043,0.6802886290217736,,0.679098433603898,,0.6792454397060189,,0.6803163338122005,0.6811877033252692,,0.4028646789803764,,,0.4034646550056676,0.40265757076389164,0.00840203644163969,,0.33360767315442125,0.33291573984811584,0.3328380565616624,,0.3245141628059222,0.3244778077766912,0.32290984316460186,,0.3236807299857971,0.3245116596970027,0.32371373243949186,0.3246056575610917,0.32452170831275806,,0.32432377405534285,,,0.32486302335552564,0.3231778365883361,0.32499696444099146,0.32399811235467985,,,0.3241508262216914,0.3243235669247525,0.32477401017932694,,0.324438053931362,0.32492379057484333,,,,0.3241616430297145,,,,,,,,0.3234174044753461,0.3245455129354606,,0.32444326832524845,,0.32461281746677445,,,,0.3242587995296724,,0.3251395517757202,,,,,0.32405405346561394,,,,,,,0.3241544031966977,,,0.32482245977398977,,,,,0.32412908115368433,,0.32513143557216523,0.3241363853686939,,0.3239196226846457,0.3228502226698405,,0.32391052937367665,0.3241068876233863,,,0.32381274625836803,0.3242648996011747,,0.3244120009484628,0.3240513796105137,0.3236420063241325,,0.3241138601720615,,0.32377852607027774,0.32314825833846067,0.324422428108607,0.32425431162201873,,0.3239279757916854,0.32474053665319735,,0.3235471916283011,,,0.3252160813474443,,,,0.32384731103192044,,,,0.32423038179779684,,0.3240073619193794,0.32407877337035124,,,0.3239521342033628,0.3238397474422854,0.32392466971558875,0.3241037336083901,0.32369584096360415,0.3239585827328546,,0.32447762445573897,0.3253019909090523,0.3248402361942748,0.3232092012547211,,0.32273612514289174,0.32341046788799593,,,,,0.32331314014055407,0.3234451327860519,,0.32503153666434104,,,0.32384244021018616,,0.32433485478469093,0.32449942148179817,,0.3242456851376247,,0.3248984479271042,0.3237496780152988,0.323623643895936,,0.32460188465934214,0.32426854737357774,,,,0.3253894930456843,0.32417032986202043,,,0.32411145647671874,0.32451962621693775,,0.3240510477901283,0.3241911084321256,0.32549976329174063,,,,0.3251524281126349,,0.32233048699784583,,,0.5741859425699062,,0.5749350762944637,0.5637611382420371,,0.007461871499177079,,,
8,24,DG_48pct,96,Z01_F04,1,SLG_B,333,CKT7,True,5408.497229651233,5149.936143691224,5071.412201548872,3966.548141036846,3882.5250845417345,556.4501273283273,52.09791287251551,1770.4508722100863,1585.5696351257145,864.1966837227563,804.2097699482372,268.0897433334891,4.216443645790673,46.580091085666695,150.2840129141526,243.04181605821123,426.48805598853653,174.710805200946,218.73519015824922,262.05958400050883,0.3721101646955951,,,0.6404587442344303,,0.6446333505777645,0.004226779797591098,,,,0.007300026869116221,0.5644431359524249,0.5632633189460833,0.5623703487170874,0.007411870584516404,0.007414539012637981,,0.5641551844983077,0.5616851504487742,0.5642721892250726,,,,0.3229481318565767,,,0.32057906926638674,,0.3202594844541081,0.3235397930464704,0.3243463622441825,,,0.3234291616813041,0.3239626558114467,0.5788995689137871,0.3294379863680413,0.32989953305202313,0.32913090282765156,0.32838179627513586,,,,0.3291200119403128,,0.3307300652965274,,0.3297624684544324,0.32950162175297,0.3287262972069283,,0.3289785894446062,0.3290562254958172,,,0.3291227963129456,,,0.5694308765330235,0.00845292178451526,0.5696339779028193,0.5692499346806053,0.5694544515574147,,0.5676997783796377,0.5665062263467266,0.5675608395117396,,0.5687750777639562,0.5686888543300639,,0.5667136673437484,0.5684545341530065,0.5671636950078808,0.567962174112363,0.5674577701396805,,0.5697472823859913,0.5679123456799718,0.5687439156141468,0.5672509152756792,0.5686007303192118,0.5667102208073418,0.5665970957781935,0.5685224418777725,0.32168381814201485,,0.32138615458818437,0.012261552626921341,,,0.39773350941281355,,,0.3990938937889308,0.6926711979520588,0.6930323515219865,,0.6928029054735443,,,,,0.692154025127513,,0.6906603398088309,0.6927053765970977,,,,,,,0.6912938471666071,0.6946743019766256,0.6915654291129683,0.69249310200949,,0.690687059778837,,0.692545895469002,,,,,0.690566257376335,0.6929641967167642,,0.6925360406619402,0.6920148535261825,,,,0.6906414637991732,,0.6916921061111456,,0.6914808833746474,0.6930494581992538,,,0.6920186796405804,0.6939065101618174,,,,,0.6921435086340262,0.6936781752758837,0.6940526136126551,,,,0.6939940255254459,,0.6922673645889319,0.693489166418089,,0.6926951198180568,,,,,0.6938798213682622,0.6932737742792716,,,,,,,0.6930039516891968,0.6912822449066852,0.6919936227650962,0.6914436158286229,0.6913479540800291,0.6933375282728353,0.6949810141494127,0.6933163634170195,0.6917977749807461,,0.6936049753453611,0.6923308133243105,0.012292625129292118,,,0.012302363343599272,,0.012285688045582093,,,,0.01232074766437559,0.012344603734344605,0.012294045885539529,0.012322810532615023,0.012345025113423416,,0.012282654293613068,,,0.012335847455850238,0.012314706177993486,,,0.012268302593185516,0.01231799962875512,0.01233336269953803,,,,,0.01230396077941426,,0.012265135205371494,,,,,0.012307010584634294,,0.012316334110218052,0.012280191340046525,0.012331186133796851,0.012329781859692891,,0.012289691794231438,,0.012347094999716613,,,,,0.012315445520510747,0.012336301597185262,,0.3897333008709107,,,0.6832211363441003,0.6818814308932051,0.39493365024369387,,,,,0.39517836465639244,0.6816694397792593,,,,0.6833155744631709,,0.682640939556386,0.6834519685357513,,0.6842312708903671,0.6851608002723025,,0.68404793128918,0.6827023619097167,,,,0.6829049911103832,,0.6837383044488561,0.6827873071406645,0.6812291582333343,,0.68274175939168,0.6836753742329543,0.6815581718114189,0.6821032244021877,0.6816407548892945,0.6811570050482563,0.6835570258136943,,0.6808428805220295,,0.6816285210627403,,,0.6835747237398596,0.6822311410972837,,,0.6830478589233108,,0.6819793310195751,,0.6821586507169287,0.6826456326260961,,,0.6808150621188949,,,,,,,0.6822751112058032,0.6846592309790605,,,0.68350579028537,,,0.6841200821839657,,,,0.6808384941861755,0.6816541707135023,,,,0.680620160534043,0.6808951844988707,0.6805373311982883,,0.6818200910971518,,0.6838431753790487,0.6819246221734377,0.6817054839263583,,,0.6813497674857892,,0.679987660783408,0.6818590658955502,,,0.681120343033301,0.6816492437563566,0.6823825075006393,,0.6815198685583904,,,0.6818093085226419,,0.6828118008796303,,0.6812535691588815,0.6815230475087363,0.6793774696235656,0.6811690292242251,0.6816672874010886,,,0.6820752340119443,,0.6821247246104625,,0.6812996768653299,,0.6809754113849585,0.6821461072607812,,,0.6824899550806403,,,,,0.682408418378849,0.6803785177531058,,,,,0.6837264010984392,,0.6814721435631313,0.6808241066315552,,,0.6819073103776065,0.6823596821395741,0.6813857963156947,0.6828241299343336,0.6808799647328204,,,0.6822412019815046,,,,0.681605020057543,,0.6823748977187676,0.6819613966018332,0.6805185475742731,,0.6842662581864946,0.6810396329618884,,,,0.6819105977457836,,0.6845103916147884,,0.011927349914720135,0.011905727071575438,,0.6867850961698377,0.685242196437884,0.6862179304123538,,,0.3933444383960318,,0.3940603004163119,,0.39486988244961946,0.39429519323630935,,0.012102644622805117,0.6853818848400262,,,0.39729257885354685,,,0.3946093333044947,,0.3902794895587246,,0.6984036002906264,,0.6960165654536289,,,,,,0.7265224426231285,,,0.013108719995274404,0.01314882506336539,0.013084731316177196,0.7340442251983078,0.013125426194530575,,,0.013247367209194531,,,,0.4248295980482286,,0.4249652125036947,0.42489314605624157,0.4255123167025843,0.4251933548232011,0.4256386546174674,,0.4245828719271518,,0.42482311863099986,,0.4251697165740816,,0.4250405456597939,,0.745721358642085,0.7463689859728346,,0.7483534937670608,0.7429372837552015,0.7521947725003818,0.7544724537910701,,,0.013407557498362746,,0.013425294942514411,,,0.7520628815001034,,0.7510867589925091,,,0.43342970335383646,0.4342375909280375,,0.43350253265080946,,,0.4344912472294622,0.43416870709907,0.43240521453496283,0.4337800062998333,0.4325763147564356,0.43306301294117244,,0.43395546335070545,0.4331439138375706,0.433225547946099,,,,0.4337414243971598,,0.4342452219364823,0.4321817317189055,0.4340246127120773,0.4336038136639622,,,,,0.4334347741380824,0.4326415997496352,0.4331472779624627,,0.4349840469415809,,,,0.43342756842526337,,0.4332902360211285,,0.43277677124700653,0.43324110184229325,0.4349165312988706,0.43410463840681335,0.4324580465801556,,,,0.4332370637308347,0.4342103329096967,0.43209138885090054,,0.4327087932205392,,0.4337199002964976,0.43315613461331925,,0.011538228543622754,0.011568213968060818,,0.011521477273224688,0.011542054146944074,0.011536750682109026,0.011548535197577236,0.01155250241296528,0.011497445042393991,,0.011540724882422181,0.011555303438230555,,,0.6828978964344267,,0.6809589281578231,,0.6808967299469029,,0.6796567375365109,,,,0.6810746157998355,,,0.6809193234700165,0.6808378535953352,,,0.01154361598665376,,,,0.01156348564546628,,0.011572846273421296,,0.6810912782469873,0.6801257711633495,,0.6780907836768905,,,0.6804424356789412,,0.6789254974967648,,0.6806004972728696,0.6792530287411241,0.678943588235275,,,,0.680513909232863,,,0.6823220005091555,,,,,,,0.6696114843298211,0.680272762616621,,0.6767674504729709,0.6824484716141672,0.6795582841172467,,,,,,,,,0.011533671389888728,0.011543901365598465,0.011530019447799397,0.011536901985682888,,,,0.01150341189152002,,0.011567616363735435,,,0.01154360861086934,0.011521904305751925,0.011547816223417613,,,,,,0.01155383334407214,0.011529664950417361,0.011529947452859995,,,0.6810438247802972,,,0.6809863427131555,0.6798431694838474,,0.682506944002046,,0.6775070415422396,0.6781063661677819,0.6797461187541041,,0.6777684645355285,0.6804314738549482,0.6800065244596111,0.6814408432829332,,,0.6811826724608587,0.6810745904261971,,0.6806597184918821,0.681178563903025,0.6808498134689595,0.40266356470468556,,0.4032627902889285,,,0.40188952074972323,0.008423025754137043,0.006442840052530819,,,0.33320632444661913,,0.3241362050951692,,,0.32342090307461,0.3240255992605855,0.324084821099316,0.3242788115926153,,0.32509257524974017,0.32411705801907725,0.32417284307343475,,,0.32328297929836197,,,0.3244045055110165,0.3238837681313716,0.32410053140690565,,0.32443193068770954,0.32426850715286243,0.3241999730653283,,0.3236777590215116,0.32445374631266677,,0.3243277788816317,0.3246201953303491,0.3243908050681327,,0.32382205413146536,,0.3245795203327884,0.3246937601662599,,,0.3243191708405394,,0.3246047562877365,0.324106177842525,0.3243709257375878,,0.32435417847616965,0.32447143690056673,,,0.32477004189630654,0.32475533728427325,0.3241545428599682,0.32436588639700864,0.32445684908446953,,,,0.3243549876213413,0.32336650774743164,,,0.32476929687625383,0.32463768100732465,,0.323333388494364,0.3238215658182541,0.32444322857831087,,0.32474418879733497,,,0.3236185600214716,0.32512045060735295,0.32445406363406476,0.32419036096626397,,,,0.3237264968230199,0.3241849418578694,,,,,0.32471992627896534,0.3247350904837676,,0.32427389775439347,,,,,,,0.3232922180212702,0.3239030308155477,0.3247269488232055,,0.323874908164956,0.32487818204597524,,0.3237864129730814,0.3245465595044505,0.3249665122679338,0.32437437953071385,,0.32394911972895035,,,0.32449712493684557,0.32335032566006744,0.32405322602303704,0.32485933608629247,0.3253534039103301,,0.32336766676687384,0.32453993084457916,0.32384803828422176,0.3235727684116048,0.3237262094257109,0.3230783613942718,0.323411168707361,0.3247254345613212,,,,,,0.3233402762349814,0.3246333796674222,,,0.32535522410805645,0.32422247162296647,0.3240047649875035,0.3238036042288569,0.3245163959539099,,0.3237368739738038,0.32388779302802695,0.32524686350842263,,,,0.32548676581284625,,0.3247372898293164,0.32403031913076846,,0.3237520715082379,0.3248181941721544,0.3239226387397295,0.32370321210848135,0.3234412931731598,0.32337105002429584,0.32313403327291895,,,,,,0.32492850327052153,,,0.32455966488184484,,0.32453887990438923,,,,0.3225379016476321,,0.32275226465989965,0.5755664098555834,0.008246886517773196,0.5765510606066908,0.5636930131153343,0.5635153347910327,0.007486588169029166,0.007466742835092935,0.5648098687576093,0.5638633308111238
8,24,DG_48pct,96,Z01_F05,1,LL_AB,333,CKT7,True,489.56559135124303,408.2584460749833,386.72116665342355,271.37885822274336,263.7290570000695,37.82195872110343,3.672777134636405,117.67490445102419,105.986101087084,58.01993858672351,54.19078125504713,17.872916966967857,0.2611452429777154,5.246713139882878,15.657869722325605,16.50670855860326,28.69095283964993,11.997638907028174,15.035541089222747,17.48530447076677,,,,0.004776054324419592,,0.06091147931903244,0.007748612318008198,0.0002598317337574543,,0.0002594605243427589,0.01358332140876239,,0.014257573529296791,,,,,,0.042476522469709475,0.04253526614558386,0.0002602548044319764,0.0002605743984442823,0.0002595914183860996,0.00025920572844145937,0.00025940068384648526,,,,,0.0002595266187140788,,0.0002601133124692472,,,,,,0.000259228765302548,,,0.0002611498976077576,0.0002608069722277013,,0.0002618176774233969,0.000261953792070135,,0.00026201743761280875,,0.00026100901352826676,0.0002616696144526563,,0.0002613359534921996,0.00026126899395275245,0.00026174758117599464,0.00026160580107325004,,,0.016090726006517134,0.01608247096283253,,,0.016259577328934276,,,,0.016225260854618236,0.016280906137911527,,0.01624130444644047,,,,0.01626822643595236,0.016223615874368207,0.016241603180224887,,,,0.016227990448799315,0.016214650998009682,0.016256795388302804,0.016206035623466408,0.01622065589754715,0.01626428470912682,,0.00025430091644405796,,,,0.00029549108440835205,0.0002962983802394472,,0.0002978288997745192,0.0002974654498316697,,0.023293412297643337,,0.02334626551480361,0.023349150051612932,0.023388031933046966,,0.0233496918014385,,0.02326743887922033,0.02329316552151268,0.023259584100503824,,,,0.023337965605102137,,,0.023300691625403526,,0.023269812154349118,,0.023383449801811382,,,,,,,,0.02331373267896552,,0.023318946505732196,,0.023334829552013152,0.02331262071576295,0.023260423058464347,0.023248890086911594,,0.023249717994026718,,0.023334020562390246,0.023335814081226813,,0.046607975848596994,0.04673183532189542,0.046622699667004934,0.04676291114561853,0.04677646707926405,0.04656971258074103,0.04671460491895741,0.0466099905701154,,,0.04674264556297677,,0.04664504370819027,,0.04667438996733626,,,0.04672729990611906,,0.0465577344730663,,,,0.046782664921535634,,0.046788237189288935,0.04674275691687952,,0.04671635099481873,,0.04669553572184142,,,,0.04678445925638278,,,0.04675323022012057,0.04692291097072832,,,0.04666207189926137,,,0.046685344997409645,,,0.022792963258412416,,0.022797741672499063,,,0.02284770224088353,,,,,,0.022784925891587232,,0.02276093393553138,,0.022741868118500205,,,0.022802313697987738,,0.022761400132812037,,,,,,0.022827654762253624,0.022745441991236827,,,,,,0.022822477356744083,,0.022753110951528543,0.02278425494783663,0.022795170894915676,0.022786765067827144,,0.022796816254354788,,,,0.022765213294525084,,0.022787910379890527,0.02277111888521826,0.02279667878931053,0.022762544679814235,0.02275552889178145,0.0002845236718963506,,,,0.022803784776256723,0.0002940597392116066,0.00029408663799478785,,,0.0002943615000035439,,0.022558131134724133,,,0.02251669654787043,,0.022457127474797254,0.02254489806964972,0.022471886761491384,0.022509431844250614,,0.022488634917580737,,,,0.022527428697007804,,,0.02253027731353093,0.022423393746827735,,,0.02248261821533368,,0.022498577945148406,0.02242446525467823,,0.02240449159938924,0.022408918041097587,,,0.022437103035874144,,,0.022451492066457673,0.022466432643250392,,0.022462291132670707,,0.022407248491030124,0.022494131928588044,0.022522434042003218,,0.022590156148506204,0.02259395943332348,,0.022555497816743732,,0.022649509848862635,,0.022657401844448238,,0.022573382858318544,,0.022613869928016443,,,,0.022630195059906225,0.02260763818945678,,0.0226738702741799,0.02257051881339932,,0.022590825872131872,,0.022612652274124338,,,,,0.022501941684738465,,,,0.046441118422395004,0.04648065631234547,,,0.046444407983953044,,,,,0.04634452157807032,,0.04633529704045783,,0.046203732517594874,,,0.04628698654011878,,,0.04618489473728246,,0.04623482173174077,,0.04622479956288299,0.04647883299510372,0.04649060891291321,,,0.046425409032322645,0.0464108985134474,,0.04638240312558798,0.04634552333048011,0.046294925933193794,,0.046425972171909254,,,,0.046559307806234476,,,,0.0465652494103663,,,0.04615911553910491,0.046540182138331936,0.04645543221009001,,0.046605121480895934,0.04637189305650129,0.046421615770577414,0.04649802503364495,0.04649701921466732,0.04639034451506595,0.04640419886490942,0.046367294320168305,,,0.04629383546693781,0.04640652442170519,,,0.0463844716057544,,0.04638150294607566,,,0.04641556386012955,,0.04633970122724391,,,,,0.04639509460547889,,,,,0.04632233672668954,0.0463754889200791,,0.022127049674480013,0.022150668124710154,0.022206231521492696,0.02211137099138377,,,,,0.02259845575892444,,0.00029068307546123044,0.00029086686984364284,0.0002908430171893126,0.0002909061125910021,,,,0.04642475716997745,,,0.00029516763538363746,0.0002884478169474025,,,0.00028143857074075415,,,,0.02304262249780653,0.046832206418836966,0.024358878375784397,0.023841998371360786,0.048333536223856416,0.024681682116067794,0.024177766222344195,0.048991536165080736,0.024250178636631828,,,,,,0.024307175080062356,0.049187169246002964,0.024509235963821232,0.02453465075321013,,0.00032226222542535126,,,0.00032283355295433907,,,,0.00032343942073380177,,0.0003232695703126622,0.0003231486536691599,0.0003223090073346983,,,,,,,,0.05028701743407325,,,,0.025502339936871562,,0.025490159884417548,0.025526254867332458,,0.02500282940378971,0.02493760103035635,0.024989808177542986,0.05061230272723238,0.05065763486105854,0.050521368912900336,,0.000329245237443796,0.00032869596952039045,0.0003294321662071506,,,,,0.000329004499910678,,,,0.0003292091409606183,,,0.00033009515290607645,,,0.0003290061341168403,0.0003291788711113705,,0.00032897395406586655,,0.0003286448210193912,,,,0.00032906862535746055,,0.0003283692488406585,,0.0003288835015433668,,0.00032828223934925786,0.0003282199236772156,0.00032878409636695916,,,,0.00032856714600584504,,0.00032869599842563893,0.00032943477495764296,,0.0003293701259614678,,0.00032882958397942855,,0.00033009149446438574,,0.0003292930706931821,,0.00032926588818751087,,0.00032985981837031086,0.00032794233953297667,0.0003290183895028374,0.00032865990654022665,,,0.00032794614248424887,0.021573622718529483,,0.021434861192245778,0.02149618860688373,,,0.021581252526674092,,,,0.021485907502648355,,0.022087917891343605,,0.02202429332657143,,,,,0.022092854641869195,0.022101918699339713,,,,0.022054839496096417,0.022077780655472473,0.02199280149642117,,,0.022107598509111894,,,,,,0.02159896878854528,0.021621126688783097,,0.02152377987040477,0.046716258578772124,0.04657800831334157,0.04682905205603303,,,,0.046588431944471154,0.046522611548284916,0.046721118573721916,0.04665913093945483,,0.046660218515906515,0.04681407004367379,,,0.02209629921629375,0.022042563461291916,,,0.02208348991475828,,0.02211774221081191,,,,0.022072672856923176,0.0217902332759987,,,,0.046804045032467136,0.0467841779872857,,,,0.04679554283084242,0.021557722087557477,0.02151474996049035,,,,,0.02156002755531875,,,0.021523234318061465,0.02157414845108058,,,,,0.021549632115920585,0.021537894381841678,0.021546553602861375,0.021490549481844094,0.02157153315944861,,0.021578060997726634,,0.021563189563096725,,0.02155635286105374,0.021593270905821492,0.04680805483787542,,,0.04673260586423377,0.04683133037188448,,0.04693240338867314,0.04680402793869352,0.046815372931339465,0.04673454278866478,,0.04667482147445805,0.04658996551434052,0.04670527974675142,0.046844009534479106,0.046663881924503645,0.04671612209686937,0.046768684776000796,,0.04676173089576269,,0.04674264231776264,,0.046764013678833226,0.04669431591295415,0.046741899861254876,,0.00030192084202513886,0.00030253612902582096,0.0003014772431191925,0.00030149496748116064,0.0003021508265115485,0.015661670192235883,0.011997901068789884,,0.00026378980377889127,0.00026386168094706463,0.02524458759444281,0.0002614090524440438,0.00026140407393297624,0.0002614550267664424,0.00026152603358404043,,0.0002609948597975132,,0.0002611174280561481,0.00026025186582387074,,,,,,,0.0002610554953135206,0.00026076922995386644,,0.00026085136791623983,0.00026089203778013626,,,,,,,,,,,0.00025999119529873346,0.0002616222633145063,,,,0.000261684710179565,0.00026076020402234336,,,0.0002609149449969226,,,0.0002609730883809679,0.0002610446415392916,0.00026057264652552104,0.0002602166643994015,,0.00026067389923099924,0.000261702813617272,,,,0.0002615404283570235,0.000260942501505783,,0.00026072540290822773,,,0.00026143577031580595,0.00026113801925455233,,,0.000261115766966189,,,0.0002612901743269429,0.0002610409762172997,0.0002617125806368082,0.0002612548518273611,,,,,,0.0002613652857284271,0.0002603063573410991,,,0.0002606609170147413,0.0002605753621037163,,,0.00026147760474993056,0.00026105248225808607,,,,0.00026038839704863785,,,0.00026096281644784813,,,,0.0002606761018263821,,0.00026030501428799495,0.0002617358406323444,,0.0002608796975998674,,,,0.0002605208024997349,0.0002610331724053822,0.0002601934470697822,,0.0002614378705339578,0.0002616965115299094,,0.0002610549421187517,,,,0.0002612384291803345,,,0.00026084071966014927,,0.00026159637440031366,0.0002603529373459167,0.0002605878991792819,0.0002612085913035339,0.00026151507503467745,,0.00026144559196954686,,,0.00026171155689773434,,0.0002602076237244055,,0.0002606561344309042,0.00026154744397431515,0.0002614091146765699,,,0.0002611167947085172,,0.0002616259693491161,0.0002609168511345979,,0.0002604828651268069,,,0.0002601822897932287,0.0002611860090187112,,,0.00026082541724835236,,0.00026153529911413425,0.00026132495068659516,0.0002613733432629824,,0.000261331107194361,,0.0002610530108811389,,,0.00026085865096348325,,0.0002606980483415567,0.0002606725362993321,0.0002613813448089695,0.0002607517814934121,0.0002614607863199599,,0.0002531699417435985,0.0002533829474545807,0.00025322789205855297,0.015855133587758936,0.015369132173009921,0.042190398458782835,0.014368966555012925,0.014377307396103675,0.013940927900034102,,,0.04225489173639962
8,24,DG_48pct,96,Z01_F06,1,LL_AB,215299,318412,True,489.1358444741771,408.6173862838207,386.3954835370891,273.3207890394701,264.27718903703675,38.009891554448245,3.690341479208221,118.6859327764765,106.69193003958732,58.040810424670454,54.021287087542795,17.819921358915035,0.2600119111578151,5.255521108552544,15.688340686559249,16.481097473635646,28.703993256716032,11.914482710725,14.984499354581832,17.503256429778183,0.0002937599408953334,0.0002937422928240072,0.00029287535575677967,0.004772118696518525,0.004364360346607204,0.06106530449440679,0.007755258718748275,,,0.0002597564103942756,,,,,,,,,,0.04231029505986228,,0.0002600635723070604,,0.00025983070938173446,,0.00025972097428244906,,0.0002561760980834304,0.00025640552244375224,,0.0002609547249196715,,0.000259619637636071,0.00025996599165035707,,,0.0002593503535569186,,,0.000260695290419338,,0.00026050763935375445,,,0.00026237095092735004,,,0.00026151403874622483,,0.0002616174142754645,,,0.0002616247184284002,0.000261609066984861,,0.0002612650326767837,0.0002612929929956149,,0.016195987100540182,0.01567568185587882,0.0412049436599106,0.016224302551739282,0.016185321858087916,0.01626726321205158,,,0.016223236339285105,0.016216307233021362,,,,0.016266484536447023,,0.016227999774040783,,,,0.016233220196482788,0.016254640027525986,0.01621915663656479,0.01624311344191709,0.016217923351991893,0.016251371753404742,0.0162245290940958,0.0162416123638809,,0.00025472467381578616,0.0002532603208519569,0.022643339048778296,,0.00029598482119314837,0.0002961752463063879,,,,0.023282106153542124,,,0.02330764910994708,,,,,,0.02336177508596737,,,0.0233080150918111,,0.023273469316058663,0.02329488462638485,0.023289625015930588,,,,0.02335666867492641,0.023300403429852564,,,,0.02333226839919036,0.023279633383638934,0.023361687956372723,0.023395566750241896,,0.0232998359418574,0.02328595263727056,,,0.02330187219422409,0.023272426900264983,,,0.023309500107147316,,0.023350695989638768,,0.023283352587521667,0.046557612378330844,0.04663108921510872,,,0.04670170018543134,,0.046609586392392294,,,,0.046643297780119206,0.04678974479548969,0.04674419684289962,0.0466234129412495,0.04671983702669549,0.04669474920481013,,0.046765693470173036,0.04667759149830527,,0.046680921495897455,,,0.046665048669004415,,0.046701145267383386,,0.04670404777374327,,,,0.04645492645791095,0.046695937624908035,0.04666657099360437,,,,0.04677632016294313,0.046770384390781905,,0.04662288402296163,,,0.046781892518766154,0.04665199616457356,0.022712398317813434,0.02283459363949972,0.022794328300821856,0.022847555785421803,,,0.022789377738402675,0.02277653107727356,0.022781748132762014,,0.022794538249725122,,,0.02288117181009941,,0.02278849931347125,0.022842735391707718,,,,,0.022815106968190918,,0.022792452397896158,0.02278969138733398,0.022795364531580774,0.02274846654214875,0.022827962399825298,0.022754276644362973,0.02281124158801952,0.02274633328197731,0.02279957020155428,0.022787210462643745,,,,0.022786879698125942,,0.022805747210110878,,0.022687984880550124,0.022767092404722026,0.02277968298095641,,0.022841415854584157,,0.02273561860816822,,,0.022779007598900895,0.022719104658321804,0.02277916611823449,,0.00028408908181922025,0.00028482861334662527,0.00028364849937838983,,,,0.0002945422117880298,,0.0002941847752609684,,0.00029431722195256244,0.02249556037447387,,0.02243798590137653,0.02249186744078102,0.022477691061621285,0.022503165751733358,0.022575925505058363,,,,,0.02245586883914694,0.02244904950977484,,,0.022511747466622357,,0.022477466822508712,0.022457471568348472,0.02250870266946339,,,0.02252553951824352,0.02247599113283339,,,,,0.022451822628551787,0.022498954663516223,0.0225630267948531,0.0225081012642756,0.02248140148450514,,0.022464728704448083,0.022409004170779772,0.022480866578895226,0.022482278302796196,,,0.022656006133984795,,,,0.022549144769723944,0.02254323475776515,0.022543089552799433,,0.022663848751690793,,0.02261477813762559,,0.022607828211653844,,,,0.022613054589795345,0.022578762148119918,,0.022573310082148218,0.022549812557783336,,,,0.02256874853497256,,0.02257722020814145,0.02259172120492977,0.02261112687180099,0.022607119574019067,,,0.04653001936902451,,,0.046353969396519513,,0.04638847913442019,0.04638991081554135,,,0.04647953763170209,,0.046481444527288474,,0.046366516724203534,,0.04631617529415119,,0.04637023183089086,,,,0.04626639437027648,,0.04635947396620041,0.046223934734605406,0.046237701691552745,,0.046451559380655774,0.046484692885593,0.04630458390218962,0.046293319624769375,0.04627080841770187,,0.04649423229486397,,0.04647538800316268,,,0.04640974648959076,0.046582542639792786,,0.046296062185171516,0.046385562335314816,,0.046326825490637755,0.04642516738327711,,,0.04635927300984606,0.04640145061973247,0.0465344996419672,0.04652488223892391,,0.046487323082778795,,0.04639286724539771,0.04647464567880523,0.04636647627459325,,,0.04632982887646248,,0.04648662709603418,,0.04634851081231923,,0.04647840467899292,0.046352408996711385,0.04639439484806582,,0.04638224786840903,0.04640700566574904,0.046346949296294127,,0.046451038416624735,0.04632173124378032,0.04634056533738445,,,,,,,,,,,,0.022093694906046686,,,0.02256510635137682,0.02267692226687257,,0.022586846706759076,,,,,0.00029084144239847074,0.0002907178797608228,,0.022428933550809944,0.04626886806455389,0.00029498706385920934,,0.0002951724560814583,0.0002881463520890414,0.00028915306853847714,,,0.00028028499278612095,0.00028127318691007814,0.023522497756415274,0.023031716484374104,0.046836844783838955,,0.023774133823425556,0.048361883230603586,,0.024096705376923478,,,0.024343567356523547,,0.02431764721007631,0.024293807921333434,0.024950132229247426,0.024319233999773166,,0.024530445353408203,0.024503065530467785,0.0003224164630275722,0.00032297881049068305,,0.00032288805135022357,0.0003228257126173212,,,,,,0.00032238930536201315,,0.00032238924013014555,,,,0.00032383562982403046,,0.05028643060624389,,,0.05028767301741287,0.05038516180266264,0.05004987202307637,0.02548442711982801,,0.025549144793887393,,,0.024973261442888212,0.025020432613347018,,0.05071886437815933,0.0506349112877244,0.05054098750628003,0.050488430971774044,,0.0003284584521135504,0.0003290392835440137,0.0003293642318654391,0.0003299850026635233,,0.0003283474744316231,,0.00032876137897696196,0.000327781663477907,,0.0003295103974837003,0.00032901943717309493,0.00032814892531693934,0.00032866922956432043,,,,,,,0.00032873839241053193,0.0003281095301216404,,,0.00032865216437042225,0.00032883115616674644,,0.0003287870062144874,,0.0003294396593274433,,0.00032752473033232146,,0.00032867377631491803,,,0.0003287111667617485,,,0.0003292482668109854,,,,0.00032973316352923195,,0.00032904298137316924,0.0003295058396722151,0.0003284586888480933,,0.00032798182126025205,,,,,,0.0003286725334117902,0.00032903135079697976,,,,0.021509172750024477,0.02151635363885137,0.021541399059353577,0.02150466357745052,0.02153628481749593,0.021601060741712454,0.02153811869969506,,0.021481788462371684,0.021546393368033212,,,,0.02210079600979606,,,0.02205203984261307,,0.022088194824377544,,,0.022087019095393824,,0.022034469708990662,0.02205209718247125,0.02208679845762995,,,0.0220419161598918,0.022001678394054456,,0.021633364507729128,,,,,,,0.046721619750713414,0.04667635338035125,,0.04660586182981445,0.04663921097038347,0.04655601444096525,0.04670989053738549,0.04663191723679653,,0.04676603315721589,,,0.04658121342590415,,0.022036566049019858,,,0.022018017750228547,,,0.02203027828388905,,0.022058481689320536,,0.022045591350240545,,,0.02197385794508014,0.02198468521386135,0.04671681858737923,,,0.04697575629371088,0.046787137674584416,,0.046879816470587955,,0.021568198536536774,,0.02157305503069239,0.021565616049101604,0.021572777492538348,,,,0.02152582011593459,0.02157132349590699,,,0.021582800512419936,0.021597952058652302,0.021458607468432582,,,0.02148123103581515,0.02155271968378747,0.021530100408220714,,,,0.02153463957397586,0.021481446458471717,,,,0.046837145566917,,0.04696303151389326,0.046740212208619854,0.04684327882647751,,0.04690250483212158,0.04668340094764843,,,0.04687000950902338,,0.04674240317475233,0.04668663028031652,,0.04663964559344139,,0.046706397734161284,,0.04674285493337779,0.04681751370556328,0.046702455458526734,0.04681388626411887,0.04656285206299819,0.0003016017078847323,0.000302058351529704,,,,0.0003013863829147865,,,,0.00026308159372899026,,0.025219094768045132,,0.00026188746134822344,,0.0002616867467596331,,,0.0002602981391362761,,,,0.0002607917833302806,0.0002614322660770855,,0.000260504246807568,0.000260838179173529,0.00026121089170795406,0.00026097966377070056,,,,,,0.0002608486136645985,,0.0002613413987208036,,0.0002606642478638902,0.00026097955545353803,,0.00026111220298262434,,0.00026126198433611977,,,0.00026065009588279267,0.0002609289811528539,0.00026096063039403143,,0.0002602042710956801,0.0002611149457656199,0.0002617671705842589,0.0002610053272504781,0.00026097202766056795,,0.0002604952855879541,0.0002609964346685561,,0.00026070170365196006,,,,,,0.00026070890274071737,,0.00026089990490758613,0.0002608003306794519,,0.00026118956802494197,,,0.0002619562992891131,,0.0002616960798892865,,,0.0002601752473880086,0.00026131635832933375,,0.00026106561570137416,0.0002617859640180156,0.00026142056826889136,,0.00026011878785881144,,0.00026104888306891514,0.00026106902007766913,0.0002613935041282429,,,,,0.00026189201290025135,0.0002606090164529392,,,,,0.00026149595945366646,,0.00026078980745251266,,,0.0002611199241436943,0.00026148586371652326,0.0002611889198951502,,0.0002616360174081981,,0.00026057968004662674,,,,,0.00026132242430538323,,,0.00026065065114412974,0.0002615625918439836,0.00026139979691776875,0.0002603908772766671,0.00026089394344247697,,,0.00026094024218110447,0.00026086267979224555,0.00026198119896423034,0.0002604613892241726,0.00026037930226920823,,,0.0002618608499132412,,,0.0002606530246014617,0.0002612864416793014,0.00026134605927063525,0.0002605296853059576,,0.0002607473162573112,,,0.0002611262434797985,,,,,,0.00026110757023904273,0.0002608067761561444,,,,,0.00026036317870194306,0.0002613195454264318,0.00026167740357386723,,,0.0002610551314174885,0.00026168439797893473,,0.0002611789410946894,,,,,0.0002609548681528688,,0.0002609604436719698,0.00026085033757997826,0.0002606430310062886,,,,,,0.0002614764485301087,,,0.0002536001896851023,,0.015369665130069887,,0.014437346365115556,0.01438375808250558,,,0.04227999825640255,
8,24,DG_48pct,96,Z01_F07,1,LL_AB,333,CKT7,True,487.2925293991075,410.6835113767028,386.61546808943007,274.6398494531255,262.70135052461944,37.79743267483491,3.7089013834155304,118.56723152331945,106.2979844489832,58.19392799230643,53.915690298051715,17.724685561944522,0.26023384575852676,5.276411256477108,15.709555058906139,16.43352262482626,28.7152006226066,11.956692800568996,14.973698416295148,17.56653791029295,0.000293080747257692,0.0002931348188128796,,,0.004372370608520266,0.06092158807357933,0.007752862902089768,0.00026009373720556236,,0.00025972008487279853,0.013615108345525996,,,0.014317282068971083,0.013813619765644115,0.013856126902162801,0.013823150042539365,0.04242909221151543,,,0.0002599988507600565,,,0.00025933515684036434,0.00025940606241374946,,0.00025691744701281647,0.0002571411271112897,0.0002570929131851517,,,0.0002601850141621626,0.0002600840759210629,,0.000260280247059507,,,,,0.00026108633576337007,,,,,0.0002615003590274678,0.00026125706874800277,0.0002610850845886833,0.00026060782653514273,0.00026086385955365114,0.00026080427804247176,0.000260996795496061,0.0002615712436154488,0.0002618360037637017,0.00026122448169369655,,0.0002623503578502781,,0.016108529368686935,,,0.04118345394459986,,,,,,0.016203868987315934,,,0.01621739032363428,0.016234382426041815,0.016213184628486355,0.016256013292104063,,,,0.016274744480064014,,0.016237271197617503,0.016267774908108795,,,,0.016231938719320174,0.016238555537796427,,,0.00025345166749134927,0.02258461188737826,,,,,0.0002977629416810349,,0.023338887445406915,,0.023334017834456,0.02335380187454174,,0.023318535848429137,,0.023315827925110486,,0.023305647445163603,,,,0.023292733198641797,0.023253917406560513,,,,,0.02333791437546742,,0.023284142753024026,,,,0.02335592840121581,0.023338854290473558,0.023335549250782402,,0.023305441699608017,0.023333988425387326,,,0.02335218689359474,,,,,0.023308625036964355,,0.02323640477914993,0.02335681406915486,,0.04681549640343383,,0.0467364439035956,,,,0.04667660880097616,,0.04661779111610846,0.04672254665053211,0.04665178655690886,0.046669690311496766,0.046510062468681966,,0.04688262704207806,0.046807046871992115,0.04666475599475154,,,,,,,0.046774829824370465,0.04670041762278192,,,0.046680566980632165,0.046607811713036316,,0.04668098332077587,,,,0.04667427303828405,,,0.046734282464125115,,0.046614221244395466,,,0.046820850494935416,0.04663975191798943,0.046634967280860085,,,,0.022795857776888882,,0.02284799650941436,,0.022767232094311377,0.022812566297649217,0.022789485200581383,0.022890901252785485,,0.022799849089388168,,,,0.022793239476866848,,0.02281051599007892,0.022755867705829155,,,,,,0.022814308797794298,,0.022803731257144782,,0.022833945913266127,,0.022818783924309537,0.02274508601606729,,,0.022825243687245318,0.02284773974693507,0.022851268865591294,,,0.022862725858913198,0.022732009092796712,0.022842903965510995,0.022773682517035838,0.022772368626883137,,,,0.022801148717465983,,0.02274193117447059,,0.022783439019143557,,,,0.022594069328426152,,0.0002943204929618867,0.0002943264241558745,0.00029412454501253206,0.0002953208689600065,,0.00029501705727446773,0.02254871548063594,,0.022471739780582634,,,0.02248648941619938,0.022476239589338146,,0.022497303430012168,0.02246379957625108,0.022555229216184552,,,0.02247739360040461,,0.022476335686910476,0.02244393313661468,0.02246026951539776,,,0.022624069048280567,0.02251699543991123,0.022554982805109296,,,0.022488128395272502,0.022556322100275136,0.022457040513704115,0.022434954147225118,0.02245262852440486,0.022441252342170048,0.022479962878420596,,,0.022545674280071305,0.022509814153077245,,,0.022501753876636093,,,0.022546408607358334,0.02251014612124187,0.022518263508091375,0.022616606542138915,0.022594007195519548,,0.022585486668056622,0.022597266282547435,,0.022637112730287307,0.022623040086273888,0.022615555216199387,0.02263408865098602,,0.022641047380353094,0.02264834950414473,0.022582536040422208,,,0.022598141041331347,,0.02258512769442747,0.02262508393050205,,0.022602798918982925,0.02261360619098195,,0.022580875233969268,,,,0.04659454526648823,,0.04655142849960003,,,,0.04648903344669827,0.04641398820684872,0.046439007358256484,,,,,,0.04634723639914232,0.04630093895396642,0.04629566705037893,0.046341635681039994,,,,0.04632280714698905,,,,,0.046432773177473005,0.046420498535123714,,0.04638099096575464,0.0463181750526765,,0.04648007404487851,0.04644947769565692,0.046436094762019035,0.04636222722442429,0.04651763915431939,0.04645584014849894,,0.04636058490833611,0.04648646601032319,0.04653671428934055,0.046393919523322835,0.046502243811698624,,,0.046513303763037944,,,,,0.04634211657566062,0.04636890509036999,0.04637608068107141,,,,,,,,,,0.04630264067782399,0.04638973172593588,,,,,0.04636849430168706,,0.04638256286826231,,,0.046278815740536224,,0.046292783992586226,,,,0.04636007719544422,0.04629721571917181,,,0.04633575182137858,,0.022177067414397067,,0.022150033610513726,,,,,,,,,,,,0.0002902749402874253,0.023019175602785987,,0.04642450716900688,,0.0002950008960401471,,0.00028837823819466825,,,,0.00028051057140542827,0.0002818626971092989,0.023547028643325033,0.022998645827263468,,0.0243458985612237,,,,,,,,,0.024293529682829603,,,,,,,,,0.0003219735192102717,,,0.0003218960440459946,0.0003224267214292319,0.0003224111687803807,,0.0003223439084063515,,0.0003214747761562303,0.00032252708406802644,0.0003214284700971838,0.00032338777494426144,,0.0003227935752441487,,,0.05035307605779576,,,0.05028748077260142,,,,,,0.02494312650145133,0.025032273884124993,,,0.05063316616690198,,0.05058290468084654,,0.0003291057741141032,0.00032845576147383924,,,0.000329110802896024,0.0003286559768542345,0.0003300010566792184,0.00032966567786440413,,0.0003301389335153593,0.00032833474670626177,,0.00032806184953525523,,0.0003283036327700391,0.00032942494253309046,,,,,,,0.000328712894648111,0.0003287617122514809,,,0.00032899250672429003,0.00032774237104580905,,0.0003277669314827414,,,,,,0.00032802842794576873,0.0003281530983338638,,,,,0.00032833761014661986,0.0003285150069417996,0.0003283365011228582,,,,0.00032883886165226047,,,0.0003292840855778636,0.00032943623034112975,,,0.00032786902710090247,,,0.0003277215794701766,0.00032919805725153224,,,0.021594132410438994,,0.021476302098876587,,,0.02150611713442073,,0.021500954405967294,0.021562869398219584,,0.021516029933869554,0.022057492707037454,0.022072664192304192,,0.022056509958400687,,,,0.021992416400137518,0.02200193844603568,0.022065722640311165,0.022066580672151465,,,,0.022016700833347974,,0.02209311056013985,0.022044688798752633,,,,,,,,0.021548650143397574,,,0.046755493005019425,,,,0.04677670563664244,0.04663193701728511,0.04667363544821557,0.04666934722452702,,0.0466539920497199,,0.04679629737578359,,,0.022048176469857027,0.022027660925684475,0.02198949766735458,0.022068396499397142,,0.022104137052059998,0.022098077265189184,,0.022073597967135733,0.022082604162249376,,,0.021985236188061322,,0.04661059658006394,0.0467057834429363,0.04679608848541872,,0.04668098822329587,,0.046741075670606265,0.021543599526477695,,,,,0.02148007448277592,0.021574033031820372,0.021556999375059182,,,,,,,,0.021551307333972203,,0.021625686173615818,0.021568214802895315,0.021590228743209615,,0.02153689423826437,,0.021551006303425727,0.021527165288577198,0.021574371868400735,0.021518808103608327,,0.046799311424484076,,0.04680550381174992,,0.0466742689007776,0.04674853037695606,0.046768104416372414,0.04670466685213436,0.046787465597335924,0.046728281326788364,0.04675442496819585,0.046763661017649956,0.04680168279316536,,0.046745274932466614,,0.04676659544244669,,,,0.04684089028354642,,,0.04668285869282575,,,0.0003020833402478294,,0.000301520096534873,,0.000302492032056393,,0.011939550992301847,,,,0.025254703993440177,0.0002608236231209376,,0.00026125357585924053,,0.0002612287170342489,0.000260501594109954,0.00026099517562629544,0.0002622407758028686,0.0002609739432309542,0.00026091536411472423,,0.0002615391476045252,,,,,0.00026095937915399965,0.00026139539302308525,0.0002602186705213425,,0.00026149009756421167,,0.00026156651821635337,,0.00026174169650603683,0.00026110593129507857,,,0.0002608889405244798,,,0.00026181089922874286,0.00026061841992079454,,0.00026135402079223457,,0.00026117564110816026,0.0002617662435118562,0.00026122459488945996,,0.00026077550316868904,,,,0.0002621296603112729,0.0002614966042833508,0.0002614543955723826,,,0.000261183999040681,,,0.0002608773311810344,,0.00026154138055572935,,,,,,,,0.0002614156707690442,0.0002603890749279408,,,0.0002615160420591768,0.0002605358771730773,,0.00026095039197625264,0.00026079547646055295,,0.000261443763990062,0.0002612402949084316,,,,0.00026149958530526,,0.00026003149564162185,0.00026053304646715675,,0.00026067232440188674,,0.00026048127677376186,0.0002610939584693611,,,,0.0002610186283577986,,0.00026100193662041254,0.00026111625780560617,0.0002611840988810033,0.0002615351876186137,0.00026075954220298715,0.0002611901226361693,,,0.00026158712004731695,0.0002612081160350668,,0.0002616095350073875,,0.0002608560131814686,,,0.0002619654343525304,,0.00026099520075445123,0.0002611702501245563,0.0002614283720433733,,,,,0.00026159221519941997,0.0002609674698805402,,,,0.0002610682945893989,,0.0002610431617884245,0.00026101541159177365,,0.0002609694461369515,,0.00026152971394403305,,0.0002612763411547896,0.00026160224873353425,0.0002608896385342625,,,,,0.00026076177896725174,,0.0002607584734373315,,0.0002608332774642723,0.00026104898824204207,,0.00026058225109039775,0.00026158507243733363,0.000261602019961859,,,,,,0.0002617869658773508,,,,,,0.00026087151509413177,0.0002614181204882256,,,0.0002616832158459395,,,0.00026122673080996716,,,0.00025283890667982445,0.0002537645446424308,,,0.015353843054129486,,0.014396256867770473,,0.013901777492158764,0.01394647452375875,,0.04226196225784639
8,24,DG_48pct,96,Z01_F08,1,LL_AB,333,CKT7,True,488.6340441540048,408.141827665101,389.4758884032511,272.63160739921597,263.6186015416039,37.80131123223614,3.7000733235538505,118.45011052705516,106.23095442676296,58.199380439163875,53.62339680054123,17.971639885012195,0.2611573529582612,5.301446216098123,15.692573533383419,16.371282156444607,28.685024710285152,11.898961587294346,15.023132111984125,17.550954678179984,,,,0.004759415570445298,0.0043635533711033625,0.06099621643795549,,,0.0002604205382666236,0.0002599774394335842,,,,0.01428781298879235,0.01384372936723646,,,,0.04239842972076028,0.042366463013471,0.0002602314202830226,,,0.00026000140575497903,,,,0.0002569304401118732,0.00025708820168661857,,,0.00025953247650223197,0.00025977450286101644,0.00026033873136565287,0.00025995459334859244,,,0.0002602506756031299,0.0002595308044689526,,,,0.00026109819455760676,,0.0002606782672082915,0.0002614105854419704,0.0002607691995977714,,0.00026196114764110535,,,,0.0002607710039318302,,0.0002617328480929106,,0.0002615307660449071,,0.016223454657668755,0.015716253205195905,0.0411542003542352,0.01618206187502957,,,0.016207471467808817,0.016240456145664092,0.016199155391622654,,,,0.01621900905175855,0.0162572437471443,0.016221762069972147,,0.016174789723879354,,,0.016234392499821823,,,0.016286890182705783,,,0.01626708479295627,0.01620801668814135,0.0002537300093003929,,0.00025353518584570454,,0.0002955692337999229,,,0.00029764243183597245,,0.0002975239954681573,0.02330552045365143,,0.023265672175096504,0.02329254109019059,,0.02338554058400742,0.023354415397089753,0.023339493772933945,,,,,,0.023305647722746826,0.02328165377483429,,0.023315426654008313,0.023353241638724674,,,0.023265002345820657,,,0.023374442055929884,,,0.02332187499988507,,,0.02331305901766339,0.023314554236745347,0.023237856369618632,0.02328250626486022,0.02340233768976704,,0.02320864569681489,,0.023311964622330383,,,,,0.02323094765031703,0.04666434035818337,0.04673950712012462,,,0.04665492492555012,0.04688967016786986,0.046652954163872,,,,0.04665008733054539,,0.04672409325247684,0.04679504620163609,,,,,,,,0.04676774876636853,,0.04668498109495912,,,,,,,,0.046655644670393265,,,0.04662531165510296,0.04670838373605428,0.04652704224989571,0.04660305130874802,0.046640420426763335,,,,0.04681838039673736,,,0.022765017813386447,,0.022769811021444666,0.022775317582351417,,0.022825195862255766,,0.022775676980254143,0.022814420851382706,0.022755216974176967,,0.02274919072733299,0.02284388357352833,,,0.02280566613534225,0.022775132573611384,0.022821563508504474,0.022784109171029337,,0.022787868433978776,,0.022793375864105667,,,,0.022810579342115656,,0.022724837466633778,,0.02279386676324825,0.022731387007338833,,0.022814952978905453,,0.0227881915574929,0.02284485493414897,,0.022751900428155346,0.022768951501423287,,0.022733669384831914,,,0.02279940576842977,0.0228709008713655,,0.022744922902567917,,,0.02280953569173771,0.02273120927791032,0.022794070183894337,,0.00028459734423150543,,0.022613286824406276,,,0.00029486221482405206,0.0002946326482188722,,0.0002947012509211541,,,0.022452418355542618,0.022507822312893087,0.022487667899831795,,,,,0.022469631804979143,,,0.022414168403005637,0.022463604051790032,,,0.02252933273722871,,0.022417370361273146,,0.022521901747482188,0.022477019637064315,0.022492378549183532,0.022461756935817746,,,0.02248438839485096,0.022498468213376862,0.022473515111299424,0.022480424078007193,0.022482969413702664,0.02246091147872849,0.022493158557599112,0.022469009718593162,0.0225053032359222,0.022486190603286594,0.022491925883545934,,0.02246613741318663,,,0.022573469345196034,0.022616321082510136,0.022589616821849647,0.02257556270577585,,0.02252767450697674,0.02257466206509958,0.022615785944162213,0.02254429180022903,,0.022580563523678314,,,,0.022563772880625714,0.022546255591582784,,,0.022621070312725495,,,,0.02264885284981059,,,,0.022562975738158686,,,0.022616069942445822,,,0.04650330182013031,,,0.04655788712883344,0.0464001763140002,0.04626807592322385,,,0.04650770615505115,,0.0465165877884914,,0.04639073328145368,,0.04629602493277603,,,0.04628992353869845,0.046490128505779875,0.046410411811807745,,0.04640211455754076,,,0.046383891025606014,,0.046410034938139805,0.04628466422069079,0.046393354403051354,0.04630560604339129,0.04638128971577733,,,,,0.04650857986095229,0.04635470727352651,0.04649263371103339,0.04636238987790974,,,0.04647507263053734,0.04657058203215093,,0.04630867445105212,0.04649298859488311,,0.04642508123395883,,0.04640958717256605,0.046406398565556194,0.046496640044933486,,,0.04651304526270549,0.04646216099654733,0.046498825716497404,,0.046361626176007704,0.04620129970770847,,,0.0462446678773309,,,0.046514424321163504,,,,0.04621572674695257,0.04653934324497019,0.0464499293888948,0.046474230338512945,0.046394458516191124,,,0.04638413485870695,0.04632598639295948,,,,0.04641219981968842,,,0.04629090182666896,,0.022156391815022092,0.022150717843842364,0.022172316831686516,0.022163277124544165,,,0.022638040257781246,0.022543723642681916,,,,,,,,,0.02250396689020861,,,0.0002942499797112258,0.0002945334714093099,0.0002885184633076149,0.00028854409288372134,,,,0.00028106606626505834,,0.023030601082971957,0.046957604527974185,,,0.0482416159205285,0.024602533022164468,,0.048989866922022854,0.024301044245201086,,,0.024304180222923563,0.02440985997184636,,0.024231053510024456,,,,,0.0003234667437996505,,,0.00032324215411138187,0.0003232784328871006,0.0003232540421405716,,,,0.0003223756601956113,,0.0003226242405453011,,0.0003234502044200145,0.00032265796490333097,0.00032240716622071767,,,0.050389565034886875,,,0.05033772785030573,0.0500198937973117,0.025587968081641415,0.02548764259788319,0.025535488611231713,0.02559778511824366,0.025010975738608957,,0.024887966312188613,,,0.05059179702084695,,,0.0003295978260398303,,0.0003284342595851491,,0.00032908251084548507,,0.00032878509443133125,,,0.000329223324703288,,,0.00032875462237842853,,0.0003296871635552493,0.00032907112428301065,0.00032861456073909586,0.00032996407653040216,,,,0.0003284287693769486,,0.0003291772144448007,,0.00032876231666988153,0.00032844488866969,0.0003285849684755194,,0.0003283347285941329,,,,,0.00032913901577183826,0.00032907141124771856,0.00032842435425706434,0.00032837565904063944,0.0003290215443034478,,0.0003285582533784038,,,,,,0.00032804017527293574,0.0003293586705545284,0.00032809868338186566,0.00032931820927101306,,0.0003291474644780205,0.00032837055392137657,,0.00032944271171953194,0.0003286404725451541,0.00032884267566046826,0.0003296202920912383,0.0003279994502283809,0.00032937448930913066,,0.02152913811659351,0.021537748719309174,0.021457255086466915,0.021530028398914623,0.021504991937078548,,,,,,0.021552460853074138,0.022082502321819186,0.022064225083625568,0.022046911230670627,,,0.022057396289268043,,,,0.022057490279599284,0.022065465169745554,,,,,,,0.0219878329213467,,,,0.021556725456185474,,,0.021553607295932805,,,0.046722511828727276,0.04676929234737606,,,0.04664172471559713,0.046613679068110904,,0.0465489698743991,0.04671490915882822,,,,0.04680140999611028,,,,0.022081752834758613,,,,0.022074821542122043,0.021999141574457773,0.02204274565342817,,,,,,0.022011581751630982,,0.046808365701867034,,,0.046639376495997135,,0.04681436787966364,,0.021551389835271686,,,,,0.021514108917447525,0.021568093545966747,,,0.021556005369300708,0.02155277940850817,,0.02165313433681707,,0.02157781120181664,,,0.021514238625472575,0.021514954220795014,,0.02153908742821715,,,0.02150757345112497,0.02148465108925964,0.021464422141628962,0.046815091297298786,,0.04672027878081206,0.046785248688332365,0.046697326640412984,0.04668626254266887,,0.04681882303994898,,0.04679957842580755,0.04659920830917787,0.04670338043735943,0.04676687744507233,0.04673902654567648,,0.046651240115582464,0.04684135107278317,,0.04675488673958593,,,0.04676512979111658,0.04678774048569303,,,,,,,,0.00030096270928834284,0.0003024547150251105,,,,,,0.025267642024595367,,0.0002608682196708456,,0.00026127951799288535,,,0.0002603529935176321,,0.0002618269347853272,,0.00026087192790437386,0.00026120796707859104,0.00026201969551761345,0.0002613235569322339,0.00026110714236295926,0.00026131082250420814,0.0002606361346204925,0.0002610784445108238,,,,0.00026137868108122336,0.0002605773409232386,,,,0.0002613537751525701,0.00026108573640396947,0.0002607541704962318,0.00026029992187334315,,0.00026138372443205104,0.00026100748338050604,0.00026114335884517214,,0.00026135373422344596,0.00026188689199357895,,,0.00026034934462066344,0.0002611585959588003,,,0.00026130889913361806,0.0002607957290082996,,0.0002615835347505619,,,,,0.0002611146353987872,0.0002603616759073654,0.00026140853218416563,,,,0.00026083609469861887,0.00026104215794376295,,0.0002613269979622266,,,,0.00026089342944584433,,0.00026065926588787427,0.00026119958941697903,0.00026067204888912434,0.0002604140475844873,0.00026122865651918484,,,0.00026115134251175615,,,,,,,0.0002613979006814301,0.0002608961520051844,,0.0002609575692650463,0.000261073085998643,,0.00026051649429416487,0.0002615089586651419,,,,0.00026135187746352214,,0.0002613113805704297,,0.0002611125052290194,0.00026073577106635216,,,0.00026112249553676914,,0.00026123024069061955,0.00026097091125804273,0.0002609883705810115,,0.00026041230171750283,0.00026063108725630086,0.00026070257520576325,0.00026058166117138106,,0.0002605334305986811,0.000260847920584873,,0.0002610161917130409,0.00026056630521311064,,0.0002617916179257739,0.0002609173106992481,,,,,0.0002605857362765067,,,,,,0.0002608187173842203,0.0002605625990642059,0.0002610713170481306,,0.0002609354725453574,0.0002603442337582001,0.0002607026357758722,,,0.000261309757741513,0.0002614694140547407,0.0002615024670148494,,,0.00026032044458848037,,,,0.00026096134874080634,0.0002612163727986456,,,,0.00026188818197923924,0.0002603317409527289,,,0.00026120621489394665,,0.0002610892511703579,,,0.0002610959788258082,,,0.00026188318311909565,,,,0.0002614385595565545,0.00025341795944905035,,,,,0.042206555794664015,0.0143613219227153,,,0.013917322133954808,0.04234414805911023,
8,24,DG_48pct,96,Z01_F09,1,3PH,333,CKT7,True,2.4582071773931222,2.3632628752464564,2.3145142674010604,1.8203761850929536,1.782659936023833,0.25312525834285,0.0243815785526862,0.8042395320103867,0.7231996358864156,0.3978675463622126,0.36539877497725787,0.1230674329890852,0.001793863845074008,0.020614504678817924,0.06600476746837264,0.11092215611303576,0.19571186404674293,0.08109497920753336,0.10143402088491449,0.11951290763165094,,,0.00029191063646090193,0.0002925578345287027,,,,,,0.0002534105625428665,,0.0002560946557484533,0.00025600535126492184,,0.0002555263283290792,0.0002555462236493822,,,0.00025609350607637925,0.0002565712994023004,0.00025308352293348365,,,0.0002533735840739362,,0.0002529439485344203,,,0.00025055226754360513,0.0002544425550227345,,,0.00025430879390714897,0.0002537872498657549,,,,,,0.00025688390802213547,,,,,0.00025835361267034557,,0.00025810028628448314,0.0002583162326573038,,0.00025887606666852525,,0.00025906063776965044,,,0.00025846410793885455,0.00025840092001616844,,,,0.00025863972468047195,0.0002584633506998511,0.00025877152257962517,,0.0002572897577653202,0.0002569693099875001,,0.0002578166774730496,0.0002576308810704383,0.00025704060017927866,,0.00025744707107066406,0.00025720227935710456,0.00025721403014771903,0.0002575203927697972,,,0.0002575327318006089,,0.00025811082532489966,0.00025747953390163055,,,,,,0.00025264583235262207,,0.00025169711780142297,0.00031436380994855713,,,0.00031179214593385503,0.00031265854779045124,,0.00031309568600511854,,0.00031605322366365184,,,,0.00031620350288552254,0.0003153510006518266,0.0003162482785738666,0.00031562705968760086,,,,,0.00031568193693515696,,0.0003162634471760895,,,,,,0.00031503655627942035,,,,,0.00031564141421486507,0.0003150949932992489,0.0003161647233641939,,0.000316140465072597,0.0003155002420419267,0.0003158486887533171,,,,0.00031540751191059396,,,0.00031587437162422657,,,0.0003151539739120937,0.0003161241452103921,0.0003154875673121385,,,,0.00031653297121099624,0.00031548167651962645,,0.0003159390867464596,,0.0003165502718986415,,,,,0.00031694094883585194,0.00031529645152150764,0.0003161556886771302,,,0.00031601426907564776,,,,0.00031540928695923003,,0.0003166952451962237,0.00031634289560502184,0.0003161218543354821,,,0.0003161847236134509,,0.000316555103201476,,0.0003159083213554511,,,,0.00031608376761517183,,0.00031615036717194754,,,,0.00031605998106865437,,0.0003160659445228838,0.0003157334875832067,0.00031670293339794827,0.0003157553692233071,0.0003159610688021889,0.0003164456140815715,,0.00031635833362734676,,0.0003165767578366567,,0.00031689365741434974,0.0003167187041885973,,,,0.0003156410169142985,0.0003157413642217314,,0.00031684352286608607,,0.00031581008812006813,,,,,0.0003168013809946399,0.0003149172126007375,0.0003157489236958364,,,0.0003164731265341359,,0.00031564632994145436,,0.0003166448772119738,,,0.0003162077445267383,,,,,,0.0003155955415104929,,0.00031643440771062767,0.0003165878027162145,0.00031767235640317636,0.000315741221621798,0.00031677757718216336,0.0003005166422014297,,0.00030011907530735676,0.00031075751496498726,,0.0003117560196626656,0.00031102606899028094,,,0.00031119667542064776,,0.0003117389547337214,,,,0.00031086304191661794,0.0003104503465578294,0.00031100828864352855,0.00031135943851553366,0.00031097349536662053,0.00031095962730410507,,,,0.00031124450491533043,0.0003113333308934034,,,0.0003109631154466136,,0.00031059933652031037,0.000310721431735665,0.000310359390185027,0.00031172067371724636,0.00031067902323742144,,0.00031022456330882233,,,,0.00031059232875810803,0.00031150948178963674,0.0003104433993664852,,,0.0003111714136982865,,0.00031074530114290555,,0.0003092750290531918,0.00031099801770323324,0.0003104044352688397,0.0003104189526669148,,0.0003105833832927208,,,,0.0003108561325633523,0.0003109203187320783,,,,,0.0003115687055081921,,0.00031108569665992556,0.000311711692030883,0.00031070832320520504,0.00031081138675205625,,,0.0003104856703163517,0.00031091749090829087,,0.0003100138800044265,0.0003099618703698758,,0.0003117588407978977,0.00031140959983234873,0.00031058712083705344,,0.00031072350737628915,,0.00031162922412109083,,0.0003112551801976155,0.0003108588239131936,,0.0003115271972727864,0.00031011218235726305,,,0.00031124828713244263,0.0003112318004398117,,0.00031098839032911386,0.000310747547197885,0.00031105062978744447,0.00031079241397700746,,0.00031125328933134176,,,0.0003108899904920269,,0.00031018385566618825,0.0003098556557381448,,0.0003103013013567914,0.0003105123940451242,0.00031023624038291326,0.0003118585788943596,,,,,0.00031074811673490935,,,,,,,0.0003107675207449446,0.0003114580396052013,0.0003105480414839377,,,0.0003108779959032253,,0.0003113703670266939,,,,0.00031087867720734245,,,,0.00031077451534905026,0.00031127971826497877,,,0.00031121525180749515,,0.00031085355982979395,,0.00031185119368872265,0.0003116070845692273,,0.0003118455299354467,,,,,,0.0003107252545312978,0.0003109496681287464,0.00031092689298638655,,,,,0.00031174799860535154,0.0003111726488225289,0.0003118752022571879,,0.0003113280157876035,,,,0.00031388276556506975,,0.0003115903744853872,,,,,0.0003068847059569211,0.000306611790395498,,,,,0.00031397349623288583,0.0003123044746280734,,,0.00031150652570357726,,0.00030391949345742975,0.00030336407064550147,,,,,,0.00031884238366001826,0.00031849537013004545,0.00032682155693297953,,,,,0.0003314467870140083,0.0003355935286630422,0.0003354890458989358,0.00033515489347262753,,,0.00033481087919459186,,0.00033463591954891993,0.0003386186101859366,0.00033829465626710863,0.0003355324641153025,,0.0003356868260067716,,0.0003351942647478299,0.00033588264214442923,0.00033538326903275985,0.0003348273885062975,,0.0003353218305789071,0.00033530367994554687,,0.0003357196252139686,0.0003355782174333344,,,0.0003358457722442417,0.0003359060344585,0.00034213116689822264,,0.00034281731623784785,,0.0003419855852504288,,0.00034281005061055023,0.00034333026595319635,,0.00034301125458943666,,,0.00034448509202338154,0.00034372652648478587,,0.00034321144457390965,0.00034307858227421433,0.00034406375550222895,0.0003429219198434859,,0.0003429699140318266,,0.0003415866579190266,0.0003418673909691346,,0.000342392288629856,0.000342080910263968,0.0003427620358836471,,0.00034226012950669567,0.0003418723454162308,0.0003412319231205071,0.00034229544970638986,,,,0.0003420280309163967,,0.00034276422448158427,,,0.00034206859549239867,0.0003423413757430803,0.00034086462481745105,0.00034056155442538003,,0.00034237642507755847,,0.00034122619247091293,,,,0.00034229642512845443,,,,0.0003426611849166901,,,,,,,0.00034183848596366673,0.00034193230237254126,,0.0003416297823316346,,,0.00034223141038940136,0.00034182143108461643,0.0003418346311627153,,0.0003415154032557328,0.0003413031860619035,0.0003414581511907488,0.00034169890411513934,,0.00031052146145766013,0.0003105406362127234,0.0003106226119743975,,,,,,,,0.0003106453138984699,0.00031030503602765734,,0.00030960658333440235,,0.0003108546078183775,,,0.000310660118088309,0.0003096645947906598,0.00031019961269083556,,,0.00030915066127690455,,0.000310877016003984,0.00031102107393793653,,,0.00031011886038544856,,0.00031156067732142405,,,0.0003115946938096846,,0.0003113746151819554,0.00031129138631455933,0.00031132130511970276,0.0003109065971402295,,0.00031051946845904606,,,,,,0.00031026605376089744,,,0.0003095398832096556,0.0003098581488419976,,0.0003094931772909267,0.0003102032594373961,,,0.00031134915806083785,,0.0003103726274809347,0.0003102378347561285,0.00031078442991475667,0.00031075906571117204,0.00031095526006487466,,0.00030589972132184063,,,0.00031138375222473366,0.0003103848591731339,,,,,0.00031053097298030293,0.00031047615772482437,,0.0003101347937181587,,0.0003107382024571651,0.0003107512083266316,,,,0.0003109848405367468,,,,,0.0003103306252482489,0.0003111741554163439,0.00031103605720473763,0.0003116892656244182,0.00031103074033632546,,,0.0003114978766734112,,0.0003102306889982992,,0.00031005698006745705,0.00031067337312465446,,0.00031073993373977916,,0.0003111046797845452,0.0003095101531484562,0.00031059656048199356,0.00031040273413089853,0.00031054248506738813,,,,0.0003098364252811268,0.0003101320137019329,,0.00031025771664213114,0.0003100119371708233,,,,,,0.00031117333062517154,0.00031076482999365247,0.00031021085387659535,,0.0003110192475932821,0.0003171232435129965,0.00031649797864633997,,0.0003158848701434814,,,0.0002625562034205439,,,,0.0002596399248369182,0.00033986199211504984,,,0.0002544520842100172,0.0002540574205929953,,,,,,0.0002545538007951489,0.0002551855048028744,0.0002539542192271428,0.00025515697681012517,0.00025464454475174436,0.00025528020877904406,0.00025380694838471237,0.0002554960826913059,0.00025444546167032573,,,0.0002549030159953159,0.0002546054214620631,0.0002549065213363133,0.00025438904750384867,0.000254603788032953,,0.0002547197244547635,0.00025455461624185994,0.000255141541012309,0.0002550131876759851,,0.00025448830171307036,,0.00025332819648525334,,0.0002550712718940191,,,,0.0002539394818491417,0.00025386894792290654,0.00025451095290387115,,,0.0002550855693576433,0.00025462171814077033,,,,0.0002544365113276816,,,,,,0.00025420063540500265,0.0002549032337642107,0.000254760311986963,0.00025399616016763115,,,0.0002544523498011498,0.0002544343396976341,0.0002546268889642575,0.00025418146388258016,0.00025401101651218176,,,0.00025457789769746733,0.00025448211082896693,0.00025416958642923,0.0002546850345771163,,0.0002540415942387984,,0.0002546208042472559,0.0002550986685085762,,0.00025455218999972836,0.0002551523572542104,,,,,0.0002547765134236284,0.0002548302898871834,,0.0002546413075874043,,,,,0.00025439522596349524,0.00025482950721734916,0.0002547925865303012,0.0002546969554578243,,,0.00025429965936440345,,,,,0.0002545399743081752,,0.0002549664715673286,,0.00025459413662001946,0.00025477682816630085,0.00025434410961400926,,,,,,0.00025475047096346396,0.00025441481243821757,0.0002543131727747227,0.0002543492932108688,,0.0002552023836407157,,0.00025427211537012214,0.00025468292358500627,0.00025431677978946963,,0.00025403079476059363,0.00025424700750157427,,,0.00025421843506048835,0.00025457440412951434,,,0.0002546242903347391,0.0002546581940781502,,,,,,,0.0002546036142176629,,0.0002539485928965154,,0.0002550338691391491,,,,0.00025434464426922146,0.0002544234977963867,,0.00025462800322878574,0.0002550667258113029,,0.00025387240548201145,0.0002550829353763374,0.00025420187002198795,0.0002540912440806702,,,0.00025449163795345176,,0.00025446810033584715,0.0002545596545764163,,,0.00025184474408238575,,,,,,0.00025601613268814614,,,,,
8,24,DG_48pct,96,Z01_F10,1,3PH,335,CKT7,True,2.4421832347216563,2.341769075234613,2.3049702519636,1.822569991371859,1.7878564479461228,0.25250552740530974,0.024421472491107505,0.8016701310905125,0.7231966134272358,0.3980422968808049,0.3684315514263864,0.12232188442298994,0.0017957993406901886,0.02065096289998241,0.06635001203564869,0.10994279915849785,0.1950358436600911,0.0816933795631298,0.1014089889386905,0.11951306924127544,,0.0002921451264056824,0.0002911833401036996,,,0.0002926763178834678,,,,0.00025372615624810605,,0.0002545162563820978,,,,0.0002553138559729761,0.00025574194452764417,,0.0002559233787766262,0.00025543534973743794,0.00025346239288144833,0.00025365704265101425,0.00025364570788691753,0.0002527485684980851,0.00025296877087722225,0.00025312127172989263,0.00025043696010113606,0.0002502456096478429,,0.00025352057315022604,0.000253465503277538,0.000253502068927969,0.0002534014990346167,,0.0002538002798754214,,0.0002566107396290824,0.00025621320518955684,0.000255883319913139,,,0.0002584430331026149,,,,,,0.0002589596232298404,,,,,,,0.00025905299914050087,,0.0002592667174904368,,,0.00025814045833084893,0.00025842371609818084,0.0002568894790508492,,0.0002566340584006546,,0.0002569946222214443,0.0002566455922976024,0.00025720165923643636,0.00025697685628469426,0.0002573124168018076,0.00025721029731535464,0.0002580684709100718,0.000257691968989844,0.0002574554915459363,,0.0002571346181626219,,0.0002575113642724698,0.0002576898675471055,0.00025772336533114014,,0.00025748056472306327,,0.00025793318262977536,0.0002574179274679645,0.00025207524089007697,0.0002514218074481482,,0.0003150382568142261,,0.00031079450868728726,,,0.00031258698847998174,,0.00031535414312727035,,,,0.00031591136970409117,,,0.0003159814353184104,,0.00031546346079084926,0.00031502724974664194,,0.00031562235422095866,0.0003157410379240319,,,,0.0003157850972893688,0.0003152370033591917,0.00031572697992643807,,0.0003156322402649175,,0.00031478669835024553,0.0003156239668876847,0.0003144349673109093,0.00031561799676471896,0.0003161314852120873,,,,0.0003153354174750829,0.00031488660023970636,,,,0.0003151905637765318,0.0003149386904226273,0.0003148115798037719,,0.00031545179565049174,0.00031591522642466537,0.0003153393588971465,,,,0.0003171351994724416,0.00031498808579304903,,,0.0003162229222542661,,,0.0003159020400775893,,0.0003160072019706392,,,,0.0003163405850386463,0.00031600160840227637,,,0.0003159248584292794,,0.00031586334782654973,,0.0003156241738417109,0.00031633872050432113,0.000316993769321808,0.00031595530801618773,,,0.0003164077881159753,,0.00031587131772777466,,,0.0003163579176571052,,,,0.00031632061191469327,0.00031559392786554235,0.0003164889436599629,,0.0003158220411853752,0.00031561114477707025,0.0003158074025779913,,0.00031620176123064726,0.0003153730948347089,,,,,0.00031655686257821926,,0.0003159085279809679,0.00031592748598967106,,,,,0.00031641044915403996,0.00031609368710226683,,0.00031692857223045623,,0.00031532266426261674,0.0003159376323157689,,,0.0003158901235581908,0.0003165961737301204,0.000315523123081962,,,0.0003162090001345511,0.0003156516485746879,0.0003160645861342734,,0.00031634998580716924,0.0003158810272563985,0.0003172937398663106,,0.0003177604755903294,0.00031697680629916297,,,,0.0003153446626090323,,,0.0003152457647226382,,,0.0003160863109047384,0.00031692214690683747,,,,0.0002999356097736049,,0.00031012505771606507,0.0003100736419108276,,0.00031042190880479787,,,,0.00031130436487936114,,0.0003105409805332361,0.0003105548108744701,0.00031085582526132446,,,,0.00031049688534531356,0.0003114197230310538,0.0003115395498516816,,,0.00031170590504188254,,,,0.00031109017571975096,,,,,0.000310674561570275,,0.0003108630002698299,,0.00031087654715396935,0.00031067303290920105,,,0.00030939052647797926,0.0003098734484943087,,0.00031112161148518457,0.0003106011436199474,0.0003108308343350104,0.0003105295015009765,,0.0003107690378618163,,0.0003098246469282787,,,0.0003112975295845478,,,0.0003104802090067002,,0.0003107109002426492,0.00031121808103876065,0.00031131966338606635,,0.00031089142156229553,,0.00031069336873468375,,,,,,,,,,,,0.00031120894056306753,0.00031125204345975547,0.00031085920205680865,,0.00031095448611545253,,0.000311758062167748,,0.0003104251766222465,,0.00031124928679286895,0.0003109220991629567,,,,,0.00031095380586708177,0.00031116457527168614,0.0003105799098391806,,0.00031042011766336185,,,0.0003111710307603236,,,0.00031175103238648995,,0.0003107273765411066,0.00031073136724522595,0.00031159408609530054,0.00031043135033758626,,0.0003110303748045135,0.0003106336714185486,,,,0.0003113939605511343,0.000310573031265345,0.00031091262876976276,0.00031104099039385797,,,0.00031120297104953246,,,0.0003110528433373623,,0.00031064214878838187,,,,,,0.0003112059338567907,0.0003115978710826279,,,0.0003117258033435003,0.0003112188954728906,0.00031165944088784267,0.00031076031672152215,0.00031162729138415604,0.00030988529254133396,0.00031091053253168896,0.0003112038882021734,,,,,0.0003109683729119891,0.00031098915222770805,,0.0003115700416683134,,0.000310656284431697,0.00031048838445132525,0.0003119989363135674,0.0003111338623671061,,0.00031152874917198014,0.00031114641094206975,,0.0003115631333590743,0.0003115585468293125,,,,0.00031183001221081984,,0.00031202000093049416,,0.00031320573116272796,0.00031318923683220837,,0.00031451907881064234,0.0003124390566537153,0.0003121938844251925,,0.0003123995794395965,0.0003121505582696538,0.00030714687291952866,0.0003068504396255003,,,0.000307014864920593,0.00030668280798083693,,0.00031317494361503197,0.00031240921935419115,0.00031174210047933687,,0.0003112878970428959,,0.00030345071067510224,,0.00029564206171399013,,,0.0003177700468627886,,0.00031856602732348825,,0.0003295379160809722,,,0.00033202912685611547,,0.0003350449363847259,,0.000334868144252727,0.0003353737063043641,0.0003352486349849874,,0.0003348527297189717,0.0003343888152746323,,,0.0003362220732976373,,0.00033447440117332635,0.0003357431837474697,,,,,,,,0.00033405331820188607,,,,0.0003359735006820395,,,,0.0003426908350685268,0.00034183985131032435,0.0003422547855526851,0.0003414499253313161,0.0003401600532631983,,0.0003445127474732175,0.0003427979917417078,0.0003428209324698001,,0.00034368855555335834,0.00034423798232066443,,0.0003435610404936243,,,0.0003425642662595379,0.000341149518295958,0.0003418457548668053,,0.00034299689921093936,0.00034199284546730814,0.00034212384609580475,,,,0.0003419271502084479,0.00034230615128333385,,,,,,0.0003418040626300819,0.00034213950376887057,,,,0.00034142575510375786,0.00034253199110215437,,0.0003409348139256964,0.0003414843709660634,0.00034147864485718933,0.0003419551900342269,0.0003418410416235508,0.00034226411866490034,,,,0.00034109662971662866,,0.00034220512408674033,,,,0.0003419519102076199,0.00034251788735673727,0.0003414079331418126,,,0.000341053613345915,,,,,0.0003419261157622181,,,,0.00034216714239191786,0.0003423802365149536,,0.0003419631718936116,,0.0003422881230980055,,0.00031077375579850654,,,0.000310976431389734,0.00031101732998640454,,0.0003104330413591086,0.0003102055744944111,0.0003106553568395112,,0.0003095765343475131,,,0.00031037626332315886,0.00031032490507546385,,,,,0.0003109521273915636,,,0.00030935776550328794,,,,,,,0.0003097981876788924,,0.00031129237567143603,0.0003115345675779419,0.00031085496326636934,0.000309976234943091,0.00031105950111518426,,0.00031071253933767027,0.0003122976027870004,0.00030921307249370084,0.00031056197199446495,,,0.0003110178858133105,,0.0003100325259433898,,0.0003096986411826127,0.0003104710633895889,,,0.0003101566632670044,0.0003107380619146531,0.0003097234248591399,0.0003092774722267517,,0.0003096245750633538,0.0003109977020056524,,,,,,,,,,0.00030958396834592525,,,,,,,0.00031057833268030794,,,,,0.00031130860213355926,0.00031060759618561635,0.00031124903459364266,,,,0.000310218154295797,0.0003115645586115916,,,,0.0003109642593017229,0.0003119590241207678,0.00031109532097178285,,0.00031092310534117963,,0.0003110335163505165,0.0003112278460011039,,0.000310522344920354,0.00031063470525849007,,0.00031071018954158394,0.0003102951625462923,0.0003109957308219113,0.0003105751572229279,0.0003102738534818143,,0.00031100527959510813,,,0.0003101838737658315,,0.00031040919555687857,0.0003105086423022653,,0.0003100385177491785,0.0003106811856368008,0.0003097725934320993,0.00031078696867639015,0.00031084485100563256,,,,0.0003106913621670332,0.0003115533731434092,0.0003105767350615451,,0.0003161646935692981,0.0003177966687043794,0.0003173947455368152,,0.00031695568409486594,0.0003164133387968861,,0.0002590233409974008,,,0.0002609925353086848,,,0.00025450802463061463,,,0.00025539222130194103,,0.0002546822614606562,0.0002550295070438909,,0.00025418878439226634,,,,,,,,,,0.0002543381681334502,,,0.0002540521756774863,,,,,0.000254944664104057,0.00025477953266079135,,0.00025433899610290275,0.0002546172364763622,0.0002540036929350061,0.00025423926011766066,0.0002544711550798866,,0.0002544991585538015,0.0002548074582747602,,,0.00025410361169438117,,,0.00025482707346465976,0.00025477004909336775,0.0002548432478656689,,,0.0002552215661835177,,0.00025425809162511244,,,0.00025445589500711513,0.000255307748194393,0.00025389660536034425,,0.00025467576563188954,0.0002542806898683341,,,,0.0002545720976398938,,0.00025367723612060766,,,,,,0.00025421854769574006,,0.0002547664565853334,0.00025465802192783065,,,,0.0002546066488998009,0.0002543497983756315,,,,0.0002545527473730643,,,0.0002541670098956251,0.00025460355605463365,,0.00025459984675874374,0.00025486479429332143,,0.00025482109169247606,0.0002546832393165529,,0.00025406947796957136,0.0002546297441064743,0.00025436430427336505,0.0002548327701588453,,0.00025437237808129565,,0.0002536837670112444,,,0.0002539502136888587,,0.0002545112804885167,,,0.00025381525054101145,,,,,0.0002545774266870345,,0.0002539466646506126,0.0002536720213751387,,,0.00025450229922136734,0.0002548275503162737,,,0.00025439812859978173,0.00025496150367513676,,,,0.0002544903389298424,,,,0.00025376124955170707,0.00025440877143727194,,0.0002542407259861034,,0.00025462136975788936,,,0.0002541137851655135,0.00025496796320170854,0.00025443172496329095,,0.00025442421958188566,,,0.0002553245675690099,,,0.00025479140770805583,0.00025429972692278893,0.00025452537642101433,,0.00025482849257738764,0.00025478477316870195,,0.0002542304277476124,,,0.0002538118322287089,0.0002543190418664351,,0.00025475639914336384,,,0.0002549229479037034,0.00025144453558715023,,,,,0.0002612085126210577,,0.0002554115701279527,,,0.0002560285310356584,0.000255946575679917
8,24,DG_48pct,96,Z01_F11,1,3PH,333,CKT7,True,2.465060393615815,2.365096516485809,2.3300789443481453,1.8258456238960117,1.7844626630214664,0.2520170340518886,0.024606332361851526,0.8070202658895047,0.7237316826559294,0.3993466783776838,0.36545568214473706,0.12202897060666093,0.0017842635234083426,0.020631357898821246,0.06624703635377209,0.11086462102384523,0.194443153500217,0.08113418345305455,0.10076830279220038,0.11929962786772308,,,,0.000293384818818993,0.0002927803687160524,0.00029254725481593576,0.0002727140442740284,0.0002538661561083555,0.0002536759024462658,,0.00025300960081056385,,0.0002554164301064705,,0.000254911380814937,0.0002560111417353854,,,0.00025621755698924416,,,,0.000253667625351177,,,,0.0002497837169654196,,0.00025048120333433314,0.00025375700430222445,0.0002541680844472773,,0.00025429035347191353,0.0002540408061301932,,0.00026297204155689783,,0.00025592045761117446,0.00025596230592361867,,,0.0002570112771027438,0.00025790181700544024,0.0002585531526272432,,,0.0002596610982057526,,0.0002588790406429141,,0.00025912668756114543,,,0.00025889002327411284,,,,0.0002580906262217402,0.00025796002343159234,0.0002590132119269241,,0.0002576842938076138,0.00025769380084706876,0.00025707276097322064,,0.00025836231374441905,,,0.00025790688864826014,0.00025744345373159396,0.0002573252548671295,,0.0002578692917506514,0.00025747901205863503,0.00025795139147962684,,0.0002573976219349019,,,0.00025754282719265187,,,,0.0002575466098802074,,,,,0.000315258742796366,0.000310941116138081,0.00031178719294743743,,,0.0003122566138148288,0.00031280815243397655,,,0.00031605922458089846,,0.0003158278224634162,0.0003160294384867411,,,0.00031617941010122743,,,0.0003163982187743976,,0.00031554250478764005,0.00031616207139664265,,,,0.0003157038875819639,0.0003162949828964184,,0.00031461071218654937,0.00031526024349259077,0.00031567342305266797,,0.000315345433091084,,,0.0003151746697700647,,0.0003154432483293454,,,0.0003160611375739341,0.0003157793304310631,0.0003150201009807811,,,0.00031595227076431834,,,,,,,0.00031572801385657727,,0.0003153648158505472,,0.0003162029841390858,,0.00031576333859507607,,,0.00031678690287266254,,,0.00031523126918331704,0.0003166396346483729,,,,0.00031606577822347983,,0.0003163703852895701,0.0003160913293990049,,0.0003161903571412852,,0.0003154570049971767,,,0.00031450487513667126,0.0003162817783585182,,0.00031581473146705634,0.00031656064657641526,,0.000315086363757963,,,0.00031662910911298283,0.00031618415887955687,0.0003152628511297619,0.00031658038525013215,,0.00031643187618119015,,0.00031694501784851033,0.00031550485850583926,0.0003167972975690977,,0.00031561116022425057,0.0003156298696461281,0.00031614011911807496,0.00031665618035278095,,,,0.00031641160998632025,,0.0003171952498101225,0.0003170597174667934,0.00031578005696402664,,,,0.000316313831411178,,0.0003166598900403719,0.0003160368248712233,,,,0.00031482087712151555,0.0003164982286315964,0.00031603467390238786,0.0003162447103457645,,,,,,,0.0003154920385198434,0.0003161353757268032,,0.00031660457749436126,,0.0003169514835574843,0.0003165311728905181,0.00031582566404330384,0.0003161210260861157,,0.0003164560665224159,,0.0003160086652114298,0.00031656096555340125,,0.00031630428695579647,0.00031704127011517106,,0.00029972313719350764,,0.00031003440319171585,0.00031085088356326866,0.0003103014305897309,,0.0003103252641483804,0.0003110749470266819,0.00031069804018866407,0.00031117743725588156,,0.00031044074750247213,0.00031102236566026416,0.0003110372885028795,,0.0003109202713906234,,0.00031079812424314625,,0.00031079939382713334,,,0.00031184127468569453,0.00031130208235051216,,0.0003113717177738073,0.00031120908917498137,0.00031236721945177985,0.0003110639125578368,,,0.0003098353784079251,0.00030989627404954005,,,,,,0.00031101915021116035,0.0003107031664850656,0.00031140733352204314,0.0003108673236728268,,0.00031081463548547004,0.0003100996059584837,,,,,0.00031073141394766235,,0.00031148419620691665,,0.00031126946621851256,0.00031058798452450123,0.0003108102518419138,,,0.00031171498510866065,0.00031079307142078066,0.00031023785582825824,0.0003109116237962756,0.00031057713496144255,,0.0003122930428922495,0.0003116919061038986,0.00031140564897684113,0.00031043274181992084,,0.0003116601058976782,,0.0003110109125245545,0.0003104921241943743,,0.00031137138615691825,,0.00031076574839188824,0.0003113464672824857,0.0003108015008265061,0.0003100203318313814,0.0003107829728216102,0.00031064565595314864,,0.00031035672802971927,,,0.0003125559355551787,0.00031121679988682974,0.0003117272781521239,0.00031133774052225616,0.00031092943992660636,,,,0.0003109125160050224,,0.000312225623548814,0.0003113171351518059,0.00031096071838745265,,,,0.0003114044581772339,0.0003121060098412981,,0.00031033641916561436,0.0003102130031790991,0.0003106894698597612,,0.0003104737087255342,,0.0003107309178530686,0.00031037720852133396,0.0003114479173411448,,0.0003107287082891433,,0.00031071567974236275,,,0.0003114816367836615,0.0003119712290748188,0.0003104082721771266,0.0003115321068684146,,,,,,0.00031067103277359975,,0.000311637126740574,,,0.0003109699103137373,,0.00031076095380663273,0.00031146679069595065,0.00031138433563124556,0.0003119167611679462,0.0003106605365282438,,0.0003113130503040099,,0.00031057093911847854,0.00031057794753619694,,0.00031096661759253145,0.000311452397728492,,,0.00031031292008987975,,,,0.00031152136375352967,,0.00031042803916763725,,,0.0003124650962108884,,,0.00031048563960923585,0.0003110094685135134,,,0.0003110238946815442,,0.000313414512849094,0.0003128817671008381,0.0003140064948513741,0.0003113520626071669,,,0.00031200648140223284,0.00031263630088991913,,,0.0003065269528838669,0.0003066595600912087,,,0.00031302953981140596,0.0003130249575060583,,,,,,0.000303669685655109,,0.0002954414718947972,,,,0.0003180495206105477,0.0003183287006154211,,,0.00032799155961943616,,,,0.0003342314695493264,,,,0.0003355230772152563,,0.00033564186753667305,,,0.0003384884908116649,,,0.0003346631739886327,,0.0003358416740587935,,,0.0003352307161917939,0.00033490481488214604,0.0003347884552827443,,,0.00033629468224501607,0.00033532495558118435,,,0.0003357216101404831,0.00033610097820467333,0.00034206303475759777,,,0.00034249634517257945,,,0.00034228997935281094,0.0003438710332011962,,,0.0003430320721287013,,0.00034400254697496406,0.0003432723112836559,0.00034320711848075813,,0.0003441893800866968,0.000343503162189663,0.00034202084144832384,0.00034330152235800685,0.00034299052964828676,0.00034207569655647543,0.00034290779663412237,,,,0.0003423777656592157,,,0.0003414343003952578,,,0.00034195065727370046,0.0003418436957342881,0.0003424514790786685,,0.00034226937292429607,0.0003427592211700893,0.00034182575092845795,0.0003417151563878453,0.0003421513924686896,,,,0.00034137405175154383,,0.0003417492075004483,,,,,,0.0003409238731552721,,,0.00034194723589177535,0.00034231770501099584,,0.0003412269706124402,0.0003421406555803702,0.00034110530989962947,0.0003416051528767113,,0.00034081951075752716,0.00034160779686227984,0.00034141164806340634,,,,,0.0003422958378615604,0.0003410180082473369,,0.00034096432574228294,,,,0.0003417588883540885,0.0003107378765911225,0.00031055056730590943,,0.000309900734029356,,0.0003103927601246599,,,,,0.00031230299069090543,,,0.0003111035446204213,,,,,0.00031086323329738676,0.00030924078176247676,0.0003104929334994163,0.00030948603619880777,0.00031012804865950894,,,,,0.0003093357769788369,0.0003100124483985108,0.00030906577235582065,,,0.000311796200332586,0.00031157940161838577,,,,0.0003105402138581931,,0.0003107494633107638,,,,0.0003093359541736832,0.00031090632424597025,,,,,,,0.000310667607783981,0.00030933050620695203,,,0.0003093410486658117,,,0.00031003057762990423,,0.0003103558652456693,,,0.00031019832681083434,0.00031035042156440793,,,0.000310699091390717,0.0003107767327267124,,,0.0003108265905015644,,0.00031025061499621544,,0.00031060425764757376,,0.000310924904309111,,,0.0003100651890604457,0.0003101722744049128,,,,,,0.0003114646093354336,0.00031098844034920946,0.00031111111744702653,0.0003106098668283616,0.00031228758671298897,0.00031064125788550143,0.00031075504533878325,,0.00031146469294477584,,,0.00031001845942357623,0.0003111828227185829,,0.00031081531849723725,,,,0.0003097443995043615,,0.00031069129876998064,0.0003112834761349162,,0.00031074300826992667,,0.00031048644834903017,,,,0.0003112664176271202,0.0003103012360447051,0.0003093582273488819,,,,,,,,,,,,0.00031780409736417253,0.00031708474924811556,0.0003161569709595468,0.0003163257554694097,0.0002626346277073486,,0.0002604900573600894,0.0002613766780385461,0.00026050493584471075,,,0.0002545483268274693,0.0002546782281111569,,0.0002538041546475416,,0.0002550283560382032,,0.00025463281790347403,0.00025464200935802734,,,,0.0002540280625246987,,,0.00025547110005957397,0.00025408029486015285,0.0002542243137145401,0.0002546218095312348,,,0.0002547419817679504,0.00025427631627905004,,,,0.0002544405297169593,,0.00025355429713406336,,0.00025467879219596805,,0.0002537746629996692,0.0002547580334264208,,,,,,,,0.00025433871426741415,,,,0.0002547610944837781,0.00025488666548603386,,0.0002546645966740145,,0.00025442225787065124,0.0002542381747921993,,0.0002541301896081925,,,0.0002538224599920755,0.000254327358595187,0.000254029347110869,0.00025505033480342353,,0.00025393983298040905,,0.0002544729026223627,0.000254345646434329,0.0002538024796357392,0.00025447716229997605,,0.0002545102620658811,,,0.00025459345009518287,,0.0002535403577699513,,0.00025503826857180154,0.0002542831279919346,,,0.00025421192220368723,,0.00025465951454568553,,0.0002547123829938009,,,,,,,,,,,,,,0.00025431577802997017,,,,,,,,0.0002548656115172547,0.00025479240693569754,,,,,,0.00025440967566755433,0.0002545096700631332,0.0002547471615524621,,,0.0002545088792290816,,,0.00025485562863480156,0.0002539061876059431,0.0002543338868137666,0.00025454985673449153,0.0002547096286994813,,,0.00025487103470810016,,,,,,,,0.0002545456188570639,0.00025452403651521376,,0.00025448873313375697,,0.00025436062635457435,0.000254775983221445,0.00025515616583053705,0.0002542668508881694,,,0.0002556892124606515,0.00025490746436848655,0.0002553488300372572,0.0002538406829266819,0.000254047578631249,0.0002546398009282684,0.0002547323799636422,,0.00025413187301143023,0.00025455243530907845,0.0002553604716743985,0.00025418836281728715,0.00025527621107817065,0.0002543442071330894,,0.0002546576130443739,0.0002541770487811479,0.00025516721861921273,0.0002543096361449533,,,,0.00025140165904269737,,,0.0002616654312020608,,0.0002558961986979029,0.0002557190323484399,,0.00025587871360756737,,0.0002561045989682173
8,24,DG_48pct,96,Z01_F12,1,3PH,326,CKT7,True,2.451626648328054,2.342186615818677,2.328574305611977,1.8307975681382662,1.7814926726033982,0.25153166110596503,0.024441807561904103,0.8054638116126484,0.7225603601157595,0.3985349744432274,0.36883610412527135,0.12210513547351087,0.0017820302491295091,0.020595811796042317,0.06615666739402262,0.1101913940683839,0.1952153677699082,0.08118232092480168,0.10148070159361304,0.11971143985728655,,0.0002920134610819781,0.00029079136170440475,0.00029179334898018344,,,,0.00025355099273690376,,,,0.0002552330370589428,0.00025697463205440603,0.0002550903124120013,0.00025533768656091496,0.0002556260952197547,0.0002562039004311186,0.0002568580276382398,,0.00025645779200786877,,,0.00025336622082898405,0.00025317210099606836,0.0002532339283995663,0.00025386790970689647,,,0.0002510071894736575,,0.0002547517707584178,0.0002537024234349354,0.00025370605612652663,0.00025440113001704056,0.00025309690465036733,,0.0002559850222391058,0.0002567057728588852,,,,,,,0.0002582112530418361,0.0002586386045954916,0.00025899065798726814,0.0002592677744067962,0.0002585890203348254,,,,0.00025844540366771524,,0.00025900214089766147,,,0.00025761044637429313,0.0002578531916437816,,0.00025811003304156366,0.00025801456045299964,,0.00025699555731834234,0.0002578533891756879,,0.0002570554059824646,0.00025725825116558313,0.00025837637192138425,0.0002584072515044368,0.0002578888706844729,,,0.0002579679980965822,0.0002576934847544283,,,0.0002574910558585212,,,,,0.000257455551373679,0.00025766341198467775,,,0.0002517492117055655,,,,,,,0.0003135989039988312,,0.0003161092540305957,0.00031559520388756704,,,0.0003157437777498592,0.0003160571303453015,0.0003156049939820796,,0.0003148405731119996,0.00031613145336702495,0.00031538677629310165,,,0.00031567704696430386,,0.00031603351972885865,,0.00031598169379545675,,,,,,,0.0003166864086554532,,0.00031529677367863625,,,,,0.00031500727289009465,0.00031436519172386486,0.00031433614694176146,,,,,0.0003156142331776562,,,,0.00031587244207464005,0.0003160979302993391,0.0003155215303316966,0.0003166375859291244,,,0.0003167639979315646,,,0.000316510529128256,,0.00031625598354889536,,0.00031606199528628337,0.00031645147434193214,0.00031657838689576535,,,0.0003166562407403421,,0.00031717021667814296,,0.00031610908393912916,0.00031631580367955575,,,,,,0.0003168854391433151,,0.00031580418899152023,0.000314999513531792,0.00031606664579987673,,0.0003154120547487191,,,,,,0.00031545128032042986,,0.0003159048694696089,,0.0003154218770843009,0.0003161282204040785,,0.0003169446369419088,0.0003149730384345119,0.00031595088660687793,,0.00031634661669935435,,,0.00031687641760587046,,0.00031681447457820546,0.00031652697659137924,,,0.00031651632693939643,,0.0003172150098153405,,0.0003162118979329573,,,,0.0003159035814667421,0.0003160010582016458,0.00031632997514614706,,,0.00031568589695464365,,,0.0003152669225460227,,,0.0003155093939375891,,,,0.0003168510078141644,0.00031684703632431675,,,,0.0003165536304526912,0.0003169380763688659,,,,,0.0003163717113680809,0.00031674336678541473,,,,0.00030045995920158935,0.00030151412137132647,0.00031018647512143894,,,,,0.0003110104105554612,,,,,,0.000310701486219256,,,,0.0003109616846403403,0.0003118179629507071,,0.00031057573962300455,,0.00031111115611122034,,0.00031039067646479007,0.00031033236412226155,0.00031068662022452616,0.0003116482387376701,,,0.00031022148926024864,,0.00030942384024218174,0.00031108149609991766,,,0.00031039626872186865,0.00031155631897552356,0.0003109789450605088,,,0.0003104927495731911,,,0.0003098712967426917,0.00031194375041371453,0.0003118585748636362,,0.00031055938353147635,,0.00031215162648967875,,0.0003121237896866163,0.0003106437836644205,0.000310192289874271,,0.00031073813366314595,,,0.0003106198756115602,,,,,,0.00031011487009368087,,0.0003116107097209637,,,0.0003103646962956756,0.00031049503728887814,0.000310790592530946,,0.00031038125102605566,,0.00031127504164591015,0.00031051955032159985,0.0003113180390876114,,0.0003106230531523012,,,0.0003112389411776267,0.00031184888979282556,0.000311203766848503,0.0003114120695798177,0.0003121192878983464,,,,,0.00031087928050598293,,0.00031208742677089934,,0.00031222280414867155,,0.0003118262916837614,0.0003105280415677756,,0.0003110802670597204,0.00031065150519107664,0.000311034772965702,,,,0.0003106336090484164,0.00031023207078312596,0.0003107635811299526,,,0.00031028883949926034,,,0.00031131959069198096,,,0.00031104692174784113,,,0.0003117040005228626,,,0.0003102930469775611,,0.0003108534116009665,0.00031125899629507657,,0.0003124336494704431,,0.0003106125945543231,0.0003116413415587801,,0.00031089795318980375,,,0.000311363589598112,,,,,,,0.0003106159877673249,0.0003113074986468645,,,,0.0003109723563835991,,0.00031100441550186965,,,,0.0003112842902908744,,,0.00031195358553187766,0.00031131911615297066,,0.0003117551177020556,,,0.0003111842762596055,,,0.0003116840245115606,0.00031364681148265044,,,0.0003139437696708386,0.0003122645067675954,,,,0.0003120819138004862,0.0003066200989214914,0.00030575278437887463,,,,0.00030634898304800364,0.00031355945545002707,,,,0.0003108227335953796,,0.00030470672136686833,0.0003044467827573124,0.00030340860552861474,0.00029666338753645796,,,0.00031795339014422075,,0.0003183887104364527,,,0.0003272800634730108,,,0.00033268775338006127,0.0003352350307605441,,,,,,0.00033555341149903563,0.0003355314300205885,,0.0003390237361999558,0.0003358932745662724,,0.0003357821533861946,0.00033603224479285466,,0.00033525199582117325,,,,,,0.0003349233162548837,0.0003347559341239339,,,,0.0003355693063008831,,0.0003427241981736051,,0.0003425706363518809,0.0003418512051662716,0.00034221761665107587,0.0003396937178317626,,,,,0.000344294786230677,0.00034416012905131324,0.0003439399737754328,0.00034439768926298634,0.0003438429394058026,0.00034325449653587327,0.00034372295133734806,0.00034394994335664364,,0.0003419476540563549,0.0003406894922988072,,,0.0003416609886441329,0.00034179498435062627,0.00034212843690248395,0.00034224580396278694,,0.00034210928305401187,0.000342029234374576,,0.0003424261863627123,0.0003417046283542078,,,,,,0.0003421500596339361,,0.0003410091089046821,,0.00034088734425257854,,0.00034224308951223416,,,0.0003414944355170149,,0.00034282057636023235,0.00034115655384404345,0.0003419241318322918,,,,0.0003422393703720175,,0.00034190489975474746,,0.00034180967656696103,,,,0.00034217414688898345,0.0003415691335458413,,,,0.00034186904153602095,,,,,0.00034112291893424393,0.00034209963670925493,0.00034104172488949813,0.0003418564902662851,,0.00030974558256539967,,0.00031045463810709575,,,0.00031119923862154306,0.0003104755236292044,0.00031076633364187137,0.00031144577601355223,,0.00031066109569699395,0.0003116808457598304,,0.00031004279274761165,,0.00031017920941829054,,,,,0.0003100472453928806,,,0.0003104013066297646,,0.0003102492763040212,0.0003092134642174491,,,0.0003103647717428425,0.000309474570158791,0.00031076352414018593,0.0003115012567410007,0.0003109939542195783,,,,,,0.0003101570873055706,0.00031028040803895204,0.0003101135187673251,,,0.00031044001875610863,0.0003102786117101274,0.00031012556286307593,0.0003094344679082584,,0.0003098784448476958,,0.00031027608636667814,0.0003103932782555957,0.00030940186135606986,0.00031038960835156503,0.00030947001296165383,0.0003096878116661876,0.0003110612130435659,,,0.00031089651302577747,0.0003102347945124662,,,0.00031068464875823787,0.0003070569845550678,0.00030850328326222646,0.00030891539587073213,0.00031066980950194406,,0.00031132408752553654,,0.0003115770602512264,0.00031146111141321163,0.00030993670841101086,0.0003117995405687439,,0.00031106845184386426,0.0003109660299113089,0.0003105518795149063,0.0003113712313257853,,,0.00031123887841261227,,0.00031098265869397936,,,,,,0.00031105173091380806,0.0003110149031112432,,0.00031095633043134216,,0.00031012637420483414,,,0.00031148912329678833,,,,,,0.00031065515255747193,,,,,,0.00030973811252356235,0.0003091741642966533,0.0003097331048475883,,,0.0003098160421381261,,0.0003096551524562674,0.0003104739888234167,0.0003108484977308872,0.0003099032824623924,0.0003104792133042432,0.0003099740123014635,0.0003113734451101774,0.0003098544715931311,0.0003107970688352535,,,,0.00031715514161246834,,0.0003170752913151781,0.00031714648372797454,,,0.00026051412076380205,0.0002601922841981945,0.00026028514322407737,,0.0002545048825850591,,0.0002536377867312426,,0.0002538191728193981,0.0002550151042884979,,,,0.0002544580635325998,0.0002535900632939921,,0.00025425464342180383,0.0002544507400773108,,0.0002545648661342961,0.0002545292338622361,,0.0002551132678319628,0.0002541771536687098,,0.00025399999909852687,,0.0002538024466037564,,0.00025452843415540733,,0.0002541760448725009,0.00025466403173531553,0.00025391078766602386,0.0002552771257903894,0.0002533448252229459,,0.0002550597724230006,,0.00025494270957964686,,0.00025469289463625353,0.0002545602857063534,0.00025484535109428913,0.0002547267647091332,,0.0002547451354403874,,,0.0002551186165787532,,0.0002543758627368572,0.00025472750710053463,,0.000254160036865304,0.0002544160897065961,0.00025477350217667624,0.00025359162473071226,,,0.000254216164062006,,,,0.00025486531242101365,0.0002542991303041543,,,,,,,,0.00025483351303468406,0.00025365134091139707,0.0002543430313064182,0.00025419259143493774,,,,,,,,,0.00025472786290320793,,0.00025431522966290926,0.0002540390371432265,,,,0.0002543573386720134,,,0.00025436178107700845,,0.00025520334113468605,,0.0002547715045763052,0.00025484374931440554,,,,0.0002547416265963562,0.00025455669104444565,0.0002547074836474839,,0.0002534540155949315,,,0.0002544267561354352,,0.0002546739522268795,,,,,,,,,,,,0.0002553308562048341,,0.0002548346326210793,0.00025448815909309073,,,,0.00025451108965215567,0.00025461179590933775,,0.0002542289052178293,,,,0.00025399279489624895,0.0002546829730778975,0.00025417622437916125,,,,,0.0002551197720125523,,0.00025460652834023804,0.00025451446458208386,0.00025394279918456944,0.00025511386502797927,,,,0.00025459737319525363,0.0002540761838591519,0.00025491231785860217,0.000254470967384488,,0.0002538480765189753,0.0002544487321498398,,0.00025419682146436804,,0.00025445579256067535,,,,0.0002541573882490263,0.0002545301902010865,,0.00025197342103851423,0.00025203527123731956,,,,0.0002614855024716805,,,,0.00025560053646451027,,0.000255875801540269
8,24,DG_48pct,96,Z02_F01,2,SLG_B,246178,243936,True,26135.827711084923,5989.379772800643,5812.28488393603,4442.838168980915,4350.815802165565,613.9812016932783,58.486736804631484,1977.043241571105,1772.5011327756874,982.2079110900016,903.4651893909913,300.01921530994184,5.0021311270182025,59.49828654167191,191.1367323636099,267.04583491900297,472.90277889606796,193.85971858701245,243.92421555867458,292.7888711212637,,0.25001710187130266,,,,0.445020172577212,0.062048664399293546,,0.21827772432983314,,,,0.6735820490874651,,0.11812898694496136,,0.11843574511740099,0.4595581633603623,0.4595707822472921,0.46077350319392557,,0.218210312705065,,0.21792047641743603,,,,0.21598533410870982,,0.21766869915278692,0.21802817675676087,,,,0.21857110543531927,0.6888169148969958,,0.22229371747246887,0.2221017940347421,,,,,,,,,0.22172037359681374,0.2223170510080982,,0.22221536228964966,,,,,,,0.6657293736028004,0.6672806660865411,0.13494442543520263,0.47769591128916356,,0.6636793993130888,0.6626813607731902,0.662824204346768,,0.6629136376675756,,0.6651566515614045,0.6635181835968645,,,,0.665610988415012,,,0.6620454338204795,,0.6637909454364597,0.6627822236989238,,,0.6636162335754593,,,,,,,,,,,,0.2688556933506807,,,0.7840040124091723,,0.7823728801563877,0.7816429493662449,0.7800543832306001,,,0.7778737482122696,0.7815948286738729,,,0.7798092561087241,,0.7803669810985842,,,,,0.7809228929301988,0.7817735375458554,,0.7797756554634508,,,0.7819929136670162,,,0.7807010220993693,,,0.7792735743820066,0.7799691124713262,,0.7794617763948111,,0.7792600876600522,,,,,,0.6097684139815998,0.6099506892310079,0.6091916453113182,,0.6093550791248847,,0.6110321655717112,0.6121966250343859,,,0.6084003556670162,0.6087402607707507,0.6093805602973222,0.609629118176836,,0.6103859437133464,,,0.6099057948710566,,,,,,0.6100728189011103,,0.6104923903515688,,,0.6094592988394194,,,0.6102692586832786,0.6096334566042454,,,0.6121269182263046,0.6116371840458316,0.6094648518593803,0.6107951914669083,0.6083800378744427,,0.6101893380424834,0.6086021023642754,,0.19612315814582326,,,0.19610114009244192,0.19691141483796862,,0.19644948612372146,,0.19773989788796795,,,0.19698627938346913,0.19660394769315942,,,,0.19726169631818954,,,,0.19718614967412923,,0.19620406757492564,0.1966799339866174,0.19681427789627687,,0.19672135384769576,,0.19665514383960617,,,0.19635955718012824,,,0.19640820702203032,,0.19669165516644768,,,,,0.19687369692669232,0.19607401824699822,0.19724748336003492,,,0.19663831179774136,0.19659535736497155,,,,0.19674650759058102,0.1969933663808277,,,,,,,0.2666516285761518,,0.26645282224894007,0.2667825278944575,0.2668759917214108,,0.7753698652756478,,0.7731670039930545,0.7746014997258666,0.775528708606085,,,,,,,0.775786163118382,0.7747832726215607,,,,0.7747500520914121,,0.7737723763658514,,,,,0.7738391494334691,0.7740279928357441,,0.772158188497847,0.7740421583063285,0.7744082263648681,0.7706396650211879,,,,,0.7723556431450702,,,0.7736742903498455,0.7729843727562227,0.773847721098873,,,,0.7705003270393064,,,,,,,0.7722053243261319,0.7737459308697627,0.7727118429617998,0.7754712199790155,,,0.7728581199082257,0.7739541670876825,,0.7757681422092068,0.7742387470856782,,,0.7723303606630771,,0.771861045514268,0.7718076761842582,,,0.7701881785953872,0.7732852268442193,0.5972349959316731,,,,0.5959862660560838,,,,0.5973771733974561,0.5961547091161369,,,,,0.597027860514318,0.5981714639305453,0.5964204170350927,,,,0.5970305625521636,,,0.5964598717499021,,0.5967547350692545,0.5978667839434628,0.5944529935749414,,0.5970223642275087,0.5967378407399387,0.595709525375754,,0.5952233060236407,0.596906127522641,,0.5992522345828615,0.5981715419631023,0.5972014541164505,,,,,0.5962701524318305,0.5965038234051976,,0.597804517042492,,0.5955997003087775,,0.5960949060795039,,,0.5967266058884743,0.5964432185839842,,,0.5974847434244919,,0.5970407353943941,,,,0.5970647916475428,,,,0.5975887564675554,,0.5958938921150709,,,,,,0.5990871510568582,0.5989253535388495,,,0.5989420841235314,,,0.5996130075981688,0.5968599034663923,0.5983641454978503,,,0.1910640753770965,0.1910612793688778,,0.7753313536349926,0.774985843724579,0.7735399718745671,0.7764842518531271,,,0.26442941950173016,,0.2642840753353333,0.26563761413855635,,0.7748497099245077,0.19375677963144997,,,0.26767073493995575,,,,,,,,0.7853723117924472,0.19864646755971463,0.616620339315212,,0.2054134875651023,,,,0.6397830183488789,0.20951981009718593,,0.20959465839502125,0.2098736161467653,0.20999006357042016,0.827201200676598,,0.6467147037613632,0.21161701585984788,,,0.2866172963775284,0.28671879489279106,,,,,,0.28665182168440023,0.28739684190126147,0.2874746194288422,0.28781241835958676,,0.2863869868673417,,,0.2868438891086802,,,0.660067623993527,,,0.6627578272389842,0.6535802577317089,,,0.8505337590462181,0.848022973854938,0.21586411766128152,0.21579992868708653,0.21553524393742965,,,0.6616997899324725,,,,,,,0.29151931309296875,0.29146984708559986,0.29198466235737813,,0.2926411446238123,0.29240906033373437,,,,,,,0.29296080154047976,0.29242856700154657,,0.2924362631954548,,0.2926522547910792,,,0.29192538933066464,0.29157731338221377,,0.29199666950582,0.29141493025446863,,0.2917402288544145,0.29228707519314234,,0.29267977184351274,,0.2922275680485587,,0.29212906213943635,0.291931464452364,0.2933077613391001,,0.29236029095265903,0.29238245953691044,0.29252349291582214,0.2918279854874289,0.2923064555159701,,0.2920706822517996,0.29143997665465426,,0.29281810161396776,0.2922536913568014,,,0.2918006591066411,,0.2913964906323159,0.292007862992483,,,,0.1854812907859599,,,0.18509395424574807,0.18582195752015723,0.18577673053991603,,0.18551720073571568,0.18596499632002622,,,,0.7781617538815879,,0.7766328562634703,,0.7746905599453235,,,0.7729627239226022,,0.7746718288875519,0.7752340371933921,0.7768773692804476,0.7779207747937198,,,,0.7744027815425506,,0.18660175803972198,0.1860737351117176,,0.18625061132071866,,,,0.18589055917526473,,,0.5927721665321426,,0.5912549078828596,0.5907355429687203,,,0.5912326666906264,0.5932497571200497,,,0.5921611560959825,,,0.7734040887426208,,0.7747823021671785,,0.7746826493683701,0.7768196950797852,0.7748774244060733,0.7771833693734926,0.7755656188998066,0.7762417066362516,0.7764389707295852,0.7632974833179802,,,,0.593482054613657,,,0.5940654642555347,0.592359312726951,,,0.18602526515429563,,0.18614135370892462,0.18536046827590336,,0.18606689694733156,,,0.1854612584054238,0.18565191534461678,,0.18616193143120607,,,,,0.1854851893460413,,,0.18566220429567726,,,0.18506590135928025,0.18621260258844208,0.18548067529667098,,,,,0.5920562709408268,0.5935345567293677,,0.5923623857246806,0.5912322159958844,,0.5932960072119319,0.5924482850019213,0.5909082992610281,0.5918859833099894,,,,,0.5927790038299146,,0.5935863600368563,,0.5921184343886088,0.5934841843163,,0.5931027369100593,0.5934130392264578,,,,,,,0.13420659078116193,,,,0.2234971757190325,,0.2183435691643409,0.21842147222306796,,0.2188083654995165,0.21790577866436,0.21799464703355304,0.21852162216346416,0.2185466113675429,,0.21830554534517554,0.21852276006648727,,,0.2192680911018769,,,0.21849383096246894,,,,0.21861104298345374,,0.21803552368656648,0.2182935214636498,,0.21836466795211806,0.21843971319039704,,,,,0.21930994531952872,0.21869016990636442,0.21865428961056632,,0.21881021065705014,0.217946691963275,0.21820819078191378,,0.2189290002419877,0.21912999635641606,0.21904680661549808,0.21838286692799846,,0.21774207067042878,0.2183961268781514,0.21836028407828706,0.21787851582192827,,0.2177346570889612,0.21865768861982474,,0.21882355563713168,,0.21846125356023763,,,0.2188557196087659,,0.2187799361883758,0.2183989652246284,0.2185124382928259,0.2188736293521807,,0.21811714809768398,,,,0.21839200150359664,,,0.2178069728165029,0.21895579142593757,,,0.21836016216235224,,0.21799909255983801,,0.21830648641746078,0.21868301628741454,0.2189257249087593,,0.21843334242016957,0.21874688453050406,,0.21860547007942358,,,0.2179431327383811,0.21906325920148104,,0.21840868087508397,0.21907255969699452,,,0.21847025561683417,0.21882493248359142,0.2188307089649987,0.21833731379730928,,,,,,0.21840212745303655,,0.2184315232824429,0.21801469087635544,0.21876744392139524,,0.21805282393126932,0.21882075677372467,0.21766755016884298,,0.2187899302446123,0.21810725497192315,,0.21773224006283282,0.218895014615742,0.21867352307081675,0.21793170122608008,0.2182708582919247,,0.2182652379944871,,0.2180088918315664,,0.21881533378157864,,0.21870199053052833,0.2184886839157392,0.2188050019641137,,0.21850997416665247,0.21823794733771681,0.2180988142484795,,0.21781417949486842,0.2182945952472403,,0.21846051326097693,0.21882468695289944,,0.2182335302419626,,,0.21944014222248853,0.21899033741035026,0.21893315036714117,0.21820341462124776,,0.21849732316338302,0.21734120022635756,0.21844578447152088,0.21856418435199185,,,,,0.21860159759763426,0.21813609276888346,0.21853276518371573,0.21854593077651258,0.2186057452336654,,0.218452038959,,0.2169726879508345,,0.21679167099182178,0.678408754379642,0.13200306757024824,0.48048874696834415,,0.6752842474530022,0.1192440637396728,0.11906286173384363,0.4599985509583257,0.46124385779788013
8,24,DG_48pct,96,Z02_F02,2,SLG_B,246179,157345,True,18860.97085444611,5495.715759265964,5385.445404025576,4282.142392220555,4190.122966109001,581.0513702809582,55.586228295993344,1920.6680216889195,1725.029819956038,949.6511268468374,877.6515050416552,290.53351898542303,4.856567311387381,72.53266010475944,230.53885273913374,251.94382125423257,459.74036271502547,186.98475262717565,234.1110083322603,284.12471404961826,0.32884432187475676,0.3297581682784636,0.32901137880344156,0.8305993313499622,0.08888411879398879,,,0.29940787972197164,0.2990193089298302,0.29937484152447064,,0.6530177813148346,,0.6525736860027723,,,,0.5071625161471955,0.507160978248195,,,0.29754928179313817,0.29903678592714567,,,,0.29645172972976824,,0.2953583353182885,,0.2992891559351948,,,,,0.6651825019116316,,0.30256373645209345,,,0.3048726375142954,0.3034662912864273,,,,0.30413371865400235,,0.30407085334257006,,,0.3057750667353109,,,0.3050445445172601,0.3052390709178535,0.30507058419069866,,0.6471601709302052,,0.1950309739364447,,,0.6449683506812226,0.6448771584939811,,,,,,0.6435783139832485,,0.6446823957377465,0.6461971120790206,0.6456993894270882,0.6443308926557192,,0.6435640630589963,,0.6442147194300245,0.6447024748015607,0.6451106146294205,,0.6428740331409316,0.6444565450569812,,,,0.29701331357569677,0.2677817419904635,,0.3674777783811733,,0.36898398077614003,0.36879666531939576,,0.7603409465430251,,,,,0.7610064550910526,0.7611299747906746,,0.761109940782502,0.7613525672212298,,,0.7601270675492623,,0.7591273640475762,,,0.7614081450440865,0.7603766753918842,0.7584777505372265,,0.7596538004059967,,,0.7582471750279434,0.7598585356297167,0.758225367543527,,,,,,0.7606144706944385,0.7594121432806381,,,0.7569459519889088,,0.757864717959955,0.7580556321447338,,0.7580068162688408,0.7597599484459967,,,0.6492900499163609,,,,0.6492138839028332,,,0.6501097937585593,,0.6492970452429367,,,0.6479354788212267,0.6488561760792871,0.6484816127487215,0.6499467064571024,,0.6485196864773497,,,,0.6477499823430597,0.6484816011872475,,,,0.6494586842206671,0.646650165069809,,,0.6470110128510927,0.6486849915166141,,,0.6493440754938055,,,,,0.6458310366616614,,,0.6480801806161697,0.26834127710306027,0.26916842929675394,0.2695185338710478,,0.2691035826448661,0.269180571140166,,,,0.2690681715937596,,,0.2685325905678749,,,,0.2696400967935506,,0.269490541215393,,,,0.26970295174945846,,0.26809986571051025,,,0.2695232631028977,0.2686719298539669,0.2685617610311438,0.2693428573023987,,,0.2689506329021693,0.26892337577833164,,,0.26965168339385215,,0.2695118469944585,,,,,,,,0.2697550879895845,0.2691418581641821,0.26904804992568926,,,,,0.35698564946069355,,,,,0.3664323311939839,,0.36615034791017403,,,,0.7537256258053642,,,,0.753226953681613,,,0.7538232158873672,0.7527291085986668,,0.7536615526839188,,,,,,0.7515050944644941,0.7523895305126688,0.7549364811774261,0.7551437533553272,0.7533664728341066,,,0.753051304362802,,0.754166341022221,,,0.7520056266598552,,0.7541761726306488,,0.7545161116805551,0.7547840228688809,0.7520679830728719,,0.7540288881610469,,0.7512478783801428,,0.7533952910367527,0.7529582975648192,0.7526267973481652,,,,,,0.7517644855432797,0.7517507966720659,,0.7526087955822501,0.7520052562686244,0.7534092064019962,,0.7535328082410673,0.751930943508894,,0.7539130070937369,,0.7555012030165063,,0.7508088122040537,0.7513566849130903,0.7528443504104142,0.7530151084980081,0.751589026217396,0.7518489810845743,,,,,,0.6365950195949617,0.6373358770874161,0.6367195877867253,0.635102457831531,0.635146762526417,0.6373493366024519,,0.6364717273542283,,,,,0.6371578719093086,0.6368329266024865,,,,0.6361729951401881,0.6351507664416172,,0.6355383972222095,0.6363162500254995,,,,,,0.6350341573499225,0.6358566369965919,,,,0.635505053727052,,0.637933162971187,,,,0.6363726716994496,0.6371619240673665,,0.6354978859211219,,,,0.6352604055781579,,,,,,0.6341537762731323,0.6367935060200364,,,0.6353689463762622,,,0.6351209580640715,0.6364886328370981,,,,,,,0.6356942744617718,,,0.6363748004555054,,,,,0.6369925430789374,,0.6380418454136164,0.6370587986256724,0.6384877734697321,,0.6385215904408721,,,,,,,,,0.7559359830341534,,0.7558857221478693,0.7554779357839266,0.36290593034035434,,0.3633173203256883,,0.36274363203505877,,0.7536142890328343,,,,,0.3678058607453167,,0.36124639873286457,,0.35617472642487746,,,,,0.6524702538104088,0.7893323054563398,,0.6731750733502623,,,0.682543953269246,,,,0.28762434163807515,,,,,,,,,0.3951364348655752,,,0.39539899608055207,0.39514742064908304,0.3950832476513184,,,0.3953877917517188,,0.39413057990720896,,,,,,,,,,,,,0.8248823331322576,,,0.294741190205917,,0.2934668374616207,0.29383874543459587,,,,,,0.4045400980357249,,0.40265075465143907,0.4016517313345083,,,0.4041405443503518,,0.4026788816307112,0.4023014830940188,,,0.4034421155044228,0.40254606918158964,0.4025472487751617,0.40310046261733695,0.40199631536212493,0.40204859453981073,0.40353602679906786,0.40249091588389285,,0.402802162760289,0.4031501438964387,0.4017453587493914,,0.4014599761830735,0.402503328048816,,0.4021891585398173,0.40218477927068186,,0.40347226372482997,0.40226809345075343,0.40282816112500175,,,,,0.4026339731706931,,0.40302991859674037,,,,0.4036183295692199,0.40289371676660646,0.40260699282421525,,,,0.4024756910733663,,,0.4015216473767505,0.40226499766207463,0.4027719146174748,,0.4026907513784199,,0.25740724920063296,0.256963296044327,,0.2575225766935487,0.256246637631052,,,0.25667714395449287,,,0.2576048215792243,,,,,0.753966207322072,,0.7562580331990785,0.7555502624961535,0.7534327010461409,,0.7556392362897058,,0.7546736065884335,,,,0.7527308478375461,,0.7519300027168486,0.7518765873872327,0.2575022588717572,0.25776135662747696,0.2574413000811401,,0.257807543275313,0.2575632932572083,0.2577773498987878,,0.6323232024426017,0.6309143529507886,,,0.6309870944976793,,0.6321700244434622,0.63259748412074,,,0.6326853215224931,,,0.6338583906537913,,0.7551078978266229,,,0.7532245629275492,0.7516254110043553,0.7531662029375794,,0.7539760224256359,0.7516524393638018,,,,0.7500207249765601,0.7523141581918105,0.6341818505337252,,,0.632652339663502,0.6333516670924719,,0.6329788723301355,0.257303147849374,0.257596240070139,,,,,0.2573142851981061,,0.25686851313878306,,0.25662649490585804,,,0.2570781034368554,,,0.2566406460303474,0.2570018856431869,,,,0.2577042319958201,0.257372583721886,0.2571313542872329,0.2580620303833405,0.25838975037785133,0.257962990337444,,0.6351234278362142,0.6355001351545808,,0.6319487183046331,,,,0.6334563684610706,0.6337236767474362,0.6309897378155789,0.6311284943272744,0.6324072948399012,,,,,,0.6331081695649968,,0.6351614804261319,0.6346211985910671,,,0.6354825150395831,,0.37311105148373613,,0.37360591503362894,0.3742061747332192,,,0.1941416534093332,,0.3084048187020479,0.307213179109553,,0.8160217550533146,0.30016972663453884,,,0.30054067998042566,,,,0.30048982342218944,,,0.3000168730173424,0.30023626699048617,0.29997696506392413,0.3007221916669334,0.30061916778647335,,0.30026560095264654,0.3002787284616781,,0.2994332892829179,,,0.29995495262850463,0.3004302124729683,0.30013297183593307,,0.3003094631330766,0.29963986439422857,0.30019806306098906,,,0.29977687253373064,0.30041009460707324,,0.2999634169261722,,,0.30053617984723,0.3002149855275843,0.2998272201069672,,,,0.3002150482040419,,,0.3007162043613303,0.30015886333304853,,,0.300538535725468,0.3001189471029667,,,0.30010918560808814,,0.2998868016922998,0.30059888738819746,0.2990947683250478,0.3006102638679253,0.30066980387325576,,,,0.2995317862260687,0.30032986151347885,0.30094492444746646,,0.3004899424674003,0.3001320305825295,0.30026583258958967,,,,0.3001494826631251,0.3007129700876788,0.29989355804048023,,,,,0.29929347934651385,0.2997417368713969,0.29988755167025966,0.30031125912986073,,0.29973954301202205,0.2999987540104461,0.30103319312525467,0.2998966630426915,,0.30090825171722185,,0.2998152177528045,,,,0.2991253662745917,0.2995613487079971,,,,,0.3002278380693862,0.30068128484262335,,,,0.2996193137582762,,0.3001192809136754,0.30035178640764965,0.30018096946511885,0.2993030672987614,0.30020590118981194,0.2998019570824623,0.30002571432169933,0.3000475303017001,,,,0.30070209244153084,0.30018341410918736,0.3004658649787665,0.2998699893033497,0.30057184562680295,,,,,,,0.2999190507464885,,0.3006370260154969,,0.3008977404118429,0.3003468834110789,,0.3001563140937633,,0.3005130526196837,0.30025361781015714,,0.3003535800159816,0.30012796168849354,0.29977382220561605,,0.300724267808838,,0.2998839144924079,,0.30058488941370665,,0.29962529103357827,0.29981584849936194,,0.3007918331916764,,0.30021391530551905,,,0.299950452720335,,,,0.3004719214060983,,0.2968839959353996,,0.29777149509293954,0.6575865774793033,,0.5231915880951086,0.6510053066541808,0.6488089612758802,,0.17758502928258085,0.5071424293020915,
8,24,DG_48pct,96,Z02_F03,2,SLG_B,246179,157345,True,18821.80421953682,5492.3296835600495,5394.851549111823,4271.74048251909,4188.95789155555,579.8103293336206,55.562716689114545,1928.255929255338,1727.4566042233341,956.2195484391265,879.0509984279405,291.83441106600776,4.870048370273283,72.61642656773876,230.78064276109689,253.00581038365092,454.9855592635218,187.10286334139568,232.21657054757773,284.633797575396,0.3302490866304793,,0.32958967114502896,0.8285052390639029,,,,0.2996346246534629,,0.3002158732146765,0.1748491235013284,0.6544571215511716,,,,,0.177370358240521,,,0.5070116537822034,,0.2989140695008768,0.2993370712921573,,,,0.2956366763845577,0.29603148562823306,,0.29955316814448957,,,,,0.2994638817441134,,,,0.30314343377283753,0.30349784443600236,0.30452920435192443,0.30390432861470107,,,0.30538158193170456,0.3064626433453549,0.3053089152142392,,,,,,,0.30594116978649954,0.3049369695565964,0.3051698436142136,0.30579483649415806,,,0.19536318678892997,,,0.6442848670659042,,0.6428792683485751,0.6431637731106692,0.6430089603728204,,0.6421191203601742,0.6452841368932206,0.6449941721644855,0.6423147310133513,0.6458648100664539,,,,0.6441113350329638,,,,,0.6453824914655533,0.6440498116358827,0.6450030669275909,,,0.2978831785784891,0.29820910416684193,0.2674734672099983,0.36687599359597767,0.3675371215073756,,,,0.36964849694810487,0.7591404735502142,0.7602254703160688,0.7606326724139281,0.762844906888169,0.7619207779651986,0.7597881758147785,0.7629556534121259,0.7597007110106856,0.7605316090907868,,,,,0.7587475906296984,0.7584111240797116,,,,0.7583668930853812,0.7585037623581521,,0.7572736267805464,,0.7568670422049173,,0.7616276120967758,0.7599689663439301,0.7604965913812409,0.7607303436986895,0.7612434420736912,,,0.7586642537021834,,,0.7591709521252045,,,,,,0.7609626114759543,0.7569646334533203,0.6486708899212472,0.6482104510540742,0.648291289452079,0.6470987687306193,0.650878510575114,0.6484454770792341,,,0.6492534759817313,0.6480516813340064,,0.6502107551756118,,,,,0.650023478724008,,0.649269596529795,,0.6475228975948962,0.6484932919231345,,0.6491338377044379,0.6495311701479881,,,,0.6501242967300055,0.6488639480250361,,0.6495430382414518,,,0.647684041930081,0.6490732060102923,,0.6494409342881531,,0.649741064413958,0.6500911300597889,0.6496018329085269,0.6501673891134917,,0.6463382632563363,,0.26924538432669387,0.2697359518251337,,0.2683457417951465,,0.2685365978856436,0.26908510499738514,0.2699761097435349,,0.27013840010061146,,0.2692843819235736,0.27010176284170395,0.26946516547841604,,0.2696903944219003,0.27023423090360266,0.2687832609682468,,0.27012153601273076,0.2693239060217986,,0.268466524774499,,,0.2689328150069204,0.2692171953473877,,,0.2697084200728707,0.2687929507887386,,,0.26953035771257444,,0.2694481464463389,,,,,0.2693954550536885,0.2687372644298273,,0.26927852978530686,,0.2694576231878046,,0.2691864598213948,,0.2687815616889396,,0.2700383236475629,,0.35645518909301643,0.3574183665698795,,,0.3670195257060711,,,0.3667759528921653,0.3678804477900701,,,0.7538383141359856,,0.7518230929799826,0.7522862870170925,0.7544024940162778,,0.7516513770212024,0.7509596599499422,0.7532800586774623,0.7531339072882219,,0.7529931550853319,,,0.7523866843707565,0.754415178584394,0.7523648953818095,,,0.7544936885719841,0.7489624910293529,0.7537869043396941,0.752049867331919,,0.7508279051310713,0.7514147370366835,,0.7528640756713121,0.7541487929765686,,0.7506850155909598,0.75329357120959,0.7529130272884693,,0.7530271901742843,0.7530188359663237,,,0.7519937574557019,0.7517021858080484,0.7519253254282914,,0.7531268524639451,,0.752067961237203,,,,0.7504576492891083,,,0.7545034318622104,,0.7540567781308115,,,,0.7530350395329704,0.7506626257476177,0.7514620332823616,,,0.7506356015275941,0.7517363871743155,,0.7514753949591015,,0.7541368813461151,,0.7504730265658162,0.7526303097796074,,,,,0.6375191246438131,,0.6372729545852974,,0.6359401623447934,0.6368119364452648,,0.6371820026736755,,,0.6376361614904081,,,,0.6350786904187012,0.637424623190225,0.6366611382378803,,0.6342884527573236,,,0.637536269545101,,0.6378957213738484,0.6371224608131573,,,0.6351885033957564,,,0.6364046439242919,0.6361713066658163,,0.636833242622868,0.6349030071097287,,,0.637166238606413,0.636201427979462,,,0.6362349092471815,0.6352994883324795,0.6358588916189363,0.635958701670079,,,,,,,0.6376209702989023,0.6362425368076721,,0.6365565484560448,,,,,,0.6380399363057839,0.6365411411677155,,,0.6372319490954697,0.6360614471979513,,,0.6337672023481914,,0.636379732046144,,,0.6369466684239865,,,,0.6377683874785999,,,0.6380837231008183,0.6371397595648539,0.26330807662137573,0.2631184524747081,,0.2626783201037415,0.7576051697475292,,0.7559790976289327,,,,0.36321892382593157,0.3630048748914034,0.3632673757882084,0.36319039962447974,0.36241007365187106,,,0.6407466018639012,0.36817105321947724,,0.36834953634438916,0.3605598694861514,,,0.3543977722333592,,,,,0.654644106549368,0.7881609068026065,0.28107823260953735,,0.7960338007508545,,,,,0.2858832731673951,,0.28644757262129794,0.804851124665347,0.2869060789370697,0.6885717450416641,,0.28877388931054254,,,0.39483589150607823,,,0.3961327674893765,0.39517083292712163,0.39565644641279146,,,,,0.39509269544898523,,,0.3958016211883861,,0.3946496953261904,,,0.7020874985447284,,,,,,0.826913715730893,,,0.29425857252135657,0.29432037442749154,0.29455970035690726,0.7066200923375577,0.7050376483829784,,0.7026749216871195,0.4032035681537701,,0.4025396625869714,,0.4024920101923659,0.40222531041102894,0.40288069935672566,0.40355030533694186,0.4032684151046729,,,,0.4023607617375966,0.40349112156776396,,,0.40338096133479917,0.40288874142804365,,0.4022733862930489,,0.4037093237260161,,,0.401989757947021,0.40258356998928846,0.401840711721288,0.400822991115488,0.40264248102670497,,0.4020458728063117,0.40245668583433025,,0.40211348057484314,0.4026516755350647,0.4025436109513678,,0.4026437276293259,,,,,,,,0.40253439975215405,,0.40358790481659557,0.4014262759112623,0.4026969977414651,,,0.40294627625284085,0.4027617411720617,0.40213173779705536,0.40329637016965025,0.4022148277343706,0.4028939948255589,0.40215704424915794,0.4035701304876136,0.2577967219127926,0.2566056298829303,,,0.25756701911022406,,,0.2564184572249769,0.256462606669546,0.2574253951631746,,0.2565628788514562,0.7537197369757167,0.7540104125536784,,0.7540282019666407,0.7566027285552577,,,0.7559643822292661,,,,,,,,,0.7507403698533699,,0.7540823015008973,,0.25769678074685054,,0.2570155503206661,0.257367348436909,,0.25638750169692004,0.2574733018966243,0.63164855609593,,,0.6327761165134163,0.6331067301053183,,,0.6316847477285839,,0.6323201439022716,0.6338083006193987,,0.632520402098014,,0.7542592044325117,,0.7516651838754004,,,,0.7539191132120598,0.7530855485268659,0.7524063593985404,,0.7565286345388527,,0.7420302154267628,0.7495261068693226,0.753926290550201,,,,0.634646612924728,0.6317935365440469,0.6341580643803645,0.6332725216152417,0.2567440236420961,0.2568166275386954,0.2567519204357378,0.25792288532206553,0.2569188802429621,0.25673669895783957,,,0.2564762120942922,0.25742455307035195,0.25783403236373686,0.2570492317787242,0.2568435361756937,,,0.2573037706142229,,0.25682381410840466,,0.2577078217027385,,0.2572189961497223,,0.2575753447819448,0.25782222540955274,,,,0.634879780234971,,0.6327203990079407,0.6341886458689843,,0.6342819301213273,,,,0.628942062557016,0.6317200848115787,0.6314608340386422,,,,,0.6324942581741378,,0.6327463657009613,,,,0.6340103744394414,,0.6328044190374486,0.3744342198001312,0.3733094407079914,,,,,,0.1627336724950518,0.30734856541946487,0.3071398883007897,,,,,,0.2999316539567207,0.30036139681062474,,0.30066372901406263,0.2998717592588187,,0.3004804164227686,0.2999560330561852,0.30109334500040724,,,,0.3006982811858446,0.2995937429262927,0.2998694870881324,,0.3010733808586344,0.3002111640092165,,,,,,,,0.3006256274438722,0.3002894323159861,,0.3006386770185181,,0.3001734848320873,0.3001710510999963,0.2997667783008693,,,0.30115002134791885,,0.30087165111008735,0.30099384282531466,0.30105600174259034,,,0.30008214201135613,0.30072180097413986,,0.3001084385886839,0.30014041240739836,,,,0.299379534384563,0.3003737840758611,0.3000085539662186,,,,,,,,0.3002253108642593,0.2997508056989901,,0.29966905646584724,,,0.30062070886817016,0.2996430064835619,0.29980193848271697,,,0.29989513475689955,0.29967291408085817,,0.2997712017959663,,0.30048380771329586,0.30006012171293645,0.3005964253734815,,,0.30107444566188735,0.3000390126626218,0.3003136535443526,0.30076458895960917,0.3001634894301456,,,,0.3001655698015419,,,,0.3005288730285029,0.3001264701452067,,,0.30098865002643393,,0.2995220537763998,,0.30015810691396,,0.29984423467821736,,,,,0.3007391550388444,,,0.3000374825598702,,0.3006300184467389,0.30061032893104656,0.29993513350688195,,0.30045933702696326,0.2999584980176826,0.30039649867629464,0.30070940336703783,0.30086240232090594,0.30117834219932615,,0.30002701723653863,0.3003643632684593,0.3003565078772629,0.2998239038430769,,0.2995425008480138,0.3013270891226168,0.30025689499095876,,,0.3008809291787112,,0.29990139845067204,,0.3004554545827159,,0.30024859987233626,0.3009781958867255,0.3001364076973259,0.30071967747359046,0.3007711657476726,,,,0.2999070688198439,,0.30030170630666464,,,,,,0.3009491643564261,0.30028578691794916,,,0.30036389642061195,,,,0.30024485572727455,0.2962303265380984,0.297143375242838,0.2971535691310884,0.6552785921017334,,0.5256516895942205,0.6516230398121741,0.6510271962037306,,0.17821489441678467,,0.508256236283525
8,24,DG_48pct,96,Z02_F04,2,SLG_B,157109,165442,True,20529.04662525861,5448.417095628255,5293.1600481840915,4254.751877056218,4165.899100498311,572.9606906813692,55.34803173204734,1906.80938498408,1719.7792968946003,948.9035913143645,879.5463976048561,291.79599255211093,4.801741253193534,76.75478279942985,243.3558400883331,250.29331015702422,455.77754819036767,186.3849267495779,233.12765319814343,285.8899100784928,,0.3096688162747797,0.30869793069268425,0.8469603334297504,0.0003043318259822138,,,,,0.2693675620417218,,0.6565746065800614,0.6539486639181568,0.6553107503426726,,,0.12118706583334002,,0.4918128704145529,,0.2688817097542072,,0.26847557683923834,0.2680542784211591,0.26747448676359986,0.2686167722668612,0.26630699807154407,0.26604806112691815,,,0.26857009319518155,,0.2685161087427785,,0.26933127122120176,,0.2724888911283449,0.2736841817736843,0.27263307462657177,,0.2737305208500831,0.2742609976667479,0.27403019489316194,0.27408817627651005,,0.2742245026004965,0.27374752978838457,0.27467907080837567,0.27419901024072446,0.2737599599289444,0.274306465689686,0.27411225415343615,,,,0.2746237795063459,0.2734181610650981,,0.64988030172456,0.14142049390007344,,0.6466589479760981,0.6456265408336381,,0.6487411342994951,,0.6449252387923466,0.6453314122307368,,0.6466931194762563,0.6442944042584617,,,,,,,0.6473542454760959,0.6467476679656963,0.6465981367501327,,0.6461015977313005,,0.6453072585391224,,0.2676684204521189,0.26717029723165103,0.26777278634786306,,0.33044027011626925,0.3300209879486619,0.33040568764044054,0.33169314546607337,,,0.7589168911462238,,,0.7578102911469133,0.7604553346942947,,0.7608099765391426,,,0.7605163464860026,0.7583227609478259,,0.760252763123438,0.7601019301288005,,,0.7636324248382338,,,0.7589235362733235,,0.7598739076048436,,,0.7590680724019768,,,0.7592089796003522,,0.7584771020923108,,,0.7594613943397179,,0.7602861573573625,,0.7587415251151406,0.758484069192712,0.7588463787684847,0.7601343999166222,,,,0.6396693012189153,,,0.6400664116081156,,,,,0.638555142916072,,0.6399925167702525,0.6378774305209227,0.6391001937918146,,0.6381755773834021,,0.6398833562955665,0.6376437780112099,,0.6403232613028013,,,,,,0.6397032348945505,0.6389951241546191,,0.6385492195015512,,0.6393702139072814,0.639059224457405,0.6404232489963848,0.6377892184078784,,,,0.6376471089399731,,0.6366957125505769,0.6384633642063542,0.637368766960147,0.6394093975711534,0.6393303011308514,0.6397757043947336,0.2113315670427626,,0.2109814487060489,0.21109820069942684,0.21104100703840134,,0.21037707260138186,0.21146412176472015,0.21178721885527022,0.2114333125897766,0.21164913161972354,0.21098630580585978,0.211622587939537,0.21135400488584138,0.21134136751611426,0.21100326265248193,,0.210664199586551,0.21134486951277892,,,0.2112350231376183,0.21057881690438332,0.21111038482429137,0.21075281529195988,,,0.21113415634440613,0.211055257163258,,0.21127515826118165,0.211407126414041,,0.2113260197721806,0.21152342399705765,0.21050418936082704,0.21089864633370856,0.2106802993505506,0.2112225669325872,,0.21127280148233388,,0.2109456261836933,0.21064159381050648,,,,,,0.21124020602616292,,,0.210877272785722,0.32173710936479805,,0.32092659351823793,,0.7451594452203423,,,,,0.3289344230714098,,,0.7534132185469291,,,,,,0.7517977516142664,,,,,0.7527509049535379,0.7544224101849103,0.752531128112351,,,0.7521884975389957,0.7517203675353845,0.7505807516593621,0.7522495721574616,0.7542169942624333,,,0.752386128291776,0.7529362145777544,,,0.753101353361675,,0.7534917693151306,,0.7545398217487944,,,,,,,0.7522663132413355,0.7515623584805566,,0.750838191829065,0.7526559884469246,,,0.753489716946706,,0.7524463450424091,0.7537821933964902,0.7539490333521375,0.7510920382983188,,,0.7512866979055424,,0.754226735317632,,,,,0.7527915844995727,,,0.7516572006619208,0.7508320092521334,0.7521697723122316,,0.7518615239606418,0.7506443267481742,0.7503060389091467,,,0.6250900021796516,,,0.6263693991069077,0.6252638515225198,,,,0.627357873416466,0.6249319045708872,,,,0.6247279239969019,0.6270332094213189,0.6258018993816875,,,0.6255025633111746,,,,0.6246087342870698,,,0.6231254041971822,0.6270382858933171,,0.6255887614920042,,0.6260315506211733,0.6254325990889185,0.6260611963433129,,0.624757093805141,0.6257322090202575,,0.6237819501432897,0.6272193994057669,,,0.6272262738780495,,0.6261533857237664,0.6274537749941408,,,,,,,,0.6246713169253173,,,,,,0.6255396071147491,0.6256541071829118,,0.6261251717148238,,,0.6261787243096095,,0.6261574809109949,,,0.6271162434612927,,0.626176619825272,0.626640037645512,0.6284766144022704,0.6253695703703942,0.6260184407494593,,0.6256605675862711,,,,0.6256439893208005,,0.6256925171084243,0.6244752007301009,0.20439937822352108,0.20445510939426487,,0.20423064390085735,,,,,,,0.32553045151899884,,0.3267120078434539,0.3252522408580133,,0.7555787476406105,0.20881495119719645,,,,,,0.32526722466056196,0.3263238104705073,,0.32238034668134247,,0.7666298241235361,,0.6420478506969403,0.7881456096459971,0.22001680550869346,0.6624898558329897,,,0.6734201798129735,0.22472527438315054,0.22482721164159641,,0.22522827658849862,0.22452504489573166,0.8035522766248344,,,,,,0.3553586504350991,,0.35446592317768494,0.3547822738215035,,,,0.35544769898798895,0.3568050558909554,,,0.3547205946799408,0.35435730815269,,,,,0.6920062750201319,,,,,,,,0.8251681935341574,,0.2310279383279847,,,0.23183722841947618,0.693670350607365,,,,0.36075255959164804,,0.3623838442671617,0.3622690957597845,,,0.36121851661442583,0.36102089160101253,0.3617450832720964,,,0.3607655220108586,,0.3616447029467932,,,,,,,0.36159810658083297,,,0.3609686723770291,0.3610579920060393,0.36091518780042986,,0.36043410589740293,0.36027275179917323,0.3605730367701187,0.3604125562582227,0.36121352555918773,0.36072547698642926,0.3621403645994858,0.36098953696409164,,,,0.3612368149162783,,0.3606307239784217,,,0.3602912780439574,0.3614191423118027,,,,0.36060002367472443,,0.36121680155014607,0.3608257322834596,,0.36134380160848817,,,0.3612989644851443,,,0.3614642241664022,0.198267830788739,,,,0.19803124047383439,,,,0.1981282265080233,,,,0.7547614414703642,,0.757872486312524,,,0.7549168846103332,,,0.7519238815777101,0.7563157189511946,0.7525643854878372,,0.7558473090614645,0.7529840987045168,0.7539568288554536,,,0.7538873862103781,0.7544145354007471,0.198820762006776,,,0.19884231025015958,0.19868608412626243,,,0.19850125802685958,0.6215320948507115,0.6212143240877687,0.6206799703779226,,,0.6208205898149928,0.621138620527412,,0.6213152444274127,,0.621581212724198,0.62258568774063,0.6207172844118374,0.6205741614603055,0.7520062038521558,,,0.7524921932095687,0.754169531264183,0.7542840684427903,0.7556382957590356,0.7545595692543727,0.7573776336920355,0.7544282998367524,,,0.7405823338002225,,0.750229603844199,,,,,0.6227420691048419,0.6214824356915388,,0.198009336722383,,0.19806403279260515,,,,0.19831478205926134,,0.19785900728073,,0.19808159295575975,0.19821728999372137,,0.19795918039242277,,,,,,0.19759445075084286,0.19831085706205184,,,,0.1985666265245473,,,0.6228188608161401,,,0.6218490091602734,,0.6245200322231669,,0.6203436583026735,0.6237534489113251,0.623337741703359,0.6230762148425268,0.6211124258843328,,0.621423398564132,,0.6213228996647298,,,,,0.6224503541434165,,,0.6228741296026651,,,0.33550028555070893,,0.3357169318265554,0.3354932194776819,,0.33551518245432776,,,,0.2767729993201479,,0.8171708709646269,,0.26917959497721505,0.2700249080189126,,0.26967256362673586,0.26923172301194137,0.2694759161422754,0.2694581735416525,,0.27013343537965356,,,,0.2698934978185934,,0.2694890215527983,0.2692816126594197,,,,,0.2695615918282296,0.2694668718702473,0.26982310828682327,,0.2692814998535014,,,0.26980424628156335,,0.2691171501581034,,0.26911355167378886,0.26905711030439156,0.2702119281597396,,0.27031200959603247,,0.2691650533308931,,0.2696828382418722,,0.26963503363079755,0.2699426089539932,0.26972840008733207,,0.26941275879001925,,0.2687093902563775,,,0.2702397602787761,,0.2705739694302098,0.26947755764289505,,,0.26961003857614063,,,,0.2694621923179355,0.2691973253695003,,,0.2690588471676243,,0.2693595074341441,0.26922805562321617,,,0.2699910185238266,0.26903872925866623,0.26905904305440537,0.27010033861669513,0.26923647222900915,0.2699064666319503,,0.2692049591672854,0.2697631113641565,,0.2698226408708268,0.2706785410036207,0.2692173204722779,0.269662675485822,,0.2704514532412966,0.2696937905996766,0.2699151082081164,,0.2697492992463466,,0.2695917408707677,,0.2691837993410704,0.2702267348794281,0.26903553157343524,0.269364981183327,,,,,,0.26932718643526277,0.26886199374814995,,,,,0.2692600751409381,0.2691883577059362,,,0.27049372894908535,,,0.2697668643138176,0.26980195170085713,0.2694340417413767,,0.27001347943021414,,,0.26905334162781286,,0.2704021179734269,,0.2691356962868237,,0.2699991367427408,,,,,,0.2689086571411114,,,0.2707375325461543,,,0.2703680023102966,0.2702971508193916,0.2693674398529224,,,0.2691279184945921,0.2689462382715512,0.2693363927220992,0.26948251363965425,,0.27019002266143083,0.2700832131605378,,,0.26928176719864316,,,,0.269399235516326,,0.27012626946957197,,0.2703553561614606,,0.26888847233126223,0.26988935432534705,,,0.26746564855924104,,,,0.5120046840219732,0.6535524313140971,0.6538203639842995,0.12237144701121695,,,0.49464304459703823
8,24,DG_48pct,96,Z02_F05,2,LL_AB,246177,202181,True,23552.328984473515,4738.558340157759,4431.462037372859,2977.934810606355,2897.7758545232614,418.7221907400168,40.5814357989393,1268.8278537035696,1137.2510275821048,629.5745164138638,579.2301280945561,192.48813498213477,2.7742195825890783,66.90854044213873,200.32033083255843,182.02072901923654,310.16105630351814,129.60348971807915,163.36950272217427,189.8222640420372,0.0002558691721292415,0.00025492528782184,,,0.0011470643186592257,,0.06103697870613103,,,0.00027870295374493603,,0.14307280844934672,,0.14260810821521988,0.14173787473464453,0.14216576926811958,,0.46559646496246404,,,,0.00027834331230768185,,0.00027641780885114236,0.00027708730975673103,0.00027674669926659403,,0.00027363026675206507,,0.0002765167547967197,0.00027715891897528563,,,0.0002769518290479488,,,0.00026392514285238273,,0.0002637184067298694,,0.00027146172450970594,0.0002713839619837485,0.0002724754356204343,0.0002726955804936901,,0.00027230172382445905,,0.00027202012690015346,0.0002731431349618602,,0.0002726047563769122,,,0.0002725893828528293,0.00027279505558392136,,0.0002728150298603747,,0.16622089953301877,,0.4462211619186967,0.16717585952719097,0.16734399063864058,0.16782479448008794,0.16720713750645708,,,0.16722767846295067,,0.16765649932136836,,,,,0.16716351830604748,0.16729360000100527,,,,,,0.16722913302793987,,0.16746354993067364,0.16725069674500684,,,0.00028839206716893117,,,0.000301662052090818,,,,0.00030343349357198676,0.24773150417437012,0.24752898376392374,,0.24771416658630124,0.2484094085870252,0.24748026805255754,,,,0.24737997108382725,0.2481672311746915,,0.24719429981331695,,,0.24702817880268776,0.24778384250178437,0.24706427708676,,0.2470524693895462,0.24773595795092015,0.24799510221968632,0.24810350086520394,0.24674239655723054,,0.24767264629112973,,0.24689684496847558,0.24777577190145025,,,0.24775589792441652,0.24691181925287758,0.2474859413496152,0.2474202692869707,0.24716752864021022,0.24764480257537544,0.24663403440493228,0.24696562633807256,,0.2473699791735151,,0.24718843604990057,0.5022526805782896,,0.5034028241696871,,0.5011527004592193,,0.5039900189807339,0.5029145796969225,0.5026161344208958,0.5024124540389753,0.5026945662910351,0.5024410981546035,,0.5013080389450184,0.5042761310026638,,0.5036935052659992,,,0.5034015685275169,0.5022161717504968,0.5022697043861278,,,,0.5020081686695111,0.5033175633354845,0.5026971624820804,,0.5035375828768289,0.5027231063017654,0.5032081385577017,0.500804174227164,,0.5011854954246014,0.5027607104290807,0.5042752636927152,,0.5030922019875267,,0.5038971059013431,0.5029790086488072,,,0.5024703873372793,0.24737678211901584,,0.24724568256582447,,0.24766483328777286,0.2469984559104783,,0.2474598375922803,,0.24717783015083422,0.2480454834937922,0.2477062077653477,0.24681670829167127,,0.24718802914947177,,0.24707635155544358,,,0.24785808697087192,,0.24780598982075527,0.24709226741805856,,0.24781736393379986,0.24740839893013117,,0.24679076614803408,0.24694017176232147,0.24764602479754325,,,0.248065868397683,,,0.2475025237974208,0.24693940047545884,,,,0.24818754318412514,,0.2480138937897968,,0.24774107931944092,,,0.2478010393151234,0.24673943776332438,,,,,0.0003036276906230166,0.0003024520594366514,,,,,,,0.0003049869741933457,,,,,,0.23761309344527504,0.23786882463922293,,,,,0.23851719113653705,0.23850196594335019,0.23762902579917722,0.23825270620335268,,,,0.23803984222880242,,,,,,,0.2372896410223603,,,,,0.23760804254581963,,,,0.23742068078298584,0.2374231765396907,0.23762828230225957,0.23779382114738729,,,,0.2384245295633796,,,,,,,,0.2383504762259698,0.23898798441072983,,,,0.2398888190067671,,0.2390878370471604,,0.2392346386452791,0.23989174711530697,,,,,0.23938315835277693,0.23952232752692762,,,0.23918186707157219,,,,0.23894540393123403,0.23959560708893593,,,,0.5007292457135589,,,,,,0.5012836691253876,,,0.4986531212826805,0.5008807674372545,0.49999339030823536,0.49833999619572117,,,0.49847269176364956,,,0.4991023796749321,0.4984480949863669,0.4979037635001361,,,0.5009155992543046,0.5004707032137923,,0.5008631478092973,0.501071756861267,0.5005785360972619,0.5014056937855345,0.5008155632269715,0.500660654598781,0.49996556515347707,,,0.5013541317469101,0.5006213037516598,0.5006880346517032,,,0.4998059367097645,,0.5005268397669271,,0.4986382712143121,0.5012545319873561,,,,0.4991884425861179,,,,0.5001836877612363,0.49951433082745733,0.49993198678594125,0.49955820520576905,,0.4984092752824962,0.4989041511855569,,0.4991219141156603,,0.5010057476772928,0.500822685803731,,0.4991925656420837,,,,0.49960323678690566,0.5010967860231744,,0.49813686153228964,,,,0.5008677524211866,0.4996859024754012,,,0.4989556295346896,0.4998519272132389,0.23922875066456376,,0.2394146322640615,,0.23846719161778407,0.2387938378001628,0.2391187047810966,,0.23867482032005397,,0.0003085332786107664,0.00030848294989642216,,,0.00030836354392274926,,0.2443519684771727,,0.00030614912430100213,0.00030518742467837044,,0.0002981754327006202,,,,,0.00029067576479399284,,,0.5056101320925064,,,,,0.26125136428130813,,,0.2641013845045498,,,,,0.2642867394907985,,,0.2668856247018611,,0.0003196675628446814,,,0.000319558809720369,,0.0003191748087417788,0.0003214336221718601,,0.0003195843488235685,,0.0003199899987618759,0.0003199277459191781,,0.00031978656508192376,0.0003201533113670754,0.00032000495687221567,0.00031936650805117325,,,0.5412753145916274,,,,0.2717335766759839,,0.27220718710964475,0.2714902100142087,,,0.27206044346542785,,0.5445633325081123,,,0.5407800354633773,,,,,,0.0003254254454452709,0.000325312648861815,,0.00032603860388087294,,0.0003254454982169829,0.00032579287464601305,,0.00032592113182552723,,,,0.00032558873495654227,,,0.00032466231472455797,,0.0003254200351755064,,,0.00032545880036532186,,,0.0003253980112659002,,,,,,0.00032588495486462506,0.00032549854830883634,0.0003259738840353913,0.00032545452176035376,0.000325795686104683,0.0003264271763873622,0.0003259926064156129,,,,0.0003260242445679179,,0.00032624332388609697,,,0.000325162881103386,,,0.0003253571119475397,,,0.000325462193966532,,,0.00032634562274352387,,0.23211390941084778,0.23233865016916586,,,,0.23220953204306102,,0.23263448776823895,,0.23170917032230548,,,,,,,0.23272632857375225,,0.23353238610729424,,0.23272271613814555,0.23249800852139405,,,0.2327486279104886,,,,,0.23291716735955534,,,,0.23260212762824792,0.2327078515351985,,,,0.2332643556555015,,0.5051332231833292,,,,,0.5048510800560353,0.5038664988201552,,0.5027583981947723,,0.5034433341674789,0.5057359285621861,0.5024640352663596,,0.2321938185933812,,0.23213163695356467,,,0.232522958308352,,,0.23287679256563398,,0.23216251832027487,,0.23238030526754783,0.23174020482662586,,0.5053657225086574,,,0.5046992500694955,,,0.2325725782834465,0.23304688360592893,0.2331864915881106,,0.23240595810561027,,,,,,0.23320357123402743,,0.23204804514124874,,0.2329554077481852,,,0.2332776142900958,,,0.23211376841465317,,,0.23215394350798296,,,,,0.5055678558019824,,0.5057822910958404,0.5059679795384955,0.5052107742893739,0.5052251040641563,0.5050178250297377,,,,0.5037042094398863,0.5051972685087704,0.5052330216188725,0.5038131840676842,0.5046568073689632,,,,0.505895976775791,,,0.505127734806109,,,0.504509163034048,0.00029356432967224286,,,0.0002926464050336005,,0.00029235245211044143,,0.11969250145610816,,,,,0.000279786803544857,,,,0.0002805279817629993,0.0002802905980585229,,,0.00027978819775641644,,,0.0002795034724788098,0.00028013013201277475,0.00027991353219501355,0.0002800782826454003,,,0.00027870856300156634,0.0002799050579515862,0.00027958251589380273,,0.0002796324378213716,,0.0002796711266606912,,0.0002802099031864932,0.0002792813368392344,0.00028002073821264533,0.0002800121680470958,,,,,,,0.0002803458079212473,,0.00028027143863164133,0.00027954953435166825,,0.0002793400695696276,0.0002796019446221278,,0.00027978745014613666,0.0002796080210291695,0.00027971090438933373,0.0002797077080839306,,0.0002794095615949708,,0.00028000066636694,,0.00027900320187353075,,0.00028032305609957184,0.0002792790298166452,,0.0002802748673312688,,0.00027993161889995914,,,0.0002792408379822401,,0.0002798641002336843,0.0002790376037667724,,0.0002797891506151774,0.00027973438949938204,0.00027944609892839985,0.00027936776754465575,0.00027976479726357986,0.00028015904667011264,,0.0002799162293341995,0.0002797538763863725,0.0002792916403318159,,,,0.0002797237573861036,0.00027914946210002217,0.0002802529604865143,0.00028021266004379307,0.0002796231258265545,0.000278974051061385,,0.00027963235729085894,,,,,,0.0002796538127891061,0.00027954008360367086,,0.00028001317501320647,0.0002806179393801048,,0.0002794275980541189,,0.00028066260032680464,0.0002795817374101804,,,0.0002801126374792534,0.00028058247993070225,,,,,,0.00027868499173538383,0.0002796307010951906,,,0.00027993898998641254,0.0002796489873201278,,0.00028045072651366754,0.0002799747237280924,,0.0002799136360568972,0.0002802441480960039,,,,0.0002793290727762829,0.0002797265085547426,0.00027940359144669306,,0.00028035469187323114,,0.0002805481894685379,0.00027991184788980696,0.00028055657975076156,,0.00028007007123503214,0.0002803317962589079,0.0002792807093758683,,0.0002796996613312083,0.00027957864587219747,0.0002791422636538651,0.00027989942694650073,0.0002802013941509161,0.0002804979078221381,0.00027991189258747305,0.0002811682678468103,,,,,0.00027890021220089786,,,,0.0002802134288273731,,,,0.000280583535385243,,0.0002799127378927475,,,,0.00028017857873216567,0.0002769390466249844,0.0002779277992260347,0.00027674090965925573,0.16099210347393336,,0.4594357921708194,0.14388067556019044,0.14442238675820193,,0.14357038983775078,,0.4641576609121188
8,24,DG_48pct,96,Z02_F06,2,LL_AB,246178,243936,True,31094.38541246317,4862.706075463599,4589.15714408793,3126.9621183202453,3036.2947679620606,440.5652030719468,42.65008764299403,1346.154794570314,1208.8400038667419,664.9198301801645,613.0571422795139,202.83476051672073,2.961239971496179,66.32297526475111,198.38876314006788,191.94062679977864,328.4071258307306,136.0468041122651,172.4474797245285,200.24809562477589,,,,,0.027048076090992447,,,0.0002712561210764991,0.0002709390657644221,,,0.15760726492126564,,,,,0.1569007645427099,0.48515777767123186,,0.48381582115445554,0.00027047589541105753,,,,0.0002677722369956538,0.0002670909053075276,0.00026613024519373484,,0.000264231287337839,0.00026890554071967493,,0.0002690308819497069,,,0.00026841802338018925,,,,,,,0.00025287496896024943,,,0.0002534813781752155,,0.0002536111555016085,,,,,0.00025246682873531975,,0.0002528064539113141,0.00025313748803176996,0.00025327868269483617,,,,,,0.18080746168456094,0.18138704416777193,0.1811437222605847,0.18101843986517496,,,0.18070149722639745,0.18097952904840794,,,0.18167391945182057,0.1816536640679247,0.18086567027371153,,0.18141326498071836,,,,,0.18120760498771105,,0.18104292427956745,,,0.0002655087984853464,0.0002660416632266864,,,,,0.00026248849599428174,0.00026485021359707315,0.000264904930657752,0.00026533827951665846,,0.262184948812056,,,0.2613760273723694,,,,0.26167476608575135,0.26176691209436204,0.26162100929370485,0.26238177713817373,,,,,,0.2622308102775579,,0.26143209492964953,0.26239818011109234,,0.2622418249638894,0.26203217239681886,,0.26187484489863083,,,0.26177553611341026,0.26168255834491594,0.2619969676094143,0.26237834703401686,0.26232178237255604,,,0.2619192929477953,,,,,,0.26151083252395957,0.2619898221062997,,0.5314359489850908,,0.5314274241475361,0.529759263951658,0.5310988728778487,0.5300427797551764,0.5289089428441516,0.5301330227396501,,0.5316068766484221,,0.5309896373094628,,,,,,,,,,0.53089174796644,0.5308895329749155,,0.5305520780175154,0.5295635339934944,0.5297557912096901,0.5309327152351896,0.5304325237077718,,0.5300461589769022,0.5294861219761697,,0.5309577513228935,,0.5314565679365983,0.5307416462361352,0.5310214140155866,,0.530779961436599,,,,0.530947407849205,,0.2619207915598814,,,,,0.26241336091467554,0.26149448748486104,0.2620675784770103,0.2620709708989301,0.2621410811517829,0.2619598095728443,,,0.2622210277451716,0.2618283680703456,0.2626576676142119,,0.26234153422012324,0.26138861462986934,0.2624063942614986,0.2620771153267166,0.2609960750590259,0.2619540117590053,,0.2619203195108018,0.2616702824510846,,0.26244315512829614,,0.26151403746025387,0.26149442571173886,0.26147115487691247,,0.261843324452168,,0.2618710372710758,0.2618458210346252,,,,,0.26212837037373504,,0.26201444679306346,,0.2618024020212457,0.2622556734024227,,,0.26164449009916363,0.26146213661832085,0.261726112816997,0.00026711694949353287,,0.000267071204567284,0.254087534557339,,,,,,,,0.25213039203746146,0.25253625411253305,0.25205303808092766,,,0.2522769228039483,,0.25291125639342094,,,,,,,0.2515034814096389,0.25178839117887214,,,,,,0.2525162410463758,,,0.2519041075452042,0.2526447815139374,0.2522741147107199,0.2520799756937264,0.25184196445555446,0.2515338123744806,,,,,,0.2522958555735758,,0.252173300360746,0.25217933329593767,,0.25333446911410046,0.2538643069302591,,0.2534551983784509,0.253647498958288,0.2540211970513035,0.2537616689449513,,0.25370866989657986,0.25449918728596116,0.2534181768433036,0.25368414387889526,,,0.2537047941421792,,,,0.253791701902958,,0.2536578570425663,0.25342563827327796,0.25334554040782187,,,,0.25347231012298704,,,,,0.2534502721994986,0.5281512473616856,0.5272846472256603,0.5292586419056947,0.5275036527968985,,0.5294101178104411,,,,,,0.527397076652446,0.5249342498331216,0.5250838055844127,0.5290277880475488,,,,,,,0.5268997841644807,0.5276163995967994,,0.5267131609964224,,0.528976824063787,,,,0.5260902425799208,0.5281299708348169,,,,,,,,,0.5281881520760249,,,0.5285064593432769,,,,,0.5287448221698655,,,,,0.5284851038701552,,0.5278601637643056,,0.525801458440788,,0.5274622493328152,,,0.5266836409883305,,0.5269987109831811,0.5245254077458683,0.5262099135930328,,,0.5264733727089956,0.527287852841436,,,0.5269785845550351,0.526995175718033,0.527728951452434,,,,,,0.5265086747025683,0.5269232729660495,,0.5260210462975085,0.5267392161918814,0.2546321834105521,0.2541161187185458,0.2542969495530664,,0.2532426164095981,,0.2532871587684794,,0.2537932907405973,,0.00027001491703209984,,,,0.00027160253579327603,,,,0.0002667969761575316,0.0002673473639299676,,,,,0.0002554049257129576,,,,0.26460999298648047,,,0.2728795551186809,,,0.27645799489322403,0.554797598511071,0.27852186601248236,,0.27924243246391367,,0.2797123122952621,0.2789710662847693,0.27952402818748595,0.5598515807396348,0.2814325023169022,0.28210697195058576,,0.0002780402791850713,0.0002776652828532262,,0.00027773079821188603,,0.0002771519953476285,0.0002781347855632561,,,,0.0002781983020229508,0.00027833444879529957,0.0002786097183794135,0.0002776432088795382,0.00027839977939896835,,,,,,0.5715098074932848,0.571432607810684,,0.28719849449097257,0.2871519394014996,0.28764774337570165,0.28836083834225024,0.2867324134068858,0.2864891508394688,,,0.5738938474026921,0.5739175145614717,,,,0.0002833705298530602,0.00028352216398366543,0.00028348536688435876,0.00028333329960662454,0.0002830756329895458,,,,0.00028424499330038125,0.00028369946632974353,,,,0.0002825000347282478,0.00028327962287395407,,,,0.00028382637116238933,0.00028251154730770663,0.0002822264973039898,,0.00028262648515755683,0.00028349602063283306,0.00028270786234365616,0.00028220728652380254,,,0.00028291734313875573,0.00028217177269677544,0.0002832488141086616,,,,,0.000282368246595497,,,0.0002834231323749187,,0.0002835697849329893,0.0002831427388575316,0.00028357096185725836,0.00028319035808973745,0.0002837185409235052,,0.000282876213363502,,0.00028351410055115525,,0.0002833484675502846,0.0002833489408800122,0.00028369899136126747,0.0002823265176959324,,,,,,,0.24656342121975422,0.2473439015117837,0.24746668369877833,,,0.2468649661879684,0.24705098111265023,0.2464390038035061,,0.2476672904642688,,0.2475534835579628,0.2482787313021933,,0.2472764928544828,0.24772002982670507,0.24768214607537373,,0.24732114337868033,0.2475285906384821,,0.24722412841740046,0.2469345445063714,,,0.2481094428738231,0.24738623698128134,,,,0.24725956014192527,0.24682932050493853,,,0.24768453619737318,,0.24709504042410468,0.24796155769623407,0.531313522122099,,,,,0.5303318968226358,0.5317182937804872,0.5304304182327362,,0.53227077344349,0.530278682979141,0.5304638568139342,,0.5294967621891268,,,,0.2467543254866919,,,0.24767426040519433,0.2472445717100789,0.2471426149575185,0.24759194551677707,0.24789230759863778,0.24826812877993054,0.2445363015202286,0.247173135285368,0.24646028605807535,,0.5325586378983366,,,,,0.5312794367485919,0.2473713790068533,,,0.24787539386663013,0.24834891505037046,,,,0.247684310045416,0.248024409889493,0.24723789716491434,,,0.2481769882140562,,0.24706331480861346,,,,,0.24740038908809878,,0.2474275497911542,,,0.24722570052643625,0.24699381443233484,,0.5319394068701957,,0.5313781577095882,0.5324957903174129,0.5318768986336075,0.5331891471763465,0.5314898691968768,0.5335074067023693,,0.5289541123235654,,,,0.5322091003413193,0.5316592131086231,0.5303371708587586,,0.5310643628125319,0.5312820325036441,0.5320698213550169,,0.53082173406989,0.5316980042913173,,,0.0002529485529311203,0.00025307765532217884,,,0.00025329415017796473,0.00025292272329782077,,,,0.00025179983366989205,0.000250920872718209,0.28388331905077496,0.0002716618924443521,0.0002721481112973669,0.00027211754189537785,0.00027107495041057836,0.0002706135524905917,,,,,0.000271073100309496,0.000270764653499845,0.00027173446555438376,0.00027128377048888096,0.00027159149424341346,,0.00027148049533272156,,,,0.00027211606534510154,,0.00027179513260370923,0.0002713591337706145,0.0002709826390334134,,0.00027174725588115646,0.00027184089780890185,,,,,0.00027134199298823014,,,0.000271545872758963,0.00027165673378057054,,0.0002717290175141624,0.0002712894519224857,,,,,0.00027244023324169136,0.0002715977324910974,,0.00027196081207914977,0.00027167603380118385,,,0.0002716698099142806,,0.0002719348815209569,,,0.000272201152667808,,,,0.00027182113871236776,,0.0002713421536948022,,0.00027145007362574505,,0.0002712293140661682,0.00027213305489922967,,0.0002718498873343099,0.0002716874773940021,0.00027206979505552803,0.0002712025235416463,,,,,,0.00027225145203430907,0.00027197568718559633,,,0.00027178626719367825,0.0002709929009620003,,0.00027076736788310044,,0.0002720468458136222,0.0002719366293094054,,0.0002714880161834172,,,,0.0002719903376275386,0.0002715741325009551,,0.0002720481740617144,0.0002700389634186609,,,0.00027122914990367444,,,,0.0002713824913532486,0.0002719530280788752,,,,0.00027149063131974793,0.0002724104214322835,0.00027218710499698974,0.0002715034308140824,0.00027104209439547303,0.00027186499326668545,,,,,,0.00027143505552730085,,0.0002719145670922479,0.00027216293873028806,,,0.0002718464202231468,,0.00027128591118325815,0.0002707870468878621,0.00027156352686826457,,0.0002710522016014883,,,,,,0.0002714479543070314,,0.00027180231520298315,,,0.00027108030586212045,,0.0002722022150378057,,0.00027169959114607017,,0.00027152016751303104,,,0.00027196396539180763,,,0.0002726139605011938,0.00027160189869479393,0.00027191157101287013,0.0002709378157518367,,0.0002714799373710072,0.00027149665588541226,0.0002716620585292362,0.0002711527384559042,,,0.00027154335080896436,0.00027128279513141267,0.0002564208793648963,0.00025596159265942774,0.0002572531440537355,,0.17495791677250389,0.4814572154902641,,0.15938705371982625,,0.1581981917038339,,0.4836977524456274
8,24,DG_48pct,96,Z02_F07,2,LL_AB,246179,157345,True,20706.537403600494,4898.042535522335,4667.808194694668,3195.1929449855243,3119.2196983578956,455.06768861249134,43.75884609745237,1375.5617613061174,1241.6228671996396,674.4532961958033,628.9765370141922,207.05618285268525,3.0607910154849427,63.99466444345356,190.68673587292975,196.26536087388916,337.38650430885826,140.15367417353028,175.3815092393428,204.21223350219293,0.00024040463806424236,0.00024015492851423137,0.00023990252073047822,0.0934328562312198,,0.6820737246249231,0.1080832159083958,,,0.03943558808405059,,0.1801607183739432,,,0.17075521682808661,0.17047103875588668,,0.48435070810123815,,0.48299109463238177,0.039465750464401816,0.03941720369044181,,0.039491429175187845,0.0393465232346788,,0.03899411949652066,0.03895173524511957,,0.039467199935783646,,,0.03948424919391009,0.03945043723911513,,0.19066636301808126,,,0.03995793971171428,,0.03999152080202692,,0.040160452915452685,0.04019900977284138,,,0.04013806881945979,,0.04017893188627555,0.04014345740153922,0.04014288492110921,,0.04014681753900091,,0.04010596325063615,,0.040188708998241326,,,0.1901791595641596,0.4735384894815729,0.1976672384270027,0.19763403889954942,,0.19868009073191303,0.19821876615760095,0.19874204177870894,0.19806562706269681,,0.19875206763785613,0.19830448952620855,,,0.19848754657882486,0.19859934966848403,0.19824856031787352,,0.19808327546090876,,,,,0.1984310306373302,,0.1988149657857747,,,,0.2674105115652472,,0.048326810109822246,0.04812309027103059,0.04836555515255234,,0.04863031022547266,0.27347563368738054,,,,,,,0.27318837982836497,,0.27261941895890557,0.2727058060615049,,,,,,,,,,0.2733264600815428,,,,,0.273047157014789,,0.27298991778343773,0.27287847415732996,0.27373192525259904,0.2730662479933382,0.2735513676380232,,,0.2728783042274144,,,,0.2727376203923791,,0.2727240022123091,0.2727906555418436,0.27267336788953406,0.539780305736639,,0.5419320234245644,,,0.5420976840731765,,0.540404902828188,,0.542066313941067,,0.5419872454865884,,,0.5423841043043748,0.542461397423189,0.5416752936132797,0.5391726690108998,,0.5414542400213147,,0.5415195875574258,,,,,,,,,0.5407197881171187,,,0.5411252326776621,0.5401850811464585,,0.5414985770722364,,,,0.5423023088413835,,0.54210191342302,0.541545616998877,0.5403600118119948,0.2686431665185708,,,0.2687212757605921,,0.26835170484055315,0.268029437551284,0.268741297843538,0.26967780780265477,0.2690190003982031,,0.2694245809333148,,0.2693983937344354,,0.26971126534198,0.26887301944205017,,,,,0.2688200245354862,0.2677421477584154,0.269239606076902,,,,0.2688376971116847,,0.2682639349218693,,,0.26792511154566695,0.26904916717538613,,0.2693655918384432,0.2689574166438737,,,,0.2686696561482064,,0.2689388895403018,0.2690411772793847,,0.26937503142418057,,,,0.26801892464058674,,,,,0.04661087925003003,,,0.26803673539568,0.04807328387590078,0.04821518555049416,0.04813247447393551,0.0482701755826773,0.04803394279664586,,,0.2652002039708954,,0.2656380482181653,,,,0.2650287736350514,0.265070408827877,0.26455717750455027,0.2654911608839556,0.26475131306654004,0.2645571845269546,0.2648023741078602,,,,0.26406865647394856,0.2652146197685415,0.2649660082315829,,,,0.2656766179254629,0.2642530953415798,,,0.26420571057945186,,,0.26450809244987467,0.26470098109114537,0.26481136193012345,,0.26479752184236477,,0.2645693140606962,0.26531187228295183,,0.2641500293488539,,,0.26574056280525354,0.2652854924445354,0.2659653237435655,,,,0.26574041143282884,,,0.2654247586870206,0.26584636631786696,0.2660325858254882,0.2660683361393308,,0.2655855133987597,,,0.26602001469353115,0.2669534679525101,0.26602819097323144,,0.2649501889625952,0.2661636954909333,0.26577454947417767,,,,,0.26619211771385015,,,,,0.536434544867501,,0.5380683176668625,,0.5385785818893837,0.5384787631546113,,,0.537991456986197,,,0.5374160383812044,0.5378009314217188,0.5362928248214051,0.536704087161333,0.5354014178044337,,,,,,,0.5365961425039354,,,,0.5361234241228096,,0.5373101591104033,0.5364772463077826,0.5378151715806171,,,0.5384291655164948,0.5386222361240657,0.5375442828472605,0.5363206174692603,0.5365399575706963,0.5377721455558607,,,,0.5383926615263388,0.5385323404361354,,0.5376326608615983,0.5382587826395433,,,0.5377325986149118,0.538132194994044,,,,,0.537010886850824,,0.5355157749400632,,,0.5361185806444222,0.5373021423668829,,0.5372425260219746,0.5360196700678842,,0.5365885873907703,,0.5363560980089316,,0.535597644401226,,,,,0.5372829868352799,0.5375286346104879,,0.5378308602264257,,,,0.5371395941035101,,0.26217647762389606,,,,,0.2664745154457179,0.2657755117923756,,,,,0.047516935990838984,0.04749137084033675,0.04754232127674551,,0.2658233532480474,0.5361222880324342,,,0.04806519592141062,0.04714368613059074,,,,,,0.2762060449046423,0.2713039667326785,0.5439044057082187,,,0.5608873945073365,,0.284727928703513,0.5678014759307924,0.2868239237229264,0.28584501948644897,,0.28712074907496205,,0.2914298098682022,,0.5709451335458747,0.2892285873654269,,0.0519778532319364,0.051917968047078204,,,,,0.05211282174820575,0.052035433345444235,0.05209791272183013,,0.05207298901350324,0.05174406682148592,,0.05199016129593284,0.05189942624024895,,,0.0520865516303279,0.5836778519440402,0.5847080773534151,0.5841838706199975,,,,,0.29949208543140604,0.29949863775618096,0.30006877024078826,0.2939195437711517,,,0.2937551279415238,,,,0.5866749694789706,,0.05304601507699711,0.05312503566291165,,0.052923516528821365,0.053026165789892686,,,,0.05321786083425082,0.05292066041833831,,0.052936267819059024,,,,,,,0.053089585242310666,0.052876389237033306,,,,0.05303433891523689,,,,0.05294729814932181,,,0.052865884053061495,,0.052950158179784136,0.05294971422782088,,0.052983608808015156,0.05300385638600613,,,,0.05303723231892781,,0.05290878287179088,0.052768279794002934,,0.05310879729093252,0.05300686239488361,0.052874961819348074,0.05299687660566004,0.05294678385056897,,0.05301964692438513,,0.05321007571482891,,0.052865051777167764,0.052935605029104424,,0.05285652120305793,0.25545038105618656,,,,0.25530240492456246,,,0.2557745894255282,0.256251513199521,0.25494633954442303,,,,0.2611703424262444,,,,,,0.26089170529030764,0.2612309207103388,,,0.26106541481481443,0.26155583646054703,,0.2607083856559993,0.2607834060158518,0.25958751210745507,0.261080065959334,0.26067768331944846,,,,,,0.2556284089008765,,,,,,0.5398478636502267,0.5394580418828173,0.5389006753005098,0.5369958722650249,,,0.5402967637224257,,,0.5388927300230794,,0.2599315505760255,0.26025301349975954,0.2600081987034957,0.25994978343421343,0.26105124813445807,0.2617282986854065,,,,0.2614572347896267,0.26072887827751484,0.26097249811130435,,0.26032982980036434,,0.5407524289277157,,0.540180195713582,0.5410922751124921,0.539373667073052,0.5425167245983444,,,,,,0.2558346779671599,0.25614180953999843,0.2553315191137549,,0.2560642340496928,0.25656973013340867,0.25530970719363094,,0.2563098894472076,0.25648832183245573,0.2559351934124711,0.2555339358782892,,0.2563126371272069,,,,0.25573169382406824,,,0.256040785443061,0.2561578320728185,,0.5406802732109558,,0.5393055217502167,0.5412203092266128,0.5412749914921566,0.5395780069194691,,,0.5413261762417269,0.5418526030613386,,0.5399884852496096,0.5399149886981998,0.5422972438194434,,,0.540859740202417,0.5398869612748208,0.5416231284958373,0.5399768574228319,0.5400373968361016,0.5409780967744494,0.5407108503939845,0.5389631305189093,,,,0.049150552030330405,,0.04911441493576393,,0.048979192886126156,,0.1520693223265655,,,0.040485318821617204,,0.03960264690880129,0.03961046241003617,,0.039561190085831116,,0.03958141599694464,,,0.039570535442956654,,,,,,0.03947856616442385,0.03966189953845487,,,0.039495777543169866,0.03948706320195851,,0.0396835409581681,0.039458373303595196,0.039579725758677714,,,,,0.03962005683799112,0.0396339826764381,0.039613359428091924,0.03957091251178609,,0.039541243141642916,,,0.03957978692765757,0.03955621042600875,0.039465298016749605,,,0.03941817961008541,0.03954663380430601,,0.03969498423044957,,,0.03953076394305952,0.03947397263563549,,0.03957489775188184,,0.03945582155425955,,0.039497473441369724,,,,0.0394996359901194,,,,,0.03955630306958146,,,0.0395523133807006,,,0.03957824185195537,,,,,,0.039537638066998136,,0.03947822714802426,0.0395484880878019,0.03957167148563233,0.03956894617491908,0.03959090600897895,,0.03948891915656516,0.03956247566494213,0.039641202597965525,,,,0.03949934947129284,,0.03949861274176125,,0.03951749547872272,0.039697529314114015,,0.03960166463802864,0.039590547330672625,,0.039551913781441884,0.03951827390298519,0.039555391787875885,,0.03958043219694854,0.039668820002559085,,,,0.039526793773634585,,0.0395736906100979,,,0.03964214129969647,0.03958534006729889,,,0.03964844818304914,0.03953307258197958,,,0.039566737667913694,,0.03950014114467227,0.03949273282334088,0.039501003845610956,0.039527197543811565,0.039411428639602224,,0.03969846676944754,,,,,,0.03965983399783614,0.039608948351082654,,0.03953161214913748,0.03957912567454672,0.03956556632757698,0.0395411055806505,0.039557858542405684,,,0.039515290368257114,,,0.039696832808853305,0.039623843899404945,0.03965827285877463,,0.03965496234741183,,0.03953826529684598,,,0.039595918843287795,0.03953513835243221,0.0394910510421454,,,0.03949290125425104,0.039612159027949324,,0.03958151653868917,0.039534979255878525,0.03953385807767441,,0.03905365260822242,,0.19443054032418772,,,0.1800214849319588,,0.17144756641230877,,,
8,24,DG_48pct,96,Z02_F08,2,LL_AB,246178,243936,True,30873.069700685006,4856.9049009166765,4601.364630815332,3153.8510455867845,3027.815837655355,440.98768239862204,42.79764403913347,1355.7860921228432,1217.4056127366262,661.697362243582,613.1620619258679,201.82776879520526,2.955632457955374,66.53063692987921,198.94890064686578,191.470344675872,328.47203075431673,136.15422436876378,172.34306734298227,200.29142832455142,,0.0002771684859405398,,,0.027051775858784072,,0.08204615970945994,,,0.0002709160623959045,,,,,,0.156763818998543,,0.4851622097304939,0.48458548377762894,0.4855186374548408,,0.0002703818161991235,,,,,0.0002659537511829782,0.00026626973999470984,,0.0002686616286214846,0.0002689746311944419,0.00026826478499057037,,,0.00026913787084313276,,,0.00024740720056727253,,,0.0002525978230622337,,0.00025353401016970446,0.00025265401683743216,,0.0002535877274641499,0.0002539603300916601,0.00025332955951096604,0.000253181887837164,0.00025366822551904726,0.00025290882781876594,0.00025250853591014463,,0.0002530451962122449,,,0.000253125615134702,,0.180136294437292,,,0.18045963821204772,0.18097797977629773,,0.18130563746655104,,0.18058706627485252,,,,0.18129861421445945,,0.1810460567076722,,,0.18129166734022076,,,0.18129165259612595,,,0.18123413899458457,,,0.18134880596693023,0.000266310062071847,0.00026668058434294826,0.00026568969612510954,,0.000263629570705327,0.00026301474803389416,0.0002630313386543596,0.0002648697834371029,,,0.26232720536547394,,0.26159193840469286,,0.2620552761793181,0.2619269904125422,0.2619628489954226,0.26215707869834026,,,0.2623721026081486,,,0.26220349742011284,0.26161338457093203,0.26208030172422164,,,,,,,0.26093891100048566,0.26184283672387454,0.2615049978809008,,,,,0.26190178663969266,,0.26157553795212585,0.26098302776891585,0.2612061783211119,0.2620529369775625,,0.2610105254779388,,,0.2614775838499789,,,,,0.5308752231152545,0.5302737171986828,0.5311764574879434,0.5309006855534719,0.5289318381679748,0.5302949814921574,,,,,0.5312924292698652,0.5303090980106434,0.5302401056850239,,,,,0.5316002099889195,,,,,,,0.5311961324974364,0.5316084643325375,,0.5314088545395206,,0.5296724578258319,,,0.529448694611991,,,,0.5295032689300809,0.5308850935158933,,,0.5298214233256411,,0.5314760533047491,0.5303831369350266,0.26162273287262766,0.26093363936448977,,,0.26250377056250285,0.26237319483819993,0.2612852777725374,0.2616675040714222,0.2616219788980841,0.2620331550565314,0.2621163871039617,,0.2614430733487995,,,,,,0.2617352409276647,0.2618979322398438,0.2616148721123945,0.26116453520755223,0.26154186181203787,,,,0.2620708593556593,,0.26148602623003614,,0.2606370280229856,0.2613626663379359,,0.26096612391303703,0.26226190047072095,,0.2613116932148769,0.26259506842640884,0.2616277024946801,0.2620491288682105,0.26149259578633577,,,0.2627899328031044,0.2622952645445612,,0.26103826544911335,,,0.26227706896561487,0.26266457184930453,,,0.00026726520140071017,,,0.2540400900676573,0.2566526386665402,0.00026710363063980685,0.00026738459277397277,0.00026764162672418546,,,,0.2522553885485971,0.25267418540494635,,,,,0.2524850178429175,,0.2522135233748093,0.2530997752282095,,,0.25297380576813405,,,0.2522621004631265,,,0.25245950154891394,,,,0.25197687834179094,,,,0.25172142754489424,0.2523583225002288,,,,0.2520998292216558,0.2521920309517118,,,,,,0.25210997160274196,0.2517992059144962,,,0.25385131525773275,,0.253635939923614,,0.253646492792432,,,,0.2533903048237336,0.25332779728441057,,0.25420923327150174,,0.25400753779917123,0.253390287787602,0.25384850986899987,,,0.25299473699447095,0.25392090908668713,0.2538467866474793,,0.25206342655124314,0.2537956612823616,0.25354448439402016,,0.253349753925304,0.2529628368482279,0.2531681484966083,,0.5284531765828985,,,0.5278535962711796,0.5282887077832356,,,0.5279632130793583,0.5301836259199361,0.5279757801232606,,0.5280136980306654,,0.5265255034958413,0.5260568638249248,0.5276869407280012,,,0.5272649253506502,,0.5269360392464039,0.5266556927359295,0.5280020366214799,0.5282429333203805,,0.5258420427470419,,,0.5284232496100387,0.5269959878021533,,,,,0.5275226594310054,0.5272624817445054,0.5281625058527362,,,0.5287684668091257,0.5281574389185353,,0.5286466611178717,,0.5290971021715961,,0.5263006301379702,0.5281189073310384,0.5294196759033134,0.5290924500464892,,0.5279034748554152,,,0.5274952343269608,,0.5273626490446096,0.5264249880937771,0.5263056423085491,0.5261735721741534,,0.5269168809799056,,,,,,,,0.5260759616599414,0.5267851123037628,0.5255312118981196,,0.5266339004028118,0.5257351914326067,,0.5272817137307534,,0.527045115981118,0.5274612401424795,0.5285749414128932,0.5285111017618352,,0.5278866572020361,0.5257502143154668,,,,0.2542528011789342,,,,0.2534629695991237,,0.25272942578571617,,0.0002717256567394577,,0.00027121954024457505,,0.00027150500931283404,0.25783769187977024,0.25862344377048097,,,,,,,,0.000256035819147808,0.00025568926101844137,,0.2641208982556937,0.26435172575500865,0.5329142021446188,0.27403735745261054,,0.5496099182467303,0.2770290312894142,0.2755101736787446,0.5544892432240893,0.27860847120525867,,0.28042696591189475,,0.27926349046627613,0.2797155879877698,0.2795680305988533,,,0.28109056628635715,,,,,,0.00027806137947112024,,0.0002781027534598282,,0.0002776323764256166,,,0.0002781894601278323,,,,,,0.5719475142854054,,,,0.5700161923195135,0.5672810495782494,0.28695626643988503,0.28775867390293053,0.2871963632101861,0.2869449939516322,,0.2867537929617551,0.28691030918183136,0.28736135132171375,,0.5737253385548884,,0.5730068025477969,0.00028320284749015995,0.0002835731029157572,0.0002838554761477675,,,,0.0002820968352364261,,,,0.00028363292367618656,0.00028253646785332564,,0.00028341764866922803,,0.0002834489202725972,0.0002837476551596932,0.00028293855783910503,0.00028339756821336786,,,,,0.0002832322403452832,,0.0002830430583620063,,,0.0002836169289634091,,0.0002835885304390706,,,,0.0002829643913458847,,,0.0002834497471563521,0.00028365967239614957,0.00028344514125377306,0.0002832712112757462,,,0.0002829793567410758,,0.0002831757918595304,0.0002835292607498242,0.00028287718334422246,0.0002822201022671557,0.00028325503077470255,,0.00028320809373133044,0.00028362486129956005,0.0002829940101724986,,,0.0002832498205364429,,0.0002822775519006425,,,,0.24638261752636692,0.247352492065622,,,0.2469730997980999,0.24711893652948977,,0.2466813094640889,0.24704885216822756,0.2463033014158453,0.24788300542960462,0.2471358949801951,0.24726824115199136,,,,0.2473484264889298,0.24714258291969773,,0.24775533338414285,,,0.24687781361293254,0.2475867440752992,0.24584579121216787,,0.2476314418841687,,0.24761629554684442,,,,,0.2479281043270393,0.24826714454097465,,,0.5323332200863404,0.5322174353838197,0.5315467625989038,0.5304877079551693,0.5306611496991791,0.5296208819192472,0.5305390469985845,0.5306063825405419,,0.5309737075611543,,0.532107360285876,,,0.24766487973299164,0.24641176256885863,,,,0.24765521608488547,,0.24721330171425818,,,0.24722427386077872,0.24755834263517892,,,,,0.5316194807447717,,0.5304332758575813,,,0.5307695589337315,,0.24738665728135015,,0.24752311997509494,,0.24683193928896432,0.24686736089685501,,,0.24724387615151905,,,0.24722668168450537,,0.24776239516982346,,0.24761817084357093,0.24754996602817028,,,0.24794141906036318,0.2472812982539238,,0.24743394857456627,,,,,0.5317080157070234,0.5320357063471133,,0.5311514840387401,0.5319771529223323,,0.5315253298636428,0.5327624941628286,,0.5312318261927972,,,0.5312545048440542,,0.5327475510453373,0.5317288681744213,0.5313897479744165,0.5302835554484783,0.533021200151601,,0.5322163692165867,,,0.5301072826721119,0.5315849452977126,0.00025239582959292223,,,,0.00025328961688416107,0.00025295905572307717,0.17855825996737418,,,,0.0002509531010105067,0.283447089801774,0.00027108811400217115,,0.00027133713307127846,0.0002722883082522145,,0.0002724893448665115,,,0.00027150891046354793,,0.0002716929406649429,0.0002715927472588403,0.0002719905996304538,,,0.00027135353708753493,0.0002710038610283537,,,,,,0.0002717953507567857,,0.0002718540749387536,0.00027193332483725776,0.00027151541340289005,,0.0002713388107619103,0.00027138056404232006,,,,,,0.0002719977175271554,,0.00027187265221685343,,,0.00027229781165738823,0.0002720711060978649,0.0002714467624360401,0.0002725029965131397,0.00027203780455430955,0.0002713906044194841,0.00027130095186216367,,,0.00027221372101265474,,0.0002712778254336273,,0.00027130194564727646,,0.0002714922066321468,0.00027210918701079306,0.0002716881651712974,,0.00027183037102121167,,,0.0002717309620442367,,0.00027162355288730617,0.0002715741091775463,,,,0.00027153781196969626,0.0002715927842020032,0.0002720811148102349,0.00027079967492360307,0.00027029934771601277,,,,,0.0002712312002808651,0.00027185817905404783,,0.00027161365083500685,0.00027169459925032325,,0.0002708163241818165,0.0002719504079996753,0.00027105715855776295,,0.0002707750744606291,,0.00027071250812493855,,,,,,,,,,,0.0002711375503300025,,0.0002710086848371601,0.000271836653110877,0.0002724522745104937,,0.00027179592273953964,,,0.0002706159688940222,0.0002718253903281219,0.00027088839609845476,0.00027149141394611356,,0.0002711752884322199,0.00027130118261565144,0.00027239753225833903,0.00027167008427411374,,,,,,0.0002721621458856767,0.0002708171336786601,,,0.0002719735564499378,0.0002719232967044129,,,,0.00027173907287626834,0.0002714856682375047,0.00027217077301647046,0.0002716128512235779,,,0.00027199911342402964,0.0002713819392612441,0.00027178489402875105,0.0002718176398452934,,0.0002717635422624414,0.00027167832388606746,,,,,,,,0.0002718084944960238,0.0002719808706179006,0.0002708100108865967,,,,,0.00027212723126075376,0.00027166433095438935,0.00027164916219746575,,0.00027152297848894233,0.00027020206812326857,,,0.0002557900227373925,0.0002560960899432494,,0.17556367890347918,0.17534268439762543,,,0.15859867317218768,,,0.4831316662716596,
8,24,DG_48pct,96,Z02_F09,2,3PH,246178,243936,True,20513.847511070016,2.2204185818153785,2.1846837983163585,1.730752041288091,1.6888594865126287,0.2381233310390423,0.023026782221491206,0.7597301326392277,0.6811793782690845,0.3741391738559787,0.3454729527284503,0.11531766813834414,0.0016901497579627247,0.019358325555685077,0.06237690445601875,0.10479531349495176,0.1839785363397366,0.07674194422054868,0.0959199472663169,0.1124390964405126,0.0002743866282612658,,,,0.0002753512391515554,0.0002755548458777792,,0.00023897583043958016,0.0002392990022789668,,0.00023822462336227672,0.00024092760926874507,,,0.00024149636099669253,0.0002403221387627164,0.00024096344980878708,,0.00024126856505716858,,0.00023952255513980366,0.00023939170128891457,,,0.00023876486179020767,0.00023907163223312045,,,0.00023711729041485413,0.00023962411693256427,0.00023959849235400893,0.00023929839147722776,0.00023906378360206951,0.00023921909951111337,0.00023938919197476706,0.0002482228189111666,0.00024148609686713897,0.0002412695810231721,0.0002416836305556354,0.00024317369796642737,0.0002429694047608999,0.00024393178330164744,,0.00024325159359325608,,,0.0002441547427229911,0.00024427477274700625,,,0.0002442953926335189,,,0.00024334637747784065,,0.00024488910624430516,0.00024433066321909646,0.00024348212324538964,,,0.0002436831648986754,0.0002430337426708944,,0.00024239892701685158,,,,0.0002427769319018019,0.00024260587994319355,0.00024258217258794654,,0.0002428272198567635,0.00024289866189409278,,0.00024288536366101447,0.00024299022213637687,,,,,,,0.00024341096534341526,,0.0002427530443399843,,0.00023856552759200485,0.00023803428222010303,,,0.0002941028285762107,,,0.0002956923671078748,,0.0002977795896685537,,0.00029882299076720105,0.0002981401590427537,,0.00029827583811536143,,0.0002982998093170745,0.0002971454996607459,,,0.00029823789635926857,0.0002985300794324178,0.00029734085360254287,,,0.0002977038000256749,0.0002975612442777992,,,0.0002975187248841175,0.0002969148860087482,0.0002977714975885256,0.0002972410966106613,,,0.00029720433656264854,0.00029755510978182243,,0.00029757765622632544,0.0002982371075920792,,0.00029752754848037127,0.00029832897314542334,0.0002975928366790331,,0.0002981447984333485,0.0002976292811945556,0.0002972199924529014,,,0.0002971854194922627,,0.0002982948137599714,0.0002987088971860251,,,,,,,0.00029833035549783763,,,,0.00029784792575000184,,0.00029817856742987166,,,,,0.0002988394230226776,0.0002987816300285217,0.000297966235464076,0.0002981023426358296,0.0002978813398162368,0.0002976508747642185,0.0002973780483943797,,0.0002988992916090105,0.0002988499710483182,0.00029900906666955706,0.00029824113521800203,0.0002977984689820558,,0.0002982249734029348,,0.00029910452386007925,,,,,0.00029871550733014075,0.00029778305952818997,,,,,0.00029792526637884324,,,0.0002986087584021176,,,,,0.0002985483542729206,0.00029804019238301627,0.0002986224736131095,,,,,,0.00029821673538480136,,,,0.0002982465973332993,0.0002976975998267081,0.0002978135639803329,,0.00029805648583824886,,,0.0002970879458022257,0.0002981738754026957,0.0002982030077900407,,0.00029823363648992605,0.0002975862948061109,0.0002983540819430305,0.00029863071731063475,,,,,,,,,,0.0002979079589639701,,,0.0002986010372364737,0.00029799110294076306,,0.00029872849191363375,0.0002979591117030712,,,0.00028335586016409577,,,0.00029365652314791485,0.00029329934119036563,0.0002931070569830759,0.0002929145564350207,0.00029420825145978346,,0.00029266449459505696,0.00029296416635647866,0.0002930132262954967,0.00029261187591425326,0.000293873650791593,0.00029292078499300794,0.00029261464219440964,,0.000294139309438345,0.0002930326580631834,0.0002930504420517699,0.0002932518072365432,,,,0.0002920178095095016,0.0002937841767017951,,,,,0.0002936727892029581,0.0002935491995895828,0.0002929913237105811,0.0002923522904570079,0.00029269313108102305,0.0002939663464899966,,,0.0002927817816631382,0.00029258481297466716,,0.0002928671361373297,,0.00029386639264950476,0.00029263683508139263,0.00029296275449503786,0.00029288850559803186,0.00029338954917709515,0.0002939432923923073,0.00029313263629246645,,,0.00029259874099394603,,,,,0.0002926713472925768,,,0.0002931050203976465,0.00029365387399179815,,,,,0.0002933993013675337,,0.0002935092165572824,0.0002939210512985706,,0.0002928839281169464,0.0002935794784674343,0.000293402837625793,,0.00029338818750962605,,,,,,,,0.0002933748006365803,0.00029371854544862046,0.0002939722143283173,0.00029387668283184737,,0.0002931702095024932,,,,,,,0.000294024305317706,,,0.0002938187369254915,,0.00029320310757606185,0.0002929536013028632,,0.000293537039379703,,,0.0002929851818539432,0.0002931836322464263,,0.0002926675526366462,,0.0002931647183708804,0.0002929563293128917,,,0.0002933022460734312,0.0002938615056731317,,,,,,0.0002948657749507279,0.0002934644502907115,0.00029355465727256614,0.0002931660521800461,0.00029439130838705083,0.0002916799498697587,,,,0.0002925154336622281,,,,0.000293622873692428,,,,0.00029331389651585273,0.00029358909331325493,,0.0002926397513343051,0.0002922618695346026,,0.0002934886294351747,,0.00029315686414696225,0.00029386317339213317,,,0.00029318868379208285,,0.00029353693169339426,,,0.0002930644419177661,,,0.00029375431753701466,0.0002937485784045781,0.00029343676077766965,,,,0.00029434870225416535,,0.0002950588173423726,,0.0002961304684397374,0.0002956018694974539,,,,,,,,,0.00028871875390713207,,,0.00029554131548791717,0.00029567363494326397,,0.0002946305167576567,,,,,0.00028713132002981925,,,0.00027870762948375326,,,0.000299721481662361,0.0003103056183344404,,,0.000313073855734011,0.0003136517873915631,,,,0.0003161932386915645,0.00031601766201845577,0.00031653345416634925,0.000315841620488923,0.0003170919299322936,,,,,,0.00031552735291480585,,0.00031618372555239116,0.0003165718066030703,,0.00031646955253677723,,,,0.0003169469074687591,,,0.0003169821493996583,0.00031686695470084704,,0.00031651374757692597,0.0003221448220974189,0.00032333971580544515,,0.00032267979499466426,0.0003225649030921705,,,,0.00032416868947072146,0.0003248868974890769,0.0003240902310002372,,,0.00032494181096614155,,0.0003243966146405268,,,0.00032283595941410664,,,,,0.00032223576245305217,,0.0003228652764815926,,0.0003222322268948418,0.0003224595221066139,0.00032260659092032257,,,,,0.00032292365184730186,,0.00032205044900030525,,,0.0003227543322196871,,,0.0003218348679255908,0.0003220274270357,,0.00032154795750517003,,,0.00032226692652168195,,0.000323147204638557,,0.00032184559803789895,0.0003221659453865994,0.0003235563119960883,0.0003229381312224215,0.0003226444319013547,,0.0003220079048823044,0.000322471911531507,0.00032297469447648913,0.0003227284577885857,,0.000322473964750232,,0.00032194871498302007,0.00032266358596797184,0.0003220135089080815,0.0003223853123775206,0.00032208952362629446,0.0003224796282853823,,0.0003225561726778312,,0.0003223431578009758,,0.00032234592749315474,,,,,,,,,0.0002928282447600748,,,,0.00029330637016546237,,,,0.00029325093014262877,,,0.0002938496460128872,,0.00029222819314416544,0.00029241983861088314,0.00029297265824316,,,0.00029176031378791065,0.0002915900970383378,,,0.00029248721426642765,0.00029170205804884526,,0.00029316872415421365,,,0.00029344278498513504,0.00029358642531166716,,0.0002941983293523994,0.0002922099124197244,0.00029301429729834504,0.00029264870129869203,0.0002924632023586898,,,,,0.00029255875010751744,,0.0002922335414546932,0.0002937386715034929,0.0002923551831693826,,,0.00029333079023447954,0.00029210070906866343,,,0.0002933915945473163,,0.0002930643612518104,0.00029270928963536,0.00029336082508668956,,0.0002936954144822584,0.0002884597686700655,,0.00029255034023182485,0.00029287061297559897,,0.00029413244385260393,,0.0002920939911180872,,,,0.0002943078332527641,0.0002934388203581593,0.0002934373435486726,0.0002929223640095361,0.00029357210020326065,,0.0002931041994331518,,,0.00029371359226737395,0.00029420156542462846,,,,0.000293413419487258,,,,0.00029315521093985594,,,,,0.00029291860429355696,,0.00029341618194909816,,,0.00029298708401226213,,0.0002930918669497798,,0.00029328251010819994,,0.00029281140832288264,,,0.0002923237896389817,0.00029340444554561785,,,0.00029237613988798445,0.0002929690255328547,0.000293518396936679,,,,0.0002922073652415614,,0.0002927434128616686,,,0.000299851341593972,,,0.00029879802263763354,0.0002996086568614737,,0.00024848606847755817,0.00024360214066051667,0.00024551453861811957,,,0.00031948821282296307,,0.00024087770056250662,,,0.00024038205995241755,,,,0.00024074072496538243,,0.0002407224960676127,0.00023966691766478369,,,0.00023977289348251694,0.0002407467391413885,0.00024076048579983172,0.00024007126638146104,0.00024035382518814948,0.00024061364188939462,,0.0002396572199769614,0.00024042784110978206,,0.0002404083259658466,,0.0002401433830463774,,0.00024022021371998174,0.00024023301188548255,,0.00024000666335782385,0.0002409501009864938,,0.0002393518026038149,,,0.00024006523094681012,0.000240033695596876,,,0.00023974681286531888,0.00024025094799583237,0.00024039286198004244,0.00024028161957450716,,0.00023956667864338986,,,,,,0.00023968108067543467,0.00024008003461106276,,,,0.00023992699143645586,,,,0.00024060885789538717,,0.0002407994287905087,,0.00023998653863272696,0.00024024879255372041,,0.00024019457704057328,0.00023944291576102604,0.00024027433816268488,0.00024054405965636793,,0.00024008477262750074,0.00023993859462057699,0.00024021329039160863,,0.00024036035023183259,0.00024032683623885167,0.00023995664889427196,,0.000239746753411876,0.00024001878392020885,,,0.00023975602979975081,,0.0002400784296096754,0.00023954146930423056,,0.00024008593897679363,,0.00024013638517549364,,0.00024012046791643818,0.0002402522561561256,0.00024049317754563611,0.0002403032965753871,,0.00023990014314409025,,,0.00024003593616038287,,,0.00024041617484788587,,,,0.00024014837643920466,,0.00023983847644656997,0.00024056807582145356,,0.0002407492445030704,,,0.0002400457566995613,,,,,,,0.0002398891910389003,0.00023965960001086286,,0.00023990759688588312,,,,,0.000239829195401468,,0.00024011209423967236,0.00024040180790502788,0.0002399997448033548,,0.00023966482939645245,,,,0.00024029040130508329,,,0.00023987496364409237,,0.00024094149780751203,0.0002398881512019127,0.00024012390474001835,0.00023999552307422365,0.00024016363745058656,0.00024018027309699827,0.000240674786955141,0.0002401304027441369,,0.00024009011349105394,,,0.00024054496825487722,,,,0.00024051314521413757,0.00024014978627611433,0.0002396714008841787,,,0.00023715354718244265,,0.00023624654538951712,,,0.00024648327344509565,0.0002412685987741198,0.0002415923454565391,,0.00024176157013755436,,0.00024129034792294508
8,24,DG_48pct,96,Z02_F10,2,3PH,298361,298159,True,14976.917883461752,1.7530043651176983,1.7261869664748575,1.362247570241968,1.328249551310796,0.18885715872053108,0.018247271918081745,0.597446965115024,0.5380336465582679,0.29666776036440373,0.2738153058053566,0.09167067853250671,0.0013299546258446094,0.015406305510194616,0.04929980177351845,0.08262566124236677,0.1448028267925407,0.06022887211800966,0.07562001846435493,0.08874149046256831,0.18613642956295695,,0.18500013943417093,,0.18146115164401821,,0.00020398715902925635,0.00018847716076666305,0.00018937183832553006,,0.0001883657902572413,,,,0.0001905412676543044,0.00019053751171069412,,,,0.00019036065209327606,0.00018881147458876067,,,0.00018861813126473196,,,,0.00018606000410160376,,0.00018907643567435704,0.00018860308327183192,,0.000188872146166876,0.0001893339374224423,0.0001892234173540416,,0.0001913139322304861,0.00019065539172838372,0.00019037054230412094,0.00019202919758458636,,,,0.00019366492067651297,,0.00019354061907304139,,0.00019334235300210028,0.00019337667322584138,0.00019271155950804675,0.00019321970450544005,,0.00019296611400531903,0.00019303592478926737,0.00019275492946015875,,0.00019246953505636276,,,,,,0.00019139471343629285,,,,0.00019163716200702139,0.00019247092519452622,,0.00019165886035190873,,,,,,,,0.0001918104922963254,,0.00019209033419821967,0.0001917368689976434,,0.00019205080858322054,0.0001920839895802177,0.00019168601671257096,0.00018840163260930995,,0.0001878908850103506,0.0002341761725806422,,,0.00023177860259674375,,,,0.00023532110436060846,,,,0.0002354258577721846,,0.00023519549261792367,,0.00023559258085017004,0.0002354982978506128,,,,0.00023506387220793373,0.0002345600221509862,0.00023538322037159205,,0.00023543679911075722,,,0.00023543241562316584,,0.00023448452626928092,0.00023514152502581836,,0.0002349276648536119,0.00023536660083233504,0.00023503920203092336,,0.0002353530749548314,0.0002341393230269815,,0.00023512675862747155,0.00023574464475654028,,0.0002346431913614562,,0.0002351437835000411,,0.00023502445522033722,,0.0002349968729797769,,0.0002356051277505838,0.00023639328449393993,,0.00023487598479209428,0.0002359630063662406,0.00023539426757053842,,0.00023508633603682775,0.00023558634696909536,0.00023588290037266407,,,0.00023506618743725588,0.00023559619731747055,0.00023480167967918387,0.00023583024569592478,0.00023518698910344522,0.0002355572097354942,,,,,0.0002359685205903377,0.00023562054508799218,0.00023569235221586825,,0.00023517000185589883,0.0002349277709654666,,,,0.00023502957423157583,,,0.000235735591966196,,,0.0002357128171622183,0.0002356926338403934,,0.0002353129121506909,0.00023446036453776705,,0.000235499854288554,0.00023574887611833682,0.0002354858664437967,,,,0.00023490247180019862,0.00023560573131329468,,0.00023566165949702233,0.00023554259759503917,,,0.00023536888239955204,0.00023587147547401099,0.00023578029110524814,0.00023494481984019473,,0.00023603371450508348,0.00023582878155198775,0.00023541335440844735,0.00023563809656173594,0.00023541293061300764,,0.00023511249516157406,0.00023546565413472696,0.00023606322650923602,0.00023545171641805207,0.00023539273487161334,0.00023531353169451322,,,,,,0.00023552366698041297,0.00023608999426393505,,,,0.00023605850198121442,,,0.00023586690688884255,0.00023540753769920044,0.0002358711538229233,0.0002353956328643584,,0.00023539092615225228,,0.00023511235594431544,0.00023590755948816632,0.00023570603780913632,,0.00023518461308943606,0.0002235630826274292,,0.00022399707018745175,,0.00023120168928948738,0.0002315434538456812,,0.00023213867198964623,,0.0002319285222841441,,,,,0.00023130255599427323,,0.00023160511839294065,,,0.0002312190609637679,0.00023155179991393113,0.0002323307350045724,0.0002313289703304233,0.0002314907987433114,,0.00023188250797330674,,0.000231663531357952,,,0.00023151202118590287,0.00023167265633118549,,0.00023238388220227197,,,,,,,,0.0002316186470739831,0.00023155568318896576,,0.00023123143721421116,0.00023142620161756397,0.0002317190009560738,,0.0002314518832672751,0.00023097894651486763,,,0.0002318280431704757,,0.00023183621216416213,0.0002318682000058162,0.00023171547207656232,0.0002318647497041249,,0.00023134781817733284,,,0.0002324762671330973,0.00023108735073312374,,,,,,,0.00023161438648895677,0.0002319365597933191,,0.0002313359091514023,0.00023214216277601648,,0.000231488275687426,0.00023194386023509634,,,0.00023153360243829846,0.00023117202537612644,,0.00023172524603105884,,0.00023162787150883462,0.00023246470456738313,0.00023241227221851927,0.00023147451310234453,0.00023157543969852767,,,0.00023176523974867346,,0.00023190048839009543,,0.00023161160121361538,0.00023165073543466124,0.0002312532350089045,,0.00023194434270071027,,0.00023160411461334087,0.0002318992540195555,0.00023165365040257586,0.00023152665890349602,0.00023181444267209624,0.00023193970653499624,0.00023151205669651878,,,0.00023125300206367682,,0.00023209295619671587,,0.00023123781966576663,0.00023137815087476398,,0.00023166144303605788,,0.00023128707029208443,,,0.00023162847446194933,0.00023233102956063346,,,0.0002317330447377999,0.00023121913161685732,0.00023126800953166357,0.00023212022506013177,0.00023187899247897854,0.00023144424783453472,0.00023157658482147607,0.00023145492444914264,0.00023162265293248478,0.00023199604697032156,,,,0.00023181459296641555,,,,0.00023118598715330803,0.0002310008957533162,,0.00023123306317663882,0.00023202473464898506,0.00023233799891054892,0.00023119065007174493,,0.00023147046184356432,,,,,,0.00023192457411205694,,,,0.00023161473537262377,,,,,,,,,0.00023368336993758823,0.00023314988818768398,,0.00023226454942531632,,0.0002320813262992465,0.00023255651067962082,,,0.00022849304195167298,0.0002283114825149877,,,,,,,,,,0.000226878604149858,,,0.00022091130056212468,0.0002210971798432862,0.0002369516329066228,,,,,0.00024443685918097756,0.00024717540647981447,,0.0002471675527635258,0.00024996743027604616,,,0.0002496994690701498,0.0002495239153316391,,0.00024968807042418577,0.00024971418780434564,0.0002519617201656585,,0.00024959772414606603,,,,,,0.0002505492357919017,,0.0002503035307281341,0.0002491638208192138,0.00025014143269308514,,,,0.0002499550751746412,0.0002501993687614528,,0.0002497729500756699,,0.0002549947730790812,,0.0002556678469415021,,0.00025297889164642564,,0.00025630144736360163,,0.0002557113860887808,0.00025653847937996753,,0.00025680234822308295,,0.0002556116422337347,0.00025658818824997944,0.00025580727812619784,0.0002557846917155061,0.0002541913879121406,0.00025461732631003016,,0.00025513484565742425,,,0.00025501963949441526,,,,0.00025472809106197157,0.0002544198295729089,,0.00025456516321230603,0.00025534720903826213,,,,,,,0.0002554908884349816,,0.000254860419269641,,0.0002537473208288427,0.000254614778356875,,,0.00025450066585360045,,,,,,,,0.0002542821271852707,,,0.00025403683894595575,,,,,,,0.00025476657513903527,,,,,0.00025509872566392916,,0.000255697524190258,,,,0.0002550486632126144,0.0002543387846976282,0.00023161478580877747,,,0.0002317910626336303,,0.00023203837309413464,,,0.0002316028212405278,0.00023168982241095911,0.00023166766899221136,,0.00023149481353601875,0.00023107323130004348,,0.0002317337371965915,0.00023139081129492872,0.00023183220407126383,0.00023153649931270673,0.00023153761694512124,0.0002315332250582148,,,0.0002313926780368176,,,,0.00023046592409944528,,,,,,,0.00023173362294961404,0.00023218980463825674,0.00023198868237790817,0.00023175082487292685,,0.00023168581084793407,,0.00023138657560212975,0.00023072831072166027,0.00023068397034665703,,,0.00023030315588439055,0.00023068956528881612,,0.00023048423294424008,0.00023103322493661112,0.00023081382461345983,0.00023090285034754675,0.0002303889076068565,0.00023090751561126644,,0.0002308728378914453,0.00023191908361167385,0.00023102144363015617,0.00023134611664391775,0.00023178790574075557,0.0002311761284552584,,,,,,0.00023083919894571712,,0.00023257083744376175,,,0.00023066579333607545,,,0.00023176493888791633,0.00023130595018811114,0.000231537796952582,,0.0002317236900780466,0.00023156231552381968,0.00023114758684200851,,0.00023139261993956054,,0.00023211927934345685,0.00023160168169087877,0.00023180375637382787,0.00023136236229433078,,,0.00023149233988078915,,,0.00023156183282613973,0.0002314566005540213,0.00023197118449319262,0.0002315964405077006,,0.00023170445318236393,,,,0.00023152860905612525,,0.00023126277872047613,0.00023173862444262884,0.00023080289133243806,,,0.00023123879818935555,0.00023132407244127976,0.00023077320918013546,0.00023066740518120084,0.0002308000022631053,0.00023138768559242856,0.0002312549857335604,,0.0002307121906139387,,0.00023149978719042024,0.00023106983413820307,0.00023065513890776888,0.00023136394822415143,,0.0002311843848721698,0.00023125042824528224,0.000231309194787702,,,,,0.0002359670327140702,0.0002351528796122123,0.00019554296380478047,0.00019293713644043218,,,0.0001943246819955646,0.00025307478272119135,,0.00018908451646272432,0.00018968004312208014,,0.00018955221715877526,,0.00019007073933378416,,0.00018908321344899358,0.00018930060530615177,0.00019010155549817914,0.0001894562300788654,0.00018978766657004337,,0.00018984291936442337,0.00018972110669886628,0.00018949715736643928,,0.0001901836979398745,0.00018929011170285793,0.00018958851794657452,0.0001904340322629732,0.00018926023324602602,,,,0.0001895829578109302,,,0.00018934470574321545,,0.00019011165586868567,,,0.00018941341644888038,,,0.00019003029298583803,,,0.0001893900141786771,,,,,0.0001891856978381775,,0.00018978941037498697,,0.00019000295861010887,,0.00019054250776919963,0.00018998854862732931,,,0.00018979394145610947,0.00018939620813651617,0.00018951583682696573,,,0.00019009710572973063,,0.00018912006468346372,0.0001896329758634425,0.00018996141718749903,,,,0.00018968987276435495,0.0001897857976824333,0.00019000845359307006,,0.00018979786492299232,,0.00018964533926599855,0.00018966961636534177,,0.00018939280734463638,0.00018974690205462923,,0.00018995834582533647,0.00019002301690656718,0.00018970636449940973,,0.00018987045898254449,,0.000189482445422033,0.00018971741477222115,0.00019000882111104973,0.0001900608359864153,0.00018995378844257702,,,,0.00018974870090795998,0.00018996944155528185,,,,0.00018916916372837137,0.0001896672060476976,0.0001898988777862956,,,,0.00018983501210886468,0.00018993264271710048,,0.00018964849228786363,0.00018933259082743996,0.0001897121535526984,,0.00018992524758900086,0.00019018014212788766,,0.00019002190840569598,,,,0.00018932133956521134,,,,,,,,0.00018975592067502626,0.0001898796119943524,0.000189842872582679,,,0.00018982356286461282,0.00018943992287786466,0.00018999068745607347,,0.0001893959352180066,,,,0.00018956139454608928,,,,,,0.00018968655534199177,,,0.00018929411744094898,0.00018963289954712555,0.00018895750196724437,,0.00018974868176193976,0.0001900738787077514,,,0.0001896111863898253,,,,,0.00018964825857711393,,,0.00018945151290883177,0.0001897042964841918,,0.00018709159788500652,,0.00018747765510161626,0.00019518177336252178,,0.00019462727005979007,0.0001907312680980559,,0.0001903872198028892,,,
8,24,DG_48pct,96,Z02_F11,2,3PH,246178,243936,True,20566.342040693457,2.212380232803646,2.1722552331737424,1.7307889329357646,1.681769577355173,0.23956379832740463,0.023125461186049075,0.7574615111958358,0.6807017102957028,0.37353858542506396,0.3480805532747608,0.11570977136327408,0.0016920046410978334,0.0194483287060688,0.06227331614279705,0.10471296993148617,0.18388302994524433,0.07665469775822203,0.09568079287447068,0.11247789654069253,,0.00027464003030014595,0.000274933840307757,0.00027576860536137016,,,0.0002582499181939012,0.00023906426144355622,,0.00023986535667032876,0.0002383955247540705,,,0.0002407219999064294,0.00024129320843133738,,0.00024078504352101335,,0.00024096262973272834,0.00024159639957698495,,,0.00023961915162020052,,,,,0.00023555317249163626,,,0.00023917070598320693,,,,,0.0002483244538052954,,,,,0.00024279805604751243,0.0002436326393167307,,,0.0002442071007257017,0.00024389622233314973,0.00024440414129659415,0.00024385721181600635,0.00024298157002278727,,,0.0002443178326606988,,0.00024379587342387518,0.0002437802527892498,,0.00024476528582604727,,,0.0002442166096563886,,0.00024281476821516037,0.00024240935307165282,0.00024223613105784644,,,0.00024328941371543322,0.000242917805189693,,,,,,,0.00024212770453912652,0.00024383978552676165,,0.0002427754863673875,,,,0.00024382556506483046,0.00024338399917854715,,,,0.00023786387695296128,0.0002377477256403073,0.00029608641873098184,0.0002942555857293215,0.0002937752601840251,0.00029494156520921223,,,,,,0.000297880612642928,0.000298244401630176,,0.000298334890888385,,,0.0002980476618450933,0.00029768300114521194,,,,0.0002981600638855644,,,0.0002968630793487673,,,,0.0002976110815387746,0.00029733188992485523,0.0002979408774713747,0.00029808184313566297,,0.0002975488760372695,0.0002981355001577534,0.0002982461857605104,0.00029718357950691806,,0.00029752205128531463,,0.00029708920600095143,0.0002970201080343461,0.0002976606406350019,,,,,0.00029837033918127416,0.000296017215264934,0.00029779799396883826,0.0002974180446783454,,0.0002983344804686337,,0.0002979924496589565,,0.0002987586727519628,0.0002982467305693782,0.00029809974757438826,,,0.000298244455251999,0.0002980348490753276,0.0002979656702112859,0.0002983466522875002,0.00029845083855151714,0.00029792402444910304,,,,0.00029771864620380383,,,,0.00029771272376641204,,,,0.0002994435969076555,0.0002983972215805001,,0.0002982265798300261,,,0.00029789701021405734,,,0.0002985566900711635,0.0002985478534083523,0.00029807971578451996,0.0002988151131302191,,,,0.00029852508960852145,0.00029824414410509903,,,0.0002989184389395457,0.0002981657684943836,0.00029872162611563064,,0.00029776580168435293,,,0.000298174880731778,,0.00029747589560084436,0.00029922763179752874,0.00029922105524336713,,0.00029974253307961927,,0.00029756886296131396,,0.0002982145204112773,0.00029838708312222395,,0.0002976312353015202,,0.00029748667606593784,0.0002981781580034207,0.00029844534345530174,,,,,0.00029808385490197385,,,,0.00029836478330343965,,0.0002974276780304272,0.00029808924139462036,,0.0002983576788925078,0.00029908933189903023,,,0.00029791747008950825,0.0002983550139940346,,,,0.00029871218162427575,0.0002983928455015147,,0.00029799679097417176,0.00028266326488422935,0.0002837568406589983,,0.000293765294041547,,,,,,,0.00029388509493725014,0.0002940744775239577,,0.0002930690045922841,0.0002934685373910504,,,,,0.00029328514182446315,,,,,0.00029367011337836946,,0.00029250983124942773,,,,,0.00029312795429197044,,0.0002930562824346461,,0.000292680468526255,,,0.00029340488075995844,,0.00029325445078768665,0.0002931355006338911,,0.0002926587211433597,0.0002924243165695839,,0.00029310723900241516,0.0002934772480109767,,,0.00029374544460331287,,0.0002932451207431592,0.00029281104879107743,,,,,0.00029391924085474047,,,,,0.00029322591011256836,0.00029294253825711393,0.00029356529526049365,,,,,0.0002937107493720072,0.000293519413092784,0.0002933893022265114,0.0002925158833071565,0.0002933455342503361,,0.0002931494046844598,0.0002937792132260077,,0.000293917601266941,0.00029348488027984126,0.00029317337059472204,0.00029375336482363794,,,,0.000293377733079281,0.0002941251800916862,,0.0002937047593947031,,,,,0.00029375503336932204,0.00029397986144123647,,,,0.0002940076834451833,0.00029299530661516966,,,,,0.0002924553243579504,,,0.0002941027217628193,0.00029287544189964703,0.0002928523759208401,,,0.00029408868377233966,,,0.0002929372609347202,,0.000294235793721113,,,,,0.00029279957799338704,0.0002942099628099559,,0.0002933433478921159,,0.00029451595673410873,0.00029402685626713746,,0.0002936721086369796,0.0002941035957647907,,,,0.00029452878290850827,0.000293448053799206,,,0.00029391195055281793,,,,0.0002941113182010921,,0.00029388396674321705,,0.00029339269048808285,,0.00029425373481734463,0.0002928987321092772,0.0002935373168272565,0.0002934425861030382,0.00029308516139649784,,0.0002933561973584423,0.00029281993039031355,0.0002938128981761955,,,,0.0002939313277749561,,0.0002944612399747056,,,0.00029391351014492145,0.0002931162629615416,0.00029456466049270174,,,,0.00029404285169651545,0.0002939054820869922,,,,0.0002888225063039461,,0.000289441706377031,,0.00028993352042020344,0.00028961486347009663,,0.00029527956773691777,0.0002957072510154664,0.0002938640451603225,,0.00029471961589847597,,0.0002871201195161944,0.000287017685049374,0.00027975333088933117,,0.0002788715952004084,0.00029896979603506946,0.0002999441359489828,,0.0003096101995396081,0.00031050755984183236,,0.0003131027176897621,0.00031299469634434024,,0.0003152843098783932,,0.00031558313476836225,0.0003150172941929232,,0.0003155991201314429,0.00031599489263571946,,0.0003194028053143918,0.00031952160894677887,,,0.00031652323634004793,,0.0003162726210358815,0.000315956497114946,0.00031609417830970565,0.00031613706508040463,,0.00031672308137036404,0.00031762209216134967,0.0003166791294769747,,0.00031594948113880343,,,0.00031665311364489955,,,0.00032286845071721396,0.00032313789039719405,0.000322255218672401,0.0003225774150268039,,,0.00032471270749102866,0.000323514817337369,,,0.00032500655014990607,0.0003241752652722782,0.00032382801747397243,0.0003245224480720344,0.00032416453794103075,0.00032477568281535685,0.00032482575652297143,,0.00032302171427839386,0.00032261281094575034,,,,,,,,0.00032311473522798716,0.00032319081077293425,0.0003218080531717496,,0.0003229853279295954,,,0.0003219306914893425,0.00032248175113069644,0.0003223267816331968,,,,0.00032257534492623175,,,,,0.00032240021527324436,0.0003219587903870537,,0.0003229756066733471,0.0003223648143592361,0.00032256095854158297,,0.00032243315770410163,,0.0003222691717754744,,0.0003211107511635949,0.00032379484082176136,,,0.00032193213640044826,0.0003232871640452287,,,0.00032261529314415695,,,,0.0003224513774642815,0.00032239043383747526,,,,0.0003238516807110383,,,,0.00029358675311940406,,,0.00029288618958446256,,0.0002936718935635217,0.00029250940332953377,0.0002925905622982132,0.00029336784133394,,0.00029297484645669574,0.0002936243284425635,,,,0.00029356328635585043,0.0002931098426680109,0.0002928575234561424,0.0002928250657753529,,0.00029306175269720416,0.000291863601288862,,0.0002916237983994415,0.00029231179144462486,,0.0002921433572379892,0.00029167245099499583,,,0.00029286509152539025,0.00029333517297444497,0.0002941001842032168,,0.00029378736390981466,,0.0002926736961839843,0.00029333158696536073,0.0002945381069883305,,0.0002925847316874452,,0.0002922694336771685,,,,,0.00029159515240383306,0.00029295714553891056,,0.00029197892193025656,0.0002924118427652889,0.00029198629754029226,,0.00029208573802564616,,0.0002920014202061742,0.00029243303146909424,,0.0002920517615771727,0.00029252233408909447,0.00029204626905174737,0.00029244086787827954,0.00029265175336441827,0.0002919364498173885,,,0.0002911352098341241,0.0002929773400131042,,0.0002926692601166693,0.0002926758974203129,,,0.0002924243592000903,0.0002926802568208661,,,0.000292630744619772,,0.0002928696847576808,,0.00029384741540756286,0.00029370131639903365,,0.00029227945289584317,0.00029361614012859245,0.0002936052315366098,0.00029392085154238384,,,,0.0002943094808062642,,0.00029423969360614974,0.0002934048727320454,0.0002939327964459949,0.0002936189857652345,0.00029361058681106955,,,0.0002941337091095332,,0.0002930795598864637,,0.00029293978718588796,0.0002935428291149982,0.00029271723452909277,0.00029298769853227557,,0.0002920944000401697,,,,0.00029201751932069197,,,0.00029223011274273224,,,0.00029232945359622473,0.0002927530427678601,0.00029288823187924,,0.0002930226765264417,,0.00029323538126059225,,,0.0002997015915888587,,,0.00029845170205848473,0.0002997649798545009,0.00024760394879014453,0.00024359156656404986,0.000246425089576441,0.0002459646981355577,0.00024574707526416967,0.00032014597185418874,0.00024005210242295012,0.00023948376218192957,0.0002406491392604603,,0.0002404932754500075,,0.0002402279701053527,0.00023984507994849176,0.00024021861071314268,,0.00024028990359188673,,,,,0.0002401391986204928,0.00023943963295110785,0.000239937999619142,0.0002404016989114201,,,0.00024014211324465266,0.00023956473984438432,0.00024027397310657844,,0.0002404852381807424,0.00023982190818144244,,0.00023964164804498458,,,,0.00024027304867414015,,0.00024105616194650172,,,0.00023990546011900429,,,,0.0002400386340951174,,,,0.00023988210727257184,0.00024020603364003116,,0.0002402495395492825,0.00024052835805418602,0.0002404257248957567,0.0002400925397188453,0.0002403426342949965,,0.0002402289487616033,,,,0.00024108828157471394,0.00024080753139815776,,,0.00023953111162210896,,,0.00024062178443462153,,0.00024002647540453113,0.00024008421278589435,,,,,0.00023981895420027195,0.00024000677403931565,,,0.00024074857442132086,0.0002399984055555193,0.00023942897917495612,,0.00024001907105977737,,,0.00024012631999373307,,0.00023959677760125039,0.00024038048047348966,0.00024014497606020014,0.0002397560171244001,0.0002407137873975679,0.00024001741500890322,0.000240321709506469,,0.00024021548559936126,,0.0002397511089973022,,,0.00024025128707334795,,0.00024052864439559428,0.0002394117067057374,0.0002399434539551767,,,,0.00024036256076632182,0.00024047478984952066,,0.000240341552012869,0.00024030767171204993,0.00024087989402719347,0.00024011698286884224,,0.0002405322001730234,,0.00023956155435251905,,,0.0002403905904325192,,,,0.00023966181480498334,,,0.0002397845783033933,0.00023997991517583597,0.00024050241857786234,0.00024039369987657758,,0.0002403232646935118,,,,0.0002414013936237135,,0.00024052066439310017,0.00024012164734118281,0.000240681116643879,0.00023960350234875316,0.0002401143330081188,0.00024018622856503415,,0.0002397046529808758,0.00024088908452613248,,0.00023972895651734664,0.00024074346969259747,,0.00024024012608019906,0.0002399751389796903,0.00024012026369667273,0.0002402028961206084,0.00023984487645378971,0.00023971136297768392,0.00024065154947425045,0.00024044738840825496,,,0.00024008395844030104,,0.00023983222989283848,,,0.00024099830668926575,0.00023989044918932767,,,,,,,0.00024116209596959792,0.0002411755692737139,,0.00024107301206962578,,
8,24,DG_48pct,96,Z02_F12,2,3PH,298361,298159,True,15053.144880582984,1.7543584530765621,1.725100198359137,1.3554179743780548,1.3231373177205086,0.18809086128443686,0.01824743642825499,0.5991977790759042,0.5344190965932748,0.29761728830180845,0.27353984992775576,0.09118734446939705,0.0013298073201940428,0.015357847097106575,0.0492534192574028,0.08239502469962795,0.14551428661534654,0.06076641384319627,0.07543617433292929,0.08922981125372138,,,0.1852268892709771,0.18117678073971039,0.1812130899953136,,,0.0001888667335067944,,0.00018907208179705148,,,,,0.00019066085742447546,,,,0.0001909716959584816,0.0001906695502249992,,,0.00018892701264490298,0.0001887554130426423,0.00018857345516447836,0.00018897782533601438,0.00018703870046324635,,0.0001865842741153436,0.000189081659069991,,0.00018974007595466588,,,,0.00019599870631250546,,,,,,,0.00019294348758711735,0.0001929088457040537,0.00019291681982562376,0.00019288321430489734,,0.0001928483989196208,0.00019260038457402399,0.00019227699415228858,,0.00019316696348234023,,,,,,0.00019271122112979598,,0.00019241706398782332,,,,0.00019168195540352804,0.0001915306208153963,,0.00019179612706879943,0.00019192292128985769,0.0001918692601195431,0.00019160988045423708,,0.00019210903894619215,,,0.000191751079646142,0.00019189513157759854,0.00019209837653331554,,,,,0.00019163951788858606,0.00019205086676608258,,0.00019144873060893247,,0.0001875538442475651,0.00018825080498455297,,0.00023273778384867952,0.00023228803916832243,0.00023225705027657593,0.00023325156696803135,,0.0002327011821684332,,,,0.00023566690062815473,,0.00023432001980816378,,0.00023466678798563748,0.00023431140219855217,,,0.0002355428984275924,,,,,,,,,,,0.00023456119124412017,,,,,,,,,,,,0.00023508095754021604,0.00023538954037262928,,,0.0002343290546927187,0.0002346251438804559,,,0.00023519355259078335,0.00023574058887805007,0.00023437743202074914,,,0.00023590023171842222,,,,0.00023501273980128907,,0.00023514817150010933,,,0.00023518053160635912,,0.00023540544786628605,0.00023550097755530909,0.00023559592563324733,,,0.00023553239629097063,0.0002349138732915818,,0.00023522179827798273,0.00023550179070803547,0.00023518399058576682,0.00023532479879393494,,0.0002351261272040091,0.00023516152370931827,0.00023489696642473926,0.00023502756858231603,,0.000235217556796024,,0.00023595723333715918,,0.00023596886837509755,0.0002357217640614692,,,0.00023545542328090837,0.00023533152889484242,0.00023525901479792954,,0.00023564389018170952,,,,,0.0002357338885271136,,0.00023531184495879758,,,,0.0002359951977937197,0.00023632243992988868,,0.0002355549965632726,0.00023587853492501985,,0.00023552641513695214,0.00023537078736632578,0.00023511611696401137,0.00023536812092111255,,,,,,0.00023520265065314776,,0.00023492044103642942,0.00023506198110087595,0.0002350885064628653,,0.0002352954551866341,,,0.00023521194223537263,,,0.00023623477648664635,,0.0002350150680336094,,,,0.0002353778519106709,,0.00023451086306989106,,0.000235318603671652,,0.00023467596049207742,,,0.00022448915984047638,0.00022434540967236307,0.00022399615052373772,,0.0002309832593702693,0.00023171451772864858,0.00023137126853534646,,,0.00023113708304315093,0.00023092232588037872,,0.00023117784763508395,0.00023153400936551496,0.0002321487935392011,0.00023172426731758077,0.0002309967128686474,,0.00023195829637678338,,,0.00023168661208373856,,,,0.00023196592867808248,0.0002325145502173187,0.00023170981303539517,0.00023138515098608634,,,0.0002319849868151843,,0.0002323264689268661,0.0002316132721383336,0.0002310525799160854,,0.00023138248643713675,0.00023194773250685455,,0.0002315551738165235,,,,,0.00023183141804521883,,0.00023143005481021287,,,0.00023173758714119472,,,,0.00023246840744849137,0.00023179098241062085,0.00023131251715363975,,,0.00023231992933801256,0.00023145800131184777,,0.00023220752457849385,0.000231655876713533,,,0.00023172092258076974,0.000231712505772319,,,0.0002315978406312206,,,0.0002322131329963105,,,0.0002317804305844568,,,,,,,,0.00023190045236348494,,,0.00023224920692006958,0.00023181937797440977,,0.00023114995742260497,,,0.00023170148181000857,,,0.00023145650094753446,0.00023173945847857028,,0.00023193154345417795,0.00023118062290983842,0.00023152677527779497,0.00023106292069098328,0.00023147764926808256,,,,0.000231702935151545,0.0002315475632873178,,0.0002309334742791194,,,,0.0002316607130633043,,,,,0.00023136916784345987,0.00023148830813816433,,0.00023186875772879232,,0.00023143531941026982,,,,,,,,,0.000231451408529189,0.0002320369053179546,,,0.00023128485967871133,0.00023163562955732711,,0.00023221866773492892,0.00023183404775610494,0.00023119321724282907,,0.00023207632233193472,,0.00023166219283662112,,,,0.00023228300123588535,,0.00023230820758806222,,,,,,,,,,0.00023165216119208902,0.00023195365218174217,0.00023142621045257482,0.00023149759461638838,0.00023246282130335322,0.00023218500158876676,,0.0002334763639092951,0.0002337143511033888,0.00023363696884053106,,,,0.00023230325779638835,,,0.00022802771662846404,0.00022831729192249908,0.00022895700800088393,,,0.00022885861755971018,0.00023264332966399512,0.00023323285150293394,,0.0002323054737537904,0.00023222585162648642,,0.00022679445249404904,,,0.00022025219179455714,0.00022061052314719155,0.0002199559243200552,,0.0002372801202719169,0.00023732899627106695,,0.00024457610338067624,,0.00024684860752721645,0.0002469070283638843,,,,,0.00025012037406322473,,,,0.00024870827347696936,0.0002518142815796494,,,0.0002501296747354798,0.0002503964224575165,,0.00024994892912697035,0.00024972854114643084,,0.00024921659732426765,,,,0.0002499419545277926,0.0002500696468382578,,0.00025073322049329105,,0.00025038096743336315,0.0002508352852730016,0.0002547112128431429,0.00025477152217901004,,0.00025484013218765155,,,0.0002553320831211132,0.0002559283022188198,,0.00025537355252652387,,,0.00025649856830387696,,,0.0002555550313217128,,0.0002551807521595689,0.0002554252882428663,0.0002549281296485996,,0.0002547957542289393,,0.0002548515707977494,0.0002544211945926078,0.0002553587684613731,0.0002547465413295596,0.0002543012595321551,0.00025516490104356284,0.00025435603515590804,,0.00025507112106533554,0.0002545332749751197,0.0002544857249284527,,0.0002547506627320719,,0.00025513304873322633,,,0.0002546025825592974,0.000255244122777187,0.00025458016076822964,,0.0002547338830050005,0.0002541908854099483,,,,,,,0.00025441890668952925,0.0002546226235340006,0.00025514438936419525,0.000254681290660252,0.000254538334607928,0.0002550743496232087,,,0.0002553089088389082,0.0002549783776595354,,0.0002548471409131652,0.00025519176735113694,,,0.000255576127468438,,,,,,0.00025424390642111094,0.0002543203912749915,0.00025532510087307924,0.0002547755091858919,,0.000231858300717469,0.00023090297517231292,,,0.00023156956317241,0.00023145134538188233,0.00023141410828736474,0.00023206091974505027,,,,,0.000231466871285788,0.00023111085971758965,0.00023134760419601575,,,,0.00023118925497152176,,,,0.00023127768949448383,,0.00023127704854243375,0.00023121953109575031,,,0.00023079443317646872,,0.00023057738770083708,0.00023196942033420172,0.0002311873116184559,,0.00023184734791859276,0.0002315550724048843,0.00023211986132248627,,0.00023225142906785963,,,,,,,,,0.0002306123192974609,,,0.00023115866841536852,,0.00023119195913894007,0.00023087712387575941,,0.00023128290401283133,0.000230546269619764,0.00023105206651446777,0.0002313683991109213,0.0002310881514948509,0.00023157027370884092,0.00023137044654053987,0.0002314911934086061,,,,0.0002304125417383057,0.00023042075323211484,,,,0.00023123397061167327,,0.00023159417127146785,,0.00023201335084006505,0.000231965461182142,,0.00023188083043869793,0.00023273302048665265,,0.0002312257285170347,,0.00023179737172864798,0.00023227362786434135,,,0.00023093830560817053,0.00023139304062721368,0.00023226620425093706,0.0002311707837233016,,0.00023172113560292177,,,,,0.00023175752034440873,,0.00023204633694776493,,0.00023192793686950457,0.0002321139195387986,0.00023178331544387615,,0.0002318131518881491,,,,0.00023117577340496485,,0.00023162953931215612,0.0002306096946166033,,,0.00023157997273061574,,0.00023091086419000582,,0.00023204234300757797,,0.0002311501078821327,,,0.0002308321025809028,0.00023112517217553866,0.00023146732060168201,0.00023145257536693744,,,0.0002363000957100364,,0.0002359607901623981,0.000236135766805757,,0.00019263340260520414,0.00019449086395507856,0.00019497269805479405,,0.0002529412971199406,0.00018983565946397728,0.0001894181100544499,,,0.00018940691331522974,0.0001904358698098401,,,,,,0.0001899182608059768,,,,,,,0.0001896733591650468,,0.00018946881937158624,0.00019038565319350235,,0.00018977716424063362,,0.00018921230124516774,,,0.0001895879572079002,,0.00019019804429274952,0.00018980285724154092,,,,,0.00018955353775787162,,,0.00018973166635141443,0.0001899832052022291,,,0.00018940826094119447,,0.00018983338969349675,,0.0001897404149951583,0.0001901760550737818,0.00018953412280935502,,0.00019017631312041714,0.00018945615936612697,0.0001897814924366918,,,,0.000189553094351476,,0.00018986314506450123,0.0001898820855017127,,,0.0001890086086390815,0.0001898448036558596,,0.0001895724929210964,,,0.00018926221162014794,0.0001895149368562898,0.00018956159205461064,,,0.00018960938348250192,0.0001897529117572482,,,,0.00018978400037133962,0.00018927741108248257,0.0001900165391356911,,,0.00018980633673653893,,0.00018942326917016056,,,,,0.00018926077227669828,0.0001896993583320702,0.00018982941631884496,0.0001898735790276283,,0.0001896932501326067,0.00018982989579162176,0.0001899353610783591,0.00018943982862842476,0.000189735277132681,,0.0001896582772476524,,0.00019011342782238345,0.00018979657077162029,0.0001891661840382772,,0.0001899761264492588,,,0.0001894949974570556,0.00018938289980405186,0.0001895606108277403,,0.0001892231848009562,,,,0.0001900018291068597,0.00019031079845581512,,,0.00018982194898648007,,0.00019040781076411572,,0.0001894336699681077,0.00018959910893114528,,,,,,,,0.0001896944795022229,,0.00018964204841100547,0.00018988434295760703,,0.0001893258640120338,,,,0.00018981377193998743,,,,,0.00018952499365813662,0.00018960097346172524,,0.00018954845351473168,0.0001894752322155131,0.00018961719615073804,0.000190023784778713,0.00018934211703776436,0.0001897541579396478,0.00019017000932768937,0.00018944258054793154,0.000189744639222934,0.0001891291738167199,0.00018920028765842783,,,,,0.0001877270712660168,,0.00018698865252023256,,0.00019444539151022041,,,0.00019044899139940427,0.00019047894931328497,0.0001901434745654006,,
8,24,DG_48pct,96,Z03_F01,3,SLG_B,298362,298161,True,13540.763939936145,13772.910130167866,6195.782251468018,4089.3932701532167,4008.9392012317294,605.536208465559,55.14214044611532,1877.2079226521723,1685.714361298084,932.1993255556954,863.253332339243,286.354723480929,4.735885517107773,108.17520153406564,334.1797683004233,264.6932331071084,442.5495357791394,180.9500619341411,224.66969888177223,278.99467938986857,,0.42966708897480593,,0.7952137630202382,,,0.009662506016165374,,0.30739099105986994,,0.12477651890050641,0.6600493336244626,,,0.12813514813726115,,0.12800901455255811,0.5196772300890558,0.5185791232532307,0.5194109163305497,,0.3079559845768071,,0.3082924802052378,,,0.3034018691736671,0.3042750833005315,0.3041168306168792,0.30731326391552094,,0.30817923951087534,,,0.307700484679459,0.6732234825863821,,0.31169439599382864,0.31211990607463835,0.3132757323020059,0.31349221956810647,,,0.3135109469235737,0.3143918011470887,0.3134592653801008,0.31458566198418275,,,,,0.31424344208045324,0.314235568545767,,0.314427827690248,,0.3147152718929532,,0.6503755718104132,,0.5276561347726947,,0.6464461153663738,,,0.6470488401648479,0.6475879291841157,,,0.6486058330992757,0.6472432074633652,0.6489512625954609,,0.6492176616270201,,0.6474584229086586,0.6484343534549564,0.6472950250898044,0.6478784413265933,,,0.6480986011607792,0.6485081860378563,,0.6495130453803446,,,,0.2576847606017623,0.3768978034236152,0.37726393036071304,0.37807943999625027,,,0.3787387887024927,0.7535580035247739,0.7528487992211211,,,0.749662716684085,,0.7496494245871034,,0.7550622171905839,0.7504000732330183,0.7529403068946784,0.7518747120735706,0.7519404130155989,0.7511405848289565,,0.7523769401211761,,,0.7510052295039036,,0.7516681043541963,,0.7525538219729406,0.7515723925019792,,,0.7482539488653006,0.7519474077168574,,,,0.7541362346142275,0.7493072151684341,0.7519872856933574,,0.7503753148604351,,0.7512047765303644,,,,0.7511344205400352,,0.6579972756801269,0.6564843706891719,,,0.6580630682766314,0.6590795825874746,0.656995429994564,,0.6555535782485686,0.6558643068676189,,,0.6563892949625995,,0.6568355844927579,,,,0.6588652289847057,,,,,0.6581121067222693,0.655726189001623,,,0.6565967779757608,0.656116372151549,0.6575765393247737,0.6584346906373245,0.657954851320508,,0.6565501583794497,0.6558036253850851,0.6548698223095101,0.657814094640249,,0.6569790613061918,0.6558330553278788,0.6546887164536342,,0.6570590670772767,,0.6550581519919274,,0.2580995589914981,0.25795447726765186,,0.25788249715230455,,0.2579935600111225,0.25884287028322694,0.25889422695607855,0.25805299619525485,,,,,0.25820583469874614,0.258736496101806,0.25807752805772866,,,0.2583297052390882,,,0.25746530147541524,0.25817588393265006,,0.2581020830612441,,,,0.25856442465624896,0.25732925706720183,,0.2577501438356303,,0.25913019144764576,0.25790050361289923,,,,,,0.2582485260453119,,,0.25806659466211634,0.25847357424858064,,,,,0.25791208085309447,0.2577819300220224,0.25709450190905425,0.36770552544112245,0.3675593725965549,,0.7437657198769708,,,0.3774711936272474,0.377312524162509,,,0.3775316830829936,0.7442887654154813,,0.7475705071178227,,,,,,,,,,0.747231767822174,0.746324399630942,0.7470783606573276,,,0.7465648755299348,,,,,0.746736779132403,,,0.7450634132092826,0.7463835514245786,0.7463737625408103,0.7473759693358784,,,,0.7461949832429059,0.7454457729310066,0.7485621771766633,,,0.7455826001485029,0.7472815052133343,,0.7471190450757411,,,0.7463100357730023,,0.7448285533478717,,0.7458267866610953,,,0.7454782051524751,,0.7458016623034417,,0.7456372766925063,0.7466806201049893,0.7436763023021948,0.746958508353468,,0.7465204725071886,0.7450625666070653,0.7459002437618806,,,,,,,0.7441377431039327,0.7441949846815613,,,,0.6436005108857789,0.6450065166204535,0.6439959075966657,0.64373480554359,,0.6454174683468398,0.6448536444313923,,,0.6451537190827613,0.6465799105961526,,,0.6444124888569795,,0.6452558381494552,0.6438976940201858,0.6428501852042067,,0.6454350796673252,0.6442331400286071,0.6433233271927504,,,0.6430094315739019,0.6420009854966319,0.6435115890373045,0.641694062892523,,,0.641777448002453,,,0.6434963486186961,,,0.6451505707897249,,0.6443158063884298,,,0.6451908198138445,,,,0.6418814688067762,,,,0.6459070591773822,0.6443504818111355,0.6434040976954312,,0.6417394942710758,,0.6456284282820184,,0.6457525028475533,,0.6453005289725267,0.6437084459990631,,,0.6459166454845506,0.6439715163160786,,0.6438193394002529,0.646041568424953,,,0.6456576381216277,0.646670270439498,,0.6436970232743618,0.645103226783888,0.6457547042557831,,0.6455578604062757,0.6428726921476743,,0.6438278443545046,0.6448412415638025,0.6441670898953226,,0.6443430284104797,0.2478862084020374,,0.24825143147946088,0.24788594091260435,0.7485962197032683,0.7466546905714452,0.7494603051309545,,,0.3716382369279563,,,0.37247440332591575,,,0.7473208902803602,0.25413441103530154,,0.37726482080065443,,0.37747638804678874,0.37362962855402193,,0.3724157461540935,,0.36534812035729647,,,0.26108071989347387,,,0.2692873429998835,0.6806256403406858,,,,,0.2768027477117806,0.27557438178376215,,,,,0.694872694984926,,0.27850936323505276,0.406755464632451,,0.4062315007826076,0.40656370230685823,0.4072445645619568,0.40611237690613244,,0.40673643505224927,,,0.4064418625338564,0.4071112642871565,0.406626609541835,,0.4060935458978143,,0.4069337730968393,0.4065234335403742,,0.7104881143982541,,0.7091274873743006,,0.7045124672062822,0.8182155104013209,,0.8178421010435762,,0.2838772320885436,0.28329207795955846,0.28398161016670115,0.2839506909596072,,,,0.7144275875410315,0.41483888875335934,0.4147382937205875,0.4153915904795698,,,,,,0.4142657907143669,0.41533734789578214,0.41468530991228647,0.41541257689134203,,,,,0.41289013649380574,0.41374710763926786,,,0.41386096518821874,0.41502859859397573,0.4140065878310431,0.41267365142268086,0.4140854069082013,,0.4144323547641379,0.4144351366085426,0.4124669625367202,0.4146118234600841,0.41266058095496,,0.4132620395552886,0.4138925505030301,,,0.41437097478869606,0.4147564833124368,,,,,,0.41398859321365733,0.414173163890001,0.4151948165487914,0.4135393768277303,0.41421846917128907,,0.4155723864207195,,0.4134198426149895,,0.4141650743905476,,,0.41429194876272984,,0.4150950748061268,,,,0.23879208071746963,,0.2381264541288323,0.23764088738971112,0.23786617068336197,0.23789677448199475,,0.23812769266997916,0.2385286332166897,,0.7495885796675459,,0.7496543011126999,0.748993725486034,,0.7481810696650205,,0.7469643524100661,,,,,,,0.7478281720399315,,0.7495099473644987,,,,0.23830361583781628,0.2388754402458789,0.23946584807766041,0.2381686695615571,,0.23804408480367126,,0.6384787891977708,0.6403239922379821,,,,,,,,0.6412527996259024,,,0.6407766793743133,,0.746907732098715,,0.7472272693930075,,,0.7473206559239023,0.7514075298226345,,0.747214060802423,0.7469793879101039,0.7499132262579006,0.748841827384679,,0.7449883856805255,,,0.640446034135322,,0.6418014774179935,0.6400482365794014,0.6410162828314888,0.6397958878154677,0.23838639371766396,0.23835490746680468,0.2387392533569987,,0.23901841479790523,,0.23905250027137676,,,,0.23766766210242377,0.23828210982253836,0.23845035045893906,0.23852403549759316,0.23803511149370377,0.23874398735733965,0.238773273488329,,,0.23849665925407446,,,,0.23875917373413943,0.23880443275459803,,,,,,,0.6425036456300076,0.640870669586475,,0.6400593578473466,0.640419686646748,,0.6395050858402254,0.6381146242115757,,,,,0.6407174593880827,,,0.6410102300292692,0.6436964853382421,0.6447644012027364,0.6401537119698577,0.6410956080133752,,0.642186112462159,0.3842189536034089,0.3844233075264504,,,,0.38338981095029667,,0.09525008075493523,,,,0.8078736741026861,,0.3087612419866734,0.3084697185833978,0.30838147585887576,0.30914284939554243,,0.3085646419625082,,,,0.3083584607898303,0.3078094664942229,0.30862461350182596,,0.3076535425634285,0.3091358625345576,0.3082379763167076,,,0.30826675748665905,,0.30877611493845575,0.30888916437216946,,0.3095303477453073,,,0.30770788969668805,,0.3086086040557881,0.3074831236001128,0.30921735536202655,,0.30834763845371116,,,,0.30898438052190424,,0.30822718664023113,,,,0.30882959936698456,0.3076224130122502,0.30905586120947665,0.309185314473364,,,0.3086951713815533,0.30869731042243703,0.3088920496258568,0.3085201743350713,0.308995466460046,,,0.30904664112372154,,,,0.3087910270106671,,0.30824855757713254,0.308005977715477,0.3098258617288738,,0.3085595707651039,0.30916470421605435,0.3089729093666789,0.3078726658854077,,,,,,0.30796260827061206,0.308759123037738,0.3089124290437111,0.3090961368976592,,,0.30854919713758827,0.3094009050255083,0.3091323284305074,0.3091215530712767,,0.3089346814782119,,,0.3083794538258796,0.30851835201912076,,,,0.30934728559329655,,0.3084045873260986,0.3084491062545202,,0.30808841143924054,0.3089890478477962,,0.3084051386728761,0.3081046781589013,,,0.30903230430801565,,,,,0.3085168896397726,0.30849698221005223,0.3083102141559708,0.30920973717846506,,0.30934356418750486,0.3088137777467984,,,0.30799748402988186,0.30870198927866216,0.3096412236532281,,0.3095251526549036,0.3095525029089824,0.308911117428557,0.3081375449120499,0.30900301827557275,,,,,,,0.30929291544960263,,,,0.307991586364271,0.30897117723205086,0.3084075900224205,,0.30867975122466956,0.3088633705601514,0.3090862542513939,0.30908435613740426,0.30909835058888474,,,0.30906198241710003,0.30822562321789276,0.30905425287115296,0.3086658533830768,0.3087049567785816,,0.30806650212693076,,0.30818954663571924,0.30866440584886556,0.30907468120061,,0.30802115614063996,,0.3083628151532914,,,,,,,,,,0.6606473802722195,,,0.12959861030240233,0.5209301870836587,0.5199689942074258
8,24,DG_48pct,96,Z03_F02,3,SLG_B,298362,298161,True,13478.003277731535,13798.976863391234,6188.456631622388,4088.544868376086,3983.531965871636,610.8000223578894,54.969969219525275,1879.0167589046223,1685.3479820130185,933.9885133479883,856.937779471018,286.3009688067718,4.760022109003278,107.64757289927833,334.77742280784577,263.101768562543,442.79283758899163,181.41380027213992,223.99654550216806,278.12271144808915,0.43047714906666346,0.43064047697288377,0.42921661520939686,0.7951143576381655,0.3030529482197225,,,0.3078562037694974,,0.30642992003807895,,0.6618704932487668,,,0.12800902118052784,,,0.5194536410347153,0.5189789447111498,,,,,0.3067009727284226,,,0.3037326925263627,0.3045372628364184,0.30385086145843754,,0.30850890948931387,,,0.3086964798071561,,0.672744295911567,,,0.3114290585369444,0.31408361182425,,0.31316198606473655,,0.3139168369507157,0.3135934625379406,0.31461802722100085,0.3140089826075639,,0.3142616379793316,,,0.3133838615500951,,,0.3132978726548527,0.31433149900912866,,0.64687928940388,0.6502890003437048,,0.5276482532720127,0.6471788678402081,0.6479766747632995,0.648168902253086,,,,0.6472906510548286,,,0.648819991085066,,0.6492117715377106,,0.6497298507611973,0.6497759309370206,0.6480028171372648,,,0.6478482387402832,0.6470740332029447,0.6482279560949606,,,0.6490735357103493,,0.30587598150862366,,0.25676265952656036,,0.37695624314585024,,,0.377866201426664,0.37963872273462035,,0.7527912463133785,0.7514484754129667,,0.750597261436413,,0.751813792051379,,0.7515175155456643,0.7539684712333097,,0.7494357769326917,,,0.7499866070916181,,0.7517545911726119,,0.7501372747265198,0.7491956594758562,,0.7521953641762746,,0.7516618224447594,,,,0.7511114623622696,0.7517589601130547,0.7525019660478017,,,0.7507811585180267,0.7516836623454967,0.7517082542797927,,,0.7524381208011668,,0.7515234004056278,,,0.7499904853052084,,,0.6574732872977833,0.6578101393622633,,0.6584536489932045,0.6559352454221463,0.6559226591420502,,,0.6577747700018823,,,,0.6577616706856909,0.6575379643729563,,0.657601362217632,,,0.656042591934122,0.6566951686184341,0.6592155639403746,,0.6579831245975623,0.6579662285097693,,,,0.6567560817791943,0.6570274379454593,0.6584598877973838,,,0.6565499537626746,,,,,,,0.6563560830849843,0.6567095300436342,,,,,0.2580144784495226,0.2586273760683086,,,,0.25800340127659055,0.25828684272540203,,,,,0.2573727431475591,0.2574043450734262,0.25800909444073994,0.2580045367097043,,0.2583478106345634,0.2578014082032637,0.2581550522760578,,,,0.2584584094274976,,,,0.25784728085642594,0.25812288705293873,,0.25833429871781516,,0.2581809756119183,0.25831019136189964,0.25764643349715605,0.257174652422539,,,0.2586851785008642,0.25854424517012203,0.2586376560681168,,0.25792046062693225,,0.2583791536898226,0.25744290869715564,,0.25842519438156697,0.2582632561248134,,0.25702883264249693,0.2574765170136033,0.3669473472619425,0.3680778579941479,,0.7431855111272215,0.7406033876784751,0.3769334668608836,0.3773911555157573,,0.3766497557471503,,,0.7460405207943274,,,0.7448306939556968,,,0.7463167078058707,,0.7472365735844197,0.7453801975445115,0.7479791673957468,,,,,0.7483364319041804,0.747073712284783,,,,0.746818372014067,0.7460681773653047,0.7464747219816734,0.7455013133806746,0.746026873581662,0.7462446849235775,,0.7443921895160698,,0.745563774048992,,,0.7462880898313194,,,0.7454996040781793,0.7457798109500555,0.7452487980972737,,,0.7461103747984169,,0.7471692419842028,,0.7450662785073556,0.7463789978923334,0.746531017341473,0.7445720134397407,,,,0.7456542527517577,,0.7476370194485897,,0.7457538274497991,,0.7460790611949494,,,,,0.7449540279066565,0.7424796135078127,0.7436183691556937,,0.7438391885879339,0.745203573476443,,,,0.7461612030654107,0.6438151147016787,0.6433357891330485,0.642718927358667,,0.6451780899598734,0.6464445526062802,0.6435141041169229,0.6453645730456355,0.6472369563429388,,0.6435827129211789,0.6434110439950195,0.6454210289958365,,0.6447033773091029,,,,0.6430394932243814,0.6451883227023042,,,,,,0.6431217447407588,0.6422783375076014,,,0.6430393869436724,,0.6438933769551655,,,,0.6422140758790768,,,,0.6458288710330143,,,0.6459247040639737,,,,0.6452942872507514,0.645326627611111,0.6438503144798909,,0.6449068878230281,0.643098571677202,0.6457749205515438,0.6447872561050635,,,0.645532564460633,,0.6453798545920357,0.6458963824526536,,0.6448536530106832,,0.6442441340198459,0.64415824925514,,0.6432795065929326,0.6447954738834154,0.643112427343336,,,,0.642758785675451,0.644926540539731,0.6439953388929057,,,0.6454167545112475,,0.6468102677397992,,,,,0.6454685528891252,0.6436583733818507,,0.2485796826369133,,0.24840421469723312,0.7492659051660918,0.7477332629284348,0.7484658013171387,,0.7473332327986052,0.3731424114333905,0.3736652674252047,0.37303047598963524,,0.37373562904197033,0.37327450035560744,0.7444123814290469,,0.650559199778563,,0.3782179953243565,,,0.3718202947440771,0.3721047676767518,0.3661411085746557,0.36568703469704134,0.3663347280546019,0.7560007287109028,0.26081258599797935,,,0.26999099936962656,,,0.2741011568263348,0.6910125158386347,0.2755345309974294,,,0.27562942885739294,,,,,,,0.40691733642149935,,,,0.4070507630964294,,,,,,,,,,0.405921960749905,0.405726244014403,0.40627508626392844,,0.711697274267289,,0.7113864521633723,,,,,,0.8152227705891737,,,,0.2835918089673663,0.28387920740184924,0.712874171059205,0.7135151238328473,,0.7140847264902725,,0.4134368105386368,0.414148656828009,0.4135486077694578,0.4141547387589185,,0.4140900973329292,0.4142853576902921,0.41465183733888206,,0.41395250684601553,,0.4150290258212468,0.41437734251465647,,0.4143304588856475,,,,0.41387871941448345,,,0.4141039681472239,0.4139060926435393,,0.4146413867262307,0.4128398776093696,0.41342603942477407,0.41305626746144675,0.412914117761852,0.4136557295199708,0.41461079343024676,,0.41570841689767807,0.4135213263840347,0.41382071302312945,,0.4136315530621697,,,,,0.41268260927096234,0.4132283455901285,0.413054272831122,0.4130968616833579,0.41247719669398564,0.41403967473686465,0.412119111369981,0.4133209274200931,,0.41429562375397516,0.41303981638738824,,,,0.41314013966737256,0.413749034337522,,,,,0.23914756064586695,0.2384236938540776,0.2386888488676343,0.23840441433887052,0.23812444403299332,,,,0.23822474803045102,,,,,,,,0.7504446005809151,,0.7476675086925408,,,0.7496876315131167,0.7490877040242448,0.7471251015180038,0.7507159943437657,,0.7474248068426352,,,0.2385323706619166,0.23868213231872618,,,,,0.23932821630232629,0.23907348958326033,,,0.6392036058079362,0.6396420584020014,0.639148631825454,0.6410984072281167,0.6398184155987203,,,0.6416318916552839,,,0.6406222055882966,,0.7472447692615812,0.7484410496043216,0.7481008306000881,,,0.7492311159616771,0.747700823298094,0.7455547114639974,,,,,0.7347962147222395,,0.7470422392012978,,0.6411110606071527,,0.6412852558075463,0.6414119313060678,0.6418895450559448,0.6407983271525066,,,,,0.23825170983841176,0.23847881912893318,0.23848988041398236,0.2388309010171527,0.23873713551482093,,0.23869586037583004,0.23866164791057626,,,,,0.23794139675726111,,0.23907398391120468,0.23840704084344955,,0.23764230592648938,0.23838042716232619,0.23876771969564983,,,0.23847402476968896,,0.6410364883675614,,0.6414233503398199,0.6425832652728103,0.641170573334802,,0.6407112343944968,,0.6420294630866591,,0.6393792966358416,,,0.6409968277737187,,0.6394289156187033,0.6404138086467827,,0.6402148599571215,0.6398710532360298,0.642642991405965,,,0.641797438250967,0.6408979543035203,0.3840134979517853,,,,0.3836552039425906,0.3836623794835119,,0.09520844443263092,,0.31647457689968056,,0.8069996792945843,,0.3086648022617189,,0.30959697313346235,,0.30804348925228364,0.30952308835994896,,,,,0.30847411163687466,,,0.30842167155758055,0.30838305840942815,,0.30950172864379394,,0.3091710256876082,0.3091493071997827,,,,0.3090713913200383,,0.3089074836990206,0.3090373612490479,0.3088441160472597,,,,0.3086687689493509,,,0.3090206149562835,,,0.3088760784315405,,,0.3089308940214498,,,0.30884220757374,0.3092827877991988,0.3086156455846789,,0.3090243324114784,,0.30869735137686755,0.3082331250029639,0.3085115586844247,,,0.30926515877201455,,,,,,0.30869738416478837,0.30927044675705484,,0.3092483175888179,0.30839723703784994,,,0.30880689037545106,0.30869983161340314,0.30906189594529876,,,0.3088238599933605,0.30918702259112923,,0.30943715852770276,0.30906104078518565,,0.30739457673561527,,,0.3090838692938224,0.30850767788097594,0.3086514689998684,,,,,,,,,0.30863145568790495,,,,,0.30857675723251765,,0.30861740994076864,,,,0.30917845499934304,,0.30910718671165766,,,0.3089820917805968,,0.30925534517876974,0.30843942878070785,0.308265933295318,,0.3097523569040149,0.3094160844110227,,0.30897103495807676,,0.30909834168325945,,,,0.3103447679756249,,,0.30806710898103024,0.3082854261157426,,0.30859959214342947,,0.308653390953168,,,0.30849675891882344,0.3082993591776813,0.30860533296673315,0.3088221597244887,,0.3091015136387744,,0.30839091698190224,0.30875550705143445,,,0.30898067435353177,0.308325012761106,0.30740976565740086,,0.3093658115427503,,0.30880264105401567,,,0.3084792520447429,0.308871471928039,0.3084814031625506,,,,0.3097740317010021,0.30843371069218367,,,0.3081370179500603,,0.3090151744748815,,,,0.6640354179587938,,0.5335125951196567,0.6586974612538109,,0.12973377549690393,0.13008006409174205,0.5192664545257962,
8,24,DG_48pct,96,Z03_F03,3,SLG_B,298367,298161,True,13547.384781487695,13778.061841075503,6231.864509788782,4118.424625186169,3996.106560200677,612.8832693995064,55.13995555688545,1876.4413621428107,1697.6607028004996,933.3636599694843,860.6354235569926,287.620214728419,4.789354727304051,107.49619212395949,333.2163374972854,264.3214466188901,441.03895168412066,181.25126566757206,224.21449243654695,280.49918219183417,0.43062223737622063,,0.42965842820622197,,0.3019995750891369,0.6047475430465167,0.00964256430430125,,0.30844335528716704,,0.12509344575258508,0.6614046160081176,,0.6605164066284341,0.12818115483707368,0.12788320201481385,0.12811505633670048,0.5196272517257703,0.5177481659393335,,,,,,,0.3070605913716843,0.3048001025682667,0.30443255457684365,,,0.3070491625861108,,,,,0.6712652468884139,0.3116425742496131,0.311313162429793,,,0.31294479680413023,0.312502374633653,,0.3143545429855713,0.31426010961836687,,0.3136512419704069,,0.3134825735538989,,0.31418900777632,,,,,0.3145427109479796,0.31379600888710185,0.6481130439303998,0.6502149752543988,0.15991288379945304,0.5273448500406069,0.6496925613565873,,0.6468962080879636,,,,0.6495927283220868,,0.6479643757834458,,,,,0.647007966193664,0.6501242416971522,0.6486275753021161,,,,,,0.6486500413949124,0.6480834366555064,,,0.30591218066683323,0.3065905592275739,0.25735631897299677,0.3796622957528425,,0.3781306139009151,0.37928686149827545,0.3793535580810205,0.379055259410336,0.7516436686150088,,0.7531864334691578,0.7530568914008715,0.7505834372574404,0.7542367338855113,0.7524374580134495,,,,0.7517792606888094,,,0.7530716698117763,0.7516802137877914,,0.751779644814735,0.7527140173947869,,,,0.7528043949144029,,,0.7523079364009503,0.7509806386879908,0.7515461723093597,0.7513989966107079,,0.7515324447200131,,,,0.7505984243897481,,,,,,,,,0.7511385950107112,,0.6571081684005474,,,,,,0.6558263134414672,0.656097677675578,0.6576345240059607,0.657878669589088,0.656043096030022,,,0.6551819743498639,,,,,0.6577397799105551,0.6570227313126216,0.6566109990884159,0.6558904712837901,0.655337909987524,0.657409726818665,,,,0.6568474208897132,,,,0.6552133215028934,,,,,,,,0.6579463243155114,,,,,0.2575001268682599,0.258202265363792,,,,,,,,,,0.25823704148789095,,,,0.2583935127026819,,,0.25749227264273933,,0.2585058627294099,0.2581180986949582,,,,,,,,0.25779436823850255,,,0.25800341318660863,0.2591248872796374,0.2581110284688929,,0.2583168420200322,0.2577296931419236,,0.2585714466827829,,,,,,0.2585342136721716,,0.25787328888641575,0.2584587054588825,,0.25744238442515655,,,0.36639623572102553,0.36775367988975755,0.36732442762329987,0.7429138369549716,0.740164460448178,0.37758210952716664,,0.377402178275845,0.37743564909938326,,,0.7462116187958814,,0.7466986010266999,,0.7462168213229479,0.7461802433632164,,0.7486903139472888,0.7486748320614159,,0.7460643851847818,,0.7478741244026292,0.7449601664901654,0.746132314404419,,,,,,,,0.7453391000088999,,0.7470402722501588,,,,0.7451565021812367,0.745400439074671,0.7469667461356253,0.7475631891771457,0.7477138303760364,,0.7462971821080144,0.7449171149678301,0.7455193522911124,,0.745123984945605,0.7453481172718173,0.7465857217663587,0.7448685972018941,,,,0.7439208451153823,,0.7454260904391092,0.744425325907088,0.7451063211297578,0.7451880706885539,0.7423165633875702,0.7457760268157408,,0.7475766056345878,,0.7466052777056479,,,0.7479045733832506,,0.7427112622555577,0.7454867192134479,0.7445141883438292,,,,,,0.7467854258447564,,0.7456607043941281,0.6416923878914069,0.6424600167932508,0.6439202562233259,,0.6431729189222873,,,0.6421945448866144,,0.6452370265983887,,0.6439612939256676,,0.6459954791849433,,0.643743131680799,,,,,0.6437225504380324,,,0.6424466097819674,,0.6432682133367523,,,0.6420086848275024,0.6436914087837284,0.6444353214368461,,,,0.6460711016112286,0.6433461679472853,0.6440607355478296,,0.6454905198158556,,,0.647414476089017,0.6419980847603245,0.6443649002361637,0.6440122732689063,,,0.6441032089693148,,0.6444490119032947,0.644067423073663,,,0.6451833284200129,0.6446707900303619,,0.64563008854433,0.6434156864009904,,,0.642468112408935,0.6425698909136726,,,0.6468724996606118,0.6448182270299643,0.6444756150895672,,0.6447408786148606,0.6435137927813009,,,,,,0.6440868038958737,0.6432645448177728,,0.6445249842032914,,,,0.644102833837079,,0.646370752281605,0.6450805298011116,,0.24829578573231076,0.24791155547300592,,,0.747931275038697,0.7490256025601238,,,,0.37348617298709313,0.37315091794168304,,0.3722845086471668,0.37351496702556664,,,0.6493852851766991,,0.37782554640678107,,0.37123796612433324,0.37103900745439344,,0.3659314667716495,0.36594315052176485,,,,,,0.269333098676004,,,0.2730114802623336,0.6890544666023422,0.2764687743403132,,,0.2762836808781682,0.27617593925250666,0.7924593374335822,,,0.27928542582969534,0.27920856603697186,0.4070068456463945,0.4071701904231084,0.4074443637413826,,0.40715425561191304,,0.4073514910807665,,0.4075759191482404,,0.4063689392804533,0.4070578238368535,,0.4055328785779171,,0.4053106447112476,,,0.7091498471706139,,,0.7121888318096594,,0.704664021749819,0.8165408497741563,0.8159272532290899,,,0.2837770322018079,0.28432525363969363,,0.28387601569765075,,0.7157700995288593,,,0.41403852861521173,,0.41386770330012923,0.4130639935999609,,0.4142970595096069,,,0.41393323152864436,0.4152281824734555,,,0.41459156526602775,0.4137497759446488,,,0.41433728528912667,,0.4132674876432912,0.41421016315081965,,,,,0.4128421251806563,,0.4137000726657976,,0.41454053972961685,,,0.41331338627771846,,0.41407372576881635,,0.4133155434547317,0.4140393787925927,,,,0.4139425919364549,,0.4144531697563874,0.41417104486090234,,,0.41403290204908455,0.41410071373625185,,0.415259341120902,,0.4140987716364612,,,,,0.41387226992047715,,,,,0.23861956849321006,0.2377085603332015,,0.23851178426135572,,,0.23921516243525298,0.23806932565731836,0.23897547526792873,,,,,0.750136780319943,,,0.7480452359108802,0.7495930741185752,0.7487474577279801,,,,0.7497022463370395,0.7475177975735167,,0.7477230277875762,0.748595493461318,0.7474855535553058,0.7471728938367648,,0.2396241974765926,0.23871271827747004,0.23891779175067684,0.23885982653718654,0.23874412664430864,,,0.23896185878508894,,,,0.6397842490276768,,0.6402191705569048,,,,0.6410872241153085,,,0.6396608084176072,0.6388212464815973,,,,,,0.7482255219439281,,,0.7482040951127097,0.7498732019888661,,0.7492874704021917,,,0.7441852189762094,,0.6408885765593659,,0.6397823416450432,0.6412250977844063,0.6417656378246823,,,0.2384223079895445,0.23851125639535883,0.23876447948112542,,,,0.23837215572021714,0.23845545859910902,0.23819285543186547,0.23872908561751693,0.23900892662056175,,,,0.23839848513790884,0.2391960213446204,0.23831952495488873,0.23866268104819535,0.2389155024003123,,,,,0.23920593200433785,,,0.6411538894052624,0.6418850287804295,,,,0.6444696993177746,0.641403336071553,0.6399039806703037,0.6420332071895769,,,0.6394821403195884,,,,0.6402672870734447,,0.6413336226081116,,0.6415544475883918,,0.6405705885617209,,,,,,,0.38371906547468937,0.383611360738854,,,,,0.3164256316357711,0.3159100563992883,,0.804000943534108,,0.307482577514028,0.30795804830042894,,0.30863166885870774,0.30921017620671243,,,0.30893366129001404,,0.3085057280278066,,0.30955002239783547,0.3083366828733935,0.3087397860056413,0.3085868278551824,,0.30872609727673556,0.3086692793605277,,,0.30836596175674774,0.30788677827630284,0.30881989506757396,,,,0.3088404401103675,0.30885811807988095,,,0.3089420000005528,,,0.30895582223294243,0.30877428692362746,0.3084462818859218,,,,0.30854432464191506,0.3091014006994542,,,,0.30760655897373756,0.3083642572608463,,0.30850926357141034,0.30874711386093856,,0.30874754595234744,,0.3088689363008339,,,0.30817750826543217,0.30874956984186114,0.30880388628331484,,0.3091674481356919,0.3083189078774659,0.30877712900956844,,,0.30869925786924146,,0.3093115940204117,,,,0.3097572304890652,0.3085419392973366,,,0.308642419273861,0.30879877489202556,0.30797724491141154,,,0.308928548301588,0.3090144801587411,0.3083774931476416,,,,,,0.30696929670706785,0.3083355858717188,0.30823038793405444,,0.3079841963068162,,,0.3089350667237589,0.30861907795610655,,0.30895460054573903,,0.30820736120946984,0.3082763529561792,,0.30907954777743885,,,0.3081037372214713,,,,,0.30805724548683616,0.30807176346553256,,,0.30850921763708383,,0.30927561535624176,0.3091540658775279,0.3088763547890534,,0.3092744781484029,,0.3090965825487086,0.30801048570596057,0.3091688553091208,0.3084878490003959,,0.3090174033805404,,0.30894480839279204,0.30838049914402904,,0.30777980931347415,0.3082874571261101,0.3082991334849941,,,,0.30857470905468154,0.3087358838273596,,,,,,0.3086647893806802,0.3085707905142729,0.30944380282477496,0.3098075330116899,,,0.30914319320029415,0.3085004428308721,,0.3092826789097897,,,0.3087423731651675,0.3078239469395575,,,,0.3092406668900804,,0.30920393055127654,,0.30857168290510534,0.30644304752720597,0.3045818085259825,0.30540112130449765,,0.15273285433584027,0.5333033315562775,,,0.12979411805257657,0.12970118544534312,,
8,24,DG_48pct,96,Z03_F04,3,SLG_B,157115,165448,True,12998.618769619305,13381.98940356606,6270.140637598437,4132.968611700026,3973.125524481327,616.3091316649451,55.70703537026196,1880.0493235407848,1694.731449996595,928.3334344719797,862.1570963322727,287.1780010091869,4.772504190556941,111.24621797513929,344.8072978077098,265.49417951716595,436.86596905174775,181.22985111771942,223.93287023048683,279.62995750013624,0.4402525092712251,0.4394880268722624,,0.7928765356856083,0.32216208329982,0.60549372526452,,,,,,0.6619885480682963,,0.6631984395580579,0.124791788989002,,0.12468184536428349,0.5204097160257936,0.520516707998013,0.5206829906556775,,,0.30934441427021653,,0.30863822402397156,,0.3049014335912005,,,,,,0.3101086099011606,,0.30891434906070525,0.6718634828778725,,,,,0.3152844118247173,,0.3169529702881592,0.31569483257895137,0.3164612632861443,0.31562513122560326,0.3160575389440356,0.31564409812905353,,,,0.3162304852314797,,,0.3167688967620134,,,,,,0.5301571920378786,,,,0.6456925941519693,0.6468874122882682,0.6477576151415934,0.6481380379428491,,0.6495099565578308,,,,,0.647356650329424,,0.6491377777882547,0.6466996105410474,0.6482701331568026,0.6478040033133653,,0.6486725560847088,,0.6464150268378929,,,,,0.257793474459775,0.3805899776665417,0.3802623056617186,,,0.381567123344822,0.3814672617538734,0.7504572154531298,0.7512666287499716,0.7504371167934965,,,0.7526381145855033,0.7518285512228401,0.7519992264735488,,,0.7520212005498617,0.7494725064173315,,,,0.7490955343420614,,0.7493239737773233,,0.7496301502199327,,,,,0.7505994997951663,0.7507594140715865,0.7502405798019525,,,,0.750939011291698,0.7493212759307565,,0.749968548433003,0.7500688182628418,0.7515534163506143,,0.7479067615572201,0.7518893482755613,0.7476409197919898,0.7489256844615846,0.7499677142588347,,,0.6588325835213056,0.6589035042995662,0.6609547051993512,0.6583636406944035,0.6579168669724014,0.6557920919652676,0.6611016111742012,0.6595297527377907,,0.6569056770928186,,0.6588357219334579,0.6581889267876142,0.6579930333274638,,0.6568109463793954,,0.6589541811500491,,,0.6577440748092923,,,0.6582907346681317,0.6578428036107217,0.6574554873925105,,0.6582690345608817,,0.6563716693126463,0.6579081828257608,0.6562819724636115,0.6578823388691297,,,,0.6576112926960739,,,,,,,0.6584957282444268,0.2591667969971158,0.2578022834160888,0.259356988713315,,0.25869444928870006,0.259497758960842,,,0.25885921193939343,0.2593897821750121,0.25926524564521086,0.2593981657330002,0.2583632255722974,0.2596206279731556,,,0.2590706312317312,,0.2591260508810358,0.2592759263974829,0.2584690108547678,,,0.25892147321971265,,,,0.2582382958938596,0.25779870702349394,0.2582979366607656,0.2586833030505433,,,0.2592994970326547,0.2582866272482878,0.25868510646739035,0.2595623901349262,0.2598963711800954,0.25913583439750426,,0.25961755511940615,,0.25946202758161074,,,,,0.25951807973802377,,,0.25944391709328446,,,0.370139542374804,0.3699947570772142,0.36919569163646726,,0.738140802228669,,,,,,,,,0.7436775003263667,,,,0.7447435589423655,0.7427590139550091,,0.7464664905553277,,0.7480597542796917,,0.7470474131661439,0.746589386818115,,,,0.745491257085895,0.7455543094842125,,0.7468338874404715,0.7454418901248365,0.7433782796685459,0.7455979575906184,,,0.746510781145309,0.746896314355058,0.74455477068627,0.7449740707630575,,0.744835493122473,0.7446488326094454,0.7429624252918463,0.7444819762110341,,,,,0.7425274920721542,0.7442116006186872,,0.7453722674938841,,,0.7453365204818452,0.7458624291294682,0.7469451583395604,0.7430813823730559,0.7444181240262233,0.743920062609333,0.7423376022912532,0.7476011784788913,0.7471623643387388,,,0.7453239924182964,,0.7441562913367591,,0.7453152589318093,0.7454415990341444,,0.7446810311395515,,0.7453637976724831,0.7469043963778633,,0.74282798079145,,0.7451247731993035,0.6446092136352104,,0.6451484371791004,0.6460710162442298,,0.6457529201676396,,0.6450845804790059,,0.6455741997664182,0.6448804060674282,0.6448178873946213,,0.6459467870059367,0.6448822358561306,0.6458979692297608,0.6458544210347695,,0.6444855436437092,0.6461272450183149,,0.6457814021450539,0.6426324073398915,0.6454309943463116,0.6447940759490337,,0.6450746606118063,,0.6454314103638213,,,0.6429901690512908,,,,,,0.6465811571987953,,0.6456589935624976,,0.6461936482170594,,0.6461487113065502,0.6465385949104355,0.6479234393278935,,,0.6453056388572856,0.645951379223456,,,,0.6467513528693027,,,0.6465421696606392,,,,0.6455014689025543,0.6445927524448452,,0.6438441019307728,0.6456171045173525,0.6449887702226582,0.6463739171582908,0.646351091401723,,,,0.6474675217701561,0.6463890852113793,0.6463483033194904,0.6459875908142164,,0.6452584087173354,,0.646432698690665,0.6461213684475186,,,0.6460885560016851,,,0.643668010605902,,,,0.24906936940680566,,0.7461289061769036,0.7477368550203538,0.7463155709457843,,0.3755715704650869,0.37580252926758284,,,0.37558303081004624,,,0.25474095204450026,,0.380174575692306,,,,,,,0.36817997138661335,0.36887181757546994,,0.26292338274765076,0.6623204154120585,,0.2721097572901582,,0.7882450795100892,0.27434174657066246,0.6943784849542907,0.2774607304242976,0.2769889158661343,0.27740883399071775,0.2774863105749475,,,,,0.279461306009815,0.2799241862155009,,,,0.4097567542821527,,,0.40925710988007574,,0.4090459297777957,0.410676134484318,,,0.4085622427045695,0.4087106635973475,0.40876903926593816,,,,,,0.7115658148753817,0.7094040660536809,0.7108158453188194,0.7046915293936366,,,0.8157998010072264,0.8135305077005811,,0.2855109402561661,0.2848358973740198,,,,0.7160290476556221,,0.4175495367096323,0.41800811946322886,,,0.4154119573774114,,,0.41610926011296245,,0.41611570679578413,0.41707221236624453,,,,,,,0.4179625994024182,,,,,0.41620039435251627,0.41731424061063843,0.4168658463610089,,0.41588575438035646,0.41611784061857227,0.4159708062070609,0.4164687895077239,0.41733361664054053,,0.4169425212032018,,0.41511837725380557,0.4162880982500474,,0.4177942121741797,0.4161372665269534,,0.41656018418145724,0.4163995246175067,,0.4165177151446315,0.41779206593522733,,0.4168963533218078,0.4157531248921464,0.41634890555861254,,0.4172041621848311,0.41550681553843477,0.41605187267855404,0.4165959546621737,0.41674574899377803,0.41539640077248957,0.41736948338072877,,,0.4158002750501261,,,0.23831339128557297,,,0.23854385251955554,0.23796492076366918,,0.23861954186048182,0.2385288759748029,,,0.7461037503423884,,,0.7489405895970305,,0.749513898567039,,0.7465152654710839,,0.7465319588959937,0.7467351027161868,,,0.7485236033573813,0.7470384228103408,,0.7477599216193165,,0.7456565418947749,,,,0.23872245172528597,,0.23897290386865525,,,0.6419413884104904,0.6414947036253836,,,,,,0.6407573725003367,0.640564466563954,0.6419935446815749,,0.6415438126080655,,,0.7470416224897811,,,0.7450300561109471,,0.7479042667692622,,0.7476517154274359,0.7475924774076869,,0.746907636455072,,,0.7449659878396111,,,0.6420275185134042,,0.6440045449357157,,,,0.23915132468490158,0.238560293492547,,0.23884955163165422,0.238658168722851,,0.23879144340770822,0.23833542428211058,0.2392455424925715,0.2387416779882218,,,,,0.238952191558952,,,0.23849073702043538,0.23893491793378716,0.2383459614086539,0.23919565291123543,,0.2386431017331195,,0.2386570059246329,0.23901267727949152,0.23871756258317847,0.6422731039930483,0.6430389389646567,0.642932578616185,0.6442412318768237,0.641841815547537,0.6434814299178124,0.6408998593051124,,,,,0.6403018397134032,0.6430875193939054,0.6428257907803896,,0.6418288904432882,,,0.6435561294339379,,0.6427194237242656,0.6419579303186692,,0.6410946945900167,0.6429677955911053,,,0.387303225321957,0.3864660780996127,0.3861803898744509,0.3876039776736327,,,,0.3185753365995374,0.3187045979354936,0.31862623406761614,0.808231231135712,,,,,0.3099420966555108,0.31104475097582823,0.3115238417548846,,0.3104459916858019,0.31095741078453276,,0.31055866654207814,0.3099776300386996,,,,,0.3113142658724657,,0.3112069074465805,0.31092858646130267,,,,0.310879151950803,,,0.3102491855724836,,0.3103328304658899,,,0.3102097692653484,0.31040517711913684,,,,,,,0.31122232276940637,,,0.3105088869383003,,0.3100405733367117,0.3099021406488782,0.31056230292110093,0.310626871585015,0.3117485491472233,0.31059916610940946,0.31089072081613384,0.31028517449549003,,0.31000479765729344,,0.31063249691229305,0.3102129547136176,0.3109115054138074,,0.3108571273649784,,,0.31133432506822295,0.3109039593564013,0.3109112599122677,,0.3106460272210723,0.3108780546291439,,,0.3111528532063176,,,,0.31077836706515993,0.3106579276017824,,0.3105099407459231,0.31069218220224215,,0.31017736061961204,,,0.311292034281219,,0.3103638043710673,,0.3111589425132385,,,0.3104591091418428,0.31100499564368217,0.31075846364801535,0.3102981330196822,,0.3110632267606158,0.31014597499981095,0.31117413408478,,,,0.3112620883693153,,,,,,0.31058074937287605,0.31098476254105545,,,,0.31067924588879176,,0.3109105669854749,0.3110214161473475,,,,,0.3100076036399199,0.31147214215244096,0.310807531686212,0.310377839376886,0.3101141273623866,0.31060748700687413,0.3106750603728387,,,,0.3105523482112095,0.3104324449493688,0.31100090323560664,,0.31035272829138466,,,0.31128326894497,,0.311116764649752,0.31008058699786933,,0.31097922535728345,0.3111298177610079,,0.3113806155406789,,0.31027076884862803,,0.3114286047530216,,,0.30936449167814567,0.3110012070869513,,0.30953577327120335,0.3105085211178342,0.3107850677084451,0.31015030708087876,0.31043545647829685,0.3113703557167285,,0.31024516805601615,,,0.3113897618818151,0.3111472455450372,0.3069380228884784,0.30734042426030966,0.3076123488134875,0.661759970449645,0.14977514417046192,0.535363031484563,,,,,,0.521102420483792
8,24,DG_48pct,96,Z03_F05,3,LL_AB,298362,298161,True,14873.099684218172,14775.162901480055,5046.25832017868,3233.639305822512,3128.8829277334216,456.69288618517015,44.82345719640185,1378.7026657255667,1230.5503137231156,679.4006359379355,624.4731423231573,206.48723158739222,3.069438842459331,86.69071910428266,257.7666139742084,197.9617781293628,337.05853021273447,139.02944270722102,177.03454604813484,203.32800409390376,,0.22373782497311073,,,,,0.009780180381918455,,,0.0002296194962081944,,0.13270342107347313,,,,0.13207314735722767,0.13221790377665998,0.5230040175890436,,,0.00022939099880928018,0.00023005693514160661,,,0.00022766176526411644,0.0002275041692658123,,,,0.00022807585884894056,0.00022833752567017883,,,,,,,,0.00022138898099175556,0.00023307054113278107,,0.00023322188251751012,,0.00023375516758166378,,,,0.00023323108620889804,0.00023370276434689244,,,0.00023462248287943187,0.00023403124791844415,0.00023409860958700137,,,,0.16500730558489426,0.16536854669919598,,,0.16724346840726742,,,,0.16704215357367563,0.16724196542288164,,,0.16716441468259907,0.16729102123996287,0.16764167940849975,0.16733533288014182,,,0.1675548683154754,0.16722042907525259,,0.16783119312305075,0.167125828380544,,0.1674793171234097,0.16719827595189107,0.16727971434890923,,,0.00026116040882727447,0.0002609166401302792,,,,,0.0003157926433393459,0.00031443235578880013,0.00031488370907157735,,0.2667118570625418,,0.26678422869459595,,0.2661943972573683,0.26740334189725457,,,,0.26671978382406736,0.2669372074863582,0.26684010158711885,,0.26740535193358056,0.2664996791531058,,,,0.26755809509324635,0.2671442535576589,,,0.2661318544861821,,0.2670224530016336,0.26648691846584655,,0.26687298295881723,,,,,0.2667003450253393,,0.26653720324845004,0.2665012779217398,,,,,,0.26661800267206787,,,0.543688357827283,,,,0.5457951219284906,0.5443078518742734,0.5431146104742985,,,,0.5451366432999127,,0.5454785125036269,0.5440692418370348,,0.5449801939152631,0.5440068701295502,,,,0.5444604804016051,,0.5439159294724164,,,,0.5437484327145263,,,0.5444617695018473,,,,,0.542761664692947,0.5423757034253127,0.5449854483276482,0.5447391305829088,,,0.5426954227009039,,,,0.2664627353708065,,,,0.2662510348254589,0.26689123811410687,0.26703638226005166,0.2668307703430919,,0.26632753943575693,0.2669602023521438,,,0.26724974409491214,0.26678955300261725,0.2660884120360018,,0.26681582910620616,,,,0.2665804456490583,0.26667168710063044,0.2678022147975424,0.2662572076214444,,,0.26645077112309107,,0.2664578322180374,,0.26585057507032733,,0.2675986495710566,,0.2671969950566237,0.2670228102443685,,,,0.26651404751411634,0.26710850225259813,0.26684038870468824,,,,0.2653438069560126,,,0.2670286790776082,,,0.0003211067186092399,0.0003210954611878165,,0.2564757254607755,,0.00032133312281137384,,0.0003203358995904072,0.00032133198831657724,0.00032121815123981534,,0.2541960337069313,0.25376525836081565,,0.2542570756708346,,0.25396871597089166,,0.253358075442458,0.254107641228916,0.25375698992812734,0.25326385068676655,,,,,0.25371784036514317,,0.25366972857884595,0.2536972966656964,,0.2544099577529336,,0.2538138098221277,0.25419078597272576,0.2538341873463489,0.25338467026016215,0.2536582696427885,,0.25453997107100607,0.25411574386550767,0.25378248299719985,,0.25355125854703303,0.25404961375255797,0.2545707165577663,0.25418035289272517,0.2536744709772302,,,,,,,,0.2562395556729247,0.2561307627626382,0.25581149887758103,,,,,,0.25617044606803746,0.2568630270065888,0.25642063578324326,,0.25624882337985494,0.25629125659974505,,,,,0.2557680790350229,0.2568761096450365,0.2558296878535711,,0.2554450343896377,,0.2561718377871612,,0.25650666901274183,,,0.5419575994451186,,0.5425833953666168,0.5447689311730587,0.5457220998246048,0.5443383840055702,,,,,0.5416289645403016,0.543320298649614,0.5419149307989319,0.5428251205743606,,,0.5410176727762974,0.5430804932789258,0.5420019540637597,,0.5418437495496505,,,,,,,,,,0.5446951747376436,0.5435861130138077,0.5453086404803458,0.5430499045671526,,,0.5444183467685012,,,,0.5444406315249455,,0.5448890239075729,,,0.5434640664660761,0.5457012177452719,0.5451739933181863,0.543709135715406,0.5438002091008329,0.5444750150184904,0.5448289871293175,,0.5433802751940906,0.5432732782019973,,0.5432514861837009,,,,0.5423628562228939,,0.5434869665791393,,0.5413419567338724,0.5439013473017406,,0.5411695053913697,,0.5410901056538261,,,,,,,0.543453777983056,0.5409662310357058,,,0.5431803466846914,,0.5431468777380969,,,,0.25603268986252753,0.2559144815328285,,,0.25475251792048187,,0.2552340893537515,,0.00032516507806608315,0.0003244021804008029,,,0.00032483850453045125,,,,0.5384090067353807,,,,0.0003145987432674796,0.0003140460211432613,0.0003154000144844954,0.0003069531085253987,,0.00030730505531600233,,0.2703275597541584,0.5456780911049086,0.27990038146540763,,,0.28229543713386146,0.28268785205124897,,0.28480997783086104,0.28558821157268904,,,,0.28653871480890414,,0.5728732990096189,,0.28849021881382503,,0.00031804861166117063,0.00031982349053412607,0.0003190034951116578,,0.00031818647989299425,0.00031833893125296037,0.00031768125114935185,,,,0.00031829417508022045,,0.0003180932519805346,0.00031918336453140025,,,,,,0.5829709712031649,0.5839388652709625,,,0.29320756548585714,,0.2933519323895244,,,0.2929289233069571,0.29276343606533606,,,,0.5893439400885226,,,,0.0003245786941771866,,0.00032448980300816107,0.0003244257498724304,,,0.00032457862969710366,0.00032510823250266036,,0.0003246212615115827,0.0003263552163150396,,,0.0003253481226470873,0.0003249493962826069,,,,,0.00032489118247032835,,0.0003258588868422998,0.00032465317554778795,0.00032582880063570813,,,,0.0003241525805676296,0.0003241043279489494,,0.0003248327661920876,0.00032472579881960334,0.0003251624757176722,0.00032455609996108627,,,0.0003266229332959049,0.0003255895330125469,0.00032523746332763795,0.0003245048420914291,,0.0003251047044609335,,0.0003258131319554602,0.0003249558166300121,,,0.00032468091844205937,,0.0003249728957647884,,0.00032575918977632596,0.00032482044928801827,0.0003252804265821996,0.0003260006997733577,0.000324972281499068,0.0003257863001436666,,0.24652594597935554,,,,0.2464426253247095,,0.24637544300600428,0.2455499541898274,,,0.24694718184778872,,,0.24681039829799403,0.2468038931269569,0.24700719036071062,,,,0.24632758715891176,0.24679736685916395,0.24649811999950066,,0.24647092303733403,0.24640542934739854,0.24683497048798334,0.2466401222450334,0.24678350909438443,,0.24585386112496774,0.2466479264211774,0.24640391543613327,,0.2469399121526407,0.2468662867618484,0.2471178531369703,0.24667891866630487,,0.2472079414205723,,,,0.5492491247958449,,,0.5498859070762874,,,0.549778185599578,,0.5477841559228417,0.550004049113616,,,0.24566502748404043,,,,0.24620491763128863,,,,0.24666720507294532,0.2465244739673956,0.24673527029391218,0.24369762486578153,0.24571019406625252,,,,0.5519407900097485,0.5506830670257007,0.5492174086247795,0.551752819260898,,0.24679480117792058,0.24699268824835421,0.246323137346453,,0.2468920736979762,,,0.24640371711398742,,,,0.24600666809115673,,,0.2466916097677728,,,,,0.24622965384318843,0.2477237916313577,0.24642408027467574,,0.24626758988782435,,0.2471701434359562,,,,0.551390246357205,0.5503093409264246,0.5504614251287354,0.5508935670805896,0.5505623844690273,,0.5496565871948358,0.5508548802133816,,0.549010424062467,,0.5513189906764774,0.5492894452106247,,0.5493940763800944,0.5493479431609054,0.5485965626061942,0.5501715499383798,0.5500011324204491,,,0.5502755481575359,0.5502620955393415,0.5507716822339304,0.00030201389851189494,,0.00030140090236130987,0.0003019707718060887,0.0003011455337075886,,0.16196416849116618,,0.00022571444362920785,,,,0.00023091126702887583,,,,0.00023110224911893735,,0.00023047117836146868,,,,,0.0002306337358620755,0.00023052447796236466,0.00023130918955255244,0.00023113329155047808,0.00022975838690376656,0.00023069208464671992,,,,0.0002318247089326453,0.00023086962531062994,0.00023069274763966318,,0.00023083717732707123,,,,,0.0002304800695151911,,0.00023084999407738276,,,0.00023091127138070958,,,0.00023017743007672123,,0.00023038330292484606,0.00023061221092337904,0.00023044086541533049,0.00023075142217950044,,0.00023085042756646593,,0.00023069862389979394,,,,,,0.00023107928819256554,,0.00023060482163469545,,0.00023012378726054063,,,0.000230533165519049,0.00023023689589799206,0.0002302717374786761,,0.00023059490980613772,,0.00023062348979728056,,0.00022977935636816395,,,0.0002307547516217585,,0.00023069022769171789,0.00023124519152513645,,0.0002304514650113201,0.00023089284588911305,0.00023091036452912867,,,0.0002308890613656955,,,0.00023102539307261357,,,,0.00023074174741599158,0.00023091480263207436,,,0.00023128914750638645,0.00023084434059590683,0.00023127392024943502,0.00023116317876194147,0.0002308524842954764,0.00023048336034965622,,0.00023102431752523265,0.00023028979515558477,0.00023082464536374622,0.0002305062878987135,,,,,,,0.000231247304520276,,0.00023097612979740262,,0.00023150549098768664,,0.00023119699631131486,0.000230189741817047,,,,0.00023082536985228797,,0.00023040806623224696,0.0002305792452102052,,,,,0.0002308751812848128,,,,0.00023071222925528684,0.0002301844519414057,0.00023066928053493453,0.00023025352248069684,0.00023047909621568555,0.00023062479381124394,,,,0.00023025915346056714,,0.00023013967727093497,0.0002304776355695784,0.00023081707543571648,,0.00022978489492107368,,,,,0.0002306162455871584,0.00023084487707776097,,0.00023057191768875943,,0.00023044413301955604,,,,0.00022972163853675516,0.00023041814284791503,,0.0002303270245213826,,0.00023083250866692338,,,,,0.00024540576867799905,0.1573521180995795,,,,,,,0.5224184574722518,
8,24,DG_48pct,96,Z03_F06,3,LL_AB,298362,298161,True,14771.964149527988,14823.465544833618,5053.907325805732,3259.1497617613877,3125.146389494982,459.2806481084402,44.58462988193262,1362.25964902772,1236.0812398198675,678.7284547558385,625.229638139074,207.55186486577117,3.0738418173894733,86.5821128970977,259.64049967737924,198.02397204668037,334.37327241261636,139.38985209886275,176.79318033654658,204.31837912961697,,,0.22340290259673323,,0.2333305468465008,,,,0.00022995925199729397,0.00023054612905946384,0.12913277199541467,,,0.13220590596052367,,0.13188580522012006,,,,,0.00022946828388207424,0.00023037401823407241,0.0002298001884127311,,,0.0002285718644840997,,,,0.00022852847717710588,0.00022815076617767983,,0.0002287745558553697,0.0002284799029238744,,,0.00022183868953719,,0.000221355525453368,0.00023352354624138258,0.0002327365018142683,0.00023257869470080775,0.0002333799185203617,0.0002333762915786495,,,0.00023333874336861803,,,,0.00023388278086759298,0.00023327898434291177,,,,,0.00023434498587650513,,,,0.4991130107994538,0.16748591875442648,,0.16736655827305605,0.16769542665498074,,0.16755679748887703,0.16695346487809906,0.1677248472237765,0.1678873636966228,,,,0.16759963526808008,,,,0.1673053229579308,0.1675300050210184,0.16752397370431393,0.16753211430453835,0.1672279101217468,0.16751387674892257,,,,,,0.26485127436401795,,0.000314123919823961,,,0.000315116437451836,,0.26666555961621013,0.266706746441704,0.2666180950929421,0.26701922966792657,,0.26719097797579205,,,0.2662761993873257,,0.2673708629873002,0.2669013294593177,,,,,0.2664007615941393,,,0.2662312102788865,0.26623512792761306,0.2661205553717527,,0.2663115024092672,0.2669431898679247,,,,,,,0.266516572771697,,,0.26626685115872256,0.2662030370382151,,,,,,,,0.5428260518306391,,,,,,0.5435300039813852,,,0.54334284633665,0.5455099553137205,0.5438471283435223,0.543932322451641,0.5461065258438345,,0.5441781554782039,,,,0.5437957726766053,,,0.5445142267827809,0.5456389155608227,0.543557423753645,0.5447599461687819,0.5461106962499208,,0.5459900400702123,,0.5444207337616008,0.5438705137209483,,,0.5439238941670875,0.5427756699535078,,,0.5441424255493652,0.5447162071661807,,,,0.54275953500832,0.5422934250500185,0.26703018244285315,,0.2665118810222351,,,0.2666683200325688,0.2662354709389585,,0.26711642479223974,0.26664081479083457,,,,,,0.2667998312260684,,0.26717315342112535,,,,,,0.26739181947640517,,0.26686595382101874,,0.2656853680849923,,,0.26682156566097154,,0.2662240711395365,0.26676867556070405,0.26673012319597217,0.266315344308982,0.26690495895866956,0.26696943289069,0.26702790509103574,0.2672938301123666,,,,0.267011610749038,0.2668922386258615,,,,,0.2663062263142672,,,0.26656387209244775,0.0003196827175755447,0.00032067604719324713,,0.2562410780229508,0.26035212949133424,,,,,0.00032208565041507906,,0.2541009665898116,,,0.25442610463357257,0.25450718384976484,0.2541955319804899,,,,0.2545542566368547,,0.25440188568600586,0.25349163672248637,0.25435505767604083,0.2543585108084937,0.2537955039964044,,0.25428628729219677,,,,0.2538543536902445,,0.2538038109114356,,0.25361703850588846,,0.2534957351382712,,,,,0.25349640197146717,0.25364749337996717,0.25287811129326265,,,,0.25465187271917944,0.2546481434284626,0.25542670513764953,0.2558623662291528,,0.2555234091211959,,,,,,,0.2563280089040253,,,,0.2561043489336102,,0.25586137542566867,,0.25613968539659987,,0.25629560166442344,,0.25584128640085063,,0.2560359365659933,0.2556219425501382,,0.256824915953475,0.2555801858805774,,,0.25651864520220996,,,,,0.545197096559169,0.5450323297300755,,,,0.5444856711994441,0.5422692231060926,,,,,,0.5420502593416693,,,0.5421136830638013,0.5416450364348582,0.5425212257888612,0.5415690013498519,0.5409139268621905,0.5429286353678979,0.54127050541007,,,0.5434417709573282,,,,0.5435840750054703,,0.5439690159206322,,0.5446775992732065,0.5446880075508174,,0.5442814076890734,0.5450290536714685,,,0.5442570272360078,,,,0.5449925903124672,0.545632952659481,,0.5433987147391067,,0.5444065560867328,,0.544460856308902,0.5446419351750561,0.5438683027882536,0.5422410934286399,,,,0.5435519186373013,,0.5420810873999403,,0.5440830788698926,,,,0.5412908281110521,,,,0.5409122931116469,0.5421735232004901,0.5426519618097942,,,0.5433710234103748,,0.5427240209061106,0.543401222316925,,0.5423373899634586,,0.541447289305792,,0.2554101723550323,0.2561336274772842,0.25622341739356164,0.2542901319977655,0.2548909557298135,0.2557438450855786,0.2553937063539588,0.25493183899186883,0.0003242109123042966,,0.0003258804473172571,,0.0003243925131823509,,,,,0.00032132115929046977,,,,,0.0003150040196582177,,0.0003062600696690268,0.0003059863498817421,0.27004252851165667,,0.5461903506184385,,0.27957953038096645,0.5641613741874316,,,,0.28501556546064244,0.2858994290176002,0.28614767019585063,,0.28552346919373073,,,0.5722025142979162,,,,,,,,,,,,0.0003191381964724137,0.00031925471353303923,0.0003184991834814759,,,0.00031946271780739866,0.00031906597485813887,0.00031923209699176116,0.0003189106571051887,,,0.5836763948061057,0.585403936208431,0.585478024454938,0.5798132430034177,,0.2935074602102656,,0.2931342447882173,,0.2928005709567855,0.2932530617325024,,0.5870875412168299,,0.5876944571155555,0.5877658597961914,0.0003268746705542832,,,,,,,0.00032529739836355205,,,0.0003260892791334902,,,,0.000325733295470514,0.00032653843156461897,,,0.0003255301956430678,0.000324305332932195,0.0003261901999882258,0.00032600190803717694,,0.0003252232411089408,,,0.00032517800864503485,0.0003252136917007649,,,,0.0003250233168114809,,,0.00032487417086049156,0.000325586027768389,0.0003249393339994882,,0.00032497501324600035,,,0.00032546481431690994,,0.00032559615992935865,,,0.00032629526168816316,0.0003252727010742932,,,0.0003250383778168173,0.0003254626482253521,0.0003260004960817493,,,0.00032455563127863155,0.0003247473000932041,,,,,0.24639858993290698,0.2466108833124069,0.2468571929493818,0.24684199158211106,0.246326070277877,,0.24654280572841963,,,,,0.24629565186668956,,,0.24703419805447,,,0.24629811135580496,0.2470432438363894,0.24711754809531006,0.24663641977606535,0.24651155173930192,,0.24633571689307301,,0.2460370345309051,,,0.24697056331969486,0.24672904051986605,,,,,0.24684695364356352,0.2469343730301334,0.245925907963852,0.2467041506743275,0.5509148607530817,0.5494801176350497,,0.5495559208320338,0.551371825719682,0.5491059502148427,0.5472306824080602,0.5493109745802406,,,0.5496188703175598,0.5487441879066515,,0.5499837825988958,0.24626808204072118,,0.2461200538147184,0.24658486531155085,,0.24666776111932776,0.24705808807182544,,0.24717284915295368,0.2469410856285908,,0.24699943140106198,0.2436315045254625,0.24587346907244675,,,,,,0.5495745818827855,0.5504213618988283,0.5493923095101221,0.2463913122556755,,0.24642387080385156,,,,,0.2465328060750197,,,0.24682360570709216,0.24704448233122672,,,,,0.2468560705462171,0.2457771061438206,,,,,0.24701147736976795,,0.24598112188605067,0.24702166307897286,,0.5504004927665256,,,0.5512404077235267,0.5513074200115935,,,0.5511473853768469,,,0.5477257687386996,0.5499320340408675,,0.5490136180277961,,,0.5504841277896255,0.5493349398693672,0.5476264231528162,,,0.5490231273789657,,,0.5488264328779408,0.5506153156547426,0.0003014985503149693,0.0003026922166085794,0.00030137848416824774,,,0.0003022291404888275,0.16206743568496965,,,,0.00022581568807918072,,,,,0.00023053449918754572,,0.00023021851883941354,,,0.00023018842354247893,,,,,,,,,,,,,,,,0.0002309177931809455,,0.00023063653022460868,,,0.00023023370703153804,0.0002310075357256577,,0.00022974814146413532,,,0.00023066884685781646,0.00023063066680675725,0.00023066594131152275,,0.0002312580690006739,,0.00023078600036043856,0.00023059370220877948,,0.00023037456379997398,0.00023109910108113691,0.00023061249778182332,,,0.00023071971271511427,,,0.000229884425388772,,,,,,0.00023037685467296,,,0.00023083715574114233,0.00023038678911817314,0.00023089148249499773,,0.00022991437876143233,0.00023017921413822436,0.00023034671259884626,,0.00023049957466661768,,,0.00023155847421956244,0.0002305128545899935,0.00023098634990373308,0.0002309525071603786,0.00023054616082765234,0.00023063763252102482,0.00023100291458495186,,0.00023032310300447406,,0.00022993695315443448,0.00023011638769318804,0.00023022594127911737,0.00023075022157511928,0.0002310339262914552,0.00023114255803908704,,,0.00023033371691706203,0.00023109920305285268,,,0.00023020312499281715,,,0.000229996772255122,0.00023030468734988176,0.0002304545280753035,0.00023104237288109564,0.00023064099851937157,,,,0.00023024388436368594,,,,0.00023005050540165088,0.0002305668576542976,0.00023061368823524544,0.00023102274808112645,0.00023066705012039925,0.00023080566992680855,0.00023032204235148745,,,,0.00023076171486446548,0.00023053841496966697,0.00023102024079275622,0.00023007283854234163,0.0002308080241732661,0.0002305521164267797,0.00023034365478386766,0.00023098597346527108,,,,0.00023012357494478744,,,0.00023031018701003873,,,,,0.00023118049720848393,,0.00023046253731145901,0.0002309097742819102,0.0002303584674557764,0.00023020547962216854,0.00023043197308535206,,,,,0.00023052650064548535,,,,0.00023044856259540742,0.00023075066414194473,0.00023036872827645734,0.00023022319297517368,0.00023069218022881875,0.00023083123663651577,0.00023079969415910548,,0.00022992163965009337,0.00023023137234532494,0.00023114208919003182,,0.00022981914361088862,,,,,,0.15795347029191364,,0.5146139154994821,0.1342938281836442,0.1342540348121337,,0.13371038034592217,,
8,24,DG_48pct,96,Z03_F07,3,LL_AB,157115,165448,True,14239.809514633867,14324.090821997559,5156.669558561651,3269.7022110467083,3133.505295216023,458.43119556577994,44.96195040476091,1382.9517742319047,1234.9281791556018,681.4641980250277,625.6061692491172,205.63018893324505,3.050042017545978,88.8842968577787,265.04188214286216,198.4927809876655,336.3309917382334,139.73035808298394,177.0673566223635,203.53813948783724,,0.24194255343997814,0.24246393248869455,,0.2502089535927731,,0.00016197001061122435,0.00022274950905667903,0.000221749070824734,,,0.12869292493083082,0.12881470021092625,,0.12849146656821372,0.12835603550070332,0.12839654424908853,,,,0.00022256471417209312,,0.00022251700300094643,0.0002202892383594857,0.0002202529766328419,,0.00021839507111332798,0.00021804926352358308,,0.0002209323472428167,0.00022115015213310902,0.00022079648803368285,,,0.00022047504669103727,0.1452426211392752,0.00021436911179727774,0.00021450823647090235,,,,0.00022577177684712525,0.0002262755505925006,0.00022670330066450442,0.00022665175410317533,0.00022648733215698384,,0.0002257081919946025,0.00022593591592722566,0.0002259122784619831,,0.0002264304880154925,,,,,,,0.16310039522183414,0.16286805780987615,,,0.16512395849872952,,,0.1650395517639786,,0.16546702035847927,0.16512386509608007,0.16534256590451868,0.16510726623651079,0.16550220787041314,0.16569746304219565,0.16541571846564343,,,0.16571117900123083,,,0.16519282816580663,0.1657202150257523,0.16522232988816912,,0.16593825518076338,,,0.0002543036986119089,,,,0.00030859899069896475,0.0003091450551862637,0.0003103425184305638,0.00030899717573162845,0.00030995444380504315,,0.2673910337956385,0.2666854205182316,0.2667621000199031,,,,,,,0.2664429139313344,,0.26644796212566896,,,,0.26775503423035923,,0.2666289100714336,0.2669261473156214,0.2662190801759094,,0.2659673654886043,0.26635306617174437,0.26725904022563285,,0.267127995138712,,0.2660456232653447,0.26739839664786763,,,0.2667192378026932,0.2663510341561157,0.26573011767826954,0.26671613239247255,0.2657407265089398,0.26651673862609965,,,,,0.26748626301405354,0.5446577981433255,,0.5450751690208175,0.5460052203626404,0.5458849039287389,,0.5456071588291567,0.5444978677707446,0.5437233382765667,,,,0.5452371560531694,0.5445621517986354,,0.545613034595589,,,,,,0.5439092253218633,,0.5449704537273251,,,0.5459510741360208,0.5444118923250341,0.5446897141070541,,,,0.5437109815899522,0.5445508419928167,,0.5430984294618847,,,0.5449245061236793,,0.5429466099596845,,0.5425294554834234,,,,,0.2669781820145713,,0.2676503857984307,0.26665543164677674,0.26682026737536507,,0.26650199100481253,,,,,0.2681469641181282,,0.26654652117975286,0.2680077343783708,,0.26717291751400013,0.26715096966493224,,0.26801060912481517,0.26706659301224056,,0.2668712330615815,,,,0.2670178337575514,,0.2662865752661352,0.2670036537217779,0.26575471304571413,0.26730275203668713,,,,0.2666768278584675,,0.2665066243467539,,0.266589483106037,,0.26654555548261927,,,0.2664512616828333,,,0.2668593333821037,0.26731263323326115,,0.26576155206381685,0.0003169249848669566,0.0003153900218782125,,,,0.00031653993045706856,0.0003158383681110867,0.00031605986997453115,0.0003163937242193052,0.00031616018895404496,0.00031651174716672775,0.25345441760755866,,,0.25359303345050604,0.2535460646908928,,0.25391308108624794,,0.2528068597529646,0.2536760448955024,,0.2541928837163149,,,,0.25438494392426014,,,,0.2536335739832106,,0.2526954606365916,0.2533598134170798,0.25368350809689355,0.2532274984495789,0.253892447478847,0.25331381782822493,,,0.25359044789219853,0.25360156931263245,,0.2532443174522508,,,0.2527216157901295,0.25374027604691823,0.2530152538284016,,,0.2553865382716635,0.25617427885842314,,,0.25613137247942935,,0.25671120171197287,,,,,0.25628658270935817,0.2557700809242941,,,0.25563755562202456,0.2549398621503057,0.255186865242191,0.25522837325619707,0.255559122854226,,0.25568612477137165,0.25633614003363614,,,0.2558569349609542,,0.255587332078381,0.25565677753556876,0.2557642841703381,0.25515981100424573,,,,,0.5456703993469249,0.5456825748549333,,0.54530948211777,,,0.5448018883255418,0.5449967288493917,0.5427952871884874,,,,,,,,,0.5437905625043316,0.5453415751459884,,0.543471604440376,0.5425088857168694,,0.5433000191769338,,,,,,,0.5459539903981664,0.5438081079312503,0.5456403846486019,0.5447057869156294,,,,0.5456105061400316,0.5467883978026488,,,0.5449013634149709,,0.5436006331953018,0.5444138856671543,0.5462059888423569,0.5443331919140587,0.5472239978140069,,0.5454564587429674,0.5465240094363905,,0.5446435443956151,0.5450262645009871,,0.5426617819113854,0.543652915060264,0.5450592906403178,,0.5427115341648518,0.5426196955983068,,0.5433335945077138,,0.5433595414922513,,,0.5426960284922748,,,,,,,0.5449631319645009,0.5447769645372751,0.5433152123434547,,,0.5434489145324591,,,0.5430913963143494,0.25697961609801423,0.25609687969767325,,0.2565992916830117,,,,,,0.00032045072751940286,0.00031966323322485965,0.0003196760307727331,,,,,,,,0.00031707660039166115,0.0003158731043487129,,,,,0.00030259633637379256,0.00030225988970697274,0.270840173549266,0.2698858851587964,0.5457815709348319,,,,,0.28247401166212144,,0.285007146568712,0.285051690145848,,0.2862290691698073,,,0.2850257095062885,,,0.288199073341516,0.00031226408813688557,0.0003126160959735716,,0.0003122371405052616,,,,,0.00031207370377373016,0.0003114189656195423,0.000311953102875895,0.0003131773207970466,0.0003126185930841108,0.0003124294783508913,0.00031285369143380424,0.0003126969431719129,,,0.5851887177383993,0.5848346365604358,0.586355068723604,,,,,,0.29305986082332935,,0.2927129027674515,,0.2935513567598259,0.2933308790372254,,,,,0.0003186839048962008,,,0.00031892927266337335,,,,0.00031837133938688905,0.00031835751841262946,,0.00031777026702214885,,0.000317621522895129,0.00031862718117335224,,0.000318424396401862,,,0.0003183248684973578,0.00031808447941142945,0.0003183100922534882,0.00031776566214425004,0.0003183194892452723,,,0.0003179066891785545,,,,,,,0.0003182667257800571,0.0003190677283706483,0.00031836425921267765,0.0003182090695035471,0.0003172093080252415,,,0.0003183575374631809,0.00031955108597754404,,0.0003177284039093886,0.00031779806467846825,,,0.00031672456280708647,0.00031912524004445666,,0.0003185095740419231,,,0.0003190637055293997,,0.00031944597423373775,0.0003179706559833554,,,,0.0003184976498381905,0.24592298927321596,0.24602238633752457,0.2455597627626764,,0.24618170872710346,,,0.2459058208637353,,,,,0.24594697663201442,0.24599048628420184,0.24645757756180228,0.24582692930338748,0.2458744100611407,0.24646902114674135,0.24620373148911176,,,0.2459487789158002,,0.24581289836760342,,,,0.24577215298131144,,0.24642368223656422,0.24553885738564324,,,,,,0.2460383543757705,0.24552739814188893,0.24650968894147873,0.5507418255592123,,0.550011224460235,,,0.5511221139053318,,,,,0.5516254118417838,0.5521815616639971,0.5504891051861777,0.5522965265190619,,0.24560284552209025,,0.24508914359638553,0.24628530828730752,0.24580646890562644,0.24574944960864642,0.2463926467309682,,,0.24518216694873826,,,,0.24492427925220045,0.5506482060509166,,,0.5538372791928565,0.553305613399856,,0.5505878808986348,,,0.24522056156223393,0.24639310194059533,0.2456517471708534,,0.24577903670361628,0.24622975371717912,,0.24627206873377164,0.2462330043214562,,,,0.24566656030293144,0.24627343935172255,,0.24688154024716516,,,0.24562376684492088,0.24665071694236307,0.24589560361104512,,,0.24675186310229547,,,,0.5503017372962519,0.5515049345418268,0.5502507671155119,,0.5503395368884638,,,0.5508422575576893,0.5501816043676788,0.5504608732292138,0.5505847284985242,0.5518818610792652,0.5519215035708761,,0.5503929653664742,,0.5528023949532143,0.5516351922621485,,0.5511544203883048,0.5517893023072584,,0.5506491229585401,0.5518288540821383,,,0.0002962160459805141,,,,,0.09302497419243032,0.00021824107444591914,0.0002172625821417924,0.00021766551432006342,,0.00022299674539173718,,,0.00022310306641545535,,0.0002231299772250784,0.0002229880645205897,0.000223600525118682,,,0.00022339018719094226,0.00022335469076008841,,0.00022320248036140043,0.00022292872676813653,,,0.0002229415554260116,,,0.000223227554981095,,,0.00022326304396094084,,,,0.00022306445781512872,,,,,0.00022408737339327933,,,,,0.00022316555005696693,,0.0002238170393777851,,,,,,,0.0002230322649620115,,,,,0.0002231635285549936,0.00022324068902519208,0.00022393418337221608,,,0.00022291151511564923,,0.0002227493805339956,,,,,0.0002231400377596306,,,,0.00022403657075798858,0.0002220560108021551,0.00022379241741681463,0.00022330017699801326,,,0.00022362518077260785,0.0002232356388345403,0.00022330084268352954,,,,0.00022399503669197997,,0.00022351205720678335,,,0.00022338401459542068,,,0.00022316614460252295,0.00022359941994065397,0.0002230718907979626,,,0.0002234720301790799,,,0.00022333985640093137,0.0002231151362898287,,0.00022331833692976622,,,0.00022335373635110336,0.0002233135606358756,,0.00022383508817381078,0.0002226164637560711,0.0002229667287423204,0.00022298217039074916,,0.00022315399008943643,0.00022271701678347662,0.00022262574090676823,,0.00022335635762141932,,,,0.00022326268382163208,0.00022334925752883294,0.0002227447600787589,0.00022336742861298482,0.00022334928169816422,,0.00022313190114530828,,0.00022318230292355459,0.00022349722468649854,0.000222859379729186,,0.00022270541900386323,,0.00022309458549249015,0.00022338764867400204,0.00022268228818317243,,,,,0.00022247558381911732,,0.00022327921533208414,,0.00022307108058486406,,0.00022311615736451962,,,,0.0002233499175176893,0.00022363376058881702,0.00022314739827694312,0.00022295770021517637,0.00022326873537331478,0.00022392083801602188,,,0.00022338665534837188,,0.0002236592004321814,0.00022278877971850834,0.00022358791607528296,0.00022346867086304084,,0.00022326711455618336,,,,0.00022340245173433778,0.00023843555615487438,,,0.15511810864454045,,0.5180905998016693,,0.13069232759712177,0.13063018680704688,,,
8,24,DG_48pct,96,Z03_F08,3,LL_AB,157115,165448,True,14212.12054419942,14304.824914249759,5108.31422519127,3244.152380945772,3124.2919089681186,458.37277015911724,44.636697286533305,1380.9584464153093,1229.823021420055,677.361475103446,624.7843401084951,207.05725356340668,3.0776710553294713,89.24917631671984,266.34983803520265,198.73984819291732,336.2672269035845,139.08728983636013,177.7552363978826,204.05939020695718,0.24148807793384353,0.2417561567400246,0.2417518256811811,0.32414065724103003,0.250322488061904,0.6756872198148287,0.00016162856687339437,,0.0002218542256958228,,,,,,,0.1288169591157064,0.12816884099314269,,0.5281267152112532,,,0.00022344613617129432,0.00022210812690873883,,0.00022065305569758038,,,,,,,0.00022076775099798607,0.00022156451987784986,0.00022130530268301904,0.00022091412244101718,,0.00021474739915662967,,,,,0.00022557799276396863,,,,0.00022605477748825864,0.00022620032488800075,0.00022652698454050599,,0.0002259287540020537,0.00022632984681619114,0.00022663494196970658,0.00022624934633756354,,,,0.00022690730363247652,0.1628576783351777,0.16341092208399133,0.1626615215018993,,0.16489873433875638,,0.16546076635604856,,0.16480340580423417,0.1655556597350326,,,,,,0.16477896528974725,,0.16570570940319615,,0.16463746557152573,,0.1647713621105167,0.1652789969284398,,,,0.16522437876266033,0.16539777869241237,0.00025428422936862204,,,0.2648699044179265,0.00030946413972744117,0.0003088853928063005,,,,0.00030949575419046384,0.2671822242249722,,,0.2667165199139493,,0.26665801254986643,,0.266217317093596,,,0.266636354460381,0.2667814767272043,0.266565567839357,,,0.26688621813969615,0.26728518586720185,,,,0.2661326872565921,0.26585630209842354,,,0.2663124551117846,0.26679609346233535,,,0.26688372502155966,0.26557696358248345,0.2666139366317148,,0.2672868856793259,,0.26628357577877415,,,0.2660653374815648,,0.2665189647102743,0.2669639781775571,,0.2663228104722931,0.544130830431063,0.5448980270303145,,,0.5450973991825062,0.5472265339068367,,0.5438058338380193,,0.5436535495543033,,,,,,,0.5433654775517553,0.5456040441177085,0.5455222816562407,0.5441681941719637,0.5456986555208327,0.5442827779027042,0.5449054811933564,0.5416204177161577,0.5440263960781991,0.5459156200702948,,0.5449066428360049,0.5439854461523606,0.5447669802141633,,,0.5439206452804695,,0.5432898352975203,,,,,,,0.5454765707926096,0.5460175037562406,0.5459062796359246,0.5447245339274016,0.26679511318839394,,,0.26697958143436995,,0.26651436622725405,,,,0.26669421316751624,0.2672480917838771,,0.26668525706082086,0.26700596404270327,,,,,0.2664865934142758,,,,0.26627990321287043,,,,,0.26646195705618236,0.2654125882799493,0.2678329178744701,,,0.2664064565749741,0.2663672719201872,0.2667399517326113,,0.26698586846451083,0.2670399333350189,,,,,,0.26660956652380585,,0.2669570077547429,0.2660945057864469,0.26660230431646487,,,,,,0.0003163148501019499,,,,0.2612208560315676,,0.00031705142745575075,0.00031493480746532453,0.00031719072274267036,,0.00031671692598712615,0.25350166779005373,,0.25397381647349027,,,0.2533320963861965,0.25492238297182657,,0.25333451692907666,,0.2541700316120101,0.25405377155284087,0.2538474418326123,0.2539404509537216,,,0.25370986668036916,0.253891767188303,0.25314365736904054,0.2538665595858341,0.25497365250402393,0.25422332733346925,0.25375805648512295,,0.2536170788988738,0.2537384624057825,0.25423213648087967,,,0.2531258711619107,,0.2538055993832483,,0.25366819404416363,,,,,,0.25343920764608635,,0.2554600946391544,,0.25669893761027285,0.2547449097511375,0.25481958044088565,0.2551316277847045,,0.25678334302991884,,0.2563276702664873,,,0.2557323830274042,,,0.2563283847795173,0.25650163442640556,0.2560785169210978,,,0.25558993263916374,,,,,,0.2550087703274367,0.2552652283689984,,0.2563007897440081,0.2566969237374756,,0.5450751652049163,,0.5451062343643145,0.5461241588563237,0.5449372121288274,,,,0.54661375198844,0.5450570463040251,0.545189251557964,,0.543484920083567,0.5432306709274467,0.542196312720828,0.5426146379302998,0.543150390213538,0.5425866915151466,0.5424822037025289,,0.5445311964155802,,,0.5412094102131814,0.542685059469255,0.5450203748900395,0.5447215087584114,,0.5435056145724597,,,,,,0.5439824050402042,0.5467638983807788,0.54567228825227,0.5456922242277532,,,0.5440143656909733,0.5475588304228077,0.5468792729192558,,0.5459585681998861,0.546304746207701,,,0.5458037253895835,,,0.5452249888535212,0.5450734409384441,0.5445059921993463,,0.5466322601388109,,,0.544261144349035,,,,0.5427444377441611,0.5440361869156952,0.5424161809636319,0.5419681206397735,0.5428395892259502,0.54281110915419,0.5416399293306828,0.5428448536208252,0.5433125042122608,,,,,,,0.5441175280816113,,,0.5416774721141712,0.5437483856942813,,0.5421650102325237,0.5426222933786674,,0.2562624611986679,0.256181328880337,,,0.25463316093040095,,,0.2554703846467717,0.00032012201299516836,,0.00032045132632191163,,,,0.26314909370307527,0.26226749367194424,,,,0.0003180110092847337,,0.00031046622193123594,0.000310819187774548,0.0003028911302374204,0.00030261542735184776,,0.2705314973789923,,0.547613729445355,0.2802677427645204,0.2799090001500125,,,,,,,,0.2862252031927482,,,0.2845928484317738,0.5722067138221906,,0.28883298230961024,0.0003125775332720511,,,0.00031270243230578756,0.00031295692889122634,0.00031217284898950375,,,0.0003117633930315006,,0.0003129823875182175,0.0003120499662903724,,0.000311852936286265,,,0.0003127755515191652,,0.585032577219586,,0.5858520054748773,,0.5848598205966224,0.5814553841131703,0.29450399075842043,0.2939743368134967,0.293689968351338,,,,0.2930118893420499,,,0.5897409596706341,,0.5895027878267433,,,0.00031884505853356217,,,0.00031799118296282685,,,0.0003187812570915454,0.00031848949880705076,0.00031962743225332526,,0.0003178959403573711,0.00031751280326351543,,,0.0003190463128952456,0.0003188381198820288,0.00031913194147345985,0.0003186537194057287,,,0.00031857686636822374,0.00031773033332333845,0.00031841377427335103,,,0.000317429499318211,,0.0003186386619744044,0.00031873921153247563,0.0003181974790845014,0.00031815116008116525,0.00031825945994881064,0.00031721672777350573,,0.0003189020255123959,,0.0003182685495465028,0.00031773474920971734,,,0.0003181254380511405,0.0003183237273721557,,0.0003179425406674092,,,0.00031948278135423224,0.0003188974424477464,,,0.0003188062139827423,,,0.00031836536959780926,,,0.0003186344440864688,,,0.24531301469743041,0.24609764752414934,0.24552327656267064,,,0.24664961436731583,0.24559683324656728,,0.2454806905124517,0.2459423480542938,,,,,0.2459564994826986,,0.24529640401726913,,,,0.24665676055540653,,0.24618878968425337,,0.24544227682439954,,,,0.24603857800818496,0.2463054703122611,0.2461804006590812,,,0.24641049479275753,0.24597052343586007,0.24546131275818597,,0.2465940945049424,,0.5496247160035934,,,,0.5505612218196573,,,0.5502446638050374,,0.5505527492643052,0.5513344336277625,,,,0.24523160208385242,,0.24522061286997407,,,0.24568165796542787,0.24689663899486497,,,,0.24588645989855434,0.24269500726643392,,0.24543437081798683,0.5518484722798007,0.5514736838160712,0.5514266135504922,,0.5503530169346262,0.5515111812662787,0.5519261745214162,,0.24589845998750706,0.246285036846494,0.2458285022322018,,,,,,,,0.24586913167648744,,,,0.24672908480323033,,,,0.24614921655331998,0.2454414396857612,0.24560347781014316,0.2467115224570258,,,0.24625359122026272,,0.5519993091416016,,0.5510953266826374,,,0.5505712485401484,0.5529100912005267,,,0.5518594507646105,,0.5482254065729556,0.5507596729822141,0.5514841330738207,,0.5484569512112355,0.552091244373341,,,0.5527472859136385,,0.5518736503606272,0.5510210686840242,0.5513655940425087,0.5514047893112789,0.5535842418806849,0.00029610361861119475,0.000297253326394461,,,0.0002963491992199114,0.0002955052424468139,,0.09275919779074702,,,0.00021769070877690794,0.29011630023181495,0.0002231645482885782,0.00022328022282407017,0.00022267795530736756,,,,0.00022382759368856298,,0.00022387833608859554,0.0002237250994872277,0.00022319335884588603,0.00022323316130098907,,,,,0.00022393187968572622,0.00022334692552198335,,,0.0002234216524036719,,0.00022355569139461903,0.0002234349855614332,0.00022347085870880355,0.00022343152825258456,,0.00022295530539895883,,,,,0.0002235115744463733,0.00022282704096267882,0.0002235899302277357,,,0.0002235651726428596,0.00022293237893967398,0.00022327189938131772,0.00022333999528777814,,,,0.0002236231791630036,0.00022339382201007563,,0.00022297171008362892,0.00022318248665547424,,0.00022221213203127042,0.0002229262511412018,,,0.000222969783504196,,0.00022237353593138756,,0.00022339917542157656,,0.00022296009960345704,,0.00022308873917700352,0.0002233383554228093,0.00022293389453836526,0.00022287326534824116,,0.00022321283494445494,0.00022322677492483088,0.00022359512094486896,,0.00022291311490790704,,,0.00022364834644651236,0.00022322839083387206,,0.0002235492281903804,0.00022305371349264219,,0.00022287392851097124,,,,,0.00022280940956379689,,0.0002234157248095057,0.00022271000233308936,0.00022354609259524075,,0.0002233606399621205,,0.00022334370246023146,0.0002236531539481147,,,,0.00022301658014488388,,0.00022363140966113646,0.0002226480560209045,0.00022249856397641037,,0.00022286250064061444,,,,,0.00022325420615873886,0.00022296152587997393,,,,0.00022352341033337792,0.00022255822252827923,0.00022303603968613816,0.0002238224726994575,0.00022318571808146006,,,,0.0002235167970445721,0.00022329336309817157,0.00022293603485495697,,0.00022233742229417177,,,,,0.00022351742973346817,,,,,0.00022316373768451996,,,0.00022399078205463443,0.00022312763444982535,0.00022323408977405472,0.00022350809186491287,0.00022368963729732573,,0.00022297647951128547,,,0.0002227786928602759,,,,0.000222896304228421,0.00022350811306936434,0.00022381983362640962,0.00022309082917913077,0.00022338607012619316,,,0.00022356528291888204,,0.00022464685143756008,,0.00022286301609545178,,,,,,,,0.15464482364623777,,,0.1308863284923282,,0.13071261946483545,0.13043281185157998,,0.5257838160757399
8,24,DG_48pct,96,Z03_F09,3,3PH,298367,298161,True,14342.407282315224,14227.33710159414,1.6439233069943449,1.3067250713080876,1.2711832568484644,0.18076122368828987,0.017516490342060653,0.5743528235950323,0.5149857389584633,0.28356082876721755,0.26201004978791675,0.08731815784346923,0.0012743565609820695,0.014658077704433893,0.04707418755970297,0.0788758305320348,0.13975022566976603,0.05811413478639463,0.07222541871094353,0.08544777169346761,,0.22324150495242856,,,,0.21948318121664656,,0.00018050141395824608,0.0001811805341340723,,0.00018057736431567893,0.00018272830159029593,0.00018268687204056876,0.00018250852528496202,,0.00018265919551364615,0.00018177948194335764,0.00018229376965154268,0.00018269873586961792,0.00018263142935389217,,,0.00018092387505885005,0.00018073076478981802,0.0001805794997188167,,,,0.00017876441328662079,,0.00018111306893567325,0.00018071460325452745,,0.00018106410366058786,,0.0001877115094270997,0.0001821978350693725,0.00018308651708640153,0.00018293179278918104,,,0.00018433610323080675,,0.00018482169387680839,0.0001847956249637738,,0.0001848188041159097,,,0.0001847497462170914,0.00018471445637935265,,,,,0.00018443236633541814,,,0.00018399333329925348,,,,0.00018384098502674602,0.00018406231965192285,0.0001841007734772213,0.0001839867390013772,0.00018364205049325427,0.00018355366505385854,0.00018413557789753366,,,0.0001839893606248078,0.00018461383061354003,,,,0.00018358899933349474,0.0001839600258022246,0.00018387209246916562,0.00018352207364404852,,,0.00018369007066550315,,0.00018345375305130974,0.0001803764186234622,0.00018027799753934443,0.00017975095964439932,0.0002245163679310479,,0.000222285782658684,0.00022201023127543142,0.00022258530376781743,0.0002229849410941869,0.00022312773026625244,,0.00022642667612381108,,0.00022581753106624004,0.00022576796601530858,,0.00022516496717236937,,0.00022555623470599763,,0.00022562203993444012,,,0.00022576607334463648,0.00022596860583786292,,,0.00022498714981680808,,,0.00022559076685852976,,0.00022489751951501626,0.00022513816507563098,,,,,0.00022587408169513607,,0.00022484862446710556,0.0002255054397106037,0.0002252030825000224,0.00022449272295088732,,,0.0002250470901388531,,,,0.00022487647549886854,0.00022522810708602292,0.00022482778447731488,0.00022508119186658888,0.00022568187212345062,,,,,,,,,,,,,0.0002256223252053418,,,,0.00022650978649678272,0.0002263276744952736,0.0002246382191509251,,0.00022563715089968472,0.0002255438772075331,0.00022535064961824803,,,,0.00022597262294985813,,,,0.00022492399988962466,0.00022563258217365734,,,0.00022519509558054787,,0.00022566317833901535,0.00022551269783728127,0.000225601355543662,,,0.00022558517456465355,,,,,0.00022589339126324588,0.00022552221022682683,,0.00022529931940331634,,0.00022607744037182463,0.00022567674828541278,0.00022628132553963252,,0.00022578033465081717,0.00022545696605846157,0.0002255294920705893,0.00022593759318269044,0.00022551727283764164,0.00022520545143257765,,,,,0.00022517154502644967,0.00022621610702852307,,0.00022585294084720303,,0.00022525557770773955,0.00022540200041662413,0.00022546914709287833,0.00022594381737913423,0.0002258016270303413,0.00022505129328173674,,0.0002258908674652579,,0.00022509496872777634,,,0.00022536341770831264,,0.00022594020506132788,,,,,0.00022576051129448319,,0.00022566874679553806,,0.00022605127208658764,0.00022553791245260915,0.000225220891624048,,0.0002143869604051398,,,0.00022170562399683106,,,,,,,0.00022206669696659561,0.00022175819962915228,,0.00022224452212325982,,,,0.00022207511484677943,0.00022212187123467916,0.00022179581607848428,0.00022245077855037788,0.0002222523060129138,0.00022230965568548162,0.00022256047311194018,0.0002222817091739926,,0.00022211249847270623,0.00022212654717407364,0.00022220275756226762,,0.0002218565688406438,,,0.00022197969895529723,,0.00022236440075676,0.00022149581090680537,,0.00022170681009519243,0.0002223911424147832,0.00022134548098750925,,0.0002218052380633632,,0.0002223031467148501,0.00022184296365304767,0.00022195295732764357,,0.0002220465806889929,,0.00022188832228901896,0.0002225434841417275,,0.0002219790256923897,,0.00022255334807919175,,0.00022251315651249383,0.0002225517612999437,,,,,,0.00022211026089563038,0.00022185179893549758,0.00022262364518738054,,,,,0.00022209811300354616,0.00022241523068396355,,,,,0.00022234450296351505,0.0002220943005928936,0.00022197860109897459,0.00022162792964919376,0.00022176744430933503,0.00022134060308827647,0.00022202203997714607,0.00022265738401133818,0.00022182739261524667,0.00022207284006558147,,0.0002224839781286833,0.00022254133265744416,,,,,,,0.00022137921058194442,0.0002221320497859288,0.00022181048001157752,,,,,0.00022218820675635177,0.00022178648839295,,0.00022152974059711284,0.00022099299416883765,0.00022227293868960245,,,0.00022256354848045913,,,0.00022145385878969787,,,0.00022204727563129615,,0.00022211932235546915,0.00022232253538374564,,,0.000221846015196191,0.00022170339643579325,,0.000221356371926222,,0.00022154222852435761,0.00022121027843383215,,,,0.00022103865934773747,0.00022217648788740944,0.0002213005343918764,,0.0002213251751389584,0.00022177495127231615,,,0.00022144024054473744,,0.0002221282436005919,0.00022198201534993038,0.0002221743540442745,0.0002218694324274036,0.00022153513635735745,,,0.00022278201293248826,0.00022212905432169756,,,0.00022134124293311103,,,0.00022140751426132506,,,0.0002218136640618609,,,,0.00022187035556469213,,0.00022204461945097884,,,,0.00022407133866425092,0.00022291298454541898,,0.0002227534962592223,0.00022369600287266744,,0.00022271856302430353,,,0.00021927109405244923,0.00021874790726715546,,0.00021893927593388766,0.00022335936300764322,,0.00022328800069542991,0.00022278313253298196,0.00022227906476779947,,,,,,0.00021117321275648874,,,,,0.00023433872609524424,,,,0.0002378380733243257,,0.0002399124268611761,,0.00023940874873332372,0.000239187956004901,,,,0.00023845185039529093,0.00024086321897293707,0.00024183494238104057,,0.0002399444732934629,0.0002398524577446837,0.00024003246072594757,0.00023940204209124888,0.00023930952534060806,0.00023932704587499432,,0.00023951165908025443,0.00023921096584199108,0.00023883133158777864,,,0.00023970103236418405,,,0.00023988333795394733,0.0002393841856980696,0.0002435968973764899,,0.00024401627143731848,0.0002439875667555105,0.00024433393530581495,0.00024240790383641122,0.00024543314600296886,,0.0002452617566902097,,,,,,,,0.0002463508738487601,0.0002446520906722483,0.00024369789384946552,,,0.0002437538284806089,0.00024483911215654767,0.0002442305168824253,0.0002450539965889116,,0.0002441242905609491,,0.00024345814823057934,0.0002443798124725368,,0.0002441013201308067,0.00024439524809507726,,,,0.00024353178568481404,,,0.00024425352186354955,0.0002436731416224749,0.00024485253965314134,0.00024359853355907283,,0.00024393700175077886,0.00024395280989437598,,0.00024409902533232145,0.00024485146622661724,,0.00024326574151015652,0.00024392944559654113,,,0.0002442093452529657,,0.00024404059911346075,0.00024416232311929887,,0.000243568409801553,0.0002442467187689983,0.0002435966213445551,,,,,,0.00024352106005013857,0.000243303106489697,0.00024378426973934258,,,,,0.00024335415732354722,,,,,,,,,,,0.00022191756628898011,0.0002213938517933429,0.00022115300414490976,,,0.0002215219774496444,0.00022190725640600247,,0.00022194113461033202,0.0002217539635382556,0.0002212983589935119,,,0.0002211678481507223,0.00022210789203334257,,,0.00022203070406878481,0.0002215183061634927,,0.00022133218077915166,0.0002213220393896343,0.0002213721625942484,0.00022161804246187427,0.0002215148552236009,0.00022204110645660834,0.00022181514841293403,0.00022191796797794045,0.00022199428167053842,0.00022195306438091832,0.00022198071427236037,,0.0002220173420095293,0.00022078328113456753,0.000221024239582525,0.000221086591979012,0.00022119136064661625,0.00022068556599945773,0.0002208348215060979,,0.00022120700914303167,,0.00022124454892029312,,0.0002215058027740474,0.00022103244194407413,,,0.00022159847337298284,,,,,,0.00022174327608164788,,0.00022124743227163333,,,0.00022139916288810817,,,0.0002217159392767281,,0.00022187163264656256,0.0002219819620773164,0.0002216750272670949,,0.00022192092767435646,,,,,,0.00022214264415606645,,,0.00022294193226413383,0.00022195150046667487,,0.0002221197168891319,0.0002219086586022073,0.0002214496235021684,0.00022142379381345187,0.00022207370804242464,0.0002217954036664582,0.00022144832414208124,,0.00022268485768338385,,,,0.000222243638551774,,,0.00022151429829570925,0.00022108670511124349,,0.00022192157652256632,,0.00022215335968680784,0.0002216203497602847,,,,0.00022169411535642042,0.00022067356377361002,0.00022207364054918047,0.00022127243602306022,,,0.00022184575902955067,,0.00022147807238494515,0.00022152454135157727,0.0002216701645653826,0.00022111369340617644,,,,0.00022135685017159908,,,0.0002263202549159489,,,0.00022602560002144348,,,0.00018648524799654324,0.0001868042304974258,0.00018640845312168532,0.0002426677362068275,0.00018216370914757906,,,,0.0001815541473355417,0.00018172270108057092,0.00018203709268727457,,,0.00018202825270685567,,,0.00018164039429559571,,,,0.0001818798134314473,,,,0.0001818884292729747,,,0.00018163839945013014,,0.00018219839864298506,0.0001821463695755764,0.00018191141945230282,,0.00018190192293325374,,,0.00018163719580842027,,0.0001821975576523707,,,,,,,,0.0001815078601381149,0.00018186598181868898,,0.00018218750684805216,0.00018180845633584573,,,,,,,0.000182241794500954,0.00018136818611729218,0.0001817664756444148,,,0.00018153240416566953,0.00018189928603038288,,0.0001815897449572058,,,,,0.0001822530170012977,,0.00018182278662996946,,0.0001822307832965299,,0.0001822908981637007,,0.00018180551312257424,0.00018178420439809295,,,,,,,0.00018188526532084953,,,,,,0.0001818318403277571,,,0.00018208274412540422,,0.00018141772221039567,,0.00018216737740121532,0.00018124491294875905,0.0001819201764915449,,0.00018235612142178175,0.00018199924881846897,,0.00018204396377310072,0.00018161933334843308,,0.0001819460818924132,,,,,,0.00018171400459860465,,0.00018129599597452778,0.00018206532434315747,0.00018222477329782175,,0.00018218798765173958,,0.0001815517665746607,0.00018153083548129518,0.00018140887790914657,,,0.00018206533713616252,,,0.00018192517391369902,,,0.00018182906522128448,0.0001817507159084801,,0.00018123073922232384,,0.0001817311588336332,,0.00018163270241728348,,,,0.00018147454038047322,,,0.00018146053153791957,0.00018119298912149762,0.00018172805768192267,0.00018220830043383398,,,,,,0.00018148063951811403,,0.00018186420663100344,,,,0.0001823403694458507,,,,0.0001818650723181254,0.00018211547332651202,0.0001816154563547768,,,,0.0001794315481650684,0.00017970972899171095,,0.00018666040512729402,,,0.00018253557171129246,,,,
8,24,DG_48pct,96,Z03_F10,3,3PH,157115,165448,True,14001.06319075953,13928.03379257746,1.6214944508804718,1.2855683827394762,1.245399871736513,0.1773536002509731,0.017153644704135416,0.5647455480631991,0.5055576195897604,0.2785939791659304,0.257379415562578,0.08597953495471553,0.001249379837408381,0.014490350279918811,0.04638822989566364,0.07751144238078216,0.136527036236644,0.0571842867485503,0.0711456573228467,0.08367526575685046,0.24149042210779315,,,0.23816848695449258,0.238244366318173,,,,,,,,,0.0001788258208245967,,0.00017945617122733535,0.00017902250818633265,,,0.0001788917064800504,0.00017756669183566643,,0.0001783528209971383,0.00017800483295514027,0.0001774900573745944,,,0.00017559286052459656,,,,,,0.00017784140387165268,,,,,,0.00018078208772257442,,,,,0.00018228426374686287,0.00018156788945852836,0.00018113416829639015,,0.00018182219045564853,0.00018112884992062977,,0.00018188376512720173,0.00018170740448599767,0.00018140466861303665,,,,0.00018056671310544265,0.00018142861382100165,,,0.00018053822959392202,0.00018041142183054963,0.00018064055518239938,,0.00018076083536792202,0.00018037408097015107,0.00018026150890866616,0.00018050761045135212,,,0.0001804198079873261,0.00018042241873516833,0.0001806166927598942,,,0.00018061093657624383,0.00018054764875563255,0.00018118584911511524,,,0.00018123365168776326,0.00018071723449762506,0.00018054886817907404,0.00018031435370981244,,0.00017662405614373488,,,,,0.00021818151990250133,0.0002190690054810349,0.00021974561131464325,0.00021897857595705033,0.00022109409255134535,,0.00022130868885797655,0.0002212111515272243,0.00022163277969138284,0.00022151975211055896,0.00022144809910430865,0.00022215346819647145,0.0002215545710003581,,0.00022215453284326963,0.00022116694334783663,0.00022133005120677197,,,,,,0.0002221273231281951,0.0002209816341478685,0.00022166613984271792,,0.00022103191706867795,,,0.00022050581153653975,0.00022108819705257403,,,0.000221108762459081,0.0002208735993108305,,0.00022104134223008412,,0.00022143707245315922,0.00022079449178553768,0.00022093492025979789,0.00022150691774115654,,0.00022113500618995669,,0.00022054295641477808,,0.00022155144908642243,0.00022093421794465147,,,0.00022159854576219237,0.0002218128474544875,0.00022184922740226538,0.00022161767627669352,,0.00022211831569651788,,0.0002213687052412744,,,,,0.00022168410267092101,0.0002211465361626897,,,0.00022150410855069632,,,,,0.00022154385318734138,,,,,,,0.00022169209941495018,0.000221826341369081,0.00022157412518270753,0.00022161816820409646,0.00022137005427302022,,,0.00022147380815625448,,0.00022148066939048477,,0.00022222302928439865,0.00022143552246106253,0.00022187015353514346,0.000221926228029886,,,0.00022166653841591897,,0.00022163102190607913,,0.00022202196370910775,0.00022159214568638998,0.0002219499152024802,,0.00022189869317078772,0.0002217407642578676,0.00022180505611194077,,0.00022168142839489618,0.0002214963154955189,,,,0.00022141925749506478,,0.0002210227318300343,,0.0002214167578487596,0.00022215559636959016,0.00022238236583052017,0.0002214164938396358,0.00022120846376747058,,,,0.0002213968927823614,,0.00022258757583871973,,,0.0002212721112916881,0.00022212297889825968,0.0002218020957725225,,,0.0002214540698653082,,0.00022110906262352403,0.00022217282565482804,,0.00022150384663994455,,0.0002215509572039096,0.00022081772560252465,0.00022193281523656843,,,0.00021122811785678107,,0.00021737698078537666,,,,,,0.000217944797224461,,,,,,0.00021830366233941393,,0.0002181928761784493,,0.00021803080682624598,,,,0.0002179971212764713,,0.00021816255598343436,0.00021756957616046686,,0.00021827897093966507,0.00021825982359975404,0.00021779735021775761,,,,0.00021777359933446657,,0.00021844911462092634,0.00021848223236738652,0.00021848482473737073,0.00021809982317704397,,0.00021772242608596802,,,,,,0.0002185522669714776,0.000217809665643102,,0.0002181176126285988,0.0002171746122110067,,,,0.0002181163342740132,,,0.00021848425841619607,0.00021855105306538514,,,0.0002178202474590765,0.000217775638486209,,,0.00021861035479119325,0.00021798775653923956,,0.00021835601284382936,0.0002181428052943208,,0.00021732432617133348,,0.0002182810402868506,,,,0.00021784410656342445,0.00021792504321843287,,0.0002181973307706404,0.00021790262646595636,,0.00021875285637226892,,,0.0002189256434863985,0.00021764899767889845,0.00021771458170942426,,0.00021809900410843644,,0.0002183170491909445,,,0.00021817470036495387,,0.00021809903531545228,,,,0.0002178281628164637,,0.00021773154053162722,,,0.00021793861701386395,0.00021789955050823171,,0.00021795074439564103,0.0002173116220970749,0.00021728306173891685,,,,,0.00021769178830337535,,0.00021764671164320424,0.00021854368293923763,0.0002176648982041726,,,0.00021810599381425147,0.00021819612811064293,,,,0.0002184441491603142,0.0002178610456189251,0.0002180521044219507,0.00021771590643076245,,,0.00021810192888294233,0.0002187132264418725,,,,0.00021835596457300165,0.00021775861916495165,,,0.00021762221653594483,0.0002175608581720244,,0.00021839433066309373,,,0.00021781617121371992,0.00021771097572633315,,,0.00021825986922113889,,,0.00021802475193432225,,,,0.00021863975394816084,,,0.00021835479204006892,,0.0002173451997257078,,0.00021993910134757082,0.00022026211362509462,0.0002202789069668916,,0.0002187362241857236,0.00021882934884842725,,,,0.00021499190664727686,0.0002150116919227278,,0.00021504627442675664,0.00021502427123225982,,0.00021984879420068704,0.00021968601135657413,0.0002187391448613135,0.00021911715141062835,,0.0002190770774171592,0.00021309343250733428,0.00021296214314398888,0.00021283399469181885,,,0.0002078199247013089,,0.00022338256896078026,,,,0.00022982343122958683,0.00023282542133380528,0.00023319074022779262,0.00023250492819899352,0.00023444938287143016,,0.00023515506655445004,0.00023467932745589655,,0.00023539782582335012,,,,0.00023723217705848304,0.0002348003263503618,,0.00023528056008136316,0.0002346930488243388,0.00023475470948046396,0.00023501998440951993,0.00023480730237537663,,0.00023552100651375642,,0.0002352316665739278,0.00023508127059427284,,0.00023593729775783255,,0.00023568965957084935,0.00023514255470317237,0.00023399755311997924,,,,0.0002396250947145303,,0.00023750928070610656,0.00024075792891727082,0.0002403950008578764,0.00024089200004951105,0.0002413358329049716,0.00024115873718044508,0.00024074198253894877,,,,0.0002412988006075705,0.0002407644785629947,,,0.00023898434417122353,0.0002397005107320125,,0.0002395063989269556,0.0002392886338777041,0.000239941191639819,0.0002395043125589317,,0.00023936633993294963,0.0002392282919655862,,0.00023996167066046853,,0.00023872554717055712,,,0.00023926844134743898,0.00023971429976908564,,,0.00023969489136172015,0.0002400625827371332,0.0002394661825778918,,,0.00023959579276639994,0.00023879911617953202,0.00023884790109537834,,0.0002398374225226621,,0.00023945227423388386,,,,0.00023963734789889086,,,,0.00023960899408629856,,,,,0.00023999037554665528,0.00023999061766955473,0.00024016727720319752,,0.00023993991284727804,,0.0002400442266327608,,,,,0.00023925238112489563,,0.0002395581842804838,,0.00021767366079707484,0.0002176588910588846,0.000218213158759712,,0.00021790766117424698,,0.00021715553882864275,0.00021779737853073398,0.00021819012416343886,,,0.00021761773548031107,,0.0002176303535793808,,0.0002178913649420106,,0.00021797728607069228,0.00021755964371547096,,0.00021798604836540699,0.00021741352396511393,0.00021780457267946534,,0.00021754861085765897,,,0.00021700222438643068,0.00021766897794215907,,,0.00021842500756207018,,0.0002176948262801851,0.00021772487861944364,,0.00021781910279485112,0.0002184374019101871,,0.00021750772704690548,,,0.00021707053079091066,,0.00021761406773994701,0.00021693186291884064,0.000217597819160813,,0.00021743707292476344,0.0002169454341366731,,0.0002164574449588919,0.00021793086001263063,0.00021710949876682683,0.00021672058190786323,0.00021744770202081735,,,,,0.00021723802761708348,0.00021744585076461764,0.000217987789681431,0.00021773435987082362,,0.00021485437015664614,,0.00021684059568977874,0.0002175755258156825,0.00021692699576985244,,,,,0.00021742682817162189,,,,,0.0002179354275262152,,,0.00021747625927904214,0.00021790265564347749,,,0.00021885379232082432,,0.00021790823069427084,0.00021829354861902027,0.0002182031772831139,,,,,,0.0002179247543122752,0.00021768481949221034,0.00021837814822436028,,0.00021783710783239682,0.0002178262703268761,,0.000217810467051449,0.00021805593517409952,0.00021731441174329327,0.0002177827372065043,,,,,0.00021780914100797335,0.00021651733574437127,,0.00021753414849772255,,0.00021818301890263005,,0.00021752957459265717,,,0.00021780970351167655,0.0002179912335020662,,,,,0.00021850554314207303,,,,0.0002229674822553515,,0.00022229145492144608,0.00018450925111355738,0.00018098861118167277,0.00018320202562413382,,0.00018307155922226424,0.00023784953987498542,,,,0.000178707899866363,,0.0001791039840654873,,0.0001786694958073715,,,0.00017882490189444675,0.00017838540647835885,,,,0.00017801911279797202,0.00017818678815403741,0.00017856853258988378,0.00017847000319322288,0.00017856524686197788,,0.00017836395262790864,,0.00017880656876339412,0.00017818987704244668,,,0.00017886648423813946,0.00017803960937120194,,0.00017892587283282584,0.00017839457426687007,0.00017833809998129099,0.00017835520488568567,,0.00017839200707057382,0.0001788348425599203,,0.00017882969932585122,,,0.00017882419989280308,0.0001783044358168193,,,0.0001783393863321508,0.00017814253293065967,,0.00017823734083346495,,0.00017838493927118095,,0.00017858328391662305,0.0001785035554341163,,0.00017837582658221152,0.00017823286700442456,,0.00017863538330900903,,0.0001789227750718783,,0.00017894853925527984,,0.0001785014712273543,0.00017858330118674322,,0.00017870818547582296,,,,0.0001781898827913529,0.0001784784620478503,0.0001786221977203605,,0.00017820455011210732,,,,0.00017849192859863976,0.000178206735704391,0.00017855365217328258,,0.00017802646372967434,0.00017831277733596239,0.00017846486177179073,0.0001783465343322545,,,0.0001783051474617648,,0.00017877741127979364,,0.00017855769687695784,0.00017853542002345724,0.00017800148973778999,0.00017890977638720628,,,,,0.0001789581251250817,0.00017873009679123517,,0.00017844098602057596,0.00017831846351294483,0.00017835758810860503,,,,0.00017846011666533334,0.00017839803061291817,0.0001785597457294121,0.00017813741995080054,0.00017839815130386144,0.00017895162084661446,,,0.00017861312250827622,0.00017831394245883638,0.0001785313300656495,,0.00017846241685485988,,0.00017811118544577294,,0.0001778067170787691,0.00017831111477146727,,0.00017842191884896556,,0.00017810615073155243,0.0001792698475514884,,,,0.00017853171090405711,,0.00017873315494866757,0.00017859389816809497,0.0001784271654134658,0.00017903637734569555,,,0.00017848233495387355,0.000178212811910854,0.000178280435011221,,,0.00017813633484744214,0.00017871970990098992,0.0001784560217774552,0.00017834899095409514,,,0.00017859810710866195,0.00017869948772638957,,,,0.0001786126607024108,,,0.00017787031456753365,0.00017844316570001485,0.00017878677553808818,0.00017872598970365797,0.0001791002339579544,,0.00017624510753231978,0.00017657276042003798,,,0.00018361507795297015,0.0001791865288418786,0.00017922398021982548,,,0.00017939856720126834,0.00017902182642778498
8,24,DG_48pct,96,Z03_F11,3,3PH,298362,298161,True,14327.038326231417,14355.588492458304,1.6542727615683164,1.2992839718345144,1.278237014379367,0.1808057139779546,0.0174801859832952,0.5761516747029088,0.515954149111682,0.28377671047316055,0.26181861683930335,0.08770054677143062,0.0012742075987486555,0.014824839719486045,0.04706125818118146,0.0786629577123757,0.13965381649871306,0.05781574772860381,0.07264621419476659,0.085213137328608,0.22408552453465583,,,,,,0.00019550850121065187,,,0.00018074585783490002,0.00018082415836718113,0.0001825311424981868,0.0001821529701088558,,0.0001821641060418569,,0.0001826144755907861,0.00018187856720520713,,0.0001825080550474838,,,0.00018167536063496198,0.00018136785146784484,,0.0001809680179445899,,,,0.0001807915930354229,,,0.000182139388720016,,,0.000187688879105123,,0.00018225234114390863,,,,,0.00018514653237357986,,,0.00018438014346737334,,,,0.00018437564885552383,,0.00018541194088633067,0.00018501034692983742,0.000185151743191978,0.0001847523923430803,0.00018428618322268215,,0.00018419066136368,,,0.00018466127074795547,0.0001842392043577164,,,,,,,,0.00018417177175901077,0.0001844194245115414,0.00018435569395039677,0.00018420219163049517,,0.00018392100408158826,0.00018433105326357626,,0.0001841536618847359,,0.00018397825855297686,,,,,0.00018438049448772956,,,0.00017967642559359187,0.00022455281946966293,,0.0002225982936449672,0.00022197869742917738,,0.00022286611958767906,0.0002233034233661972,,0.00022519767224967024,,0.00022573452426556524,0.00022486262427945614,,,,,0.00022524303194081875,,,,,0.0002256249757399974,,,0.00022466247623803353,0.00022602433549045035,0.00022563023759524526,0.00022621460120985368,,0.00022569240156772668,,,0.00022506282227558589,0.00022608820836188167,,,0.00022532951138623042,0.00022555290726053255,0.00022485790339145533,,0.0002247675117652604,0.00022555019389218316,,0.00022540591785647637,0.00022610765076836874,,0.00022562694875867485,0.00022509961487910809,,0.00022516836245927961,0.00022536517298465662,,0.00022530977021853645,,0.00022588088863090505,,,0.00022577838537063673,,0.00022579220726851856,,,0.0002258946113500301,,,,0.0002253963152855247,0.0002251407113340617,0.00022533811092106034,0.0002258814703594956,0.00022512030100369743,,0.00022590541923139118,,0.00022534469343540633,0.00022565664926753817,0.0002251780080570658,,0.00022633138891084567,0.0002253081480526702,0.0002252356234198619,,0.00022593131029896856,0.00022556547446026722,,0.00022586499960955194,,,0.00022576900602821716,,0.00022542888625461813,,0.00022494765161792425,,,0.00022564322425830833,0.00022557653057412493,0.00022572530116438106,0.0002260271308889931,0.00022510811439254048,0.00022551609792488734,0.000224977682119355,0.00022548592501192886,,,,,0.0002258218053995927,,0.0002258818319291293,,0.00022609896561355205,0.0002261613487695999,0.00022568531320186092,,,,,0.00022511598550046567,0.00022554774829551706,,0.0002254965422756873,,0.00022552600134844526,,0.0002254581706815121,,0.00022536859429909246,0.00022532386705727665,,0.00022610727096729084,,,,0.0002254834379639715,0.00022584492992314045,,,,0.00022569306728304465,0.00022561003553034728,,0.00022642444297416253,0.00022513792105698023,,,,0.00022579646821652952,,,,0.00022179667212856425,0.0002220353031003247,0.0002219766014525224,0.0002215717659947407,0.00022165641925198684,,,0.00022198071619383515,,,,,,,,0.00022230431664673454,0.00022171156361475473,0.00022209848529557667,0.0002216908520183402,0.00022190094502863515,0.0002218706044358649,,,0.00022178294106863468,0.00022240768914342813,0.00022169041988510322,,0.0002216238885586395,,,,,,,,,0.00022166699341210445,,0.00022287430563046613,,,,,0.0002221183104118467,,0.00022153169828390196,0.00022171913497769343,0.00022231522529432844,0.00022195725684738389,0.00022286304953175376,,0.0002217953234314154,0.0002212923380012187,,0.00022211878526532397,,0.00022245583594203078,0.00022275013155217895,0.00022258521130239404,0.0002217481177655512,,,,,,0.00022224835381513263,,,,0.00022189658402233946,0.00022165677992717163,0.00022144922894406024,,0.0002219173103071665,,,,0.00022200603869772307,,0.0002218209028798957,,0.000222296048725002,0.0002217090232631025,0.00022173193839979363,,,,0.0002223614082100213,0.00022210746496731832,,0.00022188296571128783,,0.00022203944290399562,,,0.00022160334598631418,,0.00022218828696396334,,0.0002222199048982343,,,0.00022117771262379767,0.00022210740396219668,0.00022181478211797344,0.00022141080712317524,0.00022135342025724888,,,,,0.0002215805578903517,0.0002219494602292823,0.00022165148927275432,,,,0.00022213131479153857,,0.00022214684206359384,0.00022281773785613895,,,0.00022256444536450492,,0.0002217709115043249,,,0.00022110561026331455,0.00022177654622965618,0.00022211812035605942,,0.0002217445927697864,0.0002218849544899936,,0.0002213807224183984,,0.00022195975618964896,,0.00022166394871534902,0.00022164048987760072,,,0.00022231704777908736,,,0.00022195357873628334,0.00022193505609069194,0.00022181865203914117,,,0.00022195095273044505,,0.00022155782681515106,0.00022158560570553575,,0.00022298146272934413,,,0.00022188381271141556,,,,0.0002219056722786741,0.00022239822698091178,,,,0.00022427044138229017,0.0002243003878704706,0.00022300870172696808,0.0002239125405209121,,,,,0.00021845177552791344,,0.00021890959150023024,0.00021858990557130202,,,0.00022326374143878804,,0.00022247811899429529,0.00022184848730564266,,,,0.00021733294528352408,0.00021145576501724613,0.00021138294450504696,,,0.00022736591897614582,,,,,0.00023675286570931656,,0.00023702009172923166,0.00023878626684555292,0.00023838310389579927,,0.000238839711349181,,0.00023891847698933588,,,0.00024081714296868102,0.000241723265282915,,,,,0.00023959075272421364,,0.00023996945261246973,,0.0002389802466896164,0.00023977680265096149,,,,0.00023917128081048694,0.00023993046076205597,,,0.00023915327632255404,0.00024345398997405748,0.00024411613054231885,0.00024336746919000586,,0.00024428791574776385,,0.00024462006097285987,0.0002454795715290043,0.00024452282998048625,,0.0002454516811001841,,0.0002454229137144897,,,,,,,0.00024380813100046547,,,0.0002436729522201414,,,,0.0002439272231533344,,0.00024451881763088893,,0.00024424872196587713,,,0.0002436767985598249,0.00024377212141349155,0.0002440429479855575,,,0.0002443628992296163,0.00024346332529302504,0.0002439559165199691,0.0002445053844211468,0.00024359427367908569,,0.0002442288994975518,0.0002438924348774914,0.00024384327746806064,0.00024333964904796278,,0.00024449577586725473,,0.00024329770071818282,,,0.00024396775390380865,,0.00024442478780314214,0.00024396627710246026,0.00024357141878621037,0.0002446963020945191,,0.00024393144944809663,,0.00024393385980541415,,0.000244292539799755,0.00024366867706440004,0.00024341864962938267,0.00024377996431525572,0.0002440148360158891,0.0002443368151437032,,0.00024375795502988614,,,,0.00024424385695154895,,,,0.0002213819095466228,0.0002217684309296024,,,0.00022174593318567893,0.00022116447865921595,,,,,,0.00022163150109089617,0.00022121695674113097,,0.0002215070032511247,0.000221214868838724,0.0002219250829437217,,0.000221845893317974,,,,0.00022212099204618852,,,0.00022140027967299964,0.00022099126689850644,,,0.00022185258139778859,0.0002219005338801987,0.00022196441540702557,0.0002223495517997363,,,,,,0.00022127476964182375,,0.00022125953701735774,0.00022155986547559605,0.00022115237738665083,0.00022081556795249855,0.0002210808578188464,,,0.0002208785935751487,0.00022134242330853232,0.00022135275501034436,,0.0002212411884683324,0.00022181911408274878,0.00022177897190246864,,0.00022178259009297984,,,0.00022141026697916898,0.0002213064021157456,,,,,0.00022063974118758013,,0.0002213997585361532,,0.0002216533295813991,0.0002210591310270546,,0.00022181339188568464,,0.00022208759754388903,,0.00022301771561902123,0.00022266292369523758,,,,0.00022215475327197064,,,,0.00022156162359719567,0.00022162795284417963,,0.00022136897508178024,0.00022210064058060544,,,0.00022133074834322617,,0.00022224370463352547,0.00022170994136560643,,,0.0002210342602410516,0.00022198222300814414,,,,0.00022198033952665878,0.00022183452848272475,,0.00022208396721080817,,,0.000221753564104259,,0.0002209321571729362,,,,,,,0.0002215963354085014,0.00022194605542157208,0.00022150129318586318,,,,0.00022180848653466774,0.0002220639983745334,,0.0002263609200883736,0.00022679524494310723,0.00022591561093002023,,0.00022585853241515247,,,0.00018472991001063264,0.00018633261829527318,,,,,0.00018213128972846765,0.00018171550765200102,,0.00018206082186426466,0.00018155431370670962,0.00018183504495174614,,,,,0.00018196292700546697,0.00018234675007017766,,,,,0.00018156547824568675,,,,,,0.00018184028417958992,0.00018206647402439874,0.0001819376895161098,0.00018179073820357247,,0.00018165990556717933,,,,,0.00018136324110246805,0.00018165269116944178,0.00018218018115375947,,0.000182019174681765,0.00018160255700321802,,,0.00018201165459241742,,0.00018099358583778609,0.00018184457546332469,,0.0001814845393093797,0.00018153963839332628,,,0.00018210006673116167,0.0001820443071752272,,,0.0001818170329749368,,,0.00018149155804844482,0.00018146688180908653,,0.0001819939092215687,0.00018196623556693183,,,0.00018190341952593357,,,0.00018167337134547876,,,0.00018147664257798054,,,0.00018148084441436978,0.0001812800470377231,,,,0.00018180773198663732,0.000181464946848375,,0.00018165528479395577,0.00018182760781644005,,,,0.00018200235069393893,0.00018139486903417373,,0.00018161114030439612,,,0.00018205729670706596,0.00018154659810716112,0.00018185797187657401,0.00018132330368913317,,,,,0.00018178969525294188,0.00018130388240149964,,0.00018162136500412447,0.000181280370691617,,0.0001818222353580607,,,,,,,0.0001817030686600924,0.0001818770479356573,0.00018231109435623525,,,,,0.00018195092141177991,0.00018195320550013958,,0.00018159800859456204,0.00018183387640038074,0.00018118014093952545,,,,0.00018082829788160362,,0.0001818162902397348,0.00018175060355786495,0.00018198753101671957,,,0.00018212825582671147,,0.00018229283769329843,,0.0001824030774170346,,0.00018151058584233557,0.00018182931683642276,,,0.00018197244869040845,,,,0.00018195842348842447,,,0.00018160741205916245,0.0001820837148478989,,,0.00018188373553795705,0.00018170225650020235,,0.0001822972628474756,0.00018160947780411065,,,,0.0001818814157775832,,,0.0001797007933812065,0.00017913799921089683,0.000179768282201212,0.00018711749781000835,,,,,0.0001824631266493206,0.00018255856122285013,,0.00018277889350991
8,24,DG_48pct,96,Z03_F12,3,3PH,157115,165448,True,13917.429812771135,13976.229142589818,1.6142003720485143,1.288159324463148,1.2510505912053949,0.17703425515019475,0.01722464798002964,0.5653022750209653,0.5058810969271723,0.2777225205283524,0.25767199970439936,0.08573569370083502,0.0012594845501942638,0.014471494495681896,0.046629611207465976,0.07748107920802087,0.13673726894391533,0.056951079126183836,0.07102448068533056,0.08304058362612783,0.24143367404458288,,0.24167074638435013,,,0.23815976473171926,0.00019203854735081954,,,0.00017752134622252348,,0.00017947257866490703,,0.00017983074870762332,0.00017907422792301015,0.000179056405412322,,0.00017870234846138161,,0.00017922123303111534,0.00017780631556036346,0.00017812895499332379,0.00017769371521554766,0.00017735141170060868,,0.00017781218980891634,0.00017545246957611078,,,,,,0.00017790185654537939,,,,,,,,,,,,,,,0.00018135253031374118,,0.0001810343835637651,,,0.00018091808483260496,,,0.00018137897789027496,,,0.00018107032445331296,,0.00018130329422735074,,0.00018015928109023073,,,0.00018012190203005028,,,,0.00018072293444346973,,0.00018078775927261447,0.00018066934598528315,,0.0001808249955996057,,,0.00018090781987336224,,0.00018112530021650844,,,0.00018103856757141764,,0.0001808464909158854,,0.0001765538890186511,,0.00022051388126546057,,0.00021811636366414833,,,,0.0002187493596704842,,,,,0.0002209950220866855,0.00022091560634234327,0.00022109237571769444,0.00022075663719910965,,0.00022151472319029977,,0.00022167334249857,,0.00022164480155378632,,0.0002210804528814366,0.00022125555025577157,0.00022133725998703705,,0.00022111208462964778,,0.00022065657755683028,0.00022222394756454228,0.0002215558459782242,0.00022123375408486355,,0.00022108987785499057,,,0.00022145332139490785,0.00022083450743562463,,0.00022100617694861442,,0.00022153589545198876,,0.00022117781860402647,0.00022093806175640037,,,0.00022091019809368422,,,,,,,,0.00022112601970074685,0.0002206877002609014,,,0.00022115985679668133,0.0002214594781600471,0.00022182744368423,0.00022173905017707046,0.00022195032659102034,0.00022131157933740636,0.00022171188202627386,0.00022193660895273096,,0.00022172667857580012,,,0.0002213935426712183,0.00022186838482725075,0.00022160654176383985,,0.000221432556281501,0.00022172227456622413,,0.0002216013666211921,0.00022140163423285417,,,,,0.00022145113819653457,,,0.0002214836617511143,,,0.00022110900608417395,,,,0.00022169770062055525,,,0.0002216120554384648,,,,0.0002216623661784998,,0.00022158146320867708,,0.0002218861230565542,0.0002213771803045343,,,0.0002212112903266216,0.00022209733476293624,,,,0.00022191024247475568,0.0002220579428931915,,0.0002215606132770545,,0.0002211143746651968,,,,,0.0002213638201012714,0.000221049257998465,,,,,0.00022139134779059196,0.00022155259616680892,0.0002218814381760321,0.00022069042835745576,0.00022176180625706012,0.0002215071851675648,0.00022097884452659965,,,,,0.00022190112517903195,,,0.0002217037210400351,,0.00022101251763244093,0.00022139851686783126,0.00021101235627063756,,0.0002098453578009591,,0.00021804774361367101,,0.00021776880571211673,0.00021823234718253872,,0.00021779463576519285,,0.00021819206660995117,0.00021843201626328408,0.00021740630750891838,0.00021761775720615417,0.00021747918384419008,,0.00021778715922205028,0.00021796059081874046,0.00021773177912867646,,,,,,0.00021785864788824826,0.0002179879879470656,0.00021854740169403042,,0.00021754774913232826,,0.00021801643307445026,0.00021814393570324935,,,0.00021801493338333868,0.00021816392679352377,,,0.0002174553655670067,0.0002182025430430789,0.00021797533728844462,0.00021790788676795297,0.0002182685723617792,,,0.00021776705109932353,,0.00021775585111728316,0.00021785928357958567,,0.00021828411195517718,,0.00021756936978950956,,0.00021823571488165542,0.00021740506307121546,,0.00021768109658853763,,,,0.00021769369094952769,0.00021777163247738152,,,0.00021796354827454916,0.00021767998423325883,0.00021891583102634922,,,0.00021865475387109314,0.0002183151299569732,0.00021885518616270144,,,,0.00021826727997214157,,0.00021824720556110582,,0.000217358655202243,,,,,0.00021790145017605737,0.0002177305250567934,0.00021791224314838826,0.00021833812519552742,0.00021807264502404287,,0.00021804467853667504,0.0002179837827921569,,0.00021788828929570993,0.00021767583251642157,0.00021800036883843374,,,0.00021801680291488328,,0.00021802689588468297,0.00021772779398561922,,,0.00021687015315238403,,0.00021811240387032584,,,,0.00021819351958195118,0.00021744038515221555,0.00021809663935279947,0.00021792358888465444,0.00021741096167829819,,0.00021776940544643842,0.00021849861625998902,,,,0.00021825718034709904,0.0002181367971235959,0.000216720492774698,,,0.00021763133397689204,,0.00021789889631346622,0.00021793908605638758,,0.00021795564167942437,0.0002179257067554715,,,,,,,,,,0.00021736871472408383,0.00021756988540355348,,,0.00021773560709005207,0.0002174859785387753,0.00021726465065093704,,,0.00021761601493182096,0.00021809805243481515,0.00021836098358878062,0.00021812121133938585,,,0.00021827901239282682,0.00021852892636677046,,0.00021785841475002688,,,0.00021825616135738986,0.00021827150505076298,0.00021843369703784061,,,0.00021974241369595194,0.00021904786731679775,0.00021964395274205005,,0.00021873124690032907,0.00021952689485728023,0.00021875125590937683,0.0002194311748702422,,0.00021465546238326282,0.00021473249040965907,0.0002150841968150753,,0.00021523479249623502,0.00021982247231623264,,0.00021915308632565957,,0.00021822661812197021,0.00021795100358679395,,0.00021338443391239807,,0.0002074595950461838,0.00020698087455750468,0.00020680214038364724,0.00022285993171291898,0.00022356838957653002,0.00022299456028614423,,0.0002305797643081246,,,,,0.00023454149215689385,,,0.0002350703473024338,,,0.0002344466197467982,0.00023434114608938606,0.00023670811147746636,0.00023692418990654742,,0.00023498493901232394,,,,,0.0002346286748705834,0.0002340779585240008,0.0002355023532044322,,,,,0.000235776046241259,,0.00023434925353904047,0.00023540774189783337,0.00023561108773224293,0.00024006470361825024,0.00023953925259220904,0.00023958761175059504,,,,,,,,,0.00024060366845811017,,0.00024170974307235956,,,0.00024125421543595905,,0.00023962873951557785,0.00023933888400377512,0.00023964090652754333,,0.00023985718059669938,0.0002395132624688415,0.00024032830075594662,0.00024036080771993676,0.00023952995100642245,,0.0002400931270339224,,0.00023952755321442142,,0.00024036925851745938,0.0002387168979698898,0.0002391631502460228,0.0002394762231974001,0.00023988697760946715,,,,,,,,,,,,0.00023933598498943447,0.00023972727262584114,0.00023922687930695802,0.00023952567759558273,0.0002398378784094098,0.00023942144966296823,,,,0.0002399510036927245,0.00023970567856224613,,0.00023969098917953847,,,0.00023929330479971117,0.0002398062536461148,,0.000240031480214455,0.00023949498151648295,0.0002390278792289008,0.00024000402155616526,,0.00024001117382972548,,0.00023965342439399915,0.00023966770708348824,,,,,,,,,0.00021759347664524424,,,,,0.00021772761197810353,,0.00021790698501169422,0.00021739792638585082,0.00021751098742643234,0.00021769330347200897,0.00021763026959745616,0.0002174453532523948,0.00021770496158102156,,0.00021756334751321896,0.00021752606415135584,0.00021754487021953287,,,,,,,0.00021740182995812874,0.0002177853550934219,0.0002184809423323475,0.00021811900319761805,0.00021829993061511248,0.00021821877436622585,,,0.0002177114312700972,0.00021842021311910465,0.00021713314648791503,0.00021744714337790065,0.0002172461049744717,,,,,,,0.00021748562493445088,0.00021641568414071722,,0.000217055750522849,0.00021687709295147814,,,0.00021661969840435638,0.0002165514182924205,,,,,,0.00021774933590358627,0.00021726824087618714,,,,,,0.00021763147693869265,,,,,,,,0.00021798495349973366,,,,0.00021833456767459327,0.00021759884809817125,0.0002183031466381153,,0.00021806916407850349,,0.00021800594612094343,0.00021814218924733468,,0.00021797721192453565,,0.00021786048348068962,,,,0.00021829607629503123,,0.00021819574545691158,,,0.0002182690114778033,,0.0002175983800882842,,0.00021753571872317362,0.0002173436375954383,,0.00021730111177901244,,,0.0002170794813420773,,,,,,,0.0002163708343263314,,,0.00021719008686540715,,,0.00021776506555999336,0.00021795748229895746,0.00021809886820093588,,,,,0.00022183064230578385,0.0002218857927814286,,,,,0.00018290142292382632,0.00018252932257971895,,0.00017822424657449592,,,0.00017828622028668613,,0.00017851873020611136,0.00017869959385004422,0.00017854984143788756,0.00017844321289146357,,0.0001786837586120352,,,,,0.00017830614919317524,0.00017840250038605426,0.00017815117417469765,,,,0.00017851666176843634,,,,,,,0.00017844338706692422,,0.00017856939935704952,0.00017870528960577803,,,,0.00017879994508649384,,0.00017858518855893654,,0.00017861849020165644,,,,,,0.00017832006950078383,,,,,,,0.0001785666701937907,0.00017869207471751786,,,0.00017830171835034556,,0.00017862005820467968,0.00017869522892138655,0.00017840002900516676,0.0001791752146537638,0.00017863025399943196,,,,,0.00017820141002232093,0.0001789079001887182,,,0.00017831657211160446,0.00017880977634452641,,0.0001786047107469175,0.00017862457146714813,,,0.00017873363247198365,0.0001782512360781248,,,0.00017872189246520223,0.00017822458329865817,0.00017889915386372116,0.00017846672209441547,0.00017885468379616294,,0.00017794255784263856,,,,0.00017828411081050467,0.00017864563415260888,0.00017859729722770614,,,0.00017839293113133264,0.00017869791974267,,0.0001784060097318185,0.00017835608772337138,,0.0001785489404076057,0.00017814850103910248,0.00017900727919473766,,0.00017845262776176307,0.00017838417768295368,0.00017809664210733056,,,,,,0.00017828482929610001,,0.00017846720888783303,,,0.0001781617063675553,,0.0001786221227266608,,,,,,0.00017824609298545355,,0.0001790190538314134,0.00017839823837924242,,,0.0001787556269165573,0.0001786945316398231,0.0001784744255186506,,0.00017842063552495272,0.00017850003662485872,,,,0.00017910726084487298,,,,0.00017836324506803622,,,,,,0.00017888177570660424,,0.00017835022671081196,0.00017892439714984595,,0.00017907889861000932,,,,0.00017797687400224123,0.00017793756390770612,,0.00017859612324712208,,0.0001783860090944621,0.00017639288054595575,0.0001765303000047414,0.00017627357938253352,,,0.00018300013002966244,0.00017961766421078186,,,,,
8,24,DG_48pct,96,Z04_F01,4,SLG_B,157132,165451,True,9485.128462947147,9553.296649203818,9730.26960589601,4371.454442138099,4186.326040615519,685.9713544393736,61.20888686905901,1808.7134243238715,1636.9816241231679,907.1443175534286,836.0177865783324,278.6916294156911,4.589345897207883,161.5370733138635,492.7078938918487,294.7727082805668,442.6703089366978,182.88746610626785,232.1427879287825,269.39563740002234,,0.5013412302906632,0.5014455843284715,,,,,,0.2978484471456149,,0.006807236504515472,,0.6807414677791627,0.6832060650806275,0.010381160078861525,0.010388192223428927,0.01038359290169519,0.5268557199686649,0.5258915517492996,0.5249076985398393,,0.2983136208571769,,,,,0.2941917572252646,0.29491045587949727,0.2938569596038651,0.29862110321983343,,,,,,0.6891199782392333,,,,0.30356419188565514,,0.3027681196849016,0.30343066434959126,0.3038932036895421,0.3038661326467529,,,,,0.3046007535254307,0.3036192309430084,,,,0.3034335616260517,0.30472729990470876,0.30490950998842975,0.6546142082895255,,,,,,0.6559804459619772,0.655374310883358,0.6553072350353848,,0.6539762176821626,,0.6554419769489748,0.6567739087106905,0.6567656258227206,,0.6544161264066616,,0.6543746413047455,0.6547201842688422,,,0.656308653593508,0.6561321781026945,,,,0.6558450427932341,,,0.29625206584797154,,0.36534098065003673,0.36764585063285016,,,0.36640324282637576,,,0.7379181564144434,,,,0.7368812331997149,,,0.7374294355396896,0.7383474344648884,0.7378769079013794,,0.7387596747272382,0.7377344093824716,,,0.7367950700952658,0.7365144157330701,,,,0.7375202870156707,,,,0.7376178191433154,,,,,,0.7367464986823934,,,0.7365387075695201,,,0.7377088218356044,,0.7380549237274558,0.7386468455888798,0.7396450127508043,0.7331512943474919,0.6627508552457896,0.66084003376464,,,,,0.6619932251578886,0.6629618483753494,0.6623723792464661,,,,0.660818308046036,,0.6611505804380643,,0.6596852810979673,0.6617021539020717,,,0.6620778910884197,,0.6602575514584351,,,0.6619485926389508,0.6605921965003155,0.6599535160892009,0.6608640294616122,0.6607872040769756,0.6608332946974682,,0.6612629901958983,,,0.6588187151063739,0.661455828006878,,0.6586203394794996,,0.6587437023988213,0.6597077058123246,,0.6611303600687102,,,,,0.19017476879418793,0.19083384706381548,0.19010009031206632,0.19036508720199727,,,0.19040952989225465,0.19015080215443037,,0.19081499421058817,0.1902920395668762,0.19102550281494712,0.19045657979977712,,0.19046367367639178,0.19063866069329813,,0.19071734782709382,,0.19053952319919149,,,,0.19028012088072713,0.19029161441963416,,,,,,0.19057696307077393,0.18986371652169384,0.19004821368818556,,0.18992473717748987,,0.19002850963913537,0.1900521811647069,,,,,,,0.1899222644581117,,,0.19094253655113427,0.18953049184530635,,,,0.3565826285338268,,,0.3665182837217948,,0.3647390434392247,,,,0.7352696828054262,,0.7385806381678494,,0.7346296021982505,0.7376091671082015,,,0.737950287688834,,0.7364053276012831,0.7350224731111865,0.736255644013136,0.7340883187055127,0.7389166411950515,0.7357052805373805,0.7390405438804227,0.7371966608127759,,,,0.7369678572462978,0.7350607728544185,0.7340263567848289,0.736139075433859,,0.7352127230578435,0.7353404981904269,0.7358136956352157,,0.7342557222607003,0.7373977550362197,0.7337830964295351,,,,,0.7374993968230623,0.7347412034683898,,,,,,,,,,,0.7374480564313243,0.7347824375873551,0.7341694339307667,,0.7350083786151378,0.7351322771759946,0.7354130667455095,0.7343271596347218,0.7336418030738834,0.7364870966221808,0.7347176426995796,,0.7363658462350688,,,0.7329238595429515,0.7344391261260004,,0.7343643725207872,0.7344906866877439,0.7327949468801401,,,,0.6459803957548363,0.6486597311355757,,0.6472531912294547,,,0.6461890253152583,0.6469280315515814,0.6467757968175234,0.6460518055800353,,,0.6475108703844407,0.6486214993315581,0.646551517974645,0.6491480335759567,0.6489167460096763,0.6487466708343722,,0.6465702996113034,,0.6459460106744037,,0.6460116340620422,0.647941535903537,0.644660791448151,,,,0.6454195118437966,0.6471037605394212,0.6453191778702595,,,,,0.6472410095311719,,,0.6468094896923227,,,,,0.6456223406887505,0.6472271831875013,,,0.6467344862868188,0.6477496348016601,,0.6455933810364929,0.6455139994070911,,0.6478964912721971,0.6465975222680403,0.6459937873703685,0.6471979730701753,0.647045291943196,0.6466551233116449,0.6474705714653171,,0.6459090328602969,,,,,0.6481997727275199,,0.6472248986916694,,,,,0.6481224944626675,,0.6477776793839806,,0.6474462650284247,,,,,,,,0.174609713120317,,0.17413310023205833,,,0.738274889651776,,0.7362402091735949,0.36153234048452426,0.36141869869247534,,0.3610009768391598,0.36016324745658035,,0.7322809586509027,0.1859225425010701,0.6530977542914244,,0.365102027072813,,,0.36126799796851294,0.36046633389772226,0.3566641012024543,,,,0.1938917515353564,0.6647847699887451,,,,,,0.6940484635612685,0.20625271625411792,,0.2063020666596506,,,,0.20679638819800353,0.699656264623452,0.20807125743993432,0.2084584181716307,0.39331019843081677,,,,,0.39365022427538365,,,,,0.3929878374048118,0.39351662654112207,0.3916887666946055,,0.3931578839213788,0.3932155865047556,0.39302540808384584,,0.7159886276789906,,0.7154855237021712,0.7118986957499047,0.7165594509151482,0.7083357589590634,0.803198202457484,0.8015071667587587,,0.7992308920651794,,,0.2125844552930021,,0.7189713012513054,,,0.7179337142846673,,,,0.40099521587407855,0.3999943643901175,,,,,0.4009979135167644,,,,,,,,0.40008402962730766,0.39945344757909634,0.4005768900494885,,,,0.40169304058464694,0.3996730988747096,0.40045053763765054,0.4003216775595124,0.400322901079487,,0.4011488237880167,0.40117353259499744,0.4000336789775282,0.40025595077064346,,,,,0.3998110709869622,,,0.3998789778852656,0.4002662302030166,,0.40108557923829785,,,0.40000300821823415,0.3998859119622894,0.40078154456792997,0.4015300437428144,,0.40029939980520096,0.39930091112963734,0.3996835435185853,0.4001192173736248,,,,0.40121849358515144,0.4001604043514884,,,,,,0.15953039376998174,,0.15978446288322634,0.1589536152241594,,,0.1594977466118463,0.7389681611533706,0.7421181076675897,,,0.7399921548369114,0.7404065354582109,0.740703663592143,0.7418077554820866,0.7405435282939268,,0.7416098044106375,0.7394446419998488,,0.7412013606775758,0.7395236014165983,,0.742253872390622,0.7392502963861195,,,0.16027371945374386,,0.16039705451822428,,,0.15947939280976106,,0.6412752371251376,0.6427113029671044,0.6420169043195288,0.6445263170215618,0.6402859117062291,0.641614070734938,,0.6414106165750062,0.6423894836220551,,0.6420472383593936,,0.6405699250827435,0.6419147280065592,,0.7394926875047688,0.7388784774394238,0.7397580539280083,,0.7388705785855211,0.7412992333836853,0.739456836898936,0.7410717337523894,,,,,0.7374125038530448,0.7364315606991441,,,0.6423473643813002,,,,0.6441913947678376,0.15980090958176987,,0.15971752029908354,,,,0.15996091816254307,0.15964864552398994,,0.159603173671746,,0.1596500677321796,,0.15950791643306644,,0.15968946722745614,,0.1593502975002975,0.15923269023469833,,,,,0.15989789488998954,0.15942508906920622,,,0.6433672881968651,,,,0.6431676343553583,0.6445630657312377,,,,,,,,0.6407731975388097,0.6442453344591057,,,0.6420032922360215,,,,0.6433293630475689,0.6435255797218146,,,,,,0.3726836790126231,,0.3710943687729972,,,0.07218047217801639,,,0.3062721965491287,,,,,0.2983687013529669,,0.29908701897245527,,0.2992478510520645,,0.2990204848466005,,,,,0.2980272722400283,,,,0.29970731202093753,0.29832497217224363,,0.29872106787852215,0.29899025698044285,0.2987480255221676,0.2982610766739035,0.29868023554551026,,0.2982621210204419,0.299100928100593,,,0.29945956253167044,0.2998664981092823,,0.29821032473777564,0.29916688807109326,,0.29957425002774085,0.29898025761908525,0.2993044972830877,0.2988707561071882,0.2986023792745792,,0.29861533382723204,,0.2991768088447643,0.29848559607691294,0.29808544457779346,0.2998634810310931,0.29825479610579886,0.2991520545210767,,0.29846408604800995,0.29844749407748383,0.2995014190448598,0.298409823814598,0.2992043336413945,0.298471149975562,,,0.2993171360550489,,,0.29907514512484507,0.2994847219391398,,,0.29914185985780395,,,0.2987852128846935,,0.29809292430953255,,,0.29798797381283204,,0.29968539834032876,0.29863861786768614,,0.2985811440379943,,,0.2988895688289512,,0.29885374586407193,0.2980088284180612,0.2994057724591404,0.29849818071960577,0.29842647895751734,0.29804791505675343,0.29832430118105685,0.2984832487002846,0.2989744338255848,0.29950512659474904,,0.2985444416076044,0.299179548166309,,,0.2986652327704333,,0.29961272422696633,0.29854293657633174,,,,,,,0.29920017562043066,,0.29867112783161326,,,0.2987138480649855,,0.2980577140209882,0.29793837378542243,,,,0.2992755076275928,,,0.29843617532082206,0.2988431587133044,0.29920115469995073,0.2992195031643449,,,,0.29880603074256257,0.2980345872609176,0.29902577222982196,,,0.2993258781002441,0.29867675983465536,,0.298908362392706,,0.2991937165255101,0.2986310930423856,0.29892605900290115,,0.29929545236525895,0.29888497290631144,0.2997771872080267,,0.298345794165171,0.29892820209685134,0.29880088172926356,,,0.29830742573183977,,,0.2989352327225073,0.29899843759163613,0.29970401359360993,,,,0.29897841040664735,0.2985967336961173,,,,0.2954537933357874,,0.6731013822016874,,0.5369368306739717,,,,0.014412226960456504,0.5272746232934007,
8,24,DG_48pct,96,Z04_F02,4,SLG_B,157150,165479,True,7939.486092044409,8044.8776571598355,8075.331338450481,4709.040623005555,4471.1111962425875,770.2822034489868,66.94313929573897,1800.0604969397828,1622.502356048118,899.7961897630169,836.2521688993832,277.5187761408498,4.602380859947557,106.60821735806212,329.65114765979575,333.1255199861002,461.90193350151304,190.42363330432806,245.68896434905145,265.34877437250424,0.5267113608958496,,,0.7759086998952935,0.5436053740643068,,,,,,,0.6740063352559897,0.6751010183731294,0.673973335885409,,,,,,0.5164757311757373,0.27345969696351397,,,0.2741479543018434,,,,,,0.275031859859984,0.27452946352122065,0.2741292136923998,0.2740690541135429,0.27409397401334945,0.27445644815959397,0.687828686239424,0.29801428343050207,,,0.29768603178609904,0.29651366015379005,,0.29804532563020913,0.2981028390863885,,0.29839733600836416,,0.2994506217883897,,0.29859867040716825,0.2980374370708631,0.29725771146501634,,,,0.2981590020877543,0.29884697347542355,,0.6972629681662245,0.001926458882801553,0.5164303270174508,0.6927866177917632,0.6937244154243519,0.694144382823902,,0.6933769025825479,0.6937317796302352,0.6945937907597479,0.6941535838449487,0.6943810674133631,0.6955658089691228,0.6940807122857796,0.6947534241798804,,,,,,0.694394095751132,0.6934957997152458,,0.6953314461888583,,0.6923725127631964,,0.28967158969893886,,,0.17852862805788627,,,,0.3600289919669621,,0.36131562191196903,,0.7402509701234941,0.7426155888456814,,,0.7384488913536279,,0.7387026819919013,0.7419726857342033,,0.7410450486861346,,0.7416688000969652,0.7409029493559182,,,0.7422104449201152,0.7382132338128532,,0.7422064491826013,,,0.7423368304109941,,,0.7415676610292963,0.7401226897302118,0.7424863840501057,,,,,0.7403891833628873,,,,,,,,0.738545230094922,0.7414971859524154,0.7412800186753097,,0.6563031539894845,0.658665784319644,,,0.6578075252322786,,0.6598493738431339,0.6567766341682996,,0.6576336367401953,,,0.6590545325784416,,,0.6571242983176451,,0.657956965092821,0.6583946633418616,0.6582941311085909,0.6578540956313902,0.6575720832649157,0.6587604424102904,0.6587574997770418,,0.6589001899349942,,,,0.655136066449234,0.6589139902054272,,,0.6581764495777389,0.6577848745496332,,,0.6576457518278128,,0.6581943273745813,0.6572487474686353,,,0.6559422574502789,,0.17951464397692504,,0.17904025080660507,0.1791266460986768,0.17901822970495732,0.17906921914522553,0.17922971490530867,0.17933584953790013,,0.17963640936131112,0.17930347418720619,,,,0.1795599913820991,,0.17925799658655225,0.17916268913663708,,,,0.17902816556546458,0.17904909175820197,,,0.17893631993579084,0.17895450868163745,,0.1787563319064849,,0.17909079426768365,0.17893971791858923,,,0.17940119954109052,,,0.17910328485461252,,0.17989141168140657,,0.1797707524150378,0.18017231316546822,0.17904819248994702,,,0.179563208580327,,0.17927415126486662,0.17914083917886567,,0.17861514823440802,,,0.35053218992311674,,0.7323333137692696,,0.35783541560150317,0.3578237075653291,,0.3578237799749088,,,0.742300346885173,0.7467643856838662,,,0.7457602689895322,0.7429788876311155,0.7442202704004124,0.7450014538634038,,0.7452032500407524,0.7448776463267738,,0.7422985364438632,0.7409833495106408,0.7452104414122557,,,0.7440587755772826,,0.7430689600086244,,0.7412321383540112,,0.7442216098381164,,,0.7443775780327294,0.7447156173596958,0.7451906156683604,,0.7452663493169344,0.7416123130594511,,,,,,,0.742682997673324,,0.7420241947922845,0.7406215816109193,,,,0.74136869903478,0.7415139966760048,0.7409223767198105,,0.7409315799993637,0.7430234637431873,,,,0.7442478626082302,,,,,0.7428964222077683,0.7421923176988839,0.7387141336708474,0.7423171799692607,,,,0.743412288395648,0.7419079333548024,0.7406847127471702,0.7402598818887414,0.7418235837979275,0.6401877218290765,,0.6399072071154326,,0.6393032527721304,0.6402959304275696,,,0.6418542732630854,,0.6415464503220025,0.6417184265776541,0.6416664034726736,0.6414579936330536,,,0.6416451610281092,,0.6416641093240886,0.6411236194296133,,0.6413882196387114,,,,0.6400227972368497,0.6387415129653863,0.6388496087963648,0.638973406996789,0.6382982531382325,0.6400111080824049,,0.6384848439185999,0.639693455627724,0.6389182315319593,0.6370480748741446,0.640484256594193,0.6401484245388754,0.6420803476106357,,,,,,0.6416173746639869,0.6411063654291579,,,0.6409286317790513,0.6408055894086404,0.6398460754983508,,0.6391009611401451,,0.6410236720382773,,0.6408969640288,,0.6412933470234984,,0.640966922954275,0.6395070657136296,,,0.6391867777378629,0.6399861389307883,,0.6398991637917845,0.6390229441501996,,0.6408781218241372,,,0.6428510134416503,0.6412072661423222,0.6416364365215479,,,0.6429551628706208,,,0.6419761153589004,0.6404794139848603,0.6407316109669196,,0.6404656056183032,0.15537402482902893,,0.15549954640518943,0.15586195119413396,0.7454702108730059,,0.7440273306830388,,,0.35559756743522275,,0.3551737510697071,,,,0.7343329187980807,0.17373192817224056,0.6492741066224599,,0.35939354302489807,,0.35495222342443195,0.3547814539784853,0.35441825051342407,,,,0.7463386957808652,0.18379464551243177,,,0.1921655282737162,0.6848823184519772,0.7755619048070138,0.19510868737998918,,0.19718429977311877,,0.19726024672577114,0.19770099710614825,,0.7805777424478811,,,,0.19913221566602324,,0.38623725102657597,0.38629693367548323,0.3866804340084734,0.38687003787930063,,,,0.38632472044858995,0.3864784139975557,0.38659346719430476,,,0.38618644900635474,,0.38654437352070914,0.3858396059869075,,,,,0.7138949434051959,,,0.8017544283965891,0.7995112743091642,0.80152282305663,0.8038919510149508,0.20380446437299463,0.20331796466846053,0.2044511440045744,0.2037375424540638,0.7184687893583384,0.7163108606271738,0.7161948912453242,,,0.39174912814676915,0.3940703521940717,,,0.3939583083977171,,0.39333259754402583,0.39278463802137725,0.3929522662340943,,,0.39294488700868274,0.393187475311826,,,0.3932842686619772,,,0.39350150256140726,,,0.39335125042647995,,,0.392784900856986,0.392466184286868,0.39289677848188026,0.392756871467685,,0.39304817056545716,0.39231172237545586,,,,,0.39383181778327303,,0.3932598128217908,,,,0.3933744453595879,,0.39232430173802524,,0.3924932347850164,0.39448350095148116,,0.3934634445495396,,,0.39338555084058635,0.3928328541232644,,,,,,,0.132750059253425,,0.13305070170264088,0.1329905785415263,,,0.13347582181619244,,0.13278198148115347,0.13315147518391712,,,,,0.754219556495366,,0.7531469083636841,,,,0.753340820216904,0.753039941514482,,0.7524690961837398,0.7536350315165026,0.7543605684183718,0.7529959559357732,,0.7523829114297049,,,0.1333947793533657,,,,,0.1330795419157581,0.13326938296847418,,0.6334113862823381,0.6349221010039927,0.634170560851243,0.6327416196945271,,0.6322269053377727,,,,,,,,0.6344900479505304,0.7536147840858328,0.7536846715696147,,0.7513484440484322,0.7514413469303288,,,0.7549673767047839,0.7531545183896141,0.7547823362041689,0.7513097476491172,,0.7430784919209463,0.7520010000690177,0.7518339198342234,,0.6342877421297269,,0.6344558973615675,0.6336434569708453,0.6368023947998035,,,0.13297878484971595,0.13354167243562304,,0.13303097897184935,0.1329075052286354,,0.13305139805864094,0.13356572944393535,0.13344629608171535,0.13340890925547047,0.13286061908454236,,0.1334471454426696,0.13335033130113244,0.1330651530815019,,,0.13324386872038316,,,0.1332422486381227,0.1329726570803833,,,,,0.6376371461724818,,0.6370693746167283,,0.6351893493256879,,0.6377841260061305,,0.6368463129446631,0.6355376136694596,0.6339906344374586,,0.6364596760472475,,0.6350143514913288,0.6347800290325589,0.6356078576932559,,,0.6349242156373486,,0.6360165934443096,0.63510475589048,0.6345239881358935,0.6338440043966301,0.635376275665805,0.3654460999469905,,0.36500831352451046,,,,0.08857641453725582,,0.3027297783028464,0.3012009024570414,,0.7924933838750459,0.2750926204707828,,0.2752994545696137,,0.27585850234348647,0.27619056383724416,,0.27542500381695423,0.2755067604844238,,,0.27504237650952373,0.27535800024001283,0.27551389550032523,,,,0.2755276903144875,,,,,,,,,,0.27506212721226136,0.27548919101937275,,0.27531197716859096,0.2755138657560812,,0.2754376626881925,,,,,0.27486881137932795,,,0.2748026697661118,0.27558158840565,0.2756213939714235,0.2752778286096904,0.27498881736177083,,,0.27483527635020455,,,0.27560719384856114,,0.2745657959674529,0.27462260136183,,0.27527439279078453,,,0.27612169261143243,,,0.2751284079494151,0.2759428510282454,0.2760530731810594,0.2753677423248266,,0.27541547168281283,,,0.2743530708512432,0.27419975927134366,,0.27571691725070707,,,,0.27512428097484726,0.2746657676824846,,0.27553730931545545,,,,,0.2755293729214022,,0.2757200206913512,,0.27532703424228183,0.2751181211479619,,0.2759591514210292,0.27507111536712203,,,0.27463499031649835,0.27633008993102415,,0.27500839665560356,,0.2755704189851897,0.27520175491066756,,0.27519337340268946,0.27582522127620307,,0.27506172712836785,,0.2754260642054689,,0.275387131559373,,0.27531697623298323,0.27523479435675013,0.2758019863725374,,0.2748022003357091,0.27578444299218596,,,0.2755159685994471,0.2750532850252602,,,0.275246015558518,,0.27476892468928066,0.2746846040521689,,0.2752571418453184,,0.27524129648257123,,,0.27539375338634964,,0.2757721723499388,,,0.2752271598310662,,0.2752362416585578,,,0.27562557078782984,0.27483979794994434,0.2748047213297349,0.27557297431298344,,,0.2751910961706129,0.27506083727394043,,0.2752993392626666,,,0.2757251995247816,0.2757588264033225,,0.27511305269803926,,,0.27597940274963273,0.27541783449927504,0.27500204866393835,0.2755500281664073,,,0.2909379536080752,0.29033839249329146,0.6857819942228892,0.08100143484505977,,,,,,0.5173428414220553,
8,24,DG_48pct,96,Z04_F03,4,SLG_B,261185,261838,True,7702.196105823207,7601.998480147829,7677.001453564478,4510.858617331925,4261.463407943789,727.2904227354742,63.92798045940741,1866.9509251225036,1688.1825401031797,930.2195189758274,864.2863096540377,286.68033778698197,4.877854075193759,106.21480595849943,326.3522864880734,314.9270481264698,443.3170860438824,181.61796750323128,236.71802796081974,277.6498972294694,0.5343847945655221,,0.534127046427034,,,0.6325515928146971,,0.2717766578229183,,,0.22307849273098881,0.6839382056061136,,0.6842377552918442,,,0.22628703826203844,,0.5147526984617824,0.5147965734199533,0.27225107770739265,0.27221828316887475,,,0.2715295376669234,,0.2683026228915416,,,,0.27228852344281473,0.273103536064238,0.2719343109421943,,,0.6970318901905285,0.2837352150091689,,,0.3011232587429811,,,0.30205262346007555,0.3032099948883891,0.3017626161201742,0.3027058086019417,,,,0.30203201822539916,0.30209901815720897,,0.3029454355799091,,,,,0.6949516921934289,0.6972065526139788,,0.5190022424455605,,0.6954716081622389,0.6936713478806968,0.6970631768729195,0.6947765468467159,,,0.6940336366166027,0.6939016989225155,,0.6962091876508409,0.6936953975311719,0.697033533565994,,,,,0.6939213525990534,0.6947221433723408,0.6958252745073485,,,,,0.2728220560520003,,0.27332820314595796,0.23594292203208692,,,0.33830748833986013,0.3379175720400143,,,,0.7659849737941354,,,,,,0.7652302369292702,,,0.7659156735874502,0.7678583825516628,,,0.766975834635239,,,,,,0.7671656356524956,0.7688984731112756,0.7662209304606288,,,,0.768808299309494,0.7666698267615619,,0.7645374437024811,,0.7649811404056844,,,,0.7659515795638299,,0.7654441354516814,,,0.7655313809348421,,0.765928932978778,0.6378705700437358,,,0.6391353247162761,,,0.6397838100199089,0.6400660695073187,0.6389254606955298,,0.6404134734599599,0.6378794547773479,,0.6371942199571551,0.6377089640296217,0.6377826099383419,,,,0.6387795995592878,,,,0.6375720839037105,0.6387137866468784,,0.6378460909602227,,0.6386605103504163,0.6352511552737067,,0.6369122416727042,,,,,,,,,,0.6380122338634887,,,0.6365059499365542,,,,0.23682479812676221,0.23740451037307378,0.23705167441981823,0.23712816781315008,0.23699207701924188,0.23704835636200328,,0.23720909396080278,,,0.2371839981984907,0.23633917710548819,0.23758584204441702,0.23706006616353142,0.23650209929805638,,,0.23732122211986173,,,0.23635555681712792,0.23664753716136427,,,0.23674260475285894,0.23692528993899017,0.23603660297900197,0.23615756684460548,0.23666355344468093,,0.23713880854138056,0.23719706988405911,,0.2372037205896474,,,,0.23678491838247423,0.23685078941890633,0.23742494518972768,0.23674488486975448,,,0.23647357448063938,,0.23760618766585845,0.2364765289457337,,,0.2365223264551075,0.3275758546676392,0.3288201610271987,0.3285129320272646,0.7633114687742085,0.7575508332219032,0.3352283159640107,,,0.3361052052258259,,0.33710689744863026,,0.7670034917478087,0.7663395062079081,,0.7673749849565165,0.7667731591007415,,0.7671918780505421,0.7651853652906621,0.7656665990919566,0.766181593024327,0.7660814064987685,0.765576609504998,,0.7643620044829068,0.7665965134560027,0.7686806040940184,0.7655149497540319,,0.7656385452922707,0.7663807854089342,0.7661717234284297,,,,,,,,,0.7671958306049341,0.7659778590673735,0.7660069433263313,,0.7623858878621818,,0.7660158842801204,0.767443620519333,,0.7648562718837313,0.7656234800604224,,0.7618902157638276,0.7648730148721055,0.764704544692882,,0.7633832344930988,,0.7619159427189782,0.7666622312330544,0.7654093092255404,,0.7654661896163188,,,0.7660280661883065,,,0.7650791238844973,0.7651072494876535,0.7622927569647976,,0.7655161897597734,0.7634074645830052,0.7644157753981662,,,0.7642088983587794,0.7648089761772632,,0.7624346059266403,,0.6267463236124639,,,,0.6237090109356201,0.623807918726258,,0.6289740609248835,0.6253280687403376,,0.6238994969640831,,0.627357892002402,0.6242275230679835,,,0.6251188144532749,,0.6236326193466614,,0.6246398096638813,,,,,,0.6248051273657909,,,,,0.6240280670854382,0.6236639730043927,0.6244708065015094,,0.6247055270418684,0.6260158720315133,,,,,0.6242200504692097,,0.6259062687190415,0.6249135484149742,0.6264864751441345,0.6247420687049134,0.6244920141303093,,,,0.6250879545432754,0.625116460847671,0.6258200150644282,0.6251830983459419,0.624131435547077,,,0.6246702144584291,0.6243504308924726,,,0.6254339803515125,0.6251304469335793,0.6272014133556352,,0.6273900574207272,,,,0.6249535699974359,0.6241598764242571,0.623941495507571,,0.6250777770051185,,,,,0.6252901826824951,0.6262157904418567,0.6257755553935683,,0.6248822295570055,0.6239434636864691,,,,0.21589897078121126,0.21577481024189243,,0.7666208805498775,,,,,,,0.3330202411382186,,,0.7604100441382448,,0.6330460387487921,,0.33684890032098713,,0.3323972163114667,,0.33316569377205046,,0.32839256739667877,,,,,,,0.6620420598521659,,0.2549876017056718,0.6692797450516512,,0.25677745982111955,0.25696105098723626,,0.25773375101068147,,0.2566029214554607,,0.26010119699221784,,0.36349217754612956,,0.36240869770872575,,,0.3625582387395394,0.36329904822131925,,,,,,,,,,0.3629636151783841,0.3619456284513023,0.6894909719696377,,,0.6907428185453388,,,0.8326762180574192,,,0.8313259085536876,0.2645206714776253,0.26457870825972546,,,,0.6943272807697872,0.6927373733135077,,0.36929846670711663,,,,0.36981543542390616,0.3701130276419301,,,0.36841745236653034,0.3694643099983071,0.3699664531447341,,,0.36949388081556783,,0.37012399005472923,0.36940149980171655,0.3687478327063904,,0.36880446343045165,,,,,,0.36951802005635126,,,,0.3695573237906832,,,,0.36919570787167566,,,,0.3704780285609877,,,,0.36882640553283297,,0.3689686679394006,0.3705379987262471,0.3689410726368329,0.3695183646954869,,,,,,,0.3702146718167414,,0.37040930396464766,0.3696214303832743,,0.36971806679658864,0.36890855252398413,0.1961076142357983,,0.19633176696689808,0.19559816414282255,0.1961786997013968,0.19637263389445492,,,,0.19631404455035315,,0.19534993632441572,,,0.7724160675683394,0.7728963120214963,,,0.771534104461112,0.7720934768720297,,0.771619456374366,0.7719523359446792,0.7706797372271161,0.772416958334402,,0.7709246742817676,0.7715007459402918,,,0.7713360761641982,,,,0.19636857312653072,0.1964838759735859,0.19610752077401053,,0.19624230865269576,0.6218771491553965,0.6216452247582614,0.6201972756224423,,,,,0.6216179557173485,0.6201786989671515,0.620155948152446,0.6219077668473215,0.6221831560839062,,0.6215273672332674,,,0.7705589826024728,,0.7719892207257606,0.7724411895890184,0.7734873342410864,0.7721218127675082,,0.7717225771000386,,,0.7591846613115072,,,0.6225249750427565,0.6212379285499955,0.6220351304609093,,0.622350971018921,0.6202724132081777,0.6216851490150624,0.1963393248957129,0.1963269506669276,0.19595450505177467,0.19617212819494143,,0.196303013311441,0.19619396271393252,0.19628822034131121,,0.19623240842915296,0.1954406617906052,,,,0.19618243882520503,0.1965010984818154,0.1962907276124051,0.1961577895136291,,0.19626836362986302,0.19600489544537533,0.19642315099509858,,,0.19686162682125047,0.19611032184129476,,0.6230886822497267,0.6226988246603348,,,0.6226074195975936,,0.6231067978652988,,0.6217671013428884,0.6237698262027643,0.6196703643853608,,,0.6220521177617804,0.621609247146844,,0.6216197154735507,,0.6213156937926873,0.623341174650987,,,,,,0.6228879348743843,0.3424427734968683,0.34238534485056876,0.343479625930944,,,,,,0.288424839906353,,0.2881688893678457,,0.27326302448580386,0.2730395370149804,,0.27328007365985435,,0.2731860612947073,0.2734509778442119,0.2725744807736557,,0.2737643888256655,0.2730988039650061,0.27306529812261376,,0.27308637250138645,0.2732232123980906,,,0.273066318310316,0.2729892869900644,,0.27351283263144016,,0.27365915596912144,0.2735270487418668,,0.27234905854769237,0.2730786784667696,,0.2728129683043211,,,0.2722790330665281,,0.2726448728986034,0.273095434521404,,,,0.2735706652629552,,0.2740835749274866,0.27247908729745995,0.2728843017490175,0.27400714703454565,0.2732139205145806,,0.27314822472032574,0.27350552792064875,0.2741554038418727,0.2730134201659108,,,,0.27254254122471927,,0.2721493553860557,,0.2728878839405882,,,,,,0.2729697456256121,0.2730546223879584,,,,0.2739503132314015,,0.27296390426944517,,,,,0.2729175991160645,,0.2736173004511969,0.27332828906924234,0.27241606677700914,0.2737200340602373,0.2728470486747659,,,,0.27318030157104556,,0.2732917364647151,0.27359788398627993,,0.27340008421417444,,,,0.27307292492429536,,0.2731601500158705,0.2730255083347328,0.2725541903331918,0.273285795392596,0.27274813343739257,,0.2731521805313288,,,,0.2728586288463936,,,0.2730926672889969,,0.2731871543442168,0.27362323802194183,,,,,0.2735452535502959,0.27259685312913207,,0.2735618249335421,,0.2736077711977404,0.27300867309157134,,,,0.2728244389993499,,0.27259944256986807,,,,,0.2735796732288032,0.27249809825514,,,0.2730671656235379,0.27309241364792625,,,,0.2733316465097925,0.2730642222651507,0.27308338275516286,0.27311152522409815,,,0.2731769503741887,0.2732879485451793,,,0.2734937859062649,,0.2736203524939442,0.2731437852070377,0.2732662477195154,,0.27275182429129213,,0.27338563742667227,0.2730865870444455,0.2726877120054697,0.27296572727100643,0.27367790749887727,0.2733814067570561,,,0.2730865719212022,,,,,0.6840800938465458,,0.23007152776796147,,,
8,24,DG_48pct,96,Z04_F04,4,SLG_B,157149,261838,True,7724.483414341465,7586.812298713516,7671.938149201588,4487.37668183029,4277.734450546425,730.1045964661221,64.09182983427608,1865.375496488811,1680.0105164254624,932.1796059993537,864.3137612032665,289.11876918814494,4.867947884952486,106.17255216618503,327.30783291828396,315.122672397685,443.44676723999635,182.41943708498277,235.42697775480255,276.4546219021537,,0.5363192893926121,,,0.5618619914326506,0.6316425372738766,,,0.2720772310044492,,0.22306872086997392,0.683716301151629,,,,0.22718070378393215,,0.5148870067656612,,0.5130899636504965,0.2719249255708748,0.2714433887162011,,0.2717796394849547,,,,,,0.2720736495568821,0.2724319832257711,,0.27265354609191056,,0.2719426457498918,,,,0.28423976949457186,0.3010315655201015,,,0.30281525022778233,,0.301440958655184,,0.3025690113299593,,,,0.30252811526848933,0.30202538966627246,,,0.30283000858216547,,0.30264250245709995,0.6954754456361784,,,,0.6956709378659481,,,0.6969772305085095,0.6924916740614391,0.6940574078101905,,0.6958185492387824,0.6942740594821796,,,,0.6972336748212206,,0.6946093344447658,,,,0.6947917575416481,0.6953828017020047,0.6972730017180193,0.6957107496324797,0.695361447221223,0.6950422318073072,0.2731106563326357,0.2736542875343593,0.2742414129599669,0.23536698162505565,0.33731259959420273,0.3375404233696967,,0.339234661499828,,0.3390813552581626,,0.7666159147978733,0.7643909478809159,0.766546225214462,0.7669249858107363,,0.7668976109713717,0.7687528996886679,,0.7676022352982363,0.7666928452283874,0.7655675228549924,,,0.7682025078652454,,0.7660838290162519,0.7647172419718399,,0.7655023743085396,0.7660261479884451,,,0.7660169348975019,,0.7661195580744079,0.7663866097204135,,,,0.7639329556596179,,,,,,0.7653934930276871,0.7640699850401867,0.7672008208655425,0.7634525926135229,,,,,,,,,0.6367549757578096,0.6386814390656355,,0.6377128771490788,0.6375453961803295,,0.6384875593388141,,,,,,,0.6367629796099583,0.6385519621988002,,,0.6394348481678973,,,,,0.637590977331072,,,0.6384019580062251,0.6365986262346377,,,,0.6401821209573544,0.6383228039337565,,0.6385583034409644,,,0.6375139882262945,0.6385459809762454,,0.6424216317680334,0.2371337836764364,,0.2371623682774551,,,,0.23665032258114618,0.2374580826696281,0.23746733900004258,0.23703335820938212,,0.23674323982821754,0.23663626983124353,,0.23698932084360716,,0.2368181442729555,,0.23697925300640516,0.23687731571175327,0.23723873576470994,0.23689866179159214,0.23684653895622254,0.23705429870250905,0.2365267223713761,,0.23706412844239183,,0.23721506625829406,,0.2363513221105351,,0.23624196274926648,0.23689753072238814,,0.23738272545600617,,,0.23687937225565034,0.2361490688258448,,0.2365634254034694,0.23678668085296217,,0.23667132346006828,0.2366391592095514,,,,,0.23657142702961545,,0.2361790675329545,0.32836003381136025,0.3284778051732475,0.32798937346962526,,,0.3366752276144597,0.3363893507900174,0.3359463923092458,0.3366256638568092,0.33676615595671877,0.33612588892880657,,,,0.7652190173675232,0.767157864826504,,,,,,0.7674006709328144,0.7670688086198969,,0.765173896629051,0.7656619819194547,,,0.766229788836218,0.7665900017957803,0.767913331370327,,0.7673953434026333,0.764058770767113,0.7634636261196187,,,0.7655801378235709,0.7668051828207233,0.7660123031219188,0.765799056918094,,,,0.7651350809690672,0.7657620504310061,,0.7667268395429627,,,,,0.763858309591942,,0.7645643301539465,0.7645151861063799,,0.7654523279101714,,0.765464852134774,0.7659219135796221,0.76416077049,0.763439648234388,0.7638734041478753,0.7649206819317512,,0.765024201689157,0.7653716443769901,,,0.7639466436463167,,0.7624211801070632,0.7634779590378595,0.764419757415803,,0.7667596436637085,0.7628344808266505,0.7639966522231877,,0.7646138417839934,,,0.6252496597136735,,0.6240006345634579,0.6230082030000753,0.6243422439611925,0.6263171928615204,,0.6249601182763951,,0.6257526069495193,0.6254925301903073,,,0.6246264273495026,0.6249314595928906,0.6248610531423217,,,0.6232581354287116,,,,,0.6260024167931881,0.6252614957242733,,,0.6235033631149005,,0.6238505657363224,0.62278480447972,,,0.6240824276973764,,,0.624087433821635,0.6243546988684083,0.6236717261423131,,,0.6252731683840124,,0.6247572907267878,,,0.6247110871690552,,,0.6235409921860674,0.6261655396735534,,,,,0.6245117715885421,0.6245118609453817,0.6243308832522927,0.6256391313060912,0.6243172035521575,0.6244115861092575,0.6238349297395253,0.6252911408973089,,,,,,,0.6247741114170006,0.6245657330172852,,,0.6241313134601145,,0.6243766748031722,0.6267938115464211,,0.6251494298528162,,,0.6257200032774322,0.6256601000602336,0.626508093837506,0.6265285390840202,,,0.21619483067554268,0.21657161232831165,0.2153871565061938,0.7665088812851536,,0.7663640075103891,,0.7672912641548797,0.3331381965430246,0.33268652198028675,0.3333208940025748,0.3321337465129271,,,0.7619147431337016,0.23061554456025316,0.6304839190323249,0.33777057018916984,0.3380008078104603,0.3371708160843562,,,,0.3266436254079652,0.3280660011217895,0.3274155422124712,0.7730537353956407,,0.641264063425267,,,0.6622285392067433,0.8035450086776196,0.25428049230714,,,,0.2570895344022635,0.25706045721999254,0.25790074556898623,0.8114254627937155,,,0.260160302101134,0.2595731129645649,0.36264083337712616,0.3623209071894166,0.36235842671415297,0.36319540376439197,,0.3625356242282065,,0.36332850386259674,,0.3633993351749451,0.3620752498947048,,,,,,,0.362349502786767,0.6903242995553681,0.6904467081988793,,,0.6906853039115454,,0.8316016502238295,0.828148394862035,0.8332458442835428,,0.2641950010406926,,,0.2650288183770221,,0.6933753619976333,,,,,0.370149582832966,0.3700805107564046,,0.3699322995446156,0.3692456570757749,0.3692556431293889,0.3708737163403427,,0.36893173108885036,0.3704716181574256,,0.3701749366599534,0.36952052962755294,,0.3702766697849636,,,0.36918793544804684,0.3698199357641733,0.3689206376728478,,,,0.3688595805897376,0.36952039509181756,0.36926544091552543,0.36816671650514937,,,0.3690372426927609,0.36892389200089243,0.3683723234419383,,,0.36978036753131655,,,,,0.3697424307884426,,,0.3687770082506506,0.3698528292870243,,0.3702924682961374,0.37039248306634037,,,,0.3690062526874809,,0.3688958279507684,,0.3692687446030457,0.36906505228138375,0.36901178525139305,0.37000922645118345,,,0.19628836364554392,0.19614784731710452,0.19560120956045537,0.19696749056681054,,0.19612623163766532,,0.195868819920236,0.19628209874619582,,0.7723611505516494,,,0.7737380744192313,0.7722675133378509,0.7712811440496046,,,0.7712478955063141,0.7718495865331034,0.7694483046422415,0.7740275850743328,,,,0.7716090438865134,,,,,,0.1959652250888008,,,0.19633163549598123,0.1961823435587146,,,0.6219607137717782,,,0.622089729053746,,0.6196682449012333,,0.6214327360504192,0.6207636138721557,,,,,0.7715204269572015,0.7707670426075369,,0.7702807807548094,0.7716719019599696,0.772629165831482,,0.7713726388002095,0.7734702030599689,,,0.7726765118305935,,0.768704002805435,,0.6234617809879635,0.6210708317911906,,,0.620377368349635,0.6224372515092411,,0.19641435264711715,,,,0.19694515855548028,,,0.19607484089612265,0.19609735170162626,0.19608215221170544,0.19625592517918816,0.19587264714638933,0.19599363639773837,0.1963374363262753,,0.1960907070021534,,,0.19659805570515795,0.19667439910219828,0.1956815448941677,0.1966205556082441,0.19607023336205104,,0.19609869605163371,,0.19630955468474864,,0.6226966324587575,,0.6241014023015542,,,0.6223977644151532,,0.6221469942668035,,0.6193475564596217,0.6198603012747874,0.6228249572274744,0.6197812113337126,0.6201282389585752,0.621083614607841,0.621481179048034,,,,,0.6216647844775901,0.6214463811674326,,0.6239398944316097,,0.3424849683971496,0.34280584210945925,,0.34289325796913633,,0.34290773235014016,0.12970303340184608,,,,0.2874657343861308,,,,,,0.27350830441456486,,,,,0.27359724383197137,,0.27354776700922223,0.27282924157889066,,,0.27336903970900994,0.2735142566806803,0.2740171988788938,0.27293021726147054,0.273288288890289,0.2729749924245113,,0.2735545214989003,0.2724596790761602,,0.27295105739309494,0.2726983850560644,0.2726956466224607,,0.27340582845893346,,,,0.27361868242542614,0.2738717753950685,,0.2724078182857146,,,0.2726552712151808,0.2736974753868493,0.2721200592323642,,0.2728053238982926,,,0.273017589921265,0.2732786734664183,,,0.2731507524234311,,,0.27289048257406767,,0.2723678180258866,,0.2730109273672442,,,0.27351389678211235,,0.27314140706353207,0.2735228190274979,,0.2730287997727448,0.27309234574365226,0.2730077298921174,,,0.2732784373797943,,,0.27335247805572477,0.2729691881835506,,0.2733549509152694,0.27334666381623196,,0.27372527372489575,0.27326261207772273,0.2732598831895127,,,,,,0.2729971485645852,0.27384441045290425,,0.27345692315704007,,,,0.2728869447503337,0.27317712753138035,,,0.27347720108658474,,0.2732240777809372,0.27385566214033724,,0.2734426495984347,,0.2731570075062395,0.2734205392909928,0.27337408269287905,0.2732477657305245,,0.2734157302757016,,0.2729403570936925,0.2726214663024486,,0.2732921208637439,,0.2735402991317521,,,0.27263706618184524,0.2737794281589626,,,0.27304914089022164,,,0.27340648727382705,0.2728542840553987,,,0.2727142467236877,0.27282437258616604,,,0.2736162479031588,,0.2729461040251173,0.2736579973941054,0.2733649977929128,,0.2731941526358149,,0.2734999904648553,0.27313191620485844,0.2738516366240911,0.27352405229563737,,0.2728603819362474,,,0.27379703094223345,0.2732583392324054,,0.27310233130263917,0.2733936539495668,0.27339626427459807,0.2726206754039688,,,,,,0.2727183326329493,0.2742687066974515,,0.273239463526681,,0.27303258216711856,,,0.6942288982518938,,0.5298606114662722,0.6818449040847591,,0.22908793957165324,,0.5184033375982808,0.5169212464352801
8,24,DG_48pct,96,Z04_F05,4,LL_AB,157143,165469,True,9231.352355102505,9336.53429630492,9273.411811233816,2915.352749735723,2723.701478320838,446.64382994538585,43.08523766775443,1116.4948741932249,1001.0877278889816,546.5396362200925,503.9741302072496,166.36589403649523,2.46270729459815,110.8000164584013,333.8630461235806,191.61419867473603,276.5760634491312,115.42694194705201,151.8194554204095,166.27673954008915,0.46848745725728447,,,,0.46069916386682586,0.6572874373096206,,0.10062757955550498,,,0.09547077508265726,,0.14154775458032676,0.14105399318249529,0.09784951980922883,,0.09801068334113576,,,,0.10078487840001625,,,0.1005286968287495,,,,0.09965818592073565,,0.10125273107323267,0.10098051515609195,0.1008917798226596,,0.10108326656508808,0.10118428718077328,0.040868165272196964,0.00012949106800256256,,,,,0.00012973358671195616,0.0001300850526769744,,,,0.0001307476921504043,,0.00013050492599573586,,,0.00013065207178390172,0.00013060521757744863,,0.0001301949413718392,0.00013046929229275215,0.0001303595130662808,,0.028471945336700916,,,,0.03497618648637699,0.03517419945363084,,0.03497679537103098,0.0350964802966193,,,,,,0.035098942716439235,,,0.03500169073306594,0.03506415439543598,0.0350951843291983,,,,,0.03509251469112066,,,0.00012930602094465195,,0.00012936589187277858,,,9.581554730058235e-05,9.558775330165144e-05,,9.56261465894374e-05,,0.21099377549937928,0.21031790340448744,,0.21114708312677943,0.21049004606638055,0.2108011611010773,0.21089486411098182,,,0.21023123872809,,,0.21059561379849231,0.2102288393754831,0.21023157904572864,0.21085770433242135,,,0.21081996611172024,0.21031727800686734,0.2110059645687346,0.21038613298516415,0.21035176946629952,0.21049932913373304,0.21051941872873964,0.21016654079215347,,0.21021429759815843,,,0.2104625540522713,0.2103448776753813,0.2108724932154068,,0.2107412009858433,,,0.21027264738608303,0.21053301865291768,,,,0.21053273751282267,,,0.45066344534834213,0.4507613452880541,,0.45029430558873307,,0.4489029151917918,,0.4498872074376406,0.4507900617360304,0.4500820173423769,,0.4499968722513199,0.4503300826334955,0.45136898455608765,0.44778902030625234,,0.4497404287292381,,0.44898859820953,,,,,,0.4495205400420113,,,0.4486599702778428,,0.44953697166859513,,0.4492852930375568,,,,,0.4492422973717293,0.44992289021162724,0.450408637217803,,0.44972504978384725,0.4498016790184622,,0.21031355238082203,0.21023246675259474,,,0.20994926702329939,,,,0.21077244708047044,,0.21108828328399237,,,,0.21127944702901205,,,,,0.21074751945552944,0.21057446399252094,0.21025376932493275,0.21063136822697837,,0.21004740460345855,,0.21078721162089215,0.21047640379017593,0.21054589553084269,0.21047803802140874,0.21081920853383834,0.21055873115791232,,0.21090214234216312,0.21043170163067004,0.21066913339838286,0.2111438246382594,,0.2107673865471164,0.21133021237023936,,0.21015345086429146,0.21019275808991578,0.2106302588263872,,,,,,0.2098154171695377,0.2103178537183397,,,0.00010510826231050093,0.00010517752009723703,,,0.20256624760730058,0.00010045946337257175,0.0001007963214971015,0.0001001329512217023,,,0.00010061468617114101,0.18322355093101803,,0.18302802601957335,0.18350386662549464,0.18282302228019617,,,0.1830603141099167,0.1833831248012866,0.18386180495507715,0.1833598051466316,0.18405762640813708,0.18385423562288172,0.18402983850281543,,0.18346720220568516,,0.18325523286351422,,0.18351094705613893,0.18330728637604493,,0.18252379152434842,,,0.1827424688718506,,0.18377819098366055,,,,0.18318515454951242,0.18346912894855366,,,,,0.1833816282822703,,0.18336380729344143,0.1886124817987405,,0.18842075458001262,,0.18849668441984602,0.18854167240544012,0.18863147363841573,,,0.18808972839926108,,,,0.18828349088339305,,0.188438010039598,,,,0.18854131126900697,0.188114448793204,,0.1885141376946178,,0.18850239163640556,0.18882924316741082,,,0.18841324010158336,,,,0.4677391428434979,0.4651290168161365,,,,0.46752667060426606,0.4671020882876011,0.4678951902756654,,0.4680605180787178,,,,0.4611470086812662,0.4630185960189304,0.46072326611372555,,0.4609404227516903,,0.4612543736002598,0.46232475055993544,0.46134548682988474,,,,,,0.46658033590746534,0.4657933527226869,,0.4678740278229283,0.4651285090414896,,0.465424482655065,,,0.46679415324906504,0.4669179482035276,,,0.4674297339978868,,0.46766294228017735,0.46709225108589014,0.4652523382698065,,,,,,0.46658140325114517,0.46608700669469827,0.4673579630142123,,0.4679699111434093,,0.466350192659268,0.4621055302390028,0.46156061123530806,,,,,0.46212265536936986,,0.45960252970285964,,,0.46156849409416006,0.46227281679425936,0.46221490856071273,0.4628697118220923,0.46239663579577295,,,,0.46205396398449455,0.46125729837900925,,0.460768407731468,,,,0.4619940295502054,,0.4615814088200667,0.18645566484145604,,0.1857929273794915,0.18610718813854696,0.18460221510999292,,0.18451062191185486,,0.18494550576744279,0.00010649942311965684,,0.00010645718460120174,0.00010629747860333722,0.00010597281765170983,,,,,0.00010067609872453822,,,,9.841750054663789e-05,9.85382144511554e-05,,,,0.21541032820637557,0.21557446384917217,0.4485943313326005,,,,,,0.46524211455336306,0.23028563361967805,,0.23117667369717523,,,,0.23057882170943778,,,0.23314463834310253,9.679530079849303e-05,9.686934215877832e-05,,9.662695157607018e-05,,9.649566789342103e-05,9.687094399293445e-05,9.675258899183005e-05,9.640594311670338e-05,9.659139380177927e-05,,9.646261777221176e-05,9.685340041159696e-05,9.670885239268001e-05,,9.66635511800107e-05,9.68041481680012e-05,,0.47706324198946964,,,,0.47729572487522837,0.473499896863821,0.23822534672016163,0.23839378376173054,0.2379553872538187,0.23711140357029412,,,0.2379917416496009,,,,0.4809550701923561,,,,,9.824488292085122e-05,9.821043573071091e-05,,,,,,,,,,9.821389935765861e-05,,9.825487094993881e-05,9.798560711755625e-05,9.828722863990096e-05,,,9.853164522759565e-05,,9.843310229316688e-05,9.840273590234823e-05,9.806200969856743e-05,9.842900532747281e-05,,9.821942414338284e-05,,,9.852978795307625e-05,,9.82329475404277e-05,,9.845685211883013e-05,,,,9.810788699419513e-05,9.835916935230572e-05,9.85729146284272e-05,9.797168148264947e-05,9.784007042298234e-05,,9.826352250096952e-05,,,,,,9.818942052353303e-05,,,9.828267869927758e-05,9.852171339351616e-05,9.854096300248663e-05,9.844035813202478e-05,9.805954093526435e-05,,0.16402200634136357,,,,0.16411565245993937,0.16406150622490678,,0.16419676289775828,,0.16408928068661693,,0.16406149093994957,0.16437916387046114,0.16422871037614123,0.16442341089478374,,0.16447745431923105,0.1644282356381044,0.16428709228273777,0.1647667834379103,0.1648483454170272,0.1638399602176969,0.1641478845044586,0.16403448735335588,0.16398828434454757,0.1647036082378358,0.16405690594812014,,,0.16415816549623882,0.16433000939705897,0.16449243522905407,,,,,,0.1646409053286191,,0.4857172539772381,,,,0.48606684652483456,,0.48478027530763856,0.4839424787834158,0.4848528116278055,,0.48445564370922906,0.4849894405904291,,0.4843642826912769,0.163877075535514,0.16399964343584286,0.16366277920493244,0.16421394043264181,,,0.16450820364784313,,,,0.16435793255287698,,0.1620756772763345,,0.16393511595066096,,,0.4853017281258954,0.48560172215311337,,,0.4857334930526695,0.16409504265386168,0.16403847216798334,,,,0.1640097925519019,0.1641105455012439,0.1639695338443736,,,,,0.1642615434178241,,0.1641582909103602,0.16448160034053014,,0.16464658254593104,,0.1644151511214379,0.16441483529115808,0.16433154786317364,0.16433057318841832,,,0.16399928773569758,,0.48750062431353175,,0.48474085975347764,,0.48580951710860715,0.4856404397275374,0.48534004292080335,,,0.4851381921400378,0.48513091122188534,,,0.4839643864030125,0.4838983994561915,0.48432202104878436,,0.48522828125170414,,0.48327528202546927,,,0.48451185048948153,0.48487149461200224,0.4840365523270228,,8.348214962886825e-05,8.368528139957839e-05,8.339252760309612e-05,8.381263029800128e-05,,8.369634684586638e-05,,,0.00013216092962726927,0.00013185187609883426,0.00013187280641296066,,0.10175089964161176,,0.10112678140695759,,0.1012106986244971,,,,,,0.10114553534489341,0.10088625966227323,,0.10162437554087754,,,0.10126474979138388,0.10103368208759846,,,0.1014310067317837,0.10115197044168603,,,,0.10120097400803867,0.10141328690058805,0.1012538576083731,0.10115923205544745,,0.10123792083785456,0.1011943040481873,0.1012192993774819,,0.10144352783566077,0.10140742109424913,,,,,,,0.10131027304871291,0.10118446723134125,0.10109013053569212,0.10165084549407141,0.10117387397049633,,,,,0.10143757310130427,,,0.10119165388548387,0.10129859827151905,0.10114177431964337,0.10124490983570159,0.10131039695561786,,,,0.10120409856268556,,,,0.1014149967083819,0.10168163116674316,0.10101318802257032,,,,0.1011866448467009,0.10119388761939871,0.10141472847005412,0.10143362340039948,0.10155007888413667,,,,0.10135682933734413,,,,0.10143453103659901,0.1012549369033583,0.1011679217213084,0.10115937735935152,,,,0.1012839484630424,,0.10131960064283962,,0.10127812995208163,0.10114875534900565,,,0.1011551715955726,0.10127743784057645,,0.10129205549139957,,0.10128154951307962,,0.10092118144350457,,,0.10145053864026342,0.10098712901713304,0.10099705457991973,,0.10150694013422336,0.10140226048695,,0.1008762400036874,0.10121123130507186,,,0.10120797653408296,0.10128610719756395,0.1012672754449066,0.10096214946492608,0.10103021979521505,0.10098756593056803,,0.10101823037447608,,0.10125668677299793,,0.10112379499247905,0.1016508424026386,0.10141781002085543,0.10111728624912952,,,0.10091849502420039,,0.10145020904267162,,0.10130646285347229,0.10109733087567689,,,0.10157780526699174,,0.1009743938569543,,0.10146720828179734,,0.10115168496308719,0.10104390872172357,0.1011255122430717,,,0.10117865026948529,0.10110828460882136,,0.10137937219215556,,0.10096814929576425,0.10118073425874378,,0.10121753930489534,0.10096363508211817,,0.10123121180049778,0.00012716949285921923,0.00012703377509728218,,0.003915875721224741,0.0037347532016271325,,0.14419888833403277,,0.09988872758387335,,,
8,24,DG_48pct,96,Z04_F06,4,LL_AB,157151,165486,True,8471.069797516464,8515.713323222635,8525.717789096936,3226.808989751956,3030.4235132405456,466.9699741122257,46.35990680199076,1314.1185753125903,1182.6528642734042,644.3444753706697,595.2730614148559,196.56496249815243,3.028822210396039,83.10500714041144,253.86272584810442,201.553794051479,315.8963781038135,131.11607870546175,170.23082190548516,196.3608526648319,,0.5215183986178948,,,,,,0.19413302305843982,0.19448736969496808,,,,0.28656606575167337,0.2860696419868571,0.17976085906248457,0.17978743922629478,,0.5606613175932486,,,,0.1945093951697528,,0.19450924254843838,,,0.19192486130809433,,0.19241673251886338,,0.19457538335923688,0.19429990780613657,0.19498079031599705,,,0.2039612324034914,,0.10289866684276196,0.10284693664502993,0.0763420029638885,0.07658428510366197,0.07669860173286519,,,0.07671930406329945,,,,,,,0.07683057872620579,0.07677331696585357,,,0.07676809488643936,0.07693241072290187,,0.00015162216921506453,,,,,0.11481602289711641,,,,,0.11428415418824756,0.11436086800542013,,,,,,0.1144026621455863,0.11461111726816359,0.11460719335295781,0.11433776537934258,,,0.11397390673762889,0.11444407008468527,,,,0.06487524337042569,,0.19407556235993778,,0.07967792137064615,,0.0798707825637664,,0.07982848711984691,,0.3161245985269275,0.31598402287478217,,0.31656111336056336,,0.31569020643973966,0.3169392058243258,,0.3155710089279329,0.31610445099642026,,,0.31689272036674043,0.3168670953590515,0.3160029868604781,0.31703231975643315,,,0.31510223065509363,,0.3150151582736767,0.31608677355520415,0.3162705582976726,,,,0.31582558911007413,0.3155015625851668,,0.31522957060924617,,,,0.3169944987335685,0.3157472246264375,,0.31580452483708044,,0.31535296692177134,0.3156563590904822,,,,,,,,0.5348949171015809,,,,,,0.5354584969070183,,,0.5335774122158979,,,0.5338715503563182,0.5344377619737568,,,,,0.5352929734909074,,0.534053160717746,0.5352862003534837,0.5340335194934911,0.5334060821242718,0.5346225637877835,0.5343795359640645,0.5327214047324845,,0.5333545773396496,0.5327862976423178,0.5363617638599857,,0.5341203208561801,0.5363246633032255,0.5348548130109756,,,,0.5345349603337046,0.5350325059850618,0.1951915048930791,0.19549352466603104,0.19564474910427562,,,,0.19564486664813183,,,0.19566597726708093,,0.19539339770655514,0.19498858442947853,,,,0.195977289078868,0.19501605309094455,0.19556671116626148,,0.19526041300009478,0.1953297838870381,0.1948199326496093,0.19576638569923016,,,,0.19511534819402618,,0.19528171501764635,0.19485631719935081,0.1955692133857192,0.19439713515383641,,0.19510664450327764,0.1954810458772996,,0.1953018065648769,0.19500995554813313,,0.1954721839143138,,,,,0.1948955266219199,,,0.19513759063962144,,0.1958561465997534,0.19523590248050393,,0.07719851200270851,0.07693974926653911,0.07718982942883275,0.2932909365930633,0.30621807857926836,0.07953854146350092,,0.0796953739053189,,0.07965970429943146,0.0797005638499731,0.2861523947428725,0.28589216557039604,,,,0.28625427036078865,0.28555594193911576,,0.2867576278644247,0.2859926656039585,,0.2865296547257335,0.2866945551497274,,0.28665507695407805,0.2860373691952795,,0.2857668771981764,0.28579764222517945,,,,,,,,0.2865012450959634,0.28515086086090624,0.28541154448695794,0.286448330054609,,,0.28634730426585625,0.286251947677795,0.2860650282342297,,,,0.2855302070274161,0.28626260821124655,0.29104098339698814,,0.2924464648546771,0.29170833742305363,0.2914932869722556,0.29178651363955427,,,,,0.29105207929928123,0.2922229107337301,,,0.2923434043015324,,0.29230429514540185,0.2919777371708513,0.2920865903135839,0.2926683539575247,,,,0.29114705669407576,0.29299250610209304,0.29104295967863114,,0.29128096360075917,,0.2920501461013827,0.2903687448931297,,,,0.5513863844359292,0.550200660802753,0.5498423385215794,,0.5522745564614215,,,0.5511590682720324,0.5506905982554734,,0.5461954899273546,0.5459616964237174,,0.5457068040167068,0.5459725513727843,0.5453262677973217,0.5469563995613365,,,,0.5457183960044353,0.5460602839694978,0.5453590455949597,,0.5502365355002358,0.5506625223977009,0.5511021293252236,,,0.5506778874662693,0.551459501169832,,0.5505757897673204,,,0.5512833224214532,0.5513026304571004,0.551420242489556,,0.5524987275897786,0.551071195061474,,0.551629550577117,,,0.5501007117151812,0.5515553057881384,0.5518982145324659,0.5497731427001883,0.5509678853000533,,0.5496391283336051,0.5517360199773196,0.5521790809042527,0.548650666397928,,0.544570584564987,0.5466859150739606,0.5449276800296818,,,0.5462833349032784,0.5467434355183356,0.5453450929593241,0.5451812026729442,,0.5450467537429474,0.5473303163948374,,,0.5445767806273977,0.5455002499695222,,,,0.5452134350138332,0.5469125641392728,0.5468232309946811,,,,,,0.547186825689984,,,,,,0.2881682640180567,,0.28882979562794525,0.2875912081535824,0.07837969441884395,0.07861724407962045,0.0784568235519754,0.07869323316186333,0.07834586921177936,,0.308285192414701,0.1893938744474721,,0.07944351030308734,,,,0.07805796977546356,0.07779601320004428,,,,0.32299600240081977,0.19953684404281383,0.5341746811148054,0.3351061087191073,0.20863216559296238,0.5492190108910918,,0.21147716554734652,0.553814716058472,0.21354260358855676,0.21366957557365396,0.21401515743758853,0.21395360604436486,0.2136573085818778,0.3420311747813368,,0.5579406667699426,0.21621010914687275,,,0.0860265732833324,,,0.08584424787560761,,0.08595128766536159,,,0.08625257408502252,0.08579219120324573,,,,0.08584184930497915,,0.08596591390088172,,,,,,0.5686942900627893,0.5662711326643634,,,,0.35260587888389405,,0.2206141319991696,,0.22086946237583438,,0.5717100449719136,,,,,,0.08766528848944496,,,,,,,,0.08751062800704164,,,0.08753962953169071,,,,0.08749233512541374,,0.0876497427332191,0.08753643198368094,,0.08753393480249275,,0.08781203791881274,,,,0.08735566318088865,,,0.08728279740935445,,,,,0.08763305711819187,0.0875377576507311,,,,0.08727836755433983,0.08767974031138662,,0.08770336632923546,,,,,,,,,0.08766462067457512,0.0874725540137344,0.08768875224427253,0.08756285264856284,,,,0.1510133970598225,,0.15056029923024464,0.15034133224532628,,0.15108009373966225,0.15085992276278973,,0.15051263911528623,,,,,0.26643423049011045,,0.26610613429019503,,,0.266233687417152,,,,,,,,,,0.26585460312379305,,,,,,0.1509483495209714,,,,0.5687634173402502,0.5701690127086166,,,,0.568195986025025,,,0.5683137000308034,,0.5685255898797515,,0.5679321512750567,,0.2666142984542188,,,0.26458586825478203,0.26649605040905416,,0.2672721133965964,,0.26626776395444024,,0.2660530489810437,0.2660395544575603,,0.2659961097880143,,,,,0.5706562093323553,,,,0.15108447867279373,,0.1510317483623655,0.15086906100637146,,,0.15020531798439912,0.15085820491925903,,0.15099343826479855,,,0.15099321606336075,,0.15092003027297587,0.15134549880528905,0.15040931499400678,0.15108999699127038,,,0.15098413248990436,0.15056425444284743,0.15082220660728035,,0.15066845939011883,,,,0.570237763929664,,,0.569569058840017,,0.5710968218034745,,,,,0.5674910254816097,,,,0.567956077186544,0.5699272656420725,0.5687115774360103,0.5684845973450126,0.5688169050668034,0.5707634232234006,,0.5703342105224043,0.5692543162929278,,0.5699987426476535,0.08094750665291806,0.08086805065797044,0.08128059391932893,0.081080704788789,0.08096532613088628,,,,,,0.10451929224426985,,,0.19576723516331154,,,,0.19518697035493884,0.19554362005403725,0.195506785808955,0.19511254130872432,,,,,,0.19532370551844191,0.1952907405458077,0.1952173207175768,0.1956545176592801,0.19527671851418318,0.1955723050382659,,,0.19506455371391374,,0.19495371595295494,,0.19554865952122313,,0.19558361881402123,0.19586922228045126,,0.1948825182671656,0.19542855050421917,,,0.195147259337556,0.19521527324784674,,0.19457052181778092,,,,0.19552144866470345,0.195107991111759,,0.19510534039934888,,0.19499940135858748,,,,,,0.19519976123758312,0.19497733644744245,0.19567687556491922,,0.1951400989531038,0.19529421946101688,,0.19508127966066494,0.19576868701822636,0.195589132788869,,0.1953043620709482,,0.1950483634173135,0.1948913581570111,,0.19552888747684397,,0.19519180531250402,0.1947499474133764,0.19572552296294027,0.19599480951455514,,0.19592714133863165,,0.19565392838493534,,0.1950087673480846,,0.1947886303103775,,,,,,,,,,,,,0.19594804462178406,,,0.19519025561338027,,,,,,,,0.1951156974548027,,,,0.19559682339886786,0.19505907715085258,0.19556701026879136,0.19556527739097398,,,,0.19499634336166688,,,,0.1953369653294768,,0.19493831135813705,0.19530785790371288,0.19563450301335697,0.1955986897140877,0.19453666348626175,0.19520346627706842,0.1957293976145642,0.19459761061482544,0.19540890098032543,,,,,0.19537718938510848,,0.19546942950651505,0.1956659710775307,0.1951819219698809,0.19486632362531897,0.19539461094763313,0.19551765767264978,,,0.19453267020771192,0.19485861247298356,,,0.19504974080623777,0.19539876151403937,0.19501013115397836,,,0.19536555330373892,0.19528309113914588,,,0.19503128875428605,0.1953167792603263,0.19530822361186265,,,,,0.1957758155916096,0.19483328378253612,0.06447559776477749,,0.06438203038842355,0.17477624808323702,0.10927039603034812,,0.28956579316212994,0.2893364030326818,,0.18014135627284272,,
8,24,DG_48pct,96,Z04_F07,4,LL_AB,318387,165451,True,10023.915067470894,10136.78559810665,10163.24609467104,2925.445834280566,2741.2479441190685,425.1631027552295,41.53513854928267,1171.7937291844157,1058.231502450983,576.9097215240057,531.3818332823217,176.66810370918506,2.5912291788936055,151.2227358851694,448.67981861392445,182.6960332061966,286.9822678215093,120.04117133003193,154.34161921251436,173.90277892272277,,,,0.48245990789028603,,0.6511185209085403,,,,,0.007902209192125479,,,0.012327106104740722,0.01212714066280937,0.012101255533467062,0.012117994065218511,0.5536653043845055,0.5548767531590066,0.5525650550623384,0.0001443544934182792,0.00014365886545205026,,0.0001438256147716189,,0.00014350117538792137,0.00014183466008205756,0.000141978290706863,0.00014188808551617363,,0.00014368109189021204,,0.00014389776841404814,,0.00014388025558330619,,,,,0.00012801098060151022,0.0001280634568630771,,0.00012802498434332597,,0.0001277862801461496,0.00012841223481411043,0.00012778563951475013,,0.0001281682931975975,0.0001283066691723589,0.0001281899621052141,,0.0001285745848308716,0.0001281880449626281,0.00012848902157411134,0.00012819394773931313,0.00012849907464293158,0.07443359550189894,,,,,,,0.07887710973669011,,,,,,0.07908574899966161,,0.07904913609065173,,0.07888579648123133,,0.07906784148483864,,,,,,,0.07875797412105971,0.07882117906003855,,0.00013908320428075184,0.0001395895112540016,,0.0001520071513080541,0.00015235228396847457,0.0001517451468026898,0.00015158788356948717,,0.00015083404931331442,0.224953693853132,,,0.22424925693053194,,,0.2245471659737842,,0.2247169503612426,0.22487877336942075,,0.22502186672024774,,,0.22486346836712334,,0.2252086627001971,0.22498929530327416,,0.2245640900374722,,,,,0.2246315639092232,0.22399849272410952,,0.22458509102447954,,0.22513189700030606,0.22524990054607205,0.22439030789639977,,0.22501667078830223,,0.22564060591102558,0.22473065797263775,,0.22450363315181204,,0.2245683537720919,,0.2245351223283726,0.47174796970641536,,,,,0.4722994272167541,,0.4728636091820876,,0.47026217593335057,,,0.47182258188601145,0.4713603179477457,,0.4711467837927407,0.4723118356899034,0.4710413522076813,0.47095573434652765,,,,,0.4730491933396605,0.47073468946399594,0.4706792513933668,0.47274565793168244,,0.47122590724095426,,,0.47156348095354716,0.47084490891969333,0.47196202280435134,,0.4713922312849007,0.4718717958469561,,,0.4714308273810327,,0.47114093493526815,,,0.4711573194082863,0.2248374809670181,0.225212827046005,0.22493072343810416,,,0.22436105999551012,0.22473333705641668,0.22511514422379716,0.22496123012162095,0.22531056610286693,0.22472007245889344,0.2253419605678837,0.2252017902057682,,0.22475222683435445,0.22460453142091807,0.2244453165065843,0.22561495276383103,,,,,0.22496530066339887,0.2248432330664251,0.22476675714597902,0.2243274005921937,,,,0.22456013310226086,0.2241702537650893,,0.2242163412855956,,,,0.2247145432367264,,,,,0.22525140634750154,,0.2251062949673611,,0.2252028153048997,0.22474097573053264,0.2250961735672996,0.2252236998370797,0.224670942670282,,0.22476689294489807,,0.00016263673955108242,0.00016330847385493324,,,,0.00015933921305978386,0.00015989076539243218,,0.00015915378894144436,0.00015948668906909353,0.00015960804627344498,,,0.20302948709679772,,0.20273275836015647,0.2034168339924027,,,0.20278218987258512,,,,,0.20240999150380193,0.20328509829151398,0.20311248542029875,0.20322170225757488,0.20305963101144528,,,,0.20311614641094963,,,,0.2030836025551408,0.2033423580685966,,,,,,,,0.2034481920137619,0.20344138773293613,0.2031806990700751,0.2034768777048549,,0.2034689252764315,0.20743187203295382,,,,,,,,0.20699420856343959,0.20669003838331568,,,,,0.20711332200646318,,0.2073734043882696,0.2069671526920503,,0.20783486354408723,0.20734331061764072,,0.20751211378990855,,0.2072526138617369,,,,0.2064965044989304,0.20708725059020128,,0.20678563720469903,,0.48307507196961125,,0.4835636018520263,0.48224703001481806,,,,,0.4826715241870736,,,,0.4791249693365387,0.47812293170114545,,0.4779414429360575,,0.4785476071318272,0.4773487230016362,,,,0.47799646156847553,,,,0.4809206917264056,0.4819154465371378,0.48334001610006866,0.4814592559469795,,0.48330551477762573,0.48215573678806206,0.4820746718197363,0.48152677309798586,0.48163721736385634,0.4827916073026731,,,0.48220288734628936,,0.48392135837988104,,,,0.48264575681688493,0.48359307193888235,,0.48160508864623913,,,,0.4822466725997973,,,0.48228509387778135,,,0.47821036830687147,,,,0.47810875004564457,,,,0.4782801296971368,0.47882426125222166,0.47864714637907857,0.4783160894993036,,,,,0.4778145184349647,,0.47824642543825163,,,0.47789470453545446,,0.4801511734260754,,,0.47919315820649094,0.20519411388214806,0.20604267657353437,,,,0.20443401537197373,0.20471743309379617,,0.20424948024824469,,0.00016478879791417147,0.00016490081437455805,,,0.00016444173319833525,,0.22035313293811537,,,,,,0.00015630312742605584,0.00015646979797355587,,0.00015225481752054063,,,0.22930116353735128,0.47084061014081896,0.23845791573911393,,0.48527174712902577,,,0.4908542362546448,0.24341283587151527,0.24286898197391626,0.24367500419890656,,,,0.24367098546447646,,,,,,0.00014300081742745462,,0.00014307383874195582,0.0001426588187326997,,0.0001436548356061894,,0.00014301322421861378,0.00014279273212882725,0.00014336554950765705,,,,,0.00014302440004242335,0.00014299457970730437,0.5035289621173686,0.5050912237539725,0.5050507664432832,,0.5041752898128227,,0.25172394083611765,,0.2510723192423447,,,0.25014850177493897,,0.2512879658486316,0.5054183840199975,,0.5071805204340851,0.5049402646762092,0.00014569626515212997,,0.00014611537757797986,0.00014590292269384193,0.00014619827875028883,0.00014610632095553782,,,0.00014640202682593168,0.00014627895893281535,0.0001457296224493729,0.00014656890666225162,0.00014571934687683622,,,0.00014652325419030096,0.00014584658414916194,,,0.00014591444889925178,0.0001460592887366916,0.0001460482724753376,0.00014596123485330898,0.00014572435475399703,0.00014590256986996304,,,,0.00014571176733414702,,,0.00014647403210198603,,,0.00014598279453197346,,0.00014617247901997936,0.00014599220966211103,,0.00014629424575385506,,0.00014624707167859105,,,,0.0001459918594930607,,0.00014614193386323267,0.00014635011223481536,0.00014585982663248626,0.00014614888370571394,0.00014605417480811404,0.00014585760796827072,0.00014569272200354256,0.00014580307388977856,0.00014597789396435308,0.00014637834110478744,0.0001455655795654887,,,0.18885186443750152,0.18892293267872193,0.1888380744141027,0.1883415045462802,0.18857424490763672,0.1882011673247617,,0.1887473846618283,,,0.18851646914663422,0.18820311439379067,0.18886100053704136,,,0.18884322696842906,,0.18852320938539335,0.1884916347649617,,,0.18795053239559598,,0.18842372766627163,,,,0.1888282874764528,,,,0.1888303636556475,,0.1884089054132499,0.1891355956548885,0.18884085933277212,0.18927007117165714,0.1884984421302668,,0.4945334888777657,,,0.4951450723364475,,,,0.4945868055984043,0.4954981455075136,0.49471184388840483,0.49475193343814433,,,0.4948065361526797,0.1880713964025623,,0.1881260689132865,,,,,,0.18900991570495623,,,,0.18576203848574524,0.1888964847295168,,0.49622572212818206,,0.4958842082360648,0.4961790245569986,0.49538851290288344,0.4951999333021722,,0.1878882665326087,,,,,,,,,0.18902135828676717,,0.18898303000465058,0.18906521109538404,0.1883674056737995,,0.1886796493551377,,,0.18877108727712552,,0.18925637726798264,0.1885403058256382,0.18842117535592912,0.1887139301462938,0.1890314237519291,0.18890364424092482,,0.4965260155170134,,0.496699328236786,,0.4952029976725378,,,,0.4968586998594978,0.495280618657342,,0.4943286811085287,0.49613041462342733,0.4966613228408842,,0.4952586839491286,,,,,0.49596418967139866,,,,0.49682585272213226,,0.00013827530455597843,,,,0.00013828031595319783,,0.06498800626904574,0.0631207598198755,,0.000126615069110114,0.00012679028164627848,0.24828185464210215,,0.0001445265714515594,0.00014447756977910295,,,0.0001444363873961818,,,,0.000144118856855748,,,,,,0.00014415134783797858,0.00014410144641272633,0.00014468591278787204,,0.00014428616294153112,0.0001442655776548796,0.00014380622479385642,0.00014428593106493345,,0.0001444787849100614,0.00014397353721892834,0.00014460425444747698,0.00014437775875628903,0.00014464394935002005,,0.00014430762322900092,,0.00014481217090310473,,,,0.00014409854457868705,0.00014424620417933937,0.00014425216662444586,0.00014482081290384215,,0.00014451631993889924,0.0001444383648332478,,0.00014412288281621477,,0.00014455799109992562,,,0.00014427718805145633,0.00014461910925271207,,,,0.00014437433096641203,0.00014408537071591848,,,0.00014402282923777328,0.00014448939665640792,,,,0.00014440890466191488,0.0001446140703879041,0.00014432332281728567,0.00014435641451961592,0.00014429895054715762,0.00014428534399127973,,,,0.00014446346559153614,0.00014415823258592242,,0.00014410912812690192,,0.00014406827895679139,,,,0.00014400985551113398,,,,,0.00014393520841455329,0.0001445703818233651,0.00014477519209208416,,0.00014417284625610358,0.0001444088003476498,,0.00014433791197920306,0.00014444245244862495,0.00014431285495332093,0.00014410590174870482,0.00014419274482362827,0.00014411297261139765,,0.00014499100139435677,,0.0001445502729435732,,0.00014465457719195173,0.0001444120342501642,,,0.00014398878830765844,0.00014408111204789736,0.0001440645208454881,0.00014417723800786586,,0.00014416032505173073,0.00014438667551822215,0.000144551007425809,0.0001441762040710508,,0.00014425962652802593,,,,0.0001443804808665311,0.00014440206581221434,,,0.00014464439707734722,,,0.0001444630224303705,0.00014437336373722962,,0.0001443194002986416,0.0001445135105552885,,0.00014420980372134448,0.00014421342489384726,,,,0.00014467573403040791,0.0001443915470750909,0.00014439014531872474,,,,,0.0001444244926417865,,0.00014430452789220601,,0.000144366399876718,,,0.00014434651877158464,,0.00014447373382472277,0.00014435442029165266,,,0.00014447319901986553,,0.00014474611099857048,,0.00014382504172563617,,,,,0.00013099890397643156,0.00013150738814717762,,0.056319758518904674,0.5204531424928999,,0.01710738823566383,0.016875042168579987,0.016906700789187334,0.5494760469211921,0.5490840833745879
8,24,DG_48pct,96,Z04_F08,4,LL_AB,261181,261836,True,8817.28095671081,8845.138543362538,8916.162356736831,3046.985917702344,2876.751715834368,433.95546323321906,43.005576327281624,1257.3225965122715,1126.3876607050252,615.6612077491366,574.3571124952264,189.45613666662194,2.849415635227314,98.48101779234801,296.3063824209902,186.48734859163866,303.96729065621884,126.28965937090989,162.29444672045193,186.3277674945368,0.4995750407520397,,0.4977839119448805,0.5755651140157528,,0.6759382438663555,0.33180775515493416,,,0.16492215936386734,0.14107168009810578,0.2358832423827146,0.23463939095539038,,,,,,,0.5458093557308693,,,0.1646591905603984,,,,,,,0.16408510264105158,0.16477295616446455,0.16463760083427603,0.164905103151473,0.16518448373138983,,0.14043827638048212,,,,0.06922286866383512,0.06910200160550999,,,,0.06924411158618832,,,0.0693387287998875,0.06956774924883835,,,0.06940822264094737,0.0692316356856838,0.0691906182595359,,0.06920504391753489,0.06935250772694292,,,,,0.13460847586024513,,,0.13454580519023868,,0.1344274323882423,,,0.13441415087076428,0.13464521716576588,0.13471266759216954,,0.1348092217402653,,,0.13483007885779277,,,,0.13462003887242613,,0.1343456479034674,0.134500096014817,0.13448952110822818,,0.06737765092866785,0.0675790220137568,,0.08338473579314515,,,0.08362188135632923,,0.0836090551431674,0.30668840320566787,0.3074118100049735,,0.3076385761751037,0.307302184510496,0.3068910274543793,,,0.30806120241767937,,,,0.3067551933282269,,0.3071205016447946,,0.3083133952792453,,0.30759010655269237,0.3068983843540952,,0.30730384459377735,,0.3074459777653976,,0.308514955377075,0.3076708410775535,0.3075428340888689,0.30768778742979164,0.30797269696398294,,0.30717571209872047,,,0.3069350491855514,,0.3078110179400075,0.3074921177610117,0.3062012431258788,,,,0.3077658070482872,,0.5113566491782994,,,,,,,,0.508466251765233,,0.5089128879676759,,0.5097521759978948,,0.5107197113560958,,,,,,,,0.5078851502744666,,,,0.5096324556887983,,,0.5078828797558681,0.5088796225873257,0.5094563460114192,,0.5095735151008378,0.5090637043777773,,,,0.5083892764349118,0.5070937956866678,0.5083288141563088,,0.5079236097997722,,,,0.1836063748703969,0.18379647212075648,,0.1840518881859464,0.18395255648568426,,,,,,0.18391992291560502,,0.1837478915577756,,0.1842966939514343,0.18406397968097415,0.18432294128954058,,0.18400750311123928,,,0.18375018046571853,,,0.18387679078486635,0.18397368590373053,,,0.1835517210950804,,0.1836687751807374,,,,,0.1839423359327063,0.18345521524825678,,0.18387042704049364,0.18403386230191596,0.18372810475692544,0.18425633932826682,0.1832453523774661,,,,0.18419775357953896,,0.1833543283461804,,0.18363170441472476,,,0.08041518685581024,,0.29882744094913505,,0.08297617569517679,0.08311885760560157,,0.08326311084373199,0.08308671250218251,0.2817165487023473,,0.28293636180935733,,,,,,0.2829568953890947,,,,0.2832310518289915,,0.28319663915251697,0.28297949732208094,,,0.28250404081272423,0.282246831579153,,,,0.28200027083705514,,0.2824200972997399,0.28208089331542563,,,,0.282955042621167,0.28238431164099326,0.2822699315440668,0.2821676528067145,,0.28205993732071744,0.281999361283654,0.2816186144214414,,0.2824110126630021,,0.2870808725936843,,,0.28697306035981623,0.2872495947129072,0.28649532540656936,0.28733897992281376,0.28761613953811954,0.2881852770809273,0.28709906357553266,0.2862615350168578,,0.28642761881011536,,,,0.2862584716221209,,,0.2865333725662134,0.2870146631845628,0.2873647862994515,0.2868989967718558,0.28691319624867745,,,,,0.28666868957370156,0.2868088829936736,,,,0.5214029737535839,,0.5206468434052184,,0.5210036150438568,0.5207393477029371,,,0.5213620998463865,0.5170959862771413,,,0.5168194653229868,0.5176715595853774,0.5167123843485182,0.5163926225780713,,,,,0.5171305922505203,,,,0.5213272508925347,0.5223755746613843,,0.5194636336931074,0.5187546151038621,,,,,0.5201524839951703,0.5217546939276079,0.5218730393051165,,,,0.5209635056636671,0.5211018741701618,,0.5214791147629982,0.5203487685299526,,0.519996064252357,0.521347096313897,,0.5211402317489774,0.5204948147342588,0.5207687285830633,0.5210097466780576,0.5204088093980433,0.5197036077374401,0.5205780614928822,,0.5156238121561938,0.5150627899014125,0.5164802798150451,,,,,,,0.5150612748778294,0.515480642678438,,,,,,,,0.5162875928959673,0.5178390533967282,0.5156512650901279,,,0.5166960090680556,,0.5171694602679833,0.5167512984461801,,0.16539236122136014,0.16561389997036452,,0.16454127820156308,,,,0.28443055557748825,,0.08221393361660269,,,,0.08211182745680805,,,0.17911762767594291,,0.08322845831776902,0.08304874758410354,0.08315532158827066,,0.08138885519300613,,0.0792018751841324,0.07959296604727947,,,0.18753184841416673,,,0.19568013651290014,0.5235977632743004,,,,0.20029047092349617,,0.20040880044248643,,0.2006321473771327,,0.20001827571165873,,,,,,0.08960909951601075,0.08970963045333351,0.08985036938836131,0.08963071836100145,0.08971907816116977,,,,0.08980137666619478,,,,0.08966630350995028,,,,0.5436502117264734,0.5420506496227514,0.5424247946766744,,,,,,0.3421003064098812,0.3413182147562203,0.20718683189134204,,,,,,,,0.09167274284447204,,0.09167654346453218,0.09172929113882641,0.09110688794351006,,0.09155605704682612,,0.0914650898026136,,0.09148680379546537,,0.09141645483444602,0.0912001678915102,0.09144694356288163,0.09173179152143779,,0.09150107990825225,,,0.09137954907166224,0.0914525025354951,0.09167681398161748,,,,0.0912735860773034,,0.09131247466916656,,,,,0.09134436720752077,,0.09153796006984853,0.0915224367871041,,0.0916270679510484,0.09167265537228936,0.091424032719701,0.09157029861700797,0.09156835098845947,0.09120792820559288,,,,0.09157526001462711,0.09130415662130403,0.09113751134671914,0.09150374597780857,0.09109095873340989,0.09127682995202237,0.09164565122714019,,0.0911479979751687,,0.09147898872110992,,0.09148986765619872,0.1469003645918601,0.14689238121533052,0.1473021297935077,0.1469990021524144,0.14720690284937654,,,,0.14721398051973691,0.14660472133795605,,0.14708759999266577,0.2659549610062967,,,0.2662377446734755,,,,,,0.26595613650513134,0.2663714724307369,0.2650724201722065,,0.2655198308214115,0.2653958441903722,0.2663438389102571,,,0.265655042370787,,0.14744294258234833,,,0.14725466227972803,0.14750825471360227,,0.14701617522009153,,,0.5360931960345658,,0.5342720450729652,0.5362572887503761,,,,,0.5332003560459588,,0.5354036539856281,,0.26525226795918716,,0.26655826349634226,,0.2656399021674059,0.2661704785839744,,0.2662347926974902,0.2665835624455273,,,,,,,0.534818278471472,,,,0.5349786905997935,0.5350002853433306,,0.14732848341669763,,,,,0.1473975166929201,0.14741483024227106,,0.14752287402256456,0.1480506494020018,,0.14731887170299593,,,,,0.14718804823151993,0.14688485596927472,0.14695787186642006,,,,0.1471300940966036,0.14705127086397302,0.14665146178327557,,0.14693030754144157,0.5333603781425659,0.5337803603607165,0.5372663893630226,0.5355298602094953,,0.5350605491081255,,,,0.5372273645823544,0.5336974201577669,,,,0.5354289128511114,,0.5356286554656341,0.5337241930798899,,0.535166515538871,0.5343941589746917,0.535253861408321,,,,0.5355411495950361,0.08456421048973206,0.08464976048089515,,,,0.0844280368959267,,0.18810096116735833,,,,0.337606899496019,0.16572958504126584,0.16521237497570307,,,0.1650998225432526,,,0.16547512450358529,0.1650296794156178,0.16468389879799009,,0.1650135606476876,0.1653626365979963,0.16545289728706294,0.16532507831836663,,0.16486061328336976,0.16491506258047636,0.16511661225745264,,,,0.16505974551589,,0.1655526287545289,,0.16537432861696075,,,0.16566944328764968,0.16530799509482014,,,0.16532347386260138,,0.16556299199785499,,,0.1658005881305074,,,,,,,,,,0.16525118507094452,,,,,,,,,,0.16541054157162094,,0.1653495814711778,,0.16513628314652912,0.16537007975078427,0.1653252653221615,,0.16504613648090857,0.16515333301495194,0.1652313163031053,,0.16570379815771313,0.16554303952741348,0.16514522423420205,,,0.16509441060636362,,0.1654820669987003,,,0.16528133802901643,,,0.1647993561827603,,0.16523984083631238,,,,,,,0.16482191729062753,,0.1648753137939162,0.1654707604471262,,,0.16575176704001665,,,,,,,,0.1653626497019411,,0.16600445005427128,0.1650609707192472,,0.16571494260404754,0.1655583952819566,,,,,0.1652963977584585,0.16569293217969175,,,,,0.16561777877516834,,0.16519143362174424,0.16529258102378372,0.16572777931112012,,,0.16536322006151902,,,0.1656343355327294,0.1651469076485896,,0.16535892489503826,,,0.1649912885599598,0.16526229353308994,,0.16545084853881928,0.16504180652117925,0.16553754084631855,0.16516298943424518,0.16507234583979857,,,,,,0.16456982864450223,,,,,0.16524902014920345,0.1648357079188053,0.1656675053152293,,0.16536374787345667,0.1654760551700461,,,0.1655035011278479,,0.16556302024007602,,0.06717920448286302,,,,,,,,,,
8,24,DG_48pct,96,Z04_F09,4,3PH,279294,280596,True,8599.579336322633,8685.453068966737,8706.539668982512,731.7423965940699,715.6903616548191,102.1639144958756,9.808584133614303,323.6514626406252,290.04518566329864,159.50818797950058,147.45515092138805,48.97076982572398,0.718037868739143,15.99961583689324,51.27407400257383,44.30949791677109,78.31729442004513,32.70400446874801,40.86702264412445,48.07496681217217,0.5177112963489772,,0.518466492905789,,0.5158204646464185,0.5193858834822501,,0.19682171193025647,,0.19683529132699856,,,,0.19875731953216177,,0.19856997555377898,,0.19910541642986568,,0.19873687285306788,,,,,,0.1973121091437982,0.19466416328652092,0.1947616901547625,0.19464028676566153,0.19665538529885118,,0.1970694183234922,0.19703292395780214,,0.1962598755845933,0.1257181085578075,0.009950450450677365,,0.009908785688264034,,,,,,,0.1037759090599246,,,,0.10409304395210307,0.1040061866150489,,0.10389919113957506,,,,0.10403456227116901,0.10346759195619509,0.10342587143999887,,,,0.10338269570137758,0.10347085398246615,0.10363319859477729,0.10338670094032705,0.103256034931107,0.10324021364046922,,0.10343169047326196,0.10325222050956807,0.10331250687315328,0.10367141036470125,0.1033751619179399,,0.10360396545508864,,0.10356503635880177,,0.10303218003373289,,0.10342534619738072,0.10331017880083307,,,,,0.10130953298178474,,0.12478355634629451,0.12495100415663656,0.12507883618210944,,0.12548981759758587,,0.1266026540656926,,,0.12657832952589904,0.12666382614434138,0.1265486880467241,,,,,0.12654095450687142,,,,0.12645193879439257,0.12663491574099953,,,,,0.1265080692145182,,0.12689591243627438,,,,0.12634262151363496,0.12668855505149165,0.1268209725081887,,0.12621285211296013,,,,0.12668357291356408,,0.12649333978221158,,0.12644605573056553,0.1265278295901075,0.126468903974159,,,,0.1265830500445255,,,0.12655682039426247,,0.12656940925814641,0.12688934119754466,0.12669788298385024,0.12655230056857414,0.1268223047360702,,,,,0.12627485572191866,,,,,,0.12678594145709587,0.12713115693194021,0.12626531514555275,0.1267999936564423,0.12660013141927967,,0.12646398785959492,0.12688339572405788,0.1267263702732003,,0.12654572605109832,0.1270274966036352,0.12651605731498436,,,,0.1269421094208666,0.12660744447105346,0.12684773539695296,0.12645575037818177,0.12628876903703368,,0.12665175268555162,,,,0.12674056464705055,,,0.12687469469138316,0.12686854234068803,,,,,0.1268430717279318,0.12680345657623948,,0.126768597891468,0.12689153533878011,,0.12677164336886884,,0.12668870238257973,0.12705436422233837,,,,0.1267152929531818,0.12687639802098546,0.12671655493834463,,,0.12685112564021714,0.12656398989322493,,,0.12701843865171808,0.12698591221621597,0.12668434071450307,0.12693852556071838,,0.1269147445503332,,0.12668864035328314,0.12693135920418896,0.12723018584727,0.12672258105149842,0.12656794491529727,,0.12706169103294798,,,0.1265740251160151,,0.12648937538113744,,,0.1209827720628157,,0.12500113652715517,,,,,0.1246123825951947,,,0.12485578753560861,0.12485429753881647,,0.12454803292535406,0.12499136208244904,0.12460962028934536,,0.12479650351173885,0.12492615414848172,,0.1246151423013763,,,,0.12493588661094564,0.12482617106859484,,0.12497901406219011,0.12487127778949199,,,0.12513356651444552,0.12502359856851547,0.1247655204527067,,0.12463712016139232,,0.1246845549959993,,,0.12466661020803539,0.12470600359779639,0.12479211353875311,,,,0.12494159246747327,,0.12451766204422877,,,,0.12484197590672094,0.12479329219594873,0.12530332426405819,0.12469269756566824,0.12476411217293396,0.12483364484472279,0.12491012416075528,0.12482070439359075,,0.12487302555245013,0.12494100177360501,0.12464705141315624,0.12514346505746352,,,0.124614400003371,0.12485880797745323,,,,,0.1248179499461353,0.1249828523110248,0.12470147123640508,0.1247597395922022,0.12472801665627344,,,,,,0.1248729637667222,,0.12452169941376634,,,0.12483360662376809,,0.1247662944744358,,0.12453206262459181,,,0.12434173012164841,,0.12492360038463254,,0.12498813432474895,0.12433768847507826,0.12471477675195483,,,,0.12430340695502712,,0.12438993168766897,,0.12464622211187329,,0.12455369275701901,0.12425372930271987,,0.12454750836601318,,0.12445966965819037,0.12501647137577837,,,0.12477090125492893,,,,0.1250110971347699,,,,0.12437461908825964,0.12489230024144986,0.12494209382069456,0.12476945733508614,,0.12466292906551091,0.12470469704414229,0.1246012272511296,,,0.12473040925427553,,0.12444560371765495,,0.12489364711216952,,,0.12470304386128546,,,,0.12411975407839955,,0.12467603978220919,0.12494492909633349,0.12517034612416061,,0.1246513610150932,0.12498037699796548,,,,0.12475994079402855,,,,0.12483619679761343,,,,,0.1257819243100771,,0.1257947145824257,0.12532379685348904,0.12553254363128383,,0.125361689741676,,,0.12310100218647368,0.12321648339234328,0.12308352046255122,0.12318531697200774,0.12266145530156917,0.12568335939384132,,,,0.12494937249746026,,0.12210479633304039,0.12207418303163754,0.12193838017121994,0.11897288144697886,0.11857280869877417,0.11881353566816885,0.12785647493712524,,0.1273032512705211,,0.131519473490621,0.13169602786951295,,0.1331715234846664,0.13307954321694018,0.1339722907239765,0.13458182026720025,0.13440079924795978,,0.13470200737866556,0.1345164022844318,0.1339600117516842,,0.1357448199972113,,0.13423225796973312,,0.13432948280288798,,0.13452351848992783,,0.13473375827290693,,,,,0.13470030665973723,0.13462119240817894,0.13477727772259188,,0.1348638524696562,,0.13493981043860173,0.13717621488261925,0.1370751470058427,,0.1366361776149806,,,0.1376819122586147,,0.13787575265288038,0.13784296286876507,0.13794790303340623,,0.13808264092371075,0.1376594159979549,0.1376616671914108,,,0.13774089881779325,,0.13722610878335179,0.1371920522748943,0.13707284811431017,0.1373181343873255,,,,,,,0.13726124844969598,0.13749750672260316,,,0.1374029013902306,,0.13725015209158614,0.13703417821231853,0.13722836530691865,0.13699540960142892,0.13690136475733258,0.1369671774916257,0.13724284257721586,,,,,,0.13662160067447246,0.1370447262524905,0.13755554677232948,,,,0.13700124222071963,0.13747030018373996,0.13781330504600556,0.1372762099068987,0.1369372647928151,0.1370882913741195,0.1369951619652947,,,0.13687318093407205,,,0.13780963995106982,0.13727012624832563,0.13710224301246474,,,,0.13701146655019023,,,0.1370545148254563,0.1370502343269575,0.13726333971616214,,,,0.1245396547012147,0.124627517027401,,,0.12491895181497065,0.12498705123884227,,,,0.12483637584289578,,0.1245354120207827,0.1248276278688494,,,,,,0.12440452632950719,0.12476588325275108,,,0.12446018507980319,,0.12422927611616322,,0.12459141443657978,0.12452777729268164,0.12447301722424305,0.1249480453801267,0.12453265704780352,,,,,0.1245363291304203,0.12473732628410573,,0.12443147429396204,,0.12425823846008822,,0.12417808539373751,,0.12459371822003286,,,,,,0.12436556387042623,,,0.12453297716868475,,,0.12425146115848949,,0.12438398278470852,,,0.12465069368148489,,,,0.12434111128049953,0.12446389415955925,,,0.12449056650345632,,0.12438849790100003,0.12447514285862636,0.12447396199360299,,0.12461242116516173,0.12467943865725532,,0.12460825709522622,,,0.12447746904677832,0.12491040158536552,,,0.1251432511718038,,,0.12467484078913216,0.12481788858320088,0.12456332878285543,,,0.12450819931955469,0.12463055019112276,,0.1249268223109136,,,0.12453351669024997,0.12489172246470334,0.12452187663534936,0.12489065138086926,0.12462905080073465,0.12434573577129096,,0.12480681933649665,,0.12462685559484131,0.12464192807871664,0.1241295922198493,0.12444305504999988,,0.12409203427010336,,0.1248590264857852,0.12432419509318687,,0.12436254220489619,0.1241184580423198,,0.12471778169692668,,,,,,0.12750147788797048,0.12709775462159487,0.12709221263128953,,0.1270991570473703,,0.2390622976146156,,,,0.13597764726416042,0.19752099432997494,0.1976926584027616,0.19793590265888675,0.19787255588469788,,0.19753635248387452,,,0.19831462409706788,0.19756238564264272,,,0.19724582497416385,0.19762142788805476,0.1976328503688204,,0.197838502732577,0.19752108641735946,,0.1973994187972489,,0.197374463759041,0.1976261548294709,0.19808305086116765,0.19816040464095097,0.19755499771651078,,,,,0.19802349543323072,0.1977572170337566,0.19775966518536,0.1978022430508211,,,0.1970410768534789,0.19757517053327048,,,0.19705424896860935,,,0.19786521296854537,0.1974899295842999,0.19740269847062836,,0.1975312894918591,0.19782300480046272,0.1982506720590683,0.198006683980529,,0.19773250470694434,0.19695623981359098,0.19840148668239344,,,,,,0.1982118113276241,0.1977611497236866,,,0.1981451556486169,0.19747641195161555,0.1978455602867113,,,,,,0.19802357817631727,,,0.1983222525135904,0.19718874971997777,,0.19740303093460584,,,,0.1984029818760389,,0.19791692017308352,0.19785043293429103,,0.19733678748572783,,,,,0.1976508048481831,,,0.19743442122712304,0.19788603351769343,0.19754858325417307,,0.19765581879166869,,0.1972106867824083,0.19756435029633096,0.19787285545857308,0.19667622116279582,0.19801871409742466,,,,0.19812825381476426,0.19745360529217554,0.19783808819026105,0.19785426856930569,,0.1973766532082415,,0.19767624608430262,0.19821049076253514,0.19793043837632893,0.19734037190437337,0.19786820409260555,,,0.19796385730571206,0.19826076119537483,0.1972019892222747,,0.198203296723212,,,0.19781769617521516,0.1970640544622072,0.19824203406432517,0.1976495440304796,,0.19849510440737497,,0.19806730711237291,,,0.1977862740054916,0.1980431310428687,0.19741940891700832,,0.1976950963290112,,0.19773667676115786,0.1978079908261691,0.19817362095357574,0.19786265802979852,0.19760336988127178,0.19764011223991684,0.1986957983773699,,,,,,0.19756724543252163,0.19821432617564666,0.197338460887075,,,,0.19859998941980556,,,,,0.10078937525962041,,,,0.10520395001168086,,0.19857749767162397,0.1982250628210206,0.19879426534876923,,0.19819474663349823
8,24,DG_48pct,96,Z04_F10,4,3PH,157144,165478,True,9150.505605171753,9198.55909827512,9210.40995733492,0.9018558531370386,0.8805001846713474,0.12480487004568841,0.012019720126148051,0.39840470764476216,0.35691829817876075,0.1961579358844065,0.18159677511051017,0.060696830247818016,0.0008834893579001812,10.348629807474797,33.11398031036233,0.054351699913203856,0.09631459349527928,0.03994652019277258,0.05021977199088285,0.058897055862577215,,0.4868079719980991,,0.4851977803720822,,0.48592097219755176,0.3287957800553148,,0.12750094806097906,,,0.12856508635464295,,0.1287219122562316,0.12852681210192377,,,0.12857570010832195,0.1286470799235575,,,0.1276701664833548,0.1273318197125265,,0.12741899092658787,0.12722405774625395,,0.12597099023371477,,0.1275235315250265,0.12767782519122706,0.12760969251074966,0.12771347817975387,,0.12810142855995324,,0.034615353471396035,0.034542102754618755,,,0.00012731587355428118,0.00012723610536535877,0.0001276039885301096,,,0.00012759684265172702,,,0.0001276647339703719,,,,,,0.00012809869869660046,0.00012748840067114384,,,0.0001272793198733883,,,,0.00012691582074736443,0.00012700430401921286,,0.00012715965008355365,0.0001267338679170637,0.00012714031637563742,0.0001268993321112811,,0.00012673988496668523,,0.0001272831977634282,0.00012715024873032922,0.000127125027158068,0.00012703552408139566,0.00012712639488263563,,0.0001269750824234647,0.00012653775480179412,,,0.00012705214560774914,0.00012729997331019973,0.00012708319945208297,0.0001246185346922368,0.00012469305900079478,0.00012443623339948449,,0.00015311489778193211,0.00015354075121847178,,,,,0.00015548237958347346,,,,0.0001559875728143977,0.00015582677715099468,,,0.0001556970600327502,0.00015559575691926733,0.00015557446756238137,,0.00015598607689812293,,,0.00015568350944634505,0.00015589716826075418,0.00015553728097791094,0.0001558856780390134,0.00015570583553605372,0.00015551677389159937,,,,,0.00015527779823156196,0.0001563641169589495,,0.0001556779143898697,,0.00015562157517528174,,0.0001558108710865197,,,0.00015520862930970574,0.00015548161338393347,,0.0001556269010155149,0.00015574038349588443,,0.00015573869105060467,0.00015561211406426732,,,,,,0.00015555113698752785,,,,,0.0001558107862753902,,,,,,,0.00015600252467884706,,0.0001556310258183813,0.00015576279294882608,,0.00015598238720439895,,,,0.00015571308281294197,,,0.0001553223604303297,,,0.00015534287974159258,0.00015530178323855566,0.00015527900781962933,0.0001554428467596232,,0.00015571262051260372,0.00015551289943736753,0.00015572750092156257,0.00015568500225447923,,0.00015602648391472562,,0.00015557158735389265,0.00015607801562510002,0.0001556344301549438,0.00015566273064927469,,,,0.00015539062394772868,0.00015572215867715284,0.0001555222694814439,,0.00015603544323678685,0.0001561492183271108,,,0.00015604302836274707,,0.00015616407954241376,,0.00015610445722883705,0.0001557395984814601,0.00015569070056460125,0.0001558960713777478,0.00015583175213607615,0.00015565414158171223,0.00015537136833961016,,0.00015582527302099997,,,0.00015586863129451393,0.00015587992733600314,0.00015580031093810585,,,,0.00015614276307680005,0.00015575021210228465,,,,0.00015550383298163707,0.00015568881468004667,0.00015610180303755652,,0.00015561874919009524,,0.0001555762185433216,,0.0001557815185966599,0.00015563439207656575,,,0.00015618773967450455,,,0.0001483909653130315,0.00015308473982467448,,,0.0001535673320610583,0.00015291139553504085,,,,0.00015353657546725416,,0.0001533022178792855,,,0.00015327822142431228,,0.00015357287544965232,0.0001532037884800519,,0.00015342877589642097,,,0.00015326518105092323,,,,,,0.0001536435079211726,0.00015306930227571675,0.0001531576345618524,0.0001531259191079194,0.00015313552336865046,,0.00015328812876103548,,,0.00015333190286815411,0.00015328149263018763,0.00015332375824484142,,,0.00015375027724089856,0.00015353864081281855,,0.00015374532831849094,0.00015326137341267575,0.000153392555636426,,0.00015328270661769857,,,,0.00015342451351832163,,0.0001529471720987256,,0.00015338487339279288,0.00015352038855484965,,0.0001537924675978714,,0.00015410815621403885,0.00015404339178742388,,0.00015345414431131761,,0.00015368414126175713,0.00015378814767860657,,0.0001534555163298842,0.00015288719416947655,0.00015330106619261704,,,,0.00015344244244006513,0.00015352831938203682,,0.00015368942923014422,,0.0001529439700961329,0.00015338341431927303,0.00015328039583763396,,,,,0.00015317257596883253,,,0.00015318859198306889,0.0001535971955552207,0.00015310763260472296,0.00015330654319131143,,,0.0001531093499161879,,0.00015372489308841734,,0.0001529586886874917,,,,,0.00015315548015340971,,0.00015339620419758764,0.00015314717772408942,,0.0001529612876117187,,,0.00015316043140654078,0.00015313468448052906,,0.00015320025167487182,0.00015355577155393206,0.00015353049318082317,,0.00015350391537739076,0.0001535436070346679,0.00015291029705595446,,0.00015329881475223587,,,,0.00015309903558433126,0.00015321271308102756,0.00015278159128490827,,,,0.0001529383346115371,,,,0.0001534236488150982,0.00015353912555991927,0.00015337911902944403,,0.00015320471065401626,,,0.00015361632381953147,0.00015318711081515894,,0.0001528807910547328,0.0001534701556538814,,,0.0001531757486692346,0.00015346540868774837,,,0.0001533473436226099,0.00015373032801588223,,,0.00015339069652710506,0.0001531692442295243,0.00015330115603460492,0.00015361489443936597,0.00015356117570880984,0.0001529575379920567,,,,,0.00015437056557713244,0.00015412930014956606,,0.00015386180095931326,0.00015431166103190212,,0.0001514767600332145,0.00015110353322914257,,,0.00015120735536693918,0.00015450372236927552,,,0.00015308940512987344,0.00015362540858924009,0.0001535415430769928,,0.00014976425640655515,,0.00014586546543421435,,,,,0.000156298507364586,0.00016173012849492665,,,0.0001638727698444877,,,0.0001646984246316016,0.00016471051316251857,0.00016532950412239953,0.00016498744719441711,0.0001652097240181307,,,,,,,,,0.0001655437046485291,,,,,,,0.00016477247870389175,0.00016604410922520333,0.00016551496475666663,,0.000165284610978117,0.00016559441387141734,0.0001656224113005207,0.00016487122897087254,,0.00016813999922623247,,0.000168266684539488,0.0001684822948918092,,,0.00016952250164856358,0.0001695899570254469,,,,0.00016940324332552565,0.0001688001022153236,,,0.00016911687302199316,,,0.00016847664825100735,,,,,0.00016910369014625675,0.00016816444486030934,,0.00016897915611651493,,,,0.0001687891720124556,,0.0001683934212882483,,,0.0001681833304688492,0.00016877456742485245,0.0001684831889251883,,0.0001687601930630575,0.00016859885817232595,,0.00016861500378831558,0.00016789847125891783,,,0.00016841914090450646,,0.000168688325359173,,,,0.00016781210087499533,,,,,,0.00016841308863767377,0.00016838934294147935,,,,0.00016836169121606083,,,,,0.00016801138086746889,,,,,0.00016834649819303998,,0.00016851194063391647,,,,,,,0.0001530582737951803,,0.00015336439681616794,0.0001531924374095848,0.00015316169038405932,,,,,,,,0.0001531501908480585,0.00015323006269396284,0.00015340052687725676,,,,,0.00015315844187879693,0.00015282034316665684,,0.00015286000931020126,,,0.0001533189356787935,,,,0.00015351016022398443,,0.00015325013759342904,,0.0001533797953433253,,,,0.00015294392704876347,,,,,0.00015315343921172347,0.00015295825089486895,,,0.00015257412926025337,,,,,0.0001531586566801117,,,0.00015322736019211797,,,0.0001529504675894233,0.0001531707536069933,,,0.00015301679934254228,,0.0001529131610739321,,,,0.00015320717567736687,,,0.00015357853789460649,,0.00015346021428164138,,0.0001529969169450534,,0.0001530592863471217,0.00015344183042908786,,0.00015333921432832874,0.0001530034411286414,0.0001533167078949165,,,,,0.00015346660454553372,,0.0001531038165223436,,,,0.00015342548660508552,0.0001536783568254647,0.0001533544496765241,,,,,0.0001528579114159237,0.00015342995967295093,0.00015312303043951443,0.00015334905789694177,0.00015244128765185062,,0.00015296512471123298,0.00015337159329175017,,,,,,0.00015239475721278694,0.00015261826375719643,,0.0001530614530138249,,0.00015296577471536678,,0.00015306832527548785,,,,0.00015584638607986742,0.00015639358162172553,,0.00015606311113128342,0.0001561640513148255,0.00015645411769681718,,0.17689936627426164,,,0.03523397096447221,,,,,0.12799572676797633,,0.12845424473394546,0.12822644011632625,0.12784524498799474,0.12784074202403392,0.12798811181439584,0.12820599576032707,0.12797057523114425,0.1277614964839377,0.1281960949189511,,0.1281957923148466,,,0.1278521543369371,,0.1283302634423077,,,,,,0.12799566042405758,,,0.1278366993635837,,0.12796512054523834,,0.1279596924264436,0.12801938863736448,0.12809469386276653,0.12779048344620555,0.12767141306858956,,0.1276988954587594,0.12810258096621657,,0.12795368442195407,,,0.12817004331796006,,0.12815902940218732,0.12788081050230796,,0.1281801199780767,,,0.12796504775549386,0.12782407560959502,,,0.12782081618010901,0.12784222734804915,,0.1278246833641601,0.12801528434212783,,,0.12850142442847282,0.12802567349839794,0.12758216623160346,0.1279753976052745,,,,,,,0.12795845002438955,0.12826360016660357,,0.12820499339960809,0.1281296419763923,,,0.12817829701509287,0.12820798426088661,,,0.1276960351635398,0.12807111599719828,0.12780009005610007,0.12812233026391215,0.1277538481975819,0.128198664382365,0.12781476325611227,,0.12801721937041927,,,0.1278489311249341,,,0.12802526750273235,,0.1281366103250014,,0.12774323156809447,,0.12799195292423873,0.1278142720378244,,0.12803376964905397,,,,0.1284611626139253,,,0.1282307699993157,,0.12826667078768964,,,,0.12813839624975373,,,0.12805002696913012,0.12817116746774226,,,,,,,,0.12804525734382496,,0.12771622477261396,,,,,0.12794987616901948,0.12815540049324442,,,0.12766212772204558,0.1277648762136485,,,,,,,,,,0.12801251107184036,,,,,0.12813217354682138,0.12810152326831453,0.12815990324975593,0.1277131720597816,,,0.12829950788435293,0.12801746754876697,,0.0001238858117494085,,0.03536121965406205,,0.035274682448013205,0.12889797307207018,0.12888600245276485,,,0.1284321401040602,
8,24,DG_48pct,96,Z04_F11,4,3PH,279295,280598,True,8660.883642592367,8748.224762813563,8773.240119775674,673.5651517924902,657.9880823434952,92.18084681331138,8.9822149937365,294.58894072890996,264.17609541167155,145.83198236250877,134.64688562280392,44.99295125066119,0.6620760260744462,15.296029648617262,49.219631460191,40.68509622403917,71.73537676522251,29.80371598270126,37.299513058788726,43.93801447685789,0.5144040883994576,,0.5141540466595469,0.5145162924371849,0.5131312648315783,,0.365896086834451,,0.18859205036833496,,,0.19026938654042527,,,,0.1903503877482248,,,0.19040430690872415,,,,,,0.18860130210408885,,0.1861824710918291,,,,0.18933241131122927,,0.18835557722280138,0.1891245014985603,0.18942092966765392,,0.0001244633448879215,0.00012402191890050924,,0.09467668127945675,0.09470142404646735,0.09492463287990553,,,,,0.0949380580467718,0.09492015680771321,,0.09498926506262267,0.0951006633253188,0.09513074409859708,,,0.09503542266711634,,0.0951277343827051,0.09478359576893472,0.09485956904520909,0.09466742092797477,,,0.09445462193001958,0.09448102689694149,0.09470674498554507,,0.09446430433952328,,,,0.094390324277705,,,,0.09454486743034106,,0.09460155550922388,,0.09461659212327744,,0.09446732537702641,0.09445385145227672,0.09456009989570477,,,,,0.09250437147709689,0.11537739061816957,,,0.1141198354305588,,0.11470600798234623,0.11443029465101244,0.11585192108498531,0.1158675793659488,0.11601681975155191,,,0.11559413621211065,0.11559091389123145,0.11626298067405487,0.11575044008381724,0.11598741079186634,0.11575269487878292,,,,0.11583624992837235,,0.11580223638163656,,,0.11574545998422665,0.11568561144466487,,,,,,,0.11562393152162281,,,,,0.11565905608687851,0.11563278003661871,,,0.11564039490991422,0.11588901434888799,0.11576061787651984,,0.11569100453643799,,,,,0.11607969481184022,0.11604961090103631,0.11568134139989078,0.11600729872956626,,0.1157304393287703,0.11588621125745965,0.1163098385097254,0.11579835040002316,0.11606700027911541,,0.11561583888711581,0.11587796214884936,,0.11597714216375886,,0.11575152707832316,,0.11540716672659594,0.11557657870421775,,,,,,,0.11578053049385202,0.11542226211615422,,0.11579935448104066,,,,0.11574960301575155,0.11582077756050943,0.11560018060992999,0.11577001972320083,0.11566139164632244,,0.11625465109568577,0.11573261225392648,,0.11567289231049804,,,0.1161887169970516,0.11584009395339744,,0.11605247585174844,,,,0.11610902756677749,0.11582944370273345,0.11583020502551954,0.11605240483005662,,0.11546163266389887,0.1160512881539638,0.11586674306949288,0.11576430545220054,0.11596938252612794,,,,,,0.11531906472795314,,,,0.11569402864242602,,,0.11620650943885179,,,,,0.11641846281150557,,0.11582553366028467,0.11621125218586631,,,,0.11632837537688415,,0.11559379487272814,0.11604723329328434,,0.11576144376067324,,0.11582232186468741,,,0.1101446723779996,,,,,,,0.114282860368796,0.11404999469038475,0.11393996400390999,0.11388810488016565,0.11420426188863783,0.11394903229406114,0.1140362264233248,,,,0.1144818150005249,0.11457388587775846,0.11419603633566,0.1142171249615652,0.11414538363547855,0.1144369767694609,0.11407128940572245,0.11428488079490469,,0.11443774309985799,,,,,0.11405998995652723,,0.11388866695891343,,,0.11411413573154844,,,,,0.1140503500049256,0.1140054472831461,0.11404009931816972,0.11433194622480647,,0.11398905238520743,,,0.11405189464661165,,0.11403338812557598,,,,,,,0.11389327410917055,,,0.11444704775763763,,,0.11414452060217752,,0.11421671086457434,,0.11427742166780293,0.11391992047930903,,,,0.11436135403758044,,0.11418764193269242,0.11397273859292942,,0.11355879913634828,0.11409951645970981,,0.1141237305260757,,0.1138636164012579,0.11442998121858577,0.1140080519161931,,0.1139444049622276,,,0.11417402219266386,,,0.11407412275044397,0.11412294158375537,,0.11402580088066094,0.11416942627112113,0.11444192184292819,0.11447449101537402,,,,0.11376242143260414,0.11432423233575817,,,,0.11356754731727517,,,0.11425976914902496,,0.11388919805186387,0.1142255684414511,0.11414617255531212,,,,,0.1139157923092775,,0.11386510923863427,,,0.11419855851267947,0.11392434933182491,0.11375149748009293,0.11416960206769673,0.1139840357099032,,0.11407242161413542,0.11401696583890432,0.1141283615767868,,,0.11411528230799588,,,0.11431510567577882,0.11366038914312886,,0.11441078144811072,0.11387039328351423,,0.11399972132125329,0.11369033668516995,,0.11391528882661263,,0.11400627570185919,,,0.11407883322957066,,0.11371271374755024,0.11390138092341048,0.11412664834908752,0.11435091429970358,,0.11395045311317605,0.11399872669139875,0.11410216982587569,,0.11425052351515014,,,,0.11383632602224654,0.11507212847363864,,0.11484197804916112,,,0.11448903604089532,0.1146550160675866,0.11458210293645558,,,,0.11281612684826366,0.11273308036385904,,0.11228388894681497,0.11485937810733914,,0.11473289649803764,,,,0.11170283068380915,,,,,,,0.11677566669917168,0.11661115702081029,,,0.12023198813650354,,,,0.12292935128218502,,,,,,0.12329140780877887,0.12270653350102988,,,,,,0.12315526281149226,,,0.12314521234919391,,0.12303401919763234,0.1232217394595897,,0.1234262675976199,,0.12322997354558915,0.12291609788160818,0.1231507649928508,,,,0.12537286078813695,0.12552573385969054,,,0.12449011926261022,,,,,,,,0.12588120965592048,,,,,0.1256312683886075,0.12576504520944726,0.1251321084852133,,,,0.1256556327208944,,,0.12536114108797564,0.12513197317893718,0.12562975005710414,0.12547168929279232,0.12552224725662023,,0.1255510619778231,,0.1257090620837356,,0.12550688615386985,,0.1260483079105946,0.12519701581952944,0.1252790799067442,0.1254001080659633,0.12529996657496112,,,,0.12566869600538144,0.1251047607908054,0.12534188303711485,0.12509502951410872,0.12526143836187936,0.12572953925230274,,0.12544052731895777,0.1250888446926722,0.1258150854961929,0.12562675869843412,,0.12568306200071336,0.12517401758512678,,0.12555526984612608,0.12558419075209876,,0.12566151549214244,,0.12539508854532974,0.1255154050291882,0.1256215124759118,,,0.1253979255812374,,,,0.12500100284572013,,,0.11409859275829222,0.11397479696212184,,0.1138171238298546,,0.11389339755544581,0.11417802489297266,,,0.11366069725901164,0.11388575962499657,0.11398266097956877,,,0.11378009467949375,0.11391083203123639,,0.11389344108771246,0.11357622082255588,0.11377921425624372,0.11387443945228788,0.11370708305916051,0.11408501321805506,0.11386270451040484,,0.11413842879230045,,,,,0.11436908986473486,,,,0.11431578112061566,,0.11381589418356995,0.11430162111356197,0.11390382988213613,0.11342923540603546,,,,0.11374528334565656,0.11363217334978667,,,,,,0.11380613596985227,,0.11339031316600533,,0.11365986845202268,,0.11386528960313146,,,,0.11371248602381218,,,,0.11226348942885876,0.11342131041379022,,,,,,0.11354669310510643,,0.11367797567184111,0.11422464676981064,0.11387518983866544,,,,,,,,,0.1145964090699684,,,,0.1139006891431455,,0.11424073221346613,,0.11396725262047916,,0.1137937146871576,0.11392002871134489,,0.11383331409647438,,,0.11413063603801363,0.11356496896907667,0.1137843644234572,0.11383829524536654,,0.11373101916511527,0.11385667204092595,,0.11379094717999988,,,0.11337584614391819,,,,,,0.11357357475811775,0.11369256315266175,,,,0.11371736892703313,0.11374491949243648,0.11401022114624272,0.11394567017818723,0.11372330706317381,,,0.11599315434361238,,0.11603097045212456,0.11644899468522296,,0.23116005131698958,,,0.00012691257634770656,0.12450748057090312,,0.1891334629760773,0.1896350141830859,,0.18947009966403444,0.18931391272436104,,,,,0.18977419970847162,,0.18932143852387548,,0.1889760424567148,,,,,,,,,,0.18936971908243228,0.18894638923828846,0.1896205280733537,0.18913530066410955,,0.18962169417100827,0.18986738297454694,0.18938618718723887,0.18948616204103275,,,0.1897459937653959,,0.18918681894289324,,,,,,,,0.1897108060344707,,0.1892484103010391,,,0.18994877087864243,0.18980520257482353,0.18995320093176893,0.1898731602200904,,,,,0.18939260244488398,,0.18940363031541985,,0.1897965680145127,,,,0.19029281393471567,,,0.18929122742427099,0.18956631046448655,,,0.18936612309628578,,0.18912866669615724,,,0.18951959281366323,0.18932817655910317,0.18961161190188067,,,0.18999919076781607,,0.1895051133615365,,,0.18954949698656465,,,0.1893672756540628,0.1897992850442663,0.1897421552343165,0.189904053140536,,0.18954354557778688,,0.18949458219624887,,0.18945506292819922,0.1898321078323761,0.1899183716974443,,0.1893045306183749,0.189305286294957,,0.18916453094207697,0.18892785262246073,0.18918345769245726,0.18956051641962512,0.18996218887464456,,0.18975641658148612,0.18989746146911057,,,,,0.18986659211006604,0.1891289786120953,,,0.18986388233326618,,0.1899665382601818,0.1894810023061435,0.18944029257438783,,,0.1900554890972939,,0.18960916800722866,0.18962187371451003,0.18929795405443817,0.18952233106097346,,,,0.18963889165475198,,,,,,,0.18998371464921876,,0.1898228519751004,,,0.18968261603455733,,,0.189724201476304,,,,,0.18970121387996577,,,0.18984258965243714,0.18964709138677566,0.18979255906160117,0.1893070697040019,0.18943182808463532,,,,0.09214443010351268,,,,0.1900195256004172,0.19084454753646524,0.19005395871410813,,0.19016719359789608,0.1905781834115479
8,24,DG_48pct,96,Z04_F12,4,3PH,157127,165460,True,9578.984208511341,9717.798265318104,9751.2833880605,658.3298905102995,645.7992448760838,90.89220232096017,8.769031693666268,290.7121714365715,258.9079644447616,142.92060576205077,132.7753002509388,44.22096477909083,0.6452083435944315,0.011140865054380963,23.790330658029507,39.83843856337285,70.48146441059738,29.381833615761938,36.70767499274417,43.12808284428924,0.46195029220500816,,,0.46352344404595014,,,0.296839721656977,,,0.09131285732195293,0.09158319521971749,0.09232543922585178,,0.09210081694151018,,0.09232605686992496,,0.09231499743166921,0.09223767354383565,,0.091453661445709,,0.09149292721269822,0.00013783011696428526,,0.00013819053454189298,0.000136152982520675,0.00013579273167754722,0.00013631933594110385,,0.00013805448602546012,,,0.00013790939531973308,0.00013794867424935417,,0.09243659031153934,0.09252798428354284,,0.09318078910055141,,0.09294587852324382,0.09343233108344229,0.0934250293914154,0.09328449439210824,,0.09333522925606065,0.09324286628087648,0.09321502363450858,,0.09335006731441178,0.09350846008010695,,0.09325480711822595,0.09362515208074315,0.09340706134897069,,,,0.09336302710006283,,0.09326196606428636,,0.09287306114949516,,,0.09317379356065401,0.09304790240044157,0.0930338574841606,0.09282779860792163,0.09272669052078347,,,0.09259533172807478,,0.09274026998028709,,0.09272468690280646,0.09275406274425817,,,,,,,0.09096304277588735,0.09082987996264202,0.09096138036574225,0.11343710708924215,,,0.1119764764133606,,0.11285343453224543,0.11254886078354594,0.11427052435839057,0.11386368324488627,0.11373963683996091,0.11405710610327006,0.11420382078866002,0.11426481145777437,0.1140333581267974,0.11362844669709272,0.11378464135838219,0.11337530048858475,,0.11361825537580848,,,0.11391650357591057,0.1137758843240779,0.114061960726967,,0.11373570005968044,0.113832098440994,,,0.11393664964221634,,0.11396807439268906,0.11430510238751697,0.11385839576295535,,0.11378752904939758,0.11375827508197975,0.11361901264370336,,0.11356872519055215,0.11365980290778584,0.1137724921070359,0.11392765667591297,,0.11402385473561313,0.11394772286309415,,,,,0.11387684756213592,,,,,,,0.1136913900499674,,,0.1142984005403499,,0.11388392547137095,0.11397461961968083,0.11388737159834435,0.11370189401019803,0.11430477228731176,,,,0.1142084531790221,,0.11410294643860032,,,,,0.11387299280496598,0.1138185799681066,0.11384019148443235,0.11399017090984007,,0.11348142545297098,0.11385695739125708,0.11384449749271854,0.1141348500719892,0.11357270219162648,0.11381931434616491,,,,0.11360412426289948,0.11384806206939994,,,0.11421011274813113,0.11411759090959495,0.11412023987737721,,,0.11401232115244693,0.11392159029183796,,0.11399319849342908,0.11397015884328482,,0.11423182369145643,0.11412432727168148,,0.11402209142373715,0.11390139760584593,0.11420977135120775,0.11380201878932678,0.11401008601263181,0.11410813024262477,,,0.11397558661566588,,,,0.11387752875360553,0.11402950301993688,0.11388786828831689,,0.11411783647106764,,0.11410882992242884,0.1140188425889728,0.11392517256048773,,,,,0.11428410816266676,,,,0.11362247319348377,,0.11383149190874377,,0.11403175027599995,,,0.11406443980711975,0.11394677627708709,,,,0.10812941415188808,0.11211163619097382,,,,,,0.11213173166945085,0.1122779383408641,0.1120694238950355,0.11222157411097052,,,,,,,,,0.11216903199809976,,,,,,0.11214377082054622,0.11213902452911403,,0.1120592302365703,,0.11239947640321526,,0.11209972872940004,,0.11205211860915125,0.11223630464045392,0.1120026002616925,0.1124014945174303,,0.11220904068112394,0.11242086259312635,0.11178918981198557,0.11211215369818638,0.11202749796657761,,,0.1121741153740532,,0.11212798353584918,,,,0.1122905463970797,,,0.11238133737858527,,,,0.11221686266489236,,0.1123637805538265,,0.11233266585001088,0.11206468233182623,,0.11243134138615418,,0.11242914735090198,0.1125201980237361,0.11209305384674913,0.11180006847222297,,0.11210336985719364,,0.1122642801329965,0.11222489930460801,,0.11236505169854734,,,0.11209901425215338,,0.11198873186763293,0.1121758016710487,,,0.11216597636186718,,,0.11212263838740254,0.11252825841930011,,0.11263050999218134,,0.11198751354677453,0.11237813799636105,,0.1121031121225357,,0.11233130142486153,,0.11196228460054926,0.1115725593813689,,0.11192733795129504,,,,0.11211717181505368,0.11231010170015474,0.11199721814490335,,,0.11230439391146592,0.11178237723849029,,0.11204036558624782,0.11175432383340092,,0.1121935483549999,,0.11209498462219872,0.11225619181027834,0.11206661644434067,0.11237767697395815,0.11214951842784672,0.11197080501225352,,0.11213783117064145,,,,,,0.11208730227077342,,0.11225684384358756,0.11216899787857361,0.11226221519260692,,,0.11202790774814071,,,0.1119434297652676,0.11205539108844166,0.11184230994467859,0.11178020682820049,,0.11221760281536895,,0.1122604699095487,0.11186939546750096,0.11201553603356826,0.11221202621554065,0.11201776763550984,,,0.1118681581636419,,,0.11212014005089568,0.11238911610406736,,0.11209425020675806,0.11219621084584333,,0.11319200254372197,0.11303636099508126,,0.1125370894787934,0.11285776083746958,0.11281227035597735,0.11252402706976024,,,,,,,0.11049252354657998,,,,0.11250653476815824,,0.11249215428237597,,,0.10976937192664026,0.10689732971767223,0.10667399031179162,,,,,,0.11854617518711563,0.11816304056994237,,,,0.1209424380230426,,0.12078950816622097,0.12093922512744877,,,,,,,0.1210143600851015,0.12108868624446134,,,,,,,0.12104308739245234,,0.12067134023890215,,,0.12108324139026522,,0.12111706692573515,0.12126243870975568,0.12084376274627515,,0.12339031451763662,0.12324063761251479,0.123489924087534,,0.12233410053071832,0.12415892378144347,,,0.12401949126546297,0.12385370688649396,0.12383035761769488,,0.12417657918107164,0.12357115060356327,,0.1238993474720119,0.12410015910290664,,0.12349694165015458,0.12323833149316203,,0.12323524123273627,,0.12305090246530696,,0.12336251523706537,,,,0.12365463231333508,0.12311473379625451,0.12285106032321867,0.12341305284260964,0.12322029604509882,,0.12331030838503744,,,,0.12348953323571306,0.12305558622497252,0.12311890180894024,,,,,0.12296087215174686,0.12301142657931431,,0.12335759829459786,0.12286046352881949,0.12306120163869716,0.12354824546714274,0.12336127314429678,0.1237836791655309,,0.12322355984251106,,0.12334733349354138,0.12344237215388172,,0.12335386298090865,0.12328574607559857,0.12362390701095413,,,,,0.12298902343003983,0.12321994797316448,0.12305172660007958,,0.1234719030649705,0.12316241029485601,0.1230833378804584,0.12280897130674844,,,,,,0.11217594942023197,0.11220151360790499,0.1117368940505363,0.11198263754708647,,0.1121945728390573,0.11201024163925011,0.11190159105976862,,0.11218278215557262,,0.11205766941436146,0.11190733658633391,0.11204773737411994,,0.11201078103746447,,,0.11200773187138705,0.11237974953179704,0.11185110002189202,0.11217602888976798,,0.11209755771441111,,,0.11172470315116224,,0.1121932083083515,,0.11238710327406026,0.11227040662922423,,0.11212985584523365,0.11252179628254848,0.11142043916381139,,,,,0.11151061663418352,0.11171808958744535,,,,,0.11157543042197504,0.11214426874631997,,,,0.1119779201792924,0.11207804168670264,0.11190668418361745,,,,,0.11201782947103962,0.11226882375559083,0.11193784911106126,,0.1112585893711622,,0.1119975843264821,0.11183522633393794,,,,,0.11160960726954695,,0.11225875830158057,,0.11248197850881807,0.11194979960031426,,,0.11245703227069763,0.1122408698558866,0.11244176001115248,0.11211649162959315,,0.11229089284772581,,0.11210617794820599,,,,0.11200550913521763,0.11195139210041434,,0.11218711237805395,0.11220033738977624,,,0.11221073293039928,,0.11208666525471388,,0.11179353006425828,0.11196914698363057,,0.11206153654170511,,,0.11179147040338548,,,,,0.11183805997075698,,0.11154845789788034,0.11174367989164279,,0.11163511200840474,0.11186140280783165,0.11182403264682313,0.11211737546603234,,,,,0.11455991786116611,,0.11396619700214627,0.11411828041437454,0.11431893075112654,0.11441484715814582,0.09472251994612542,0.1397341761717184,,0.0940214469145305,,0.12265644721408972,,,0.09190859488656165,,0.09191116775070536,,0.09197150353279265,0.09144489806536328,0.09188167542293149,,0.09153888770802092,,,0.09163392004016022,,,,0.09188430052326732,,0.09198532366768783,,0.09149593513878716,,,0.09172862313832901,0.09186834187060135,,0.09181704249796865,0.09147203361810606,0.09180267145396005,,,,,0.09181112650616075,,,0.09173695041901192,0.09186162992465473,0.09205972693628606,0.09182251928496772,,0.09200094231540508,0.09191271087818925,,0.09210856086128479,,,,0.09171206277161406,0.0919540209193175,0.09177272280929799,,0.09174784234012977,,,,,,,0.09214703080226778,0.09190871597990677,,0.09191777191352948,0.09188550066184127,0.09176793270820759,0.09202192058878311,,,0.09189314593347092,0.09180710957454784,0.09206471414515245,,0.09182270978707027,0.09182046901190345,0.09186228888016769,0.09175380005096204,0.09179561401030324,,0.09188062585082028,0.09191713483932096,,,0.09183107427387967,0.09196808412676812,,0.09198862953300341,0.09191059299339827,0.09187644505990829,0.091881193213481,,0.09190705340201258,,,,,0.09201564800036763,0.09170409107799694,,,,0.09197571653647908,0.09190301093628832,,0.09203617218889569,,0.09196391446800417,,,,0.09182477961547744,,0.09192647625289932,0.09202145245870698,0.09187817643425639,0.09185229145148237,,0.09188717482486969,,,,,0.09170770397695957,,,,0.09173342172497487,0.09183513654840027,,,,,0.09176560481840947,,0.091818114424771,,0.09202625872080655,0.09185991024118206,0.09192572845589399,,,,,,0.09215848308950675,,,0.0920684306399351,0.09177081659125585,0.09178205298512115,0.09175529559801204,,0.09197009482679663,0.0919006689367714,,0.09189276907057892,,,,,0.09166130591425202,0.0917103283019576,,0.09175980179854143,,0.09188225827700026,0.09151389401587733,0.09185195047878857,0.09089840401610551,0.09066041324752827,0.09046622454362228,0.09436906448331696,0.09412783640272987,0.09417355893507823,0.09223053932896245,,0.0922128938133116,,0.0922135906116654,0.09213828548153702
8,24,DG_48pct,96,Z05_F01,5,SLG_B,157168,165495,True,7555.589638666106,7360.233339994642,7266.180377530133,8504.031816961333,4763.097863579907,865.573831734672,74.20780015217342,1793.6327400422365,1623.3607935184832,905.9258175081864,837.8338071192504,278.2729395040487,4.743871561670802,86.11823725520233,266.3890319284424,373.29597537319404,478.8247766804439,198.57076204746278,260.87731357233156,265.1946749335955,0.5567756573054953,0.5560644839986183,0.5580622857979551,0.7846417897691025,0.5909139970441255,,,0.3034722277573682,,0.3039058226296769,0.2798836201106094,,0.6888245528320015,,,,0.2856505721792257,0.5116592186187273,,,0.3043846151646976,,,0.3038752449921125,0.3040517722054262,0.3036916410097698,,0.3007450413664245,0.3003948472661229,,,,,0.30423057828706546,,,,0.3038388994992017,0.30450219393533495,0.29784726131782135,,,0.2984276958862665,0.2989628677173793,0.29835428684236803,,0.2982452750902938,0.29883788009993006,0.2986202147922649,,0.2986131003630151,0.29865833397857533,0.2995097936680458,,0.298847144642467,,0.2986388807270136,,0.6972543933419082,,0.5140441144951902,0.7037428835465828,,,,0.707236791497673,,,,,,,,,0.7055174941231901,,0.704556022387367,,,,0.7059180551010787,0.7047063917954755,,,,0.2786803916535111,,0.2782514124881724,0.20089007577610654,,0.3443865635984823,0.34330000735623223,0.3440352636467804,0.34415285906689197,0.345903932926561,0.75627138674008,,0.7560635254749023,,0.7557216520828791,,,,,0.757001242433444,,0.7587133892230596,0.7542527904134224,0.7575789709209297,,,,0.7583254326440617,0.7576384520716519,0.7585048255068186,0.7599246088219158,0.756919956536362,0.7575168615886391,0.7564680888459527,0.7587397304122209,0.7569855484947413,0.7578075243096695,,,,0.7558129975357188,,,0.7564765447036426,,,,,0.7586553115607665,,0.7569401172847616,,,,,0.6446866306712917,0.6440953099179345,,0.6445899329416679,0.6444829586001602,,,,,0.6460152535448556,,,0.6454206632866015,0.6446835546758634,0.6439165924240825,0.6457622269096127,0.6448473963672172,0.6440065934874429,0.644050213386542,0.6456925869932555,0.6441563161935011,0.6442562180408353,,,0.6443283343266025,,0.646690043198008,0.6437975231087091,0.6442621730090009,0.6451879957316473,,0.6436407264682036,,,,0.6448263298308677,0.6451438855753797,0.644483829830037,0.6435220414482747,0.6454350745649277,0.6427747133465952,0.6458990251034042,,0.20179119487560018,0.2024263387876548,,0.2023899493839591,0.20175167873689526,0.20221344353815157,,0.20204732407638393,0.20235516129137732,,,0.20291773276149438,,0.20213178610609242,,0.20202913286188942,,0.20252660696440117,0.20227456318170686,,0.20235925346224756,,0.20175813264049153,0.20211994267353312,0.2019179753114254,0.20232442282121102,0.2017659078886552,,0.20155192386563375,,0.20156747692087015,0.2017400039990444,0.20204280508001018,,,0.20215448952313017,,,0.20229678872996998,,,,,,,0.20200224499288605,,0.20201458741674502,0.20174519837140473,0.2023894282958517,,,,,,0.33347345045194127,0.7593415975211406,,0.3433717167492734,0.34231331018020505,0.3440006962688625,,,,,0.7654974513206518,0.7669871999029196,,,,,0.7672209208097102,,,,0.7682742638390221,,0.7685745699200439,0.7654116593152732,,,0.7661554571207225,,,0.7691346918771507,0.7672521528045516,0.7669501508829201,0.7660841578251119,0.7671115165419015,,,0.76523709860018,0.7659595495047546,,0.7655680904709725,0.7672828086363368,,,,0.7656606105560133,,0.7663627240853587,0.7667840609213612,0.7667807779892364,0.7656997412583818,,,0.7621138165410616,,,0.7626198122166271,,0.7639496892106796,,,,0.7647063029638105,,,,,0.76320044210731,0.7645881470014305,0.7650803354953889,0.7638749358922012,,,,,0.76350932660675,0.7627600824679829,,0.760950480572826,0.7639498545712219,0.7633206881325895,0.7622947025408258,,,,,0.6270325787371905,0.6255515738718682,,,0.6263010603679743,,,,0.6261820487269426,0.6274091080267246,0.6266313688059518,0.626654975469814,,0.6282213140634899,0.6267842300270059,,,,,,0.6262287650149603,0.6257949947016225,0.6255952722808683,0.6234499907668551,,0.6245392291565519,0.6265380258533123,,,0.6265030601416721,0.624545171644492,0.6247035112936392,,0.625172853204385,0.6264071707092775,,0.6263976601555298,,0.6260659610873699,,,,,0.6255603870627161,0.6265394808338723,0.6244176877997507,,0.62614079261111,0.6274007864145548,0.627823005672784,,0.6263445904188482,,,0.6258755385264715,,,,0.6287729793886426,0.6282365753794533,,0.6260387736173284,,,0.6281489248170565,,0.6252074476632021,,,0.6272063599650199,,,0.6259989651788344,,,,0.6281171188914357,0.6255308834629695,,,0.6278192052060166,,,0.1687822993593729,,,0.7674169952689608,0.7674982574964148,0.7658103735603115,0.7667643926999088,,0.33903773413865,,0.33843852844052424,,0.33897284605630806,,,0.1936427793739551,,0.34262027177834403,0.343648439369441,,0.33886471416276315,,0.3383346326030814,,0.3337147193729833,0.33336068314262585,0.7612256159248105,,0.6481860993335542,0.7829740601556407,0.2187006982607358,,0.7926341959811433,,0.6761587722789723,0.2245428066837728,,0.22453838086621478,0.2242411286771198,,0.7988748382978664,0.2243202718545942,0.6831045634150309,,0.22645572372651873,,0.37017391747800926,,,,0.36835469174527846,,,0.3690329082595574,,0.36824992097191617,,0.36799520611749137,0.36865318419658066,0.36948292115940023,,0.3684890799359028,0.36926579632580925,0.7002355512724102,0.7002566012920526,,,,0.6937620221418631,0.8203599318428058,0.8183456431524122,,0.8181658934647443,,0.2318547608217596,0.23252833318180052,0.2333071680865869,0.7037175822578596,,0.7023552074730305,,0.37677916462514494,,,,,,,0.3751307087770262,0.3750658380968011,0.37478161841002666,,0.3747832910378812,0.37566204519459356,0.3747995501019677,0.3745352288744088,0.3760417526134787,0.3756206661600461,,,,0.37614419688990514,0.37523607681145593,0.37625139897169424,0.3740364350329969,0.37589125880946633,0.3758091232351954,,,,,,0.3762930635812613,0.3751253129780214,,,,0.3746299175834604,,,0.3764050217776449,0.3737483568494221,0.37488327468601,0.37647196706961666,0.3762342683979606,0.3746545290492126,0.3763928861988294,,,0.37581383983367295,0.3756293994761361,,,0.3748980172833623,0.3755338480956393,0.3759306927668981,,,,,0.3761455335278521,0.1371247465891726,,,0.1368274247669686,0.13722601442241306,,0.13688328017102766,0.1372385195606003,,0.13714716408207545,0.13691992617302545,0.1370220162318539,,,,,,,0.781373376250749,0.7805081257982945,,0.7800212377382443,,0.779357333251053,,0.7800553239939962,0.7768761075187016,0.7780084575479621,0.7788671765014865,,0.7803183167985599,,,0.13750347311023298,0.1378220859914061,0.1375545172350149,0.13775038409088694,0.13756019864459892,,,,0.6201203088954641,0.6212555401868127,0.6196457705088768,,0.617404876980916,0.6191259647140579,,,,,0.6185541273749242,0.6188644406976805,,0.780307448135452,,,,0.7828789746484566,,0.7803564755404557,,0.7820143112211233,,0.7793842502453984,,,,,0.6208502039543937,0.6221525376523043,,,0.6184237017051171,0.6199059109016826,0.13753779723655243,0.13753017711185986,0.13728050401427325,0.1376518527512591,0.13713351017788147,,,0.137475140099449,,,,0.13745559421604422,,,,,0.1373551642504859,0.13735799396564005,,,0.13747292264696193,0.1374376657513056,0.137202864568499,,,0.1374309388761387,0.13768741070353643,,0.6213945756094007,,0.6206528408690174,,,0.6197151440664367,0.6189163922630593,,,,,0.6204119500262604,,,,,,,0.6208560977902647,0.6203558181594947,,0.6207283506977938,0.6234166796081313,0.6208509250705058,,0.3481422870519673,,,0.3490307798114066,,0.34866718850681355,0.20790972393670817,0.32574607678283707,0.3102937919744846,,0.3100423149374147,,,,,0.3058313124982258,,0.3056923695365824,,0.3059608647878158,0.30604745552372564,,0.30445496612533546,,0.3051943802091254,0.30583017185191946,0.30562394108052193,0.3049506041905562,0.3047668157797792,,,0.30525516555274307,0.3047505425310008,0.30567914372422067,0.30512111697852645,,,,0.3052048385204532,,0.3060094832951388,,,0.30590779197009377,0.305397200867694,0.30471164278918406,,,,0.30521982026606076,,,,,0.3050697377826979,,,0.30559278659984684,0.30464213910942,,0.305559350993709,,0.30503426444418535,,0.30613315341506425,,0.30514926517223684,,,0.3047024201821876,0.30476484451760216,,,,0.3046942362113612,0.30574531564133806,,,0.3051178508283903,0.30485947930664736,,,,,,,,0.30575191645510097,,,0.3057310424543864,0.3059575602713519,,0.3057100019877838,0.3058266118106069,,,0.305450358724225,,,0.3046156301419272,,0.3066756705037588,,,0.3057693560614175,,,0.30657893330073155,,0.30492376578859115,,0.3055005241283439,,0.30565861091728785,,,,0.3052070733277011,0.3051762021069754,,0.30487532855014227,0.30548198803250093,0.3059078594593111,,0.3044498806463577,0.30572465664010934,,0.3058616623240615,,0.3044754301059724,0.3052854438660474,0.3061822907111346,,,0.3049918202778731,,0.30546685799701967,0.30554746597854865,0.3057959110619707,,0.3051482132708349,0.3056036376798852,,,,0.3048291258423842,,0.3054790423035281,,0.3051363877297848,0.3055326458869683,,,0.3062492310421404,0.3056679449399622,,0.3062753061511963,0.3054361877993936,0.3051796593261048,,,,0.3054308070883006,,0.3059638044918772,,0.30522490252658585,0.3059211477915088,,,0.30537786124974886,0.3053506454035736,,0.30566072831644986,0.3050892223320808,0.3049975925116728,0.3056788400352069,,0.3063187552012413,,,,,,,0.6840494314748691,0.6849618204104776,,0.2870476996981444,0.5112734354743584,0.5116508513906279
8,24,DG_48pct,96,Z05_F02,5,SLG_B,282437,283952,True,7652.409772457526,7517.64831420019,7549.309258961329,9317.96944135456,4602.875466811221,816.7309067756735,70.23582757129662,1804.262923861252,1624.5285995936033,901.7414442827434,833.2001538820361,277.27160077909946,4.6713806784816905,96.17378519731416,296.2274095856213,351.90106359912005,469.7049003537706,193.66206288539698,253.49794262977213,267.62186493898133,0.5425635133240319,,0.5430407746393531,,0.5662825560830873,,0.4273107825356959,,,,,0.6813777239108892,,0.6821559099498491,,0.238229205708152,0.23915719672884247,0.5150102755785138,0.5140126714325521,,0.28855993607702624,,0.2885747131061651,,,0.28843194189158766,,0.2846470511245854,0.28496139102304124,,0.2883143677652222,0.28931003241208764,0.2893179208828912,,,0.6941130986526491,,,,,,,0.2962040235826306,0.2958135785385753,,,,0.29666652373306956,,0.2957878981125892,0.2963645191750021,,,,,0.2964288321886864,0.2966600902053749,0.696005844769683,0.6962198551278972,0.0749611804018195,,0.7061437547115977,,0.7054957887671891,,,,0.7076130968136394,,0.7049849234814214,,0.7073580102381234,,,,0.7063245844456015,,0.7052513883030206,,,,0.7035860412227568,,0.7060647799333012,0.7064764607003521,0.2853024942798145,0.2853379243711317,0.2844629678466253,,0.3512385327868274,0.35302117399091765,,0.353352241150804,0.3528759466985489,0.35327386871691274,0.7489213189842084,,0.7497083617819494,0.7510653122256414,0.7491392748968463,0.7501842577924647,0.7508403185293349,,0.7471432960779655,0.7491765015318437,,0.7490030612776667,0.748587449065502,0.7506386465909294,0.7495893401172606,0.7496812828891168,0.7507771442403343,,,,,,,0.7502719462237608,0.7493019558747305,,,0.7497407243712688,0.7502088884700814,,0.7493738069724836,0.7487372569447408,0.7484756530210007,,,,0.7492482015354239,0.7476952716040166,0.7491038140309478,,0.7479899005657713,,,0.6494870794815246,,,,0.6521699943565901,,0.6535535957285717,0.6511729503016759,,,0.6519809633349961,,,0.6496782874290451,,,,0.6502510097108809,,,,,0.6491665809120651,0.6507495728670449,,,,,0.6524868325938088,,0.6511961930257786,,,,0.6509973581126254,0.6502989831069563,,,0.649880517822363,,0.6507354624649964,0.6513699267309538,,0.6500297023330107,,,0.19231719266183406,0.19341769647690174,0.19299733264815722,0.19312159859832312,,,0.1937584615665747,0.19348806168684807,0.1927826171679905,0.1932899767005577,,,,0.19427136381896742,0.19330409262333456,,0.19410736193664416,0.19325939613992862,,0.19312038572047877,0.19297680413866386,,,0.19336005252747718,,0.19310710257756714,0.19256210719332417,0.19292320880979924,,0.19293067453710752,0.19296577893107023,0.19317619325022026,,0.19319519867428467,,0.19315765948081615,,0.1932557230877633,0.19277324769238854,,0.1933992614960986,,,,,0.1926185439804756,,,0.19297853488559594,,0.19282924084260392,0.1926301919446954,0.3433733579991855,,0.3429236032059924,0.7507016230155336,,0.349846014822764,,,,0.35025879610547456,,0.755202510432966,,,0.7577856751347379,,,,,,,,0.7574102534575261,,,0.7564660529966521,,0.7558822490064608,0.7571453148153425,0.7565165249289668,0.7552630262000579,,,0.7555409257752543,,0.7574013131427626,,,0.7538248930046172,0.754875498077239,,0.7577608020216825,0.7546069387305226,0.7551181435040143,0.7568217717504041,0.7589110860353334,,,0.7573538646579991,,0.7578230099117877,0.7523210515535553,0.7521486647335174,,0.7526383579200107,,,,0.75205408397684,,,0.7512946163593861,0.7526882358039139,0.7507533679428514,0.7522632768231856,,,,,0.752030818908375,0.7526218730574844,0.752000985433348,,0.7519912651109373,,0.7524980127773779,0.750404411665665,,,,0.7523601490960772,0.7532753525711018,0.7537824102882065,,0.6337132064737202,0.6315617584594483,,,0.6313210014214017,0.6325227330038229,0.6331342335017248,,,,,0.634904190221472,,0.6355446585904134,,0.635336743012544,,0.6340446411083923,,0.6349809465110201,,,,0.6331458925245467,,0.6326680327261911,,,,,,0.6337285863814316,0.6328957719410904,0.6331570936927639,0.6311046421407636,0.6332254351871929,,,,0.6322916208884296,0.6328163423530578,0.6342371277216586,,,,0.6336506361799176,,,,0.632544020084665,,,,0.6304668705160864,0.6308609569970502,0.6315228949872526,,0.6345596664367857,0.6339207256707798,0.6333108736127304,0.6323518795878339,,,,,0.6346203205111066,,0.634486397897626,0.6357323424507907,,0.6352336398512781,0.6339011372219313,,0.6336203712252019,0.6357079425998368,0.6340224140220903,0.6360031098971007,,0.6362765441991834,0.6324804269062576,,,,,0.6354957985405094,,,,0.16477149526754623,,,0.7559834152800411,0.7556328736495712,0.7538966382495694,0.34712329803060477,,0.3483613065696457,,0.3484658018444702,0.3478877186321001,,0.18603821250501862,0.6416926380606487,0.3523320394077939,0.35137344525563596,,,,,,,0.3430848472268501,0.7540142798619913,0.19833629359458999,0.6555072967554504,0.7767361914423693,0.2085751291113286,0.6773257208331032,0.7845549949768015,,,0.21312096026797359,0.2135304814262005,0.21331384519636631,,0.21353931278809815,0.7916838173017443,0.213623924171527,0.6906049470760666,0.21576209803473537,0.2166426712406186,0.3782673391844064,,0.377427149835214,,,,0.3788475862884061,0.3781284908511975,0.3778868495876711,0.37809852284493095,,,0.3781945460399255,,,0.3782642910805394,0.37925404122695844,0.37960446879098053,,0.7055842131472962,0.7051506731133221,,,,,0.8141766413625547,,,0.22102758175497186,0.22057239280514046,,,,0.7091724836301624,0.7097134798435226,0.7100898075305585,,,0.3848190468962097,0.3852346023351671,,,,,0.3857663919668744,0.38470213266325526,0.38443806829346167,0.38607853397712516,,,,,0.3853318765238,,0.3862486206308034,,0.38506636225092944,,0.38579702367465546,,0.3849092432479078,0.3846552115112761,0.38541473259091036,,,0.38522833718056154,0.3855105214614938,,,,,0.38677260312308964,0.38491922719649047,0.3864677553668974,,,,,0.3858714215094457,0.38545640060900754,,,0.3859522131143234,0.38561864702235943,,0.38453391554292554,0.38507500686818114,0.38640183689311525,,0.38614512313378846,0.3855037116465881,0.3851588541949479,,,0.38546178846207046,0.38681570309915103,,0.13794890111953173,,0.13771818375761818,,,,,0.1376172302981905,0.1379885521754447,,,,0.7679184339973418,,,,,0.7647013152402453,0.7673205444000185,,0.7672951723764723,0.763883613828884,0.7671889825563613,0.767412370366691,,,,0.7668854054239157,,0.7661705562901739,,,,0.13808942090971352,0.13794729908821857,0.1379010038754871,,0.13796839935879718,0.6262401447526355,,0.6263570026469666,0.6274472265422482,,0.6258535982725494,0.6261590998637674,,0.6261908805827177,0.6272277868125327,,,0.6263033248325919,,,,0.7662104388849448,0.76467601243754,0.7666955255452775,,0.7663324910652546,,0.7694308192246425,0.766756353843816,0.7662138765372164,,,0.7657974660813396,0.7642048830459053,,,0.6298217713485479,0.6274757691216701,0.6266676192092663,0.6278519026214379,,,,,,0.13797974209368147,,,0.13787906495188415,0.13819180223897526,0.13756192252666674,,0.1380974546776515,,0.13756100017143658,,,,,0.13770189251621648,,0.13767147379039837,,,0.13793278086272595,,,,,,,,,0.6280852633449929,0.6274125285149468,0.6272029932093146,0.6255102262068964,0.6289949687245563,,,,0.6271132452309032,0.6262311723883845,,0.6270979475805318,,,,0.6286348740146285,0.628045016332992,,,0.6277708005214027,,,,,,0.3572537714355937,,0.1521305710937605,0.28236064911934017,,0.30358591109406347,,,,,,0.28922653363283135,,0.2895330866824476,,,0.2891996859668889,0.29034913921447203,,0.2907449095452503,0.2902126689579254,,,0.28972824760348925,0.28961174459290884,,0.2901602356893282,0.2890834374449646,,,0.2899459055045384,,,,,0.28974491769583843,0.2891880846052306,,0.2901447846169245,0.2899122829800696,0.2898560270917646,,0.2910927021339522,0.2893833648534184,,0.2896885869911653,,,,,,0.28992035746813977,,0.2902781117286198,0.2903113581422195,0.2905020103510375,0.2902463821654475,,0.29032464781728906,,,,,,,0.28988437252864213,0.2901681001823829,0.28926871175252633,0.28999848920691845,,0.28959665370355686,,0.28899995831598546,,,0.2901365503788157,,,0.28919798868833274,,0.290889893426638,0.2901051918321025,0.28938329261378165,0.29018463503701564,,0.290137183806526,,0.2899818463540049,,,0.2900418227954968,0.29037049519057617,0.290353530070949,,,0.2896771721776757,,0.2893757278266788,0.28991400986579147,0.2888266361276878,,,0.2901343026947608,,,,0.28920379032668175,,0.2905389937630909,0.2903861481127777,,,,,0.28933401269010955,,,0.2899708635725654,,,0.28996518038013047,0.2899589084143193,0.2894146428408537,,,,,,,,0.2910459511124644,0.29035619582638356,0.28987928653757816,,,,,,0.29050930690147303,0.2901073754133259,,0.29024911924121766,,0.2901682209871084,,0.2898220326214129,,0.29023550549155946,0.29058424091179186,0.2896259963657434,0.2907020799427544,0.28974339779670877,0.2895043666097387,,,0.28958415535700016,,0.2892137401529549,0.2908301068858126,0.2901342927773746,0.2897823288038191,,,0.2893736486428028,,0.2891509587437037,,0.2909160326398073,0.28965854986499884,0.29017909659720226,0.29060034085705017,0.29002479193032554,,,0.2907404320650138,,0.28413199887841967,0.2845207820778188,,0.6896865262067025,0.14561320981957615,,0.6791111208528847,0.6796528712553814,0.24092881372796865,0.24028647834131128,0.5156576308370988,0.5162013961037094
8,24,DG_48pct,96,Z05_F03,5,SLG_B,282438,283955,True,7453.272070015027,7200.4100777541535,7079.294203691742,8410.476648429847,4379.51810210525,778.0221206663363,67.73365265439212,1896.9639709882222,1712.553964668001,954.4440204237793,876.5754826112063,293.6712428445166,5.135618685763127,89.53028497572627,275.5950934579175,330.04868574211974,448.3185162021664,185.06574365329695,240.3520254146004,280.33890256574,,,,,0.6055304716929415,,,0.30936260477458505,,,,,0.696269934840486,,0.31512477337500533,,0.31464143288895885,0.514841709562587,0.5153239035731508,,,0.3099192679964936,0.30959909456558177,0.3086819337385088,0.30876337680808313,,0.305968712898953,0.3059448936674329,0.30566583371735284,,0.3098171101328813,0.3094464764907533,0.30939277902867884,0.30842669090327895,0.30947635151834724,0.7087710570096906,0.30121846791867674,0.30017156571045833,0.3010166002192865,,,,0.2926668039809106,,,,,,,,,0.2926037025380582,,0.2924040346665137,,0.2924427630665576,0.2930998852330001,0.7066736805953241,,0.1660525526428317,,,0.7160723091323489,,,,0.7169230885770203,,,,0.7175977502867699,,,0.7172530095609456,0.7159329159541615,,,0.7165894215405524,0.7162849365223871,,0.7158686958308904,0.7163305268418713,0.7160355039428994,,,0.26901038185901,0.2689121037302885,,,0.33279804878639696,,,0.3338194105164035,,,0.7861469417036437,,,0.7862906083496669,,,,0.7880528637749501,0.7860435602748832,0.7860218815856581,0.7856453348803705,,,,,0.7881475728497624,0.786336117468431,0.786520073332302,,0.7863072135560274,,0.7837057658637326,,,0.7878108919903862,,0.785935816693212,0.7871193074554889,0.7869700542001289,0.7874082021673647,0.7847034350686904,,,0.7855896702263834,,0.786789096026499,0.7863285699749597,,,0.785396624655424,0.7872009603481015,,,,,0.6241178581135429,,,0.6276705591116701,0.6246205271427723,,,,0.6273120227090192,,,0.6275991182421047,0.6252232609840864,,0.6257910589058095,0.6262248892090465,0.6251389893806026,0.6268280418065197,0.6261728344992864,,0.625772761828182,0.6264217480412029,0.6252400656000429,0.6271883445861497,,,,0.6238855042986143,0.6245482109897423,,0.6260444914168382,,,0.6266841673209032,0.6261253191933739,0.6268014101468838,,,0.6245212774881306,,0.6258661093405536,0.6257463904331456,,,,,0.28626166512599954,,,0.287521095903745,,0.2877614429504132,0.28723693562287705,,0.2882133235468664,0.28817706887498307,,0.28769444289634866,0.2881098077732499,0.2888677485300682,,,0.2879134152675398,0.2871213429711583,0.2889213876287799,0.2876452520233559,0.2873307433625462,0.28762962756820476,0.2874054191016409,0.2876510974757228,,0.2871210963237333,,0.28650723199257866,0.2876219877464022,0.2878491350812385,0.2873206295985432,,,,0.2869868852573016,0.2877717034666068,,0.2884451569820431,0.2880707801617073,,,,,,0.28770885516116973,0.2868623456945837,0.2876748200573429,,,0.28759314421989457,,,0.3234144256221197,0.7864019448247394,0.7774414000959228,,,0.33193861672328745,0.3322703798127478,0.3328837921330486,0.331530283879662,,,,,0.7876232016952581,0.7890021403439945,,0.7891852762249009,,0.7895382554979176,0.7904804816673467,0.7898857377556882,0.7907135836184237,0.7898415052645633,0.7897386495718951,,0.7870800174158858,,0.7904059099464764,0.7883109922205682,,0.7901942403480815,0.7871965196944938,,,,,0.7891981516334224,0.7873631076630684,0.7879226526361811,,0.7888031570057952,,0.786402613837398,0.7878726236650254,,,,,0.786882956473727,,0.7843937167884519,,0.7858423762636197,,0.7872450094685575,,,,,,0.786975365270284,,0.7885480468953036,0.788179058937983,,0.787640378269028,,0.7865444331631236,,0.7863508112348372,0.7864373433499187,0.7873348899518745,,0.7860875650700193,,0.7851821829009992,0.7863210799630027,0.7856206365495582,0.7844841178983555,,0.7861597858719925,,,,0.6142667617975061,0.6147345704646919,0.613162476594503,0.6140442139702421,,0.6125693718623846,0.6130571583177981,0.6148081756837792,0.6129868669818581,0.6134148273953433,,0.6132505234734041,,0.6118755460151984,0.6127370753549677,,,,0.6136932504880844,,,,0.6109864135611616,,,0.6125796769377286,0.6132444236266359,,,0.6123558616591089,0.6121840025563815,0.612853258497173,0.6129687859795435,0.6155295943765052,,0.6123062152031349,0.6135793053406857,0.6139958537451053,,,0.6142633375354168,0.6152656620197016,0.6132468198421593,,0.612009109053686,0.6123934472726205,0.6142956677887176,,0.6123431268207807,0.6119262603272071,,0.6143447278877772,,,,0.6139878832991724,0.612462753535524,0.6141529374244385,0.6125544568096706,,,,,0.6133104302203124,,0.6131223809793435,,0.6131112304461284,0.6161508985290186,0.6123896732605197,0.613544373780648,0.6145735625730158,,0.6153823891375472,,0.6142971546191804,0.6127013906410412,0.6137387272543167,,,,,0.6148968433984097,0.2620432140047358,,,,,0.7885185355380336,0.7873765165440307,0.7893563942508236,0.7903589882228651,0.3279202172557044,0.32923921285481417,0.3280149304705798,0.3280349142603714,,,0.7816689219884096,0.27977456275767726,0.6180655280959553,,0.3320823962378017,,0.32694937142175917,0.3273318366313149,,0.3216478892186077,0.32277959576734383,,,,,0.8159019940583857,,,,,,,,,0.31172056325405967,0.31234866197838423,0.8319360592790003,0.31263610770882766,,0.3163602484696508,,,0.3576098179990007,,,,0.3581836720132565,,,0.3579699035665178,0.35723950187818343,,,,,,0.35677885337206994,,,0.677901425903355,,0.6755106645878358,,,0.6696206137453026,,0.8543176233443621,,0.8535225550342072,0.32171659380786705,0.32257716425036176,,,,0.6779517619790522,,,0.3648504520334517,0.36469014053718607,,,,0.36467699990849656,,,,0.3645935851510961,0.3649282198957704,0.36425682201533655,0.3640616730583938,,,0.36499324155134627,,0.3647486496388728,0.3651537501608295,,,,0.36488496210783394,0.36340048471473535,,,0.3644386129897271,,0.3642826630092166,,0.3642618238512216,0.3646486123758326,,,,,0.3632939970331877,,,0.3644101950928049,0.3653468460613123,0.3646583038883788,,,0.3635869909135596,0.3639921732035535,,,,0.36519490364398915,0.3649465371946763,0.36387217716169784,,0.3640417523527792,,0.364661258591227,,0.36391779995736795,0.36457275340304107,0.3650282577468336,0.23834141856105187,,,0.23771735074906328,0.2381556265958007,0.2377394289206654,,0.23795362388013938,0.23796801435338238,,,,,,0.7978876980054567,,0.7966246867587143,0.7980924127796997,0.7982066346725583,,,0.7947985685315185,,,0.7969996522883934,0.7978831726241322,0.7942157190658427,0.7938707311293586,0.7974207827767015,0.7953036882210007,,0.23896211177292087,0.23864639742723423,,0.2394393955069108,0.2383724150075822,,,,0.61059234833871,0.6115953481823886,,0.6114091364842047,,,0.6122230897537855,0.6115227585097937,0.6110931271195079,,,0.6111130111386602,0.6133726603487332,,,0.7957015747977823,0.79489990533293,0.7952364504057725,0.79792265544517,,,,,0.7962884621091261,,0.7975381820573257,,0.7944808792523539,0.7930111655808026,,,0.6136317446166847,,0.612243477830908,0.610122202936102,,,,,,,,,,0.23807833938875478,0.23842995666580616,0.23847678677427345,0.23810409368190252,,,0.23869484764190477,,0.2379183536245098,,0.23782835551431544,,,,0.23897286654212188,,0.23803359770383195,,,0.6139406651680747,,0.6126984471187832,0.6137420695298835,,0.6129235857524957,,0.6140521917795699,0.611496607399603,0.612340136590544,,,0.6105191267306475,0.6124973284494964,,,0.6129185731972965,,0.6100941876627733,,0.6120829615803601,,0.6124865211181367,0.613728448682458,0.6139525318329417,,,,0.33835413669174946,0.3377369837875134,0.33759761731490456,,0.23501958424802033,,0.3052202030035515,,0.3069532567371009,0.8406692160832879,0.31031213360868914,0.3104275126249056,0.3101581548879998,,0.3104216854878793,0.31038193135628966,,0.3104326848307536,,0.3101431212998718,0.310030356629102,,0.31062443987441585,0.3103138315890104,0.31097881517897447,,,0.31094944104069455,,,,,,,,0.3113544670678197,0.30942362736320317,0.3107029542206162,,0.3101419373734521,,,,0.3109142463803242,0.31020763132994195,,0.3102803230999725,,0.30979866363020847,,0.31077527025285717,0.31063687622399083,,,,,,,0.3105138836879936,0.3112865058884427,0.3097172656515155,0.31027465826596223,0.30978057399664166,,,0.31065310319932615,0.31109822864103914,0.3100529834082582,,,0.30968590160338183,,0.31053131080726326,0.31088047854831363,0.3095816629263792,,,,0.3103417799117077,0.30906026575319134,0.3104565079938126,,0.31081403096644494,,,,,0.31168930601069544,0.30992868256799433,0.31047925163602297,0.3115331761725982,,0.310202820210672,0.30968940849339777,,0.3109627961074364,0.310494324867056,0.31033063681132145,,,,,0.3102602924795133,,0.3104126634507014,,0.31039707633440666,,0.310290087187239,0.31062118154808427,,,,,0.31041669225976853,0.30984437985682023,0.30990970583808825,,0.3107350189706892,0.3110254399821718,,0.3106512610740929,0.30971779560773954,,0.3112216124847255,0.3101347000346178,,0.3106118761717913,,,0.31101881730575154,0.31059778545465244,0.3100403722779608,0.3105335800106218,0.3109431843323891,0.3102369553231313,0.3116828174103001,0.3111195876401558,0.3107549620938003,0.31203811479701365,,,,,0.3108636144281717,,,,0.31128251207287927,0.3103792692356453,,0.31144293464002487,0.310711953868278,0.31029868841842756,0.30975953903206904,,0.31073628020414557,0.31097823079170817,,0.31108222441147454,,0.31099364438395816,,0.3099443956271801,,,,,0.3108690817782076,0.3096324811754129,,0.310657074717755,,0.31070147912158735,0.3110872510602346,,,,,0.29193595291666435,0.2918289697451289,,0.22795959575443644,0.5297956607414785,0.6919578185220121,0.6934668590524299,,0.31634661341883746,,
8,24,DG_48pct,96,Z05_F04,5,SLG_B,157167,165501,True,7471.609313442738,7284.811583250345,7086.218873989155,8340.46055223247,4679.616774419909,856.5364077852975,73.61529276950411,1817.1890696618937,1645.1125382942098,919.2471351302346,854.6197693328712,283.5176714611336,4.887770171885888,84.40379231420737,261.25695980510415,368.3609600391359,472.49731274610815,194.84015373957004,256.86271780817356,269.4268517485606,,,0.5658926695011172,,,,0.4729315459730632,,,,0.3013583091273463,0.6914254974582887,0.6923977845398953,0.6921130194082097,0.30670748445822454,,,,0.5130646069889196,0.5104734207954239,0.31119504037447576,0.3109857022462644,0.3108766595123077,0.31142813874769837,0.3112174978164063,,,,0.30716272383549653,0.31049019276763423,0.310865958224122,0.31147941516128036,,,,,,0.3050645686805388,0.30630678889451135,,,,0.2992167178379536,0.2994999352479223,0.29890623788837317,,0.29882305310986584,0.2988429160831647,0.2982701618047092,0.299868410170966,0.2984369017696636,0.299201305520626,0.29893792913144884,0.29913822103120646,,,0.29895616171796513,,,0.1628836356045375,0.5152578281018951,,0.709094875531277,,,,,0.7104182295585582,,0.7086593656661465,,0.7105247732770139,0.7112822888585478,0.7088718810962427,0.707798377912129,0.7091373230616247,0.7082372598206618,0.7089315194391247,0.7092045665936441,,,0.7097433683841888,,,,,0.28083601960075466,0.2801178869784496,,,,0.33509907169658704,0.3366260367021544,,,0.7682171156874349,0.7673438865060772,0.7686323631331347,0.768361489118804,0.7674516783915797,0.7675656128492963,,0.7654044761812097,,0.7655835098757943,,0.7665615223560364,0.7675773543361719,0.7705320845605765,,0.7691227192433044,,,0.7681067611663325,0.7684708040332825,,,,0.7670301881360452,,,,0.7670090759183197,,,0.7640132703018218,,0.7665305852831322,,0.7655724824019312,,,,,,,,,,,0.6370678094894716,0.6365281542746395,0.6373445239481788,0.6381294954949701,,,0.6364850403133512,0.6394477641634929,0.6370930346096904,,,,0.6381489958267441,,,,,,0.6363685030564609,0.6356781304363766,,0.6373100952108094,,0.6366922743370342,0.6367870068719189,0.6383794720788176,0.6371284475726771,0.6366654954849055,,0.6384233068187555,,0.6364694267539535,0.636712470768314,,0.6361855172923674,,0.638036177741006,0.6365800558172012,0.6373861890576983,,0.6381615729148872,0.6370242631303269,,,0.23007220856776803,0.2301425097041324,,0.2304487093019424,0.22980531072556987,0.23020651420379384,,0.2309599042275542,0.2301894090157078,0.22994504745319583,,,0.23018192313965885,0.23048331300334599,,,,,0.2307174750812638,,,,0.2297526840436039,,0.22922915438648836,,,0.2302906950079002,,0.2297698513150346,0.2295298807751863,0.23043922716891074,,0.22978840376890367,,0.23069715707987606,0.23024547100531528,0.2299687498066741,,0.22953977775273918,0.22999721296010736,,0.23032012503375388,,0.2301169072786646,,,0.23025163481162547,,,,,,0.3258751152024678,0.3263640410423356,,0.7607272666023759,0.33589316755528825,0.335352820859431,0.3357253340797153,,,0.3352796681243875,0.7775399304849075,,0.7756194216312787,,0.7769862259814738,,0.7784388717560541,,,,0.776772229649698,0.7800364327204284,0.7770398343008353,0.775822422032738,0.7775635353182102,,,0.775452065602323,,0.7772618338617834,0.7778972776124075,,0.7774279497568983,0.774732253010816,0.7764778358149771,0.7791122386893193,,,,,,,0.7752932557922805,0.7742594650877632,,,,,0.7756251691717613,0.7762219338839028,0.7695836541090652,,,,,,0.77382319763699,,0.7716885747596812,0.7730400352830573,,,,,0.7714940016938717,0.7739396383125627,0.7727068306939041,,,0.775360166947537,0.7713680914338837,0.7701686166944058,0.7718272757846072,0.7720121444321196,0.7734404371272859,0.773862087456245,,0.7729432594299486,0.7735372984353791,,0.7745333045197828,0.7715153569253885,0.6199972887897062,0.6193389907018664,,0.6180555681883065,,,0.6200335025550597,0.621996444594569,0.6189440175314047,0.6220355365955025,0.6210914634626749,,0.6189945289874615,,0.620387443527336,0.6196316252086465,,0.6221368886889346,0.6202511143911303,,0.6207979036258051,0.62047646057706,0.6228682628902521,0.6192119515748564,,,0.6189444100016271,,0.6208246131446324,0.6203979508876879,0.6210445363081897,0.6206257611560934,,0.619274827788979,,,,0.6197783169967934,,,0.6187998508773735,,,0.6214822223728883,,,,,,0.6192111994672117,0.6193890931278483,0.6187329528783052,0.6196854985709082,0.6179674958460919,0.620461033787712,,,,0.620783439287316,0.6194641348140623,,,,0.6216766726726488,0.6203599302966117,0.6213599332686216,0.6203547944863017,,,,0.6218038317474063,0.6225448122323374,,,,,0.6209475296678542,,,,0.6225173690687139,0.6212202392627435,,0.6201962784051366,0.6205595245423188,,,0.19814348035595264,0.1981686122602436,0.19800724627062072,,,,0.775993987387942,0.777158792920485,0.33257379096052336,,,0.33192716040665776,,,,,,,,0.3374815894678917,,0.3312466551560055,0.33214364366820237,0.32640774982241455,0.3263877821811475,0.32545518647043103,,0.23687838915605225,0.6380077750385134,0.7952795153569197,,,0.8021750818533756,,,0.25325074506661416,0.25331331647549765,0.2536664772994364,,,,0.2536022291184363,0.6763165707095566,,,,0.3603941908834987,,0.3614397666587793,0.36153429763931233,0.36089714315822574,,,0.36139845048602803,,,0.36179679994473257,0.361359295540193,0.36050464651158537,0.3612023224473616,0.36036232921238115,0.3615707897849668,,,0.6906588518548521,0.6910588534717395,0.6887918041542139,,,0.8288804892716196,,0.8320363921737057,0.8311184636567714,,0.26210867369113977,,0.26193583074021587,0.6933216022836762,0.6952002257393026,0.6937757843441927,0.6912355239784,,,,0.36814389824161303,0.3674868114374422,0.3679079634939713,,,,,0.3680006597561819,,,0.3676010115208658,,0.3684004019717704,0.3680900189119111,0.368017225440182,,0.36794081655259664,,,,,0.3671849196631993,0.368357018263338,0.36862440755504705,,0.3679793300265961,0.36971278717779815,0.3677476859663982,,,0.36850197385374234,0.3669313553218139,0.3679243418088936,,0.36820194325145217,,0.36766859552089115,,,0.36818411199247125,0.3677849246897182,0.36888393544990916,,,0.3668704661790328,0.36858357183367185,0.3679622317444809,0.3684595304907511,0.3680932894734796,0.3681604860077904,0.368371252403223,0.3683525671356024,0.3691800224553419,0.36665192004922226,,,,0.16724549395419608,,,,,0.16763082907023252,,,,,0.166971066799078,,0.789113176778555,,0.7881381593395366,,0.7885641544366208,,,0.7878035777027064,0.7880620411618781,0.7867056432844158,,0.7889104395059782,0.7885288003690814,0.7883480782863499,0.7879932906048889,,,,,,0.1673461592329458,0.16789370864930958,0.16719385478619583,,,,0.16806461009211646,0.6167922575699929,0.6145940720050745,0.6159684668278245,0.6171133047509868,0.6144301279186908,0.6158093445046653,0.6140553232953245,,0.6157909819481627,,,,0.6161452985585602,,0.7863176119452157,0.7877565337778364,,,0.7875293790420842,0.789645394990204,,0.7899601853534464,0.789864236142997,,0.7866683852888062,,0.7763980212790562,0.7873848873090802,,,,,,,0.6146966448307838,,0.16722496100336556,,,,,,0.16747293804911043,,0.16754450965938544,0.16738962689306366,0.1678158716706855,0.16732891581896617,,0.16801764952428022,,,,,,,,0.16780310884570368,0.16744687799251623,0.16736185031056158,0.16751244071206972,,0.16734316558881995,,,0.6161206318578882,0.6159714756016988,,0.6144852522995172,0.6170250678838035,0.6179859659302411,,0.6172633313742057,0.6146388603123627,,0.6152958546359074,,0.6160213110516892,,0.6168293118936229,,0.6159793678487313,0.6154756550773686,,,,0.6189004960015791,0.6155856976117804,0.6155740409068137,,0.34151175596885286,,,0.3424972489874858,,0.23077893771296693,,0.31238970960098866,0.31157990233206095,,,0.3125757312086207,0.3113256926663173,0.3118349517242457,0.31215788462087996,0.3117855997609486,0.31188962659542674,,,0.3124778648339319,0.31282894101671177,,0.31224059118634184,0.3120786958512693,0.31215629516872556,,0.31240149733466444,,,,,0.3118748117404439,,,,,,,,,0.31191035901714054,0.31209256766711524,0.31205755418483044,,0.3118104679525583,,,,0.31254867748749904,,0.31012530044406345,,0.3115770551625236,0.3116503665927777,,,,,,,0.3122393012182157,,0.31177798286985803,,,0.3122605084106725,,0.3123820307224484,,,0.3127174902837687,0.31164868254785105,,,0.3122661761085698,,,,,,,,0.3125001986040098,0.311651304644303,,0.31225615794695555,,,,,0.3110361466404256,0.3122957315888022,,0.3119571700203188,0.31329663080635417,,0.3127175486781887,,,0.3122759179280095,,,,,,0.31195572411729744,0.3127141145729625,,0.3114702419856982,0.31136243967606475,0.31175830321574544,0.312435734436104,,0.31212710370091024,,0.3115787224588218,,0.31208075668775065,,,,0.3124456116958031,0.3117857097732655,0.3119855786243485,,,0.3118481442485637,,0.3119821893446071,,0.3126132586953451,0.3117694533833955,0.3124166661488738,,0.31202840959137135,0.312112058687796,,0.31144656070163884,0.31220067139169144,0.3119946545882745,0.3111797132580662,0.31255686063102095,,,0.31156375685317844,0.3121139819586382,0.3118020692379789,0.311855504940104,,0.312115491365929,,0.31182956110710136,0.31180542862536365,,0.311450220913679,,0.31105750125757914,,,0.3116833049768847,,0.31174686500119947,0.3115706104201999,,0.31163841411436355,0.31069924862459286,0.3120315856062669,0.3125673640282578,0.3122096935503303,,,0.3119498315686609,0.3115480073949541,,,,0.3123400055993492,0.31231676225233673,,,,,0.6997817988528234,0.22418888885409693,,0.6900126695370916,0.6901313976512432,0.30654925119257215,,,
8,24,DG_48pct,96,Z05_F05,5,LL_AB,157165,165495,True,8162.597729807354,8187.766918671716,8174.111255389538,8587.550680421391,3121.4402071820805,560.3852633615368,52.99560084060025,1236.3872563197583,1105.9858405274792,605.0600586042556,556.673458948731,184.59082449993602,2.788447410503303,70.76261512337665,215.89228459945232,237.67747006687426,307.19030263603366,126.56196718256935,172.90852575291737,184.27625990313507,,0.532578029387493,,0.6027463692013809,,0.6960716529881023,,,,,,,0.29717982947608573,,0.2218382797583102,0.22131770603623155,0.2214200807477684,,0.5565512663769825,0.559185392760748,,,,,,,0.20531992366909532,0.20594173861758874,0.20557836603364743,,,0.20921967950251427,0.2087966513925703,,0.2082687709336784,0.22701143193450668,,0.1301148363654519,0.1299920052606908,0.1006234007417948,0.10056714075489978,,0.10119792070121258,,,,0.10120334523701568,,,,0.10132795885739879,,0.10109902673576358,,,,0.10114917938191295,,0.13653914708578999,,0.5667887059292511,0.10549187535927677,,,0.10548672353429446,,0.10555768608674723,,0.10558275963819301,0.10560992294101526,,,,,0.10566169055725132,,0.10555076082856243,0.10579398875427005,,0.10542755767245712,,,,,,0.00011279379872081764,0.00011320864656461759,,0.2313882876948857,,3.147855413344072e-05,3.141201386869292e-05,,,3.084132870137623e-05,,0.23235692373768396,0.23253593843600584,,0.23238489440757826,,0.23300592379921015,0.23266452111597513,0.23287045295429518,0.23272397367166836,0.23308916347275094,,,0.23224451003459706,0.23287751678510954,,0.23306496057594261,0.23241251742002406,0.23311305284951964,,0.2319847162539208,,,,,0.23209389712300385,0.23337042465465793,0.23310155583614003,0.23216046136432297,,0.23330045955491321,0.23306510780984172,,,0.23326770673317776,0.23292264867694198,0.23244537723286074,,0.23196119949396038,0.23284671470867346,,0.23190971334597074,0.23248044981677396,0.5108999099791479,0.5128534250197152,,0.5127692528117372,,,,0.5104018825514339,0.5111725634961433,0.5114764167769726,0.5118286976559177,,,0.5130319725969845,0.5106619590962337,0.5115651128330453,,0.5119004246558728,0.5123479466238855,,,0.5129092040549685,0.5124384502557682,0.5125407962506159,,0.5117271416748279,,,0.5135001763839429,0.5114230233941178,0.512006258313127,,,0.5116919111964102,,,,0.5111853400106777,0.5121639646007164,0.5135852734716548,,0.5110763223692595,,0.5119868768961466,,0.23304834520668302,,0.23270905758503588,,,0.2328194860054629,,,0.23357318192940316,,0.23268011813741768,0.23322992895815514,0.2330364570786277,,,,,0.23280717966836126,0.23206502225221842,0.233270398198988,,,0.2326063040519516,0.23250197963902006,,,,,0.23279780942853287,0.23285380620936766,0.23264762136260855,0.23240483343355658,0.23218052129663364,,,0.23280503171153236,,,,,,0.2337964174496452,,0.2324758322855075,,,0.23225595788907802,,0.23295186334404286,0.2330866938523166,,,0.23243198078345148,4.809433356827933e-05,4.7947993100038145e-05,4.805809018216134e-05,0.2011658091617531,,3.978589209971081e-05,3.97709810251716e-05,,,3.9768142519928e-05,,0.18956951348436374,0.1894734024086202,0.18951263767770266,0.18874359058116516,0.18911263661045372,,,,0.1889002141101257,,0.189555417184477,,,,,0.18943063350388253,0.18991377668454562,0.18907251820130283,0.18945873787740217,0.18913858278202414,0.18952081859920772,,,,0.18923673485921247,0.18888035045381296,,0.18894397553432676,0.18890719596152422,,0.18888521526838692,,0.1891857046167499,0.18894534814938668,0.18877805405066841,0.18913266418406588,,0.18903264529623193,,,,0.19789618699063552,0.19751617124881676,,0.19750892959258762,0.19789557870379712,0.19788043865259214,,0.19766205866513673,,,0.1976585304937459,,0.1970281321761035,,0.1978163838947529,,,,,0.19829610676672974,,0.19725560528230004,0.1979754085269035,0.19808440776599495,0.19689322566662668,0.19714458251999525,0.19692034975064607,,,0.19795399789356855,,,0.5439763486176915,0.5447270318237964,0.5435088890926371,,,,,,,0.543998220620768,0.5365077961662874,,,0.5366222992816634,,,,0.5345617438370317,,0.5335965225772514,,,,,0.5349596988518178,0.5439773275113793,0.5439141230618996,,0.5429103592008099,,,0.5432322255779753,0.5429359503362073,,,,0.5414240229974321,,,0.5423603714201978,0.5460027463771674,,,0.5439595871941453,,,0.54484154217771,0.5446769451402191,0.5450296474278493,,0.5437056709471473,0.5449645227197114,,0.5445921896170203,0.5444890823578198,0.5433582370885159,0.5358665548468095,,,,,,,0.5353127907312293,,0.5357182750025836,,,,0.5374536237618256,,0.5353310346760259,0.5352911350947643,0.5358546306776654,,0.5353720510342392,0.5350144875412951,0.5378256850573218,0.536964389828908,,,0.5363053375169258,,0.5373970335499182,0.5364261406537049,,,,0.1942397758211316,,,,,,,,,,4.78749692974753e-05,,0.2234143636556136,,,3.9670562979557807e-05,3.963184976250798e-05,3.973095420500259e-05,,,,,3.792409161733497e-05,3.785340649972125e-05,0.2407045762843484,0.24026215298290748,,0.252332639839968,0.25169123194401744,0.5222901702894847,0.2552672708338809,0.2560320190440426,,0.25813672752169337,,,0.25902303347163763,,,0.25878603489835317,0.5300655408607617,,0.26066116629361785,4.168735166440358e-05,4.179132332648176e-05,,4.1712997693172255e-05,4.174218541091216e-05,,4.173589736971745e-05,4.177870448733985e-05,4.177138800374807e-05,,,4.161757188335669e-05,,4.166322314040623e-05,,4.176854235267915e-05,4.181184638954463e-05,4.1783432942298416e-05,0.5392887274475809,0.5402205867059472,,,,0.5361975660643455,,,,,0.2667130772009056,0.2674679392838191,0.26827573312312386,,,0.5415755294695408,0.542962076527278,0.5429814235616672,,4.1590501901056035e-05,,,,4.158925544623677e-05,,4.154340865330665e-05,,,,4.1589604219922133e-05,,4.149583212162189e-05,4.1676983146092476e-05,4.1466417559774334e-05,,,,,,4.148048162379989e-05,,4.160739399516906e-05,,4.168300013745407e-05,4.154525823359495e-05,4.177042689566691e-05,4.1602364804086617e-05,,,4.160415616670925e-05,,,4.1803767742987775e-05,4.1586904532206357e-05,4.172982691446789e-05,4.1784688777076246e-05,4.1617999414218665e-05,,,4.1797269033168146e-05,,,4.166418654686633e-05,,4.154689046232435e-05,,4.163082653608058e-05,,4.1697860223527126e-05,4.149071458058086e-05,4.173413747457528e-05,4.1710918137713385e-05,,4.172462442230964e-05,,,4.173112937069631e-05,,0.15792337725966293,,0.15777071797963246,0.15800637084357405,0.15785251513328488,0.15794099727209265,,0.15772076259802678,,0.15799280136806915,0.15776800244975478,0.15811528060530586,,,,,0.15839300172562001,,0.1581178422242554,,0.15786133994505888,,0.1580465580268769,,,,,,0.15768993049593624,0.15772678690495595,,0.1586344744548882,,0.1581706627008636,0.1580282325917169,,0.15878070154227514,,0.1581791638424179,,0.5723305186545303,0.5739554598090456,0.5729083663287748,,0.5730322865868098,0.5720979367499593,,,,0.5731199316462942,,0.5733235289053464,,0.15814285552423088,,,,0.15851091145627177,0.1578037279568231,,,,,0.158884359945423,,0.1561045346842902,0.15774769126622226,0.1578741884531882,,0.5737227121398079,0.5743468505080546,,,0.5743200967083721,0.5731768446680308,,0.1582721972829434,,,,,0.15863922756696014,,0.15831096445111595,0.15820292495017518,,,0.1580139063332398,,,,,0.15821716057590018,0.15747618177971967,,0.1584124440397283,,,,,,0.15781413847108555,0.5744362207386989,,,0.57377762527378,,,,0.5731023767113054,0.5746485282798466,,,0.5720085789963267,,0.5732435580047043,,0.573806723087351,0.5745096066196919,0.5728863429435497,,,0.5736362487441462,0.5740662809890745,,0.5737017113256194,,,1.5651975733688646e-05,,,,,,,0.26183984746292144,,,,,,0.20895988755207967,,,,0.2092327244974009,,0.20922235257860416,,,0.20904052948493457,,,0.20930028670870188,0.209313287095697,,0.20929569125686406,,,,0.20912037705173153,0.2091939912858396,,0.20924403729707639,0.2086097623673705,0.20845525994532968,0.20884693343548202,0.20883821588920784,0.20894030574682693,0.2092843143243417,0.2089729590145602,0.20876009084604688,,0.20847038354415737,0.2089911678506701,,,,0.2084604338410816,,0.20890312175129014,0.2089810446927683,,0.2086291717080257,0.20904794427950732,0.20887501139981082,,,0.20950932829507013,,,,0.20933188764481192,0.20869993712434837,0.2087526054223772,,0.20893034153404214,0.2087069661828069,,,0.20860153686208033,,,,0.2086235794785618,,,0.20880826098213714,,0.20926434229127877,,,0.2080733514005137,,,,,0.20892688680128965,0.20915148723462465,,0.2088952590237804,,0.2087029871825906,0.20883418936002252,0.20896520497572232,0.208557234922585,0.20962118741884214,0.2092623339260706,,,0.20887161192443335,0.2094825011623018,,,0.2096288707331809,,,0.20898541168863013,,0.20937286527311136,,,,0.2085552950418035,0.20865203382308362,,,0.2093934329379837,,0.20852945370349374,,,0.20940196709896564,0.2086584480253906,,0.20887199482674404,0.2088486059263855,0.2082289390142493,,0.20902670124932748,,,0.20971748859666478,,,,,0.20930212436435136,0.2089838350730782,,0.20867472094361825,,,,0.20805782331754577,,,,0.20917571141506322,0.20894971605642113,,,0.20957774726005102,,0.208801704269006,0.20874386621755056,,,0.20869513765062359,,0.20884367515912935,,0.20936500536580008,0.2089013249208991,0.2093291641436948,,0.20909352499385725,,,,,,,0.2096822673912652,0.20914752535921136,0.20913533528202408,0.2091646012541054,,,,0.044442211169262634,0.1990828872207893,0.16912097968758888,0.5589544088412329,0.298807175543828,0.2986939325079804,,0.22217229107251954,0.5574636503547888,0.5538556205318812
8,24,DG_48pct,96,Z05_F06,5,LL_AB,157165,165495,True,8177.289689475142,8139.075151703623,8198.849644513703,8602.754517212275,3102.913551606726,557.7511325986087,53.11965279640089,1235.3560278507455,1113.801558573261,605.9475341094719,555.9712446307714,183.9461134115124,2.7804757757967713,70.69803113345021,215.6985443361507,237.70446003098493,307.64147835337286,127.33990413572695,172.75195619032422,184.62709471287428,0.5334077583211895,0.5335872318097931,0.5308032631727982,,0.528659777243795,0.6959158736946707,,0.20787762365794582,0.2080391965194473,0.20828942398552974,,,,0.297306489642346,0.22097615342422958,0.22007972398996437,,0.5586269428100951,,0.557365737330664,0.20809614420629022,,,0.20840310959870467,,0.20716243137504772,,,0.20550871708625726,0.2084459153938152,,,0.20802627517242783,0.2088159611955543,0.20768773722756717,,,,,,0.10068632171344406,,,,,0.10126309150522975,0.10134916589775782,,,0.10160022677904777,0.10152823802713307,0.10112254780890162,0.10146621810460636,,0.10107287839901383,0.10084221964380606,0.1010718421942908,,,0.11671952030614417,,0.10548959528375093,,0.10556521194699346,0.10551770805913939,0.1055046339791163,,0.1053239878286016,,0.10563635755279482,0.1055019292450682,,,0.10588546113555407,,,,0.10551056908274639,,0.10550491259697957,0.10544238725627003,0.1054195563246437,0.10564534970657032,0.10560656520870947,,0.00011280724522762605,,0.00011316126580244982,,,,,,,,0.2328208456659496,0.23302814130041796,,0.23323189933683242,0.23291045601530938,,0.23306353228550103,0.23346026995391778,,,0.2332435856008153,,,,0.23183213576073042,0.23289419391313515,0.2330300225635341,,0.23270872751719776,0.23291163049134178,,0.232974111596029,0.23328785801324503,0.23282324700993934,0.2323355852416339,0.2321999643434665,0.23289027492870423,,0.2327011371352712,0.23196212109987668,,0.23251670423409834,,0.23180557423723727,0.23235803385442422,,,,,0.23265080386399334,,,,,,0.5111666675777219,,0.5120870512347018,0.5124792372117266,,0.5123765109892994,0.5135706752599146,,,0.5117955002790926,0.5117864434413362,0.5126571029178889,,0.5123247013791962,0.5112280867851521,,0.513206222819573,0.5117039897577044,0.5105284684312205,,0.5105650022461264,,0.5125615050897979,0.5114812799019024,0.5114141077978862,,0.5128812180676422,,0.5112725711193891,0.5109075902879315,0.5122410322782807,,0.5109206559019226,0.5117390494260373,,,,,,,,0.511056929568773,0.5100461946805014,0.23265408635256335,,0.23250476143702029,,,0.23237330519923904,0.23219974811166802,,,,,0.2328799647589195,,,0.23312185315676678,,,0.23253929933429018,,0.23268849315700668,0.23287976172566768,,,,,0.23211567354101098,0.23213631796454584,,,0.23246724004608046,0.233034727181876,0.2326858863807193,0.23209166290629965,,0.2324354854541489,,0.23276467497100228,0.23332163891221286,,0.2329084721597011,0.23304502769852903,,,0.23257672890402253,,0.2327931196909685,,,,,0.23278170666144474,0.23266685922925504,0.2323445893254084,,4.808420252151395e-05,,,0.2207037581267349,,3.977317190639253e-05,,3.986757699689072e-05,,,,0.18956121580444024,,0.1892091044779863,,,,,0.18937337861435802,,,0.18899442050882628,0.1893590573807544,,0.18957444809267668,0.18988707260567395,0.18908104602533396,0.18918976905240106,0.18914470476884204,0.18926222743148186,,0.1897492740050476,0.18869516161350783,0.1886620397594195,0.18900250656441742,0.18931762589401013,0.18857851459243008,0.1893025103713325,0.18906641828710688,,0.1886673997668677,,0.1894861058948651,0.18929007078262416,0.18946305704239916,0.1893538291820125,0.18917618338897108,0.18894675351768658,0.18936189959888863,0.1894430220624198,0.19778910547236161,0.1976778746151905,0.19754360068211663,,,,,,0.19741714646299546,0.1982692200685181,0.1980707868001959,0.19812554572249472,0.19746541627124262,,0.1976603635319336,,0.1973848103492009,,0.19801042611129543,0.1980449213111911,,0.19796989675206345,,,0.1973889695794997,0.1976039770138838,,,0.19771094559344513,0.1977581389403922,0.19766065936939411,0.19747509527632134,,,0.5444620222749859,,,,0.5433176678189201,0.5428828878491583,,,0.544540800617102,0.5353951308801481,,,,,0.5349957056750942,0.5349278862926388,0.5359018627120021,0.535852683958437,0.5354768139291962,0.5367545957639617,,0.5345885033403431,0.5355582460417143,0.5351584461828045,0.543778458018458,,0.5426234139654638,0.5437883824151855,0.5437631526816978,0.5431576486913801,,0.543857539015969,0.5433251543120382,0.5425674299737697,0.5427736992405728,0.5426720437163634,,0.544786371230701,0.5445157899473598,0.5446269537266165,0.5445009672772136,0.5432329798751273,,,0.5434682853836642,,,,0.5431955634785466,,0.5447337764221146,,0.5448749772322578,0.5452521964208891,0.5442727862453519,,0.5347778159902411,0.5338297344765107,,0.5340956536878129,,0.5368314822839729,,,,0.5355982991591987,,0.535555713917487,0.535974723591119,,0.5350257637140158,0.535891589314288,0.5348907842160592,0.5346533183963366,0.5362565825715389,,,0.5355559614513278,,,0.5363869534098638,,0.5367118492865991,,,,0.19471109272157075,0.19472622526979044,,,,,,4.802360144366795e-05,,,4.78681771811025e-05,,,0.22375962864246018,,,,,3.972305391952294e-05,3.8920531828949315e-05,,3.887215320092156e-05,3.7812891631430245e-05,3.7899884283866066e-05,,,,0.5096420634629892,,0.25167756495758553,0.5233870760664149,0.25471905381744603,0.2560964893626208,,,,,0.2583256604648457,,0.25877452091202335,,,,0.26167723863037784,4.1734607247422604e-05,4.17020258546366e-05,,,,4.1731967797581445e-05,4.174385725942551e-05,4.170545971172539e-05,,4.1736216180482866e-05,,,,4.1738515643442725e-05,,,4.169216745775945e-05,4.176729575409886e-05,0.541647217392746,0.5409080026253861,,0.5387599493461354,0.5402924608290339,,0.2679313731115485,,,0.26812812245576784,,0.2675641393036969,,,,,,,,4.152957527606004e-05,,,4.1496380466910795e-05,,,,,,4.152647372800696e-05,,,,,4.165216110150972e-05,4.1530878583326524e-05,4.14363855963402e-05,,4.1658964077111715e-05,4.165706188243425e-05,,4.149573892436904e-05,,,4.163273058892975e-05,,,4.168978186708856e-05,4.156281331145133e-05,,,4.1608329213152574e-05,4.157540133509786e-05,4.162319989664876e-05,4.173666317219527e-05,,4.166547621177442e-05,,,4.179189146518642e-05,,,4.167356988032886e-05,4.1702737308675046e-05,,,4.166948964643938e-05,4.1685201346109644e-05,4.164604607347747e-05,,4.15867422877416e-05,4.1598131452031644e-05,4.1777228768997076e-05,4.161943862383003e-05,,4.165730570366552e-05,4.1527603180324824e-05,4.1690054988476225e-05,,,0.1579601971857116,,0.15794713689817763,,,,,,,,,0.15796844415642688,0.15838482307753543,,0.1582925836716434,0.15832761112521734,0.15820002106053876,0.15817892717166399,0.15826488757540902,0.15811827631071101,,0.15783470975091532,0.15822013701732113,0.15821271662459602,,0.1580722947153886,,0.15798369080467312,,0.15789910747872724,0.15849937993429786,0.1582417891300657,,,0.1582974529716922,,0.15799462453677462,,,0.5732108008718642,,0.5725805830800141,,0.5715191750495868,0.5725216405912888,,0.5724127723266786,0.5745660208092387,0.572833116751437,0.5731750840555138,,,0.15778008804003868,0.15820028011295126,,,0.1582030570827731,0.15812697140673382,0.15825835287184445,,,,,0.1582057426406268,,0.15745521805312707,0.15790811607769858,0.5732592993302189,0.5716835245626618,,,0.5756411653604696,,0.574684059361963,,,,,0.15818701668051482,,0.15816653772182193,,0.15818396099882645,0.15840156645168738,,0.15817475361710917,,0.15804057792687679,,0.1581222822925451,,,0.15814225662447126,,0.15811732202428327,,0.15850132547820847,0.1587182649325972,,0.15807716541200922,,,0.5753209689965005,,,,,,,,0.5758049345811779,0.5706692442780655,,0.5740345727351118,,0.5732378856773166,,,,,0.5735376748456346,,,0.5733884973557132,0.5726573937950413,,0.5736798683763601,1.5655894234122882e-05,,,,1.5677584329630803e-05,,0.1756808050779376,0.2621091325925332,0.1326074775779506,0.13273734434769321,,0.26491754348459745,0.20914990434689987,,0.20922114567313346,0.20911469228677884,0.20904388204534932,0.20836464998492818,,,0.20870442441900056,,,0.20888376652924603,0.20881943855300605,,,,0.20920110098785744,0.20907722755615502,,,,0.2092190802097995,0.2093653818770957,0.2094634168202464,,0.20882289862652398,,0.20903655342393818,0.2090273387491751,0.20949176868976202,,0.20939160505100818,0.2085201083627667,,0.20870444157147,,0.20923131937501568,0.20840957552798833,0.2083065983979456,,,,0.2094267090859189,0.2082212024914345,,,,0.2085376915679339,0.20883232496393192,,,0.20938877170051526,0.2086458129317754,,,0.20884808218452786,0.20841079987955458,0.20867540462836193,0.20922964090006316,0.20846915169693386,,0.20912675042410572,,0.20868418505614922,0.2092642743655929,,0.20863837489192533,0.20906626641413414,,0.20877857253849097,0.20842561234521212,0.2093822193673588,,,,0.2083361469205924,0.20860093925756956,0.2083277289142961,,0.20882090559626537,0.20912884449333086,0.20861417474022897,0.2089323036730162,0.20875559912677477,,0.2087123831934144,,,0.20846656108265277,0.2086846692646975,0.20894436954304893,,0.20883513652085695,0.2088457663308624,0.2089927953830619,,0.2091405219667849,,0.20850252959358803,0.20964383825231384,0.20939168957414706,0.2095464359773805,,0.20900584665954863,,0.20946777855442122,,0.20925446864289984,0.2092825848011541,0.2092030425441621,0.20851583801209253,,0.2089995890877581,,0.20904300791818278,0.2089976492860523,0.20867704058072098,,,0.20902287802505068,0.20953037795572835,0.20870351838817464,0.208838589288319,,0.2089212653043365,,0.20906290622359192,,,,0.20919270002072182,,0.20928632578899142,,0.20892894996673536,0.20884561276435332,0.208863275637588,,,0.20808154593887157,0.20902122539224882,,,0.20914564169567074,0.2095163155977075,,,,,,,0.20908299607543498,0.20881701258747176,0.20902852502905336,0.20900377015335528,,,0.20963702163739345,0.2085785266745177,,,0.2087070398048576,0.20915735424013748,0.20880362086220064,0.20925925906683052,0.2090380958205534,,,0.044629543220366545,,,0.19912903126590217,0.16950125505021996,,0.29858925331221,0.2981606849818797,0.22230718462105767,,,
8,24,DG_48pct,96,Z05_F07,5,LL_AB,157160,165487,True,8726.165147820133,8656.995982337014,8687.159293359207,9767.060057767392,2936.3001455859862,502.8969858314331,48.070026899974664,1186.3199936283863,1058.2708727684294,578.0607727645141,529.9446303398144,176.11973628772134,2.6269006821014034,85.19744798080552,258.87083001477464,213.79715179972237,293.8242309819935,121.97823860201315,162.7285981177916,175.69629989460086,,,,0.5708753448309423,,0.6757366676011459,0.3513106097813858,,,,0.15943249444226695,,0.22692616513787553,,0.16239673494505957,,0.16300781425968688,0.5380664968483406,,0.5355070144738955,0.15552539814202027,,0.15568546400730526,0.15505101971841725,0.15514993982617395,,,0.1532086518679652,0.1528191094233478,0.15493754025333628,0.155190892235375,,0.15501960445529203,,0.15505472314062868,0.14454282047779618,,0.06856765004738298,0.06859331704369465,0.03604301141456378,0.03600974024060192,0.0360975611678808,,0.036160712512353324,0.03624636768067393,,0.03616645857213492,,,,,,,,,0.036304524458169465,0.03628272183456995,0.03801617328321587,0.038176215896774085,,0.560421122258195,,0.00015649098014334074,,0.00015678672249989947,,0.0001565634963944176,0.00015654829935288165,,,0.00015752904285462588,0.0001569042172458114,,,,0.0001570362060346606,,0.00015706392079199412,,,0.0001572656123165379,0.00015699517641838207,0.00015648579345670425,0.00015757185806653003,0.00015677497650199237,,0.00011779402007160581,,0.22063474299517902,6.525055958992788e-05,,,6.546100577281138e-05,6.53344782593678e-05,,,0.22221925958974525,0.22166807148792875,,,0.22196238262951967,0.2220549360257188,,0.22178095433243122,0.2217762548538881,0.22170376466464836,0.2222320019482011,,0.2214862406394719,0.22162705335205687,0.22163557866810418,0.22122572476183547,,0.22225242766758316,,0.22153385089264066,0.22146793840320794,0.22224409554406777,,,0.22159406913818194,,,,,0.2218221063964274,,,0.2221887204523757,,,0.22218206956599704,,,,,,0.22126321337057012,0.48162444377829045,,,0.48172122129686173,,0.4826226548641741,,0.4814178310975266,0.48143636032803316,,,0.4824662877477538,0.48159545694105416,,,,,,,0.480542056621137,,,,,0.4798198342530856,,0.4811406748053001,,0.4816421146557319,,0.48142060195668956,0.4816478863561997,,,0.48260781237338557,,0.48191589666714757,0.48167877498178874,,0.48098960892679665,0.4811173989961569,,0.47993952638155185,0.4813793298437948,0.4796542781859159,0.22184468610457928,0.22132385976548216,0.22222144322390178,0.2215902780058523,0.2220018280931449,,,,0.22113277663490377,0.2216031586308081,,,,,0.22208870633319244,,,0.22196759675570013,0.22262938214827577,,,0.22157875377380779,,0.22210931146833846,0.22259281673674278,,,0.22156800600173776,,0.22161089211502016,,,,,0.22143670962126075,0.2220245279469071,0.2218472834598605,,0.22195635550337975,0.22175804095905607,,0.22189618264852182,,0.2218591065121333,0.22189709501064933,0.2213527407100797,0.22222941494823498,0.22204075288441916,,,,0.22186627363327904,0.2223125947056767,,7.861478656333972e-05,7.840214954515314e-05,,0.21249905801064564,7.176321840457513e-05,7.193693354417001e-05,,,,7.19497969771628e-05,0.1862974952809361,,,0.18677973815705295,0.1870702701119657,0.1867063336335811,0.187173156147671,,,0.18649490998247029,0.1872938038523977,,,0.1868240826481879,0.18652186558682074,,,,,0.18743761116067462,,0.18724051714067044,,,,,0.18623663888183875,0.1868178643859865,,0.1864128090599117,0.18690527510063268,,0.18677043152458767,,,,,,0.18690059574457404,0.1867089264354266,,0.19353805387844425,0.1941419337136015,0.1928617191842516,0.1931551697268703,0.19355711348590077,0.19324498528339548,,,,,,,0.1936403909120003,,0.19429381451382202,,0.1939906267294847,,,0.19384169852145525,,0.1937378446497371,,0.1932609675169042,0.1936996999264977,,,0.19332083903144018,,,0.1934346025574532,,,0.5060289470192217,0.5061142569885346,0.5059049077868423,,0.5066497085560213,0.5038474765757116,,,0.505748889998612,,,0.49781470841277314,0.49765638711832927,,0.4984010661445245,,0.4983220331003928,0.4982323938657106,,0.49894043707666114,,0.5001755008450374,,0.49804080356050684,,,,,0.5052025049368373,0.5047538946802951,,0.5037575036222415,0.5056388365153694,0.5035538883253343,,0.5063855096081995,0.505034320218735,0.5048318464920432,0.5054517964254559,0.5058818481695984,,0.5062323461718481,0.5049067604424725,0.5046111678406212,0.5042271646516688,0.5070155915829676,,,0.5057058123920104,,,0.5064571837820013,0.5053320150114587,,,0.4989479288802553,0.4979006274277421,0.49761887128793747,0.49831837731207607,0.49882075709659207,,,0.49914956332852056,0.4989021493204858,0.49934629595138563,,,0.4976216998683076,,,,,0.49876491422683805,,,0.49819178442123846,0.5002528867659678,,,0.5000152924752412,,0.4996635465275445,,0.49957054612583823,,0.19057073515548567,,,,0.18865205934081658,0.188700997429641,0.18908080898158564,0.18843168167900265,7.882126483833258e-05,,,,,,0.21464929316306505,0.2135986753847581,0.48437159545754493,7.169982913197489e-05,7.197106450518741e-05,7.174739748965095e-05,,7.019711460300769e-05,7.024953782664221e-05,6.878434623952881e-05,,,0.2287001559028896,,0.4793373426050958,,0.2388310552131264,,,0.24261609407680915,,,0.24532358641713098,0.24513287496806876,0.24438645456092054,0.24497182057921463,,,0.5017982193724667,0.24747535287522196,,,,6.557619411966236e-05,6.577330123327653e-05,,,6.562613221808855e-05,6.572965234338719e-05,6.566470396216715e-05,6.579377473995727e-05,,,,,,6.573764347996782e-05,,,,0.5092157144923564,0.5114188871465762,0.510247906298228,,,0.2536208334928495,0.253906268451161,,0.2530272048898123,,,,,,0.5117936857618478,0.5113368911351258,,6.644328722615027e-05,6.665303766317506e-05,,,,6.655889382391184e-05,,,,,,,6.638942677316157e-05,6.645427420734968e-05,6.659419614212952e-05,6.643838838051743e-05,6.647053273820074e-05,6.652649971014546e-05,,,,,,,,6.637367138565083e-05,,6.655525319686276e-05,,6.639008526978855e-05,6.660651260965061e-05,6.646861903409602e-05,6.644803389883506e-05,6.662910784805582e-05,,6.680948615186738e-05,6.660988424827246e-05,6.651288679635797e-05,6.658977659437825e-05,6.662716270860508e-05,,6.674822841784591e-05,6.654805400916348e-05,6.646102046358516e-05,6.65211507323061e-05,,6.659556427064943e-05,,,,,,,,,,,6.675339660820119e-05,6.666172302938545e-05,,,,,,,,0.16220218709864487,0.1617005278980792,,0.1614718374453723,0.1617532463183927,,0.16195091892554775,,,0.16195162314247788,0.1620372537069492,,0.1618587465922553,0.1616127656285486,,0.1622615426914994,,0.16167755308441925,0.16167813009289914,0.16180756859206635,,,0.16197537691471328,0.16219364148724688,,0.16181795684409206,0.1625459015681568,,,0.16226794758187535,,,,0.5293430459883057,,0.5286359439229122,,0.5274210391514368,,0.5300119951976541,,,,0.5281443144357073,,0.5293644538782195,,,,,,0.16161877216920678,,,,0.16179312796264636,,0.16228215287745465,,,0.16141434486173684,,0.5281882057945284,0.5300677198306845,,,0.527277546200086,,0.5291484111217608,,0.16181252266997856,,,0.16196690378099235,0.1621062942651964,0.16185924374511082,,,0.16221581154870993,0.16209614540715037,0.16184844409940216,0.16150409394639154,,,0.16172248316427237,0.16221685812903988,,,,,,0.1615547891799695,,0.1618715910749995,,0.1621619525408997,0.5303700576744355,,0.5298542839526316,,0.5291816471474773,,0.5308152859567226,0.5296560928841947,0.5289025979046785,0.5289634776517178,,0.5282946053311177,0.5291290580612211,0.5281802951692524,0.5286956238908836,,0.527889121019043,,,,,,,,,,5.145960644282623e-05,,5.1557726203957016e-05,5.141010894595476e-05,,5.137816281925558e-05,0.10662826035161042,0.2074980079887613,,,,0.24907603456321775,0.15606057305378065,0.1555077100673165,0.15533723115916137,,0.15576309616912296,0.15561130587250643,,0.15569251692143152,,0.1555724424325487,,,0.15579597623419497,,,0.15566833763251398,0.15560157416609094,,,0.1554849600455783,,,,,,,0.15612548592450726,,0.15573968594403995,,0.15568007346543863,0.15572894720268765,0.15576868098459426,,,,0.15536129269543641,,,0.1554188463326245,,,0.1554140384812552,0.15557334236968806,,,0.1558004897894064,,0.15579681997716174,,,,0.1557171881595689,,0.15562004405770868,,0.15577764173092118,,,,,,0.15599517032290647,0.1558789694866311,,,0.1557793442784964,0.15568773449495432,0.15585981192634402,0.15563474647745335,0.15556421593218597,,0.15539346670563398,0.15542208652809236,0.15573697020197955,,,,0.15558111565905,,,0.15572383553015928,0.15592001728705776,,,,0.1556334202753308,,0.15588984710791806,,0.15529060889487298,0.15536871168018374,0.15553067301002013,0.1557717159573165,0.15576677203814315,0.1562347818349011,0.15571125244386527,,,0.15574317334183593,,0.15576273938621746,,,,0.1563712387685858,0.15591496384494777,0.1557039561415036,0.1559255645135207,0.15559937301245066,0.15545079002417417,,0.15548814389612892,0.1561942343805658,0.15534876167650813,,0.15609056549724412,,,,0.15593295835466656,0.15554177538318145,,0.15604896133312657,0.15547639078514947,0.1556093587993216,0.15550312401621913,0.15563854794921955,,,0.15606030283622865,,0.15577947968853914,0.15584035186122636,0.15580570063521748,0.15550196555709142,0.15558252099594516,0.1558506778336993,,,0.1555092025561049,0.15583530610298396,0.15526616213094935,,,0.15569207801321958,0.15597568276794624,,,,0.1555450475761667,0.15537219348462347,,0.15581563466414455,0.15517884625781023,,,,0.15545021587275507,,0.15565731862968776,0.15613950108145055,,,,,,,,,,0.11239258332885226,0.09772903454476589,0.5450812920296126,,0.22912597648618732,,,,
8,24,DG_48pct,96,Z05_F08,5,LL_AB,157163,165500,True,8061.54107795727,8102.872572218565,8105.379760536586,8484.38100673779,3121.2468913994853,546.6945850452591,52.70087286867218,1280.1903035197622,1141.4807003510346,626.0725493375485,578.8543474879212,192.16717602758675,2.8852073787846253,69.42440829531098,211.15270766370259,232.8001043027034,313.5344546121073,129.38563265288036,173.84841309917456,189.79413270559382,,,0.5384181516655138,,,0.703891218615816,0.39786538203636823,,,0.21990521942868388,,0.31612929369319415,,,0.2273994657345188,0.2269260036736552,,0.5639885271501626,0.5656327038883678,0.5652812497392226,0.22047089747863477,,0.2198680223279374,,0.21964088250749889,0.2203926778315368,,0.21720130598199752,0.21794390242359424,0.22023647117684442,0.2198024756061881,0.22042846219952053,0.22011398030746848,,,,0.14069480801042147,0.14066460513126297,0.14063707870467487,0.11231511036900071,0.11168817418574024,0.11185519054165476,,,0.11269956635887307,0.11221478238934188,0.11211836696874432,0.11234727260474311,0.1119979894831536,0.11243591722464022,0.1125288661115891,,0.1126667931293919,0.11222606487130811,0.11208843440803376,0.11211490190759753,,,0.15958392099303745,0.12373732066511975,,0.1290054998806117,,,,0.12919369165333225,,,,0.12922392205818609,0.1290439526089516,0.12927997990921744,,0.1291872407481093,,,0.12906704938058303,0.1291289591347955,,0.1290816028292787,,,0.1290250125581605,0.12922468234669532,,,,0.00011269811495826026,0.2246373056856383,0.02095877000792621,,,0.021072165369659265,,0.021043948840421545,0.25916874817200236,,0.25873626880039263,0.25969818533940997,,,0.2586599445872547,0.2592818291434922,0.2591745788216274,0.258723305350648,,,,0.2593965431506147,,,,0.25921133887219117,,0.25913255887012787,0.25954540163857615,0.2588525443610072,0.25959457161150323,,0.25884763421965806,0.2584183694825361,,0.25898912438186705,,,,,,,,,,0.25890211312515304,0.2588290295146366,0.259297435300161,0.25900171816019457,,,0.5284867741906041,,0.528412301026993,,0.5282143369022162,0.5297225949529264,0.528901309519069,,,0.5276759434466163,,0.5298430871480051,0.5296208807263341,,,0.5290051795237111,0.5287335964445353,,,,0.5299525232831487,,0.5304739356578076,0.5274939386481113,,,0.5289401332954653,0.5284212314914635,0.5292002462312301,,0.5297031765867493,,0.529197940536415,0.528464107980837,,0.5303474853210359,0.5275033814919092,0.5272198218527657,,0.5286542657957698,0.5289736803446093,0.529643471971222,,,0.528509636590396,,0.22611319771600022,0.22526059181771105,0.22542223740357523,,,,,,0.22557322993713924,,0.22560950341213298,0.22503736277439776,,,0.22596942603701695,,,,,0.22580216693830388,,0.22474616780138829,,,0.22544094809634513,0.22547634615056955,,,,0.225602909367842,0.2245915331543499,0.2249946061997421,0.22556790833146922,,0.22541899781297434,,0.225572441881475,,,,,0.22541697896923812,0.2259583148764226,0.2255016778376319,0.22480967056142118,0.22537519324962704,,,0.225606803078124,,0.2247339949908968,0.22589428684156782,,,0.02026574840875919,0.22851961182219332,0.24682744377198293,,,,,0.020904915101492772,,,0.21745137887773885,0.21754625353619203,,,0.2172849735880514,,0.2174317865837743,0.21772376417015982,,0.2171071714318784,,,,,0.21755803343130686,0.21762660554598653,0.21733760533828175,,,,0.21722260194701873,,0.2163877491942253,,,0.21673671142664017,0.21696171386151722,0.21673284166517928,,,,0.21718541216982337,0.21699175414779648,0.21717124470284407,,0.21651356136738822,0.21753200476911738,0.21720516240765628,0.21716308724632583,0.22543368656666532,0.22527025203749526,0.22519701474866385,,,,0.22493933156020127,0.22544053460072513,0.22571869846281986,0.2255228034556072,,0.2256340780470202,0.2260223659829653,0.22495954356948233,,,,0.22509143053890876,0.2256983667986479,,0.2245051753499926,,,,0.22544532074618412,0.22579751328970604,,,,,0.22536530638167773,,0.5571612720504558,0.5594349052784655,,0.5592551604456306,,,,0.5580264697218738,,,0.5602091020668266,,,0.5502213932821713,,,0.5506499528145857,0.5512851407394349,,0.5509647109258173,,,,,0.5498074748500249,0.5497042528541466,,,0.5576385534992361,0.5588008100440843,,0.5591308161434471,0.5581711361720646,,,,0.5590400369910045,,,,,,,0.5599399411574628,,0.5593342592815083,0.5593184127328497,,,,,,0.5596812123071371,0.5571136664137643,,,0.5576665426248919,0.5505621048358333,,,0.5512589679458478,0.5503708019663909,0.550473884354023,0.5515099201559447,0.549216425836349,0.5513586195459188,0.5512743581009962,0.5498188161698419,0.5506731093949188,0.5510650974667641,,,0.5506456275751747,0.5509957077757418,,,,,,0.551970567991998,,,,,,0.5510002351563427,,,,0.18930320228833336,,,0.21946672412970297,,0.21915680389708564,0.020678348020867324,0.020698658553004946,0.020610721379350886,,,,0.2499221962920633,0.21632283104115746,,,,0.0209460734393694,0.020514995179679585,,0.020530120099766205,0.01995388710531486,0.019987510860858912,0.01992858143364933,0.2675393971107081,0.23276891343779132,,,0.2438549997353508,0.5391194545500849,0.28355138668663316,0.2465574689068573,0.5445538467846093,0.24987232959822117,0.2503209902374799,,0.25029887206947093,,,,,,,0.022604903641568905,0.022572353883646236,0.022655893648398207,,0.022592567427181517,0.022602625093217223,0.022601839080961448,,,0.022597263614940032,,0.022605499115295635,0.022609186657337885,0.0225498617276463,,,0.022652608775863833,,0.5576389273696869,,0.5593367627699146,,0.5590549143964193,,0.2958020734386398,,,0.2958219453565106,,,0.259813164748044,0.2581006035004422,0.5609442421681605,,,,,,0.023112131565898038,0.02298896696015357,0.02306911534477356,,,,0.02302928405877041,,,,,0.023076324508886907,,,,0.02306679484951733,,,,0.02305487417214472,,,,0.02302950196167403,,,,,0.023034805513864876,0.02303901258466064,0.02301167277906574,0.023064892231538747,,0.023075480193345887,,,,0.02307271800525758,0.02298661602347501,,,0.02306495021593959,0.023013282817559,0.023129244694920066,,,,0.023073642917442558,0.023142940677016603,,,0.023047513762979713,0.02303301796334422,,,0.023040144974943923,0.023003826577038117,0.023068364878964128,0.15474536298492622,,,0.15411522151755305,0.1545375702144068,,0.1548850990107686,,,0.15473875440428703,0.1549131503238316,,,0.18745690302446213,,,,,0.18703882493271312,0.1869786354379018,,,,,0.18700893002731442,,,0.18678839781147183,,,,0.15493912493668813,0.15464678912405502,0.15506339556470095,0.1546386611558202,,0.15445769575340657,,,,0.586205264224839,,0.5868927591109654,0.5872644359371453,0.5851415872392945,,,0.5867337711144625,0.5849456911133788,0.5859268649556968,,0.5865610504141747,,,0.18669609202509171,0.187160264657895,0.18670913128214303,0.18708305963710972,,,0.18664907283974094,,,,0.18774596202814448,0.18442870758471674,,,,,0.5869379682659908,,0.5865148323117448,,,0.15480176310265953,0.154952122928702,,0.1548238100244994,,0.15470546784712783,,,0.15454095278920982,0.15467355554163353,0.1546009258194465,0.15483008863730716,,0.15460560376350638,,,,,0.15503139295495855,,,,,,0.15425902496356378,0.15499293418611268,,,0.5869320006576985,0.5879897997468113,0.5887800116052407,0.5886733378062373,,0.5877230858446515,,,,,,0.5878047639919854,0.5840954657045571,0.5874038115637976,,0.586700364459128,0.5868230220207271,0.5860338938746605,0.5882780528691115,0.586164528386299,0.586572772769835,,,0.5880257353479448,0.5868275862270114,0.021311443330151995,,,,,,,,0.14323114670284795,0.1433355114308564,0.143173612894408,0.2914501691350101,0.22082705290457763,,0.22066831379347646,,,0.22159033184931734,0.22105339153174308,,0.22094085711605818,0.22130443635664634,0.22127985439785242,,,0.22064354757899715,,0.2208278718572874,0.22120951149620083,,0.22103116573431586,0.22115845032249726,,0.2213513276994033,0.22120681711508625,0.22126934582856092,0.22022361540598992,0.22083304707455045,,,,,,0.22070845739213021,,,,0.22084932327675513,0.22095268515093866,,0.22176738286972592,,,0.22114555588462873,0.2208539114016962,0.22108926577732424,,0.22088063827068205,,0.22136052475742973,,,0.22103854582856217,0.2211793698699053,,0.22082472597803884,,0.22108968284589856,0.22130780365940855,,0.22103918434229394,0.22082249979217314,,,0.2211396369786948,,,,0.2207093195172275,,0.22084836562884463,,0.21987073494991596,0.22128204585019826,,0.22124550426562778,,,0.2210948500588488,,,0.22119151183752006,0.2209718623626166,,,0.22080793901267318,0.22070569310474203,,0.2205796090610587,,0.22126047862214035,0.2205467749040769,0.22116869347317694,0.22123677518614013,0.22163213149076041,0.22061118954498526,,0.22151008351568707,0.22078522356640423,,,,0.2205870701979039,,,0.22101680661138104,0.22117650110491804,,,0.2215317478191922,,0.2209842530758922,0.22072556388107042,,0.22119329939820426,0.22101470404971216,,0.2208073185938247,0.22120413554839038,,0.2211116371732349,,,,,,,0.22110683983697074,0.2213610305438529,0.22088539580834968,0.22143103809672615,,0.22075332918443577,0.22030697117109493,,0.22119816920425428,,0.22132523571400048,,0.22145288109651237,,,,0.22077830505761992,0.22067087540453167,,,0.2217351890618046,,,,0.22065649066181034,,,,0.2210852785666773,0.22080769807975528,,0.22119004259820474,,,0.22103815024451798,,,0.22103115016922495,,0.22129621129837318,0.2210460964909069,0.2213127699961166,,,,,,,0.5683252525041426,0.31761333914867773,0.3176808165524263,,0.228252315670033,0.5635677424239566,
8,24,DG_48pct,96,Z05_F09,5,3PH,282438,283955,True,7893.478813799632,8062.148350598442,8071.417352899028,8241.55388547591,519.6772375175465,73.39593332704747,7.121928550351472,233.78810348220497,209.71674780931798,115.37704686611427,107.02140771567704,35.51408230971474,0.5203391170076614,19.03751720967544,61.11021496434081,32.212696859260184,56.346384480295825,23.57844611941928,29.495978388643007,34.669089960494745,0.5449532134731454,0.5447892991587155,0.5434888725721307,0.5460276524643455,0.5430420363337174,0.5439850438644243,,,0.23364552185098258,,,0.23529158686688245,,,0.23484388371799803,0.23516676598610475,0.23535072132345747,0.23481262400802783,0.23540612988835366,,,0.23338445431650773,0.23348529048098587,,,0.23253740662196115,0.23032946832159618,0.23000171161386265,,,,,0.23360475826623928,,,0.17340017360240995,0.14698818869841795,,0.1470336320102334,0.12101954335856957,0.12096997706831857,0.12092255569050839,0.12110626935020415,,,,,0.12115940265486938,0.12066590626125583,0.12140077251855422,0.12102028480287819,,0.12119219964415856,0.12114910083077554,,0.12132042221170738,0.12132681411083235,0.10911269361203657,0.10899576927407419,,,0.09215148435371123,,0.09207774052200549,,0.09221939639683599,0.091868101929323,0.09227927171649607,,,0.09223129740030446,,0.09222320191047452,0.09201905963825288,,0.09217073360062969,0.09214452940026142,,,0.09222858358543315,0.09208243712680045,,0.09200196242024512,,,0.07356134501374925,0.0731148536087429,0.0732649555996975,,,,0.09057501818931553,0.09099806084294738,,,,,,0.09176058838892925,,,,,,,0.09210545948568312,0.09178030951598518,0.09173886490289837,0.09174612226853447,0.09190413035558505,,,,,,0.09168923805512731,,0.09170306393081872,0.09156721913211054,0.0917838732349576,,,0.09179616617059094,0.09191545790562967,0.0919210945102044,0.0917536024320663,,,0.09199646552637245,0.09147114348978636,,,0.09159759388121935,,,0.0919891547509935,,,,,0.09199706097845933,0.09183272811596521,,0.09192131928157457,,0.09188727990866462,0.09184821787087023,,0.09171475690802026,0.09182304762396873,,,,0.09199892479175942,,,,,0.0916485887156907,0.09140677463497676,,,0.09198186941552317,,0.09161411720818104,0.09190354412496775,0.09167026288474334,,,0.0917396843957718,,,,,0.09176384391977803,,,,0.09202681442889953,,0.09195080300210488,,,,,0.09184979376741664,,0.09176415526080942,0.09176691512479346,0.09208489653128114,0.0922572707188387,0.09195404911718544,,0.09213771677084653,0.09181731618364858,,,,,0.09163916672445709,,,0.09186120333552016,,0.09211857822281293,0.09174141832754128,,0.09179292870394717,0.091816326239998,,0.09189802264650525,,0.09167777934870647,0.09197584665556569,0.09162043192436847,0.09175980302117767,,0.09180778793892198,,,0.09207855300208495,0.09202691864464958,,0.09190326436179418,,,,,0.0918109094249724,,0.0918638186725418,0.09167491806968543,,0.09207491177214454,,0.09196322112671348,0.08753860753328946,,0.08738281710783931,,,0.09020810298463498,,0.09024144640285746,,,,0.09024349286199816,,,0.09046365431216641,,,,0.09059803016158913,0.09050494873705221,0.09060191802622572,,,0.09068898316125829,0.09047762877650554,0.09058506025407338,0.09025823184733868,0.09054477746362406,0.09048053573648554,,0.09031276024165748,0.09068203235342867,0.09058148958614654,0.09031881805197615,0.0903881478805282,,,0.09046743072982714,,,,,,0.09013616756534484,0.09040766093738205,,,0.09058995342512523,0.09044402519530222,0.09021331575471668,,0.09062894823443783,0.0903042945966399,,,,,,,0.09053862362045054,0.0903459691434761,0.0904128559669263,,0.09031967888609596,,,0.09065011970962704,0.09065440055302319,0.0904522464815907,,,0.09062848733941076,0.09032503066046516,,0.09035893441587413,,0.09079182311171333,,0.09072624107018508,,0.09046179952471439,0.09029181040818327,0.0905981993888441,,0.09014400499382506,,,,0.09026390527907815,0.09013509821977857,0.09009740755286014,,,0.09015289135209184,,0.09012069506281073,0.0901234910961379,0.09026128199085572,0.09050384361158442,,0.09061529004278158,0.09042598390537428,0.09022443220305036,0.09035661576630978,,,,0.09007646677124569,,0.09027576937072972,0.09049398457289229,,0.09012177416022993,0.09039087844823693,0.09032094127529951,0.09031229972386827,,0.09045303692309037,0.09012979256554891,,,,,,0.09034995197199706,,0.09029470613409073,0.09058535619937812,,0.09044141196509767,,0.09010118080833213,0.09022755573444652,0.09035809995349889,0.09055577220495989,,0.09024778068022263,,,0.09009861541548418,,,0.09051034297358936,0.09029227391263714,0.0902771046920122,0.09040557629567414,,,0.09034395490149814,0.09042618732403333,,,,0.09027634010612148,,,0.09034139492334618,0.09044869763576571,,,,,,,0.09036350326676196,0.09042892418830836,0.09055042274504552,,,,,0.09123051582876178,0.0911278076908511,0.0908863821659121,,0.09041193597539908,,,,,0.08907071000575609,,0.08899186403651119,,,,0.09113339542062639,,0.09055172376470157,,0.08824387567824424,0.0882927955431365,0.08836384435693717,0.08619038297431739,,,0.09230690922721345,0.0925488202783955,0.09238449810408478,,0.09545070954703565,0.09533592575533623,,,0.0964079792103977,,0.0971773688318617,0.09723270666701443,,,,0.09768225579037276,,0.09826180291268954,,0.09743558542048024,0.09768723234904916,,,0.09758751017458356,,,,0.09782582513222081,0.09767590851761221,0.09732515477806189,,,,0.09736558967463868,0.09738977794878172,0.09746752939674481,0.09771171830000978,0.09919697627615576,,,,0.09926923933127667,0.09846778486615364,0.0999270627376176,0.09981686089741973,,,0.10007381191351293,,,,,0.100173340250705,0.09986333799685326,0.09977873419126936,,,,0.0994243846389577,,0.09945150230884767,,,,,,,0.09931539854063465,,0.09941822907599436,,0.09931466074147946,,0.09924881312802977,0.09956004508204633,0.09951869545437779,0.09964841045041074,0.09948072252283185,0.09907629954342469,,,,,,0.09919332598390651,0.09923477467294384,0.09936346312104614,,,0.09918581818552488,0.09937321960294897,0.09946807456839181,0.0993881201904063,0.0991546605387249,,,,,0.09912712146393464,0.0995282849168185,,,0.09940064095379664,0.09958111828603707,,,,0.09928152292778236,,0.09925131840438688,,,0.09934809155746495,0.09956285209906034,,0.09035203162794761,0.090117069319018,,,0.09043612177112562,0.09046030653419299,0.09054177120173316,0.09034334744531435,,,0.09058462571245408,0.09014764911190609,0.09011511626172548,0.0904184970819764,,0.09053750205011173,,,,,,,0.0903022139488906,0.08996451495832572,,0.09036824888004434,0.09000815780167679,,0.09003843974680703,,0.09008199077712588,0.09006935823832547,0.09036224596650695,0.09031579109427114,0.09022686101960706,0.09026339845630227,0.09048555071753493,,,0.09011202594444549,,,0.09006609978430748,0.09023584864249916,,,0.08943092924515465,0.08982148831535082,,0.08979190393790455,0.0901041448821035,,,0.09019713523065324,,,,0.0901479735928994,,0.09023438767775732,,0.0903096429169636,,0.09041962903412136,0.09015055832525612,,0.09019268879666364,,,,0.0902065641028485,,0.09024373316010159,0.0901954565448468,0.09018002754977225,,,0.09033480077292308,0.09025600899015125,0.09030211059061025,,,,0.09051366331859324,0.09043535383348887,,0.09038453507353783,,,0.09025961360749407,,,0.0902410133298676,,0.09042058669228345,,0.09031766859535541,,0.0902098467926743,0.09025268446707956,,,,0.09031127814094894,,,,0.09024548745969588,0.09032835597778827,,,0.08995570244794218,,0.08968838072541417,,,,0.09004354541656762,0.09020987275580948,,,,0.09016573909250614,,,,,,0.09219623956745605,0.0921417501397113,,0.09220430076664166,0.09208078560845673,,0.15073744740763287,,0.14980341133381664,,0.14996925974136968,,,0.2344030410644775,0.23416253341264587,,0.23439279375215094,,,0.23462813975647237,0.23441380237589227,,0.23342726786244525,0.23467738467183688,0.2344415517704044,0.23489710924693152,0.23380806145610114,0.23461790803982976,,,0.2341511708157966,0.23401487193082987,0.2339190266095595,,,,,,,0.23386613095243047,,,0.234046019891556,,,,0.23399451147815342,0.23437288595866645,,,,,,,0.23432256097345674,0.2349112027765315,,,,,,0.23369269591832906,,0.2343173937288625,,0.23481439584420963,,0.23398618408920763,0.23437047620152618,,0.23464958728053242,0.23407939760237825,,0.23446363947458523,,,,0.2349081714234766,0.2345883022312247,0.23421624316855816,0.2336564341662889,0.23549964867549078,,,,0.233817101262039,0.2342865309292201,0.23419475132626225,,0.23368664873861797,0.23416564853339192,0.2334429940276703,0.23437043949926206,,0.23390042759226398,0.23442487084295535,,,,0.2340966600481288,0.2340365641564518,,0.23389192525458058,,,0.23428745050681696,,0.2346376241139736,,,,,,0.2346503927151842,0.23400473630905344,0.2344997399401076,0.23419459111796112,0.23422609389561116,0.23396293508642077,,,,0.2336927069164665,,,0.2345601378919686,0.23424500665079828,0.23417207056927378,0.23475268249084966,0.23460758088637693,,,0.23435460057962076,,,,,,0.23378235201017564,0.23374421231724798,0.2348695935071312,,,,,0.23503327879177993,0.2347407957071999,,0.23339539089775177,0.23418654661730767,,0.23410834843974146,0.23427134419643691,0.2343381867782617,0.23427158191058703,0.23436589548115977,,,0.23351318341853056,,,,,0.23457311348597973,,,0.23414208094192515,0.2340598416076662,,0.23444597930572916,,,0.23407755537373767,0.23454320736046827,0.2339285622783541,0.23434286654950987,0.23368797137652655,,,0.23463185078505466,0.00011495673838967392,0.00011496917638027314,0.00011509307050837022,,0.15022431709145465,0.15052638245665514,0.23505001330816994,,0.23523787892352804,0.23469620321083418,,
8,24,DG_48pct,96,Z05_F10,5,3PH,157160,165487,True,8796.206641076451,8849.612165462035,8873.657303926062,8917.105906535984,0.8516547956855318,0.12078867575550313,0.011622200643515213,0.38587421133888583,0.34643004034401914,0.19018705869126032,0.1757043199998036,0.05842220830992408,0.0008565878654303771,12.67340250707414,40.481670238539515,0.052674432413249095,0.09392827636391153,0.03888595960291854,0.04853918806510366,0.05711786510223406,0.5043572079908932,,,,,0.5043064261699023,0.35140154174540145,,,,,,0.15669145954130867,0.15703702875940434,0.15736071477485492,0.15679161353648002,,,0.15624759837290014,,,,0.15535743021757628,0.15525703638632005,,0.1559269156233389,0.15392300058340566,,0.1542373255733894,0.1559335971097795,,,,,0.15554444561994624,0.09678270982178505,0.06873946572425937,,0.06864608872034769,0.03616542259929724,,,0.03640427243570896,0.036362474672630166,0.0362649681201537,,0.036375733091480705,,0.03633042131977029,,,0.03637117435124481,,,0.03632181732096052,0.036441748922823175,0.03636270815091753,,0.021599702368326968,,,,,,0.00012332769367139488,0.0001233457688953481,,,,,0.00012335917637494977,0.00012307383510956296,0.00012365986994443317,,0.0001233912915384848,,0.00012332259009602799,0.00012303135478267251,,,,,0.00012328165543095752,0.0001233530644862597,,,0.00012067749523188737,0.000120741028997038,0.00015039605411823332,0.00014872511521711024,0.00014883054556562056,,,0.00014912056619282663,0.00014906921413295986,0.00015104620711095765,0.00015135454995796686,0.00015110181500285823,0.00015078644633052828,,,0.00015128034211188098,,0.00015072499007383387,0.0001508506774031615,,0.00015068507646593158,0.00015073387231193255,0.00015101081569315436,0.0001511083915997413,,,0.0001509672943513606,,,0.00015059652453345868,,0.00015115117494963242,0.00015093828018459467,,0.00015068145515234886,,0.00015087961020499033,0.00015049157473197305,,,,0.00015098298095004136,0.00015123950486589936,0.00015095480562066435,0.000150366270996607,,,,0.0001506223520584598,0.0001507779671336096,,0.0001511779495596538,0.00015119347928705542,,0.00015091858505652357,0.00015092659165231903,,,,,0.00015097350484079874,,0.00015063872666874382,,,0.00015149941875143084,0.00015110031334825635,0.00015154950216040463,,0.0001508387292953114,,0.00015100405055659742,0.00015112120689993446,0.00015103650558439107,0.00015110899314708224,0.0001508406629311489,,,,,,,0.0001514583943568924,,0.00015046524993834667,,0.00015082748580027894,,,0.00015127549086601882,0.00015035380797726158,,,,,0.0001509764982044771,0.00015140136208615537,0.0001513951242159542,,0.0001512553362011253,0.0001510432544632769,,0.00015065592281998373,0.0001510536004731753,0.0001515018120657869,,,0.0001518251886845082,,,,,,,,,,0.00015153460181023174,0.00015132511174645284,0.00015125754743497416,0.00015132222460153506,,,0.0001511158190689601,,0.0001508097569460094,0.00015110783440201527,,0.00015143925611016488,,,0.00015087947903433382,0.00015144516072912028,,0.00015147060263381924,,0.00015133870489213565,,,,0.00015092918032000394,,0.00015117218965854533,0.00015067350067695832,,,0.00015124165054305962,,0.00015091982523390328,,,0.00014359632482557127,0.00014381390286453936,0.00014857180888692325,,0.00014869874263491743,0.0001485460988085255,,0.0001485397862486861,,,,,,0.00014849985112116076,0.00014919677075279583,,0.0001487965894497882,0.0001490910617143236,,,0.0001492123239378951,,,,,,0.00014869252847917987,,0.0001486652043027316,0.000148951183533872,0.00014876174982905764,,0.00014860116489676722,0.00014827999574971233,,,,,0.00014893567207685144,0.00014849643424131895,,,,0.0001488306262091957,0.00014903070679026661,,0.00014897661783114314,,,,,,0.00014892546942534975,0.00014924171985812096,,,0.00014874237682824086,,,,,,,,0.00014844810755972802,0.00014894557924629225,,,,0.00014889980744153705,0.00014920224101088348,,0.0001489011790061996,,,,,0.00014874835529277576,,,,,,0.00014873980775574863,,0.00014897665424476735,0.00014882910908131547,,,,0.0001486664430877647,,0.0001488997123452774,0.00014887950721879112,0.00014868122915657057,0.00014855064988002935,,0.00014846117882343288,0.0001484725251998905,0.0001482136600510064,,0.0001486698150816963,0.0001487013764784412,0.00014824685778201194,,,0.00014844129268924092,0.00014839288337417243,,0.0001487637855432226,0.0001482731617638104,,,,0.00014830832219669694,0.00014851046912759514,,0.00014793260870310014,,,,,,0.00014826340603407644,0.0001486774213595074,0.0001487464173282941,0.00014890930392883012,0.00014857955039155994,,0.0001483667755049006,,,,,0.00014885051318917536,0.00014891185561388147,0.00014861285351676858,,0.0001484461247352319,0.00014883376112896228,,0.00014917873756524017,0.00014873857100868834,0.00014836495379534102,0.00014810723425299615,,,,,,,,0.0001485273571038732,0.00014880413295454158,0.00014887668177366152,,0.0001485266517914596,0.00014899739538231057,,0.00014870286538421802,,,,,,,0.00014880636564444045,0.0001488408364547227,0.00014959081324342172,,,,,0.00014926064976964064,0.00014904166208183875,,,,0.0001464054430540771,0.0001459880079164995,0.00014667217455183046,,,0.0001493912101518144,0.00014972499033177124,0.00014945357698501973,,0.0001493012421938184,0.0001492531231211372,,0.00014546840527282588,0.00014537249200334868,,0.00014182008897930807,,0.00015234895252741844,0.00015259509983850874,0.00015185959932881876,0.0001573502585090092,,0.00015717250300288275,0.000158654854313387,0.00015914731938060099,0.00015857726809721042,0.00015992401097433652,,0.0001599786997550747,0.00016021552334666178,,,,0.0001603563182130026,,,0.0001604728928898074,,,0.00016054516718427722,,0.00016022027385907307,,0.00016100785255191411,,0.00016050380697685678,,0.00016086746483879173,0.0001602772082817712,,0.00016062464896032276,0.0001602094608581201,0.00016042624772152835,0.00016061668167895074,0.00016341061766963046,,,,,,0.00016421874830009424,0.00016419261513430484,0.00016480860863172606,,,0.0001643857478901436,0.00016425529790398127,,0.00016406571465638254,,,0.00016397604805783484,0.00016384362456290654,0.00016355521961956498,,,,0.00016378083688423876,0.0001637672461508193,,0.0001638945402011557,0.00016372101728034762,0.0001639554424845752,,0.00016347447137527083,0.0001633544661752484,,0.00016362796320772342,,,0.00016323051044551698,,0.00016375685174265114,,,,,0.00016334215746135713,,0.00016345657503097322,0.00016294315073844633,,0.00016326607323985593,,,0.00016380000807855301,0.00016327634502561795,,,0.00016353676150794317,,0.00016343588144426447,,0.00016385361627400385,,,0.00016342891772448673,,0.00016408920947581895,,,,,0.0001634356432427076,0.00016352334869838112,0.00016372627937445353,,,,0.0001632087622586982,,0.00016382391256428974,0.00014882615827108378,,,0.00014837699185574955,,,0.0001485995822979395,0.0001483661047938542,0.0001485813573964177,,,0.00014834302211174576,0.00014836580269563782,0.00014886188327634282,0.00014878374383819434,,,,,0.00014863804794219314,0.0001482215596475531,0.00014818991913535188,0.00014874329217476386,,0.00014831878471031006,0.00014858756753886193,,0.00014797709148141688,,0.00014850881915074598,0.00014818891892773374,0.0001489725723397608,,,,0.0001487307384250711,,,,0.00014809952024746385,0.00014826966922264253,,0.00014766712923342546,,,0.0001482387513927621,,,0.00014780971355227865,,,,0.00014843252908781102,,,0.00014874343754452097,0.00014849735760287625,,,,0.0001486403116213541,0.00014830575155745188,0.00014860854659983454,0.00014874168153344722,,0.00014680275702448818,,0.00014778400968174142,0.0001483788886686811,,0.00014858293266937554,0.00014864435226585114,,,,0.00014887078201583363,,,,,,,0.00014851627754851806,,0.00014898243860480588,0.00014866653945048823,,0.0001486136066890562,,0.00014863788686528278,0.00014880428452607666,0.00014876125860183872,0.00014905090105861083,0.00014852320267202948,,0.00014842181388577915,,0.0001489597514409649,0.00014832166212507106,,,0.00014871694827138212,,0.00014846219101678705,,,,,,0.00014830591411402056,0.0001482626357524406,0.00014864851738640434,,0.0001480285151967962,,,,0.0001478122883813634,0.00014820049520602863,0.00014836672347131946,,0.00014857612195013842,0.00014837850166399372,,,,0.00014814328820072177,0.00014848742929238044,,0.00015154996772877985,,,,0.00015153236428423682,0.07064591099767892,0.20492636920128793,,0.07034921520114107,,,0.15625409754027614,0.15612421992422976,,,,0.15626574082991013,0.15604491723578331,0.1561427568229163,,0.15646313836019757,0.1564962315897279,0.1563145798467265,0.156427632058791,,0.15601228895048497,0.15616241230090114,,0.15645301217372176,0.15613377936816747,,,,0.15605787901784068,,,0.1565311799878852,0.15632450554954155,0.1563517985790466,0.15676363993962744,,0.15595925478316042,,0.15630692118351724,,0.1563810860226279,,,,0.15595785187617203,0.15614780166450234,,,0.1565548095479383,,0.15600785027120137,0.15621163276529337,,0.1564847127830329,0.1567715181683324,0.15590343936166642,0.15633925874435223,,0.15574262347671916,0.15651513577412265,,,,0.15625418265948368,0.15656773754009656,0.1561731540424451,,0.15632657393179597,0.15615817431517498,,,,,0.1563881826065209,,,,,0.15630573864646555,,,0.15630253898913612,0.15621662775203382,,0.15646380218327888,0.1560598139569886,0.1562296743351884,0.15610937547247877,0.1562459760650295,0.15627345433976322,,0.15617985025920555,,0.1560734168017146,,,,0.15624582299832923,,0.15577623780028113,,0.15691113353454386,0.15634297990476276,0.15629584054409648,0.15596627045466707,0.156292824784094,0.15626924301678852,,0.1565756892521393,,0.1560779570195886,,0.1564371820645607,0.15618500729754023,,0.15634223154349805,,,,,,,0.15638262184387816,,0.15646805612919948,0.15632095699971643,0.15621251978907794,,,,0.15672217417924636,0.15622748594636657,0.1560845172312742,0.1561809389689809,,,0.15642873852163067,0.15589036729307368,0.1564961878904764,0.1563301786137374,,0.15657038696036965,,,,0.15634813100905767,0.15592406530205966,,0.1565246536306942,,,0.15630183404616688,,0.1563641304387398,0.1564805650548611,0.1560874683434459,,,0.156290802248656,,,,0.1564571636996665,,,0.15610273645408346,0.15598690902003354,0.15641354019485604,0.15632783225122568,0.15611511051438245,,,0.15648372861699963,,0.00012001136123608503,,0.00012085572610080513,,,0.07035814023685691,0.15754949064750473,0.1569372519090012,0.1571631236951644,,,0.15726120189662066
8,24,DG_48pct,96,Z05_F11,5,3PH,157165,165495,True,8117.685771590601,8216.064288280271,8240.154827986407,8250.641819197148,0.8055642971229636,0.11439786298103861,0.011034300761615804,0.36405530008715137,0.32467690288817497,0.1787889549316093,0.16627307413177428,0.05525719008536866,0.0008011360266412205,16.9684656481245,54.20383316158241,0.04982798277867474,0.08776468191349575,0.036415147406056204,0.045863885551939376,0.0538018081255781,,0.5316987276844656,,0.5343767592680778,0.5331599152645908,,,0.20842867949441493,,0.209173187111061,0.20744226056507808,,,0.21134783019414854,0.210830572868911,0.21102156850509846,,0.21062571470937952,,,,0.20937822594531041,0.20884156665488784,,0.2088076670864671,0.20840498341666963,,,,0.2088872939786076,0.20885615795267126,,,0.20853872914415506,0.20928928778373337,,,,0.13029693106160053,,0.10129911893276719,,,,0.10161316292157693,0.10185990782973135,,,0.10187967124271768,,0.10169304237810604,0.10168990368635997,,,0.10186411135865747,,,0.08782019985472529,,0.08813236051956598,0.08772863108195468,0.06793186066902367,,0.06817098812335443,0.06802795740596584,,0.0681240583254164,,,0.06807470828830381,,0.06789357883687476,0.06813449155942633,0.0681588452627107,0.06818570569070846,0.06835996778516569,0.0681875633369258,,,,,,,,0.06829342732666761,0.0001141282220684177,,0.00011347817683325002,0.0001417258239891485,0.00014013050963983543,,,,0.00014102967936148976,0.00014102387282178975,,,,,,0.00014222402893021864,,0.00014247692880111165,0.0001427418256163314,,0.00014227652335623535,0.0001423565465828525,,,0.0001423269966132392,0.00014257286466492846,0.00014264454868750435,,,0.00014245127845345334,,0.00014254334351374774,,0.00014272649236476525,0.00014215587770583942,,0.00014217873223838404,,0.0001420224870790161,,,,0.0001422257249426454,0.00014194191507331741,,,0.00014221972192253154,0.00014213559303380337,0.0001420347060298559,0.00014223517138978067,0.00014221737900495978,,0.00014262261564847902,,0.00014241132483133433,,0.00014250610430977515,,0.00014220191934128748,,0.00014260285433293998,0.00014238395951243925,,,,,0.0001421911336061781,,0.00014215705607770483,,,,0.00014249467608983172,,0.0001423044638742327,,0.00014237108672454936,,,,0.00014265015295539067,,,,,0.000142376859729042,0.0001419584259495068,,0.00014207306600351173,,,0.00014216029009803227,0.00014224879982195512,0.0001422957785698573,,,,0.00014206231034058047,0.0001422493239928274,0.00014223625966561706,0.0001424839882741499,0.00014221651689917426,0.00014228154944388342,,0.00014217003134382817,0.00014225938659733102,0.00014247920398695096,0.0001424258083348864,0.00014277178336748365,0.00014252185373546676,0.00014302178647508033,,,,0.0001423897248995207,0.0001425668314775416,,0.00014302092157462585,0.00014259997653152758,,,0.00014263832162598588,,,0.0001425257349676568,,0.0001424762180057828,,0.0001418097415120538,0.0001425427710900369,,0.00014230541728465427,0.00014234916638615014,,,,0.00014238963452440763,,0.0001419615552501601,0.0001426935753053521,,,0.00014235963767802914,,0.00014293200061726123,0.0001423134680614906,0.00014248981922546084,0.00014236167633090702,,0.00014214362929074078,,,,0.00013533262085660676,,0.00014049081334740812,0.0001398368845384652,,0.00014039889522786438,0.00014031697067734452,0.00014026287709208857,0.0001400379232071193,,0.0001402265669337992,0.0001401600628408534,0.00014034111884083782,0.0001400509243455642,,0.00014039956280753154,0.000140152793531962,0.000139767697908615,0.0001403547152114649,,0.00014021081947236932,0.00014065672380301334,,,,0.00014012039841874654,0.00014025718352459756,,0.00014060625398679033,,0.00013996741978386726,,,,,0.0001401282250702752,0.00013998567747027643,0.0001403264942690057,0.0001400132005812608,0.00014069089237713926,0.00014016523951124852,0.00014007604681296495,0.00014025443439637407,0.0001400314023885531,,,,0.00014006432013840542,,0.00014025777926704786,,,,,,0.00014007227019531844,,,,,,,0.00014041297229335626,0.00014032738856308005,,,0.00014032783992469193,,,,,0.00014063354963068987,0.00014040692901636024,0.000141077612801079,,0.00014005699146494996,0.00014025321259915317,,0.00014054981542722914,,,0.00014006595480824796,,,0.00014029863795028024,0.00014022953632131588,0.00014035372014175001,0.00014009758191549268,,0.00014003531485703055,0.0001400883494107733,0.00014032286276567294,,0.00014022245012850396,,,0.00013987588203502496,0.00014012452485553852,0.00013975506389373338,0.00014007635198587674,,0.000139940380392619,0.0001399584831549559,,0.00013958564996511882,0.0001399694250855467,0.0001399199853875016,,0.00013992599672497586,0.0001395853088074882,,,,,,,,,,,0.00014022060751773966,,0.00014011901021223217,0.000140184374357523,,0.00013977187193629605,,,0.00013967574639272743,,0.0001403741432585897,0.0001402738856857868,0.00013978784316954573,,0.00013994735527382424,,,0.0001399042501407041,0.00013972873047528512,,,,0.00013993622439978557,,0.0001400571112739944,,,,0.00013977476297740224,0.0001400765101898525,,0.00013985568342823323,0.000140265289940397,,0.0001398284295930851,,0.00014027641472721052,0.00014033326093623939,,,,,0.00014032322864937478,,,0.00014041074108242009,,0.00014138212699306505,0.00014095631958090785,,0.00014126193034763642,0.00014085579588319548,,0.00014085481769739443,,,,,0.00013830830332983823,0.000138238647699176,,,0.00014124529541972196,,,,0.00014053011780037228,,0.00013725407072639185,,0.0001372680290843618,0.00013355525003767686,,,0.00014333088960857772,0.00014316029652794175,0.0001433935607340656,,,,0.0001493800718667,0.0001495090947831657,,0.00015112210244282208,0.00015147762709808067,0.00015107908600286922,0.00015121758830436625,,,,0.00015084387022173742,,,,,,0.000150917683287272,0.00015134619459836543,0.000151245783265651,,0.0001511253944162668,,,,,,,,0.0001512648144061645,,0.00015109500519784038,,,,,,,0.0001545763523364313,,0.00015460445579898422,,0.00015508609982534607,0.00015479437167536476,0.00015513321825997607,,,0.0001544510261562135,0.0001551427229414955,0.0001544995662979799,0.00015433234448906398,,,0.00015415295354461052,,,,0.00015412261525474898,,0.00015377705280404858,0.0001539024778973107,,0.00015372607290548557,,0.0001542274940823852,,0.0001539850722353141,0.00015409624117993553,0.00015388222443247503,,,,0.00015397435407707156,,0.00015443454970194329,,0.00015413032838007288,,,0.0001544631428075166,0.00015421387005632017,0.0001541412152980266,,,,0.00015381959444638887,0.00015430133730452274,0.00015403025788985518,,0.00015391048450466295,0.000154122467496295,0.00015416300400351802,0.00015412778004534,,0.0001542161860515523,0.0001539367185079122,,,0.00015477863894034435,0.00015453425198382355,0.00015423458128761814,,,0.00015376791374846268,0.0001539569073147795,,0.00015370382352103111,0.0001537684830558677,0.00015417926246310372,,,,0.0001402327169113851,,0.00013995150831370203,0.0001398407939209664,0.00014002256636799654,,0.0001400276982576866,0.00013993348311395064,0.00014003415161714916,,0.0001403812531422894,0.00013972287069214496,0.00013998261820394905,0.0001402884590362724,0.00014009531972207905,,,0.00014019336804758063,0.0001399841935614492,0.0001399903281092998,,0.00013992735129984688,,0.00014009309472447055,,0.0001395847405524649,,,0.000139551837906105,0.0001404614378583768,0.0001400902799455451,,0.00014051359538034836,,0.00014014277164037638,0.000140590856812027,,,0.00013961255060666094,,0.00013984168774828362,0.00013968880965908114,,,0.00013979545945800667,,,0.0001396306605605035,0.00013933799435412582,,,0.0001401620747016259,0.00013937843140926682,,,0.0001403838521783314,0.00013982510297284715,,0.00014016313589042988,0.0001403844817404385,,0.00013979555006038842,0.0001398625838632029,0.00013832316133335706,,,0.00013997521250094187,0.0001394603282934767,0.00013963207759301371,0.00013946422346044723,,,0.00013984360871379222,0.00013981398061912545,0.000140190239356304,0.00014024869297739806,,0.00013972153749591644,0.0001401630638089329,,0.00013975595869863134,0.00014024759857501537,0.00014008449202853796,,,,0.00013989751376656894,,0.00014021004707846462,,,,0.0001400240491414394,0.00014052960170216728,0.00014028032847392463,,0.00014003812392333315,0.0001398166638527167,0.00014011320664417763,,,,,,0.00013974477405454761,0.00013969544782952185,0.00013977014282505536,,,0.00013963507785968467,0.00013992959562635182,0.00013947930478675638,0.000139777671520057,0.0001392375183552347,,0.00013963622304602244,0.00013969603064276052,,0.00014004787864895182,,0.00013974598418792843,0.00013990354191774327,0.00013916035961779446,,0.00014003728220772,,0.0001430680779514246,0.0001425727490066087,0.00014287782224156956,0.00014343720888570293,,0.00014300637158230048,,0.25642159411049487,,0.13297242328893324,0.13285533483435583,0.00015297298436675111,,,,0.2099612146404407,,,,0.20961608670171072,,0.2095830833095521,,,0.20988005116034308,,0.20956725066111181,,,,,0.20990315544900565,,,,,0.20950981349009817,0.20959635862946524,0.20932354532414035,0.21005974921027443,0.20971220808504196,0.2100594130961556,,,,0.2095109717849993,,0.209537704324359,,0.20957952238736985,0.20944245294160338,0.21023097427632198,0.21010342404588842,,,,0.21007731312099484,0.20944883003142514,0.20931518727559922,0.20955319571795622,,0.21002954469223734,0.20922071020186003,0.21017813432247265,0.20964359648908729,0.2096061713549205,0.2100865566394646,0.20925832515549123,0.2098971188837095,,,0.2091276639441053,,0.2098350481546214,,0.20999984497803648,0.2103417739371481,,,,,0.20985995785680386,,0.20972234477819543,0.21030580611977837,,,0.21006855431497876,0.20959591098668442,,,,,0.2091701133559471,,0.20978854044725123,0.20914758009638337,,,,0.20904498310354266,0.20950181617684294,,0.2099440640222988,,0.2102043794677454,0.21005876726063608,,,0.2095627208128876,0.20992032091497678,0.210015186454309,0.20955125842746097,,0.20934280644531608,0.20954064677504558,0.20941473133841618,,0.20939934193746174,0.20978908220835388,0.20972136012979092,,0.20955474032456134,,,0.21019582755878563,0.21017748290186827,,,,,0.20936586609453356,,,,,,,0.20934738546100645,,0.20976581052491,0.21003137674117908,0.20940675356016458,0.2103257200655124,0.2095096552408511,0.20972058244504602,0.20958532250381348,0.20954511874158255,0.2101569611515059,0.2096785678782902,0.21036866811505164,0.20953284485337223,0.21027146350373738,,,0.20942121455153292,0.20990242930605205,0.2101570129852626,0.20959340639506338,0.2092579792187079,0.20947556212218407,,,0.20926165716245573,,,0.20961309498876765,0.20950188163963815,0.21004137743483225,0.21015626988516392,0.20995110998065403,,,,,,0.2093326676904531,0.2089401626222185,,0.20876595580873875,,,,0.13362535495213299,0.13368327290205334,,,,,,0.21062640465564736,
8,24,DG_48pct,96,Z05_F12,5,3PH,282437,283952,True,8510.442691880984,8618.026834624412,8620.4103532623,8745.503846162504,0.8363467734354402,0.118865063861851,0.01146711758426427,0.378177477836859,0.3384451523183761,0.18660010964495863,0.1726865629647206,0.05723125709505271,0.0008392489855786237,14.162203396668229,45.38958333959554,0.05184324013612304,0.09123735539099281,0.038220125378666474,0.04749006478067432,0.05566704745815995,0.5144759753042366,0.514218996735052,,0.5141336228774928,0.5129428121221931,0.5145282990005282,,0.17354633763798957,0.17375017557867586,,0.17297994070679026,,,0.17538896881010296,0.17581433977185798,0.17526823963569488,0.1755258581847656,,,,0.17394606147969766,0.1738851862898179,0.17415283818374444,0.17411275337744428,,0.17303500905936012,,,,,,,,0.17458426165206714,0.17422334615875984,0.11798054858196287,,0.09036930584997484,,0.05892070060110895,,0.05888975363126215,,,0.05895028295943118,,,,0.059049248463772026,,,0.05898385616383947,,,,0.05899185633404494,0.05884611562942354,0.04458000037455003,0.044730848550405225,0.04478807027444973,0.04475970277522882,0.023674902133478212,0.0236118640223717,,0.02368799614080143,0.023595986810621538,0.023698499083575294,,,,,,0.02365307147195778,0.02365434477024991,,0.02369918523203472,0.023667621337935176,0.023632554317273693,0.02365470614107693,,,0.023723019498001596,,,,,,0.00011814101422332673,,,,0.00014620823848936941,0.00014643823354215118,,0.00014680429991398454,,,,,0.0001483574652198949,,,0.00014816120759930014,,,,0.00014806415236047772,,,,0.00014820187752762396,0.00014814556399777066,,,0.00014810073322571668,,,0.00014781420866796655,0.00014786021976010303,0.00014798091613839695,,,0.00014818853937249,0.00014796351871843784,,0.00014797997737431772,0.00014778919596372813,,0.00014778679397642287,0.0001478094381666286,,,0.00014784249289118338,,,,,,,0.000148246936646793,,,0.00014859048538348957,0.0001478550632725516,0.00014842370045167177,,0.00014826593941553326,0.00014835746128021767,,,,0.0001476347176791249,,,,,0.00014770417325802356,,0.00014795296295063692,,,,,0.00014848930984335488,0.0001482063183078892,0.00014836630460832948,0.00014816052251849998,0.0001479050641459573,,,,0.00014785515562481852,,,,,0.0001480221097782709,0.00014821356490249274,,,,,,0.0001480131456155122,,,0.00014798454947949086,,,0.00014828888334889888,,,,0.000148021124175377,,0.00014831156373176739,0.00014840670909806742,0.0001483601535703062,0.00014828670438559163,,,0.00014822144117528356,0.00014822796947046546,0.00014800107338161443,,,0.0001482898670503606,,,0.00014780658080138114,0.00014814552950458268,,,,,,,0.00014811995915773278,0.0001483433017821249,0.00014803832034809258,,0.00014817931476177518,,0.00014827005463590478,0.00014803450606388455,,0.00014746638735230086,,0.0001482499639173946,,0.00014788203657491777,0.00014863125640218923,,0.00014800671085380597,0.00014802425168739767,0.00014809772884766386,0.00014061913816657682,0.00014099718436959128,0.00014079048505962426,,,,0.00014594212507099033,,,,,,0.00014607919403030975,0.00014628305793540624,0.0001461244459924409,0.00014575300036721213,,,,0.0001457726584104686,,,0.00014613410410158924,,0.00014586765608488896,0.00014570267523420454,0.0001462644061666228,,,,,0.00014592398410043315,0.00014615945816056142,0.0001458910528214149,0.0001460030158830925,0.00014601229400819688,,,,0.00014590093328895363,0.00014583944072724936,0.00014592199705387244,0.0001453525273183425,,0.00014600924383043965,0.00014560016404027384,,,0.0001460973733991708,,,0.0001461505248482289,,,,0.00014572447944994707,,,0.00014609597584957067,0.00014578740052335556,,0.0001457907558658484,,,,0.0001459563857751188,0.00014588531044816685,0.00014582490892305395,,0.00014613531490750633,0.00014638694792842367,,0.00014609860307917744,,,,0.00014607906827311543,,0.00014591423862855583,,0.00014623859246612085,0.00014632308992530845,,0.0001454315410802566,0.00014558920793167934,0.00014615189663841186,,,,,,0.00014570989607073153,0.00014566163244275363,0.00014573064155404955,,0.00014557738282179323,0.00014578099682169114,0.00014596733878977338,0.00014561780909708597,0.00014532757010141632,0.00014619077705567331,0.00014526047324825498,,0.00014536917631660174,,0.0001455592057946324,,0.000145535838053807,0.00014541097969504962,0.00014540730068958227,0.0001456165711750721,0.0001452696106060187,0.0001457720594930448,0.00014555072461925803,0.00014546716207335767,,,,,0.00014550999626384558,,0.00014560477175766385,0.00014571410294841682,0.00014568551094571363,,0.00014582707638940816,0.00014534773551804313,0.0001456367208031405,,0.00014567089631683668,,0.00014550304173629284,0.00014643459546992768,0.00014564872059735459,,,0.00014566426255636157,,,,,,,0.0001454050256791294,0.000146097523455774,,,,,,,0.00014576268002481016,,0.00014598570190489055,0.0001452257016643865,,,,0.00014607548572672285,0.00014584555399145598,0.00014588828390724181,0.0001458644434916035,0.00014554277229945854,0.00014598102968181012,0.000145923727115187,0.00014543206248610375,0.0001451831134967595,0.00014546570890720074,0.0001459162623753052,0.00014660450253744153,,0.00014713838518358221,0.000146951708113943,,,0.00014652077665182518,0.00014644103738316747,,0.0001439728545850361,,0.00014364007887111054,,0.00014346473947084883,0.0001437857023147851,,,,0.00014567297915819627,0.00014560364901916047,,,0.0001427528681752228,0.00014277971929891104,,,0.00013909339133783073,,0.00014907712332418242,0.00014905354404556864,0.00015380001970552557,0.0001542131721055427,,0.00015532754572828293,0.00015506203971949896,0.0001555873137133725,,,,0.00015700413769171822,,,,,,,0.0001574503126263364,,0.00015722045385970174,0.00015710230694676114,0.0001573599333446218,0.00015730785995366812,0.00015705354383599895,,,0.0001574705212419005,,,0.00015795026088162565,,0.0001570030741166705,0.00015725828023179924,,,0.00016017418577873255,,0.0001602843707339817,0.00016045603671295606,0.0001600675188632179,,0.00016078771367062595,0.00016157520505739208,,,0.000161000723259485,0.00016108390683899072,,0.00016126584877542802,0.00016051479893448313,,,0.00016042519032615513,,0.00016038176786085402,0.00016051845628359948,0.00016036305789282634,,0.00016055630436330974,,0.00016020631799547232,0.0001599403812660723,,,,,0.00015999856779801223,0.00016112008757756852,,,0.0001599523851273887,,,,0.0001602609437908669,,0.00015995906737214526,0.00016008838600644422,,,0.00015969974173020497,0.00016009862437255264,0.0001605050488391046,,0.00016024981265949447,,0.0001597582497756448,0.0001598297720654443,0.00016010387464236803,,0.00016054710425302115,0.00016029744433915613,,,,0.0001602999541701451,,0.00016009024644671784,0.0001603973481595556,0.00016061321941281248,,,,,0.00016029342164539828,0.00016069327688631612,0.0001602956011163559,0.0001600096224836661,,,,,,0.0001453958393329154,0.00014562982530809661,0.0001453546511424659,,0.00014529329645112003,0.00014580146142197643,,,0.00014550326208277126,,0.00014526780567027328,,0.00014601506481964536,,,0.0001458450363845788,,,0.0001452368833580929,,0.00014571765903277948,,,,0.000145791778942352,0.00014591304295211778,,0.0001452430727841036,0.00014582483750993208,0.00014505167433958872,,,,,0.00014607673122662618,0.00014582138656910303,0.00014581013039020757,0.0001462128598550103,0.00014584260845295737,,0.0001455178814233007,0.00014500708498296034,,,,0.00014507329173409281,0.0001454558628989272,,0.00014543772058311759,,0.00014510597450499368,0.00014530671600563021,,0.00014511823458429496,,,,,,0.00014539554217118868,0.00014569426089037756,0.00014578517503305432,,0.00014496740459849693,,0.0001437357548113012,,0.00014528960391506514,0.0001452152763869857,,0.00014599858077628708,0.0001451148958032096,,,0.00014522084303424197,0.00014590872922576767,,0.0001460464925792988,0.00014610906164737067,0.00014560205117214816,0.00014551618392643926,,,0.00014541971270827763,0.00014579816684327462,0.00014605028473257858,0.00014574152343285144,,,,0.00014650690264793377,0.00014561972332161833,,,,,0.00014574825334754166,,0.00014556255802707717,0.00014594673514942735,,,,0.00014578910253397313,0.00014526588011691885,0.00014584099610876394,0.00014544250546458926,,,,0.00014565908850336942,0.00014544181830078117,,,0.00014529922416848474,,0.000145422565246723,,,0.00014570093548751337,0.00014543291076381376,0.00014547455454432461,0.00014605754892835687,,0.00014503819126296546,,,,0.000148819653309211,,0.00014867525546279333,0.00014877287980466204,,0.0001487226248245012,0.09239758091848004,0.22262553142145644,0.09177913001357291,0.09171331720093245,0.09206967333408822,,,0.17457360300353003,0.1743836002175037,,0.17456552892416644,,,0.1747808217500518,0.1742510182913889,0.17440353149598736,,,0.17465084610754789,0.17415138115882395,0.17461793379353036,,,0.17443531272060253,,,,,0.17425972126998404,0.17472083224211096,,,0.17486389481739886,0.17444705598992385,,0.17474244416306578,,,0.17480382545769493,0.17454432528378125,,,,0.1747046550893904,0.175343204698053,0.1750061229691511,,0.17443499611693733,,,,0.17444078290119797,,,,,0.17504321148528595,0.17435676292446936,0.17503962224071948,0.17484769937114789,0.1741773268820735,,0.17422329457249688,,0.17431906244309203,,0.17468267290102923,0.1744175426274786,,0.17389297732553582,,0.174718843420348,,0.17482461107251815,,,0.17438470281749976,0.1744808676050864,0.17457632459464256,0.17481376461722,0.17476322113428405,,0.17467943688741355,,0.17496940660957325,,0.17435255524709445,0.17458700413156525,,0.17449934009160759,,,,,0.1745927451394906,,0.1749794935541597,0.17513660813723453,0.17419448910030197,0.17454837261002648,0.17463641834871368,,0.17504254236193798,0.17443794945882565,0.1745070322690569,,0.17422912645741184,0.17349072520783354,,0.17385803749869236,,,0.17427125331062115,0.17490999019022152,,0.17467910926280228,0.174357791476086,0.17475193242628645,0.17466748406298777,0.17460086107965006,0.1743443465356702,0.17423090665260926,0.1745144275321105,,,,0.17441512288299205,,,,0.17444996509601185,,,,0.17446574001141027,0.1744245288337031,,0.17453612989628933,,,,,,,0.17449703306785952,0.17412115031617967,,0.17494517296002945,,,0.17463182275651115,0.17482832754728397,,0.17454170312026374,0.17427831641920227,,0.17495621648843057,,0.17466402397807673,,,0.1749387075899332,0.1746571543114005,0.17471206142789955,,0.17466917908976518,0.17453428687113226,0.17446889336540308,0.17475638723021472,0.17455404589993254,0.1746879210458222,,,0.17462836000629353,,,,0.09249989789143048,,0.09227993408052279,,0.1754205610461132,,0.1751948924111647,0.17502098957681841,
8,24,DG_48pct,96,Z06_F01,6,SLG_B,183045,189962,True,7165.998064817642,7010.60063812621,6944.13079411654,5986.618513777712,6092.4076335333,1098.387431507707,91.01342463447584,1888.1808845677115,1663.957567878528,897.0582302846323,824.6651636335064,267.2464130057264,4.568798112009717,53.990358842142776,173.6572457347499,466.77568896943524,536.0360635044701,219.6460936038845,299.4146787739819,282.51025591134515,0.6009881518480605,0.6006651128369891,,0.8213556253311554,,,0.6019179577041586,0.3430912120411765,,0.341971293854235,,,0.7436373532657012,0.7414733067919259,0.4937434397980503,,0.4930816507949017,0.468080766126495,0.4674731523487166,,,,,,0.34193476846440946,0.3421269848625535,0.3409421618758562,0.34037038033406214,0.33951582300914906,,0.34268709952124526,0.3429313849387056,0.34271698130819694,,,0.7466595066803472,0.29992206276099576,,,,,,,0.27998284059433876,0.279797536927292,,0.27947955617088116,0.2797008372531363,,,0.27950408043053854,,,,0.2794625925221334,0.27968306930241904,0.27986114877201784,,,0.3997570496428557,0.4672986733865789,0.7302896802075605,0.7331603138284761,,0.7358089187095326,,,,,0.733627389042042,,0.7345613566895274,0.7358333360260384,0.7336346641557916,,0.733126504306457,,,0.732634110023892,0.7331528612830631,,0.7329678073388836,,,0.7332903358339232,,,,,,0.35009072701193983,,,0.35050010107093854,0.3500177396974039,,0.7474470482778048,0.7443513750322363,0.7474593665842719,,,,0.7465867737831325,0.7449779501449666,,,0.7467416183506033,0.7448949235766711,0.7474062038992034,,0.7460096896547442,,,0.7424246331020311,0.7434456401651761,,0.7443419206239807,0.7463946601470078,0.7452402594452407,0.7472692409297498,0.7467486463324547,0.7457262107856791,0.7468281624461118,,0.746837591506755,0.7462883778100402,,,,0.7469866548388815,0.7434715243008615,0.7436867986347322,,0.7447192153947197,,,,0.7484529483049438,0.6519823884570539,0.6531309498732982,0.6530946830820682,,,,0.6530848572074328,0.652963031964758,0.6548234285504179,,,0.6551934520551665,0.6523716783674498,0.6542728818675627,0.6531648378943608,,0.6519794371441423,,,0.6519084731573929,0.6521669648141913,0.6513810350382437,,,,0.6549184859806275,0.6536256447497715,,0.6535534507924777,,,0.6520350443737291,0.65301140835276,,0.6525695787333956,,0.6548690394267933,,,,,0.6519993698358467,0.6519220762643813,0.6537998407723253,0.6531017049824439,0.14318925585386458,0.14311502157587697,,,0.14326317599920607,,,0.14291760939437512,,0.1433068886606528,,,,0.14318367259110415,,0.14315748660251157,0.14286105007253794,0.14316757491064364,,0.1428805405979457,,,0.14330281062509126,,0.1432540532186134,,0.14277263158524056,,0.14321167587133687,0.14248072801313688,0.142464304302914,,0.14331110117003143,,0.14269028020898167,0.1428276515378916,0.14305491903865625,0.14313621811173338,0.14288475106626,,0.14324390118347777,0.1430403117032744,0.1427525621167398,,,0.14314959992802948,0.14236863938848918,,0.14264992073144286,0.14294352637693192,0.14296206287613195,,,0.3414944427652156,,,0.7596522076540901,0.7430417122012393,,0.3496507622243422,0.34849269345516953,,,0.34961599348709116,0.7708041326495481,0.7708917903752714,,0.7734269707623768,0.7727711928657752,,0.7724428482492927,0.7709402782849692,,0.7710850205729658,,,0.7718646730444954,0.7707122899025632,,0.7700051875807697,,0.7694143227300452,0.7714476565337933,0.7706981096130482,0.771809783727887,,0.7700349581749679,0.7700366022287697,0.7686389904282503,0.7703561572584764,0.7712608190758112,0.7706727994340251,0.7710606355288266,,,,0.7690920775303554,,0.770133753406383,0.7707725410152378,,0.7708312784863155,0.7699466417038687,0.7707885266454569,0.7628761213458366,0.7634329081724082,0.7643119258415939,0.76183778513552,,0.7653283197154656,,,0.7663313152379944,0.7634712233832114,,,0.7646197649007858,0.7667243557465621,,0.7637331690679852,,,0.7662478348891832,,,0.7641056776797397,,0.767017447566089,0.7650712428460722,0.7625382238638824,,,,,0.7638529807968149,0.7632060565001603,,0.6246582641889344,0.6273245570093129,,0.6230560656968712,,,0.6232503540894582,,0.6231521779341233,0.6245374740520234,0.6249727777364442,,0.6263050948971346,,,0.6290666767969011,,,0.6278348338232761,,,0.6264881590675554,0.6246113026908562,,,,,,,0.6244650899313047,0.6245496922661565,,0.6233489623523847,,,,0.6229879929225778,,0.6256824407623057,,,0.6237674792879248,,0.6248736261206447,0.6243549453876784,0.6252933654850318,,,,,,,0.6247432922318441,,,,0.6282433260477492,0.6265000631945501,0.6280005328998687,0.6255723531986127,0.6267659641138575,,0.628975557864601,,0.6276860919449169,0.6275991568243646,0.6272613474779434,0.6276789891321664,,0.6277180609704135,,0.6288725247219373,,,,,,,0.6273076637458389,,0.6270894117245221,,0.6264124711289576,0.6285443416347035,,0.09038922230928023,0.09058296337342304,,,,,,0.7695438203589274,0.7700010175699175,0.3459360850003817,,,0.3459085307763029,0.34681309751231437,0.3461553957450668,,,0.6420430388907704,,0.34988453441617196,,0.344862054492638,,,,0.339770044461154,,0.7445547053756914,0.15331331286756958,0.6555034827259927,0.7665357447489555,0.16265134403567658,,,,,0.1684026790257606,,0.1686561465256107,0.1688847666730203,0.16836167553842463,,,,,0.1712973229137195,,,,,0.37444272204781653,,0.3754240429998213,0.3755046033696085,0.37495147197460454,,,0.37424854417958753,0.37533933491236365,,,,0.3746847207374729,,0.7093858316015124,0.7121288299715753,,0.7105989826314655,,0.7058965266847383,0.803529966434857,0.8030984990955187,,0.8021762130234081,,0.17557758015006084,0.1755764039317297,0.17566880349521907,0.7120441000215655,0.7152594440115375,0.714234546643955,0.7168594948496475,,,0.3814364273651849,,,0.3809515768679162,,0.3817185762444417,,,,,,,,,,0.38169219264359355,,,,0.38163265556007164,0.38165146206340256,0.3826900186470336,0.3808980677155017,0.38104757222670066,0.3811052522009417,0.3816684317718717,,,,,0.38073944343853205,,,,,0.3815692286847103,0.3804978232286228,0.38145828645803576,,0.38141082560407646,0.38178974338163796,,,0.38148521798401047,,,0.38101769482822273,,,,0.3820397205659064,,0.3818597074862473,0.3819580935163543,,0.38260732885544263,,0.38277436690138616,0.00011039779136170221,,0.0001103901745832594,,0.00011018380280088118,,0.00011024376278057409,,0.00011067725641421813,,,,,0.8062564306179179,,,0.8078865537475738,0.8058136721615413,,,0.8056828144927105,0.8044184674511959,0.806723320938604,0.8054445182912067,,,,0.8034404661279855,0.8038768553375608,0.8052240785423986,,0.00011040708826533708,0.00011046585656986602,0.00011085873057328428,,,,,0.00011068220651132023,,0.6082674006677383,0.6092483182829778,0.6080301027623516,0.6066718971640843,,0.6098688662673072,,0.6060134387276414,,,0.6088931371759494,,,0.8049049415641356,0.8050894345025348,0.8060295348556732,0.8031389586649733,,0.8079431685420007,0.807117505727141,0.8042384009570244,0.8054635352590014,0.805351146709598,0.8050495356146716,0.80623957295673,,0.8028215953395167,,0.6127731808711615,,0.6088232264714003,,,0.6072267861973007,,,,,,,0.007015482348089171,0.007016131042065922,0.007020604009580322,,0.007013734458101797,,,,,,,0.007023852758800095,,,0.007047865818291107,,0.00703184562014465,,0.007040680058617245,,,,,,,0.6100683416940949,0.6111615151933527,0.6090925373375145,0.6114526459830397,0.6095482659046207,0.6106706883680979,0.612219064899443,,0.608410818542697,0.60920437188025,0.607864799367388,0.60942960805238,,,0.6083559631189949,,,0.6112454159569439,,,0.6115639550713475,,,,0.35433674131362053,0.3552362429744933,0.35468655501032126,0.354240186787751,0.3538091554065814,,,,0.3019259444917446,,,,0.34284766211720447,0.34357561819763577,0.3434291595653237,,,0.3421762606973579,,,0.3429393024874677,0.34325679876625037,0.34248156735132185,0.34240363822017955,,0.3438849022421369,,0.34303607839045963,,,0.3431982835539593,0.3428243318489048,,,0.343551635567056,,,0.34233437240318365,,,,,,0.34230151070945014,0.34280454485372464,0.3421242384083379,,,,0.3428321983857388,,0.3418427082760297,0.3442599680204067,,0.34219609002034734,,,,,,,0.3417203895811972,,0.34317523387934334,,,0.3419681698251168,0.34361921553354624,,0.3422569130496705,,,0.3426048599082911,0.34238843788392515,0.3432502937958179,,0.34321449600569803,0.3435890216122339,0.34309087543139916,0.34339380922307056,,0.34365233394135275,,0.34351857887634163,,,,,,0.3428888465404268,,0.3430065421811253,,0.34307630698321384,,0.3427328188461413,,0.3427735577546979,,,0.34299761662254885,,,0.34266267251534427,,,,0.343345762982574,0.3431699592468736,0.34184318909390327,,0.34294401957936654,0.3426992899603569,,,0.3428270842495808,0.3432515640802188,,,,0.34290154787714183,0.34288198697397926,,,,,0.3433152990912509,0.34322902164394004,0.343127053650903,0.3425239048438985,0.3425738872353286,0.34263637682854325,0.3437317320693698,0.34326312023321875,0.3431077489172794,0.34351205869196577,,0.3427924551378424,,0.3431619241762306,,0.3417433962010526,0.34249609452030433,,,0.3434429100987413,,0.34257382357049054,0.34290286363951594,,0.34218815324077145,0.343207385851002,0.3427857338311612,0.34264387501516563,,0.3426382423474122,,0.3424900348681954,0.34264122149702897,,0.34268246114686246,0.3441068564356893,0.34346128808802306,0.3426005025542545,0.34277917434846383,0.34219914077606844,,,0.34216477387024874,0.3437223930096757,,,0.3424230276637807,0.3433580881766133,0.34291356525828753,0.34371184041634356,0.3432951602349053,0.3425928193576358,,0.2368644617471179,0.23637238834441765,,0.7393601028787855,0.4339867563916267,0.4792588033091119,0.742892727031557,0.740397435650428,0.4944280971101729,,,0.47010665222651016
8,24,DG_48pct,96,Z06_F02,6,SLG_B,174945,181883,True,6622.89959042996,6512.26393673144,6405.80117195877,5595.772215505588,5458.645229061112,677.6541439924316,78.72146562259584,1958.1127816308656,1711.1289270962607,909.5064110487814,829.5705080174947,269.76316079583063,4.819729896577659,55.888100215282925,182.81459234981406,292.6816152977986,1128.89710322604,462.6279550315238,336.2594219179352,291.77273048658384,0.6536900939513711,0.6530967951357148,,,,0.6599250865258419,,,0.43983374871342007,0.44171904588059874,,,,0.7434797906663584,,0.5726165904088671,0.572350404336712,0.49692932207282486,,,,0.4417833321443634,,,0.44042939087878125,,0.43800181135940786,0.4384978614618099,,,,0.44162316132874674,,0.44081958340936495,0.4413262545881758,,,0.4055179454918522,,,,,,,,0.3907399452414172,0.3904306316438693,,0.3915396425801024,,,0.39124565484972507,0.3912682125167062,,,0.3896992573839023,0.3906691075385389,,0.7373549100323935,0.5107976165445549,,0.7378349168588492,,0.7380137067805391,,0.7377798674882692,0.7398182448174991,0.7371575720849931,0.7383960587298083,0.7377293516337832,,0.7389174576885259,0.7368320694547332,0.7363535172137431,,0.7401408538153654,0.7383946742204467,,,0.7401080769738237,,,0.7386390237329535,,,,0.3285269596124594,,0.024056040300989324,,,,,,0.3569674503277691,,0.796056651649533,0.7954452125203564,,,0.7945678200052427,,,0.7952364609110207,,,0.7951138726555186,,0.791725925074645,,,,,,,,0.7961034154296708,,,0.7935539172440302,0.7962648649785404,,0.7930313154317188,,,,0.7926125302007432,,0.7946519359862141,0.7912329396600505,,,0.7917601750308993,,0.794521167617499,,0.7910243980615362,,,,0.6395620704473078,,,0.638369601135872,0.6386332415446002,0.6391645223721345,0.6386350876176691,,0.6367057839999751,0.639415483749636,0.638545778486061,,0.6387642175782474,0.6390250135515678,0.639521287954354,,,0.6382538413763571,,,0.6377633078353256,,0.6390597462070351,0.6379163697770165,,,,,,0.6370874185728015,0.638647547234225,0.6385370337198714,0.6378749205919936,,0.6387518766853517,,0.6374058768488724,0.6378427056024322,0.6406001168764937,,0.6388127337689736,0.6390344300056756,,,0.02444370148140511,0.024425007031349547,,,,0.02447802330877803,,0.02446148435287508,,,,0.024446740361612353,0.024411785589982724,0.024368713167770232,,,0.024436663925385616,,,0.02446003649076107,0.024440542774402337,,,,0.024471736771750126,0.024348987012702123,0.024413726961194676,,,,,0.02440669841549025,,0.024434490218956783,0.024396172386768798,,0.024445653541831654,,,,,0.024461560081566715,,0.024456502857759316,0.02446175162883188,,,0.02440187342766502,,0.02440095494870056,0.024391896272419663,0.024372836500655835,0.3365603964834195,0.33641078392524476,0.336005446733057,,0.7683550003232044,,0.3445744865909768,,,,,0.7806317155022613,0.7805398583493004,0.7779986564062881,,,0.7812855217506912,,,,0.7806263235828413,0.7816109451117881,0.7814340909625884,,0.7789011395320588,0.7810262087908655,,0.7825372181925735,,,,,,0.7802877894609954,,,,0.7772499384079037,,,,0.780138519509598,,,0.778620105542983,0.7814435800343766,,0.780180914669212,0.7793069083079227,0.7805473725858284,0.7796963950906913,,0.7801120342013289,0.7807794708251936,,,,,,0.7799872910624088,,0.7807765657011803,,,0.7786774098997008,0.7796984982963675,0.7823195434142104,,0.7780376540207613,0.7773646928249784,,,,,,,,0.777261972291814,0.7775397348570455,0.7789201819686655,0.7783283610541893,,,0.6223777497733942,0.6222420578041864,0.6229623649116255,0.623194919342938,,0.624163463454005,,,0.6216457361901438,,0.6223816896443266,0.6229043168034903,,,0.621862541224469,,0.6205026855635392,,0.6241929593934152,,0.6233532798722777,0.6231160440791969,,,0.6204387905221618,,0.6235625843763322,,,,,0.6232278343918273,0.6209587230595668,,,0.6230486957952758,0.6221504554879409,,0.6226345913559894,,,,0.6243986563697788,0.622547482495614,,,0.6250359819996754,0.6204218065685387,,0.623838068062901,,0.6220442833088643,0.6222547567207092,,,0.6227539640607423,,,0.6218531725326861,0.6226120455535922,,,,,0.6240392860827716,,0.6233522108856986,,,,,,,,,0.6243007351725408,,,,0.6227243879637995,,0.6236954530900898,,,,0.6232170629241129,,0.2965281936404172,,,,0.7790030100613433,,0.7803881341393739,,,0.3524214049198583,0.35083502210398126,0.35162107635769924,,,,,,,0.3459262638514212,0.34521961840664156,0.3401477974799256,,,0.3357977950971901,,,,,0.6433066435966986,,,0.6660440022242475,,,,,,,,0.2442087389030344,,0.24496421823790138,,,0.24883695433607664,,0.3714630011289477,0.3705745144855784,,,,0.3707697709036479,0.37129166010077663,0.37239227149711956,,,0.37102323519097824,0.3718330203014219,,,0.37082549774311774,,,0.6975520818633122,,0.6972243546809703,0.6973609882023364,0.697553146009677,0.6911297608694692,0.8223574803474053,,0.8239062865601713,0.8229469866334753,,0.25523538129670387,0.2558285663107442,0.25461406566295997,,0.7018721237588287,,,,,,,0.37790610240673245,,,,0.3786564023810914,,,0.37870304055009546,0.37872808395736385,0.3782187601414708,,,0.379434809932174,0.3786717272836464,,0.37938052391122945,0.37848908753655736,,,0.37813208042626906,,,0.37800215647580715,,,0.3787233512265634,0.3789390639060861,0.3783693213575571,,0.37928188054928635,,,,0.37806625252549125,,0.3783465490321843,,0.3778470331268798,0.37757271646308693,,0.3768938715993327,0.37912019331786284,,0.37927335504466514,,0.3783287820652313,,,,0.3776729430412333,,0.3782224588474037,0.3786250781814163,0.37865015666176094,0.3777690728427798,,0.32690173129725947,,,,0.3269452569090924,0.3265117357882925,,0.32827647957338574,,0.32723110075175704,0.32881125229822566,,,,0.7843677338144733,,0.7831890208132324,0.7844772971584555,0.7851918762334905,,,,,0.7844312017660346,0.7842841776558759,0.784412153469804,,,,,0.7848186342473921,,0.3274932644294921,0.32883272799953844,0.3282273332703464,,,,,0.6210833631886961,0.6208882545846406,0.6193378879176138,0.6202745106412787,0.6201550199360405,0.6178510619186909,,0.6179823475056812,0.6200969498537668,,,0.6210355829202423,,0.6207741204171974,0.7829412879719684,,0.7818735906550629,0.7819549683510228,0.7879504455991622,0.7845681598444746,0.7850168859155576,,0.7841617835004381,,,,0.7716658230246943,,,0.621622905007107,0.6201467335982518,0.6197313411617436,0.6216615361091963,0.6206193786514315,,0.6219176199632044,0.3275891243388471,0.327127518684906,,,0.32769708181842744,,,0.32683699240558434,0.3270506006481072,,,,0.3276014410454953,,,,0.32777645336564454,,,0.32688930238474606,,,0.32830583857194195,,,0.3276037273243572,,0.6207661822659208,0.6202035210696212,0.6227809888599813,0.6233068963302221,,0.6209824174494986,,0.6211950793341606,0.6214522522121145,,,0.6188091632122309,0.6207475922430101,0.620528218459491,,0.6215781088721157,0.6220535569645101,,0.6229734893311727,0.6210619332792124,,,0.6218092253809987,,0.6201143011124602,,0.3517982419995761,,0.35000511873740553,0.3525150237483488,0.3515819682194736,0.35144875659478825,0.535953637911773,0.5923194170703578,0.4098467758467242,,,,,,0.4415069398754477,,,0.440085185879426,0.44088889815854704,0.44200912643620677,,,,,0.4416184247764119,,,0.4423330135553949,,0.44212096125860234,0.4416250197561636,,,,,0.4419186706169725,0.4417200387147719,0.4401476850852214,0.4410212725919317,,,,,0.4407370451149423,0.4398814059729414,,,,,,,,,0.44071548155002865,0.4411359317741932,,0.44156924937616293,0.44163636899644043,,0.44078159489037755,,,,0.4404363098707772,,0.4411266280489722,0.4413177944901818,0.4405743295115832,0.4412281602004591,,,0.4408174844022495,,,,,,,,0.44069094616600507,,,0.44077446939295867,,0.4413694344482074,,,,0.4398613457182424,0.44240813358787723,,,0.44146183797531197,,,0.44068202616741325,,0.439120577302897,,0.4413693325062162,0.44137671025597613,,,,,,,0.440713948655681,0.44093688514179125,,,0.4412007264357956,0.4427069168449369,0.44136583154346404,,0.44167735797572377,,,,,,,0.4420764603049274,0.4417494614920505,0.44032520918031176,0.44309039976310566,0.44073044736559097,0.4407525944296682,,,,0.4417642932459943,,0.4414079912896504,0.44105031519062315,,,,0.44040365005590804,0.44054983518889396,0.44054824249065344,0.4423086154284613,,0.4409261728128536,,0.44282139355662276,,0.4410896632083733,0.4406302744070054,0.44021274718165543,,0.4416742702226906,,0.44135125901734357,,0.4411173613713856,0.44119515369256207,,0.4401179449094406,,,0.4420353001690998,,0.44092900731117707,,,0.4407590877679393,,0.44118249688712075,,0.44149230532088934,0.44125247540621265,0.44078309581983693,0.4403403940594936,0.44201004461591176,0.44133786963655175,0.44103263414846783,0.4410876206911167,0.44121669075653336,,0.3528548433175144,,,,,0.4975540411375732,,0.7433995866063441,,,,0.4965079041486958
8,24,DG_48pct,96,Z06_F03,6,SLG_B,174981,181917,True,7015.302103972228,6871.686548952823,6817.748747427664,5898.381407879778,5797.392221735786,798.4791075495383,99.94331555292965,2196.821415621833,1916.3610264106076,1001.5754868724403,923.0655169061095,295.8591968109938,4.425356764279659,54.19963859524059,177.1775130667762,346.3219211038974,740.6381907426185,301.8909039369461,429.01791186321805,330.0697101071847,0.6220979064501522,0.6227790530242879,,,,0.6411721411667879,0.6298188598739782,0.3819562411984182,0.3811447093600901,,0.528384726744991,0.7464411233087161,,0.7477126821346998,0.5315791301748619,0.5324660672326096,0.5316666008252496,,0.4697416685017083,0.4692808157185039,,0.3827654001796041,,0.37887186670648293,,,,0.3786799150737539,0.3779188262329895,,,,0.38137685998136167,0.37973273307536803,,,0.3398409385805015,,0.3396706616332219,0.31931754185048633,,0.31938685904324204,0.32003573989561585,,,,0.32073010229026133,0.3207369505058972,,,0.31886726822612604,,,0.32149871105663286,,0.3208626636630456,0.3201171971757029,,0.7381724056710113,0.45544902774376733,,,,,,,,0.7379407999009667,,,0.7366981759144268,,,0.737073285664562,,,,,,0.7363479553743361,,0.7388303945671204,0.7366622027542538,,,,,,0.04017736111328881,0.3589452375827098,0.3595739142582633,0.3595318439730486,,,0.3613685669835411,0.748809277789989,,,0.7512059041614543,0.748703635767422,,0.7475025710501777,,,,,0.7479881662126336,,,,0.7481050433727351,0.7505693364621918,0.7475216561156222,,,0.7501750434683427,0.7500202802469359,,,,,,0.7479580528976831,0.7512765452838488,0.74809860797735,,,,,,,0.7478634805432186,0.747379617167358,,0.7476404162797639,0.7463794200916554,,0.7496218402574555,0.651100492432066,,,0.6510871127832001,0.6495554230601313,0.6494695305592253,,0.6500242632444049,,0.6494813002214676,,,0.6509136469842414,0.6494310766861914,,0.6498833923212419,0.6499900420399576,0.6499544632638228,0.6489884388240023,,,,,,,0.6506223717970124,0.6493728810160682,,,0.6496119553329984,0.6503309846896732,0.650020739019126,0.6492605126271094,,,,,,,0.6512213613352524,0.6499042519239135,,,0.6499312972102125,0.6505416027913163,0.0407905646875597,,,,,0.04068575217139877,,,0.04063845290872313,,0.0406598682376638,,,,0.0407767054071297,0.040665046442915284,,,0.04062051415608543,0.04071574698162515,0.040701292587938635,,0.04066041218737341,,0.04054477051953556,,0.04066143937656656,0.040558723611353015,,0.040685211269656275,0.0406386809494394,0.04065802174055936,0.040739173730606065,,,0.0406392254834708,0.0406929485722029,,0.04060701771520946,,0.040786609346081415,,0.04075004128917898,,,0.04064754126701439,,,0.04059673170417024,,,0.04054434656579652,,0.33507381965751315,0.33484958227343625,,0.7649804860958556,,0.35454740070259916,0.3566023470909916,,0.35722698903948835,0.3573679042651912,,0.7634292072424408,0.764230437869905,,0.7633061147007476,,0.763874568451076,0.7621602574043116,,,,,0.7586946460687726,,0.7616241173852218,0.7645245525103804,,,0.7635332424009679,,0.7617868935111032,0.7622921986373343,,,,,0.7620240271581236,,0.7597768811035551,0.7625028273613105,0.7632602485058613,0.7648423974301048,0.7614505409887975,0.7621719481112028,0.7620088846832678,0.7633442302504568,,,0.7629881397760334,,0.7638798229140672,0.7627608772990487,0.7635378939284391,0.7648135087982268,0.7635467362526357,0.7629643573284953,,0.7620193488386151,,,0.7652858698330784,0.7645138619693391,0.7627509459558307,,0.7629419763024862,0.7626356745010235,,0.7636860378174609,0.7633602275402436,,0.7626072333563371,,0.7626622038273496,,0.7631091705555317,0.7620377997654098,,0.7610430715581132,0.7637478306005214,0.7628782343721089,,0.7606126728967852,,0.6246060734768464,,0.6242228143866554,,0.6240067964799919,0.6236644085824792,,0.6225924612518087,0.6236253963760312,,,0.6241924121841143,,,0.6243348030935487,0.6242093662975722,0.622261879647597,,,,0.623074191689236,,,,,,,,,,,0.6229914876518783,,0.6235839072341645,0.624163680879236,,0.6232982062986636,0.6250702776682637,,0.6249545039601615,0.6251714090578613,0.6243590326803525,,,0.6264940144747667,,,,,,0.6228993267740897,,,0.6241494591848981,,,0.624351284001293,,0.6220997119116907,,,0.624058787658943,,0.6237076393697109,0.6230927102384545,,,0.6245773679356943,,0.6230070861300496,,0.6224541457090407,,,0.6241322495189902,,,,0.6235559751776241,,,0.6229838397052694,,,0.624057837006454,,0.16090454905830884,,,0.16049829953273975,0.7627536757682347,,,0.7623772503496169,,,0.3307322661240592,,,0.33036140157735766,,,0.02372193003674512,0.6303090557328672,0.3566872370015739,0.3582941446312089,0.3578667465035518,,,,0.3513642018574276,,0.35143841085985295,0.7456781004858195,0.07102591797074383,,0.7601429247258775,0.08420724134517675,0.6861577055668598,,,,,0.0923040560183297,,0.09215354290576767,,0.770971689411024,,,0.09537516874157284,0.0953688834853988,0.38335186374844427,,0.3837323726429551,0.38359357627972,,,,0.38393532959904875,,,0.383325665347549,0.38274049296541013,,,,,,0.3826560078897643,0.7242002682758462,,0.7201048585952958,0.7208179513869328,,,,,,0.7861528572952704,,0.10157632723160634,,0.101317769032015,0.7255025314855574,0.7247636739130747,0.7262994886224837,,0.3905581922110372,0.3895674547739495,0.3899704211417173,0.38925767674032036,0.3897791370485882,,,0.39086336178004527,0.3908934786521941,,0.39059891305206274,0.39003714067584583,,,,,0.39032653519008825,,0.38940207723807446,0.39053810287065166,0.3906398929714647,,,,0.3900562851259469,0.38979280898007623,0.389089252308705,,,,0.39088860337766834,0.3897743102588307,0.390658488802477,,0.3897453990256427,0.39048869030891153,0.38946723636806674,0.3890598210940831,0.38964923413118785,0.3903643512899607,0.3908734246531497,0.39011847916750325,0.39006164413727135,0.3903048093063767,,0.38929537784029977,,,0.3899889450629307,,0.39025664963051354,0.3911370157546092,0.38994935906535105,,0.39010338436776154,,0.38894174672529563,,0.389742348589613,,0.19927574375956944,0.19956994411165807,,,0.19950431124577203,0.19960059802799507,0.19953548579974534,0.1992927396511341,0.19943347713108614,0.1993788109094813,,0.1994220078849706,,,,0.7680926516028155,,,0.7674879892467324,,,,0.7669026651049371,0.7668433011747999,0.7654597256989187,,0.766334856388531,,,,,,0.20015552834098585,0.20024295190022234,,,,0.20027779586716873,,0.6214228320581335,,0.6227429681897312,0.6215283948019513,,,,,0.6220647677528686,0.6221943706973683,0.6206744920943483,,0.6200993143041564,,0.7647591419409381,0.764533096351965,,,0.7689958541012275,,0.7675682342833156,0.7674723976854443,,0.766820681807625,,0.7671398414356047,,0.7627835872869785,,0.6230778080747646,0.6222988996660438,0.6214905839625822,,0.6221348412878953,,,,,0.19956059352193262,,0.19995224103448583,0.19956191432622336,0.19985487332839924,,0.19949133149049836,,0.1995170370433146,,,,,0.19994191112997614,,,,,0.199830756192572,,,,0.1989833990690578,,0.199766032860924,0.6215351324519045,,0.6222137960583574,,,0.622502016455191,,0.6243202107833651,0.6229633761103186,0.6231396462921495,,0.6208857193463769,,0.6225566864200758,0.6193125494819706,,0.619605399765314,0.6222113919461065,0.6242375092173092,0.6211567241743363,0.6228225005136878,,0.6209187124194192,0.6224942813883594,0.6210030163200433,0.620509908726149,,,0.36242872326678705,,,0.36245289103358047,0.48581133492306144,0.5546535620793586,,,,,0.38087743725917045,,0.38091428162805385,0.3804779889116275,0.3808820952282054,0.38081122043963694,,,0.3807909422746766,,0.3818286156270491,,,,,,,0.3796640767860543,0.3811613869282011,,0.38090461490389177,0.3804121836211257,0.38115809696625685,,,,0.38094351301431123,,0.38198164032444376,0.38064453203200593,0.3796416674854659,,0.38021667640747203,0.38036561535587726,,0.3814605471462127,,,,0.38118808113826236,,0.38096059257037085,,0.3809723410404481,,,0.38144854323948324,0.3796119353357466,,0.3812904701136755,0.381775534465173,,,0.38110904698400616,0.3798081049541516,0.3810491892748581,,,0.3828104756708185,,,0.38160191456204345,0.3822940812093898,,,0.3803509367622499,,,,0.38230749676894155,0.3813554479335555,,,0.3804311792507213,,,0.38142442464934284,,0.38125222913747325,,,0.3801086984441481,,0.381717171124965,,,,,,,,0.3803876030588985,,,0.38102521303974607,,0.3812033842946586,0.38169591235779377,0.3805941667785119,,0.380709086603342,,0.3816660788990325,0.3814439768897021,,,,0.3800329306027251,,,,,0.3820211335768245,0.3809971893112542,0.3797063901811116,,0.38061888657262816,,,,0.380586735695574,0.3804513854688979,0.38114539291500404,,0.38001750102082277,0.38153191673232506,,,0.38092613700336564,,,,,,0.3821084856048165,0.38192495271578814,0.3809703617746447,0.38157414346546037,,0.3809810269190589,,0.3805680051457801,,,,,0.38199510893099636,,,,0.3815361287202059,0.3809778250053208,0.38138832341235124,,,,0.38149871541364316,0.3820052063488832,,,,0.3812208124590641,0.3816912490253917,0.38096800558474886,0.38079695060547053,0.38103255681502624,0.3809879853703125,0.3810985311565776,,,,,,,,0.7482608477747528,,,0.4711903089839782,0.468247533936959
8,24,DG_48pct,96,Z06_F04,6,SLG_B,175054,181985,True,6820.575240447641,6696.384842502179,6604.305804178348,5742.356259698509,5697.7478141108395,742.765578309901,90.60395754175886,2190.6433659826757,1905.0704141747358,989.4888173354248,907.3063178794863,290.084018564685,4.680442960845781,55.359576636536495,181.44716458398486,322.52674590966785,658.5912366255528,272.4993541118466,539.0569694837976,330.7013097042311,,0.637076651711451,0.6382664752080969,0.8182150168685212,0.7270944579990863,,,0.4095950185139764,,,,0.7560725804682844,,0.7545526033211587,0.5639201961731908,,,0.4747871487728532,0.47390863051479737,0.47353055523677384,0.41036486366587416,,0.4094355983939223,,,0.4078322630175774,,0.4064739123485303,,0.4089940332202042,0.4079767694393453,,0.4095138858711745,,0.4101547288093712,,,0.367961830151332,0.3681994104932189,0.34849592382219663,0.34847761838686064,,0.34948310873062655,0.34905923364127467,,0.3490488992849917,,,0.3488419336921811,,0.34763107531831017,0.349750418274032,0.349498298664297,0.3479850158662038,0.34808605543667315,,,0.74667290385645,,0.49361728627477464,,0.7467414635094896,,0.7465042729182397,0.7460443272063456,,,0.7468867666162105,,,0.7495416997599376,,0.7470424034493693,,,0.7473460849944519,0.7484895527326783,0.7481746370235645,,,,0.7472299209559274,0.7438975394614709,0.7475926306952076,,,,0.2801730224889315,0.12138203840004456,,0.31772914020296694,0.31815613721966673,,,0.31830012814123987,0.7678909416828873,,,0.7679511722323119,0.76999975951631,0.7668526730568437,0.7690169638959975,0.7691355399574072,,,0.7676028381697377,,0.7700376414386432,,0.7677831995199031,,0.7648080167599536,,0.7693065760304082,0.7695280694711659,0.7692049273049851,,,0.7677468203520385,0.7685888552735174,0.7678040912688966,,0.7692460976460048,0.7700623509293109,0.7696489520255837,0.7678924603842858,0.7674984280805334,,0.7667598051334208,,,,0.7659665682334336,,0.7709476359790404,0.7686542880583772,0.7668239199362478,0.7664020188809841,0.6334900945498044,0.6341606915248588,0.6310646132192592,0.6304445462392221,0.6343520794206008,,,,0.6343384762631602,0.6341768165939938,0.6315799231260246,,,0.6331458854844931,,0.6305150362624311,,0.631799831663568,0.6326048024040934,,0.6333464014888248,0.6302321042776339,0.6318630380038512,,,,,0.6343762714756154,,0.6333298675445447,,0.6315236761321117,0.6305032600718887,,,0.6317341217657951,,,,,0.6329511188360064,,0.6340827552718138,0.6328090002525119,,,0.12234039087264564,,,0.12232432272073007,,,0.12320595337671056,,0.12216727051551764,0.12234727088450734,0.12246541535339653,0.12268659149235249,0.12282463783176022,,0.12260090570980255,,0.1225208045646632,,0.12241224808658945,0.12281917946321033,,0.12228074463923962,0.122270933285552,,,,,0.12252844262702495,0.12262344666481545,0.12250875768194085,,0.12264886315496754,0.12257242862260932,,,,0.12249900973419059,0.12237749941548319,,0.12215276665501364,0.12236540842136823,0.1223436362555374,,0.12218378116381513,,0.12269192856965837,,0.12204508530537303,,0.12251153036626933,0.12216060551367097,0.12233427490515911,0.3012968088120598,,0.3024847757637849,0.7790139881575557,,0.32017118809399,0.3204220971828812,0.32050429790169893,0.3201530040552826,,,0.7811371049673398,0.7792789264666935,,,0.7794187365381557,,0.7840499233074096,,,0.7825370733734096,,0.7814069005083877,0.7840862981943154,,,,0.7820480460550266,0.7804996070485269,,0.7804810182467934,0.7815703767057656,,0.7786383914430879,0.7813588106564369,0.7792707721653745,,,0.7795439224739433,0.7808577442922943,,,0.7790680409874351,0.7817753350030016,0.7794836043917701,0.7814025776227479,0.7796903092841055,0.7815841899037996,0.7809315820050972,,0.7810554420530426,,0.7808029439761501,0.7813840755141305,0.7812851746234366,,,,,,,0.7777939872310018,0.7824058839222051,0.780913505564401,,0.7798064079320457,,0.7817643095723817,,0.7818117255818923,,0.7810426923563003,,,,0.7809239660242276,,,0.780905903572227,0.7788755684797212,0.7813584435427902,,0.7814856823556805,,0.61075766659491,0.6113556144307262,0.6105309257890762,0.6104056770971639,,,,,,0.6109417129299682,,,0.61009572100654,0.6097398324358598,0.6086300410419992,,0.6093152447814638,0.6091871553947366,0.6100552492847967,,,,,0.6088923935893314,,,,0.6093931290389658,0.6083057874925386,,0.6069153293718526,0.6098742904184781,,0.6088036024359402,,0.6094610250909901,0.6114628425349329,,0.6106644418772537,,,0.6107065451701831,0.609893294615259,0.6104296416658076,0.61095504304471,,,0.6116423788395579,0.6091688176920519,0.610511194150976,0.6107342451105134,0.6115133147453151,0.6104993433012496,0.6083072633900422,,,,0.6100813261362831,,0.6098717885645492,0.6101682506165483,0.6081720889522108,0.6091798521138617,0.6092289783173477,,0.6090361858389535,0.611098161705807,0.6094749307008971,0.6121387537982418,0.6086255297141898,0.6095891191895835,,,0.6106620604935825,,,,,,,,,,,0.610079763228383,0.22342460383652984,,,,0.7821500818025156,,0.7807600653266393,0.780992527837082,0.7802422393334182,,,,,0.3081513386539476,0.3075694004279545,0.7980758583245533,,0.6062920562181136,,,,,0.34551131696468546,,0.34265906284913555,,,0.7702417767226823,0.11682120233658123,0.6361355791947519,,,,,0.13826543502815922,0.6715952708393247,,,0.14211081300830777,0.14202185213743881,0.14270693973798537,0.7933083396842764,0.14235112614253168,,,0.14570609473498097,0.34480527647459736,0.3439780223445444,0.3441029345301588,0.3439730234123124,,0.3449490731799272,0.3437270031631052,0.34430994553702093,,0.3450139308625522,0.3438264331529038,,0.34416880701883257,0.34457922357764403,0.3459725736628131,0.34446368201429356,,,0.6982182672302057,,,0.6983959833773005,,,0.8123788468288622,,0.8123199122407487,,,,0.15323741876210625,,0.7031225939651514,0.701425759171216,0.7020235109849935,,0.34935055513265983,0.35187817577116115,,,,0.35084329921846663,,,0.34982575414515354,0.3498934574021313,0.3509259312222488,0.35015358565613464,,,0.3519823923152998,0.3507100710200028,,0.35122822210400967,0.3505127080244226,,0.3498573113274395,,,,,0.35119398938119295,,,0.3499303608390632,,,0.35074649750607617,,,,0.3508166215830453,0.3500023539819931,,,0.3509162230297538,0.35073783571057676,,0.35081927274360836,0.3508640123462529,,0.3510237093325118,0.35162008961173635,,,0.35082312983405317,,,,0.3507315613235553,0.35025364062947656,0.3501460404136912,0.3507132862871226,0.35065775307960506,0.3507060973331426,,0.2581385025859572,,0.258128654447168,,,0.25774380449590556,,0.2575037973616455,0.25759952864880203,,,,0.7865009618434641,0.7845749576515283,,,0.7848184086530994,,,0.7839635594123485,,0.7840467849998789,0.7841650306419378,0.7821221910394105,0.7853596087327962,0.7835015019541302,,,0.7844372321755226,,,,0.25813671597511945,,0.25742501526100703,,0.2586719644213255,0.25883329137268973,0.2586676511452061,,0.608171118272878,0.6067991668730457,,0.6082715284629925,,0.6067329505106571,,,0.606861889457247,0.6064001638441263,0.6082023170843339,,0.6091840189462161,,0.7810535711291154,,,0.7858074736517444,,,,,0.7857770361815936,0.786255990666134,0.7845048891594922,,,,0.6093757099992795,0.6081864409427322,0.6080463287621345,0.6063669264339262,,,,,,0.25846445007876645,0.2584289659128842,0.25832534711488103,,0.2580681455435902,0.2593828475117313,0.25766043292223334,,0.25779007633092293,0.25797487595868807,,0.2584706181416743,0.2583873657760073,0.2578292793716059,,,,,0.25870975042929645,0.2582851670854869,0.2579395731154626,,,0.2580256116492062,0.25782558524700044,,0.6085286167918412,0.6085056057871947,,,,,0.6080677401676715,0.6098598649476825,,0.605626759242792,,0.6088610609279975,0.6084681354835517,0.6065586984360266,0.6070779177823276,,0.6087148342337071,0.606821519696562,,0.6075189399103772,,0.6063783367632586,,,,,0.3262577540932472,0.32634362109599063,,0.32634808513503194,0.3258504707326569,,0.5841162387992466,,0.3703083309221693,,,,,0.4081902813708282,,0.40945351982352085,,0.4090871334696357,,,,,0.40906294341003474,0.40871175702643076,0.4092559129755569,0.40855304716125834,0.4085270097528064,,0.4083271190683822,,,0.4087281514686502,,0.40967805429381776,,,0.40839508304545447,,0.4097828814090225,,0.4077628045184864,,,0.4086850270292667,,,,,,0.40780633839792846,,,0.4080654014398851,0.40980739865943183,0.4092120581335922,,0.4089359292953601,,,,,,,0.4083247742197989,,,0.4087428792731979,0.4080082245035782,,0.4086358882858502,0.4083088205973614,0.4084312907939713,,0.40830594223022965,,0.40774125866956684,0.40946782025552036,0.4085448823488783,0.40949149400029994,0.40845149797404323,,0.4091947173813397,0.40847264965094104,,,,0.40838884860005886,,,,0.40990491608639473,0.4094629779330509,,0.4085226307436539,,0.40879904229532404,,0.4089252483664155,,,0.4103596360767562,0.40997672331902385,,,,,,,0.4096263983220116,0.4082431765378587,,0.4107106713602711,,,,0.4094405429223154,,0.40913530859545816,0.40879666167833856,0.4096472521418584,0.4080707337549368,,,,,,0.409380725067896,,0.4087565505520902,0.40945451813945355,,,,0.408288985275831,0.4084536826135439,,0.40948152331247945,0.4078692224958324,0.4085080506982329,0.4077744010505037,,0.4077836683259504,0.408978083042079,0.40859803963497915,,0.40806792553072163,,,0.40900016720907933,0.40907734577101157,,,,0.40877161693197855,,0.4087650079518925,0.4081825372126908,,,0.4085789089621232,,0.4098068558192714,,0.4083784390963705,0.4093387551125057,,,,0.4070364868015892,,0.4092160351417462,,,0.4090580194287761,0.4093251139173182,0.4100580060269209,0.40891566015296316,0.40849296979843025,,0.30906735717207895,,0.3082417617047861,0.7577387611942009,,,0.7542925303304988,,0.5638021971454503,0.5634910949110349,,
8,24,DG_48pct,96,Z06_F05,6,LL_AB,175007,181932,True,5586.885612125105,5652.816967652827,5653.840930379753,5826.329922185686,5882.047907797913,870.7393258893752,118.88390669792118,933.9147519177512,790.5272874257205,383.3642760247904,352.2736279956229,111.19688691224451,1.8099146079707338,48.770042506278074,158.97739046765741,369.3283513178106,377.2840718479762,153.34146912813964,268.6984668503047,141.43480151163405,,0.6779048712432397,,0.7256094546087247,,0.7290113847082097,0.559954370734846,0.47831316841550325,,,,0.5532708711672109,0.5530057503007803,,,,,,0.5752812081948492,0.5778171919146485,,,0.4769407853586513,,,,0.4713135595592088,,,,,,0.47787808382916674,0.4784425073779138,0.47675310064611826,0.509157203163132,0.4145190421756989,,,0.39950952509938814,,,0.3994812546108386,0.3998541650930306,,0.40041618770402326,,,0.39886251548951057,,,,0.40038281595191794,0.40072103600426406,0.3996093318892736,,0.3996425118648705,,,,,0.4513082122975778,,0.45009997817611663,0.4515417501377637,0.4519450331473518,0.45257762312159416,,,0.4509563326559047,,0.45258830484964674,,,0.4497978004021287,0.4514707395083226,,,0.4516956404383984,,0.4520553200023012,,,,,,,,,,,9.190466104642373e-05,,,9.421004210634535e-05,0.10697100296401013,0.10768882577839978,,,0.10749806533760158,,0.10742402795588052,,,0.10747044047295115,0.10722417021991723,0.10761244149338661,0.10708662199972885,,0.10752754849325329,0.10743340947874733,,0.10735322404581743,0.10744337476817939,,0.10729729482555896,,0.10745512509976175,,,0.10749305681950373,,0.107014673622489,,,,0.10734186917208208,,,,0.1072280961237373,0.10725190331967359,,0.10708529399231309,0.10732840314330423,0.10745340381300314,0.1073440584876243,0.10717666875846792,0.3752153233556519,,,0.3737674773352704,0.3737042045775662,,,,0.3746011245076663,0.3737609439254051,,,,0.3737632431378468,,0.37341873282003707,0.37495534811564535,0.3746951007322424,0.3729115731776215,0.374477382926758,,,0.3741032563379509,,,,0.37437144691098434,0.37496326950097913,,0.3732767854347111,,0.3741229289382887,,,0.37355649093950466,,,,0.37417719692056695,,,0.3738287632374129,,0.3729095564101659,0.3745891538452078,0.10726358425598452,,,,,,0.10710309651911215,,,0.10728464185853775,,,0.10713484067945593,0.10755506201779043,,,,,,,,,,0.1065886576831481,,,0.10717451253232714,0.10688828392642424,,,,0.10683323683542624,,0.10727981595220716,,0.10716158033744524,,,,,0.107021997366079,,0.10730440741715686,0.10727710603064113,,,,,0.10691261689697384,,0.10701304498836915,0.10735577051066772,0.1069129188981749,7.996284689091218e-05,8.030262239622755e-05,,,0.07861086196316547,8.638571825979675e-05,,8.645217906819206e-05,,,8.624852017458027e-05,0.04226354280824767,,0.04212853325543584,0.04221279621771928,,,0.0423142889702256,,0.04226177255841056,0.04230486383849836,0.042177602950021216,0.04228961189161184,0.04227198638742778,0.04226544777664887,0.042216649976565206,0.042295128368073524,,,0.04232406384156572,0.04235661430959866,,0.04226722980354568,,,,0.04237653159035457,0.04216462613482819,,0.042258127286407446,0.04223906280439008,,0.04231025658806821,0.04228357794609902,,0.042108836125034216,0.0423038462161805,0.042362520066207936,,0.04222414072631863,,,,0.00011811458906669152,0.00011813673986150452,,,,0.0001182362211380442,0.00011816666999237466,0.00011813591029672035,,,0.00011809110470402479,,,,,,,0.00011789101617367118,,0.00011811087825459297,0.00011857161164662839,,,0.00011801018715838661,0.0001183484563642469,0.00011831398497958344,,,0.00011810164044490399,0.00011806144681946076,,0.46578099109554577,,0.46442923244451,,,0.4640482889285224,,,,,,0.47276282625117416,0.4738725889178769,,0.4715700591386078,,0.47197500423838146,0.47273151079415177,0.4731013276738118,,0.47344717922568313,0.47308281139859987,,0.47118505911113345,,,,0.46415362266735377,0.4654854059701153,0.46332428735937997,,,,,,0.4642263581250572,0.4637591305239683,0.4636409627254339,,0.4651970206960634,0.46482242497052756,,0.4650344732459711,0.4640837044085082,0.4634139184600037,,,0.4637821058817877,,,,0.46373556744534117,,0.4650594315844763,,,,0.4746475085698404,0.47326641120287816,,0.47312628312229654,0.47249602154076176,,0.47192083934430445,,,,0.474049949628698,0.4740046794428639,0.47365300258848414,,0.4724611147708613,0.47352439122900136,,,0.4742115585004956,0.4742685658681771,0.4732830674956302,,,,,0.47310610452761537,0.47375797827233196,0.4740372795286362,0.0754786753332858,,,0.07528369837723026,,,,,0.0738199294753644,,0.03766594534654376,0.03756628343353139,,,,0.0822014357156274,,,,,8.6599930334303e-05,8.458675912581023e-05,,8.465024888263188e-05,8.245860643934518e-05,,,0.13023533310484367,0.1295090946382904,,0.1450083137169395,0.1448518088179405,,0.14992895363065056,0.1496715405337475,,0.15388705286910984,0.15416048903786786,0.15390290783796642,,0.1543144719790117,,,0.3557828466423442,0.1579175462130359,,,,,0.00012853023447037567,,0.00012842448475232308,,0.00012797749852582602,0.00012827613113347957,,0.00012828730279209686,0.00012844891620393214,,0.00012829813533596736,0.00012833822683560152,0.00012843243680823666,0.0001283273062303411,0.00012806825072696903,0.3578436178131531,,0.35856075556779826,,,,,,0.16488520639216847,,,,,,0.35849512771417785,,,,0.00012991536501536833,0.00013024631742009364,,0.00013042453071629827,,,0.00012984298705389909,0.00013019317987998343,,0.0001300972878449758,0.0001302076626096449,,0.00013008298353415012,,0.00013025376173766601,0.00012998635544794724,0.00013030429534416707,0.00013008630895936668,,,,0.00013025803284204938,0.00013026418852218698,,0.000130327222806583,0.00013009818427982934,0.00012991495923658317,,0.00012999648394037598,0.0001298142000008877,,0.00013008455765752412,,,,,0.0001299073738044105,,,0.00013029418125941114,0.0001303857172796287,0.00013052278358770681,0.0001303454509756093,,,,0.00012987881775632982,,,0.00012994357858942847,0.00012995801250428028,,,,0.00013018997517694002,0.00013017491003182804,0.00013006258334947603,,,,0.10822091733894115,,,,,,,0.10812617675628051,0.10794376072144295,,0.10848164245608516,,,,0.12273783345578698,0.12291321248070594,,0.12275498342401443,0.12291560436559242,,0.12274268258504901,,,0.12255908727785444,,0.1227270733908789,,0.12277950783968239,,0.12278997153533343,0.12286381886310714,,0.10860748193298198,0.1082269823777123,0.1083418512352015,,,,,,0.46489129663244766,0.46393543135509846,,0.46532993495630265,,0.46339603447205213,,,0.46394267926385513,0.4640128739269765,0.464877370958161,0.46540789039348707,0.4638940584821491,0.12244421810870564,0.12251488441842112,,0.12291633823307581,0.1232116337519888,0.12279488879390561,0.12264364837979343,,0.12264197438144804,0.12282148674669371,,,0.12190999097406971,,,,,,,0.4644001390467458,0.4645917889341742,0.46374142477319596,0.10852529237176436,,0.10825382393062058,0.10874376440279138,,,,,0.10841413685143339,,,0.1079203600947622,0.10832432539690662,0.10831500783237871,0.10849410432422647,,,0.10861132682747648,,0.10828404189535747,,,,,0.10847847255192651,,,0.46531128762336965,0.46530519115037405,0.46554787018325217,,,,,0.46521144686371285,,,0.4635821272106569,0.4645554329157417,,,0.4646246856743514,,,0.463868262208301,0.464641052027244,,,0.4656461158250755,0.4654954573501129,,,0.4635610164876296,,,,0.00010198451829737776,0.00010153223954656199,0.00010157296010825859,0.38900623149467495,0.46971041251682,0.4197559122224401,,,,,0.4773336789059468,0.47816152081772006,0.4789082435588905,0.4780922166866504,,,0.478687848258577,0.478807780227844,0.47961225356950055,0.4789533078879002,0.4765071233617179,,0.4791595586045763,0.47842747884053827,0.47867094824787154,,,0.4782122636303209,,0.4779744429855305,0.4776906075083213,,,0.4779410810790914,,,,0.47765491015430905,,0.47781427374723184,0.4799661930661044,,,0.478188944997867,0.47796680533692926,0.47754741411538454,0.4779099502093374,0.47812095364246476,,,,0.47888109374246873,0.47715204389529825,0.4770009853333238,,0.4780868790858208,,,0.47904491279354056,,0.47711930408002995,0.477170115303735,,0.4785166745083322,0.47819311913992396,0.47903982105939147,,0.47933737908665225,0.4787580960502754,0.47837159416792263,0.47688956327610293,0.4782597321627976,,,,,0.4783938658992336,0.47783694249774505,,,0.47861786434552206,0.4775124039636084,0.47868553560269506,0.4783138732812342,,0.4781801975675931,,0.4783010775389796,0.476894330817927,0.478221737392375,,0.47815381033028914,0.47841384446682395,,0.47761635087296384,,,0.4779776530549382,,,0.47900597150864915,,0.4777494371727022,0.47759657123058896,,,0.47787275935439,0.47825729412932677,,,,,0.4792947662781248,0.4795962771368712,0.4778732766739205,,0.47836197398134755,,,0.4784566439965624,,0.4775761611171122,0.4779475514534656,,0.4785680882589404,0.4788838150350223,0.47788341156461395,0.4782260825996824,0.47862754090004894,,,0.4768910388796952,,,,,,0.47910382428722015,,0.47978773993489787,0.47736725457810686,0.4795227047414151,0.4788694126893567,,,0.4773672396939302,,0.477893447796978,,,,0.4777251415167893,0.4793538567879978,,,,0.47848149959395087,,0.47977471704260544,,0.4788145393223534,,,0.47858612558210706,,,0.4806851869244947,0.4782838204055345,,,,0.4769962560941573,,0.47709220057878277,0.47841311086535016,,,,0.36089143400371915,,0.49454002506370287,,0.5491119225276924,,0.5535573791839594,,0.4393602366452691,,
8,24,DG_48pct,96,Z06_F06,6,LL_AB,174988,181925,True,5165.1149334204,5202.022971861176,5196.778379255093,5343.117865429382,5381.762935638392,521.0930179622272,83.63690928068547,1169.4933997919293,948.5198809893551,400.09118197905,362.1436021782731,109.11624550214655,1.6519312169088207,48.31744895841112,156.70143266283534,224.36226075199306,485.4784903320024,196.86342546426886,451.78998152439715,181.97556025661385,0.69496644501354,,0.6933492926342625,,,,0.5882530930216496,0.5084069818880839,,0.5079794243398207,0.4707360416279773,,,0.5798503444741552,0.4764583558902312,0.47641534344746134,0.47632835960847125,0.5938297339676446,0.592795514434947,0.5927691545655005,0.5093600090574382,0.5102159976050924,,,,,,0.5046058321026831,0.5027886666742502,,,0.5095144783013085,0.5088795423113276,0.5107158131246738,,0.5417381817889877,,0.4526581815164355,,0.43871173429793664,,,,,,0.44023465519690985,0.43889861077327696,0.43914260279967443,0.4393686516692779,0.4397867090790843,0.43901449330234427,,,,0.43956933910816426,,0.44001386771259154,0.5020828611974413,,,,,,0.49277420619462103,0.491910979539833,0.4929033501366692,,0.49239831876410023,0.4931557989696386,,0.4927059446721486,0.49265941982278383,0.49279061648145006,0.4921510708319541,0.49323581263389293,,,,,,,,0.49352188693146676,,0.4930492913421306,,,,0.07820078304409735,,,,0.015978668140009478,,,0.08220978288926824,,,,0.08228575124416046,0.08213299512757212,,0.08198901292601495,,0.0819321936584683,,,0.08229354470719988,0.0820495087802773,0.08217611692671911,,0.08209665890572541,,,,,0.08233645558816759,,,0.08232330331536852,,0.08208163644741358,0.08179468703211445,0.08188293187568355,,,0.0820555376585934,0.08212841854424886,0.08199232725653323,,,0.08220839664287426,,0.08220523938711813,,0.081983389545168,0.08202659157117255,,0.37923002128532457,,0.3786075671874413,0.3809333782246051,0.38079565154573053,,,,0.38009985817307634,,0.37933902756919147,0.3791910358380915,,,0.3796328246871998,0.3801633229766968,,0.37950381237851155,,0.379141394078341,,,0.37989753195545145,0.37882567097171294,0.37916628551837117,,,0.37878803180377163,0.37856957177610207,0.378646371711209,0.3794028293567793,0.3782504855131988,0.3794534079707726,,,,,,,0.3784740651262854,,0.37901950165487563,0.37892027113922944,0.3794144814092357,,,0.07859963580644189,,0.0787233196540985,,,0.07871815944109883,0.07889370846174938,0.07885905471813913,,,0.0788678808341722,,,,,0.07889404183285467,,,,0.07879667034202616,,,0.07851643310488189,,,0.07891459443857174,,0.07874669922312706,,,,0.07866838922816716,0.07886806205296615,0.07866680243996431,,,0.07868614635190327,0.07863275184595984,,0.07872836459505178,,,0.07850935412040799,,,0.07845833793283932,0.07844752654110673,,0.07872207190733732,,0.07865206413698525,0.07845860170644024,,0.06137981194563224,,0.11786116474999447,,7.468613756484452e-05,,,,,,0.1615719242391699,0.16128530599985877,0.1616680997342586,0.16145521190759363,0.1612966340328022,,,0.1611049601398286,,,,0.16143152014023918,0.16107623030830667,0.161261004580873,0.16110438147738876,0.1610179920953307,,0.1614477036830223,0.16104102239309537,,0.16152321410194673,,,,,0.16138650285984743,0.16141516265879444,0.16124320949103796,0.16134736104036737,,,0.16109240770055216,,0.1609718896693042,0.16127933986346035,,,,0.16105138569349464,,0.13140135999456018,,0.13113386213810024,0.13096399117455923,0.1310962487150122,,0.13098014935293015,,0.1313793751285185,,,,0.1309642965522861,,,,0.1313265649679347,,0.13123327285577402,0.13135717763293453,,0.1315115687486564,0.13117090220787742,0.13099330233354559,0.13099658063582717,,,0.13122729307986974,0.1309741716344961,0.13106099160441745,,0.1313201459985315,,0.42796757763669074,0.4295215956818788,,0.4279942427431535,0.4270608862157128,0.42804860471660344,0.42889738180455955,0.4297479954677867,0.42796339853433707,,,,0.42523765659517304,,,,0.424889000021217,0.42431006207926775,,0.4254924485391509,0.4259376033431769,0.4247622246743112,,,0.42500195291305665,,0.42818859823586064,,,,0.4269212407526447,,,,,,0.42818402868326816,0.42869427439985436,0.42933998631255155,0.4296473749142925,,,,,,,,0.4275404344970862,0.42819962125946726,0.4281302791852524,0.42804676041586603,,,0.4281842524851323,0.4282384775535247,0.4296371455229026,0.42471012214058024,0.424411648837758,,,,0.4248527194515686,0.42576593530895046,0.4247467428246883,,0.42545431809643336,,0.4249144034010901,,,0.42577866998616654,,,,0.4261864496140073,0.4262657218107292,,0.4257976054988494,,,0.4249820689575996,,0.4262155056666356,0.42634196335536234,,,0.16195821567645363,,,,,0.1820832995522274,,,,,,0.11949741966568449,,0.11949768101484658,,0.008730978288092023,,,,,7.298586086731101e-05,7.307452954124355e-05,7.286904288229916e-05,,7.115850112994312e-05,7.131685604446515e-05,,,,0.11380459081497817,,0.3440939785855178,0.12126898733180819,,0.3419843098899465,0.12692989502102012,0.1271749506260321,,0.1271632332277426,0.12714166360024481,,0.12691057760202465,0.340610225893644,,0.132134300896995,,0.00010890766342297199,0.00010891613228091971,,,0.00010858440242887686,0.0001090338599717712,0.00010900277673700822,0.00010898362682169257,,0.00010874511803669654,0.00010866457148001286,0.00010886992239810084,0.00010864791293105056,,0.00010896888221438426,,,,0.33811281544808036,,,,0.33767018719654374,0.1431009942277608,,0.14283212245665303,,,,,0.14257133644274836,0.3362953807922844,0.3371713129055638,0.33780317062921567,0.3372940411091702,,0.00011054683250530256,,,,,,0.00011049143011506864,,,,,0.00011026191861577003,0.00011029369645855804,,,,0.00011058975677434314,0.00011035014380149275,,,0.000110519494626288,,,0.00011032153840840009,0.0001102939226726616,,0.00011034140746479627,,0.00011056306301399855,,0.00011067741645229158,0.00011053065764731673,0.00011055849148846365,,0.00011036911567084817,,,0.00011058591794708418,,,,,0.00011063800227461801,0.00011036023398331984,,0.00011039740184725215,,0.00011010602219352686,,,,0.00011053547524359065,,,0.00011039577439175477,,,,,,0.19299309787127442,0.19390305940231975,0.19392322657490554,,,0.1942822735862177,,,,0.19389343231631512,,0.22305126745382903,,0.22243901842388428,,0.22255949301415112,0.22277536788323826,,0.22235011365318955,,0.22241581083114512,,,0.22277614409626897,0.22272406295352448,,,,,0.22313816630143218,,,,0.1942771100905577,0.19401375003337365,,,0.1941720455647279,,0.44426331898641724,0.445753865317566,,0.44464691516470034,,,,0.4456431402625131,,0.4446233691288107,,,,0.22220428965623873,0.22243611001254798,0.22216959360296012,0.22253698980024605,,,0.22302487070266142,,0.22208071869227938,,,0.22275567655806666,,,,,,,0.4449305296585794,,0.44685171320797756,0.4475495774335631,,0.19377011315516413,,0.19383943885843663,,0.1941657280244196,0.194160787553106,0.1943224305369013,0.1942652970021862,0.19367004945360414,,0.19406950264260586,0.1939220003796164,,0.1937935563992251,,0.19424880243089077,0.19404513795298797,0.19387079825946657,,,0.1940496734186573,0.1940786276813535,,,,0.19414582403681444,0.4460800617459348,,,0.44640528981998645,,0.44602901740292744,0.44627645124198834,,0.4468826877414333,,,,,,0.44587111395050777,0.44503293939354877,0.44488423931938076,0.44541051362074213,,,,,0.445760838637105,0.4458921460841581,0.4461897060550107,0.4470036415160155,8.675279656889748e-05,8.673526126224842e-05,,,,,,,0.4584785252977183,0.45906552861528893,,,,0.5094889823012042,0.5095313198371619,,,,0.5105025101465834,0.510715163268375,,,,,0.5107789663672649,0.5112020131549311,,0.5097897231057118,,,0.5100874218399281,0.5094762080263529,0.5097077305351958,,0.5112811401419157,,,,,,0.5116780937096095,0.5114201259941707,,0.5110894503376664,,0.5117030036842264,,,,,0.5094527845712947,,0.5098455767211812,,0.5103440629383609,0.5108681513843334,0.5093402794581294,0.5102644137631003,,,,0.5092677737253295,0.5107210269017411,0.510032945767051,0.5122532953978123,,0.5120403409108621,0.5118049515602837,,0.5114464976755702,0.5099239230158508,,0.5103647950924394,0.5104746574847738,0.5094875919281614,,0.5092532581937826,,,,,0.5111322037224335,0.5104433316550083,0.5117690270023396,,0.510445963862369,,0.511043053807845,,0.5101103332595515,0.511120002752811,,,0.5108993623248511,,0.5113808001188439,0.5098425961301287,,,,,,0.5099541073645193,,,0.5111048640388004,,0.5094420957220156,0.5113220353512286,0.5094117392243468,0.5113039129737961,0.5117479865557907,,,,0.51115042753002,0.5109248255480104,0.5110260271381605,0.5115539629820521,0.5105562103482166,0.5099631604905593,0.5103884676107295,0.5094759740313294,,0.5108070612455208,,,,,0.5112659682046524,0.5105655875018293,0.5099644748702218,0.5097322598308514,,,,0.5094654272985634,0.5107933239810813,,0.5100916826463573,0.5112245283130211,0.5113121057435936,0.5100020847467828,0.5099852981294459,0.5088188923137187,,,,,0.5112224646280138,,0.5116070741746744,,0.5104757661125522,0.5103561979692228,0.5112928197673859,0.5092973014122025,,,,,,,,0.5097223308392936,,,,,0.5104379449560591,,,,0.5107368113206928,,0.5114650864277733,,,0.5102071548630143,0.5105852454635651,,0.400900901558472,,,,0.5639574501054548,,,0.47643701139090505,,,
8,24,DG_48pct,96,Z06_F07,6,LL_AB,262345,255322,True,5012.240477392471,4958.025133547437,4996.088992181558,4968.399971788547,4956.550165027713,413.65115575560577,54.61536930332072,1155.425979428708,1024.728510379969,541.8885161568207,500.8884780145296,163.6080269408451,2.6203341218971197,52.32863156620093,169.90279328815691,178.792407860444,5760.312481709775,459.461186243755,223.41352376570862,172.3389075749213,0.7012584834037143,0.7016164995204734,0.7026391611357871,0.773580312234695,,,,0.5302360675761171,,,0.49373481385467555,,,,,,,,,,,0.5306859959040537,0.5306645263200918,,,0.5292335133910792,0.52465803684175,0.5223187396967673,,0.5294847729810412,,0.5302225017992702,0.5297617233220374,,,0.6154599915168636,0.4993276857831183,,,0.4904087071710431,,0.489814827497481,,,0.4931901446321685,,,0.4917950550905434,,0.4927998727517845,,,,,,,0.49182798524395227,0.5818115565406715,,0.4323180098474214,0.5929557832340325,,0.5737482224329615,0.5748397579664459,0.574950231448498,0.5766780688111615,,0.5762228556068064,0.5753179842562335,0.5758706889962444,,0.5763145032764098,,,0.5753067940460174,0.575467143218269,0.5738634350920245,,0.5747378027031276,,,,0.5770246424721158,,,0.4398621122812321,0.43890142304172186,0.44037808057783107,,,6.694927345987413e-05,6.699626611488118e-05,6.769477701458336e-05,6.756861614009665e-05,6.745316790211549e-05,0.020961572473680332,,,0.02096818530564279,0.020950737506234,,0.020946235899744654,,0.020992059305022053,,0.02092659155469229,,0.020916206332915136,,,,0.02088802140460815,0.020903931741636052,,0.02088900943946242,,,,0.02089618565421382,0.020945374819803273,0.02094938413475102,0.020951490050669905,,0.020911866565052378,0.020923410842625664,,0.020899261898472854,,,,0.02092520836627343,0.020886442227483787,0.020903579439694318,,,0.02093364511126529,,,,0.5748030505055078,,0.5747704190032369,0.5732159266362649,0.5724409562001913,,0.5731779438965305,0.5731028335778178,0.5727445829023138,,,,0.5701832441722621,,0.5730065782708361,,0.5744056109297523,0.5720427022145992,0.5728943106447001,,,,0.5717770563336521,0.57292717572453,,0.5713130426815509,,,,0.5725971112342849,0.5724195536449342,0.5721873745279182,,,,,,0.5724167220721741,0.5736945539869946,0.573880677132092,0.573462109306374,,0.5737335123418594,0.5744746296303626,,0.02080226728858164,,0.02080634575299557,,0.02091539322390562,,,,0.02083932635283651,0.02084340413979755,,0.020876666764808517,0.02086590018063667,,,0.02084380619349618,,0.02093242126983629,0.020814083304600654,,,,0.020839275606000497,,0.020823281783101014,0.02081069266611631,0.020877906971454804,0.02081596792788723,0.02077364697934211,,,0.02078563735389787,0.02084092894497135,,0.020893410684305194,0.02085417093025928,,0.020781314654223903,,,0.02087466062657398,,,,0.020818349479675348,0.02083581480268447,0.020833426134973795,0.02080340766224848,0.02078238062486474,,,0.02076037183943254,,0.17050178505891989,,0.29916177961307705,,0.13391685563104697,0.13352016072620104,0.133789056756901,0.13379490109048944,0.13338788730588963,,0.3327076990818856,,0.3321610778496996,0.3314154121515285,,0.33141214483903114,,0.3316599273779602,0.3317464183446936,,0.33068542879271157,,,0.3312542816301651,,,0.3320240944235988,,,0.3315772644819481,0.332292606020219,,0.331712924906295,,,,,,,0.33120723471310876,0.330777935202748,,0.3316877540446748,0.33171371147257533,,,,,,0.33047082298507496,0.30959764039218646,,,,,,0.309593729821383,0.3094076808825903,,,,0.30998595647156874,,0.30948953282805947,0.30945083787010635,0.3102236786381108,,,0.30917228134141556,0.3092825107421702,0.31055306919746584,,,,,,0.30965671896749297,0.30988735361818537,,,0.3098491453104339,0.3097098151221749,0.5378089903695866,0.538807120597339,0.5388310186517988,,,0.5378427168936064,,0.5391761352778549,0.5384004464082669,,,,,0.5338985716426855,0.5356164331124897,,,0.5339444919307571,,,,,,0.5326670286696262,0.5328025333702756,,,,0.5381421034988981,,0.5376203255906918,,0.5378677916737347,,,0.5374218712146872,,0.5377256998363915,,,,,0.539198138813898,,0.5370959170974455,,0.539278236305352,,0.5384340063878518,0.5395543225010764,0.539205094083858,,,,0.5383373806922814,,0.5364450253695513,,0.5333425505431756,,,,0.5341645465143456,0.534310682020247,0.5320447501735199,0.5347388358395881,0.5325765041748587,0.534320836712478,0.5334803423257556,0.5331120125648698,,,0.5340267839386595,,0.5339918562939255,,0.5333122544445068,0.5341415831526681,0.5333972553392563,,0.5334079450303174,,,0.5357321208954011,,,,,,,,0.3483835770046267,,0.347225387804405,,0.22346680184075604,0.22365317718442534,,0.2236338099415717,,0.2232896688565726,,,0.5162519560480728,,0.1343808918610001,,0.13097306519318958,,,,0.12732420433219743,0.1278845117715566,0.2848659586099353,0.19375363558424968,,0.30083894532197536,0.207493411620791,,,,0.5032734476669467,,0.2150995911178431,,,0.21595248640725567,,0.2154204378821393,0.504321725986799,0.21863588219292926,,,0.1444010484440474,0.14436919545121396,0.14388620303821392,,,0.1441392514404603,0.14443420848345195,0.14418057034851167,,,,0.14420780650187143,,0.14441434106331863,,,,0.5134932548077649,0.5131795663328135,,0.5123350950186719,,,,,0.32396761499749194,0.32427373990528136,,,0.22499671291542683,,,,,,0.14686810132223768,0.14687023775622843,0.14681991018142873,,,,,0.1470631182020245,,,0.14690540214409412,,,0.14668355332085395,0.1468680197973983,,,,0.14685182070244765,0.14725320550755444,,0.147072727435092,,,0.1466895465349032,,,0.1468752723959771,,,0.14682106149001584,0.14681434628005988,0.14704069976357811,,0.14701489524959727,0.14708816755622192,,0.14708807923488143,,,,0.1469633774192255,,0.14723187201390447,,0.14720977467714744,,0.14676534455094264,,,,0.14716195903822551,0.14663465356088806,,0.14722387954243413,,0.14699203033931815,,0.14658156973032144,,,,,0.2801139445662774,0.28025798480590325,0.2808533206658268,,,0.28156837016635794,0.2804314905284082,0.28132588993839136,0.28161690313105253,0.3785964123819596,,,,,,,,0.37735333856632136,0.3780795861105319,0.37780640004300353,,0.3772880142236008,,0.37749058166949434,0.37768133000740645,,,,0.2818374301259932,0.28182145251436386,0.28107442955213113,,,0.2812440839968202,,,0.554057399916936,0.5530072234049236,,0.5528823514795059,,0.5536626431670969,0.5522123707393362,,,0.5538662275219512,,0.5530891184757603,0.5537168106817141,,0.37737086540642834,,0.3766192805223515,,,0.3782067945316703,0.37678459509296247,,0.37944239241585254,,,0.3775120578179452,0.3727811096705513,0.3766689673361931,0.3766671090615483,0.5548829667108188,0.5549727078738239,0.5540344998598792,0.5554494022824799,,,,,0.28064829293522536,,,,,,0.28160431277337655,0.28025034274991906,0.28102461552481645,,,,,0.28117773604358903,,0.2812423967055798,,,,0.2814669977790593,,,0.2812009549805256,0.28157034410288967,0.2811676593410143,,0.5547135578334853,,,0.5534214668357919,,,,0.5552450988787441,0.5532078592217359,,0.5528488605146948,,,0.5541902148213053,0.5545750655266543,,0.5536263816580068,,0.5528001924461726,,,,,0.554607840075407,0.5531700677270213,,,,0.1359278931601469,0.13626408539707005,,,,,,,0.5069092170740237,0.31838688496693984,0.5310779158935778,,0.5323238807389401,0.5324015792856044,0.5311443077703805,,,,,,0.5326425875727603,,,,0.530983097278992,,0.5320562663517632,,0.5328319432951102,0.5329524201353983,,0.530938953741269,,0.5315017413915839,,,0.5318859281630115,,0.531909866301213,,0.5309622449219357,0.5307634450637627,0.531722911999239,,,0.5311698757789998,,0.5299215163207576,0.5309731737878044,0.5324685416214672,,0.5331547271983805,,,0.5331109889385452,0.5323082266816933,,0.5313924686456118,,,,0.5308638505418004,0.5323598640840979,,,0.531405722503319,0.5321245622949397,0.5318204104685512,,0.5333036716885214,,,0.5305217529993645,,,,,0.5312817310737785,0.531447264009042,,,,0.5324803158923295,,0.5311658533955897,,0.5338445453781606,0.5323981284184793,0.5326463021660169,,0.5312465763869338,,0.5306060331965544,0.5320602110943895,0.5308199160468433,,,0.532086350351082,0.5325505503298542,0.5321259116814264,0.5315795411554419,0.530931480380637,0.5308106574357457,,0.5330912101390486,0.5332342591330823,0.5321893745686346,0.5306592191345864,0.53153067527504,0.531258059904569,,,,0.5323005682688722,,0.5306561381982421,0.530917796433083,0.5318903466867532,0.5311423450177882,0.5306086074792614,0.5315185277817375,0.5315899138404034,0.5314434394409953,,0.5323540749318492,,0.5316991034587383,,0.5317620470610099,,0.5326348670015916,,0.5325050221828721,0.530123941996305,0.5326981351200875,,,,,0.5311641197518384,,,,0.5318474128160966,,,0.5304833354521773,,0.5324732667097036,,,,0.5310392971628469,,0.5314455510711642,0.5305152644455979,,0.5319378852747209,,,0.532056815592972,0.5307036494650492,0.5325882396178196,0.5316644098276793,,,,0.5320381082891189,,,,0.5327106100079725,,0.5310435253581471,0.5314681172661913,0.5326364941385792,,0.5320584522816398,0.45537759477166545,,,,,,0.64324107739717,,,0.49942257578692306,,0.6261859199725889
8,24,DG_48pct,96,Z06_F08,6,LL_AB,175037,181942,True,5677.307923262377,5772.784750945032,5766.8564918904,5954.894611279282,5995.935484538146,1037.6448521550371,102.52332196314855,903.2333141426615,777.3222809484645,384.0278005803984,353.90598781422136,112.26954223523224,1.8203960969534125,49.14859013989196,159.92448816501962,439.4573713106303,336.99811928180605,137.44127611128556,239.26171135158538,137.07101094375332,0.6717261631741241,,0.6695656424339036,,,,,,,,0.4251368407241105,0.5436828919929102,0.5434609031181322,0.5436812239470958,,,,0.5710679835573772,,,0.4657990409630025,,,,,,0.4613211430002381,0.4609897544113796,0.46055010776146915,,,,,0.4675564201748456,,0.49650311991817736,,0.40388455806312384,0.40247711265616926,0.38910295807051687,,,,,,0.3901576314943458,,0.38918910941559204,0.38995190060775947,0.3885033004000718,,,,,,0.389743552539465,,0.4509558835705765,0.45113659468436607,0.3465129815602425,0.5289022731876944,,,0.43746587537076814,0.4371830331165749,0.43732879291432575,,0.4367397805460689,,0.43753508628249566,,,,0.4365481899630645,0.43585561525095495,,,0.4362679843021724,0.4375427077008567,,,0.4380579848541374,,0.4368772344380135,,0.3284795459653792,,0.3283115881335065,0.11526740260764999,9.511310944329187e-05,,9.542929317588623e-05,,,9.800038665704294e-05,0.11633380108131623,0.11639918231488415,,0.11651305280373704,,0.11636599881422113,,0.11666121553918943,,,,0.11655327972062664,0.11611788837581587,,,,0.11661181460324999,0.11665014692416274,0.11642672845754504,0.11635248536438762,0.11617892492951251,0.11572893959838984,,,0.1163704801519201,,0.11642674962661811,,,0.11621989701382435,0.11639472633876423,0.11608085373201259,0.11600086368577577,,0.11638644792983291,0.11633874346339516,,0.11665874310410797,,,0.1159340762521763,,,0.3690956982481955,,0.36944027961211373,0.36887020015205585,0.3689998422798207,0.3697013703361211,,,0.36927191443671187,0.3690708836825,0.36900490933948565,,0.37011219756897584,0.36959109163250947,,0.36938996714190575,,0.36885068204689697,,0.3684313208621181,,,,0.3694333048260551,0.36844462462997013,,0.36959758681409494,0.36891472800438824,,0.3684718771026627,0.36863695797718815,,0.3685976912864193,,,,0.3698129601325244,,,0.3684446217456002,,,0.3691204543069929,0.368641100613411,,0.11598168307211873,0.11581996119687227,,0.11598424568996947,0.11634720306893777,0.11628350346522923,,,,,,,,0.11626548079666549,,0.11600531213240117,,,0.1161225043493067,0.11625363880163427,0.1163238391509326,0.1161016043039398,,,0.11647314469379044,0.11605976288113955,0.11613553006368986,,0.11598217498196474,0.11596635090023998,,,,0.1162509355623057,0.11612042884036476,,0.11589882504633867,0.11634458717166143,,0.116313353377711,,,0.11634380824913892,,,0.11622430701732338,,0.11594209965426368,,,0.11628465539611724,,,,8.287194622611592e-05,8.274899560172782e-05,0.03411859250309172,,,8.923393346995942e-05,8.93294004721402e-05,,,,,,0.00012055131990305903,,,,,,,0.0001204606668529189,0.00012037813335955526,0.00012068916615793905,,0.00012078843665251072,0.00012043979778470012,,0.0001204705578310833,0.00012049181870907014,0.00012071563282584228,0.00012065384497755089,,0.00012063731850053362,0.0001202761511147136,0.00012007901250233356,0.0001206529571801936,0.00012061597768769581,,0.00012019502166260661,0.00012041412911022715,,,0.00012068962127669287,,,,,0.0001201227565016574,0.00012014114308996163,,,0.024317299111599414,,0.02435826706258886,,,0.024366967173912176,0.024396620286989617,,0.02440472105845874,0.024362976604770485,0.024436482526492397,,0.024439395282478137,0.024413946834922623,0.02437480348830217,0.024427826000765544,0.024381362183446092,0.02439631688958606,0.024365724594922002,0.024379814873165994,,0.024433017427087433,,0.02448569074735619,,0.02441204318310851,0.024402247927150775,0.024337229768520083,,,0.02442196556965168,,0.47771528425690746,,0.47757243752691136,,,0.4764988612975438,,0.4781436564011686,,,0.47681727175895,0.4522672303312628,0.45305888626762675,0.4521395996990422,,0.45205153162542155,0.4533618266224179,,,,0.4550324781940328,0.4552316521594347,0.4533411168798085,,,,,,0.4772299950530021,,,,0.47602731987557856,0.4772157623045314,,0.47686663876664204,0.4788308242890028,0.4792402820558302,0.4776799611318646,,0.47799971025016713,,,,0.4770874185224221,0.47852436509943375,0.47689103455603643,0.47727713942073763,,0.4770010890894234,0.4767669547189148,,0.4777375037360193,,0.47744608563539664,0.47587544317485714,0.47819022347573165,0.45212012960071407,,0.45280218527919386,,0.452185852729342,,0.4520785103004091,,0.4533143475700724,,,0.45432639903459804,,,,,0.45347921667084806,0.4538950372351584,0.4542697654460624,0.452895144510089,0.45330893630290114,,0.45433760063726675,,,0.45218524714967384,,,0.4529915558480176,0.043901800791991415,,,,,0.037173938227490225,0.03713458689686101,0.03700266758720063,,,0.013439115795694262,,0.013414195715867413,0.013430341797747325,0.013409761547112474,,0.09471640274303128,,,,,8.748195480581435e-05,,,,8.529297080552188e-05,,,,0.3512889676002719,0.14985515849513698,,0.3548286781339001,,0.154104684205282,0.3554047412776404,0.15733347458722594,,0.15752675479054326,0.15778187928979973,,0.15769412904478594,,,,,0.00013230698065916062,,0.00013228288855424524,,0.0001323152701968015,,0.00013253103930163586,0.0001325450232575433,,,,0.0001323700220631034,,,,,,,,,0.35962752754970406,,,0.35825014298825647,,,0.16780319695146867,,0.16789686546230856,0.1677591814414888,,0.16763859642128967,0.35968887173871494,,0.35945790040346237,0.3592250172018637,,0.00013433369759900885,,0.00013421671984560545,,0.00013464724895629376,0.00013393708123844285,,,,0.00013482904542939543,0.00013421497340532874,,0.00013446857842029566,0.00013435459575293884,0.00013440860454324996,0.00013465015496848978,,0.00013427323685920973,,,0.00013442037236686792,,0.0001345944314523485,0.00013447446492448467,0.00013436934074644195,,,0.00013398884009434224,0.00013454925051186513,,,,0.00013438895777654085,,0.00013408712492052864,,0.00013428354316008423,0.00013402385013208776,0.00013424006271857422,0.0001339588030466848,0.00013415755716253414,0.00013406182115207195,0.00013430901895370668,0.00013432091764755392,0.0001342535691173051,0.00013468466633865712,,0.0001341386366350163,0.0001343247683827243,0.00013452161677510955,0.00013397519334793436,0.00013438238437159396,,,0.00013456892540113235,0.00013453271203708826,,0.000133718333734882,,0.0777431988256162,0.07795213414207075,,0.07776382059085539,,,,,0.07767981251781796,0.07761870867425233,0.07776041203710193,,,0.08801795184402701,0.08807475674784424,,,,0.08807495880483003,0.08803328625549436,,,0.0879819031526532,0.08798976487888707,,,,0.0878558647200246,,,,,,,0.07775986502728884,,,0.07794578754284445,0.07784910655106742,,,0.47150316685252314,,,,,,0.47107994458436625,0.4706924478159179,0.4714917886705574,0.4707779683605637,0.4698477697742125,0.4711536663554176,0.08788630253770463,,,0.08770173661275082,0.0883658671201891,,,0.08779492136535742,0.08819703827277847,0.08804843639776054,,,,,,0.47042998920251783,,,,,,,0.07776336698191232,0.0778489934938956,0.07781231941330635,,,,0.07776757432437738,,,0.07792912610588273,,0.07774440530327605,,0.07805698193717586,,0.07767132149387575,,0.07797395817627367,0.07801009069770069,,,,,0.0776910184196751,0.07795471429881107,0.07779525336134172,0.07781918111082156,,,,0.47180829466043994,,0.4701169968775705,0.4711406888459553,0.47167332001260204,,0.4716913627396766,0.4703097114842415,,0.47062673308126085,0.4715265050571016,,0.4717034679772203,0.47129016207625596,,0.4713088766205478,,0.4698263400381407,0.4720913149594526,,,,0.4709442491643764,0.00010524971252567088,0.00010476552095584552,0.00010499006057357656,0.00010537461850760987,0.00010498196629105726,0.00010477694844907638,0.376596149220121,,0.4095091597410953,,0.40855654582450235,0.16306120937857402,,0.4687236990213891,,,0.46997480791422497,0.46955771963274107,,0.4692858780047248,0.4689107868108391,0.4690384869397095,,,,0.4693194440884279,,,0.46819186460595935,0.46767845405316816,,0.4684750228964008,,0.4677929147209412,0.46898862173960304,,,0.4684809641975268,,,,0.4690136967638285,0.4679982141943951,0.469794286025897,,,,,,,,,,,,,,,0.46815892693482986,0.4676877869804941,,,,,,0.4686742534309275,0.4713473938899371,,,0.46876548882616925,,,0.4685061508926984,,0.46966137440972305,,0.46707880604608737,,,,0.4686325207116251,,0.46790159809466314,0.4679060799154334,0.46854550167090375,,0.4695025056819383,0.47008474584741466,0.4702354555723639,,0.46838617908168406,,0.4689433028501276,0.4692886638577311,0.46937687837981573,,,,0.46865751924430393,0.46804942820807005,0.46888751498578657,0.46665717449757077,,0.46930393975393025,0.4685115355444798,,0.46918934479999075,,,0.4686728858822901,,,,,,0.46714661084622977,,0.46829577766782676,0.46833524283967426,0.46854182645874815,,0.4675570367336999,0.4711017898607055,,0.4692503761966283,0.46852855235355284,,,0.46784523025134017,0.4678933333712712,0.46878448387003596,,,0.4691944492745932,,,,0.4678941138024011,0.4681123910200759,,,,,0.4687306082415776,0.4700389013253343,,,0.4686157483921791,0.46916237039403347,,0.4699308845018745,0.4691870224670487,,0.4693897873165172,0.469745429439607,0.469117841834063,0.4687454683744422,0.469097758636969,,,0.46825134302344035,0.4690979218079017,0.46901184079230507,0.4698638071307187,0.4699175269000987,,,0.4680384225453906,,,0.468878284808238,0.468211257096805,,,0.4676204378978316,,,,,,,0.3506498383712275,,0.48167450389591726,0.3745427310490219,0.5442524215598294,,0.5472837259299056,,0.4299188064509548,0.5714820843133291,
8,24,DG_48pct,96,Z06_F09,6,3PH,174984,181919,True,4899.793702341185,4989.208372502788,5027.965531689992,5542.01752214872,5574.124094261806,79.96309479460524,3.0642559804169487,0.1981115067955954,0.17742373832398844,0.09840792220062082,0.09064257631126785,0.03005367757888614,0.0004430080845373387,40.77726801229149,130.1455746261446,34.838913274224524,0.04808628101554838,0.02003429961774436,0.02500829389530785,0.029429980217600075,,0.690071016143362,0.692209077687599,0.6951429405706341,,,0.6095389216548696,0.5017170400313755,0.49936572381415567,0.49920433231051375,0.498225252032602,,,0.5044284252618505,0.5039584075400855,,0.5041129962915047,0.505469232416733,0.5036753097247976,,,0.5006130394282657,,0.49963826617224905,,0.500426210920783,0.4944002036471134,,,0.5014175128526109,,,,,0.5005285657061118,0.4643378997006165,0.4391256723456355,,0.43823592463000877,0.42810721517824446,0.42791275698292297,,,0.4286901648684176,0.42884152785955004,0.43042599330646414,0.4295174683154578,0.4291576354548539,,0.4289101872852794,,0.4290039678492134,,0.4297762423621849,,0.43100714041845756,0.4290778254350811,0.42110469038844917,0.4216741901820536,0.4221777478394066,,,0.41030838207835274,0.4110244608036425,,0.41038948918908563,0.4111196185040488,,0.41087404382701254,,,,0.411605323518018,0.41155561735277774,0.4088157800177125,0.4115062435651521,0.4115001828138533,,,,,0.41125036186292574,,,,0.36798473789324554,,,7.739041117138614e-05,,7.67867137576361e-05,,7.699403802655616e-05,,7.702524177750518e-05,,,,7.805581291281796e-05,,7.78800653938925e-05,7.750886429002894e-05,7.800373704924963e-05,7.782302808958014e-05,,7.786050457073786e-05,7.771961717422185e-05,,,,,,,,,,,,,7.759444557665712e-05,,7.788853145790394e-05,7.764395574941683e-05,,7.760825453410991e-05,,,,,7.787646635490913e-05,7.756757935257618e-05,,,7.756562715188872e-05,,7.802476929817003e-05,7.781508972456775e-05,7.761332528633724e-05,7.785712081009624e-05,,7.790229422247143e-05,,,,,,,,,,7.774294869706714e-05,7.792214554412168e-05,7.802218194282285e-05,7.776635630899667e-05,,7.797197787857754e-05,,7.763637016373052e-05,7.795597510542161e-05,,7.784885922768186e-05,7.748991066903006e-05,7.765504223765698e-05,7.782851458512432e-05,7.784907722782882e-05,7.783280084175856e-05,,7.783809031917762e-05,,,7.753559534605258e-05,7.789869541592148e-05,7.761555050660574e-05,,7.776381906178048e-05,7.790303217035507e-05,,7.787938399323863e-05,7.770734668131367e-05,,,7.756748306391676e-05,,,,,,7.794570415681516e-05,7.75555836305586e-05,7.772533923742102e-05,,,,7.763048258987038e-05,,,7.776548714442869e-05,,,7.77177849972821e-05,,,,7.76784297512053e-05,7.763619759884514e-05,7.771219734838974e-05,7.749172589310023e-05,,,,7.754059585721667e-05,,7.783340939207181e-05,,7.774080418457376e-05,7.783800960106966e-05,,7.798209045253275e-05,,7.777218024207062e-05,,7.78188139949581e-05,7.760282974532115e-05,7.802268485887411e-05,,,,,7.724295381011886e-05,7.76881726895001e-05,,7.746086674827926e-05,,7.77182822340439e-05,,7.79221746308328e-05,0.03773379721664822,,0.037823462168917306,,7.671173990751016e-05,7.671364137972682e-05,7.654127971025548e-05,,7.646107922175708e-05,,,0.08549968078257286,,,0.08571517684766304,,0.08570810993489582,0.08560550823613934,0.08559372719910044,,,,0.08563723692312274,0.08578066921702497,,,0.08554890328015316,,,0.08565843119609484,,,,0.08566870481063242,0.08548074513326333,,0.08553952237813492,0.08566238651418544,0.08548325427716372,,0.08580046748441982,0.08576320163011154,0.08551748335884164,0.08546793434771008,,0.08548783068394518,0.08536677087191032,,,,,,,,,0.06230479682597617,,0.062260459978654314,,,0.06246334561494651,,0.0624571012988276,,0.06225923165718397,,,,,,0.06248789972706267,,,,,,0.06227568703723723,0.062423745177289366,,,0.06230542737340663,,,0.08556433145727042,,0.0855934354905139,,0.0856800777150899,,0.08598650868799393,0.0855648306682861,0.08548056520478153,,0.08548492331429178,0.062211005415357686,,,,,,,,,,,,0.062069101674099764,,,,0.08547859171498336,,,0.08548323263093816,,0.0856072527414743,,,,0.08589565730928427,,0.08558359851232998,,0.08554512937521506,,0.08558147881422602,0.08565884999179085,0.08540361197128939,,,0.08551577231165701,0.08549913137609325,0.08568923167015426,0.08553215332770475,0.08552678159423636,0.0855875021414738,,0.08582223162039625,0.0855793111491466,0.08559653013373318,0.06226847870342004,0.06250720780161878,0.062263593912573925,,0.06226210591199179,0.06223736438597387,0.062215775893450335,0.06220087828404677,0.062124091595725905,,0.06226552440799598,,,,,0.0622824284342997,0.06235580921722895,0.062151331246388435,0.06220813237969004,0.06220909369145556,,0.06212118014477638,0.06227212242629676,,0.062383008386970355,0.0620798391932162,0.06226560441963708,0.062250464474640214,0.06234585348266429,0.09844318820721704,0.09846905085102182,0.09881351134264237,0.09852850700858226,0.09831031094501849,0.09844161484806377,0.0985715317018569,,,0.09682936449705651,0.09684630036151115,0.09648138464604536,0.09657392496916546,,,,7.709000498493127e-05,7.686841524734712e-05,,,7.685927541612538e-05,7.486699200943765e-05,7.486776525758991e-05,,,,7.295063946796234e-05,7.852883048513894e-05,7.833371604563779e-05,,,,,8.168386085022007e-05,,8.161984661244618e-05,,8.254054921647278e-05,,8.241382065249852e-05,8.248785663834544e-05,8.229477647359222e-05,8.238014611084695e-05,8.254058986195645e-05,8.315107317105788e-05,8.337613192546413e-05,,,,,8.266908755314346e-05,8.309556429306515e-05,,8.243172256588027e-05,,,,8.263976365651096e-05,8.2911118434613e-05,,8.260556931781099e-05,,8.247973560726772e-05,8.244974892122885e-05,,8.436519127605363e-05,,8.409114762066349e-05,8.432387031964929e-05,8.368889770064626e-05,,8.45696028039351e-05,,,,,,,,8.446505683217396e-05,8.48374942630371e-05,,,,,,8.441373843154639e-05,8.422414015611466e-05,,8.407524853797336e-05,8.427650998900024e-05,,8.429633075702651e-05,8.414947365708355e-05,,,,,8.436632349114252e-05,,8.42082214710091e-05,,,,8.434770132050527e-05,,8.420762578185011e-05,8.434396071460305e-05,8.408170213723785e-05,,8.409502815476792e-05,,,8.421417114626222e-05,,8.420401810579367e-05,8.417352386691863e-05,8.405534564855567e-05,,,8.421540261498658e-05,8.420676419504141e-05,8.403196867866003e-05,,,8.41475339175995e-05,8.439960804889065e-05,,8.417716522823636e-05,8.406501460325655e-05,8.446489122552843e-05,,8.419457621988158e-05,8.395711238026695e-05,8.436808428746556e-05,,8.435322875136607e-05,8.416590861713243e-05,,8.414163479704938e-05,,,,0.14048755997020695,0.14072359797793407,0.14076710226430417,0.14094591540910978,,0.14087388076960103,,,0.14063910443257518,,,,0.14094154958646157,0.14104580078686324,,,0.14106276861561837,,,,,,,,0.14071319269001353,0.14066239662224253,0.14053688965666702,0.14091328917895507,,0.14119121933489856,,0.14144839661728337,,,,0.14101349908388622,,,0.1406361290011215,,0.14102318924202634,0.1403841240950465,0.14066710429353677,0.1407192033414069,,0.14053891835383578,0.1408358584413572,0.14094906953584135,,,,,,,0.14045570204032465,,0.141124556752295,,0.1412696671522147,,0.14113244403953285,,0.1406988470736642,,,,,,,,0.1410606450313957,,0.14051578321788047,0.14093634812902792,,,0.1412378918403142,0.1409042424733037,,0.14102141790510064,0.14103920945244303,0.14074131680665516,,0.14081955594239237,0.1412502851427126,,0.14114846245953708,0.140810969233807,,0.14075626969253943,,,0.14102767100243507,,,,0.1412193421551157,0.14095575251461034,0.14137357415340443,0.14077362757129913,,0.14075127546371308,,0.14145633677560399,0.14074955509947681,0.14104779457638572,,,,,,,,,0.14112622650897483,0.14053246928438176,0.14042069437693527,0.14071801756165847,0.14043796023203592,,0.1402725538525607,0.14111420495969818,,0.14082527996485714,,0.14091248861420982,0.14118645914246816,,,,,,7.8225337660835e-05,,0.527651794548617,,0.44765363638840283,,8.355401899797392e-05,,,,,,0.5016109340394426,,0.5026235774530295,,0.5007376354999451,0.5024228841524989,0.5022419475575595,,,0.5012971390847852,,,0.5036180379328765,,0.5021725339722849,0.5037028731197307,,,,,0.5024695035564567,,0.501358684058329,,0.501844106982728,,0.5027348238485387,,0.5026964338412991,0.5005356669118708,0.5022680271693732,0.5039331668296415,0.5009404190851612,0.5035463149611301,0.5030845827227494,0.5009160607097285,,0.5017420582570767,,0.5032985529508937,,0.5031810721986866,0.5027914751184581,,,,,0.5023648982887193,0.5047559634408635,,0.5020377144918395,,0.504299963151678,0.5024571996679699,,,,,,0.5032625995794161,0.5032679609013734,,,0.5025176380543687,,,,,0.5016530726797568,0.5031783923707185,0.5017437326446926,,0.5026861052090907,,0.5031351604991383,0.5039822730906839,0.5027221100918003,,0.5020483201703485,0.501025150495317,0.5030425158182027,0.5012045072074369,0.5034255360817153,,,0.502392162088864,0.5028268236965878,,,,0.5031765663742148,0.5021872364664812,0.5028902987766188,0.5029616371423573,,0.5026557794917482,0.5014592152082343,,,,0.5029086712263865,,0.5035541561372056,,,,0.501862682984035,0.5033435183537858,,,0.5025826598157037,,0.503335060469524,0.5028599808271838,,,,0.5029124574798571,0.5029062997808887,,0.5033405343757399,,0.5029487006502329,0.5019981639583965,,,0.5024633812700205,,,,,,0.5011165754271744,,0.5017956627028131,0.5035674705828702,0.5029579502225922,,,,,,,0.5037567296676488,,,,,0.5027580792703665,0.5027746056853065,0.5031487011522217,,0.502904876128127,,0.5028623286042808,,,0.5023697672042428,,,0.5027533245138021,,0.5036762288395468,,,,0.44968415624585434,0.4485397534877509,,0.505676309526833,,,0.5057894980742002,,0.5063121324241491
8,24,DG_48pct,96,Z06_F10,6,3PH,175004,181938,True,4433.535865819133,4498.440986104531,4561.666395700835,5075.2962970952585,5102.223217369462,135.35011625588626,8.974533809277306,154.3757694321638,137.9450191205609,76.3539460652855,70.37016349267445,23.47094646914157,0.3430994817279471,43.628506706566206,140.50959971336812,59.02539143598179,45.7555368396913,19.076353086297587,19.822401297845506,22.741827024086664,0.7137459744545508,,0.7135965290140995,,0.7177993877606503,0.7158133973006512,,0.537001162975158,0.53982419343211,0.5388780511403563,0.5367545170534008,0.5444966001522894,0.5436821867591223,,,0.5440646408507265,0.5428577055853432,0.5428753701559054,0.5449586148593131,,,,0.5391730254806877,0.5393142562732327,,0.5398424593987613,0.5328065104040997,,,0.5400211250921002,0.5413955751645945,0.5401406480966247,,,,0.5061129810041898,,0.48396128688286405,0.4845472273534891,0.4746521725744538,,,0.4759112923775392,,0.47692584060682247,,,0.4764232347762457,0.47675983940514005,,,0.4750351289046779,,0.47509706954944564,,,,0.46954184706300794,0.46827042075040837,0.46958986168165273,,0.45861088320967647,,,0.45725690733179486,0.458758915020643,0.4583599997614525,,,0.4592590395489483,,0.4600521649506982,0.45977185191753545,,0.45922996270121125,0.45935474702206597,0.45997041979440323,,,0.4592476092380023,,0.4590861348313255,0.4568751026929803,,0.4584916860031177,,,0.4192891821585082,0.07351311298110905,,,,,,,0.07379250366669397,,0.07404282683050238,,0.07404576486414495,,,,0.07374566921875787,,,,0.07375444921306878,0.07394898189565909,0.07390961800802717,0.073778963863467,0.07404434970721115,,0.07412109780794757,0.07375987060257859,,,,,0.0738985434632446,0.07399263574616281,0.07393761438114037,,0.07406848130048747,,,,,,0.07394372409589257,0.07389910202172821,,0.07395113565697556,0.07378121011082557,,0.07390136808138671,,,,0.07415113829982767,0.07390847824014302,0.07381213908616008,0.07398398172682426,,0.07361559520105372,0.07391529321649702,0.0741310702573541,,,,,,0.07384037504052296,,,0.07395375618801081,0.07382976741534188,,,0.07385529935618383,0.07371091667553666,0.07383142108735447,,,0.07379459204842348,0.0737899333676893,,0.07401057161916574,0.07376699019106416,,0.07372277101356471,,0.073857777544381,,0.07392875033091827,0.07372572154511305,,,,,,0.07376705850528675,0.07373194204358288,0.07373036861162882,0.07374928705149586,0.07375141652431853,0.07397141337006953,0.07377911137246883,,0.07384388676635084,0.07414668504224758,0.07390520285056745,0.07392198096051127,0.0738893950110787,,0.07392802840423779,0.07406099399965217,0.07382766894891998,,0.07399891860160406,,,,,,0.07380675175785942,,,,,,0.07379397634780982,,,,0.07375044962517044,,0.07378270019593541,0.07377353324160338,0.07391076465769787,0.0737077724935596,,,,0.07385480166936127,,,,,,,,0.07397249908738641,,,,,0.11073806238385646,,,0.050855308304160095,,7.404227973689456e-05,,7.41254211499047e-05,7.410469405895933e-05,,,0.15537113063520566,,,0.15493874090385182,0.15524893390197483,,,0.15531924971135924,0.15550338157647686,0.15537972629740962,,0.1560993693282201,,0.15598946996502974,0.15537314936190072,,,,0.1556600763418881,0.1558867070774679,,0.15543435429463803,,0.15534482070618413,0.155107476307475,,,0.15503871780586015,,0.15557513752043872,0.15536532184236815,0.1555623162781509,,,,,,0.1554078489296631,,,0.13454456745074714,,0.13477206954193285,0.13435760881954514,,0.13485444180986164,0.1346843576897438,,,,,,0.1349626123461263,0.13529174213244757,,0.1345577420230267,,0.13496177823793504,0.13472130391846776,,0.13464044082960516,0.1348648316712971,0.13458803808966183,0.13456409515005568,,0.13452717930558902,,0.13465322127521567,0.1346456712242487,0.13471154294092463,,0.15534700603172347,0.15520831715393552,0.155472973422725,0.15497720302967605,,,,0.15526883587941304,0.1547928798045814,,0.15522426056360406,0.13477338797840815,0.13437225216017382,0.13428094727338546,,,0.1344495156840305,0.13428685728357323,0.13451135569546918,0.13469035987004985,0.1345442233896205,,0.1343898644487501,0.134056874712043,,0.1345737238618814,0.15528299971586987,,,,,0.1552436816363194,0.15463628456284254,0.15501925856436133,,0.1549468576452358,,0.1555295025772183,0.1551540932666064,0.15500205385983504,,0.15533502448246098,0.15569932916416596,,,,0.15552053747605335,0.15548667002319225,0.15503705508093885,,,,,0.1552063132566184,0.15531366674786118,0.15512291361878408,0.15529468628941523,,0.1342889600080629,,0.13452420280432198,0.1346755703238466,0.13449342523535646,0.13426075485367378,,,,,0.13471883576823793,0.13411794468799834,,0.13434355890027466,0.13474753230302225,,0.1343929539009814,,,0.1349339330981912,,,,0.1346174922406925,0.13473480970429336,,0.13455411139210796,,0.167421418186308,0.1671394205259098,,0.16732302160386855,0.16712086111614127,,0.1672969244960644,0.167157459170282,,,0.16449477494325165,0.16444500603935763,,0.16487441485128632,0.1642430940582767,,,0.06112680619027289,,0.060993250614571795,0.061019274566236785,0.059521152508960985,,0.05943905821953772,,0.057964348515905,,,0.06079547707782176,0.0607793754235461,0.06273671460341126,0.06292666757327853,,0.06362201054409465,0.06367785567508785,0.06325712117425408,,0.06398703911896707,,,,,0.06392342563748046,0.06406701104586651,0.0647925453013497,0.06477634024939938,0.0642565782536224,,,0.06396484212586714,,0.06424071479698724,,0.06457068160131726,,0.0642121692181858,0.06421637825229763,0.06428119094059923,,0.06413221459218844,,0.06406793962644666,0.06422054392249851,0.06417398294234641,,,0.06535377085620277,,0.06520361887814123,,0.0656916834121493,,0.06563837266520185,,0.06563001269011157,,0.06591272796429094,0.06573026709141741,0.06587808282947506,,0.06571987890463642,,,0.06542054454693882,,0.06538043505973046,0.06536042809200432,,,0.06534096672609682,0.06559339558063589,,,,0.0654223722750838,,,,,0.06554199345866367,,0.06579369074136746,0.06549678611490274,,0.06543799413822278,,,,0.06555990102174815,,0.0653741426133032,,0.06542047706540605,,,,0.0654279268335191,,,,0.06555765628888423,,,0.06553722638450986,,0.06541628566619069,0.06559747591739806,,0.0655217180052841,0.06565293836561191,0.06544843698822639,,,,0.06541238407680132,0.06533118902154629,0.06547194211067864,,,,0.06539754565546572,0.0655120905923643,0.20515695419611454,,,0.2045437430949817,0.2051692805619597,,0.20488669122893627,,,,,,,,,,0.2054521450018438,,0.20485982171978354,0.20531252397482933,,0.20511620068477285,0.20533111358038159,0.20551081199484825,0.20511996245067388,,0.2050471714351508,,,,0.2051882624229766,0.2052801938452041,0.20539710298486868,0.20543119682994979,,,0.2053652855880069,0.2052728656075251,,,0.2046133868513375,0.2040059937241607,0.2047995950873387,0.2043880427175474,0.20381169842234997,,,,,0.20476677226298248,0.20440583088408176,0.20497181778962564,,0.2049381441825301,0.20516389254192194,,,,,,,0.20493008689221456,0.2051271932947895,0.20426169738682406,0.2051209584445598,0.2030756079702696,0.20478922817120096,0.20411136930068896,0.2049860517731851,,0.20509723224252543,,0.20517129165462747,,,0.20446796738761924,0.20488534469374403,0.20523960779332664,0.2051610871664489,0.20505712745645555,,,0.20458967045350596,0.20516302903483052,0.20551676122765133,,,,,,0.20578574851599,,,0.20517330045558294,,,0.20543091358582696,0.20490107765967736,,0.20549551490508822,,0.20536522667788135,,,0.2053169280116373,0.20519108573609263,,0.20504917286350774,0.2048477552317465,0.20566860584188892,0.20483859605316596,0.20491649653454347,0.2043203680863478,0.20407125424429165,0.20425216710825472,0.20488988628842295,0.2045912101618353,,0.2042416801239591,0.20501590342461987,0.20496039207094607,0.20504130895781764,0.2048511292915327,,,0.20478201252325767,,,,0.06075753068422579,,,0.06058902510898843,0.06078223360095182,0.49673764022470995,0.5664621106565003,,0.4926863113147451,,0.06522618628353528,0.542037909254244,,,,0.5425390931105518,,,0.5407575436184469,0.541996662902679,0.5415822342344773,0.5417876151513822,0.5417792351674324,,0.541907677077683,,0.5405281309199675,0.5406917438885634,0.540684521881717,,,0.5423463241632734,0.542507452113762,,,,0.5430868829232803,0.5415960500084328,0.5427052263287414,0.5426436681308242,,0.5429592853007429,,,0.5418482320547936,0.5421055369291062,,0.5442304549133475,,,0.5424719208477063,0.5414051291925001,0.54050421683781,0.5419241221555979,0.5423335357555579,,,,,0.5419549762457183,0.5427914308089302,0.5420681689133708,0.5399292842775593,0.5412381891515297,0.5431486292382015,0.5418035169676484,0.5399694181198517,0.542772917208216,0.5403582988874501,,0.542875134794888,,0.5432443650259349,,,0.5422103326772956,,0.5425261702220532,,,0.5417325824545987,,0.54455956701123,,0.5429641670252483,0.5417808961533858,,,0.5409834454781565,,0.5402669793489544,0.5410490587359421,0.5427116833662344,,0.5422586497306086,,0.5415667434807219,0.5428413650772363,,,0.5432996036110981,0.5415609484265995,,,,0.5419812228145484,0.5419170766503892,,,,0.5420610608774248,0.5412445889149519,0.5425683749501761,0.5423207620187164,,0.5423601088120573,,,,,,0.5414477781955058,0.5425781662242808,,0.5426389035950004,,0.5420628463943266,,0.5422804167243541,0.5422991338460227,,,0.5415229211538898,0.5427786760489629,,,,0.5432576097466034,,,,0.5409929365527834,,,,,,,0.5406248302368775,,,,,0.5421994199006243,,,,,,0.5432929621346098,0.5408498516859606,,,,0.5419919520673837,0.5416314323360407,,0.5427388585963588,0.5426180762867079,,0.5436409042069138,0.5421026272463775,,,0.542838020817042,0.542157280416359,,,0.5420419819264197,0.43866827274318493,0.43941095066169866,,0.4933736632445069,0.49235417810982185,,,0.5442391360210217,0.546308659950714,,,0.5446689922863133
8,24,DG_48pct,96,Z06_F11,6,3PH,175038,181968,True,5424.1755208755685,5543.4605999073965,5597.634934397333,6115.890647480138,6162.967260874457,0.06902262134504707,0.006733583861638237,0.21981152461164585,0.1982115874804957,0.10922532332769187,0.10111806365130066,0.033590600052767275,0.0004869660250543469,37.74022600186794,121.4874562845488,0.03033777664620141,0.05356550267794719,0.022249563580872163,0.027933845417401917,0.032781564755594274,0.6684348005447115,,,,0.6708827187050124,,0.5802046739103406,0.46382716609919683,,,,,,,0.46784368175005486,0.4680819688015566,,,,0.46736957706418364,,,,,,0.46297034509043966,,0.4584508674832224,,0.46495870975376746,0.4650662688764005,,0.4666444808099105,,,0.42030693312338857,0.39675241947837625,,,,0.38295757272499553,,0.3835516666707711,,0.3840658112627786,,0.3839480850311853,0.3839562071977727,,,0.3845912947006765,,,,0.3842807807867896,0.3846862807154178,0.38400113096297434,0.37557820454373286,0.3772581571253945,,,0.36569625992398813,0.3651261493153923,,,,,0.36554061268085375,0.36560357505676433,,0.3647325094517508,0.36603337345457676,,,,0.3653516422255814,0.36578610459428607,,0.3651562895641956,0.36477085769203105,,,,0.3654002620999025,,0.3241517665027265,,,,,8.592820343688878e-05,,8.588068308008253e-05,,,,8.66834394918081e-05,,,,,8.667665932502053e-05,8.691657790865242e-05,8.645576144047316e-05,,,8.673639563276062e-05,8.648612844148723e-05,,,8.6695466496989e-05,,8.664453517278332e-05,,8.66552562561424e-05,,,8.641766856382943e-05,,8.67046305196195e-05,,8.669078679918384e-05,,8.655841262121285e-05,,,8.63084043088568e-05,,,,,,8.671711320196511e-05,8.649190306488404e-05,8.653489681125501e-05,,,,8.685809102934566e-05,,8.679970163445e-05,8.674068768059194e-05,8.675943808851147e-05,,,,,8.683526585255841e-05,,8.667709669570561e-05,8.670208933816963e-05,,8.654157180305083e-05,8.65332314397848e-05,,,8.673123384351883e-05,8.6733414395685e-05,8.667588884556137e-05,,,8.674060202210171e-05,8.663168218680645e-05,8.675041532773466e-05,,8.656483773923042e-05,8.654781529295463e-05,,,,,,8.66239515350064e-05,8.697651003514541e-05,,8.678277158986624e-05,,8.66871063789639e-05,8.65171316402282e-05,8.659192907558739e-05,8.700148312594915e-05,8.653402244163698e-05,,8.661401193507118e-05,,8.670299915253401e-05,8.667188929559091e-05,8.663534733632203e-05,,,,8.691707971540793e-05,8.654460636351776e-05,8.669911729030142e-05,8.652924689615139e-05,,,,,,8.677125759473284e-05,8.659476323929232e-05,8.677308638663293e-05,,,,8.651337193730393e-05,,8.656054250113787e-05,8.693849457619117e-05,8.658404464019047e-05,8.630681294108677e-05,8.639520702132188e-05,8.662959908929957e-05,8.665249864853083e-05,8.652073506068633e-05,8.661631961412482e-05,,,,,,8.675603279360662e-05,8.665239804330154e-05,8.676990690421425e-05,8.633502275630398e-05,,8.663615087628091e-05,8.645171030715251e-05,,,,,8.659915141798835e-05,8.656392418062898e-05,8.675772945350102e-05,,,8.26915593217637e-05,,,,,,8.534743185469067e-05,,,,,,,,8.550746816897133e-05,8.526492903884308e-05,,8.524173320226338e-05,8.548227872925161e-05,8.53856404643209e-05,8.543201191950322e-05,8.560500766837019e-05,,,8.54145171488382e-05,,8.51263551409396e-05,,,8.568834979382639e-05,8.538013590470474e-05,,8.550518635340005e-05,,,,,,,,,,8.546129704448295e-05,,8.539384295502138e-05,8.54030561648408e-05,,,,8.538041126220391e-05,8.531291011067486e-05,8.550268659164195e-05,8.544700064666334e-05,,,8.530878736400326e-05,8.534486646048012e-05,8.56741470713631e-05,,,8.550464153700585e-05,8.571804843348256e-05,8.566387925223124e-05,8.538504865390913e-05,8.578559122392093e-05,,8.541920166963962e-05,8.536018287966972e-05,8.546875478967007e-05,,,8.521029458872042e-05,,,8.535401037814021e-05,8.53760421552545e-05,8.539041827132222e-05,8.514089048074207e-05,8.558401913123315e-05,,8.524466151353605e-05,,,,,8.535119022849543e-05,,,,,8.499371283179358e-05,,8.538230432542595e-05,,,,8.550478775148304e-05,,,,,,8.536562736579349e-05,8.516227468571732e-05,,,,,8.514857694773021e-05,,8.51886515845809e-05,,8.507703524172817e-05,8.511195589398853e-05,,8.533342279685764e-05,,,,8.553877201472169e-05,,8.520277319226477e-05,,,,8.565804490801804e-05,,,,,8.551133277216968e-05,8.539164299628414e-05,8.544606077172983e-05,8.533566885525113e-05,8.533905414065189e-05,,8.510035695316063e-05,8.545262685297767e-05,,,8.532233378353383e-05,,,8.514820347919072e-05,,,8.531327975371878e-05,8.53431221303234e-05,8.538398796218032e-05,8.533556842722517e-05,,,8.544297505780065e-05,,8.502984330994063e-05,,8.531654251972186e-05,8.546589325733443e-05,,,,,,8.534534325376755e-05,8.531969873322724e-05,,8.542731969533019e-05,,8.590548758569968e-05,8.604917846239599e-05,8.593288281849177e-05,,,8.57582485100074e-05,8.580918077726712e-05,8.584278994811241e-05,8.433982557712665e-05,,8.40309349761947e-05,8.424617503324328e-05,,,8.584906860006433e-05,8.57125448037239e-05,8.580946475099696e-05,8.562703282875287e-05,8.566230143270664e-05,8.538385046902831e-05,8.329107174948068e-05,8.37231550855203e-05,,,,8.112035022549696e-05,,,8.698059560444154e-05,8.99770421278815e-05,9.001683088137636e-05,8.997867736122973e-05,,,,9.173991429385555e-05,9.186462903254148e-05,9.185533878910743e-05,,9.19278199344815e-05,,9.185558890644563e-05,,9.263278876887735e-05,,9.227296132187773e-05,,,,9.181053829968296e-05,9.180439605289327e-05,,,9.194806265502927e-05,9.209083421275442e-05,,,9.22408061554599e-05,9.236486490128492e-05,9.209726688576788e-05,9.211388128348757e-05,,9.204235150044728e-05,9.337754478770737e-05,,9.403734407688631e-05,9.36466033794489e-05,,,,9.423311222966097e-05,9.440261169066791e-05,9.44254611101222e-05,9.406887441812834e-05,9.407528815734283e-05,9.399187537504548e-05,,9.444936268667155e-05,,,9.410935377168773e-05,,9.383107733010627e-05,,,9.393582219054645e-05,,9.378649615932413e-05,,9.377457602779667e-05,,9.412710213613638e-05,,9.365617282663686e-05,,,9.386465229183637e-05,,9.384418921399914e-05,9.365832349286225e-05,,9.370542652998582e-05,,,9.392238265262631e-05,,9.35351068343706e-05,,9.364664935529522e-05,,9.365208553504788e-05,9.403240762568403e-05,9.379633816298781e-05,9.379174946155453e-05,,9.360451536065024e-05,,,9.374911137331728e-05,,9.378723759226006e-05,9.382959042076531e-05,,,,9.401322015044592e-05,,9.395697350361311e-05,9.381925170593766e-05,,,9.390144322317791e-05,9.370452387561542e-05,,9.396698840385567e-05,,,9.368737304677729e-05,,9.383049365658026e-05,9.38459168387059e-05,,,,,0.04789412116926872,0.04783364621177597,0.04778631125565484,,,0.047887027480181345,,,,,0.04783757676993276,,0.04789035957156953,0.04786824808625307,,,0.047806485788681984,,,0.047829141444449226,,0.047898464662924495,0.047664234024790204,0.04783714938260776,,0.047879950089187086,0.04782067894093545,0.047991537854402896,,0.04776831671147218,0.04790503757899215,,,0.04802005683913281,,0.04782300639458031,0.04773055727003682,0.04767793034277528,0.04782374471130218,,0.04781362039518914,0.04772782541040407,,0.04777662784681179,0.047635386612945224,0.04775666896090375,,,,0.047865161569559424,0.047889402402555244,0.04777773474581005,0.04764587919446813,,,,,0.04784245915162743,0.04799929815593404,0.04779351936854249,0.04783959382505133,0.04726876850117252,0.047846195729416154,,0.04778424827786842,,,,,0.04782570467566859,,0.04775696108211063,0.04790660085385841,,,0.04784378032399058,0.04780689923229264,,,0.04779982294049764,,0.047789945316540974,,,,,0.04786039917017434,0.04779126901090516,0.04791823553699193,0.047879815262617476,,0.04786872607046061,,0.04786015571742296,,,,,,,,0.04791605388314834,0.04783423942293761,,0.048086267956637826,,0.047860885840147395,0.047738305478182225,,,0.0478664240791435,0.047750196190779436,0.04787903356671795,0.04781835818104807,0.04790508498772117,,,0.0477757660895524,,0.04788119081967252,,,0.04791932602118278,,8.690087801244604e-05,,,8.696389588933257e-05,,8.718363765919343e-05,0.4062034697742125,0.4933622913522656,,0.40336864694964514,0.40358098363152006,9.327253009799664e-05,,,0.4658100196667385,0.46575199702936293,,0.46693828898830797,,,,,,,0.46391029326658273,0.465862159389444,,0.4660226370946424,,0.46500014895192504,0.4656170121442367,,0.46508239130096873,,0.46436086712337044,0.4678760928749322,0.4663107876110161,0.46650620800403636,0.46622831212830484,,,,,,0.46479149975415457,,0.4661170312752821,,0.465252443798962,,,0.46588590212480224,0.46642535875221025,,0.4664179030159536,0.4657972187154767,,,0.4662397349164658,,0.46560605554705475,0.4650217582757787,0.4657761822314745,0.46637972907582476,0.46580994984047375,0.46586740522492603,0.46567861813269135,0.4654003337891741,,0.46547511170616557,,,,,0.46674203293461675,0.46628649856683435,,0.4652976776782307,0.4651591133846053,,,0.464974952338126,,0.46453727486471874,,,0.46620493828703213,0.4647142759431175,,,0.46513216974835514,,,0.4660671228671584,0.4653506543899142,0.4650825295268465,,0.4657854346568818,,,,,0.46477292372023166,0.46466370880068086,0.46596027180592264,,0.4656422032100987,,,,0.4662043840786999,0.4653659522997413,0.4663737692858592,0.4647613865443008,0.4648953239050642,,,,,,0.46663111429739745,0.46621074753128866,0.46620612048025695,0.46701498933918134,0.4659091530175154,,0.4658271337783232,0.46668506462246967,0.46506612961853505,0.46561865017403026,0.46615150430258423,,,0.46706083050824554,0.46693157145350994,0.4657310905407731,0.46661434960189124,0.46529789782169595,,,,,,,0.46518380368197465,0.46584978789767767,0.46603214123476333,,0.46672775988394777,0.46581512084287907,,,0.4671595634619746,0.46600566174932756,0.46711954614600876,,,0.466113462945013,,0.46627962906401277,0.4665034294179775,,0.4655144358942548,,,0.46639454489917487,0.46585946150074026,0.46565128851590804,0.4645035715016816,,0.4663522087661041,,0.46644564752227563,,0.4653940383897735,,,0.466601292494308,0.46638914290992406,0.46539895040095963,0.34555163455416005,0.34521445554923313,0.34432067820997125,,0.40524161191070945,,0.4682467806003944,,0.4672186219798917,0.4675803207632667,,
8,24,DG_48pct,96,Z06_F12,6,3PH,175008,181945,True,5264.942853843406,5378.2271257333405,5430.86383272577,5972.220810361213,6008.098388988729,21.18112522110859,0.006458319236302257,0.21613499984233944,0.19301760236208,0.10619969620441803,0.09827927562250668,0.03270807723012732,0.0004788457870995889,38.41127007227335,123.24357522241303,9.321853722622318,0.05206875328644075,0.021682570694147887,0.026951287176487367,0.03179978786997514,0.6758536995435442,0.6757957197665533,0.6759265862661159,,,,,,0.4737164812375433,0.47409700009254974,0.47149311804439953,,,,0.476298770355184,0.47653021854669786,0.4761049658408441,,0.4766588126847121,,,,0.47083171102289306,,,,0.46641063213467143,0.4676071843571858,,,,0.4745380499405004,0.4731832550684175,0.472313447629258,0.47490727423151324,,,,0.40722599941202675,0.39398540446835395,0.39449376156065424,0.3946427276822956,,0.3952721110805227,0.3953609164601848,0.39422278727598564,0.3957243381037735,0.39531138669110377,0.39602991146192085,0.39445880314294784,0.39486211683656064,0.3954104643765704,,,,,0.39603869080288634,0.385883135445425,,0.3870535387841628,,0.3768230348308833,,0.37564211936712716,0.37619467338806056,,0.37658447659435024,,0.3765802947334812,,,0.37701391890852737,,,0.37768604326271427,0.3760362711378156,,0.3767937521464814,,,0.3769448153023177,0.3767949003725036,0.37590696824894143,,,,,,8.379604682736948e-05,8.325181224924843e-05,8.306109268590516e-05,8.32014990000451e-05,8.350692099339584e-05,,,8.442788439971007e-05,,,8.445350079438007e-05,,,,,,,8.414534824074618e-05,8.420533149182058e-05,8.437294981301079e-05,,,8.398776545425104e-05,,8.429511168830833e-05,8.448128790411272e-05,8.412220973043441e-05,8.424390955563194e-05,,8.404381991366513e-05,8.424794848901406e-05,,,,8.44033390166762e-05,,,,,,8.45170197184397e-05,8.400593955998439e-05,8.444147395084472e-05,8.394860160833265e-05,8.419015203490389e-05,,,8.432205370527048e-05,,,,8.430274465483281e-05,8.447370227157592e-05,8.431407535442587e-05,,8.410101423682671e-05,8.426055297110705e-05,8.430200579729753e-05,8.432622345840004e-05,8.429302052802561e-05,,,8.461855632564933e-05,8.434998788303425e-05,,8.444101251250908e-05,8.440585965314061e-05,,8.420192655411093e-05,,,8.412166735805016e-05,,8.445377030832032e-05,8.436865363590972e-05,,,,8.40447115461088e-05,,,8.424311131435252e-05,8.416531151173315e-05,8.423094612959824e-05,8.410787590905584e-05,8.43396235187182e-05,8.431583483850638e-05,,8.426785057771943e-05,,,8.428047265600551e-05,,8.445759887254756e-05,,,8.426465815276424e-05,8.411112018541581e-05,8.412498610788764e-05,,8.438160353526571e-05,,8.44007879781082e-05,,8.428990038573799e-05,8.45392361356364e-05,,,8.435993119906553e-05,,8.431858931066143e-05,8.454773893722585e-05,,8.42152217347758e-05,8.426335408480313e-05,,,8.434343516452707e-05,8.419999314882308e-05,,,8.42652664189015e-05,,,8.416970153295656e-05,8.412132504532917e-05,8.410275770509097e-05,,,8.42861036838688e-05,8.448729037019987e-05,,8.436277466372865e-05,8.407665504376066e-05,,,8.42173431673488e-05,8.43696737155973e-05,8.458883759411525e-05,8.423622575588641e-05,,8.420759127920103e-05,8.409920712044389e-05,8.42686886429195e-05,8.42490521856897e-05,,8.437902433449194e-05,,8.031403819662627e-05,8.008456736597298e-05,,8.30673262432599e-05,8.304123894757332e-05,8.313194838856949e-05,8.293947607187658e-05,8.308463050315287e-05,,8.309068896239742e-05,8.294727463325024e-05,,0.012800494457936615,,0.012821633900221192,0.012895960148597044,,0.012823797630979539,,,0.012852717352509944,0.01287772565110254,,0.012867918180944802,0.012831358636714627,0.012801215914261511,0.012869127141401093,,,0.012862959041448189,,0.012811720428152568,0.012827292974869836,0.012837121198892543,0.012844477361620046,0.012844658434722617,,0.01281655577960968,0.01283361013379818,,,,0.012807248007299448,,0.012833518418634412,0.01284922318065325,0.01283728965406653,,0.012802439186687263,,0.012842130611452063,8.326619615522546e-05,,8.31403832026991e-05,,,,8.323096897684086e-05,,,8.337025532289638e-05,,,,,8.344623307017345e-05,8.299924497975393e-05,8.315066937654759e-05,8.315676521101626e-05,,8.334808943760149e-05,,,8.290679360352327e-05,8.309466870159483e-05,8.314104547131921e-05,,,8.310626608837257e-05,8.314861191030273e-05,8.312562353471742e-05,8.291008291334068e-05,,0.012831887893826536,,,,0.012842647926406336,0.012870509541767121,,,0.012800531406469215,0.012860535380527751,,,8.290837742874517e-05,,8.311277672806747e-05,8.291448359200647e-05,,8.306475225231348e-05,8.288984836319665e-05,,8.320496160609972e-05,8.305014557724003e-05,,8.304358374031277e-05,8.281270866898972e-05,,,,,0.012829529733705118,,0.012832467574079055,0.012796771222358,0.012837111006185115,,0.012840761893109206,,0.012810324298054272,0.01280614607305209,,,,0.012818419596179551,,,,0.012872440265366223,0.012860473510681513,,,0.012838093344783714,0.012858527142671803,0.012848892403422033,0.01284614313436868,0.012834262158766459,0.012833566399910908,,,,8.298855490755416e-05,8.291802575420111e-05,8.286606925801514e-05,8.315500765155714e-05,,8.31936915286402e-05,,8.277614611743142e-05,,8.287323621569419e-05,,8.292893813470461e-05,8.314211258937681e-05,8.296928346243243e-05,8.296555694026476e-05,,,8.311222665672903e-05,8.299297421037096e-05,8.300767071709954e-05,8.300308354979075e-05,8.314396899898113e-05,,8.30881449263119e-05,8.297065405722808e-05,8.293807665608136e-05,8.297903806006288e-05,,,,0.02652364695117612,,,,,,,0.02597480612456274,0.025951928708189517,0.02595037902855959,0.025924639339349253,,,,8.376492031691849e-05,8.295468255733317e-05,8.334624088817281e-05,,8.130355204631574e-05,8.132514508912999e-05,8.114235113235322e-05,7.899148008449287e-05,,,8.500459846587499e-05,,,,,,,8.843597122361797e-05,,8.960626112524229e-05,8.943539560269379e-05,8.93522479998269e-05,8.932672164061767e-05,,,,,,9.001986790994874e-05,8.935102445182786e-05,,,8.95126020329776e-05,,,8.954201934245759e-05,,,,,,8.939525993862296e-05,,,8.949708279886922e-05,8.977331341736175e-05,8.950972339246103e-05,9.13112994538524e-05,9.101471899903916e-05,9.12144144644778e-05,9.096633019822408e-05,9.120734004959912e-05,,,9.18841191548964e-05,,,,9.168019458016318e-05,,,,9.174538504008789e-05,,,,9.127530346099102e-05,,9.131494650411548e-05,,,,9.154061876764204e-05,,,9.114798897309496e-05,9.128659360379742e-05,,9.137359679477165e-05,9.140150559605066e-05,,,9.159793675428551e-05,9.109851364205544e-05,9.146726688550288e-05,9.14507310305159e-05,9.142758559385438e-05,9.155594164626804e-05,9.123950242453214e-05,9.126955895633979e-05,9.132450931227158e-05,,9.10492310292298e-05,,9.121839472446109e-05,9.15665357524874e-05,,,9.121639218515564e-05,,9.116169455619063e-05,,9.135887395123677e-05,,,,9.142861126177277e-05,9.147009548638445e-05,9.131960939876486e-05,9.137919487792908e-05,9.123871906842887e-05,9.110538370845228e-05,9.138132409653147e-05,,9.120183098328516e-05,,,,,9.151228994436008e-05,9.13927359415329e-05,,9.13280142741619e-05,,9.132319777512765e-05,,0.07259125288938259,,0.07270508182378793,,,,,0.07265176236821107,,0.07276111917893437,0.0726868558592566,0.07290302299908467,0.07299171814028793,,,,,,0.07281422508235581,,0.07286709235132595,0.07279981916966188,0.07272658698893733,,,0.0728215025451805,,0.07281377375068912,0.07297589546282703,,0.07268947755654245,,0.07280101913615819,0.0729711210883621,0.07281634267189074,0.07299184685946536,0.07265407890518023,0.07281867423950966,0.07269700326875309,,0.07272312418789716,,0.0728280587372465,0.07246779872027517,0.07254729369554451,0.07280535254193721,,0.0726976755943036,,,,,0.07280405652966544,0.07255088579988615,0.07267721367466788,,,,,,0.07268880092204295,,0.07293204219722539,0.07287956729088517,0.07176101919144418,,0.07240567635208496,0.07277122770427445,,,0.07272967094740773,,0.07279087089148634,0.07270752889111866,0.07277488743970544,,0.07264112595648135,0.0726989185740379,,0.07294279444716868,,0.07292463227636879,0.07282627016004638,,,0.0727565115843637,0.07272736076955,0.07261019365477646,,0.07270891219047251,0.07280209939760207,0.07274697155527589,,,0.07278320893201388,0.07280299222737079,0.07270769368819073,0.07282495871074884,0.07262642438159672,,0.07273520962332329,,0.07262947135856523,,0.0728574755801679,,,,,0.07275001628302337,,0.07255429239615964,,,,0.07271975206135745,,,0.07278715066307176,,0.07270870452645578,0.07270205590832002,0.0728462331450791,,0.07292310632558081,,,8.499576607567625e-05,,8.46303483299452e-05,,8.474758679261864e-05,8.47560624492194e-05,,0.5032176627901727,0.414736066535797,,,,0.47445740542338555,0.4749286815580934,,,0.4757906116341529,0.47667697712555246,,0.47530050622581776,,0.47471511149917467,,,,,,,0.4752624206621854,0.4752811635983207,0.47573337947978067,0.47618769267122496,0.4754362595142333,,0.47597059442203843,,,,0.4743762382256661,0.476274139921711,0.47402504276636964,,0.4761204827255312,0.4738870274555387,0.47472127204698,0.47588628906896896,0.4754637398069439,,,,,,,,,0.4757582875454472,,0.4746358859147394,0.47612219576157455,0.47610441737576636,,,,0.4731741883930901,,0.47522697025269545,0.4764745075314728,,0.47578720175425715,0.47586411924772964,,,,0.4740591062730174,0.4745776255209349,0.4731721192125571,,0.47402060286092684,,,,,,0.47467664299279055,0.47478943317534433,0.475063263270915,,0.47312494561502605,0.4751685997089094,,,,,0.4745974430467317,,0.47329815665413305,0.47315492329774217,0.47519593275867594,0.4751642396767093,,,0.4739301771449769,,,,0.47564090768836953,,,,,0.4743199819463085,,,,0.4759490390594162,,,,,,,0.4746948982354731,,0.47514512674696996,,0.47624831375658155,0.474125604365579,,0.47463782560819157,,0.47522101624064883,,,0.47409095577173654,,,0.47570325165747207,0.4745173340051261,0.4754687175768245,,,,,,,,0.47595256686490833,,,,0.4755152424463485,0.47502898783351755,0.4747720300572663,0.4725551177210652,0.4752328205512675,,,0.4735880829594142,,0.47497251021635845,,,0.475662027337107,0.47521269679348055,,0.4760782114316691,,0.47683920164295257,,,,,,,,0.47340681238493326,0.4751930554002182,,0.47636568433969523,,,,0.35703583848979514,0.41567948097215374,,0.4145763926610985,0.4784698508598896,0.4784291880834078,,,,
8,24,DG_48pct,96,Z07_F01,7,SLG_B,175042,181976,True,7017.574770414472,6889.849606014703,6808.6949771947675,5726.392738983115,5633.160964684408,6840.773617518511,96.36185368764563,1854.059835760279,1638.2597928075834,875.840719890763,812.091724874008,273.26845963540944,4.763129844263943,52.054292932807215,167.00017974632297,640.0533745956385,536.9891781999668,221.89024778176542,305.29319343226405,279.50501681019375,,,,0.8198176095127964,0.7075877893987843,0.6399773732674401,0.6309285567565147,0.3742095762478742,,,,,,,,0.5358799917170072,,0.4655709401487214,,,,0.3747670481914117,0.3740932895748665,,0.373408742720837,,,,0.3712923270898383,0.3742669152297514,0.3729885256572632,,0.3740478169697885,,,,,,,0.3085332777585958,,,,,0.30924939398811346,,,,,0.30917906745619217,0.30914748445160545,,0.30877255537559467,,0.308409367031585,,,,0.7459331885433887,0.45548251220710134,,,0.7426447979082174,,,,,0.7414128233125257,,,,,0.744998784589268,,,0.7451661836954455,,0.74281832814482,0.7413888990087469,0.7429985568294276,,,,0.7442865424994558,0.744244173526671,,0.23563926190433448,0.23656877943072932,0.16264330694160348,0.31454168066674265,0.31499674997310945,,,,,0.7632712017587407,0.764071041998876,,0.764137989755942,,,0.7651019485238336,,0.7630716411701998,,0.7591574343743754,0.764887093628603,0.76653252892683,0.7646766949961739,0.7621592115277629,0.7626121354983459,0.7633436737917262,0.7624262973180624,0.7632582193768452,0.7654548817971076,0.763930468499076,0.7662789745457442,,,,,0.7644121216159735,,0.7634952963226508,0.7634330993113071,0.7638653396877547,,,0.7641248913082301,,,,,0.7615689855147204,0.760516814871092,,0.7634652954847522,,,,0.6355478151974105,,,0.6345335104243057,,0.6354722822308603,,0.6348106476533842,0.634905145105222,,0.6344072404509109,0.6342213796017804,,,0.6361347175802237,,,,0.6343231483924839,0.635429803972049,,0.6350204333805304,0.6341563993108448,,,,0.6348079248988032,0.6340047513192518,0.6348756845422912,0.633831891541748,0.6347191507952563,,0.6354971761053648,,,0.634590799737018,0.6357095191856776,,0.6364988011486452,,0.6336374677425116,0.6353440018684785,0.6360171447617027,0.16352846353461836,,0.16356678183685014,0.16357696531305813,,,,0.16312583106278442,,,,,0.163528247043914,0.16362550634483033,,,,0.1639116545043055,,,,,0.16344922416808924,0.1633199772398061,0.1630330499917012,,0.16368944296105717,,0.1636366835606604,0.16322229291328996,0.16340094006744166,0.16317345444557874,,0.16331190122312425,,,0.1635579223842334,0.16342049151982255,0.16355714933151316,0.16358106095530717,0.16363294593988756,0.16344849894562802,0.16324547581169419,0.163890934482855,,,,,0.16400378615240413,,0.16323428107144433,,0.1634073234897943,,0.30815154471138706,0.3076401972856697,0.7777322838569091,,,,0.3134639486542049,,,0.3148518389550684,,0.7865316679473409,0.7865442221084635,0.7861007621769163,,,0.7869534009106606,0.7885650685013346,0.7868031030390581,0.786525412384437,,0.7890504747861904,,0.7872670276484512,,0.7869662880137318,0.7868667464515853,,0.7859302518723662,,0.785439125909614,,0.7854497851461709,,,0.7848607123394337,0.7854565379143301,,0.785448646428527,0.7841689260983707,0.7851655525707217,0.7858824015776563,,0.7852845704524362,,,,0.7866730238136797,0.7851236238814991,,0.7787868674999122,0.7792952904028354,0.7798915231229023,0.7802152562323117,0.7800390748317337,,,,0.7799140867411892,0.7782541719531237,,,,,0.7799405034749263,,0.7819584874417871,,,0.7809550706588033,0.7808689782990257,0.7802654580595879,0.7779145588347716,,0.782698861660771,,,0.7805844238506758,0.7790942552662355,0.7810404378840787,0.7781266994061741,0.7806617445487395,0.6105971541906083,0.6119510829837594,0.6126188388961575,0.6110638403230124,,,0.613014079808983,,0.6137499547049367,0.611978055293199,0.6123239741754221,0.6111558851315754,0.6129182311781914,0.6139044455196682,,0.6140285624090277,0.6123160246289158,0.6130505700560959,,0.6122184074917635,,0.6139388580757082,,,0.6128478443497848,,0.6135993659838058,,,0.612311097933359,,,0.6103241438450544,0.6128903767146499,,,0.6134746210123183,0.6122560685049896,,0.6108418641563562,,0.6108837425637614,,0.6130731538101155,,0.6121046243974854,0.6128171067705924,0.6123500761034973,,0.6108540420853725,,,,,0.6122940164939876,0.6111412261498557,0.6111788134453434,0.613479687143371,,,0.6134618022338774,,0.6143422687568241,0.6126966887799864,,,0.613744249337776,,,,,,0.6140654272227257,,,,,0.6120982580578617,0.6146409974035476,,0.6133352392477192,0.6142555464243371,,0.6131468591016814,0.6137081910610764,0.6123245099833912,,,0.006402778081459454,0.006392779523261004,0.8032136886270643,,0.8009180851671099,,,0.3527121807917869,,,0.35305224439910904,,0.35299975892208296,,0.15137162328793843,0.6235909743243556,0.3144109607038625,,0.3147986633266947,,0.3107847919388581,0.3109791813224023,,,0.3066935257528794,0.7683708356528594,0.17193359407845554,,0.7902631970807291,0.18311199641687156,0.6606552765584305,,0.18639661292298434,0.6679447599468237,0.18938385454393802,0.18944905697022965,,0.18970432783315347,,,0.1894854011235713,0.6738068635020926,,,0.33727875925631073,,0.3371584033122584,,0.33780814182442076,,,0.3372114346246066,0.3379644051370228,,0.3377478107186274,,0.33761619292225736,,0.33783910111179294,,,,0.6876284976794758,,,0.6884495057457781,0.6874807989215546,,,0.8244009329795865,0.8240553743926977,,0.19686257431499452,,,0.19682140784377095,,,0.6935540414070919,0.6945524200189556,,0.3429646539342788,0.3436119593961577,,,,,,0.34375314703604387,,0.34353810159417675,,,0.34292694809368013,,0.3445013999410393,0.343747576441104,0.3438757992913127,,,,0.3438308019701055,,,0.34379429155592783,,0.3447217256526154,,,,,0.34319248317301104,0.3436075654265717,0.34367609567655927,0.3425784797470843,0.343698912781829,,0.3443540010119895,0.3443578893788468,,0.34264590052875765,,0.34395231615208166,0.34466007937309867,0.3445025435001216,0.344288026833251,,,,,,,0.3442655632183871,0.34325204396253123,0.34339084328387526,0.34434681224223845,,,0.3433672430966354,0.3434222178608113,0.15243640654564392,0.1530078102398995,0.1525975683497005,0.15314995575242063,0.1529427156858668,0.15274889255556223,,,0.15238899751877755,,,,0.7887696581603874,0.787113279251703,0.7880400725271454,,0.7886614423230366,0.7875241812189795,,0.7866599353059489,,,0.7876978755208861,,0.786675831858979,,,,,0.7856140563616026,0.7857919437679614,,0.15296566002914128,,,,,,0.1532859962102895,0.6127274474251622,0.6116622793532722,,,,,,,,,,,,0.6109227693080428,,,,0.7861825053068889,0.7887558291297841,,0.7894184363274732,0.7884115629518129,0.7871778831094639,,,,,,0.7839177123733193,0.6124198900388167,,,,0.6108938195089734,0.6130358608699342,,0.1527140512271985,,,0.15329548013619343,,0.15282017196087386,,,,,,,0.15277304806595124,0.15310021073210622,,,,0.15320875612892637,,,,0.15250277217879726,,,0.1529868816710783,0.15295249323020368,0.1524174901933496,,0.6116985618374178,,,0.61258018568342,,0.6124180297319708,0.6111166494735853,0.6130647668681369,,,0.6105868134016752,0.612442358978135,,0.6140600026698538,,,,0.6128892147622205,0.6131450312733323,,,,,,0.6131557104023474,,0.31997075829836324,,,0.319131574571122,,,0.5577794324891012,0.33172968878074904,,0.3316340648471021,0.8134475614584515,0.3747688601059861,0.3741755215038469,0.37422214333393994,0.3740988860489476,,0.37511288619106486,0.37484404191569404,0.37405305612026285,0.37290762944161715,0.37364642219341476,0.37431047566497744,0.3738303517190854,,,,0.3743663069698163,,,0.3738966397536277,,0.37365209005832273,,,0.37413963076687845,0.37378532495070965,0.3749594913851446,0.3744714239431905,,,,0.37364111667303757,0.37350421407525697,0.3735190528445028,,,0.3747185980212771,0.3738606113350353,,,0.3743316728703443,,,,,0.3742103591020617,,0.37379279134885585,,,,,0.3735034526317235,0.37429540723388177,,0.3731947546808741,0.37396124013791043,0.3747953841731805,0.37413253912995525,,,0.37365364535054607,,,,,0.3738276488670699,,,,,0.3735468659039813,,0.3731719860862242,,,,,0.37312916686344644,,0.37447845224148346,0.3755071965175924,,,,0.3725559309897946,,0.3728768597404292,,,,,,,0.373776291250787,,0.3746160003258194,,0.37379687054847494,,0.3740088687276785,,0.37435036971393726,0.3732093686395956,,,0.3745112845528833,,0.37283145953841307,0.37447351735720025,,,0.37388194905646954,,0.37343224509557865,0.3750203500835336,0.37403232114806434,0.3734172435100611,,,0.37324089018472206,,0.3735836915389388,0.373806689395089,0.37424990808709335,0.37531436181828376,0.3750805994352468,0.3719564462296398,0.3744500977117472,0.37329914650497376,,0.3749822622708916,,0.375606532428882,0.37364469920447974,,0.37341865904009863,,,,,,,0.37393125589799314,0.37346306385664335,0.3722713082284684,0.37474230363891164,0.3741167305544867,0.3740913667059627,,0.37353866968661015,0.37477307555290557,,0.3738291526545576,,,,,0.3747485146098617,0.3745203174432844,0.3749824801892913,,0.37307316032180826,,0.37306693592872336,0.37445988020825577,,,,0.266599692905516,,0.26646523433483754,0.7558336509559451,,,,,,0.5364235875492448,,
8,24,DG_48pct,96,Z07_F02,7,SLG_B,175034,181969,True,7195.021935416608,7082.564208137236,6988.844148978045,5872.541850511848,5896.3199667845265,7268.008284117901,101.38889906070007,1967.0662921203123,1726.6791005293671,918.7029035547482,849.0437281997113,276.9062787883258,4.406172988778415,49.712900830553856,158.71109619651784,547.8972568967205,568.802227143474,235.2667175414773,322.4041865849926,293.0404197591309,0.6008881455508904,0.5975756362731045,0.5993133863058779,0.8160551987096982,0.6864703684125404,0.6330890731490058,0.6016572792329478,,,,,,,0.7430306881424527,0.49454753949325514,,0.49450663585474314,0.46259207378842737,0.46172509309223625,0.4600554926175551,,0.34034812607468856,,0.33992821187991795,0.3392823324220152,,,,0.3384033494883684,0.34020455181806614,0.33990875254539454,,,,,,0.2968108464681602,,0.29671532677069135,,0.2758529049789013,0.2758729628144028,,,,,0.2767958298599992,0.2763687153163087,0.2768355373687228,,0.27635289586331563,,0.27599703116504254,,,,,,0.7321595576618328,,,,0.7323264694739678,,0.7287901562286802,0.7313780212122184,,0.729957785341637,0.7307933699708345,0.7297938107157836,0.7317211979621583,0.7314616574392278,,,0.7291831829666037,0.7305772640293484,0.7287863797801464,,0.731571510346557,,,0.7313216758498146,,,0.7314316229622783,0.20418040340174767,,,,0.3597848583110051,,,,0.35984840791148753,0.35999334769788377,0.7375143974198525,,,0.7357638489291276,,0.7371583916218721,0.7359230057135787,0.7349276529933192,,,,,0.7342674464451192,0.7349034139851267,,,,,,0.7350587608822698,,0.734491791942716,,,0.7338352027774451,0.7318726180177704,0.7378444984954122,0.7348993769576623,,,0.7320019659486453,0.7343263667281819,0.732640026828962,0.7342981589619146,0.734618252598893,,0.7332758121906676,,,0.7340015384736452,,0.732885472706121,,0.6613526373440932,0.6627715776734221,,0.6609740608028339,,0.6584565305885578,0.6613282208464478,0.6615693747522974,,0.6603248573073234,0.6592821939727755,,0.6593640259913353,0.6605933519368558,,0.6617352501014294,,0.6609251832175173,0.6603008830951649,0.6601282675706044,,0.6607970642259221,0.6595870572658559,,0.6579886403196746,,,,0.6584394882601821,,,0.6585484563979607,,0.6605797647464776,0.6581128472238567,0.6595998588427241,0.6589338197003621,,0.6601915166373656,0.6614294349010257,0.6581441200058186,0.6608890159616272,0.6592824810605291,,0.6588269474011222,0.09073116546605,,,0.09038978613715379,,0.09040052352440732,,0.090579680801903,,,0.09084945993599598,0.09058871421289702,0.09022780473070262,,0.09095738112662707,,,0.09057765971588792,,0.09028893903645553,,0.09039746604737758,0.09069644078464079,0.09029909884929888,0.09065577202114318,,0.09044390662658816,,0.0904248948391284,0.09023417683904843,,,0.09029276407992033,0.09098350732880035,,0.0904629470966765,,,0.09026572478714,,0.0902796590618232,,,0.09051913711573722,0.09083424933973619,,0.09032215709528725,,,,0.09012486510650158,0.09035471876872016,0.09050027618165295,,0.3506055986115651,0.35077143839427233,0.7549743437770068,,,0.3581573258899767,0.35729621434579634,,,,,,0.7716378780658423,0.770163169450566,,,0.7717910542292853,,,0.7689469814389481,,0.7704623765832681,,0.7725428012948632,0.7710419837265049,,,,0.7696386405342482,0.7706719918405797,0.7719584756490321,,0.7710635898220833,0.7676244412828777,,0.770092748223833,0.7701284975625706,0.7664339231678577,,,0.7664497974760378,0.7686618635549851,,,,0.768205456688022,0.7695792715124388,,0.7717837496670052,,,,,0.7613717129932361,0.759958830014279,,0.7598434948479843,,,0.7603987758609327,0.7613655845484982,0.7615316744942474,0.7596626686031556,0.7616072722351694,0.7631543847330509,0.7614140246105288,0.7594051632586565,0.7638270022848992,,0.7620567336585402,0.7616881204285353,,,,0.7600347680361449,0.7626252585527468,0.7601964715070851,,,,0.7576161392799386,0.7604290646606974,0.6240145893919848,0.625604360749866,0.6244053615832867,,,,,0.6235197979347468,0.6241284520472624,,,0.6283263361754415,0.6272741822275659,,,0.6276523648773401,,0.6262269282429899,0.6286304758747772,0.6247300266339444,0.6284642502606156,,0.6281555435587145,,0.6253746676281522,0.6255560006855981,0.6226627644436398,0.6208245659350936,,0.6228925911410447,,,0.6213516239894965,0.6231590715200955,,,,,,0.6235251442578249,,,0.6231603917017615,0.6223243438256522,,0.6234922899466953,,,0.6217294755475029,,0.6211439142948428,0.6211221117020876,,0.6235247191201851,,,0.6224383537848409,0.6290145836342592,,,,,,0.6259657982459959,,0.6278992361296108,0.6286530234766703,0.628600757124591,,,0.6272255608559434,0.6244778346528902,0.626879932964145,0.628984788839642,,,,,,,0.6256007194056911,,0.6278238527276313,0.6260530800846571,,0.6262998673540838,,0.015564311406573267,0.015562473008095948,0.01551142167720487,0.7706126373166831,,,,0.7690421742647687,0.3570968822312693,0.35763635541754785,0.35704107225181764,0.35701976751158815,,0.35687918112205896,0.7391932659514779,,0.6462942366039289,,,0.35724988234902416,0.35501764298277233,0.3550162382242298,0.35524275193048116,0.35164940614099505,0.3522880605852681,0.35141771466320854,0.7374729396266371,0.10270592816799065,,,,,0.7623323363329558,0.1142072732413799,0.6980751989638221,,,0.11708545455174293,,0.1170405830700157,,0.11665684026675556,0.7063170673114942,,,0.3844104589681211,0.38534463949582715,0.384716264210801,,,0.38558467234708077,0.3846371605441158,0.3848896575003411,,0.3850380227437314,,,0.3844300377105337,0.3839715735895695,0.3852449424373766,0.3843190378946852,,0.3847745272740735,0.7208351102409883,,0.7208911067741037,0.7212040574985042,,,0.7859298649102451,,,,,0.12317591937249067,,,,0.7250516425840904,,0.7244059600334768,0.3913914099035292,0.392261213270555,,0.39173655494789017,0.39135712771780395,,,,,,,0.3914096862786137,,,0.3907322054393661,,,0.39189486469929613,0.39231662741648854,,,0.3914140359557049,0.3916890363375486,,0.39174252620119737,,,0.39249875322417666,0.39213094292602374,0.3911645523766886,,,,,0.3913488706863847,,,,,0.3910765070109884,0.3917348246017077,0.3924448092956578,,0.39151479826126834,0.3919218713605645,0.3918110310487872,,0.3910180598890313,0.3921135854536761,,,,0.39055766290108024,,,,0.39243412185607807,0.3920638871884813,0.3916471486223251,,,0.07376353754676478,0.07403372363010831,0.07412192994402524,0.07372331591098741,0.07382665892218974,,0.07414422230149789,0.07380926859325812,0.07408350969339965,0.07380802004007656,0.07374503987854408,0.7717240987469054,0.7708253232012162,0.7722755366985651,,0.7725135751411152,0.7720396296151182,0.7726110634059559,0.7725142159784905,,0.7712792356353914,,0.7706421781580413,0.7700422291903949,0.7712284634012121,0.7676809048047805,0.7698607169896329,,0.7704587977131329,,0.07411675082370908,,,0.07406973440193274,,0.07388089503468535,,,0.6222167317529382,0.6210909111162167,,,0.6226719642534132,0.6237981271842837,,0.6218286059504675,0.6219714728726752,0.6223978139425796,0.621874943914893,,,0.6225730844265164,,,,,0.7727532682193269,0.7709674746516537,0.7711966872646483,,0.7697060842995013,,,0.7710859588883946,,,,,,,0.6225934091931201,,,0.6194460996128148,,0.07406533200487425,0.07384865360843099,,0.07363902036282079,,,,,0.07397488506961565,0.0738675694382432,,,0.07370933998061437,,,0.07399005329203881,,0.07381064522245286,0.07412031102724857,,,0.0739267073471015,0.07389412196539202,0.07392070194628059,0.074029988246286,0.07406072503834225,0.6230408913761225,0.6241268971512987,0.6244509465785805,0.6236413621559355,,,,,,,,0.6221141046727562,,,0.6212587481843063,0.6228054570994508,,,0.6233332088783414,0.6223587602299593,0.6201410732219252,0.623050524943841,0.6218646779087672,,,,0.3635526595141679,,,0.3639799762360307,,0.36415388637078094,0.4374070103958648,,,0.2999107130442199,0.30036402790582883,,0.3402163188077932,,0.3396714917966111,0.3397478279106214,,,0.33999637925814735,0.3403154997232763,0.34022993316491873,0.33884148913158124,,0.33897316585886195,,,0.34125995318330515,0.3407105387145141,0.3403014422922382,0.3403336743565799,0.3399048328160321,0.34105204172183873,0.3405579354358972,,,,0.33993875314921784,,0.3404580008136114,0.33996600929942544,,,0.3407868740573343,,0.3410195380637336,,,0.3402208510949001,,,0.3402270567705943,0.3399049026062203,0.340911884985188,,,,0.3400410453387937,,,0.3397453422614221,0.3400288484185404,0.3403229226012013,0.34117194816449825,0.34050516766624234,0.34019580007788336,,,0.3408653696305185,,,,0.34097797437566657,0.3402272340447038,0.3411363739112756,0.3403045056194777,0.34072602764299653,0.340288429310477,,0.34014968406003276,0.3405188768760428,0.33999841057299435,0.3418437552886161,0.3399932853329898,0.34004297976481374,,,0.3410948146574771,0.3406544284508107,0.3405838614731204,0.34019223244116975,,0.33961928386650087,,,,0.34110545146069876,0.3407583220705899,0.3412697483721203,,0.3400675683613512,0.3400395988620522,,0.3403407770251069,0.34105913865130477,0.34107590398110765,,,,0.341060920872442,,,,0.3405545738044775,,,,0.34088700297815566,,,0.34018819337123946,,0.3413292746317355,,,0.3407217219719005,,0.34058729270879873,0.34139415596337314,,0.3402011401723925,0.34059524809573466,,0.3395333723505408,,0.3407028293789036,0.34024630482635493,0.3403483509933453,,0.33961682233187257,,,,0.3399731103223276,0.3414197838429871,0.34083023598966405,0.3401879073457711,0.33956491220715146,0.34010340554281443,,,0.339488250174192,,0.340633085616902,,,,,,0.3401636814769483,,0.34040825846498574,,0.3396367372856389,0.33967848736384926,0.34128276287106746,0.3397687510302588,,0.3406617649972958,,0.34065794350083234,0.34090433887603844,0.34107843416188555,,,0.34097823128251364,,,0.3405111569993481,0.341584878458078,,0.23325172476433137,0.23383759603745527,0.2336980165811269,0.7379403551555489,0.43491368963828764,,,0.7444821653782034,0.4947487234370454,,0.4617646980848864,0.4626572008415491
8,24,DG_48pct,96,Z07_F03,7,SLG_B,255469,181979,True,7096.753667325714,6891.38505488155,6902.595422842912,5826.074829800072,5673.087377512587,7018.6757879569195,98.08832648950626,1908.6731924834985,1680.5596088139546,891.6079608430548,822.8984650701367,268.33908319820637,4.598305506982967,51.025337475980095,161.92356008678692,599.9209222974388,554.7267211089405,228.18880222686576,311.95391653381336,285.3575882463833,,,,,0.7008853803716145,,0.6169431871927314,0.35787545947928023,,,,,0.7486961929577842,,,,,,,0.46373395952111535,,0.3592313146887632,0.3584066012096026,,,0.35696655512558817,,0.35481369038913557,0.35464343350978866,,0.3580835528790678,,0.3577382652242213,,,0.7521321580638428,,,,0.2919168578972348,0.2923934234534228,0.29272758894019385,0.2920604808422499,,,0.29182469586107895,,0.29227328579351347,0.29253484910825023,0.2928527057961499,,0.2915756828700816,,,,0.2926028880306448,0.2927312562687365,0.7379956613049343,0.7416026244927362,0.43230958964636296,0.4617474410045224,0.7369782690664755,0.7392438648433002,,,,0.7390919962792435,0.7380080908520424,,,0.7375938450375307,,,,0.7374005168932682,0.7360649850052412,0.7373969463096587,,0.7372197188577185,,,0.7396146159974438,,0.7397705684764281,0.7403139672499175,,0.2193946105183204,,,0.33333651444713663,0.3327662414846992,,,0.3347501827531857,0.33340351505055815,,0.7522105342354944,,,,0.7515728998143244,0.7502427677789425,0.753016279345293,,0.750996001338475,,,0.7508860906697523,0.7523505249157908,0.7521068199278297,0.7524490962483535,0.7537080107556813,0.7515256210109836,,0.7514924215377053,0.7513835499768569,,0.750228075681367,,,0.7489959029473995,0.7486738678977648,,,,,,,0.749834549660114,0.7496337207267969,,0.7493217298459199,0.7491482615124215,0.7489230215426845,,0.7488918840135241,,,,0.6463696072535605,0.6465511325407024,0.6478036769489524,,,,0.6462836269437366,0.6467921821932112,0.6459690844005939,,,,0.6484619084192881,0.6465305752665571,,0.6438858112416483,,0.6456777067060975,0.6462282933588226,,,0.6463309573103218,0.647821872783527,,0.6455390977030789,,,0.6474056864668996,0.6432220769388123,,0.6471896306669359,0.6463495639359232,,0.6438529975490165,0.6454638525684995,0.6459230209473289,,0.6467698715401655,,,0.64635594944954,0.6453370053570497,,0.6446834346129672,0.12835995254021657,,,,,,,0.12869321038758233,0.1284490072363678,0.12883017579455644,,0.12841189620158988,0.1285484064777482,0.12809688071051872,0.12802790352039845,,,,0.12810484009131112,0.12843592049316305,,0.12835868254626412,,,,,0.12839613987081902,0.1278582950897735,,,,,,0.12831243575311108,0.12837141257431872,,0.12845709867156727,,0.1284502446571689,,,,,0.12849612964540788,,0.12817755968891628,0.12849543117131382,,0.12811527160684202,0.1283153010339555,,0.12823711753642886,,,,0.32567933580316155,0.7673376599234262,0.74633115236827,,0.3319473379847012,0.3318895347883999,0.33148589228757264,,0.33236317512105845,,,0.7815375662007854,0.7773465327145881,,0.778948099574477,,0.7787667320189352,0.7761822613405226,,0.7787573409634,,0.7782601657876849,,,,0.7784696899954984,,,0.7809840933271728,,0.7792174909690616,,0.7787239446833333,,,,,0.7755518283495277,,0.7782101819044642,0.7784776664579101,,0.777157696096296,,0.7778406454097049,,,0.7761898306903096,,0.7706762161738813,,0.7713986954121933,0.769651110079223,,,,,,,,0.7719374288056514,,0.7706410013284547,,,0.7712477244288831,0.7714801512417072,0.7720495290327917,0.7722879915896836,,0.7707477428848084,0.7704432149386145,0.7719626344513179,0.7683108668310346,,0.7687070105561185,0.7712365990596917,0.7704115421409705,,0.7703755270278143,,0.6161695265928251,0.6172855813856168,0.6178138978005479,,,,0.6166088810866082,0.6157640217965346,0.617493925365264,,0.6166835513058843,0.6190359916261352,0.620172991352959,0.6189284505850621,,0.6189641798510612,,,,0.6200484762326628,,,,,0.6226754532241761,,0.6153343773145902,,,0.6152109840114479,,,,0.615552604767006,,,0.6182965465863101,,,0.6181214342483706,0.6169667741542171,,0.6171239210328925,0.61841939844781,,0.6177467161189928,0.6178054094174228,0.6187707942478287,0.6148019978529806,,0.6172662160289194,,,0.6184545247053851,,0.6164075072675536,,,,,,0.6195566935377094,0.6197571526647131,0.6194890886836316,,,0.6205387885122793,0.6211674035480401,,0.6181762499568051,0.6199145725360149,0.6200266966815305,0.6188349668966786,,,0.6188247763562809,0.6182842917582889,,,0.6206292629974288,,0.622090442458806,0.6197829374253242,0.620972074164192,0.6204690412103949,,0.010261342454798577,0.010314846800687024,,,,0.786022374638978,,0.7860414843684778,,,,0.35408489069160065,,,,,,0.6340071821889848,,,,,0.3296696476898792,,0.32620700689866616,0.32463875867706654,,0.7538985566222135,,0.6488219631588378,,0.14841793409364853,,0.7805425429594891,,0.6801769222775177,0.15408726266295494,0.15433943679314752,0.15452809027789335,,,0.7869939879565544,,0.6877485347353239,0.15686711284477667,0.15677365951252992,0.3567504204510539,,0.3568043367481728,,0.35743855790763046,,,,,0.3568624982306891,0.3575949819739287,0.35618792106768127,0.3569558263886721,0.3566970404768168,0.3571088612789497,,0.3559067637488395,0.35860748692792416,0.7029023907623201,0.7051460042602722,0.7036725543834622,0.703615372111658,0.7039415388343528,0.6975403527054922,0.807131629492438,0.8060998335926861,,,,0.16181279182436398,0.16179983159598002,0.16131863051182613,,,0.7062788132220827,0.7080499065220017,0.3643573056074478,,0.36304361410453057,0.36520013282370717,0.36316173032766813,0.36476277374302557,,0.3635014470453957,0.36325065288910985,0.3645062120245816,0.3628172060616335,0.3646625133747379,0.36405881766040216,,0.3640130705612513,,0.3638421716176446,,,,,,,,,,,0.36430776033758283,0.3637800923559428,,,,0.36360505302940094,,0.36336636564927727,,,0.3637975648607789,,,0.36390545800202917,0.36291212366575604,,0.3633267340614334,0.36330688232310854,,0.36397569358839893,,,0.3636100269537797,0.3631579079136436,,,,0.3637742495928651,0.36278282869188094,,0.3633228433388884,0.36431174966811947,0.36336007322023395,0.11536804568860462,,,0.11532722728612368,,,0.11527824775223798,0.11561797140866667,,,0.11535351367382578,0.1154928894245255,,0.7809589277253183,0.7797121091056203,,0.779315814187594,,0.7788780784765678,0.7784349124744403,,,,,0.7796952650222871,0.7790172315190051,,,0.7803779031947568,,0.7788549325354857,0.11569821275863772,0.11539241567477754,,,0.11547761176421024,,0.11567355454358878,0.11587429832255926,,,,0.6144338130852445,,,0.6147738180574386,0.6137187654256167,,0.6158698530455489,,,,,0.7777407022134865,,0.7761853687300009,,0.7803384079032404,,0.7815032953715275,0.7811077548162646,,,,0.7793768794924196,,,0.7745721153690147,0.6160178117491818,0.616373983695358,,,0.6157888435019089,0.6169710566200487,,,,0.11557207669542008,,,,0.11547393813109891,,,0.11564525868892292,,0.11523433137803309,0.11529394635843729,,0.11559256234377409,0.1152901756959975,0.11563438795153452,,,0.11510832908442303,,0.11547948997554305,0.11570285877026446,,0.11575687169551636,,,0.618214316663149,0.6183621533712687,,,,,0.618179095039377,0.6175629676250954,,0.6178650437336048,0.6162543999687328,,,,0.6167345864226234,,0.614189637504045,,0.6156133119514503,,,,0.6158571421865039,,,,,0.3366507797576362,,0.3388367979987461,,0.33739268041085396,,,0.31599737675934075,0.3162363182460985,,,,,,0.35858089410577665,,,0.3577429581173476,,0.35832937636178036,0.35729620049306565,,,,,0.35796809445540817,,0.35687467189715544,,0.3584353337141417,0.35745835021055883,,,0.3578798179671331,0.3581350120719055,0.3572494066055278,0.3583598666334306,,,0.35679402590940484,0.3572528978779173,0.3589803702011746,,0.35772142432871723,,0.3573103385721349,0.35783012964346705,,,,,,0.3587821287118653,,,,0.35726471973884044,,0.35874671666340974,,0.3579752942088536,,,,,,0.3579450703557308,0.3584961102387046,0.35771391888408616,0.35729383713190244,0.35783543249560995,0.35717591039657276,0.35797796851341795,,,0.3585789721012957,,0.3576868579244542,0.3577632761923976,,,0.3579827359798924,,0.35767645006306403,0.35857244092132795,0.3588954056636494,0.35687808602215615,0.35832563730760014,,0.35827615885576647,0.3576608280144457,,,,0.35791030570174065,,,0.3580987231388351,0.3572269736492845,,,0.35598942156736835,,,0.35744113529203325,0.358086181399268,0.35750101619112284,0.356984627608622,0.3582013969540466,,,0.3581973186772351,,0.3574789185388558,0.358346908042354,,,,0.3577225024993557,0.3577168213487786,,,0.35747275787263527,,0.35804553174069564,,,,,0.3575219035428872,0.3586630626150108,0.35800908358647243,0.3568814640145432,,0.35766030900264195,0.3575922078236725,0.35882592415357667,0.3581757565724463,0.35772299205545244,,,,0.35786287066490857,,,,,,0.3584621542701822,,0.35757291854830264,0.35802233496681724,0.35735746681291497,,,,,,0.35795050750474816,0.35823144822999303,0.35794467014234344,0.35793879112902244,0.3584407988509679,,,,0.3566847506404485,0.35746532095662553,,0.3568964884135698,0.35833218332621986,0.35801158414035544,,0.3586919065645191,,0.35899633738004627,,,0.35701555711508787,0.24907176278603066,0.2498588182179655,,,,0.4715991182940347,0.7517423019898518,0.7505990118900427,0.5180618626363216,0.5185070779263038,0.4646875175444277,
8,24,DG_48pct,96,Z07_F04,7,SLG_B,175041,181979,True,7145.119608788669,6967.834783799722,6858.01552138226,5772.990596218786,5675.942309354421,7073.127216608016,98.40185859588436,1899.8139350815309,1675.039789158146,897.342832941934,826.3899198108297,267.9183717622344,4.62154099435265,50.8856018510328,163.39469753934767,596.5627687074674,552.2132254476435,226.91853946596962,312.2576822685509,284.0746045366358,,0.6104426499153075,,0.82013165996161,,,0.6166195406632311,,0.35902017430384975,,0.5110564713292887,,,,,,0.5156446236721732,0.46383885108871736,0.46225878378395646,,,0.3573856453744482,0.35837578499580236,0.35748415701383995,0.3565515270580442,,0.355013018547394,0.35428716228717083,,0.3582537705066914,,,0.35771672313221714,,0.3575123906942264,,0.3131985189307193,0.31387929069555526,,0.29262852690595714,,,0.29337398126808895,,,,0.29217845129855113,,0.2934287860984469,,,,0.2920914746306264,,,0.2920961985080764,,0.7403276788350618,,0.43147045167098863,,,0.7384981618576864,,,,0.7394107854294403,0.7382458010993255,0.739610201433177,,,,0.7384097154153141,0.7360744307469104,,,0.7379134588922049,0.7363024241605378,,0.7382325910341411,,,0.739459540764073,,0.7382646105356082,,,0.22009226550255867,0.12770883862141227,,0.33262372266876405,0.33359123768027465,,0.3340191283449621,,,,,,0.7496968546581211,,0.7494461654320279,0.7514561551402016,0.7504266267141865,,,0.7518421560376749,0.7508192256036087,,0.7485333616950813,,,,0.7513017578687526,,0.7487251163448411,0.7508936131252996,0.7492046622017167,0.7501420859070134,0.7527497026990262,,0.7487426275968705,0.7515823563803726,0.7508748518012911,,0.7494074317703837,0.7489551668909648,0.7497642491982431,0.7517431388807407,0.7498048167624963,0.7498417128765372,,0.7492573032729293,0.750051378334136,,0.7497972259724596,0.7500240996915754,,,0.6473789441272617,0.6471410670127314,,0.6463690250136452,0.646205107440792,,,,,,,0.6453190687456032,,,0.646689278253328,0.6460971892534045,0.6459085607240442,0.6470739029831263,,0.6464429942335148,,,,0.6447808859745389,0.6470212356599805,,0.6457083821830075,0.6463155875616443,0.6461378446869281,0.6459128007516282,,,,0.6455952030293847,0.6465222302716945,0.6450643398866057,0.6472355807024991,0.6452033102239886,,0.6457186613212854,0.6454073750540561,,0.6457596467852479,,,0.1281980942549787,0.12841544181745143,,,0.12854806420825107,0.12812769127704474,0.12819426584329516,,0.12852123557993675,,,0.12864385735986533,0.1281394938722031,0.12810969159261884,,,0.1281456395601404,0.12842146874381835,0.12839502100215933,0.12830939204865296,,,,0.12826878508731976,0.12833366209528463,0.1281979037942545,0.12849922681701195,,0.1283521170825625,0.1283920322870017,0.12804322432480722,,0.12816095528405,0.12822919125091392,0.12847529900378532,,0.12815881186411668,,0.1281040706964694,,0.12843170909089896,,0.12848446564709876,0.12824519081398322,,0.127955836273257,,0.12806675621532995,0.12818745532503606,0.12859648414764144,0.12822396316076323,0.12827201880929415,,,0.3256142243975388,0.7679081438407622,0.7502532841427522,,,0.33117744399116694,0.3318100496735171,0.33208254560818334,0.3326973582099444,0.7751237478335553,0.7767472135788839,0.7809321593689031,0.7769954890378861,0.77991459339731,0.7791787530804345,0.778376345989668,0.7770788081174214,0.7765825991536515,,,0.7794569866976647,0.7749671391280841,,,0.7807575267747119,,0.7787117978789156,0.7783663168248768,,,,0.7775025799063419,,0.7772861431777868,0.7779295892339924,,0.7772577981131569,0.7785334106638157,0.7754228879427246,0.7784012701334476,,0.7770185511136517,0.7780461644656727,,0.7774509227239123,0.778110163705464,0.7782976377631068,,0.7750455889621343,,,,,,,0.7704860127619265,0.7701061051653907,0.7710575810069736,,,,0.772204292952916,,0.7711105664221832,,0.7696659971262644,0.7694869064440122,0.7727229669131396,0.7690895272821782,0.7717698319663506,,,,,,,0.7688828792754513,,0.7704208885687258,0.7710828347870763,0.7694889052246711,0.6181496996378315,,0.6182481930210673,,0.6178433819895611,0.6180475658216854,0.6204472186442233,0.618262106879949,0.6184537225779654,,,0.6217636377092841,0.619462294471248,0.6200556333833867,0.6197189341052142,0.6189077491086947,,0.6201254266155782,0.6202333487884812,,0.6188757444950479,,0.6167732459757073,,,0.6189276300797318,,,0.6153318865140027,,,,,,,,,0.6172460390260256,0.6176093702131297,,,,,,0.6190452670805299,,0.6196894268700389,,0.6170070441441717,0.617199622388916,0.6176260993154011,0.6157796633878095,0.6183464678148471,,0.6168433734775739,0.6162540589594935,0.6182465734796107,,0.6207846222179251,,0.6177781431467051,0.6203612065220407,,0.6188890679683967,0.6177283574528898,0.6189464772488721,,0.6200072252158089,,0.618893238040874,0.6221224092457358,,,,0.6211929155080707,,0.6212833022302353,,0.6200328483442189,,,,0.6206913089454649,,,,,,,,0.7853721399602638,0.7870447334014038,,,,,,0.35555943861440414,0.35481483650187223,,0.3539404923446016,,0.1153366205812656,0.6342165335992772,0.33151281308918257,,0.33322837712036,0.33045492567988977,0.3290575329756417,0.32963583016330417,,,,,0.13821478533400391,,0.7748875338094465,,,0.7801358139250258,0.15143074168780654,0.6806444360745549,0.15433405725640248,,0.15443364643727953,0.15424814759063046,0.1536605237597039,0.7867128450962463,0.15439940366039387,,0.15665042441660604,0.15662021043423535,0.3573059941202772,0.35727003911367344,,0.3571954569888698,0.35710339011306186,,0.35772573172402694,,,,0.35675354947763627,,,0.3567366244588946,,0.3572344809234708,,0.3566877030992947,,,,,,0.6970433437212008,0.805017191944975,0.8068772670009449,0.8069615885166539,,0.16103000004722423,0.16130739017876425,0.16140413796033548,0.1615475078802193,,,0.7081138130832099,,,0.3647809737127932,,0.3644362271960072,,0.3641972800551131,0.36430761882355794,0.36331513307939,0.3637280850004357,0.36272855634998274,,,0.3637328967369259,0.36404964266456535,,0.3644861964107617,0.36353343237013586,,0.3643503287247898,,0.36339722270170566,,,0.36364307363501414,0.3636353038359934,,0.36375284800902075,0.36364598135141724,,0.363215805843886,0.3626324146095539,,0.36333616285189374,,0.36294841412459783,,0.3634402003409256,0.3646735415309736,0.36297660683276034,,,,,,,0.36310992184264174,0.36406324131682033,,0.3641525384747402,,0.3639727077247458,,0.36336520986600046,0.36296247634717,0.36297124121509805,,,,,0.3641058082947611,,0.11536495217703321,0.11536663264519315,0.11561046314281238,,0.11506786877851363,,,,0.11554640263358933,,,0.7783506687419632,0.7800076556997396,0.7790770966621136,0.7816565470543421,,,0.7765789610598379,,0.779343001120153,,0.7809478409354779,,,0.7792524776849795,0.7769582530800738,,,,,,,,,,,,,0.6154061771698347,,0.6163924814134775,0.6169763129556974,,0.6140389255165518,0.6147783011683746,0.6137886547326413,,,,0.6139165550191488,0.6126589124747764,0.6152531428533163,0.7780417920112409,,,,,,,,,,,,,0.7739035550699942,0.7732253980299443,0.6176302361831267,0.6176754649491998,,0.6166453421449984,0.6169102198648145,0.6178070935488045,0.6162709104903502,,0.11556377088884258,,0.11580518704470756,0.1156865247727934,,,,,,,,,,0.11544559896133726,,0.1155632022525622,0.11558447374596108,,,0.11519430829108138,0.11553504356943116,,,,,0.11520952314332014,,0.6180727478905819,0.6181426927594432,0.6182538737125166,,0.6170508393338616,,0.6169527338245173,0.6183031221951482,0.6170575645509246,,0.6165025727420252,0.6171236314952137,,0.6156705638200686,,0.6178000374857507,0.6152262294940252,0.6150042046613887,,0.6181197659763836,0.6166800630636933,0.6185615257215052,0.6180138811711182,,0.6151836775769561,,,0.33720449910534656,0.3373124965224148,0.3379663521109562,,,,,,0.31633667986183034,,0.3575197176997229,,,,0.35864357533806385,,0.35822270022390246,,,0.3583434253265028,0.35790772366432505,,,0.35782823382827533,0.35845211947450956,0.35695299735433816,,0.3576112285037508,,,,0.3580115544513418,0.35751458432800287,,0.3572116545082423,0.35790313318806527,0.35692275426589554,0.35855162832882126,0.3574966671807567,0.35764770128232903,,,,0.35762066183636143,,0.35822173133680213,0.3580328427744016,0.35836268750272926,0.3578322176942,,,0.3581151332584267,0.3578599720630405,,0.35774148667219696,,,0.35719508365209496,0.35638131176680243,0.35850603047123014,0.35752146686433983,,,0.3570479853324695,,,,,,,,0.356837385165377,,0.35701193329923614,0.3581609865649144,0.3567359466472338,,0.3578855780606488,0.3583088975697481,0.35716233714093093,0.3575737467978018,0.35790264185832155,,,,0.35805245688697374,,,0.3587595769841411,,,0.3577038642728578,0.358203141716029,,0.3574618864488832,0.35868060882725783,,0.35707638321968144,0.358022750378201,0.35694310845181654,0.35748295080986914,,,,,,,,0.3578993512344883,0.3571152962998619,0.3580461755179001,0.3580000610002826,,0.35824869580327995,0.3584445525335541,0.3588724698567208,,,,0.35769162459863857,,,,,,0.3592060717964692,,,,,0.357936864856404,0.35801655453461473,0.3592830952715983,,,,,,0.3584560568115329,0.35839729398867054,0.3574930076659617,0.357217182849134,,,0.3581629124485003,,0.3577448135084057,0.3577539600282261,,0.3570132728981774,,0.35856738520490683,,,,0.35740593213763905,0.3584319796619045,0.357789671455746,0.35854138223587545,0.3575999905325358,0.3580092216522029,0.35765018916890506,0.3574139488884625,0.35874902069998676,0.356867143499099,0.35737273481533655,0.35962191829563633,0.3577940568141009,0.35863187165044613,0.35719607483874777,0.3572644604378095,,,0.3574232020238672,,0.35814725129170744,0.3577393267222761,,0.24865590635786167,,,,0.46128193150048935,,,0.7503801919968021,0.5162727723393136,,,0.46368060549531953
8,24,DG_48pct,96,Z07_F05,7,LL_AB,175042,181976,True,5519.703004039112,5555.491343855038,5544.218322997186,5704.851665691661,5749.704732873914,7482.4117407095355,76.62120733320431,977.0038546568471,864.681376706349,459.1857364311205,426.1594694069503,139.45171487759382,2.2567399432924367,53.86186611927292,175.0470410842506,618.8094392182309,280.019057079341,114.57976608661895,185.3290606021321,144.967195468285,0.6789745287637763,0.6812098083620626,,0.7463884544845624,,,,0.4819041917243505,0.48321556328976023,,,0.5942657718359191,0.5934607979723943,0.5957893314659367,0.4500346519276681,,0.448962110551843,0.6025760467220461,0.6014841613146346,,,0.48285986616087057,,,0.48291484218136693,,,,0.4770141316168567,0.4848175089925306,0.48247175776658974,0.48416367741798555,0.4849071098189403,0.4843617983363626,,,,0.442707632821782,0.4421775816660419,0.42788094623063566,,,0.4298567417872956,0.4291785222027239,,0.42942054921219874,0.43017493101548265,,,0.4293812044860989,,0.4302952202882597,0.42802466450708265,,0.42878158815859824,0.42762767679217323,,0.5100926450849612,,,,,0.4969534048921684,0.4981146756859108,0.49781943683857494,,,,0.49881504236477997,,,0.49824008716767787,,,0.49680707302762256,0.49884778696132126,,,0.4980789725448125,,0.49759103354442485,0.4987848278951223,,,0.499585614372348,,0.3707254330267326,,,0.06994564851414165,,0.07028208708449872,0.07059600594019366,0.07026074411922728,0.07053670890566052,,0.2213193766048453,,,,,0.2215715550218815,,,,0.22172336993467145,,,,,,0.22150044559678853,,,,,,,0.22092216390428404,,0.22198601348509542,,,0.22085414764819125,0.2216749469424398,0.22167975666694198,,0.22194225732584508,0.22137341990788,,0.22089738481072835,0.22078010973194848,,0.22168419210528806,,,,,0.4344375093778066,,,0.43240072152887277,,,,,,0.4345111342142198,0.43437027157249036,,0.4360386350771502,0.435208196104751,0.4342492982993136,0.4356718990370216,0.43509545284693424,0.4349956708068641,0.4357243629464548,,0.4342764675384523,0.43513670790606895,,,,,0.4343852942782193,0.434375018259104,,,,0.4369613079764434,,0.4346963933200016,0.43442072098210444,0.4350054166867981,0.43549067154557985,,,,,,0.4338718835206032,,,0.12876963234996475,0.12863881936582333,,0.12848088779544295,,,0.12870987173070236,0.12850636460633405,,,0.12889510672000487,0.12884002439234682,,0.1287759742904783,0.12863360189670842,,0.12925886177895723,,0.12900408454604897,,,,,0.12894813923837323,0.12869458607206358,,,,0.1287007477385595,0.12879863621370183,,0.12887073925287007,0.12869265740724325,0.12886495291766858,0.12854570618958575,,,0.12882964657984552,,,,,,,0.128705838241244,,0.1289382171520689,,0.1289000630202143,,0.12856435112321854,0.12864493724572748,,,0.06781282352929738,,,0.20031961463179587,,,0.07003822588885615,,0.06988681196551598,0.07023864299976222,,0.13327395658538846,,0.13309500434202995,0.13344553074213342,0.13359949236105256,,,0.13305751796618961,,0.13368248789687287,0.13355566885152198,0.13348393199659428,,0.13343303998419634,,0.13364909750536977,,,0.13327985806131815,0.13403058646591642,0.13346059908140737,,0.13315153808011848,0.133171135565185,0.13338961089266238,0.13340283273276843,0.13343550927826028,,,,0.13283481015037538,,,0.13347952211282213,0.13381004376001468,,0.13340094278565587,0.13351094378843723,,0.15102115814763367,0.15094230742522555,0.15165742929189605,,0.1512499966842775,0.15147565561071788,,0.1510591074715329,,0.15149962115528423,0.15139679367595624,,,0.15127485709225572,,0.15115303069824734,,0.1513370046905017,0.15144976707630792,,0.15155210313767853,0.15105248545736444,0.15135293240676,0.15128758940141965,,0.1510523986280696,0.1513250901663284,0.15113692475952842,0.15109443990134772,,,,,0.5118976577601031,0.5117111661977761,,0.5119997286377653,0.5112496158891915,,0.5125845981459702,,,0.5123697356243943,,0.49551055192916194,,,0.49373975409336956,,0.49420028668218396,0.4947567492726031,,0.4945893322335836,,,,,,,0.5132470889068911,0.5133825836333819,,0.5116870130828767,,,0.5125204410902676,,0.5120851216709486,0.512685172534208,,,0.5127016285876704,0.5122127254437296,0.5124776403133018,,0.5121629421882293,,0.5135004922108343,,,,0.5128336879327202,,,,0.5128551932473255,0.5116159453879389,,0.5128808889279562,0.4953709307688271,0.4945263146054766,0.49446226191269016,,,0.4944606195351245,0.4951180638913992,0.49462409618858094,0.494760382505286,0.4951164712635872,0.494234646123255,0.4943995893570784,,,,0.49402929283316255,0.4957823225801159,0.49428404314533725,0.494935117939101,,,0.4934369646488762,,,,,0.49366205682363334,,0.49568682091793587,0.00864546322920934,0.008648506342038936,0.008636137885739754,0.008618071090091644,0.00011498399446082472,0.00011506595823575952,0.0001153358569670321,,,8.19940661303908e-05,8.204410024884608e-05,,8.203961143250474e-05,8.218538238481473e-05,8.240773456127482e-05,0.20410752029450108,0.11372891739412508,,0.07008977228370374,,0.07021210695509582,0.0686344733281816,,,,0.06687310230022933,0.06704241972920791,,,0.42559161675709795,,,0.4310596995004455,,0.1541611441238806,0.433238633610702,,0.15715484972344868,,0.1572306642420787,,,0.15702894976343515,,,,,,0.07583502317863253,0.07561222607119894,,,,,,0.07554766783657087,,0.0755608825777619,,,0.07566070749330571,0.07563286879951271,0.07556135485282818,0.07570507246631113,0.44237135382549825,0.44120583090336873,,,0.4417518552705668,0.438137898740006,,0.27083304397864516,0.27150943566949787,0.2708781929878061,,,0.16476834314726596,0.1648978150718545,0.44338922504169165,0.44339310452370484,0.44362339668636863,,0.0769507797694495,,0.07708684248870105,,,0.07715516352263102,0.077097663996597,0.07730424392284463,,,0.07707770095934381,0.07726895307270334,0.07689800097673298,0.07708165992825738,0.07731532591535394,,0.07704791221788769,0.0770633406794965,0.07682410887688286,0.07723954312256258,,,0.07705099532106274,,,,0.07707965702858399,,0.07710807216007304,,0.07724803458048234,,,0.07692691853792415,,0.07718592811237213,0.07688378176700905,0.07712809739996539,0.07689020948477958,,,0.07699853364846716,0.07703618402109366,0.07715191863785346,,,,0.07701963910092226,0.07695984892892914,,0.07692170897784056,0.0771101348286359,0.07672143153470457,,0.07706778720778684,,0.07686816839945479,0.07710318417887968,,0.07706306814956754,0.11639204134362519,,,0.11655762365396542,0.11637778933047324,,0.11622857614037446,0.1164716152585825,,,0.11633937446956358,0.11579472535671102,,,0.17504685957958993,,0.17507414562980247,0.17536774607047273,0.17506951272966575,0.17547288998664784,,,,,0.1751674286634098,,0.17482026114137947,0.17463813992399646,0.17545260466574303,0.1750263731725492,,,,0.1165355974517621,0.11681056612827442,0.11668557474032731,0.11648140139465883,,0.11654544373680413,,0.5222074744330122,0.5235201648407638,,,,0.5225703162728109,0.5197249126127029,,,,0.5215146127845943,0.5238765041654116,0.5219506025776489,0.175181853584715,,,,0.17516805932928545,0.17518391948845483,,,,0.175331740890114,0.17531349013013497,0.17546716277664703,,,0.17484465594641524,,0.5217488842229108,0.5225879630298631,,,,,,0.11651386872579275,,,,0.1165031673835929,0.11624610007698048,,,,0.11660970336792442,0.11656743523237245,,,0.11663190209684819,,,0.11638591094275882,,0.11651640680678495,,0.11669235429463,0.11644023760267509,0.11644995200000367,,0.11650085418817216,0.11672743268929917,,,0.5238430957402619,0.523345570580697,,0.5226152809277895,0.5212667009996742,,,,0.5205809823997328,,0.5243509876820707,0.5224167878612012,,,0.5225059076606765,0.5237947634107849,0.5231158524215386,,,0.5214899011957351,0.5232587559575802,,0.5226742920086191,0.5224279842607027,,,,0.07138637006365439,0.07138009019230551,,0.3985265863312967,,0.4471935727789829,,0.4481974248189001,0.2664091280701132,0.48674697714755694,0.4862164484443654,,0.48533555705549997,0.48532139144874853,,0.48682595572037085,,0.48603486154088127,,,0.48547140621290436,0.48634575377413425,,0.48560328930010865,0.4866415430240797,0.48699555118820115,,,0.48753935099771584,0.4860789935173936,0.4859445583027939,0.48567442723566623,0.4857333159696694,,,,0.48475425373197495,0.4862162114536124,,,0.48652251736542274,,0.4865784108189933,,0.48567871800128104,,,0.4854792516120264,0.48541357250002,0.48516868267297286,0.48578549790608383,,,,0.48443187176993296,,0.48646365058741275,0.48579987920240225,0.4859450681151044,,,,,,,0.485293758817265,,0.4863553480750447,0.4867921569887111,0.4851412956691359,0.48570975844531034,,0.48560677973481126,0.4865256942196702,0.4868053438966292,,,,0.4867287171326219,,,0.48477850960777924,0.48557070276260245,0.4869665865557408,0.48644131756308967,,,,,0.4853310575699425,0.4856919352577051,0.48641782375999454,0.485577464604373,0.4853486965617143,0.4865995992090964,,0.4871990180320329,,0.48564409172532325,0.48533188514675557,0.48581747014748333,,,0.48559588817828464,,0.4865461936851702,0.48526730441150323,,0.4872265677696545,,0.4861886193992065,,,0.48476446513048216,,0.4856479430648237,,0.4853448674925197,0.485540365616566,0.4848714700908851,,0.48493997997394145,0.4860765706081443,0.486503277292043,0.48697841482528664,,,,0.48714053713060357,0.48615048474657824,,0.4858445008898572,0.4861736392942536,,0.4854883631376372,0.48591694700077914,0.48759448150636475,,,,,0.4863293580536017,,0.48609721810530365,,,0.4856657984401662,,,0.48526390497801286,,0.4860652006308888,,0.48603775599792487,0.48575369282021136,,,0.48708765206028454,0.4852993434471433,,0.48554468936282263,0.4862116373568075,,0.48543766989678855,0.4861282270187406,,0.486122420481359,0.48557663913455323,,,,0.4860485282457253,0.485386957395746,0.48539732888444814,0.48517493118174976,,,,0.3918509652791967,0.3912033744242726,0.5378244497119662,0.39567014906655373,0.5760738827285132,,,,,,
8,24,DG_48pct,96,Z07_F06,7,LL_AB,175048,181972,True,5568.223767008756,5614.899262656107,5633.828982190718,5769.874648932124,5797.43434693723,7566.255754036947,79.87833227839437,966.9303048102578,853.4126137269203,453.80465287119677,417.25944908576406,137.93538694746607,2.206440736332364,53.021544278261096,171.9696203243202,540.2255196274612,287.5679200015195,117.21329261815254,192.10227359094554,145.1432582928977,,,,,,,,0.4806087015624754,,0.47775882321966423,,,0.5824493947394479,0.5842805630180113,0.44276238248362565,,,,,,0.4795235484213374,,0.4806950938197409,,0.4786241654918988,0.47994364679203233,0.4762639007991367,,,0.4806305423385989,0.48128455447190627,0.4808060294136263,0.48143277355261777,0.48127290521942107,,,,0.43244302224930203,0.432531277027129,0.41828433449754016,,,0.4194607704247906,0.419664422462179,,0.4189981281062627,,0.4197210351600281,,,0.41991528965529273,0.42017776237448057,0.42009500179394843,0.41833593460112634,,0.42015122221047463,,,,,0.556986090854197,,0.48584265488877015,,,0.4859177153750652,0.48596137564072867,,0.48546911416760763,,0.48691456062763777,0.48501859021552235,0.4845679786689213,0.48635348561447606,0.48578717842692054,,,0.48663816314026853,,0.48536029130196373,,0.4862273345382831,,0.4853556674787021,0.48701085341540973,,,0.3623721003027112,0.13067070858491017,,,,0.055535840723508444,0.055413438346763766,0.055505568252862486,,0.2033888677688653,0.20348713919542347,0.20343037725867547,0.20400788731147249,0.20312930524930373,0.20323987881626365,0.2034735178130613,,,,,0.20358314302107264,0.2030258574000365,,,0.20334425214430793,,,0.20336979824086443,,0.20337521786983195,0.20366828782644605,0.20281188731921856,,0.20368109272305523,,,0.20309112791732672,0.20325817056415244,,0.2034807544334268,,,0.2025944605119648,,0.20343616750567428,0.20332120151189345,0.20290798853343106,,0.20353791116843795,,0.20345894538981182,,,,,0.42615135654347147,0.42798810144762717,,0.42914512680514877,,,0.42802910145407,,,0.4277923708761617,,,0.4280763575736446,,0.4271978498926017,,0.42702745628584077,,,,0.42708288340489253,,0.42687641995261205,,,0.4256348633592081,0.42632490877809487,0.4272415786702232,,,0.42869596359594647,0.42660411776207496,0.4264158466691889,,,0.4267740883918469,,,,0.42741135491123156,,0.13074282775483603,0.13071029620312288,,,,0.13087851180751767,0.131026135117205,0.13108117965021937,,,,0.1310250501831654,,0.13103831556719991,0.13105651853130137,0.131149990416183,,,0.13104832954298534,0.1310664930992743,0.13122585230279665,,0.13102355280394404,0.13072169673283837,0.13102640720580608,,0.13073080365857825,,0.13107422538450633,,,0.13074839466058663,0.13095400470228044,,0.1311062531900683,,0.13112753017846734,,,0.1314804421467643,,0.13117156280293246,,,,0.13053674118380673,0.13100525250042974,,,,0.13057851748072988,,,0.0534779107251333,,,,,0.05505367507118457,0.05519488357672465,,,,0.055263127687868875,,,0.11287346006463876,0.11285602971303989,0.11268172281779754,0.11232568801973129,0.11239862222100122,,0.11273677123843133,0.11249766688905236,,,,,,,,0.11259723533053279,0.11258846442442683,0.11271175747251612,,,0.11247987630483924,0.11206207995222187,,,,0.11257278193249795,,,0.11214647741011742,0.11229472798830374,0.11258320870738965,0.11238794845682637,,0.11241652048817607,,0.1125153679428987,,0.1128136398706716,0.13079177797128713,,0.13108496619079651,,,,,0.13100313567255722,,0.13095477513877696,0.13120198736584002,,,,0.13114305621445246,,,,0.1308449325563148,,,0.1307657337562156,,,0.13094930018844667,,0.13115592880290017,0.13108769999278602,0.13092019793123608,,,,0.5090690238233928,,,,0.5069381813914743,,,,,0.508220064540503,0.5079768816442596,0.4911186359852186,0.4902923055811805,0.4908530982695459,0.4888862121583933,,0.4900244388206854,0.4901318612849083,0.48970519978857696,0.4883909038620423,,,,,0.4876509810656339,0.4898690994861255,,,,0.5071507062142796,0.508205385706191,0.5084902476131357,0.5086754083343322,,0.5062842345601414,,0.5082599864873972,,,,,,,,0.5071328473566651,,0.5092513403048181,0.5088886092662921,,0.5087259003755265,,,,,,,0.5077598831815279,0.4894470438030736,,0.49094707489826267,,0.48939190218905043,,,0.4901407981750939,0.4905160581402831,,0.49096092587619483,,0.49036015293278273,0.4892557702743001,,,,,,0.4907010189933535,0.49080901807166066,,0.48972077239561707,0.49123818654038315,0.4902441733831808,0.4910740113941381,,0.4898730525714788,0.4896993214920385,,,0.031221901296702385,,,,0.036241922435045724,,0.036297468349472145,0.015040528717677274,,0.015039742448377203,0.01501531931948429,,0.014993782256881893,,,0.4392855556049318,0.055397948023079936,,0.055184175023708155,,,0.05418784432563078,,,0.05263271159301647,,0.14240307561915863,0.4177006605262743,0.23302268879295077,0.15488449156954917,0.4232799673796083,0.23825531377402417,,,,0.16170483791068696,0.16104985153541562,0.16130597743992486,,,0.1617400861598341,0.4268878109352304,0.1643934451584592,0.1650579775405049,,,,0.059351987906351725,0.05949050286402243,,0.059576579370452125,,,0.05928950172768016,0.05955421302784331,,,,,,,0.05948083463794825,0.43272835597430104,,0.43266387643178833,,0.43225391847428973,,,0.2526540778894622,0.2523601484551785,,,,0.17054269192462995,,0.43444082828206276,,,0.4332955308573843,0.06071608767133649,0.060566059328853394,0.06070957157515246,0.06054657700633724,,,,,0.060857890848018716,,,0.06054918443572551,,,,,,0.06059440067775154,0.06060887009658964,0.06075452221057185,,0.06063753264142368,,,,0.06081180348314624,,,,0.06062142397658613,0.06047117114925221,,,0.060790567148384086,,0.06069280430866401,,,,0.060491564955638004,0.06066098123716235,,0.06076668617794088,,,0.060702509539221634,0.06056209322980186,,0.06066793730629839,0.060700935597771295,0.06065974678914798,0.0606513478153005,0.0606574215267266,,0.060661067890664506,,0.060728325908858495,,,0.0606496841891428,,,0.10879805633345434,0.10845039496942256,,0.10848397330811546,0.10871934503980428,,,,,0.1086384517906509,,0.15600661488496512,,0.15599651071678916,0.15581495906895806,0.1556500751944402,0.15607894065640276,,,0.15580357779633616,0.15563477505694479,,0.15587824163556652,0.15600051299032366,0.15591153016987844,,0.15559568704418092,0.15608094907977121,0.1556890294923338,,,,0.10875317086757427,,,0.10846060278064824,,,0.5183027803409798,0.5169601726783799,0.5197420495756891,0.5173523605746614,,,,0.5149229190200417,,,0.5187556397577143,,,,0.15578105219109864,,0.1560415675174032,0.15564045988298983,,,0.15587731769873708,,,,0.15574690683386466,0.15429932753371278,,0.1549791768776165,0.5184577324261878,0.5185164697751227,0.5167531050134238,,,0.5170010505374111,,0.10883432683100554,,0.10875030426550322,0.10848626772972113,0.10883504353146682,,0.10874866300718625,,,0.10850352317542594,,0.10878647572595514,,0.10835853430842261,,,0.10870820571651947,0.10877432319565354,,,0.10870775234760574,,,,,,0.1087511421595709,0.5179915440790784,0.5207367305477016,0.5187680552833621,,,0.5205112367892241,0.5177350752527774,0.5203991163938255,,0.5181078505441002,0.517568578193528,,0.5177971805044808,,,,,0.5179242396576769,,0.5179390365765132,,,0.5170715994209787,0.5180234616356582,,0.5186503872720946,0.05633358536079942,0.05610928728624542,0.056204899533367866,,,0.05624647808171473,,0.47270625957898893,,,0.43646123571705053,,0.4806109018826464,0.482336065167158,,,0.4834862530181935,,,0.48231735180655844,0.4832873176341457,0.48216372984070427,,0.48178430247927906,0.48231873213280335,,,0.48093856419349257,,,,0.48185870437391826,0.4832223868496684,0.4828668049496691,,,,,,0.48365439565222046,0.4820017847136975,0.4818703827410881,,0.48156242052704124,0.48206097109005264,,0.4826124780543503,0.48275151507591096,,,,,0.48041971900993025,,,,,0.48156088461130814,0.4815629256423377,0.48207248352393395,0.48213850683604986,0.48126373950692775,0.4823671533876693,,0.48246973483002586,,0.4824886897470228,,,0.4816712276042081,0.4822085619587589,,,,0.4816323319175635,0.48158867215848083,,0.48197195468452614,,,,,0.4814027732483994,,,,0.484293589960622,0.48146895643784615,,,0.48393614433691823,,0.4830913935618726,,,0.4830049277241339,0.4813681880679257,0.48161808897462893,,,,0.48263470695932603,0.4814872732602735,,0.48205984344445085,,0.48237763686187574,,0.4806695854990824,0.48163800979042776,0.48262250022480196,0.48315297078419567,0.4815092015282356,,,,,0.4830313349032537,,,,0.48190110019885957,,0.48346409903517956,0.4825505462060165,0.4828314604621318,0.48184715729139144,,,,,0.48267836739668846,,0.48344569595485665,0.4829650080985018,,0.48163417440713974,,0.4829709236426201,0.4827725440618894,0.48229837414042265,0.4830629533622325,0.4830937012263449,,,,,,0.4835918207435216,0.4820470891678584,,0.4827080850377112,,0.4831099093131627,,,0.4820476337842847,0.48210724152008466,,0.4828370127099687,,,,,,,0.48331707774180316,0.4826849891964362,,,,,0.4816705301178855,0.48175409634953514,,,,,,,,,,0.5280578415240027,0.38941126139046595,0.575222025443423,,0.5835516286034799,,,,
8,24,DG_48pct,96,Z07_F07,7,LL_AB,175034,181969,True,5743.851657617506,5834.565658701972,5845.189318965645,6008.146112591992,6095.623229719574,7871.817302272988,92.71837031362183,896.335360100448,775.0660979821565,394.0004430880609,363.81740956381043,117.11189249777745,1.8622081468249476,49.61812808861622,162.094340892432,499.124093082778,314.1035700619796,128.1716106001404,216.7369223867227,135.85410635192594,0.6702100523370759,,0.6696977838627041,,0.6433581249872933,0.7279106575099231,0.548191579764328,,0.461521463785684,0.46343751720477655,,,,,,,,0.5701090339304479,,0.5699191491066996,0.46316103846900425,0.46256405826323005,0.46322775137391564,0.4610845302121653,,0.4622189507779623,,,0.45534884847275414,0.4633126825673344,,,,,0.46321276977210923,0.49512717624208913,0.39970284077522916,,,,,,,0.38719737358138495,0.3863217224382077,0.38543516949500306,0.3862690024765207,0.3860386385092091,0.3862686891887523,0.3863939593511694,0.38693712772545263,0.38606822974380284,,,,0.38501252030505007,,,,0.34150639493043655,0.5270598380066629,,0.4324739063526895,0.43416076776628976,0.43249060306620724,,,0.43413519490115426,,,0.4341750676644898,,,,0.43240387472403213,0.4336491355643372,,,,,,,,0.4350367475196216,,0.32542081584341703,,,,0.005822483363813061,0.005833270260199225,0.00581889539009491,0.005863037379180182,0.00584666291706917,,0.12773864896762388,,0.12729857281425186,,0.12769065435595486,,0.12779308559967148,,,0.1276953956770613,0.127588638010777,0.127241899628581,0.12757640110969223,,0.1274461392861881,,0.1275530205845232,0.1273659635524977,0.12751757314995835,,,,,,,0.12773977495641065,0.12770574242435231,0.12760956308764898,,0.12727184628485805,,0.127505014804423,0.12719704103649623,,,0.12755156020069797,,0.12755795090095462,0.1275916019786431,0.12736985825569289,0.1274038495202606,,,,,0.3722096968974702,0.3721188709401516,,,,,,0.3716049631218644,,,,0.3717535572312095,0.3720696751296876,0.3721045216821917,,,,0.3723814543650513,,,0.3728965378650574,,,0.3708247740933667,0.37180530303056253,0.37246451179118195,,0.371615058204707,,,0.37141940894331754,0.3720614542496752,0.37263869593707083,,0.370311655883054,0.37108962929298084,,,,0.3710544619804775,,,,,0.12458951780171695,0.12392927866521197,0.12401445842083664,,,0.12439291793397296,0.12362811613439957,,,0.12435181556459625,,,0.12421357321112259,0.12399470072767028,0.12425592105407968,,,,0.12442251505067102,,0.12389349035536192,,,0.12433446383348025,,,,0.12382406810627089,0.12417357387652168,,,,0.12392089560223174,,,,0.12449910065132785,,0.12391315886019415,0.1241231887668321,,0.12417241967162622,,0.12434565460415105,,0.12391204833465569,,0.12404366764418062,0.12381666611042698,0.12393824676930609,,,,,,0.05454830180942453,,0.005799539135963149,,,0.005814560224892485,,,0.024658860298659258,0.02457975688096772,,,0.024605702581817792,0.024718967559609648,,,0.024688856996467543,0.024690329746834362,0.0246901786019037,,,,,0.024587847868116255,0.024710836216850832,,0.024615185738318435,0.024587854227415714,0.02463834819177765,,,0.024686541650104,0.024602624208608988,,,,0.024654625340295257,,,,,,,,0.024702671572202926,0.024660062912085456,,,0.045874151688382464,0.04613278501464775,0.046064028528381915,0.045984157604048254,,0.0460581568647185,,,0.04596980998903685,0.04611186338899552,0.046017474038641454,,,,,0.0460998520488793,,,0.04614610970226835,0.046153753602026115,,0.0460085108715828,0.046166230855019426,,0.04593884290370163,0.04613453540656941,,,,0.046080557550680995,0.04609366723925054,,,,0.46834203827929133,0.4665628144584088,,,0.4674032639551394,,,,,,0.44559626175354294,,,0.4463974713206316,0.4460352604098413,0.4453245232968507,0.4466079601275613,0.4438833987277984,0.44559335268707567,,,0.44395618021195865,,0.44523982612205387,,,0.4662667938808865,,0.4662986980762861,0.4673219170785505,0.46690933907423765,,0.46702412947377175,,0.4683137021359087,0.4661939425794882,0.4667181269438794,0.4677684540811172,,0.4674296749262487,0.4668731819308393,0.4678982061556816,,0.46765474002386903,0.4661541524002059,0.4685498433251126,0.4655737204913484,0.4675833821418087,0.467172223544678,,0.4656097413164517,,0.46724992404252796,0.4666147735616647,0.4662627604766535,0.4451852689516661,,0.4458020573534383,0.44531833859503467,,0.4454304492746842,,0.4468473914707173,0.44517063413400626,,0.4460063675835293,,0.4459900473481974,0.44689159514078014,0.4471187033984994,0.44662502594208986,,0.4443367749371065,,0.44603763478576725,,0.4467287438953311,0.44513482035621893,0.44565046207428716,,0.44594068896609523,,,,,0.022518412760887865,0.02243462375029801,,0.01552817991122798,0.015530848936307254,0.015526864613259818,0.015480209698780863,,,8.369627621741699e-05,8.34966975825418e-05,8.373842584730068e-05,8.368517368078936e-05,8.388952955564372e-05,0.10822356890777074,,0.3871728824427992,,,0.005816705287267984,,,0.005677279496403702,0.005553047141631958,,0.005545166900256948,,0.1415411440658838,0.3565168481337721,,0.153931439048197,,,0.15843569862038845,,,,0.1622263272777663,,,0.1655525211088561,,,,,0.006304046899146799,,0.006290972393405594,,0.006290262063743386,0.0062912859707128085,0.006277964840460413,0.006282811046638381,,,,,,,,0.006285275641790693,0.006331166591854924,0.006284773054769171,0.3673129966673992,,0.366961955981383,,,,0.17542217287165618,0.17576301143114714,0.17507901136677642,,0.1715872240294718,,0.17101612375884026,0.17113795295155582,,,0.3667794906508603,0.36711342413861386,0.006422938249403446,0.006415348915748097,0.006429749086902759,,,,0.006410455561294684,,0.006416978734137314,,0.006400320925826555,0.006421422969861115,,0.006431836620081775,,0.006425060359871054,0.0064070689829030004,,0.006413172951372856,0.006429530305268976,0.006419346191416906,0.00641782436344063,,,,,,,0.0063968468367461935,,,,,,,,0.006403846859145594,0.006408096197681936,0.0064236901963538725,0.0064097910518870595,,,0.00640529387832266,0.006395390950073726,0.006415110151467173,,0.006404469411517328,0.00640957809631664,,0.006418419174991189,0.0064229852189595475,0.0064221291242929765,0.006408357922852047,0.006423284508504932,,0.006425677794413619,0.006408007191013889,,,,0.06770964829374311,0.0675280023241734,,,,0.06761911264920785,,0.06764480911069282,,0.06736550036078777,0.06790486141145924,,,,,,0.07821892453680845,0.07802693396143008,,,0.07817878167743815,,,0.07826238250536574,0.0780684273324394,,,,0.07819229870235635,0.0781940194012658,0.07803705786609384,0.0676419616075763,0.06751630911131594,,,,,,0.06762281571370464,0.477674259014828,0.4759467232195367,,,,0.4773391670425008,,,,0.47794628082698676,,,,,,0.07808926924299114,0.07781823631171075,0.07795502170599225,0.07810984733343367,,0.07788190095308942,,0.07810899419357063,,0.07808283342101183,,0.07712280545825612,,0.07811706577527186,,0.47690746713972204,0.47813914914562855,0.4774828285357764,,,,,0.06754913958969483,0.0675257787474901,,,,0.06743175707269863,0.06761516146665576,,0.06782414703872625,,,,,,,,,0.06774135969698811,,0.06757968737156596,,,,0.06773366616360432,0.0675487140028687,0.06765182108238978,,,0.47815254310837296,,0.4786411161949514,,,,,,,0.4773502065794141,,0.4765246981429466,0.47956417708226734,0.4757205971802568,,0.47796820922694344,,,0.4767979163605374,0.4769329306777802,,0.47726522727748494,0.4783961627003384,,0.005936372763809487,,,,0.005926484798755294,0.005947744946122145,0.3717376974033005,,,0.4056933903809234,,,0.46477640581486296,,,,0.4638022772405176,0.4648014655513246,,,0.46430082383556565,,,0.465324920822957,0.465047946518844,,,,,0.4644994856675412,,0.4640590102653995,0.464257773461254,0.4644835877410467,,,,0.4633570366458629,,,0.46495882356019036,,,,,0.46427800640252037,,,,,,0.46448181103915814,0.46415457893792295,,,,,0.46422142217359996,,,,0.46436743436082006,0.46378397895146334,,,0.46508669921424994,0.4645523428352851,,,,0.46477914874952597,0.4645496494258029,0.4649840499989653,0.4649581509816347,0.4650535467376426,,,0.466457640830288,,,0.46405788142349497,0.4658364045519668,,0.4641541437563801,,0.4645623760609228,,,0.46571666410100415,0.4642028173625688,0.46512124074534056,,,,,,0.46463044751435717,,0.4647985792520175,,0.4650920016884649,,,0.46345832631862677,0.4653942824112319,,,0.4637282449016888,0.46574575728933876,,0.4644913540866705,,0.4641835954513645,0.4642033632556505,0.46462298586814477,,,0.4630713884823137,,,0.4642197006242219,0.46458746745956075,0.463356956100831,0.46430780157953055,0.46557164309241,0.4655793326812669,,,,,0.46476098047846365,,,0.4638354519758151,0.4646962577168441,0.4641336384799207,,0.4653534905939469,0.4644854421348126,,,,0.4639997365578506,0.46551738835045925,,,,,,,0.46411158965746285,,,0.4648539650742759,0.46357881534128903,,0.46349254920235355,,,,0.46449403560552555,0.4654731280505814,0.46329500894358205,0.46379489991781375,,,,,,0.46523456867271423,0.46428875398725555,,,0.4644143802052251,,,,0.46415521480547994,,0.4664138687874991,0.3473404958320043,0.34681454278873336,0.347505920275177,,0.3685539835125319,,0.5436343970238938,,0.4268501734984536,,,0.5718724265532418
8,24,DG_48pct,96,Z07_F08,7,LL_AB,175048,181972,True,5578.860391967425,5622.745941550319,5654.967673398667,5757.924847673707,5799.632007242644,7539.08631111096,80.00771352661008,976.4608049509294,853.2614546578744,453.12183010624034,418.0256088242247,137.06041005999984,2.219081516860522,53.297059511402104,172.6878453908678,540.3057663411273,289.3192538800008,118.30441885373942,193.10233599825875,144.81189713083904,0.6767199700730056,0.6795518089347807,0.677785205002655,,0.6526381823703982,0.7440761402940924,,0.48019269703786577,,0.479281683962798,,,0.5840250606116413,0.5843704751914902,0.44259194892164305,,0.44351780214696884,,0.5952403640541278,0.5973568728387072,0.4796778823523404,,,,,0.47965395401987027,0.4749391816328128,0.4733136962958973,,0.4818781102076404,0.4804839281563328,0.48104275396517004,0.4794538464519253,0.4810820551752132,,,0.43372068931044855,,,,,0.4179198339708367,0.4196213907826264,0.41999965522536414,0.41854381322353906,,,0.4193782716779547,0.41856827123378615,,,0.4194838249519883,,,0.42038978036056024,0.419011058565617,0.41840539983433317,0.49966596076011094,0.49908448490815094,,0.5587383893197286,0.4864775054493704,,,0.4868310689570363,0.4868077741491737,,,0.4864694751294935,,0.486983403862342,0.4854203050481438,,,0.4848962864228098,,,0.48542076538336154,,0.48675211253581957,,0.48645796790149104,,0.4857083254490936,,0.36166384297077514,0.36255709117327006,,,,0.055317830544468746,0.055255026594718266,0.055431063869920943,0.055311675829516294,0.055365879018408115,,0.20320237166265462,0.2040926820656599,0.2030040458437809,,0.20321316883341334,0.20398964100707387,,0.20370244801932288,,,0.20355385758350386,,,0.20342336090695956,0.20278831038713463,0.20335324366852892,,0.2031502821130771,,,0.2031169485087584,,,,0.20416214109418798,0.2035853628983312,0.203348975324978,,0.2036109092240865,,0.20290456287264974,,0.20300903347579566,0.20250655327080883,,,,,,,0.20303900262910715,0.20266918418404611,0.42844951475012694,,,0.42824673267929597,,0.427535067892152,0.42760590290014605,,,0.4276366246224458,,0.42843246621979475,0.4283440259100233,0.426957058739325,0.42763248153966055,,0.4275334219075312,,,,,0.4275582707722548,0.4266810507883334,0.4280826506122902,,,0.42666949960976136,0.42765052613064425,,0.4275623551481107,0.427942192772843,,,0.42919007014833876,0.42653116153706644,0.4267858760857772,,,0.4280350463127768,,,0.42747966859536285,,0.4277992279528212,0.42832124066700383,0.13084559944505855,0.13100730592517584,,,0.13082742423313318,0.13069389641578663,0.13117879740584892,0.13115716791474308,0.1313067566884445,,,,,0.13124854683650758,0.13132355669355508,,,0.1310018951739173,,,,0.13093491082257971,0.130876897019467,0.13093859188947998,0.13088556558022593,0.13094448204494585,,0.13117524701095998,,,0.13099091851659345,,0.13096437491882865,,0.1309233046841575,0.13144535003697547,,,0.13103380774054102,0.13098543072546662,,,,0.13121501292083784,,,,,0.1305854916710323,0.13120173575162908,0.1307382509720804,0.1311228721464715,0.13103220021613735,,,0.05338157792328593,0.13871534728149526,,,0.05532140036422968,,0.05520702056091767,0.05515891289492475,0.055091249850839276,0.11259422478897738,,,,,0.11241156673561867,,,,,0.11264835979936175,,,0.11247941894887893,,0.11250510722964607,0.11251990603026445,,0.11260151721390674,0.11239799833448968,0.11266287718868638,,0.11234667406703233,0.11234242532021214,,,,0.11242555056625592,0.11240632177591621,,,0.11217747926436229,,0.11245955881109744,,0.11227680766073475,0.11229621856446736,,0.11244212302244848,,0.13084176538044529,,0.13072595398492717,0.13060423494793008,0.13075800701438883,0.13096397093655912,0.13087416830091209,0.13093303003840312,,,0.13114406828025227,,,0.1309502087271418,,0.13087285286469075,0.130923534077029,0.13084927374940575,0.1312636485697149,0.1310478910162255,,0.13110034265528214,,0.13094408160645984,0.13108159031861116,0.1309364709038014,,,,,,,0.5105502641879973,,0.5090295039794547,0.5081063200383291,0.5088765803732013,,,,0.5102644760505846,0.5098009094736639,0.5095915568885113,,,,0.49017195734535673,,,0.4899818468957216,,0.4904057127787395,0.49098500337732465,0.4896100398809933,,0.4890825438673355,0.4918842410669264,0.4877584486769197,0.506939893311724,,,0.5094113149546826,0.5084441763927359,0.5086544440348455,0.5097296776684033,0.5084970884261073,,,0.5083085127794146,,0.5087095659010045,,,0.508126043678842,,0.5086144502759635,,,,,0.5090163940364615,,0.5076475369932238,0.509003279260683,0.5080056300676918,,0.5092115103082046,0.5070484080106228,,,0.49016045009053727,0.4906856923829193,0.4891878861806476,,0.4897372332577201,0.4912438658536375,,0.4895895168849444,,,0.49017957960972236,,0.4897239492498712,0.490142329826214,,,,0.49021452797293935,0.48973508335678906,,0.4893005994146369,0.49118941390350507,0.49303968245018426,0.49022352427003707,,0.4911690029247862,0.490654793889375,,0.031280653398076716,0.03133336051929269,,0.03130158307388442,0.03628811881620702,0.03622436258148007,,,0.03625748974052866,,,,0.01500110888680612,,0.01507297140401792,,0.1144462323122548,,0.05512340035720343,,0.05517189391323933,0.05390011410907583,0.05404283957366198,0.054087735927474845,,0.05273173742646005,0.052504231276826505,,0.14229055133136806,0.41706723824488323,,,0.4223103288264757,,0.1586258180393679,,,0.16185759149123888,0.16145317517563415,0.16189078295862075,,,0.16134806045914415,0.4273775377006829,,,,,0.05958420543667311,0.059441527660973784,,0.05944941082035274,,,0.05963724153329175,0.059659805970158894,,0.059573210506542185,0.059400114257913805,0.059556434080357865,0.05955231380715962,0.05964494687643455,,0.05939180195717757,,,0.43218796354585653,,,,,0.2539786555469248,0.2535921685894953,,,,,0.1704519544153036,0.43298578760444206,0.4344171722256508,0.43348144324808335,0.4335601092679707,0.0606905194915873,0.06054999645033101,,,,,,0.06075958011560676,0.06078047982181036,,0.060669769503617826,,,,0.06068042309227484,0.060671614341594224,0.060713929621806086,0.0607160600190988,0.060710688652629595,,,0.06073801264307455,0.06088985700892293,0.06071862146450279,0.06074043934536742,,,0.06063104973658736,,,0.06043565401442861,,0.06055940125372049,0.06051970829882033,0.06054426771167559,,0.060592127630404585,,0.0606242509281132,,,0.060772914549654285,0.06067240247943994,,,,0.0606768544643731,,0.06066609992596896,0.06052620256081988,,0.060618474986451315,,,0.060656154373026336,0.06057047208579596,,,,,,0.10871842569071194,,0.10866880881759679,,,,0.10883827386454786,,0.10853536975763263,0.1088228427514731,,0.1561524822597104,,0.15601736198845456,0.15587071365862992,,,0.1554288217021113,,,,,0.1557094708359918,0.15550065366204416,,,,0.15574123606116044,,,0.10893240052509895,,0.10882018210901777,,,,0.10879992682798198,0.1088349288206433,0.5179838502512362,0.5182473017160775,0.5187142355840197,0.5184863424662713,0.5160713112207854,,0.51805208379793,0.5163013885472948,0.5166754059215515,0.5181368619418053,0.5169477372660469,0.5170718290626837,,,0.15550529739752145,,,0.15552342853214737,,0.15629605996870188,0.15607115387097162,,,0.15600176521600848,,0.15627630802046627,,,,,0.5195444986896757,0.520106175920754,0.5184632393931125,0.5178725075894822,0.5186905458415799,,,,,,,,,0.10869478701358935,,,,,,0.10872578112439306,,0.10860643665195295,0.10902477349461077,,,,0.10863333491208775,,0.10848733492594323,0.10884389376061979,0.10878238536908692,,,,,0.5190965376708636,0.5188155739513002,,0.5187084714061577,0.5182963795854669,,,,,,,0.5176767092682392,0.5179649532692583,,,0.5180290558261317,,0.5183063392993573,0.5191754112487212,0.5193165269541561,0.5188202527114255,,,,,,0.0562609814898447,0.05606056768572293,0.056345509101313446,,0.39141110024300013,0.4705716693021707,0.43806183503100626,0.4382137560863892,,0.2480774947835831,,,,,,,,,,,0.4838508084895668,0.4816250411713529,,0.4831551990025384,,,,0.482690911562281,,0.4819649508513886,,0.4819438621741173,,,,,0.48286544359676,,,0.4810470189786617,0.4825402401017499,0.48179320260233033,,,0.4825577388769007,0.4832339463185036,,0.48236050883665915,,0.48313667039940617,,0.4827749553476498,,0.4832668336290942,,0.48179215015160903,,0.4824582961850466,,,0.48136467340497585,,0.48106598480622037,0.4811165834129616,,0.4839025899246603,0.48117475670153925,,0.4801384510270936,0.4821795238136873,0.4817414548364087,,0.4813066367870931,0.481616530650996,,0.48040368788344373,,0.4828378934257437,0.4827377200205791,,0.48076939208506947,,0.48126338765458565,0.4817532534877464,,0.4805633784489144,,0.4821379874108612,0.48222694546837863,,,0.48312585900218974,,0.4823361629732096,,0.48308708039806975,,0.4823697801253492,0.48288377459696785,0.48240249950111724,,0.4822912496481048,,0.48177440517694203,,,0.48234596587155876,0.4826749104380536,0.4825896671691575,0.4841644725696614,0.48285150524289205,0.481099764527829,,,0.4820133525940191,,0.48319690253073005,,,0.48229352510189777,0.48263773555968403,,,0.48222947945257133,0.48180201106210896,0.4809655964207792,,,,,,,0.4825566715436672,0.4813516199399263,0.4822100850070727,0.48195394068840486,,0.48288186360952196,,0.4837911407355254,0.4833658884589208,0.48128100849159733,0.48231617266513754,0.4819909883434878,0.4806753667745103,0.4824445038979587,,0.48277836926968687,,0.48156881171812954,0.48175890322032827,0.4834084785953274,0.48153186667110803,0.48235000788856763,0.48280267511179725,0.4820171290962939,,,,,,,,,0.48343344685660855,0.48167368256761806,,,,,,,0.4827550600419213,,0.48182835685762737,0.4809606286760652,,0.48327378422246275,,0.38189191189162264,0.38244460573568845,0.5265232892689526,0.3887131183119051,0.5735399951625514,,,0.44215187231148756,,0.5964159859644454,
8,24,DG_48pct,96,Z07_F09,7,3PH,175035,181971,True,5064.602555713639,5215.2757658331475,5280.601878266601,5837.4538496591085,5865.759637067228,6081.754247198062,4.165858403573448,137.07179144293033,122.79509558473562,67.54175598006397,62.86452130502618,20.848049431955502,0.3032141320374513,40.068874065987245,128.82945026703518,4.621968300324954,33.18634275027786,13.795135140316392,17.199428084196057,20.31285281777956,0.6859798937363899,0.6847999016305922,,0.6896984955224693,,,0.6007394628237299,,0.4952427883617241,0.49393801177067326,0.4927341867994561,0.4986081220931677,,0.49754106701041123,,,,0.4978312936543836,,0.4981192398876195,,0.4936775462924973,,,0.49391989104071005,,,,,,,0.49497268771600267,,,,0.45190628500687774,0.4286687179407989,,,0.4184319815337538,,0.4178134549015308,0.4191910973757567,0.4193920594519512,,,0.41882040882169497,0.41914941257334476,,0.41974472881742136,,,,0.41950993352448934,,0.4188492634236551,0.41808062229647536,0.41128274019049976,0.41254872127161063,,,0.4005964162772895,,0.40205404633097563,,,0.4007107461482714,,,0.40124119742859327,,0.40024814794191726,0.4004499238429582,,,0.40198888790584864,,,0.4016183611331848,,,0.40065527836136006,0.4026790595239457,,,,,,0.05359649667134838,0.05306158141958888,,0.053089426373059016,,0.05329523093226103,,,0.053930719958111425,0.05386037855828736,0.053776926513499,,,,0.053779139573118986,,0.05405284485010093,0.053938649463885935,,,,,0.05380784470537757,,,,,,0.05370410986500287,0.05386641878344799,0.053877723996872094,,0.05374240734061939,0.054060728951830984,,,,0.054009396710538185,0.05386563500950166,,0.05386883927938506,0.05387248089013058,0.05390862068677386,,,,0.05381757210280611,0.05371181284342699,,0.0537110142659664,0.05398390116952239,0.05383486006344823,0.053940817634140326,0.053878333651181096,0.053803489376092764,,0.05386380235578111,0.053914924754690695,,0.053984214837987377,0.0538373620443621,,0.05393107046806578,0.053865784113951515,0.0538991479120149,,,0.053953968699395276,0.053894349159258136,,,0.05386397444012441,0.05383750642916937,,,,,0.053849524085010717,,0.05386614509955671,0.05381211290162398,,,,,0.05380151599253202,0.05379412707897517,0.05382719424336644,,0.05373751800724171,,,,0.05384664462083389,0.05376200442908561,0.053807425978114796,0.053927467900659276,,,,0.053921174102180926,,,0.053952186474223875,,0.05382737730653277,,,,0.05387596319370781,,0.05387075827510702,,,0.05392161693638879,0.05399098567926142,0.05386722590690584,0.05382315652745301,0.05385322757835686,,,0.05371888589597312,0.05383039781702027,,0.05377594111562535,,0.05387279186369239,0.05390418774137713,0.054009715132942095,0.053980488096387926,0.05386290685735152,,0.053828374741544525,0.053899601315704905,,0.05379911034334514,0.05376506702494094,0.053909767772343034,0.05399577046372611,,,0.053777214501770504,0.05384951335242918,,,,,0.053922270213048656,,0.05140335898619048,0.051307293030199284,0.05312112288192505,,,0.05319060075249121,,,0.052921335840249724,,0.05308413524411843,,,0.05310978239683611,0.05299023629028099,0.05311116665153166,0.053039908036557025,,,0.05300674441467203,,0.053133377621388075,0.053094305682586204,,,0.053032333477678405,0.052927652534308305,,,0.05317340720638154,0.052965861288926046,0.05303706150173286,0.05306060698356969,,,,0.05298260822649652,,,,0.05314903299956612,0.053108714403423664,0.053023158917236385,,,,0.0530789313848885,,0.05308716405114004,,,,,0.05298690812761104,,0.05306103008047269,0.05314063782896699,,,,0.05320422718602299,0.05316960734874389,0.05329637867491255,,,,0.05300436506571528,,0.053165092147781645,,,0.0530778550972481,0.053166970469887075,0.053074541107051156,,,,,0.0531187033136722,0.053165885809642086,,,0.053108669754280205,,0.05307614630523309,,0.05283507615749473,0.053064792430929215,0.05306555516710964,0.05297711370505987,,,,0.053075962126805314,0.05305252348269004,,,,,0.053033907435007806,,,0.053052249486041855,0.052975762683476785,0.05291676421868984,,0.052833342125702856,0.052949228450629195,0.05291468638189719,0.05283602795589947,0.05290716348128986,0.053107008650970525,0.052985649449576,0.05309002340196597,,,0.05290796048308676,0.05302734207705024,,,,0.05302143707747698,0.052924341205197,0.0529340542752908,0.05305718959631143,0.053062163583334106,0.05297945228376616,0.05296652550806877,,,,,0.05319833262795795,0.05309543081137986,,0.05291168078436956,0.05317022045010275,,0.052978063563566206,,,0.052906503833584195,,0.05305990415591128,,0.052995815338016686,0.053098924087754386,0.052805559858675334,,0.053163310298205035,,0.05295867393145577,,,0.05296137674183542,0.05306063607233974,0.05308515095845276,0.05301813825711452,0.05301670205898995,0.053019738631782345,,0.052980106396218626,,,0.052989703743541235,,,0.05306616497108697,,0.013101535291178685,,,0.013061979702140234,,,0.01306148654885896,0.01309283973246263,0.012818002566012763,,0.012844075430909159,0.012840507593060343,0.01285939917436899,,0.053453772835655014,,,,0.053113846410329214,0.053165270026290345,,0.05181892437939348,0.051872357568567826,,0.05065848017904775,0.05049265710065322,0.05434397795193681,0.05429629503493649,0.05405496160625861,0.05613707904392616,,0.05597710322417528,0.056742135834635214,0.05658105077694618,0.05655390109387159,0.05701955732164819,,0.057096354517304396,,0.05718600451352761,,0.05699653404975654,0.05708087326593375,0.05765611824635054,,0.0571585276283419,,0.05713314904609573,,,,,0.05710699554601097,,0.057193590398923314,,0.05722729739301193,,,0.05722095783903072,0.05714574228639314,0.057163187095816706,,0.05825079029232941,,,0.05829693530645785,,0.05787545842669808,,,0.05862154714224154,,0.05867275763409225,,0.058470507375200285,0.05866572897160336,,0.05856001922521909,0.0585821560523231,0.05869813401066768,,0.058459694132205586,,0.05830291407247289,,,0.05827038103637678,,0.05850362760390534,,0.05835955734253231,,0.05820542411273477,0.05813680081737998,0.05831276586971002,0.05843891124075774,,,0.05848333934279775,,,,0.058407488897849726,,,0.058262271436232894,0.05830519578739097,0.05830803939993934,0.058212163596473285,,0.05831887418736586,0.058282126141383304,0.05808652690555516,0.05832569922295635,,0.05833753136913274,,0.058257482805790725,0.05829546535039641,0.05813631322899163,0.05833202127860833,0.05831840048315914,0.05843695211097035,0.05832113088081414,,,0.05827498694120268,0.058172981565577424,,0.058390574479247115,0.05829178047998434,0.05822639435449765,,0.058254228145474436,,,,,0.05837721203247842,,0.09186353455409733,0.09191270593384235,0.09203138474225994,0.0920859390774408,0.0919123757187065,0.09171246391039867,0.0920246538722584,0.09200728387104662,0.09214873538395928,,,,,0.09207834879383064,,0.09198161419575664,0.09206102805660009,0.092228639913842,,0.0922158005350709,0.09192184303785647,0.09206973170872819,0.09200475741938267,,,0.09177106618700819,0.09185495411256779,0.09188095481439051,0.09210133534023446,0.0918956269788644,,,,0.0922006789774036,,0.09204431995462523,0.09222773404077857,0.09177719087415713,,,0.09203260655198897,0.09161875693875189,0.09202398223027493,0.09189192452450487,,,0.09175260282923692,,,,,,,0.09191676492545872,,0.09192701896624716,0.09204636038013046,,,0.09217925620454956,,,,,,,0.09173994661908388,0.09166298036104341,0.0919700778511745,,0.0919486269483484,0.09194862808342773,,,,0.09198133132627438,,0.09211847589627035,0.09213864683233906,0.0919971274899357,0.09184560967760855,0.09173114389116932,,0.09207393143607585,,0.09207963249361983,,0.09219803702667924,0.091979587788563,0.09218351966336379,,0.09211390011110636,0.09242500979577437,,,0.09203178359129754,0.09169247684432523,0.09190895608965438,,0.09203615481533674,0.09210671650574459,,0.09177186006409994,0.0922190858662723,0.09217581661067714,0.09211678070242392,,0.09185860491885149,,,0.0918495611588909,,0.09165948031489375,0.09176112266590701,0.0918837239347859,,,,,0.09199134684005272,0.0923198978822358,,0.09187271979438498,0.09165896796004527,0.09205949476733763,0.09214785423805795,,,0.05396146033952285,0.054124077692902346,0.05402730876902419,0.053903083917272714,,,,0.5228627240195922,,,0.4377421525348364,0.05803545248021142,,,0.4962449939448486,,,0.49692802700479355,0.4958665215993586,0.4968121767294265,0.4963732256825726,,,0.4971439705449909,0.4951780739195807,,0.4968081433442723,0.4964728966129658,0.4974347372759442,0.497455750645835,,,0.4960239967215292,,0.49657414152524953,0.49624582932754085,0.4974666243096701,,,0.4971043329017958,,0.4950935641300826,,,0.49655867835381967,,0.4972919295010984,,0.49602636239602305,,,0.4964525177809341,,,0.49638538932555404,,,0.496778803033581,,0.49786169838521704,0.4967704066282552,,,0.4950933598679257,,,,,0.4963435990795122,,,0.49735431829126897,,,,0.4972585175307771,0.4957830324812423,0.49599886218660916,,,0.49589240049630456,0.4955825040161944,0.4952207766660292,,,,,,,,,,0.4962682215618245,0.49606180209342465,0.4967293399778375,0.49639436541517445,0.4949916624196515,,,,0.4957527623348263,0.49540874819138137,,0.4958403997533515,0.49683447100566897,0.4969164475293349,,,0.4966953598206158,0.4956344635699586,0.4939783487154797,,0.49543383675545083,0.4951955188582981,0.49598770006979037,0.49730192315606375,,0.4958203229830131,0.4952333305504828,0.49744780850767784,,0.4956535115933848,,0.4969186305379888,0.4963027365611144,0.4950668488872149,0.49545854039808745,,,,,0.494537008214821,0.4955906270014021,0.4954634696282395,,,0.49674510238832026,,,0.4962526523738527,0.4958976614714781,0.49649635762915795,0.49488912898229387,,0.4958892181078135,0.49661563261541464,,0.4957848877241574,0.4957155394221524,0.49631969897173245,0.4968518299968491,,,0.4942928358797206,,0.4971385512471587,,0.4958565172123028,0.49723904336511215,0.495830994154394,0.4970088439112427,,0.4967892432568659,0.49635545871646014,0.4951482629329647,0.49579499096645496,0.49617266193601184,,,,,,0.4958059944685928,,,0.49759118441766,0.4957725627773947,,,0.4964035862969817,,0.3813180176449295,0.38125945529458777,,,,0.49690261972857697,,,,,0.4971893640068417
8,24,DG_48pct,96,Z07_F10,7,3PH,255469,181979,True,5155.918635323945,5302.100784198567,5331.422020641527,5943.21671769195,5972.81485953236,6120.774127323059,3.1638939280727474,104.48034643485316,93.92449526653016,51.570920299051195,47.59510466871344,15.806802623148592,0.2309114348751026,39.53466041477534,126.94105391676408,0.029782131766944386,25.285041093143917,10.498089877441753,13.15760923038033,15.363192563931191,,,,,,0.6836000677607176,,0.48676838812772283,0.488639357573626,,0.48360682772434727,,,0.49154861735051897,,0.489885971643931,,0.49067905129159217,0.4905542155046054,0.48977779544144084,0.4868289813597869,0.4879766230324808,0.4866435882674761,,0.4873199819890814,0.48474967434273675,0.48165713979053887,,0.48044531476932617,,,,0.4881282656523088,0.48837080182301135,,0.44327868131980463,,,,0.40937525420831944,0.4093061483400912,0.40818543662840656,,,,0.41207925446690624,0.40980202304705415,,,,,0.4102830085168407,0.4101258573651228,,0.41066756678059785,,0.4104819244651163,0.40177696059158147,,,,0.39203526336384575,0.3925127959380076,,,,,,,,,0.3927684650870865,0.39231500242580375,0.39316182397377253,0.3919977429916645,0.39208088861206,,,0.3919240135524622,0.39231678000679165,0.3925913823258428,0.39262065966328025,0.39084222779643873,,0.3918002151985803,,0.35174033486740086,0.3526892918405991,0.040636575662728894,0.0403354524997197,,,0.04044346480096988,,0.040545080998442784,,0.0408591288873515,,,0.040808099333401016,0.04096583478156299,0.04080613951459404,,,0.040909617537471556,,0.040847895737237794,0.040914339980232736,0.04092876734055715,0.04081550786994988,,,,,0.04080368507025766,,,0.04091822056324991,0.040795904084295634,0.04073361475001864,,0.04080536758143331,,,,0.04081994426986987,,0.04075276461428212,,,,0.04088446943604713,0.0407931440930852,,0.04092687348208768,,0.04068066785838279,0.0406867214523037,,0.04085507798407085,0.04075580476582642,0.040786726537916686,,0.04081372668934165,,0.04079083655516434,0.04091682245936203,0.04078815564555382,0.04096103165574623,0.04083448951289788,,,0.04088355581215194,0.040798205429522505,,,,0.04077197555983416,,0.0408062438220875,,0.04083440849541155,0.04082335774029523,,0.040828266195629966,0.04075215145019363,,0.04080764018821409,,,,,0.040956538987179,,0.040783196566551744,0.04090942033090295,0.040854761563550446,,0.04091910844988095,0.04091240540972287,0.04083704840849245,0.040866222266422655,,,0.04080834765343341,0.04090508162092737,0.04082015464739599,0.04082040466320694,0.040802022585548985,,0.0409754230849564,,,0.04072611405842956,,0.04098643243832004,,,0.04082191970737236,0.0408783994193986,0.04084419378956279,0.04093358716461245,,,0.04084739320082144,,,,0.04085133912140348,0.04067317075147387,,0.04073815316693603,0.04076804027650408,,0.040703048965048415,,,,,,0.0408450094226853,,,0.04089075517085552,,0.04093064267614934,0.040790672563236,0.040965226188717674,,,,,,0.04092574461106171,0.04074912425065262,,,0.038883054584958957,,0.04028421526325634,,0.04025881070951568,,,0.04019288911401146,,0.040205159654353444,0.04028037336888599,,,0.04025340886337773,0.040381271857165446,0.04022991534770265,,0.04010748553045967,0.04024760773374226,0.04016045122621808,,,,,0.04022228024763067,0.04036726429868501,,0.04024960338604097,0.0403262623560425,0.04028959174913749,,0.04021491489836185,,0.040205077549524175,,,0.04024701188538278,0.04029310967661484,0.040157556041211,0.04012308152069476,,0.040257810380122556,,,0.04026466899120253,0.040147612993932144,0.040342941854284095,,0.040225704593996235,,,0.040304255037835544,0.04026308521436375,,0.04028623861024055,0.04023245171491401,,,,0.04032969272195921,0.04020509634124398,0.04028168613388893,0.04027891423474932,0.04021121156484258,,0.04026864651866667,0.04036463599205596,0.040224869495095274,,,0.04022879478429813,,0.04028424441024605,,,0.04026142354382479,,0.0403178137984733,0.04026516633433561,,,0.04024834499029771,0.04026331295947603,0.04020730337897265,0.04023347666413035,,,0.040227044337273844,0.04021872546632179,,,0.040190612508023006,,0.040167313218150764,0.04029631752183674,0.04013875820428627,,0.04008142308817663,,,0.04019089410561849,,,0.04017738675143241,0.040223383807261925,,,,0.040164634006582656,,0.04011154877862733,0.04019969322451064,,0.04021498294004037,,0.0402127493053936,,,,,0.040207826720547485,0.04038704173132515,0.0402515076803513,0.0402882076342847,0.040269274037063686,0.04025901536378641,,0.04024340459936732,0.04023980949270008,0.04026023549693695,0.04019722720437579,,,,0.040152591527903514,,0.04015369880483597,0.04020390958196913,,0.040085504664203325,0.04026123813645558,0.04015692456265919,,0.040085894267873755,0.040117241070069073,0.040219267172327454,0.04020268983193247,0.040284148002013555,,0.04013367648783742,,,0.04022157302229691,,0.040181554365709415,,,,,,,,,,,0.04017974372063538,,0.04021031703541927,,8.472203051848452e-05,8.454264934214603e-05,,,8.426484393428611e-05,8.439499649272108e-05,,,,,,8.30189312469611e-05,,8.276504625745152e-05,,,0.04038470930764034,,,,0.039356464541650905,0.03937774685443146,,0.03824676963976785,0.038365091467303505,0.03832301523735686,0.04110103137031493,0.04117658295543668,0.041249160690015066,0.042442559613419875,,0.04248436665650169,,0.04293828496895368,,,,0.04332699449474139,,,0.04332193423178411,0.04321036597987145,,,,0.043344220559273616,0.04332371612849755,,0.0434471584273407,0.04329033822035768,0.043535165343451386,0.0434684135589576,0.043511567026081305,,0.043369164805383886,0.0433096191061717,0.043481997617728446,0.04344662776986084,0.04334457433146965,0.04341825191081393,0.04338134699248172,,,,0.04422099042524339,0.04421330543275012,0.044167136243714496,0.044293387931806226,,,0.04433303862990524,0.0444177463241381,0.04437600045943717,0.04439688756856468,0.044470446731067134,,0.04443661886773892,,0.04437916340198374,,,,,0.04433650912001224,,0.044275702984858355,,0.044207762988124656,0.044343368672400955,0.044281083274020236,0.044182510646115586,,,,,,0.04427517886271574,0.04429527601826393,,0.04430318858150761,0.04427657800999973,0.044236306037230354,0.04438982373362053,,,,,,0.04417005920944556,0.04421380526254545,0.04416698968314158,,,,,,0.04425590279404452,,,,,,0.04419121206299499,0.04440470031326563,0.044309454088285745,,,0.04428471164077811,0.04429265147250134,0.04417293953792887,0.04425562950891786,,,0.044190722372629596,0.044183642128320766,0.044284725429104846,0.04420625601612276,,0.04427884597126381,0.04417467854616603,0.044382521429065735,0.08074200541645904,0.08078637578631614,0.08069961284428716,,0.08100788407792231,0.08074315686759696,0.08074715061714254,,0.08078531468352884,0.08066425890382306,,0.08061374203935197,,,0.0809346298972058,0.08061663029501229,0.08097059951490933,,0.08087018843253853,,0.08080225663995015,0.08061452336267089,,,0.08075883020113098,0.08057261710010973,,,,,,0.08090693228016796,,0.08104788973464629,0.08084023549227208,0.08091657341353185,0.08084526649878156,,,,,0.08063849364605023,0.08055449229026918,0.08055934050927868,0.08049509007381118,0.08064018758128318,,,0.0806021499486209,0.0806963153331914,,0.08094215969938069,0.08069582454668064,,,,,0.08086815306962614,,,,,,0.08105713004727048,,,,,0.0806517043450977,0.0809203775351032,,0.08074153751314092,0.080640596312772,,0.08091864189838698,0.08072996260065154,,0.08068734702949874,0.08105240032045867,0.08096720743469524,,0.0810524156735087,0.08082838371026517,0.08079766860943986,,,0.08079598903081961,0.08080991240693355,,0.080753476697355,0.08066327389902718,,0.08088776799587288,,0.08071014725311307,0.0809174056529599,,0.08065696375965231,,,,0.08068822065212593,,,0.08079301261882248,0.08097130981790879,,,0.0807403630047454,0.08099227038755519,,,0.0808825047497809,,0.08083483571528334,0.08079466503699641,,0.0808050083844525,0.0808761109700076,0.08084185304421034,,0.08100117623485843,0.08070103256888468,0.08082828330507683,0.08091570686100721,,0.08119415448302339,0.08051031886371796,0.04103649913770957,0.04091958374357347,0.0410950834292494,,,0.04099917867812965,,0.5149587284626909,,,0.4298637576394779,,0.4878608868748439,,0.48788850230252556,,0.48834209248704125,0.48805960328805503,,,0.490607592130782,0.4897639005168832,,0.4893543106816798,,,,0.4892736588180059,0.488489616845378,0.4883581613609164,0.48785303572322963,0.4895525138630812,,,,0.48819124588140533,,0.48735214823288175,,,0.48747531965819424,,0.487781297596038,,0.4891833833326351,,0.4886303485652814,,0.48824337050212213,0.48837701792791927,,,0.48973412640335817,0.48965714425931633,0.4897179326581707,0.4885774367681977,,,0.49090600570746984,0.48842831081513566,0.48831733743796857,0.4886317702254878,0.4885821840115072,0.48877524147996204,0.48908542372578,,0.48778952581138396,,,0.4896472687954953,,,0.4879271363763463,,0.48974178165872095,0.4885430453803031,,0.48805352945004854,0.48779536146992963,,,0.4891436021601472,,,0.48885524905812827,,,0.48923487927236337,,,,0.48859025807680007,,0.4886150220579834,,0.48844429518940374,0.48815277383338246,0.48964327432666316,,0.4897106236280666,,,,0.4884771749321817,0.48892637257589644,0.48857008092032145,0.48867306210976846,0.4885671272557613,0.488464245438955,,,0.48749864334192194,0.4896363839323951,0.48893926444377195,,0.4892990273627325,0.489643398292375,,0.48746135938655727,0.48785702569372075,,,0.4882366319741269,0.488794535989931,0.48923862743913865,,,0.4885865138902157,,,0.487568586677945,,0.48840921652319047,0.4900717853387238,,,0.48889293293873576,,,,0.4888453467791143,,,,,,0.4888279957800289,0.4871759883694056,0.48841806742814203,,,0.4884405565086748,0.4881236822419336,,0.4897504709064672,0.4892228819684802,0.4889861627093552,,0.48922781401822885,0.4890428429932024,0.48853838176883974,,0.48967307389664405,,0.48946135394115237,,,,0.488715793449545,,,,0.48845161297168,0.48938600251945896,0.4888640979576584,0.48900947430563974,0.4893625750959356,,0.49027720681506776,,,,,0.43001726326767775,,0.43001926947892366,,0.49123123790164197,,0.49095131033526723,0.4896819130742052,0.48963575473909565
8,24,DG_48pct,96,Z07_F11,7,3PH,175035,181971,True,5099.1975245656495,5200.149916449141,5263.055826887666,5839.45793375847,5884.714808598575,6065.48634183929,4.151826062663623,137.49851753742843,123.05286484667737,67.82239247232081,63.04484452136533,20.961525478544985,0.30566997698587167,40.2395151487303,128.89222413613717,4.616760872645926,33.333191791271936,13.863590554021416,17.353956464167343,20.284635239859448,,,,0.69019833929482,0.6887336439038874,,0.6015375924308813,,,0.49439261065205126,,0.49892145213632644,0.4979103583110733,0.4973744603910069,,0.4975218548712255,,,,,,,0.49407585115910546,,0.49341993512902393,,,0.48892354960120393,0.4861500652939099,,,,,,0.4935412995364154,,0.42928004675113046,0.42866312483076535,,0.41862532660705254,0.4175549189110782,,0.418290945747336,0.41954730378052274,,0.41880157923422806,0.41892418744304616,0.4196991902149918,,,,0.4191360221312347,0.4187031629035167,,,0.41868505136822454,0.41847012249181254,0.41278727495239503,,,0.41244425690540304,0.40193295489495584,0.4011913656836594,,,0.3999494638378383,,0.40051149539962244,0.4018989906114359,0.40047242971406255,,0.4002777477477629,0.4022895568695977,0.4017217870774519,0.40156050010539257,0.40135913646366206,0.4016439850129451,,,,0.3996521923192219,0.4015947713848126,,,,,,0.3609231353135396,,0.0532489897157164,,,0.05342149170974896,,,0.053945265127142074,,,0.053904796900128324,,0.05390449964169888,,,0.05387748177412894,0.05384003762255209,0.05388702008697749,,,,,,,0.053847237533754214,0.05378474838278941,,0.053799187877087075,,,,0.05390759920935518,0.054036132504062855,0.0538352468698615,0.05391154494078653,0.05384028611790622,0.05365346656954164,,0.05383972535208702,0.05384491165861479,0.05389876290976754,,0.05376824470755968,0.05377839576410682,0.053694960915568614,0.053688654475878506,0.053740409157875924,,,,0.05380357253895925,0.05384559857734381,,,,,,0.05392634233023162,,,,0.053963798090512785,0.05414547003816226,,,0.05396093641563872,0.05390825873813318,0.053898134057859134,0.05376912639620776,0.053998333931310406,,,0.053858508685038525,0.053890254093720676,,,0.053732558275994574,0.053827579922971644,0.05373402205179164,0.054107165503456935,0.053993750603319686,0.05388299743017405,0.05372292433207621,0.05399433250944746,0.05378408525248897,,0.054019214617276205,0.05382644913410579,,0.053773289224883,,,0.053937298909472485,0.05376313307739066,,,,0.05388360526422438,0.05388771969908384,0.053823104375334094,0.05373707490919815,,,0.05395670312668362,,0.05386995753050089,0.053708215481952204,0.05385659867475049,0.05386976082512628,,0.05381747201340865,0.05387372756050065,0.05385923800473037,,,,,,,0.05362450317383216,0.05387687551465212,,0.05365985498597957,,,,0.05382535340302869,0.053893924014804896,0.05376903842187827,0.053856120032898865,,0.05391216679095637,,0.053862144621539355,0.05378955355353525,,0.05388795314731257,0.05390990233805743,,0.0537143426690018,,0.053730492772950264,,0.05369091419278016,0.0536576360502915,,,,0.051361405020074254,,0.05119764327494632,,0.05303520757730494,0.05312379836073812,,0.05313409416951661,,,0.05308867333971938,,0.05314723663155348,,0.05302340099142112,,,0.05316813365181893,0.053074085384281544,,,,,,,,,0.0531805099942683,0.05301133423042483,0.052971513040851056,,,,0.05305604694876232,0.05309076049384079,,0.05309397867080508,0.05284052187823607,,,0.05303931300614074,0.052957418126271125,,,0.052958963753294556,,0.05304208324552623,,,,,0.05311874628099722,,0.05315338936197722,,0.05297804316137255,0.053093885119850075,,,0.05313667915239881,,0.05298479896999101,0.05304824354889444,0.05317165906088949,0.05296526319867648,,,0.05304541096387765,0.05318887637036266,0.05309779227306507,0.05327366622000936,,,,0.05322682313802252,0.052944729104162216,0.05311657026840111,,0.052961985317434616,0.05302119908382743,0.053173549372595795,0.053069596973300506,,0.052860502588135246,,0.05314873163483449,0.05295740885235139,,,,,0.053113349030318405,0.053246949957394075,,0.05299809305147906,0.053069862471335195,0.05303437105100517,,0.052867919860107554,0.05291140880039118,,0.05300600971090058,0.05293251563174235,0.0530233600431142,,0.053014968918700556,,0.05284604765399422,,0.053011596106858384,,,,0.05301725006576451,,0.05294481434214338,,0.05285428981419921,0.05296605241486489,,,0.05310915050463159,,,,,,0.05308383347676866,,,,0.053078921450234726,0.053009389774113076,,,0.052887347732119144,0.05286221111486683,0.05307398032868513,,0.05294270307171944,,0.052999802331484026,,0.05310289490460595,0.052909324418979095,,,,,0.05297894670507979,,,0.052968151957363645,,0.05299296106364185,0.053041405895779395,0.05298581701841636,0.05297780970487542,,,0.053104285881312635,0.05311588943274087,0.053073060991431595,,,,0.0530265966384004,0.05308260907383992,,0.01307957959351471,0.013109999152489166,,0.01309581895236202,,0.013078233480436035,,0.01304901764780423,,,,0.012824946117296883,,0.012845724461906795,,0.05339847554728363,,,,,0.05318716419132016,0.051890187623516396,,,,,,,,,,0.05589060444122313,0.056054175368306196,0.056662430969629966,,0.05656965574011968,,,,0.05717671629786692,,,,0.05706482782502354,0.057355613339931714,0.057595178032687426,0.05715770192913539,,0.05727833761628395,0.05712800391989184,0.05726063956752211,0.05728696048591025,0.057125924047745386,0.057298974279617505,,0.05705963461910136,,0.05716430615558479,,,,0.05721799157373044,,,0.05819109698296935,,0.05840355733724236,0.05830960380811937,0.058299229896898674,,0.05857721968683757,,,0.05856923634492109,0.05855507215504172,0.058541117260289065,,0.058576113448259276,0.058584729222582545,,0.05853973094075483,,0.05836063588254823,,0.058234727106026056,,0.05837932050050387,,,0.058377425321892586,,0.058454884906657754,,,,0.05836053625840484,,,0.05828635451476485,0.05840043634182888,0.0584403186516313,,0.05843175838997893,,,,0.05830185277553166,,,0.058537872334255024,,,,,0.05827885282799977,,0.05817392767998516,0.05843917411978158,,,0.05831106244115957,0.058334663388213186,0.05825419229572385,,0.058308136929485326,,0.05838807927539188,,0.05829342792120138,,0.058372777812496626,0.05823085087948892,0.05825981349870893,,0.058290572128367156,0.05832929334625756,,0.05840482234565007,,0.05829707672845823,0.05818024495617135,0.058450698437556424,,,0.09202913030713376,,,0.09218934171464105,0.09188476440425114,0.09231751176056079,0.09212055998276135,,0.09195526472161601,0.09220443963077979,,,,,,0.09223408527102794,,0.09220008302728046,,,0.09185409074456317,,,0.09215977353902692,,0.09201657123949479,0.09191300651474932,0.09218166909377098,0.09201409503448275,,0.09213357340751277,,0.09190628303485109,0.0919897902531909,0.09197641705283512,0.09215500838990943,,,0.09205006382652162,,0.09178643442438751,,,0.09169433432209805,,,0.0918550964162894,0.09190569904504613,0.09154213324617128,0.09224394179476053,0.09205062637653037,0.09194812671248849,0.09173434619572432,0.09228312913998384,,,,0.09223109591687861,0.09228099835248982,0.09206032914834307,,,0.09205548759921604,0.0908934951553124,,0.09161734717191114,0.09199685516346337,,,,0.09222334570362462,,0.09186328715734564,,,,,,0.09208420185992765,,,,0.09200680200903887,,0.09183579811442893,0.09194490441196279,,0.0921745792057453,0.09205774263190593,,0.09206163822290948,0.09211879881926541,0.09188054529266401,,,0.09207647071365034,,,0.09231369968444007,0.09186635014239107,,,0.09225300629539364,,,0.09211766601599582,0.0919426194098975,0.09193239166470388,,0.0920502696458951,0.09182236329788611,0.09174394391700191,0.09172705320994057,,,0.0917441508048456,0.09197632887633639,0.09183574946330525,0.09176360518604627,0.09198024446860663,,,0.09209018429513818,0.09224772048794902,,0.09212628699684185,,,,0.05423495708995816,0.05396422247258704,0.054133916439465864,,0.5223302170779095,0.43695632905277065,0.4376019506317666,0.4372543434413292,0.05790918151644861,,,0.49622259658025214,0.49697366735185805,,,,,0.4969511858634822,,,,,,0.4946298150445823,,,,,,,,0.4951164499219566,,,,,,0.49649393215318666,0.4949786343606853,,,0.4953595812600841,0.4954724459399895,,0.49650812289153257,0.4959406623386236,,,0.4971289408892671,0.4964378240025949,0.49540553840473933,,,0.49574475167583065,0.49549779956604983,,,,,,,,0.4968279380049635,,,0.4972291421818672,,0.49549543222668657,,,,0.4962737917407831,,0.4972776656688628,,0.4955706176338016,,0.4956514062583149,0.49581578489872785,,,0.49744847490680666,,,,,,0.4954056690626613,0.4959990662664694,,0.4969160065997246,0.4965066393887885,0.49714122247277076,0.49742947779141433,0.4950869634637463,0.4962615836612958,0.49577327066902793,,0.49646741485651885,0.4965727678131596,,,,0.4952591159826438,,,,0.49567071416204533,,,,,0.4963269246639929,0.49685396326841746,0.4963958504777344,0.4959361727682878,0.4970841539888013,,0.49583704699655284,0.4954289301828006,,,0.49482166634865193,,0.49619704459837854,,0.4960227619357743,0.4960214936746331,0.49594838678106246,,,0.4958073464287224,,0.4969861500512941,,0.4955272589772813,0.49679289147446104,0.49640966475515425,0.4966389568766423,0.4961789732895473,,0.4957910071225182,0.49591593867849143,0.4960184426272116,0.49760404904435873,0.4960731142414066,,,,0.495689390078462,,0.4958297633784208,0.497368944449749,,0.4976848952135522,,,0.49563295913839256,0.4962726812025174,0.4967174176964031,0.4947101497560186,0.4951177039575096,,0.4959855639861142,,,,,0.4958385972294456,,0.49587376692958185,,0.49642265080701026,,0.4970641010187952,0.49522024231708306,0.49534353152334576,0.38024048591084125,0.3815136233653788,,,0.437069211710867,,0.49874438369237883,0.49911033465378984,0.49845775281587174,0.49900402076585343,,
8,24,DG_48pct,96,Z07_F12,7,3PH,255469,181979,True,5169.500190646434,5290.844009710866,5333.670427921372,5947.2593524383365,5978.75892221155,6120.398859114545,3.1555896665006027,103.82842523448281,93.83549512526533,51.34810841662402,47.513060667307975,15.786509479174518,0.23065803059659432,39.77418061917928,127.29758021637039,0.029829867811742475,25.245994608586372,10.52045523512936,13.031691199380377,15.398258016886038,,,0.6820372530042002,,,0.6845766528425776,,0.487350707778275,0.48636916905174826,0.48681045714720284,,,0.4912774565274745,0.49114363332129823,0.49002397327292657,0.4918952038180345,,,,0.48912797449009143,,0.4877337623915052,0.48696849071023085,,0.48499190404564124,,,0.48084177194833716,,0.4878501947552809,,,0.48775814035091125,,0.4871204521100874,0.44439997394229486,0.4207062619955988,,0.4211358174372509,0.40961205053885297,0.40888290797411186,0.4088775583024774,,,0.41079938326449783,0.4107051125433286,0.4108348733484815,,0.41066925575302654,,0.40906027139498646,,,,,0.4107702356694339,,0.40293265169838594,,0.4037679631645157,,,,,0.3930193439874112,,0.3933639256410007,,0.39341962696213795,0.3915590644322125,,,0.3925767339334876,,0.39261749100085924,,0.3917638764264808,,0.392406927149263,,,0.39157799340531685,,,,,,0.35166895349058525,0.04067050088499362,,,0.040297454025424714,0.0405216235776869,0.04045840127168982,,0.04087943384557483,,0.04088132596733128,,0.040833075855638334,,0.04087787646602289,0.04080253507795948,,,,,,0.04088027510065756,,0.04081782383221242,0.04095892475362695,,,0.04069860995598338,,0.040926913410902654,0.040838973829651064,0.04085153935815171,,,0.04079255860893944,,,0.04093981345460306,0.04096029242802443,,,0.040700772436391607,,0.04080027919815234,,0.040729924637287085,,0.04069813141262786,,0.0409564285929386,,,0.04091749221259689,0.04090725947046924,0.040866331547931074,0.04090441902970206,,,,0.040932116842248366,0.0408003341267995,0.04093260649996955,,0.04095818573336433,0.04093418000937606,,,,0.04085512435270363,0.040839562446810564,0.04075779340507836,,0.040788709568961225,0.04074952719964851,0.040781151258427496,,,,0.040833029527198667,0.040938698797542264,0.040872416499343756,0.04087063442228269,,0.04073686820476506,,,,0.0407637305026584,0.04074508993150444,0.04089186755137935,0.040872853152847256,0.04075041992344604,0.040921212038097024,0.04090870052859643,,,0.04078703630961808,,0.040859821037238654,,,,,,0.04093315456815904,0.040722914025327565,0.04089295044189803,,,0.04081861540151076,0.04086445414784856,,,,0.04083425387365039,,,,0.04071213314907481,0.04078234966358949,,0.040767560311910714,0.04084546786929438,0.040928530619647144,0.04080619477601813,,0.04070214455927649,,0.040703063471898754,,0.040892528509279255,0.04094134011749742,0.040940047475927624,,,,0.041091443748137814,,0.04095197128126116,,0.04074233975540968,,0.040825691188030304,,0.040726620227586365,,0.040877850935614884,,0.04066619113939243,0.03883954951818421,0.038846556511006186,0.038937823128551596,0.04019994774493405,,0.040194215422018474,0.040270462953122,,,,0.04019076621299746,,0.040396391349637226,0.04032230754652715,0.04024340703905455,,,0.04030715683981491,,0.040287866720432525,0.04035829990449267,0.04027949337997295,0.0403030158496826,0.0403500209247983,0.04026781331916232,,0.04036364467670994,,,0.040284731488906954,0.040098428012791766,,0.04039187010550176,0.04018126147970351,0.040324134658877714,,0.04014681041528529,,0.0402012945126488,,,0.04043171944742256,0.04022862231871461,0.04030575720633118,0.04027331178594978,,0.040176156695974276,,,0.04020694931899168,0.04022525431671157,0.04015383738916365,0.040180165148895094,0.040322098313914166,0.040196114073375415,0.04025773378886305,0.04030570626364862,,0.04028836101124913,,,0.040286381962541855,0.040352482602511563,0.040294276468463626,,,,,0.040283847186607734,0.04012897822413282,,0.04031040831501777,,0.04019390618394349,,0.04025302954181879,,,0.04025335958381243,,,0.04027352099082058,,0.04020566864193683,,,,0.04033334164091358,,,,0.04013284706579621,,,,,0.040150394925479574,,,,,,0.040233611218185354,,,,,,0.040125432265345186,,,,,0.04033547085009776,,,,0.040198195336072114,0.04033591445339378,0.040157965277518866,,0.040223331879193254,,0.040151644620937975,,,0.04022352045977387,0.040171653861882345,0.04020852896802536,,0.04016338226357175,0.04017664844071217,,,,0.04012247983584428,,,,0.04017684583611138,,0.04010173587795236,,0.04019476614418951,0.04021095043413794,,,0.040126706605834714,,,,0.04015260762421678,,0.04025522397945708,,0.04015662522566828,0.04017622177105278,,0.04001882554766819,0.04033263510268294,,,,,0.04022174970807275,0.0402845831463842,0.04017174441035901,,0.040189018504476266,8.440605427317293e-05,8.443290528737484e-05,8.447569018744778e-05,8.429226137381556e-05,8.459370912426275e-05,8.44652974400278e-05,8.437185638310586e-05,,,,,8.294375446695082e-05,,8.29747291040678e-05,8.291716547663137e-05,0.04047867047195406,,0.040565824247575814,,0.04040039316853139,,,,0.03939592446284407,0.038286031039689514,0.0384700889517038,0.03842175544424108,0.041224823130381984,0.041142815134374185,0.041035904848561636,,,0.042459698588042875,,,0.04286155413052639,,,,,,0.043469044015195246,0.0434817792035088,,,,0.04321447510479354,,,0.04351258434719525,0.04344721324350051,,,0.04341198797064727,,,0.04342563917321735,0.0434618517901165,,,,,,0.04334293485399186,,0.04430459856087956,0.04411558925373316,0.044102978432553896,,,,0.04448444350894606,,,,,,0.04433706816324327,,0.044435961822928985,0.04445330961528242,0.04449803971258333,0.044346937633708186,0.04411354050859988,,,,0.04421752832096123,0.04429530876996278,,0.044279471710994785,,0.044415863387814766,0.04437161036477394,0.04429663080944627,0.04417667754176521,0.04425951456059166,,,0.04435211808688497,,0.04428769071856678,,,0.0442276418435128,,,0.04409764106975208,,0.044085603179623414,,,0.04421702205044077,,,0.04416280248721481,0.04417452925726303,0.04428760332054991,,0.04424556153405537,0.044183264331627996,0.044178311071605476,,0.04429307199302913,0.04444975818607089,0.044238534841539126,,,,0.04408731259344108,,,,0.04419347530124191,,,0.04408869366544817,,,,0.044261391853251834,0.04408565887244609,,,,,,,,,,0.08067789870067495,0.0808089739695101,,0.08084974045697171,0.08082483666740198,,,0.08093567443391458,0.08088002180786963,0.08103779055016551,,,,0.08069718971447803,0.08082597958937238,,,0.0807661224012297,0.08089142353128782,,0.08082739216120352,,,,,0.08095772578250988,0.08094065506590269,0.08110972739946586,0.08080469399322492,0.0809563431186088,0.08072287228816644,,0.08080539740069687,0.08039506030354725,,,,,,0.08052473910674104,,,0.08062226515074739,0.08054097891249015,0.08080541501139551,,,,0.08102948878446756,,0.0808151061875806,0.08102347814866274,0.08088230966686104,,0.08092880289694246,0.0808084475568797,0.07974355056616016,0.08064835880496649,0.08054397986353555,0.08068985977527664,0.08076803203841722,,0.08103954142035036,0.08088668362418312,,,,,0.08055129551247776,0.08094202204319417,,0.08069847627540228,,,,0.08075554285881356,,0.08105968965482696,0.08075281779372216,,,,,,,,0.08070252268074081,0.08069804413412682,,0.08079810976102912,,0.08067820215524453,0.08042463912176209,,0.08056487703834592,0.08088333178851924,,,,0.08098038325935213,,0.08072376263353466,0.08091079942934193,,,,0.08091533788930684,0.08064633806714855,,0.08069309151042012,0.08088501018639015,,0.08072953385269074,0.08083234411410457,0.0805984536672793,0.08079546958271829,,0.08096040154637184,,,0.040993508292043436,0.04096707568153544,,,,0.43261675040881736,0.5169957733291551,0.4293628409535067,,,,0.4887753646749948,,0.4890150266848073,,0.4897550671862969,,0.48792361644528304,0.48911666652181185,0.4889460937538061,,,0.48986402573227755,0.48845261417752994,0.4883565434740321,,0.4880461002484154,,0.4874104201618488,,,,,,0.488767799756505,,,,,0.48947430207833237,0.4894004668514472,0.48969893863166103,,,0.4900594245701372,,0.4882401043546912,,0.4893346065716731,0.4882195824913032,,0.4881969249324969,0.4879457843386556,0.4888431806367071,0.48870157057458136,0.48858948746874326,0.4884752744488034,,,,,0.4885385867959202,0.4897486435950613,0.4885988962327011,0.48845116830573676,,0.48982739788881735,0.4894394833998275,,,,0.4884111211315751,0.4887059259022566,,,,,,,,,0.48748642058732383,0.4887334795529109,0.4869524709500719,0.4892912295501645,0.48799279290271325,,,,0.49112706242696635,0.48781968952280913,0.4886697058428478,,0.48914330642549314,0.48731102433646517,0.4885797458750113,,0.4887491497014232,0.4871955810078849,,,0.489218206769884,0.48816594716954526,,,,0.48852843158479015,,,0.48801637526028174,,,0.4880004111959707,0.48958368489505816,,0.48912220303681686,0.48777842406626976,,,,0.4866707318820555,,,0.48973687690829354,0.4905872046766384,,0.48797744677562355,,0.48884168564278146,0.48767730950172444,0.48803685559458065,,0.48804706161114003,0.4896059733766449,,0.48979782139120953,,0.48846821404449753,0.48887050577947005,0.48917062513339965,0.4889180165628963,0.48825408594045916,0.4887505038434561,0.48888571624037563,0.48870962391612643,0.48775380459103473,0.48909772356478615,0.49056757057450356,0.4888468678730435,,0.4878999853230324,0.4892631314749137,,,0.4884809318769961,,,,0.489129680550715,,0.48832129042965094,0.488384341675497,0.4877364990713929,0.48948145432975465,0.4879215837677313,,,0.4880137396107775,0.4883750891436186,,0.48921253426599376,0.4887125959918045,0.4899609679899358,,0.4898280821589169,,,,0.4877712554056841,,0.372334957487619,0.3725998417714365,0.42865841649989106,0.42888684643253133,0.43000578294743014,0.49072172337914,,,,,0.4921095662684099
8,24,DG_48pct,96,Z08_F01,8,SLG_B,255471,255418,True,7126.466708788399,6960.6381521957965,6805.497427719669,5870.637242694204,5781.471643724414,960.7280648047744,7581.5486731942165,2094.694256041798,1820.2228629753322,962.1313560129877,882.3615479657839,287.01566664079843,4.4071775359513286,51.262596949688465,169.30761820306319,414.01837555469183,646.3444031362001,264.8426510589235,380.3406616502812,312.6131912668143,,,0.6136108710167405,0.8158155311382124,0.6997890175592661,0.6387937318637472,0.6185532441466304,,0.3646686822115082,0.3655210347063578,0.5095054161433926,,,0.7467959890206087,,,,0.4672369449180287,0.46574575970262605,0.4656212187698967,0.36523269664001845,0.36436415279295375,0.36462723995926033,0.3646471732752048,0.3640959738183042,0.36489455974129903,,,0.36222983271978965,,,0.3639873025217534,0.3650742635549834,0.365743693462505,0.36489443283542666,,,,,0.3026516499687587,0.3031795444405758,,0.30346683743815245,,,,0.3035290499584217,0.301947722385392,0.3018989386259223,0.30224492441560613,0.3025008054964355,0.30270718336392494,0.30294434154507033,0.3031157312184993,0.3026892609322421,0.3022380971440631,,,,,0.4602782627648646,0.7345301778424189,,0.7329814229556834,,0.7334797516903919,0.7350416666452048,0.7359058771931423,0.7351962787428516,,,,,,0.7353190176263581,,0.7352284599925771,,0.7343033701666541,,0.7351275825037,0.7364211707375411,,0.73476837905427,,0.23280573526097645,,0.2328222892951699,0.06989491320469002,,0.35586348604450574,,0.3577095997656636,0.3576444688562201,0.35925297312494037,0.7412374463319891,,,,,,0.7440385456935201,0.7448965758304236,,,,0.7403942111296968,0.7422358682550095,,,,0.7429346155752352,,,0.7439480006380093,,0.7424131637002988,,,,0.7422642095874259,0.7414995848018805,,0.744876829541907,0.7416192819323109,,,0.7421090294238721,,,0.7421579430472568,0.7405586441707094,,,0.7403858913927648,,0.7432575581605575,,0.6544528415751104,,,0.6549187818955251,0.6547025028448605,,0.6540101922475191,0.6557000167812869,,0.6558435262156996,,0.6561453959325152,0.6542536741558221,0.6542371562338847,0.6536457302489225,,,0.6543908460085862,,0.656314632586735,0.655485751719508,,0.6539720829587796,,0.6557731547803519,,0.6548109034375146,,0.6531718764261577,0.6547066380679354,,,0.6550418169338466,,0.6546212345657535,0.6565977280264468,,,0.6548579732673299,0.6552291674823199,0.6530787396113399,0.6526688343463416,,0.6551483895753147,,,,,0.0704004966388336,,0.0705179817820878,0.07052629269010667,0.07050764948573794,,0.0706563348002398,,0.07036086492707086,,0.07050022964088253,0.07055121761989375,,0.07045917964097066,,0.07051654785290631,0.07068694289554946,0.07058201882415872,,0.07072869246833004,,0.07049109448438978,0.07044757661310441,,0.07049961808631655,0.07057355011679543,0.07025035130086048,,,0.07025061223915026,0.07051328047451434,,,0.07069000262042656,0.0705600159290158,,,0.07054536727539136,,0.07065224668972267,,,,,,0.07042193416228164,,,0.07065979136575108,,,,0.34942582872238837,0.7732090159428394,,,0.3550623563834958,0.3552155908660506,0.35458939210061524,0.35563010371162596,0.35518666608511235,,0.7720165419274139,0.7699571524225309,,0.7677882345379577,,0.7673926572416073,,,0.7689547314129555,,,,,,,,0.7658243086453989,0.7686696957667165,,,0.7695312816036621,0.7677819478141108,,0.7670073634420775,0.7668162908810089,0.7679660078896825,,,,0.7669725702117304,0.764613002809407,,0.7679320279783363,0.7680552047237172,0.7671365644416716,,,0.7670815363437361,0.7715019840045689,,,0.7719974266950199,0.7699122809416215,,0.7725324817095606,,0.7697117484972876,0.7718326557593509,,,0.7723451609752761,,,0.7734469689217304,0.7694948489619379,0.7712357817218799,,,,,0.7722192316256511,,0.7726358235103791,0.7719121636691539,,0.7717769478441465,,,0.7709644303466436,,0.7718587175092895,,,,0.6236323470060974,,,0.624434285516592,0.6243845164889249,,,,0.6199435201306501,0.6190836143390792,0.620450251475348,0.6217221123456378,,,,0.6185867063883478,0.6197527895175766,0.6204819663905745,0.6217678284005778,,,,,,,0.6242932259408418,,0.6227673829025443,,0.621583109161601,0.6213692941066202,0.6211850353958746,0.6218249933197966,,0.6228108392037084,,,0.6225437339223043,,0.6253874885799933,,0.623283933640295,0.6219432912198124,0.6230482175701166,,0.6229715400590149,,,,,0.6236401475025203,0.6229978653448578,0.6237741591702787,,0.6202057032132476,,0.618796889712768,0.6184530860789442,,,0.620720608274457,,,0.6181882402314408,,,,0.6193354050985724,,,,0.620630932030353,0.6211141837006852,0.6206174883005338,,0.6206088182008317,0.619943694429485,,0.62116513237738,0.6207037930551146,0.6209182763024248,,,,0.10806880177052315,,,0.7636801510435397,0.7620187340051697,,,0.7617510147256193,0.3396651137804291,,,0.3399597894883663,0.3395289633301213,,,,0.6370883996328339,,0.3568310751596422,0.3559007359076898,,0.3539822527588012,,,0.3503496781101603,,0.7400594540770358,,0.6591465701088536,,,0.686464869391582,,,0.6942676311680626,0.10632625092430727,,,0.10639989219996317,,,0.10586337313423515,,,,0.38400641718853734,,,,,,,0.3834941143297009,0.38174663762582317,0.38224311182516,,0.3829172291820962,0.3817504897315175,0.38222235464849486,0.3818308216147559,,,,,,0.7200251097344214,,,0.7139676923047521,0.7859114415272613,0.7869459687958061,0.7885757126899117,,0.11435285015413767,,0.11418179915410948,,0.725390105197083,0.7228228956860763,0.72241268897166,0.725195698894284,,0.39025704883199497,,0.3890998384535413,,0.3908298862238667,0.3889906684563153,,0.3895304539714017,,0.39060894630795207,,0.3891815106700457,0.3893967110172008,,,0.38916465826028773,0.3897824665139916,0.3893173180905437,,,0.3886045147355802,,,,0.38993066466853055,0.3885996073560381,,,0.38992848132171026,0.3892921855548167,0.38894065564365576,,0.38785984051862005,0.3900112064098,0.3885447092893663,,,0.3897876373670923,,0.39055085190178196,,0.3891973116081889,0.38960720471451527,,,,,0.3898677545612342,,,0.38936698111082074,0.38798888553395644,,0.3899927161515077,0.3896542493811335,,0.39005522041468804,,0.38860670438622424,,0.1503731202009734,,0.1507719170311123,,,,,,0.15092355439915103,0.1505266465189844,,0.7662236415738056,0.7668082152059461,,,,0.7668317211008344,,,0.7666073471217935,0.7666458620585358,0.7656169138913945,,,0.7662302464106934,0.766065916587506,,,,0.7649213419999241,0.15086535063605636,0.15061548086845827,0.15059464798965239,,,0.15062717441349657,0.15070855280453957,0.15085783136329306,0.6232448843557066,0.622907538157167,0.621937149064889,,0.6222155364405355,,0.6243881039442638,0.6214270666482232,,0.6228860840846894,,0.622596511118043,,0.6224143434572664,,,0.7639759520393574,0.7658553764054075,0.7666127174058437,,,0.7659038551545418,,,,,0.7537488175910138,0.764399038670407,0.7631373785080695,,,0.6221177056803093,,,0.6228487440392076,0.6230578375704308,,0.1504791626213885,,,,,0.1510502867417422,,0.1509952337251924,,0.15048564999655606,,0.15076947571432336,0.15083143909309868,0.15065510356028575,,,0.150926309199412,,,,,,0.1506398267256833,0.1511352510629907,0.15037408451303902,0.15061368583306167,0.6219203068866989,,,,,0.6237089723863553,0.6242229474959314,,,,,,,0.6243342227811876,0.6225577021647339,,0.6236616624780037,,0.6251585060589105,,0.6250217409511228,,,0.6226942486746241,,,0.3619238210425933,0.3623457751108976,,0.361528921807416,,,0.46659735512053885,0.5405341524256327,0.3259416233625205,,,0.7782655684257993,0.3649129633396916,,0.36455132479687014,,0.3647337612062099,0.3650610895198199,0.3658102966830996,,0.3647839623664085,,0.36375416296169055,,0.36297682911488266,,,,,,0.364811868795535,,0.36409339369362126,,0.3653217543933534,,0.363481550853241,0.3656858585144771,0.3644297301814247,,,0.36472662507915155,,0.3657373859072834,,0.3649861074684957,0.3646457647366054,0.3652131874671592,0.3652456988390433,,0.363786988546281,0.3656077247073204,0.3647683063159222,0.36403584890864416,,,0.36507440552814047,0.36545865897190244,0.36491830079112925,,0.3647902398665778,0.3655482248776372,,0.3653214852772016,,0.3653362465564348,0.3657602643397002,,,0.36532952286258114,,0.3647659198687909,,0.36641529437366105,,,0.36423801856404675,,0.3650832879036569,0.3648681110149519,0.3654240033055152,,,0.3657645180884944,,0.36488150869121405,0.36449389356002776,0.36486917018159626,,,0.3649746445917437,0.3655355561820032,,,0.3634506197133153,0.3655579561768939,0.3659084224422347,,0.36388723052801625,0.3646221421170858,0.3640164932569053,0.36470380525878443,,,0.3642155697172191,,,,0.3646447563583873,0.3646387503095401,0.36609134101237634,0.364113549083441,0.3639033186027222,,,0.3643569260650027,,0.36553167142590265,,0.36498407555184353,,0.36507626840361884,0.3651726960678519,0.3646248064324143,,0.36375462469464154,0.36475111416225936,,0.36459903901605617,0.36430125647410816,0.3646952799401258,,0.3645537518576262,,,,,0.3652429297829167,0.3643332917165334,,,,,0.36458136533636204,0.36358542308343395,0.36516874140814365,0.3652803403132793,0.3653800100534128,,0.3650074567958176,0.3650214531399677,,0.3647701731959644,0.3642321994608914,,,0.36469921993153653,,,,,0.3643327268409614,0.36461125484992873,,0.3644255682244908,,0.36630889004779066,0.36452887014306606,0.3654288491022306,,0.36542585560137564,0.36576243527575825,0.36502948037289434,0.3639261862102866,0.3650304338934818,0.36467584831328054,0.3650488939277877,,0.36477407822383623,0.3649111292537157,,,,,0.4635679166687087,,0.7469426972193527,,0.5166175819992749,,,
8,24,DG_48pct,96,Z08_F02,8,SLG_B,255471,255418,True,7118.515859497173,6979.813771443266,6910.726089107818,5876.320601607557,5733.644940905024,957.1033372457654,7541.200415833088,2080.1340314367108,1826.1119715662155,964.9541524458311,886.1952469595587,287.43296474569536,4.414459190106857,51.234887254023114,169.03982402987594,414.81398317231776,643.5237295225393,266.8939671545483,375.99824233678027,313.75300462116763,,0.6145180114250476,,0.8165169986036589,,0.6375572268955314,0.6189315802884363,,,0.36473879491347183,,0.7455706633775671,,0.7445426188690268,,0.5160961064886542,,,0.46763197299620096,0.46592930837331215,0.36649581433856243,,,,,0.36370573372847925,0.36205352420108144,,0.36131381615280866,0.36518681559531685,0.36516248230320314,0.36570895239030965,0.3641486724240968,0.36564132582536846,0.3649004236926448,,,,0.32272733643769225,,,0.302096623893163,0.30345347923828625,,0.3025155591347436,,0.30335161271245736,,,,,,,0.30341618668049275,,0.30333636044716145,0.30368494891954745,,0.7366161303650356,,0.4614020774276026,0.7337057636130774,0.7343354472990666,,0.7346122392191134,0.7338251839722991,0.7342109683586252,0.7334495452023431,0.7344650341511476,,,0.7343638926138181,0.7347672429324639,,0.7356394517740191,,,0.733989449108482,0.7342279537794074,,,0.7328193186929386,,,,0.23176722865213287,0.23233539497571162,,0.07012012529812615,,0.3562213103379899,,0.358085309973661,,0.3570740222703632,,,,,0.7409862483194539,,,0.7435058309713256,0.7419409097567616,,0.7439526316662286,,0.7421534095646082,0.7429698893220564,0.7418070583202517,,,0.7451437485806065,,0.7388133568735025,0.7410687139158106,0.7434240882839475,0.7421345359176208,,0.7419576525076365,0.741587419502668,0.7429399993657991,,,0.7439583457342758,,,0.7429058191936552,,0.7424605898046445,0.7418803735040789,0.7405306081654741,0.7410719549466275,0.7430708090685081,,0.7437552358423507,0.7406641609500487,,,,,,0.6548636360377639,0.6537883737402289,0.6546206225290295,,,,,,0.6532962223131183,,,,,0.6539304191739825,,0.6550592189393973,,,0.654907313229062,0.6531921956188091,,0.6548131052790225,0.6527840195301317,,0.6535907473361798,,0.655081468719754,,0.6525805227139712,,,0.6544774069441363,,0.6544168658464216,,0.6537526490272577,,0.6550889069114589,0.6543436627228446,0.6539231365186571,0.6558854389322972,,,,0.07061705937226243,0.0705209223232608,0.07076307254599454,0.07046941841461553,,0.0705918380389798,0.07050451075581708,,0.07058048584891546,,0.07068883994591729,0.0706492004226242,0.07047728381107325,0.07047474536230904,0.07055123752529543,0.07055007284232655,0.07054130613998551,0.07063848475049858,0.070534799656071,,0.07039662803116234,0.07029937877744649,0.07053063993063675,0.0703827952673794,0.07042900204051661,0.07043725273804094,0.07030137344078999,0.07049445637659323,,,0.0708224807638776,0.07048775056281055,,0.0705865026044408,,,,,0.0705322340807603,0.07045281577242041,,0.07075827784824738,0.07054282886116303,0.07049613807048068,,,,,0.07065095102651998,0.07060190294101644,0.34961798874721006,0.350204186313882,,0.7733457265699406,,0.35522638856215943,,0.35633901710408133,0.35513401343521384,0.3543325230529305,0.3550215121000046,,,0.7693342331983534,0.7671924682724124,0.7687575340425938,0.7679441680925293,,,,0.7685232371351547,0.7687311973221668,0.7685630776183203,,0.7678498795547645,,0.7704168587918161,,0.76786515458589,,,,0.7681875973411318,0.7674574722303474,0.7666071998509363,,0.7692959243443557,,,,,0.76823130929444,,0.7674823322193263,0.7675139784367014,,0.7664557280361974,0.7682553378462752,,,,,,0.7721100648914588,,,0.7725237344961214,0.76911888371988,0.7706515510935634,0.7716749565352233,0.7721497001450862,,,,0.7694562569746285,,,0.7714950727503294,0.771884012925236,0.7711439096125223,,,0.7711091921679253,0.7717393026537328,,0.7677301254704892,,,,0.7709823920488621,0.7716965870146051,,,0.6226445203900959,,0.6247298645060223,0.6225516604906787,,,,0.6225294696445507,,0.6216790088927484,0.6217001423587665,,0.6192553852823031,,,0.6209485353785544,,,0.6194618646906567,0.6201283696777327,,0.6216080967929715,,,0.619613847395215,,0.6234793943322084,0.6221600357223024,,0.6222204607831702,,,,,0.6235990868663653,0.6217608079464878,0.6226926185577372,,,0.6225513602648765,,0.6234331337666653,,,0.6240655646839008,,,0.6218893848197373,,,0.6247653290535654,0.6233792831374659,,,0.6221362687660242,,0.6247600297759132,0.6205078078572476,,0.6192018022866655,,0.6203628204186085,0.6217138010913152,0.6204177346259667,,0.6206535797617643,0.6199134498329075,,,0.6219437250756082,0.6202555841649702,,,0.6201094228450321,0.6209043138861772,0.6186180097249618,,,,,,0.6217035572691537,0.6216521144378351,0.6191492371989832,0.6199467569222983,,,0.10822492510834422,,,0.7634353894582262,0.7617744886467597,0.7628249460723052,0.763319621336998,0.7614421325670403,0.33908583089418776,0.339831262641755,,,,,,0.051253514377954994,,0.3563292681626339,,,,,0.3529495460386796,0.35071169832305965,0.34991608248255357,0.34943331825748025,,0.08785009656344517,,,,,0.7641234160737859,0.10280022384940703,0.6964432822564538,,,0.10637240615586262,0.10591669888525497,0.10615345843238587,,0.10581519139402801,0.7036472470206012,0.10896433963621002,,0.38216486987495396,0.38246786247441605,0.38177733205935666,0.3836575728834609,,0.3823492245950582,,,0.3824445457860863,,0.3810909572077627,0.3819503678298613,,,,,,,,,0.7227748994936057,,,,0.7874225771900317,,,0.7863266196213013,0.1140820176124386,0.11394276852704965,0.11407478929373034,,0.7248780601584173,0.7244433473315303,0.72461051414134,0.7247848506046595,,0.388074810666424,0.3914025973567705,0.389961488761418,0.3888592338938386,,0.38931692882081975,,0.38833255855617077,0.38923054914002325,,0.3903692732448957,0.39053352141713255,,,0.38960930924840614,,,0.3894771189097245,,,,0.38859087940700665,0.38893892962942417,0.38877132245985846,,,0.3875934964659261,,,0.38870874715187936,0.38789058672315174,,,,,0.38991452372126273,0.38961191572011505,,,0.3892974240004693,,,0.3887143426110239,0.38958267114000195,0.3901729651352224,,,,,0.3892347221505294,0.3894176707686544,,0.3906989600495792,,0.3894480987524647,0.3896142480500138,,0.3882388187117048,0.390452601003891,0.15051395255235187,0.15033733761832646,0.1506726066607915,0.15039131133379577,,,0.15045517809656112,,0.15084978560641749,0.15114658828840402,0.15049979547060122,,,0.7660593438416732,0.767736555588652,,0.7682652794071071,,0.7679764347848401,0.7680832967088671,,0.7650117818078236,,,0.7677410300516722,,,0.7657022986444675,0.7653223721556265,,,,,0.15062779725374253,0.15113955919055344,,0.15070212785283704,,0.1507899004516543,,,,,0.6220157351752479,0.6208772110929616,,,,0.6212372460097432,0.6231443903516418,0.6196096508587438,0.6243874731107638,,,,,,,0.7644805096886016,,,,0.7655288548527353,,,,,,0.6228495089438544,0.6229495153499937,0.6232656989376574,,0.6226477754078001,0.6212140182452354,0.6237282077067341,,,,0.15045081037681743,,0.15090925303555025,,,,0.15055861424161715,0.15034058599238326,,,0.15042386893125706,0.15046052508386604,0.1514796504994213,,,,0.15061554486859124,,,0.15087837688822742,,0.15114317454880222,,,,,0.6230704401529729,,0.6235374998849241,0.6249555064512569,,0.6218521416047476,,,,,0.6239105533503951,,0.6205731398116703,0.6204382879061349,0.6223292838092614,,,0.6254413200593322,0.6220230581064926,0.6230158958986864,,0.6228334907582826,0.6216895326720804,,0.3623803973145935,0.3617302585505745,,0.3624385726439714,0.3613870264886477,,,0.5393223296369684,,0.3259913450334368,0.3252739723407086,0.7810276751659363,0.36391970081376807,0.3648347591453577,0.3647556357449617,0.36370123225996254,0.36490844064291567,0.36405836015401954,0.3639543374888431,,0.36602071308280204,,,0.36519867201431705,0.3647530441459742,,0.3647161523707287,0.36610262966669055,,,,0.36427036701837606,,,0.36492731297102565,0.36616694130830807,,0.36565640302530583,,,,,0.36439221227266144,0.3658650660038036,,0.3642826042164803,0.3645257337429865,0.3648465575854801,,0.3651496207602813,,,,0.3647631389777248,,0.36479428935504193,,0.3647640255883998,0.3650136070425839,,0.36494984141409553,,0.36572005910037525,0.3643623499904094,,,,,0.36353275077632025,0.36488568162553325,0.36497085696841114,0.3656579707413887,,,0.36510217243923854,0.364377974381316,0.3637586205081383,0.3639166525040394,,,,0.36508616386943415,0.36463118623348784,0.3647142870131301,,,0.36443388522102843,0.3642539698164986,0.36462411636645636,0.3659243096343671,,0.36494223491336447,,,,,,,0.3654789624161151,,0.36573828122504887,,,0.36459819717350384,0.36475297202466006,,0.3665467821677586,,0.3648620370471046,0.3645265384433751,0.3647135828440692,0.3650010271698296,,0.3652234293311398,,,,0.3655270722684637,0.3644713845751962,,0.36462287860027287,,,,,0.3652073391970528,,,0.3659901610018488,,0.3642719209557704,,0.36547760219449454,,,,,0.3646709077387682,,,0.3657793798879076,0.3642526434269069,,0.36393064924890306,,0.36514593749035196,0.36510287190307655,0.3655276921306025,0.3655143470860509,,,0.365914577414783,0.36422117941379895,,0.36509669997539657,0.36484258732271674,,0.3651203340159967,,,,,0.365177119213423,,0.365030561658375,,,0.36449433840098044,0.36587489166058257,0.36466656576451806,0.36433617297217125,0.36485360355427093,,,0.36471394874253515,,,,,,,0.25963020147201527,,0.7472926599848404,0.4636888911939975,0.4747909257287197,0.744259727957407,,,0.5166247733393816,,0.4660973937769365
8,24,DG_48pct,96,Z08_F03,8,SLG_B,255472,181935,True,7006.799109202553,6878.662420442084,6747.361772856454,5804.043641192704,5699.464084048596,943.0523702980519,7401.738673140966,2056.695005057139,1793.9286321647041,939.0754676105978,872.5448505232539,280.52918982952156,4.54932035201067,51.69680841282046,170.65366883519746,409.21237269723656,632.1143707126179,262.030015861134,372.82303176633343,307.96654307988234,0.6223659746014916,,0.6203999655887144,0.8165572009218739,0.7080868592712223,0.6418353647875072,0.6304119328018611,,,,0.5247678092897505,,,,,,,0.47136953886860594,,0.4706517743376521,0.3800480466381027,0.381525854272156,,,0.37937408452907556,0.378893885252869,,0.37698804514471923,,0.3814700111066617,0.37917388865784063,0.37983399467484197,,,,0.753492341766478,,0.3374078332905575,,,,,0.31856148173637366,,0.31854375503895044,0.3179887949914094,,0.3185768752266771,,,,,0.3193021308385745,,0.3184280792792736,0.3183210144248869,,0.7413475486032097,,,,,0.7378084357663992,,0.7391724222420123,,,,0.7376983269979447,0.7385182659232419,0.739108858853467,,0.738525149924183,,,,0.7405711712416424,0.7379577943902712,0.7408416431381484,,,,0.7374871738269616,,0.7374378439622203,,0.2482728747324067,0.24831343985012397,,,,,0.3400387001661792,,,0.7538407100320601,0.7553834096863373,0.754426806572444,0.7538830421703667,,,,,,,0.7557243872082879,,0.7543255210023285,0.7530722098878136,,0.7551155829255323,0.7540079897025576,,,,,,0.7534321636950113,,0.7549907397148302,0.7535339234507724,0.7539684780268576,,,,0.7543803226585285,,0.7536589046512759,,,0.7548397141687049,0.7526388885738987,,0.7533136754606035,,0.7539170922587101,,,,,0.6457786162052344,0.6445933838254958,0.6441835219606977,0.6458846886291215,,,0.6445320570698433,0.6475385121030808,0.643457212619497,,,0.6441451726261012,0.6461356590858853,0.6439705391854854,,0.6455643276259886,0.6449245424912966,0.6462261135882285,0.6443598283266697,,0.643464510648761,,,,,0.6435133517490299,,,0.6440696786175321,,,0.6463650340821822,,,,0.6447624725935375,0.6450385357607366,0.6443604286202307,,,0.6463529645927512,,0.6426586757779237,0.10441626544328425,0.1043178209291933,0.10453778541710237,,,,,0.10441694973895331,,,,,,0.10448875040687038,,0.10457471807001675,0.10469328741793972,0.10433576700985946,,0.1041858272295775,,0.10459179343156011,0.1042918115021642,,,,0.1043216421949477,0.10429355391290354,0.10415866214943607,,,,,0.10453778712267013,,,,0.10439113033525332,0.10403539929598554,,,0.10462246837338446,0.10433804051405193,,,0.10427840852715639,,0.10436074189523992,0.10422388935859041,,,0.10431550222445213,,,0.34290285103140794,0.34393317948938074,,0.7581208599473236,0.33810944437338736,0.3385601624549995,0.33831642862690425,0.33780854246493536,0.33848947190130296,,,,,,,0.7782339594767343,,,0.776317842285878,0.7788623087071811,,0.7776751276149799,,0.7758431039673287,,,,0.7785797280375677,,0.7791065538018302,,0.7785289716250062,,,0.776716987468525,0.7775790268551453,,0.7760790753771756,0.7787687335609902,0.7773537800902526,0.7786253689411229,,,,,,0.7775241741852846,,0.7770228042916995,0.7789836136361732,0.7813690076231018,0.7831940636012392,,,0.7816762060543682,0.7809231362967277,,0.7796478300649853,0.7804420939875313,0.7816822099076326,0.7812836452938341,,0.7840638844793545,,0.7824354078527167,,,,,,,,0.7828175768692136,0.7815318234525861,0.7818444409490836,,,,,,,,,,0.6169629532591312,0.6161325156376056,0.6163156500451764,0.6180080164098827,,0.6173618565239294,0.6154996496309243,,,,,0.6143138524453915,0.61482853507296,,,,,0.6141141316757557,0.6130743933154786,,,,0.6116056050599021,0.613791259363298,,0.6150787291747538,0.6152954507202772,0.6158969986699435,0.6152747817473476,0.616620967083583,,,0.6171357943190858,,,0.61803144363908,0.6160152602336262,,0.6156525685689933,,0.6140281249881514,,,0.6178096001030993,0.6157107671740889,0.615981236108635,,0.6169820229524402,,0.6193333917212239,0.6175543392377426,0.6161880367636816,,0.6169560376349825,0.617517359228867,,,0.6153928639430147,0.6136111410585506,,0.6140695248018786,,,0.6144870156220701,0.6134894223370152,0.6137464533365643,0.6134585538240745,,0.6126123585173543,0.613175152078512,0.612245015236241,0.6143430588032369,,,,,0.6135342645129294,0.61315253321431,,,,0.6125303683012996,,,,,,,,0.7736382241468763,,0.7704743154708954,,,0.32720463959835216,,0.32645048436083285,,0.3272687033649528,0.7617869363195191,,0.627880051498209,,,,,0.3364933354615416,,0.33231374128294033,,,,0.12041672529497247,0.6503837116624671,0.7722850797370611,0.1324193817966274,,,,0.6834227076068238,0.14033764171981586,0.1404994293575603,0.13996694963873887,0.14014193423965463,0.14051240397950357,,0.1404586275390346,0.6917187916688559,,,,0.36329981200034167,0.3648917017552826,,0.36390258390349206,,0.36306344979010274,0.36467842448700744,,,0.36345831228726116,,,0.36452130423869517,,0.3639076961448654,,0.3646616444776862,,0.7075125591607172,0.710214682156043,0.7092439285102728,,,,0.8006150287234615,0.8039304942074033,0.8043990100024132,,,0.14939329891456987,0.14914128980702915,,0.7126624730467974,0.7124408330356207,,0.3711265397489435,,0.37131106034156,,0.3708170404962343,,,0.37078057709635154,,,,,0.3702007066534852,,0.37049698067794423,,,,0.37026645107069295,0.3701073680317543,,0.371639867299512,0.3715008355978811,0.37088931455257773,0.3703663951119951,,0.3700181760062344,,,0.3706044543255893,,0.36950378325708716,,0.37068486452567445,0.3708939943342169,,0.3685416604493134,,,0.3705458734599536,0.37105840966121895,0.3708164215817436,,,,,,,0.37083728640238756,0.3703242586835943,0.3701376122524156,,,0.3694145135327106,0.3703553382800581,0.37121505343985167,,0.3715860405324745,0.3701638563042705,,,,0.18088069990275638,0.18027021379842606,0.1803678798867027,,,0.18119418854211428,0.18075999678433127,,0.18106637089589508,0.18079934297809247,,,0.7746245991111848,0.7762199219816862,,0.7749218066603589,0.7772539012253712,0.7789975753256366,,,0.7763970633070824,,,0.7773122599087237,0.7755579973970748,0.7749806209078902,,,,0.18089396061672428,,,,,,,0.18059634408306566,,0.6166597987006163,0.6155171078000873,0.6160071505484411,0.6168791691338127,0.6155855918419371,,0.6172199520851901,0.6156602911291268,0.6180094728903727,0.6189717715281732,0.616351255306249,0.6176928788915682,,,,0.7747440943716811,0.7770356524833789,0.7752955624679418,,0.7761799081421142,,,0.7768792063755833,0.7757719873751427,,0.7629223219903378,0.7733506586203803,0.7743223138306672,0.6176009135094229,,0.6153435661389158,,,,0.6192151569716131,,0.18072646415212668,,0.1804218194861808,0.18140087241645164,0.18118511379662125,,0.18042910070766946,,0.18056924751800837,,0.18105203206924647,0.1810465723501738,,0.18105094310667214,,,,0.18054944602951867,,,0.1807903819043394,0.18140623088609734,0.1805100656548611,0.18083349538211846,0.18014140187680847,0.1807875731118988,0.6170205299256005,0.6176901076773414,0.6162342867020038,,0.6182976293567706,,0.6167228849905237,,0.6171313585732001,,,0.6155198622595042,,,,,,,,,0.6182437580875821,,,,0.617952521035115,0.6178450782083611,,0.3443964458383555,,0.3442547047930265,0.34347931340036025,0.3444734571004052,,,0.340725198923389,0.34001214481530057,0.34032687757737123,0.7950375580312847,,,,0.38026746532345757,,0.3792633400042393,0.3805755577501017,0.3815178179507439,0.3796223152713262,0.3807471106868909,0.38074019293582945,0.38038357746312385,,0.37970479955603686,0.37912718859266303,,,0.380063082580537,,,0.3802377318947564,,0.3795896141449553,0.38004241547334583,,,,,,,,0.38175618413043527,,0.37993606122959894,0.37957747707235356,0.38057903072221044,0.3808133991871307,0.3808693426178641,0.3795132310860005,,0.3798878798626814,,0.38118672026494776,,,0.38092361814902004,0.37992336102571,,0.3809155537262065,0.37902901799236816,0.3796765109083319,,,0.3797673322948041,,0.38109389268606214,,,,0.38041122735056143,0.3792603152482046,,0.3800371223452389,0.38033182879335004,,,,,,,,0.3796289463471836,0.3803574460615382,,,,0.3796593716954127,0.3822015109850971,0.37872880746632653,0.3806717149171788,0.3803633214843621,0.3793864742020019,,0.38047633757554344,0.3795568437907961,,,,0.3794382944581955,0.3802287681874505,,0.37898117240514856,0.3795015709557108,0.38054284689023965,,,,,,0.3807826802189333,,,,0.38125392597420676,0.3795379082427152,,0.3810627955976591,0.3805754353146749,0.3803903473721358,,0.3796491111457348,0.3795310246644449,0.3799545989885884,,0.38036918533363556,0.38128251769093013,0.3811575130477603,0.3790256822044049,0.38009943449418987,,,,,0.37972299946275573,0.37977869429292305,0.3793126126468983,,,0.3810903739711108,0.3802512591962282,0.3797734164869907,,0.3801764204715354,,,0.3793425841237044,0.3790835636215789,,,0.3809060344780401,,0.3794835150739463,,,0.3796425605156707,0.3801548792975257,0.37950789956314446,,,,,,0.3802327954993949,,,0.3804195143844957,0.3790322357896009,,0.3799457513474628,0.38137468494618637,,0.3797781380876643,0.38038209737015316,0.3789824649860002,0.3806563299927902,0.38081364798769396,0.3802770307197824,0.3792402254002958,,0.2766016607239476,,0.7477585612792972,0.4811634774102486,,,0.7490571370249338,,,0.4715778401218354,
8,24,DG_48pct,96,Z08_F04,8,SLG_B,255472,181935,True,6980.19553140735,6871.456999595972,6728.711040316029,5792.739314625294,5697.007223461251,946.4869852777997,7357.847519121056,2040.522724333538,1791.073816838778,947.5353806133692,873.0537153604145,279.25921433147136,4.55102463976571,52.13703208857634,169.9682012695367,409.16933938525483,638.876628195334,261.33019147862854,373.32934478835375,306.92044743223084,,0.6225894526626475,,0.8186216199481401,0.7087627862236012,0.6433996343695969,0.6316515429012494,0.38017668895693607,0.37879468610602873,,0.5240997810377231,0.7481220000419795,0.7468686892439239,,0.5316374907149938,,0.5329604630866248,0.4696430888613149,,,,,0.3806847059101859,,0.3796658031485992,0.3789163369599978,,,,0.380756040421402,0.3809227305926048,0.37947927863775854,0.37938309926294794,,,0.7544163376737807,0.33756679187420624,,,,,,0.31861169725914634,,0.3191599516741505,0.3186819248942823,,,,0.31972106798528416,0.3189026645877493,0.31955939517402293,,,0.3186982017096041,0.3177789275334361,0.31916222239843023,,,0.4534534536204329,0.46229897946187926,0.7353617175345905,0.7387481347103974,,,,,0.73863338389641,0.7390402122099405,0.7388388316729559,,0.7402838984059112,,,0.7373831868545468,0.7393604987053387,,0.7403141610149963,0.7402819393827832,,,,0.7358016233056842,0.7369449019840999,,,,0.2492721809713825,,,0.33876252943686813,0.34023073239821416,,,0.34058895318944377,0.7546305614851825,,0.7538313551379804,0.7554739277922499,,0.7562430779560873,,,,,0.7560186712681364,0.7557460516079761,0.7542931812814693,0.7536259885566824,,0.7535653345813124,0.7555714512028959,,,,,0.7541884822322895,,0.7522737236276531,,,,0.7542465824812808,0.7533235756089669,,,0.7562678346207298,,0.7570354979470982,,0.7525896663959752,0.7528149505267001,,,0.7526654591142061,,,0.7526927295304812,,0.6452083905937047,,0.6470199119021659,,,0.6440857688678316,,0.6452506924276467,,0.6467129788767084,0.644917815572447,0.6446202030438198,0.6455958649354863,,0.6453385951795292,,0.6442617023825398,,0.6443769422427139,,0.6462225991267205,0.6424608751311333,,0.6437302276766534,0.645102582233401,,,,0.643856494691683,,,,,,,,,,,,0.645507570563687,,0.6449780053939048,,,,0.1042677179554608,,0.10434160410425859,,0.10417522700769898,,,0.1046247438781939,,0.10463137942856013,0.10446286590248043,0.1044108531510179,0.10438217446386043,0.10421476884753396,,0.10431906902191153,,0.10437752735686057,,,0.10423676379758294,,,,,,0.10430676836958731,0.103838018284092,0.10434946595308434,0.1041702996665913,0.10455899299417222,0.10420777306762632,0.10448383362417253,,,,,,0.1045095814452449,,,,,,,,,,0.10420468447405494,0.10418490617848312,,,,,0.7834518278255257,,0.33837195839282475,0.33840623676875764,,0.3378710561326997,0.3387862869650181,0.3373475888840875,,0.7781083060433245,,0.7765830008964341,0.774883460621368,0.7770602078816073,,0.7771747026373811,0.779295657954344,0.7789539900462734,,,,0.7795772684541825,,0.7803937398031081,,,0.7766334968600518,0.7787103401614425,0.778002275405847,0.7788530926014616,0.7796322621108425,0.7764787705640526,0.7762677543175942,0.7790226639959494,,0.7785660618361819,0.7780490247508087,0.7773313636571025,0.7785686993406927,,,0.7759510504080647,0.776562439864633,,,,0.7762395749985798,0.7769110758317535,0.7816477327797734,0.7826677601178307,,0.7791816260915267,0.7828405127131423,0.7802474253847591,0.7796013540660678,0.7796415536539487,0.7809922654448792,,,0.7821945497399968,,,0.782440003800599,,,,,0.7801376144406352,0.7815388286207182,,0.7812469219418837,,0.7812122933536675,,0.7811206983628887,0.7795720034773069,,0.7830846075595415,,,,,0.6163759161547739,0.6172964377004166,,,,,,,0.6163939159796312,0.6135508174942456,0.6146863606119928,,,0.6129397652833395,,0.6117755572754278,,,0.6161248030876801,,0.6130256026439178,0.6157348424409312,0.6129467128732553,0.6116442262519468,0.6156984312087785,,0.6165696166317788,,,0.6172235351954186,0.6149278733585889,0.6157034556990585,0.6157974535849275,,,,0.6178375163531542,,0.617143242559575,,,0.6165698338477579,0.6183937010728866,0.6142657549383195,0.6171978897825572,0.6166129425225737,,0.6166255381933139,0.6159965644444411,,0.6171418274960998,,0.6162018175183517,0.617711770938775,0.6159825077077666,0.6163072938885127,0.6135263947146475,,,,,,0.6156866645855437,,,,,,,,0.6139216868587155,0.6139713212111526,0.6131917128816126,,0.6151551189950445,0.6136937124924428,0.6150591644586373,,0.6138295673016048,,,,0.6155301253477714,0.6144450139469697,,,0.1408496648322778,,,,0.7728521516651687,0.7696281727945095,0.7732844224889727,,0.3272943151529687,,0.3272480623092998,0.32732494612577273,0.32723997583657577,,0.08505176829240306,,0.33953848101042367,0.3390183985303865,0.34002903870224616,,,0.3357674573226515,,0.33178541494096087,0.3326153797149024,0.7545723811457439,,,0.7715507421161649,0.13287442638762156,,,0.13670154898351097,,,0.14010126397242864,0.1399175379611881,0.14010152540574855,0.14069445146752588,0.78373386985335,0.14028042605476243,0.6922070360242563,,0.14301514314243594,0.3642067147721315,0.3640042793406309,,,,0.36362297824710194,,,,,0.36373990979243365,,,0.3642552287534838,,,,,0.7078784534067301,0.7084167165910261,,0.707677328679898,,0.7007781839158306,0.8010687842279012,0.8010006688326384,,,0.14902727378678154,,,,0.7120193226331168,,,0.7116382955484986,,0.36994521479152326,,,0.3710707061640467,,,0.37018834370070797,0.3696630981005045,0.37136718737654023,,,0.37094110553631027,0.37101178518590283,0.368610245168089,0.3712601521956458,0.37196354824394057,0.3715007706258506,0.3696702919643143,0.37023860128873665,0.3707313753007436,0.3713824600606788,,0.3708420736439362,0.3698507835071328,0.3704474448253613,0.37024097462196526,0.37083383719180546,0.37040294100249044,0.3712071533513638,0.3706833787907536,,,,,0.3709332403060514,0.37075597147265116,,,0.37074561534934564,0.37038983453850977,0.3698367753555469,,0.37167777252447,0.37046183380161035,,0.36935584010358313,0.3692161517140882,0.369317364387212,,,0.3698973980497006,,,,,0.37002872925017505,,0.37058797177312686,0.3694109218165588,0.18092630175304658,,,,,0.18109647419713504,,,0.180613289641425,0.18035774186667733,,,0.7733569684881287,0.7791407218515215,,0.7774806862019948,,0.7753725066158998,,,,,0.775249826086306,,0.7771974594928672,,0.7771911482593874,,,0.7757945515877219,,0.18119471906125656,0.1809439717042896,,0.1812793318181105,0.18143260945576165,0.1805572977560559,,0.18121015521898073,,,0.6169669742622822,,,,,,0.6169185822581272,,,,0.6148892387672193,0.6145009241850931,0.7751027764870936,0.7729649078601899,0.7763834559294849,,,,0.7757073807641265,,,,,,0.7628609252143942,0.7727790691020127,0.774123052510266,0.6177289883292086,0.6174071999559764,0.6172116213454533,0.6175777133751804,,0.6167265472863255,,0.1809377229205853,0.1807380741138407,,0.180730330097098,,,,,,,0.18116838854258832,0.1813618196567442,,,0.1805669127368999,0.18118929002292955,,,0.1809992824223752,0.18077093190038057,0.1807551367610118,0.18022676944889557,,,,0.18085511037029625,,,,,0.6188440053728738,,,,0.6170778643739463,0.6178981881445683,,0.6151309187506678,0.617035866559817,,,0.6176046823168645,0.6174262791779128,0.614951470597634,0.6187459723385911,0.6178876476468301,,,,,0.6167511683596393,,0.6182246417872269,,0.3441517125559994,0.34434221219698463,,,0.3449042378793519,,,,0.3411936590698693,,,,,0.3792036483060971,0.379714366714423,,0.381228887574245,0.3793281481841617,0.38058637813988666,0.3814803158972324,0.37949435458589753,0.3813025127416245,,0.37991534502479796,0.3793721325312316,,,0.3807984145034562,0.38084562023372115,,0.3792558712762825,,0.3800767272630831,,,,0.3807362518060146,,0.37959814516933876,0.38000205015280447,,0.38062902327193954,0.3798725373892532,,,,0.38050250934430796,,0.3804344760798234,,0.38025127062292646,,0.38058523693364,0.37824645653930106,0.3803378851418666,,0.37953945965072333,0.3794066517865078,,,,0.3814192850105101,0.38034165005598347,0.3807073900049969,,,,0.38058955507013403,,,0.3800262607119452,,,0.3802764205230983,,,0.37903421407037813,,,,0.38062130056881854,0.38038941000712095,0.3802293271338035,,0.3811319112172194,0.3805188392684624,,0.3799798475947709,0.3795984084039328,,,,0.37993696862872234,,0.3797772173035,0.38040874656539614,0.37997178005559556,,0.3809380411301617,,0.37929333342123295,0.38136703047010984,,,,,0.38105232464650257,0.3789202216528348,0.3803372948240734,,0.3794579195773041,0.3790623877356775,0.3795852082847243,0.38080249959653395,,0.3801568041967487,0.3808284143025669,,,,0.3803145859688243,,,,0.3805759330662005,0.3803420828990914,,,0.3789501039398204,,,0.3801300736292723,,,,0.3804569324723726,,,0.38196000434959443,,0.3798310855598025,0.3803409803749762,0.3800324460745102,0.38050920880107536,,0.3808291609733926,,,,0.3809835444412845,0.37987738174957214,0.37982441401718675,,0.38076628733452,,,0.3799416398523652,,0.3799061080657658,0.38001418056047975,,0.379642143987071,,,0.38060594403129533,0.379060181874841,,,0.3796238415028468,0.3796847723538226,0.38062230173230244,0.379794772551924,0.3799986746810898,0.3800392717138396,,,0.3798793258438179,,0.3799890535891086,0.27738722201573957,,0.27722247293977553,,0.4812114237875021,0.477121204891723,,,,,,0.47070082389163154
8,24,DG_48pct,96,Z08_F05,8,LL_AB,255471,255418,True,5476.767570931922,5522.069562212844,5524.588483897256,5682.2873453038155,5699.101512848066,735.5022605826047,8254.655732926196,974.9594728905652,825.0885745687164,388.12631625513205,355.49605668421344,111.30815646982333,1.8204431651655857,48.476749999723815,157.2022718502648,315.34104480236647,417.65128915823357,169.88419448240623,304.49741394372285,148.7064099639751,,,,,0.6589246961570461,0.7339161573917184,,0.4858804333942786,0.48559979054283714,,,0.5639193480689163,0.5628344182726314,0.5644803914234156,0.44905803355323015,,0.44817546553624854,,0.5812824230886993,0.5841739287223998,,,,0.48515035227331843,,0.48608468309790565,,0.4816757244345241,0.48191605565819123,,0.4869800987834374,,0.48739669952177034,,,,0.4253535365449552,0.4267607493442021,0.42588988882169543,0.4123920359175635,,,,0.4111990174025926,0.41064004431519824,,,0.4112977265986037,,,0.4110423850314235,,,,,,0.41083980036630646,,,,,0.46770581343588347,0.46715397754836396,0.4663848751112659,0.4671551889997945,0.46630235719988433,,,,0.4685802955451236,,0.466638404875458,0.4658992022151808,0.4669332319302134,,0.4666768397655091,,,0.46726507604674,0.4662089701663092,,,0.46666809696805356,,0.4672163802003003,0.3501884530210334,0.35132324239803786,0.35124940113465647,,,,,,,,0.10150913604194821,,0.1016577261652505,0.10141429863411457,0.10155921907239492,,,0.1019290589211204,,,,0.1015818605597385,0.10153976030493865,,,0.10187365161198494,0.10144034777884552,0.10147854034394073,,0.10150936735840266,0.101451817100573,0.1012278056548677,0.10156317136989482,0.10130205980613001,0.10150051907895741,,0.10150780993540948,,0.10149556570384333,0.1014336179687348,0.10151218012700876,,,0.1012816592760562,0.10134603848776637,0.10129635439059023,0.10127802458842962,,0.101175006383997,0.10143017030849809,0.10112865651534814,,,,0.3845621022111472,,0.38450759538564183,,,,,,,,,0.3843925903145143,0.3844976532206773,,0.38503752709229383,0.38413679271018425,,0.38450455261351707,,0.38435754766295316,0.3846201223996006,0.3850666106791588,,,,,,0.3847826787650723,,0.384929079280406,,,,,,,0.3835953537588338,,0.38445852619315796,,,0.38435698652395295,,0.3860093676821303,0.10005596149414853,,0.10010322749011967,0.10008866091534455,0.10013888584258719,,,0.10026869244691851,,,0.10025418947963173,,0.10024889499219085,0.10018003648443592,,0.1000761182905904,,0.10017468663649894,0.10044590265643025,,,,,0.1000400618143628,,,,,,0.10016870967169736,,,0.10030298008416923,0.09994510533055707,,0.10032732694295352,0.1003765269472892,,,,,,0.10054805299263125,,,0.10011474900680876,0.0998535483876518,,,0.10021268807541957,0.10026586131147018,0.10007014112074335,0.10008700964717433,7.733237855444415e-05,7.708935266558449e-05,,,,,0.003066165592208718,,,0.003062052819878234,0.0030751281657700616,,,0.08598343050285667,,,,,0.08550412821438128,0.08565143321324471,,,,0.08550721282091386,,0.08581605804553742,,0.0857249697502129,,,0.08567575332824523,0.08569216326721774,0.08576132362051041,,,0.08567218437415045,,,,,0.0856580861492019,0.08552881503782934,,,,,0.08556028074765466,,,0.0857325663146746,0.08543199087256773,,,,0.047833734216377065,,,0.047825604647706105,,0.04802799081364871,,0.048040987797284815,,0.04781714620941605,0.04798197794442154,0.047813838440996334,,0.047953016616598294,0.0480064509702916,0.04789062942924124,,,0.04781950118087338,,0.04793226923057468,,,0.04778207410296796,,0.04771033219065841,0.04779532666223446,,,0.45779382870511315,,0.4572920971823133,,,,0.4574085583428916,,,0.4563770160771615,0.4556051715857444,0.46263445120210034,0.4638720868480708,0.46032949563821257,,,,,0.46249726728012414,,0.4626675340367309,,,0.46106881408662304,0.4616071713881532,0.46237108484032474,0.4583925960783936,,0.45677344308620055,,,,,,,0.457085604669784,,,,0.4580291913513056,,0.4570118747200848,0.45555291440376944,,0.4589762537913907,0.4577223190216437,,0.45663584857192624,,0.45736321027907106,,,0.45779724855574544,,,0.4562640963750529,,,,,0.46172642220875504,0.46165960456709493,0.46181485362354424,,,,0.4620121222855025,,,,0.4627734644063428,0.46302213346588733,,0.46207047428884435,0.46181218938745,0.4606946204962155,0.4625079903608669,,0.46212939209093445,,0.4616632826560281,,,0.4630788140100975,0.4622931387366913,,0.10683209163142728,0.10704482641926194,0.10761294247412452,,0.11334194068017918,0.11319027911234045,0.11311073757742238,,,,,,0.06360036069346528,0.06326835009220474,,,0.07179549562063502,,,,,,,0.0029990591197201,,0.002928820507891824,0.0029342282450337816,,0.12526722141124919,,,,,0.1492977830822272,0.14745109284962807,,,0.15199453642993513,,,,,0.15243752148666204,,,,,,,,0.003340580655496449,0.003335766444377283,0.0033332709088375974,0.003328762256722104,,,0.00332986047727277,,,0.0033294724187623815,,0.0033284848358622124,0.0033311345470286875,0.003334653411311133,,,,,0.362106611570241,0.3602556824815572,0.16556835275827755,0.1659490675732363,,,,0.16363855902296315,0.16373629549447577,,0.3621192416193005,,0.3626341268873431,0.3617622996297266,,,0.0034018022820666905,0.003396636484595798,0.003402964713009633,,,0.0034023087582473474,0.0033980420950203436,0.0033944437950366563,,0.0034002515375555933,,0.0033964827464893392,,,0.0033901635410931987,0.003393389211909161,0.003387946471469859,,0.0034029895939174343,,,,,,0.003393503416330334,0.003397717261811823,,,0.003390077444037671,0.0033971860234108093,0.003391995940336361,0.0033906358050099987,0.003392409772570046,,,0.003396663891393203,0.003393840186478402,0.0033959548116300644,0.003400585819970379,,,,,,0.0033943762632913325,,,,,,0.0034005520594070104,,0.0033864628468034093,0.003402900790619287,,,,,0.1390409044317219,0.13916927492876657,,0.13937792746631403,0.13921938579227455,0.13905730102888716,,,0.13922977545974352,,,0.1392203985989295,,0.15909223588913457,,,,0.15889216921536597,,0.1591456097929711,,,0.15902015917270676,0.15878835552776915,,,,,,0.15897755517010087,,,,0.13924100843889997,0.13912758675690004,0.1394189329249357,,0.13956381327203626,,,0.4621783215044566,,,0.4631354926541957,0.4620931942942098,0.46182195913121377,0.46317402206655095,,0.46333473866210606,,0.4615527318227422,,0.46310071642048056,0.15920204481320707,,,0.15894752995355668,0.15966851047880662,,0.15917006299050554,,0.15901986013750258,0.1592216636037595,,,0.15735849463969773,0.15864870344757653,0.15864985472450202,0.4637376652060133,0.463695899455336,,,0.46353244705170976,,,0.13956219978873585,0.13950239424551972,0.13907247214584761,0.13896866153172677,,,0.1394872804235526,0.13884685752999146,0.1393750691326659,0.13927143565484923,,,0.13936395266368606,0.13935006697507946,0.13911272186600887,0.13923949980911196,0.13892511173967126,0.1394229570460018,,,0.1390597581887641,,0.13903045044951914,0.13883181006776343,0.13911428120095257,0.13936161761724025,0.1394004435424184,,,,,,0.4637493607438039,0.46390606679507806,,,,,0.461544749735108,,0.46441705116924187,,0.46267052982042906,,0.4621664641863536,,0.4643890404292446,0.46270377528945517,,0.4649133503719828,,,,,,0.003145778548821416,0.003138543484981206,0.0031480686760296285,,0.39894463934138974,,0.43236600778768197,0.43071882879159856,0.43157642303482413,,,,,0.48844056044627343,0.48855881570781357,,0.48814255867086037,,0.48721311446158777,0.48704915189669473,0.4867386880551952,0.48882298698647103,0.4886771457514859,,0.4878951279015385,0.4871838658244945,0.48935105318278377,0.48774134416200265,,0.4884507481686151,,,,,,0.4875665952694455,0.48743893565759766,0.4875629322424796,0.4874555839187764,0.48667534543068075,,,,,,0.4871556867125321,0.48810320894594084,,,0.4892862536071395,0.4878746160533695,,0.48698082309884744,0.4880979475438659,0.4868145913861561,,,0.48749431929935344,,0.48832377581196157,0.4875305237948859,0.48832865372411927,0.488263832073112,,0.4872207148021236,,,0.4874013029924392,,0.4890300854990487,0.486783180829002,0.4861721046482097,0.4874670302428887,0.4869896302599028,0.48988554435500953,0.48830234047198773,0.4879738637944705,,,,0.4866309541808665,,,,0.4897900365273181,0.48774194302588236,0.48867100223823673,,,,,0.48811272667989863,,0.4885150779359011,0.4883871479410608,,0.48698451801116815,,0.48800130375361894,,0.48664602229765885,0.48805233644570717,0.4869433972976577,,0.48814980596498414,,,,,,0.4883889462623837,0.48749117951602633,,,0.4884654165244606,,0.48694618785635196,,0.4884264073311414,0.4869279060545343,,,0.4878031431598506,0.487489352615308,,0.4868828176187253,0.4887342526138386,0.48808455119537103,,0.4876483848976423,0.48947478114457993,0.48909750108332906,0.48877181782933066,,0.4880932000034759,0.4875700804041654,0.48744337814309646,0.4870950398358641,0.48879490542271053,,0.4872382417046167,,0.4890305216462921,0.48754076153242093,0.4898837862938596,0.4884029209977949,0.4891991423960981,,,0.4880461889800026,0.4878020581816637,,0.4880454352024622,,,0.4872673376844576,0.4882876996124137,,,0.4872680748139312,0.48771897994450625,0.4883070957013221,0.4888737843551477,0.4878744693397373,,0.4870405242764755,,0.48760848475627167,,,,0.4870427460288018,,0.48861890232599986,0.4871612445954755,0.4870402993437548,,0.48859541491213265,,0.37192530471224,0.3742663991426575,0.5088471753302155,,0.5566096860083263,0.5630437504326776,0.5630474705902672,,,0.5830091123361686,
8,24,DG_48pct,96,Z08_F06,8,LL_AB,255472,181935,True,5434.742920932646,5474.207951669849,5495.317351714086,5567.722004239607,5604.3128914900935,713.7587913374946,8026.516105686304,1010.9973463353265,872.6318330233595,426.02931786274274,390.6011026639831,124.8394737086101,2.060580681653136,49.968605389357485,163.14896043182281,306.2035718160369,393.81883646842476,160.39727755904036,284.8115181560707,154.20666580088817,,0.6880941793549509,0.6847053460666833,0.7433346668531954,0.6621966445970594,0.7451431581070977,,,0.49479295619881575,,,0.5830968575868516,,,0.452367246392531,,,0.5990195575839321,,0.600152274761738,,,0.49615374768182025,,0.4953685351515866,0.4960775978356471,,0.49037088522447764,0.48938430274712186,,,0.4968816510023562,0.49688813355867906,0.49718729895364533,,,,,0.4371747379200745,,,,0.42396491085050947,0.423761427340576,0.421998830566815,,0.4246888616274989,0.42325786398384835,,,0.4250673588829653,,0.4226212584599171,,,,0.42209250120001385,,,,,0.4915365181470067,0.49154259460167665,,0.4916380284961818,,0.4912806722626981,0.49208047839800717,,,,0.49156432221273433,,,0.4918284737479182,,,0.49127321856254924,0.4920326150462315,,0.49077659738006063,0.4910023430016855,,0.4920103645098779,,0.3626701219249087,0.3632345921901267,,0.11721537728245164,0.021720943133052253,0.021719352274600486,0.021706223650631594,,0.02178987046142099,,,,0.14133860687120245,,0.14148104213157722,0.14134742013157975,0.14140407184256185,,,0.1412001461355077,,0.1413842583130487,,0.14164070832477083,0.14111169360647605,,0.14090080696993512,0.14128938707898311,,,0.1410447275557592,,0.14155226726124143,0.1411064187872864,,0.14108762418081813,,,0.1414104704080732,0.14138414495404644,,,,,,0.14082779557793368,,,,0.14114849380010874,,0.14113894949720893,0.14078145850264473,0.4255734262912594,,0.42518890613851285,0.42450578336607214,,0.42474807594015757,,,0.42512762604416915,0.4250091070883807,,0.42537823732870184,,,0.42520705909375284,0.4250779313472462,0.4242955432523985,0.4265954884364278,0.42609825068653345,0.4246957967469217,,,0.4258763819910555,,0.42575318086728564,0.4260265639622685,0.4246553927775108,,,,0.42501321112679574,0.4260225370455345,,,0.4242661292478286,0.425346736722291,,0.4247307200366482,,0.42433400133459004,0.4244074057943203,,0.4241528622497723,,0.42445203408773363,,0.11773875266215864,,,0.11769933119582134,,,0.11786890076309897,,,,0.11809983177659934,0.11824497460093686,,0.11803312913443777,,0.1178631359623579,0.1179812076356534,0.1184016865140663,,,0.1183296061720874,,0.11775466118379185,,0.11763448532187973,0.11772682873929875,0.11769959714766767,,,,,,0.11785714753364906,,0.11793327292021513,,0.11773555258131431,,,,,0.11805255121061184,0.11778347155126818,0.11818665997759252,,0.11751736373559159,,0.11788962808454619,,,0.11775220007989316,,,,7.643039484008132e-05,,,0.02168016227785431,,,,,0.02164116104898208,,0.12493782049513247,,,,0.12533657915315038,0.12454536524776769,,0.12513458616487516,0.12459976684250884,0.12473397449758013,0.12524139253818323,,,,,,0.12454607231348408,0.12473145461436555,0.12448105549080284,,0.12448220400589509,,,,,0.12457286131788557,,0.12491184304600984,0.12463453932986063,0.12468970894916395,,,,0.12501980539321975,0.12494701266863263,,0.1253342078101445,0.12472162213662666,,0.0890058272315522,0.08941235056294582,,,,,0.08950886522370323,,,,,,,,,,0.08956773993410219,0.08937937240280454,0.089438725520263,,,,,0.08941318557295337,0.08902426431814069,,,,,,,0.08948959942498444,0.49272686552057937,,0.4920945599086312,,,0.4926808151580695,0.49208082578900453,,0.4935089285627631,,,,0.49672085937686977,0.4986046136672294,,,,0.49742031136922477,0.4966960119409253,,,,0.49718252995762524,0.4965973130939119,,0.4982271756447386,0.4923508065810942,0.49109997625286234,0.4931280875164432,0.4917925173566002,,0.4913476427310877,,0.49194763161626165,0.49206550741174154,0.4921792308693891,0.4908869949077385,,,0.4918662438198626,,0.49345798516807815,,,,0.49194002653736185,0.4933863411541584,0.49249030260059795,0.4925381407257875,,0.4925109459968305,,0.4941938591792985,0.4912659141227113,0.4916646162520101,,0.49185423949833507,,0.4960960241503153,0.49895291636498595,0.49702658378296005,0.49767135002548596,,0.49708519800247575,0.4968422056713237,0.49698108678197805,0.49766435155658056,0.49741229103212165,,0.49695420140185753,,0.4982304674161621,0.49741937487670307,0.497899132860516,0.49744570305422653,,,0.4968446334491932,0.49751106262916917,,,,0.49779688977350073,0.4980565065660715,0.4974323298530241,,0.13012391928451542,,,0.129670505279695,0.1524217224966949,,0.1516059169668811,,0.15201136901220408,0.07875778538871506,,0.07902924375082847,0.07893538095354748,,0.07891340934851268,,0.09111243970541094,,0.02164493570613017,0.021741444037470577,0.021682582742897565,0.0211781500611813,0.021236578537718584,0.02122075793239043,,,0.020628572484769542,0.1656592740162609,0.13974444128504213,0.40408868933521724,0.18259038940529623,,0.4051348595803319,,,,0.16572669260385908,0.1658620901635908,,,,0.19241910663654752,0.1661411901765113,0.408152161435773,,,0.02340347923806317,,,0.023391977187154987,,0.02343729805262924,,0.02343536500199007,,0.023418903327938164,,0.02339663243876788,,0.02339608891457292,0.023406114262007702,,,0.023474108664623138,,0.4097101439085264,,,0.410244887027867,,0.20578838958436868,,0.20518785551476568,0.20592396530130322,,0.1779237439196517,,0.17731062953938728,,0.4096384855210725,0.4094525645125007,0.40993189735073016,0.023805807672635602,0.023827850152692114,0.02382584262343466,0.023887184431898086,0.023903757122098353,,,,,0.023770398450591278,0.023864421374048605,0.02386808377586976,,,,0.023868335206124493,,0.02384826441474966,0.02388863678028643,0.023883426958823277,0.02383581304054472,,,0.02391188569554125,,,,,,0.023799672391679735,,0.023915348539256195,0.023821982568023415,,,,,0.023875109624109613,,0.023813681115730893,0.02385524762410686,,,0.023868136399609628,0.023772500490593155,0.023894931239613334,,,,,0.02388022093046074,,,0.023914594495049263,0.023834312924652327,0.023788233035499762,0.023852648532592585,0.02384472061810894,0.0238536289223133,,0.16082936524070898,0.16063033939500976,,0.16035973603749024,,,0.16048592501301956,0.16042176545238437,0.16031705408262628,,0.16045456275797715,0.1606484123708062,0.19330911227688713,,,0.19355295649081491,,,0.19357721349192378,0.1938275270822273,,0.19354221340137578,0.19274974004964163,0.19412179503809063,,,0.19367334187455626,,0.19354724881523025,,,,,0.1610249973944621,0.16071131393467772,0.16047407830224789,0.16134519831140723,0.16064240946589903,,,0.4965455113759574,0.4960723207847277,0.4971840171544254,0.49857379165941634,,0.4961203793796931,0.49671992248821245,,0.4981965872513017,,0.49627522680282427,0.49817736047239186,,,0.19343859274021943,,0.19317725350207796,0.19362602102220441,0.19400290025489722,0.19364634614519122,,,,,0.19389513623151894,,0.19286971108115486,,,,0.49836932586296107,,0.49849339349115857,,,0.16027481936352306,0.16090720439200656,,,,0.16052800055688735,0.1603500406543229,,,,,0.16088719391385642,,,0.16059323491356975,,0.1604166673888908,,0.16013681597707105,0.16061988070521696,0.160898260480154,0.16037954912436786,0.16041914448191794,,0.1601554079866639,,0.16079381626453898,,0.49835543370649293,0.4986659979650487,0.4963821656432388,0.4986147275410394,0.49827246137517106,0.4978227154416876,,,0.4992740287680344,,0.4970078456798152,0.49783298740496446,,0.4960586811820184,,,0.49813833819314485,,0.49853156827422973,0.4981378068978763,0.4973486738201155,0.49781368786192004,0.4978282091923689,0.49798863075133926,0.4964651641242961,,,0.0220747406367649,0.022056899308568946,0.022095126357210296,0.022094923035353535,0.4050148992282697,,,0.44265179685853334,0.44122246921925007,,0.4969522556942233,0.49762686484995977,0.4987680096625984,,0.4976026485651751,0.4969176381954241,,0.4978515543177006,,,,0.49760643220264167,0.49809603985953177,0.497694324843241,0.49790000343168894,,,,0.49744498366027035,0.49906797033701183,,,0.49889028622596643,,,,,,0.49748470088528934,0.49714525172754054,,,,0.49850682234363664,0.4973901948863013,0.4973785246163686,0.4971819321934424,,0.4980291566210638,,,,0.497654024358328,0.49770609276138233,0.4985201560464409,,,0.49712207127230923,,,,,0.496509999326566,0.49865322766867376,,,,,0.497803880905146,,0.49796013287431357,,0.49627151624086807,,0.49826813763616057,,,0.4986499529932069,0.49720637520573074,,,0.49677414581566665,,,,0.49727289093461463,,,,0.4987088895348312,0.4977982561040272,,0.49843755035191706,,0.49804355610514595,,,,0.4961160861073863,0.49864035647109334,,,,0.4957769413023744,0.4985347473276899,0.4973603499582324,,,0.4971234808297351,0.49799631008697165,0.4981692191516583,0.49605803863866477,0.4980463522370275,,0.4984517132515338,,,0.49562329593113147,0.4987040957969824,,,0.49794316798568217,0.49794245084823646,0.4980836022084031,0.4975461133291394,0.49812386077816406,,,0.49685315198958585,,0.4978162963168226,0.4992616639740174,,0.49728362647312024,,0.49752358146921877,,0.4985357143695822,,,,,0.49987964486554154,,,,0.49725230541547816,0.4978540632091479,,,,0.49839763252392416,,0.4979530425290402,0.49699171619118493,,0.49947206016797346,,,0.49746960099031146,0.49781724208138567,0.498575312686699,0.4967523113290667,,0.4973778394410253,,0.4963506216133403,0.4974630355673017,,,,,0.496846835412352,0.4976268912906018,,0.4969980455661512,,0.4982740770628846,,0.3845799897717835,0.385530857614372,,,0.5753100834340197,0.5827958348646196,0.5839556553959729,,,,
8,24,DG_48pct,96,Z08_F07,8,LL_AB,255471,255418,True,5505.1064455696205,5538.718982887095,5508.386447673,5680.046802488812,5732.310572343072,734.6589647174612,8298.25342778292,974.7313429026664,823.531249698676,389.4606006790673,356.8989991112668,111.47573058061465,1.8094526193959648,48.54321675424786,158.11291499692436,314.5551926543342,418.95437997574544,169.96109652390493,301.1736550095229,149.5662055076608,0.6820707173535292,,0.6806356145179475,,0.6587467827946285,,,,,,,0.5627327901440128,,,,0.4488031691209177,,,0.5829911924904823,0.5819021521603672,,0.4867479248099477,0.487492699818461,0.48658272160040283,,,0.4806245455580382,0.4810880920215316,0.4810697606771295,0.4868810713718635,0.48742925237339846,0.48918404332746834,0.4875509043113364,0.48781381954718606,0.48818748288517494,0.5209277495310691,,,,0.4113938686101497,0.41101155409115286,,,,0.4118634617392971,,,0.41213213583903835,,0.41148291843099366,,0.4114440372392321,,0.41199676761283704,0.411363370962933,0.41178130031854104,0.41156796395717793,,0.47992707509204713,0.369049944264852,0.5362634257342066,0.46583368267602815,0.465701258848155,0.4662109322625297,,,0.4667618629954589,,,,0.4673133684284769,,0.4668093086337079,,0.4672265251879421,,0.467149486985098,0.4675952229288399,,,0.46855624348524916,,0.46739275304179206,0.46811589497091083,,,0.35074813942770044,0.35123605841104133,0.09961619646100167,0.0030782804271042748,0.0030692999635291035,0.003068606498835503,,,0.003079120082175485,0.10153530236072351,,0.10168428553099473,0.1019649485306227,0.10126754725640386,0.10116912572662513,,,0.10131003679197456,,,,0.10149406450950517,,0.101642707311197,,0.10146352834800346,,,0.10174192608581097,,,0.10124513447882175,0.1012946661643867,0.10144431105186358,,,0.10126127085288172,,0.10162172583584797,,,,0.10164976828492955,0.10124925649048845,0.10172198643596067,0.10133823957956645,,0.10133731519104383,,,,0.10115635925592477,,,0.3851902649924341,0.3835396754621325,,,0.3847111082658849,,,,,0.38372527424443725,,0.3836920714302935,0.3839892379503214,0.38491701609544876,,,,,0.38372751761146007,0.3842798810480287,,0.3848488561889855,,,,0.38468832361433064,,,0.3833199718448649,,0.3839446537376368,0.3845585784781715,0.38567858894152035,0.3844993915977376,,,0.38431528143239796,,,0.3842569167755851,,0.3837719693388085,,0.10002118466950383,0.10007045922148791,,0.10020936205331178,,,,,0.10017277661932063,,,,0.10020386887819999,,0.10016819041319942,,0.09994926650167442,0.10048102053668578,,0.10034829177847329,,,,,0.10023164160578472,0.10036332621042451,0.10006415850131867,,,,,0.10015374508984132,,,0.10046592709666428,0.10020487890964594,,,0.10016323448148308,0.1004766111279852,0.10008199375607582,,0.10045098277286743,,,,,,0.10041310844930865,0.10021414412869717,,0.10036998142674168,0.10024158597439341,,7.68638907309106e-05,,0.031072044301086905,,0.0030708964232627877,0.003069907944195999,,,,0.003070669607822294,0.08585782987768026,,,0.08534582687224422,,,0.08585138070613894,0.08580873978704784,,,,0.08568437300629918,0.08576733864889377,0.08554286036564442,,,,,,0.08550576608600984,0.08543942223688746,,0.08539024534303613,,0.08545276184013799,,,0.08546914388491816,0.08557984648733903,0.08579903545986417,,,0.08556912964889932,0.0855996168233195,,,0.08544183675509825,0.0856850966102178,0.08559658081542872,0.08562174461340753,0.04784989824428112,0.047779904120982354,,0.0478510669363673,0.04784843145205711,0.0477677073268034,,,0.047989733620777596,0.04801054109213484,0.04797854683965267,,0.04792260605772141,0.04803940966252244,,0.04799058808242593,0.04786663624331504,0.04794106975852665,,,0.04799853885510142,,0.04782314405245261,0.04785319051377743,0.047859832758655546,0.04781939501515512,,,,0.04788923119709667,0.04796789660629797,0.047974054918221314,0.4571769334641504,,,,0.4574280631336085,,,,,,0.4577952044397963,,,,,,,,0.463347548045653,,0.4604891916891356,0.4623377863766663,0.459858021157223,,0.46154686195430944,0.46203657652905183,,,0.45792601826326823,,0.4572021581090637,0.45648928351145346,,0.45717112862154574,,,0.4560786833967646,0.45767367417803845,0.4575920078050373,,0.456522261031504,0.4576384740862581,,0.4569764841786665,0.45779040489604184,,,0.456077834089419,0.45751404238864224,0.456446173784819,0.4565503121694866,,0.45643010785410787,,,0.4562378841711565,0.45703850081244857,,0.4613216223291478,0.46244660167972684,0.46257924882519175,0.46064137207931505,,,,0.4620028594158772,0.4622737431959481,,0.4625496726100638,0.46195375312546527,0.4619424554507123,,0.46245118292697146,,0.46235248822609004,,0.4623756233664179,,0.46252689187258117,,,,,0.4606592894718767,0.4639756497104128,,,0.10700428530537887,,0.1073016149912556,,0.11279530146777006,0.1130419682387521,0.11346332245774626,0.11335380733739658,,0.06326378088730607,0.06348236145477805,0.06336147914484339,,,,,0.4079560578785175,0.0030694611981618492,0.0030827405171469408,0.003078420661903476,,,,0.002932718917993817,0.0029354439860203568,0.0029360182288991604,0.12694744154885895,,0.360739408118922,0.14365702684944362,0.1420988834611051,0.36022327821828815,0.14979517084153302,,0.35980942612045597,,,0.15203926823170638,0.15272089021678031,,0.15388919802004988,0.15209611895575573,0.35937317372706296,0.1561999976322501,,,0.00333170190293741,,,,,,,,0.003328973649267374,,0.003335053806352026,0.0033311620776332053,0.0033411849012539895,0.0033296891748949052,,0.0033287626344818966,,0.3626958490265347,,0.36146469604396264,,0.3619769419860403,,,0.16555179647872537,0.16624410882483132,,,0.164076228087588,0.1641605213124859,0.1641467552872939,0.3616347236973301,0.361456510064603,,,,0.003393835142757111,,0.003399138754555059,,0.0034015651210225623,,,0.003397331356204136,,,0.0033986456152757362,0.003405462189134332,,0.003401687571932401,,0.0034047332082289337,,0.003401630285803461,,0.003391411511974358,0.003411251026074386,0.003409222056229485,0.003402939558024701,,,,,,0.0033893525238998493,0.0034041854008584295,,0.0033965627121009642,,0.0033911058108815435,0.003380599465404132,,,0.003399088803196613,,,0.003404125483682947,0.003397030062215853,,0.0033927341440682206,0.003394148567930909,,,,,,,0.0033953678538677983,,0.003407194604671599,0.003401095372734379,0.0034004537883457987,0.003399966302182849,0.003393138844605741,,,0.13911704968306243,0.1391372304204183,0.13932162131369052,,0.1394561344182956,0.1390052198282447,0.1391172950443833,,,,0.1393791561275138,0.15896381866398884,0.15883769566881029,0.15945580184401506,0.1596520540970678,,0.1591433599427395,,,0.15861335956750383,,0.15897673593114875,,0.1589500295450431,0.1589281005463612,,0.15929242021677606,,0.15885501965444968,0.15920189478431013,,,0.13947379044739522,0.1395249757713954,0.13922160171570355,,,0.13907042226001118,,0.46296652760155454,0.4641160659985682,,,,0.4634438573488734,0.46337150637674146,0.4616705591864122,0.461621012459831,,,0.46330098987171464,,0.15934786164992265,0.15824858989548202,0.1587393655291595,0.1588643620813282,0.1593644953034265,,,,0.15921358044119122,,,,,,,,0.46396571939488507,,,0.46408203312243523,,0.46313740657175606,0.13934854890719142,0.13916052941059845,,,0.13897763833226873,,,,,,0.13923280780306777,,0.13914464933789192,0.13908698054412,0.13914365118564387,,,,,,,,0.13918513872353092,0.13942327256693976,0.13890942562548947,0.13931339198839449,,,0.46461608510536884,0.46365797986010165,0.4632538708289953,0.4648893957432959,,0.46343243191489025,0.46255525566489397,,0.4627654728688219,0.4619059973645511,0.4630771068492696,0.46259013938682003,,0.462608175466791,0.46298448589567337,,,0.46487845255850707,0.46336039436269066,0.4629940750430785,0.4629097024465471,0.4631430323558125,0.46298832766805914,0.46222810411411175,0.46378756046447184,0.0031549847717853565,,0.0031377987707164887,,0.0031413848579015294,0.0031425842118224375,0.39759398133292884,,,0.4305455558495955,0.4302746167957415,,0.48898631594154907,0.48843717733663783,0.4878142407395252,0.48880007601843023,,0.48810034470872893,0.4872061514920403,0.4869410265370559,,0.4873511397089015,0.4876970678513176,,0.48929327541026,,,0.4876093518089453,0.48916049780262266,0.4884545787906653,,,0.48684060412725555,,0.4874590926941282,,,,,,0.48768359114848936,,0.48840078432062217,,0.486268838277955,,,0.4873811462605555,,0.4871507921012754,,0.4892096439489479,,,,0.4876788509906982,0.4875438654620559,0.4872254034195973,0.4868368470365071,0.4880173079171379,,0.48695948954002377,0.48762628905373523,,,,,,0.4877191821298448,,,0.4876135480912629,0.48744595455847967,0.4880954736446207,0.4872527876343622,,,,0.48682541404600843,,,,0.4878007284544467,,,0.4872992163707436,0.4883208095728914,,,,0.48628862145015656,,,0.48796527936048717,0.48822753119552237,0.4879450372470668,,0.4874206022691629,0.4885559316874453,0.4892265352770587,,0.48755375253448474,,0.48744113645021553,,,0.4882386342844995,0.48780890106918373,,,,,0.4874520008439649,0.48882150322955104,0.4884542804041009,,0.4880472460113451,0.48836462397106223,,0.48916930054949226,,,,0.4877565821450476,0.48792664177109046,,,0.486350663017838,,,,,0.4877337276567097,,,0.48782832856622027,,,,,,,0.4872172829889612,,,0.4870480660996497,,,0.4871814095523738,,,,,,0.4888022320522167,,,,0.4868695307283313,0.48708411207909386,,,,,,0.48790177853754724,,,,,0.4876601201217867,,,,,0.48796800908526455,,0.4882628450079118,,0.4872291450201857,,0.37355337265206534,,0.506448179717733,0.39685814566030864,0.555964296903238,,0.5632467469020409,,0.44914771289336525,0.5801274136310522,0.581353221361016
8,24,DG_48pct,96,Z08_F08,8,LL_AB,255471,255418,True,5519.400383759011,5530.705280420933,5520.673384545785,5670.4155632140355,5677.431656507673,735.704856204595,8307.505474038666,976.4592150858387,821.3287892219588,392.1807668401741,355.4830504995626,111.22612963158691,1.8084619308225522,48.707264549781925,157.2460327840444,314.94674496348455,421.49983367135746,170.01442078181188,304.2958206886687,149.07145227230296,,,,,,,,0.4860549434607787,,0.48520323058205905,0.44445455659809485,0.5635359149220552,0.56489089736663,,,,0.4495960739135087,,0.5836115495317875,0.5840243935612736,0.4856263688946852,0.48674937365142973,,0.4873871600818698,,0.4865836323955921,,,,0.486703550095071,,,0.48824438775965806,0.48834431278451973,0.48785405432215223,0.5221049074178744,,,0.42529472407877594,,0.4114164325103281,,0.4122550740692624,0.41175054799500177,,,0.4117534080103354,,0.41214607046958,,,,,,,0.41051424961280564,0.41115634270024515,0.47875117619443974,0.4787545286420534,0.3686764242165742,0.5377753358556466,0.4662987248734754,,,0.4661856451230072,,,,,0.4672872074731631,0.4698566073496663,0.46673509886228154,0.4673909107805742,0.46646947730859023,0.46634865223415495,,0.46471347847552213,0.46747412998228444,,0.4676908835372311,,,0.466345721135758,0.4680854198653554,0.4665708918135803,0.3507704392128781,0.3500376066471328,,0.09945855527869776,0.0030799537728564584,0.0030812360801868235,0.003076119001622594,0.003084273841618662,,0.0030800310131738787,,,0.10135620735846838,0.10128479347777719,,0.10131584934092903,0.10138393118363663,0.10131830708548625,0.10160542547356427,0.10156475360391701,0.10168919246540149,0.10167375527200631,0.10127243726152217,0.10173183681280902,0.10128980643953579,0.10171412298542641,0.10128719552376204,0.10144997367946368,0.10167590934772223,,0.10169693383168002,,0.10164803972045265,,,0.1016007349488613,0.10129220778875823,0.10160086693614562,0.1014437715935479,0.10124657502803769,,,0.10165698241723325,,,,0.1013620285127417,0.10134818945172289,,0.10125238171622583,,0.1014042761983213,0.10119744028645308,,,0.3842351947699819,,0.38426648003322017,0.3839424966396546,,0.38407511399611494,0.3836660108493628,,,0.38442194991008355,,,0.3843099258268104,0.38461288550560296,0.3842808013741014,0.3852413553209348,,,,0.38369858111718746,,,,0.3846048980793753,0.384662594148767,,,0.38529365406091454,0.38463060162176493,0.383763111942794,,0.3853133656349366,,,,0.3843944385112377,0.38348540653945445,0.3845481399634463,0.38476503780445315,,0.3841162405453598,,,0.09982730198483836,0.1000274667539721,0.10002151652438758,,,,0.10005777205749676,0.10036162228852492,,0.10044663932731142,,0.10050760604673149,,,0.10018110819544526,0.10011380008314295,,0.10024300330752398,,,0.10037846721343469,0.10040264863485303,,0.100172780686944,0.09988988812284283,,0.10015742357412949,0.1001998886183999,,0.10025729896506995,0.10016001681620551,0.1005592202688418,0.09992282907981553,0.10031399596536805,0.10045046272025171,0.10011402663013295,0.10015048106231855,,0.10016547578996708,0.10031700428663795,,,0.10042682074140992,,,,0.09979758610484611,,0.10031928413530411,0.10025521553029847,0.10025938024043407,,0.10007719149104623,,7.711222060585375e-05,,,,0.003067609169868596,,,,0.0030724955064177174,,,,,,,0.08568027057389431,,0.0856011903588165,,0.0857353625535872,,,,0.08551586656031905,0.08564283571714652,0.08595224049255329,,0.08570840144304696,,,,,,0.08572124868187687,0.08556481642563521,,0.08562114925954979,,,0.08569685887058935,,0.0857738741894274,0.08549012991152645,,,,,,0.08573601431556044,0.08532044741785072,0.04785232424194816,0.047812161338494065,,0.04785954527124677,0.04800248515173455,,,,0.04785215092369202,0.04789270443689174,0.048019585673892674,0.04791756927832309,,,,,0.04798059251827348,0.04786839845573905,,,0.04801446955858751,0.04793108207189561,,,0.04789760602435412,,,,,0.04793942436530919,0.04765600226979494,,0.4580310931593778,,0.45842379056845484,,,0.45637357859853056,0.45648699003781096,,0.45758850054049155,,0.45663990836561374,0.4623955368928462,,0.46265187556826837,0.46176937920059213,0.4613465180945907,,,,0.46157289759745684,0.46318254401277686,,,,,,,0.45769711169133,,,,,,0.45631872673177576,0.4566610653836909,0.45717895437345357,0.45869197302863945,,0.45758828661176226,,0.45763428530294625,,,,,0.4581784580640013,,0.4582153704542053,0.45680749735206566,0.4568497630018721,0.45755316195509366,,,0.4575799046276307,0.4574129644218822,,,,,,,,,0.46236928106244773,0.4622229641647258,,0.46300331687934393,,0.4618712407145369,,,,0.46193848476447175,0.4624356724300081,0.4613339671679999,0.46228480773860453,0.46206483002617194,,0.4620372744226246,0.4631218333040724,0.4619203612506564,,,,0.4630296777202032,,0.10736905333796985,,0.10712764887255587,,,0.11312428905429585,,0.1130804376184577,0.11325997985253891,0.06321480152239524,0.06323338051501487,,,0.06339968480224097,0.06333486929109924,,,,,0.003061415040952953,0.003073739256153921,,,,0.0029339061901896917,,0.0029195954982760663,,,0.36171148782715096,0.14409066317776884,0.14203085186973202,,0.14956596499830932,0.1473944657046485,,0.1522621715470219,0.1527992165109763,0.1527019126660493,0.15229620056953957,,,0.15163771243900265,0.3602463532374209,,,0.0033299592167309756,0.003334125983109107,,0.0033319979612429144,,,0.0033327927788719958,,0.0033317413716501144,0.0033188698993251112,,,,0.003328745479175775,0.0033309529959266613,0.003325197887202467,0.003340275261109705,,0.36224245667467464,,,0.36206540965508593,,0.35941545323822877,,0.1657364547797495,0.1656655449925185,0.166324535089776,0.16386777505076078,0.16393347648706844,,,0.3622533823484447,0.3614827512396765,,0.36172610558462037,0.0033947678285188247,0.0034042717620983405,,,,0.003404250256016424,0.003401311028965599,0.0033922700614926336,,,0.0033974628943689716,0.003413526625896765,,0.0033993635229498656,,,0.0034047463635781604,,,0.0033912790086966936,0.0034020798277796306,0.0034041794206412235,0.003398519041637065,,,,,,,0.0033950715993731743,,,,,0.003405290434460116,,0.0033970820172146226,0.003394094664130057,0.003401208036351124,0.00339153401484313,,0.0034039907915112927,,0.0033960406876252843,0.003384119345544693,0.0033881634810038652,0.0033946400226768114,,,0.003395096027942789,,0.0033993346505699416,0.003390350696112138,0.0033897459887713075,,0.003408046826148456,0.003394771741302467,,0.00339275919643407,0.0034013089454814492,0.1390879650370606,,0.13866522217071672,0.1392414417181237,,0.1391917000332347,,,,0.13911705477555644,,,0.15901808599144454,0.15938491500400898,,,0.1596553499641871,,0.1595747676039054,0.1593563642359367,0.15906824064749628,0.1587760459110195,,0.1588811048185509,0.15903540141929587,,,0.15903827207139162,,0.15928905413469785,0.15852175379376907,,0.13909390426778281,,0.1396804008558818,0.1391393452157219,0.1396977730361361,,,0.4622898253766043,0.46344844854238426,0.4638137408277582,,,0.462920162316941,,,0.4624574170436605,0.4631914139627553,,,,0.4627537781253113,,,0.1588013089157568,0.15869797725678522,,,0.15900736809852142,,,0.15858562143636215,0.1588911386250362,,0.15708648889878965,0.1584397528840326,0.15821150581418497,0.46388589712131556,,,,,,,0.13919261785754092,0.13929887677972486,,,0.1389779851437489,0.13909259256885897,,,,,,,,,0.13923513217092792,,0.13949347033252352,,,,0.13889164138757612,,,0.1388888588323383,,0.13931192360515343,0.13936666118584107,,0.46406172699092824,0.46452149769855383,,0.46340616380807237,0.4623306018761176,,0.46225671471300017,0.46272046544919343,0.46397583409661064,0.46245595241604087,0.4617695105160041,,,0.4624932780221388,,0.46370102634476384,,0.46163887660486547,0.46335980703006185,0.4635405180919316,,,,,,0.0031443448402792107,0.0031498335483741455,0.0031454514013491376,0.0031398367831087268,,0.0031460461866235187,,0.4774520709336856,0.431109891275715,0.4310801354547283,,,,0.4890010593840076,,,0.4877874333473582,,0.4879671099613028,,,0.48857320517980535,0.4884194520609222,0.48803182734485767,0.48836808884490335,0.4871031107344077,0.4877443168957609,0.48863020279518476,,0.4881310185347548,0.48813517044047533,0.4865923717675844,,,0.4894051521433652,0.48649194854511807,,0.48775865215796005,0.48755638158858594,,,0.487752304397474,0.48863410606210245,0.48780418189103336,,,0.4868153465984856,,0.48718950260349114,0.48836863618593673,0.48865993187087714,,,0.4887326377787991,,0.4878402823151344,,,0.4879145793995138,0.4860899494659361,,0.4884572679546697,,,,,0.48751981386589344,0.48827512911954035,0.4877137481264472,,,0.48799967132487293,,,,,0.48764467481732804,,,,,,0.48849047265332196,,,,0.4878451064333002,0.4890093222795496,0.48774209359357074,,,0.4878580588135941,0.48762055504071455,,,,0.4868318849885621,,,0.48697500586893383,,,0.4880505127529174,0.48758482438441414,,,,0.48807982036933584,0.48894851558675695,0.48736401159391607,,,0.4871645964926291,,,0.48834209164299375,0.4881006310102709,0.48845214985677987,0.4875911143494575,,0.48800742146973897,,0.4872639290687191,,,,,0.4868547286569285,0.48644735966322644,0.4887413115944916,,,,,,,0.4887134649477631,,0.4886125157004535,,,,0.4887872737744523,0.4883865164078057,0.4882805196702783,0.4868845805088631,0.4884380824804651,,,0.48839126797859406,0.4866346158097604,0.4868884258778847,,,,,0.4876311010201064,,,0.48819056580346504,,,0.48885924366573674,,0.4872986110009434,,0.4866133282270426,0.4888633677989224,,,,0.4884146656103256,,,0.48751304480243757,0.48723486825116685,0.4877196102034633,0.4867011215479854,0.48758757499802585,,,,0.37335005190626036,0.5076588310438305,0.39694888027716035,0.5551573682451092,,0.563997588131669,0.44921056108280066,,0.5829810601378917,
8,24,DG_48pct,96,Z08_F09,8,3PH,255472,181935,True,4949.35982926286,5056.648104963296,5111.51474225894,5646.972371152473,5617.495600673925,65.19416488686085,5749.865771422838,56.22140724729775,50.26806683535463,27.752668863318526,25.743981454498623,8.495299109877484,0.12491666253172197,40.272440705268295,129.15656771365752,28.363017902451904,13.601364066418556,5.678015037120935,7.047872075963031,8.366844373082913,0.6890226830944723,0.6900241914082401,0.6876829310928884,,,0.6913229218319941,,0.49720385463466266,,,,0.5024201478366158,,0.5018821437554536,0.4996495833878295,,0.5005944057305367,0.5002064301097386,0.5008168182705218,0.5005498277738841,0.4975252097316218,0.4969843570465229,0.49639837817238,,0.49678805039082047,0.4952114977368647,,0.4902677817413253,,,0.49855597833764737,,0.49832432117991105,0.49621588353539176,,0.4577306223417823,,,0.4353274434113659,,,,,0.4237668672679865,0.42405083020216155,,0.42413245306923797,,0.4231934320183352,,0.42354886794151825,0.42388345765388136,,0.4243238879374965,0.4232514521606112,,0.4231443118041484,,0.4172042891487659,,0.41616115892845185,,,0.4056458055113981,0.40555570892842735,,0.40568600629494284,,,0.4053777688307062,,0.4065325989601752,,,,,0.40579876871215526,,,,,,0.4053546451286783,,,0.3634622221655252,,,,0.02181509234532115,0.021694739740163352,0.021735681078078627,,,0.021818052021717955,,0.022014784543070612,,,0.02209875184498178,,0.022035305870966807,0.022080813393583296,,,0.02211876313448991,0.022044186884115278,,,0.022080867753274846,0.02207109164498034,,0.022033752092580884,0.02208312208133572,,,0.02206714006074796,,0.022066061678665472,,,,0.022059346047511093,0.022020980595965252,0.022022974900944212,0.021986367806571008,0.02205574851933475,0.021997855925037384,0.02193559643701867,0.02197979840895661,,0.02202305315259135,0.0220495906885771,,0.022006639011862145,0.022010572208007544,0.022053699898626506,,,,,,,0.022080619811788736,0.022048837067299452,,0.022041662941821756,0.022053007609585475,,,0.0221222804738452,0.022088031662528047,,0.022058281151999565,,,,0.022068793040424837,,,0.02197283442237376,,,0.022052529120988415,,,,0.021993990805541458,0.02201049855449251,0.022035822621626816,0.02203764039626187,0.022086183324456055,0.0220305433762567,0.0220404361431126,0.022037555217367593,0.02202243426684826,0.02212237747010331,,0.02200179246781963,,0.0220561203000989,,0.02207630507690195,0.022050843939654122,,0.02204196333008927,,0.02198084095309854,,0.022028944279369505,,,0.022101317989222102,,,,0.02201982066810601,0.021998305586729095,,,,0.02203498572581648,0.022041712003600986,,,0.022022915196203554,0.02201775368110893,0.021980823127951167,0.022018433404849026,,,0.021962318977676806,0.022017969282779454,0.02206671414136644,0.021937284443086895,0.022022462204180922,0.021987394446943746,0.02207357195331761,0.022051284817505235,,0.022045829903948076,0.022058072251036315,,,,,,,0.021980748103553674,,,,,0.02200379608897701,0.02201049200709252,0.022045407564387446,,7.653772047518207e-05,7.660710780919203e-05,0.034194032171246995,0.021683037624059494,0.021719306093606044,0.02168957867022094,,,,,0.06737087775495812,,0.06742975691224272,0.06762021711429123,,0.06767572156012538,,,,,,,,,0.06756378483359612,0.06764984771755378,0.06739311878423246,,0.06741695780752062,,0.06767135802449382,0.06745947449404054,,,,,0.06733929969833298,0.06741047217076933,0.06764056766985199,,0.06762339032116797,0.06752405995159816,,0.06748978839150337,0.06743801495684654,,0.06761631578102517,,0.06740305016662891,0.06760742620756297,0.04406518501556516,0.044119418047401514,0.04419431726769089,0.0442209654917813,0.043990227499421115,,0.04415773594226143,,0.04427279624094741,,0.04407543915201521,0.0441445282820126,,0.0441599525377294,0.04418500913114345,0.044100749586521194,,,,,0.044203618266328175,,0.0441561231189985,0.04406474051082539,0.04404636529171879,0.044077099054498296,,0.04407945498732064,,,,,,0.06763089194853421,,0.06732421242552163,0.06749631188293555,0.0675488582238812,0.06757445492469608,0.06775578779774234,,,0.06757361252776616,0.04401266640644434,0.04415201139757909,0.044045120061311165,,,,,0.04393172277771306,0.04379350197603636,0.044047736380789765,0.04402275731183992,,,,0.04403341712316741,,,,0.06736099388199804,,,,,,,0.0673951527836975,,,0.06753601507073662,,,0.06742382276261967,0.06756251260542774,0.0674562476067042,0.06758832929493322,,,0.06767103393868734,,0.06765644657694965,,0.06728063322164927,0.06754970816413139,0.06758298432849776,0.06752675262354178,,,0.044063949716292586,0.043960248197217666,,,0.04399275062842271,,0.04402778924269742,0.04419293295587845,,0.044043668579281964,0.044002089706004985,,,0.04411227636506036,0.04407707481451948,,,,,0.04405860989509543,,,,,,0.04416106140796707,0.04415579238861964,0.044038166678061375,0.08066705069969951,0.08068143082623079,,,,,0.0804357721540759,,0.08059155784095817,0.07913942032388468,,0.07895887715144372,,,0.07896230852327721,0.021891042156278476,,0.02181140927592801,,,,0.0212061216596273,0.021268680461440637,,0.020637917328680838,,0.020663021205239804,0.022150647172261353,0.022103519550558035,0.022157282197742264,0.022951633374913717,,0.022919776588042222,0.023119982012802496,,,0.023366919186561724,0.023341681251974073,0.0233618963473282,,,,,0.023384237804832606,,,0.02341584121277979,0.023374397635238194,0.023444503981941804,0.023373125806150974,0.023440279606277425,,,0.023428969151729245,0.023452035395442113,,0.023443847585735318,,,,0.0234107793838343,,,0.023403159509208325,0.023893508376306022,0.0238238339865539,,0.02386055753274865,,0.02372203825826374,,0.02396980093559758,,,,,,,,0.023936921714095036,,,,0.023844205987614806,0.023942930115654987,,0.0239700390011029,0.023773989811727757,0.023853079623277595,,,,,,0.023911696929916192,,0.023900130108946767,,,0.02383590622966456,,,0.023793808856586753,0.02387422596158625,0.0239109966849301,0.023895163133399414,0.023919652577750992,,0.02385514107953862,0.023851520428868213,0.02381878042318701,0.023931568712897453,0.023842533534491145,0.023820486176859935,,,0.023833128368489245,,0.023809370412313083,0.02390434954136938,,,0.023910129987887434,,,,,,,,0.023846772679369452,,0.02388094693138965,,0.023925582925329213,,,0.02384974144824744,,0.023852521284657327,,,,,,,,,0.12331482590109502,,0.1235656919564489,0.12336955041379705,,,0.1234953042328512,,0.1235950975524734,,,,0.12367184854885083,,,,,0.12352374622154144,,,0.12347115853839154,,0.12352610103592469,0.12372918740829555,0.12374562191867111,0.12374617309145496,,,,0.12390995978131636,0.12390954742965547,0.12366245178265085,0.12386698637061813,0.12297440753793111,0.1231002700392925,0.12393613282610895,,0.12340933493719215,,,0.12298625513923847,,0.1236015485863046,0.12368107892492111,,0.12347349594989918,,0.1237587703360216,,0.12355823171823621,0.12354157255736535,0.12383902733476385,,,,,0.12409015546161714,,,,0.12311536934447821,,0.1235458067029928,,0.12347552864712762,0.12324153442966318,,0.12352429912359274,0.12363198291347631,,0.12364046530191604,0.12350678810383198,0.12380390404173199,0.12396533324360585,,,0.12366648067847477,0.12388111165119355,0.12350156363984144,0.12380308434445483,,0.12395117096421322,0.12354110150863129,0.12397109984977615,,,,,,0.1235221702214896,,,0.12352892370624058,0.12333824881932402,,0.12374355944930378,,,0.12394165855478251,,,0.12368084056332564,0.12335481399553698,0.12335328442011971,,0.12362918164227726,0.12345885034606927,0.1235478952789276,,,,,0.12359110355616731,,,0.12350259012693728,,0.12338827694953627,0.12386192911354568,,0.12344689762612777,,0.022132090158926195,0.02208573601710284,,,,,,,0.44181468507408556,,0.4423195970583989,0.023717455426491636,,0.49835832509938705,0.49820964192340556,0.49906218832026406,0.499591933879144,0.4984168625336089,,0.49876886169899765,,0.49887842235180474,,,0.4984452189048386,,0.49850121725414404,,,0.4984234997273477,,0.49796027778771756,0.4990693199205328,0.49972816752006416,,0.4974118353604453,,0.49868853481824194,,0.4989799887479292,0.4988655123503959,,0.49950233692148827,,0.4989230657009969,,0.4990663174599865,0.4991562626158497,,0.49821775306602484,,0.49825668574339044,,,,,,,,0.4988419988951978,,,,0.49885974683160916,,,,0.49808000184691925,0.499327268970422,,0.49994182430773093,,,,0.49887172209200153,,,0.4970600301318991,,0.4998157264553139,,,,,0.4988063736254016,0.49849442504600866,0.49921801611174726,,,,,,0.49982257660525603,,,0.49921572097285527,0.49828954114308543,0.4979735745392022,0.49818337388155604,,,0.49902539129069734,,0.4985298110079715,,,0.4980263726170081,,,0.49702610975284084,0.4980640140228038,,,,,0.5003486086869473,0.4982932083898736,0.49846863431052013,0.4993996702432892,0.4983560964232243,0.4993876834693563,0.499285070501644,,,0.49948777997026444,,0.4995378840380785,0.4976839670332238,0.4998888794646904,,0.4978469292440907,,,0.49988560750931005,0.4987487304627408,,,,,,0.49934962990816995,,,0.4987411967392763,,,0.4987681021351406,0.4987320123857356,0.49771214683678067,,0.49864128788895434,0.5003726842868116,0.4984471535159191,0.4982848164508453,,0.49925998221835677,0.49843367927529336,0.4991614533010032,,,,,,0.49906956314054135,,,0.49954215391473555,0.49813940998954404,,0.49835718537542645,,,,,0.4998745716313303,0.49900464379513315,0.49806097360884355,,0.49865467486775517,,0.38484990527396984,,0.3852471569989749,0.4434452950010723,,0.44269751938478447,,,0.5012146782165064,,,
8,24,DG_48pct,96,Z08_F10,8,3PH,255471,255418,True,5060.843251920014,5180.5210533107165,5217.398905168589,5726.816319524978,5777.351748138427,52.39199024335179,5764.51606065745,7.989380723852809,7.150927745767959,3.946303730687612,3.6238410224165514,1.2103955304582927,0.017619270712795298,39.603270862764056,127.03058981716835,22.84597690528671,1.9156273093525011,0.7992236813168515,1.0013313819578902,1.175685188106809,,0.6842768317854816,0.6842823601793301,,0.6862993788154755,0.6868468439561743,0.5979865170153902,,0.48734158991985016,,,,0.489624443317905,0.49124517297920256,,0.4901845473483474,0.4902625572751553,0.4906925171034456,0.49149145995452637,0.49043740680104053,,0.48728198378358956,,0.48569582765481684,0.48666081601300154,0.48663510694217355,,0.4793359731833338,,0.48761224976171186,0.48714544439264856,0.4861144586971671,0.4872500408012022,0.4872071033639905,,0.44690240978446755,0.4243106543885281,0.4228534444465032,,,,,,0.41170081290886273,,0.41298646656617105,0.41306796715315897,,0.4125322876022154,,0.4124114080610342,,0.4132604176564533,,,0.4127982369804998,,,0.4050334820103132,,0.40470849170216494,0.3936496853944491,,,,0.39437735849116007,0.39372630855421836,,0.39341862391029453,,0.39428315131866565,0.3947041010628942,,,0.3937009116854064,,,0.3925761505549091,0.39291873402483046,0.39406651854079716,0.3951027997416573,,,0.39397731788939894,0.39444977534161263,0.35050022520338137,0.3521785499574756,0.3512069229572267,0.003106681968486914,,,0.0030657848430863926,,,,,,0.003119650849003462,,,0.0031160413972344102,,0.003120042962125737,,0.003113173689426495,0.0031135291564524385,0.0031283353474608885,,,0.0031186340344946896,0.003118597402009561,0.0031211579856405746,0.003116513551076455,0.003116927395045984,0.003120634709252923,,0.003106061152909889,0.0031155406244654945,0.003110334458330523,0.0031066794171594084,,0.0031182250598734687,,,,,,,,,,,0.003120308198233627,0.0031071180142699744,,,0.0031119889412741897,0.003114643361619123,0.003122558041994637,0.003113221254200244,0.0031252772452274556,0.0031174746005758007,0.0031120388107572492,,,0.003113207415620891,,0.0031158051933923257,,0.0031207014636163936,0.003123699066228636,0.0031187336934269715,,,0.003120357371279713,,,,0.0031116882540524375,0.00311266920506877,,0.0031205733720280635,,0.003114884304888556,0.003115937566710256,0.00311079744740951,0.0031128915579188197,0.0031212850286162722,0.0031120208143473483,,0.0031203695271433355,0.00311045000156772,,0.0031194885721112313,,0.0031187974209476283,0.0031119516997216248,,,,0.003118155472854327,,0.0031106784653458,,,0.003108639546630872,,,0.003115478981109479,0.0031098097670198845,,0.003125874396169938,,,,0.0031214124382346682,0.0031177965506723284,0.0031137941101908044,0.0031270546599739156,0.003117726015983665,0.003113386139634081,,,,,,0.0031250194758718616,,,0.0031159679375811684,,0.0031071687298679118,0.003121911226374202,,0.003114363982644533,0.0031087850270968445,,,0.0031203889443202426,,0.0031175249352090734,,,0.003111216004153036,0.003116215560528785,0.0031147802140970766,,0.0031184097197123764,,0.0031134611036529023,0.0031118125303086406,,0.003115675895773634,0.0031125086642141307,0.0031163163018104833,,7.717880353324466e-05,,7.713918892476707e-05,0.016732403762409587,0.0030616115773816287,0.0030675755434822734,0.003070227430401937,0.00306894120309349,0.003080238713540845,0.0030593944225934706,,0.05151297985801356,0.05149748661531975,0.0514654354758306,,0.0513732143463795,0.051497082898118156,0.05137621350053115,0.05138485971211852,,0.05144169339478137,,,0.05133004351672492,,0.05142846925386196,,0.05133823682186791,0.0513612385484061,,,,,0.051322063541451766,,,,,0.05144821594049067,0.051201687194743405,,,0.05144223842813846,0.05151288350227984,0.0513904678681375,,,,,0.05140830472984381,,0.027205635796627634,,,,0.027187075887610428,,,0.02718992450756204,0.027256619086635105,,,0.027200818422884906,,,0.027176426983680932,0.027134384596976917,,0.027224703730913163,0.027119260336579135,,0.027215097819764913,0.027089167000643812,,0.02720307512264343,,0.027162885029745846,,0.02713680871215089,0.027109529697925936,,,,,,0.051455825906454755,0.05144873806154097,0.05146992053657913,,0.05133632074553095,0.051259784424879024,0.051412907018867485,,,,0.027194668542899158,0.027130239347281652,,0.02715976420775192,0.02714181312565616,0.027120961128582987,,0.027106426865988187,0.027041130565389756,,,,0.027177012910911773,,,,,,0.05131968710672826,,,0.051528780794109615,0.05124095161156293,0.051402547802904826,0.05155821641148928,,,,0.05140189167104928,0.051383698882298594,,0.0514984477841328,,0.051368619058472724,0.05146255118496917,0.05125581537496327,0.05144486815662511,,,0.05145129320465791,,,0.05131737414028152,,,0.02710239816737833,0.027133144047463174,0.027133443541333402,0.02714743780947062,,,,0.02711202101338101,0.027125316856693924,,,,,,0.027111896047156372,,,,0.02715377252375172,,,,0.02710516570240477,0.027123115176458056,,0.027179726905074787,0.027207572428533333,,,,,0.06462161539422318,,,0.06471204885574915,0.06463640771239838,0.06459048541593346,,,0.06342786149583646,,0.06352343797671672,0.06348917668818327,0.06342246940584705,,,,,0.003072445695094544,,,,,0.0029230344329089428,,0.0029247664577722746,0.003137571208758363,,,0.00323479390774037,0.0032284281025852,,0.0032692999712388674,0.003269757506788039,0.0032648162186825662,,,,,0.0033062199666027783,0.003299518460261634,0.003303289153894531,,0.0033300986006503594,,,,0.0033149814793470523,0.003316847712758196,0.003311101241589131,,0.003311126946606903,0.003303429916044125,0.0033109523398386436,,0.0033002758408455595,0.0033117904270202727,,,0.0033099634253379454,0.003314614593634868,0.0033117982934358354,0.0033060973129148434,,0.0033675920873536018,0.0033707265256715645,0.0033717977218235464,,0.003343016421218807,,0.0033858575212547437,0.003378047588185653,,,,,,0.0033840350255872355,0.0033867807713104385,0.0033882381443239673,0.003397395997108509,,0.0033841113714902344,0.0033824371810399446,,0.0033713560075721498,,0.0033738144026770464,0.0033831479824884096,,0.0033751010546668268,0.003382827791983896,,,0.0033722461376313917,0.0033736166155178752,,0.0033785897248172336,,,,,0.0033799383268830626,,0.0033687767349890453,,,0.003374385316890138,0.003368499148041557,0.00336676462620818,,0.0033744282070867593,,0.0033758212320215437,0.0033820552138837364,0.003375886418060256,0.0033698883592363053,,,,,,0.003372677293993237,0.0033775098366823015,,,,0.0033716072595509437,,0.0033634237097461598,,,,,,,0.003378741268904457,0.0033695451351083406,,0.003364991313284617,,0.10879135572656574,0.10872671797112321,0.10878699935799836,0.10887208449605734,,0.10822216835469665,0.10845001569589478,0.10901689587671845,,0.10840531579408971,,,0.108815083305429,,0.10924393134666514,0.1091683439543599,0.10885046242578605,0.10925478543334037,0.10882293447264631,,0.10884050280874698,0.10874238798332203,0.10888793860783201,0.10896980432932898,0.1088399029274459,,0.10878800516934271,,,,,,,0.10893740792505016,0.1087955348165501,0.10882853534590385,0.1091085027536198,,,0.10856903743959787,,,,,,,,,0.10866115544162655,0.10855182874941703,0.10871045203521641,,,0.10866821281846055,0.1086480779052833,,0.10886134415064688,,0.10905111831004172,0.10896688624197247,0.10865081590225209,0.10889224453933093,0.10883592944111509,,,,0.10851678459796214,,0.10922294700671982,0.10883621064661829,0.10863368094560678,0.10863699814374111,,0.10860241229111996,0.10855159645554245,0.1086900095577891,0.1089597263689032,,,,0.10923582029622242,0.10889634576229547,0.10907059555977629,0.108839799732273,0.10912217830047084,,,,,0.10890371661108239,,,,0.10922276309185462,0.10886441616589947,0.10915051400154221,,0.10854222096974345,,0.1087180071431547,0.10898950380457587,0.10889468989330285,,,0.1086838280231332,0.10908441755166219,0.10867127441816689,,,0.10908532619290266,0.1089431544572123,,,0.10831830612642283,0.10864515526434605,,0.10902873163545618,,0.10927761456558553,0.10882484395503776,0.10863190364071132,0.10898979135464851,,,,,0.10906547145366896,0.10879201987727241,0.0031398605415402453,,,0.0031210636403170905,0.0031166701489880287,,,0.514857503105365,,0.4317548255822313,0.4322461659878153,0.0033472106961118906,,,0.4891494926168557,0.48902893560818406,0.4894867229988976,0.48709068303141684,0.48987085610205167,,,,0.4890731474410518,0.4896494702216614,,0.4875968671413506,0.48948127961616755,,0.4885055229887968,0.4882950193655368,0.48949774085411274,,0.4906556056725627,0.4883887336036536,,,0.4887237583378188,0.4879196614023641,0.4885647430677001,0.4882828889315236,,,0.4888644471036659,0.4901145996000922,,,0.48875487015121866,,0.48902341772677577,,,,,,0.48908216201753796,,0.4882965026667121,0.48797989708081146,,0.488542385822852,0.48834100274509656,,0.488332387294121,,0.4887839158434806,,0.48893241186469877,,0.4900805447236074,0.4869634186477973,0.48866675707484325,,,,,,0.4895117037719745,,0.4883368024368114,,0.48996100558222333,,,,0.4884889827289809,,,,,,,0.4892612234903292,,,0.49055999507938514,0.4882672448825614,0.48875132217222134,0.48949928489862626,0.4892037100012272,0.48871356205525757,,,,,0.4891280342132807,,0.490004445189441,0.4898123327742196,,,,,0.49005314889727436,,,,,,,,,0.4885420918731356,,0.48918989420703607,,,0.4894786568763676,0.48913093832427,,0.48926979008173926,,0.49060950345997345,0.4893758896806609,0.48835163057396885,0.48793004748211927,0.4877671921315451,,0.4890882278627038,,,0.48949977125152294,,0.4891721350387848,0.488635570606993,,0.4878981846310111,,,0.48947050851419077,0.48953500911226017,0.4884958776277362,,0.48890564046037716,0.48807129864845983,0.4895952837555981,0.48894834017009264,0.4877341850828985,,0.4878540206048778,,,,0.4892515614396133,,0.4881469106380673,0.48987777051699544,,0.49042444606592733,0.4899341513979597,0.4891963536347062,,,0.4881569078399679,0.48938261793120186,0.48770258849947035,,,,,0.48946933556232275,0.37346782657901023,,0.3744189047470272,0.4330393751667103,0.4330815307976359,,,0.4901457162879416,,0.4909509687477205,,
8,24,DG_48pct,96,Z08_F11,8,3PH,255471,255418,True,5097.7628227573,5163.343092267341,5249.514531627674,5740.256141656912,5749.082337091596,52.215822475364725,5793.044043675065,7.976843776906258,7.152026434256094,3.936006831517501,3.642902096716375,1.206800853671443,0.01768635973794067,39.74731169147207,127.3750056138867,22.738136532716453,1.9182980474445903,0.8000161003770301,1.000877897450126,1.1735596218583781,0.6806794440328215,0.6834779811381536,0.6843040996433889,0.688593381824917,0.6859979276288319,,,,0.4872052136496723,0.4860698435851654,0.4850223999563379,,0.49208255064853956,0.4918780409633787,0.4902967182594862,0.4899915818850624,,,0.49074188309296546,,0.48836100415865635,,0.4873417763094933,0.48636251201093444,,0.4863286517045066,0.48032991167226147,,,0.48707347771871085,,,,0.48766323351461,,,,,,,0.4114493809299291,,0.41352713043795775,,,0.4127715027333156,0.4122348308773129,0.41107978371545106,0.41240462853013515,,,,0.41254778307053797,,,0.4120748412056602,,0.4041778527747238,,,0.4038985819404991,0.3933671814150553,,0.3935563255900788,,,,0.39394968099804634,0.39294144903895095,,0.39366134288436144,,0.39319221985190167,,,,0.39494618475984444,0.3934865742609817,0.393808109663702,,0.3939408177843295,,,0.3940891754000225,,0.3505696650205309,0.35113393857009184,,0.0031038441210982843,,,0.003067917990398332,0.0030793091421484277,,0.0030821981865404796,0.0031115155190750356,,0.0031150290512590726,0.003127936700510851,,0.0031215687628145107,,0.003114730687011547,0.003119883021797184,0.003111177607685266,0.0031162405037269193,0.003114473077223134,,,0.0031287591873670998,,,0.0031172479756690265,0.003125289009611446,0.0031160697261550735,,,,0.0031117215969747574,0.0031231715894880544,,,,,0.003120140352136061,,,,0.003114174620852517,,,0.0031176395774368333,,0.00311397207264894,0.003123670479438104,0.0031131769393316945,,,,,,0.003105852487815798,,0.003116753394838981,0.0031146752022323068,0.0031196553891475777,0.003117318296673376,,,,,,0.003111828463486946,0.0031213767841160346,,,,0.003118623564394207,0.0031173564719175393,,,0.003106960685479079,,,,0.0031275049848148335,,0.003105557133723976,0.0031116221486831167,0.003118342599886587,0.003113866796010888,,0.0031190900992134666,,0.0031182151784350594,,,,,,,0.003118886987241106,0.0031100151324473684,0.0031116339514582992,,0.003113836665295641,,0.0031098689357506497,0.0031104612996092347,,,,,,0.003116159754333466,,,,0.0031159961848751653,,0.0031211794700026474,,0.003115264168755631,0.003110394815180145,,0.003107649659717197,0.0031211878241062803,0.003110217447191204,,0.003111202063082882,0.003102008523084134,0.0031225348361706815,0.003108194205248844,,,0.0030984824509880213,0.003112122951444992,,,0.0031178053717511476,,0.003112076849992318,0.0031125914486060165,0.0031043227874383438,,0.0031186550190327126,,0.0031120632258708355,,,0.003111284160125266,0.0031210232900061286,0.0031095323906332796,0.0031159406187021583,,,7.719713599356388e-05,7.710353844006177e-05,,,0.0030611446861851374,,0.0030716069542654823,,0.0030689245121287615,,,0.051572799234455464,,0.051456789627883213,,0.051497949439171506,0.05149608247391792,0.05142055097128437,0.05138247698367425,,,,,0.05136599229225335,0.05139903056640148,,,0.051403948693771954,0.05145209840434557,0.05136017780196466,,0.051402072159236145,0.05143943284711333,,0.0513031305789482,0.0514864418140253,0.05125613029060124,,,,0.051420264199909485,,0.05135468905259838,,0.05134424183064063,,0.0512345439383275,,0.05140862899233555,,0.0514343203516455,,,0.027116624765612333,0.027125040397717994,0.02722487349756898,0.02712606257574495,,0.027140230358006254,,,0.02715906817254474,0.027158404914268252,0.027201988096367122,0.027196822509593366,,,,0.027160845635344936,0.027105126229502733,,,,,0.027190163781127475,0.027222444575380787,,,0.0271116251809615,,0.027163848486150638,,0.02717921890463763,,0.05123531267924762,0.05151048873604978,0.051460332210964174,,0.05140799330362244,,,,,,,,,0.02709508753244888,,,,,0.027102204469853015,0.027114517993785846,0.027062359167194357,0.027185158950950843,0.027071072134490802,,0.027153688217767133,,0.051201646619483634,0.05149254173628237,,0.05137126228658781,0.05134622933289362,0.05140418249055151,0.05124187876498845,0.05135501554767469,0.051477607127063306,0.05153024788996506,,,,0.05152250506204634,,,0.05125223648636006,,0.051443119975884195,0.05146793048275848,0.051550850748392385,,0.05139870703150915,,,0.05131946122469703,,,,,,,0.02708520818330376,0.02710894350575345,0.02716871572341949,,0.027155269277151995,0.027119354351692385,,,,0.027179291795084725,0.027212475328463225,,0.02714184032638394,0.027129074292988827,0.027131139244415643,0.027151136815726593,0.027212625622087837,,0.027156654558808876,,,,0.027159206000666913,0.027190547436675705,,,,0.06470892059941337,,0.0647802614182251,0.06469290132822766,,0.06451002585139419,,,,0.06353626576659231,0.06326344054838381,,0.06327480093823541,,,,0.0030817043786719365,,,0.003079974636308283,0.003073885948083196,,0.002992190892422232,,0.00292521045147679,0.0029140958508748296,0.0029272457800754615,0.003147369788912756,0.003144610644984144,,,0.003229521197742402,0.0032374436795390847,0.003276021053102371,,0.0032699219585397804,0.0032980486189017402,0.0033186808875206126,0.0033063435561540132,0.0033058929540946067,,0.0032986471208876844,,0.0032996554801884522,,0.003334655492461219,,,,,,0.003316183479141465,,,0.0033057053686584514,0.0033058719754012994,0.003317220617498857,0.0033176123625488123,0.00331381738543246,0.0033049391344545705,,0.0033130969707853633,0.003306714931696873,,,0.0033667118799269387,,0.0033796798491556603,,0.0033356385660242506,0.0033975892411817576,,0.0033894849019105045,0.0033846852626402885,0.0033911986499692358,,0.003390838980755129,0.0033801680172405035,0.003399966966688474,0.0033891418717266813,,0.003389253746676826,,0.003378077527601545,,,,0.0033672122263715756,0.003380039142203773,,,,,,,,0.003379437002188318,,0.003385218973820137,0.003373072094663435,,,0.003373999616394382,,,,0.0033695354588101226,0.003378050188952569,,,0.003375854134302396,,0.003371119975294526,,0.00337565626691531,0.0033776128944863312,,,0.0033746709609456544,,0.0033754615140473127,,,0.0033649049287237105,0.0033730863902985157,0.0033631237686608216,0.003381616705783818,,,0.0033763971709546976,,,,0.0033680968217843347,0.003368436223032571,,0.003366736511637252,0.003361083620510674,0.0033740793669941645,0.0033685651064777997,,0.003374512481912546,,,,,,0.10858592242580932,,0.10884922960846326,0.10876413468675605,0.1092253811226636,0.1090400988758737,,,0.10888250368730802,,0.1091292170038814,,,,,0.1088054320753645,,,0.1088924817767035,,,0.1085780742676192,0.10866007082777196,,0.10901751613916152,,,,,,,,0.10886512924069708,,,0.10918377555350987,,,,0.10833850212202395,,,,0.10880871581771688,0.10840065631312616,,0.10891137094933577,,,0.10867990038304873,0.10885983528294052,0.10871427758126867,0.10900379895809821,0.10902161993586272,,0.108985408979292,0.10892867253075465,,0.10900290419241532,0.10910503662086807,,0.10855382455665964,,,,0.10898845498737778,,0.10871419993570869,0.10929034305997933,0.10887122570095963,,,0.10887575246764054,,0.1088196879817714,,,0.10871242300810631,0.10884094395625828,0.10900632845927101,0.10875558936402793,0.10894361831732513,0.10904253506044753,0.10884300962230359,0.10907532823399997,,,,,0.10882493466241326,0.10898364274623872,0.10883279905225195,0.10885006618278276,,,0.10873079342356083,0.10897612659769303,0.10881620100053886,0.10856015965672816,,0.10895157188517818,0.10879846133775578,0.10890506151110621,,,,0.1088862086673895,0.10875594583921304,0.10896565489373024,,0.1089039575993266,,,,0.10893063824180577,0.10882512322759313,0.10890300512846272,,0.10896444012565146,,0.1086824589103389,,,,,,0.003125642163299426,0.0031310596059676795,0.0031320135721456584,,,,,,0.0033611216194821126,0.48922822059462423,0.4885933524400993,0.48776202081085424,,,0.4897662516156663,,,,,0.48991173857347237,0.4894780333817581,0.4891016301423753,,0.48924836814797223,,,0.4895268460665768,0.48896074997385025,,,,0.48728347303422664,,0.4895849981054583,0.48836663711521244,0.4916748801088604,,,0.4884372137233981,0.488871944141454,,0.48987677892674986,,0.4885222328097583,,0.48825587934360754,,,,0.4894553136488086,,0.4890843895302703,,0.48910960783939916,,,,0.488325369167903,,0.489164003289992,,0.48954691101199466,,0.48895117752715506,,0.4881784276404075,,,0.48894800604625077,,,,,0.48781152677913725,,,,,,0.4883563734625577,0.4881813124389592,0.4907282910872269,0.488038002413448,,0.48872105186805925,,0.48812130496936595,,,0.4881453835864123,,0.4896443764690406,,,,,0.4876920559756936,0.48852042280969776,,0.4898043678313809,,,0.4877210529139722,,,0.4881298969393206,,,0.48928235861472635,0.4891708766288446,,0.48941159926986305,,0.48867027714551725,,0.48794369090068535,,0.4890941900309043,,,0.4895408862389367,0.4908216102161753,,0.4875246802426564,0.4883228566647059,0.4904322820935493,,,,0.4876595234914949,,0.4880172912465336,0.48953124997244735,0.49025704516346413,0.48956531950923765,0.4890446750447065,0.48901699447815655,,0.4879312581056768,0.48799984751722225,,,0.4890991978982033,0.48722552232071936,0.4885428509177566,,0.4889691428527222,,,,0.48860871646164566,,,0.4893662606053312,0.48799357590916104,,0.4888595722834197,0.49047613680842894,0.4891516944225612,0.4887347547967949,,0.4885862260489532,,0.48746980410694946,0.48813501875398135,0.4907289931561467,0.4891023343618236,,0.4885066132457353,,0.4888680636685114,,0.4894420748538368,0.4883871106787064,0.4893788025012881,0.4883001331949408,0.48982642909538354,,0.3731210836928452,,0.43261002669074383,0.4313093208956931,,0.4916282783757755,0.4914759054409331,0.49051751301612856,0.4896416624433209,0.49051733544950493,0.49166370588458475
8,24,DG_48pct,96,Z08_F12,8,3PH,255471,255418,True,5057.019482649467,5175.941620790952,5268.910323005655,5731.04783217094,5753.934650698274,52.211247318279284,5789.714373240906,7.9179637446222735,7.149033560289299,3.9342241386283425,3.623565976438056,1.2068445152376763,0.017658803750394206,39.447322993036316,126.96573221546278,22.89858156793337,1.9211130823017855,0.8069417412280775,1.0010350462206958,1.1747798164576526,,,,0.6881451068362838,0.687521925610432,,0.5979701733313196,0.4861675835759011,,0.4870810746779865,,0.49003393488170915,,,,,0.49161059477044167,0.4917261119076304,0.49038213498424144,0.4899499307656173,,,0.48841312920303087,,0.48733215948059816,0.48582823480305704,0.48098723588889086,,,,0.4891487804710443,0.48694366455811877,,0.48777845936776376,0.4874144306654637,,0.4223303907454885,0.42478866553154204,,,0.4107757712601413,0.41044590499662675,,0.4116154549929069,,0.411677472093625,0.4131819431629967,,,,,,0.4127570313147085,,0.413475905298606,,,0.4049294339810371,0.40496497031481216,,,,0.39364626486182247,0.39429060841647556,,,,,,,0.3925986075059553,,,,,0.3928824219099676,0.3938942681826183,,0.39375829210431623,0.394111812367654,0.3928147139842656,0.392525759355228,0.3947640976236693,0.3939959467724568,,0.35052399233625775,0.35215345134455767,0.3509021295175048,0.00309170662922869,,,,,,,0.0031181971381490877,0.0031229603478703546,0.0031092214626116743,,,,,,0.0031121846605153872,,0.00311417236222229,0.0031190535958042316,0.0031088076833397475,,,0.0031128117935161877,0.0031205510869351323,,,0.0031051587256044418,,0.003107710003950373,0.0031094349943934165,,,0.0031133082781667123,,,,,,0.00311889793796077,,0.0031148441233838347,,0.0031183146935595783,,0.003115541951399814,0.0031138711478774306,,0.0031141143394176653,0.0031120325799820652,0.0031098863056182196,0.003117569775798483,,0.0031245795849107415,0.003120884381439871,,0.0031173636842654205,0.00311723813367503,,0.003104124983162043,0.0031224357786345455,0.003116982270208588,0.003119086712649452,0.0031135843019850845,0.0031135995862351645,0.003126943457078464,0.0031190685308726193,0.0031230448439246742,,0.003120722272694466,,,,0.003111975501443251,,0.003118120504648499,0.0031186809419273317,0.0031237504322349963,,0.0031104800879721032,,,0.003112312201702709,0.003110997805583213,0.0031089077053241317,,0.0031138708500869157,0.003116891890057402,0.003113616562425201,0.0031106593890975398,,0.0031191501504028163,0.0031154363912540227,0.003118432625221532,,0.0031140371888468787,0.0031135560606920984,,0.0031169378161143998,0.0031099898873758465,,0.0031215717260458134,0.003113982331446014,0.0031181728072196017,0.003118976026008435,,,,0.0031183099057674737,,,0.0031140244777920264,0.003118761861866112,0.003113249661176278,,0.0031184837171604318,,0.0031135868699517203,,,,,0.0031154707203289987,0.003103153593079541,,,0.003113431108883,,0.0031111289598143963,0.003113525755157266,0.0031088472598255557,0.0031158411649331473,,,,0.003108092960593473,,,0.0031172548225425717,,,,,,0.0031085658501396997,,0.003108701431020155,0.0031132731674130185,0.003108249508367418,,,,0.016767223979569236,0.0030660263310354962,0.0030739803580716314,,,0.003070744050072204,0.0030651454062775767,0.0030622128223958805,0.05147055618896102,,,0.051389022764111565,0.051482898736659156,,,,0.05152894174233398,,0.05131087567792891,0.05151014295584427,0.05143390137726203,,,0.05138620495961763,0.05152685498533651,0.05145449979319985,0.05136099566056127,0.05135703192168471,0.05141340811406537,,,,0.051409698525504664,,,,,0.05140612720991612,0.05154975544986976,,0.05145014274846538,,,0.05132806039638375,0.051384199336836314,,,,,0.027115548393866425,,,,0.02713950941427918,,,,,,,,,0.027235083633634808,0.02718607771387997,,0.027264567545399115,0.02726632074402467,0.02719513266640292,,,0.027109541888735846,0.02712682393219916,0.027166215130090515,,,0.027178556215581344,,0.027157989945774848,0.027195265069507306,0.027204021419770207,0.05129333683915446,0.05135015826880334,0.05130759209706268,0.051374031192003566,,,,0.0513401278944041,,0.051295894180903565,0.051519140676990455,0.027123662963346725,,,0.027164565410378257,,0.02715201459750839,0.02722383497076771,0.02710217060770729,,,0.027092994015557516,0.02706611137951735,,,0.02719211574116049,,0.05137495982613126,,0.05124040640866212,0.051328307501404755,0.051248631483427065,0.051213817760195346,,0.051323877589113526,,0.05132562647298223,,,0.05144399821267757,0.0514020771151536,,0.051290206026178925,,,0.051258054541699696,,0.051389025410787895,,,,0.05160472995149277,0.05138626058182963,,,,,0.027151077567270355,0.027125469966128288,0.027203697526011,,0.0271570604864473,,0.027120863573931085,0.027210811670587046,0.027082334885668084,0.02720143619898089,0.027148394370514632,0.027105654718771386,0.027184257545137844,,,,,0.02709973126465922,,0.027182971048091257,0.027245779478782386,0.027059159173670088,,0.027171917765047692,,,0.027171329730661675,,0.02721350906768408,0.06483844167686412,,0.06460158290040464,,,0.06461063633277603,0.06467390888290249,0.06473503597983356,,,0.06327787294570048,,0.06357643723482417,0.06347851039209396,0.06355282141552165,,0.003093060121597357,0.0030858539801903073,0.003071501239685268,,,,,,0.0029210988643437225,,,,0.0031368594415121967,,0.0032495685623429786,,0.003241636279496122,0.0032715333036828324,,,,,,,0.0033031927838118717,0.0033094742590686374,,0.003300908019582431,,,,,0.0032985731753272,0.0033228669115802217,0.0033108112042424544,,,0.0033153709200891644,,0.0033071085534589952,,,,0.0032991213822068026,,,,,0.003378358016439004,0.0033683058590576,0.003371080662739742,0.003366922978822211,,0.0033457272119918106,,,,0.003386490531820681,,0.0033864180418339664,,,0.0033932645828124515,0.0033860670136098272,0.0033864558604608905,,,,,0.0033700842782958596,,0.0033643275964672184,0.0033736011714363178,0.0033754827264565897,0.003369502054682317,0.003370206167043036,,,,0.00337271152257845,0.0033746029063665643,0.003374640736822826,0.0033606214166369912,0.003381205654761619,,0.0033804972148162742,,,,0.003380755044894172,0.0033631592838385487,0.0033706876687512543,0.0033701866052596647,,,0.0033698200877041755,0.0033716785164989473,,,0.003372801772919521,,,0.0033682374256493934,,,0.0033767590261437426,,,0.0033676643596634356,,,,,,,,,,0.003370807409897551,,,0.0033805938043481756,0.0033617865621381592,,0.003369416587250742,,0.10885065938454681,0.10877313332114974,0.1090613033012864,0.10885223341660949,,,,,,,,0.10878581254803778,,,,0.1087435287167201,,,0.10895029864692445,0.10895281501189051,,0.1088112340521431,,0.10875811216406898,,,0.10892137512703003,,,,0.1086111175815112,0.10880685238622026,0.10883072573528092,,0.10926774917361731,0.10888112442510241,0.10920656152547284,0.10855767580758162,,,,0.10852812625368574,,0.10857765910455501,,,0.10858534023387509,,0.10875064577668889,,0.10887295220906279,,,,0.10890000966125982,,,,0.10903128696676742,0.10906187072950915,,0.10880836130011165,0.10926683534362419,0.10893211672248229,,0.10737775133653853,0.10850017701118957,,0.10867925574427208,,0.10885765234890589,,0.10882372864876623,0.10877026622638927,0.10879939570558826,0.10892436077464251,0.10876744803577626,,,0.10875415564516636,0.10919987505180541,0.10889557572665248,,,0.10887983206806635,,0.10877956910213005,0.10917631111711722,,,,0.10895317669939227,,,0.10894528626519118,,,0.10907886318276318,,0.10905901263673164,,,,0.10879227509391902,0.10891857799729172,,,0.10915442210175941,0.10890627651461052,,,,0.10900469449255909,,0.10874436583334322,0.10907922827339941,,0.10877136068652864,0.10892629448171748,0.10878410694485754,0.10894879662165963,0.1086546240875658,,0.10889904256143397,0.10891369261497252,,,0.10889848386367945,,0.0031238141682912537,0.0031352720031852105,,0.003127351272422134,,0.433919743079096,,,0.4301078077774553,,,0.4889708848842875,,,,,,0.48900456121669994,,0.4892199518756054,0.48727099724967216,,0.48834043526533,,0.4892198273170272,0.4902499162174067,0.48888712018263747,,0.48740693067377694,,0.4888821356733829,0.4876536929259662,,,0.49003635404683815,0.48908815305797526,0.48738308294083504,0.48937207563012286,0.4888796964099376,,0.4886061295831841,0.48861580129585985,0.4889425720154777,,,0.4889211637205297,0.4886586587678153,0.48916521921547007,,,0.4884476710752492,,,0.48984740988394343,0.4900400729281969,0.4893224201178367,0.4892038921031339,0.4879469159996254,0.49039319724036234,0.4876523536984498,,0.48897208351896204,,,,,,,0.48990998461930935,,0.4875182350464406,,0.48825915738901626,0.4880971826095315,,,0.4897468691422398,0.48827221313061214,,,,,0.48950408117677774,,0.4885909767320421,,0.4891046684170932,,0.4883334340051926,0.48908596238251234,0.48857690053221275,,,0.4885927015997199,0.4876359260749339,0.4886474368435686,,,,,,,,0.4883561022692742,,0.4876727522721364,0.48725552756220614,,0.4871260530378896,0.48842457035750675,,0.48683486951649313,0.488628054079708,0.4902448727275006,0.4884335019024741,,,0.48770093836605105,0.48832586526069255,0.4876702110725163,0.4881121022522678,0.48802660227004846,,,0.48872410753295115,0.48908086825709335,,0.4872925669235529,0.487763421965197,,,0.48824931030909796,0.4884767448890766,0.4880192600737227,,,0.4896609325304074,0.48738442842722335,,0.4898078845580844,0.4887619466091041,,0.488231474496042,0.48867468834495204,,0.48817430937373996,0.4888331388170658,0.4894404638551379,,0.48959266710858657,,,0.49089280571714683,0.48851640813783026,0.49074259251119223,,,0.488827015459217,0.48816909001873127,0.4882875870039534,,,0.48982795314776045,,0.4894139498038975,,,,,0.4876426277330681,0.488623149926182,,,0.4886626073004284,0.48990192424385093,0.48851154890335846,,,,0.37289348077846507,,0.37207432015329067,0.432310314319761,,0.4318719600682511,,0.49121995129952467,,0.4911861042570105,,0.4909449167977744
8,24,DG_48pct,96,Z09_F01,9,SLG_B,175070,181996,True,6624.836200984222,6493.6766441817335,6411.982531525746,5633.430618510621,5526.041131204057,603.7653478014419,66.35721150947467,4976.619489196408,2581.146614554391,1266.6451977347087,1154.7499547057103,364.65221277959523,4.417462834204979,57.5302422879783,187.6138840581332,261.7598017926848,506.71558514855144,208.78226054697618,307.49163031535466,467.6970991675005,0.6552295890826091,,,0.8152285866609285,0.7370630942872584,0.6591629720390899,0.6715801743440878,,0.44413804074944,0.4449383351858759,,,,,0.5887652907571346,0.5869443303859316,,0.49080821534912683,0.48829284618632424,,,,,0.443013795824258,,0.4426807296111949,0.4408279652319142,,0.441463130892132,0.4435917184988081,,0.44349893189991835,0.4441523009117988,0.4441294358836548,0.4445887705853025,,0.40654650646690377,0.4079755006904404,,0.3897279780538319,0.3894166582488982,0.3902756731640097,0.3896592991278934,0.3900013075953957,,,,,0.3904268743525287,0.3900775844975209,,0.3894222245356035,,0.39005107660067656,,0.38906558347390174,0.3894084024673433,0.7494551530264866,0.7504693474223473,0.5265968459869591,,,,0.7477680771503727,0.7457949119515145,0.7469941462029299,,0.7496669515861799,,,,,0.7481867052531764,,0.7492641475510178,,,0.747122409250249,0.7515435370291188,0.747162951268723,0.7481469173261742,0.7490128113376066,0.7503057516794193,0.7475485977357946,0.747769384468922,0.32645793244398075,,0.32607471194768395,,,0.31505477183672786,,0.3162651099137259,0.315585490682991,0.31622457656823627,0.7786872365784316,,,0.77890713823414,,,,0.7807208838121574,0.7787831887133487,0.780553332016289,,0.7803625396980589,,,,,0.778919248390041,,,0.7774291135873057,,0.7774297515480645,0.7788957878628321,0.7791250500388982,0.7786715575923457,,,,,0.7762375094326753,,0.7806735484937499,,0.7772716322347144,,,0.7791780242922416,,0.7783606324024748,,0.7776821168223814,,0.7782205691967751,0.6263525750532665,0.6263318496560308,,,0.6272566393768297,,0.6252642309263138,0.6248677020441121,0.6254420238642514,,,,0.6241887899621653,0.624581050700971,0.6265654590787852,,,,0.6237630952354545,,0.6270578057375346,0.6262816378188368,,,,0.6260459678490797,0.625973339227255,0.6246839596359844,,,0.6253276679761983,,0.622403374872745,,,0.6247578795694819,,0.6252365118850703,0.624534272811569,,,0.6238529021064395,0.625104581931198,,0.6245078509006978,0.2215557729670853,,0.2218818955498945,0.22199497813101,,,0.22191492966239945,,,0.222018559577465,0.22194178461365519,0.22226333683472055,,0.2218180031944778,,0.22209312612743862,0.22251850601870293,0.22185587985211552,,,0.22243033997158804,0.2216414359299028,0.22195413337025133,,,,0.2215837388855016,,0.22128405358814643,,,0.2220313671509136,,,0.22207968110346757,0.22203346420754505,,0.22247414156751338,,0.22166070948993774,0.22173678446031753,,,0.2229402415772577,0.22240115945822042,,0.22191288256546712,0.22157863874284334,0.2221844576742236,,,,,,,0.30880152399066024,,,0.31412635833750757,0.3144555483758787,0.31383968279749824,,,,0.7877366800398451,,0.7879118815439067,,,0.7880238432951725,0.7898269232464142,0.7898813438049466,0.7901627854691229,,,0.7892242200021146,,,0.7878207110903372,0.7856048065890873,0.788237704566433,0.7898002785949518,0.7921519086428136,0.790516800678831,,,0.7893481515975884,0.7894401360159786,0.7905173937014109,0.7861730319850742,,,0.7885593926327837,,,0.7875442974522041,0.7875173737141751,0.7890596408217059,0.7897554046178094,0.7887411024434311,0.7878365305438605,0.790764850322623,0.7887270184292006,0.7868532658511074,0.7877722806343234,0.7851724549381875,,0.7870990024645549,0.7849120957756194,,0.783928590456674,,0.7869717879376884,,0.7890872017436725,,0.7869471259423011,0.7859476783306275,0.7882974646621312,,,,0.7861791740470797,,,,0.7867756067307186,0.7858049641583033,0.7871367735287627,0.7877150236647751,0.7835189725503435,,,,,0.7848613876927215,,0.6084892989294963,0.6057040493507894,,,0.6081869691576637,0.6082204109302453,,0.608002866041333,0.6067703437944406,,,0.6081303397412031,,,,0.6066192043784475,0.6085154132902406,,,,0.6067413177680847,,,,0.6068132133658001,0.6072475516314567,,,,,0.6065025531938849,0.6065895383974474,,,0.6053223633307518,0.608782461332017,0.6076468292604138,0.609475948597916,0.608648104778175,0.6064130378230606,0.6064015120457295,0.6071978721280564,,0.6059576837042884,,,0.6058390601837204,0.6068331705620634,0.6054633436652801,,,0.6062053404203258,0.6077007212753373,0.6077774151608569,,,0.6075477468224374,0.6066245018882063,0.6080388449807431,,0.6083014202784303,0.6067333932545207,,,,0.6063844650495985,0.6082384118194741,0.6063150462607046,0.6049427151517557,0.6079323127895795,0.6080233953894189,,,0.6074508239963909,,,,0.6092588798226717,0.6073186717351614,0.609073253600818,,0.6092054048759692,,,,0.3085936554303301,,0.30816835142895993,0.30929227876247073,,0.7913286766588632,0.792698273431065,0.7921236096725959,0.7921064973925809,,0.3259948544824364,,,,0.325647360943015,,,0.6133525375736418,0.314408280319304,,0.31525692635940006,0.31116902752259584,,,,,0.3062752021203705,,0.02162531280219303,,0.7856836149743193,,,,,,,,,,,0.7832170619955086,,0.6937942920388227,0.07795529949105526,0.07807343765388577,0.3772789853089105,0.3768674547439347,,,0.377430570491185,0.3769709306763027,,0.37671703179342875,0.37726054533246467,0.37703303798998694,0.376427323495419,0.37730151198795825,,,,0.3771162235333567,,0.3776499073851677,,,,0.7165417528739964,0.7159914680335454,,0.793800952167326,0.7932726220323609,,,,,0.09168113115360887,0.09156365746731691,,,0.7214076502849194,,,,,0.38399950942600897,0.3842497392477424,,0.3844015044662395,,,0.3839393129109747,,0.3847481750834994,0.3836026595422666,0.38303114481372547,,,,0.38397132257537403,,,0.3846334304606041,,,0.38421940222570317,,,,0.3845616879311989,0.3829003315440041,0.3848604261467549,,0.3830229080901444,0.3829532926268881,,,0.3836859998279025,0.3838883278152211,,,0.3843163002033763,0.38438900334657494,0.3841966770833744,,,0.38285736296998407,,0.3838377224527186,0.3827772607158936,,,,,,0.3850459248901065,0.3829764131496714,0.383785328283892,,,0.38442470901645803,,0.33841199490186663,,0.3382003367578912,,0.33859221298491743,0.3379776666905006,,,0.3387600568330668,,,0.33788724036514795,,0.7937874993763054,0.7953568551372288,,,0.7934307070517977,,,0.7936320310863656,0.7961767066244072,0.7955359758023286,0.7942054298241303,0.7937082418965252,0.7919428672242073,,,,0.7941569680965399,,0.33890277485421577,0.33974230248265347,,0.33993475289915487,0.33860719226948927,,,,,,,0.6039034777421991,0.6062465946845224,0.6046716002324873,0.6040618122657607,0.6028582580074457,0.6049889612431022,,0.6038247696931398,,0.60513914704471,,,0.7944654148676362,,,,,,0.7953203637380305,0.7945489121263727,,,,,,0.7918796809018602,0.6049853887396669,,,,,,0.6039108282031524,,,0.33760812875397767,,0.3389025407502627,,0.33796951647995593,,0.3385846039300284,0.3382147863691321,,,0.3391619501446106,,0.3395207856309844,,0.3392098097704363,,0.33866229782257473,0.3378726145722242,0.3388837800407291,0.3377139327615834,0.3383645561933034,,0.33964776057763546,,0.3392137127121661,0.6065201394660373,0.607380801091635,0.6048876023118587,0.6062328611003421,,,,0.6069430180795751,0.6066638044710665,,0.6043871340479906,,,,0.6060317933909898,0.6049270221903043,,,,0.6074419286324815,0.6035454200029804,,0.6065326613259059,,0.606576327814078,,,,0.3565765621844661,,,,,,,0.40938995532630956,,0.7877874964920358,,,0.44380992142175024,,,,0.4427256394959832,0.44362183908926633,,,0.4439574391113979,0.4437050317511379,,0.4437884535575803,,0.4456310316178288,0.44340101177973035,,0.4439128930927605,,,,,,,,0.4435229195573271,0.444429478281548,,0.44465788888424546,,0.4432835860909916,0.4456033693938039,,0.44383060437441213,0.4437720127263687,0.4433975520619126,0.444625572827297,0.44306174658103614,0.4444281201166701,0.4449377033018326,0.44448271367686315,,,,,0.44252443202258607,,,,0.44452287657554007,,,,0.44520796104922106,0.4435909303564659,0.4446449827307237,0.44397010571042544,0.4434637166447138,,,0.44608548514248314,0.4446134158769303,,0.4435342213803529,,0.4436695704529406,,,,0.44532648840236566,0.4433074632157884,,0.4455367554979624,0.4449878324254468,0.4431982023930671,0.442939396310824,0.44396330612782914,,,0.4440798097099829,0.4434702429747977,0.44352403368818766,,,0.4429566858500754,,0.4443161717808624,,,0.4436677299130441,,0.4437084226041118,0.44362393515889187,,,0.4445111594365246,,0.44316017113481254,,,,,0.4442125958521815,0.4441295929962475,,,,0.4450328053440121,,,0.44409128550231397,0.44313942096951037,0.44352013802659396,,0.44455454895150937,,,0.44494321419161725,,,,,0.44430130010319224,,0.44356720794548493,,0.4436154556991812,0.4432520032153754,0.44455574624709554,,0.4444195905071223,,,0.44496798148867034,0.4444167737434622,,0.4436899664335723,0.44449914892591796,,,,,,0.44298462063080535,0.44342014976170857,0.44387535471108913,,0.4429952982312863,,,0.44364456669982405,0.4435462275166654,0.443244873083403,0.44383405764885275,,,0.44523241733706703,,0.44393130013507914,0.4440303046899331,,,0.44339000312591703,,,,,0.3517706848283099,0.35230407591318036,,0.7585921025499177,,,,,,0.5874157791980177,0.4897345463996618,0.4886568465868619
8,24,DG_48pct,96,Z09_F02,9,SLG_B,175069,181998,True,6609.9340744320425,6486.142355634608,6426.048430463669,5564.142632903415,5492.931705379522,600.6400717011355,65.87888619690091,4916.28649669002,2558.807899240324,1259.4560166013782,1152.8348494457505,361.56007954637533,4.445151480876583,56.803714551769,187.65266815612708,259.0791370850096,505.20340176185897,207.20398316760864,306.039792709669,462.3471666434323,,0.6571758632288502,,,0.7383756368769621,,,,0.4493378273191695,,,0.756363775934178,0.7530357247158759,,0.5914531650981956,0.5905107819779051,0.5910159522102443,,0.4918110856110461,,0.44910346576492066,0.4490511303549706,0.44904949461736327,,,0.4475263412001213,,,,,,0.4489460299922444,0.4475165074476904,0.4472838165823948,,0.7617118739290889,,,0.41176176891838284,,,0.3943454949713084,0.39485170070576503,,,,0.39497589408685946,,,0.39616465798924916,,,0.3948562608738367,,0.3957009789181859,,,0.748684810497141,0.7514132988730039,,0.47891142770726286,,0.7504419912645448,,,,0.749397730919763,,,0.7484860714272417,0.7490748083575652,,0.749030136530365,,,,,,0.7506729983515376,0.749393593427162,,0.7504124130325818,,,0.7481717665572563,0.33251148898622984,0.33305419783414186,,,,0.31576793407317544,,0.31795196615944965,,0.31585906873607655,0.7816598081042846,0.7841603555878037,,,0.784825563984029,0.7835401355125777,,0.7838100791828819,,,,0.7829387698928083,,,0.7817427205646384,,0.784412794357049,,0.7816901425381535,0.7832944076748544,,,,0.782145760896629,0.7834366325808003,0.7809288515774468,0.7830356898023311,,,,,,0.7833146402782692,0.7826885156629119,0.7826812142214024,,0.781293582902861,,,0.7822173331999888,0.7794867550295778,,0.7821488581269577,0.6222595956939183,0.6247518236710696,0.6246193017786974,,,0.6247036650999997,,0.6246997166864287,0.6250089926648601,0.6232982138447665,,0.6241435861035244,,,,,0.6227296277232468,,,0.6249512161452692,,,,0.6234675657977901,0.6233827411621208,,,,0.6234225062078542,,,0.6227476463585562,0.6235410581840914,0.6249556971224484,,,,,0.6237619347171285,,,,0.6235861485963441,0.6221778271043795,,0.23274588724234857,,,,,,,0.23305872792510623,0.23269673166828142,0.23269957589506068,,0.23295261533754494,,0.2336649021501208,0.23308675746495666,0.23290231278075899,,0.23301032079371511,0.2327398024130623,0.2341366805938574,0.23299086935463453,0.23236975240950164,0.23194146229722457,0.23252465271564582,0.23197647157551077,,,,,,0.23272240564852206,0.23209514134840464,0.23205763342679558,0.23281705766322414,0.23252057395558837,,,,0.23364824430518213,0.2326297298292795,,,,,0.23270356790364405,,,0.2331400625149158,,0.23318916313645913,0.2327504500972146,0.23342607497379037,,,0.3111883716401784,0.3102420383421972,,0.780303212848612,0.31437789989062054,0.3136240029679744,0.31352839539845256,,,,0.79274450426099,0.7918815592280984,0.7906154707184939,,0.7935696821263948,0.7907397388803363,0.7922642057997347,,,,0.7916207505467869,0.7919062318168236,0.7902036651880738,0.792406030953663,0.7920661025430794,,,,0.7911488655176392,,0.788808810894622,,,0.7906084318299739,,,0.7900140339737832,0.7915121751390094,0.7903803447366251,0.7907010167929202,,,,0.7895514527133165,,,,,0.7890030669329685,,0.7868289366210055,0.7877226266845463,,0.7889924578534401,,0.7889844288615778,0.7885817537366231,0.7906845680644521,0.7889408419613778,0.7889412976801474,0.7923094704129058,,,,,,,0.7880409843560279,,,0.7911353784091013,0.7902751655405003,,,,0.790042439792552,0.7912629828753157,0.7907451236197862,0.7889234336774651,,0.7886584178005073,,0.6066611419960637,,,0.6057943749573456,,,,0.6063229295597794,0.6070700507908614,0.6067375494146147,,0.6068762867186415,0.606176474984633,0.6060242457918497,,0.606312922276586,0.6075548366059988,,0.60778756950302,,0.6080449635975506,,0.6074701888268337,0.6050600235796424,0.6051407449457049,,,,0.6050319280942272,,0.6066146756328246,,,0.6070177649733541,0.6061397697170289,0.6072325374321653,0.6061418371947962,,0.6070113760878094,0.6075662796000153,,0.6057899687971853,0.6069559412583106,0.6067856608842433,,,0.607012030071929,0.6054271656876365,0.6065259145501604,,,,0.6063648046844087,,,0.6071947477181597,0.6066144569928554,,,,,,,,0.6070065517891851,,,0.6060651801643336,,,,0.6067139607509973,,,,,0.6081618910453532,0.6068281312842156,0.6067477575862473,,0.6077066306715625,,,0.6059232914288167,0.6064053611959522,,0.31784480210512656,,,0.31739916251037353,,0.7971827914697461,0.7950271726592757,0.7970005496278733,0.7961308081726948,0.32858013737894687,0.32809274847862197,0.328259378996954,0.3294675599151206,,,0.7834450686635853,0.2015189572552392,,,0.3145950008263785,,,,0.3101921786166747,,,,,,0.6267190000186349,0.7879259200899277,,,,0.0765399541730466,,,0.08492517174823791,0.08502829137237004,0.08491287266873175,,,0.08488786761734207,0.6905151770843613,0.09152371733129067,0.09185261377767968,0.37271567807070477,,0.37214979450526214,,0.3727475124760152,0.3722051170976955,,0.3717574407944345,,0.37284988815003683,,,0.37205194834372146,0.37275667209971564,0.373240233406175,,,0.3722408926843544,0.7126791075673714,0.7150971339776254,,,0.7124971197246802,0.7052089129636928,,0.7946317144394179,,,0.10517545595142594,0.1052029790883318,,0.10559834298528156,0.7188405219743698,0.7190256848022096,0.7175630675137046,,,0.3802391398340589,,0.3795663641502699,0.3804403889939704,,,,,,0.37933555086625104,,0.3788626065019816,,,0.37902615664356476,0.3793758038470624,0.37912802475985957,0.3803854792561296,0.3794340925209475,0.3802750546062406,,,,0.3779421759401917,0.37939666593132537,0.3787203267461424,,,0.37903727723452474,,,,,,0.37884388072839026,,0.3789745058908365,0.37944213235240104,,0.3791873876407283,0.38030212618389997,,0.37860554108892547,0.3783095090761001,0.37915028430697645,0.3786677046722027,0.37930542163056585,0.37891599362278205,,0.3791267248739217,,0.3799631872068667,,0.3783951882666385,0.37820603142890846,,0.37876160958847593,0.37901942907341724,,,,,0.3479737672644133,,0.3472833064617138,0.3481593015337316,,0.3481534838103738,0.3465305992014241,0.3471896460379961,,,0.7952222992258832,0.7954588190759645,0.7989275995616748,,,0.7983485203849977,,,0.7961234965879904,,,,,0.7943229117892444,,0.7977480145574695,,,,0.34867072322733716,0.3474750804194,0.34898716597457574,0.3478115072548273,0.3483688161021509,0.3487927166797422,,,,0.6050968245286877,,,,0.6031359945306788,,0.6043393273828483,0.6021574535665264,0.6028212649597556,0.603938531048936,,,,,,,0.7953534821499022,0.7962799887834091,0.7964310290184156,0.7957621513718778,0.793185345204361,,,0.7976314218590793,0.7822766186285929,,0.7931850549336508,0.606308525282329,,0.6053552835466887,0.6061612899748197,,,,,,0.3464275795607117,,0.34750058324221117,0.3476720395554257,,,0.3478848721146922,0.34802692241147837,,,,0.3471211167423595,0.34757658481965326,,,0.3477723423875179,,,,0.3482078680735672,0.3491086019320229,0.34793664491075027,0.34782123538000503,,,,0.6047126829957676,0.6077205966363101,,,0.6042466044796463,,,0.6061100719697005,0.6061753539569179,0.6031808362049552,0.6027754884152199,,0.6030986151941033,0.6051073291985549,,,0.6047034058036564,,0.6059120777141896,0.6061492506212448,0.6057908724408838,,0.6049997219292735,0.6038263957565662,0.6041088438535959,0.35236106051973215,0.35254150082381025,,0.35223476731585807,,0.35175787897326294,0.55666228092478,,,0.41523206264889373,,0.7908028761173358,0.448107253476722,,0.44733486333962486,,,,0.44836723539204393,0.4498003739270927,0.44748402973141616,0.447754434562922,0.45054360538716226,0.44858104062141446,0.4497060575881419,,0.44910197286872616,0.44790471375678576,,0.4486329742453585,0.44860940036672214,,0.4483666908185339,0.44976083890696333,,0.44876797197399065,,0.4476312553920035,0.4481687365277841,0.4492945803174849,,,0.44939553910576635,0.4482255242623589,,0.44962850048346614,0.44893982984053077,,,,,,0.44888519181791675,,,,,,0.44815606504520883,,0.44918892888896356,,,,0.44839700504077823,,0.4486369045427152,0.448560384465725,0.44830077759944453,0.44844485525565114,,,0.4494911828096601,0.44871726164973197,,,,0.4477164426574748,,,0.4477404581728503,,,0.44924394884287366,,,,,,,,0.4489386487001208,0.44799051995654454,0.4484888857879755,,0.4485986428594361,,,,,0.4488425635823188,0.44961138967662134,,0.44769730012620673,0.448893541866438,0.449334013015499,0.44905568760041265,0.4492057370476047,0.44824382370705074,,,0.44871197812760505,0.44899812740528927,0.4488728543276924,0.4484223560203265,,,,0.44950502227100503,,,0.4479387231609078,0.44720438268349655,0.45011261653721213,0.44798288825114335,0.44963653131530956,,0.4486258256496052,0.4489560002569306,0.449330730675002,,0.4484010854739664,,0.4483225487319101,,0.4471150296324077,0.45049887155285945,0.44894918617562574,,,,0.4499950534979065,,0.4498035867447306,,0.4487507219182931,,0.44764768421846196,0.4480336930676092,0.44734602398596096,0.44632954506373046,0.4482666189442868,,0.44960980827904956,,0.44757973760980574,0.44868074412727593,0.4495643076294833,,,0.44967977501421574,0.44945496000886853,0.44850879855531595,0.4479879608564605,,0.4505979349985196,0.4478009419468458,,0.4490536313374497,,0.44896748828193744,0.4487292852357482,,0.4491624288745135,,0.448252420053104,,,0.4494963629215535,0.4501050077442608,0.35893514091183026,0.3570775158461508,0.3580860806712727,0.7588698231518717,,0.4922436302187536,0.7522461263357545,0.7555359050175084,,0.5903952535798463,,0.49036907637790833
8,24,DG_48pct,96,Z09_F03,9,SLG_B,175070,181996,True,6623.468937012476,6469.745751879459,6403.404029009569,5588.327956943793,5504.524321901587,606.5009158894615,66.25305915121642,4992.390906958406,2570.5235465234987,1269.9912048761892,1161.619811636036,362.37928719237914,4.41434784760177,57.12887934650835,188.1035395950319,262.6057973487432,506.29735473306783,208.19598438364767,308.4756457033286,465.1082820008197,0.6561331010995753,,,,,,,,0.4442872690508274,0.4433507955918549,0.5788333453673971,,0.7543272119859833,0.7537587160765383,0.5878753102937253,,,0.48842649809332084,0.488719102719363,0.48915577113214603,,,0.44500650947318215,0.4439911364405572,0.44222383796149933,,0.44125356782712893,,,0.44462420691859855,,0.44544799174488436,0.44439786201422465,0.44336166953396666,,,0.4085028633896904,0.40745523378201426,,0.38958692712289805,,0.38884363584583537,,,,,,0.39042409585976334,0.3895679802877468,0.389735614296232,0.3888671649419,,0.3913458276969849,,0.3886994266381063,,,0.7485238041953792,0.749889754596725,0.5275549601538524,0.4737555634275143,,,,,,0.7491282823178954,0.7480736549217921,0.7473802965890037,0.7504268100160733,,0.7511235396823415,0.7488491516877192,0.7485358899666748,0.747752849970794,0.7483444598859107,,0.7459612916390526,0.7465489633077605,0.7483894801823497,,,,,0.7493000082658162,0.32572266031883795,0.3262790432111046,0.3268970700636397,0.22154200149693976,0.314715824365878,,,0.3167542898631827,0.3170079492567725,0.3166829085720727,,0.7786025388246623,0.7805972382295853,0.7797055812027402,,,,,0.7785292439907874,0.7787455413077254,0.7797635783559385,0.7777762837438261,,0.7797845720961954,,0.7789873555295406,,0.7803767598794833,,0.7782927676397544,,,0.7795446574714069,,0.7792954306976116,,0.7787214004990268,0.778830903403773,0.7812430268929398,0.7790086677261938,,,,0.7793309418402995,,0.7800164889555279,,0.7771662696522683,0.7762461678215676,,,,0.7776751300698057,,,,,,0.6267045026381429,0.6271669373278138,,,0.6271851992991507,,0.6261000486867112,,,0.6257134563081629,0.6245246958241425,0.6252244202601253,0.6272832010999163,,0.6254378498684204,0.62607177742462,0.6251021409447975,,0.6248317321631263,0.6248779336274035,0.6245287586753219,0.6249974582431469,,,,,0.6256798408181116,0.6250747760997615,0.6252179759988749,,0.6245406157369863,0.6256186753913942,0.6243414310628972,,,0.623337981347343,,0.6237584478222508,,,,0.22190983596398361,0.2213102837610801,,0.22157481733260767,,0.22151784357037785,,,,0.2222218221656012,0.22256138940868994,,0.22215097808560508,0.22190332962993678,,0.22271204141210985,,,0.2223653780900207,,,0.2218449893708402,0.22173111510585342,0.22157121537716232,0.22165160361173747,0.22133561771274504,,0.2217590874222307,0.22139908828188756,,0.2214390504872507,0.22231397945864664,,,,,0.2225442713274336,0.22245570185697428,0.22207873555660773,,,0.22168514077231016,0.2219354022878983,,,0.2221429947339846,0.22171538207561425,,,0.2217625196850781,0.22234297603504918,,,,,0.7831376103314753,,,0.3139237384955828,0.314507004116841,,,0.3142448075849824,,0.7901090649426907,,0.7890689930140414,0.7906373359476992,0.7902123861644157,,0.7886464775711195,,,,0.7899931355900288,,,0.7900309456257013,,,,,,0.7877318192349412,,0.7890565007922623,0.7865271771028344,0.7900384451403469,0.787732712086653,0.7861609984534469,0.788615453249637,0.7874778700334217,,,,0.7885694662341894,0.7895190829319213,,0.7881235435118741,,0.7890740058563882,,0.7865457146464596,,0.7861107460722554,0.784450933222974,,,,0.7881536120632682,0.7835342369638285,0.7874310026249569,0.7856352352897196,,0.7878544927796861,,,,,0.7873422742505719,,0.7860110184900538,0.7870013007938659,,0.7837810102563443,0.787130610936838,,,0.7866164014650642,,,0.7850663091101578,,0.7871372566315685,,,0.6080885232048319,0.6076228480806116,0.6051424924615285,,0.6091608554140977,,,0.6065011632488788,0.6088360654677472,0.6062373138994023,,,0.6084199212289865,,,0.606082821332981,0.6080716456532242,,,0.6094076913523766,0.6085836038369713,,0.605848643639194,0.6039649851745147,0.6075323754415657,,,0.6056852480719319,,,,0.6068321145302767,,,0.6077943139797068,0.6058907897280996,0.6056883868022115,0.6063138616089438,,,0.6080444335715566,,,0.6078139680369861,,0.6073593676631165,,,,,,,,0.6072183591360398,,0.60700653763314,,,0.6075971657447593,,0.6058417151053508,,,0.6074912092142254,0.6065649544169883,0.6080294053284444,0.606442633939358,0.6090400798843534,0.6063952895669762,,,,0.6059471225455323,,,0.6084149106755536,,,0.6096056843378209,,,0.6084232009205762,,0.6061523827341948,0.6066842089185714,,0.30900012491462137,,,,,,0.7896694353307259,,,,,,0.32550025856230164,,,,,,,,0.3109590735287708,,,,0.30704460829987035,,0.7870691591391564,,0.6272405501797087,,,0.6694575901387019,,0.06304886323728404,,0.07112378470433649,,,,,0.7864999881225648,,,,0.07789500688253403,0.37793501360253856,,0.37796302024006745,0.37796196524096975,0.3770295390901911,,0.37596844943025354,0.3770092791161701,0.37858818400068095,,,0.3779835339465959,0.378551558739396,0.3763526400963515,,0.37733171761930967,,,0.7163154794603459,,,0.715876412773359,0.718150739947749,,0.7937968316981644,,0.791514908608061,0.7945501460942206,0.09169232878687973,,,,0.7225642979906107,0.7209371491079952,,0.7255488486774752,,0.3851019991223627,,,,,,0.38438913468494396,0.38475901164564397,,0.38430589732361803,,0.3850497858300577,0.385011453959399,,0.38362366426227273,0.3840378257315999,0.3849262631168195,,,,0.3837566463040296,,,,0.383892097767928,0.38411928531866685,0.3850558249289634,,,,,0.38462127656390804,,0.38309367902364627,,,,0.3835271907229237,,0.38285009809190373,,,0.384690425627053,,0.3840789029144014,,0.38368822106227224,0.3850714797916219,0.38300024136997096,0.38237715420670176,,,0.384396037816141,0.3839230693895371,,,0.38498417221883297,0.3845637892991174,0.3841506260543162,,0.3374071373649347,,0.33708038616429503,,0.3387169534419114,0.3389269996209374,0.3378757319337479,,,0.3383236783630881,0.33786332994163165,,0.7948001419767573,0.7933789920926532,,0.7925798498959878,,0.7942125346105967,0.7945396125435621,0.7938431155715814,0.7936117906639634,0.7924464285050405,,,,0.7947781063647763,0.789052547150227,0.794417896257321,0.792475792656063,,,0.33888372125389876,0.33869631733567335,0.33916174133268717,,,0.33867691803384486,,0.6046029303201266,,0.605378183285314,,,,0.6059392261973691,,0.604713645631171,,,,,,,,,,0.7946285019282663,,,0.7937507981280312,0.7947604965963564,0.7945733698074422,,0.7944665754788651,,0.7907236490392826,0.7909982520566311,0.6059677175201086,,0.6040568804943224,,0.604224077903776,0.6051775839499814,,,,,,,,,,,,,0.3389405806211155,,,,,0.3387600464905021,,0.3390633650813554,0.338169524365705,0.3392684754481481,,,0.3383662123207621,,0.3382381855588614,0.3387561472834148,,,,0.6059543158800595,,,0.6053385760142258,,0.6054171266366556,,,0.6044070855794382,0.6053855299560416,0.6051282303268664,,,0.6066952336323781,0.6049566126034206,0.6063902770231177,0.6069316098197157,0.6049476984065651,,0.6064177770623771,,0.6058193102354132,,,0.357283248552459,,0.3573997403905243,,0.3576025547448942,0.5512029500370648,,0.4095385381394693,0.41028282883160705,,,,0.44369829869988364,0.44542206118921135,0.44425467878216574,0.44566812736623745,,0.44446261345827537,0.44394051313843247,,,,,0.4442389457547611,0.44425651192030496,,,,0.4454501548071734,0.44374100960568763,0.44503543261903483,0.4450044923275548,,,0.4445400341133309,0.44464488397174345,,,0.44494298744809424,0.4445800045367802,,,,0.44267859737010434,0.44416178947201296,,,,,0.445021860954797,,0.4436235513217464,,,,,,0.4451722446268881,0.44404128611373234,,0.4440460373886404,,,0.44488906746417084,0.44383098766205886,0.4440966150762364,0.4450313391925527,0.44444362409351884,0.4446599404572087,0.4435921347866487,0.44280773510109284,,,0.44390414388039473,,,0.4452168903101534,0.44408183636996756,0.4442592344619982,,,0.4446695684122908,0.44179722295984464,,,,0.4443937095978953,0.4458962900650079,0.4432989231635333,,,,,,0.44425361461162277,0.4444030238778473,0.4439372415232936,0.4430641337187508,,,,,,,0.44391912613290846,,,,,0.44431249809052137,,,,0.44342003376261,,0.44460202054725806,0.443323004377106,0.44444297113415365,0.44321358196251115,0.4446982649772871,0.4428757943849839,,,0.44452815395619877,0.443404545149424,,0.44468568834073163,,,0.444462169345916,,0.4440925229991856,0.44274273112235174,,0.44367137452570066,,,0.4429536865384125,,,0.44399543026722643,0.4433905560854518,,0.4432475437052208,,,0.44361953918174823,,,,0.4431802067072024,0.4436085708818387,,,,,,,0.4445221293346924,0.4441264556438936,,0.4443342009043727,0.44400297118437315,0.44302612546250353,,0.4435741677054144,0.4447831590904302,0.44368858285073315,0.44327711489304855,,,,,0.4444954076459458,0.44355123093820475,,,0.44501517819111946,0.44486773748994035,,0.35224429917060207,,,0.5507432925500145,0.4904974569160508,,,,0.5873988969580354,,0.489368205740574
8,24,DG_48pct,96,Z09_F04,9,SLG_B,175063,181995,True,6606.051156144196,6477.8722932310075,6427.641823248167,5618.468220948866,5559.66865323808,622.3021984612287,69.2244334806614,5168.301859682585,2499.744818044797,1240.4719573252742,1126.7128656369334,355.35800701172553,4.422794382064194,56.84759164455514,185.56864493247792,269.71689727517,525.8622680207314,217.99100556928013,326.5246676112516,448.3858530551857,,0.6527924962144521,,,,,0.6691352445370116,,0.43967568558520564,0.43907673121238505,0.5756713339441148,,0.7541453414904742,,,0.5838197201586681,0.5816924171009579,0.4877562806200157,0.4867026422727126,,,0.44084102339135217,,0.43827923402845415,0.4395767030792494,0.4388235456700717,,0.4373065519286755,0.4360959951384988,0.43937674905813584,0.4405485006061187,0.4394669564487665,0.43935219833563843,,0.43842014997874335,0.7617048293212296,0.4030839524659624,,,0.38479189131230834,,0.383135194049137,0.3848681883992033,0.38489054389662586,0.38548082002312845,,0.3861965064626014,,0.38540716221604976,,0.3853535348512781,0.3848688825760802,0.38546297706114935,,,,0.3852956950180109,0.7487140373515394,,0.5205314352767422,0.4748224535921024,,0.7492723917419978,,,0.7492407188296707,,0.7473118278664281,,0.7487919832506045,,0.7453074193643942,0.7493108786060031,0.7477410627036324,,,0.749941193834341,,0.7468785649115147,0.7485627395739823,0.746034874908872,,,0.746262260293591,,0.32091679880605545,,0.3214989932661118,,0.3171119719313826,0.3167168880498622,0.3162742213993419,,0.3187892655143174,0.31812799082354876,0.7795941405707711,,,0.7782091767966693,0.7759313597635258,0.7778847126963,0.7768462119738971,,,0.776081308224846,0.7803797365811671,0.7783505591646335,,,,,,0.7781311447141023,,,,0.7773488320543512,0.7797038231546254,0.7781245274379213,,,0.7778023831942521,0.7742585829507519,,,0.7764051448524053,0.7779797956288934,0.7746747224963278,0.7790538371303463,0.7766567713879919,0.7764174864925618,0.7763939662136726,0.7761770808276774,,0.7796201584865597,,0.778603567255754,0.7749729441296613,,,,0.6280148770950714,0.6268819314364474,,0.6257326995368252,,,,,,,,0.6264477129170994,,0.6271834882505344,0.6279618776130403,0.6270315070998821,0.6265447992990001,,,0.628312113132737,,,,,0.6252028253441917,0.6267063796045702,,,0.6264192054059277,0.6274910274676732,0.6272428486153543,,,0.6272774739417023,,,,0.6267302060920252,0.6254137142208436,0.6258143670577965,,0.6275628623029662,,0.2088128112144088,,0.20927626850221745,0.20912158586707738,0.20896454381274643,,0.20874262440415595,0.20969003775170775,,,,0.20973407201829003,,,0.2093967489359079,,0.2093309933879659,0.2090386440773357,,0.2092840160045253,,0.20926679207710275,0.20883677162415093,0.20902712786381006,,0.2082693675264861,,0.20855211030494503,0.20956738514918466,,0.2086487615929122,0.20997567433231712,,,,,,,0.2089329661761319,,0.20935620409549105,0.208844465592052,,,0.20953270243838804,,,,0.20925350845150595,0.2087296621247656,,,,0.3093875173047331,0.3099957337402885,,,,0.3164059111855995,,,0.31579139538073464,0.31530444739881347,,0.7891839607601757,,0.7895946522493938,,,,0.7887117589365057,0.7879564370196568,0.7868889535813344,0.7862015709736919,0.7893354027468639,,0.7889399152075138,,,,,,0.7880396041892129,0.7865158027173582,0.7883730602972866,0.7890408030545504,0.7874180724122674,0.7864235901492166,,0.7894961181931376,0.7847411528522797,,0.7853032156553966,,0.7884594414626862,0.7860722709957846,0.787367854662699,,,0.7844382204484173,0.7860815828132653,,0.787767738045149,,,0.7825526474563249,,,0.7834020138935645,,0.7839940738974823,,0.7844402519142947,,,0.7837500806816682,0.783907921659829,0.7860762764664695,,0.7861482878852963,,0.7844639661155605,,,0.785775162452784,0.7847682002361376,0.783257656706103,0.7834232079970278,,0.7850212771263283,,0.7841556702011246,,0.7848941776731724,0.7840351252334867,,0.6075731967692349,0.6077137330071667,0.6077475675377642,,0.6093514804117091,0.6085735404958927,0.6106484737957598,,0.6073343512858377,0.6082347216408623,,,0.6068013578768958,,0.6091356132412438,0.6086777994354257,,,,0.6105273275933975,,0.6065996498090075,,,0.6062710056773314,,0.6077144520427542,0.6072133046565422,0.6081223322374686,,,,0.606290768729134,0.6082739735221904,,0.6098956730540598,0.6106078643629286,0.6080193154057023,,0.6074402717616922,0.6085985200384786,,0.6085389681013703,,,0.6078757081088109,,0.6082640879461967,0.6072133647776892,0.6093840616363747,,,,0.606019625848239,0.6077865744247406,0.6083409704373406,0.6075083992668464,0.6087782130522149,,,0.6075976852705128,,,,0.6094811497870938,0.6101824376889001,,,,0.6073026549265456,0.6070665807683826,0.6081060501127677,0.6090971125799456,0.6076818974999475,,,0.6107190268478875,0.6076499818799065,,,,0.6072835285248885,,0.608378143850296,0.6102124481765921,,,,0.2972513538366145,,0.7887633699020683,0.7908833339548443,0.7883237729864456,0.7899393151550261,,,,0.3251966371045963,,,,0.1741354203819972,0.6146806492128477,,,0.31723193945122524,,,0.31306335455871015,,0.3092910806846309,0.30897372641427046,,,0.6306048959781447,0.7833875945391429,0.06363102018433191,,0.7831433842009013,0.07280159197272404,0.6814451026089478,,,0.08075873727682863,0.08073714833533491,,0.7882912871154618,,,0.08705452533277423,0.08693106189847184,0.37411892209910286,,0.3750470104253479,,0.37435357384002427,,0.3757092813375752,0.373912078750989,0.3747725396808706,,,,,0.375106558467796,0.3747183965380991,0.3743113285352242,,0.3732515439927369,,,0.7136699314769643,0.7155502542288412,,0.7080340139788167,,,,0.7936354307507603,,0.09983644881960242,0.09989790105855287,0.10011016351376362,,,0.7209470968612451,,0.3811617843556325,,0.3813435197884701,,,,0.380887969863369,0.3811509386920763,,0.3809385807664466,0.3816366764318657,,0.3816204717350001,,,0.38093306965369056,0.3809789507477096,0.3817127690194973,0.3810138255502989,0.3822160711029161,,0.381870731451456,,,0.3818463925296879,0.3813457004196846,,0.3811962215411305,,,0.38170487380492024,,0.380778369520247,0.3810079216765638,0.3815611219675069,0.38103248903107034,,,,0.3812387138971604,0.38051396876138815,0.3816616195701274,0.38125651015526474,0.38210256510282836,0.38167514286416765,,0.3824307755195011,,,,0.38195821996761564,0.381865214614092,0.38141359774799893,,,0.38097257426426373,0.38206706829151976,0.3809157689098285,,,0.32771064765513747,,0.32775350288696414,0.32808159704550477,0.3281445252478103,,,0.3283403021575041,,0.32803249115914535,0.3280997935282664,0.326656684304416,,0.7940377872357509,0.7934357243696645,0.7911100286969541,,,0.7929846123873577,,,,0.7917026553390827,,,,,,,0.7904716148649547,,,0.3285528109001934,,,,,,0.3296291142997889,0.6077655904961616,,0.6073732201405311,0.6057728887091522,,0.6050747397395487,0.6077468065550434,0.6032779831797024,0.6049503771739191,0.606170744972392,,0.6063322700625623,,,,,0.7894497269384418,,0.7930407762844189,0.7915392470604339,0.7898628606487749,,0.7930214937890098,,0.7902700382577136,,0.7791943914154416,,0.7896304943770093,0.6065844703505882,0.6075693211100791,,0.6056379936698584,0.6069421868224121,,0.6068899987653792,0.32794376537387726,0.32776162818289056,0.32816243539542966,,,,0.32998331685170335,,,0.32850827309990344,0.3282877710017392,,,,,,0.3278466578669732,0.3277870596118474,0.3281740745470336,0.32736022769658757,0.3290811492221424,,0.32829459291364793,,,0.32826816028029737,,,0.6077854637760637,0.6070603082585507,0.6056507092257735,,0.6057810225103768,,0.6070163533273399,,0.6079790842242653,,,0.608106840010472,0.605396365854082,,,,0.6074054706462503,,,,0.6082227389909162,0.6078219586320545,,0.6079409996023099,0.607489098796323,,0.3545125880344627,0.354888603972273,0.3542744806141205,0.35494618291249425,,0.5476704721361346,,,,0.40562839403683315,0.7898608774332315,,,0.4397198736909425,0.4400831370221899,,,0.4390764571541136,,,0.4392845912704183,,,0.4397636090335581,,,,,,0.4393003620619659,0.4395896573245377,,0.44026175064467077,0.4396338227012411,,0.44059247895427067,0.43801267734314403,0.43884033338042244,,0.4404707555711515,0.43862840746200216,0.44028161653120734,,,,0.43951472087642107,,,,,0.4391870991038241,,0.44105575694874394,,0.43879222910759963,,,0.4387090095156914,,0.44042224245739103,0.43958130060877804,,,,0.43934802062862566,0.43873430799830826,,0.4402731138731521,,,0.4386599010828079,,,,,0.4403774301785737,,0.43946332034466773,0.44038628153788184,0.44143714095982184,0.43914545531875065,,,0.4390635845378119,,0.43867348011881613,,0.43882672926523475,0.4386374760744493,0.4399212374627491,0.43867867916733805,,,0.4392735771440592,,,,,0.43936511346097856,0.43921136550055206,,0.4396137107678165,0.4398644210741521,,0.43947313190832793,0.4388700652872978,,,0.4389517488818835,0.44012481026248673,0.4403291135815333,,,0.4398889295981198,,0.4391743127619367,0.44020865661304887,0.43856032316200605,,,0.4407783848880539,0.43936703524325316,,,,0.43937840700948005,,0.43950787117200474,,0.43866799561700076,,,,,,,0.4382237833892396,,0.43852840928093045,0.44021233614035793,,0.43926624305774636,,,0.4397689682795605,0.4403573422221492,,0.44008608467214705,0.4390693661111159,,0.4392556458602559,,0.4399597974040737,,0.43935146291296484,0.438717119636805,0.43859679413526625,0.43979058256994286,0.43991022666352186,0.439431092703261,,0.4391513553758762,,,,0.4399676974605226,,0.43936724587563264,0.4394484326842752,,,,0.4387946478599412,0.43974904950796967,,,0.43916654613223377,0.4399359686112228,,0.3455461442152588,,,0.7571769318155934,0.5452753219793515,,,,0.5830282764133544,,,
8,24,DG_48pct,96,Z09_F05,9,LL_AB,175062,181994,True,4922.794447134334,4901.179834477494,4897.2059672872665,4916.721291137795,4926.577899622414,413.36880258841256,53.33595953931467,5594.801434090486,1513.1161795124312,641.9186675495891,587.1219030252824,173.21225144891628,1.9154233071794537,50.524672033786224,164.62547579068067,177.45616868499368,332.59755196642294,136.5590934374753,265.2683045638164,300.8891266709259,,0.7111484987706748,0.7098908186155541,,0.6927637814008994,0.7573509776376351,,0.5423316193386444,,0.5412236598853194,0.5017036277151977,,0.6260103218138551,,0.5070663297178293,,,0.6277496675852471,,0.6277087309556814,0.5437259741340169,0.5423714318402273,0.5428065095213841,0.5415936327304669,,,0.535428699859086,0.537296913840273,,0.5435100978718352,0.5451372784076415,,,0.542212491453606,0.5432711039697842,0.594712865592339,,,,,0.48333547672446225,0.48301061719694294,,0.4843864943148943,,,0.4838676116635595,,0.4851928178082785,,,,0.4832152574728257,0.4832966453869924,0.48619251154816795,0.48369968354391907,,0.5607035198511271,0.5611623578860054,0.4402197737905107,0.5888606663127617,0.5532875939345518,,,,,0.5504653655088869,0.5509090922393074,0.5522195073778753,,,0.5523305459046741,0.5521516297425171,0.5531920464706124,,0.5520957837324675,,0.5541978960994461,0.5522758880466454,0.5526932862795921,0.5515547523609616,0.5523864028509615,,,0.5528347286938718,0.42843960558675687,,,,0.11210367783471566,,,0.11260071099831184,0.11285862362098802,,0.2168905895663362,0.2165535103834127,,,,,0.21624410656700385,,,,0.21683266661613004,0.2165860211769443,0.21595222326928568,0.21627089424082901,,,,0.21659848325600706,0.21647153617358092,,0.21622587515891717,,,,0.21613996724304502,0.21620925237377667,,0.2160077747763486,,0.21648830320959306,,0.21687987521914973,,0.21613159460503983,0.21552648740414293,,0.21621613449482915,0.21637758384558142,,,,,0.21633373608618928,0.45293146924729466,0.4524363751447684,,,,,0.453079503096351,,0.452538554050928,,,0.45184894136257425,0.45225336498380614,,0.45210431984129207,0.45263594758441056,,0.45303364146977787,,0.4532753860937881,0.4532575105204544,0.4523261518154503,,,0.4519734174047614,0.45281084374822345,0.4515781692213904,,,0.4527562558740402,0.45100700375828523,,0.45322165512004836,,0.4517522076952873,0.4514881627498917,0.45155197122297114,,0.45228983974084164,,,0.4501707940142017,,0.4516367556732109,0.45103984874237113,,0.17374716593998074,,0.17325653308587013,0.1735738113078381,,,,,0.17354924346860354,,,,0.1736664741593856,,0.1734921196317164,0.1736239251448961,0.17369841803715796,,0.17330122036475115,0.17361092667373293,,,0.17372903086744765,,,,0.17316557041490874,0.17334635132482631,0.1734563932966293,0.17334270059460688,,0.17346501752445992,,,0.1733689671489702,0.17324650141890138,0.17369019944434724,,,,0.17335353131609066,0.17387991467668362,0.17325186655654007,0.1732619202859997,0.17349539086027488,0.1733365236820189,0.17378360874931253,0.1739864842906625,,,,,0.14984145806880217,,,0.25302830767898177,0.16324690378903728,0.09606737555385758,0.09556559428809146,0.09541021537479287,0.09578807542692579,,,0.28735550997114717,0.286026612725866,,0.2870750814730984,,,,0.28628502100113795,0.2864756212170083,,0.28618008994694927,0.2867223243353043,0.286785266330441,,,,,0.28724039302336346,0.28627941005442104,0.2869513288431512,,0.28648540313046156,0.28646244725987696,0.28708528081422924,0.28642288954957185,0.2866362607862835,,,0.28689924737208744,,,,0.2863114253196609,,0.28552526102564296,,,0.2868386672714643,0.28600824563604904,,,,0.2642530084210353,,0.2639873120404166,,0.26273271130323855,0.26295292906843454,0.2644866531256983,0.26466348544108476,,,0.2639263572014426,,0.2636067281855669,,,0.2638711999600573,,,0.2627233205446463,0.2637602011455766,,0.26339698765070513,0.26384120102073905,0.26320681291877535,0.2634378463656673,0.2629153706144282,0.2637911823395243,,0.26332025367242173,,,,,0.49539794427314354,,0.49452679095519153,,0.4948496712296851,,0.4970021844504295,,,0.4882623376735085,,0.48904077894671366,0.48871584562769943,,0.48838400856980074,,,,,,0.4888211826935478,,0.48921910464792506,0.494928323403105,0.49447219261372377,0.495719759241566,,0.49474711191528925,0.4953831609753899,,0.49464251978385637,0.4946805533799632,0.49445210055992217,0.4948496384560468,,,0.4945316211163429,,,,0.4956030486790412,0.49660848735494434,,0.4955304140736801,,,,0.49375048927673215,,0.4954602529394107,0.49485158232380655,,,,0.4888148059209919,,0.4878021525330632,0.48924471535274866,,,0.4876274215672833,0.48812081832188053,,,0.48865432454086843,,0.48747350695195707,0.489099532098372,,,0.4884725776125857,0.4880445638336662,,,,,,0.48939395667485147,,0.48951845372237335,,,,0.24886557899540096,,,0.24857512169375123,0.30145824333921845,,0.3028018414349055,0.3022684281348799,,,,0.20433567562806573,0.2049488699183332,0.20473163751299264,0.20445936574284648,0.17057855482450987,,,0.09766157364795836,,,,0.09574412452371316,,0.09319681806157316,0.09325603863915256,,0.06592890173605694,,,0.10555675775734154,0.10554953326884825,,,,,0.1287255842941334,,0.1284576764560698,,0.12881663744612207,,0.1282004815809614,,,0.13683888620094717,9.511576064251114e-05,,,9.514178684790892e-05,,9.513840369678128e-05,,,,9.506090058440329e-05,9.477652060218284e-05,,,9.498613946678796e-05,,,9.495617562976055e-05,9.5170860098519e-05,0.406529268474646,,,,0.40627057344301737,,,0.15512639520029012,0.15496892635651702,0.15502041846741865,0.15434492200152872,0.15482974272640743,,0.1546031411212354,0.40390692259207694,,,0.4046318457753217,9.606964583836829e-05,,,,9.633930807308866e-05,,,9.630940696778106e-05,9.627153855067442e-05,9.606703930115498e-05,9.626019546525104e-05,,,9.623705414258785e-05,,,,9.654659163594978e-05,,9.627448309449662e-05,9.623878481825098e-05,,,,,9.641219310003929e-05,,,,,,9.612482431697296e-05,,,9.629323088452136e-05,9.63708755701497e-05,9.648912497759291e-05,,9.638002333367688e-05,,,,,,,,,9.62340491156235e-05,,,,9.643719586764387e-05,9.613738493880975e-05,,9.631245337279865e-05,,,,9.638155979302272e-05,9.628732367612573e-05,0.2773151623021514,,,0.2769982564197655,0.2775634060238908,,0.2761932078346567,0.276546530879451,,0.2768071992922833,,0.27679692571114095,0.3338948290946323,,,,,,,0.3344077426882523,0.3343180066496327,,,,0.3347882821482773,,,0.3341419405347482,,0.3331387640517286,,,,0.27691145117602417,,,0.27785712295688264,,0.2781455964972758,,,,0.5152130039512379,,,,,0.5135872073135018,0.5149748835300088,,0.5131145606762583,0.5148489181290504,0.5148684892225097,,,0.3337350811078917,,,0.3347777751587552,,,0.33593858747763106,0.33503302944082786,0.33423661524657894,,0.3295712258486189,0.33306612185421725,0.33373456967720017,0.5162054407897829,0.5144314439048572,,,,,,,0.27658902784885325,,0.2771323780006012,0.27691863015829116,,0.27712295158191064,,,,0.2774112536759339,0.27732834204253975,0.2772876013535138,,0.2767798500894519,0.27722986720529064,,,,0.27630366857729427,0.2770286248960666,0.2767618260395468,0.27658465281896766,0.2768424566284007,0.2773945732111148,0.2767465373510327,,0.5165312733353192,,0.5150300474959162,,,,0.5171688141873216,,,,0.5144892663572207,,,,,0.5142700465934253,,0.516117439794767,,0.5154123616695111,,0.5135630885769321,0.5164817005387762,0.515619352122858,,0.5149237682804453,,7.346059663033606e-05,7.297273912307136e-05,7.346668186108019e-05,7.345496369535727e-05,,,0.5303221832927704,,,,,0.5468966700067199,0.5444386207357553,0.5443457129984556,,,,0.5441989185826797,,,,0.5459849866642262,0.544042484756629,,,0.5445327452391853,0.5444697264296836,0.5464683961743833,,,0.5439431694263676,0.5444830166104025,0.5450685275301274,,,0.5457715645038902,0.5451870677844048,0.5456924453492304,0.5467018982910679,,0.5463017871545023,0.5452043964855984,0.5450885084294651,,,,,,,0.5455500402761495,,,0.5448369068467893,0.5451052185747282,,,0.5434965684413344,,0.5461154574702096,,0.5442553117071747,,0.5456901837283277,0.545878654306731,0.5455851946480865,0.5442298062552997,0.5442648783983413,,,0.5457418640946843,,0.5451685122224292,0.5454389213753871,0.5455953046412126,0.544951101310131,0.5446247495846228,,,,0.5468122542615189,0.5456124906721647,,0.5438033390102779,0.5458727070170338,,0.5442181382705414,0.5446616982943224,,0.5450335654121344,0.5447631568599577,,0.5439534542123435,0.5465685222130098,,0.5436153173252664,,,,,,0.5446390631461901,0.5458369399559471,,,0.5441204318561363,,,0.5447582096233975,0.5468209606814787,0.5457497516322459,0.5433404587627779,,,,0.5459297028091975,0.5449475391009603,0.5458661560154959,0.5459542368282614,0.5443324927247674,,0.5442378362280839,,,0.5424683943002432,0.5441640987999794,,,,,0.5454719522212803,,0.5448538720794989,,,0.5467050810109891,,0.5434682864252217,0.5445685207606938,,0.545380391277536,0.5434286188083557,,0.5437059221799124,0.5449205231780142,,0.5444835890718334,0.5446916396401859,0.5452485115400992,0.5452350437384172,,,,,,,0.5457094255588009,0.5454347398764774,0.5446190257899928,0.5453822848839295,,,,0.5453571057331188,,0.5438277430375863,,,0.5452483936955173,,,,0.544295951613137,0.545036272970245,,0.5448428191468956,0.5456565215075913,,0.546544750317917,0.5447139917041665,0.44869246986879857,,0.4477312273141619,,,0.6062135435926425,0.6259827921283815,0.6241829606375039,,,0.6287734737373482,
8,24,DG_48pct,96,Z09_F06,9,LL_AB,175065,181998,True,4738.434805434312,4702.99295884089,4712.708410239233,4707.657262336636,4749.924493906273,381.8495870587211,46.290002121189076,5136.545289315395,1742.8499717109949,741.3277775160747,671.5879524607321,196.43346702194577,1.8840514450095505,51.502063800273504,166.52045289920852,164.9114953379913,296.4933173871288,120.96180192288209,220.23453336919283,347.53282419035156,0.7167548502004786,0.7173809993728363,0.7153328945794811,,0.7032171286284212,,,0.5530212962321956,,,0.5158415907197565,,,0.6396560372784595,0.5231120664196205,0.5230680677504072,,,,,,0.5554197951839205,,,0.5543939163537005,,0.546085943459464,0.5484576333641169,,,0.5543179027467141,,,,0.5539037197653206,0.6090335756277645,0.5159986588109203,0.5146516338900018,,0.5040062676030559,,0.5033089200818621,,,,0.5048899574625052,0.5056041316695382,0.5048192771831402,0.503475044991528,0.5040667090700117,,,,0.5045408549561273,0.505014865894675,,0.5033288531376009,,0.5766638214890907,0.4575357682015632,0.597699706477628,,,0.5690380906489314,0.5699568155203175,,0.5706299315731358,,0.569786525127471,,0.5709069113658005,,,,0.5705974988434082,0.5702466607314101,0.5709794848250621,,,0.5698320281281652,,0.571408664901493,0.5692322332980745,0.5706481008472765,,0.44887007522531613,0.4484569173849367,,,,,,,,0.1544164456601528,0.26104869590912183,0.26038360315802755,0.26113633708841166,0.2595869863329605,0.2601661420513623,0.26026453278076017,0.2612657262312765,,,0.26053679883128544,,0.2604429424937846,,0.2603503620857429,0.2611012787806116,0.26004341752461907,0.2604907848569094,0.25984045941155803,,,0.26006918523361666,0.26047562642395544,,,,0.26011975902162193,0.2606164054573217,0.2608341203138937,0.26082068932369495,0.26119597182319926,0.260495412616455,0.26044292386677986,0.2608488911326011,,0.2599175358792541,,,0.25985126037696643,,0.259885881581846,0.2598749941234329,,,0.4629515315241391,0.4625207896140955,,,0.46222978831914124,,0.4623445623939077,0.4627777674414037,0.46270562353878325,,0.46250370941774105,,,0.462190239626476,0.4609000355636161,,,0.4622257771163024,,,,0.4603891879837247,0.46194181557804065,0.4615503347075673,,0.4629013062659237,,,0.46198044186910775,,0.462570726935811,0.4620315729848528,0.4608745608867229,,,0.46257312346421714,0.4621261919582263,0.4623933949461976,0.461198310983453,0.46106026068970046,0.4619046752918433,0.4626425531843421,0.46135657700465493,0.4608366855438757,0.4620749720092213,0.20160894522958783,,,0.20173585061855273,0.20222842790561998,,,0.20179988956780723,,0.20265708393335205,0.2023858297601928,,,0.20220815822285834,,0.2019399197395173,0.2021174871453948,0.20162459644239208,,,0.2018930946516426,0.20153126855167033,,,,0.20172939053810413,0.2015785187252285,0.2013478870829669,0.20187700597623143,,0.20163573138542068,,0.20136162551501569,,,0.20139357447655423,,0.2015254986098355,0.2022270401756807,,,,,,0.20179163231804434,0.20107284033632086,0.20141275252680796,0.2014015874676223,,0.20132180291144589,0.201185553184211,,,,0.18846641277914297,,,,,,,,,0.137687285594777,0.326450565514158,,0.32780999269751915,0.3262409933569814,,0.32686318565557715,,0.327750015775138,,,,,0.3258475840993086,,,0.326306042137172,,,0.32676616092431365,0.3267381648770858,,,,0.32666808113028145,,0.3273029346195173,0.3258862580959569,,0.327084165936719,,,0.32660435674223004,,,0.32679235425213937,,0.32617961098435333,,0.32711686136876295,0.32631930467966264,0.3061115785992295,,0.30650145473220086,0.3063062965494621,0.30597254376013,,0.3056865228929277,0.3059749617990497,0.3062762025660166,,,0.3063014914196883,,0.3072578085044421,,,,,,0.3056575670963769,,,0.30642447001891376,,0.3062187179495623,,0.30579700271475063,,0.3061438679679449,,,,,0.5053745809105705,0.5032475148780355,,,0.5043809555050432,0.5047440698629982,0.5039055416974417,,,0.5044006145202004,,0.4977767993829012,,,,0.4977287821588887,0.4977644598245778,0.4957424720961957,0.4965404166791232,,,,0.49468424696381613,,,0.5035480561280339,0.5034062097794458,0.5035064360180571,,0.5046891116392224,,,,0.5035372525649026,,,,0.5044208149528983,0.505270048399349,0.5044016113357128,,,,,0.5049133773872871,,0.5042665637691225,0.5042034322992298,,0.5031551326582929,0.5051384443562861,,,0.5018384896378085,,0.5049852330939099,,0.4956935444490409,,,,0.49612212452813687,,0.49598906757937167,0.4955946114863278,0.4965485358137022,,,,0.4961810506506102,0.49553361220363373,0.4979511001072437,,0.49544693926032307,0.4965057950334154,0.4977678752862508,0.4967621295768484,,0.4967957358747742,,,,0.49850298133009596,0.4971250344349111,,,0.2762190003089597,0.27723945084200535,,,,0.340534146314642,0.3413964881353148,,0.24151448439634268,0.2407439734465639,0.2416224330563367,0.24115648519143032,,,0.22315013952961538,,,,0.14018419916217637,,,,,0.1331449960082913,0.13368425661405972,0.1334512296653242,,0.043416602737407335,0.46502928029438084,0.09296954841641954,0.08902746247382931,0.43667335084141423,,,,0.11626639699527516,0.11610821344088088,0.11623844311101895,,,0.11932864717526696,,,,0.12556744562513972,0.007151592722840836,,,0.007165029239129181,0.007168825260807674,,0.007168272411902565,,,,,,,0.007170012130715315,,,,0.0071643282666581515,0.40967451843523345,0.41041485972028674,,,,0.4117231200203783,,,,,,0.14529817869038977,0.1459297454421668,,,,0.4040892811450533,,,,0.007321031180745146,0.007300475662878183,,,0.007305059756761423,0.00731875254354588,,0.00730210862899043,,0.007297984859732625,0.0073047731336554015,,,0.007294887129286717,,0.0073165336714566005,0.007303407781991577,,0.007300353349914686,0.0073103548505521025,0.007297543657165777,,0.007304574364528047,,0.0072961658806035305,,0.0072821975454300135,0.00731656089449266,0.0072901620915134385,0.0073140377714074655,,,,,0.007278783501668962,,,,,,,,,,,0.007325027218679383,,,0.007293798160466824,0.007310834814186948,,0.007290285891751649,0.007310945114192956,0.007291342749089433,0.00729771936832981,,0.00729705408735616,,,0.30445580976957504,,,0.3035774012799115,,,,0.30455847935763425,0.30339086799558734,0.3025137003482186,0.3049369004091471,0.37126570076694787,,,0.372053968806455,,0.3712226662295552,0.37215446458974494,0.37157306683027247,0.37105936590128236,0.370910858109921,0.3707632145211824,0.37077309737853686,,,,,,0.3706073907017055,0.3711701402428277,,0.30393288281855224,,0.30463227948850025,0.30499050325721166,0.3041595520683095,0.30492486426290355,0.3043464052299292,,0.5245655884434354,0.525816924418122,0.5260643905810112,0.5247034751072366,,0.526196357120213,0.5252888784372074,0.5239514536312776,,0.5242111211546978,0.5253387952394911,,,0.36992774573462917,0.3696740493796653,0.37101661489837195,0.36977882428903713,,,,0.3696909984091831,,,,,0.36666129522642615,0.3684675072342333,,0.5259296660083485,0.5250527298106741,0.5265081756446246,0.5265936713090374,0.5244225237275963,0.5258681929135504,0.524633047243611,,0.30499963640542027,,,,,0.3036409536796962,,,0.3033999021894185,0.30452599256401125,,,,,0.30359717474194226,,,,,,0.3037075314445393,0.304100747346087,0.30371261192046456,0.3042423328679453,,0.3043177417300272,0.5235453301664115,0.5272217015342934,,0.5274479080529962,0.524530012723192,,,,,0.5252669250372424,,0.5245215097539283,,,0.5249131554157117,,,0.525717445532033,,0.5272037308003155,,0.5242891001372282,0.5249769874336517,0.5252030219220162,0.5257359654149554,0.5264443095578686,,,0.006759491277166417,0.006768531548688202,0.006765903155564562,0.006776752026616799,0.4852741170516368,,,0.5222141204910555,,0.13652826460040696,,0.5578703205013802,0.5566790900001257,,0.5563782947321657,0.5566262155030582,0.5576316350133383,,,0.55768910269084,,0.5576944890010059,0.5569392503162129,0.5564487808958546,0.5557053327377596,,0.5587995950864277,0.5571830954465632,0.5557203122075883,,0.5564374806289303,,0.5560556500931719,,,0.5583371123955303,0.5582280404653115,0.5558169862779062,0.5577672039765166,,,0.5567597631161021,0.5562882478953192,0.5560444830092814,,0.5566670793391812,,0.5554912069465435,,,0.5561665985146138,0.5579091885775753,,0.5559925845611619,0.5561929165964651,,,,,,,,,,,0.5574555389811378,,0.5582330629099707,,,0.5578789689240234,,,0.5588819764478326,0.5587185298721982,,,0.5565836625305101,,0.5578573514124406,,0.5580508244299939,0.5565659097842169,,0.5564027043615513,,0.5574675125171086,,0.5585653584229617,,,0.5564291742184402,,0.556687806779216,0.557573937329514,,0.5575863995983009,,0.5578892359949316,0.5571163504419234,,,0.5576482698339532,,,,,,0.5575995656971674,0.5570580827104655,,,0.5560551270940405,,,0.5555615704383895,0.556287103569485,0.5565316208640532,0.5550589049668477,0.5573936219084269,,,,,,,,,0.5557521302566438,0.5556984731511556,0.5556762148008706,0.5569506414944388,,0.5556916336167673,,,0.5612185401492925,,0.5571406767848713,,0.5553349390801633,0.5563538399518149,,,0.5555406929780329,,,,,,0.5550952365447384,0.5572035214330245,,0.5563904693551586,0.5581018259177969,0.5558889967110413,0.5576822450838209,0.5574984923818085,,,,,0.5557650594634244,,0.5574029337437045,,0.555319848093742,0.5566250316061173,,,0.5566682029775896,,,,,,0.5560397301759512,0.5559464501700446,0.469607531114122,0.4703044214117376,,,,,,0.6385439297093511,0.5235042087045662,,0.6353033731464582,
8,24,DG_48pct,96,Z09_F07,9,LL_AB,175061,181993,True,5111.321919872599,5096.589643918282,5134.415817848022,5212.034098794672,5196.897993147035,470.62869734829104,69.59288528202524,6404.599679664359,1153.9482956287068,482.91998722105967,441.49740238579415,134.43395154853312,1.8306610959609462,49.4013540755088,160.13625704519097,201.2599642366302,407.4832370006625,166.27848804706406,363.9436464352148,225.38725848269112,0.7024386649822484,0.7019522400422048,0.6991762656015978,0.7501413394361549,,0.7501006954240731,0.594148970381563,0.5221355164169396,0.5230615735518911,,,0.5993804591201074,,,,,0.4828649395238621,,0.6105237214163212,0.6087146005008248,,0.5215651344507403,0.5188685592378763,0.5207724301083096,0.5197310962665531,0.5208798173897103,,,0.5157159035736514,0.5204246709419661,0.5204912180255526,0.5213454784583076,0.5218467569354044,,0.5211045429918006,,,,,,,0.4533482270912472,,,,0.45511316426498577,,,,,0.45432066546358296,,0.45388219142782243,,0.45412172236476855,,0.4535381756328429,,0.5277571191576925,0.41124577139316937,,0.51884426353715,,0.5170187146355312,,,,,,,,,,,,0.517165668370327,,,0.5184927858928455,,0.5202532311091796,,,,,,0.3953548435254641,,0.12251715651739456,,0.049908400726386574,0.049728908264164644,,0.04992396622989003,0.04998113308321466,0.13736985734409143,,0.13779157871130257,0.1373416151134877,,0.13765596795447882,0.13768291706817534,,,0.1370961226089536,,,0.1378379930602873,0.13728352059027588,0.1369420080827037,,,0.13755143039393303,0.13745104332432,,0.13738429930365606,0.13765382978710475,0.137117431099868,0.1371657024917375,,,,,0.13740044952262512,,0.13751585871549296,0.13730646945559238,,,,0.1370586504983209,,,,,,,0.1369335454270269,0.417076722940488,0.4188258157667034,,,0.4175393311284347,,,0.41779816418284355,,0.4176524256908206,,0.41794220558337625,0.4173393229692102,,,,0.41782005368329966,0.41750340641021433,0.41844046852149736,0.41781000056261564,0.4182635883093562,0.41739828982439653,0.41737861750244803,0.4168618608317837,0.41776506915905887,0.4169399758862601,,0.4177366880250456,,0.4169149483217007,0.41794888950200665,0.4171975189758012,,,,,0.41820493151383303,0.41816976163578273,0.41789646482080095,,0.4178801185977601,0.4170857137515066,,,,,0.12356831715656712,0.12363856711297537,0.12317673698113375,0.12364277090092739,,0.12357406709161149,,,0.12385874671963766,,0.12377505687008314,,0.12331827472668025,0.12383882192888206,0.12347782442493818,0.1241034435830845,,0.12379129065905835,0.12362220390696552,,0.123489193726562,0.12317755290637637,0.12379062729214507,,0.12308420377727532,,,0.12336925315392583,,0.12385159950317916,,,0.12366050240835073,,0.1237873814077766,0.12348739166250505,0.1232807542974492,,0.12347675035430056,,,0.12356497202180271,0.12324145437292686,,,0.12340894849019712,0.12373211811404719,,0.12313779375407015,,,,,0.09280011106307504,,0.17429559464525418,0.06727228189167994,,0.032466257362088934,,,0.03253327891670029,,,,,,0.21412394677035693,0.21327699186497,,,,,,,,,0.21349386853201027,0.21354851167773758,0.21368301952733687,,0.21387255741571384,,,0.21399411802793922,,,0.21309430258336634,,,0.2134972720272944,0.21261121011141487,0.2129474964441149,0.21306106543866848,0.21357563821985712,,,0.2140991273735683,0.2130552277730862,,0.21364771747251515,,0.21331206743221642,0.18624781527378026,0.18634815510855252,,0.18606570028851058,,,0.18668317821644578,,0.18679677766649336,0.18710080972556223,0.18714921782075655,,0.1869831972798341,,,,0.18666417805200494,,0.18706172282661998,0.18648382804921276,,0.1865817898695778,0.18648841526072876,0.18679751740777534,0.1865627896865635,,0.18616559554130965,0.18669892243206096,0.18679532467122587,,,0.18626513630886105,,,,0.4633386217673346,,0.46505243641068567,0.4648548005939466,0.4643259188375214,0.46372182400756057,0.46358634535425836,0.4641185155181954,0.4584153408484448,0.4593625834215466,0.4588461972016359,0.4591955487991984,,0.459032548159272,,0.45929799376914504,0.4587810621365691,0.4583251492185156,,0.4590559605782915,,,,,0.46277539475137364,,,0.46251622888768457,,,,0.46299467729603405,,,,0.4633851622714048,0.4649110326846633,,0.46254611292019093,,0.46447383962378436,,0.462117769033989,,0.4645049634234334,0.46240142027832365,,0.46335329839217787,0.4629118622349389,,0.4634826831583379,0.46391597778314825,0.4639824569519093,0.46357262516802666,,,,0.4575270715465487,,0.4594098841525773,,0.4584933882763654,,0.4588696903249133,,,,,,,0.45930917053811643,0.4594865583412536,,0.45829171026096266,,,,,,0.45890662307350294,,0.4596628462378358,,,0.20067294996098478,0.20022434869281874,0.20074244292752336,,,0.23173093195991634,,,0.1495488343005264,,,,0.14922209542680803,,,0.06860778945724408,0.4557362453769128,,,0.034368379048469094,,,,,0.032803773685190635,,0.09063581102909335,0.0905620027933948,,0.11946371772421137,0.11953248591242142,,,,,0.13615441937741093,0.13620758340196473,,0.13654639099834925,,,0.13624399648384833,0.38383021858100647,0.1425807576224927,,0.0001062891241462821,0.00010629953146764818,0.00010652383951436243,,,,,0.00010631584462589515,,0.00010655468121658173,,,0.0001061239497594706,,,,,0.0001063835094200262,0.3783771528241824,0.3798684977686701,0.3799332127836248,0.3800021526276581,,0.3800557178142336,0.15598859701959228,,0.15583413153320858,0.15613655976474647,,,,,0.3789550126666319,0.37702940960326536,0.3773778588458105,,0.00010779501769897843,,,0.00010758388098483832,,0.00010786758193862483,0.00010795609942701101,,,0.00010776345807334831,0.00010789607788276072,0.0001078882367685689,0.00010754225941489853,0.00010777893116909184,,,0.00010791243108983098,0.00010770355645287568,,,0.00010773519014847697,,0.00010798853621453436,,0.00010790374751407898,,0.00010794106131441854,0.00010784612921432943,0.00010758845884590913,,0.00010747142109106976,,,,,0.00010722264306787152,,0.00010757425029948926,0.00010788555735166631,0.00010788325547311895,,0.00010791456459092808,,,,0.0001076415393338215,0.00010772057066094931,,0.00010767429083977006,0.00010806197074860426,0.00010755572422598666,,,0.00010754434828960096,0.00010781997704099133,0.0001076394313638186,,,0.00010766549105122723,,,0.2301675598227115,,0.23043900344767634,,0.22900441868215066,0.2298938510853842,0.22957578135578402,0.2298580508793111,,0.22980623029676275,,,,,,0.26899830612423836,,,0.269409128209208,0.26893475978526843,,0.26848222050611426,,0.2690466932948055,0.2686124113269693,,,0.2682940609703048,0.268934428959554,,,0.23008622765626197,,0.22994644274807355,,,,,,,0.4806041566718726,0.4808602295853017,0.4812838411071847,,,,,,0.48188922448627985,,,0.48091732514850954,0.2693695259932416,0.26898868884720006,0.2688963119742873,0.2690266539810501,0.2692100685216329,0.2697576499212444,,0.26882520115907765,0.26975438562024706,,,,,0.2688406260581154,0.26821541047566344,,,0.48124998694939697,,0.4815607746131629,,,0.2299843195813516,,0.23073015855971524,0.22985808516425807,0.22947540795659652,0.2294448205128183,0.2298944260514603,0.22928642165506585,,,,,,0.22965657376388823,0.23051071471009335,0.22977137949625237,0.2303286164531115,,,,0.23030641067246488,0.22991209164422896,,,,0.230981905951129,0.230303813767319,,,,0.48130532870863546,0.4813985811872469,,0.4820299729374153,,,0.4807725654145339,0.4804596163275361,0.4804171841091196,0.4817701564382906,,0.4813503625434695,,0.48164978158367183,0.4824604819562015,,,,0.48211894593607946,,,,,,8.318014236187057e-05,8.3180917542087e-05,,8.310857633955624e-05,8.29323539991104e-05,,,0.4718589102821061,0.4725901935212718,0.4723457723149343,0.14731712945881117,0.521510038475976,,0.5216351437411859,0.520929876080592,0.5212400663240769,,0.5210240388839548,,0.5213320613650566,,,,,,,0.5209420381666339,,,0.5232747287272406,,0.52221502729849,0.5213819403087905,0.5215295683640739,,,0.5215398621780912,,0.5210428453489462,0.5226950541610982,,0.5211662311238994,,,,0.5214906768763347,0.5208911333064019,0.5220897725527716,,0.5219828423886017,,0.5209780378008284,,0.5203177032847514,,0.5224607711062916,0.5220055407515475,,0.5193783729869077,0.5212667804887773,,,0.5210755856156448,0.5223194499093965,,0.5208146257894174,,,,,,0.5207612777097602,,0.5217630359439284,,,,0.5218425609288864,,,,,0.5221991534830086,,,0.5222864765423033,,,0.5210769454482643,,,0.5213414424391827,0.5208492178811164,,,,,,0.5216642406487022,,0.521998999353755,0.5221521960569765,0.5206499270315109,0.5208773503904325,0.5219526459811856,0.5223625070718568,0.5210005349962564,0.5226708596254322,,,,,0.5225163736056169,0.5216212590332316,0.5224802893346586,,,0.5218131089537139,,0.5224756378055226,,,,,,0.5218194162233545,,0.5208435590766273,0.5226041080491997,,,0.5212628478084677,,,,,,,0.5205858671454346,0.5212842321031151,0.5216473343449569,,,0.5226790378725276,0.5208117722276032,,0.5213449677079784,0.5216666786730844,0.5217140547155932,0.5217082740307478,0.522392390099754,0.5218347089734842,0.5219808282892632,,,0.520942003872867,,0.52260523851529,0.5205144922378017,0.5233112370796013,,0.5219763605235257,0.521417040115519,,,,,,,,,0.5233810069638416,0.5224915371665977,0.5232910202508404,0.5220700667144821,0.5208330185593376,0.521651071653481,0.5231342053615656,,0.4167744687690797,,0.4164074389042742,0.5533777364693183,,,,,0.48495894492558006,,0.6093392142873615,
8,24,DG_48pct,96,Z09_F08,9,LL_AB,175064,181996,True,4724.0357878973155,4716.4066245789645,4707.882964933026,4716.369553566009,4747.263914229924,383.03755065609676,46.86338644591975,5198.391331270262,1786.469965384376,745.4905080183592,678.297002284406,199.01704862968379,1.7726507902056585,50.822325327904785,165.96562000042616,165.76613398254685,297.2705438378263,121.3092997084509,223.1626309692456,356.03853962397403,,0.7151394496705253,0.7179842393746421,,0.7009421214385168,0.7599123227083189,,0.5529640004024686,,,,0.6323641540275959,0.6308482405636391,,0.5227948274133367,0.5226842066582815,0.5214774250909612,,0.6315918223411651,,0.5532513748081046,,,0.5526961784669178,,0.552678801161849,0.547612885314734,0.546837067532073,0.5461988159909833,0.5543731947214378,,0.5545725774752538,,,0.5562298265050877,0.6033887897276993,,,,0.4997149456690757,,0.5015704366045396,0.5026963717164088,0.5015580479605681,,0.5026650424635785,0.5030798831427429,0.5019960021102754,,0.5016409536676568,0.49940743959964534,0.5017858803216689,0.501175457600741,,,0.5024373017011218,0.5016497095981219,0.5716625311748548,,,0.5934777747045896,0.5628189289345297,,,0.5635045951319158,,,,0.5621168939496067,,0.5633815402963182,0.5638685361277558,,0.5639631695553491,,0.564676238592981,,0.5639932755115482,,0.5635767043323735,0.5625286640360558,0.5652681235328796,,0.5632910841920045,,,,,,0.1482922189510631,,0.14781420246266788,0.14839431246399556,,,0.24863543976102262,0.2483278076208115,,,,,0.24728041389604868,,0.24792267652389174,0.24852078083391232,,,0.24822372215198957,,,0.24797785146613027,,0.2485414422208847,,,0.24750925360245205,0.24753302360573687,0.24824877221619732,,,,,,,,0.24739673626714573,,,0.2481399144656127,,,0.24773620106581443,0.24846342515169764,0.24792790549654906,0.2478866715994729,0.248525569174543,,,0.44746441686469046,,0.4472561641823763,,,0.4485600417773876,,0.44855685441174953,0.4481299504854587,0.4475908457380286,0.44899613587950854,,0.44924318330329027,,0.44900173683994077,0.4489033550450226,,,,0.4471684591279502,0.4487864305208523,0.44785658353582014,0.4480341396995989,,,,0.4477139100125008,0.448119526218149,0.4478237208120027,0.44786444029310435,0.4483333759860942,,0.44816910591396125,0.44997448460609185,,,,,,,0.447102555029417,,,,,,,0.19504490189512327,,0.19508087997859336,,,0.19554890746795314,0.194814455045624,0.1949615500406185,0.1956263488359178,,0.19511468029749007,0.19453087984281126,0.1952798557398453,,,0.1953075198951085,0.19530293789628533,0.19537911760730464,,,,,0.19505967544686353,,0.19507962854767869,0.19447843774746937,,0.19391774336138293,0.19484278976990124,,0.19468647105325976,0.19438156784318983,0.19474099131930836,0.19485323035901997,0.195112336281176,,,,,,,,0.19490992708914806,0.19475037976852586,0.1950843948793013,0.1946824775046849,,0.19520207801423586,,,,0.18326425439354135,,,,0.2036779489711205,,0.13243128133195936,0.13205761493677196,,,,,0.3159822625516053,,0.31615543048957073,,,0.3162185584374618,,,,0.3167583912784452,0.3160109713216794,0.31575940299530336,0.3163052887695282,,,0.3154436953557545,,0.31551509989764476,0.3156017623503165,0.31491642492462696,,0.31524636101087583,,0.3158960386548149,,,0.3155030954399653,,0.31532080921684735,,0.31644375548000947,,0.3172617442245382,0.3157429728522584,0.3157306434665607,,0.31539978635948623,0.3156084510078153,0.3165155097576966,0.29497426655107073,0.2946282762605887,,0.2949859586368252,0.2954241514242811,,,0.2950645404366969,0.29598475435601773,0.2953157294530682,,,,,,0.2949171670028547,0.29550658214075765,0.2948811873008904,,,,0.294643663753753,0.29416952440442384,,,,,0.29435586959726995,0.29499009258196485,0.2945008515435727,,,0.4925451362869081,0.49205421865986776,0.4912849088613054,,,0.4923650348471112,,0.49130398163114475,,,,,0.4837709121400967,,,,,,0.48464943772168495,0.4834689987875617,0.4847922741437013,0.48365988629868817,,0.4825369680039927,,,0.49118973582523545,0.4940703482108193,0.49199497880289444,0.49153223286159237,,,0.4932206671243601,,0.4915101220090122,,,0.49258992577590777,,,0.4924247308897471,,0.49225886082069253,0.49277850333246476,,,0.49102595480503675,0.4917042740512462,0.49225625341103346,,,,0.49287721851991173,0.49212525958870734,0.49314880872975514,0.4917992684206118,0.4929292674227345,,0.4840446999002719,0.4836310784486271,,,0.48493996156749475,0.4843554018444975,0.48351104091718766,,,0.483849255214367,0.48516036517592764,0.4835112457194832,0.48440701435672223,,0.4851263875011269,,0.48422007899617797,,,0.48484822335835714,0.48295382974092455,,0.48586048144266897,0.48358372834134805,,,,0.4847084595406379,,0.271110611601764,0.27071261937823915,0.2712014175044147,,,0.3311407281688416,,,,,0.23646875936078485,0.23687860472673963,,,0.21029563898029732,0.16592200160873563,,,0.13406353054126918,0.13413061477876573,,0.13110288177554474,,0.12801759459871548,0.12768549327249187,0.12782991179706737,0.03235401434748063,,0.45135298618494285,,0.07900119677567385,0.4226865415689237,0.09393273980471555,,0.41364006938358444,,,,,0.10621551705472783,0.10621401923750533,,,,,,,8.5667749103626e-05,8.561012517404436e-05,,,8.56739558338645e-05,,,8.56940059734556e-05,8.565985002656914e-05,8.543469733258384e-05,,8.544319279689031e-05,,,,,0.3923307560067401,0.39387915336526824,,0.3926774860110307,,0.3955867125786397,0.1369515189188066,0.13675396582559537,0.13693338791922105,0.13651497532386586,,,,,0.3886846448156542,0.38908059624590485,,0.38845428548350375,,,,,8.677471886689909e-05,,8.669586901743562e-05,8.681684934564643e-05,8.652810390504481e-05,,8.667188112677786e-05,,8.661815482684393e-05,8.669128997970679e-05,8.681515778424741e-05,8.661811128839559e-05,8.670970021390114e-05,8.685212637717563e-05,,8.66581217530628e-05,,,8.662871231942455e-05,8.667308018356301e-05,,8.675918514092974e-05,,8.679257806682376e-05,8.66707668667999e-05,8.664378147982274e-05,8.678601402650124e-05,,,,8.656376387312117e-05,,8.661260997183124e-05,8.665305096298393e-05,,,8.677151035018659e-05,,,8.656501209883781e-05,,,8.659973371017216e-05,8.680298323883753e-05,,,,8.675227705797273e-05,8.682940028816678e-05,8.70287176920431e-05,,8.665456339449498e-05,,8.66142989358451e-05,,8.677024093923725e-05,0.2989786173159627,0.2986558858851929,,,,0.29803915491737126,,,,0.3004821621276082,0.2994103627021324,0.2985686140777962,0.3614529247454548,,0.3612854902164369,0.3612480916617227,,,,,,0.3604093349203878,,0.3603256136055975,,,,,0.361382424812983,0.359961542894944,,0.2991215175761317,0.29996091847083683,0.2998053925139839,0.2997216996478995,,0.29963302226149935,,0.29952295523564487,0.514954327591021,,,0.5127552362170072,,,0.512371386670664,0.5137630820822797,,0.5143111104737415,,0.5130662546961525,,0.513904624447981,0.36031044958983977,0.3602587794431804,0.3596800649407862,0.3606325109247048,0.3612488511491333,,0.36179285231980945,0.3612284680551002,,0.36060127311753154,0.36122688024452826,,0.3566597415809127,,,0.5142174081636174,,,0.5141602425667787,0.5149287726788965,,0.5137916087243284,,0.2995013121047148,,,,,,,0.29910697010988363,,0.29927357787828407,,0.29894639822082886,0.3000957695379437,,,0.30021995879265634,,,0.2993410641551047,,0.2993630469910059,0.2986244497592724,,0.29972540337151865,,,0.5148234199267161,0.5150264112774204,0.5143723379292037,0.5152259628736202,0.514711061304615,,,0.5137037653179722,,,,0.5144729474895935,,,,,0.5154786666801514,,0.5142999213074295,0.5157222600980849,,,0.5145629249000788,,,0.5139130294898652,6.744388718125931e-05,,,6.7336552613437e-05,,,,,,0.5191174219446609,0.518496624487205,,,0.5549780289943864,0.5558442966660855,,,,0.5554655174302635,0.5567485087135734,,,,,,0.5562034993932962,0.5551247171367069,0.5564669932610525,,0.5571048708039871,,0.5575534479683403,0.555497017405377,,,0.5560495031624102,,,0.5558425815431753,0.5557578778827399,,,,,,,0.5580652120694114,,,,,,0.555825378819667,,0.5569079670053934,0.5548836743728732,,0.5563341512332751,0.5546398823505668,0.5547390596405553,,,0.555472866126771,0.5566747579764132,,,,0.5560998442799494,0.5554100543435986,0.5556735706347751,0.5566976595768546,,0.5573185478932896,0.5552962950414031,,0.5549697462320325,0.5578654007110289,0.5552215153463782,0.5559216441513439,,,0.5549295594650943,0.5582436937186851,0.5547728796363623,,,0.5557051617588935,,0.5560092685210685,,,,0.5569981570218581,0.555484010338438,,0.5559598335501575,,0.5579059677555926,0.557231315930362,,0.5557182740426552,0.5544623478408963,0.5556990203619567,0.5547570200041815,0.5565772452002202,,0.5540348662963435,,,0.5558457525278105,0.5575880247225034,,0.5562217424897387,,,0.5551475694982101,0.5547013713728967,0.5562927316943699,,,0.5552512349023105,,0.5563073131469498,0.5567516476372462,,,0.5536819982495201,,0.5572367711925523,,,0.5581222057672779,,0.555857900299498,0.5551834571581732,,,0.5561891562875025,0.5564961072292404,,0.5567305826338845,0.5571103925437839,,,,,0.5574146010966569,,,0.5551415104188017,0.5570414527413127,,0.5572099586276066,0.5553727246107262,0.5551147334418067,0.5571182097193486,,0.5566497338009642,0.5558153913461161,0.5563668606209509,,0.5563867171086729,0.555254753070592,,0.5558988531889728,,,0.5567400882096961,0.5560583434951419,0.5562389281085734,,0.5571430759189256,,0.5546370798866999,0.5553488760521078,0.5561898767930356,0.5570554317468411,0.5564101340930219,0.5550191324826991,,0.4671277746414911,0.46637289844476315,,0.5930574768482918,,0.6092857323992554,0.6331229792783596,0.6313173366514238,,,0.6342188456594379,0.633239362342855
8,24,DG_48pct,96,Z09_F09,9,3PH,175070,181996,True,4164.934256550485,4235.999266540785,4239.485993209494,4622.323836687539,4637.800035263111,195.4988061635175,14.99658109927723,4759.396768257367,0.14991835425893185,0.08227448460306194,0.07585032051681594,0.02533787482734808,0.0003705712049172068,44.74456184731408,144.4064089495124,85.54411662473709,92.9200908168675,38.81581869906574,43.594248794544,0.024702871847794936,,0.7250714572345672,0.7255784549627367,,,0.727140172709138,,0.5596042420988876,,0.559047484128064,0.5567908439005764,,0.5632714878321171,,0.5619463180992061,,0.5633017687258683,0.5629154063139923,,,,,,0.5602135653531836,,0.5590156477786441,0.5521000088544534,0.5505645511799362,0.5509369165901226,,0.559576936451645,0.5592294821343309,,0.5581711661186044,0.558777266709757,,0.5098142316652784,0.5091996059167809,0.5074782465110365,,,0.49943597460041794,,0.5034795940797264,,0.5027041670022984,0.5009545061724529,0.5030782268188769,0.5006874509276416,,,0.5026847533395732,,,0.5023680265375577,0.5031121320867257,,0.4943488396507516,0.49595472479233016,0.4953436050402072,,,,0.4854677613927202,0.48607315259989076,,0.48663493530346147,,0.4855408772845737,,0.4861024803237615,0.4867219049449997,0.4844739970304356,0.48539117981964036,,,,0.4847782175750341,,,,0.48673822264940997,,,,,0.44700194086041695,0.448275525918914,0.1491303264546829,0.1483992544416189,,0.1483222128574894,0.1482827421545059,,0.1487961419608063,0.15007575877495938,,,0.15046458888046937,,0.15026217707254505,,,0.15028402324670648,,,0.15032090067962248,0.15039448020145413,,0.1503019724279999,0.15017635549402175,0.15039616008344672,0.150044738965441,,0.1501492371399602,0.15023210912470825,,0.15034895289530167,,,,,0.14996967653968213,,,0.1500511147117259,,,,0.15023457117545586,0.15026347113199295,,0.15011111176882183,0.15006002670737068,0.15022991838829694,0.1502088996605006,,0.14988223314316598,0.1502767405643376,0.15016636460929628,,,,,,0.15033323147397604,,,,,,,0.15018098362641386,,,0.15033199971064076,0.15045696479871942,,,,,,,0.15058463204215292,,,,,,0.15006600094468758,,0.14985743844015678,0.15008263849125272,,,,0.15043481041326218,,,,0.1501308107794928,,,0.15017250836320414,0.14993669266781123,,,,0.15019304860024513,,,,,,,,0.15039063244346862,0.1501551783859054,0.1501987969090212,,,0.1503112021804889,,,0.1506872576980328,,0.14994826244487558,0.15000713191196843,,,0.14991988306621265,,0.15015025472295382,,0.15016711688018328,,0.15038645000632067,0.14991618134885357,,0.15080679412017595,,,0.1499513451234236,0.15015667946936495,0.150319219473568,,0.1501092548796162,0.15001712766151887,0.15020395479741153,,0.15044383919590076,0.15058709362913125,0.15046448617613706,0.14990295333906128,0.15044528498035958,,,,,0.2007987296933436,,,,0.1328044847270211,,0.1322179126497336,0.1320609113403964,0.22944052926365233,,0.2298343123907457,0.229273901656277,,0.2288964265896441,0.22950392621300647,0.22889747506847383,,0.22963275318085757,,,,0.22897820264829719,0.22904800734344594,,0.22842618250040364,0.22955941265484237,,,0.22936091725480942,,,0.2296750800793032,0.22930923006026582,0.22938275895191648,0.22875488999561314,,,0.2291985389830931,0.22909401753795255,0.22924547166741616,0.22857276226507087,0.229523872768788,,0.22891342843085127,,,,,0.2097370337417528,0.2099081028974578,,,,,0.20951140580629762,0.2092007959037173,,0.20962650115079,0.20930835675320794,0.2096291487455858,,,,,0.21004458439856435,0.21027915210124082,0.20963344218562036,0.20976154983873213,0.20986221700268531,0.20981043892209145,0.20927980657804357,0.2100061807916224,,0.20935858683065023,0.20971440065772093,0.20917965284516415,0.20973889460377304,,,0.2091972988969186,0.2303202044523081,0.2288380127258474,0.22901592745337512,,,,0.22862220556693824,,,0.2294491664544054,0.22844232164155334,,0.2089016809785531,0.20949059210783014,,0.2090775293889018,0.20934664802976213,,,,0.2093709233417099,,0.20903474221276477,,0.20884904752346417,0.20860505483229175,0.2285385374345665,0.22852830263210522,0.22873312253670638,0.2291966589670436,0.2284833698791171,0.2290237682183021,0.22918095639229805,,0.22893309972895165,,,0.22893394664297426,,,,,,,0.22885647387530808,0.22873046027946164,0.2290854766559181,,0.22981118450876234,0.22930270112039414,0.22964468272001146,,,0.22837674422719095,0.22894929790744947,,0.2293054170342538,0.20945205906469536,0.20925544250925837,0.20964868957585134,0.20885366596969143,0.20869937020367454,,,,,,0.20930024536931974,,0.20910618040581383,0.2092846644906985,0.20883983826029315,0.2092839832684159,,0.20901680882588394,0.20903071296628767,,0.20966526706395214,0.20989331773374437,0.20970961025631626,0.20917027228830024,0.20919280722332959,,,,,,0.240704713874775,0.24075979987054932,,0.24048125793789454,,,,,0.23605972622592003,0.2364674929352841,,0.23661196656395192,,,,0.13515643817486486,0.135008299216656,0.13433993656922863,,0.13459256582467194,0.13096112928262388,,,,,,,,6.58817553062935e-05,,6.793786427530806e-05,,,,6.867890362802329e-05,6.947469906565862e-05,6.940974939996846e-05,6.940522464139749e-05,,,,6.917577283833223e-05,6.92935431939854e-05,,,6.938055309309621e-05,6.947722447254443e-05,6.94451560944677e-05,,,6.947369070864325e-05,,,6.942771156360403e-05,,6.961214245154855e-05,,,6.934571110564681e-05,,6.965881753620542e-05,6.961437694452796e-05,,,,,7.083638448979306e-05,,7.034321826950216e-05,7.129321953411888e-05,,7.122982331191323e-05,,7.103643815594096e-05,,,,,,7.117596744257978e-05,,7.093206933375837e-05,,7.101821227338465e-05,,7.070831076428876e-05,,7.096730520234232e-05,,7.096417730282098e-05,7.082324330064123e-05,7.089294671459226e-05,,7.105918763333968e-05,,,7.07898348363024e-05,7.091773191798106e-05,7.090646793603672e-05,,7.069846779392868e-05,,,,,,7.091260025019425e-05,7.08215072236897e-05,,7.067674721617751e-05,,7.086551733904368e-05,7.077361308548449e-05,,7.090493965168274e-05,7.068630859827614e-05,,7.078690494290334e-05,7.087345359191916e-05,,,,7.108051020012445e-05,7.08484142891547e-05,,7.07589249135661e-05,,7.075427502494235e-05,,7.097210989883466e-05,,7.069683761192047e-05,7.107219864138249e-05,,,,7.084913898261029e-05,7.0721064384155e-05,7.081496379774088e-05,,,,,0.27566576630136075,0.27638090847144225,0.27479118752438564,,,,,0.2743475047733833,,0.27500990968682,0.27531991235665304,0.275230679168282,,,,,0.2754075147181344,0.27504307282649887,0.27549016689976935,,,,,,,0.27411627001946925,,,0.2757204751771203,0.27534893065174293,0.2751035794323031,0.275055501657628,0.2751747536193842,0.2763409750437653,,0.2760350454636001,,,0.2742796843200084,,0.2744473826351626,0.27362449049454457,,,0.2745567140246561,0.27465369269331064,,0.2749615400347776,0.27463320364171206,,,0.274943393471569,,0.2749047738323425,0.27491030578923986,0.2752039144688424,0.2758434553928645,0.2754353778715933,,,0.2755120411681715,,,0.27211628533416354,0.27515761128011484,,0.2750431636549328,,,0.2749041460095049,,0.27607000780759194,,,0.2750462736715331,,0.2756062814515835,0.27627006911059954,,0.27462263034771717,0.27520141803353015,0.2755834330478519,0.2751581355410837,,,0.2751413940207311,0.2756839919185878,,,,,0.2759178628053248,0.2752447010061925,0.27632882401139625,0.2750776333232729,,,,,0.2752927325938514,,,,,0.27560416241488206,,,,0.27515047180220664,,0.274300244777515,,,0.27497417134427127,0.2748224048904775,0.27545546409007793,0.275182262714606,0.27515066694866613,0.27534991498182504,,0.2761733600382233,,,,,0.275586940267818,,,6.590862142534607e-05,6.561619206589958e-05,6.580421886092157e-05,6.577441635584197e-05,,0.5847214808878445,,0.5180747475802469,0.5192050598211831,7.035286679599087e-05,0.5628241646256833,,,,,0.5623779420974581,0.561057393922896,0.5620801141703078,0.5610636552319329,,0.5627844212615485,,0.5616810579595203,0.5610548577157083,0.5603495352766061,,0.5607306448046205,,0.5596663951788735,0.5615480308042451,0.5619463806020182,,0.5629157120182815,,,,,,,0.5610248069626949,,0.5621323439170354,0.5612839666472726,,,0.5619790850785058,0.5622762484251697,0.5613845454707398,,0.5605241946513857,0.5626633986911687,,0.5603331180170082,0.5595792330452097,,,0.5614220674922932,,0.5626103636460169,,0.5608403479018397,,,0.5612448785897474,,0.5608603300734554,,,0.5627365075204185,,0.5620628129587996,,,0.5604562267384128,,,0.5593996058807967,0.5626997096947474,0.560797511305686,,,0.5611145062123174,0.5611981993159524,0.561941460511302,,,0.56023722999809,,0.562963535104625,0.5606367316076508,0.5634594823262828,0.5604235186717108,,,0.5608494186906742,,,,,,,,,0.5596177513342563,0.562234927432953,,,0.5602044121863682,0.5605944805137395,,0.5601472863193944,,0.5605090219102309,0.5599191982840487,0.5629910791332455,,0.5623241178404571,0.5597086169725801,0.5606784361756952,0.559911196353814,0.5588973110326609,0.5620095419150289,,,0.5601690301133162,0.5618972353731846,,,,,0.5604496077426436,0.5626518155139167,,,0.5592876389775394,0.5618258437524665,0.5618389103736982,0.5602391440832176,0.5603098524874494,,0.5597218148125513,,0.5629520597945586,0.5600464663010709,0.5607086721252659,0.5610687226343385,,0.5609995427558647,0.5608969414442972,,0.5619202806191254,,0.5621475690814502,0.5623776552280783,0.5604851869863121,,0.5604868682700984,0.5606541742380039,,,0.5606503920948133,0.5611719540900622,0.5616931445341327,,0.5611415193457959,,0.5619665658841666,0.5620961924041353,,,0.5612540084520776,0.5617182268235418,0.5605288817216536,0.5629380200116904,,,0.5604851549372936,,0.4640562256582683,,,,0.5189683372750928,0.5192421149247528,0.5642985280212764,,0.564188082412939,0.5633222403167548,0.5609076630253187,0.5641502363276348
8,24,DG_48pct,96,Z09_F10,9,3PH,175065,181998,True,4132.216603526669,4199.971380822979,4220.487637692462,4577.42450977926,4621.512426573277,198.94745483411452,15.370383137195146,4727.346520352677,15.468783045472282,8.530237789226454,7.840527752394469,2.6158309997587668,0.03849716085439353,44.99865427988224,146.1317223116882,87.47803381650677,96.12022782928952,40.205350191171725,45.71747888460664,2.5628674679810173,,0.7252613881453086,,0.7272833058282828,0.7268419379325557,,,0.5609052596753029,,0.5615775519260011,,,,0.5664080296057928,0.5675214083205137,,,,,,0.5598582010970442,0.5612113303512365,0.5596052711525604,0.560301362313277,,0.5615826546228276,,0.5533412954605107,0.5530106951348519,,,,,,0.5624176676631663,,0.5121207583909548,,0.5121418541877525,0.5041435414762272,,0.5026672898587399,,0.5045675287525341,,,0.5053026304979416,0.5043893316360485,,,,0.5038337538043487,0.5057370266284786,,,,0.5051585113435305,0.49774187742787435,0.4991120211204245,,,,,0.48799942814930175,0.4872504312807246,,,,0.4882254337003658,0.48892043691425197,,0.4893371346947057,0.4881452690180686,,,0.4886341206375806,0.48916722203624574,0.4885771244590666,,,0.4888874304516522,0.489021995221216,,0.4891968036098359,0.4884664097267654,0.4491662412427096,0.44819604855597367,,0.15582238110001748,,0.15365215745660585,,0.1544060693688508,,0.1549044749026466,0.1562051241002071,0.15602048311142266,,,0.1560738731626715,,0.15620048451067872,0.15649937378575285,0.1564521071786281,,,,0.15630993110198288,0.1558703674916554,,0.15611573170940513,0.1561118102113037,,0.15670197417833956,0.1564560829775199,0.15667236200736792,,0.15634966271829906,0.15622349439101701,,0.15596754964241272,,0.15619932293450017,,0.15620805839260846,,,0.15612312885465746,,,,,,,,,,,0.15604732405424604,,,0.15663291562011653,,0.1566391866763622,0.1561323568594995,,,0.1558346980196181,0.15684894608792238,,,0.1563199144611023,0.15594306927874751,,,0.1562471809715591,,,,0.1561622760792032,0.15640276570923298,0.1559759944205174,,,0.1563735752791205,0.15610720524415567,,0.15630423442647565,,,,0.15590234428341043,0.15701824088047653,0.15630966132339214,0.15633040158105882,,,,,0.15629228584869062,0.15589749760128582,0.15587448609868698,0.15650673529932654,0.1561316372126243,,0.15628162545068203,,0.1561211508017645,,,,0.1559775781083624,0.15666294904943198,0.15611237820572643,,,,,,0.15600777998866075,0.1563401246181047,,,,0.15627312000432292,0.15581259558136434,,,,0.1562620052873585,0.1560115680340113,,,0.155857995535369,0.15583488879821797,,0.15628960455532137,,0.15611405898356037,,0.1558530168485263,0.15621652702509778,0.15608574244750106,,,0.15625414146782005,,0.15654457566306396,,0.15600497139338054,,0.15595761847012718,,0.15667329379791062,,,0.18885890849083103,,,,0.13805156251674994,0.138490423007036,,0.1383423901773734,0.13841063787720295,0.13831204244676984,,0.23448610526965363,0.23493384149183802,,,,0.23453057255742957,,,0.23458720849631573,0.23473842903985942,,0.23474202708397238,0.23406228590375222,,0.23454072094228817,,0.233831028584863,,,0.23442097321930047,,0.23472327183736974,0.23434531899359204,,,,0.23375386099110598,0.23407452499972675,0.23439468705419236,,,,0.23479142363633917,,0.23475368206725847,,,,0.23387924592115325,0.23479271515579767,,,0.21523194911090285,,,0.2146537448856793,,,0.21529035906188404,0.21484274489143448,,,0.21527115445497116,,,,0.21482795355247616,0.2154820685916792,0.21554765203083587,,0.21506757481525274,,,,0.21493781124449352,,0.21503450587674983,0.21534138600500485,,0.21495822410093177,0.2141843328835998,0.21467704534600163,,0.23478487869836917,0.23459632374403905,0.23403717663971293,,0.2342039191979119,,,,,,0.21456906413773388,,0.21489405955136526,0.21456651136409452,,0.21507303027534722,,,0.21509509072494026,0.215106152963956,0.21394371314139873,,,0.2144555716434277,0.21478155048796957,,,0.23399522220495683,,,0.2344515812867603,,0.23444973983943843,0.23373737635082975,0.23398133197125667,0.23477286619443571,0.23497434335169354,0.2349243452293033,,,,0.23500184977519198,,0.2341325264242492,0.23409911842268086,,,0.23412349434641114,,,0.23466506038863638,0.23395730330311726,0.23456923323588424,0.23413904659194734,0.23404308081439873,0.2346770861860256,0.21492586429963803,0.21437718902245642,0.21451947019033568,,,,,,,,,0.214898227655412,0.21447489903142064,,,,,,,,0.21541030263858163,0.214440645010729,,0.21450217756542841,0.21506308800468799,0.21449192817901533,,0.21592867450496492,,0.2470988919793343,,,0.24645118812629452,0.24542763640872636,0.24573575909219683,0.24552278277809245,0.24620187081675254,,0.24180087347157017,,0.24172163113309456,,0.2422632316472123,0.2416412183520061,,0.14071575135361136,0.14088818420022634,0.14012726019723482,0.1404227111315478,,,0.1368223972404518,,0.13352261331504506,,0.13328068808985405,0.006800599398210396,,0.006807626828900939,0.007026999195107239,,,,,0.007092668725118459,,,,0.0071613601335922435,0.007164470727960583,0.00714495976030432,,,,0.007221859725148142,0.007139432701702562,0.007173147351772579,,,0.007184227210135839,0.00718731045673988,0.007191358504868357,,,0.0071662522194247845,,0.007172224734642943,0.007186669970725929,0.0071737181489052,0.007180887165126609,0.00716415314153899,,,,,0.0072877211313445095,,,,0.007357851663957455,,0.007356057779252432,,0.007335273149797114,,0.007326856766595752,0.007327313578870264,0.007329042581457888,,,,,0.007317894025495034,0.007321216533819493,,0.007336053930338032,0.007296672719045415,0.007325989930478063,,0.007300943897387426,0.007307806416778146,0.007310048383687511,0.007306140932314902,0.007309981032511054,,0.0073195748481966905,,0.007316909299975266,0.007329009109193999,0.0073093632750859385,,0.0073195479409246525,,0.00731476112118211,0.0072989256686845526,0.0073041308215027675,0.0073083596446259546,,0.0073345291036791575,0.0073122726092960675,0.007305970960380424,,0.007311108374234516,0.007297728183479448,,0.00729627054895251,0.007304334509130528,0.0073113243631053966,0.007294184020999666,,0.007325039196093067,,0.007329026979541047,,0.00731367354053613,0.0073409866486663505,,,,0.007292695302319675,0.007299323207971996,,0.007308134769845269,0.007306747385481007,,0.007320831363498682,,,0.007305499232434404,0.007292860731330036,,,0.28086424212602906,0.27972572818675007,0.2793013283721413,0.2792576569337849,0.27964918364196495,,0.27980373145330817,,0.28003043935445765,,0.2803239554202789,0.28038176611079774,0.2803661452535696,0.28007473881795664,0.2804335284667081,0.2803402049689435,,0.2805306207290865,0.28040850956062274,,0.28067567032339164,0.2805950595350021,0.28023188199539417,0.28050657555923053,,,0.2793913245531418,0.2802159693984772,,0.28013570051789866,0.2808756391448062,,0.2793202321686709,0.28037429679567666,,,,,,0.27951144048451865,,,,,0.2799951854918881,,0.2786337791490293,,,,,,0.2797827731721838,,,0.2802054870693013,0.28095477496091315,0.2798942651004495,0.2806525943844068,0.27976507805358586,,,0.28057815455401636,,0.2762600711295546,,0.27885824600775766,,,,0.2800750781917512,,,0.280807486371717,,,,0.2801387757455672,,,0.2807298204730488,,,,,,0.28031794493538975,0.28000682848753894,0.2813928098612313,0.2802369170479124,,0.2802789767974309,,0.2799636208079344,,0.2802952647087116,,0.2798754603809289,,0.28045223899238003,,,,,0.2807929770065572,,0.2798375187383062,,,,,0.2798934569255574,0.2798058409161515,0.2794661155650553,0.27997628986245016,0.27982536465756036,,0.28045756829859764,0.2797716682439331,,0.2802298791999332,,0.2798636942689092,0.2809420819440004,,0.28031468235810175,0.2798458525504962,,,0.006793616611342603,,,,0.5247667163521185,,0.5219024247496759,0.5206156457996169,0.5198659749757881,0.007274980763324988,0.5637697642532651,,,0.5655678565913224,,,0.5641587851628117,,,0.5615462879634167,0.5628852559012761,,0.5627173862337179,,,0.5640142209137886,,,,0.5646884531752572,,,,0.5619378557336955,0.5644628331849441,,,0.562826583759135,,,0.5643674969341588,0.5618581920184867,0.563339504946618,0.5625714296927383,,0.5646658400500915,,,,,,0.5627624700942355,,0.56308471433424,0.5647086837370506,0.5640541964107163,0.5639047766275997,,0.56312529014796,0.565330336015196,,,,0.5636488291863287,0.5616243645728719,,,,0.5653830291912778,,0.5627845150922092,,0.5637728870882418,,,,,,0.5637294006947028,,0.5635270220087261,0.563932080801301,,0.5645748289694182,0.5644964151084323,0.5627786745006148,0.5632909463788759,0.5626463883273904,,0.566224909225066,0.5645436864242469,0.5626527411033196,0.5631852130420364,,0.5635360098100843,,0.5624377599368663,0.5634753524411902,0.562571067557299,,,0.5632097553877728,0.5627766889207373,0.5622253963508879,0.5643272947724827,,0.563110649053616,0.5627589237110954,,,0.5629215562674599,0.5622685051632278,,,0.5640418238861621,0.5636761948481345,0.5631224454085179,,,,0.5627902237375687,,,,0.5640965368577064,0.5635633562586467,0.5637849904995365,,0.56391872191673,0.5632300241841953,,,0.5620829708412108,,,,0.5621556009430138,,0.5648246653434036,,0.5634804692827712,0.5633358511606896,,0.5620341128106864,0.5628969101469691,,,,,0.5621835632793621,0.5644591412887671,,,0.5646067040166033,0.5636989797357104,0.5640143110255684,0.5626683513048133,0.564014985500295,,,,0.5645200821770389,,,0.5620478381990234,,0.5610236346277733,,0.5610470931418141,0.5635790460676555,,0.5631622753524386,,0.5635677003026849,0.5663028335331225,,,0.5633365695772641,,,0.4684536774229171,,0.522861214554249,,0.5675092689180664,,0.5655617364033461,,0.5666521818312222,
8,24,DG_48pct,96,Z09_F11,9,3PH,175061,181993,True,4626.7467726777095,4709.898902923487,4751.954322409227,5167.288574459239,5210.450773541835,123.55646479140349,7.532746118227506,5257.680092697831,0.16828845486069055,0.09227083696042157,0.08526299678878152,0.028447872347060414,0.0004140396305102,42.43601875100562,135.200919706454,53.78649038771855,31.194227646638023,13.019902584907316,11.171330713339616,0.027584268169651555,,,,,,,,0.5208863349270175,0.5188871366822998,0.5199634867203659,,,,0.5252485057582778,0.5237047111802232,,,,,0.5240149871364941,,0.5215330228643059,,0.5215561670358029,0.5193233302909904,0.520315762547307,0.5142752875738763,,0.5137547732197999,,0.5211291648449169,0.5229323901987664,0.5211401601421611,0.5201732605054828,0.5213364621904452,0.4861164100726545,,0.4629406448731612,0.46356270006408656,,0.4533664423407086,0.45278163397673343,0.4548843676361043,0.45389756093635175,,,0.4545078754357739,,0.455908011283748,,,0.45329954701589414,,,0.4534312201111652,,0.45392338262597437,,,0.44916474527026673,,,,,,,0.43694166211645064,0.43691096454019734,,0.43651436428640505,0.4365377863528582,0.4366491197222016,,0.43731828264414974,0.43802547807645614,0.4372200694027395,0.4353084886097065,0.43752141225523106,0.43688342253495105,,,0.43726695542145444,0.43614992670450226,,,0.3962545085697675,0.3936283739489385,,0.0503263778895047,0.04997404833167504,,0.04995298211942426,,0.04986182696226979,0.05024573450139329,0.05061278502098211,0.05059933031336651,0.050625427462617494,0.05058313165045028,,,,,,,,,0.05063133263977591,,,,,0.050672205341471606,,0.050578519174527437,0.05066096887521664,0.05051778169408366,0.05074756623807264,,0.05064358150072789,,0.050572117661917756,0.050477644127714265,,,,0.05063355577495724,0.05063311632370187,,,,,0.05051980659587502,0.050559189421874706,,,0.050798748295523846,0.050527330596035064,,,,,,,,0.05063406047735029,0.05059950074167473,,0.05050951133683068,0.05061407836576751,,0.05068219573819569,,,,0.05067995548256833,,0.050622167959677035,0.050549279262300614,,0.05084721336860702,0.05074206017415498,,0.05053968328207205,0.050484373061227106,0.050650265728017486,0.05054848557142591,,,,,,0.05050872353351807,,,0.05063437243629982,,0.050615401139812034,,0.050748960699402074,,0.05065644632810115,,0.050690921507695275,,0.05068285049407114,0.0506306456738792,0.05082701641281356,,,0.05059074260226324,,,0.05063582631858402,,,0.050583916015610145,0.05069284594249246,,,0.05066371110585686,,0.05063654536313675,,0.0505922735342493,0.05050925722256191,0.05061315067196609,,0.05059456073538229,0.0507387764978554,,,,,,0.05075300565367213,,,0.05055756160129268,0.050645162197744634,0.05055884347455212,,,0.050648671403046665,0.05056945420567496,,0.05054763549510249,0.05071135106411629,,0.0507009477493958,0.05036700315752877,0.05060037569386961,0.050531731682899726,0.05075780990064531,0.05052174661713137,,0.09272472711108991,0.0924111174791041,,0.10835074598433717,,,0.03250128199227139,0.03249903024173554,0.032503566274466184,,,,0.1398157166675909,,,,,0.13959682916727237,,,,0.1400763205823248,,,0.14001154289509804,0.14009614056886344,,0.13960574659270816,,,,0.13966236584714165,,0.13977010965357295,,,0.13964860335539195,0.13979339882713943,0.13944098834129418,,0.13941259761350283,0.13970433255105422,,0.1400513091887396,0.14005966652746699,,,0.13988078870077655,,,,,,0.11763296751894706,,,0.11789753358610655,,0.11774698194948563,,,,,,,,,0.11807983533938432,,,0.11808339113035461,0.11787219300648515,0.1179849076262294,0.11797620076476223,0.11763105476083627,,,,0.11775616811389486,0.11753717923612815,0.11786753612314542,0.11761531413857741,0.11754241914865288,0.13979677447067201,0.13948303906970175,0.13985018814278796,,,,0.13971206718612939,0.13953408425506938,0.1396666061631948,0.13931241257115157,0.13940100496014965,,,0.11744707577014193,0.11779128406625247,0.1174865924904725,,,,,0.11766918244092017,,0.11763292401209463,,0.1177992368429704,0.11718590308805787,0.1393265284645708,,0.13923687909451155,,,0.13961917893047834,0.13929134802641605,0.13911118863490088,,0.14001975363766272,,0.14005028001727288,0.13947961382892476,,,0.14002621218005432,,,,,,,,,0.13984709672291756,,,,,,0.13898476127216214,,0.1175211162449285,0.11758503598372372,,0.11778419136622068,,,0.11759624602796515,0.11749280280738715,,0.11760954378877715,,,0.11773260566140646,0.1179540471795885,,0.11769882936306476,,0.11757128733464448,,0.11762623031618512,,,,0.11789374157846624,,0.11746780760320041,0.117975876145454,0.11775028260575712,,0.15230120449271026,,0.15251150813209124,,,0.15238829036928198,0.15190178801696985,0.15206507659358415,,0.1491653550362324,,0.14965035938910018,,0.14955530617831655,0.03470537599370116,,,,,0.03445009455430991,0.03366228267704592,,,,0.03275439704525438,0.03282352395123782,,7.340303746568733e-05,,7.616789794094038e-05,,,,,,,,,7.742580900613717e-05,7.73419804060411e-05,,7.728862531387647e-05,7.740212395523119e-05,7.818740373375632e-05,7.817444630696265e-05,,,7.760906307598005e-05,7.759564597702696e-05,7.776512440979339e-05,7.750597159320201e-05,7.770889704813706e-05,7.783211621101185e-05,7.79359144586016e-05,7.777628715714596e-05,,7.775048094233536e-05,,,,,7.756503265005805e-05,,7.933419023810426e-05,,,7.892333922751002e-05,,7.873025125734693e-05,,,7.950059031709216e-05,7.948625789967944e-05,7.951394400311897e-05,7.933041371435398e-05,7.945750479141586e-05,,7.958501322296563e-05,7.970147148146939e-05,,7.967382440041559e-05,7.92325723040756e-05,,,7.925112827493756e-05,7.908958427662368e-05,7.930952264579473e-05,,,7.897399695858004e-05,7.925077586945343e-05,,,,7.90300876113052e-05,7.919497329726337e-05,,7.918197747981252e-05,7.901070464199303e-05,,7.933330403093722e-05,7.928751058647334e-05,,,7.935984931329632e-05,7.915098499754669e-05,,,,,7.905251895158436e-05,,7.914986854732705e-05,7.910686116501777e-05,7.922510905323369e-05,,7.908516282666299e-05,7.916705975047515e-05,,7.936757879592573e-05,7.928284100785307e-05,7.914632252581936e-05,7.908453327810195e-05,7.917708350620403e-05,,,,7.913025616475759e-05,7.92403816749054e-05,7.92421052688352e-05,7.91279831748132e-05,,,7.912960274395229e-05,7.901561988287123e-05,,,,7.912237584557206e-05,7.948850844817433e-05,7.903826998241457e-05,0.19190584100345612,0.19139716103178347,,0.19078493979537456,0.1909802694764509,,0.19206966990217256,,,,0.19151612523850814,,0.1921472113177262,0.19199394472179537,0.19166204624593636,0.19168561253456826,,,,0.19108469241311,,0.19182395487458606,,0.1915017287509134,,0.19146162140678152,0.1912147239856845,0.1916903748353455,,0.1912398575625675,,,,0.19209521986901637,0.19229318259885114,0.1919336917813716,,0.19217464780791538,0.19208755389109933,0.19150414533072374,0.19131694571369712,0.1916211675189361,,0.19146367846996226,,,,0.19125978821167938,,0.19118384227474183,,,,,0.19126087446431886,,0.19156587290572943,0.19157899711051277,,,,,,0.19197015138021617,0.19139901414047003,0.18877516883510734,0.19043667384701443,0.19160306662355808,,,,0.1915988594226798,,0.19142416996766692,0.19101639841798285,,0.19154664318448827,0.1916964618483441,0.19194785147842425,,,0.1920433174728779,,0.19183284900664307,0.1914326991600615,0.1917605172340475,0.1914720095518312,,0.19206634752664867,,,,,,,0.19144480897902091,0.19135135806481252,0.19167851604723551,0.19231355564716238,0.191443010950498,,,,0.192266504849586,0.19103586125252822,,,,0.19166045927777506,0.19209181239835302,,,,,,0.1910278904000425,,,,,,0.19148167788841544,0.1916828283524933,,,,,,7.325744053086405e-05,7.329419561496423e-05,,7.327669319591805e-05,7.353330202727521e-05,7.331310435000994e-05,,,0.47345560169736134,0.4726497291374486,0.4718546666079629,7.867632291117609e-05,,,0.5221257460333989,0.523142730910947,,0.5221147394211442,0.5226527850453756,,0.5227713295351143,,0.5234214402128068,,0.5232153614688522,0.523071928018202,,0.5241503388644165,,,,,0.5235958892514072,0.5237472328302352,,0.5235638403372528,,,,,0.5226138694432944,,,0.52205523209818,0.5223868277686907,0.5224493373379535,,,,,,,0.523237465944599,0.522445601227123,,0.5220696080068439,,,0.5221610500493193,,,,0.522254525890936,,0.5227657882678031,0.5210539240951861,,0.523065096575053,0.5241206309844599,0.5230895769650007,,,0.5233659953377908,,0.5238108108967925,,,,,,,0.5224688171622665,,,,0.52362320408229,0.5228892819282783,0.5230259201941535,0.5232128115223291,0.5227725321813701,,0.5222644031132007,,,,0.5231805878312413,,0.5218810109602868,0.5232403014645826,,,,0.5237381493597251,,0.5225133215386363,0.5215945980060952,,0.5236506960429802,,0.5234348270094575,,,0.5216591223771679,,0.522286193635021,,,,0.5217960456408881,,,,,,0.5219321040366173,,0.520510593260014,0.5230858073335216,,0.5222337752170405,,,,0.5236603012036994,0.5226409043933941,0.5224920118635268,0.5230485229174844,0.522367465243787,0.5231046782655514,,,0.5239244509758492,0.5228023601378666,,0.521917117733943,0.5233466254000171,,0.5225786764800782,,0.5234800811066883,,,,,0.5232883467407441,0.5215611919436351,0.5238949296556076,,0.5222450738219908,0.5225922082762935,,0.5227367346301581,,,,0.5240650307063762,0.523211564353945,0.5242588752390952,,0.5227249376283541,,,,,,0.5208880208883762,0.5222880473918374,0.5229807639464256,,,,0.41590411468587407,0.4159606026763899,,0.47353576821992976,,,0.5255277114719004,,,0.5244259157182056,0.5253007694790616
8,24,DG_48pct,96,Z09_F12,9,3PH,175069,181998,True,4139.825025215517,4188.759398007014,4216.394340945617,4595.824548580136,4614.6358613827515,199.41198478404388,15.331284961803588,4724.388260025195,15.405660849151603,8.490774216597217,7.89130220291686,2.6187857380477433,0.03806031683796646,45.556988780898685,146.07620413585468,87.13383966451048,96.6688272253121,40.183847722918834,45.73700648515258,2.555544245202085,0.7261431999940117,0.7265067234654226,0.7262849233028336,0.7292773775381994,0.7263045520917634,0.7260433975597373,0.6569000140406203,,0.5590732387488827,,0.5585122255422026,,0.5676865005792721,,0.5669957056216861,,,0.5665907474196696,0.5656071126757701,0.5656745696041424,,,0.5606279204838284,0.5598012453363562,,0.5611579807663447,0.5535238286754308,0.5536952970799492,0.5539692439142739,0.5617394842088096,,0.5616051238871395,0.5607815972172067,,0.562097977861057,,0.5119164817010053,0.5124345221008506,0.5112550290925334,0.5036594507657669,,,0.5046855175024083,,,0.5039500895022434,,0.5037818536471642,,0.5046393627196625,0.504338111944708,0.5070487355945678,,,0.5041321128528393,0.5056907636093794,,,,0.4971267012545636,0.4981123471663327,,,0.4891781199806765,,0.48835257429063483,0.4893408550787129,0.48884711306453177,0.48990653682536905,,,,,,,0.48821161611864344,0.4883027102406875,0.48790398101085064,,0.4885173380548984,0.48877042390146824,0.48932335181474634,0.48902413302859027,0.4898151553379803,0.488357388988239,,,,,0.1540412334956021,0.15411610134383807,,0.15465263352171227,,0.15431079667644743,,0.15714964595345035,,,0.15590267609791436,0.1564499590768345,,0.1559485083150289,,0.15595451491626416,,0.15653438867452174,0.15661126165172823,,0.1564281087922634,0.1561404000629314,0.15580184994750143,0.15622186780244776,0.15637570618033034,0.1558568938381314,0.1562343683753351,0.15618578236156475,0.15634299362581036,0.1563181490829545,,0.15608547151218782,,0.15600445254462914,,,0.15573172659571768,,0.1562573471713088,,,,0.15621284991817005,0.15608716858305113,0.15597450990673356,0.15620007603925556,0.15590671606806616,,,,0.15602450622887945,0.15609219438982644,,,0.15631320335114743,0.15588841458382455,,,0.15646005911038272,0.15590533753361077,0.15646199541477068,,0.15659099110081284,0.15631692148112647,0.15624285569774973,0.15641206083153894,0.15656874751720243,,0.15596065929588393,,,0.1559181370920638,0.15612517440050824,,0.15636878991456366,,0.15597758885862584,0.15611733688286938,0.15592421567141662,,0.1562215970076394,0.15608409422092973,0.15587210477999816,0.1561414278025005,0.15571624519487492,,,,0.1557895904850833,,0.1559909538205176,0.15615883570765898,0.15602987758850903,0.15598363076643407,,0.15627192285180436,0.15624149344108368,0.15619414925612823,0.15595527478776067,0.156496935643451,,,0.1561112971855011,,0.1564110666154175,,,,0.15651174500312204,,,0.1557517978931363,0.15632469277519792,0.1563774427062233,0.15606074052579585,,0.15633526166748735,,0.1560408566012095,,,0.1560270116057281,0.15631932628336603,,,0.15554174140707974,,,0.15642300083195765,0.15573405160484785,,0.15632489451594508,0.1561362730317729,0.15645838911384413,,,,0.15578914572199268,0.15593770469268387,,,0.1564004501000964,0.1565437361742445,0.15653478630727294,0.15581678111451797,0.15572034232220727,,0.18885089302416413,,,,,,,0.13858327112621305,0.13840557386740374,0.1385926880772199,,,0.23476195153232804,,0.23483973881018727,0.23447492966143865,,,,0.2349854794228059,0.23462158325910593,,,0.2342299646249919,,0.2351380090011073,0.23431384641138467,,0.23476317603406496,0.23465651304086907,,,,,0.23439394860087345,0.23469595375630575,0.23388378527024037,0.23451217931503252,0.2346656491546799,,,,0.23531383692523522,0.23430047822872055,0.23475373432658508,0.23482174788953028,,,,,0.23439257672757333,0.21532349072965498,,0.21461735875660043,,0.21505263981084494,0.21485433319868052,,0.21463557138314032,0.21544872772756168,0.21528494853584526,0.21535330996416438,,,,0.21522410180260682,,,0.21526557528924414,,,0.21510536947987052,0.21511957231355422,0.21488027712803534,,,0.21440330910499705,,0.21498081230090485,0.21412746497264362,,,0.2144306476784827,,0.2343690447980719,0.23493156172778049,,,,,,0.2345308887740603,,0.23419995744957509,0.21495587599963314,0.21528845890407972,,0.21460448025852435,0.2146446319423588,,0.21473026314195134,,0.21465455584266654,0.21473559559926997,0.2146631982836217,0.2144431501460776,,,,0.23432714122402545,0.23434313246986624,0.23468558344687893,,0.2341141881338073,,,,,,,0.234530528283322,,0.2338106821338918,,0.2334669391912161,,0.23426345983087352,0.23370585064257174,0.23381105052337706,0.23407685428514785,0.23396295828427208,,,,0.23432329500428722,0.23422809556806745,0.23468479577427587,0.23496986997336866,0.23431835116094962,,0.21485739259818576,0.21445402495404978,0.2142572595866734,,0.2145983348604511,,,,0.21461124313843077,,,,0.21495776573966124,,,0.2144622154146843,0.21471187091171565,,,,0.21535680511483077,,0.21454627695689374,0.2145958274143352,,0.21437406357809308,,0.21458117761997506,0.21478062084975524,0.2462357807321458,0.2461858355882589,0.24651156598840498,,,0.24585788971340009,0.24557667840990827,,0.2450218060870234,0.24147784474213216,,,,,,,0.1412901977706487,0.14089982074036936,0.14027928312311874,0.14014398173270534,0.1399990827923412,0.1373561004204154,,0.136706053107532,,0.1333557640731315,0.13348241197944166,0.00678929970201005,,,,,,,,0.007090479347104006,,,0.007161490908733376,,,,,,,0.007222387115745791,0.00716769460703465,0.007192384848506168,0.007185097473174162,,0.007191613158533537,,,,0.007181125845490698,,,0.0071858345457022025,0.007176470430946741,0.00717358966028453,,,,0.00716344995723281,0.0073173294868586185,0.007297706115726336,0.007322433603001852,0.007336356962296508,,,0.007347806751649285,0.007342770183610233,0.007325285607398235,0.00735011897834165,,,0.0073523630936782195,,,,0.007338624264585158,,0.0073245076399180604,,,,0.007325243429597286,,,,0.007319938221732913,0.007326062780754576,,0.007318534789261541,,,0.00731018392346168,,0.0073141088432562475,,,0.007319958554351101,,,,,,,,0.007316932840504689,0.007322728808095432,0.007331889080127399,0.007302999591502082,0.007309156205161738,,,0.007303698313264414,0.007308009622628112,,,,,0.007309918608647298,,,,,,0.007288442767846379,0.0072859297131383765,,,0.007313238683311204,0.00731221472102012,,0.00730330580828686,0.007309483190080168,,0.007304968571185941,,0.007310382714715039,0.007321816492472458,,0.27982613731516653,,,,,0.279907560294718,,,,0.2798605612212799,0.2803228483333264,,0.2802997891437307,,,,,0.28028072943910143,,,0.27988815000848927,,,0.28071501871178467,,,,,,0.2805328372051664,0.2808736185302705,,,0.28022070103149954,,,,,0.27917640176326286,0.27962491948610724,0.2798567962872482,0.28000221850537127,,,0.27904127497981646,,0.279492360177162,0.2800753396503557,0.2800172243286491,,,,,0.27994829561742385,,,,,0.28109221451192523,0.2801292790667248,,,,0.28072952056332373,,,0.2795956769293523,0.28029935939804634,,0.2804294889406391,0.2791488686778307,0.2800752360827049,0.28047287587995884,0.2797186854994919,0.2798829006871263,,0.2795992659365182,,,,,0.28004018258013874,,0.2802731053734186,,0.2809716376756048,,0.28157880933309637,0.28043046433951446,,0.2803611630027837,,0.2808564315596138,,0.2801192331429933,,0.28061566321031417,,,,,0.2798888751134852,,0.28014658135472165,,,,0.2799650670416957,,,,,0.2802213366279778,0.279826506219686,,,0.2799095512120085,,,0.2807701975676919,0.2799670964868891,,0.2804921107606809,0.2796562146165304,0.2804949878157587,0.28040100109316424,,,,,,,,,0.5878179807367873,,0.5212829669605906,0.5209201329247549,0.007275089175911202,,0.5641233710835948,,,,,0.5635483948880313,0.5637969147803708,,0.5636151788835293,,0.5621169901151736,0.5632453607720895,0.5620375239235045,,0.5618420420861879,,0.5637268606414186,,,0.5638471117195827,,,,0.5642001054201305,,0.56255362451703,,,,0.5632033344410807,0.5624869479075134,0.5625283918512318,0.5626981034173301,,0.5637663035840895,0.5628449659471035,0.5618487709790816,0.5639674476026579,0.5642276598121387,,,,,,,,0.5640290941518658,,,,,0.5653635734973854,,,,,0.5636704216772161,,0.5650367874468282,,,,,0.5647245565223229,,,0.5643929100967402,,0.5637187925164989,,,0.5634608650662837,0.5614431083622663,0.5643428817446353,0.5645143001068077,0.5634850444506581,0.5629770107792454,0.5645539937389756,,0.5631116188998516,0.5624373399275727,0.5641354108330866,,0.562176743434357,0.5622364367090601,0.5642992094863835,0.5634086530976441,,,0.5635783946420514,,0.5626986502815005,,0.5622124532065473,0.5626789409978546,,0.5639852917986896,,,0.5637031154075843,0.5635395854258001,,,0.5627261753780973,0.5626833082334427,0.5631930054071168,,,0.5639836635476901,0.5631796524676177,0.5650114237127192,0.5635918435247075,0.5635749044676248,0.5632625169888493,0.5628209694332114,0.5649159079248036,,,,0.5621205981679115,,,0.5651482435132156,0.5646905570412959,0.5634817065021922,0.5627822883690222,0.5636048283273558,,0.5626766451996257,0.5626610081562046,,,,,,,0.5652585681270087,,,,0.5647347352215631,,,0.563154622157165,,,0.5636239198199336,0.5629840213575479,0.5639068148114428,0.5647834892864153,,,,0.5643950948807658,,,,,,0.5641544685854918,0.5635603692393102,0.5628475562240061,0.5623453340613576,0.564107045163068,,0.5642431749544826,0.5648494018721858,,,0.4677913582258307,0.5226453461946106,0.5234835035066181,,,0.5656698985143247,0.5664435400633784,,,
8,24,DG_48pct,96,Z10_F01,10,SLG_B,175082,182011,True,6455.884991152561,6355.186952550186,6284.0457950988475,5480.23221582792,5403.584979647244,586.5977609973343,57.650945026049044,4503.876965655665,4650.635289208106,1436.4034357486903,1324.357772581993,406.5411625656627,4.382394693850883,58.540330992527025,190.94796773641337,257.17919304317286,448.268260660455,184.4565461205758,261.3089012422864,546.780558904337,0.6673151293628364,,0.6676125457810749,,0.7515095165483168,0.6624165132801465,,,0.4683146110760033,,,,,,,0.6125454741793176,0.6165523087972791,,0.4924413414178018,0.492051047481371,,0.46802107668509024,,0.46567606297018194,,0.4656702693999665,,0.4636692267448384,,0.4689709711970384,,,,,,,,0.4287813599431478,,,,0.4122789143555576,,,,,0.41267101816910196,0.4128687240390727,0.4129515944576284,,,,0.4117477377135786,0.41377468082920765,0.41204677765612907,0.41378459997990585,,0.7581064002602796,0.7596576151323646,0.5583903435669482,,,,0.7588802698002787,0.7600316271432118,,0.7592253692869734,0.7589320529278706,0.7601053371706263,,0.7572928814488173,,,,0.7594303273844958,0.7617696652879358,,,0.761285470752279,,,0.759012237471342,,,0.7599000074152209,0.35106305580905645,,,0.27850418912646535,0.2915720919579899,,0.2923242102741144,0.29313746734532137,0.2934536734631935,,0.7997033110892943,,,,,,,,0.7975072159833695,,,,,,0.8011092524678173,,,0.8004474747446326,,0.7984891382746248,0.7999846671493696,0.798191650434352,0.7994948300328375,,0.8005450005482321,,0.800671589635594,,0.8000514677333206,,,0.7972628860304485,0.8021249858688846,0.7977432459799277,,,,,0.7989138841589631,,0.7985469534981364,0.7977332497406233,0.7984499643807594,,0.6056034764841518,,,,,,0.6067934103744396,,,0.6071913658841316,0.6079491383397964,0.6081137051486255,,0.6061994245108746,0.6061691244684007,0.6086379980366629,0.6070741999137788,,,0.6066174808940517,0.607187327663952,,,,0.6066302967372119,,,,0.6096054310499827,,,0.6056448691560864,,,,,0.6071363869861094,0.6060717347040945,0.604123172652451,0.6083111777779924,0.6063280149718132,0.6062381345024757,0.6067524030117902,,0.27960444450411215,,0.28038777391738845,,,0.2798860870536878,0.28067952267678004,,0.28062579716415503,,0.28042416568682754,0.2801006874064514,,,,,0.28051110075946417,,0.2813765769612473,0.28035187676305295,,,,,0.2793814976694653,0.28027182951339114,0.280336463296537,0.2805936204446079,0.28056905748040767,,,,,0.2810700944438606,,0.27905047726481397,,,,,,,,0.2814414124809336,0.27990577740711015,,,0.28029597372435655,,0.2803264569161783,0.2803289179220259,0.2810887750555239,0.2816202594898321,,,0.2933629667083554,0.8028851095890364,0.7896178788101845,,0.2882714532369392,,,0.2894641610531462,0.28815656119950084,0.8079354607813266,0.8085356221582461,,0.8046474725306126,,0.8051182917810683,0.8094237755956892,,,,0.8062601182189546,0.8072800913534474,0.8063835007428363,,,,0.808871299843758,0.8051111650404188,,0.8068485904494915,0.8069380328907266,0.8087192577966347,0.8052733016949221,,0.8049895499068273,0.8053055932921175,0.8052031745689066,,,0.8053990051832403,0.8037153622307224,0.8053523956923149,,,0.804359005918194,0.805407591519854,0.8066004545233956,,,0.8059789901527514,,,0.8021741022491164,0.8023824592459506,0.8038188453759332,,0.8036473099892176,0.8018517611031292,,,,0.8023228286646344,,,,0.8050320146442064,0.8039465713466573,0.8044625755160165,,0.8028090399341499,0.8040636605780542,0.8045447343730031,,,0.8029905550524405,0.8026671900854052,,0.8014643296178279,0.8014915838785538,0.8002021591275388,,,0.5927003486594092,0.5935919906113158,,0.5941215656965082,,,,,0.5930065836360563,0.5933365825454122,0.5930005878847984,0.5931658933099383,,,,0.5926233610646844,,,,0.5939547746027989,,0.5925484029450466,,0.5904342187006677,,0.5918058365303521,0.5905262030659869,0.5901181001883559,,0.5911986108136658,0.5918620823694526,,0.5918414992952266,,0.591690101276802,0.5921537672786075,0.5919848632228945,,0.591716969298752,0.5928353092776507,,,0.5926520831183365,0.5923295500592936,0.5935268561245062,,0.5917297806503014,0.5921964520889261,,0.5921506388100017,0.5916084780701928,0.5929145666220778,0.5936055928820584,0.591092960908887,0.5942683549211205,,0.5947998206573702,,,0.5908427277276724,0.5911523578992498,0.5900306391730444,,,0.5914771947826146,,0.5919165852848116,,,0.5929934264341782,,0.5911608560235443,0.5914928864888557,0.5915423273205681,,0.5922633801580085,0.5919200647290564,0.5933035452968949,0.5921375641394193,,0.5920555412735324,,0.5916360063243563,,,,0.35897483040083145,0.35948819100591206,,,0.8101244154615375,0.8092696931151597,,,,0.3167581236188866,,,,,0.3182911671404109,0.7946763687439028,,0.6024873318083518,,,,,,0.2855532222421415,,,0.28146122445653476,0.7906119546927773,0.07176819679793857,0.6223755954645008,,,,0.7927946898676793,0.027852515244191328,0.6787909142153105,0.039117194763178924,,,,,,0.038909933793713165,,0.04766018792189529,,,,,0.38533414164802793,,0.38603068255621664,,0.3854872054565068,,,0.3851801163467049,0.38516102917831047,,0.3866037749829407,0.3867982342988031,,0.38541622805492315,,0.7182848239447206,,0.718575981573772,0.7180288676355161,0.7178582467740778,0.7108785833698933,0.7899023849640073,0.7895793194929696,0.7902855076065366,0.7929566330946577,,0.06582739560355795,,0.06588975674120603,0.7269847534920252,0.7241320429762369,,0.7249622460944594,0.3918657976162725,0.39323676053210693,0.3930578131294276,,,,0.3928100335315205,,0.3928205166632854,0.39308395655435185,,0.3926689747924127,0.3914877841979423,,0.39550941045072785,0.39302013100742006,,,0.39287641357284525,,0.3933140612092248,,,,,,0.39252323337685124,0.39177070918154183,,0.392664533777846,,,,,0.3914292951086202,0.3926252939350279,,,,,0.39368747733891124,,0.39258091576858123,0.3926971208922281,,0.39396582675667585,0.39293238281863163,,,,0.3923613802918186,,,,0.3936270240209469,,,,,,0.3847869778777081,,,,,0.38554618820357034,,0.38487237648535777,0.3860112884623137,,0.3868811486155156,0.38474891485718987,0.8127627014078769,,,,,0.8126548450187185,0.8111479499003112,,0.81326001314144,,,,,0.809792578083125,,,,0.8102374911705511,,,,,,0.38554765268592106,0.3864081299545712,,0.38514366271503203,0.5909136765626647,0.5918035871560708,,,,0.5910546428200547,0.5903322298710576,0.5921942922026008,0.5902137214123842,0.5899378007329694,0.5909796746635106,0.5928202042698026,0.5915857397230826,0.5918782637340533,0.8113538856269593,0.8090395496602247,0.8107302250598183,0.8106708981269177,,,,0.8086579287019421,0.8108596349260998,0.8136131671135788,,,0.7993111021839502,,,0.5916523301701133,,,,,0.592916661981235,,,0.38613757604189247,0.38534342634623575,,,0.38515222968927953,,0.3865215643475839,0.3866390310931128,,,0.38593884381972254,0.3859341273082546,0.38631156236012454,0.3855756102117781,0.3861020223397439,,0.38633910233505375,0.3862619677568779,,,,,0.38639344944333553,,,0.38632054886765815,0.5939843317895583,0.5919620811563889,,0.593604177971413,,0.5936063950310627,,0.5918739968342507,0.5912191598501035,,,0.5905294422314966,0.5903704008327374,,,,,,,0.5913032749753137,0.5913902519422012,0.591841362908077,0.5937851901761749,0.5934496752085366,0.5913233627999381,0.5923274165436785,,,,0.32211858583016806,0.3220888013881454,,,,0.43362870342949883,,0.43214262476782156,0.7905553730911326,,0.46577350618793023,0.4660189099150156,,0.4670939989193931,0.4669540260649816,0.4667509178351709,0.4655390284823916,0.4669772681452723,0.4667851797759585,,,,0.4659622853219885,0.46648432053891103,0.46634103834418444,,,0.46728005072212236,,0.466923261151313,,0.467689659589112,0.4669996232405694,,,,,0.4664876802971241,,,,,,,0.46644825684967073,,,,0.46683911647972054,,0.4669615449548877,,0.4660364155180135,,0.46701354022695535,,0.4652073955231459,,,0.4666115261132466,0.46648254996662053,0.46552934364077125,,0.46663355681680657,,,0.4665813192120718,,0.46697939774656294,0.4664183468597392,0.4664861770731683,0.46703750160791113,,0.4664635628269031,0.46614248107791045,0.46807724867800937,0.4663732032732971,0.4665572082121274,,0.46710671387215796,0.4657825110948629,,0.4660476405648772,,,,,0.46671450850332286,,,,0.4665457903624046,,0.46693566932802116,0.467515510995667,0.46768648494892917,0.46671100787588166,0.46632298474640477,0.46600968575786084,,,,,0.4673811057712358,0.46629276491519617,,,,0.4675454268449647,0.4653732836105609,0.46702546830133057,0.46789401167463,,,,0.46675647551427857,0.4667265458271607,,,0.4673020065652979,0.4659199337359418,0.4665418703288004,0.467541379201421,,,,,,0.4669587350554893,,0.4672738352865333,0.4666075055470708,,0.466883546977897,,,0.46661147666486347,0.46605055037364174,,0.46667835628166876,0.4668851000775635,0.46619948456879706,0.46654782570518005,0.4663751567705296,0.46850768991197805,,0.46573428723936183,,0.4667322463660411,,0.4656991129248435,0.4674655863865388,0.46602181848789226,,,,,0.4676664139236147,0.46776293927329454,,,,,,,0.4669365824749469,,,,,0.46608509068731135,,0.4665670574138581,0.4664433644829632,0.46759245814193295,0.46680232386700155,0.4659921247927042,,0.37640236418202644,,,,,,0.7629554585819147,0.6146584864021138,0.6143065819695441,,0.4932311980043211
8,24,DG_48pct,96,Z10_F02,10,SLG_B,223585,221729,True,6381.564092644807,6221.656244687415,6195.171103621013,5412.735119120172,5346.566745590174,576.9149923588708,60.14565588146272,4391.5160372316295,4572.820146495469,1280.2646217598362,1180.4566228745437,363.1188480670024,4.76832690104699,58.16135000664761,190.01448508882675,252.47596329287407,463.3893291049131,190.84572940984984,275.1084580999993,481.4734596169291,0.6759500082854283,0.67733180453201,,,,,0.6967875895812946,,,,,0.7563701902284776,0.7607125517851974,,0.6245663999226277,,,,0.5010774152486741,,,0.4817945741160723,,0.4795238673080231,0.4791510359783172,,,,0.47818055934315906,0.482732466084549,,,,0.4803696502076575,,0.7721461977397408,,,0.44655333810020936,0.4307946758881381,0.43046839854402646,,0.4303059549464849,,,,0.4311708675038922,,,0.4310330080340803,0.43025337747951425,0.4301715298922893,,,0.43087056600064066,,0.4311899594278901,0.7590722220316258,,0.5696717939013897,0.4843177070991861,0.7575417482839978,,0.7612452888985791,,0.7583289274881208,,,0.7593460677706427,0.7593307366345022,0.7590165529133415,0.7606409947977718,0.7604654829848184,0.7581756947321411,,0.7597105973081796,,,0.7593090510025012,,0.7580428472060121,,0.7601173307436776,,,,,0.37114971068254504,0.3084630743543433,,,,0.30443271661914145,,0.3045281244879703,,,0.8087354683775795,0.8130680229884208,0.8099592551808505,0.811464086434271,0.8076953597258306,0.8108756159550032,,,0.8094718536919598,0.8107747209098138,0.8098885965134134,0.8090961811954707,0.8109237777221955,0.8095712160019142,0.8084878158823967,,0.8110539757518964,,0.8083974089226708,0.8110586746211428,0.8072468914853262,,0.8096549101612915,,0.8109836251337582,,0.8085838726030496,0.8100217898744754,0.80944304507586,,,,,,0.8097739924500899,,,0.8075444083872053,0.8101379446409757,0.8062606764265118,,0.6044100803546877,,0.6044012593134359,,0.603001325547465,0.6035182149622668,0.600989748185415,0.6034068978494197,,,0.6053384399780868,,,0.6046592343859891,0.6029011112797811,,,,0.6044056674016947,,,,0.6014531916659013,,,,0.6022587550292474,0.6032490972416334,0.6044484431254921,0.6041377500787093,,,,,,,0.6038252834743625,0.602081396627385,0.6028654911424545,0.6037743423587197,,,0.6039413418191716,,,,0.30988805203249004,,0.3099129901115192,0.3096860654946116,0.30935790644041533,,0.30978144957878423,,,,,0.30969399377295176,,0.3091572692247922,,,,,0.3098095347453474,,,,0.3095347280003644,0.31008977189931075,0.3087985798930491,0.309311411648551,,0.30945303498188365,,0.3099923331422207,,,0.3104768329849877,0.3102726282317572,0.31044714600049333,0.31023622156666,0.3094158332796942,0.30998013340766073,0.3097659323857822,0.3094934600904976,,,0.3099068702040797,,,0.3097275215919159,0.30817389918285215,0.3094217575533821,,,0.3085171242359425,,,,0.30618371876897926,0.8102775590773305,,,,,0.29725482791909824,,0.2979435839220481,0.8148352191517566,,,,,,,0.8164642660334616,,0.8145160236752131,,0.8159749613492906,,,0.8142864533073432,,,,,0.8170099859947281,,,,0.8143968704093164,0.8114746139241443,0.8153159740110578,,0.8146300780814386,0.8131769292175055,,0.813946186884134,,0.8137236860058941,,0.8172493553678388,0.8140173141084678,0.8148312580595058,0.8121412035944148,,,0.8139745529055701,0.8115154899856002,0.8107164646687763,,,,,,,0.8147443340816343,,,,0.8133406994017343,,,,,0.8136373788141715,,0.8142985112664527,0.8104133301876394,,,0.8142865229311012,0.8144874811874857,0.8107016930250301,,,0.8130464218794463,0.8124394512102225,0.8119395562700213,,0.5922146194572872,0.5926282630014484,,0.5916447384454309,,,0.591747399211254,0.5916786444848589,0.59097716188759,0.5915612983080477,0.59110968070589,,0.5922751626526265,0.5906049611316538,0.59064459060948,0.5921371623049042,0.5903295775681189,,0.5919232073251677,,,,0.5889800570071846,,0.5905602928519776,0.590008681362848,0.5922525285793336,0.5910413064093651,,,,,,0.592035740818712,0.5921987234883332,0.5919501866439769,,0.5920307033347038,,,,,0.5908914366400828,0.5920420894267983,0.5919123946030046,,,0.5923503972914297,0.5906854023288471,,0.5918228084386277,,0.5918549787617258,0.5922034217126257,0.5907537017172915,,,0.5904753073172027,0.5911226493709658,,0.5912986515347791,0.5921946008702784,,,0.5920809827731284,,0.5917704034816567,,,,,,,0.5896853827653943,,0.5917714808575373,0.5930300654733214,,0.5904846522391859,,,,0.592628619281121,0.5907296128832958,0.5916987582277258,,,0.38560255422273726,0.3862329609475315,0.8183040091174947,,,,,0.33353382062366255,,0.33399725841047095,,,,0.8055326364631432,0.2831820134803199,0.5959697634995162,,,,,0.29400111032243564,0.29390647373726814,,,,,,,0.8149166078781657,0.12325448639193837,0.6446672928445225,,,,,,,0.14403017349638086,,0.8187088407531001,0.14348482728084544,0.6661616949997272,0.15160849754381492,0.15144474296768243,,,0.3307221548089275,,,,0.3304553999539168,,0.3314627031914681,0.3312028324494212,0.3311462374526416,,,,,,0.33104922418909444,0.3316553523708937,0.6889877349002532,0.6903752084012358,,,0.6892137488252316,0.6812297617766884,,0.8246310231102926,0.8237450698972003,0.8252779682133369,0.16615396805927551,0.16676948845737677,,,0.6960595602516975,,0.6961318005527094,,,,,0.3372112724192127,,0.3372439218385734,,0.3374875093121544,0.3375078037285411,0.33724491417912583,0.33572570616425657,0.3374796401354631,0.33734797741932865,,0.3376946683314082,0.33708551985766455,0.33684932867740636,,,,0.3369421837915062,0.336991015291446,,0.33794209477699305,0.3357637508272308,0.33597076645874735,0.336390659204918,,0.33699414358760016,,0.3374255793554128,,,0.33655933958987877,0.3365921020612123,0.3362700263707838,0.33701896918864566,0.33670274640048425,,0.3368327746603429,,,0.337494433313602,,0.3366065655363913,,,0.3377441239400927,,0.33744277803889394,,0.3363079720667306,,,,0.3375338512889388,,0.3371434238354215,,,,0.41059138993078015,0.4098812990617603,0.41093229891178196,0.4107067162873291,,0.41027467194022776,,,0.4109652868903755,,,0.8185271293359675,0.8194209303316613,,0.8217239664790623,,,0.8183273315973334,0.8199593631528186,0.8184540331592859,0.8168025001522635,,0.8199241168859732,0.8202461347204024,0.818025989453242,0.819398492016681,,0.8186176311828344,0.8207535143991446,0.8193740951081517,0.4115363590508555,0.4116990816697252,,0.410826956109601,,0.4110094842660426,,0.41101976294832654,0.5933566195862425,0.5930885661034904,0.5931975354023837,0.5938363123234803,,,0.5906603585496794,0.592199546575199,,0.5926792815878044,0.5929289235646688,0.5920637991759571,0.5919629837350576,0.5941430197519727,,,0.8174270849205838,0.8158209971813636,,,,,,0.8191865262246376,,,,,,0.5944832346716996,,0.5925344096382844,,,,,0.41095695086580236,0.411666305578467,,0.4116425187265217,,0.4094733837833817,0.4111273978437977,,0.41057843283950524,0.4113812910113862,,0.4116383677294608,0.41115379078043757,0.412276874982577,,,,,,0.4123905498559122,0.4109191402740652,0.4106091961375361,0.4123207935683512,0.4117575798409276,,0.4123136744493808,,0.5941853568671572,,,,,,,,0.5931792945615264,,,0.5910761859898938,,,,,,0.592333587445314,,,,,0.593185159222578,,,,0.34616575733008415,0.34271188135314773,,0.34327433901529497,0.3435194066160806,,,0.6395219588403085,,,,,0.48214572703590214,0.48182506900944505,,,,0.4812680422346938,0.4819355494841026,,,0.48123836831471856,0.48017015729739265,0.47899203853685485,0.4820445520280999,0.4813356995915311,,0.48036209338833497,0.4812347639105667,,0.4813602949189964,0.4824567695942983,0.48049054006320846,,,,0.48033239103149017,,0.4820371510160662,0.4802147440194,,,0.4794062641980536,,,,,0.4807481388370852,0.48067136810864153,,0.48051918157591494,,,0.4810342051956833,0.4804691077335644,0.4802115969708753,0.4812780163696192,0.4808782659640563,0.48056115634356944,,,0.4819082230105479,0.47997284192090117,0.4808479421350392,0.4823371253840466,0.48130554009360677,0.48147992835000974,,0.4812587571230057,,,0.4807247056761488,,0.4809392474018617,0.4821098651141544,,0.48118300240578654,0.48086686975439724,0.48073600109471387,,,0.4817314512307944,0.48236954116839575,0.4814979171859505,,,,0.4818565144537573,,,,0.48213587696980686,,0.4795436204747876,0.48153355283410404,0.48332470409316936,,,0.48264492691273986,,0.48139988448147264,0.4811400758618336,0.47921426742001966,0.48239646325495145,0.4825836616486695,0.4820836749159832,,,0.481245487478677,0.4814336106317496,0.4804640500310322,0.48088448352111635,,0.4815123504546709,0.48115147251971274,0.4813512931986782,0.48042136489850706,0.4809034989133804,,0.4814612174023437,0.48097161075502104,0.4808461458857414,0.4801396636396822,0.4799095770324463,,0.48141233347521417,,0.4815331467484423,0.48096132521418766,0.4804462031482514,0.4801463141535811,0.4810394717437303,,,,0.48191395108942975,,0.48134576649942906,0.4812359026399149,,,,,,,,0.4790128272054946,0.48164002759176433,0.4812496222693676,0.48075667578064823,,,0.4805237734232971,,0.4810550411240805,,,,,,0.4805844300716679,0.4807402342865121,,,,,,0.48114578131260527,0.48236718512403015,,0.4807621679996849,,0.4818818677078748,0.48133517628409644,,,0.4820379509652961,,,0.4789166320571853,,,0.3950969328574739,,0.5919761681347322,,,,,,,
8,24,DG_48pct,96,Z10_F03,10,SLG_B,175083,182014,True,6443.27531373205,6274.779431158057,6212.804057989476,5476.628299731997,5410.57415926265,591.7556485912303,56.74807142064775,4422.598512008795,4588.334538075515,1477.487772669434,1352.8441249689647,414.3600982859446,4.377233157427311,58.64125803259834,192.14566413038474,257.20299235395606,442.85062351249655,183.03548923158553,257.9630213192241,535.202116660747,0.6720462119391021,,0.6712134718909729,,,0.665446937790321,0.6959175399422756,0.4715355604994449,0.4720850046394227,0.4736607773049928,0.6147861866263777,0.7620485517343273,,0.763976043363487,0.6201412942829218,0.6208099377384712,,,,,,0.4735113987287539,,0.4703307334539763,0.46979055529857233,0.47132761060554856,0.469142411285368,0.4695976901096736,,,0.47254025589420784,,0.471660108217776,,,,0.4342278409956488,0.4355248205994005,,0.41941914779497996,,,,,0.41882198669244575,,0.4185395104329142,0.41966211789513785,0.4200052177728926,0.41939121166626225,,,,,,,0.4185909681240294,0.7603232509224698,,0.567282433153822,,,0.7636799096266469,0.7600480624529927,0.7599004386565561,0.7629216980668526,0.7608126157002214,0.7618607176899472,,0.76053161625206,0.7644291517260671,,0.7638922545131885,0.7633093143739247,,,0.7621683907889523,0.7617944581125768,,0.7616298368274877,,0.7630031156817362,,,0.765311441521182,0.3568279913156706,0.35657824947942196,0.356463693417813,,0.28765092774374157,,,0.28997309789486675,0.2886615521593008,,,0.8092976612131543,,0.8059197633544497,0.8044650498325312,0.8052635364134854,,0.8052644205907419,,0.8052847302233315,,,,0.8051006324470107,0.8057597716485475,,,0.8042165055075772,,,0.8046501241285139,,,,0.8048467398737993,,,,0.8048892638482823,,0.804733398671145,0.8026788612312576,0.8046073014603645,,,0.8050942406274959,,0.8034557966989487,,,,0.8036078927618798,0.8032178469898278,,0.602073026276176,,0.6033873107597775,,0.6016957715043585,,0.6014973649574946,0.5996891761284728,,0.6007376169256619,0.6031180943524244,,0.6022668328718557,0.6024522155111157,0.6023072953903291,,,,0.6018140649289323,,,0.6011716464619045,,0.602066736577842,,0.6013825096276826,0.6029627591381993,,0.6030988899933243,,0.5999236622149353,,,,,0.6025721061516549,0.6017741029658823,0.6018413685302375,0.6029143594466557,0.6035574044993736,,,,0.6017905863631594,0.2926085895198845,0.29290793305318275,0.2936258400852587,,,,0.2928274597882353,,,0.29300774269282537,,0.29327991559534416,0.29325573653320197,,,,,,0.29281320520933696,0.292777588862159,0.29239049088694596,0.2940683273536056,0.29214344660771774,,,0.29347909784922127,,0.2928712963564596,,0.2926240514666596,,,0.2931386115905806,0.29351507861651177,,0.2929437082884014,,0.29291593606579885,,0.29347945104127243,0.29369262462683576,,0.2930328765787137,0.2936235000034942,0.29351470890249093,0.2933176794223523,,,,0.29392531603706795,0.29330458530799675,,0.2927278299095802,0.2913694411417174,0.2907069519260726,0.2908253011889265,,0.7926771304120873,,,,,,0.28370111762963646,0.8117713381124486,,,,0.8116983842971106,0.812166668329205,0.8137012891153719,,0.8130484944958983,,,,,,,,0.8091415842239599,,0.8114408360721145,,,0.8119543388091324,,0.8122292081472683,0.8076163525159474,0.8103185210434682,,0.8102839677732749,,,,,,0.8115628734451646,0.8103403575457973,0.8106038363682591,0.8089956724020758,0.8126820722018657,0.8099893301878885,0.808582234211255,,,0.8107737377017094,,,,0.8098860430385023,0.8049580025052997,0.8090555506964441,,0.8090104942811619,0.809231227901581,,0.8098094883654384,,0.8088147560141355,0.8121979224343638,,,,,,,0.8076868885494584,0.8133308302327581,0.8062833620321794,,,,,0.8081805203432122,,,,,0.5890905820308321,0.5881491174420834,,,0.5868578540012677,0.5892739055228486,0.5886595450631854,,0.5866270375234719,,,,,,,,0.588945991963813,0.5886169219444785,,,0.5880609605157463,,0.5866126741131721,,0.5884065522931818,0.5875732761111329,0.588206363545286,,0.5884326832580881,,0.5877126131350012,,0.5868306818804513,0.5884221721635894,,,0.5899126719871999,,0.5877366956918705,0.5894228087202322,,0.5891438764015299,0.5898923822840503,0.5879043650339616,0.5887331608019599,,0.587633052357795,,,0.5904392512806955,0.5894074057028518,0.5883028684418459,0.5895996203566757,,0.5904293164202407,0.5887732811908255,0.5879181511738284,,0.5877202642809035,0.5859004237047444,0.5887780239472539,,,,0.5876496325664373,0.590128488002937,0.5891376118614788,,,0.5906611020855815,,0.5878426847986263,,,,,0.5893243494263484,,0.5895315863097706,0.5895969548918429,,0.5876521503572263,0.5889851452044569,0.37031302583945896,0.3700668663581792,,0.368665955861337,,0.816917441924595,0.816462596503017,0.8161654311222625,0.8152545438730858,,,0.31696676694839404,0.31702044379391714,,0.31657367135869774,0.7990937940721009,,0.5971850879928925,0.2847299910646155,0.28571947402089914,,0.28102018161084424,0.2794407685513444,0.28061306527139346,0.2768311541975879,,0.2763207879746474,,0.09075574484857152,,,0.011367889105059993,0.6542397807662246,0.7982155449242795,0.02545173302932963,,,,0.0375278228913259,,,0.7933405024196792,0.03718319324018625,0.6849522975579816,0.046877516876994194,,0.38270518771504736,0.38374470241255715,0.38366682957241477,0.3846824577304142,0.3836294576904631,0.38412482733186837,0.3844231652234604,0.38380153043950366,,0.38374769931561775,0.38454560179845015,0.38418281042782226,0.3834312013059382,0.3825042275065732,0.38435956962555107,,0.384057472171158,0.3832226134105628,0.7183785595004921,0.7170358885320028,0.715582615166431,,,,0.7935592982412073,0.7940435569570086,,0.7943613652212497,0.06578341820016874,,,,,0.7223524413698461,,0.7227288831322006,0.39048707852136494,0.3903530032208001,,,,0.3909138344418686,0.389939513769567,0.3920614668614857,,,0.3905959777221877,,0.3905229780922856,,,0.39087932531993647,0.3920425380908953,,0.39035593325708345,,,,,0.3911068540930538,,0.39045560115865074,0.39043414618416244,0.3900918978900745,,0.39015942219323835,0.3907320299477122,0.39025448160130205,0.39010329187808285,,,0.3915496248807574,0.3900609578789031,0.39048883147137126,0.3913247823918472,0.3914495445216314,0.3906469610990975,,0.38981649321734596,0.3909478765895956,0.39071534323630813,0.3906018335855984,,0.3897969932754528,0.39115772122368236,0.39138092029857746,,,,0.389672816413,,,,,,,0.3957177390255657,0.39529632963181205,,0.39649352854081177,,,0.39640904595313364,,0.39720044279492295,,0.3956707233499889,0.39690705645206825,0.8156531612233964,0.8170410763662386,,,0.8180033562318583,,0.8165158107090948,0.8158381056634337,,,,,,0.8173899505639758,0.8149336579866455,0.8122901648070974,,,,0.39783742852967363,,,0.3969636977136492,,,,,0.5876030369434347,,0.5886871514917206,,0.5878717580864071,0.5876407695351542,0.5881602349164774,,0.5876282254443962,,,,0.5880263340156161,0.5874367922368631,0.8135933746206644,,,,0.8170991727359566,,,0.8171795882086519,,,,0.8196957370060413,0.8009565276409893,0.8145480298296329,,0.5888018450603746,0.5895580962712416,0.5896783182429566,0.588126803800158,,,0.590018143876344,,0.39670851515310485,,0.3953762902408657,0.39576686868819744,,,0.3964939068720255,0.397683456343675,0.39627673977019884,,,0.397395710116211,0.39444053877877744,0.3967459377180551,0.3967827935306479,0.39666938187423756,0.3957955971192271,0.3961435088917255,0.3961572683899996,,,,,,,0.3963866966754183,,,0.5896763933956153,,0.5899021235721319,0.5898408355187253,0.5915084163849551,,,0.5897676960491935,,,0.5889390208008352,0.5904207635686506,,,,,,0.5888798190799392,0.5894412304638418,0.5878998827625981,0.5880500247789269,0.590040476016126,0.5888211885593894,0.587960356464742,0.3102420913795368,0.3100998819793544,0.3119046104844829,,0.31092806977943976,0.31062487667855754,0.5882714295316728,0.6373958791301398,,0.43930009390517266,,0.7970151239932096,,0.4729911760072519,,0.471400342965788,0.47269549590744103,0.4720709511539632,,0.47100601921400276,,0.47128762808930824,,,,,,,0.4712187475479917,0.4718698541828188,,,0.47254724373651097,,,0.4711623952242845,,,,,,0.47126848261720494,0.47199716949707315,,,0.4730183640703193,,,,0.4726938541496654,,,0.47098035404763045,0.47247129093016743,0.4727233905880141,0.4721880457112742,,0.47298558240391875,0.47117150257437673,0.4714077177895298,,0.47045239023126906,0.472528940189853,0.47192596675946213,0.4729437043256389,,,,0.47160200861804785,0.4716634530169055,,0.4720577369699541,,0.4716903138907279,0.4712707470464753,0.4737357055724904,0.47260016424791174,0.47304433986613736,,0.4726142792675642,,0.4721338696426116,0.4719361482585666,0.4726735004234215,0.4722123030682704,0.47206311396610734,0.4711794182596787,0.47159401455025424,,,,,,,0.47248981241632954,,,0.4707331438181284,0.47312846091277505,0.4723757251910395,0.47165164046554975,0.4718158077617668,0.4718369630382469,,,0.47295127332521125,0.4727476736988099,0.47131104188196615,,0.4714670826417041,0.47133215191208677,,0.47292360804952194,,0.47134470554478425,,0.47082247377086833,0.47196028555493325,,,,,0.47325828518170304,,,0.4720294528190332,,,0.47329632405090527,0.47240509157719995,0.47139192530370005,,,0.4718683932498971,,0.47322801192660935,,0.4728307124575728,0.47279224461433056,,0.4722842210614198,,,,0.47252611457151206,0.4736769568261486,0.47311351272089597,0.4726896174727531,,0.47267404218456427,,,,0.47227943675266554,0.4725990126833195,,0.47191633152074103,,,0.47073703732631206,,0.47209761481913837,,,0.4729436184463248,,0.4726638618731288,,0.4722003324522976,0.47185452145149337,,0.4720652858457605,,,,0.47156447181256106,0.4725807453704874,,0.4720803670577403,0.47312330900340527,0.3824583456122309,,0.38294928586946314,0.7699366615095057,,0.49257298305378555,,0.765973649213501,,,0.49314073268176056,
8,24,DG_48pct,96,Z10_F04,10,SLG_B,175068,182000,True,6539.768369164245,6456.918006929273,6368.716873185346,5545.610765601259,5490.189902186378,585.115355745836,63.31549579266197,4756.5854848939125,4963.682299458934,1297.5716373339662,1186.8777574345493,372.14039536675136,4.432477831890543,57.6599457045786,189.12417805204376,253.37483592714008,488.1685764536825,201.76215770485982,291.5972325354888,481.0074285101418,,0.6587961261125757,0.6583593299283893,0.8172079586494879,,0.661925296386202,,,,0.4542158546054955,,0.7546586639994181,,,,0.5953390350857889,,,,0.49327567768845604,0.4545934347257504,0.45493621095356257,,0.4518751894912069,,0.4523199237381829,,0.44911983243460135,0.45106317447901445,,,,,0.4537695022070359,,,0.41701198587597055,,0.41783961965715055,0.4010985255760448,,0.40126970744397733,0.40035283815607164,0.40038514341514125,0.39945034979840194,,,0.40079331063451307,,,0.401183637418718,,0.4013891055598095,0.3995227998006297,0.40098111504848244,0.4014706776874293,0.40196182937851876,,0.7520390974264597,0.5373968726546267,,,,0.7496280631009274,,0.7508621271927072,,,0.7500520940576877,0.7496800307130604,0.7503593689892673,0.7505579015927815,,,,,,0.7504014986469043,,,,,,0.751401134177016,,0.3386456857039489,,0.3368146410714059,,0.3143095274600811,,,0.31578006914084356,0.317069375788987,0.3164544343444044,0.7847849548633569,,0.7876698649092727,0.7852292497009098,0.7890144554394638,0.7866355012472,,,0.7857360191922873,,0.7851577024559183,0.7846319063681925,0.7871164311269179,,0.7834003173492321,,0.7850017687792833,,0.7861779876001326,,0.782289126870723,0.7847872827997836,0.7844588488504396,0.7850181657536907,0.7859807046474169,,,,,0.7841061564041988,,,,0.7856638789340158,,0.7806632740860218,,,0.7832308601151386,0.7835810739606469,0.7839864667537803,,,0.6232983559310902,,0.6220108948221275,,,0.621026880821356,,,,,,,,0.6224796101639843,,0.6235760949956485,,0.6228652780214377,0.6214931951933174,,0.6200029499122897,,0.6203686880687533,,,,0.6210836140549043,0.6205807289901265,0.624125785013036,,,0.6204136798908366,0.620457305350108,,0.6223610486931596,,,0.6211949074770509,,,,,,0.6194305832194447,,,,0.24467575976245745,,,0.2455925331808577,,,0.24600135534565568,0.2461070922477775,,0.24596417295618764,,0.24614865793569332,,,0.2455956084783394,,,0.24539261980423493,0.24612908140012452,,,,,0.24464913290408763,,,0.24536075725775344,,,,,,0.2457082699264854,0.2452783214134187,,0.24722414677199922,,0.24539048973161653,,,0.24579713551334165,,,0.24587134875463942,0.2455556888577886,,,0.24562325228537374,,,0.24568291981522167,0.31008894093024086,,,0.7884327600490638,0.7771783279114126,,0.3120243357937743,,0.3120125102221752,0.31281039547398215,0.3117432481875322,,0.7944815208664472,,0.7911590194763505,0.7926381697298722,0.7934067937237415,,0.7938276747308128,0.7940632109090671,0.7952189538970937,0.7920077064870048,,,0.7958486238318206,0.7931293081282479,,0.7924598151929243,,,,,0.7929456078734085,,0.7945111134808903,,0.7933212840505098,,,0.79138428148405,,0.7925238046110378,,0.7917938442154034,0.7932517770544836,,,0.7939278607505468,,,0.7924237768325326,,0.790775025803959,,,0.7906251370516404,0.793594156365263,0.7924378135742299,,,,0.7914401766868233,,0.7908951013901008,,,,,0.790879615562147,,0.7920486103364709,,,,0.790278620872458,0.7896747204963738,0.792205256594433,,,0.7900914698691526,,0.7893884100615121,,,,0.6050940967890279,,,0.6042541835740716,0.6042608929483898,,,,,0.604392261478351,,0.6050356319179436,,,0.6038615222098485,0.604319120530639,0.6047413879939917,,0.6062497210342844,,,0.6059085686103123,0.6038643060181714,0.6046500794831635,,,,0.6035945110927936,0.6038740832701309,0.6030535764610891,,0.604637388394809,,0.6060398734872456,,,0.6033772624685562,0.6037396153465705,,0.6059171746031453,0.6054392843460448,,,0.6055604319277865,,0.6034528753915794,0.6045976563983427,0.6058643433471815,,0.6043497904885163,,,0.6055952051084611,,0.604747053851312,,0.6039030523830516,,,0.6042916699373734,,0.6058083619861383,0.6044007177581225,0.602951030610786,0.6077929992193811,0.6053316834558399,0.606306764581481,0.6054990197060678,0.6051706334188351,0.6063079287157602,,0.6045102346010525,,,,0.6062806335802001,,,0.6038802858753906,,0.6036424754221211,0.6056937711619662,0.6058546335181644,,0.3293925049402312,,,,,,0.7983790334977607,,0.7975001841546656,,0.3298225496166224,,0.32946079771538234,0.32976102293666665,0.3314398886244821,,0.21663464934096036,0.6134052694809129,,,0.3124513756074437,0.3080346079872916,0.30834309394535986,,,,0.305185766140659,,0.023271813336212623,0.6237016955372369,0.7881707539690215,,0.6652715479057001,0.7899967923299337,,,0.07678062909925039,0.07650667293395519,0.07674738370027273,0.07697085221507909,,0.7891992818741548,,0.6905062905608996,,0.0838453369120053,0.37367063027847724,0.37402860522041304,,,,,0.37369929178784567,0.37465143598392225,0.373351513860723,0.3740780530611594,0.3737587959642731,0.3740660333606621,,,0.374124627390941,,0.373724510782076,0.3734219813605351,,0.7139087100269329,0.7135900634089403,,,0.705365463632087,,0.7950036010489675,,0.7967174569488996,0.09846914081563403,,,0.0986167790466179,,0.7230420406483891,0.7184571223144114,,,0.37939915531191365,,0.38139276720244164,0.3803025686041576,0.3797246202787253,,,0.38020720519388174,,0.3802939825448153,0.3789017452849663,,,0.3801511077458566,,,0.3813085805714941,0.38086336779570457,0.38005518018569107,0.3803200013618824,0.3806820541656623,,0.3814462063365903,0.3799841449868651,,,,,,,,0.37981025259113893,,0.38028565743848786,0.37920963527889784,,0.3795611015572143,,0.3798556647918344,,,,,,,,,0.38056123222051536,,,,0.38035596411032035,,0.3802430785718973,0.37990173033909785,,,0.38063625215489605,0.38033693159309345,0.3571783411437133,0.3573110456887895,,,,0.35834476768743245,,0.357255246426444,0.35851456390868475,0.35742379751628606,0.3567268067519891,0.357292951103275,,,0.800303908046388,0.8002190445490913,,0.7988346298078903,,0.7990161101096435,0.7991705851264048,0.8011013205445229,,0.7989784563743184,,,0.795038329585584,0.7981018556230908,0.7984292278222218,,,0.35825811607022107,,,,0.3584895650715709,0.35811993476797405,,,0.6030268143966684,,0.6025001483912804,,0.60285974950484,,,0.6030052447223792,0.6023968333551538,,0.6016874632711802,,,,,,,,0.7999214243058108,0.7980486964962059,0.7964419494060814,,0.7993180320325657,0.7975045590342884,,,,0.7954936594007649,0.7959522163908681,0.6028098785184611,,0.6041718697030668,0.6021448786876534,,,0.6069497124429468,,,0.35909148029096466,,0.35729942260411957,,,,0.35731333663743126,,,,0.3573650429199386,0.35814507124796535,0.35839824072596715,,,,0.3572434817720678,0.3572326156703718,,,,0.3570655812992131,0.3579051127989707,,0.35733606906595444,0.6043061343941181,0.6054471481856372,0.6054527453064602,0.6055212560718605,0.604813890740507,,,0.60519262100945,,,0.6038422099793459,,,0.6047063415276498,,0.6044968296967715,0.6033786256995282,,,0.6043283689789268,,0.6045768554304239,0.6045762747300454,,,,,0.3536485519232957,,0.3535795386129992,,,,0.6130650095236585,,,,0.7919023627113493,0.4529174383659748,0.4531661584291241,0.45461309678029027,0.45447522837727006,,,,,0.45318820804126925,,,0.4540176359657996,,,,,,0.45414262370682923,,,,,0.45344888549746426,,0.4539525547369863,,,,,0.45421697324203864,0.4539232069836025,0.4540788635713581,0.4544729376591751,0.4535311069303131,,,0.45300313001062786,,0.45282420870149487,0.4535347859234243,,,0.45303333960845665,,,,0.45432591377170845,0.4534079431101046,0.4538436564937854,,,0.45365528861385074,,0.4532772607877297,,0.4532110874804424,,0.4533689340185342,,,,0.4542590078127068,0.4523202464719645,,0.4531519886999774,,,,,0.4522176898470273,0.4525065734837101,0.4524440318607275,0.4534946725474843,,0.4518485892293005,,,,,,0.45364207930292116,,0.4538558419302138,0.45216237034619444,,,,0.45484322612876554,0.45260941362176166,0.45335631384102126,0.4543180199616737,0.4540032817553829,,0.453004162169251,,,,0.45314274806769955,,,,0.4519398543554104,0.45352703333051053,,0.4523226849334628,0.45311324978981493,0.45290999609815846,0.4536944176985718,0.4527196500213431,0.4541923889953427,0.45160300627822336,0.45284509328433636,0.4530459512190351,,,0.4521052789955343,,,,0.4525171908981223,0.452303742051483,0.45340635627185494,,,0.4540147496530123,0.45226882056495227,,,,0.45375510362414173,0.45242447845045214,,,0.4537766802820983,0.4530640087980462,,0.4536462464316166,0.45396384941558265,0.452964693251246,,,0.4525891638956104,,,,0.45386769241715286,0.4538197317435528,0.4540433709804624,,,,0.45360382587523296,,0.4551172292648318,0.4531912238424106,0.45271893907638444,0.4526451289733283,0.45377758825237724,0.4548484853961541,,0.45386333476598717,0.4538427834408361,,,0.45317170269265655,0.45548876945224737,0.4529680389973191,0.4537956748257371,0.36246138449326476,0.36293447137060514,0.36271009869654125,0.7586997281060067,0.558397275593106,,0.7555447167406767,,0.5946043518526943,0.5957945306622097,,
8,24,DG_48pct,96,Z10_F05,10,LL_AB,175075,182006,True,4604.2238487454715,4598.654946475412,4583.627679512589,4575.077494629383,4583.029551991831,372.02910219719183,42.736594745878854,4874.464340881471,5098.849431168703,842.1363321744535,763.5407736297698,220.71243278663619,1.8126269167140279,51.68652717158711,168.56145786842103,159.21187597442184,275.47726012691146,113.0276470764805,198.22173953468564,399.72101772293547,,,0.7231753055471053,,0.7093528358138351,,,,0.5637356464530433,0.5636987214243859,,,,,,0.536311467144165,,0.6399759182826712,,,,,,0.5645192357259592,,,0.5574485641436544,0.556370918571854,,0.5639393627969064,0.564091385268006,0.5639001199707515,0.5656620910099661,0.5651250918691695,0.5641145442704785,0.6168447025421346,0.5275583161439493,0.5281413383907749,0.5275908923829777,0.5167693537449911,,,0.5174334168575817,,0.5171740163790717,0.517480127947272,0.5158303075737841,0.5171973094369791,,,0.5193202317624781,0.5175670344143601,,,0.5184393567586036,,,0.5855873029483757,,,,0.5793609848276635,,0.5797092639805905,,0.5803215814828193,0.5802810783126411,0.5796701785406051,,,0.5792063338344455,0.5789299965259174,,0.5800329421467029,,,,0.578960237023159,,0.5797918222924998,,0.5803410513894991,,0.5795299206315673,,,0.46501880403312484,,0.21800639104176736,0.1811154541303441,0.18015943463926817,0.18104908924314578,,0.1809155018498685,0.18127851931344915,,,,,,,,,0.28507470022814935,,0.28452553948400966,0.2849942593084889,0.28534094252188863,,,,,0.28444597660716314,,,0.28432906306834815,0.28497311460750624,0.2834900710161985,,0.2844466633842207,,0.28453619501680455,,,0.2847946381256982,,0.2846127902748376,,,,0.2849903525608318,,,0.28459020654775247,,,0.2841200050450325,,0.4619940536094664,0.46265262848713357,,,,,,,0.463150976137996,,0.4612605789629278,,,,,,,0.46317171741657137,,0.46302635275476495,,0.46184075198780317,,,0.4623916594441138,0.46142832452625754,,,,0.4619356511066364,0.46224950233337186,0.4630450683341487,,0.4631004812085764,,0.4617456758623644,,,,0.46203357078466234,0.46185623386310437,,0.4622148688103959,0.4607674397499812,,,0.21975705680366084,0.21939967205263844,0.21946631599185706,,,0.2190685573334785,0.2187960433856136,,,0.21951880187675865,,0.2200721462213239,,,,0.21926826206639144,,0.2190997262544059,0.21897304285996838,0.22031377718204787,0.21897013385641503,0.21998890924667955,0.21955283766766423,,,,0.22007154140996454,0.21877834173159905,,0.21906062211542865,,,0.21956469258931938,0.219796217021499,0.21951228412463386,,0.21953508617761208,0.21917407615201276,0.21954268503388127,,,,,0.21992066107598907,0.21929481013702365,0.21879723657615047,0.21913202130462672,0.21915966686621421,,,0.2188629005066242,,,,0.21371726200329696,0.3200466467651167,,0.1652560563886789,0.16506181187993632,0.16523087409344103,0.1652455253579319,0.16529802943510197,0.16501060607043158,,0.34941847121563335,,,0.3492728864848681,,0.34983969373640267,0.34874801528477933,,,,0.3489157761772666,0.34909987644536566,,,,0.35072207176065284,0.3495889459616531,0.3488447150263055,,,,0.34916528070152925,0.3489259565787854,,0.3492679994771938,,0.34843568725198226,,,0.34963359007142886,0.3485827823763849,,0.34895354195085226,,,0.34793516123392076,,0.3488432114331412,0.34864264300946624,,0.32933419529310337,,,,0.3292198949916234,,0.3297936263966429,,,,0.3303915002749257,,0.32932204008316524,,,,0.3290370288063472,0.3295536744619736,0.33114268408318154,0.33029700352612285,0.3288691631304552,,,,0.3290783180587623,,0.32932981321322996,,0.32915968584344935,0.3296826567741839,0.32905245170247105,0.5050221987198588,0.5052284864007628,0.5056094442893546,0.5049450116706027,,,0.5039102609230183,,,,0.5052124141816743,,,,0.49773987376305007,0.4951210467844837,0.4966892908624654,,0.49588374360100623,,0.4957226145930318,,0.4975427203963425,,0.4958835550865294,0.49392963289604963,,,0.504770328709589,,,,0.5036532463840264,0.5035533357953861,0.504794468017711,,0.5054876936331716,,0.5064069474663144,0.5054867262998122,,0.5057429883092429,0.5061611037463356,0.5054476774535198,0.5045757688617919,,0.5058510937331744,,0.5047800577344842,,,,,0.505190798589058,0.5048955502938164,,,0.4967122464781425,0.495854189827447,0.49670174076042284,,0.49650196043830785,,0.4955213664210915,,,0.4952901615667053,0.4974253984214684,,0.4965721250124166,,,0.49609612581166834,,0.4952588849700397,0.49613947537789055,0.4970272959003741,0.49749246719246937,,,0.4965869603046984,0.49723829349929094,0.49694391546253874,,0.4961253409113969,,0.29431979755690674,0.2950439815039995,0.2942218681786162,,,0.3633364991102827,0.36269803296693853,,,0.2650880298908684,0.2646879528781793,0.2652870003071224,0.26522273290526444,0.2656114491793082,0.26438986719580054,0.2519612316954145,,0.46835427504625243,0.16702993289947315,0.16719395532082293,0.16759674949479056,0.1636644027580248,0.16357188774837386,,,0.15955236295588895,0.1597333709212194,,0.00027218770879284534,,,0.06654027659132557,0.4381416725791211,0.0910012163378794,0.08296703998588448,,,0.09720557886428673,0.09714821406663084,0.09735053029995948,0.0973721696653422,,,0.41786900271398164,0.10802064617764472,,,,0.009266490609848414,,0.009226900477235898,0.009248612980572116,,0.00925730140513432,0.009257979880092566,,0.009267843778947179,,0.009254906591591847,0.009244321422386664,0.009241995592790458,,,0.009268688768709985,,0.4009120657419087,0.40300720680335694,,,0.40540612639921614,0.1392261120052666,0.13941953183246786,0.13933694309213882,,0.13007778661915415,,0.1303986504763002,,,0.39772219163669564,0.3979425284308879,0.3971384763232121,0.009452450724565227,0.00943404904523619,,0.00940584313173395,,,,0.009421577312589507,,0.009445321201185191,0.009434657141802524,,,,,,0.009450126364585285,0.009453314767939066,,,0.009440189532287853,0.009442857275435208,,0.009428850465530495,,0.009418795596936728,0.009420476988719983,,0.00942774654383061,0.009426477761390752,,0.009391579275971266,0.00943468908053766,0.009420456216247456,,0.009432385808213492,,,,,0.009441043582468424,,0.009452973802795861,0.009430609262945496,,0.009435514690689992,,0.009431603486006093,0.009448980888261052,0.009436302909465824,0.009425174139558928,0.009420996398330477,,0.009407259705614025,,0.00944187502120488,,,,,,0.3211848717737755,,,0.32108219498714047,,0.3212593917248467,0.32163984776253807,0.32231826992403073,,,,,0.3909682153991656,0.39072460172058454,,,,0.3915664592873443,0.39169388065966365,0.39102016335264556,0.3908053439578843,0.3901115224514787,0.39139412477455077,0.3912586214900908,0.38990479225251634,,,0.3907205114655404,0.39101781970676186,0.39081604430488537,,,,,,,0.3222243629693674,,,,0.5265883089801957,0.5260148359611966,,0.5255418780424086,,0.5254592942122498,,0.5249748826168513,,0.5266210134427359,,,0.3904187121931334,0.39145865329137075,,0.3901004301805063,0.3908395859110538,,0.3910175113396582,0.3901053823269163,,,0.3916341850809696,0.39152538080792737,,,0.3897895504771602,0.5277907044415704,,,,0.5287431128550444,,,,,0.3221177968690821,0.3227911794396198,0.3217650522935427,,,,0.3218350122010778,,,0.3217278041091371,0.3215758194053484,,0.32081320942787667,,,0.3228034768820188,,0.32200323266594083,0.32202866561159543,0.32090582735768036,,,,,0.32155557995032064,,,0.5292806106814126,,0.529888946412567,,,0.5281770035482592,0.5287978398310916,,,,0.5287047408323161,,,0.5275676252311234,0.5289050220255205,0.5257959715494998,,,,,,0.5274430175923681,0.5282153243040068,0.5277624002836959,,,6.310388543304476e-05,,6.360805551911343e-05,6.334753464593079e-05,0.4993995333690404,0.5598101076068779,0.5342359809577971,0.5339628630501216,0.5337449238012445,,,,,,0.567372204079404,,0.5654712596743842,0.5662162691952123,,,,0.5652288034573562,0.5667230587459076,0.5679943428673689,0.5669891621685428,0.5647073930425268,,0.5667937926079027,,0.566745429996394,0.5678137606224335,0.5665052075053586,0.5649393545785929,0.5674818360462692,0.5674363882448036,,,,,,0.5675437287691636,,0.5676353700199276,,,0.5654881241045645,,,0.5659651539648023,0.5652925468845031,,,0.5665896510184558,,0.5643833668934365,0.567055125775189,,0.5664826043002392,0.565968901329583,,0.5658845524976284,,0.5670116893672191,0.5679738705338604,0.5664523471917243,,0.5669716194088585,0.5669155466165842,,0.5668172879260944,,0.5661510148318468,0.5672766986276552,0.5669012538062976,,,,,0.5652329558861399,,,0.5667914956223383,,,0.5660881294403958,,0.5659657772483078,,0.5664827727293325,0.5666723966794556,,0.5651487838035173,0.5659030943309339,0.5662266323362162,,,0.5666392089248582,,,0.5665300745686488,,0.5679405888781682,0.5668723516068975,,,,,,0.5668932142583574,0.5657517232056903,0.5652851994675872,,,,,0.5670279031665526,0.5664169865781564,,,0.56690144432888,0.5662183978489156,,0.5672263909574901,,,,,0.5645023748082154,0.5669446104493766,0.5663771337678629,,0.5664426763305103,,0.5661174336997937,,,,,0.5659071933683053,,0.5645659913717601,0.5650488627875906,0.5674841781750989,,0.5668881512299694,0.5653296961420652,0.564926700036628,0.5657852229756188,0.566568652336571,,0.5649091723780005,,0.5675647601291153,,0.5665423191807751,,,,0.5660608722820127,,,0.5687005123950107,,,,,0.5664709925241206,0.5669060751501829,,0.5659784712950231,,0.5675249427613483,0.566869220048536,0.5666797145099104,0.5645768584441232,,,,,,0.4841485928813933,,,,0.6461777865036875,,0.53568647396874,0.5348315342796149,0.6406510291032255,
8,24,DG_48pct,96,Z10_F06,10,LL_AB,223551,221728,True,4547.01739861726,4532.760191208246,4525.169136126169,4471.3869839227855,4483.197132240425,400.69768028511214,42.92761719974534,4718.969549463698,4948.245804399393,839.4346626487993,773.1300955467098,228.42255624209304,2.2120320078183386,54.14440639780718,175.05671975518567,173.49540070960595,281.57123062945016,116.33817210031437,196.76136076285198,383.55742394919463,,0.725388348808293,,0.7876462132435391,,0.7726301630423787,0.6382297269787875,0.5740779680412372,,0.5735077396842067,0.5364981888172927,0.67201914668909,,,0.5410737208757623,0.5428993329246267,,0.6632096223882298,,0.6637693146924751,0.5748316563558021,0.5735595386933535,0.5737158496916898,,0.5740585754793961,0.5734596271314658,,,,,0.5751626593620264,,,,0.5741432663739369,,,0.5435986205466189,,0.535207141696653,,,,0.5352421844250654,0.536465888956495,,,,0.5365135713370544,0.5352772575396929,,0.5361349790628176,,,,,0.5361750968054393,,0.6211788039789575,,,0.6123420273751302,,,,0.6123481336612301,0.6117245343145499,,0.6142673968003799,,,,0.6124163087500673,0.6136455830033338,0.6131834116474348,0.6127737495261831,0.6126197785187848,0.6130693236598532,0.6123386899992262,,0.6137966748813286,,0.6134011287408304,,,,0.48554891694078595,,0.2405604313408425,0.20833595286822132,,,,,,,,0.34150966287639883,0.3407637193240653,0.3411246207971121,,0.3420457530800138,,,,,,,0.34138629864867104,0.3409382672747653,0.34080558074932926,,0.34139895104707035,0.3418770599315008,0.3410672410972397,0.34119841762686604,,0.3413330777344365,0.34109931637194746,,0.3427690553591541,,,,,,0.3418394616146532,0.34092289112845453,,,0.34159870073379706,0.3405397962479085,0.3414461098724692,,,0.341468062102273,0.341329712691322,,,,,,0.5202806920567897,,0.5226981002919396,,,0.5195485976267512,0.5194186440793631,0.5213782761919702,0.5200680300173203,0.5215176184069383,,,,,0.5214886395074919,,,,,,0.5228208421198358,,0.5199286154644046,,0.5207949031046659,0.5197391270456171,,,0.520850102639978,,,0.5214198702761776,0.5199908014595325,,0.5201586816994731,0.5212736460351614,0.5201682944497453,,,0.5207845392017788,,,,0.24182890177381855,0.24190127436530826,0.24160083888848988,,0.24163782261561864,,0.24185145796112464,0.24242879026488545,,,,,,,,,0.24124990328803841,0.24130768600326646,,,,0.24087260966966395,0.2415922819039459,,,0.2419174335433629,0.24127099310294567,,0.24083609318368807,,0.24142871690195972,,0.2422041280671664,0.24209268921273022,,,,,0.24154195965426575,,,0.24100425903019373,,,,0.2414564230399179,,,0.2418499330381778,0.24135621276400415,0.24180345645985282,0.24028586076951322,0.24014148289580933,0.23938234974853337,,0.3032611458611277,,0.19454646023149658,,,,0.1940541247033762,0.4005228013321393,0.3991210383984397,0.3998524603012807,0.39882502652023516,0.39950017305908125,,,,0.39999539690230634,,0.39992318547884187,0.39978546329464354,,,0.39913839621955544,0.3996740005696452,,,,0.3982516284423061,0.3974836299583742,,0.3982074306752928,,0.40001039362753904,,,,0.3981361833173246,,0.3987410006745678,,0.39895264821070014,,,,,,0.3993427629203303,,,0.3816683758787996,,0.3818896181476686,,,,0.38124665365003674,,0.3809938202292994,,,,,0.38055476273549693,0.3821145315712214,,0.38173837066090766,0.3816514563130145,,,0.38156120911553804,0.380552951837528,,,0.38100483954500236,0.38086885841956997,0.3811693158077299,0.38103893358050744,0.3822824373654024,,,,,0.558450776958695,0.5571748670670899,,0.5565742975731564,,,,,,0.5485106084201029,0.5497937970614699,,,,,,0.5494802066577953,0.5498650836440782,,0.5497802794030838,,,,,0.5566625621742965,,,,,0.5583400182771686,,0.5550412352613291,0.5573169478280614,0.5561441711885049,0.5568658059339564,,,0.5584662262285651,,0.5593182621103671,,0.5570143505659634,0.5569455008887725,,0.556111344733747,0.5552861140252736,0.5566298517957706,0.5574728694977745,,0.5581571551564436,0.5574200752661048,0.558243936863432,,,,,0.5476558805436407,,,,,,,,0.5488535718703355,0.5489325667247031,,0.5479452525708987,,,,,,,,,0.5499223087014882,,,0.5484528412778717,0.5506764040732597,,0.548957724259556,0.5500192544836492,0.31428246999694603,,0.31368600390299084,,,0.4115088515223943,0.4111606431651565,,,0.2901348590348556,0.2905616899290475,0.2904371085924917,,0.29042924075484033,,,0.22083303440739357,0.5261006510642889,,0.1957243015696094,,0.191664410681403,,,,,,0.03932154476131864,,,0.1506758191966677,0.0980463116232754,0.49949817981724115,,0.11187690921362042,,0.12419344555330095,,,0.12428565070480589,0.12444020965608545,,,,,0.13356754949748204,0.04937134079005957,0.04934218651575767,,0.04945375808715347,0.04954758540514921,,,0.04954494547420852,,,0.049498488168036245,0.04932480261452315,,,0.049437529879408075,0.04949178874058372,,0.0494059613499937,0.47073464276337496,0.4710695725760039,0.46885569407324973,,,,,,,0.21479683123352633,,0.15323656784521647,,,0.46745429180438797,,0.46632307502447146,,,,,,,,0.050440286349201224,,0.05042649201447325,,0.050480939986132956,,0.05063131008578209,0.050177459875163005,,,0.0505048424850789,0.05032892668022812,0.05044383805856268,,,0.0504110490489992,,,,0.05036330771291002,0.05042830478779169,,,0.05048785105433582,0.050379501226333875,0.05027151977969746,,0.05030136431444936,0.050232838935431415,0.0504345182835991,0.05045967206519185,0.050487634112617426,0.05037981862802582,0.050423396903450726,0.05033749048201944,,,0.05037013846278172,0.05029132742595017,,,,,0.050292839456238546,,,0.050257831850819557,0.05054448630032886,0.05027630828242531,0.05029494863609524,,0.0501720357390196,,0.05047177482246458,,0.34028674917973045,0.3399595199409556,,,,0.3395634116401324,0.34075553225874494,0.3397844274325208,,0.34010608358109956,,0.438473492775788,,,0.4379632562140881,,,0.43783362423836875,0.4378640384667938,,,,0.4364114126491856,0.4368727556130864,0.43633586680349296,0.43829540413381646,,,,,0.339693958800656,,0.3403885109531261,0.34073814898283517,,,0.3399969230375486,,,,0.577307570253321,0.575011123301554,0.5757318779995824,,,,0.5753935542691948,0.5752343020974149,,0.575696564803783,,,0.43645660054332014,,,0.4369673383968429,,0.4364568470488732,0.43828061525513073,,0.4367932930635075,,,0.4381424407001551,0.4326621278590805,,,,,0.5761777635543218,0.5773312854287457,0.5766980614321954,,0.576223091605454,0.3405354401419974,,0.34014091404070235,0.3413467868849155,0.3405737536579067,,,0.3403885659839436,,0.3405534401386874,,0.3415068863709797,0.34015671695208916,,,,0.34081650442811284,,,,,0.3397386697068864,0.34135715570922476,0.339919741567992,,0.3397409605793104,0.3399946808529876,0.577965599598518,,,,,0.5766163207248871,0.5781598955692523,0.5760953451504701,,,,0.5755774864221257,0.5778614599712857,0.5768777349188577,0.5765657351164317,0.5768906668752523,,0.5752457819639178,0.5778647392451249,0.5775998383123512,0.5766786212970432,,,,0.5771546451768159,0.5764728190029333,,6.297821527967837e-05,6.334640177442215e-05,6.321352689495196e-05,6.316533985373749e-05,6.320192843233685e-05,,,0.5510686168008739,,0.5528140693790965,,0.5770570499213451,,,0.5763726119611986,,0.5766742145381152,0.57760073289001,0.5773418212377015,0.5764224775198429,,,0.5771628206994986,0.5754312970456172,,,0.5750959830353882,0.5777688952613211,,,,,,,,0.5759981302018983,0.5771370050135176,,0.5769905641305713,0.5765887185713676,,0.5768800202225761,,,,0.5770465008425633,,0.5775983871787278,,,0.5748252858290003,,0.579093502078779,0.57649627330947,0.5759606211969406,,0.5770402861773248,0.5760450142929647,,,0.5773437760623606,0.5745978002798798,0.5762820025927322,,,,,0.5759663464310741,,,0.5755544320255117,0.5776493063756923,0.5764572373943022,0.577498371630867,0.5777623321008984,0.5775071229191198,0.5776895192411734,0.5774653726096803,0.5782683014789122,,0.5760307607986912,0.5765599772357034,,,0.576877012927681,0.5763250698683515,,,0.5752262631355541,0.5761799894644206,,0.5764059250940571,,,0.5771840123481636,0.5769441682641402,0.5759187492603555,0.5772257199551384,0.5765516098868989,0.5779911895133166,0.577270286000912,,,0.5769306609444932,,0.5775671724316622,0.5782926410319112,,0.5759397430992946,0.575607242745025,,0.5773880149673511,0.5773624098475172,0.5779540508806443,,,,,,,0.5774538601881196,,0.5778501562149805,,0.5769768554046761,0.5763155317683355,0.5768032997883266,0.5768509031899551,,0.5768106245501751,,,0.5757592234265083,0.5761875854341117,0.5761185990096146,0.5770467397369826,,,,,0.5772073386537562,,0.5784096974304317,,,,0.575943154103412,0.576458392908803,0.5772598917451913,,0.5777805255748262,,,,0.5756173986786666,0.575799929821713,,,,,0.5773111919769366,,,0.5783867641793227,,0.5755214755714159,,,0.5764930186313264,,0.5748742836950695,0.5746894837404721,,0.5774106887655831,0.5757337898592623,0.576776145318204,0.5754830890597878,,0.5796428636037066,,,,0.6379677912186023,0.5055230338366052,,,,0.5434540410430106,,0.6624826946951452,
8,24,DG_48pct,96,Z10_F07,10,LL_AB,175074,182004,True,4587.509578340276,4602.722893757394,4552.461654669893,4572.282651283206,4606.422325460299,365.04262302222196,42.509769663665175,4959.111146367047,5147.408754574508,856.5893219911,777.4273680430995,223.87679276442307,1.7117007062047151,51.53160385613181,166.52768614454732,159.1125983082387,276.0285407980378,113.25313407399094,198.52545856735034,415.2116667982502,0.7220668863854333,0.7214609008384746,,,,0.7626956674495048,,,,0.5604937659472268,0.5269709664917239,0.6376189823633607,,,0.5354280589305007,,,0.63568936489793,,,0.5625289652382869,,0.5616345989864117,0.5620159289600994,0.5614424093966978,0.5618482670525169,0.5542110815146909,0.5546894314535871,,0.5630280663716454,0.5619427696354894,0.5621183254573995,0.5625287202464838,0.5627163540894491,0.5625094624074926,,,0.5228712133608837,0.5239683973689413,0.5125071408863878,0.512538044245318,0.5117864129767384,,0.5128015142736487,0.5132282783421486,,,,,0.5131610611380135,,0.5143074132324491,0.5136902582390755,0.5143891163894879,,,,0.5803731396524506,0.5791929228717715,0.47294055073542024,0.5953015715075917,0.5717371503618429,0.5717707127466709,0.5717541451778521,0.5717164116597979,,,0.5711524691052682,,,,0.5713422719117568,0.5710008723065706,,0.5694498114803879,,0.5723376798122313,,0.5719048098472023,,,,0.5702099378412662,0.5710711874869101,0.5710617637862294,0.46084927360322303,0.4607361938984665,0.4596012681421275,,,,0.17391212236543002,0.17429772454379797,0.17456429301869247,,,0.2703261767086088,,,,,,0.2702539051804205,,,,,,,,0.2706739308850326,0.2701612461169393,,,,,0.2698924999485308,,0.27030474727845716,0.2705656484376833,,0.2713607546465936,0.2705028910596812,,0.27022177640324885,,0.2696633586726972,0.26989562945684253,,,0.27013798008538364,0.27021870296591255,0.270837778913506,0.27051390608337605,,0.2690479398574636,,0.2702736694255911,,,0.4478324335447215,,,0.44659657639498224,,0.4464230563826002,,0.4475750807639781,0.4473651997624975,0.44637216184942013,0.44561334342401965,0.4475390306352247,,,0.44708893894407903,0.4461423906986939,0.4460648152674561,,0.44604519216612587,,,0.4456614736706744,0.444397039842274,0.4466389756209875,,,0.4474626485781795,,0.44676770617594175,,0.4463632575842965,,,0.44630644232892325,0.4461825925883307,0.44721244656110526,0.4463157869241908,0.4467718053706528,0.44620339038552587,0.445339281992972,0.44673200774443417,0.44539463685620984,0.4457804944658946,,0.2127859036120545,0.21252870267438925,0.21282400094347978,,0.21219793198351597,,0.21224849828587775,0.21239428277005482,0.21245722494596883,,,0.21249471548106774,,0.21179640385237986,,0.21234533534724914,0.21285057381600192,,,,,,0.21244950169069485,0.21253292728647696,,0.21203059122703757,,,0.21263830834934094,,0.2122790322960047,0.2120413458008174,,0.2122063694649468,,,,0.21232836776506903,0.21186745337012527,0.21201623420508087,,,,,0.21223878033542665,,,,,0.21282407532929187,,0.21179017427519398,,,,,,,0.15854344203782691,,0.15821431170960304,0.15818971266145987,,0.33709225705582274,0.3367294916487916,0.3362803069787277,0.3368252642413811,,,,0.33602281521068544,,0.33608408592363126,,0.33603506496743507,0.3360926554628866,,,0.3362711881959786,,,0.3368544826003544,,0.3367206177432798,0.3366287193451705,,0.3367163538649131,,0.3364986915144043,0.33667812166619776,0.33579369461493125,,,0.3363977171715977,,,,,,0.33570178218131924,,,0.3365375857943464,,0.3166377297601836,,0.31652671669130095,,0.3162052477533413,,0.31544218495586285,,0.3153566874394837,,0.3168312624983868,,,0.31668688415931007,,,,,,0.3166014928649531,0.3163720013673876,0.31606695449393596,,,,0.31608932345100327,0.3159553194550391,0.3157970598354375,,,,0.4903299485609025,,,,,,0.4916624227686565,0.49013083429665844,0.4918985108031473,,,0.4840561081048721,,0.482921764235739,,0.48347251832348753,0.4833724332139212,0.4816342227199061,,,,,0.48243689825714586,0.48091776058356406,,,,0.4896234553419269,,,0.4903765468571906,,,,0.4907925379469407,,,0.4929699091626649,0.4913879642659993,,0.4913948030163203,0.49162489951893196,0.49162942726246234,0.4919425527117904,,0.49046420526013856,0.49143923927284255,,,0.49236724616676464,,,0.490220099297977,0.49114832174617645,0.49191556966389355,,,,0.4816195543091841,,,0.48232439117587955,0.48213250104652006,,0.48202265816929746,,0.48223995158173805,0.4822045393612283,,,0.4811191824854235,,0.48157721332645786,0.4821536845163974,,,0.4829414560219824,0.48238758287391104,0.4829007392957085,,0.482849555837925,0.4831882592529049,0.48376633772568645,,,0.4819300938062007,,,0.2883155981699347,,,0.34960632223273036,,,,0.2584032474438236,,,0.2587860010896791,,,,0.18745532005773097,0.45468441526702036,0.16010779370500314,0.1602592441416675,,0.15653481100618613,0.15714220659300132,,0.1529327979384035,,,,,0.4566863907683621,,,0.4205723528775935,,0.07284772589826354,0.4092580426719882,0.08743374423290487,,0.08696937274884878,0.0873436962444038,0.08718357125886064,0.0872547003418101,0.08695367686274978,,,,7.870645332406415e-05,,7.88832421920288e-05,,7.864799850716815e-05,7.847049470436158e-05,7.872917835466934e-05,,,7.867712986590265e-05,7.860257064873462e-05,,7.883900765691642e-05,,,,7.847210066408138e-05,7.848489852445181e-05,,0.38457345668409637,0.38322002649926556,0.3831737712408959,0.38376486773874957,,0.12141359698123981,,0.12196163475648926,0.12169861046918458,,0.1213289858503489,,,0.37893490783513517,0.37830376786942305,,,7.973377402784197e-05,,7.976219170718973e-05,,7.977645966794619e-05,7.983763793429716e-05,7.972085721973744e-05,7.966083824404578e-05,,,,,8.002308814969137e-05,7.962289734825506e-05,7.971709186029671e-05,,7.974850728213563e-05,,,,7.973966157020835e-05,,7.984123206505291e-05,8.003091940505817e-05,,7.982658512592353e-05,,7.978420304499825e-05,,7.970849709569558e-05,7.992276584253845e-05,,,7.972006267041373e-05,7.97976809086345e-05,,,,,,,,,,7.97112116345997e-05,,7.988081983641997e-05,,,7.999823035660998e-05,,,,7.985748463188504e-05,7.995286104174991e-05,7.979527516155363e-05,,7.972752346004829e-05,7.968975999080919e-05,7.993413367216306e-05,,,,0.3161977138709783,0.31614238378394766,,,,,0.3170991322598233,0.31550881871115694,,0.37865678797958313,,0.37890863071615866,0.3801288968718133,,,,0.3792680807360727,,,0.3789615805677104,0.3788171917765775,0.37742858054077427,,0.37757252086235593,,0.3792563124357263,0.3788093160822901,0.37899088447253854,0.3169391823254653,0.3172412832173685,0.3164047195746461,0.31636524541817757,,,0.31718003728152183,,0.513106022418145,,,0.5146544098906374,0.513563280392696,,,0.5150602098508054,,,0.5130925839504763,0.5138764974694893,0.5139389557099888,,,0.377786665712558,0.3770172041964488,,0.37784403867669186,,,0.3799021100915643,,0.3785599689439488,0.37897943098127423,0.37942910400881075,0.3744958345507768,,,0.5135129613625758,,,0.5153866970594457,,0.5163080024584003,,0.3161303412414476,0.3165500055721922,0.31512029066734903,0.3166568800940005,,0.31613667516545546,,0.315502498711269,,0.31679007167112133,,,0.3153878437509057,,0.3158609248624075,0.3165080368413736,,,0.31650080182139223,0.31568015273325134,0.3168109026024743,,,0.3160918282343844,,0.3174155260397203,0.3158740072642812,0.5161851659886667,,0.5145248489289256,0.5152433569958509,0.5147421165413751,0.5147729788592005,,,0.5150824611110634,0.5143634289504662,0.5139981766575835,0.5134825308489757,,,,0.5141069140052829,,,0.5151291846404378,0.5145862042921654,,,,,,0.5151669913145329,6.362738346779989e-05,,,6.348693788328402e-05,6.353608783789096e-05,,,,,,,0.1069811659616219,0.5647798517753405,0.5638560843140662,,0.5628332402732296,,0.5627864529084611,0.5644921163253022,0.563979319655408,0.5646603142689361,,0.5640954175089603,,,,,0.5639254195467114,0.5656379409806798,,0.5644480918213707,0.5650177336688232,0.5632699093118388,,0.5654410508850287,0.5638541371243525,,0.5667257644061656,0.5645447862692412,,,0.5638014387101753,0.5626191257079795,0.5646077692977516,,0.5660110626876009,0.5632204893342988,0.5633344305963318,0.5624131875741103,,0.5631396619766448,0.5643673814000281,0.5655609433292693,,0.565518642153439,0.5642076629752538,,0.5650708042348433,,,0.5649581573866366,0.5653377344406855,,,0.5634754526457676,0.5642830699804885,,0.5653449382116784,0.5655080630264586,0.5639462180122694,0.5668258156264838,,,0.5638531699500827,0.5636997571158036,0.5657265944600784,,0.5656332631830204,,0.5638491447649415,,,0.5627568895755644,,,0.5650924429619337,,,0.5634319833227573,,,0.563761758499711,0.5656580964120563,0.5651900953880434,0.5625862247896166,0.5649797875574696,0.5641746374032691,0.5632770482639735,0.5642474050517651,0.5655952969312682,0.5645357323705481,,0.5635683040477403,0.5632968064903557,0.5651985434135177,,0.5638416341782415,,,0.5653132254530039,0.5650954381452407,,,,,0.5648837109879872,,0.5641056059714097,0.5627522987625638,,0.5661062979604303,0.5644267406463679,0.5647327269579335,,0.5638751806868442,,0.5658281727078375,0.5643684388392437,,0.5637716015507674,0.5646964885915544,,,,0.5648645909611087,0.5641727075681574,0.5659114085066757,,0.5644222250689495,,0.5635562393465838,0.5651150153115944,0.5645170770746448,0.5647804709065269,,,0.5630104283971678,0.5632676692478368,,,0.565687107871548,,0.564955934678658,0.5633416298850323,0.5645707487017012,0.5655673965632475,,,,,0.5644819625970108,0.5645766479084311,,,,,,0.5633339347837174,,0.5636723190722193,0.5643639986808319,,0.5646568932301513,0.5653418332504357,,,0.5639208373355303,,,0.5647376093734479,,0.47860536239340706,,0.5987387311320764,,,,,0.532635321985656,,0.6368277928857494,
8,24,DG_48pct,96,Z10_F08,10,LL_AB,175080,182004,True,4604.460227465136,4561.920693874018,4595.516731338109,4593.870783854537,4609.580249498396,365.5131803693549,43.03265333476478,4942.18235894777,5144.215018200565,852.0674272910651,776.2413552400216,222.624651096948,1.7016661106259012,51.370102705552235,166.10703377640925,158.3179835796807,274.4746167786825,113.77174537814044,199.20862692239183,415.54561729825,0.7218030011035329,0.7232282087481577,,0.7700766998894778,,,0.6319545896045007,0.5620417352582754,,,0.5299697653164837,0.6384577990543465,,0.6389097423206063,0.533871384686158,0.536037090209589,0.5353069772266908,,,,,0.5629492388847006,0.5617770287797283,0.5606731206729085,,0.5614711388244626,,,,,0.5622717634318009,,,0.5631700100571296,,,,,0.5230057802375739,0.5127471897517126,0.5127245402887034,,,0.5137389948540702,,0.5156343932761251,0.5123154615553138,,,0.5138996956757721,0.5121661810239768,,,0.5131114588050982,0.5145219105554255,,0.5136021472905908,0.5781260803685467,0.5802552670036434,,,,,,,,0.571540134695656,0.5716234926382554,0.5725621236859018,0.5732660674207057,0.5700039461273375,0.5739180231637715,0.5724313628807703,0.5722663221966628,0.5714700337299755,0.5711478407957101,0.5709724865312146,0.5726812015132938,0.5700863936232418,0.5711346955185128,,0.57273581241394,,0.5712766320958614,0.5716446347785562,,,0.4601370585373522,,0.17300325595318303,,0.17394987451964364,,0.17379696673160508,,,0.2709739820222128,,0.2693827704941847,0.269372110314382,0.27005248391316883,,,0.2700099320704562,0.27047789347129164,,0.27081841914062293,0.2706809934054427,0.26945549187282347,,,0.2698568681908643,,0.2699492237875267,0.2698601263442992,,,0.26971159232055836,,0.27031049917300803,0.27055827132737087,0.2706610653808219,0.27033785637580005,,0.2697494653501407,0.2705983672235053,0.2709305674777904,0.26967288094297553,,,,,0.26993474459820554,,0.2700773119161377,0.2704876306282823,,,,,,0.4452178941900619,,0.44702615941188056,0.4456266393632754,,0.4485901817476522,,,,0.44824873548206734,,,0.4469041083565447,,0.4476173104194587,0.4464273351099146,,0.4463061137709187,,,0.4462104903570322,0.4461147086419231,0.4464240981306735,,0.4460860899450566,,0.44617722662105386,,,,,0.4460363953950694,0.44739319158508367,0.44770664752855027,,0.44619377774270647,0.44704207686284103,,0.446487086479388,,0.44678609461920815,,0.21247917242106942,,,0.21215173061309037,0.21228029080037833,0.2122666601287121,,,0.21274512439930385,,,0.21273595970731438,0.21270665727589572,,0.2123796163235719,0.21249041145227834,,,,0.21289428299565616,0.21208310636496447,0.21264417031002825,0.21233572272661752,0.21276780229590408,,0.21303709003969507,0.2124236603499208,,0.21250131598315858,0.21197368304103892,0.21234633282982787,0.2128293334725918,0.2127697871605449,,,,,0.2123614155447026,,,0.21236434106881055,0.2121930323479216,0.21250414487501684,0.21195695027333356,,0.21248938820761334,,,,,0.2128547515267615,0.21229831247011957,0.21256990295418562,0.20735192069109995,0.20674694045247874,0.20695916537350298,,,0.1583591197386098,0.15836553739242495,,,0.15805227782204476,,,,,,,0.33599298737365657,,0.3368297394370613,,0.33607531055612905,,,,,,,,,0.3369268948917327,0.33598403056656806,,,0.33543606730395786,,0.3363221661335448,0.33685889329177615,0.3373052853436177,,0.33614751172295537,0.33551687365664323,,,0.3363152069990781,0.3367812227062269,,,0.335211702882409,,0.33649763408545863,,,,,0.31691936220889927,0.31614039683041406,0.31680256860046774,0.31679918490970266,0.31577554499995425,0.31567485447967264,,0.3164783228806198,,0.316204188563555,0.31609592558449345,0.3169954624106451,0.31607233119579203,,,0.31584229641973227,,,,0.31602755113899406,0.3159225449257679,0.3165715059241593,0.3157117752423585,,0.3162303638228707,0.31623705830423177,,,0.31527348582889925,0.4915798167117631,,,0.49054608619155793,,,,0.4924733730818554,,0.4910272054078908,,0.4807086976582436,0.4812677563486392,,,,,0.48204243693441856,,,0.4831865605733577,,0.4811658279055034,,0.4814634707319429,,,,,,,,0.49035827232812224,,,0.49070616190391,0.4910231122097591,,,0.49066437537464624,0.491009945956382,0.49169184354438344,0.491660592107555,0.4924484299460018,,0.48963617429756257,0.4920258881059654,,,0.49175705501425304,0.4914804689429965,,,0.49123616870122566,0.4896197402657496,,0.49022412376082414,0.4826393622500064,,,,,0.4812387502090963,,,,,0.48309792082085184,0.4842294584041154,,,,,0.48263019422126835,0.4830246420615963,0.48173602856049336,,,,0.4825062251420865,,0.48358068473241156,,,0.48251493684657115,,,0.28951695834621677,,0.28814132242288915,,,0.34962472731194405,,,,,,0.2588774807036532,0.2587919233357011,,,0.18758960133813748,0.4544463785546273,0.16001810708002961,,,,,0.15654709239661155,,0.15305967154242742,0.1525046306908957,0.0015119126510681762,0.001417974462572789,0.4578467099991178,,,0.42062024883401194,0.07292052975321003,0.07275558092259553,0.40878267442843036,,0.08731588508598527,,,0.0875438569646411,0.08693871816171622,0.08675909485188182,,,,7.886996675037659e-05,7.871505578563628e-05,7.857492700117988e-05,7.849538006824298e-05,,7.87057369813755e-05,7.898459778125768e-05,7.865903392659819e-05,,7.85805079309348e-05,,,,7.858741149358904e-05,,7.881725017515211e-05,,7.875370439531466e-05,,0.38335716789763524,0.3844262791911615,0.38345982688240593,0.38311422584421667,0.3883423974141824,,0.1222158605583193,,0.12157129770817442,,0.12145985978288674,,0.12176351270780184,,0.37847874389497554,0.37883131979894696,,7.972572606793126e-05,,,,7.986696788438894e-05,,,7.957628080255674e-05,,7.985817930738416e-05,,7.975893438740166e-05,,,7.973747730673697e-05,7.98454948054404e-05,7.980853528748207e-05,,7.980282643924564e-05,7.981056095292373e-05,7.983018586519388e-05,,,,7.97953743824417e-05,7.970616602693699e-05,,,7.95822907473376e-05,8.001553159249851e-05,,,,7.979638439428472e-05,,,,7.985787030055668e-05,7.964938012669525e-05,7.996708816991843e-05,,,8.008661331692765e-05,,7.974683865049465e-05,,,,,7.969340503222356e-05,7.962408024393301e-05,,7.990287464587654e-05,7.993170194370189e-05,,,,,7.97671678173761e-05,,0.3167107382582927,,,,,,0.3159194688378506,,,,0.3162810284483217,0.31596624738484125,,0.3797963602410562,0.37885949164009775,0.3800260353700162,0.3793567808968266,,,,,0.3790814085081794,,0.37966023358028306,0.3792401177918833,0.3780929838431936,0.3788153174517461,0.37893135486724616,,0.37952844061608815,,,0.31682277629430255,0.31601134943515546,0.31616618458255547,0.31690959376731087,0.3163643838137084,,0.31630472443871027,,0.5131170901175436,,,0.5150630498598207,,,0.5128000499579339,,,0.513854744323354,,,0.5146479369021186,,,0.3782148848714967,0.37874482583942143,0.3812138844103974,,,,0.37915440786779514,0.3791105985509232,0.3795598116335456,,0.3743401395440011,,0.3785278858655817,,,0.5152240653291824,,0.5154527342663512,0.5154436243378331,0.514103060885877,,0.31536094927534236,0.31589754619546173,0.31644153859519364,0.31549279731410723,0.3156247953533813,0.31583186845774514,,,,0.3171399239473987,0.31663789986018986,,,,0.3156380545698404,0.3162663582302343,,,,0.3152497917197821,0.31542997299425807,0.3160105670636366,0.31568155341631304,0.31623515116474216,,,0.5169950320912616,0.5140120429071771,0.5154259763894402,,0.5139606618838668,,,0.5150421364682503,0.5150193298192307,,,,,0.5135127198979554,,0.5142787352942323,0.514227894812217,0.5136885422246809,,0.5148581096646878,0.5139012717708409,,0.5154996714771822,,,,,6.345912362213761e-05,,6.350769368101099e-05,,,0.4986620998329514,,,0.5303379817520534,,0.10684576795714228,,0.5644398171504903,0.5640132015726759,0.565574781078101,0.5643000561231705,,,0.5640492619531653,,,0.5659434359254507,,0.564946592375541,0.5648691445263029,,,0.5642888217263045,,,0.5670291494231058,0.5648623793803134,0.5652146850096341,,,0.565335299617264,0.5654378225997208,,,0.5644628667018773,0.5637365534973978,,,0.5643904857029711,,0.5629687446982735,0.5639651676843426,,,,0.5641216969842049,0.5658615103461772,0.5657829742793428,,,0.5654208961341528,,0.5643940131066577,,0.565041799057503,,,,,,,,,,0.5651778405565928,,0.5652300751643435,,,0.5627554699610303,,,,,,,0.5646716275927993,,,0.5657002453648186,0.5627850080447228,0.565322023032686,,0.5651647261969371,,,0.5661838849607141,0.5637996403368154,0.5633543186972654,0.5653083694087698,0.5634441004057749,0.5642518972432995,0.562276189476812,0.5657915622198296,,0.5634833958036088,,0.5642123565676491,0.5650473994571721,,0.5651005825024306,,0.5656671740898987,0.5644188312503077,0.5660315704864121,,0.5634727670942544,,0.5645026952589819,0.5644601320709502,,0.5650489547244958,0.5626448459309302,0.5649864177510643,0.5650329689060103,0.5632815043294067,0.5633432007729533,0.5643155149576711,0.5654163329732815,,0.5653476598510557,0.562996155645858,,,,,0.564921475780921,0.5645572752003059,,0.5659764070855743,,0.5653992221364473,,0.5661413197984855,0.5647858043862736,0.564948344415398,,,,,,,,,,,,0.5645517880609272,,0.565417140314016,0.5652335798959323,0.5642360417000413,,,,,0.5638881497384144,0.5660081621879959,0.5637877991928885,,0.5624934398227852,0.565908100989933,0.563591651791785,,0.5654681554510258,,0.564209324452106,0.5635831601754462,0.5648336461200991,,,,,,0.4794529442211995,0.4808294122060172,0.4800924348713331,,0.4967672860310782,,,,0.5348017896319126,,,0.6348198890577671
8,24,DG_48pct,96,Z10_F09,10,3PH,175084,182015,True,3625.429963461246,3681.6034353372593,3702.638032658432,4061.8811089055957,4089.939243272947,262.7007229690421,21.981339521369026,4413.751319572521,4458.19427933926,0.07520634812920568,0.06969277100807161,0.02320717748628164,0.0003392473307632026,48.290854532869346,157.15364134618542,115.01998868255771,151.57819369452272,62.991094788006755,74.75925564717012,11.69409689332683,,,0.7503285777406926,0.7563314611071937,,,0.6896194600239923,0.6067160663876525,,,,,,,,,,,0.6143489821913822,0.6118934842460639,,0.6062714314096143,,,0.6068115760677013,,0.5973968903074525,,,0.6075177340492778,,,,,,0.5864167102901846,0.5617344065971139,0.561933448186519,0.5617754157919433,0.5572797780518982,0.556900092228511,0.5560669145992627,0.5570804494195567,,,0.5585369588749989,,0.5581600155460005,0.5596332182701795,0.5576998125126357,,,0.5595210861236017,0.5584700103132988,,0.5560598467675117,0.5590151111349392,,,,0.5500549932954858,0.5441700640732854,,0.5439265281763398,,,0.5452345515243907,,,0.5443083815716614,,,,0.5435584033714529,0.5444029723524655,0.5437484686279599,,,,,,0.5436811324594711,,,,0.5094026194727884,0.5093718621397908,,0.2436144929498256,,0.24209524281401767,0.24275461820363523,,0.24237056749205196,,,,,0.24556758545953863,0.24466540898426528,0.2452978326441227,0.2458387794087518,0.24558463875091485,,0.24560516495835116,0.24537747391784737,,,,0.24612963608862648,0.2450985844628641,,,0.24511400225572905,,0.2454597173395044,0.24577141584772969,0.245279873724967,0.2452072161172119,0.2459323178433786,0.24582680009222074,0.2455415171484552,,0.24529026417537986,,0.24520716734837414,,0.24483495473761113,,,0.24553046905674136,0.2449388327473467,,0.24493903319575736,0.24472754228541732,0.24529448256818895,,0.24504974749020372,,0.2444132363956222,0.2452949946109397,,0.2451191629202174,,0.24560678925079413,,0.24601713198395828,0.24569915357102504,0.2453022238689121,,,,0.2451762378989843,0.2461378991254806,0.24571646518379991,0.24589362100944617,0.24629184171507798,,,,,0.24543335141739475,,,,0.24514292730137588,0.24468904127720648,,,0.24552959022177834,,0.2451270451305884,,0.24520615385931044,0.2454771000056299,0.24510526429758392,,,0.24495654008266166,0.24523370400653557,0.2455311056439465,0.24563955608128235,0.24488719166468353,0.24479737675605528,0.24597879049129415,0.24479483781629321,,,,,0.245433471582629,,0.2452381228993277,,,0.2452215292564958,,0.24553673850500224,,0.24488895534269386,,,,,,,0.24591565396490833,,,,0.244700442009077,0.2455915445229857,,0.24549529581966595,,0.24454161823244666,,,0.24498477163801746,,0.24546378790464382,0.24545980417472235,0.24382721112136366,0.24555733209753525,,,,,,,,0.24432327366286893,0.24538987237937268,,0.2454497765022965,0.24550681282378956,0.2697694164100932,0.269606422996421,0.2700325063168619,0.28843901498346497,0.22752000829605454,0.22796241846683823,0.22754172795973343,,,0.22829450309643473,,0.31461555994654855,,,0.3148791695427294,0.3141055665599666,,,,,0.3133760968144951,,,,,,0.3135130665851215,0.3143422190360005,,,0.31504060716731835,,0.3133060740375227,0.313623357765354,0.31375790817781274,,,,0.3140852379066724,,,0.3134118540539532,,,,,,0.31314198640980084,0.31267717170230563,0.31412444100838305,0.31376883436606434,0.29607408984546213,,,,,,,0.29701831374283305,,0.29674076417187745,0.2960261752903036,0.2969845411126975,0.29602382918175796,0.29627037562941444,0.2963945769870393,,,0.2965348656449321,0.29639775555011666,,,0.29654472543991,,0.29668817124717056,,0.2961469994047994,0.2961435718931598,,,,0.29621341577611454,,0.3136815260755511,,0.3132725285704189,0.3137399380031899,0.31393776251242883,,,0.31403201844908946,,,0.31407966178224656,,,,0.2959713777130238,,,0.29636544185341596,0.29557302796614665,0.29610284709518714,,,,0.29541138102327485,,,,,0.3135558943114904,,0.3128667491272767,0.3129419103978827,0.31244844400603433,,,0.31331339076154746,0.3143406690979498,0.314408610417936,0.3142943177628508,0.313812753942103,,0.3135304851659473,,0.3140335929251799,0.3138873536541113,0.31397264367099176,0.3135698881768752,0.31299405824128745,,,0.31369289592665384,0.3140917515224099,,,0.31374887528001905,,0.3124916276369368,0.2954074216541807,,0.29568568055786076,,0.29519549856601845,0.2956829449286325,0.29661936289132607,0.295951045302221,,,,,0.29647557692441256,0.2961541417652553,,,0.2962523063256728,0.29603902066464954,0.2963578282166785,,,0.2961997371427821,0.2963021727650855,0.296928489594629,0.29704350124747586,,,0.29603346776403083,,,,0.32490498599318873,,0.3237609082937911,,0.3244967953210601,,0.3234798047546807,,0.31828284680444724,0.3183056513136725,0.3179380685689184,0.3191670713150263,0.31882257262437,0.23103406744035404,,,,0.2297051699980184,0.23021249763135632,0.2238882115266053,0.22467166949423703,0.2242507562988597,,,0.21823628403991396,,0.08884532169462947,,6.215153894371352e-05,,,,6.285435871741071e-05,,6.330351087456303e-05,,,,6.334615490332423e-05,,,,,,6.333174069597907e-05,,,6.35009977803242e-05,,,,,,6.365446065336337e-05,6.352747960094804e-05,,6.360280209510482e-05,,,6.347252723823664e-05,6.353813869370919e-05,6.356696248637949e-05,,6.470379604849461e-05,,,6.468836004772652e-05,6.426974872120105e-05,,6.509476145734988e-05,,,,,,,6.49951912097514e-05,,,,,6.471340765351395e-05,,,6.464523350553518e-05,,6.490130734405294e-05,6.468741120778722e-05,6.481450997042619e-05,,6.483517838220564e-05,6.473070747399155e-05,6.465903751252036e-05,6.477182453077209e-05,6.485214470173559e-05,,6.479493519444671e-05,,6.475282893169169e-05,6.474092197021122e-05,,,6.470854872358295e-05,,,,,6.472163012344164e-05,,,6.468175375126597e-05,6.475609691639113e-05,,6.460708734660559e-05,6.493529285827314e-05,6.484991098918116e-05,6.475056886966209e-05,6.457536185714673e-05,6.463436840479661e-05,,6.474864346410963e-05,,,6.48885002112623e-05,6.453678516149763e-05,,6.478198198450832e-05,6.487964196787205e-05,,6.478293624074662e-05,,,6.469473135456385e-05,,,6.466709760338506e-05,6.463422725665583e-05,6.475721186578008e-05,,,0.35430115408823104,,0.3534004028279465,,,,,,,0.3538865561120998,,0.3538059643173301,0.35284320778390055,,0.35484504993825045,,0.3543968917016723,,,,,,,,,0.3540248317621479,0.35442978317503926,0.35480673839838145,0.35344611293357425,,0.3534574307436282,0.3535780420463791,0.35357850544264513,,,0.354016126058603,,0.3550905225573558,,0.3553079828378114,,,,0.3533862625575743,,,0.35405662041140096,0.35265062248629614,,,,0.35400346173566494,0.35308373674025667,0.35369736454363154,,0.35485136297158515,,,,,0.3545960978641076,,0.3535631823400783,0.3539931580590931,0.3539633535555881,,,0.3532076363401554,,0.35268114038540144,0.3531578437224502,,,0.35386438737417847,0.3537641108488985,0.35444734605210676,0.3538098496264779,0.3547614142798521,0.354653573768353,0.3538631668619811,0.353098780947724,,,0.353507959201258,,,,,,,,0.35494734730806704,,0.3539406913437192,,,,,,0.3535077397229394,,,,0.3541935754412326,0.3539177219893476,,0.35384080439810156,0.35465350839081483,0.35427778561437656,,0.3543227429837563,0.3530869495190663,0.3529350162608453,,,,0.35336625321785375,0.3542276630320503,0.3536623083608526,0.3547012105908788,,0.35341332948792564,0.3542939205050545,0.35444191764441396,0.3531006586928733,0.3528025289250157,0.3533810118442119,,,,,,0.08847040135400773,,0.5736299215104664,0.6287719434951637,,,0.5707633849362463,,0.6084544712000292,,,0.6059964278348031,0.6088538941359369,,,,,,,,0.609827984298899,,0.6104823934399013,,,0.6094048047190707,0.6084628008065347,,0.6079805907129648,0.6094932158883468,0.6089541228039925,,0.6089742896181963,,,,0.6108535741858616,0.609289780007142,,,0.6104450786058317,,,0.6087422685446805,0.6098309216770943,,0.6101299908433492,,0.608951513168423,0.608259953788419,0.6092715212246705,,,0.6077901979065047,,,,0.6079224888155765,,,0.6100106769630311,,,0.6091314180773517,,,0.6073562744902352,0.6106860674013416,0.6082094908663676,,,0.6109588397758995,0.6088326241097046,0.6103575112893669,,,,,,,,,,0.6070614022594591,,0.6087569339559633,,0.6088189681788913,,,,,0.6115390323521361,,,0.6086080885166847,0.6102033305188074,,,,0.6089926373345588,,,0.6112249225329524,,0.6080365205579463,,,0.6091912704958548,0.6086619862722276,,,0.6083699721237078,0.6084054645992819,0.6086960854688234,0.6087003169391738,,,,0.6087421600786946,,0.6080392832837307,,0.6100512930922917,0.6090357455079805,0.6066146055507241,0.6087021160504854,,0.6097952873583223,0.6091609170576314,,,0.608848505855547,0.6090904712454923,0.6089735139988172,0.6065351270621674,,,,,0.6088645545031365,0.6094929032179925,,,0.6106465851712355,0.6093285837314157,0.6085559988112784,,0.608881408426565,0.6081380579653032,0.6084874725367055,,,0.6081729313439457,,,0.6084684182328111,0.6084446335767143,,,0.6091296075735123,0.6086636018910224,,,,0.6084161094955576,0.6082355419269567,0.6100537684328932,,0.608191475599515,,,,,0.6082350230709646,0.6088027272064948,,,0.5210197974474189,0.5760934208614817,0.5723076167712767,,0.612689152342945,0.6122789051598382,0.6128400993294305,,0.6126415931208337,0.6104568838629647
8,24,DG_48pct,96,Z10_F10,10,3PH,175078,182012,True,3734.111572616221,3810.79673345297,3820.41742516213,4163.639365083972,4214.017090645749,249.80725732839764,20.58791356495721,4495.6084768975,4493.763288704736,9.375180125702054,8.636126425411705,2.889995668744219,0.042357477497832405,47.84057565149071,155.20957350297786,108.97816336836392,139.71316464775387,58.04715648041063,68.595331389269,0.02297507265612953,0.7450590528057824,0.7451881752765415,0.7446532679353033,0.7479220157778521,0.750438286310843,0.7477201107667771,,0.5980453323487122,0.5947961122406645,,,,,0.6024143722015727,0.6013938438274122,,0.600647021681234,,,0.6021013484111013,,0.5965086733497775,0.5970635403030299,,,0.5961585066528663,,,0.589470407409496,,,0.5981139623228494,0.5999638734479286,0.5973840871416476,0.597284424651471,0.5727600256034939,,,,0.5443175540898569,,,,0.5468622025872232,,,0.5462466255861267,0.546181639443285,0.5465329051405544,,,,,0.5475339485152854,,,,,0.5420681095563141,,,0.5319971527463555,,,,0.5312262971805138,0.5317758259242734,0.5320443993968381,,,,,,,,0.530889430531981,0.5331764551940844,,0.5328081275976891,,,0.5322280190085623,,0.5330355424370681,0.5347858741514435,,0.4962422515030941,0.4972394825117244,,,0.2224409575709565,0.22257077219171761,,0.22375726064204088,0.22356380769307954,0.2256777504044475,,0.2258369649899942,0.22559449001200854,,0.22555654563487332,0.2262520387177965,,,0.22605610769085077,0.2255611046924277,0.22565161717863447,,,,0.22561408812876013,0.22540472648850107,0.2255165052616973,0.22589119337199445,,0.225463173716176,,0.22551001165740064,,0.22626924971883464,0.22566335748462293,,,,,0.22588801979239628,,,,,0.2255183743808359,0.22543063689567244,0.22515533260378612,0.22563978186705194,,0.22547455772253697,,0.22495635444727233,0.22568682376368723,0.22562206436512763,0.22562778605457945,0.22575952764669552,,0.22558713120742968,,,,0.2265555518070642,,,,0.2260411469967996,0.22579386519149802,0.2264037254554951,0.22547983172369832,0.2256754693395914,0.22522125753727057,0.22625594100631777,0.22559180741626167,0.22549738052872045,0.22571336323937324,0.2256813218095315,0.22598405087439763,,0.22530266191669918,0.22529531653957682,0.22634048313552546,0.22548483627037946,0.22562816559303642,0.22572639812588957,0.2260215904941195,0.22583408716887493,0.2251282649320045,,0.22552223580893505,,,,,0.22677551178824068,0.22639816266368712,0.22577435342764607,,,,0.2257076335998391,,0.22553358276341454,0.2262158118114355,0.2254390353832765,0.22625804765544313,,,0.2261408009249946,,,0.22597533097921477,,,0.2253891787059052,0.22591413934346605,,0.22518177428035996,0.2261411473305802,0.2265613319555709,,0.2258405785199018,,,0.225290631801418,0.2258780271409133,,0.22572850751392995,0.2261074294728729,,0.22527796877752987,0.2261262457411367,,0.22526125677834852,0.225247626720543,0.22566123834163812,0.22548484900466192,0.2260215727053187,0.22561287439648706,0.2261137459605911,,0.22613210832755645,,0.22577270501432192,0.2250599769573246,0.22556587643126555,0.22573937861209895,,,,0.2259003288299236,0.25266260542425195,0.25291181668831997,0.25175551260582185,,0.20795778642053914,,,0.20802508572601316,0.2086721885012342,0.2077851694844896,0.20787544810690642,,,0.2965954856071093,,,0.295621653969958,,,,0.2962590761220454,0.2965832533098128,0.2960869075907052,0.2957997838325885,,0.29624927215584385,0.2957845217167644,0.2961361988706168,,0.29592767329933906,,,,,,,0.29568690480621473,0.2951602222191844,0.29588821584946295,,,,,,0.2959501521866193,0.2970719030351682,,,0.2962648863616103,,0.296378922110364,,,0.27833173841176156,,,0.2784712411546111,0.2784734365911014,0.2786862879259784,,,0.27955703632287787,0.27889657661809586,,0.27880976787422296,0.27936659811695114,,0.2787414322707972,,,0.27882114025393095,,,,0.27826351616845446,0.27896890869232,0.27867845592812474,0.27832834308070203,0.2790393866517516,0.2787868666296268,,,,,,0.29684054325640385,,,,,,,0.2957313503240906,0.29683178985268033,0.279067919334135,0.27859074790802496,0.27869375526751194,0.2782414373518551,,0.2781895109849593,0.2780979671589459,,,0.27812174371332277,0.27776275326470357,,0.27832247049857933,0.27817996265452466,,0.2962888434327771,,,,0.29555464002493326,,,0.29658799729431773,,0.29590570196939703,0.29605376816600365,0.2962873110265664,,0.29633705517730285,0.295497547261192,,,,,0.2954643390449443,0.29635641510239435,0.29681543697350604,0.2963382027714282,0.2970572877152664,0.2958366503682445,0.2963479587765346,0.2960370443979555,,,,,0.2787734932127141,,0.27827651782655816,0.2781747027260452,,0.27819289411310033,,,0.2784476294813837,0.2785866921502305,0.2783323859261804,0.27823748150613187,0.27803570482166584,0.27859547049368055,0.27721462304379324,,,,0.27834439659469407,,,,0.2784951651833014,0.2785979330280105,0.2779235875685279,0.2783298268443543,,0.27827257642111697,0.2782821194862221,0.30843739420970956,0.3084916308262645,0.30787813014186743,0.30802939359989273,0.3069023129132348,0.30705474369579894,,,,0.3011844324267258,0.3021988262210518,0.301504213152523,,,,,0.21112206282410634,0.21103062559504368,0.2101465709981603,0.21031914615172012,,,0.20483086569375034,0.20615316433622086,,0.19929036086728,,,0.06572364006280976,,,,0.007744732722241505,,,,0.007891475385772924,0.00789493789943375,0.007893369634026166,,,0.007919523523901536,0.00789616477912686,0.007876948405255437,,,0.007926979370903866,,,,0.007912704941820111,,0.00791629553127984,,0.007921479692070412,,,0.007900699677819008,0.007912667835026472,0.007901667359026435,0.007887143608684647,0.00791551289690232,0.007923948083449615,0.007901948419219755,0.008079909707470185,0.008039898579915996,,0.008061229999685985,,0.007998506959477012,0.008108981124794983,0.008110685577962995,,0.008112222258751986,,0.008109111910314807,0.008088724485722537,0.008100267910060507,0.008089129230721179,,,0.008073810598425367,,0.008069111825774775,,0.00809898028534055,,,0.008069342405146125,,0.008066475988359259,0.008034533947761787,0.008097488682377854,,0.008103146779845197,0.008084974678371664,,,,0.008074165517875757,,0.008075993519541701,0.008084251895201306,,0.008071811463899035,,,,0.008061156101084757,,0.008074494253746506,0.008062249027728442,0.008057455205293681,0.008062385350676788,,0.008062542858206753,,,,0.00805976014316854,,,0.00803629314808553,,0.008043573124288493,,0.008070750830250332,,,,0.008043635765682533,0.008071394054614739,0.008055297555369618,0.008078974334621418,,0.008070558093641378,0.008075708913008378,,,0.008059760846976493,0.008058548879856397,,0.33818604148039577,0.3380174344076937,,,,,,,,,0.3384956734166356,0.3373788971518965,,,,0.3382391338730931,,0.3386881814324342,,,0.33809801431310293,0.3373868666831113,,,,,,0.3377979969932849,,0.3378480466381221,0.337012075322909,,,,,0.33800972114113487,,0.3379843654967105,0.3386534721305703,0.3374484772150651,0.3370801875312303,,0.33703130735342374,0.3374189493019591,0.337818213093266,,0.3375112403424272,0.33889702206984346,0.33748411476004064,,,,0.3362358643226872,,,,,0.3380089243350401,,0.3375186673554515,0.33824379207949956,0.3373068024045414,0.3384028315056365,,,0.33305239865527564,0.3373351506593506,,,0.3385528453804589,0.3380915598369224,,0.337356140206208,,,,0.3386164177356477,0.3372048677257794,0.33745878442781735,,,,0.3394535106260485,0.3369864143043982,0.3379113381613381,0.33786062647289783,,0.3382338598475112,,0.33811677219699177,,0.33819387646201504,,,,0.33848208674976904,,,,,,,0.3383947861724139,0.33854620161335514,0.33752524402792383,,,0.3383294151976838,,,,,,0.3363793202600709,,0.3382019693429488,0.3375813291797258,,0.3367474710411693,,0.3388572631655212,0.3376175762512427,0.3378224423476545,0.3387143890199048,0.3379668566488021,,0.33772716885074533,0.3373737233890088,,,0.06560650593152871,0.06566480650934906,,0.0655855666616584,0.564904098709977,,0.5603572640651534,,0.559057507790252,,,,0.5984168893857396,0.5992822231333074,0.5997747617885082,,0.5988404545491532,0.6007861811773139,,,0.5987470787326543,,0.5998897141547399,,,,,0.5984831075004325,0.5993928141181756,,0.5968283458775149,,,,0.6007156195851369,,0.5976886543891282,,,0.5992425423267056,,,,,0.5992135174209609,,0.5999045744125496,,0.5998201108323912,0.5993634476271407,0.5995251090994743,0.5974935552356027,,0.597413472362735,,0.599408248036703,,,0.59895346825235,,0.5983915251712698,0.5989090737413227,,,,,,,0.5990577151717604,,,,0.5996061666828011,0.6007343986566207,,0.5986103010684309,0.5983708558044383,,0.5984941623347214,0.59974970955122,0.6021726485866221,0.59773335782024,,,0.5980389278869743,0.600781932204764,0.5985065293472895,,0.5993160630373474,,,0.599849454607146,,0.5978147166942186,,0.6000677529429244,,,,,0.6003968702632424,0.6005183900543912,0.5998385392871132,,,,,,,,,,,,0.5995996928367441,0.5994660487588233,0.598195527699901,,0.5995886532797172,,0.5992031622039466,0.6008237520230246,0.598548674847245,,,,,,,,0.5985513788030444,0.599645779136179,,0.6002798353195848,0.5982640739766961,,,,,,,,,0.599778622975515,0.598900803340728,0.5978062277342616,0.5989693923598899,,0.5990141125104872,0.6002422869341612,,,,,0.5965964894826604,0.598395639337694,,,,,0.6004452037128584,,,0.5993085109681917,,0.6009040259554059,,0.6001274707525007,,0.5996156203506332,0.5985237738687282,0.5989300216277066,,,,,0.5977662698151402,0.598325774502462,,,,0.562305638018765,,,0.6016335801886424,0.6039949161123054,,,0.6009251194119408,
8,24,DG_48pct,96,Z10_F11,10,3PH,223584,221728,True,3833.4132582391053,3853.9226309865317,3905.5029060935694,4249.906172715294,4288.560871266832,239.63326699587734,19.520819708445583,4498.943026319085,4547.438372893691,58.71111365435336,54.18379697758508,18.146115521700427,0.26332671530107277,47.29254030983969,152.99767909576389,104.14011605431662,131.1037225404964,54.5060064476877,63.853792441669654,17.506787160596474,,,0.7426504165989412,0.7457775128633635,,0.7446356336832546,0.677816530457387,0.5898769136402073,0.5876081498513404,,0.5868918173526417,0.5933809549654621,,,,,0.5926904375528765,0.5930218714350685,0.5944807434689957,0.5926571107604296,,,0.5867316276019008,0.5887310249077553,0.5861181627327844,,,,0.5799853622087889,0.5893378338414371,,,0.5892327795364272,,0.5902771072272629,,0.5415342882175852,,0.5422536192866297,0.5380011395284314,0.5365140094825429,0.5349311243758927,,,,0.5373282228546682,,,0.5384701822148884,0.5380766517618123,,,0.5389045889357804,,,0.5375233007606758,,0.5293436273835658,0.5310688923758459,0.5315266906452991,,0.5220325371337572,0.5233531461479765,,0.5230237222938513,0.5227661387257737,0.5223595668638598,0.5229692180696148,0.5230344902997578,,,,,,0.5231440508421206,,0.524467575574426,,0.5220881808498425,,,,,0.5228106869403358,,0.4848918979558254,0.4866550514700945,0.487304292996362,0.21087576761280546,0.20937809116353265,0.20969525794429283,0.2088668682614118,,,0.20914546893336106,0.21292102052438647,,0.21236816743768694,,0.21240062453955058,,,,0.21216756893968491,0.21155528358767814,0.2123713818272425,0.2128907193443958,0.21198689269732032,0.21239359137522495,0.21225584680790865,0.2121414754099605,,,0.21186683312999258,,0.21144479733656632,,0.21235443153851402,0.21195259879369668,0.21230273429322527,0.21186963937253173,0.21254777394417684,,,0.21239010155018098,0.2123417286462817,0.21185008462984864,0.21197148675664337,,0.2118729521386111,,0.2116087310629393,0.21134367350387614,0.2119525047418404,,,0.21293033715557824,,0.21177317068124135,,0.21159500901804554,,,0.2118170077058034,0.2122966447796981,0.2118475808005918,0.21193897799200678,0.21239202717769373,0.21236811830546964,0.21275340597030595,0.21192494794832056,,,0.21239578941128395,,0.21150706158230245,0.2121053383541697,,0.2120991505576335,0.21159486516340983,,,,0.21251847143921146,0.21225891345857537,,0.2120076473164501,,,0.21199183316245462,0.21254706460103465,,0.2123160764209093,0.21258826889946766,,0.2121531397026938,0.2115201649942586,,,0.2114923715580872,,0.21143409096841315,,0.21202494630118554,0.21202323319441296,,,,,,0.21241201066837587,0.21237638559833852,,0.2121415847736677,0.21174750277117793,,0.21195281796159626,0.2121822906132314,,,,,,0.21163455495410705,,,0.21160090300441634,,0.2121097200769183,0.21172845486423372,,0.21204756531821467,0.2120708873696344,0.21179108003249783,,0.21184009383484081,,0.21186205776493156,,,0.21221924889730326,,,0.21217128450466824,0.21256836155876063,,0.21204490898175724,,,0.21186542567689148,,,0.21227597101678822,0.21243054425013155,,0.21204666327666952,0.23928725433179374,0.2397486458262953,,0.25771503386279543,0.193642571189625,,0.19426907860510095,0.19460453308289985,0.1941870786638928,0.19466671676723488,0.19459308704037467,,0.28448134450499957,0.2839994611174121,,,,,,,,0.2842257956821441,,0.2861078499880398,0.28432529888625313,0.28413724415643105,0.28425447033561524,,0.28469968555800507,,,,,0.28338099529357574,,,,0.2852061762220978,,,0.2851201906659461,0.2848800111263318,,0.2836979339176987,,0.2841723224916812,0.28369202823135503,0.2845264985821007,,0.28432540276634893,0.2841085688533202,0.2658969022906137,,,,,,,0.2668614443342759,,,,0.2662767973881011,,,,0.26652675913396257,0.2661825073349738,,0.2672177193696337,,0.2660872939787683,,,,0.26646325509150337,0.26545842421633487,0.2661749498984711,0.26597412220457417,0.265774566902792,0.26654262482064567,0.2657448798721276,,0.28389590282943,,0.28389437118217054,0.28463238985547473,,0.2835860538310279,0.28451122752311137,0.2842115158210192,,0.28387482170133554,0.28378818260687844,,,0.2659267063334717,0.26584730826987485,,,0.2660442278920184,,,,,,,0.2653968166104695,0.26542214765056665,,,,,0.2828247497899229,0.28327417731468263,,0.28336607690040616,0.284789790484029,0.2837378492189362,,0.28396555115941474,0.2837755648089219,,0.28393809411421006,0.2845318552264429,,0.285478890813478,,0.28397687639385355,,0.28442042984535515,0.2841683695525955,0.28518026539006186,0.284502629310416,,0.28447238866541646,,0.2834221786033463,,,,0.2655704907423624,0.2662252831527097,0.26549694842939925,0.2652930434876052,0.26577798238156014,0.26524565644986714,0.26665259465404595,0.2660242192999922,0.26630768337757543,,0.2661733625006018,,0.2661369858734381,0.2654905227032262,,0.2652061799277251,0.26570254179369773,,0.26679601633078254,0.265409164339931,0.26566379002813617,0.26670302345263275,,,,0.26664361109464074,0.26650732379011194,,,,,,,,,,0.29463567027968884,,0.2896842029668656,0.29003347343557867,0.29072571618659604,,0.28946721038708007,,,0.19700856377876716,0.19667155706918926,0.1964336391010827,0.19583048145235787,0.19135029939393783,,0.19219604988190558,0.1865131423925297,,,0.019147342365677028,0.01906658213199671,0.019113784360749262,,,,,0.0489327274644444,,,,0.049405176976448674,0.04940034786407438,0.049332924737909685,,0.04945168856988846,0.04950210992042503,,0.05004025699913249,0.049498113478751424,,,,0.04944254912258291,0.049577686898348086,0.04954978932806264,0.04953253144854624,,,,0.04943027392276827,,,,0.049431484486946675,0.04958678455093174,0.04950541311453176,0.05046597084941095,0.05034992549650776,,0.05046691680096233,0.05052561810896274,0.050122593647148016,,0.05076883032829583,,,,,0.0506057885766985,,0.05070875112999688,,0.050705825813144784,0.05062989319453822,0.05034909428288749,0.05042886836450154,,0.05043231509028426,,,0.05031520930747336,,0.05065801892478513,0.05058416680260584,0.05067496431296469,0.05066713088282164,0.05062233669955325,0.05057915117702148,0.050592921103018024,,0.050459004850124764,0.05053193367807645,0.0505450823102419,,,0.050537837802764995,,,0.05047751521410775,0.05033978145681842,,,0.05054153176574281,0.050384906960579755,0.05041377801081147,0.05041425149335537,,0.05046742932094406,0.05036852335322225,,0.05032857328597431,,,0.050390536888832486,0.05049894824559375,,0.05041766298430123,0.050774681791343416,,,,,0.050451344199114366,,0.050418531896851956,0.05049409161002057,0.05041208465372292,0.05049647470895727,0.0504418688644249,0.05042226500300388,,,0.05046547616949815,,0.32623779428813743,,,0.32697298031530775,,0.32692475713574776,,0.32678961835313297,,0.3266259939706941,,0.3278153596094483,0.3277132371849577,0.326603154553986,0.32772041112664785,,0.3270732024795249,0.32734756390971115,0.3274175025042226,0.326750779726057,0.3265487457383508,0.32673747464894237,,0.3267770905724845,0.32708879837359756,,,0.3271112623261255,0.32646710052668193,0.3259988510200214,,0.3279825224988438,0.3277842383194237,,0.3280348705551365,0.32714593465238156,,0.32795689677124795,0.3267331335588233,,,0.3263456967124387,,,0.3262860236571892,,0.3258419658039921,,0.3268487708249551,0.3255402317307054,0.32625248959207326,0.32546039889029893,,0.32704115243812937,,0.32645073920226225,,0.3267006005588123,0.3276000010325216,0.3268837132496245,0.32846628665946387,0.32814397094375247,,,0.32723977665234094,0.32200108186729276,,0.3261218620093118,0.3264560428496844,,,,,0.32685902503877334,,,,,0.3267527361347899,0.3272471020323155,0.32674873562313295,0.32737725667367035,0.3278981875863167,,0.32753791377151376,0.32733188664417817,,,,0.3270610401996244,,0.32907674984403446,,,,,,,0.32609877663093706,,0.3272554643799403,0.3263510791327877,,0.3269589474327413,,,,,0.32656939204045626,0.32679515753331834,,,0.3262643774152726,,0.32673988756941413,,0.3267825483261938,0.326809537675904,0.32677100568230943,0.32641767364981045,0.3271190688507796,0.3266205988649267,,,,0.3270865602545371,0.32683060837376865,0.32748782027889894,,,,,,,0.5563703742257705,,,0.551058087444661,,,,0.5912399476653687,,,,0.5896777880236747,,0.5902204156798219,0.5914799438469526,,,0.5917434637083157,0.5916791497830685,,0.5909084818981015,,0.5907889416135031,0.5916393448362499,,,0.5906177856447006,,,0.5904680345684828,,0.591021915365425,,0.5914142140434667,,0.5914114782243557,0.5914278767577794,0.590903650667077,0.5905378100322853,,,,,,0.590958717042115,0.5931871461186182,,0.5904462724418406,0.5911799571263813,,0.5904595675362152,0.5901384490310337,0.5925049314493777,0.5913488505683032,,,,,,0.5903514365209267,,0.589839091058573,0.5890224535235161,,,0.5919514513013108,0.5904290575364001,0.591727418116991,0.589506317892688,,,,,,,,0.5903087447112061,0.5920469383769195,0.5895473382369593,0.5900140426825453,,0.5903413536117859,0.5929074494121426,0.5916071614350015,0.5916864675390161,,0.5923440025071062,,,,,0.5913351936026155,,0.5913964398734959,,0.5921956386083402,,,0.592524851093592,0.5897761146890542,,0.5921849069255661,,0.5913391885173175,0.5906200166782651,,0.5905870292465061,0.5892911043895688,0.5920860398061729,0.5917193507003158,,,,,,0.5916563399543758,,0.5914751915620412,0.5914949351225673,,0.5911589986247906,,0.5904261785764925,,,,0.5929682445974063,0.5911769776476447,0.5901632070126842,0.590810541816472,0.5915836821234015,0.5927883620753405,,0.591327336272623,0.5905815430666852,,,0.5893971677528685,0.5899309885760183,0.5915948233822151,0.5917771640551449,0.5900955746730784,0.5914815678218974,,,0.5917546564725003,0.5907725115611246,0.591810507633128,,,,0.5917240593408957,,,,0.5905047666255615,0.5904372502898229,0.5909245676245561,,0.5918144085613498,0.5910292514369275,0.5899521429717577,0.5889833653970874,,0.5925313695130661,0.5899151305717846,0.5905679701279638,,0.5903361354824147,,,,0.5910597054425207,,,,0.501700013637186,0.5544557684582422,0.5526368890020807,,,0.5941990071545612,,0.5956536392554291,0.5931651705935085,
8,24,DG_48pct,96,Z10_F12,10,3PH,211128,210023,True,4007.8877698205247,4038.188625553079,4060.377182035372,4421.884312509171,4443.8887176339895,221.36776583194265,17.63630006056108,4599.8188708120715,4597.715268765036,16.716941361965198,15.394560825711176,5.093396187561935,0.07524636066359675,46.41015580221766,148.93998764505582,97.35480576471423,114.92196821341898,47.796862098091246,55.708206767263775,5.015311694815234,0.7342526994053861,0.7320928004579531,0.7297997894738959,,,0.7348640983577693,0.6658609732350642,0.5749249674379998,,0.572823647430082,,0.5802628190405403,,,,0.5802920879242617,0.5784855250444042,0.5778018622894293,0.5806377471690226,,,,0.573355985277276,,,,,0.5654142117753458,,0.5747910450655244,0.576169484669592,,0.5744356363363923,,,0.5486212505184446,0.5257981882107319,,0.5271217171499107,,,0.5172574418016721,,,0.5201454193459237,,0.5209942173215611,,,,,0.5211680580766638,,,0.5204553408876043,,,,0.5163817095231585,,0.513971042771672,,,0.5057179893911191,,0.5058210336395356,0.5069080883817402,0.5051680786844922,0.5047084986384822,,0.5054809674970991,,,0.5067237358794593,,0.5071680240620533,0.5051432976635757,0.5061979783382647,0.5033848989598879,,,,0.5046572974259218,,,,,,,0.1843863985485238,,0.18389275890763943,,0.18457441559885518,0.18541090835781793,0.186613835164641,,0.18662388810183375,0.18689568259204603,,0.18677794199797934,,0.18681560980387624,,,0.18682753222574172,0.18658252765045652,0.18669846489312597,0.18696461083136498,0.18623701893283087,,,0.1867092373598491,,0.1871002754189034,,,,0.18700516629079578,,,,0.18690335948434714,,,0.18673883034386907,0.18713361160697853,0.18668215572553473,0.1865462274586411,0.18661841776525373,,,0.18687913938253423,0.18744616943065492,,0.18613199778744918,,0.18692083516250982,0.1869084074864141,0.18708575179338097,0.1873308635429545,,0.1868528826134916,0.18678667218394973,,,,,0.18721660999602843,,,0.1868245650903829,0.18593830627358449,,,,0.18684863476482486,0.18663714325625705,0.18659862558440707,0.18702883398440656,0.18641203224362818,,0.18615019712157058,0.18736203995128237,,0.18716133807120722,,,,,0.18612534169184378,,,,,0.18639184766283715,,0.1863235916333145,,0.18697465344064487,0.1866920145475761,,,0.187107430051802,0.18700662518499822,,,0.18710306635422505,,,0.18699546298502234,,,0.1865420739980577,,,0.18733025405861975,0.1870879765916775,,,0.18692718180856865,0.18692237176391305,,0.18742993701388752,,0.18672215569270054,,,,0.18660822349464107,,,0.18656106237321357,,0.18698540824389415,,,,,,0.18711593165009494,,,,,0.18581755301267125,,,0.18626844747440144,0.18682123223361236,,,,0.186554545128618,0.1865774156593261,0.18700860947671843,0.2168203734549358,,0.21663170005676563,0.23503079783913042,0.1687688776721414,,,0.16904294697732558,0.16932599837583473,0.16865614304895368,0.16927274073518975,,,,0.2624822405203589,,0.26189898362870123,,0.2625085038256379,0.2619680537219734,0.26173904019533334,0.26207297922332373,0.2613302121040316,,,0.262453502695659,,0.26172997459994274,0.2624771730739037,,0.2617751344056282,,,0.2620252164149694,,0.2623501009158539,0.2618122496316705,0.262272628437791,0.26221945859787715,0.2619692245150718,0.2623528002377018,0.26169100641163007,0.26174390677844905,,,,,0.2626474786743335,0.2619389626036956,0.2628983526880595,0.26187844538056554,0.2438935221518657,0.24300327754770373,,,,,,,0.24325638389956075,0.24317692796611268,0.24380147920356315,0.24414239375697194,0.24347722769444066,,0.2432037611848991,,,0.24369454476640004,0.24311948396194202,,,,,0.24298494100380177,,,,,0.24355930694429115,0.24319950693994422,,,0.2616623001140964,0.26179930762431264,0.2617784217345162,0.26111564361297274,0.2612307904466159,,0.26173296746275543,0.2610525700879356,,,0.26157085575177447,,0.24290947357830467,,,0.2430963938266023,0.2430837159931005,0.24228600625806684,,,0.24298783750140227,,0.24205705795948243,0.24274096529537864,,0.2422045783576672,,0.261584720746561,0.261477095932642,,,0.26146617880932715,,,0.26176038660640816,,0.26197580047619085,0.26191489772718557,0.26213585125773864,,0.26195040378509094,0.2615258909476828,0.26152258208346557,0.26107723873347793,,,0.26169772739904085,0.26205347044162536,,,,,,,,,0.26200679778231606,,0.2427581817802537,0.24263849650791186,0.24305685174955155,,0.24245159506787692,,0.24280219629982944,,0.2425716529278577,,,0.24316910621911822,,0.24219153930129222,,0.24297582455240418,0.24257496394185188,0.2429008211195111,,0.2429139914618982,0.2430738066388351,0.24297921780430567,0.24315445353694382,,0.24264280917528164,0.24280171410827447,,,0.2739860464917461,,0.27333538200781804,0.2738944545693302,,0.2732228017122068,0.2730517448076723,,0.2728958151657833,,0.2684689682795411,0.2684250593678488,,0.26833326760740117,0.26828539967961607,0.1720489909987033,,,0.17055693696848945,0.17065702365264085,,0.16701741101959758,,0.16686859968927586,0.16277237877680611,0.16204688752674726,0.16223192080411003,6.355121441172209e-05,6.350274833867884e-05,6.35709504285714e-05,,,0.013724961879823064,,,0.0138485228494448,,,0.014002194260738543,0.014021954951066715,,0.014008255030766309,0.014004647659911943,,,,0.014064914771144285,0.014032149932931197,,0.01405084176836018,,,,,0.014079238663062528,,0.014015475759185603,0.013988221934613276,,0.01401934628983699,0.01407836661006661,0.014028708204286342,,0.014064244355571602,,,0.014301414863249214,0.014294189500084346,,0.014172228145909615,,0.014372199027591947,,,,0.014363840488104065,,0.014363155286722213,0.014389166687082256,0.01438759489250483,,0.014359624495677433,,0.014311508983681182,,,0.014345845588196696,,,,,,0.014260548557020455,,,,,,,0.014311967617874857,,,,,,0.014321028659467846,,,,,0.0142870134207924,,0.014297636994219038,0.014317538192578893,0.01429370946174355,0.014304993261402568,0.014292774579562345,0.014294163155006683,0.014303878207496755,,,0.01431848547983373,0.01433108056217268,0.014324402083108449,,,,0.014305550926826264,0.014316053403927642,0.014295173601980286,,0.014318569939772118,,,,,,,0.014320614670148524,,0.014267971929193853,0.014333389634181567,,0.30521144200634537,,0.30603881092114427,,,0.3048363502212764,0.30633666812105526,,0.30564322257190907,,,0.3064966510191368,,,0.3065741343279776,,,,0.3052149969531481,,0.3056206997297975,0.30651919901402536,0.30640267446093583,0.3061057181304612,,0.30563779630215304,0.3061046984220555,,,,,,,0.30653058469131267,,0.3058512361974888,0.3065376526248771,0.3068658094674675,,,,0.30459472513659946,,,,0.3056013670248968,0.3055800856918694,,,0.3053583749037444,0.3057456276280265,,0.3055608935856439,,0.3053456857429243,0.30586679196917094,,0.3064554260467143,0.3062452105553166,,,0.30528886948183753,,0.30532886701105827,,0.30482511479010554,,0.3068117688011517,,,0.30566815500634553,,,,,,0.30659965736282613,0.3064214411687992,,,0.3059133288727077,0.3061434102629727,0.3053179652260984,0.3055426735078531,0.30635274099221926,0.3060633198867464,0.3071974638991508,0.3063096102496629,0.30677050563869285,0.30588132304661075,,,,,,0.3070753779280782,,0.305968533847285,,0.305669459011811,,,,,0.3054134515960053,0.30610690747030317,,0.3055311881452188,,,0.30577674781563075,,,,,0.3060168445704574,,0.30644283164812064,0.30542236000901035,,,0.3066049818149422,,0.3050881335459421,0.30622254811604976,0.30551403009116906,,6.34941680703366e-05,,,,6.329325555340283e-05,6.344912403040695e-05,,0.5996722788128578,,,,,,,0.577524350904531,0.5764916360318514,,,0.5771736004188336,0.5766400771261394,,,,,,,0.5769552135289978,0.5752639198502232,0.5765480818770954,,0.5763066377570596,0.5749442166450996,,0.574716955342498,,,,0.5760807762005032,,,0.5760118882052266,,,,0.5756678007904961,,0.576918423160839,,,,,,,0.5770569053178953,0.5762546191472456,0.5773444593420637,0.577013610228488,0.5760894611214143,0.5776483328755723,0.5760303708760448,,,0.5763123438794064,,,,0.5758395438061442,,0.5766204588607291,,,,,,0.5754303921988047,0.5765153288202656,0.578756949696111,0.5753083818395706,0.576579800180198,0.5771234186124505,,,,,0.5776436170141679,,,,,0.5772688537027151,,0.5772574783977008,0.5765123491869129,,0.5767745880109801,0.5747797056828459,,0.5775383411385813,,,0.5770866562413739,,,0.5776344731834303,,,0.5773626807615787,0.5775550084066684,0.5762492699229775,,0.5783996793290835,0.5767705949756984,,0.5751455130329489,,0.5756107453447319,,,,,0.5769612419464707,0.5771013167148303,,0.5778080298264925,,0.5759095512583098,0.5762140438948276,0.576049578710896,0.5781162662850275,0.5759854979986647,,,0.5762927211175141,,0.5763956988578216,,,0.5783818682758799,,,0.5767352553807022,,0.5765336839762095,0.5773014586456447,,,,,0.5769545833121825,0.5743718551084613,,,,0.5757097090244169,0.5752364772623672,,0.5762933650187969,0.5765193780973616,0.5762279823872115,0.5762135763794205,,,,0.5775350583953075,,0.5768224491831345,,,0.5759155682068675,,,,0.5767319827799305,,,0.5762017697159377,0.5770492554195339,,0.5777873927417144,0.5765371722274989,,,0.48389859774715116,,,0.5365662338950808,0.5814143314912641,,0.5794371741659562,0.5805964041473084,,0.5790385267308598
8,24,DG_48pct,96,Z11_F01,11,SLG_B,175086,182019,True,6342.899368190376,6172.614448406621,6121.825812754491,5416.847442467843,5310.786169982706,607.8521118935705,54.1932311789352,4245.736737101206,4388.109255341977,5165.44697035511,1455.3442082624172,445.07255852906496,4.392045510762204,59.063474526508685,192.46383211260468,265.50596421095486,433.8261663915964,177.63829975279958,246.09249993959045,500.00526505981037,,0.6780166864203793,0.681215393216007,,,,0.7086812556614883,0.48508483168042416,0.4855175799986545,,0.6274746589797501,0.7672028105493727,,,0.6353901236771687,0.6340700160946215,0.6352295309298093,,,,0.4874041159448535,0.48657165918644296,,0.4833897552951529,,0.48457676090776836,0.4830468323382473,0.48081645536229295,0.4835976089301593,0.4855196751332544,,0.48653061583667584,0.48471832991520947,,,0.7774330854457631,,0.450085550128604,,0.43332831891795226,,,,0.43193826114067313,,,,,0.4333914269424251,0.43241769973629557,0.43245883863640927,,,0.43401826975291324,,,,,0.767911193114723,,0.4768243830921256,,,,0.766542603054351,0.7674443218925296,0.7659559524824539,0.766962722777901,0.770976276933686,0.7679335742101103,0.767392250023721,,0.7675711740452869,,0.7682803113609559,,,0.7669219696707228,,0.7686425281556514,,0.7668847296580975,,0.7702853586643241,,,,0.3737745197652883,,,0.2826162814493304,,0.28384216518401584,0.2830609091640457,0.28368458078527187,,,,,,0.8175575261697643,0.818782016187956,,,,,0.8189577436709125,0.8178648785006545,0.8187854585847297,,0.8152808888142309,0.817371562238771,,,0.8186995196003893,0.8193240948006718,,,,0.8160845655191153,0.81724877433733,,,0.8167317535849243,0.8151026341157122,,,0.8176097372921699,0.8169055113917558,0.815229109622539,0.8165049135101663,0.8156159629218298,0.8175213045409501,0.8159717638129543,,0.8161151629502743,0.8170274660181369,0.8176207111378208,,0.5937326759411911,0.5938111917659002,0.5927022377553799,,,,,,0.5922730110865586,,,0.5948100819988767,,,,0.5921079984917327,0.5945054123741876,,,0.5914232741668449,,,,0.5907615503571264,,,0.5931650586398837,,,0.5908858393245847,,,,,0.5939552359787418,0.5904323817442214,,,0.5923016901711643,,,,0.5933380352207707,0.5930118759471029,,0.3239660385986019,0.324352976929847,0.32528886252107125,,,0.3246327534868783,,,0.3253254783319012,,0.32414100812401025,,0.324564294284277,,0.32461871017147625,,0.3258471965846818,0.32395336860931684,0.3245976951269224,,,0.32500226601492493,,0.32529057777603204,,0.3232771737400648,0.3240659151673371,0.3249154765088322,0.3246346884182734,,0.3245109169105024,,,,0.325912182840321,0.32467077775650255,,0.32489816227784146,,0.32478261026517546,,0.325525152284577,0.32453567614880147,0.32457971913445627,0.3247666623594137,0.32457010674024045,,,,,,0.3243142830180662,0.2888230887107757,,0.29007891994038226,0.8136839339958719,0.8044869200810079,,0.2778822252112667,0.276684292535962,,,,0.8217823135415201,,,,,0.823514320710205,,0.8230426319939496,,0.8190936950379996,0.8223204745327214,0.8214078920438526,,0.8218930556215825,0.8225903512203242,0.8221446098672476,0.8231958321660469,0.8231074921583034,,,,0.8225372116352271,0.8209880448971943,,0.8221725990995802,0.8208315206316281,,,,0.8223377807866855,0.8208611712296712,,,,,,0.8214708741138071,,,0.8210191299636149,0.8180065296934719,,0.8183132839366247,,0.8186899380707016,,0.8218148841553773,,,0.8206193961021161,0.8177075644341757,,,0.8202017548371795,0.8193491938735283,0.8204183456458702,0.8178477916091993,0.8201647428019361,,0.8210150615777161,,0.8167794166427624,,0.8204568496652123,,0.8183617294135678,0.8211783135224566,,,,,0.8194589937548907,,,,0.5803389873786959,0.5818885296881332,,0.5841714206333752,,0.5797299372381096,0.5837158001677702,0.5826873041736546,0.5817471909622809,,0.5813879868726783,0.583339639068117,,,,,0.5821083981691879,0.5813941673947762,,0.5797745622089852,0.5801200704287882,0.5801803675798506,,,0.5799022025227756,0.5799543996142533,,,,0.5798092748367327,0.5799358294679432,,0.581528154016458,0.5807001739527345,0.5809142946512825,0.5817087772707734,0.5814478896931948,0.5804397662899641,,0.5822167064641095,,0.5812722018557928,0.5802599677985583,0.5826502943932991,0.5823817957131207,0.5811461065310016,0.5794236873179551,0.5804433838487789,,,,,,0.5806246353848097,,0.5788002291929777,0.5804566107421111,0.5817879500790964,,0.5797177603850291,0.5809829242796084,,,0.5814933530692589,0.5827042368624376,0.5801810242093756,,,,0.5809371354544686,0.5813346287796772,0.5830438854817759,,,,0.5822233209256754,,,,,0.5825897131391218,,0.5806764681497019,0.3972998456594602,0.39787374549037313,,0.3981339856976202,0.8277860194513745,0.827546490437593,,,,,0.31889457937480636,,0.3196893967167501,0.3190687679387277,,0.8103327303463882,0.30318419204864283,,0.27837732164158097,0.2774952100693358,0.27741380515689923,0.2740283061013111,0.2738928295329347,,0.2701506065044498,,0.2698047833133057,,,,,,0.6464382468763346,0.8119097742094893,0.01662634207677019,0.6650774968375943,0.030695906191765845,,0.03065037553286601,,0.030599955284991102,0.806479845853294,0.030277919401567523,0.6797176618914743,0.041290689777027045,0.0412290720818048,,,0.38167818136319354,0.3815219143421566,0.3823646841391596,,,0.3819423461187761,,0.3819883250353264,0.3825354325045329,0.3832269791717128,,,,,0.3817244225094375,,0.7125888326222731,,,0.7121590446745908,0.7120068723849402,0.7017308472487256,0.8006340821729232,0.8006074208819802,0.8023057972727361,0.8008468428181648,0.06395382009060874,,0.06365387280686242,0.0636770106094243,,,,0.7177452823472511,0.3895419177667871,0.3896762605778609,0.3900209744605614,0.3903892978632149,,0.3892107790440516,,,0.38930637402305596,0.389572388888203,,0.38922858215808454,0.3888474551600475,,,,,0.3880026773299543,0.39061435124255156,0.38899858554491656,,0.38874634773633854,0.389211930934643,0.3884572450503566,,0.3889547921560433,0.3882848244746602,,0.3896150712170693,,,0.3892601382594457,,,0.389020241742375,0.38838927293538167,,0.388582888038649,,0.3889869975747581,0.3890061568062617,,,,0.3904782212069006,,,,,,,0.39030432231065404,,0.3879368911026952,,,0.3883034216868939,0.3891322280810779,,0.3895824121476946,,,0.4227438787037036,,,,,0.42098072529009106,,,0.4223104496898249,0.4213389608528772,,,,,0.8246065185324087,0.8260050271404148,,0.8275775410782193,,,,0.8268894350932322,0.826663513544796,0.8247570609215016,,0.8253945520231553,0.8271628251556825,,,,,,0.42433240614962126,,0.4230895571381916,,0.4230301166795904,,,0.582556333107527,0.5815473385017365,0.583054467386146,,0.5814717112987148,,0.5824722943946969,,,0.58110518129996,,0.5814219817670199,,0.8233313664609404,0.8243522926152415,,,0.8285068987731009,0.828471897141975,,,0.8286091646270107,0.8248644135114628,0.8289195537930848,,0.8229237135540116,0.8252892340615111,,,,,,0.5830423235859479,,0.42221992246356715,,0.4225007402962467,0.42173188673456274,,0.42266545919725035,0.42233224768525585,0.4222065305625676,,,0.42202000358821257,,,,0.42220736379225354,0.42132385852267257,0.423148594160695,,,,0.4219617245197042,0.42227437502134696,,,0.4234445433751234,0.4217088750179947,,,,0.5828842516707085,,,0.5832085166518797,0.5828857953475158,0.5830736962208514,0.5817733512284531,,,,0.5814532651028623,,0.5819658075091577,,0.5826832399214442,0.5798188244654688,,0.582777387633197,,,0.5830201718065046,0.5825083447749856,,,0.288458046995199,,0.28772821966332246,0.28691522364922895,,0.28713718345114875,,,,,,0.802659589993985,0.485332118447698,0.48471638775445375,,,0.4874073162404495,0.48685860592843566,0.4857390964764878,,0.4837663115500415,0.48618951897862983,,0.4848961865501015,0.48496741144766004,,,,0.4849472446905,0.4844066604529421,0.48637523505394514,0.4859316256173184,,0.4859681553359538,,0.4858008592298572,,,0.4868685645754995,0.48636457448734116,0.4849264674557345,0.48535696356610136,,,,0.48529975493675126,0.4856134216669434,0.48540959059487393,,0.4852360302468764,0.4854897463870392,,0.4839153012922798,,0.48683984098403615,0.48584807108968237,,,,0.48482634528104657,,,0.4858917564079828,,0.48562556926399236,,0.4847116541617843,0.4843747055727527,,,,0.4845343614982642,0.48713932402673127,,,,0.4851320791647858,,,,,0.48530866208408424,,0.4855123383908161,,0.4863958167918138,0.4846246085130325,,,,,,0.4869322523584217,,0.48485596237452344,,,,0.48572078927437357,,,0.4874336012753879,0.48543063965408184,,0.4861110946641412,,0.48631666009224034,,,0.48573208724511174,,0.4874417132872074,,,,,,,0.4859041622513277,0.4854255372657046,0.4859667650401969,0.4859745225057186,0.4857720261116842,0.4858284145216742,0.4857542572938566,,,,,0.48582358439197226,0.4856787737614788,0.4854526362362523,0.4872909252041181,0.484652717669303,,0.4866425357243117,,,,,0.486451995283789,0.4858993590426386,0.4846361920974984,,0.48436938901084403,0.4855254795212866,,0.4848396245416046,,0.4852447903304639,0.4847716888060287,0.48639270879843116,0.4852601222804372,0.48620971865232343,,0.4864449779645508,0.48634312759218457,0.4858810252441601,0.4855596178367145,,0.48583971026918904,,0.485146379048463,,0.485591412035977,,0.48460824678518294,0.48478368046186265,0.4849782954334297,,,,0.4859558431789493,0.4860318972469722,0.48547288858949195,0.48623015767402367,,,,,,,0.39675031530282534,0.7743635628009341,,0.49417944161218613,,,,0.635487356761995,,0.4974978352240564
8,24,DG_48pct,96,Z11_F02,11,SLG_B,175087,182020,True,6230.774953777345,6087.064412064507,6055.0245703456585,5323.555910512125,5275.247605473982,628.197196218394,53.52667720293438,4069.166984011123,4185.032723944084,4901.971235446572,1577.9717847504423,478.20881640980485,4.381719508008447,59.900353926213725,193.77213834849843,271.811063652537,451.1165906609201,185.42926501072768,232.91759375378078,460.92290948821693,0.6881836455560344,0.6885533807728295,,,0.7724700487521876,,,,0.5020799361752122,,,0.7712973677257496,0.7695951996018316,0.7688765092850894,,,,0.5011867936476591,0.5009335170858611,0.5047260555460469,,0.5020936267545012,0.5021133817755258,0.49986044294673065,,0.49987877291651645,,0.4968273225031738,,,0.5000497198072513,0.5012640749061267,0.49990359068858753,,,0.777490598896084,,,0.4661115954024701,,0.4489785385874777,0.4497497238833621,,0.4478570196749656,0.44935905714490754,0.4501224799373865,,,0.4487979497048696,0.44940235307521853,0.4482524625077631,,,,0.44835324635615675,,,0.7709438699201292,0.7730986540762222,0.6032070861963059,,0.7724539806413455,,,0.7704998798405538,0.7707538418882048,,0.7726990829026223,,,0.7737516598198461,0.7734550972127219,0.7736376677789173,,0.7716962655778293,0.7702807257571701,,0.7731017737770198,0.7732362903050772,0.7744983879387525,0.7729408823787707,0.7736433321762757,0.7743146182728962,,,,0.3899802925512344,,0.35880018950896936,,,,0.28185004861351054,0.2820105890809964,0.28174769345396883,0.8311235144955548,,,,,,0.8321325463778404,0.8305720212667725,,,0.832625448134677,,,0.8299584301227223,0.8321615552799475,0.829243008586791,,,0.8316377920687216,0.8313485462813993,0.8299696460950715,,,0.830830520396935,0.8296710681488815,0.8325373512867675,0.8306153058964043,,0.8315078129987936,0.8310344833949547,,0.829682472705726,0.831997868759076,0.8312655693172978,,0.8305071337352328,0.8316885222191911,0.8313592585681086,,0.8316076316515884,0.8303960541612697,,,0.5813488502760031,,,0.5808707394795654,,,0.5825453361470293,0.5823248793792795,0.5825651878658918,0.5838555559246947,,0.5826582924767937,0.5816483319323462,0.5851990207171085,,,,,0.5825677610226978,,0.5818065784778664,,0.5822853144979607,,,,0.58286191169408,0.5807482320549742,0.5829143902010858,,,0.5820931561770197,0.581027783406955,0.5829672853667897,0.5836901499567022,0.582078301641356,0.5807725163291351,0.5804739933508136,0.5844276401879575,0.5822772973953959,0.5809547817097459,,,,,0.36041192574533487,,0.3588119155957302,,,0.3593972144822348,0.3594222569479002,,0.3595751464855791,0.3604953168782216,0.36112314405841567,0.3602292363104353,,,0.359966486741407,,0.3599657758144696,,0.3609267445737817,,,0.36034924874198304,,,,0.35977790207112015,,0.3592848320719736,0.35969136301816346,0.3596497155638449,,,0.360590779070744,,0.36043415459637107,,0.35972529354317306,,0.3597572146394384,0.3600327091556145,0.3588573189766747,,,,,,,0.3593592409991248,0.35996925070631186,0.35995816153544324,,0.35936515299189564,,0.2907214244458255,,0.29061309349343534,0.828292614758283,,0.27348771769436975,,,0.272942661553925,,0.2733191020729968,0.8325724260324792,0.8340837712841825,,,0.8343496246319995,0.835949074739269,,0.8317171124756563,0.8346969497934941,0.8336826547179317,0.8332562786666425,,,0.8336933107611242,,0.8357793815816302,,0.8333615709024887,,,,0.8327859720679993,,,0.8318081561323544,0.83452663501306,,0.8297329959588263,0.8336938809881589,0.8337484363311465,,0.8341761288689352,0.8335490404305758,,,,0.8340966943955715,0.8344031658747941,,,,,,0.8327331977213105,,,,,0.8311156754652289,,0.8304658947066048,,,,,0.8316450800288286,0.8324098063368881,0.8312368377484969,0.8337680776872755,,,,,0.8309531446681651,,,,,,,,0.8316155573659865,,,,0.5732902415199965,0.5749320874252456,0.5741013974916855,,0.5731217580076677,,,0.574537742866137,0.5720831967819414,0.5743865370758453,,0.5734872889214727,0.5742939541268216,,,0.5749853264454875,,0.5722481962394449,0.5725410479801547,0.5715133234376681,,0.5722687447202165,0.5717353275748381,,,0.5735142884290038,0.5737881358654908,0.5727051544067704,,0.5731917492810521,,,,,,,0.5745609740297754,0.5751164351704935,0.5740878492587635,,0.5737667226590719,,0.572669460775528,0.5736240106510913,0.5734395804936813,0.573571680661979,0.5728946055833938,,,,0.574110601971039,0.5758517568202126,0.5738713728452108,0.5742732081360323,,,0.5727807207606077,0.572710915189623,0.5744882546513154,0.5727671780882047,,0.5723335640974391,,0.5729614886244206,0.5734878061003617,,0.5729350235440188,0.5715036088448817,0.5740707829960117,,0.5733465627606269,,,0.5733159103282449,0.5734247950616064,0.5717570848297672,,,,0.5749949569896621,0.5728976015798375,,0.5733761899994702,0.4290819381998965,,0.4291444349613087,0.4283803512693665,0.8386012682523075,0.8373489158280301,0.838690432387986,0.8387129863792219,,0.3244693236248968,,,,,0.323775433304985,,0.34082282028372807,,0.27438590747729,0.27424614855971774,0.27465440082365067,,,0.27063424841790107,,,,0.8081549323205848,,0.6057247439740473,0.8161244753998008,,,,8.023591468274348e-05,0.6565326945829009,0.016491574131092243,0.016467420681861664,,0.016421754879044768,,,0.016061585830115313,0.6777688859356251,0.02885753556879926,0.028913951389716683,0.3856350620581834,,,,0.38556752882704604,,,0.3839416533453811,,,0.3850540351268256,0.3837031464582309,,0.38436951563224764,,,0.38667629929312003,0.38445190013290503,0.7109306878596031,,,0.7100717696050114,0.7101504123820087,,0.803313336127703,0.8035623036205417,,,,0.055418578027206816,0.05536866155532105,0.05547270042227165,,,0.7185716578150607,,0.3929529334799116,,,0.3928443510824165,0.3920784172583053,,0.3920009060919622,0.39253551351417854,,0.3926841783679282,0.39230049878131834,,0.3928216462766934,,,0.39280842145626255,0.3927602669025209,,,0.39238590070709733,,0.3928746088399458,,0.3921505097525229,0.39331056332729825,0.3917304868180427,,,,0.39322396206801746,,,0.3921539360724402,0.3917372457100176,0.391047651888036,,0.3921219012119784,,0.392060473800012,0.393287837961679,,,0.3917162850465169,0.3923560346524536,0.3913213564338442,,,0.39233858583851494,0.39323277126917555,0.3924133656473613,,,,,,0.39291164378840354,,,,0.39320371463117887,0.4516526543001281,0.4507997752823275,0.4519012790342303,0.4502036820218535,,,0.45197477399357255,0.4524249743089376,0.45164920720351015,,0.45256278128896543,0.4518716552117449,0.8384233132614739,0.8368635099266019,0.8392343574050743,,,0.8364482223910671,,0.8368615852354935,0.8407189493911431,0.8364746710542974,0.8371513543031965,,0.8380391054655546,,0.8367411578332942,,0.8354167317036157,,,0.45147296870992654,0.45324205207406576,,,0.45238251540154295,0.4519826571671648,,,,,,,,0.5744440081849153,0.5756045024170989,0.576116904595433,,0.5743994105367639,,,,0.5769706164602452,0.8378519543204505,,0.8367141324214522,0.8352107728593294,0.8383133123225549,0.8373934887430807,0.8374808459633617,,0.8403472482406614,,0.8398331442856053,0.8389707197180485,,,0.8320183306807221,0.576778825768211,,0.5766633013396721,,0.5778411012646271,,0.5760272047649543,0.45081304196616356,0.4516552727112023,0.45145800453371765,0.4511054060062046,0.4522663947027772,0.452364210646868,,,,,0.45193887863042814,0.4517546315880544,0.45182996234988354,,,0.451150367418762,,0.45133441899578186,0.4525836593390743,,0.45161204237855057,0.4515988952825972,0.4530579922885128,0.4522354843650062,0.45171984214173116,0.4520560364407178,0.4525845847121444,,0.5774754603078027,,0.5764641036384909,,0.5775967664184888,0.5772637808737621,0.5765312238638299,,,0.5742210375047317,0.576188693929849,,0.5743593187331439,0.5765718791112545,,,,0.577754640587215,0.5766546160999577,0.5769154845971362,0.5746527308454706,,0.5774186683396968,0.5762390181857067,0.578690574589277,0.2643853251452861,0.26492124752360524,,0.26494991798983164,0.26469047831754233,0.2650966022922826,,,0.46761015937206485,,0.4684645918034058,0.8098312419952511,,0.5012136483151578,,,,,,0.5003998901268919,0.49982181354983973,0.5009732118739912,0.49935615267184197,,,0.5023344412628015,0.49920361818778924,0.5003917631378744,,0.501126089751645,0.4998324804270587,0.5007123932562213,0.5007121594709812,0.49987435521294016,0.501175894177208,,0.5013986683325758,,0.5013507776741315,,,0.49975276327029944,,0.5007807600749936,0.5010268673026311,,,0.5004188163287695,,0.5003507903015965,,,,0.5012813894397008,,0.501461676175751,,,,,0.49897230915799945,0.5005140972584585,0.49825021880912673,,0.5005202897283239,0.5003031134008847,0.49936467270910856,0.5007282868089766,,0.5012500996319795,0.5003298600128876,0.498849504364548,,0.49966865115824377,0.5012144180440915,0.4990308020743327,,,,,,0.4997689191395108,,,0.49993788610985607,0.5003266415964936,,,,,,0.5005793249390436,,0.4991267458389634,0.500557000325782,0.5004639603732435,0.501402895673132,,,0.49943067000640573,0.49931254892142085,,0.5004241741402502,0.500304436336116,,0.49961197140997904,0.500292494221552,,0.5005926457769183,,0.5007029771925067,0.5005073470493678,,0.5000146875494637,0.500946370658947,,,,,,0.4997151183614504,0.500904174160987,,0.500281695123154,,,,0.5004926770127636,,,,,,,,,0.5003700208363736,,0.5003074832644856,0.5000903755348652,,0.49997431040319046,,,0.5010089066814111,,0.5009037834611472,0.4998838846522185,,,0.5017857731283768,,,0.5010774058002866,,0.4995307775657858,,,,0.5001047581165871,0.4999713935988294,0.5004222245874715,,,,,,0.5002427307961831,0.49987687242234125,,0.500835176801481,,0.500858249891518,0.5003748147534071,0.49882631045840625,,,0.5004069133852425,,0.4998796662438594,0.4140284869576209,0.4146186850037919,,0.7796330830293025,,0.4979143838524844,,,0.6508105477185457,0.6511000266355075,0.5026152130000894,0.5024405466770261
8,24,DG_48pct,96,Z11_F03,11,SLG_B,175087,182020,True,6225.774648966035,6127.776912738944,6058.045902903073,5336.381785465177,5276.603952690945,627.9702589896161,53.54528494982553,4045.103526564859,4196.944957304792,4877.023079816591,1571.6783916756049,479.5683141715197,4.399724197592926,59.75425439337436,193.9669440536676,272.52463411552696,453.7612827823332,185.24472769405463,232.14261718410182,463.4339015250338,0.6880716541441334,,,0.8221151686307718,0.7719053642135753,,,0.5024054076043484,,0.5001878196567418,,,,,0.6505627600728437,,0.6506928756107517,0.5033808848365797,0.5025950290313229,0.501338340975221,0.5031054693112932,,0.5007228111622261,,0.5001371552884742,0.49910464796889054,0.4972728641576614,,,,0.5002747027014137,0.5005572301455773,0.4990803811517437,0.500143098017021,,0.7800066926236385,0.465729771232636,,0.46553915919666927,,0.44852914967063573,0.44962024937496287,,,,,,,0.4489395741781289,,0.44974813077779674,,0.44788028565818333,,0.44967455216897484,,0.4491288565105922,,,0.6019248440425897,,,,,,,,0.7722954043546105,0.7734329991378346,0.7711871516265713,0.7733925314190119,0.7726050201571836,,,,0.7736172624633204,,0.7719990592431674,0.771383320470536,,0.7728126157701822,0.7745969491234087,0.7719401096008746,,,,0.3917851426087805,0.3924819152811801,0.3585444841716658,,,0.2802565810022629,,0.28151592215953253,,0.8309774770081444,0.8326662296327811,,0.8292843465242857,0.831252058605181,0.8295585320895289,0.8335053154862961,0.8315963382993825,0.8324596700432456,0.8301591313463117,,0.8281290713807399,,,0.8331791224079947,,,0.8280456515443142,,,,0.829864802593075,,0.8306067059435348,,,,,0.831568928950093,,0.8291304110813889,,0.8292624956856576,,,0.8302956516005333,0.8292723090475828,,,0.8302751203964596,0.8272293757269894,,0.8298107528139135,0.58346982901193,0.5842052853445482,0.5809457232605396,,0.582961964542582,0.5819770752097702,,0.5819500984249373,0.5817282156924181,,,0.5827680306012123,,0.5824605171840304,,,,,0.5837388684408974,0.5829405200963331,,,0.5831421356905852,0.5805435082481124,,0.5825449058455782,,,0.5833707317144324,0.5821382851995319,0.5824415860417907,,,,,0.5816424238799834,,0.5820019370946381,,0.5817253327125178,0.5796810484104523,,0.5836362223107996,,,,,0.36031312990922754,0.3604112645780522,0.35867118668802445,,0.3604286503579981,0.36051495052006943,0.3596847740294964,,0.36057104486655067,,0.3593664130784132,,0.3603404857423145,,0.360088198791714,,0.3604456809479835,,,0.36123761274446875,0.3582734076616356,,,0.3593568248546031,0.35969442498567267,0.35965092634698953,,,,,0.35882569683052273,,0.35945500130181945,,,0.3595321411224499,,,,,,,0.35968333231566385,0.3600912236872986,0.3585401316995373,0.35948397284928324,0.3593425729336005,,0.3595854197959843,0.35936430856726853,,,,,0.8292662709840342,0.8140975674028424,,0.27277953493635854,0.27343659858325225,,,0.2737605618120126,0.833449165191392,0.8348045885574138,,0.834881825895123,0.8363533691422477,,,,0.8320577274418685,,0.8322468123362725,0.8343278013634937,0.8345166237076365,,,,,,,,0.8363590991981802,,,0.835257880743211,,,,0.8349587272994615,,,,0.8317038857890462,0.8360473341150698,0.8306602811072307,,0.8343707517245087,,0.8342886647902898,,0.8350086275889871,,0.8322177684128047,,0.8329086409824844,,,,0.83290093853924,,0.8352745955706593,0.8330120863760954,0.8310977969933285,,,0.832221592964877,,,,,0.830793398677132,,0.8316642186447505,,0.8287996657784032,,,,,0.831169404314835,0.8318367945362953,,,,,,,0.5740483483990579,,,0.5735865988606742,0.5715777687286486,0.5731105170942417,,0.5727374988126454,,,,0.5722721680737389,0.5736862984408504,,0.5750577133033719,,0.5727600962238993,,0.5718623711739503,,0.5716124088368394,,0.5735808533450922,,0.5737910221259466,,,0.5742736177562964,,,0.5742286672022139,0.572290786440094,0.5734948790294258,0.5756492363638773,,,0.5742640794963672,,,,,0.5744389387371118,,0.5751633228630033,,,,0.5729400394544749,0.5745470911361679,0.5729990668556982,,0.5731095388898199,,0.572019419218506,0.572705971908567,0.573056696325581,0.5735619499945425,,,0.5745169501879674,,,0.5727985592317546,0.5740062233747459,0.5735692065499349,0.5728934950244431,,0.5726704584605387,0.5726635847085417,0.573406621051086,,0.5727088027235249,,0.5727168037685004,,0.5744277958126371,,0.5749868502201402,,,0.5708910627523134,,,,,0.428437914280115,0.8387734914495004,,0.836566527121885,0.838018139759201,0.8379871804298724,,0.32409691820911296,0.32447887361301625,0.3245802632103502,0.32464539904271533,,0.8222920700223884,,0.578409125359702,,,,0.27059588867862144,0.26966817334898113,,0.2662368305485595,0.2657794288054798,,,0.1875519228325966,0.6050428877310884,,,0.6445476074273075,,8.031211640342058e-05,,,,0.016423390339338765,,0.01641449640679597,,0.016093095579949517,0.6786710680393104,,,,0.3849396137107529,0.38486396454960914,0.3852321357556122,,,,0.3852962086903159,,0.3849695120393832,,,0.3850793053541141,,,0.38605322105475054,0.38419978707315156,,0.709199832107027,,0.7095390590465606,,0.7086472542893798,,,0.8034953445817639,,0.8048604371590946,0.05536351346734359,0.0553741245147727,,,,0.7173037821422571,,,0.39268447572354015,0.39197520725989904,0.3923804988911844,0.39184462512407364,0.3930485091675926,0.3910454496184374,0.3925509135460909,0.3933718607084967,,0.39242330995191366,0.3931191228091154,0.39308266662194796,0.3927307450625189,,,0.39274526532118353,0.3935370832385195,,,0.3928097593863322,,0.3920207583741292,0.39132950856671017,0.3916715297727086,0.3920154214627284,0.39178862598926106,,,,0.3921309289422872,0.39171061414623787,,,,0.3906852389667048,,0.39311940636904064,0.3919610421051377,0.39199670301417244,0.39232398156788034,0.39314395050228756,,0.3919663737682008,,,,0.392821700579396,,,,0.3923023231800087,0.3912437677323633,,,,0.3922917019878356,,,,0.3919517313150079,0.45079581384380907,,0.45186969626565443,,,0.4518118880710291,,0.45209265344162014,0.4506356937980903,0.4529759918467947,,,,,0.8350014726937008,,0.8414414625342267,,,0.8387481100837115,0.8378530644278047,0.8378474342746843,,,,0.8363344698692288,0.8366720804612405,0.8374515814050074,,,0.8389233050947829,,,0.4524020423429771,,0.4523770607342678,0.45143206311399564,0.45248002340417665,0.4521271110302736,0.5737935321613552,,0.5754734616292629,0.5753738851208753,,,0.5757633307800387,0.5773647047557446,,,,0.5772896652439149,,0.5752794164327939,,,0.8374678830394554,,,,,0.8374556629855973,0.836408907214975,,,,,,0.8316723012001315,0.5761357706296535,0.5761620769426352,,0.5781674957571133,0.5750395450046456,,0.5777354119160139,,0.4503651541315578,0.45184119858690397,,0.4517831087857906,,,,,0.4527440056816873,0.45246749906172135,0.45249923653041635,0.4522838314340659,0.4523008939638096,,0.4518657597733554,0.4512210844091379,0.4522572000774677,0.4525088417600983,0.4522645530417935,,0.45118309269142687,,,0.45162680567770613,0.4506271443916201,,0.5754461363291637,0.5754652688480694,,,,0.5765931822494949,,0.5773195435662196,0.5768520748500903,,0.5742584946211692,,,0.5733465649094058,,,,0.5761866679248938,0.5758124570536995,0.5744139474832916,,,,0.578129393880759,0.576505861619318,,0.2643427589343984,,,,0.26458730296581795,0.26517520882431733,0.6228352161246071,,,,0.46774454463192966,0.8091322373229112,,,0.4998091433298064,0.5009389781888746,,0.4998972874288346,0.500483016768731,,,,,0.4997871660290854,0.5000792611454496,,0.5010070270648705,0.5005035322551605,,0.5008354469107149,,0.5009624589502869,0.5010872656043834,,,,,0.49957814645063797,0.4999732047808403,0.5002554444090791,,0.49848793736876934,0.5013646560781772,,,0.4998988689553665,0.5019931031994335,,,,0.4990655922551733,0.4991446986358056,,,,0.5008945645313668,0.5001997666707458,,,0.5006978442421416,,0.5019012179372354,,,,,0.49861775543673015,,,0.49948517352617494,0.5007113767177831,,0.5001491607383388,0.5009432849991241,0.49949409062642,0.4998919187310756,,0.4999889850413053,0.49937876583174157,,0.4997424368962727,0.4998214734693365,0.49927252279676104,,,,0.5000609518130426,,0.5023182385478469,0.49906537744789364,,,,,,0.5005124380706034,,0.5001851968880322,0.4999478555904915,0.5001718846463735,0.5010698905045748,0.5007218084380926,0.5003179339262052,,0.49907985743726924,0.49984088895068446,0.5008645615053705,,,0.4980665998279355,,,,0.5004371940936027,0.5007823926050267,0.4991869240793891,0.49932642800801885,,,,0.4998249797413262,,,0.5007105295330051,0.49960752676248993,0.5009096921210988,0.5013232810701801,,,,,0.5006419028457273,,0.49991759554787457,0.5009672580671212,,,,0.5000054738819582,0.5001093613016823,0.4996732192051735,,,,0.5000800578645084,,0.5006681277516043,0.5015092451011004,,,,0.5003104911497152,,,0.5005090417289756,0.4990130390004741,,0.5009705283456202,0.5007538332036515,,0.5004064594736939,,0.5003699407854274,,,,0.5003198416753613,0.5010542023673417,,0.5012959848329733,0.5005240923151388,,0.49987835598840646,0.5008200679669333,,,0.5013348809415293,0.5011545197763432,0.4988589782492894,0.4995509913656757,0.41457879687418775,0.4152499934845217,0.41395824030451206,,,0.49632447905613025,0.7705109882920764,0.7712034897361147,0.6518910824990996,,0.5030745176305792,0.5023120134301171
8,24,DG_48pct,96,Z11_F04,11,SLG_B,175087,182020,True,6260.953915923994,6104.612183034621,6062.936176170417,5298.36118739305,5247.089299773638,626.5056501963103,53.46905863216571,4057.880793496418,4197.084102195346,4887.997542156196,1571.782258598886,477.40071437986035,4.396725925214586,59.714909482614374,195.16774453997274,273.6022818414154,452.17553631087293,184.94911420602108,231.7545259590237,464.317960797196,,,0.6848541367160851,0.8194170327178253,0.7748350075743998,,0.7186566169193238,,,0.5020163342510647,,,0.7720649905247352,,,,,,,0.5016073483749574,,,,0.4985934739455297,0.49969436834080405,,0.4986013388655323,,0.49808373887344354,,0.5009641575799736,0.5000265861451975,,0.5001179042059599,0.5004358990880072,0.7796043911120434,0.4661162519709071,,0.46594780865922863,0.4485989105019819,,,0.448690770652988,0.4505993882103706,0.44927001551580614,0.44929579645381423,,0.44803186367262027,,0.44899671095551874,,0.44816523558148236,,,,,0.44773254978441585,0.7723492418190274,,,,,0.7728870540579044,0.7712638901863765,0.7724511309390023,,0.7715780543771761,0.769414986543323,,,0.7729925753193089,0.7723580880925791,0.7758724803069845,,,,0.7725780204959108,0.7720914212779101,0.769928114912862,,0.7738062061234596,0.7733042171855776,0.7731443747457376,0.7735468175239396,0.7718100797447836,,0.3906617513755001,0.3902292367200113,,,,0.28029234057903496,0.2803905519510416,0.28158999172670723,,,,0.8287487256713616,,,,0.8294341252658052,0.8309439963547273,0.833640503609467,,,0.8321144210087281,,,,0.8312335218966251,0.8312691236656483,0.8314370217882957,,0.8301245690321731,0.8284152554941232,0.830268639026487,0.8306421146212205,0.8316800396151072,0.8302249256065765,0.8294932157175142,,,0.8279878183537114,0.8300296489476726,,0.8294086607947365,,0.8258685164814111,,,,0.8287422679853561,0.8282527646020936,0.8281767962235175,0.8279530133657904,0.8297103405842435,0.8281173715432399,0.5811044454589761,,0.5833623191265992,0.5811831841635179,0.582823035215231,,,0.5821652034681233,,,0.5825770382448123,,,,,0.5810674830215173,0.5809266540062107,0.5827831563235548,0.5825243323941068,0.5834227418744786,0.5819503079393223,0.5838525977791637,,0.5827534938552642,0.5815753416538805,0.581528504616407,,,,,0.5830954649675949,0.5827136145727396,,,0.5806674089252961,,0.5809122278701373,,0.5833031459447796,0.5815255344328226,,,0.5821827957433436,,0.5804051341579568,,,0.3591731357228854,,,0.3603175072296659,,,0.3589240172271005,,0.36063845556703783,0.36005894440367725,0.36020931249838256,0.3607384943168933,,0.3598399532687024,,,,,0.36061030482702583,0.35959977446435354,0.3592107547048174,,0.3596950936721282,0.3597121986557399,0.3603928225055494,0.36032912583916205,0.36063128089710844,,0.35994882333496026,0.3593931071119624,,,,0.3596915746047219,,0.360065093988124,,0.35989549388868475,0.3602056511403318,,0.3598524852093335,0.36055274441801943,0.359992859358465,0.3603033427728376,0.35965648030593267,0.360090382627581,,,0.3606913134284399,0.35957013368700863,0.360122072254833,0.2904754583082295,,,0.8269502926820377,,0.2730244309518076,,,,0.2736140890421421,,0.8323486053277644,,0.8350050391667988,0.8328577338350625,,,,,0.8346664197735474,,0.831327202720639,,,,0.8322231646229931,,0.8324965935454931,,,0.8328015541991237,,0.8340807172280983,,,0.8329684623762968,0.8315079087901041,,,,0.8337061236493375,0.8324849891053231,0.8336353701452254,0.8331965380199036,,,,0.8303057351689583,,0.8339180150125113,,,,,,,,0.8334351213421396,0.8319599949404375,,0.8296487518964648,,0.8305137159736745,0.8332844188035139,0.8347464232458693,0.8305055205460293,,0.8329532850444497,,,0.8315474888229193,,,,0.8315712530810865,0.8308070582553255,0.8286326865079593,0.8330274852555294,,,0.8303460358944552,0.8307560997377557,0.8285194558088403,0.5733248434493096,0.5735927148857416,,,0.5742064241276962,0.5734636223710944,,,,,0.5733045254632747,0.5740832678151667,0.5718173165026547,0.5725336005214476,0.574780352394636,0.5729553753006653,,0.5756281014819317,,,0.5741945733432744,,0.5727864893516074,,,0.5738849690610321,0.5733899059999847,,,0.5734784322841873,0.5722395130758526,,,0.5745050055130262,,0.5747739580921648,0.575035768627093,0.5734284237909554,0.5738062766223077,0.5759122674561656,,0.5750597673898247,,,0.5741880417518315,0.572924587240664,,0.5750579103889363,,,,,,,,0.5724811979299601,0.574318283672329,0.573308988558364,0.5724129987012283,,0.573046969899076,0.5740858486713756,0.5736412788397853,0.5735228437084701,,,0.5724697627408888,,0.5734681609457196,0.5725715520815198,0.5729622660926456,0.5725255129008644,0.5725796561717778,,0.5742497605447001,,,0.5712774160087191,,0.5745084686251648,0.571779169929161,,,0.5718525531738827,,0.5724914494341167,0.42837913577963993,0.4281849178199568,,0.428861447736715,,0.8383451309862727,,,,,0.32371164469228203,,,0.32511780134583634,,0.823639685185529,,0.5800053215001632,,,0.2747821205403643,0.2707607515169435,0.27076962044633207,0.2706286643019357,0.2657614902370735,0.2654557020847426,,,,0.606982051829032,,0.06106906398387693,0.6444971713892066,0.8238835891647281,8.02704699166213e-05,,0.016439539738720893,,,0.016397747122640815,0.016427326225071474,,,0.6759036992380121,0.028939436129615855,,,,,,,,,,,,,0.3848034198825774,0.3846799492756518,0.38431616698626125,,,0.3854567542909729,,0.7072059529605818,,,,0.7112762953088347,,0.8028035436392643,0.8083557991044519,0.8045684906483834,0.8034694164400106,,0.05524525622395018,,,0.7179151118924503,0.7190133832423521,,,0.39268171291053056,0.3924995019487813,0.39316080155318234,0.39236680777084726,0.39180969426904105,,0.3925532237893497,0.3929684919271702,0.3918269340020213,0.39295967150375816,0.3929541255859131,,0.3910497556829029,,0.3925868871107159,,0.3925351462262437,0.3925824601529628,,0.3925187817119001,,,0.39345702869728894,0.3928551993797169,,0.3920888674105555,0.3911101587880098,,,,,0.392058894336783,,,,,0.391786272367018,0.3914639356714215,,0.3915792076309065,,,,,0.3913608266883659,0.39279573859309913,0.39252906835961837,,,,0.3909306031861345,,,,,,0.39243214489257255,0.3939054761565492,,0.3913571818003299,,0.4513629090630408,0.45097469443174576,0.45251481859309634,,,,,,0.4523675067549478,,,,,0.838329141379565,0.8374306849812171,,,0.8355343768548035,,0.8387230111148404,,,,0.83742342162591,,0.8317348590231326,,0.8360223422851882,0.8383247355690071,0.8370575452176903,0.4525491581917849,,,,,,0.45188944472004505,0.4533165532627591,,0.5755848854434567,,0.5760499811353715,,,0.5748845151140012,0.5730565458501136,0.5759293074236151,,,,,,0.8344770890535194,,0.8360081594486186,0.8395321104195921,,0.8387317141153419,,0.8403404996131689,0.8399226065817545,,0.8392167047711477,,0.822416532104592,0.8339000409424565,,,0.5778936392527101,,0.5773882011791384,,0.578457486303409,0.5761722397847293,0.4525484552483976,,,0.4519786106423114,,,,,,,0.452376109240239,0.45245881329524756,0.4520749502520332,,0.4502665927364395,0.4523862612927747,,0.4520258124234653,0.45318239477528355,0.45311900336102245,,,0.4522669692321298,,0.452202073967498,,0.4526246689170572,,,,0.5770998579263116,,,,0.5776807655043709,0.5768301722620042,,0.5744765577078491,,,,0.5759051057711378,0.574657590500646,0.5751865007266511,,0.5764583272926814,0.5765879793101676,,0.5764930556695421,,,0.5764724375462218,,0.26473535421613054,0.26424418372011665,0.2650411057916996,,,,0.6236477615481857,,0.4683238646653291,0.47001054085806393,0.4671075718252748,,0.4992843234329559,0.5009147334854329,0.5012255518108725,0.49997223207470615,,,0.499394061754386,0.5004351606004995,0.49942947083563627,,0.5005743902764968,0.5002645786011264,,0.5009854246803697,,0.49822693801268764,,0.4994772873702279,,0.500256622585858,,,0.5004011680588052,,,0.49983875631052743,,,0.5017982728395746,,0.5006463552609287,0.4997310100672786,,,,0.49928809787334805,0.5005647217899288,,,,,,,,0.5017507781463262,0.5006793196095501,,0.5002735333303876,,,,0.5007387169502493,,0.4998800225135847,0.4996158813330542,,,0.49940746365348226,0.4992079096579531,,0.5010158918473643,,0.49929655965968944,,0.5005538574053958,0.5001263051686063,,,,0.5016655308464455,,,,0.5008882840225644,0.5025458006692872,,,,,0.4987278043431499,,0.5009483845288766,,,,,,0.5002070199843297,0.5002139664464208,0.5003356464885418,,,,,,0.5009263384328729,,,0.5003126377719237,,,0.4995329088637392,,,,0.50162135125531,0.5005233073826486,0.4998991362438707,0.5009894700166695,0.49909365802355543,,,0.5017486275581012,0.5016758625993973,0.501298686450615,0.49756695571741266,,,,,,,0.5005971047991407,0.5005066148482294,0.5008756083785532,,,0.4994967016714852,,,0.5005976323073945,,0.49979377256381396,0.5009490187042938,,,0.4998395148756386,0.4998567405593482,0.49963142807678057,0.4996691459116933,0.49978114910573324,0.5000553837030303,,0.5000655125436045,0.500494747304922,,0.49963494425759325,0.5008223087786366,0.5011647688307359,,,,0.49966688779209106,0.5002834731413445,0.49974568571362377,0.5011612034079446,0.501153491851093,,,,0.5010532798947771,,0.5003461388019943,,,0.5003838030900318,,0.5004389245257244,0.4147828190250792,,0.41559098413659057,0.7776390732160925,0.6198365658527145,0.49817397550758136,0.7718281755173687,,0.6504916813238469,0.6513797410261234,0.5004349975279733,
8,24,DG_48pct,96,Z11_F05,11,LL_AB,175087,182020,True,4053.8662233513764,4032.9461011193093,4028.1146466377336,4033.210125526736,4060.467715620165,410.8297168034009,37.83117814409407,4269.572006556689,4444.2445487603245,5272.634772732884,1277.982468785046,358.1449623364949,1.739342779712734,55.838774900796075,181.44584601845895,180.2569979999467,291.3947236770806,120.4283266775007,163.72745541166648,376.7877288479963,,0.7409464884667473,,,,,,0.5988079010214248,,,0.5802274768292046,0.7010503158857441,,0.7008273611844869,,0.5854972612133309,0.5865211755683423,,,0.6714253625433546,,,0.6001432655594631,,0.599966366574325,,,,0.5920686888489886,,,0.5985907270496007,0.5992341951795873,0.6010953551958722,,,,,0.5686261489755233,0.562157121627158,0.5630925472416131,0.5626985853949164,0.5660787576439374,0.5651688401107772,0.5666094734972047,0.563717528245537,0.5655064010336784,,0.5638538172076505,0.5662438048719456,0.5652300765516297,0.5653466151305528,,0.5649239348596604,,,0.566134330133664,0.6551769423121243,0.6590960318031266,,0.63774703379883,,0.6494701010575793,,0.6533324266719062,,0.6504680881888161,,,0.6507147968486112,,,0.6500139820662403,,,,0.6489946830086775,0.6486087085069829,,0.6512106679241618,,,0.6519814545586703,,,0.51975858306158,0.5194823021507026,,,0.2942906047303139,,,0.2953402950203784,0.2961145120495821,0.29651702711870337,0.41703382821430973,0.4171152875310746,0.41629389990398835,0.4175934686780369,0.4167841763898009,,,,0.41643135673638215,0.4166502864179852,0.41681477837800474,,0.4170937132532678,0.41671023802202506,,,,0.416447284207347,,0.4176249127265681,0.41616369970405304,0.4164121010582358,0.41513331567157774,0.4166664737511579,0.4151850091028979,,0.41694384493060244,0.41682661313299724,,0.41499027262087534,0.41591650438566036,0.4164696667195053,,,,0.41658184097924805,0.41456884802604993,,0.4167236954390326,0.4165662717296772,,,,,0.509585911064886,0.51139768366814,0.5081387688749087,0.5086837261953806,,,0.5097129201540425,0.5099009441184686,,,0.5072712245437253,,0.509953152925635,0.5104435541800804,0.5095249027036272,,,,0.5101512813297052,0.5106932897878712,0.5093194215354506,,0.5108549640641081,0.5096402749199294,,0.5088716706551982,0.51053341430939,,0.509977236572015,0.5094344997556964,,,,,0.5098996503759058,0.5083488750021449,0.5073787066831454,,,,0.5091906812560414,0.5097277324195881,0.509152567788736,,0.2775754568200795,0.27807593577957107,,0.2777184747037074,,,0.27726221782033594,,0.2778998306349838,,,,,0.27877481660716336,0.27804376720405105,0.277752280263221,,0.2757148887105133,0.2785254695064947,,,0.2785119492667431,,,,0.2769980841901342,0.27807078135974145,0.2770849508038296,0.2772068740387362,0.2773360391814543,0.2771779423255189,,,,,,0.2781393385185434,0.2780113480465336,,,,,0.278031091703665,0.2769297292814866,0.27783591760296183,,,0.27720677961560514,,,0.277778724015886,,,0.31929389266315944,0.3197257150874588,0.31965281850681126,0.44385791729721896,0.38573639014605376,,,,,0.2808888833980174,0.28211650035315605,0.46602532774453514,0.4663243707053171,,,,0.466129110877881,0.46592893647071465,,,0.46588852597943475,0.46605969517181906,0.46580018760243785,0.46688658530117766,,,,,,0.46604991876853297,,,,0.46416604025302055,0.46422912325021437,,,,,0.4659239440292399,0.46570223369215336,0.46625643319524396,,0.4657962876461009,0.46520141788874575,0.46687298225180046,,,0.46568500916885264,0.46730328754882494,0.46567339421719683,,,0.4511091730996917,,,,,0.4511313759734653,,,,0.45081620003617007,,0.4512191427980242,,0.45160430181679245,0.4514441463871331,0.45115718586161774,0.45110114667489526,0.4516305019846314,,0.45122408110052975,,0.45184088231630665,0.4508181850905552,,,0.4512692989729882,0.4502051882272135,0.450330636881184,,0.4505697796570036,,,0.5488913665976972,,,,0.5479411810970007,0.5500905330260688,,,,0.5393870182310212,,0.5381565033611478,,0.5389757378622861,,,,,,,,0.5388116842278792,0.5385348005117888,,,,,0.5479179225603594,,0.5485675282601025,0.5484855295811616,,0.5483768811919341,0.5477635653784669,0.5480785488052239,,,,0.5486293307602337,0.5487783926756876,,0.5492334790808295,0.5474582102255903,,0.548833599371312,,0.5477083586164099,0.5492614104656749,,,0.548338903907569,0.5489739297727382,0.54813735961299,0.5487101889634316,0.548524296914742,0.5394542819750546,,0.5386466877040372,,,,0.539606551234237,,,,,,0.5394579715304091,0.5395413403885602,0.5393976728384895,0.5388643807586423,0.5407146984196233,,,,,0.5405337646955375,,,0.5385515051642861,,,,0.5392366745527226,0.35222656906604505,0.35211402877166814,0.35167617531622436,,0.4765264980513958,,0.477213450336479,,0.47633453174021195,,,,,,0.36636614801711037,0.3910465303517698,,,,0.2831850600365203,,,,0.2770499147302088,,,,,,0.4652388140116499,,0.043882027275718515,0.478231164595143,,,,,0.02438459219718337,0.02432992156519049,,,0.023887062134705702,0.023751517548226204,0.4737708557150526,0.04289943713490049,,6.12277593558868e-05,,6.147579733305519e-05,,,6.145624020179349e-05,6.131787625037588e-05,6.133804614895297e-05,,6.160403100490894e-05,6.160718694567617e-05,6.130174162349414e-05,,6.14993441625544e-05,6.155861549148145e-05,6.157116467696866e-05,6.148032873896215e-05,6.145880339648506e-05,,,0.44281106918730023,,0.4416071463544536,0.4503141273445674,0.08247179186147222,,,,0.08225756524031495,0.08221303451409465,0.08224222011983377,0.08221778696308941,,0.43196942559461615,0.43327631261305455,,6.257134063745178e-05,,,,,6.242197402761428e-05,6.240710107791313e-05,6.251052788582114e-05,6.227554219447403e-05,,6.234499822346065e-05,,,6.247512743412636e-05,6.23507165674509e-05,,6.251392507836594e-05,,6.249394145166211e-05,6.260044222961196e-05,,6.241175586468605e-05,6.257513470670433e-05,,,6.255795458547066e-05,6.234773329029249e-05,,6.244531641711273e-05,,6.273961982919297e-05,,6.245688746882861e-05,6.273960253431942e-05,,6.26293987100255e-05,6.257751259733839e-05,,6.240617367367054e-05,,6.248005050798032e-05,6.253352438693368e-05,,,,,,,6.251582945175766e-05,6.26127924690062e-05,,,6.230567373127293e-05,6.2373295769043e-05,,6.251576767472771e-05,,6.231495852756258e-05,6.246927803915702e-05,6.240676522235983e-05,,,0.37839156656579737,0.37970449731132566,,,,,,,,,0.4985960128354793,0.5016912631001833,,0.49969669086616236,,,0.4995147380823826,,,,,0.4990121819153943,0.49730891561945906,,0.4989249420074926,0.4984123572340874,0.4982537686393889,,,0.37910528676110183,,0.3786293192994909,0.37868954559099316,,0.37798622190185466,,,0.5702513072250139,0.5695472998103754,0.5713529846667528,,0.5720398122606861,0.5707097833840223,0.5698027232402009,0.5691885124794491,,,0.5710795130509287,,,,,,0.4975910928986664,0.4991694357494228,,0.497757374990746,,0.5006168217777347,,,,,0.49064126141673364,,0.4975811612127634,0.5708076310354887,,0.5697463340205023,0.5707185678806349,0.5713884396433515,0.5720178694149065,,0.37910641073987783,,,0.37952298395858436,0.3769480071025147,,,,,0.3784914180179507,0.3784538998766339,0.3790138996144503,,0.3787896837627233,0.37833274329323785,,,,0.380490050293873,0.3785293977950456,,,0.37880070376734565,0.3772926450781505,,,0.3783364118851949,0.571590250904625,0.5705780989500178,0.5718819868630233,0.5725285963073989,,,0.5718044648934535,,,,,,0.57072450500181,,0.5716886283641169,0.5713374051235469,,,0.5705101904605817,0.5712707045235146,,0.5718202714932148,,0.5714930434047629,,0.5718548802273015,,,0.15191915021517263,0.15201760106104145,,,,,0.5792321875213622,0.5788469452792152,0.5797498238657905,0.057080633659645545,0.6015061451018683,0.6022608051714067,,0.6007940645972136,0.6009893391427513,,,,,0.6022985449698014,,0.6014571542167435,,0.6009463459895575,0.6031229611176055,,0.6028724624114128,0.6036588990757515,0.6016400854257002,,,0.6017092686148987,,,,0.6017886620739648,0.6019506033459814,0.6035729028236261,0.6021983510155087,0.6001498886537336,,,0.6012175060454925,0.6022238265314978,0.6012393695159719,,0.601926715403403,,,,,0.6021873039296108,,0.6029281215892133,,,0.6013068473152489,0.6021487588722907,0.6030577106313026,0.600249489741442,,0.6016710927302289,0.6022114647757787,,0.6004842446337112,0.6021323493611415,,,,,0.5998162706484207,0.6018045458895441,0.6013955209430232,,0.6020958942488689,,,0.6020661210752094,,0.6011800328475524,0.600484736806949,,,,,,,,0.6007404158771832,,,0.6036179599638586,,0.602476028430904,0.600692208123172,,,0.602953447643079,0.6019966893130478,0.601316318387036,0.6010474671719379,,,0.6012333238759502,0.6010176390726681,,0.6015480898312267,,0.6016382010244794,,0.600856691138071,0.6028212718779162,0.6017837801121729,0.6017458567137867,,,0.6024298539820038,,,,,0.6017594423793219,0.6017721315239403,0.6035717528419894,,0.6010451464487644,,,0.601117878179894,0.6012773786802635,,,0.6014955087541871,0.6025257377514739,,0.6024753278269781,,0.6013889143667968,0.6011206129704033,,,0.5999941500360039,,,,0.5984710809667771,,,,,0.6021728335577146,0.601562097750032,,0.6017016523389755,0.5996374536339392,,,0.6014675652102457,0.6004426627243613,,0.6013035534411767,0.6018461853838081,,0.6016507036464045,,0.6024825431762617,0.6012721941001683,0.6028485985329046,,,0.6018973485341755,0.6013600767444944,,,0.6025362731519156,,,0.6025163372118877,,,0.5318635941987844,0.6726526535958486,,0.6516518873328562,,,,0.5859729287870402,,0.6726373834749692
8,24,DG_48pct,96,Z11_F06,11,LL_AB,175086,182019,True,4193.018812291558,4183.637811358317,4174.2181893166435,4206.554483689318,4223.674244571884,377.21723673137745,39.05088171275293,4478.761925923121,4678.511863534473,5546.403834419836,1104.1060096940596,310.2396199837368,1.727306097886466,54.452932705252,177.90788926017575,165.90314823249022,265.17435615495725,110.79262625622617,171.26188900639738,426.7640449368899,,,,,0.7272963021988353,0.7796360370796326,,,,0.5903466141229556,,,,0.6841250059191734,0.5719655964938645,0.5747926879027095,0.5718223635564802,,0.6628235966391243,0.6627675734843232,,,0.5901232027217407,,,0.5889882650808864,0.5811222555845361,0.5837609080317026,,,0.5910566861375165,0.5909138412468822,0.5908109785300671,,,,,0.5575933681227404,0.5600603167015211,,0.5530817325454167,0.5534208878872103,,0.5540916982126121,0.5561552522403101,,,,0.55556292789973,0.5547844315006503,,,,0.5542293459978858,,0.555066390151493,0.5562604772947757,,0.6347428392267814,,,,0.6279899975291503,0.6281207268821808,0.6278922381129586,0.628321155266162,,0.6270220070501941,0.6285463147446401,0.6286479397344379,0.6279034954420043,,0.6278637024536079,,0.6275862781486738,,0.6274870049438719,0.6288397906293444,,,,,0.6275254068561746,,0.6289636430103677,0.5073376283488422,,0.5070815829195732,0.25517810860509693,,,0.2570401567444184,0.2571545660245002,0.25728202310974746,,,,0.372607590030959,,0.3733383391368653,,0.3727371626985678,0.37262127146064283,0.3728501350541306,,,,0.3731073140972194,,0.37237276319120166,,0.3729217934178659,0.3723712159134485,0.372655896902771,0.37327345441356935,0.37219051695057,0.37256359080496,0.3718287611675334,0.372434304940191,0.37256037839412703,0.3729744294808213,,,0.372402906843507,,0.3711335551281519,0.37326262868376797,0.37230763233665837,,,,,,0.3730426097487741,,,0.37147017486590445,,,0.48994431555658824,,0.489814975046996,0.489738437120103,0.4894359298507444,,0.4894987989955705,,0.4896524241304727,0.48923150400124754,0.49133185444389366,,,,0.4894831980323802,0.49019283727132984,,,0.4900525386186217,0.49011979392327365,0.4894914250214315,0.4885737095460735,0.4905463725788544,0.4883245786949151,0.48985751397520166,0.48996534250021545,,,0.48887422758200516,0.49092641231342593,,,,,0.4887157494374483,,,0.4900290186153426,,0.4896401911631257,,,0.48998907351612764,0.4906537650983534,0.25570961901464967,,0.2561199304608979,,,,,0.25666195551059323,,0.2564014384070069,,0.2568898472907221,0.25690746431735,0.25660138898021745,0.25643320325431196,,,,0.2569429982944214,,0.25681424360362776,0.2566361830701452,0.2553443135651246,0.2563939594431226,0.2561618539886177,0.2564825288160716,0.2556579920907908,0.2567314494574557,,,,0.25600855706295705,,0.2568272397173512,0.2564184270661667,,,0.2568650306792638,,,0.2559858667777743,0.256868310091488,0.2563317799883531,,,0.2569715641062829,,0.25596972449682504,,0.2565927226028919,,0.2570974583577126,,0.2833636393076177,0.2831663064573692,,,,,,0.2424341047701945,0.2427109766337467,0.24324119859381346,0.24287060311702216,0.427843078114388,0.42767147939772054,0.42710336718328895,0.4264571392521283,,,,,0.42682220125968817,,0.426914221202149,,0.42703940041298705,,,0.4267640413080427,,,,0.42670927640810796,0.4279502992711783,0.42732081003245886,,,,0.4263094189336417,,0.4260815217320976,,,0.42733491374173943,,,,,,0.42617455581161107,,0.4275411480462439,0.42689265778007557,,,,0.4108890108176137,,,,0.4103914357096041,0.41108833887382906,0.411466195624354,0.41157795552741805,0.41079160889182564,,0.4115021551786516,,0.4100041777818084,0.41124370175605857,0.41175636759393897,,0.41130890775292156,,0.4097605126066441,0.4114955124619244,0.4106152961993731,0.4106479674649699,,,0.4110684843775234,0.4113966548344038,,,0.4105166472579196,0.5314242920670894,0.5309545363075578,,,0.5303933120587372,0.531783379149906,,0.530938295902688,0.529680046653214,0.5305853121555909,,0.5202488538543667,0.5211511009859287,0.5219250208108388,0.5217351682015295,0.5213571758616257,,,0.5215270728930819,,,0.5211081890313779,,,,,,0.5294232344841884,0.5305582893075637,0.5294486338544355,,,,0.5307382603187816,,0.530500527642031,,0.5304446483484865,0.5312194099213057,,0.5304176144652786,,,0.5307146939003957,,,,,,0.5307549247297667,,0.5300794380268539,0.5325072878301532,0.5320348771457939,0.5311887486127183,,0.5312576572015719,,,,0.5196453792883432,,0.5216756484799477,,,0.5212179406912398,,,0.5203225879665451,,0.5211518918183575,0.5217243504182099,0.5224270073606259,0.5228311386939409,0.5191436187706828,0.5209394132116613,0.5226914127435808,,0.5230345523592475,0.5214517331775967,0.5215127859051678,,0.5226552977926233,0.5218983634732132,,0.5219860880092885,,,,0.332413861247845,,0.43768125401247066,,,0.44025119284905045,,,0.33276721084325794,,0.33249153227141703,0.33275391254239695,,,,,0.24447243744645233,0.2450594955825359,0.23918070869552452,,0.23942283934042422,,0.23330401241687165,0.2323042566249676,,,0.45704010633317366,,,0.47955781037308504,,0.024909553322484804,,0.045861333340976924,0.04582001121435988,0.045891042350769434,,0.04594511527603964,0.0455815256408148,0.04539029650823823,,0.062008252758640435,,6.499790044148048e-05,6.51502000598172e-05,,,,,6.510675912728523e-05,,6.50647101509815e-05,6.537170419978261e-05,6.500840763640208e-05,,6.50225305856227e-05,6.513755398260783e-05,,6.502817815855108e-05,,6.504369142823083e-05,0.42194678513651634,,,,0.42185339985549375,0.427748240336731,,0.0957967158395124,,,,0.09579425200739008,,0.09592422645756679,,0.4138347078161937,,,,6.614959036836023e-05,,,6.612588999569957e-05,6.624561282335107e-05,6.608239515355572e-05,,,,6.616295813130595e-05,,,6.607911682211316e-05,,,,,6.591319661162946e-05,,,6.579484339471256e-05,6.618698875195483e-05,,,6.60666171099579e-05,,6.612469567212056e-05,,,,,6.59518004702533e-05,,6.59867690527414e-05,6.593662362515241e-05,,6.615798251569568e-05,,6.601287131207765e-05,6.593090152893168e-05,,6.607017524112072e-05,,,6.610491835925308e-05,6.599860305440641e-05,6.609156924964047e-05,,6.614604280584014e-05,,6.61907272684003e-05,6.609375234553458e-05,,6.614044032319039e-05,,6.631195203597747e-05,6.618830597026945e-05,6.61847416831572e-05,,,,0.3597225641550887,,0.35907823759192253,0.35845615862888064,,0.359362050185254,,0.3590480857761683,0.35857720230974205,0.35977804541750025,0.46144400322937595,0.46261005264222593,,0.463659061943696,,,0.46427682977376095,,0.46201812631836947,0.46277631975192157,0.46186739931944154,,0.4628744797777728,,,0.46276466134230804,0.4614033847038906,,0.46200304120647456,,,,0.36054312258098764,,,,,0.5543574817213618,,,,0.55324354782846,,,0.5520187679358686,,0.5543228783772657,,,,,,0.4612784934066626,,0.4622418794660533,,,0.4629732556631919,,,,,,0.45682369575668796,,,0.5544375660520955,,0.5544821913924809,0.5540852630895796,0.5554647637427144,,0.5536735267433377,0.35919215241187563,0.35935985748853944,,0.3595334227393924,0.35844698876849707,0.358897475325093,0.36026039524750986,0.35960480463548516,0.3604988252262878,,0.3589763057509894,,,,0.35953927026859656,,,0.3596434383405571,,0.3598107042613759,,,,0.35875242911677896,,,,,0.555724360202599,,0.5537828746229762,,,,,,,0.5538423776746055,0.5528726631410673,,0.5535564213882272,0.5533834197788399,0.5532885079436318,0.5544189026639789,0.5547693659167796,0.5535125359676956,0.5545780892520159,0.5546037668016263,,,,0.5531067020511234,0.5548537194417817,,0.10655787022079785,,0.10652262571412181,,,0.5406678404372429,,0.5667488019799418,,,,0.5909181493128549,,,0.5925961038578236,0.5912721099708509,0.5928317730802691,0.5918236266507134,0.5912312179093995,0.5932850240927465,0.5921431609558266,0.5933270255023697,,,,,0.5921618444183121,0.5927739887806889,0.5912191058407614,,0.5923390818801307,0.5921832414847339,0.5941810409157615,,0.5923508317334012,,,,,0.5912929039365249,0.5925225149145568,,,,0.5917698897666304,0.5930376246935509,,0.5928019642327752,,,0.5919560677392708,,,0.5937084851399398,,0.5920650693427115,,0.594036828036077,,0.5927557048067529,0.59254231762413,,,,0.5919711458553527,,0.5929070438735159,,,,,0.5927010421814426,,,0.5935421827214544,,0.5896884342468718,,0.5913600645657632,,,,0.5929436291620801,,,0.5921141089381784,0.5910562317205715,,,,0.5921567596679042,,0.5929124823678454,,0.5913838563160021,0.5921191413875735,,0.5912659213199288,0.5929925773459528,,,0.5928215399748366,0.592423482729869,,0.5912644210895523,0.5904981312252849,0.5927514196646966,0.5927570938411622,,0.5903771426961563,,,0.5911344974727623,0.591809611737193,,,,0.5924524562406578,0.5930119965807381,0.5922569015654785,0.5916513132305684,,0.5922211203314945,0.592666346820496,0.5932891457915971,,0.5928948044993192,0.5927152916832762,0.592219061143798,0.5921846847099602,,,0.5933617096293475,,,,0.5917313441819476,0.5914975907261862,0.591968614804106,0.5922408522140679,0.5930139047375153,,0.5907815618703722,0.5921292761103895,0.5917546258469815,0.5934875760961817,,0.5920867393183551,0.5923958563737056,0.5920640557996856,0.5916282376692353,0.5951401630340521,0.5908270258281706,,,,,0.5925896464166909,,,0.5924051090848361,0.5915795055736844,,,,0.5918330460177513,0.5937539210830617,0.5936753969202125,,0.5926085806228093,,,,,,,0.5941158127583228,0.5922472196176118,,0.5226533003506327,0.5217939720993879,,0.6549774793790948,,0.644904116224935,,0.6836927017367307,0.5727739679470184,0.5703791348286508,0.664963967369836,0.6630945912135151
8,24,DG_48pct,96,Z11_F07,11,LL_AB,175086,182019,True,4199.591815200342,4198.375772220549,4168.653513298088,4204.750250659346,4205.319208729646,377.03298435081643,38.86530119659102,4485.503815828928,4687.830383613775,5521.258083539759,1102.0091682242858,311.9425925021989,1.7198748764779335,54.74071786246541,177.10245046475606,165.28456810168285,266.10552976690434,110.25238486412631,171.62538224167662,424.9253836756471,0.7356346529578103,,0.7372196433193348,0.7948187936940109,,,0.6602913969458627,,,0.5879969509392927,,,,0.6836793298605176,0.5712441416740068,,,0.6625059978004065,,,,,,,,0.5901127586473222,0.5823443971020156,0.5820080815702156,0.5834402361502303,0.5879934204857862,,,0.5906344092782766,,,,0.557909828737695,,,0.5532491127593071,,0.5532999548618021,,,,,0.5546656183662311,0.5562812090769733,,0.5541286281346175,,,,,,,0.555200367179657,0.6326547368969946,,0.514098370561684,,0.6295961768432318,,0.6280793494986947,,,0.6298888255994778,0.6260780036113355,0.6285927044451218,0.6299120344251604,0.6303490757912183,0.6282049569491154,0.6268553513196898,,,0.6290004610075159,0.6280215129830167,0.6272694261007773,0.628147068992018,,0.6282204975883642,,0.6311489585612184,0.6280398012806281,,,,,0.2549870637970068,,,,0.25716620226762194,0.2569115741198146,,0.37396643024469006,0.3719749233025624,,,,,0.37304682950356266,0.3720755107027417,,,,,,,0.37325485090162197,,,,,,,0.3727135523161255,0.37354001250886365,,,0.37310013242845447,0.3720930886843354,,0.3733360270928815,0.37348008233970836,0.37235828744437244,,,,,0.37247414598717704,,0.37386894202039517,0.3721108300789221,,,,0.372405274913928,0.4911452789592788,0.4900316249804157,,0.48940317461885985,,0.49013932102311664,,0.488801959330787,,0.4887231658460554,,,,,0.49075197211383326,0.4901513725579581,0.48992708430665044,,0.4925140732148193,,0.4916563460708145,0.49089455563949486,,0.48983400680185923,0.48944868705788436,0.49181944322844456,0.4909913200710585,,0.4903823774678313,0.4899269636008048,0.4891198486357397,0.49044928825314266,0.4902259841307131,,0.48869921871142774,,,,0.4888622048994707,,,,,,0.4897789577930376,,0.2563834612434737,,0.25623317533967715,0.256172450124703,,0.25627740961473494,0.2558822978616477,0.2562630470886437,0.2563607309612572,0.2565552318483178,,,,0.25726001955875644,0.2560038450208761,0.25622074329310607,0.25690142509794056,,,,,0.2564220245442409,,,,0.25667093975206523,0.2562521908707518,,,,0.2570373355870449,0.25590337723858725,,,0.2569281213037365,,0.25660775099974154,0.25707391608252755,,0.25616593637141666,0.2563055304269977,0.25642254638808976,,,,0.2553887862480844,0.2569019114201837,,,,0.2568086002453358,,0.2836316942109569,0.2830170426581585,0.28272013854351513,0.4045077068946755,0.3403195166994773,,,0.24249504956238313,,0.2432436603102389,,0.42684413783565395,0.4281563601468448,,0.42563549409058316,0.42605829525837985,0.4271195876252512,0.42700684307554376,0.4278503142622044,,0.4274978810406047,0.42799752655667,0.4269964690935922,,,,,,0.4271478852220982,,0.4269051128179881,,,0.42652138259239797,0.42674611435119075,,0.4281804496705273,0.4274168537509217,,0.42635152680358057,0.4271913603182519,0.427437528588308,0.42750784679825954,,,0.4262740831661835,,,0.427221406074966,0.42715916331713155,,,,0.41028896682478105,,0.41108967116033657,0.4103511485430466,0.4115217225968022,,0.4112829045618866,,0.4111471124171207,0.4110717911327757,0.4108729716285266,,,,,0.41036179499217457,,,0.41134242157285655,0.41154133284229455,,0.41008642582555926,,0.40906710878635943,,,0.4102378761671916,,0.4094192137791836,0.41056824051835633,,0.5313334983341943,0.5321808587812304,,0.5314951555234376,,0.532753729019863,,,0.531428332627588,,,,,,,0.5209950387169326,,,,,0.5215400311356908,0.521173815239195,0.5210900780198995,0.5206419827916466,0.5223009665843108,,,,0.5306082583364288,0.5286455056282977,,,0.5302903682254759,0.5305776369922439,0.5308484139785133,0.5320768439581128,0.5312232870407182,0.5314031867965345,0.5316396411448258,,0.5303174505248704,0.5324839856125427,0.5318493361834726,,,0.5291707902624053,,0.5322028230545616,0.5307935048017767,0.5323574265917562,0.530007660968055,,0.5316297778206276,0.5329526458604602,,,0.5224989328194674,0.5200607875009144,0.5210376827147675,,,,0.521911925591802,0.5218640647363054,0.5222403910002414,,0.5214004631904066,,,,0.5200152367699604,0.5217897821792589,0.5210637329082389,0.5215171588169585,,,0.521305992133227,,0.5213216226389171,,0.5218186350533096,0.5220840244839116,0.5229791574908293,,0.5239636404105634,0.332488328210107,,0.3319613260725229,,,0.4385352565686687,0.4380709022625904,0.43895539516888404,,,,,,0.33331823863911,,0.3458496711939523,,,0.24481088463181702,0.24524813647701893,0.24463022624673778,,,0.23922865749002617,,,0.232748892913049,0.16349131427593533,0.0998264501774976,0.45684899835765597,,7.121309999685833e-05,0.4809651118495318,0.02501673904680152,0.024913655385895947,0.46319687293407646,0.04575568793594924,,,0.04580089507658446,0.04587185131962281,0.04556417586303331,0.04537635769925392,,0.06197677177764157,0.06208563316647912,6.510121650792945e-05,,,6.494725790951308e-05,,,,6.512896248107695e-05,,6.49543401094657e-05,,,6.521090811472107e-05,,6.481898760172666e-05,,6.514575405822908e-05,6.499415300253841e-05,,,,0.4215582304616439,0.42217760346462885,0.4276771268966335,0.09572929706553569,,0.09590926534829633,,0.0958183049632367,,0.09597251155988357,,0.4145648516041398,,,0.41460266653404937,6.607539179579045e-05,,,6.609468060953663e-05,6.606989460049986e-05,6.595340482120939e-05,6.593936104121986e-05,,,6.604234526528098e-05,,6.580582577017907e-05,,6.609496453459088e-05,,,,6.607654224411996e-05,6.603573770178993e-05,,,,6.599370812050854e-05,,6.623892746736702e-05,,,6.6060075708972e-05,,6.616012122849776e-05,,6.603937174325845e-05,6.618997318237117e-05,6.610963061341518e-05,6.60422431483928e-05,,,6.594520838114209e-05,,,,,6.59905867064799e-05,6.57574990250357e-05,6.600606053804686e-05,,,,6.599922912069928e-05,,6.618476563053039e-05,6.605923249178338e-05,6.593688203193938e-05,6.607830856291906e-05,6.619571041527108e-05,,6.599035613147525e-05,,6.588046916040985e-05,,0.35894278866859114,0.3575762505785945,0.3593787705237719,,0.35844912748794844,0.35946360981468245,0.35875054327581346,,,0.35951395890689336,0.3590623325846795,0.35864837833947405,0.4624247657120113,,0.4627422204804954,0.4636883140221658,,0.463495797904386,0.463154362579147,0.4611674374985775,,0.4609939666786678,,,0.46205960663140233,,0.4624711713765509,0.46201289547353813,0.4637285153130526,,,,0.3593558075657288,,0.35921028459965093,,,0.36012607901209287,,0.553275731053752,,,,0.5523689016614611,,0.5563982331610926,0.5525987184905341,0.5530708025833447,0.5534118747610463,0.5555649676929596,0.5546425439230751,0.5513848871206617,0.5530792194084185,0.46111810019176114,0.4620110017026062,0.461598829217722,0.461457862342659,,0.463297564508015,0.4623223172776119,,,,0.46254964479765137,,,,0.4619182441326361,0.5548965609381162,0.5544707334742193,,,0.5557935120221886,0.5542811229040169,0.5525041586633276,,,,,0.35968527581110693,0.3590832866976947,,0.35892448599617116,,0.359976222336471,,0.3601012088855531,,,0.35938882817719564,,,0.36040087731487597,0.358972532267055,,,,0.3589367628125963,0.36042325977702666,0.3587465218769128,,0.35895999687651364,,0.5547066435915466,0.5530833417261816,,,,0.5545058510910167,0.5535684344369843,,,0.5528730541031074,0.5544405859839284,,0.5544107991414756,0.5541893083229726,0.5535190907728035,,0.5527889159369744,0.5547712296717162,,,0.5547388010706821,,,0.5540056812981329,,0.10650874010104867,0.10659017019805281,0.10637816321735567,,0.10656016949822576,0.10661474195791067,,0.5926882929739105,,,,0.07424735393363821,,0.5916331079348675,0.5918403017764687,0.5931243987386258,,0.5943257725031585,,0.5909109111429163,0.592518765195793,,0.5934722069669628,,,0.5918696013378735,,0.5923248008880649,,,0.5911732712598182,0.5926835873023891,,0.5922789881121477,0.591504911411273,,,0.5920721651580364,,,,,,,,0.592655837790784,0.5923684475812184,0.5923381347904924,,,,,,0.5937737993000702,0.5918990766666884,0.5933402743301931,0.5937355060662411,,,0.5919746739230419,,0.5900992716886909,,0.5919622599980999,0.5936664796319362,0.5918253629318012,,0.592243476046918,,0.5922103724873603,,,,0.592811026906836,0.5914979903531148,,0.5921898047767288,,,,0.5919092314939838,,,0.5925893493286357,,,0.5919383979642928,,,0.5921398449002961,0.5911230046466319,,0.5920088993797865,,,,,0.5915369800055683,0.5892070669664554,,0.5939962997924693,0.5924747679486808,,,,0.5901413541052041,0.5939728193080237,,,0.5924807580109182,0.594592946460082,,,,0.5914384957246073,,,,0.5921457443753664,0.5926913313092296,0.5911136473597288,0.5917014442966131,,,0.592457777610708,,,,0.5926391642323766,,0.5915361199227227,,0.5914023866000284,0.5926013766116274,,0.5917212992534566,,0.5938022941320733,0.5929106643438907,,0.5922521556551059,0.5929609894343765,0.5922419812501692,,0.5926801017003515,,0.591843599486391,,0.5919884396148013,0.5950927582272978,,,0.5923029552899876,,0.5913779082558795,0.5921246503622302,,0.5916995649516258,,0.5920223627368923,,,,,,,0.5920689014366631,,,,0.5922773839925448,0.5931112668461261,0.5928231731220632,0.592012371474944,,0.5944972350211939,0.5922543092605164,,0.5913208458528536,,,,,,0.5363095092512682,0.6424573406183206,0.6821597598300341,0.6835164202269278,0.5723072720663308,,,
8,24,DG_48pct,96,Z11_F08,11,LL_AB,175086,182019,True,4183.010061090915,4182.94532674312,4176.117706394852,4216.98044396318,4215.636781546801,377.5676865828092,38.84164046387515,4466.759877847522,4701.350063591643,5529.015605467173,1098.5774934261208,310.2365501247759,1.7385346787619402,54.69551803810874,177.30590754999915,165.05744552293834,265.7871842379539,110.50161450224412,171.2880284116132,425.5321575961602,,0.7379198424467663,,,,,,,0.5878398930572937,,,0.6828374010190617,,,,0.5726593360386181,0.5713071056894091,,,,0.5891113421257314,,,,,,0.5822252545275748,0.5833750280920902,0.5831504240915786,0.5911009425135021,,,,0.5914018064086678,,0.6601614026933773,,,0.5588224416843794,0.5529202738692285,0.5517895522148816,,,,,,,0.5560378158579963,0.5552630062759081,0.5540918081290731,,0.5542387896278473,,,0.5537800570777053,0.5530552599935802,0.5546389667648352,0.6321167536588104,,0.5145955185807375,0.6284817116763978,,,0.6285149453286132,,,,0.6285610392508971,0.6275599732483176,0.627381945707818,,,,0.6267376670241099,0.6281589828410196,,0.6281462221694106,0.6290621175522854,0.6283793874152301,0.629997283115026,,0.6282913990640675,,0.6288769075378592,,0.5061054766570723,,,,,,0.2566427629643443,,0.25743677686122673,,,0.3728778542409454,0.3727634449642733,0.3735369765017122,0.373825250026266,0.37346887142528906,,,0.3729250366302503,0.37238020431815816,,0.37287806488784236,,,0.3732596761771219,0.3730901753558456,,0.37323934380618035,,0.37249986050164957,0.37289949473500617,,0.3729253120934513,,0.372609659191669,0.3727287919624701,0.37319996042655623,,,0.3719946152349463,0.3733449087143174,0.3720554263894993,0.3739438882146191,,0.37332483150352797,,0.37210940990503344,0.3724320237020625,,,,,0.3729598772431706,0.4891578276761291,,,0.4917429812694868,0.4904996187451789,0.4897608198233268,,0.4919398647795825,0.4892903108002597,,,,0.4893117436497584,0.48922005298954735,0.4893985160121811,,0.48977981212079447,0.4909596493376293,0.49078406158526816,0.48938036772851584,0.4885633407748896,0.4897094832117122,0.48922866137978355,,,,0.48958721346181766,0.4895319175860206,0.4895605854369808,0.48977118382528606,,,0.4893876993883502,,0.4900753974370643,0.4898001822435653,,,,,0.4900165348208593,,,0.48845312210757597,0.48912022330083177,,0.25646132299977475,,,,0.2558915014671298,,0.2567904962891722,,,,,,0.2560107588874043,0.2568323078372853,,,,,0.25596377140565374,0.2566194495022046,,0.25718041715881307,0.2565731041980114,,0.256819811711297,0.25603691678245843,,,0.25673675318338374,,,0.2565371028005509,0.25603276761155086,0.25598287325303204,,0.2559169272158982,0.256605219018685,,,0.25692773982620215,,0.25610869908046,,,,,,,,,0.25613909232337423,,0.2821601547475239,0.2837557926974091,,0.40281292921763184,0.34015994430621427,0.24294536734612646,,0.2428028083271177,,,,0.426808780863915,0.4284906132604173,0.4284713216952731,,,0.42675545443279234,,0.4276282010612179,,,0.42808444597959644,0.42811330494594224,0.4265583875961775,,0.4263061057875649,0.42652395482297467,,0.4277168113375755,0.4269126943890321,0.42846053195752254,,,,,,,,,0.42706202089590284,0.4272981121309238,0.42675839598738363,,,0.4269604894485543,,,,0.4271551417258564,,0.42653433200622987,0.410914810724633,0.4100030139948929,0.4101627800302271,0.41040513733576445,,0.41136437480728694,0.4106715128512824,,0.41215480180489406,,0.41063544547728315,,0.4098694553209722,,0.41145723602767176,0.4114792344294316,0.41148651988508883,0.41283845772551275,0.41155090591701243,,0.41098499238817,0.4107682089247837,,,0.41137549221414516,,0.4105599649749409,0.41098849422790174,,0.4096750783616873,,0.410257724580987,,,,,,,,0.5301522018016003,,0.5308793719818629,,,,,,,,0.5217688898646423,0.5221007192863785,0.5219178592099865,,,,0.52082133802898,,0.5204246635161301,0.5301558570195688,,,,0.5312847430971249,,,,0.530727864696308,,0.5299930284049766,0.5323387893873353,0.532203403740125,,0.5316629876375876,,,,,,0.5321188987568526,,,,,,0.5315892149627477,0.5290002819375362,,0.5308647647379775,,0.5194220553142676,0.5224923452920813,,,0.5207655894875001,,,0.5201543376408069,,,,0.5216501446061428,,,,,0.521050465004856,0.5216616916746564,0.5207730689124286,,0.5212815059183079,0.5216359449605524,0.5225142493457635,0.521613093206199,,,,0.5224062328177544,,,,,0.3309674460102637,0.4395268250006735,,,,,0.33146314950804234,,0.33257953881838104,0.33244165593062086,0.331826870728407,0.3316094021728387,,,0.48823419451987193,0.24453486190459006,,,0.23872785328023632,0.23953809515266297,0.23949622202437387,,0.23270298482066512,0.23371199665656006,0.16309384642032052,0.09927815106074306,,9.0626909517718e-05,7.145257971436198e-05,0.4805656760726013,,,0.462451615292977,,0.04593889563580851,0.045968013727898833,0.04588678132716596,0.045991039986958734,0.04547618973145196,,,0.062074988588081366,,,,6.490558147293115e-05,6.508178545955117e-05,6.496135892502069e-05,6.502804667434824e-05,6.510462509199953e-05,6.499245330245807e-05,,,,6.48945530228753e-05,6.51061248838839e-05,,6.506997012648203e-05,6.49528956361362e-05,6.50524563618754e-05,6.500614637202655e-05,,0.42259244525138434,0.42228605509846395,0.4212978552142767,0.42138953198167883,0.4284942992649866,0.0958910583767924,0.09611537603451793,0.09581419429054748,0.09578138965089215,,,,,,,,,6.610543912955323e-05,,6.62982871302742e-05,,6.616345606702826e-05,6.602284649365024e-05,,6.60724073258781e-05,,,,6.609535227321096e-05,,6.608830634805766e-05,,6.6068770280733e-05,,6.621045838618283e-05,6.624028420024223e-05,,,6.626056038558709e-05,6.607107208205025e-05,,,,,,6.598298368438688e-05,6.597792235858404e-05,,6.622552521284263e-05,6.602939253834103e-05,6.615849059448805e-05,6.622125491802084e-05,6.616819456756266e-05,6.595771210581253e-05,,6.605208718809036e-05,6.586294675094975e-05,6.581470496979267e-05,6.60039353814154e-05,,6.594185683879845e-05,,6.619349760121839e-05,,,6.59314783761097e-05,6.617003450509762e-05,6.622132632609699e-05,,6.613999859553501e-05,,6.5975249215252e-05,,6.610911823461051e-05,,6.593466623208646e-05,6.609367448147189e-05,,0.35925878975650866,,0.3595610487910632,,,0.36072972069918563,0.3587157808414847,0.358581494742875,0.3597498301050444,0.359144656560454,0.358691527364242,0.463455310699525,,0.4632867481211169,0.4622621871239351,,,0.4622340073017734,0.4630592144258845,,0.4622289897893883,0.46121889154715257,,,,,0.4624130385484395,0.4612825537280171,,0.46194220032497235,0.35855393833211546,0.36031377074176,,,0.35960697039601897,0.3601137996588383,0.36032059247826964,0.35981017089347234,,0.5529369093432459,,,0.5552673594962633,0.554206376704318,0.553949230109632,,0.5539916292281466,,,,0.5532582719777157,0.5530237575659168,,0.4614388754363177,,,,,0.4626082288314558,,0.4639764353850976,0.46235175719097665,,0.46332483296350696,,,0.4605126452429157,,,0.5550061109617985,,,,0.5531952358060878,,0.3588706224202481,0.35760716762656036,0.3592875605188047,,0.35885499032462537,0.3589712358651444,0.3583955728492083,,,,0.3598061657954888,0.3591602702327894,0.3595372455553995,,,,,0.3584683013903278,0.35935807104736345,,,0.3584719449833034,0.3605035972817502,0.35861173649431355,,,,,0.5550854583139128,,0.5537973099163848,0.5546172584992808,,,,0.5545910551926321,0.551856116474403,0.5532240238910658,,0.5542727945613948,,,0.5544009649758498,,0.555204619775189,0.5547589729048513,,,0.5551336398867944,,0.5557507798917416,,0.10657983189950683,,,,,,0.5398307358523683,,0.5691776577825093,,0.5683960430106664,,,0.5913538312582167,,,0.5917773356874236,0.592484015535991,0.5933715493879222,,,,0.5919947863444215,0.5916617377528911,0.5922525653710176,0.5920559333467647,0.5933743728721927,,,,0.5909540551845341,,0.5929786322355047,,,0.5932442237161937,0.5912235705979708,0.5918422103973296,,0.5917395143178031,,0.5924772209240369,0.5924333736990334,,,0.5922432343025782,,,0.593473096613301,0.5925620148705036,0.591296406302984,0.5921564733506494,0.592178225635349,0.5921038047954067,,,0.5919175242699527,,,,0.5920076857557369,0.5925711817518278,,0.5913657802625663,,,0.591805422965112,,0.5922210672983128,0.5920169959277771,,0.5932211947454895,,,0.5937949582712132,0.5941342338077078,0.5917812034784219,,,,0.5926696084861429,,0.5915477537422169,,,0.593400015172065,,0.5931906911607657,,0.5896892407998984,0.592483261149697,0.5919772392760313,,,0.5920658226676654,0.5913338662253393,0.5926645831739928,0.594298852888842,0.5928018024738548,,,,,0.591485735163189,,0.5927219756500915,0.5926612790803637,0.591867795681416,,0.593176491174005,0.5929234779663584,,,0.5949940633471785,,0.5927382822623605,,,0.5911556098786332,,,,,0.5922469112270019,,,0.5926252282575267,0.5916702001131527,0.5911752438688718,,0.5932766455698741,,,,,0.5915041588100108,0.593359971596998,,0.5910164153343673,,0.5915116941840981,0.5943168275027075,,0.5931446345285907,,,,0.591450394623789,0.5920038989709678,,,,,0.5931954492569766,,0.5908239796182204,,0.5931575905248822,,0.5919950115006705,,0.5914576381046153,0.5900633449519088,,0.5935486699421392,0.5918004443155408,0.5929533995631766,0.5933637913269456,,,0.5917390646263911,0.5934972206212423,,,0.5930132641217197,0.5931237393631855,,,,,0.5208108083803363,0.5217535196463448,0.5210093934575711,0.6518122380231436,,,,,,0.5724372793815232,,
8,24,DG_48pct,96,Z11_F09,11,3PH,175086,182019,True,3565.4179840536513,3584.4775087017556,3606.171710368953,3983.997620134193,4005.158500600251,272.5484332204165,22.990450834368144,4362.082106828366,4401.788917356383,4469.643487803642,0.06868114166033691,0.023050835662700084,0.0003367701262912957,48.93283912343874,159.05153248243667,119.87776861922183,161.12605069551196,67.351575881932,79.78923326450459,18.363980903234246,,,0.7555543577933224,0.7571387066059738,0.7575907336763918,0.7576036308728418,0.6947263244194066,,0.6131162256371635,,,,0.6207445191974901,0.6210041105763289,0.6191592057354424,,0.6197442397168699,0.6195618463769347,,0.6182418438140788,,0.6134064751722396,,0.6151073764575689,0.6141133512196488,,,0.6068286141288824,,0.6128324094094,,0.6153403811215927,0.6166365776280174,0.6141372603351782,,,0.5681499633076009,0.5680246862492908,0.5685250985332466,,0.5643532347566945,0.5647136087931223,0.566425181224452,,,,,,,,,,0.5669585472626645,0.5669373363227205,,0.5660423259625902,0.5663921806627428,0.5625347087476283,,0.5610461374707842,0.5619299256957805,,,0.5525891896507373,,,0.551139502294559,0.551893890740366,,,0.5535860484097638,,,,0.555034305759637,0.553739141255113,0.5531162885043913,0.5539503863081343,,,0.5546039640355036,,,0.5557253020834827,,,0.51954268040346,0.5186905336432119,,0.2573778300690509,0.2568722303360995,,,0.2579188441260949,,,,,,,0.26060051952891533,0.26032945054018214,,,0.2607161205073222,,,,0.2607431067046792,,,0.26050971278404356,,0.26011596378318885,,0.25991213352684095,,,,0.26057263072118236,,,0.26106397651061164,,,,,,0.26034562272764233,0.2600520625384951,0.2598084445467542,0.2610026442029951,,,,,0.2602122290612111,0.26035629728739934,,0.26004649835273314,,,0.26156302981359547,,,,0.25987529638797935,,0.2602502068045405,,0.2599718632420043,,,,0.2597427943298317,0.2608947799412748,,,,0.26012109586922433,0.25980389540527715,,0.26088259210077186,,,0.2611379436265692,,,,0.26037164358170917,0.2605199012706523,,,,0.26038635817054717,,,0.25984627655198644,0.26039632242987637,0.26101486469821356,,,0.2612395157504456,,,0.2607852612855333,,0.26093639626729287,,,0.26076702891948783,0.26057809028815837,0.2601770083482983,,,,0.2600853331767158,0.2602860164174266,0.26017506453970213,0.26083987552675914,,0.26044001490387453,,0.2605622733581585,,0.26010708091585616,0.26054297349525213,,,0.2606915882912686,,0.2605741126429296,,0.26017888584500654,0.25969923744919743,,0.26015508899882017,0.26067915759860405,0.2607158394755745,,0.26052747415042077,0.260003644691673,0.2596300787863542,,0.26071973967812506,0.2602779213216446,0.2606635436102703,,,,,,,0.2604929522187647,,,0.28325789346150276,,0.2828843031259864,0.3022611868251128,0.24280486129261164,0.24311487183995575,,0.2425169614706684,0.24416739052982994,,0.24309971858263837,,0.3278356436783185,,0.32786947547492734,0.3274041796927802,0.3271952404737013,0.3274358831668306,,,,,,0.3276714934771858,0.3267591898062054,0.3260089470839176,0.32662479906447744,,,,0.3273717168491548,0.3272198250429911,,0.3271142081934998,0.32693959429172476,0.32635306905808364,,,0.32703250887716584,0.3263865461117491,0.3269136054364464,,0.32657727492559085,,0.3272121933930721,,0.32705658167856555,0.32719207415025403,0.32549918862456456,0.32736885429106055,,0.3100546052839191,,,,0.3096338395348921,0.31040077935022703,,,0.3097443382947865,,0.30983282344882696,0.3111370052796348,0.3105713751805741,,0.31011196989160594,0.3106274609601039,0.31014748441135154,0.31084632441564414,0.3105821795850124,0.3105469234396339,,,,,0.3103172984138819,,,0.30953080617524165,0.31028604097536155,0.3108792664488827,0.31054972170677253,,0.32746176007286765,0.3277339531352894,,,,0.3268792510207155,,0.3270260088534304,0.3276864392682783,0.3269166571401954,,0.3100870106848679,,,,,0.3108234976389956,,,0.31027673497202773,0.31104326891712364,,0.3105148943797914,,0.3097515079912186,,,0.32650107279289814,0.32626302858970474,,0.32668340521086153,0.32598956021831815,,,,,,0.3269264655488471,0.3272113374413197,,,0.326652836172242,0.32708331550687864,,0.3263742450331222,0.3265219001625579,0.3270933299983587,,0.32623859848894704,0.3265824116184373,,0.3269502187837718,0.3266007679339017,0.3257748919107965,,0.32603485761276785,0.32597728361199074,0.30959001268857134,,0.30929997663434344,,,,,0.30924339109690113,,0.30990895830902515,,,,0.30973609049584033,,0.30951001936546213,,0.3093744106058608,,0.31011558653781773,0.31058884434833034,,0.31021693170367387,,0.3097714822057824,,0.3103506438437069,,,,,,,0.33689110283845464,,0.3378194143645305,0.3384906758857033,,0.3309987012839859,,,,,0.3307007751896458,0.24651753174194593,,,0.2453402180297519,0.2441802845990044,,0.2391669696095665,0.23857528609652098,0.23942694342279403,,,0.23327773130465942,0.10732513463669494,,0.10681044405440536,6.143225102080922e-05,,6.144520463619147e-05,,6.195832262619622e-05,6.208220857258298e-05,,6.279665036519742e-05,6.273552331164855e-05,,6.250297941951534e-05,,,,6.334684514668756e-05,,6.286766331027405e-05,,6.308210364093771e-05,6.272987557512833e-05,6.268570312841927e-05,6.270971680006136e-05,,6.282792881299308e-05,,6.296496765998174e-05,,,,6.288278800096018e-05,,6.27082698110393e-05,6.295333514412399e-05,6.282253279665906e-05,,6.396787854826682e-05,6.395217894382201e-05,6.39847362652298e-05,6.397347457385914e-05,6.356841568562316e-05,6.441379984618491e-05,6.440587235765098e-05,6.450365303825287e-05,,,,6.429140640529723e-05,,,6.425374438700361e-05,6.415879367558953e-05,6.433796837145753e-05,6.402587169801421e-05,6.406072163912926e-05,,,,6.399907635822627e-05,,6.390788153551065e-05,6.401501526169066e-05,6.419474593714163e-05,,6.404661306123778e-05,,,,,,,6.413287536646547e-05,,,6.42517792264126e-05,,6.420206176794476e-05,6.413526322978897e-05,6.399572528322713e-05,,,6.39576221846256e-05,,,,,6.413619296293172e-05,,,6.404253324813431e-05,6.393530131223999e-05,6.38873602177098e-05,,6.413498462520744e-05,6.420042720099919e-05,6.394350683965398e-05,,6.414611639795697e-05,,6.399753890387648e-05,,,6.40732372859499e-05,6.417647184385544e-05,,6.40273310108386e-05,6.416757209885605e-05,,6.404579756457043e-05,6.435185778533271e-05,,6.41464143738155e-05,6.397127214565282e-05,,,,0.3665018284459344,,0.36609096689720155,0.3662968776247184,,0.36574312281291577,0.366677008111425,0.3661824251023696,,0.3663915718864093,0.3679896414482369,0.36752092527997,0.36867442795702776,0.3663027946642846,,0.3665315649911068,0.36713547538308633,0.3672866451414532,,0.36540670469740855,,,,,,,0.36619962540961437,0.3660788130867037,0.36678959712585296,0.36730963948048273,0.3662870623166607,0.3676180328365959,,,0.36710753002311763,,0.3648758928637416,,0.3652209535894891,0.365712016396575,0.3661174763734831,0.3653032635011167,,,,0.365533861212251,,,0.36557637898063006,,0.36628274628005664,,,,0.36659159366912686,0.3670162287804703,,0.3666348215001643,0.3660356323053782,,0.36636440362368694,0.3664240391914815,0.36102839961025046,0.3650042577447579,,,0.3667078741690123,,0.3661240076445083,0.3664887008941066,0.36641230347891107,,0.3658677999578119,,0.3680658749031844,0.3655846921846035,,0.36639828538333896,0.365864090351783,,0.36765328153308263,0.367558987643018,,,0.3666281026785265,,,0.36682916095703766,,0.3678096248362165,0.3667634362142447,0.36840566599786906,,,0.36699884955419915,0.366827003639084,0.3661972621254168,,0.3667084134994084,0.36672892472225027,,0.3664698505678281,,,,0.36699248207970575,,,0.3666628970611841,,,,0.3667685250371653,0.36601142857530844,0.36594476582911567,0.36588734592428634,0.3658413261440542,,0.36522823817021693,,0.3665238859258128,0.3670212968805928,,0.36652866453832106,,0.1065982092427866,0.10725329814845823,,,0.10675217804855905,0.1067040184954928,,,0.580589661643006,,0.5788990335991999,6.351308584398032e-05,,0.6174347405129631,0.6168561130415062,0.6145410334034002,0.6178412940544616,,,,0.6158942770756765,,,,,0.6173564322622468,,0.6136856304848445,,,,,0.6162208373494744,,0.6181333099071599,0.6169616768103422,0.6174499472973282,0.6161496801686752,,0.6158406337684229,0.6169248852252093,0.6175021858560271,0.616490447176124,,0.615058939323512,,,,,0.6155883111996373,,,0.6177519855155921,0.6179475886111062,0.6186976245193656,,0.6162669410848087,,,0.6171615760328052,0.6170555660442952,0.6152971117918901,,,,0.615885576943291,,,0.6148195705946301,0.6154008797841383,,,0.6165853084344458,,,,,0.6159202606265539,,,,0.6156356175570856,0.6163012593966981,0.6183620610669686,,,,,,,0.6155665421454,,0.6168549531165066,,0.6162571038527059,0.6154851204665157,,0.6162953123422187,,0.6164862612169549,0.6177760949981921,,0.6178052179092964,,0.6156289601525418,,0.6169995499281311,,0.6159558338185063,,,0.615913191391584,0.6171306761817457,0.6180632456331729,0.6158428312916261,,,0.6168277028335859,,0.6159282799222278,0.6159091447537718,0.619148354521895,,,0.6153160280465649,,,0.6187385950873106,,0.6156440791015738,0.6145136715413023,,0.6179522337514839,0.6155860238308228,0.6181949039770628,,,0.6162852647546299,0.6168377674775875,,,0.6168288554916995,,,0.6165494318100193,0.6179928347384358,0.6169343622306324,0.6158171318389748,,,0.6154361698788191,,,,,,,0.6170489999640365,,,0.6157711866790354,,0.616831574045144,,,,0.6176077814802828,0.6155453231060544,0.6167476793199367,,,,0.6169703987107896,0.6160419830026272,,0.6170303700933728,0.6156899924651391,,0.6164726586768957,0.6176335539080828,,0.5315120924053477,,,0.5826766808515967,,0.6199561348561006,0.620993949237526,0.6195984663732463,,0.6188034447952664,0.6189341168576263
8,24,DG_48pct,96,Z11_F10,11,3PH,175086,182019,True,3553.6311207576496,3587.4904915610637,3586.6074054718015,3953.5471739141017,4027.098574279319,272.44096490107444,23.13956332563257,4364.305341640675,4411.840756805709,4460.4068113254825,0.06891588238490307,0.022995540483831244,0.0003361794661740747,48.75087923739573,158.90957655212006,119.49095254744518,160.92343102870245,66.92867061970954,79.4998070205767,18.536563634006075,,0.7538675310118156,,0.7589413016504617,,,,,,0.6150198279234133,,,0.6189813202471468,0.6208926246749182,,,,0.6219575661876879,0.620651545083203,0.6203022216250786,,,,0.6126838911053863,0.6140145236055297,0.6132421577548127,,,0.6049063107026752,0.6154269023890266,,,,0.6159901108050412,,,0.5688545840527902,,0.5691945518785965,0.5636865482725258,,,,,,0.5651462674388664,,,0.5664681573481127,,0.5686340922502,,,0.5662374402444984,0.569140682964671,,,,,0.5622034079956655,,0.5528186757011573,,0.5531434316556115,0.5543076022663754,0.5552183067414593,0.5540923729483296,0.5541168903909812,,,,0.5537318857725152,,,,0.5541956043700129,,,,0.5523057656734652,,0.553312013045478,,,,0.5182933728916073,0.5178541266704825,,0.25913679387862637,0.25739798010313836,,,0.2576280796275955,0.2576839049680756,,,0.26006970359760073,0.260721844921974,,0.2606706414899268,,,,0.26070751618714944,0.2603904666391009,,0.26098814535953774,0.26123955424263917,0.2605742913694493,0.2601872419318396,,0.2605031821793503,,,,,0.26116286822724016,,,0.26058933162136994,0.25975989830225515,,0.25977272720708144,0.26075577493718866,,0.26022327132975476,0.260031361743973,,0.2609059033090879,0.2603680813936704,,,0.2596201925342919,0.2602177277160026,0.25989217373120205,,0.2601119024894563,,0.2600917709929478,0.26044195303215856,0.26036490119842215,0.26099109334445325,0.2600365776198465,0.26032353957031396,,0.26023005005134076,,0.26105748283216207,0.26118846170911864,,,0.259685288496725,0.26088738160658476,,,0.25966403551164946,0.25967502548559823,,0.259890436689505,,0.2596643207132974,0.26060474840718034,,,,0.26050065872526446,,0.2599720635633988,,,0.259750946784458,0.26084881142135036,,,,,,,,0.2604542822563576,0.26011041733563106,,0.26075469198433904,,0.2602897432829142,0.2600259015446473,0.2602145782994983,,,0.25969577763679697,,0.2598119365698906,,0.2607962901144165,,,0.2605739912028115,0.2601832177443884,,0.2603937162079482,,0.26041303796368503,0.2598883037727636,,,,,,0.2604224935087363,0.26005960008659745,,,,0.2602059419128209,,0.2600006354883475,,0.26060532883037596,0.26010201312992387,,,,0.2604569775620134,0.26000388212029496,,0.26050305946459346,,0.26053389311527947,,0.26015539054784853,,0.25996350522409095,0.2608089756408402,,,,,,0.2836188233324399,0.302367012950565,,0.24276140174776184,0.24279754522368927,,0.24269100036564645,,,,,,,,0.3277399637019918,0.3271403946343102,,,,,0.3267375043754109,0.3272674814436788,,,,0.3282967889866804,,,,,,,0.3266841782004092,0.32644438962851563,,0.32724552455968464,0.32754088214791405,0.32716724969805877,,,,,0.3270445818732528,,0.3261164910009335,,0.3267096697310836,,,,,0.3094376939646782,,0.30965369811536764,0.3103554873540571,0.30983396663557616,0.309751101657809,,,0.3101088350392673,0.3113231087812168,0.3107400972853824,,,,,0.31084163856274766,0.31007875281381975,0.31025725006622334,,0.30966720536043757,0.31005399184225796,,0.3102673570684334,,,0.3101512298211667,,0.3100498212797167,0.3100979585391382,0.31061061560967124,0.32717516543663433,0.32666072672778057,0.32700613993474,,,0.32563652338745175,,,,,,,,,,0.30965492123171534,0.30902520820435553,0.3096067379745721,,0.30816384426224624,,0.3097115052483862,0.30973830481693476,,,0.3089852580901691,,0.3265602013382445,,,0.3268873041379378,,,,,0.32671744622310983,,0.32755220155370235,0.3268167770412097,0.32609768170360776,0.3269638260411565,,0.3265231570178368,0.3270823047230391,0.32689526619339415,,,,0.32723314420500177,0.3271200999053432,,,,,,0.3271683276450063,,,,0.3090649360855685,0.3087088540859859,0.3096702836808207,,0.31058642396023634,,0.3098710667918344,,,0.310251970843345,,0.31052563924640786,0.3105661788135619,0.30889305009354434,,,,,,,,,,,,,0.3101137752425281,0.338826434007305,0.33779405678075697,0.33835152861387136,0.3380927923358182,0.3368818410479883,,0.3368606296348641,,0.337665390445299,,,,0.33119184908286464,,,,0.2464473071478963,0.24548127035969922,,0.24500022124360338,0.24434872521498827,0.2390699692937687,,0.23910862784604367,0.23322662019250098,,0.23317503643376203,,0.1070956779574279,,,,6.151864071027373e-05,,,6.206558685444163e-05,6.257207651359357e-05,,6.287041228195777e-05,6.283390197855021e-05,6.269279927136498e-05,,,6.280326603549496e-05,,6.329648761996327e-05,6.284631287903781e-05,,,6.283843723665514e-05,,,,,,6.263951143913732e-05,,,6.296068226207502e-05,,,6.272776117494362e-05,,,6.423871706890923e-05,,,,,6.327218654187987e-05,6.440305682549571e-05,,6.427374416030458e-05,6.43212661331684e-05,6.434475629034931e-05,,6.436703794351973e-05,6.437456049760214e-05,6.430051713572647e-05,,,6.43951424711431e-05,,,6.402674918229087e-05,,6.409870841053724e-05,,6.400709427222026e-05,,6.423742262873869e-05,6.420157314722744e-05,6.382544529869369e-05,6.393570957166841e-05,,,,6.420817144487962e-05,6.41779320938766e-05,,,,6.42111690452976e-05,,,,6.385054150554546e-05,6.392131334463244e-05,,,6.376649675427304e-05,6.397171552192252e-05,6.40642180124168e-05,6.415148110400568e-05,6.414197565976542e-05,,,,6.406807493701671e-05,6.41013305902219e-05,6.389627998276877e-05,,6.407024725880412e-05,,6.415461752239536e-05,6.392649010375814e-05,6.41089022890103e-05,,,6.413526083544139e-05,6.391600409130573e-05,6.405749877017735e-05,,,6.424641132468934e-05,6.40197998581825e-05,6.410646172110892e-05,,,6.393926878356161e-05,6.393468022528177e-05,,,,,,,0.3670864410747223,,,,0.36572305957684115,,,,0.366552630615516,,0.36769096117306793,0.36630131876174177,,,0.3659348640997193,,,0.36638337052777653,0.366502644371141,,0.3670354472105383,0.36710525291390006,0.3665875297981359,,0.3656221036030742,0.36669522335688237,,,0.3675868213549087,,0.3666560494292803,,,0.367132989673887,,0.3655941342798739,,0.3657110778722759,0.36586178883401166,,0.36606458670745884,0.3648731325379097,0.36554825549682357,,0.3655411694958162,,,0.36628569753829826,,0.3657957865512417,0.3655430687301845,,0.3665757531579481,0.3668193138269924,,0.3655173077449786,,,0.3668128456151945,,0.36112488734227927,0.36586544024248585,,,,0.36650175213781644,,,,0.36620716457167984,0.3661658306188566,0.36712652745198143,,,0.3665574477982114,,,0.3656334522297794,,,,0.3667639694297988,0.36724696063798007,,,0.36688794734016,,0.36709288886538877,,,,,,0.36690965706809936,0.36773117658536053,,,0.366693067718536,,,0.36706376014254044,0.3663915589179764,0.36673485828641206,0.36623132739674563,0.3666233013329991,0.36604606033313014,0.3660429243666921,,0.36479178569032294,,0.36618499434130325,0.3669240346218663,,0.36587318643978006,,,,,,0.3663024069288882,0.36616138296844475,,,0.10669325083054869,,,,,,0.5835402053070169,0.6381432161639141,,,0.5796102284366516,6.362445517445368e-05,,,,,0.6157669464817623,0.6154985320345452,0.615381468458193,,0.6160606535884946,0.6165664851736097,,,,0.6157458953925486,0.6170320402967928,,0.6170238600376255,,0.6162058726954477,,0.618086702197316,,,0.6157861741281491,0.6172300375902505,,,0.6185781565299805,0.6178737807898542,0.6163485556971939,0.6155057274824024,,,0.6163672405870996,,0.617389106567279,,0.614645621954586,,0.6178705763872756,0.6153834430743889,0.6169160020965917,,0.6167352412024635,0.6167494618271818,,,0.6165637957266639,,,,0.6177479481224586,,0.6170665918336048,,0.6149047827211102,0.6160427635828917,0.616260452767226,,0.618192979851804,,0.6160070698417625,,0.6157179109127202,0.6169185923206661,,,,0.6159298109427829,0.6181343345046294,0.6165964118094072,0.6159314567736824,,0.6173622243719242,,0.6166603077736577,,,0.6164579584821872,,,0.6165493569417929,0.6160048191416722,0.616981848466342,,0.6164290228467924,,0.6149148181382352,,0.6138900968875992,0.6159883909154548,0.6166821884422441,0.6151702176205157,0.6169822854257776,0.617013598722118,0.6162152961140409,0.6171055881231894,,0.6156084089144437,0.617746731034319,,0.6155244101093326,,0.6173224204804156,0.617711924200805,,0.6177976629572698,,0.6144918818114823,,0.616706378556219,,,,,0.6156572252097308,0.6166903934582967,,0.6168296640338697,0.6183302763151709,,,0.6155987287782717,0.6167715097498229,0.6157017409137329,,,,,0.6160450688062696,,0.6171703573764541,,0.6164857420429732,0.6175472775724283,0.616822864631283,,,,,0.6164445173607932,0.6164760106148748,0.6175328209345763,,,0.617092970435569,,,,,,,0.6151991499197005,0.6170863590357264,,0.6157764427376972,,,,,0.618424294382742,0.6157951292767553,0.6165825578718143,0.6152235300620156,,0.6176206643729952,0.6147607282986651,0.6166407739816788,0.5338107942371831,0.5316954405087081,0.5337198827137034,0.5823679971702528,,0.5813443158957915,,,,,0.61826082758174,0.6196844792918993
8,24,DG_48pct,96,Z11_F11,11,3PH,175086,182019,True,3558.2117131131536,3594.799587107814,3625.1012737867895,3969.301257712802,4030.1452196662194,274.48304180433394,23.02364427492062,4362.18361159896,4427.203125891096,4470.250842519482,0.06888878363395592,0.022881504021017574,0.00033438536332600804,48.87392900862705,158.39267643775688,119.4355760442449,160.83459291586422,67.157072141174,79.50698445554261,18.582285622340024,,0.7543571451933634,,,,0.7580672950510517,,,0.6137174953281528,,,0.6181919443485197,0.6195214323728364,0.6192514339994601,0.621021916982187,0.6196440395504509,,,,0.6173865978510928,,0.6145801895963762,,,,0.6114834462957858,0.6059843330878345,,0.606022422993943,0.6135223198663418,,0.6156326023980673,,0.6162263962301454,,,0.5683702671471329,,,,,0.5653762665132768,0.5656782303781738,,,,0.5680537594510945,0.5662545104695135,0.5665276763903212,0.565926467437169,0.5665548914049648,0.5656846785336515,,0.5665802677466278,0.5673631833283889,,0.5671113265207686,,,,,0.5526580550172066,,,,0.5540809788458793,0.5521731868838186,,0.5546171767604244,,,,,,,,0.5529304471788076,,,0.554080973642582,0.5533643170227666,,,0.5534505106446398,,,,0.51915888622838,0.25864437856875105,,0.2573752141757636,,,,,,,,0.26133970421960456,,,0.2599241712484324,0.2604154324905241,,0.2603827774575146,0.26015382774689544,,0.26070349460317505,0.2604255471970447,,,,,,0.25898783342029674,,,0.26030484745043075,,0.2612454269425132,0.2609332004199824,0.2603599882016069,,0.2600102401350506,,0.2600441836415015,,,,0.2600226718758668,0.2596187833501734,,,0.2600296005442157,,0.260348149730777,0.2604432033223471,,,,,,,0.2605185014115159,,,,0.26034879117864723,,0.25977339513990994,,,,,0.2607708360776038,0.26117495777293115,0.2607874724010191,,,0.26065847666568986,0.26066019796404255,0.2601261651270949,,0.26098409405745127,,0.2604858781806599,,0.26049731432111417,0.2609801690498646,,,0.26018718939050106,,,0.260649454851973,0.2598616530200023,,,0.25977824313326564,0.25982169428180735,,,0.2602756606016913,0.26054998111952904,,,0.2605125924819044,0.25978209080328607,,0.2608818652367086,,,0.2604680956128118,0.26070361546987675,0.26055070752556025,,0.2604073003020062,,,0.26050584071207183,,0.25990858254588806,0.26022577754026216,,0.2605452009342035,0.2597085555786942,,,,0.2608505934908143,0.2599996791973694,,,0.26026131569182254,0.2602609124509708,0.2602921027745991,,,0.260395876090765,0.260776951360388,0.2605293986050762,0.26077302731941343,0.26131155735355166,0.260122518889902,0.2613504149505379,0.26059616809389263,0.2607204834487933,0.25997479289636827,,,,0.2604997814959616,,,,0.26090691318570264,,0.28410180634339705,,0.3021925411491073,,,,0.2435918643099107,0.2431142385601881,0.24381828178235054,0.24377556563467534,0.3276086461199566,0.32670738421502976,0.32676104417247015,,,,0.3279297739541652,0.3275411043371808,0.3273230892741573,,,,,0.3282865950333701,,,,0.3261455578129973,,,,,,0.32645730654378124,,,0.3275370622733578,,0.3267827651635239,0.326708883030181,0.326693912697456,,0.3263373748922549,0.3270823906938046,,,,,,0.32714243922060504,0.30996001544776264,0.31041744435244484,,,0.3109136197055994,0.3101174227416962,,,0.31061771453679626,0.3106345321448154,,,,,0.31015648255288364,0.3104014766099309,0.3105167455261028,,0.31028865914547643,0.310603123505488,,,0.3104005111286172,0.30990833127486855,0.3094074024072598,0.30968587253134555,0.3096593096637383,0.31031280003069056,0.3099008865091485,0.3103454714916923,,0.310551524704781,0.3266086266348029,0.32667497953796704,,,,,0.3256296306126363,,0.3268867744194327,0.32651492141669514,0.3262615211570405,0.3104092333461156,,,,,,0.30930706708088923,0.3109919135902299,,0.3099673713679476,,,,0.30860830954467333,,0.32617276259692524,,0.32665898865145027,0.32565096519329,0.32612947624753685,,0.3277889968570523,0.3260534006994577,0.32752547845572044,0.32667183495542235,,,0.32749485510199183,,,0.32686697518086916,0.32637476268579746,0.3273139070928204,,0.3259189417593609,0.3277093937312554,,,0.3269113548173786,,0.32710892543029607,0.3272693279284177,0.3272894926088976,0.3264796475951347,0.32719040813671796,0.3277628322789092,0.30915761243337203,,0.3089741584027404,,,,,0.31015274899018525,,,0.3096082797251905,,,0.309875025363387,,,0.3099818368798411,,0.30970164784684784,0.30925302219139117,,,,0.30951870415006805,0.30978336502735093,0.3098755193919148,0.31065817464801143,,,0.33817371741903834,,,0.33891923637008203,0.33786330646124374,0.3376593357821432,0.3368697901235396,,0.33785024056633817,0.3320846411388956,,,0.33338948511151834,,0.331291712399546,0.24596484705490054,0.24576279323378505,0.2461817321194714,,0.2448481136380451,,0.23897810912754308,0.23958642504077363,,,0.232781986000023,,,,0.10728336863916027,,,6.158730805851868e-05,6.233575186326032e-05,6.216114326240661e-05,,6.275369517900843e-05,6.271188183289095e-05,,6.259426419742826e-05,,6.257218253499402e-05,,,6.309110416058109e-05,,6.27749448220622e-05,6.292940564031082e-05,,,,6.288438459227155e-05,6.29737665002428e-05,6.300091766705416e-05,,,6.282543909222197e-05,,,6.27851725372342e-05,,,6.27969831531337e-05,,,6.406564034104849e-05,,,,6.361056045848547e-05,,6.435362429917038e-05,6.45610947516653e-05,,6.432644218938283e-05,,6.442765028635479e-05,,6.43273385474195e-05,,,6.432554200550827e-05,,,6.419084003766129e-05,6.426455853834998e-05,,6.413276621504364e-05,,,,,6.397353886003466e-05,6.394097724472518e-05,,6.39304911103534e-05,,,,,6.414703929549346e-05,,6.404307347003752e-05,,6.397816134355899e-05,6.400953205790925e-05,,6.398266106194318e-05,6.404180078960049e-05,6.40569767756755e-05,,6.39015847118031e-05,,6.402543588447222e-05,6.417176282103903e-05,6.388529142209193e-05,6.393155557037095e-05,6.403447056808553e-05,,,,6.396860551987133e-05,,,,6.421637433497507e-05,6.400635790683985e-05,6.423434462103281e-05,6.406451514362241e-05,,,,6.402045506007388e-05,6.407245314946198e-05,,,6.40534680582116e-05,6.399848721283147e-05,6.426837258357077e-05,,,6.384682796146042e-05,0.36526761377455413,0.3651403103867922,,0.36648135017464156,0.3671788809591319,0.3666916823015621,,,,0.36658748324597734,,,,,,0.3661014344747317,0.36618159616544294,0.36665419419487766,,0.3656805988319557,,,0.36730401294773474,0.3662464815880623,0.3665662041759172,0.366130888404801,,0.36605407186064987,0.36555990506632957,,,,,,0.36696017956994376,,,,0.366649602316278,0.3662881373664665,,,0.36540466806577193,,,,0.3658317482521549,0.3666610578303082,0.3665346996604155,0.3649686843529861,,0.36513104515571804,0.3664164304406196,,0.3671159912020575,0.36641084513237737,0.3661158190367129,,0.3666691842830172,0.366624558147988,0.3672710349443269,,,0.3666987751359463,0.3679200726520373,,0.3652504212525045,,,,0.3662114187217521,,0.36642022513245465,,0.3663289519336952,,,0.3665772798766734,0.3670981171372996,,,0.36757347194148887,,,0.36609633568261024,,0.3662088716228291,0.3661966556641878,,0.3659907599577124,,0.3672774873234666,0.36593652477917266,0.366984798680052,0.36683357365582975,,0.3664899276230455,,0.3659798883954943,,,0.3659002340450253,,0.3662038726423851,,,0.36594639401545126,,0.36566532322302747,0.36717890856232277,,0.36598924516788484,0.3653716557845131,,,,,0.36602732125410214,,,,0.3658982051875318,0.36490029378019057,0.3663638773576726,,,,0.3657480223795836,0.10691083122215654,0.1066982144295246,0.10664259273976796,0.1065547851816109,,,0.5849299295470853,0.6354391487363326,,,,6.358798466298411e-05,0.6168213209761539,0.6167062887001697,0.61503394848723,0.6168209422639888,0.6181794085199788,0.6170418453800457,0.618368558476952,0.6162468854439165,,,,,0.6162183656531248,0.6177373775629602,,0.6175208930672751,0.6182230113051032,,0.6166551826936567,0.6176186673143421,0.6157082593476161,0.617208205113109,,,,,,,0.6157099249824732,,0.6153510343395922,,,0.6174461243574871,0.6157202301740075,0.6170419401752152,0.6176306277092976,,0.6156776482795319,,,,0.6168960742050179,,0.6180082009530345,0.6159086110190523,,,0.6170229578334943,,0.6170831095446179,0.6159790334881915,0.6177729550106194,0.6196823744634323,,0.6175667797264489,0.6153326257504755,0.6162782598169521,,,0.616976087411876,0.6185163566639771,,0.6168841867487396,0.6181095907913153,0.6176382289940844,0.6179420137109037,0.6159710016408906,0.6143486052610444,,,0.6156452343045223,0.6159692760693434,0.6161079041026576,,0.6154217409176944,0.6173086987911365,0.6162999517625602,,,0.6176581403830763,,0.616981803732302,,,0.6161698555652583,0.6164485258438474,,0.6160293362867213,0.6171621079916999,0.6163215746581997,0.6176091767001318,,0.6162024075060131,0.6155995909279858,,0.6166143263747368,0.6150168211771792,,0.6169027411094126,,0.6165979235819097,0.6146113286226299,0.6161055759647986,,,0.6177554339643007,0.6151339798687635,,,,,0.6148361033543491,,0.6166378562073904,0.6164987857932906,0.6157951588088851,0.6157337248824307,,,,,,,0.616612521454772,0.6150737616041395,0.616718171926458,0.6164733169807903,,0.6169048016649192,,0.6157253463431155,,0.6158323955131377,,0.6156699102915701,,0.6190851472276595,,,0.6169049898447478,,0.6168789468911244,0.6168189914999462,0.6161771869943762,,0.615702351695183,0.6165290256140763,0.6172138922462493,,,,,,,0.6168745137259022,0.616722820336736,0.6175698842343221,0.6159140809832439,0.6184643249310401,,,,0.6174558096512908,,,0.6169310126458009,0.6160003186595204,0.5332522086593418,0.5332581076717446,,,0.5815126450557917,,,0.6231119553291169,,,0.6214180391917401,
8,24,DG_48pct,96,Z11_F12,11,3PH,175086,182019,True,3548.282022662424,3597.5545775261467,3623.441778889739,3955.746994840106,3998.773098306496,274.2320125074344,23.182332674659385,4365.244854774878,4393.774140047624,4462.957001022539,0.06902357065215645,0.023049242244362268,0.00033591188455648697,49.14130425049119,159.26543128595372,119.37155205656259,159.58179668288432,66.82264860249904,79.56997862921422,18.51534691722743,,0.7576096875034117,0.7546223390154267,0.7553465251189271,,,0.6947339964676508,,,0.6136911808295459,,0.620971775609029,0.6197625503315303,0.6195824116608205,,,0.6189660348857432,0.6208144468013366,,0.617326828518707,0.6138593542573746,,,0.6146440228622232,0.613972570396531,0.614347920410644,0.607237494407594,,,,0.6145053984126977,,0.614756202425005,,0.6178885694680323,0.5913812466443186,,,,,0.5641009235735253,0.5637187544238637,0.5671150677628185,0.5668439524904724,,,,0.5661024521114658,,,0.5670535399787058,0.5675595327537624,0.5671140782409874,0.5674856665076675,,,0.5690777237375435,0.5605645087327815,,,,0.5536705352170321,0.5560942242353404,,,,0.5547210506431584,0.5532805052491216,0.5532937709565431,0.5530434430407171,0.5546466983996707,,,0.5533095575181667,0.5533643526686692,,0.5535491725366795,0.5533279136838217,,0.5528716522167458,,0.5537080417791452,0.5520102742079177,0.5531963092881,,0.5204527459652771,0.519487079760741,,,,,0.25673134820058624,,,0.25776490272914804,0.26081655950835975,0.25961012351169754,,0.26004637120060553,0.2597825666122101,0.2612391438826755,0.26128575429879974,0.2611301398975533,,0.2603504946899065,0.2602578900067743,,0.26028811268514485,,0.2608324963468267,0.2603519716822184,,,,0.26033343113855756,0.25943734887074915,0.2585787917591371,0.2604675538495811,,,0.26026496809054267,0.2601222307502479,,0.26064207510319853,,0.2594119020692174,,0.26032861365794635,0.2594779048231832,,,,0.26026571539600546,,0.2603488080885273,,,,,,0.2604652911976443,0.2605013104295303,0.26076828783027844,0.26052860512418446,,0.25976990825328156,0.2608893669875848,,0.2607091039963063,,0.2611071310218902,,0.2600654364093474,0.2597032017523031,,,,0.26076676184501146,,,,,,,,0.2603861316667814,0.2607668248356612,,0.2596779795358846,,0.2597344411186887,0.2601275711472011,0.2598755364898239,,0.26038178823408875,,,,,0.2599514698601879,0.2597500058877175,0.26047922997527173,,0.26025187734441635,,0.26006543595270804,0.2596415332445277,,0.26071730417606265,,,0.2599987015780118,,,,,0.26041917874081405,,0.26025341675011415,0.2600443083850321,0.2602044783189453,0.26106810470528413,,0.26025639595977706,0.2604492646461705,0.2599842643419593,0.2605103811606047,,,,,0.2601327037125369,0.260157454927333,,,,,0.26047235194719626,,0.2609202851799783,,0.26000058100535844,0.2600126921376561,0.26067447275047334,0.26117213437276743,,,0.26116836721260517,0.2606270897757682,0.25983550972417535,0.26018950552853515,,,,0.2599694587220256,0.2603943936172324,,0.28317489555291653,,0.3025772056669112,,,,,,0.2431731333482195,,0.326515345210724,,0.32676426554446963,,0.3273330496302547,,,,,0.32720911623994187,,,,0.32735137627235544,0.32822863183051176,,0.3271606037184737,,0.32740907680425047,0.3275124956247139,0.3273040346253176,,,0.32749555259439683,,0.32703225804748304,,0.32591382161953686,0.32741599064832816,0.32725681797000955,,0.3261835371873708,0.3270508669615278,,0.32738798750052983,0.3268743727968219,,0.327326247144531,,,,,,0.3102566428752106,0.3101010294961214,0.31005495803975686,0.31084741752219947,,0.3099538123839804,,,0.31061823110874615,0.309760621474045,,,,0.3103347246558041,,0.31068031696897347,,0.31094107677075494,,0.3096835215881615,,0.31023961982170123,,,0.30950444892071566,,,0.3094980731989145,0.3092251622409833,,0.32640530382150373,0.32815342380109164,,0.3272981530256681,0.3268799093638964,,,,0.3271293885439634,,,0.309867510497863,0.30969894638147666,,,0.3106243528080003,0.31057064155399783,,,0.3091918943693932,,0.30964620409137267,,0.3089733543323387,0.3104478175252014,0.326509996022615,,0.32592813856692365,0.32556396822296235,0.3255887325252767,,0.32601164864925175,0.3260099612454124,,0.32700963109473974,,,0.32727680623119654,0.326699542847731,0.3269231777857416,0.3270033638584864,,0.32682068738111675,0.32624986659762667,,0.32735457865268014,,0.3265059248207913,,0.3270657904986661,0.32666254691937263,,,0.32684172954323354,,,,0.308951069072603,,0.31068720314000453,0.3100233944412113,0.3092194756704703,,0.3093273186838363,0.30907084460415885,0.30976765874745044,0.30942562214734565,,0.3106426317801424,0.3094873579248593,0.3100134101693201,,,,,0.31037987701141,,0.3095418837069294,0.31003789114929164,0.3103626975986337,,0.30991967960002675,0.31067980514232263,0.30950514204754265,0.3100187701268064,,,0.3384834907241267,0.3384677496902856,,0.3371536080250415,0.33860273554517906,0.3379277893470146,,0.33223406852774257,0.3317251898135299,0.3312547029745254,0.3312710838721874,,0.33078048310567604,,,0.2457658989041684,,0.2443874792941152,0.24489695746408666,,,0.23858263857200435,,0.23322857845417755,,,,,,6.147213722081567e-05,,6.196276133789328e-05,,6.216486854590579e-05,,,6.283070002737331e-05,,,,6.270185755399734e-05,6.265054698744405e-05,,6.30366535223023e-05,6.30575649295681e-05,6.284217405999543e-05,,6.273285881162283e-05,,6.290679939200337e-05,6.293420309334819e-05,6.302636711434008e-05,,,6.299102066227844e-05,6.27094415739767e-05,6.297112780017798e-05,6.28583303986316e-05,6.293671371505946e-05,6.28151606068924e-05,,,,,6.387223997363283e-05,6.39557729454003e-05,,,,,6.431500742795091e-05,6.428660990540712e-05,6.435253456651289e-05,,6.420265527322874e-05,,6.426531224019034e-05,6.44110355989185e-05,6.42783416328046e-05,6.423416952501524e-05,,6.418871404290769e-05,6.408977591474556e-05,,,,,,,,6.404107300742811e-05,,6.39504366846763e-05,,6.41395992614783e-05,6.408031578210127e-05,,6.412302283207455e-05,6.410842262375876e-05,,6.41519552028294e-05,6.40841328446102e-05,,,6.402879434978058e-05,6.408413180994912e-05,6.397594357368126e-05,6.388309549796476e-05,,6.368806589083858e-05,,,,6.389719788993662e-05,,6.396610166910389e-05,6.410413355262391e-05,6.413416531904759e-05,6.407266480844405e-05,,6.411768157959084e-05,6.387557593926582e-05,,6.4000876156245e-05,,,6.405036910902905e-05,,6.410458659878584e-05,,6.402032344503272e-05,,,,6.385049743675943e-05,,6.408618737750622e-05,6.388011728024559e-05,6.407163261517409e-05,,,,,,,0.36507125385516703,,0.36605575306862853,0.36588726983577985,,,0.3662990066435002,,,,,0.3671177885631613,0.3660957177224719,0.3678003341878264,0.36709667938441237,,,0.3663494396844031,,0.36720215523829147,0.3662467789356901,,,,0.3671192397150551,,,,,,,,,,,0.36577266927811186,0.3645466973310565,0.36575212147801417,,,0.3652743954191352,,,,,,,,0.365459765995979,0.3657264314893713,0.3653745466238829,,0.36729384083210775,0.366369624946023,0.36721583613372377,,0.3673692070035442,0.3674475984493505,,,,,0.36547506636362154,,0.3661876914176814,0.3654414052587746,,0.365195411262652,,0.3660987623050863,,,,0.3675452155381492,,,,,,0.36705602312519575,,,0.3661231012850988,,0.3665296809248029,,0.3677827473076386,0.36699627916063937,0.36598572780832683,,0.3670861440172568,,0.3669863543707634,,,0.36778123295918147,0.36638727315202496,0.36638737594132115,,,0.3672918423545436,0.366580539518208,,,0.3660070706450576,0.36584070486509973,,0.365245866232558,,0.36560717031166406,0.3652975844699003,0.3660963232405543,0.3661665589486485,,0.3651531518867981,,,0.36568705779506855,0.36651741124241355,,,0.3663010220759119,0.366004902795132,,0.10659994024077761,,,0.10676759556379914,0.10680758414223078,0.5851794924120998,0.6362081764777378,,,0.5792866074270663,,,0.6152088864961994,,0.6159828045967322,0.6169440334549565,,0.617140804711241,,0.6176038718146587,,0.6154760937058569,0.6154857954615061,,0.6171315771423262,0.618617148861403,0.6187665043547792,0.6151850214757061,,,,0.6171509593787613,0.61378164109255,0.6175695744429613,,0.6159311520231304,0.6177439088093724,0.6150668758468985,,0.6168225303128713,0.6177470729702741,0.6172971354762684,0.6153231891545305,,0.6156542506064857,,0.6159100368251194,0.6172240270812951,0.6162474482002097,,0.6153467042434936,,0.6162750031138815,,,0.6166331162234633,,,,,,,0.616455452164386,0.616766622948727,,0.6171695158625963,0.6159991503170922,,0.6177865995700766,0.6159029124750972,0.6175137764772263,,0.6148487392119585,0.6173896605783821,0.6185777828229564,,,0.6161334343588029,,,0.6158198599848186,0.6167998757006803,,,,,,,0.6150229175287798,0.6155313545056551,0.6166994353739469,0.6173300930624114,,,,,0.6172788531897977,0.6168810262600777,0.6159205010230367,,0.6146527401294303,0.6149474147815279,0.6173166303774807,,0.617062461561403,0.6168581442023748,,0.6158474869049863,0.6164662149774175,0.6159334124615599,,,0.6172805682183147,0.6161287396308391,,,0.6159977505822007,0.6162186170464328,,,,0.6183284817284862,0.6177597747081149,0.6155182304574971,,,0.6155136035939841,0.6169962751487844,0.6151712915798427,,0.6175315418896838,,,0.615902817914302,0.6171026801004584,,,0.6169426856382001,,0.618076292938062,0.6154364700466922,0.6160884703208831,,0.6166835650853116,,0.6152004994358057,0.6167471106985885,0.6156403061443777,,0.6169334947996409,,0.6147442117572183,,,0.6190932958492634,0.6161179609412804,,,,0.6161391101787669,,,0.6165894279072714,0.6151450638566562,,,0.6171254498755587,,,0.6158305769127589,0.6176871640203724,,,,,0.6150880986469205,0.6173853549187981,0.6161462788119134,,,0.5312105900942685,,,0.5813270040291956,,,,,0.6187261257185671,0.6196924767619083,
8,24,DG_48pct,96,Z12_F01,12,SLG_B,182908,182152,True,5843.071081763022,5677.625262075483,5621.550617909695,4890.462109691543,4870.80303675449,685.0260557311474,60.162974023823104,3072.0675548989852,3225.347866802345,3820.0975583084173,3902.424347888877,717.6905987165698,4.412604832468873,59.795036536447505,196.17388946963374,297.3870001470799,512.3944493033019,209.33015168809732,241.81817286027746,352.04082918572016,0.7235155079418379,0.7241315600587487,,0.8146771833645594,,,,0.5685671267349895,,0.567724030990975,,0.7729277598208272,0.7750395076143386,,0.7088395368352408,,0.7085024575811307,,,,,,0.5686251061562417,0.5661703358228207,0.5667676165268924,0.5662675828422102,0.5621910502962187,0.5641393368957114,0.5631837764713982,,0.5679037782376103,0.5690333903339538,0.5666259084069799,0.5681421128814461,,,,0.5389908355853165,,0.528725883506612,0.5260063756792306,0.5269919821203758,0.5298801190916647,0.5280530871253577,0.5268219353294967,0.5283162501622607,0.5283044322208671,0.5283386358734482,,,0.5267013726372977,,0.526728094331927,0.5280838872347112,,,0.5284405033480188,,,,0.512276825009438,0.7815458712925105,,,0.7829486663416986,,0.7820755513480906,0.7796102150991272,0.7827199889900917,,,,0.7834775246185747,,0.7830818473501758,0.7822227537324327,0.7824855078633864,,0.7839639862386392,,0.7822484818648642,,,,,0.47946205348931564,0.4794989801888633,0.4785286479832867,,,,0.35076693624565203,,0.35141969788786437,,0.8867666519310594,0.8810080824869154,,,,0.8820952173607931,0.8826643777060266,,0.8854234435658214,,,,0.8860480142810297,0.8831748279271496,0.8855868071987616,0.8866828295102916,,,0.8829416991689625,,,,,0.8838826358074638,,,,0.8820513672470187,0.8826128772109572,0.8835696031323508,,,0.8819701661701593,,,,0.8821958031623582,,0.8809201333002735,0.8842507118301133,,,0.8831281087780843,,,0.5635876708579239,0.5619828636099224,0.562033808835569,0.5632821050501596,0.5633652649605503,,,,,,0.563422531221837,0.5620025751267741,0.5648438604982468,0.5623588874882227,,,,,,0.5622208635790591,,0.5600399893907215,0.5625172761322346,0.5623540156836223,0.563163057695428,0.5621626515744047,,0.5613012511975134,0.5625610125900835,0.562941740238449,,0.5637690923305407,,,0.5617285542496998,,0.5636634864423694,0.5631169566093411,,,,,,,0.5160954524482236,0.5179863177455868,0.5155923780940874,0.5163441984907062,,0.5166673373633365,,0.5158762328168435,0.5179589490130362,,,0.5179570699112864,,0.517011819665503,0.5176894981236395,0.5177433174707271,0.517137554329139,0.5174227826532973,0.5175416466824133,,0.5174983177903391,0.5157216312670319,,,,,0.515645330979477,,,,,0.5166891935576451,,0.5156642945300324,0.5161251541204012,0.515504642951894,,,0.5169902010615328,0.5166940941480223,0.5160524319689783,,,0.5168823154923928,0.5159909708057097,0.5151158455550668,,0.5164137235148955,0.5167681015222003,0.5172015139644556,0.5158742307503265,,,,0.36787035795965056,,0.8650883687587442,,0.3386856234303514,0.33894752644658255,0.3388937920191788,0.33827462144459547,,0.878625660059295,,,0.8784620843243155,,,0.8792131661228222,0.8781348129810912,0.8823272814576021,0.8807888870016425,0.8805828802140903,0.8793310957844633,0.8769774383058326,,,0.8791831419657719,,0.8753144624645889,0.8790690528491623,0.8762130808633753,0.8774452036580405,,0.8765523066267159,0.8779157404204515,,0.8789445370025117,,,0.8788960992534622,,,0.8771051461730952,0.8783189345156761,,0.8789529636872998,,,,0.8793120811410851,,0.8770466711013771,0.8800340348702146,,,0.8779851351611891,,,0.8788317476578168,0.8725958302608481,0.8755706276106664,0.8775795981746288,0.8784645978090136,0.8768793999434914,,0.8790369581943589,,,0.8791803292290731,,,0.8796797151654306,,,,0.8764528696053384,0.8765328614301217,0.8747989892814015,0.8770504274290882,,0.8760437466632677,,,,,,,,0.5659248591139838,0.5655939722882276,0.5645960819554383,,0.5659274091913093,0.5651266617352327,0.5621301749377797,,0.5630776071154662,0.5621183729381304,0.5616709336845848,,,,,,,,,0.5623575229042242,0.5617778071151185,0.5636920102516983,0.564497296247878,0.5654051136342829,0.5646607526844023,0.5642594477901275,0.5651786768242367,,,0.564732116110203,,0.5667202703803368,,0.5646702172209519,0.5680462044788015,,0.5646618427001976,,,0.566207398814749,,,0.564689825544259,,0.5648455537866276,0.5665951416031384,,0.5669088252450716,0.5662845137286655,0.5652807342789582,,,0.5610049443820088,,,,0.5631977875448573,0.5626681517706127,0.5642667013434842,,,,0.5624183687274124,0.5615316802066905,,0.5617998299214932,,,,,0.5616096866345869,,0.5643401754801225,0.5644044895672218,,0.5625917003584057,,0.5637127081807485,0.5651921979743044,0.5615031280036564,0.5626576720214376,0.5671604542238029,,,0.5679316506825381,0.8862355718118682,,0.8829762573585901,0.8835901047200022,,0.40563283374263037,0.4060465548189681,0.405067557025102,0.405639880380257,0.4050755521200508,,0.869826868152731,0.5037367401277562,0.5587410123019229,0.3415264279364877,0.3405898285766971,,0.3374184934152134,0.3366454924803313,,,,0.3322323070104133,0.8608590352083043,0.3910856215063134,0.5761042900232572,,0.2984360015840659,0.6224370944481141,0.855763071634684,,,0.2180714083258658,,,0.21827036143176315,0.21876524729380076,,0.21776776487112182,,0.1360118038259568,,0.3272355585489995,0.3274961350509269,0.32802001674367176,,,,0.32764313218872715,,,,,0.32821232125464794,,0.32761175555199723,,,0.3280109338067928,,0.7000619722250981,,,,0.6980124841837974,0.684954601225139,0.8495014405834675,0.8468692475645049,0.8463907913457736,0.8474831162461909,0.025737779276860218,0.025760974070515724,0.02571439378815912,0.025781718934811532,0.7109278992432999,0.7117897399170464,,,0.4015457759649543,,0.4014138692326098,0.40173865736454856,0.40164202915205943,,0.40145933020639646,,0.40122165103177126,,,,0.40220295770259484,0.4008858056222507,0.4012191419677507,0.4018013035939893,0.4013654626639731,,,0.40329225875446445,0.40122711635345687,,,,0.40210843618198244,,,,,,,,,0.40144183942303785,,0.4018765984263578,0.4016758583106076,0.4010561552127114,0.40105665467745394,,0.4026593541852883,,0.40071096745950086,,0.4029742248630279,0.4019373265674644,,,,0.4013540453454494,,,0.4020853378922908,0.40087362883991084,,,,0.4017442870244553,0.40090125946760774,,,,0.5805892053595934,,0.5821911330259354,0.5835766788768163,,0.5825132240381364,0.5825211689565151,,,,,0.8805274851846975,,0.880089648192434,0.8812250498156219,0.8797637262998981,0.8805015923647599,0.8801494005844447,,,,0.8793355143180124,0.8781471741124883,,0.8759772580002142,0.8824577423766589,,,,0.5820966121194842,0.5842665908620749,0.5821054066567947,0.5832327401666785,0.5846986799240845,0.5839661814761026,0.5831664742928878,0.5820498596744181,,0.5717059497149259,0.572957217568378,0.5719114572739092,0.5718903467686667,,0.5707530243139721,,0.5718055806774465,0.5721958398365328,0.5710630843942082,,0.5709249247614514,0.5723783460551348,,,0.8781715941252229,,,,,,,,0.8817923861281296,0.8796861671516126,,0.8794099882564329,0.8751670196872077,0.5735416505920261,,0.5732050443174641,,0.5731909665260745,,,0.5828227328458718,0.5820273918924838,0.5822366144423003,,0.5829136251572887,0.5827884588881239,0.5838665922740811,,0.5833351014580388,,0.5828442977871137,0.5828409106737521,0.5836112805257178,,,,0.5830623509787634,,0.5818613472319561,,0.5811568608684471,0.582539979664231,,,0.584789440111606,0.5833712282254876,0.5816462859624328,,0.5738393100631602,,,0.5734314637604084,0.5731259279374613,,0.5726849615657273,,,0.5716993247604104,,,0.5716985465407993,0.5721844728340705,,,,,,0.5736060724544553,,,,,0.5721639936824138,0.26188547658707867,0.2611341787336302,,0.26136792625796357,0.26174921433611137,0.26118743483458345,,,0.5453517184229532,,0.5426289130242262,0.8589637701237466,,0.5673295833614801,0.567101302871482,,,,,,0.5680760874860351,,,,0.5680737774013872,0.5702664385651203,0.5678550627199869,,,0.5682368657634457,,0.5690447328271067,,,0.5673977983330039,0.5677726421113654,0.5683522174526514,0.5682465300647171,0.5671491067278931,,,,0.5669250626317229,,,,0.5683081497813407,,0.5670052865887073,,0.5673468565392779,0.5663621674319449,0.5662603881943166,,0.5675151506474684,0.5682368468144289,,,0.5680445608445404,,,,0.5681970540231118,,0.5686269216037073,,,,,0.5671168969444247,,0.5680652599437559,0.5671423965907122,,0.5682191194373136,0.5680766830371151,0.5687140994583343,0.567827935660644,,,,,,0.5692759200728333,0.5670507210587705,,0.5670336761661188,,0.5673560687391747,,0.5668675020815968,0.5685633530323932,,,0.5665513329653371,0.5699238344794334,0.5693185655153837,,,0.5672089712183402,,0.5684316196723808,0.5690911928172343,,,0.5690306454878076,,,0.5673399392671686,0.5700066651320267,0.5674187510473437,,0.5673313591958427,0.5689198706537428,,,,,,0.5668634926256161,,0.5669562113442398,0.5684625287229237,0.5662955460026026,,0.567194863446436,,0.5685007267512286,0.5669317272149201,,0.5665469865714216,,0.5667030312091106,,,,0.5675402548479576,0.5690043575771039,,0.567884627959509,,0.5662032880915515,0.5667752976046171,0.5669381494268123,0.5678261288261018,0.566714840890721,0.567496691285542,,,0.5687619387802194,0.567873546145199,0.5672363092229751,0.565836537412941,0.5678774319097973,,,0.5671334781505412,,0.5684876482110512,0.5684513739407442,0.5696613502318729,,,0.5696611673053513,0.5691298965169964,,0.5687106258898884,0.567264337248276,,0.5680434230713898,,,0.5680505614571596,0.5677650795313618,,,,0.5698100525310947,,0.5702494785802784,0.4987230077655199,,,0.7854236731582968,0.6896663113528814,,,0.7745522543748167,0.7098688776856339,0.7068549580659959,0.534313347680315,0.5356681828468888
8,24,DG_48pct,96,Z12_F02,12,SLG_B,182907,182153,True,5792.3736838542845,5605.160287452032,5558.173422501384,4803.153455898337,4783.606479356482,687.62290789537,60.83328141744349,2980.65151646534,3078.526767999079,3634.061281797796,3715.2474448875573,4384.561373035453,4.425018565348127,59.5578021164161,196.5542098478835,301.2618606425658,516.9351256471452,213.26769515494158,246.42788402350956,336.5394466870546,,0.7282690130288697,,,,0.6954926711821166,0.7636630645864955,0.5783289817106188,,0.5764384508725168,,,,,0.7146098560443076,0.7149565236735675,,0.542640765738147,,,0.5777765058331735,0.5787684226594081,,,,0.5770450503069353,0.5724256045178038,,0.5718244750305087,,,0.5750852943401285,,,0.5764974819961233,0.7888039029708063,0.5522458129354219,,,,0.5406409930443409,0.5383964310446302,0.5380861234433012,0.5396560187168252,0.5396161029152058,,,,0.5399611798742974,,0.5411546794706645,0.5410373955064913,,0.5400211477744195,0.5403069947726067,,0.540311523112385,0.7814099319532921,,,,0.7814299892000727,0.7818518926507487,0.7814509184670219,0.7808730387677434,,,0.7847410837119495,0.7842609787635599,,,,0.7823033226118484,0.783186113875592,0.7814073600081347,,0.7807587213156308,0.7801859200876304,0.7810452376061047,,,,0.7827101919191737,0.7815837357390353,0.783176691673664,0.49295295393081784,,,,,0.37068040302437116,0.3687467071531762,0.3719509650918146,,,,,,,0.8895738149521611,,,,0.8892219914007915,0.8915522936828547,,0.8865572238442742,0.8894418445642527,,,,0.8888100860903937,,,,,0.888208967327206,0.8895109038873074,,,,0.8860630771116675,0.889281971945885,0.889609632844445,0.8859008486173021,0.8910621278463243,,,,0.8912325022952579,0.8884236173923086,,,0.886272531177901,,0.8869451404984644,0.8891725903839269,,0.5650158328551721,,0.5648284072808748,,,0.5646957470648242,,0.564262768544719,,0.5628031444357994,0.564282297118269,,0.5644801488244777,,,,0.5656968263145863,,0.5645760521078166,0.5650773965243234,0.5650970093556336,,,,,0.5637060871395433,0.5650895000808978,,0.5625425318715308,0.5650744800925958,,0.5627988948606176,,,0.5648721252379673,0.5642119079395794,,0.5663376637593401,,0.5638441166989515,,0.5651106492715791,,,,0.5408652252278785,,,,,0.5395095704899142,0.5396817674181883,,,0.5398331163131734,0.5386671565316895,,,,,,,0.5391233778701077,,,,,,,,,0.5398996042491676,,,,,,0.538666356702851,0.5395875587025456,0.5404950682748213,,0.5397442752318817,0.5388623135731831,0.5398103395970473,0.5409715677599093,,0.5392628373713497,0.5387493806989703,,0.5401269451964844,0.5384862912835563,0.5400509335091742,0.5387619906912582,,,,,0.540078239555817,0.3861366907008862,,0.3870973476596891,,0.8709173949384151,0.3576757561479501,,0.3591608377083511,0.35960953276366203,0.3594958915555565,,0.8841568173154257,,,0.8851083278480368,,,,,,,0.8823364351008735,0.8845892514158805,0.8820865352860402,,,0.8811663683104191,,0.8824493232579481,0.8799843291790945,,,0.884147252610629,,0.882785516549323,0.8830666474787847,,0.8849674164304419,0.881730784464866,0.8838786758615039,0.8820133090925889,,0.8792173311467789,0.8822946279243792,,0.8844341990245468,0.8833791725042645,,,,0.8810837328911396,0.8817669464209846,0.88170992233248,,,0.8810508523391429,0.8807423829888777,,,0.8810132626500813,,,0.8784290818834622,0.8798903414035232,,0.8799295477966084,,0.882464397581791,0.8832045255849056,0.8830697725026445,,0.8846103777276558,0.8834355020724874,0.8816942434918175,,0.8822973236688763,,0.8828618459514476,,,0.8798877591131035,,0.8820646839700895,,0.568914103899227,0.5691070477766311,,0.5688388466645331,0.5690860058685036,,0.5683374339443156,,0.567129206664519,0.5673591150567688,0.5661951185080569,0.5643915215228055,0.5650103365594492,,,,,0.5631002460739051,0.5648562824814991,0.565745003203457,,,,0.5655563633132643,0.5636616409021028,0.5695625784747359,0.5682686372227015,0.5674287365228725,0.5686756899293889,,,,0.5680637519176761,0.5677670467427115,,0.569417356092528,0.5676839090048827,,,0.5685562264508635,,,0.5693685025475572,,0.569941862131366,0.5688456610013279,,,,,,,0.567249350632913,0.5681957281832987,0.57064143620337,,,0.5659580214662129,0.5650933518483557,,0.5649772307247071,0.5659537535899593,0.5660513487806538,0.5662112767863625,,,,0.5648804231172442,0.5655571048631085,0.5650456009861661,,0.5656850114849722,0.5645809164845912,0.5657363247706662,,0.5649264235764428,,,,,,0.5673641494261291,0.5653751426222585,0.5653856634419864,0.5657233987724777,,,,0.5865044114122677,0.888029480897655,,0.8865891849150486,0.8858153974090189,,0.42435484184887495,0.4254331066664258,0.424257872621858,0.4229618990015677,0.4233020081555251,,,,,,,0.3596553761113963,0.3565329380026047,0.35701589050374605,0.3560694675472949,,0.3521822221639,,,,,0.8628308419906461,0.33260772881795386,0.6212389685467361,,0.2906873494328714,,,,,0.25678279967891293,,,0.2567167589521114,,0.17952439843021528,,0.32483991787570743,0.32473835232395337,0.32564473701814667,0.3252968979808103,,,0.32538941130198834,0.32605531541634336,,0.3261263075316572,,0.32564355310648296,,,0.326350525876133,0.32581300834386684,,,,,,0.6996709905087978,,0.6876362820747214,0.8597285264306512,,,,,0.018471067016741755,,0.018514533651188547,,,0.7141610397578987,0.7136093014708611,0.4062578880087671,0.40605089255794474,0.4057654399251422,,,0.40661533162541275,,,,0.4066077305412131,,,,,0.4068115444913858,,0.4072637016730048,0.4056244210205833,,0.40643667285176455,,,0.4057562194646116,0.40577826132154887,,0.40581286475091727,,0.4060241150550141,,,0.4046993480730717,,0.40567529787413786,0.40554314981328093,0.40572292371163604,0.40592151532364207,,,,,,0.4063059720662568,,0.4062504797808131,,0.4064024410814353,0.40682339469510054,,0.40659232375251875,0.4059383228683157,,,0.406275836154677,0.4065218871991269,,,0.4057214465394455,0.40639171335236446,0.40686719445885133,,,,0.6005757690754127,,,,,0.6018982171443017,,0.6012982901321829,,0.6004563893459909,0.883716804205463,,,,,0.8837454856852558,,0.8799493056717312,,,,0.8826907036426047,0.8813569657707335,,,,0.8828663666396416,,0.8822367542990522,0.6028726265099191,,,0.602233347999552,,0.6010443023998127,,0.6014485817847683,0.576611614856826,,0.5765562071631428,0.576752858314061,0.5774800775349598,0.5751028408489957,0.5765301325681248,0.5748935521347638,0.5768810233710898,0.5760786430485918,,0.5763023019564599,0.5758081436020845,0.5757837488241527,,0.8814118652655359,0.8784784669439918,0.8815561984684752,,0.8832458999139524,0.8818122514982122,0.8828402075172836,,0.8812430360806544,,0.8839739534069861,,0.8792555303164897,,,,,,,0.5756865757233722,,,0.6016408039518013,0.6009846263084911,,0.6018241357188686,,,0.6003043867547542,0.6015625977687172,0.6032502590658877,,,0.601481146641241,0.6017166458110386,,0.6018468726577872,0.6014262181779875,0.6008666145826145,,,,,0.6021012995480837,0.6028293292599914,,0.6022281765946006,0.6018537986549666,,,0.5782399432697763,,,0.5774427739762037,0.5749343699145667,0.5779178301212055,0.5775086567496741,,0.576382191846706,,0.5770567956422803,,0.5763898614226473,,0.5758230960842649,,0.5743614194005531,,0.5784607016753612,,,,0.577200195000093,,0.27854653433564547,,,,,,0.7016378279751125,,0.5544858899809457,,,0.8603399701644763,0.5775986339793809,0.5765502936672325,,,0.579617891213941,,,0.5774642033882549,,,0.5777114380325893,,,,0.578101271539646,,,,,,0.5767721780535993,,,,,0.5778136086460058,,0.5779737661318828,0.5771423200489669,,,,0.5784564128272053,0.5792360370637946,,,0.578152587897501,0.5776580052551533,0.5786846282935203,,,,0.5777585909983375,,0.5784175774190974,0.5776571125926689,0.5769127996825397,0.5791006369856604,0.5782962696359719,,0.5769600146828362,,,0.5775859790265256,,0.5783599908671447,0.5784802260424858,0.5777255795021075,,0.5780798139509127,0.5756631570435173,0.5784086562825512,,,,0.5768070051574864,,0.577149286420781,0.5774105980061398,0.5752131614258568,0.5775740580173029,,,,,0.5790668685053921,,,,,,0.5777749586984202,0.5778375483988796,,,,0.5778807049740743,0.5786660423825505,0.5793512096841645,0.5768398732594068,,0.5772210779327935,0.578362370135417,0.5793345463934461,,,0.5776496349654716,,,,,,,0.5776846315773231,0.5778867835830428,0.5754459103691918,,0.5764701271440649,0.5786477931002685,0.5782109572865579,0.5777728906815213,0.575756366772847,0.5776157705636189,,,0.5780336568503687,0.5779330895907733,,0.5778844491007902,,0.5773056585357909,0.5777646606698275,,0.5766450487430788,,,0.5782807159719658,0.5775083118839776,,,0.5757882118387888,0.5768503898326224,,,0.5766267746305331,,0.5779730935493765,0.5770192670741631,,,,0.5792123074502605,0.5780801287032874,0.5759992166168775,0.5773951828792093,,0.5773037174427637,,0.5761826077013203,0.577803867701978,,,0.5787304160844617,0.5778513082253166,,,0.5765060080997468,,,,0.5764831303965512,,0.5786127475786808,,,0.5768610072976367,0.5776387669913537,,0.5113320686063235,0.5121747720458466,0.5117497573111367,,0.696545403168607,,0.7713448306945649,,0.7145088491983916,0.7157070711376056,0.5417372675935753,
8,24,DG_48pct,96,Z12_F03,12,SLG_B,235187,232294,True,5764.981984363619,5624.951417925053,5578.54922558568,4834.7950079414695,4764.541342862268,694.0860873509522,60.62891141834052,2946.2363921177657,3063.8293945048595,3692.329574708581,3722.9496787873773,699.1381145703353,4.581797121672579,59.774300619123316,195.27082258214585,298.17957554198296,515.6287633138968,212.70661781308698,245.21919206256922,343.29772716860975,,0.729287130672496,,0.8148325613094028,,0.6960024597256308,,,,,,,0.7717629748501007,,,,,,0.540646775517239,0.5419750164709645,0.5796242923044937,0.5792440382082684,,0.5750647753547139,0.5768348656686644,0.5783527120566582,,0.5733484402984974,0.5718544545592786,,,,,,,,0.5512062601479282,,,0.5419018733757833,0.5411069334569071,,0.5408351641271254,,,,0.5411886111205395,0.5412970250924913,0.5403788936919409,0.5414406614693835,0.5409267085796343,,0.5403318521555751,,,,,0.7789739216342071,,,0.5175054989372803,,,0.7839628456528355,0.7800665160308099,,,,,0.7803905183996012,0.7810656035729802,,0.7815411823049023,,,,,,0.7794359288379965,0.7823346287752496,,,,,0.7835515134612828,0.4943681845490533,0.49238691880424723,0.4940345548850748,0.5379867952991637,,0.3704336612362558,0.37085003392009674,0.3721565799697657,,0.37060937322175136,0.8907871443599351,,,0.8905631013333932,,0.8893214543969405,0.8889155665816614,,0.8902996233910908,,0.890217597016506,,0.8898290136518382,0.8905307301225475,0.8901108087452327,,,,0.8882714269868814,0.8900674258688337,,0.8907652940471418,,0.8880784649560072,0.8893931838252471,,0.889696040312094,0.8901539441593883,0.8888032977437813,,,0.8889719715115492,0.8884527992321875,,0.889788407126936,0.8901953915754138,,,,,0.8870694639303172,0.8906662921652613,,,0.5631465554191104,0.5649109030250554,,0.5653088570180125,,,0.5652893547521374,0.566647019338159,,,0.565796034290135,,,0.5645603477628613,,,0.5666339492776538,,,,0.5634702363425611,,,,0.5644682733598898,,,,,,,,0.5650373083855385,0.5649939838543349,0.5644280889826945,0.5658760742895752,0.5641660499652781,0.563412026110987,0.565146532528487,,,0.5637425576180243,,0.563877854419549,0.539729096972316,0.5419941837063968,,0.5396501924769055,0.5404327400294124,0.5414393288925128,,,,,,,,0.5415200278079069,0.5407876910316969,,0.539360319862274,0.5404724296025787,0.5395616660811072,,,0.5404570472627133,0.541158187477872,0.5408100942422753,0.540872564190014,0.5396837698819116,0.5393075078554244,0.5409013296415212,,0.5415366206637444,0.5408802951394471,,0.54007040853764,0.5397213923510112,0.540402705987266,0.5412771132544729,0.539574789746152,0.5414649772777033,0.5393868318857592,0.5408280769317653,,,,0.5392946661611856,,0.5400343394736283,0.5394176588678853,,,,0.5408573372721854,0.5400782004337598,0.5395710828564342,,0.38768258117194665,,,,,0.3596976868529858,0.3592401329549343,,,,,,,,0.8839213834151305,,,,,0.885559747408067,,0.8854793096830949,,,0.8820936060772688,0.8846464811492869,0.8823972780552882,0.8816395815755558,0.8852022002987113,,0.8851216639248987,,,0.8849233135165951,0.8843414279266982,0.8816640964994023,0.8824364419156762,0.8855377936229911,0.8826106663278614,,,,0.8820823011111639,0.8837956296690764,0.8825009902101726,0.8830081852379196,,0.8820946066499321,0.8814271157300355,,,,,,0.8849157657956804,0.8818800353933759,,,,0.8795552721919722,0.8821972282930997,,0.8814088970802424,,,0.8846561902641847,,0.88157839293069,0.8832131371448613,,0.8821459003740215,0.8826848382459173,,0.8824361482368727,0.8839204118608529,0.8834125921197034,,,0.8808993405205702,0.8822059948889406,,,0.5683251629699633,,,,0.5697265280743137,,,,,0.570145103538333,,,0.5667776594427987,,,0.566371304594779,,,0.5659973102667327,0.5640069049039538,,0.5646252953220166,,0.5647329189235035,0.565441912898973,0.5630090816398201,,,,0.5698360897667456,,0.5693290253098183,0.567382417269885,,0.5695488167826603,0.5683887054260118,0.5703806494797591,,,,,,,0.5702503145791724,,0.56936726817363,0.5685492872187967,0.5695078252309942,,0.5672508139865615,0.5700225527239081,,,,,,0.5688378033325348,0.5647253534772723,,,0.5654611159031822,0.5640742281500221,0.56429462563665,,,0.5657826778551979,0.565098806362868,,,0.5639683473565394,,,,,0.5639882719226136,0.5641422630138795,,0.5651731630796017,0.564748527187995,0.5656598871799147,0.5659649931628988,0.5659803645726658,,0.5664328311382018,0.5666676762212638,,0.5885752572758476,0.5895400132444405,0.5878639406876485,,0.8861107579717704,,,,,0.4254346978761324,,,0.42510677803895364,0.42610497714841156,0.4252031422270832,,,0.5611469511797942,,,0.3604969258944232,0.3586135043546487,,,,,0.35451325308153786,,,0.5746055356058587,0.8643769632482062,0.3313676664213419,0.6191065582668744,0.8658131493999096,0.2887567370011833,,,,,0.25481525300165675,0.25517668897634793,,,0.6530982879091056,0.17633263580946754,,0.32533977445109713,,,,0.32480626795396633,,,0.3255340418617238,0.3245520313010717,0.3257355706773949,,0.3246398338645277,0.3257851231338591,,0.3256350492740489,0.3257330677804653,0.3256504993440132,0.3246663885719763,,,,0.6966470303553907,0.6968728879731235,0.6828888303139526,,0.8593614674892657,,0.8583112329648237,0.0698124571597031,0.06999839948698357,0.0700124088618053,,0.7072437229406426,0.7085236766249189,0.7091711138096376,,0.38722890761969275,0.385959794873457,,,0.38711391656403066,,0.3874431864979204,0.3866328088911038,0.38800517891211456,0.3885415219688547,,,0.3866516531133184,0.3866130328762485,0.386498818866021,0.38760772416183875,0.3867967545290366,,0.3872430626994461,,,,0.3870389841048423,,0.386333291493595,,0.38591177282688865,0.3861869173060009,0.38688694586207195,0.3868950454102494,,,,,,0.3868824981242194,,,,,0.38576127463623605,,,,,,,,0.38701363175577647,,,,,0.38714293795559723,,0.3877194911014647,,,0.3868283993011909,0.38703978430784763,0.6026055808553068,,,0.6031437149345049,0.6031015313793983,,0.6012551474883324,0.6025255273040164,,0.6023066223032822,0.6013663098499066,,,,,0.8850213920411434,,,0.8831887990412551,,,0.8801506393237855,0.8830034187379452,,,0.8859479678124635,,0.8810088892251305,0.885273851151639,,,0.603400911452626,0.602104178143039,0.601472505852747,,0.603225868983115,0.6029968088399583,,,,,,0.5773932743837284,0.5762350516177838,,0.5758757454740238,,,,0.5759292441522986,0.5764589152234919,0.5748074834150841,0.5768983148078151,,,0.8805755661891153,0.8804944112887498,,0.8854257925997255,0.8834709716103127,0.8846249609542797,,0.8862745935492765,0.8816947680732115,,,,,0.5750959171851986,,0.5773785421935049,,0.5760436556722501,0.5779286264405428,,0.6029982647535241,0.6044898805199497,,,0.6025573443985763,0.6016156820459267,,0.6027182438255465,,0.6024341142006551,,0.601749333639522,0.6042529047951926,0.6020793045689184,0.6026341821581613,,0.6032963364526605,,,,,,0.6005893413841522,,,,0.6037959127741606,,,,,,0.579711618848407,0.5775354405166901,0.5769899839593194,,0.5768596532044614,,,0.5769477122515314,,,0.5759052184306006,,0.5769200579649456,,,0.57635873784436,,0.5777745138965822,,0.578069419912245,,,,0.2796328371691482,0.2796301982479396,,,0.7032412223638141,,0.5561744298976538,0.5546472801510396,,,,0.579784630144571,0.5776375486591948,0.579203383013459,,0.577032226710521,,0.5791597970923161,0.5774350061814487,,0.579715631787312,,,,0.5796312981039455,,0.5777740321875509,0.5766876098027248,0.5776071050432352,0.5783557517847565,0.5776214740046012,,,0.5797011678729536,,,0.5782694465512216,,,,,0.5788139550203517,0.5778371430358179,0.5777953878771334,0.5785814070870977,,0.5779287848137703,,,,0.5793078117298284,,0.5774297287446806,,,0.5779278282951096,,,0.5775095855614274,0.5805930709464172,0.5780435155063839,,,0.5779679218212426,0.5797338797350412,,,0.5789826432677565,0.5783637075715762,,,0.580810592405131,,,0.578173372363538,,,,,0.5803276335962091,0.5776476383798582,,0.5769554258427156,,,0.5778937435705216,0.5769249167238661,0.5803548322578608,0.5794150437631377,0.5787865045467339,,,0.5778581051577057,0.5780371625194859,0.5772708346836462,0.5779876014414517,,,,0.578752419972415,0.5784615050851913,,0.5775458673989666,,0.5777401617283762,0.5794599477586132,0.5789906309486488,0.5791561941463423,,0.5770124672007161,0.5787257991367074,,,0.5783554230631968,,,,,0.5798703970006964,,,0.5788452647253284,,,0.5781305669874858,,0.5780669418845464,0.5786354290439362,,0.5786306695085545,0.5769144692119252,0.5772144306111306,,,0.5798040668785256,0.5780612870030291,0.5761719092623796,0.5773635766732165,,,,,,,,,,0.5787947126008786,,0.577581640347586,,0.578609607764897,,,,,,,,,0.5778855583815117,,,0.5779317321753953,0.5775527025552799,,0.578447471251252,,0.57789763875191,,0.5807751111851642,,,,0.578666146902459,,0.5780974945886395,0.5793370263748302,,,,0.7870759157033399,,0.5330588932804079,0.7687056902074114,0.7694055225058078,,0.7162311638795796,,0.5424903427208684
8,24,DG_48pct,96,Z12_F04,12,SLG_B,175091,182017,True,6210.312791116902,6031.5022401777605,5988.52648680946,5272.360717942947,5209.253044924398,640.540295608611,54.78584959218933,3878.5154830501488,4012.984112246569,4686.809187161768,4746.368851535521,508.5069044623219,4.38566931913048,60.151502892315726,195.67860816024495,278.75744792471073,466.0289938938399,190.1085408758958,223.33427297242605,433.96061941991485,0.6934654650586529,0.6939951168370418,0.6926974979741569,0.8212929439311659,,0.6771995339510778,,0.511256645951162,0.5115280589163501,0.5114113134512165,,,,,0.6630135665260488,,,0.5063486205492954,,0.5067558978792256,0.5107922351124577,0.5127109848194595,,,,0.5103719021432565,0.5096665875863909,,,,,,0.5118086763065793,,0.5114059520241554,0.7837076508314454,,0.47657852304052434,0.47752541578276764,,,0.46152891215865033,0.4618447022831368,0.46134252435440487,,,,0.46134762575054683,,,,,0.460186464870249,0.4602395985503452,,,,0.7737454683465667,0.776312787016697,,0.48333956139856515,,0.7763888255969038,,,0.774501372614003,,,0.778507996711394,,,0.7783308053741128,,,,,,0.7762387035295298,0.7734613246833717,,,0.7738403979010122,,,0.7764638629867694,,,0.4041828615960193,0.3830518267915967,0.2830707840546153,0.2832015657438935,0.2826894548305645,,,0.2841053313324729,,0.8415443315445968,0.839569408820471,0.8402747475191219,0.8420591004587099,,0.8396397129352228,,,0.841272492697479,,,0.8370645415025421,,,,0.8394327354453018,0.8406939016970341,,,0.8403952186998266,0.8416606781508555,,0.838152692433065,0.8404562555539865,0.8403239854767354,,,0.8397605414324728,0.8408097295177495,,,,,0.8410263348553193,0.8374152896563564,0.8382928485596236,,0.8388852933620619,,0.8405374842100605,0.8392588293045206,,,,0.5771986871575203,,,,0.5763672339345524,,0.576378889061243,,0.5750290668036605,,,,0.5748566437979391,,,0.577214123177872,,0.5775981117218434,,,0.5759826560721094,0.5760189335868052,0.5750979648177038,0.5771394652436784,,,,,,,,,,0.5768801328741219,,0.5760816039174554,,0.5763720470070461,0.5746623148361601,0.5749498260191472,,0.5754569349396987,0.5768531661953281,,0.3853992452670411,,,0.3858102088929725,,0.38489183057515786,,0.38549312274969605,0.386963283181365,,,0.3869032007711998,,0.38600295468559137,0.38521286140912475,,,,,,0.3866587519846971,0.38394254862391725,0.3853347811172598,0.3857400566187652,,,,,0.3856806332319152,0.38560780281058443,0.38612139188374384,0.38585005711062575,,0.3862137169607909,,,,0.38507638696360186,0.38506573652256065,0.3859240912812154,0.3851733454092333,0.385047347566865,,,,0.3852973885250843,0.3853674068762295,0.3844307125839875,0.38472567276335395,,0.3855719973442928,,0.2952157909816141,,,0.8353485850578876,,0.2748934292752047,,0.27463872861489097,0.27494269211848177,,0.2745983734243999,0.8420188742099957,,,,,,0.8410681541260483,0.839962643945195,,,0.8404388904383914,0.8448557348530802,0.8402182436833887,0.8424700924963593,0.8411989540526116,,,0.8414484259594752,0.8437285626821853,0.84126635591969,0.8411774367301896,0.8407655353168583,0.8433831341330132,,,0.8413430636534122,0.8402241964765491,,,0.8408241181646744,0.8417048395395877,0.8397823157648256,,0.840289848775668,0.8418566049284167,0.8386952072542939,,,,0.8416423541355145,0.8381522306401437,,0.8395307307593597,0.8396304991699757,,,,,0.8416529252119618,0.8417211066175563,0.8415159669042249,,,,0.8381722866160234,0.8392903605349945,,,,0.838313816831613,0.8400722725374803,,0.8396682077429886,,0.8367261453335542,,0.8389726474668069,,0.8380825400461035,,,0.8398378463847863,,,0.5697399473469088,,,0.5699060731807083,0.568878104113276,,,,,0.5684717803876945,0.5698056047144343,0.5674335532609805,,0.568306525741298,,,0.569267162075229,,0.5703052801180232,0.567566452058464,0.5669114482484988,,0.5667396875879158,,0.5691421729688034,0.5689256723845835,,,,,0.5673969799223305,,,,,,,,,0.5699199332703929,0.5700652845546177,0.570731959054783,0.5707412470672668,0.5688393137415922,0.5700034230337291,0.5695755881494603,,,,,0.5707740719196839,,0.5692724852745044,0.568940511578447,,0.5659674059755126,0.5674474173513145,0.5661641399203551,0.567736483931544,,,0.5687194096472818,,0.5676847813695359,,,0.568954910233582,0.5684213786774843,,,0.569975962246227,0.5679316461507553,0.5682168300935543,0.5685884235257258,,0.5683294299997989,,,,0.5686421277099495,,0.5671243913492807,,0.5700684160641604,,0.44993443443530456,,0.45240556772168594,0.8451473442748135,0.8457184226925559,,0.8467861624182274,,,,0.3302604908436406,0.33034609560208206,,0.33169228860981614,0.8291753000095666,,,,,,0.2714108043211595,,0.2715170529975828,,,,0.8152804766453101,,0.6000200394707913,,0.10487282310894804,0.645493393342038,0.8242984573150158,,,,0.002692635441354554,,0.0027008473500977773,0.0026851411536491752,0.8219654479404022,0.002262624929070608,,0.016700994107616784,0.01666700739026707,,0.38868646276178315,,0.38917652565248473,,,,0.3892629923290827,0.3882534707829308,0.3887941645213171,0.3903138507729171,0.38967081223456024,,0.38923642102484846,,0.3884513131927619,,0.3914008506057641,0.7095219921356816,0.7114761921504448,,0.7105455799586802,0.7093291318741872,,0.8057001726965242,0.8057058814281653,0.8058519409718857,0.8071501184218841,0.04637098558924185,0.04636738158653609,,0.04648247372241563,0.7186712085686308,,,,0.3975426136449077,,0.3959916595850677,0.39647340516766244,,,0.3973150327758543,0.3966345040645783,0.39694852233103795,,,,0.39662714565885776,0.3961485127490703,0.39746020445305424,0.3961337820366984,,,0.3969730156683639,0.39591439861962846,,,0.3966553374800856,,0.3956321773977695,0.39662009746414095,0.3976094393163122,0.39526254798332905,0.3958657724567709,0.39664411225959106,,,,0.39758031251402026,,,0.3964349116023062,,0.3976739653775317,0.39638501008413457,,0.3958988251525061,,0.39787967144567926,,,,,0.39590264529572217,,,,,,0.3971752134719929,,0.39606279620774976,0.3961473364646415,,0.39656392187961936,,0.47277939828421855,0.47168134763246594,0.47235910796519137,0.47289120071398005,0.47270206376248486,0.4736090634541145,,,,0.4718977067175284,,,,0.8445290356693093,0.8460901813127573,0.8467883414904355,0.8450054353879518,,,0.844532250797227,,0.8427934261484984,0.84573284510722,0.8455326661250614,,,0.8445621410281116,0.8449068938903531,,,0.4731105714199167,0.4732928428708447,,,0.4717523638281164,,0.47275634403633404,,0.5728815183071794,0.5727548241348169,,,0.5718178067176374,,,0.5726695946259649,0.5716946800135256,,0.572741477519343,,0.5728481671317696,,0.8458883753922614,0.8450469865451183,0.8427572452793146,,0.8462870705705714,0.8469006823204016,0.8450724897240112,0.8466805633627675,,0.8464120737836797,0.84528684015032,0.8447737172329368,0.8316214343481995,0.8410471759862335,,,,,0.5734127622743669,,,,,,0.4739347227904243,0.47309776584472135,0.47365077441829767,0.47356703715783816,0.47355960100564337,,0.4741464836347203,,0.4733466365389141,,,,0.4736815808291141,0.47312988293450736,0.47349886381789746,,,0.47279591082602607,0.4734434461534114,,0.4746215538331168,,,,,0.5718075629449032,,0.5722332396813583,,0.5723003667580351,,,0.574557101134043,0.570212680754073,0.5743626508869729,,0.5728106641644554,,,0.5734690563032666,,,,,,,,0.5738500127006483,0.5743721347297921,0.5734452732545574,,,,,,,,,0.6750945520230214,0.4806245555204768,0.4797226670932915,0.47927128790337503,,,0.510676473611417,,0.5110357272280572,0.5103200365851065,,,,,,,,,0.5100767455627241,0.5114555815500289,0.5100540432848296,0.5099949231674559,,,0.5103003254904293,,,,0.5112143200071002,,,,,,,,,0.5111762980117713,0.5097369414898728,0.5112069153186094,0.510440612930445,,0.510379725976716,0.5118299274819381,0.5111470017785306,,0.5101886960601075,,0.511583234794002,,,,0.5101674473834261,,0.5105537797223845,0.5123404161341039,,0.5122372123706741,0.5097349131797932,0.5110527383824607,0.5099241297105169,,0.5105597593496553,0.5126579172566177,,0.5117400653160606,,,0.5101581158957209,,,,0.5120970669039956,0.5122656495762644,,,0.51308163975226,,,0.5111100971936523,,0.5105947026647544,0.5116691571770948,0.5105949019307037,,0.5115890617658883,,0.5119146788903869,0.5109980280766543,0.5110969232835887,0.5104202458063359,,,,0.5104063103578795,0.5116366247414824,0.5129485143214109,0.5108675359197526,,,,0.5102608390589166,,,,,,,0.511694337225371,0.5115361886969642,0.5123715751610097,0.5120623116711147,0.5105399012965084,,0.5116494520872765,0.5116703224602185,0.5123149091711008,,,,0.5103244104879355,0.5102885123539702,,0.5122091385263068,,0.5109184546175262,0.511419826376423,,0.5127491978395317,0.5117406562765409,,0.5111578704674604,0.5107557909871173,0.5105065841422118,0.5104569712640574,,,,0.5103737377439477,,,0.5094897812078543,0.5108607389814942,0.5122759270286152,,0.5112471132190299,0.5117734573712376,,,0.5097218319277903,,0.5110457061227192,,0.5106280439156421,,,,0.511234734666392,0.5110785676761673,0.5114634768894759,0.5098129697291127,0.5114141266527191,,0.5105555372889629,,,0.5124384167338863,,,,,,0.5105383398866726,0.42901939654946114,0.4259176242059546,,,0.6332960766417041,0.4997539454191622,0.7728108276792136,,0.6612404291547217,,,0.5076009365730483
8,24,DG_48pct,96,Z12_F05,12,LL_AB,175090,182024,True,3851.2491794508087,3806.396858211099,3773.774807960835,3810.74862227237,3803.904575928851,465.40580513375613,42.98727423264428,3906.303327733523,4097.183036190933,4868.079976643029,4948.777702355991,422.38909334793254,1.864787792640812,57.68030079440873,188.9423594948463,202.3074594566419,333.9423185958306,138.61506730834822,178.56569605043055,313.9679705711293,,,0.7484042543517426,,0.7474283138301225,0.7840577131476084,,,,0.6111366582276894,,0.7292701670228571,0.7291146035032703,,0.6082185971154509,,0.6066414202145385,,0.6828856346080285,,,,0.6114874031226866,,0.610786706754492,0.6091708911330459,0.6042260320084378,0.6041717807225494,,,0.6119743228711729,,,0.6098762300596405,0.6124670037394205,,,,0.5824231538611535,0.5787265910030438,,,,,0.5819684916160972,,,,,,,,,,0.5806727254456566,0.5827020627395807,0.5822189592168452,0.6898132939165769,0.6896801807233173,0.5556278649978517,,,,,,,,0.6852910009713522,0.6862410021406521,,,,,0.6874268749817378,0.6869172260496734,,0.6884932546318205,0.687668201494208,,,0.688220819947071,0.6872795419467367,0.6869520096831082,0.6876119091711536,0.6890562087760592,0.536942377358888,,,0.3130462694414179,,,,,0.35858609503875527,,,0.4890478982829617,,,0.4895337426534514,,,,,,,,0.48870279755992,,0.4887682711924226,,,,0.48764563325220484,,,0.4879369861453955,0.48919436241490044,0.48907747265072554,0.48783909339236814,,0.48828435977294854,,,,0.48728388791111127,0.48933344027258385,,0.48962152758960553,0.487184741227329,0.4872360313545146,,,,0.48720093954836385,0.4871361674260605,,0.48845094301039055,0.5487484674610265,,0.5492865678125413,0.5481090919587089,0.5502556723388237,0.549019086379436,,0.5468917153156673,,,,0.5486508277139417,,,,0.5493125192095424,,0.5480789165524345,0.5486698775802067,,0.5485719687716403,0.5487153821584831,0.5484422563471795,0.549076342782572,,,,0.5475438569047845,,,,,,0.5468398464668861,0.5485182747292972,,0.5487769259005613,,,0.547987023070613,0.5478830007886168,0.5481513204326676,0.5478628324839214,,0.5490158963986748,,0.3142863262764605,0.31542474533350084,,0.3151752567723108,0.31554441166742725,,0.31551562156140955,0.3151241157199912,0.31495202853389354,0.31526002277272147,0.31561324556407877,0.31556969260950235,0.3151273694137967,,,,,,0.3147766292322067,0.31486004675483553,0.3169303883618744,,0.31468811621575116,,0.31462833909562393,,,0.31499360085163414,0.31523371415172835,0.31641313909509744,0.3150022336464814,0.3142470058378696,0.314727716268293,0.315513597564295,0.3148217851195841,0.3153735112649536,,,0.31448481655467286,,,,0.3154686116138112,,0.31495309713242364,0.3159141880615909,0.31539754804489195,,0.31539154977686334,0.3143939034868514,0.31585454398864643,0.31473942784028913,,,,,0.46162685300583883,,,,,,0.3449772841592764,,,0.5307705127843654,0.5307204076195046,,0.531797145542941,,0.5325806380501761,,,0.5306595587362835,0.5318557190726944,,0.5326463752582101,0.5309459377495042,0.531246695497575,,0.5292808131509715,0.5310588109742438,,0.5322183927797991,0.5315567017483022,,0.5318126505929484,0.5322562354457955,,0.5327082876199166,0.5293035378970004,,0.5304055197266933,0.5305760635027514,,,0.5315315363148179,,,0.5298875630509625,,,,,,,,,,0.5163827593016679,0.5182075079116273,,,,,,0.5170036688077613,,,0.5188253921064635,0.5176120112466615,0.5176869906663694,0.5193546282143356,,,0.5193739760287867,,,0.5193745319826587,,0.5181420346467156,,,0.5175732056264951,,0.5829625700858673,,0.5832059848985157,,0.5832524862037338,0.5817488824340252,0.5818855308949291,,0.5825318251029437,,,,,0.5741222288896444,0.573505394398667,0.5729568756241539,0.5746769772692948,,0.5735131135995741,0.5737836019678155,0.5738128830508475,,,,,,,0.5835487531012512,0.5828282781420259,0.5836447200190811,0.580434911368239,,0.5829952968610267,,,0.5836942702375122,0.5837057898662469,0.5829706835026757,,,,0.582304015924494,,,0.5832750806173199,0.5825006471943428,0.5844787984868671,,0.5836908235364698,,0.5847376774556756,0.583629338576697,0.5829691507360784,,,,0.5831028081022358,0.5743703385684681,,0.5727878255991965,0.5725630397354852,0.5725652568012254,0.5727016841516833,0.5726444763171666,,,,,0.5734029634328693,0.5735860819757256,0.574548009918261,0.5750719081694508,0.5738981994175241,0.5738323642633079,,,,0.5727210665164741,,,0.5737799218824122,,0.574063034526759,0.5734932922008944,0.5742951935568419,,0.3856881123903944,,0.3849509207789375,,0.540546836640141,,0.540165980244236,0.5401137209945178,,0.4223937127112676,,0.4225979514067803,,0.42313378879960223,,0.46674568714617465,0.3047661139827329,,,,,0.34076994503807995,0.3412743552351396,0.3412609506490922,0.3326762850488754,0.33253326160340774,0.33237231349390495,,0.18625038337231795,0.4915530483212315,,,,0.12302041653590795,,,0.04268262179552321,0.04281808649524261,0.04265832220076382,0.04258676407368374,0.04284621809435862,0.07174934828596238,,0.5074750438600728,0.02207354238549201,,,5.8559693801632776e-05,,5.843972228448993e-05,5.8315704247650484e-05,5.8381451069447604e-05,5.863602531577513e-05,5.8645875519999576e-05,,,5.8398298105804106e-05,,5.871507238409081e-05,,5.863053387415597e-05,,5.8476004433572975e-05,,0.4877273326597993,0.4886175637135334,,,,0.4978659927068559,0.07837936133597657,0.07836599221454527,0.07843085656263808,,,0.06762192371755323,,0.06739650113401996,,,0.4763407663843925,0.4787853887135368,0.010979170709911404,,0.010999946418850652,,,,0.01099105059080815,,,,0.01100180227501209,0.011017132256856516,0.010982086699392669,,,,,,,,,0.01102440395569191,,0.011004155726472517,,0.010994099372120017,,,,0.010963106006695464,0.010990385559344944,0.010957331326835145,,0.010971800120986648,,,0.010985099975057302,,0.011002200492577482,,0.010997466773841247,0.011006048433584024,,,,0.011024944741805357,,0.01098858914232294,,0.011009701626479103,0.011008008954143373,,0.011029360631042167,0.011003492668384048,0.011007520316770289,,,0.011032580019474027,0.010998389087940779,,,,,0.41139553611022983,,,0.41070061923369927,,,,,0.41141390956662727,0.5595677829065804,0.5591558303168528,0.5583637573148552,,0.5582301111723911,0.5603512869732045,0.5600729636048343,0.5595796603071289,,0.5581876729841087,,,0.5585295456578544,0.5589739842591628,0.5586160464163528,0.5592002112343307,,,,,0.41113483369252873,,0.4121817749624915,0.4112174635573578,,,0.41161232965768957,,,,,0.6036174474560326,0.6030915036421054,,,0.6039731115529076,,0.6026051164956584,,,,,,,,,0.5609981570586596,,,,,,,0.5512606243834254,0.5584288631206162,0.5584134597351071,0.6044137042006464,,,,,,0.6030106517969888,0.4109787191041704,0.4112100416904551,,,,0.4101271822332887,,0.41049114098766426,0.41090787774614246,0.41035231157226476,,0.4108988589581553,,,0.41179282482202223,,,,,,,0.41201242284584794,,,0.4108063261641513,0.41153377414985803,,,,0.605606374622285,0.6042952614934851,,0.6056437897318968,,0.6035111586624788,,0.6050452876490656,,,0.6063975278493158,0.6039582143859564,0.6025597372979995,,0.6048069212530891,,0.6039517727687451,0.6031225854029285,0.6045762542851981,,0.603269496238861,0.6040565204810757,,,,0.22500924053464846,,,,0.22495061819701223,0.5801405354544044,0.6266730605442657,0.5933446713299725,,0.5927429602539905,0.048039377650779466,,0.6150150895236951,,,0.613655085501838,,,,,,0.6131557042403147,0.611955119562817,0.6139082333110294,,,0.6134548688595305,,,,,0.6147137594653495,,0.6144868706246231,,0.6137203463047904,,0.6134990430946637,,0.6156796521643018,,,,0.6135095602953716,0.6152300518848159,,,,,0.6141537408842522,0.6159550588408127,0.6152814714765712,,,,,,,,,,0.6130488758183391,0.6132497653558514,0.6137420771165548,,0.6125927712543234,0.6161042381768101,0.6122592178606541,0.6148160206457419,,0.615052395646379,,0.6120114552920649,,0.6129539132682646,0.6153884023050397,0.6164219231836934,,,0.6150953979057197,0.6149162109685379,0.6125932039035644,,0.61464745536444,0.6134884572375405,,,0.6154332269583965,0.6133161029999703,0.6126595950795494,,,0.6145089416663962,,,0.6135918615716578,0.6134141383489501,0.6144608854081285,,0.6143863398591122,0.6141156352734356,,,0.6142516317541392,0.6135602862747058,,0.6145847153201766,0.6138245609685106,,,,0.6123458846776011,,0.6154752560907222,0.6145177256429684,0.6127048236418827,,0.6146866026255418,,0.6146585498647341,0.6158216024036222,,,0.6143982106320599,0.613387856878717,0.6140277037315796,,0.6151732134984391,0.6137737663247949,0.6143314403898329,0.6138618520940384,0.6149320961914996,,0.6133284874123384,0.6148677576564995,,,0.6142273475108637,0.6136094359978369,0.6134829659733848,0.6125340501919809,0.6132022406020939,,,,,0.6131252190952763,,0.6138628109484272,,,0.6143930861899065,,,0.617726388488931,,0.6151452505394778,,,,0.615121005040728,0.6141046582568215,,0.6117464661316195,,0.6133577512749395,0.6148275844311741,,0.6134920425402046,,0.6154840851966153,,,,,0.6129430910344679,,0.6144729991111808,,,,,,0.5774172482895887,0.6713938999018965,0.72902581636504,0.7308411588239381,,0.6089592354369663,,
8,24,DG_48pct,96,Z12_F06,12,LL_AB,175093,182023,True,3857.236040909646,3816.4270236152283,3804.083279513768,3828.903597235907,3848.3142243798193,453.48394686938747,41.99518171919696,3949.906317855124,4155.650555867147,4908.6784095959,4978.665940585632,430.46864891321496,1.782933876037248,57.38004291315755,186.84312374846033,198.85763814093875,325.5394173865155,134.9965845615053,175.37287396679736,318.0896518094786,,0.7473957021326385,0.7470050662293208,0.8160267427167596,,,,0.6084776649336325,0.6122467206129723,0.610970007841973,,0.7259533580932376,0.7253968843958046,,0.6082606312365636,0.6063464771948143,0.6044252472277546,0.6805011311833229,,0.6821082628645674,0.6104545713530167,,,0.6100573808553909,0.6076818137508826,0.6109594040789718,,,0.6017710557256103,0.6110006754904025,0.6122096521135503,,0.6106115427003169,0.6124929035509162,0.6121880993012113,0.7067986002111245,0.5806045410122548,,0.5789652796732992,,0.5756196765694863,0.5764637892957717,0.5781588276849613,,,,,0.5792060623161555,0.5787534909624981,0.5787425178551189,,,0.578807505111093,0.5794720861277566,0.579306542787155,0.5778428752756453,0.5766057711941055,,0.6867157456838827,,,,0.6800133382090453,,0.6780775464465785,,,,0.6804341247872431,,,0.6787562748906725,0.6819689519179125,0.6807730281250177,0.6797964221704301,0.6796752236326031,0.6808119769305724,0.6779782656196519,,,0.68085394803199,,,,,,0.5347674423581691,0.5339544025687846,,0.3489116430605824,0.34914606668640263,0.3493935021035248,,,0.34950355326284527,,,0.47578011646001195,,,,,,0.47708344396533386,,,,,0.4758065321672876,,,,,,,0.47399657504858717,,0.4758760973314361,,0.4760831575669809,,0.4746684007483284,0.4763657573727909,0.47603280050151753,0.4767020624697313,0.47533188496754764,0.4757678300153809,,0.4752857393586965,,0.4749042970818637,,,,0.47490662218732,,0.4754035712808713,,,0.537870292175631,0.5377786622204563,0.53723544022569,0.5386962443156948,0.5374451608843069,,0.53693722516123,,0.5369155709799882,,,0.5381674843498784,0.5381115351109708,0.5379392420385473,0.5380004825591842,0.5387769463545045,,0.5381849068964779,,,,0.5380061308384696,0.5367753661899819,,0.5385490533437761,0.5372914064161072,,,0.5381657307993216,,0.5372034909871758,0.536339485679101,0.5378565016320535,0.5386511638300095,,0.5376338382183024,0.5370048294163674,0.5367034918659878,0.5367835474459639,0.5358403261107102,0.5377533286705644,,0.5369047047064388,,,0.3095015751086919,0.31019266270189344,,0.3100453066640021,0.3100775293427846,0.31076910713605266,,0.30993282972540753,0.3100012251516128,0.31024834256720024,,0.30934368557486497,0.3098957026112975,0.3103248924953161,,0.3101070220809957,0.3101075742148482,0.3104811982752061,0.31078270456943125,0.31021369078435995,0.31068092813730946,0.30958174651441045,0.3091089526308107,,0.31001548269830353,0.31009193154946957,,0.3091613621168959,,,,,,0.31093273280016365,,0.30952780251467493,,0.31043694301421626,,0.310472936308327,0.3107292660640445,0.3108147364138103,0.3104716536416792,,0.30911610231199704,0.3109747458462804,0.3100306184480523,0.3100885167993164,0.3102115436326116,,,,0.37076946736276895,0.37090480647229,0.3703769430159282,,0.44782737445211435,,0.33559200945809253,,,0.33730752847895207,0.336846872734572,0.518002520391645,0.5206853443086547,0.5202171678537761,,,0.5206377254678046,,0.5200870077326253,,,,0.5190162528871706,,,0.5198569822517529,,,0.5194666640277065,0.5187826916592153,,0.5202702807180605,0.5206657027433095,0.5196532321789806,,,,0.5196952899843135,0.5183880438602393,,0.5200009692132295,,0.5194656333880882,,,0.51774247427701,,0.5205724207539637,,0.5197941691346992,0.5193112209098543,0.5057457314064787,,0.5055424917923618,0.5070610885218998,0.506982109378326,,0.5063948092587329,,0.5073004113392107,,0.5073211589412571,,0.5066523835992776,0.5074111967152644,0.5069291242731696,0.5059038215933858,,,,,,,,,,,,,,0.5069636494945879,0.5061992733605798,,,,0.5745275849942131,0.5744951254634822,,0.5740791053892624,,0.5725685755597992,,0.5738917056273878,,,,0.5641714151273008,0.562959554496111,,,0.5641535284596084,0.5645222307316649,0.5653496428560896,0.5649688327522636,,,0.5652078954965062,,,0.5737889324635875,0.572681259579435,0.5753069606318127,,,0.5726077642196151,0.5725886660151703,,,0.573072275901309,,0.5749228922434559,0.5739093599367835,0.5745405688561236,,0.5740007328295782,,0.5742239974518757,0.5745262980728507,0.5739771507085375,,0.5749222186007645,0.573100340926882,0.5737080297291549,,,,,0.5732843998335788,0.5733930963589123,,0.5633854628001562,0.5650031942611887,,0.563267865315342,0.5627607868657591,0.5642534217160576,0.5635340066396894,,,0.5646735205867514,,,,,,0.5637058475983124,0.5636110084944861,0.5645288649838089,,0.5658381242929489,0.5651181164063895,,0.5643913335552677,0.5633330217805965,,,0.5641833058814938,0.5661305966693361,,0.3813688062044564,,0.382639521347927,,0.530920515297262,,,0.5297178621080284,,,,,,,,,,,0.33797015068610503,,0.33789484633040995,0.33198571806306715,,0.33075160652041186,,0.32378399872602337,,,0.17948391058664323,,,0.09862025524552702,,,,,0.03170659188691682,0.031778587849599166,,0.03178720243261719,0.03172592577740946,,0.03129344661145837,0.497528519360223,0.011886425297047535,0.011895094696507168,5.893334918461746e-05,5.8822982160092364e-05,5.8726217345385165e-05,,,,5.8792223642198784e-05,,5.8654273230334386e-05,5.886838712733038e-05,,5.8818308054435136e-05,,,,5.870066892120824e-05,,,0.47784903154397623,0.47989598692197744,,,0.47827234433331656,,,0.06016842990736335,0.060079810127367114,0.060346086089078314,,,,,,,,,5.98250418319314e-05,5.9932814820654886e-05,,5.995862424679072e-05,,,5.9741487934115525e-05,,5.9887524747977145e-05,,5.982305140563041e-05,,,,6.000935577378044e-05,5.986710425307035e-05,5.973805607790015e-05,5.9892529871491744e-05,5.950963340809305e-05,,5.979477455328281e-05,5.980279652741784e-05,5.987060380563122e-05,,5.98647982725552e-05,5.973626866227628e-05,,5.9738262657812136e-05,5.9620078258473325e-05,,,,,5.980891512228374e-05,5.984080638165042e-05,,5.965500667227415e-05,,,,,5.979452966801091e-05,5.984693457205968e-05,5.989953418654665e-05,5.98302137944578e-05,6.0022868312754403e-05,,,,5.9991902871776714e-05,,,,5.989249252882755e-05,,5.984558311306929e-05,,,,5.9905838954476714e-05,,0.40586930194263343,0.40613366190517985,,,,0.4056755540343442,0.4057825303380941,0.4064019367266478,,0.4057795710147572,0.4063173380623565,,,0.5486659420990049,,0.5488807161695523,0.5495488613339105,0.5479447390770995,,0.5484437921758998,,,,,0.5488210352107123,0.5481060610355378,,,,,0.4067729065062176,,0.4077559191317765,,,,,0.407801735229435,,0.5947396708758729,,0.5940758745401432,0.5945555074897064,0.5919395303191328,,,0.5916173575506043,,0.5951230129084255,,,,0.5471784530506537,0.5488668697937943,0.5469489241472149,0.547942836578738,,0.5495716233079899,0.5477210222170797,0.5496229282035574,,0.5472883278259414,0.5484474456833834,0.5486259707418134,0.5411355458458675,0.5470723205795293,,,0.5958316905054581,,,0.5944473594521006,,0.5955278902476752,,,0.40630029999083167,0.40791375527373086,0.4054197042638731,,0.4059775133035428,,0.40680918393232307,,0.40694237319895105,0.4060606401738886,0.4082150599151607,,,,,,,,0.4064334932077609,,0.40629376809979423,0.4061610493735798,0.40658936555353004,,0.4063567072244454,0.595085780478358,,0.5966335241355666,,0.5952719541494966,,0.595336315233977,0.5943479823049285,0.5965335485972306,0.5953850862544455,,0.5932911911262448,0.5964249430737801,0.5946250296870156,0.5939817036192637,,,0.5968294677694026,,,0.5961441940267935,0.5959713065609609,0.5938397385155942,0.5961879555043685,0.5960425949280617,,0.21535494857692766,0.2152548078970869,,0.21535644262309792,0.2146809401667493,0.21465692201799566,,0.6257773473130743,,,0.5912137295363723,,0.6147564648831622,0.6131379279126314,,,0.6111114658851099,,0.611794132728237,,0.6125628328486408,,0.6110368108913357,0.6124950569238274,,0.6127675679680801,0.6127856568278156,0.6134684648814716,0.6134371365286633,0.6132455402205018,0.6120493177567192,,0.6121377686670769,0.6143517373066587,,,0.6123404929583641,,0.6134630750326433,,0.6149931188507747,0.6120839643572297,,0.6123011437416452,0.6122371926519098,,0.6134890296991076,0.6126449478761898,0.6127436780856543,,,0.6147181038681186,0.6131790437969175,,0.6137551095289264,0.6139203025930691,,0.6115059666390116,,,0.6135038584533655,0.6145171337818176,0.6119017003601308,,,,0.6139148184151223,0.6127795313276576,0.6138498349125625,0.6145312078762428,,,0.6122650759858826,,0.6136924337546706,,,,0.6106232800382937,,0.6136794889488558,,,0.6118240901748099,,,,,0.6148763930431792,0.6124138063019069,0.609527168320786,,0.6133439536914936,,0.6117790734893175,,0.6144403908674275,,0.613223431206433,0.6119594022643415,,0.6126145907017092,0.612898116176109,,0.6118634770326213,0.6129108797981528,,,,,0.6119430023144478,,,0.611913451602803,,,,0.6127750995160565,0.6115507301663244,0.6127421162154014,0.6121789521983676,0.6123900934280546,0.6129326606500769,,0.6121452513297122,0.6133023804429869,,,0.6114455733614339,0.6114102334953779,,,,,,0.6132901711551494,0.611616706452346,0.6116586390028603,0.6119211350506965,,,,0.6118680792033923,,0.6151320007437826,0.6126249622618396,0.6119021101657215,,0.612091503955707,,0.6139130721546773,,,,0.6133500044172301,0.6131016160465594,,,,0.6132105905213966,0.614137743288391,,,,,,,0.6127340029624587,0.6139317796617522,,,,0.6146734927648273,,0.6119538049387816,0.6133157066841293,0.6121344600003374,,,0.6115285297021258,,0.5465171843078823,,0.7004950184722448,,,,,0.6068976968572325,0.6061971739285825,,0.6817619272146399
8,24,DG_48pct,96,Z12_F07,12,LL_AB,216925,215932,True,4015.6836745171363,3800.311533781011,3700.1058522226253,3548.5982620025466,3562.10283702684,524.5235379767704,49.23699044542679,3453.672919704828,3658.7469908126955,4428.383344159522,4484.233894485942,593.3667012137223,2.0719603470355716,60.28634615178469,196.20058128691758,229.35493169039623,382.3137301368938,158.19833921844915,203.46999634008938,286.3564910964983,,,,,0.7626806281697798,0.7920110415579419,0.7043490931572579,,,0.6214774964032818,,,,,0.6288621658932957,0.6313579398826717,,0.6970132702778673,,,,,0.6235442171799584,,0.6220734164333059,0.622568043573998,,,0.615215404879578,,0.623930381189439,0.6239731680907943,,0.62331941068499,0.6223899366177255,,0.5981765885886676,,,0.5943276310854289,,0.5929172387687572,0.596283646401275,,,0.5955459407510174,,,0.5981379508108848,0.5960233738122309,,,0.5948436877739988,,,,,0.7313030505457749,,,,,0.7276523970391686,0.7292712320686142,0.7276201866232609,,,0.7308655492850971,,,0.7271833439953167,0.7287804826741756,0.7292717100141403,0.7300520765542059,0.7282750165013517,,,,0.73162453596593,,0.7291193531336408,,0.7327931773114351,0.7308550687822364,0.730286828308294,,0.5548389955600448,,,0.43259275525161794,,,,0.4334432798230494,,,0.5765565429722896,0.5735588706652667,0.5763170057327686,,0.5761495398511733,0.576150552503063,0.5768270515619249,0.5762431306755192,,0.5765017553687902,0.5769405679272617,0.5750696194064943,0.5758762780168024,,0.5758326686317069,0.5759300798515516,0.5757241954561244,,0.5752793314738861,,0.5749600343526085,,,0.5758539214871444,0.5756428173650344,,,,,0.5732096184754067,0.5755511606713503,0.5751283212039204,0.5747037114898561,0.5748231362127595,0.5747639418530582,0.5744171189260215,0.5757678255645958,0.5736556834210144,,0.5759970170194646,,,,,0.6052403521298918,,,0.6060324250561948,,,,,,0.6049006137077717,0.6061934575229587,0.6047065182054046,,0.6042360614032648,,0.6046452436545625,,0.6038412908681633,0.6045276310808126,,0.6046784829599773,0.6049498463240847,0.6027276715436566,0.6039305585853728,,,0.606543956117493,0.6054078110962939,,0.6051172970611148,0.6046804607558829,0.6035440835312336,,,,,,,,,0.6026104165432971,0.603633419238543,,,0.36286433291902453,,,0.36209943517596443,,0.3627445165920278,,,,0.3640316016065259,0.3619367808001405,,,0.363576210403743,,0.3636519149796463,0.364344517730345,0.3634508839707256,,,,,,,,,,0.362649834449622,0.36280358409840446,0.3618952087362552,,0.3622817240378839,,0.36330084785519756,0.36365719908464983,,,,,0.3631879091128081,,0.36259924797425747,,,0.36297784889581935,,0.36238622592694286,0.36231168565215327,,,0.3623820127093126,0.3628410772019976,0.44958611726809083,0.4524897050701074,0.45144622848869476,,,,,0.4215975566783274,,0.4217194698347168,0.41996557304877485,0.6115197133104492,0.611780722196005,0.6110234387492541,0.6094593362772436,,0.6104469832629615,,0.6116584412935803,0.6111026702315454,0.6110285845789233,0.609580939801615,0.6117921507904089,0.608905095112919,,,0.6102449007877789,0.6092686632356598,,,0.6105053010021511,0.6101944237722586,,0.6105436527692438,0.6103573690017693,,0.6098980572517814,,0.6079330550240568,0.6103197768170394,0.6097245127830234,,,,,,0.6096191202876723,,,0.6106973371203219,0.6112313085679532,,0.5979344547706368,,,0.5982356552686483,0.6008172068882991,0.5994245946203564,,0.599275584612055,,,0.5989196608086209,,,0.5993473665574973,0.5983320976772202,,0.6000219962939619,,,,,0.5985938761302192,,0.5971170974482782,,0.5995202101381321,,0.599354575476399,0.600506176978033,0.601210818038613,,,,0.6331393060063789,,0.6333387042811435,,,,0.633495277332851,0.6326096286429874,,,,0.6228296820102102,,0.6236051218071148,,0.624581604333975,,,0.6240444604278639,,0.62335967658173,0.6249177125489332,0.6247436795284015,0.6240872746891512,0.6301888384644312,0.6330876006416729,0.6317283857970014,,0.6330066170583973,0.6313000385842403,,,0.6324301084263138,,,,0.634275973560537,,0.6326338963115647,0.6331038985843437,,,0.6315757161437834,,0.6325914550205071,,0.6326271137651751,,0.6329924940073489,0.6320540304630959,,,,,,,0.623352709533874,,0.6228151115112058,0.6227243739732423,,0.622541952763116,,,,0.6251314544854474,,,,,0.6246941920926954,0.6252910470747032,,0.6238309690816471,0.6226446134970882,0.6248817410345777,0.625964110063016,,,,,,0.6247405890714856,0.624568708619264,0.428174568645123,0.4282254950050033,,0.4299803800450614,,,,0.6202969023194894,,,,,0.49118739339495116,,0.4894801536525842,,0.35353776494106026,0.5973201814210933,,,,,0.417603354702528,0.416604193984421,0.40923620234121705,0.40962757255346804,0.40923689264123136,0.4356235639788861,0.24340696335310896,0.5480459998697916,0.3198131523104538,0.17507698200149518,,0.260719755747195,,0.549887569493921,0.11973121289427315,,,,0.12020252133900738,0.21532106380971638,0.11983939061154048,,0.06263391557137335,,0.10580964411614932,,,0.1058031552012088,0.10592694591922776,,0.10578908076552707,0.1055483404362835,0.1061293159553179,,,,0.10600877438848898,0.10580234612587075,0.10561474779585518,,0.10571989985811554,0.10590660622128409,0.5794816022860303,0.5787447168107536,,0.5781340196363269,,,,0.04141787692514579,0.0412927391627114,0.04149344439586452,,,,,0.5652189637804376,0.564848425194595,,0.5642420869870782,,5.6972755226142396e-05,,5.711830153961827e-05,,5.704491004458584e-05,,,,5.720736269657026e-05,5.713092103989022e-05,5.6988204347813685e-05,,5.724764480504781e-05,,5.7082755803678533e-05,5.718140129138905e-05,5.718469497846009e-05,5.709011671665142e-05,5.72915179948882e-05,,5.709442208742406e-05,,,5.7092117818777725e-05,,,,5.722175982680176e-05,5.719667838978806e-05,,,5.71828746136378e-05,5.695749766459878e-05,5.700449461030005e-05,5.6919213370587835e-05,,,,,5.703795768839899e-05,5.710115426526854e-05,5.691640884730476e-05,,5.71096567028464e-05,5.707889089735344e-05,5.716422779717246e-05,5.7134540670848233e-05,5.6899698088359524e-05,,5.711468417371082e-05,5.696688917536709e-05,5.7152487745679556e-05,,5.701168307047357e-05,5.700571491409432e-05,5.7075953839916304e-05,5.71615708109743e-05,5.706650604297194e-05,,0.4506234718165426,0.4523130420553432,,0.4512761946218566,0.4517384418353331,0.451681315263318,0.45108064633700845,0.451270032420876,,,0.45100686959231323,,,,,0.6350227597820972,0.6321206299947761,,,,,0.6317370279099035,,0.6306155055115634,,0.6330718396477126,,0.6310352074120678,0.6325658722910948,,0.6324804570255987,,,,0.45224688725197015,0.45081901327399165,0.45268911066247974,0.45260937037761234,,,0.6496618122660948,0.6496324592577807,,0.6507141919091342,0.6469911529980108,0.6493642471377752,0.6475405932420594,0.6488030373091832,0.6503255689293369,0.6494143024738879,0.6505869498219445,0.6489479943312888,,0.6305820546991517,,0.6318039226098074,,,,,0.6337755513611836,0.6327859962858571,,,,0.623895485854511,,,,0.648636003140129,,0.6517704270411463,,,,,0.4524225198349229,,,0.45150028206370535,,,,0.4524703554380417,,,0.4521890072436646,0.4522488963975876,0.45281591508172153,0.45219518185991925,,,0.4515055699255042,,0.4518693686418735,,0.4531526777722241,,0.4514441000044634,,,0.45183418652532026,0.6478129062759764,0.6502788843714427,0.6506333839928978,0.6505574172562328,,0.6498748971257505,0.6506296583636558,,0.6506039490246566,0.6486423556810207,,0.6484128194888383,,,,,,0.6492811244253895,0.6516557393329263,,0.6496630152539138,,0.6496021661940964,,0.650513303549706,,,,,0.30919507522103995,0.3093824042367434,,0.6036723086955992,,,0.6059762897432183,,7.595241940601118e-05,0.6255487695223488,0.62465366877711,,,0.6246706918550258,,0.6249939123374461,,,,,,0.6258351520343105,0.6263462593884391,0.6244461304933586,,0.6238320510345214,0.6257806043563676,0.6248595841531058,0.6236752277517588,0.6251081597578004,0.6255050880628831,0.6273584613469962,0.6240994902228795,0.6242015039445672,0.6255084005705792,0.6251020212614453,,0.6234418553259651,0.6257325863743392,0.625721689139197,0.6233055900948018,0.6228053906129556,0.6265542722716644,,,0.6244983086812063,0.6233097800801167,0.624463914006887,0.625259418906097,0.6262280200789982,0.624905192808291,,,0.626548949452793,0.6240933497256508,,0.6261881297228008,,0.625450453050406,0.6243627934300432,,0.6261268878900642,,,,,0.6250973721981474,,0.6246250044880906,0.6233102327424908,,0.6266741787473586,0.6253594910630462,0.625346511360148,,0.6250889794355852,0.6246307030521228,,,,0.6239794188127692,0.6256605942185488,,0.6253857750229267,0.6237319649052269,0.6254795942104758,0.6251471887845752,0.6264678916487962,,,,,0.6254592695638421,,,0.6251426595994724,,,0.6243238095758664,0.6255659527531504,,,0.6255558380741892,,0.6274166096562873,0.6253300969905653,0.6260052078397829,0.6262743670266081,0.6262170917573779,,,0.6251175686877877,0.6239235736620334,0.625270668987645,0.6246916974670939,,,,,0.6230674692214381,,0.6241759477108028,0.6255250053969349,,0.6256173147973713,0.6245773759701424,0.6239881141562981,,,0.6243173628853664,,0.6248239834890349,0.6238917896037652,,0.623857239685505,0.6248730796938045,,,,,0.624537562585535,,0.6248699122282744,0.625286845433042,,,0.6257244227848209,,0.6250975205109977,,,,0.6243485340796623,0.6270737695198135,,0.6238944529462781,,0.6248043188697033,0.6242185927423425,0.625196421831711,0.625966751914235,0.625268976030264,0.6249079537047597,0.6259472724899069,,,0.6249295189667027,,0.625207516096923,0.6270744552453379,,0.6246086834231132,0.6256585192467288,0.6253252785814781,0.6250256603256475,0.6270835101232508,,,0.566653042897574,0.5641763319636091,,,0.6907030624910209,,,,0.6317450366032269,0.6958528136897862,
8,24,DG_48pct,96,Z12_F08,12,LL_AB,175089,182022,True,3906.6561170701284,3865.143789551384,3874.4183001551173,3866.5891492317464,3858.466071597083,461.1009606378128,42.429624368514325,3957.099599641775,4147.204628236689,4940.173975401412,5038.138522656109,377.81408450758005,1.9746598666640358,57.88355174430614,187.7700193456265,199.8048214426918,329.84251530727346,137.20906266832412,177.02124424748988,327.7936232150669,0.7465541272048423,0.7469390129707459,,,,,,0.6072300826761098,,,,,0.7259650213506957,0.7266140836130938,,0.6043276970850189,,,0.686048788829894,,0.6100585674897419,,0.6081116939014284,,0.6084958911998857,,0.6012563863561055,0.6012002485919393,0.6011246150290002,,0.6108410252521388,,,,0.6106714106221907,0.7130576717184951,,0.5796338352913056,0.5800676014613498,0.5749823105581058,,0.5765313682114008,0.579469037897664,,0.5791122558325921,0.5772536505833334,,0.5807705669768801,0.5781941193594172,,0.5787303789975438,,,0.5774014065021849,0.5794158904265639,0.5784065956248977,0.579078696116305,0.6874691934661521,0.6905296398223981,0.5498421935902108,,0.6841413130349966,,,0.6851551435501888,,,0.6831427060948677,0.683976460131178,,,,0.6856398918292123,,0.6851394072979671,,0.6849206614049057,,0.6861756509188112,0.6838717405671629,,,,0.6832341879965412,,,,,,0.34636099004366244,0.3471716570096197,,0.3476959234058274,0.34791931840312584,,,,,0.48256781854563996,0.4822213431038838,0.48102608458757157,,0.482109124304647,0.4815454857067601,0.48123981323462217,,,,,,,0.48182154542964023,,,0.4818662653408361,,0.48114697085550723,,0.4805242781833895,0.48185578316762956,,0.4808387263358819,0.4811597040533762,0.4802296773846554,,0.48205409000742955,,0.48081032730395956,,0.48044697159814126,,0.48221496066486785,,,,0.4802872870660055,0.48163049045028944,,0.5524889655680963,,,0.5520969385927826,0.552606556038466,,,0.5536491118557829,,,,0.5521306639387112,,0.5531833080245706,0.5528453109798265,,,,,,,0.5518828180165216,0.5532428127225614,,0.553229139668486,,0.5528945940073406,,0.5512833791393927,0.5526391290448245,0.5519671213356482,,0.5537028947340928,,,,,,0.5523237907105354,0.5511339939903953,,,,0.5524324731941426,,0.30870512166996517,,0.30869988949479216,,,,0.3081785080295889,0.30837404196142343,,,0.3083378490743849,,0.3077470398771727,0.3092551248844366,0.3091379245026782,0.30900947997654465,0.30866863806265543,0.308268800437877,,,,,0.3097488729116737,,,0.30978360555827134,,,0.30856105492398817,0.3079986147932088,0.3084836770958924,0.30843917015152905,0.30796395729004894,0.3091686408291099,0.3089641899264392,,,,,0.3090915899238833,0.30964561772793087,0.3092723917955538,,0.3081503774429495,,,,,,0.30895906695724235,0.3084090938669641,0.30875186820838346,0.30880187328480024,0.3688058571160738,,0.3687284882067455,0.5050987293943973,,0.3337072998865775,,,,,,,,0.5253150285903505,,,,,0.5244321938410301,0.5241103300414398,,,0.523117772306048,,0.5243850030123411,0.5249037210453091,0.5245873114057161,,0.5248497847112833,0.5237242222069904,,,0.5263753077195858,,,0.5249291167143159,0.5227070477173025,,0.5237538433435266,0.5247073644403467,,,0.5234899494591758,,0.5240823805915629,0.524975754668034,0.5252214518012724,0.52393296459216,,0.5249933698175041,,,0.5119825579609915,,,,0.5106422436312299,0.5115021331817498,0.5104126992296323,0.5115764414749792,,0.5123304791264327,,,0.5121915148923506,,0.5104928404797808,,0.5103237901087371,,,0.5125884065755536,,,0.5110742546684786,0.5112976469975645,,0.5116760247259622,,0.5115512129742475,,0.5102989260532639,0.5127499479443173,,,0.5850050064864156,,0.5877931170083577,,,0.5866297681042578,0.5854819059246992,0.5864089562760001,0.5858358094117223,,,0.578089349198287,,,0.5773649272763275,,,,,,0.5768607186581309,,0.5786229745428408,0.5767537906664731,0.5853143754686849,0.5851179041902976,,0.5862862475235188,,,,0.5868748535212609,,0.5845488381125155,0.5864787670772688,0.5852671528539178,0.5878447504470031,0.587366074928965,0.5874952012837701,,0.586769226323781,,0.5865312413814051,0.5886079635196034,0.5858008980870063,,,0.5860218588138628,,0.586573273014502,0.588309197606614,0.5857558316151898,0.585534989078063,0.587457188461671,0.5869818255689456,0.5782310320071249,0.5755352258587353,0.5773851294075927,,0.5778058597899076,,0.5772941365673213,,0.5788090761484088,,,0.5781339963704859,0.5781922274513427,0.577793100816992,0.5782590765354357,0.5790386216876516,0.5782412530359274,,0.5769425081411882,0.5771910886674099,,,0.5772372320402416,0.5785886590844,,,0.5788691995879769,,,0.38013693734218146,0.37902330435412224,,,0.5350033411214667,,0.5349482267170554,0.5346008396990936,0.5342456420346982,,,0.4131233120342289,,,,0.4582661431059673,,0.5485095218475621,,0.3355062519821086,0.3353813124090375,0.3292771653980145,,,,,,0.31185049445548824,0.1772584549301387,0.500675522543534,0.17471535836432106,,0.5100301873436369,,0.061086940183817495,,0.0007138327957776139,,0.0007116894323734239,0.0007122483627859195,,,,0.537494353160796,0.05035904780418337,,,0.027247907192874808,,0.02718789854429626,,0.0272161410793097,0.027139904786644922,0.027273707014911722,,,,0.027197301420892755,,0.027180144809626237,0.02718122101794594,,,0.02715031707145004,,,,,,,,0.11617202461908671,,,0.08858218610572498,,0.08871300679813808,,0.47923912831495824,0.4788200603486659,,,0.027630040061737027,0.02773243055762114,,,,0.027711641753849943,0.027718156615435155,0.027779626670810114,0.02777855483041248,,0.027667289831370078,,,0.027699996135638005,,0.027768684983732063,0.02767973218588937,,,0.027723072717891133,,0.027708422098144468,,0.02773379942473686,,,0.027773838290405146,0.02767310434403158,,,0.027716533358165638,0.02759979886924587,0.027672369111452252,0.0277474189438243,,,,0.027663099462221313,,,,,,,0.027708505841096118,,,0.027671561315603527,,0.027731069881259656,0.02762035121115403,0.02768198903914257,,,0.027642945062325897,,0.027667803860939522,0.02770544431885513,,,0.4046239758637957,0.40408734184438566,,0.4047960434876107,,,0.40651826736257224,,0.40442378662968975,,,,0.5543591440862427,,0.5542684353311286,,0.5526731311698057,0.5537350616711737,,0.5526755999928387,,0.5538384071167669,0.5515740745191576,0.553996880363745,,,0.5543538253618838,0.5524861950944829,,,,,0.4050377434858085,,0.4050918627013596,,,0.40516557776116685,0.404870897215031,0.6060050650802536,0.6061575477708641,,,,,,,0.6058722397200484,,0.6072487543967138,0.6069412479848023,0.6068317037295767,0.6057056814927435,,0.55008805992621,0.5527836371970447,0.5518797660193164,0.552770865993877,,,0.5521800818717629,0.5520067669643577,,0.5521977442447553,,0.5459877639022523,0.5504670118531972,0.5505413675792729,0.609921657709954,,,0.6055832165721289,,,0.6057048646279818,,0.4055338958738157,,0.40479484445911107,,,0.4055945781255022,,,,,0.40540875883288524,0.4053974339018927,0.4039948560157104,0.40551134228092767,0.4051700202411101,0.4047879672423984,,0.40403460506521244,0.40549376092110023,,,,0.4052421539597291,0.4039236851143074,0.40534033925100477,,0.6082812468458001,0.6057142918066536,0.6071348159183113,,,,0.6080306157289913,0.6074027530754987,,,,,0.6064817056559504,0.6058879934567478,0.6069935480434658,0.606945477726071,,0.6070270205303165,,,0.6094475608540262,0.6073775426451065,,,,,0.21183690246769832,0.21082884923976786,,,0.21134068810918366,,0.5719322969240577,,0.5912036397083507,0.5914765232478281,,,0.6107281867263793,0.6115857362620117,,,0.6111414274144278,,,0.6108723871024901,0.6103633249460145,0.6123670034415143,,0.6104122662969973,0.6095276100183867,,,,0.6103232110076068,0.6116861667487835,0.6116015781989225,0.6110187846291182,0.6127464030370358,0.6121793465156596,0.6102614831920734,,0.6118645696182793,0.6098081089180488,,0.6119738797894851,,,0.6120812053905139,0.6133614787763478,0.6112751179189579,0.6115864900616426,,,0.6108217784775504,0.6109774784471474,0.6111386349929205,0.6134869406694453,,,0.611740019045037,,0.6118547093642286,0.6138952279136857,,,,0.6117406856795322,,0.6114359503559886,,0.6100250708781179,0.6117900359207099,,,,,,,0.612912628322552,,,,,,,0.6122507190889729,0.61203045357295,,,,0.6115904416232998,,,0.6119417710711244,0.6116278253479095,,0.6116080784426235,0.6112816772398642,,0.6116066801947128,,,,0.6119265955505825,,,,0.611820144402298,0.6113832971591162,0.6121169670301269,0.6122372811161533,0.6121051542165139,0.6125289356105103,,,,,0.6110242612646284,0.6110446104958369,0.611233752373187,0.6127108579171776,,0.611349553273405,0.6112980964462006,0.6127548520845949,,,,0.611221751654719,0.6120075119030552,,,0.6114764984067292,0.613057497876778,,0.6115252854034227,0.6118324015539691,,,0.6126101392176994,,0.6126202512650698,0.6108581115595397,0.6129253809832615,,,0.6111400918300314,0.6109707413017439,,,0.6103270363632105,0.6131439301953193,0.6113609571368253,,,0.6124397797032662,,0.6141832555802871,,0.6120144524529105,,,0.6120463912795328,0.6119409943800143,,,,0.6110409699150438,0.6117814364487395,0.6112763711585668,,,0.6109808019908028,,,,0.6119704751854234,,,,,0.6127053174759439,0.6127770982624261,0.6115901184495567,,0.545737503513879,0.5465435914139174,0.545240314263401,,0.5698100353146173,,,0.7281867146488905,0.6031525916943885,,,0.6845302726281067
8,24,DG_48pct,96,Z12_F09,12,3PH,175092,182023,True,3105.1140081821723,3097.5512871655765,3126.734368401082,3429.075703864593,3488.3332988928764,339.8653339532189,29.834718804807597,4034.711949670661,4116.538817505626,4269.74271787478,4295.929220349789,0.021490040175229316,0.0003126135471636475,52.371534608762786,170.135326899658,148.60331471568628,218.25949958547454,90.72085697744593,110.3731767451215,59.90775104660391,,,,0.784580888968331,0.7811240071735038,,0.7265703406644562,,,0.6555483128699857,0.654167767892363,0.6647340253450531,,0.6655987102994102,0.6645757667524537,0.6652920122623706,0.6653553937134449,0.6637209868567243,0.6637451142288099,0.6629718219970495,0.6586628700429751,0.6566619394727411,,,0.6578472857424702,0.6552350646287171,0.6483460369456631,,,,,,,0.6595463431922278,,0.6401904534073491,0.6157598083483583,,,0.6148600302787095,,,0.6183605388603189,,0.6188556434247934,0.620259029444454,0.6206875970180376,,0.6177983526481006,,0.6196992239144101,,,0.6191578574619664,,0.6200858445915212,,,,0.6142672625462082,,0.6095656605445103,,,0.6076777437543694,,0.6073019761879266,0.6105346856641626,0.6090522280892526,,0.6067572047132309,0.6088420686775279,0.6065525571837121,0.6067568446294667,0.6084154935510014,,0.6058817419034613,,,0.6068731824588918,,0.6088730463855441,0.6080857671431169,0.6074930589265098,,0.5756157344965372,,,,0.3486627864576774,0.34879148173796765,,0.3498593095643622,,,,0.35337965020330564,,0.354241565479894,,0.35407506764542224,,0.35375272834199945,0.3531128911616407,,0.35296444640049945,0.3528250991062194,0.3533453206039531,0.3538530815518014,,0.35363785805566994,,0.3528207440068585,0.3526334429750608,0.35317389121725373,0.3532090427105327,,0.35320123052348645,,,,0.35367769245570824,,,0.35305365627156576,,,,0.3533054549314657,0.3540067808034692,,,,0.3534221345786905,,0.3539665465945699,,0.3533013140364551,,0.35367013859233065,,,0.35484458694939974,0.354026570422092,0.3541190986319415,0.3537087630299436,0.354229314113164,0.35359834497237214,0.35373786541094787,,0.3543570628383548,,0.35350648519059397,0.35426546114944957,,,0.3539958974120449,,,0.35337896311552064,0.3533615464566169,0.35326789303094985,0.35447395965972717,0.3532248080091184,,0.3542383921867609,0.35416881996318933,,0.353027933720528,,,0.35327910086205766,,0.3545378269268074,,,,0.3534538995334858,,,0.3534212828181025,0.35282668688992247,,,,0.3530332889712099,0.35340231099682595,,0.35329033139813154,,0.35327143961438934,,,0.3536090953962777,,,,,0.35290377804394973,,0.35304645383801475,,0.35374217132233343,0.35426297691647646,0.3535421935405502,0.35353503488245946,0.3543261548596424,0.3533345073428384,,,,0.35429163168659217,,,,,,,0.353572373557221,0.35359549721062095,,,0.35315802445300465,,,,,0.3536975085501736,,,,,,0.35394595305067045,,,0.3679928650960331,,0.3682815158542034,,0.3356446069234482,0.3357563129633273,,,,0.33677040697258587,0.33654118981872727,0.41143197755164124,,,,0.41045593634205635,0.40914908406026596,,0.4106964946480611,,0.410388740548976,0.4105952471430876,,,0.4106818137936763,,,0.41077403923597805,0.4101189088353874,,,,0.4108051793969079,,,,0.4098140795836098,0.410248963781744,0.4097959093608001,0.4111088984133692,0.4093477274467135,0.4090413830342854,0.40944003629960884,,,,,0.40995632980858476,0.41000120105213905,,,,0.39570601992694604,,0.39557381375714445,0.39605054742985946,0.3961435110122919,,0.39516088751150835,0.3965487800256225,0.39506091974876356,0.39601021686000504,,,0.39657881656465704,0.3962957163811886,0.3960740436503358,0.39648552477717675,,,,0.3957992782411233,0.3961092138904275,0.39491787479068163,0.3954490714554692,,0.3949340754290428,,0.39491372189296853,0.39470636578933455,,0.39442781079875805,0.39531023654275005,0.41048484863337303,0.409833926213899,,,,0.4100395876357775,0.4099016313019369,0.4097931393178129,0.4104276576650059,0.40905495711481227,0.40971795211522727,,,,,,0.39477410658272827,0.3954715670169385,0.3963300122900898,0.393646556872079,,0.393997604794894,0.3945541678706403,0.39532087520352943,,,0.409736934621511,0.41091038073271563,,,,0.4088481153278921,,,0.4089048817438593,,0.40945414411612724,,0.4101260376079102,0.40986940478842354,,,0.41066849890595347,,,0.4095573702175934,0.4085525478878413,,,0.4098751297067833,,,,0.4094697560586972,0.41011126704148826,,0.4105782718085492,0.3944620422444389,,,0.39477720219435064,,,0.39626390351428514,0.39538270388607216,0.3937375958427842,,,,,,,0.3956259672010768,,0.39544437638734703,0.39561466243731114,,0.39522068607120436,0.39668449765837216,,,0.39529376581136444,0.39596095886847754,0.395632171432851,0.3954742782023819,,,,,0.42132422126971064,,,0.4201338734527708,,,0.41259570625005915,0.41225916844424454,0.412710544321365,0.4127462946135372,0.4129911934364232,0.41300807477428275,0.3394478210601858,,,0.3379710198599659,,,0.3294752624737066,0.3300966007831548,0.3305248416766548,,,,,0.21546180819810917,0.21667997466447675,0.11440940027328958,0.114719121186364,,,,0.0679491884690303,0.030889398673406947,,,,,,,,5.932549545243253e-05,5.9281240095149834e-05,5.878154868565439e-05,,5.9051220199957024e-05,5.885723665695506e-05,5.8780127203496464e-05,5.878162174188843e-05,,,5.891860972148271e-05,,5.882871249199819e-05,5.892543485596402e-05,5.8831431059953756e-05,,,5.888546252918951e-05,5.886480279609251e-05,5.884607109376861e-05,5.9976603489466655e-05,,5.987225217484518e-05,5.99837579915702e-05,5.987527175136638e-05,5.9362976242492544e-05,6.036902840858484e-05,,,6.031584307138618e-05,,6.025100730413116e-05,,,,,,,,,6.019752847252871e-05,,,6.0041535039736796e-05,6.0090087754893774e-05,,,6.0157219140405034e-05,,6.003525883036437e-05,5.995250044834702e-05,5.999525182683127e-05,6.0147379926294735e-05,,6.010777526798106e-05,,,5.999227586234344e-05,5.988591046108378e-05,5.9957829375036654e-05,,6.004966013065347e-05,5.976885632896866e-05,,,6.0023449940028504e-05,,,,5.9853705208701925e-05,,5.999381509683177e-05,6.0044263449823646e-05,,5.9931890696929196e-05,6.0063241969983625e-05,,,5.992542036016363e-05,,5.996559686520386e-05,6.010083429507662e-05,5.991851405029439e-05,,,,,6.006191855645738e-05,5.98793592492474e-05,,5.987817070080982e-05,,,5.995343461037913e-05,6.003722543585008e-05,6.0000520890451304e-05,,,0.44375873046411984,,0.44365996353535514,0.44370213808670317,0.44384315787961215,,,0.44549695168329373,0.44510718537479527,,,,0.4437795380372165,0.4438279218549335,0.44412155539477316,,,0.44536477336255614,0.44333574383244856,,0.443098054016485,0.4441301965673641,,0.44484351166633473,0.44390135882728005,0.44260332342039044,,0.44463913738898503,0.4436654095697396,,,0.4453123470858912,0.44294122394950786,,,,0.44457966125557247,,0.444996027538054,,0.44297791477852366,0.4427551780733752,0.4435171913485958,0.4432139423547687,0.4433508877042089,,,0.4426192790748383,,,,,,,,,,0.4454567277220612,0.4435744072284658,,,,,,,,,,,0.443428329734324,,,,0.4432476800236743,,0.4437122964930736,,,,,,0.44394825333580473,,0.4447532431359178,,,,0.44418743878721795,0.4445020839610702,,,0.44433465885914364,0.44363090617585804,0.4431711301870573,,0.44397445688840437,0.44373730942313927,0.44400695959627334,,0.44389267342585287,0.44460146740045087,,,0.4445075199620034,,0.44372044199442473,0.44403038492040675,,,,0.4444700495446692,0.44520831896159546,0.44294488349172445,,,0.4426524143615858,,0.44407609224458106,0.44390685283151693,,0.4450705206041868,,0.44337225687173804,0.44343107163861556,0.4443944258069457,0.44265590018837353,,,0.21541462004075795,,,0.21539293914358348,,0.2145431222931608,0.6355994255713074,,,,,,,,0.6578806362451698,,0.6598610884839989,0.659422769233823,,,,,0.6609706262991076,0.660847698997123,,,,,0.6598268046330003,0.6613627245509758,0.6585201165329091,,0.6615337906777955,0.6607375510648372,,,0.6590228985469945,,,,,0.6610979566788716,0.6590045256043383,,,,,,,0.6621034534811867,0.6597469184753313,0.6610912629864931,0.6604394616184143,,0.6614046943483954,0.6617278585789493,0.6616806436949524,,0.6609880566049035,,0.6605065695551011,,0.6603465701303715,,0.6619928301888972,,0.6593631492694881,0.660434588516598,,,0.6597577589389252,,0.6604699999183641,0.6608285184703864,0.6603647155082142,0.658112301873285,,0.66197006750265,0.6611368385070405,,,,,0.6614996754731758,,0.661921173413441,0.6620306971714127,0.66100437975661,,0.6611111525389294,,0.6576623758291231,0.6614751770843146,0.6604772369366136,,0.6616675795740946,,0.6603960905431309,0.6631590872577948,,,,0.6597934986159218,0.6616266721979767,,0.661632480465713,0.6615753073692373,,0.6613287774307346,0.6614147208880587,,0.6600152227052829,0.661535599227517,0.6606175056465281,0.6594575935019908,0.6593677438097074,,0.6604888660273875,,0.6626567085511623,0.6592514362362709,0.6597914313830122,,0.6616534683316081,0.6592455865692485,,,0.6598751712251033,0.6594718034053393,0.6600514288891413,,0.6630616543016417,,,,0.662165106649921,,0.6607023286352193,0.6611551650357553,,,,,0.6607781488772633,,,0.6620556033839544,,0.6613631904635693,0.6609883566884444,,0.6623327953908574,0.6595119910877739,,,0.6620528283035233,,,,,,,,,0.6611829775354997,,0.6610526589119912,0.6611154586704986,,0.6602319867941316,0.6601562623520841,,0.6613537054420049,0.6597795171584752,0.6614533361561441,0.6624648569795654,,,0.6603221130419182,0.6605856636000357,0.5855150577531089,,0.5870698128372839,0.6328382238086717,0.6303975375221721,0.6308041261028474,0.6661649629237225,,0.6643324861909207,0.6628187138139068,,
8,24,DG_48pct,96,Z12_F10,12,3PH,175094,182025,True,3062.4000142887758,3077.931222817718,3079.294682762333,3390.2193472243794,3420.9544535386203,346.8992319532245,30.848609473194262,3976.1662400925384,4075.688218090317,4218.259048571924,4254.594088556676,5.08733551183892,0.07469504654113271,52.29006485693101,170.88335536026295,151.98852982189237,225.60892259960062,93.7852240882437,114.10728127675333,64.07199216449133,,0.7798813813826374,,0.7854434161690871,,,,,,0.6630678152474905,,0.6682335813748612,0.6701999805171666,,0.6708722730766755,0.6678035454134367,,,0.6666918080294416,0.6697876622412166,0.6618650294610807,0.661287465660439,0.6619820013765316,,,,,0.6527599426783461,,,,,0.6646216583125764,,0.6620984774029742,,,,,,0.621424715452332,0.620710599242044,0.623767556583562,0.6242556883761278,0.6240836375664158,,0.62174919267434,,,,0.6242706268684276,,,,0.6222551008290765,0.6221424441867727,,,,,0.619633182514113,,0.6129944184160133,0.6133939299517457,,0.6125964774467824,0.6119375065568635,0.6123495764576451,,0.6141225524873339,0.6142397777940041,,,,,0.614203104759227,0.6122981530520212,,,,,,0.6140360402493739,0.6135910990599314,,,0.581381928681282,0.5826109498199314,0.3624684720245959,0.3588111989940076,0.35908792548763907,0.3592183268301427,,0.36108746804187913,0.36088823046254526,0.36454484581396024,0.36441250793421104,0.3638590224664141,,0.36470545008741523,,,,,0.36326937398963866,,0.3643556733377663,0.36449875635084344,,,,,0.36373924459101703,,,0.36337205268226985,0.3638943829899025,0.36455544054570554,0.3652576725784346,0.36513164937580295,,,,0.3643184340926469,,,0.36507012264182215,0.3637303976247988,,0.36427929028763484,0.3634593750452819,0.3637896043051337,0.3638887666204404,0.3646524565961411,,,,0.3646306086996644,0.36334274286278895,,,,0.36454926203812565,,,0.36524257293201495,0.3638061909056412,0.36360149551579896,0.3632290947768367,,,,,,,,,0.36445795430935235,,,0.3631779185258211,0.36360006240272935,,0.3639697509103395,0.3643105710605757,,,,,0.3638546168869415,0.3644098645775429,0.3639344059679233,0.36364109959935453,0.3634463568665079,,0.3632355943704501,0.36399478708676986,,,0.3634746454189603,0.3640090453838368,,,0.36406788657366324,0.3642853718430034,0.3651578990630961,,,0.36339224053828767,0.36485820454060075,,0.36412753513303237,0.36543709363694576,0.3645836986541231,0.3641775869566413,0.36507748907746934,,,0.36449103565784774,,0.3641594837807927,0.3637114331495895,0.3641750620865602,,0.3648761946561332,0.3642752166132709,0.36344157413904987,,,0.3647072169127316,0.36314712968615187,0.36427453423510786,,0.3634105286011485,,,0.3639226295240047,,0.36450268365855626,,,0.3644276839348975,0.36434324640265275,0.3648834864720713,,0.3636356588586138,0.36411097988616714,,0.36521244250059703,0.3642250894795545,,0.3640872337898614,0.36379300685242,,0.36453267054322464,,0.37730375672515604,0.37833062950002294,,,0.3475094849351044,,,,,,,,,,0.419842858993965,0.42113337342338936,,,0.4197065198916215,,,0.4198152338193003,0.41920372709990245,0.418853375756071,0.42027755169779046,,,0.41978321540596075,,,0.42036747798657675,0.42023926998141176,0.42002220713044797,0.41957139422662565,,0.4196195258968368,,0.4189670492636313,0.4197993575677575,,0.42013711587648717,0.41982903654818005,0.4202548562729115,0.42058461517650936,0.4195001006887647,,,0.42036595390788667,,0.42078414090019733,,0.4049512500117958,,0.40508737987492527,,,,,0.4051261348676058,0.40657500753806525,0.4055151912953733,,,0.4054735072032828,0.40506196749240875,,,,0.4064320478323844,,,0.40542833875198764,,0.4050286509186988,0.4047258411581417,,0.4042895940515812,,,,,,0.4051453961964896,,0.42102286636324243,,0.41834847594577856,,,,,0.4191548939843519,,,,0.40565985156008566,,0.4048584446627072,0.40559330403770294,0.4049303611868551,,0.40495689143715263,0.40528729925743945,0.40572502499584245,0.4041541329425172,0.40482718780163696,0.4040767396580705,0.4046443106387956,0.4039315447915901,0.41940436690984806,,,,0.4192085636056523,,,0.42055164331995437,0.41881796489736217,,,,,0.42000350071151066,0.4204874763290417,0.41958200346413105,,,0.4191202404806661,,,0.41954749814689174,,,0.41857963031546536,,,,,,0.42045658135176867,0.4047036722697547,0.4045575117891827,0.405022617700315,0.4041431058967317,0.4045674234528653,0.40472996696020463,0.4058627856012849,0.40489351757308906,,,,0.404124475761765,,0.40546480988595174,0.4060307968790695,,0.40478802165456035,,,0.40641626913332735,0.4060404436862773,0.4053613127251596,0.40494958964533845,0.4055511903108079,,0.4067835075953944,0.4051509862238405,0.4057580444833904,0.4061429411006601,0.4312789224404975,,,,,0.4296521378451409,,0.4292639579011744,0.42942206670075217,,,0.4201443796912694,0.4217887830469754,0.4226939212782284,0.42169951420935636,,0.3505229243278831,,,0.349299084148352,,,,0.3407238316323114,,0.3307559757133865,,,0.22832687329102272,,0.12728433947205858,0.12727464145934672,,0.08133454782521339,0.08145071945299913,0.0813615899735179,0.04449973637060936,0.04451701171107656,,0.04445649322251576,0.044585395653527954,,,,,0.01415903151647696,,,5.834531084558333e-05,,,5.8362540514363046e-05,5.866060053289662e-05,5.835185275380867e-05,,,,,5.839393960223596e-05,,5.851684770164546e-05,,,5.856080294067299e-05,,0.014281730155816375,0.014227442379609021,,,0.014118333564515877,0.014309723629706388,,,0.014273352756075169,0.014320988159980478,0.014306913112285146,0.01433045057754034,0.014317270370254426,,0.014327615870905528,,,0.014274767355115405,,0.014259241609971532,0.014282889354445407,0.014279545674006737,,0.014276738473593625,0.014301287733486628,,,0.0142904160406107,,,,,0.014325739152051577,,0.014275471236993366,,,0.01428220113042877,,0.0142883868708974,0.014288168889309526,,,,,0.014275517048513223,,0.01427324490326616,,,0.014255315402186722,,0.014266731820762315,,0.014256141834755362,0.014276762493631693,0.014251292269880835,,0.014236251356698561,,0.014321530898928023,0.014293802385285902,,,0.014243146041217689,,,0.014309799216461146,0.014281457558917713,,,,,,,0.014292739394566082,,0.45322498101577774,,0.45256594226244834,,,,,,0.4524843687319645,0.4534899427922208,,0.45348440232786363,0.4523005742338471,,0.45434854461623164,,0.4543696590234146,0.45392321781488487,0.45253223161687467,0.4536710747571457,0.4528850863209771,,,0.4530593056204963,0.4525769152264831,,0.45405965595522646,0.45272960530648565,,,,,0.45437927480272977,,0.45307777034985464,,0.4542016769815722,0.45190814954544756,,0.4519417362124764,,0.4534154027364516,,,,0.4521077233907733,0.4512727262728777,0.4525313594234849,,,0.45172776740081316,,,0.45143197260840695,0.45237526496875696,0.45286677781542745,0.4522435138179673,0.45310027451180634,0.4537944084559785,0.4528878716801367,0.45326146364196707,0.4538690958869703,0.45198662138353357,,0.45470137500342644,,0.4522111832772481,,,0.45268796117712634,0.4525143814683805,0.4530142017704405,,0.4524293077189799,0.4532813900548195,,0.45294086679597756,,0.453057017866874,0.45264450614216595,,0.4528723681102639,,0.4522100539835124,,,0.45257781725655255,0.4520803816447923,,0.4530637367195579,0.4531148633772321,0.4552231433288009,0.4534547610382976,,,,,0.45211479566377466,0.4542868082640076,0.4532598112475365,0.4540820867441968,0.45401143268206706,0.4535655727961225,0.45403288951021653,0.45382912697329675,,,,,,,0.45373017276150873,0.45147711691124487,,,0.45279787460612153,,,0.4531131209612005,0.45306723176444785,,,0.45271901209791554,,,,0.4535677814052444,0.45147012526540553,0.22698263716736589,,,0.2268162836970898,0.22707886831531854,,0.6412746067245475,0.6834227164547099,,,0.6347548240047364,0.01419982662806915,0.6650631743279933,,0.6653420586775887,0.6649019409925614,,0.6646686728010792,,0.66423440600075,,0.6638864853804713,,,0.6652853318173867,,,,,0.6653274080618714,,0.6656427873048785,0.6662030883157112,0.6648462157833365,0.6638341138487502,,0.6648057319323905,,,,,,0.6667335772449613,,,,0.6647304173878299,0.6628300253385906,,0.663461227551893,,0.6641481972589969,0.6639058776104092,0.6654554646307175,0.6647636891770551,0.6635489409720826,,0.6670608678743061,,0.6657242038005888,0.6629496692219811,,,0.6669990013537683,,,,,0.6659268524763998,0.6673607368772747,,0.6653031171519194,,,0.6660732518302541,0.6632796457685118,,0.6644844812557305,0.6655065385216766,0.6655862989301093,,0.6627286378153484,0.6662030689117692,0.6653803115109559,,0.6639355887825887,,0.6640227276243299,0.6653738080896222,0.6666705588767711,0.6646556289329258,,,,,,0.6660701467403004,,0.666487516262039,0.6652121211720374,,,0.6677068112917884,0.6645763143006533,0.6653031282762529,,0.6646501416192503,,,,,0.6658759759207094,,0.6647990201810414,0.6649914684066093,0.6648201929670591,,0.6654874652915188,,,,,0.6655994439317927,0.6643342161974588,,0.6649571644052257,,0.6651787769637489,,0.6652855167947415,,,0.6661968388182726,,,,0.6655627556929118,0.6653270024407738,0.6657998241086941,0.6654302195091539,0.6655493293510231,0.665772161885236,0.6657104298061708,,,0.6645601387951957,0.6635914445055053,0.6643051011291679,,0.6646029249871578,,0.6662647835835568,0.6631663918246093,0.6645532454677905,0.6641206774278402,0.6649227477547475,,,,,0.6651609123642892,0.6647840254508116,,0.666825242995621,0.6635875951520226,,0.6635996464965604,0.6655294994811948,,0.6650283366587599,0.6662086164106173,0.6642296738452577,,0.66307401825747,,0.666778990864906,,0.6630477430399083,,,,0.591940211181646,0.5915521407384392,0.6386348255302547,,,,,0.6664876616058487,,0.6681031731216687,0.6694074405443183
8,24,DG_48pct,96,Z12_F11,12,3PH,182909,182152,True,2783.907920748495,2699.988291970993,2695.5606885356588,2817.6228695311243,2865.8991061199886,416.2601192622086,37.926076787794294,3621.3927208620385,3706.544358096582,3944.6299812070174,3940.935302994624,0.020012308210510487,0.00029246799210645393,55.611532881700505,180.41608394250827,182.8627110609675,284.95271216459696,118.09735230612371,145.17748450581166,106.33862316058716,,,,0.8091694989388147,,0.8082984198112311,0.7631252397819027,0.7022355699544468,,0.7034459209188013,0.7004677990314263,,0.7122783107367444,0.7101255638628218,,,0.7120118572555704,,0.7093651039863514,,,,,,0.7018969754453337,,,,,,,0.7024328010833378,0.7044029898907678,0.7050936352028753,0.7032838627192416,,,0.6656824739928026,0.6657286707901564,,0.6712302691600065,0.6704231188035836,,0.6720809803887835,,0.6742200199692248,0.6734203091051258,0.6728310405604331,,0.6733562166688027,0.6739102257092444,0.6719206705110577,,,,,0.6727587898708006,0.6693164562088872,,,,,0.6647835539817222,0.6656171658661925,,0.6643089161779939,0.6641407689598268,,,0.6648395304222459,0.6649684536762014,,0.6647002325184252,,0.6651603761316303,,,,0.6626966892829144,,0.663762152709106,,0.6648310617104083,,0.6643334069774979,0.6353262380057885,0.636919027527272,,0.45830200596442633,,0.453411053186758,,0.4553338576063422,,,0.46096035401101243,0.46208317931662707,0.4620137505304502,,,0.4606407055990114,,,,,0.4621935782209198,,,0.4609087494265353,,,0.4615693468705498,0.45979187833085355,0.46113720014300635,,,,0.46063363450675243,,0.4601449040811307,0.46040125083130495,,0.45943739538930384,0.4612536705053672,,,,,0.46156846843158283,0.4586134763177106,0.4617135253823066,,,0.4592853163839918,0.4615738602308506,0.46068549984566654,0.46152833057743226,,0.46181360235369356,,,0.4610183954296121,,,,0.46092642715763005,0.4603086942310688,,0.46124085289547734,0.461182925801105,,0.4608797276057629,0.46076148075053464,,,,,0.46128736910312185,,,,0.4603733817473316,0.4600163908715412,0.4613642867983759,0.46098341031660417,,0.4604699934631043,0.46118839992718685,0.4599692939573237,,0.4597434211337649,,,0.46279878403506713,,,,0.4611913907345122,0.4617533354124127,,,0.4601521688858165,0.46183854292386595,,0.46098435895549905,,0.4613410713782614,,,0.46028773405995704,0.4613267522915717,,,,0.46168087370559135,0.46022151605575523,0.46201364670242634,0.46177948784129946,,,,,,0.46066131576193353,0.4600113024436784,,,0.46075862885879765,0.460621850187832,0.4593689440467874,0.462920696636891,,,0.45914270571514004,0.45982860640814543,,0.46168003333106516,,0.45937481081276815,,,0.4611664936153285,,0.4613129222776087,0.460528647090204,,,0.46156275620361925,,,,0.46200425000646167,,0.4609384743528259,0.45953264239459385,0.46178082618848953,0.46610202429828607,0.4660487517260618,,0.48942885887337434,0.44441239087782225,,,,,0.4429431639596908,,,,0.5072896941804518,0.5067374049161688,,0.5071687983399736,0.5071035900437127,,0.5076382267706148,,0.5057267319501141,,0.5088543399809741,0.5081194584814157,,,0.5076479050325864,0.5068675748449263,0.5081597292092574,0.5064848996926827,0.5072652768307326,,0.505207597617685,0.5060926690721381,,0.5071118105046855,,0.5056542144472286,,0.506042946034085,0.5071317671410188,0.5058095488463895,,0.5054734608231948,0.5067388160443246,0.5075114755366107,,0.5071622472026092,0.5074979332328885,,,,,,0.4966615504548911,0.49457420910346594,,0.4958661262978296,0.4953022778606491,,0.4944833431404429,,0.49406156973048587,,,,0.49433981742757,,,0.4948947585591285,0.49481285861047625,0.49572913857198514,,0.49437128808982406,,,0.49204238824793395,,,0.49344655084676836,,0.4958185144574636,0.507421448177511,0.5068305657291546,0.5057403227269865,,,,0.5070678630489744,0.5060960823212445,,0.5067141145355423,,0.4961778888703812,,0.4938562653908291,,0.49460377898129815,,0.4923215648530478,,0.49443713269482314,0.4946371562992175,0.49363995294223173,0.494544625057679,,,0.4937700506751737,,,0.5069830213238767,,0.5059126749870259,0.5062475068030594,,,0.5068087720664012,0.5064710162180832,0.5069005054703974,0.5074861310092835,,,,,0.505625357874373,0.5077289817801259,0.5062749394669082,0.507669400339391,0.5067283607627027,,0.5073776843413259,0.5070438539045733,0.5051229139395369,,0.507104678645583,,0.5066084422142001,,0.5057064961397107,,0.49390659814123994,0.49441118847027143,,0.49435678861225946,0.49257236369915175,0.49559569565795447,,0.49504870662236344,0.4941050093876008,,0.49337805491217185,,0.493092022282886,,,,,0.49448119662281026,,0.49382191287057203,0.4953335176062829,0.4960391587307911,0.4939495068184544,0.4947452841472065,0.4946472217799257,0.4943180981218962,0.4958335877916298,,0.5163885352119594,0.5169646958788061,0.5173337109958459,0.5172211879996579,,,,,0.5161359810212309,0.5070416128102659,0.5072858367460604,,,0.5063021560680143,,0.44809076712330037,0.44826838385957357,,,,,0.43664251488187394,0.4347722602417383,0.4353577975337326,0.42308992249573524,0.4233824490832487,0.42203344679588584,0.3381643142357711,,,,,0.24501201998463415,,0.20296751564643795,,0.16805983433376998,0.1675072529655135,,,0.16742794799570074,,,,0.10216148895190896,,,0.13905427893568612,0.13857682173353641,0.13876511334521824,,0.13877841384909942,0.13878361226523048,0.13869630233442148,0.13912074848942393,0.1385245091371263,,0.1386252712703484,0.13890905609041979,0.13858232614767899,0.13885162803242873,0.13897514250691917,,,5.602367625272831e-05,,5.592004973976093e-05,,,,5.630842970394818e-05,,,5.6205581325573306e-05,5.6180493512327156e-05,,,,5.626511377025704e-05,,,,,,,,5.602135564699808e-05,5.5953870610846834e-05,,,,5.602384084253146e-05,5.581055670810151e-05,,5.606239256139512e-05,,5.593685250503206e-05,,5.590550308974494e-05,5.6082765486302264e-05,5.602086744975142e-05,,,5.611794050586222e-05,5.601422487548692e-05,5.601620431713314e-05,5.6022583231579893e-05,5.591022497089747e-05,5.604479172356305e-05,5.585442844066168e-05,5.596631549124307e-05,,,5.5878808967871846e-05,,,,,,,5.594028509015287e-05,,,,5.5885157426481394e-05,5.5966966094693305e-05,5.590529535123936e-05,,,,,,5.598835068317432e-05,,5.591877704315718e-05,5.59299074247752e-05,5.5876416683542615e-05,,5.600781185225108e-05,,,,,0.5351786297607182,,,0.535145011183365,0.5341081006964732,0.5353164772274762,0.5358707169777358,,,0.535247115074412,,0.5356063861866907,0.5351314698527925,,0.5337288864061185,,0.5354266294968143,0.5334503270703053,0.5336655855764928,,0.5341576380552939,0.5339154902783994,0.5338465517918862,0.5351395316328087,,,0.535154393289456,0.5329697812485625,,0.5342521285485521,,,0.5360388998863796,,,,,0.536129508591599,,,,,0.5323161501760767,0.5347620699819471,,,,0.5346289963796639,,,0.5347699198218644,,0.5336065474775548,0.5333054264523001,0.5350657034499083,,0.5352984388363563,,0.534930461643156,,,,,0.53447394694609,,,,,,0.5351934234503425,0.5347835158269115,,,0.5348786420692451,,0.5348776206506515,,0.5360724785830853,,0.5355496158794443,,0.5338022618271144,,0.5356653935132237,,0.535459059608428,0.5346299798509778,,0.5335893284219169,0.5352413940697357,0.535299751867025,,0.534963701751632,,,,,,,0.5350208469062124,0.535203377805803,,,,0.5370592174998615,,,,,,,,0.5325804668955907,,0.5334428056418784,0.5332536438837344,,0.5338101354402036,,0.5342600938593893,0.5335469323768108,,,,,0.5346999977319336,0.5338661614488486,,0.33696638946700835,,,,,0.6872053172177951,,0.6826121473089635,,0.6815499809279638,,0.7060260826701463,,,,,0.7044792484713984,,0.7065997221937653,,0.705069685732565,0.7046186221389269,0.7065622236685968,,0.707584546881445,,0.7036226535559293,0.7046789913422237,,,0.7040278478310283,,0.7051185880115253,0.7053248132884816,,,,,,0.7053933016477411,,0.7069095637632844,0.7050403638011785,0.7052537447326894,0.7061816526790926,0.7063202990711189,,,,,,0.7055332065223363,0.7061189654149844,0.7061444506497805,0.7058306078725503,,0.7038023891579677,,,0.7071351761032426,0.7023967784202113,,,,,0.7064965675394808,0.7048603016871539,,0.7050195982151705,,0.7074517027490785,0.7061799082055469,0.7064203752338128,,0.7025754541983529,,,0.7075401410935869,0.706776463503433,0.7049131002956119,,,0.7056756757143298,,,,0.7055679914083377,,,0.7057556140843062,,0.7051007610707218,,0.7069642267997379,,0.7061576200488365,,,,,0.7065565972595345,,0.7051422079346621,,,0.7067329309037802,,0.7081706356046484,0.7057533110911037,,0.7052823783748688,0.7068921424373203,,0.7028865704456595,,0.7059632911333995,,,0.7064541652789694,0.7055922652850346,0.7047770336535313,0.7048784244768505,0.7080955413301029,,0.7057617192502429,,0.7051515217485519,0.702562572962106,0.7057758480683088,,0.7032195779227636,,,,0.7044968847661885,0.7061329296737664,,,,,0.7061804959488006,,0.7059014534373694,,,,,,,,,,,,,0.7056576632911014,0.7049600795714892,0.7042419372629234,0.7063761707703068,0.7048770444874533,0.7069430386859061,0.7042077623354395,,0.7067469982628818,0.7052491812720211,,,,,0.7052573836109111,,0.707135609178902,0.7053142385586626,0.7040885197190205,0.705446185759756,,,0.705967929408642,,0.6406636245228743,0.6402013698750241,0.6421695385318501,,,,0.7135664937720293,,,,0.7104355321170839,0.7116387060735908
8,24,DG_48pct,96,Z12_F12,12,3PH,182910,182155,True,2827.3812273798385,2735.2651214675857,2737.64762298986,2944.350714383216,2955.2005092230393,401.37639008167247,36.500670437024986,3689.852565411283,3777.246371051432,4001.7492320762535,4045.344785704391,3.2889121943228528,0.047837074209188334,55.02502298875254,179.66065655590054,176.787036741261,272.8521767507348,113.59051542911581,138.75241083793713,98.59638139353028,0.7971144190507271,,,,0.8003729927018441,,,,,,,,0.7025895646196857,,0.7027469626646541,0.7010333565558534,,0.701321677063918,0.7017368481034444,0.7036178029453679,0.6976959931549077,,,0.6941088217086759,,0.6963415763217032,,0.6862382669762919,,,0.6986730769402495,0.69472778374536,0.6955456076711963,0.6985950262899396,,0.6819919405796406,,0.6589888014387859,0.6589257813935495,,0.6614785588705766,,,,,,,0.6656301815815365,,0.6648830181270158,0.6652616149877867,0.6642470433628782,0.663562165433166,,,0.662426936528634,0.6641230819937233,0.6598272422088928,,,0.6590418327848977,,,,0.6560678504503711,,,,0.655334923079273,,0.6561053196435984,0.6565552869416792,,0.6558566963552486,,,0.6554793510531839,,0.6519316007618742,0.6540827040718996,0.6558803485190933,0.6551023082948138,0.6547250307409769,0.6547586617389508,,0.6280262244937584,,0.6259043513733175,,,0.43704429112400395,0.4371903284765295,0.4392426437045777,0.4387456683791876,,0.4416078646181028,,,0.44207235002541406,0.4434279170444138,0.44292858099276083,,,,0.44165596424373965,,0.44274767516078223,0.4426070695500853,,,0.4420681582663546,0.442356018584892,0.44313751434392856,,,,0.4432580848518446,,,0.4428738227461922,,0.4412277504017852,,,0.4412760662789864,0.4423796063070332,0.44146356309647716,,0.4419682304256312,0.44263606766485236,0.4413969061225508,0.4422892891235977,,,,0.4431834497325798,0.4401932422529659,0.4420592208185011,0.44277975606014863,0.4435853469778435,0.4423417993149903,,,,,0.442710726519832,,,,,0.44261301424727495,,,,0.44144095910295456,0.4436286200395807,,,,0.4427083334605528,0.4417309034825354,,,,0.44122689111112817,,0.4436401327783517,,0.442508297498087,0.4422401213768793,0.44283599410721924,,0.442171490324949,,,0.4420732885952649,0.44231692670993444,0.44154254876438664,0.44189419966559224,,0.4424164117416308,0.44340180929700856,,,0.44248879977669864,,0.4431284973846427,0.4429078533125341,,,,0.4432235446149781,,,0.44289489811614935,0.4433194079851066,0.4430981193679588,,,0.4412583261461038,,,,,,,,0.4426558582364784,0.4411575610439182,,,0.44233411615470924,,,,0.4422805697563007,0.4414862550946831,0.4436834918308166,,,,,,0.4433642361755972,,,,0.44369091010263506,0.4414951301479862,,0.44236114428061374,0.4412709168677477,,0.442237295087235,,0.4408576608453201,0.4487431893199615,0.44874802294445193,,,,0.4255252045938248,,0.4247053021705328,0.4259495325980014,,,,,0.48975234938298684,,0.4894472761269746,0.4904940147197199,,0.49066433508685836,0.49092707286439247,,0.4905139246230305,0.4909624588227733,,,0.49152564567354307,0.49109254882461334,,0.4904920343711516,0.48944958820646384,0.4899780062419865,,,0.49064660874381916,,0.489667205350755,,,0.4890526987541765,0.49009550956245773,,,,,,0.4907248089659569,0.4898786801378691,0.4907243162606247,,,0.490241691842247,0.47727834632220956,0.47700641616044054,0.47865045198852035,,0.47796501716997486,0.4786968779494369,0.477671552915382,0.47768473966364644,,,,,0.4762807537937782,,0.47899635456818407,,0.4772282730439486,0.4775815995279801,0.4777042408473848,,,0.47820519249607363,0.47740448108385475,,,,0.47692669462489073,0.47772375606813217,0.4759663994230614,,0.4777041366675661,,,0.4901119768068474,,0.4900363792386622,0.48935529161755387,,,,0.4912630360695768,,,0.4774979183106799,0.4772620480935541,,0.4758582290519065,0.4790444706516658,0.4771887920120175,,0.47657391471694727,,,0.4779025120704543,0.47574770403933,0.4770640148838425,0.4763487572692759,,,,,,,,0.4899366953599838,0.4895894945674383,0.48964465754916286,0.4895926768718096,0.4908126530066872,0.4907757591709393,,0.4899761802232124,,0.4898779954815469,0.49010857452388934,0.48911235381045065,0.4899361534384106,0.4896458944651602,0.49049316479551225,,,,0.4908281693605107,0.4901073166994727,,,0.489765555452126,0.4912817573467155,,0.4775572300256982,,0.47744485674633,,0.476764910284923,,0.4776661500764786,0.47627851478037053,,0.4768567340795277,0.47739969409098565,0.47570364892741934,,,0.47519632011020174,,0.4764975583526966,,,0.4775314012851444,0.4780510587148351,,,0.47688878038344307,,,0.4776309551223103,,0.47710277234342063,,,,0.5014373668189592,0.49854346054679566,0.49942365985104237,0.49902583341205303,,0.499375569723412,,,,0.49095785432353056,,,,0.4283774707156865,0.42919782266601997,,0.4270844119503624,0.42690407542059455,0.4170680500606853,0.4175679229522284,0.41628421574648344,,,0.4059768341335,0.31648667122777363,0.3170952722707313,0.3163636435926931,0.22319496932059205,0.2228333575212374,,,,,,,0.14372978469084705,,,0.14376891809512263,,,0.07767313521598951,,0.11459731283933011,,0.11414104190295277,,0.11475186795498675,0.11452732199707598,0.1143537577864289,,,,,0.11446798591028634,0.1141499016211728,0.11438743040320405,,,0.11428588725905896,0.11443309885499121,0.00914898738020433,,,,,,0.009209807821910951,,,0.00923076395394537,,0.009229707103759366,,0.00922510394953095,0.00920588121246202,0.009176919790341083,0.009228404266298635,0.00921476044771112,0.00915891542455034,,0.009181696641138609,0.009154195843531533,0.009193813254426033,0.009145833847747333,0.009153431408591648,,,0.009195439447130069,,0.009183350783605085,,,,0.009170311804239764,0.00917840061740356,0.009174723868282183,0.009184536605525007,,,,0.009184946978540231,0.009168396096028071,0.009175193355834228,0.009160545130492815,,,,,0.009188921592268367,,,0.009180529297276937,0.00914551325203988,0.009156507079702841,0.009176992555766992,0.009167414897340624,0.009165831601009734,0.009181024906257051,,0.009158394288429409,,,,,0.009192359614765727,,0.009170336885910077,0.009158594325230182,,,,,,0.00917094307643249,0.009192556614104194,,0.00916365891730762,,,,0.519373371400649,0.5198141950261271,0.5182598075132107,,,0.5196496333876788,0.5174904306831861,,0.5193260613010221,0.5184569319920825,0.5183374950087046,,,,0.5202787473923912,,0.5186399304106364,0.5197132364798244,0.519684439488625,0.5189824648120044,,0.5204473269062408,,,0.5200493298734641,0.5184472266565668,0.5193942182802989,,0.5184662877362983,0.5197695322677551,0.5198045200703468,0.5202400710012779,,0.5200556310168225,0.5210281414579062,0.5182047385255523,,0.5184272911480001,0.5190141864890845,0.5179500109120188,0.5191643919577257,0.5192311329115716,0.5167410469182206,0.517752043194001,0.51805173945077,,,,0.5187798444557212,,,,0.5178943546823258,0.5176258621006352,,,,0.5195117770350115,0.5194144583844748,,0.5191899083911727,0.5193651292503475,,0.5111368117050171,0.5171621521400678,0.5159720292859197,,,,,,0.5187425511498203,0.5188982291339787,0.5186182375770377,0.5194465193358274,,0.5193880295040435,,0.5198011267721238,0.5191550895377012,0.5189081154944335,0.5195310380586241,,,,0.5202131970305757,0.5189828617511717,0.5193199090228313,0.5202960707966068,0.5187655698213618,,0.5200864806966715,0.519395522294447,,,0.5197611304871083,,0.5197070251161158,0.5204008503073068,0.5206094844649466,,0.5197842626007242,,0.519327601126128,,,,0.5177951532957464,0.5169595219367457,,0.5172537732205308,,0.518653316129528,0.5184296147126845,0.517018219640677,,,0.5172728626048826,0.5196736611610605,0.5180791933880594,,0.5180438911880142,0.517426989273684,,,,0.3159415885089977,0.31624928866675744,0.31541030859225383,0.31642839367778425,0.3161249901947153,,0.6799745919040255,0.7115538031902795,,0.6731083454455472,0.6742959198707236,,,0.6982823542215356,0.6981593196969166,0.6986388253216341,0.6990263817569211,,,0.6981551442824662,,,,,0.6988046830231814,,,,0.6980213769347978,0.6985166580429941,0.6985776266559746,0.6971321107500793,0.6978222565587651,,,0.698268162473648,,0.698497972379452,,,0.6988568672613898,0.6983683179340037,0.6999915904507445,,0.6986027911574737,0.6979320493054203,0.6986158347059932,,0.6981847329692873,0.7004904557109433,0.6963427838141977,,,0.6964582951097738,0.6988844026858352,0.6979464454082253,,,0.699689268787753,,,0.6957034345591291,,0.6983567860118305,0.6995859773744688,,0.6989064494189465,,0.6998262622355924,,0.6970493502669869,0.7001012201397058,,,0.6987161874325697,0.6962835319976788,0.6974591862516809,0.6983557701231236,0.6961084830845566,,0.6987777302517435,,0.6993864705643398,,0.6967886435856683,,,0.6986389679306073,,0.6979394759086514,0.6984539436822469,0.6993418421790663,,,0.6998464697339736,0.6991407003816333,,0.6980896147524398,,0.6973624413062296,0.6987752752061478,,,,,,,,0.6979364461433062,0.6991439435977774,0.7000452448079406,0.6985030898440985,0.6973225881121057,0.697887051492139,,0.6982472580838052,0.6960658429968315,,0.6988537287023138,0.698195486608053,,,0.7000928202904645,0.6993516044753967,,0.6977426443195779,0.6970913400461689,0.6990458460451437,,0.6990327139952638,0.7001781275810482,,,,0.6984090934804829,,0.6969388447479312,0.6967142271886385,0.6978397331135575,,0.6976104770904932,,0.6987850702756813,0.6975564269578514,0.6995549319080139,,,0.6989824099557599,,,0.699626233212461,0.6991204978090635,,0.6989595179309961,0.6983338527461095,0.6979528912623661,,0.6976064696676498,0.6990094429540349,0.6998818501372228,0.6972656229161935,0.6975284755670448,0.699141334354287,0.6967553856249257,,0.6977522773606629,0.697340728292896,0.6996710768307433,,,,,,0.6995987836134319,0.6971251895240619,0.6993987893653635,0.6974709532237687,,0.6969932288059196,,,,,0.6772373315421062,0.6759294024806697,,,0.7018516367457948,0.7023075216263197,0.7033065906382222,0.7038021623840711,0.7015064295490534
8,24,DG_48pct,96,Z13_F01,13,SLG_B,182901,182148,True,5734.162063415721,5589.934015993185,5507.789098763363,4757.3125071332215,4700.463045437066,695.6918429235561,61.15112516913235,2933.2267487154377,2945.9191923478,3473.805005258426,3549.07160604706,4185.331275693531,4.390223269352658,59.85242259046917,195.59402362808976,302.76656674798613,522.1354039255332,214.46193626345425,250.468716974655,325.44300168525996,0.7297280726752575,,,0.8141992632107127,,0.6966861374344883,,,0.584031440624761,0.5841974810994249,,,,0.7689999731074673,,,,,,0.547326851393987,0.5870266226817474,,0.5828992053782608,,0.5829174325846154,,,0.5788853092752397,,,,,0.5828999880622273,,0.582603522416123,0.7863811658503644,,0.5587882221673564,0.5573118443195737,,,,,,0.5491442249679019,0.5498860762655992,,0.5499952670606767,0.5475109635995755,0.5486766767645753,,0.5488634807977355,0.5491554199252433,0.5478301428234684,,,0.5487896402187039,0.7802442269998271,,,,0.7804218921223224,0.7791993982321451,,0.7825774941481316,,0.7786030365018337,0.7792554157089412,0.7810429659803755,,0.7796217001919487,,0.7815948870138031,,0.781915289974685,,0.780858002154301,,,,,0.7825791342781754,,0.7830680247157478,0.7817169573156637,0.5026597596333774,,0.5039089273495566,,,,0.38728640671610925,0.3881751487919098,,0.3888382155434391,,0.8916114932253449,,0.8900331419790349,0.891918108833146,,,,,,0.8933374624763765,,,0.8913401773171726,,,0.8907194820293898,,,,,,0.8925315678136986,0.893025910088333,,,,,,,0.8897749599776789,,0.8910928042208834,0.8894727288782982,0.889220898032496,0.8913214159503996,,,,0.8927519986449253,,,,,,0.5673999595705402,,,0.5674443707565299,0.5675473071073479,0.5672079813855652,,0.5667275059011276,0.5680938197584553,0.5681748058686358,,0.5672115624485993,0.5666491383313011,0.5675521231501442,,0.5702057460439891,,,0.5675031628025997,,0.5710577365144343,0.5669027348873364,,,,,0.5670586783610329,,,,0.5662594839046616,0.5688942959700379,0.5686571508559403,0.5679771935177321,,,,0.5676316533803704,0.5697413221851224,0.565436768490739,,0.5682128785549732,,0.5554796530000379,0.557542390959721,0.5557795525940468,0.5570332849896882,,,0.5561425648547837,0.5567284337680174,0.5551496180889895,0.5563409574513696,,0.5572485343756145,,0.5556412895894038,0.5568416229241273,,,0.5564537607978686,,,,,,,0.5547206074454563,,,0.5550656891178605,0.5562559085272096,,,,0.5574594245975203,0.5572307741800896,,0.5557035294595257,,,0.5578576803681268,,,0.5564159875620768,,,,0.554901035527588,,0.5547570162607158,0.5566360286239356,,0.5551801418199637,,0.5566474314009341,,,,0.8792192655942254,0.8728183504114906,0.37597574346318113,,,0.37563623464644363,0.3762933801557094,,,0.8843653534088649,0.8835955119244291,0.8848518063682057,,,0.8839269633028529,0.8836898858658,0.8846996462849799,,,,,0.8837991645414549,0.8849513346629759,,,0.8844078238787254,,,0.8855116128263133,,,,0.882148023159102,0.8848498186689199,,0.8853092275565625,0.8823444658798644,0.8849744115030418,0.8839816604049334,,0.8816992928981965,0.8822573051417031,,,0.8835994296308662,,,,,,,0.8832877612388957,0.8851283947279597,0.8831742732445677,,,,,,,0.8828132013187364,0.8846668388845623,0.8870421032783343,0.8855812186722996,,0.8842198262807024,0.8837191453470661,0.8842994387925167,0.8851054963220492,0.8829656010782414,0.8828943697202144,,0.8840109646922077,0.8842883077438254,0.885303607288943,0.8798147042298146,0.8852294089083903,,0.8837425105785455,0.8846635015946085,,,0.5726236536061746,0.5729632038519636,0.5731777871400594,0.5737354465586115,,0.5728120549821756,,,,0.5675268349844131,0.5691126320021352,0.5695574833929162,,,0.5709006792969935,,,0.5693951690258776,0.567291215595425,0.568358813090144,,,0.5687553640360286,,0.5718261504165941,,,,0.5724049469253962,0.5712840440548524,,,,0.5731980648995166,0.5725442924471987,,0.5727114346857959,,,,,0.5723705903670682,0.5725217903726054,,,0.573471284160612,,0.5714380700068515,,,,,0.5731789216728103,,0.5720790016523719,,,,0.5698411656383574,0.5691170083398643,,,,,0.5712359190520936,,,0.5666795885760635,0.569224336567775,,,,0.5695016921809484,0.5697322645074828,0.5709071774138931,0.5707339788510348,0.56938690888603,0.5701577873164251,0.567987624816315,0.5691355811527292,,0.5703519536899612,0.5686152594868008,0.5685187914064463,0.6038604480266567,0.6008510507735721,,0.6025826840496699,0.8885825154131763,0.8906423611564542,,,,,,0.43922544709855754,0.43991934778058145,,,0.8835326192356368,,,0.37644743379485185,0.3775609081893187,,0.3737440112370083,0.3738175619594376,,0.36856389434209413,,,0.8693534626641192,,,,,,,0.3179507494793869,,,0.2865580952798941,0.2858782719837163,0.28705651612459177,0.2868603155820904,0.864019929424592,0.28607962216253235,0.6553356715583054,0.21280247394191917,,0.32924824558182486,,0.32801571001397045,0.3290611195169517,,,,,,,,,0.3296085745110906,0.32949058984021945,0.32912450185162667,,,,,0.7042394205619054,,0.7066860862799856,0.7049980030661893,,0.8599682362006589,,0.8626294324447364,,0.010512580252426846,0.010518296285674928,,0.010563185660349155,,,0.718418632677695,0.7196435551250141,0.41149626930389616,0.41255750756327136,,0.41154347554710646,,0.4139289880304224,,0.41241959979858256,,,,0.4114834864250578,0.4130760372956176,,0.4111879690185753,0.41208463660976025,,0.41126057859244985,,0.4098950907711964,0.4110864620952062,0.4097394688742972,0.4108225064961308,,0.4104328222965685,0.41054456727015853,0.411562488946789,0.4109395183381489,0.4113275378286488,0.41183059268977235,0.41242792470218276,0.4122314028521472,0.4113836664004863,0.4123092756426259,0.4120372050970438,0.4103381252534038,,0.41153401376738097,0.4116850165129351,0.41191069879165443,0.4112782328627984,,,,,,,,,,,0.41095235817170706,0.4106677392866622,,0.41160596563137186,0.4107580479573494,0.41175862592835893,,,,0.6154202066060259,,0.6151879342108462,,,,0.6153922570017405,,0.6144763792283406,0.6144061017104252,,,,,,,0.8831592650793402,0.8850083403863784,,0.8848515993326755,,,,0.8824939415976624,0.8811806696426085,,,0.8836845270993942,,,,0.6165346014568426,0.6161831214192937,,,,,0.6134753479789622,,0.5811212670931252,0.5827345928377363,,0.581265019335029,,,,0.5794830297452317,0.5807902357047013,0.5774725427982379,,,,,0.8844096753578982,0.8826103454458462,,,0.8884794787526015,0.8863458864360327,,0.8854281752954068,0.8867099418965665,0.8833836784888559,0.8845729094038118,0.8839418076135082,,,,0.5799503266127187,,0.5804161139644224,0.5804323242314267,0.5835216036548545,0.5817413708616697,0.5804230730774981,0.6171148592462065,0.6157961447233113,,,,0.6157033206127609,0.6143109741772702,,,0.6150016206095964,,,0.6154601592053843,0.614875153608268,,0.6143833933181216,0.6155243425221102,,0.6152793095240334,,,,0.6160398092061631,,,0.6169208599241492,,0.5815974268502917,,0.5795153014920893,,0.582354204104501,0.5825067787586368,,,0.5821375273115159,,,,,0.5798086553807088,,0.578282412210262,,0.5815798230295889,0.5823327652846455,,0.5823165155764994,,0.580930641413634,0.5822475285034133,0.5813564653086776,,,0.2954827132437588,0.2947195443579671,0.2943618888879116,0.29503055397794115,,,,0.5649821918235676,,0.5634528870742948,,0.5838000134315224,,,,,0.5836483376822424,0.5846625989837336,0.585105472333742,0.583382481018082,0.5842628520416373,,0.5843898074555023,,0.585807967306431,,,0.5846331788500376,,,0.5853031837177538,,0.5835581793857872,0.5859964684201112,0.5841729973325521,0.5849544267721257,0.5841238184506363,0.5839024084724723,0.5839800880298828,0.584386753635497,0.5845376921376759,0.583873962553142,0.5860889473310653,0.5860785623023308,,,0.5839268194189192,,0.5846223684005711,,,0.5847475036083412,,,0.5854985166449056,0.5845657440463459,0.5841136710821246,,0.5848468897524223,,0.586165846218579,0.5840382394042575,0.5846504633062707,,0.5839774158034174,0.583267770600019,,0.583085858837854,,0.5841888981573472,0.5854896832064541,,,0.5850470257327105,,,,,0.5848144646953778,,0.5850407807701579,,0.5844863481179241,,,,0.584709534216566,0.5834626545340164,,,0.5844702323753896,0.58379877792452,,0.5856949525362679,0.5834726739702624,,,0.5831607346310459,,,,0.5816606295572492,0.5837550825806385,,0.5843723859725682,0.5847682525813562,,,,0.5858888359828416,0.5856063531078439,,0.5840980736343154,0.5824779141091875,,0.5857646659408655,0.5843065298709955,,,,0.5840556375633649,,0.5841809428760381,,,,,,0.5846953897017134,,0.5846992726704618,0.5850255309182307,0.5854387038932986,0.5833871405961933,0.5854469369464538,0.58464855317708,,,,,,0.5850077056568941,,0.5852700897599802,0.5853579799065329,,,0.5841053089202888,0.5850805106098254,,0.5866460932627948,0.5836557875868954,0.5854583015075017,0.5863249359706348,0.5852972513294726,0.5850183166020716,0.5855899616698552,0.5849574961051957,0.5858360929332457,,,0.5826846968900137,0.5833911313308437,0.5843210619677004,0.5871704639580244,0.5846518371783852,,0.58331363410726,0.5855245522100044,0.5848505072536593,0.585113989900394,,0.5854886010463022,0.5844302231125393,,,,,0.5840987670907041,0.5199940226937119,0.519245765222403,,,0.7025456890041711,,,0.7712410752170527,,0.7197379607627771,,0.5477386291669121
8,24,DG_48pct,96,Z13_F02,13,SLG_B,182912,182157,True,5675.795145269357,5493.984708210363,5462.077240241293,4715.336662771248,4606.911514458462,701.8564162535358,62.29398589759166,2846.766708710024,2670.4469735500243,3173.123741099289,3235.301455190354,3841.280745617032,4.442458265310865,59.44308679493079,193.9327589182021,303.7631405246085,526.7189411036621,215.7572850526348,252.92356766587886,311.4306063911553,,,,0.8064969529892307,0.8057188618410579,,0.7657845251207318,0.5978500456611603,0.5990209872513522,0.5987520468466558,,,0.7626267693370024,0.7631468869949877,0.7226087647027969,0.7202867144334312,0.7218334206685819,,0.5569930491330848,,0.5989284072997314,,0.5987448076776836,0.5958926327116416,0.5954318900005409,,,0.589293201157446,0.5903736922442181,0.5971774230595528,,,0.5980074293584102,0.5968437227204684,,0.781273730468875,0.5721177496509895,0.5724914111096194,0.5729901397493925,,,,,,,0.5670717995687878,,,,0.5664905068750703,0.5657739309454247,0.5657028984669034,,0.5662891121461139,0.5646223976616059,0.5651489672594829,,,0.7765444853301936,0.6965516634862299,,0.7756461041926407,0.7764097775838835,0.7729330062729889,,,,,,,,,0.774719251861963,0.7773941111576108,0.7745550613017425,,,,0.7739383754051268,0.7743855804429388,0.7768231934422138,0.775254566078973,,,0.7801237056115014,0.5220647841547001,0.5210390356505781,,,0.42440221657191235,,0.42437443966117644,,,,,0.8966143705995243,0.8923604523360469,0.893965634661021,,,0.8950493174355314,,0.8970015183721882,0.8953904401442891,0.8953820628376032,,,0.8954906492849919,,0.8963027378972961,,0.894046675324961,,,0.8936132704554224,,,,,0.8965029358452612,,0.8956492453588737,0.8940143732071014,,0.8946716447077114,,,0.8922188100253243,0.8928900500401158,0.8943486054176594,0.8929115722519091,0.8937453085554412,0.8960283399576898,,,,0.8924846997317212,,,,,,0.5789212451178436,,,0.5783805248138993,0.5772286698966402,0.5802463637990883,0.5793336729098171,0.5784329896363889,0.579923495105713,0.5800745734853464,0.5782507988852493,0.5806183096161037,,,,0.5807111968461296,0.577969309517671,,0.5792277299378521,0.5794710433193881,0.5772211011858618,0.578051508672585,0.5786321780732708,0.5783918527820717,0.5779087588219481,,0.5782484716730873,,,,,0.5786087422664784,0.5794680574594244,,,0.5795216515486616,,,0.5783291613237196,,,0.5863680465193263,0.5852587445776322,0.5861876810624753,,,0.5893441853053035,,,0.5869004778813148,0.5867373135248277,,,,0.5864844343221778,,,,0.587497095630015,0.5866073107187102,,0.5880972713162527,0.5853280782140512,0.5866703230373834,,0.5857815473517288,0.5863297448482154,0.5857053773571587,0.5856995653467981,0.5870617078175645,0.5857114107235074,,,,,,,0.5880544961494923,,0.5851500147381994,0.5882643843649608,,,,,,,,0.5856793307610075,,,0.5857024274950794,,,,,,0.8768660317710385,0.4132268558325202,,0.4123960299753321,,0.4119705361015666,0.4134080220372639,0.890541331327302,,,,0.8842237027282522,0.8871136950483036,,,,,0.884857362565305,0.8881877283338682,0.8850779089542264,0.8864637327529687,,,0.8888011033080716,0.8877087698325404,,0.8864148086047474,0.8853323198584265,0.8869680933454442,0.8887997992547825,0.8860355856122788,0.8846848893840157,,,,0.8847579623426679,0.8848044075143459,,0.8845287176995207,,0.8860640775811774,,0.8874559455210457,0.8853983449371905,0.8867144351856492,,0.8829233658954783,,,,0.8834335921559936,0.8860064129478805,,0.8841847107868418,0.8850054122933416,0.886525903722772,0.8870191409486337,0.8828768902821315,,0.8861659395270994,0.8873830990104337,,,0.8852969528987441,0.8857631967592668,,0.8866670920445144,,,,,0.8848192848462284,,,0.8870369327951763,0.8835970542894264,,0.8874413232682654,0.8818442594367086,0.5833430085189095,,0.5842306687818863,0.5849635353119857,0.5859754940486965,,,0.5833719531226129,,,0.5826812044719777,0.5784713792761853,0.5802655334988497,,0.5817108726352175,0.5803542000770514,,,,,0.5816954599515123,,,,0.5801639082507686,0.5792472062632067,0.5834553509521532,0.58534357203105,,,0.5834572310720029,,,,0.5844572487604653,,0.5837263242010587,,,,0.585251115335042,,0.5826722122033082,,,,0.5835435252409072,0.584081484242871,,,0.584315638401837,,0.5845235451530558,,0.5842622664924068,0.5820973309451145,,,,,0.5806509390356608,0.5803764954584665,0.5817150664589016,,,0.5792927097776197,0.5795792769461277,,,0.5804137318350779,,,0.5808232208792485,,,,0.5805064646607603,0.5807040700277591,,,,,0.5819179851049436,,0.5821229831336181,0.581247751156681,,,,0.6290394619052629,0.8898478541265396,,0.893863757277027,0.8903967684874372,0.8913709234646296,0.4718800643160811,0.4719389504286667,,,,,0.8832619248454586,0.572918170481377,,0.41574878513154717,0.41593763635803144,,0.41078010236362017,,,0.40604830056188407,,0.4062798486211789,,0.47712755569049864,,0.8730783196269436,,0.6255361744799035,0.8714460500690483,,,0.34286476670927735,0.34245564341859613,,0.342125442975211,,0.8689140511092044,,,0.27554130727648535,,0.3493209461898235,0.34903175479461485,,0.34887967982989926,0.3486862633828532,,,0.3487005814547516,,0.34841939463557686,,,0.3490249618636094,,,0.34936411948455637,0.3480579194951867,0.34961497759814414,,,0.7103180164300723,0.7089387026544539,0.7118254850045422,0.6923972935701158,,,,0.8806473496409761,0.0007070076891103629,,0.00070615702754031,0.0007065308167095006,0.7297608016330294,0.7283015713104869,,,,0.4173347640621774,,,0.4190591101101928,,,0.4199920348348213,,,,,0.42085652306605803,,,0.4193904906581975,0.4194363136229565,,,0.4194045363505849,0.41817650869989265,,0.4189901463444503,0.4181851114976952,,0.41829605422978877,0.4204924000205382,,,0.41814865963677933,,,,0.4193955232325131,0.41835573208483573,0.41837684087170157,0.4186468617954474,,,0.41906728173619817,0.4194052545297174,,,0.4192076568224712,0.4191316063989275,0.41960979550129524,,0.41974842244706173,,,,0.419889421722497,,0.4191527152749656,0.41924504938073204,,,,0.41996036223828,,0.6390691907576558,,,,0.6396505725095404,0.6384088332324735,0.6409044451129641,,,0.6382092686126759,,,,,,0.8851169689752527,0.8853683911952748,,,0.8852890880472792,,0.8840663538015476,0.8840275803366078,0.8812779895750074,,0.8846837329721997,0.8847267889058714,0.8843162435702694,,,,0.640337848973696,0.6411296223659009,,,0.6410372368515643,,0.6408401689529868,,,0.5918460367103194,,,0.5916283673355613,,0.5913626681419518,,0.5903481547312294,0.5924054174701292,0.5916589288294711,,0.5912335536611956,,,0.8832659856951858,0.8827929625385411,0.8831862450464619,,,,0.8868304110162272,,,,0.885767862600289,,0.8826293766913444,,0.5937879917772418,0.5940494471066097,0.5940958818607844,0.592013320866669,,0.593759420582464,,0.6405374243390924,,0.6392319235034404,0.6404488716927531,,,,,0.6402439158273755,0.6388180113441344,,,,0.6418042411422966,,,0.641587766709844,,,0.6423588643011334,,,0.6403224209951514,,,0.6403272107765416,0.6420540493550392,0.5941198337488325,,0.5957204457959199,0.5935070690660467,0.591275510094163,0.5938674832535729,,,0.5936621615426214,0.592218442367313,,,0.5937666159111595,0.5918695877923766,,0.592989629401605,,,0.5939526482513292,0.5937084460182692,,,,,,0.5947720086476198,0.3347999076435905,0.3347851984975624,0.33564002195840853,,,0.3340774473075995,0.7147341716498736,,,,0.5786340871370979,,,0.5968252341314997,0.5950682989477836,,0.5981332401850924,0.5963582222154994,0.598304627362414,,,,,,,0.5968068996725421,,,0.5963377208038209,0.5977063295904058,,,,,,,,,,,0.5986121316237591,0.5986246424965947,,0.5991697549275053,,,,0.5990222246742138,,,0.5976170063525247,,0.5971047278914974,0.5988610444997025,,0.5987744670903621,0.5970314866264999,0.5974484271237367,,,0.5960127310415873,,0.5983281930196525,,0.5980335864308443,,0.5974319038423087,,,0.5979686146660617,,0.5972931789035044,,0.5977211170969612,,0.5983438548471435,,,,0.5977809171722224,,0.5979658987759202,,0.5971555118844254,,,0.5972852630205256,0.5994128890678697,0.597968885543055,0.5955627946906812,,,,0.5964574253961927,0.5961013706619541,0.5964756913775532,0.595849544253242,0.5971090246819857,,,,0.5989261448253745,0.5963574594729506,,0.5988504528674845,0.5987328692740695,,0.5985361602853712,,,0.5973110207549699,0.5966021246440998,,,,,,0.5985276628916596,,,0.5979252482230871,,,0.5948803956636997,,0.5974324603805372,,0.5991542810504815,0.5975970616322266,,0.597372521331876,0.5969665690614031,,,0.5984490207376182,0.5976737708546787,,,0.5970092788944074,,0.5975476267979385,,,,,0.59751421395526,,0.5975118564132393,,0.598733771021703,,,,0.5978259294593299,,,0.5970800993303637,,,,,0.5975734694700973,,,,,0.5981573713349627,0.5968012073843265,,0.5976683097222485,,,,,,0.5967273666330061,,0.5972814361888005,0.5979662356806539,0.598018526760411,0.5369643654629067,,,0.7793218298294927,,,,,,,,0.5571658743383009
8,24,DG_48pct,96,Z13_F03,13,SLG_B,182914,182158,True,5664.548132736022,5488.224733314359,5442.9578713594665,4678.484196285692,4611.09448152098,693.4284242870394,62.22825073351109,2822.759347169439,2648.066728798499,3121.5223169139495,3177.4417414619566,3796.7689125809766,4.447622592185559,59.274580289834425,193.74390262835712,302.19633464371964,525.9960256705599,217.25986342572068,253.83609699925682,306.3536567731498,,0.7374870182500752,0.7373313995513002,,,0.705724621617834,,0.5993352360008756,,0.5981367918810578,0.7108894577357995,0.7628600076315237,0.7600066971839355,0.7603802163476949,,,0.7219322011421695,,0.5592034684046523,,0.5998451987609099,0.5976895972949586,,,,0.5971365578238774,0.5926732174828779,,,,0.5996616377556074,,,0.5982102716388019,,,,0.5751874224404262,0.5749680608524314,,0.5653290951930503,0.5668907405692849,0.5676117112889161,0.5684983722080323,0.5675171559897932,0.5645169510354069,0.5690773827152106,,0.5685036614462025,,0.5673361208485176,,,,,0.5689491401511544,,0.7718969422728617,,0.6978153359458981,0.5366495604229918,0.7752667046308854,0.7729854679297974,0.7738214598334101,0.7736905696270234,,,0.7776709509337725,0.7749265912144704,0.7735994809763516,0.7747991400909398,0.7754601507483971,,0.7762379005748606,0.7750880006002202,,0.7754502695071203,,0.7749305602198867,0.7749941873257703,,,,,,,,,0.5874662613558751,0.4296286107994509,0.4300197272229441,,0.431294236932365,,0.4307352436053038,0.8942730322717694,0.8963775748104024,,,,,,,,,0.895758583635535,,,,,,,0.8948734772172313,0.8960365509006872,0.8919689105050157,0.8917203552530384,,,,,0.8972655781797116,0.8929279699603566,,,,0.8926595965108015,,0.8951471704750008,0.8935565750742216,,,,,0.8948773669328695,,,0.893068734865899,0.8953511878207812,,0.578778512207517,,,,,,,0.581756395001033,0.5810090775548152,0.5791271087108668,,,,,,0.582592620496876,0.5807254076650304,,0.5793765091708288,,,,,0.5794428637051963,,0.5817691822466509,,0.5798669247524972,,,,,,0.5788647441455789,,,,,,,,0.5806041434966842,0.5793953849220406,,,0.5904547853659244,,,,,0.5907395920063655,0.5916811770710001,,0.5889400430598991,0.5924924479547847,,,,0.5919927391856588,0.5929362998865668,0.5893937386606811,,,0.5938305652805344,0.5917277877472713,0.5921372756012118,0.5930395434656642,0.5888823164379988,0.5892769937147202,,,0.5898571626835384,0.589416455560023,,,0.5907212963112886,0.5903524877777322,0.5911281569351623,0.5913918157380621,0.5911771805517492,0.5914231626682024,,0.5921530930393976,,0.591246669122131,,,0.5924189772939771,,0.5913491106024417,,0.5914742078818169,0.5918161052317716,,0.5919558112272819,0.591207872117297,,0.4429445091634037,0.4442787152452622,0.4439646566433386,0.8810899589642064,0.8770440941291785,,,,,,,,0.8869358129258441,,0.8882223580695315,0.8850964614691452,,0.8863476415262032,,0.8859576108732234,,,,0.8865194609396512,0.8859158776817969,0.8867067792018442,0.8841145323273262,0.888181012492254,,0.8882558342668327,0.8854766176761926,0.8870686729310924,0.8891297202552098,0.8838401240205177,,,,,,0.8838021110738061,0.8862839136267592,0.887861680169022,,,,0.8850375478354936,,0.8843323042679367,,0.8863609911247788,,,,,,,0.8868102049134609,0.885434896306995,,0.8845477785441408,0.8855603766542786,0.8857092030881403,,0.8847094265853789,,,0.885641385074231,0.8865269536571402,,0.8856178474940759,0.8859983444218128,,,,0.8848932301019112,0.8858368725928913,0.8843445294757625,,0.8873991086173658,0.8870920836921152,,0.8855822292934229,,,0.58648060882441,0.5861328779560131,,,0.5879802034645741,0.5872312744976443,,,0.584770639710891,,,0.5832060858507424,0.5819521615714826,0.5824043967175668,,0.5826122711871714,,,,,0.5816839763935622,0.5807669962445416,,0.5824250933326933,0.5821685660007246,,,,,0.585511784879286,,,,0.5864468047566637,,0.5870407433532526,,0.587137745931284,0.5856946014763329,0.5852728309305331,0.5857347679887939,0.585249354288576,0.5869535201708098,0.585808843545236,,0.5868549239192947,,,0.5857126139511744,,0.5849670483863685,,0.5875670792960496,,,0.5853696648555621,,0.5817375742259348,,0.5803256158770912,0.5834329597158262,0.5809602044062033,0.5811767311064261,,0.5828293611172624,0.5804015644037424,,,,0.583316625792597,,,0.5833777516547346,0.5818178501847437,0.582186161065829,0.5830289537870992,,0.5831664780306929,,,,0.581811368766655,,0.5817165599974726,,0.6326323629171586,0.6325991194418206,,0.6346537148188124,,,0.8921169110318798,,0.8880882705123061,0.4783282514206593,0.47915021936437985,0.47725080349843263,0.47753883817291065,,,,,,0.42072030203543687,0.42254356795061254,0.4207954851273425,,0.41754235300023834,,0.4111570440151692,,,0.8772205873671646,,,0.8756705938560315,0.4133649242351774,,,,,0.34945495700478507,0.3515130276513594,,,,,,0.6565837714268207,,,,,,0.35217472303095804,,,,0.35225291625732147,0.35284028611812496,0.35233853448937347,,,,0.3529692825159961,0.35288162864868383,0.3522741892597233,,0.3524107055312687,0.7108425499006542,,,0.7113643262719026,0.7133231857253092,0.6948926192376907,0.8819869693407988,0.8800516308477777,0.880761316681823,,0.013408574484237806,,0.013403413218691112,,,0.7293385136472718,0.7295348749596933,0.7295859124320287,,,,,,0.42101623032804264,,,,,0.41971467915963706,,0.42062990753287627,0.4201773928580233,0.420788128465687,0.420581839817526,0.4208956443708859,,,,,0.41943189557672445,0.42128610229152175,,0.420028395865428,0.41986710807118716,,,,,0.41919915167337024,0.4190454043736477,,0.42004135584448127,0.4192874950247431,,0.41993810319213076,0.4196938811234574,0.4191799241840495,,,0.42020082361838773,0.4206193944026483,0.41996011231950364,,,0.4204459090131567,0.41929971901252383,0.4201410056256078,,,0.42017689291718047,,0.4199592329251241,,0.4203672838849493,,0.4197673695390886,0.42064287101954806,0.4200100928698417,0.6427430086567336,0.6449956445685515,0.6431205444834949,,0.6442286647716868,,0.6427756222217056,0.6448164491764724,,0.6418210143937594,0.6436064852911594,0.641402920553866,,,0.8849493579681139,,,0.8852584280718726,0.8838708255663349,0.8860985954986226,,,0.8854571717605031,,0.8845097325731764,,0.8838135244088554,,0.8836150574813453,,0.8828585407350773,,,,0.6454719410710199,0.6441398676616215,0.645067854946569,,,0.5948357258558578,0.5934473981616927,0.5969438564025136,,0.5932078153175101,,0.5940649105827395,,0.5923173180089623,0.591931730907805,0.5921570141284002,,0.5925495806807023,0.5932692177218208,,,0.882327541577555,,0.8888453161753055,,,0.8849864927838466,0.8844166504253639,,,,0.8750383277046843,,0.8824632838215245,,0.5931882608086461,0.5950932719689149,0.5943999721192048,,0.5951135451982398,0.59438933831663,,0.6454964333268889,0.6471069389546305,,0.6442949430924989,,,,0.644891929161914,0.6440593431761578,,0.646615229293745,0.643785217818935,0.6436091179260107,,0.64545833033983,0.6438255775606405,0.643737020001545,,0.6435883580657845,0.6449726134695809,,,0.6436600410938336,,0.6458288131612262,,,0.5957406678236636,0.5951205321240302,0.5945555875389088,0.5943566355415693,0.5952644314851133,,0.5954769124757152,0.5940987743096575,0.5958181592346171,0.5935369486440706,,,0.5958513086608955,0.5941408590506952,0.593793043082102,0.5954138694515222,0.5923195189962516,,0.5945895981176712,0.5926063571898222,0.5957679667351975,0.5951409137677252,,0.593917120492703,0.5946824141714481,,0.34050212832491494,0.3404212750035086,0.3403148474498336,0.34141224997507047,,0.7150963200877811,,,0.5801663921625647,,0.8679793940240959,,0.6015223232681685,0.6001762808096419,,0.6001191927539277,0.5963141291647713,,,,0.600310252680871,0.6000286827382894,,,,,0.5984406878939372,0.5987619071767478,0.5981876971465724,0.5985921477970897,0.597431063841706,,,0.6002996962426053,0.5992697607028501,0.5986845608329159,0.5998141488507356,0.6001615498504117,0.6009906336095062,0.6004508117647447,0.600081907112426,0.6008264997009857,0.5994174119830092,0.5999996604144929,0.5994208311984637,,,,,,,,0.5992919883672069,,,,0.5998715692574608,,0.5995664242839409,0.5989512035370039,,0.5988163618106683,,0.6002350720120868,,0.5995033198304395,0.5995745228727768,0.5968569792061241,0.5990322808845838,,,0.600015843890069,0.5991386546961984,0.599179086821161,0.5985437568102903,,,0.5971676008395977,0.6014361012218805,,0.5993939572910315,,0.6000921154701582,,,0.5982257316158913,,0.599429325833036,,,0.5999374024727899,0.5992153013864583,,,,,,,,0.5999655388283188,0.5987830694383723,,,,0.5999884749626144,,,,,0.5998049793216094,0.6021902823319533,,0.5986046335244122,,0.5993367003377631,,0.5998351372911771,0.5985988761806263,,,0.5992022554486467,0.5991211144263692,,0.5999689946320914,0.5983262779274536,0.5987928676077371,,0.6000849208494919,,,,0.5989509104685458,0.6002199718774075,,0.6001014851534269,,,,,,0.600355073313773,,,,,0.5999648946084936,,,0.6003368435576492,0.5994692862189303,,,0.5990519092743889,,,,,0.6011153433452879,,,,0.5991985721243236,,,0.599018357900406,0.5995012478444568,0.6006402535263675,0.6007553091844937,0.6014015096698873,,0.5987149165422706,,,0.5988748006879309,,,,,,0.541077738151137,0.5400914999045322,0.5394704587628111,0.7805532759549951,,,0.7622854843340985,0.7635647372140938,,,0.5582978798776039,0.5572300379141155
8,24,DG_48pct,96,Z13_F04,13,SLG_B,182901,182148,True,5749.559791389131,5581.585027996558,5510.107669760607,4783.426678686833,4706.569399112082,693.3047834001492,61.468332967208745,2949.34806415742,2932.8035894292484,3480.407078196375,3515.436598256993,4195.362134411859,4.406092056277219,59.488673622174396,195.4362496305385,302.70234894776905,518.3428388054928,215.08137436297287,249.81431238011885,326.6002126723125,0.731526101035357,,,,,0.6986594433160992,0.7655971399911398,,0.5851862206487352,,0.7092558546913219,0.7710077228013895,0.7696953650965321,0.7688517468838005,0.7173621981019704,0.7175786835177445,,0.5455634272150516,,0.5465676930058585,0.5838900117261712,,,0.5846434140445428,,,,,0.5778757718872379,,,0.5854662929688751,0.5840389819076263,0.5851044121091062,,0.7840826788479129,0.5565617877867044,,,,,0.5486280422730787,0.5489022543491686,0.5489819099772081,,0.5490211109834275,,0.5486933422635741,0.5496600264945394,,0.5489924483787211,,,0.5484942543292258,,0.5483206618820754,,,0.7789797716768871,0.6884411577111276,0.522656763287115,0.7828179249184185,0.7782012162711502,0.7815613959073551,,0.7783805461042308,,,0.7794283737394666,,0.7799684055021036,,,,0.7826534954117884,0.7795951241763415,0.7823393242579758,,0.7807843530397023,,,,0.7831311871852129,,0.7807995529986855,0.5033563400622804,0.5030826985437615,,0.5529011762548598,0.3877970681924905,0.38657827928217264,,,,0.3881848903737016,0.8934478022607846,0.8913254971968942,,0.8927032797985167,,0.8928461093431104,0.8899301578394461,,,,0.8942833251816333,,0.8905970661375815,,0.8941157513749434,,,0.8909666215604015,0.8938222102353066,0.8868378131491801,0.8922408956712722,0.8930122429518967,,,,,,,0.8898562255815167,,0.8896510427487233,,0.8936528747850047,0.8899593476454208,,0.8888920100487527,0.8922808530309229,0.8891413087594103,,,,0.8880684375103272,,0.5683504004671611,0.568250700716295,,0.5668980697333993,,,,0.5679252383405732,,0.5682357268257248,,0.5668555170666335,0.5683211958805959,,,0.5674512946431287,0.5677752793721822,0.5693566245928208,0.5668594620519573,,,,0.5673260383252281,0.5688216309044948,,0.5680787280727703,0.566873120074277,0.5680633784832686,0.5671830655595061,0.5687374189708337,0.569458812808432,0.5677451395875548,,,0.5674223521743378,0.5670796340851781,,,,,,0.5675331092187642,0.5664913046352341,,,,0.555458751921161,,0.5564251894769349,0.5560540145757902,,0.5558703256131527,0.5577103543938642,0.5561459779452446,0.5551623176492398,0.5563982498080576,,,,0.5559626096519716,0.5560180503061428,,,,,,0.5554325972517387,0.5559151845559589,,0.5534400794186506,0.5545535102106498,0.5557799312554411,0.5549386287788857,,0.5560568108882012,0.5554690621788113,,0.555722584288287,,0.5569036394997647,0.5570138190803583,0.5562350683747691,0.5555240064615846,,0.5568243054715128,,0.5565396865239371,,0.5571587444542456,,0.55600226505469,,,0.5585663186700839,0.556202951543311,,,0.5553146102263181,0.40315622367401915,,0.4027079441858078,0.8807866565544499,,,,,,0.37596791282921466,,0.8848231500066794,,0.8850718471949558,0.8847881779682446,,0.882930678018407,0.8858451460828529,,0.8871152492570041,,0.8859830504824978,0.8840065342976797,,0.8849585047733429,0.8838634567425405,0.8862285584311348,0.8847529927270752,,,,,,0.8845682158541164,0.8854119326224523,0.8871545922657302,,,,,,,,,,0.8847497355666347,,,,0.8845853919186435,0.8843931093208505,0.8810048927269981,,,,0.8829088011443865,0.8819841497164287,,0.8836659740493271,,,,,0.8854806041663911,0.8859872682038692,,0.8874298022750914,0.8858019440763497,0.8857798628834265,0.8846656382504178,0.8842615228949142,,,0.883697970335925,0.8832108465985128,,,,0.8869042916133207,0.8841553974720054,0.8838714525785497,,0.883754514001304,0.57355199686912,,,,0.5730537727319475,,,,,0.5711106973265718,,0.5677998391233257,0.5683500808517218,0.5691562354421923,,,0.568586299783879,0.5686247617768153,,0.5692664196039902,0.5682318873438655,0.5703185033142452,,,0.5690230643923195,0.5681482903639404,,0.5718325879022876,0.5715899107657832,0.5745265882418249,0.5711307037549398,,0.5715717728622071,0.5714119435710187,0.571519866094257,0.5701134811486923,,,0.5716490001502245,,0.5719123720504214,,0.573205105082447,,,,0.5728563358846437,,0.5718982989095824,0.5738703093150848,,,0.5727500608008594,,0.5734015777543899,0.5720468444503741,,,,,0.5688614100953565,,,0.5670324305394867,0.5690573600386242,,0.5693649067932949,0.5695224397671222,,0.5693696545061053,0.5703775079356891,,,0.5676730028848495,,,0.5692619039197757,0.5705364500606633,0.5701102660797204,,,,0.5683683490589743,,0.5687221603721764,,0.6014442270531762,,,0.6034837872994959,0.8894211386012728,,,,0.8890571569590906,0.4409164718978191,,0.43982262998442,0.44006334215734394,0.43956065103329334,,,,0.5640934365972684,0.37887531217743575,,,0.37362512198229075,,,,,,0.8713631255010911,,0.5753619817115725,0.8637043312108978,,0.6205034487421422,0.864740646723883,0.31810008540006185,0.6407389855993507,,,0.28655107192578416,,,0.8625956662900963,0.28631259587212454,0.6560686157922865,,0.2135785825023134,0.32846457056024086,0.3285882972271968,0.32835073916045415,0.32854425640181906,,,0.3285662800455933,,0.32983505200006213,0.3286688207409525,,0.32902908376386175,,,0.32847753716444633,,0.3294556012147163,0.328875708687403,,0.7065717596612257,0.7051224454440282,0.7051152534886103,0.706859131602841,0.6899674092101626,,0.8622176625005268,,0.8621902028401729,0.010541173814438646,0.010519219701735926,0.010549244267408536,0.010558615589807346,,,,0.7172724212952741,0.41135728592327436,,,,,,,0.4117913715009179,,0.41196819978500926,,0.4119597852254504,0.4112745418429759,,,,0.4110838649474127,0.41046896564093655,,,0.4121815156136356,0.4126738920965294,,0.412839410794991,0.4107562717018292,0.4117198889984222,,,0.4121040585762987,,0.4107374426288515,,,,,0.41046031447815795,0.4109721060749009,,,0.41119047359208916,0.41076435525324123,,0.4112375645689377,,0.4111066438143712,0.4116887129192242,0.41284327285698125,0.4122086321573145,,,0.4109970904508688,,,,,0.41075729672624295,,0.4114560429291944,,,,,,,,,0.6152210283744787,,,0.6138288495387411,,,,,0.8835938778381692,0.8848515999304452,,0.8837852463547182,0.8847752207644302,,,0.885124082422771,0.8860470957730813,0.8828206159637809,0.8875769307366317,,0.8821251427014071,,0.8839201761319664,0.8855440541008655,0.8835892521240618,,,0.6172000106807294,,0.6159659535385401,,,,,,0.5812506138760533,,0.5789470841045807,,,0.5798598990802026,,0.5786990497870735,,0.580411909090138,0.5815650128404408,0.5805132474156559,,0.8808939168962081,0.8842854960802655,,0.8840966643855916,,,,,0.8842095519483343,0.8841289009212076,,0.8696348672363643,,,,0.582011932600279,0.5809565249351928,,0.5804047826532839,,0.5836686171757604,,,,,0.617909738987132,,,,,,0.6161254996713231,,0.613661185634948,0.6158536037255768,0.6135890391209999,,,0.616112097204088,,,,,,,,0.6160632217721955,,,,,,,,0.5813446270755112,0.5810484557401401,,0.5819356202858533,0.5804360142128674,0.57896714780188,,0.5813249861865643,,,,0.5821441928516762,,,0.5814510296767954,,0.5799965233417002,,0.5811931606654661,0.5804907351257639,0.2958178523847937,0.29501058202549085,0.2945327448394067,0.29472666444209716,0.2949039238606343,0.2951709372415521,0.7082219261504299,,0.5639782910809343,0.565084935300839,0.5628873341447829,0.8618905856168458,0.5833139606927137,,,,0.584012303405244,0.5861275075403448,0.5841758235398232,,,,,,,,,0.5841372358040573,0.5845192703725609,0.5849102349389265,,0.5854769242909518,0.5855422095653451,,,,,0.584788326165436,0.5843595210326124,0.5853587747620199,,,,,0.5837821870842853,,,0.5842704166365087,0.5833251542176412,0.5844339727404685,0.5819246808204536,0.5852993782425326,,,0.5833492395372533,0.5843487805761809,0.5868432353723211,0.5840330571366978,0.5841416386182701,0.5857667385098074,0.5847213441007965,0.586589797013245,0.5831460245496306,0.5838217713553839,,0.5857941250948075,,0.58382190783139,0.5860945017194377,,,,,0.5848660875701467,,0.5834145830269803,0.5843156741125369,0.5843817639898102,0.5849534424627879,,,,,,0.5863765421621397,,0.5844426033024271,0.5833635103994304,,,,,,0.5846280902083246,,0.5846232995089351,0.5841928150284389,,,,0.5851876895137789,,,0.584954798791089,,0.5848853913091708,,,0.5845656139838402,,,0.5856163693982145,0.5859010549014466,0.5847772659659557,,,,,0.5848203949511291,,,0.5857939580839768,,0.587106697231711,0.5844194506734882,,0.5852044723592952,,0.5851237814054574,,0.5837861240490338,0.5855343516509574,0.5850081409366601,0.5851384992490705,,0.5856512176096911,0.5857811492211314,,,0.5851649584978439,0.5838569616552945,,,0.583593643968819,,,0.5861420727722272,0.585411666578091,0.5852393707030532,0.5855978844466961,,,0.5857869980746508,0.5833781791295042,0.5853738083191047,,,0.5852033643116179,0.5842713977668083,0.5852697142754018,0.5844101426864525,0.5846087754774844,,0.5850386886226359,0.584745864250543,,0.5842838121797224,,,0.5839115955845517,0.5848599233019868,0.5842315023356028,0.5835403523505817,0.5847066391390306,0.5845380487343066,0.5831386530663876,,0.5856337296578131,,,0.5202154005775487,0.5195530879818308,,0.7860147685708478,0.7017918132941467,0.5398054786569982,,,0.7184742999911577,0.7198709231408329,,0.5454750047804191
8,24,DG_48pct,96,Z13_F05,13,LL_AB,182912,182157,True,4515.600441428424,4253.048386501916,4156.976955926576,3227.348695713417,3229.6640878408134,600.3708029869558,55.72248645030095,3118.043993644029,3116.57207248238,3566.4849090919874,3639.462834843277,4222.084525282385,2.4113911608758882,62.111349516569646,204.1566586770376,262.6123498605621,442.19141020484534,181.86666850187746,230.7472553370517,275.84102291077943,0.7526250876313909,,,0.8516479922186424,0.7729449321291209,0.7837347566974981,,,,0.6291090172950592,0.6462053996759114,0.793733888307308,0.7955110408062935,0.795553671760525,,,0.6569200690829423,,,0.6978205795886184,0.6286154803039263,,,,0.6278511332163174,,,0.6194253525234358,,0.6292520828113377,0.6303937713195972,0.6312182220808691,,,0.6268748797369991,0.790089369087979,0.6076615778457547,0.6070028479579528,0.6090074256564303,0.606637749760492,,0.6056669395619695,0.6066613631828615,,0.6083722838070544,,,0.6048926887727207,0.6072414805969498,,0.6056757155558079,,,,,,0.6048603644916416,,0.7750827229966378,0.6150937256399556,,0.7764423042159354,0.7757360356048837,,,0.7744114113097511,,,,0.7752644640756302,0.7774552067661106,0.7741983293390405,,,,0.7755380323568334,0.7748203562572111,,0.7755226026807908,,,,,,0.7747192253253459,,0.5695273742625528,,,,0.5039063240335163,,0.5065873097986753,0.5077459630405644,,0.6870345264341942,0.6882628120885446,0.6880899411310971,,0.6864820823789949,0.6866666318883321,,,,0.6885248501106155,,0.68822526788307,0.6869009637671385,0.686732249832639,0.6865626020597674,0.6873170903966228,0.6890017245396477,,,,0.6841707506244382,,0.6862418746834799,,,0.6883006984380754,0.6886907381867237,,,,0.6869510615632777,,,0.6864272807653512,,,0.6860954731501903,0.6865848848198484,,,,,0.688875302515394,0.6703116125214922,,,,,,,,0.6699150521198319,0.6693946600989592,0.6703213550959888,,,,0.6680861530092019,,,,0.6695309908595779,0.6691647492197339,0.6702747048152846,,0.6676332500321644,,0.6715945458940882,,,0.6697589317883176,0.6695826157188169,0.6710288774910926,0.6708805878962347,0.6707349079767106,,0.6688891013234756,0.6710182284355585,,,,,0.6684104237756601,,,,,0.6689152898580454,,0.432104557580986,,0.4322284210566993,,0.43378220639609016,0.43312195393236513,0.43309221739346343,0.4335075212687949,0.43236633730596763,,0.433173418262091,,0.43115830087359364,,,0.43216217050637423,,,0.43235670770891943,0.43267970905384945,0.4335638644313074,,,,,,0.4323654337084449,0.43135744475992543,0.4308347389760856,0.4326741347596197,0.4321811091713171,,,0.43157535127132507,,0.4330136049697728,0.43277074890167916,,0.434152785355466,,0.43306316812516515,0.4338074845584057,0.43249988732348366,0.4330694205031872,,,,0.4318252919791792,0.4323575885726053,,0.43250129976320545,0.4318864817807844,,0.5069185859478134,,,0.66618406007272,,,,,,0.49504780958300504,0.712655377271247,0.7111469772320868,0.7108831100468717,,,0.7121989318630436,,,0.7111317338811125,0.7115134193021636,0.7125434547958611,0.7120012972276407,0.7109451369129833,,,,0.7124503875060716,,0.711572090128585,,,,,,0.7086788346403304,0.7125838949600506,,,,0.7106210163351939,,0.7093633038145601,0.7105620491429205,0.7122528036013737,0.7126326754323289,0.7114618012055508,0.710772703525657,0.7110807029795769,0.7108469668946931,,0.703028500480602,,0.7049378314601252,,0.7026092476514878,,0.7036314566584102,0.7006631372707303,,0.705049327327617,,0.7051147181943165,,0.7028160808490044,,,,0.7037527709919222,,,,,,0.7033788673164802,,,,0.7027517687596412,0.7034871745995536,,0.7022169858431409,,,,,,0.687213552219712,0.6884136397010151,0.687613205441915,0.6873764636410568,,,0.6868048371535828,0.68088979452041,,,0.6794818133983463,,,,,,0.6827467637793085,,0.6808740608756698,0.6799405011188379,0.6810263485105237,,0.6880785417823931,,,0.6866782336245655,0.687956670927964,0.6855370227195458,0.6864477124971682,0.6854452761657254,0.6872229891583089,,,0.6889070224509654,,0.6878802970102162,0.68806559197321,0.6862599156648826,,0.6859321561188301,0.6868135665839102,0.6895091547985265,,,,0.6858641476573452,,,,0.6883276649374661,,,0.6873671542750209,0.6808639618848527,0.6809449101719137,0.6800518902371243,,0.6818806509958412,,,,,0.6816775630489907,,0.6811662898110958,0.6811599872792783,0.6780500118332639,0.6798823612414867,,,,,0.6812603549584664,0.6833852956611512,,,0.6826163033154418,,,,0.682436065227202,,0.4923732683693075,0.4912917750766836,0.49208811790288615,0.4915441681590337,,,,0.7211778557234506,0.7180918573786882,0.542587796949729,,,0.5430266800729537,0.5406964201980087,,,,0.6605840884555371,0.49678645083893913,,,,0.4875947480938516,,,0.47614923293171874,,,,,0.48743246219946723,0.2664730528353142,,0.4437073287759129,,0.6210490724388489,0.2212301137048338,,,,,,,,0.17831013902311105,,0.2501515716969761,0.24877122400137708,0.2497898355377687,0.2497129849492893,,0.2483351599901836,,,,0.2493489253495124,0.24915544669419862,0.24924887564711695,0.24887992867030714,0.24931114933834125,0.2482182432404693,0.2493743314289158,,0.2489142005936538,,,0.6664729312930725,0.6613453530836867,0.6649007109513064,0.6433885682283345,0.0008588899602813011,,,0.0008557505345129603,,0.0007938122084843467,,0.0007925046922500199,0.703738686351154,0.7027827835094265,,,5.147856458365685e-05,,,5.14374662240706e-05,,,5.140402511501065e-05,5.153681399522312e-05,5.1478495624348126e-05,,5.1514166001042205e-05,5.139735221240638e-05,,,5.143871677553471e-05,5.150527810478666e-05,5.158489921961806e-05,,,5.154770979295874e-05,,,,,5.143607991300992e-05,5.148772146353232e-05,5.144480344676689e-05,,,5.138300117100953e-05,5.13689529031718e-05,5.156729644880428e-05,5.147922189478036e-05,5.127720845088033e-05,5.143021098518846e-05,,5.155618314868171e-05,,,,,,5.146868727823763e-05,5.152506322374944e-05,,,5.147469685488574e-05,5.152055027618643e-05,,5.147800267892543e-05,,,5.1446816104371285e-05,5.145361597208599e-05,5.1570367596649506e-05,,,,,5.141968027477441e-05,,,,,0.5108951821267563,,0.510690768323491,,0.5106280098820029,,,0.511336573424314,,0.7273436376964829,0.7295985926677739,0.7248475306469613,0.7277306832969317,0.7288349536377797,,,,,,0.7267640258314194,0.7277138207814304,,0.7294417906835515,0.7270759351259373,,0.7265209830976073,0.7253158629379461,0.5121499744138853,,0.5109759183103804,,0.5115989167492009,,0.5107215754592249,,0.7000665778172644,,,,,0.6978036692535863,,0.7005782274027548,0.6989722712362004,0.6976988336950533,,0.6984464258835493,0.6974213500238777,,,,0.7252315162785435,0.7246081348952189,,,,0.7289543466222843,0.7277617476065331,0.7247017400106969,,,,0.7246951280999727,0.7243797035861543,0.6998267059518896,,,,,0.700562567621678,0.701218000615876,0.5106206772388803,0.5099733797602333,,0.5105253829928583,0.5105426400984926,0.5111717477951795,0.5106429019847895,0.5110954699855044,0.51046127221886,,,,,,,,0.5098534424182393,,,,,0.5118832472467263,0.5108807923535956,,,0.5106181740254393,0.5118578212063365,,0.7029217321444569,,,,0.7002610150361682,0.7019020384776093,,0.6984558045717117,0.7008110131298826,,0.6977201039907621,,0.6996136041801064,,0.7018195834239451,0.6991297661643595,,,0.701470947830663,0.7000166102111036,,0.6980688286984232,,,,0.4239755023329158,,,0.4249126078951073,,0.42485195935018705,,0.6694687489523744,0.6175856104467984,0.6186442032308122,0.6184097309067078,0.241388641355955,0.6308379185711074,,0.6302935097333267,0.6306606917586689,,,0.6298488502730654,0.6317742508532436,0.6303163368210785,0.6298916251212704,0.6299745028457561,,0.6312474860383137,,,,,,,0.6313636015449114,,,,,0.6295942918813435,0.6312353406806743,0.630839158735785,,0.6313016302118482,,,0.631306114957978,,0.6318051683270085,,,0.6313066264225113,0.6300596198895739,,0.6308832699198538,0.6324592475670229,0.631432498805141,,0.6298064726493696,0.6302458036874418,,,,0.6290228775911123,0.6300482463649918,,0.6314242932391908,0.6312729821177584,,,,,0.6298655941601994,0.6326099677630127,0.6297904492981744,,0.632811673501112,,,,,0.6338925500911055,0.6324588375461497,,,,0.6308436429883264,,,,0.6323753158357777,0.6306111009607652,0.6298809749051085,,,0.6296230519338089,0.6303808142401565,,0.6295017331880808,,0.6299300020154336,0.6280787443278568,,,0.6321537482177668,,,0.6320880990566458,0.6300436017442508,0.6309601345358318,0.6301786358026968,,,0.6307775003786481,0.6314618504179693,0.631331385266962,0.6317383382771778,0.6305365894976566,0.6300708304855552,,,,,0.629868893052433,0.6316776536834847,0.6290655947566661,0.6291847481434395,,0.6306109335683981,,,0.6327329551141052,0.6311110761692771,0.6303762085062897,0.6313074936630457,0.6302192220770271,0.630610178371806,,,,0.6319124127620608,,,0.6288774766381274,,0.6301408268522877,,,,,0.6318213136003136,,0.6317935377426561,,,,,,0.6304436025347752,0.6291788891834975,,,,0.6315139222969909,0.6318327642783363,0.6293618660882931,0.6308736772934439,,0.6302399643667917,0.6295509082189148,0.6291108377952778,0.6309993645058027,0.631121361595725,0.6317491373629008,,0.6327695555225253,,,0.6304699771590278,0.6295448354175892,0.6308760280812509,0.6313294238556002,,0.5748781469471995,,,0.7882877192901131,,,,0.796552556859655,,,,
8,24,DG_48pct,96,Z13_F06,13,LL_AB,182911,182148,True,4282.562791492428,4059.0707888177576,3946.8355715709517,3317.2881238566815,3324.5273358591717,578.1206730042095,54.0515369567362,3231.68195465635,3248.6250594912754,3908.570472195355,3958.7695643322495,4537.4923555973955,2.2550039345895203,61.5047985548513,201.44162477888253,252.7370106185468,423.8165305672953,174.2700967053062,223.61653485163356,278.5301120588457,,,0.7545736594863585,,0.7717920830767786,,,,0.6278919298775592,,0.6398722340668581,,0.7849300778986332,,0.650676080033815,,0.6487676133661264,,0.6984317537511651,,,,,0.6282293785477137,,0.6276792753604169,,,0.6222209387970531,,0.6292620151567128,0.631128374919149,0.6296229036116401,0.6299903352577946,,,,,,0.6033033907757679,0.6021240779290239,,,0.6049241203067164,,,,0.6057778095983083,,0.6076433145334388,,,,0.605096476564146,0.6062206272000581,,,0.7636170941925151,,0.607215138072109,0.6816508908309503,,,,0.7620059539365603,,0.7621102650881526,,,0.7634569523023483,,0.7618829839064979,,,0.7629558013353613,,0.7616024085674622,,,,0.7620130184235716,,,0.7632564121611174,,0.567587146114331,0.5659447758211191,0.5655053625949961,,0.488031513025961,,0.48639241966210234,0.4874666653615306,,0.4878914773340546,0.6517276704051389,,,0.652863137002977,,0.6527395660608118,0.651292503851861,0.6523009771457816,,0.6514558114473944,0.6522998356859238,0.6525803252822072,,0.6525574948264209,,0.6531815214895931,0.6553057416944494,,,,,,,,0.6498262580490938,,,,,0.6517468887768382,0.6520914989082165,0.65202730126125,0.6528715401592619,,,,0.6501117157384435,,0.6511722046212314,0.6509470478776771,,,0.6506183738749309,,,0.6470273752622081,,,0.6471175808293043,0.6481614265379955,,,0.6460165259097088,0.6465012190825244,,,,0.6472026411882283,,0.6471009064782793,0.6471170662938435,0.6470937126232539,,,0.6463305795688133,,0.6447849405080727,,,0.6461086784072904,,,0.6482484605581079,,,,,,0.6467234993889225,0.6458057015999665,,0.6464703812234851,,0.6471328211155399,0.6449201237018701,0.6467586228203167,,0.6450274099779155,,,0.41061786301878894,0.4110631064098614,,0.4102400333749909,,0.4111270791686455,0.4109192613638026,,,,,,0.41041468805956377,0.40881270401981096,0.41032753698728286,0.41077105065825986,0.4100675217654502,,,,,,0.40961633162493455,0.40941886375265124,0.411033828461537,0.409144842689757,0.4104273845685076,0.410311459200917,,0.4100704017793035,0.41015222645868654,0.40976380890405717,,0.41116456454818223,,0.41040478228915295,,,0.41082574090956187,,,0.41144169253014057,0.41048637841918184,,0.41095173377910593,,,,,,,0.4919707266811969,0.49491566089144534,0.49335292008562653,0.6651931215344031,0.6291147797893406,,,0.4783336754119941,0.4755714084438421,,0.47805707355190086,,0.6790074909643341,,0.6792370409154368,0.6789557463957915,0.6806754261941212,,,0.6804292824472231,,0.6800918922872353,,,,0.6791552034098566,0.6799800606605035,,0.6799661421394302,0.6779099010790108,,0.6799029505215003,0.6807511798510251,0.6783670238399993,0.6801337464923072,0.6786426325403954,0.6798631114838568,,0.6801663961492007,,,0.6784618835289343,0.6794156281138727,0.6802904095470786,0.680606412525602,0.6787768749810237,,,0.6784270770343732,,,,,,,0.6715287130641595,,0.6708936910103583,,,0.6720706463873747,0.6714954215662615,,0.6724712235476953,,0.6724839284722944,0.6713517454786267,0.6713966267662268,0.6701289504990501,,,0.6732830731483734,0.6677911841457119,,,0.6691026195989862,,0.6709823423439765,,0.6714740412439574,0.6704743709219035,0.669993891747976,0.6704813753593564,0.6665625147112758,,0.665720992476564,0.666304756077106,0.6668064924982463,,,,,,,,,0.6596555050663956,,0.6610266902827396,0.6588652312825443,0.6627075064688104,0.6612155419640245,,0.6610780513621164,0.6606468933747952,0.659370202466179,0.6594538542649564,0.6604579589740012,,,,0.6668953228157716,,,,0.6668260347820526,,0.6693433714395154,,,0.6667135690344334,0.666837938138364,,0.6675236551164375,,0.6654295119416637,,0.667978016937161,,,0.6682788467069812,0.6686236919435733,0.6704089206479857,,,0.6694637895875674,0.6687669985092884,,,,0.658945957144481,,,,,0.6619134638461085,0.6620624169681588,,,,0.6611124693143148,,,,,,,,,,0.6624812676075686,0.6591264902229269,,,0.6633811636840703,,,0.6623169887610761,,,0.4714707189543267,0.47125401313501686,,,0.6864653894019782,,,0.6881015627414289,0.530232225677596,0.5282686381000856,0.5273490345488012,,0.5280445979609322,0.5262018663899315,0.6337640617199158,0.4017722521241506,0.6362072743963839,0.4782068360399276,,,,0.4683156061295961,0.46773851628196245,0.4592256266334108,,0.45957564289936476,,,,0.43352008266589676,,,0.3844473342998416,0.20861639241656205,,,,,,,,,,0.13934565751464786,,0.20281427390254,,,,,,0.20273748436324893,0.2026243534991445,0.20291764287324507,0.2024523135799959,,,0.20287895302621461,,0.20279325847741658,0.2025109629151826,0.20275732470214286,0.20248014940551873,,,0.6436953343302702,,,0.6194360464315429,0.013399852884372442,,0.013363205165822805,,,0.013271187206048527,0.013309564981831211,,,,0.645063945145903,0.6456061383487008,,5.373070119732151e-05,5.3806079783304386e-05,5.366800456644905e-05,5.372417153406348e-05,,5.3577468761134095e-05,5.38437221269463e-05,,5.3711178117963685e-05,,,5.3632955434668025e-05,5.3708105917510454e-05,5.3715423117412895e-05,5.3642430434387886e-05,,,5.3586999739323226e-05,,,,5.373857256141819e-05,,,,5.361294193848592e-05,,,,,,,5.3526024475267674e-05,5.376752213093717e-05,,,5.3486042509733766e-05,5.366892628704095e-05,,,5.3642366196117645e-05,5.366236685663424e-05,5.3586552610566856e-05,5.375020677712291e-05,,,,,5.374131774179526e-05,5.374154915661605e-05,,,5.356956092896907e-05,,,5.368419251271111e-05,,,5.3676965852751686e-05,,0.49188633674074944,,,,,0.4923202781898826,0.49089320952673327,0.4920862807409981,,0.4915585805064981,0.4933193555869769,,,,0.6982238004676055,0.6968820173014663,0.6986755523604803,0.6989519163637137,,0.6970843043160714,,0.6983510444171486,0.697040973563797,0.6982147932850185,,,0.6996367039713794,,,,,,,,0.4935447310887584,0.4922134651896419,0.49284246568124995,0.4923234266228181,0.6826066780948727,0.6798774854081178,0.6811870498945428,0.6826116860385548,,,0.6826562374949384,0.6812539757222295,,,0.6825369261907597,,,0.6819834834676822,0.6990806073670586,0.6976984791538386,,,0.6978648155303392,0.6993265081463773,,0.6960404995156557,0.698366749341178,,0.6979403153336525,,0.6870843873232139,,0.69390995143531,,,0.6833268076542726,0.6817858027283143,,0.6825741293238147,,,0.49158347171748906,0.4927525440122296,0.49245264649460974,,,,,0.49317215108424184,0.49261864040797787,0.4911754143028053,,0.4933838161769362,0.4901364242754542,,0.4933387206622859,,,,,,0.49182308002838454,,0.49269878311236465,0.4919555902970174,,,0.6823233429952672,,0.6830402731467781,0.6855232184511982,0.685809695770035,0.6837391876195897,,0.6803617366762926,0.6824759394834635,,,,,0.6823764622816437,,0.6820232146416935,0.6840541365707468,0.6818755314732067,,0.6829682987541579,,,0.6826360624403626,,0.682621410260828,0.6822099509218079,0.3916462304101583,0.392472161124512,0.3906286871976812,0.3920978368549725,0.39274071734909893,0.39247291988653754,,0.6646025430494787,0.6161498346179163,0.6167642342495119,0.6174209931304412,0.16095785827868517,0.6309889056872205,,0.6302545888660531,0.6328896649077416,,0.6310420871943142,0.630730559239204,,0.632674422159977,0.6313554583673107,0.6336451213840009,,,0.6305226194439396,0.6297332208405182,0.6325474213937382,0.6315547660397585,0.6310504144103392,0.6308472743228879,,,,0.6312815930890642,0.6315601784312387,0.6291620620179668,0.630447762888026,,,,0.6305297204544,0.6315243783557507,,0.6318124457626672,,0.6306356335771862,,0.62935683266931,0.6307407041666719,0.6309313377787109,,,0.6302065236355794,,,,,0.6306416291252872,,0.6320581759880732,0.6304897777921402,,,0.6306928545811064,,,0.6296618191793872,0.6329678951161783,,0.6298544385946351,,,,,,0.6293209507843436,0.631135421391571,,0.6290052550817236,,0.6316769500890044,,0.6306710935212526,0.6308677704289374,0.632098943347253,,,0.6305648168920256,,0.630643417921025,0.63186770173775,0.6308196549428358,0.6318783645313666,0.6307588188827977,0.6320194195349964,,0.630873607076315,0.631845463023893,0.6310518048287089,,,0.6317097534596225,0.6304143356032215,0.6300454891102246,,0.6328268408424025,0.6325101870196504,,,0.632376913187087,0.6311345462464804,0.6308537592856499,0.6297426458791389,0.629646916567336,,,0.6279995482328806,,0.6306751337343658,0.631383489928926,0.6305099341613568,0.6304640451981822,0.6322683777293981,0.6322311049905865,0.6314409439192872,,,,,0.6296528872553304,,0.6337833139310781,0.6317327254731844,,,,,0.6319377114060422,0.6309465645289815,0.6305765554388414,0.6311615289737822,0.6314307836647585,,,,0.6307001153652935,,,0.6321016847666462,0.6318137681416485,,0.6306595416751135,0.6318360077997895,0.632899628296998,0.6314158846659086,,,,0.6314449238619123,,,0.6309895881427893,,0.6330300346344508,,,,0.6306221929300142,0.632151452469979,0.6303802345126581,0.6328175476837123,,0.6322507308916043,,,,,0.6307459142283178,0.6301598040149209,,0.5748495792942807,,,,0.6962878234707697,,,,,,0.7007315895689946
8,24,DG_48pct,96,Z13_F07,13,LL_AB,182911,182148,True,4303.334070298521,4038.4389402926286,3975.2222124066416,3319.8323710122227,3317.7232558753126,577.9207125694094,54.073909415081125,3223.3527438489477,3260.478810825035,3881.653735194043,3945.336708772428,4520.369580691395,2.2570061621016935,61.98404424297583,202.50659846308395,252.1746813951363,421.93715235649586,174.0270435791218,223.40325831473498,278.6801312544165,0.7538463759032997,,,,0.7737723397737412,,,,0.6288528972139905,,,,0.7885826401482745,,,,,0.7000967964350491,0.7007665915962229,,0.628154666568146,0.6301682812140411,0.6314572731220935,,,0.628356483967016,,,,,,,,0.629352437749382,,,,,,,0.6027670793346276,0.6017877164452444,,0.6060878175498448,0.60614693212941,0.6071523528199265,0.6061216189463172,0.6058254967354579,,,,,,0.6053558944555674,0.6069000296423549,,0.6077203850077066,,,0.6068163883246832,,,0.7605254294481204,0.763005815623088,,0.7632175180924748,0.7615120632769875,,0.7645800283477965,0.7638144769271322,,,0.7630540695197204,0.7626658735692396,,,0.7625906968643936,,0.7641792789933418,0.7656203669261509,,0.7616499964344503,,0.7630587965150353,0.7629744615179556,,,,,0.48756761132569343,0.4880759328773965,0.48684470975659183,,,0.4900093892686115,,,0.652637129591094,0.6519334243448962,,,0.6512826462809533,0.6540670728449186,0.6528428523415928,,0.6518926849177435,0.6517318446908371,,,,,0.6538270439048134,,,0.6512975468857326,,0.6526512855382907,,,,0.652618507097821,,0.6499927735373443,,,0.6511931692395961,0.6512761327649852,,,0.651007070730698,,,,0.6525304824808738,0.6505988114050903,0.6490975661331811,,0.650675735455575,,,,,,,0.6465821308903453,,0.648312880688271,0.6463834436311194,0.6484947175263089,0.6467236161483488,,,,0.6453131490537976,,,,,,,0.6464396884450783,,,,0.6473347964406613,,0.6483916398020552,,,0.6458456114060465,0.6456054370837164,,,0.6469252304316209,0.6448851549262737,,0.6466514992540773,0.6461530284087537,0.6457725104730263,0.6471152953217439,,0.6456153884771944,0.6448384214579934,,,,0.41104248899655993,0.4102080691118799,0.4107727040132297,0.4095170911950398,,,0.4106268960581747,,0.4110542795660276,,0.4105504429342623,,0.4099213852666919,,,0.41102338523480303,,0.4112802754653668,0.4108778174672415,0.4105274978403682,0.41041697204077426,0.4107650236673218,0.4105659404703709,0.4106009056886984,,0.41043626527233723,0.4112891124605444,0.41009046377398306,,0.41001379918669806,0.41087103287428045,0.4098259702633741,,0.4113163107772544,,,,,0.4095370878992194,0.410105428529091,0.41033474374402273,0.4100026151777207,0.4099040226914205,0.40969869401951337,0.4102239475469759,0.4088595278988552,0.40943529215750746,,0.4101379617590855,0.4097653088954545,0.49434536225345366,,0.49416798279834084,,0.6279143140464887,0.47765935733278264,,,,,0.47802227928225516,0.6800633891942421,,,0.6794907195644068,0.6814260328672921,,0.6799818822901466,,0.6794707195068593,0.6810770368802375,0.6795809688991932,,0.6779540529508077,,,,0.6811900516877405,,,0.6802434361121171,,,0.6765288438384509,0.6792845989025224,,,0.6796782109637124,,,,,,0.6812580302543986,0.6793842493114292,,0.6799066136918376,,0.6761363197683813,0.6809441645566353,,,,0.6700130430912576,0.6702876291661625,0.6716638174206623,0.6707179876929613,,,,0.6719558773174792,0.6707002395886884,0.6724430552377832,0.671211288968341,0.6727400034905294,,0.6726900315721648,,,0.6718973008177694,0.671661843674004,,0.671248694791409,0.6698431585117908,0.6689447033736782,,,0.6708230787242703,0.6706703074608051,,0.6725193477101994,,,,0.6686199595856391,0.6689784589702992,0.6677741225670796,,0.6666960398270275,0.6660727270157331,,,,0.6676186250204461,0.6620209858595151,0.661587603740251,,0.6608986659399705,,,0.6604680027299629,,,0.662003467759833,,,0.6575254530042381,0.6615763975083068,,,0.6660705819370891,0.666621224255006,0.6685401689008812,0.6688893576657174,,0.6673570892138113,0.6669452505919492,0.6677298843625229,,0.6699093021182827,0.6658040513612459,,,,,,0.6678509276859818,,,0.6685958610872857,0.6671729599608315,0.6685385514673513,0.6683299782641954,,,0.6685283577829583,,0.6674842975152916,0.6669986407211148,,0.6601317317328735,,0.6622548401059781,,,,,,,0.661004628291833,0.660808609033665,0.6624650393774416,,0.6615961909728688,,,0.6609431202818612,,0.6610052551410445,,,0.6605918772099166,0.6601978893055598,,,0.6611650137870281,0.6628797370908227,0.6610359788987131,0.660763387307253,0.4719330423061966,,0.4717847531922891,0.4712162969316613,,0.6876349207583147,,0.6873758782201005,0.6884848398123973,0.5300374541482417,,0.5280853598212398,0.5285627988465758,,,,,0.6378876346712291,,0.4802924818088618,0.4779439493788375,,0.46821637122344434,0.4684387956862442,,,,,,0.5939577168316029,0.4342117327568985,0.2359875277541387,,0.3841454122134353,,,0.1869022408908473,,0.18637915473060332,0.18684778087568166,0.18730703521362227,,0.18666480383396003,,0.13913500346051544,,,0.20204441347651755,,,,,,0.2032334737766974,0.20195734622874614,0.20286419199106562,0.20247700831368953,0.20206142697842172,,0.20254443830341842,0.20302830342135347,0.20315985773950557,0.20249717949517856,0.2032609290448523,0.6447410217469499,0.641819317204352,,,,,0.013396397033895795,0.013381839954252843,,,,0.013291054292950034,0.013312543388168506,,,0.6407967691636939,,0.6464044603891601,5.376961939193095e-05,5.3722381515016754e-05,,5.361849734197955e-05,,,5.3719546712953234e-05,,,5.3715502406666206e-05,,5.354974554858861e-05,,5.3726485713150656e-05,,,,5.363087486850471e-05,,5.376363731373515e-05,,,5.367165230745981e-05,5.378294805605181e-05,5.371337420601061e-05,5.375035530318538e-05,,,5.354924316666822e-05,,,5.367544925983409e-05,,5.3589818796959235e-05,,,5.375114501842318e-05,5.3672012308334064e-05,,5.383785619178281e-05,5.363549854600954e-05,,,,,5.357236988019537e-05,,,5.3405210974658196e-05,,,5.377821128589527e-05,5.3661744779803395e-05,,5.355591368365343e-05,,,,5.377110517658242e-05,,,,0.4920891833779085,,0.4920391610467047,,0.49254416351580055,,0.4930813155195697,,0.4921645134416438,,0.696382067025633,,0.6970974645194771,,0.6974880267334707,,,,0.6974874768434519,,,,0.697560529422126,,,0.6980193056629667,,,,0.4925309450204452,,0.4914837481261427,0.49236572221874686,,0.49327911452803563,,0.49180002929963545,,,0.6824544404196691,,0.6798233585663349,,0.6808316188430424,0.6809628144168199,0.6808762967239135,0.6816502477235195,0.6822039207495003,,0.6810060543304174,,0.6988369170402132,,,0.6962080524789194,,,0.696256363220214,,0.6988991389903357,,0.6986423048240367,0.6979990387624353,,0.692792596154211,0.6949915264857163,0.6815653393621468,0.6835902954845712,,0.6835429704877226,0.6827725666659269,0.6827195540639892,,,,0.49129744624262855,0.49224587886743804,,,0.49219049911608664,0.49164400754300835,0.49148417304720055,0.49180861954038724,,0.4921129434898283,,,0.49152925176406254,0.4910449111972611,,0.49202998320089025,,0.49339973381310603,,,,0.4925391975760622,0.49240101202869885,,,0.6819608379546477,0.682955989455036,,,,,0.6839146917523223,,,0.6816897105801797,,,0.682245291391628,0.6803479543638598,0.6808878251273178,0.6817440044965237,,,,0.6827118304869382,0.6841135469224926,0.6832098674933601,0.6827113846253905,,,0.6837781071617065,,0.3920185332066957,,,,,,0.6648861052762568,,,,,,0.6308490080356814,0.6311781139345786,,0.6308344186433928,0.6304259783682447,,,,0.6295339064069961,0.6332487776136722,0.6317931186407618,,0.6308447907627812,0.6311197974112649,0.6315841244043706,0.6308506532281805,,,0.6322978486108165,,0.6318051721658874,0.6318077153993744,,0.6317161178957909,,,,,,,0.6289710152924438,,,,0.6323110819645226,,0.6311064025203276,,,0.6333360792747837,,0.632650366425909,,0.6313335166366788,0.6329302830564857,0.6313843429770818,0.6316660840560161,,,0.6305969355422736,,0.6319070648570169,,0.6303251919900197,0.6301884063539214,,,,,,,0.6310084457766345,,,0.6310810795553395,0.6300524527278013,,,,0.6314110628258932,0.6305339057061361,,0.6277139817419412,0.6298331050227174,,,0.6324959022759075,,0.6321708005725576,0.6307596115505415,,,0.6312909432479868,0.6311810724835575,0.6308234472572314,,0.6322960670311076,,,,,,0.630669058260908,0.6314221123795613,0.6292578499414404,0.6313162591547677,,,,,0.6311464862847088,0.6307302754168234,,,,0.6305343701139251,0.6303816774166542,,,0.63276949879158,,0.6316076235810096,,0.6303968424548013,0.631101148820533,,0.63250245637962,,0.6308899581174351,,0.6319639288364886,0.6293377183839804,0.6315865572139704,,,,,,0.6296869031993246,,0.6302100334240436,,0.6320128732355785,,,0.6310787226675629,0.6289836576253107,,0.6309504590847692,0.631776865031433,,,0.6319156092515238,,,,,,0.631874474611017,0.6316682777480408,0.6301576714659777,0.6305697666826973,,0.6292817010670436,,0.63063092967333,,,0.6301968051189308,,0.6315692908166184,0.6327543774694584,0.6306726527409223,,0.6321234853026271,0.6295675413672297,0.6319813033739166,0.5758102872926146,0.5761978229906561,,0.7755622149534896,0.625957921835015,,0.7874526638949358,,0.6488087406574371,0.6510308781462544,0.6983524076433436,
8,24,DG_48pct,96,Z13_F08,13,LL_AB,182912,182157,True,4495.412014806367,4252.992114656732,4149.128299798503,3256.229464845885,3238.1233270382827,598.7629050912279,55.811277748715575,3096.69415826447,3120.412529348676,3575.573725184444,3636.512657201239,4234.390579447438,2.4126179452841443,62.15024959720446,203.28643750855903,260.64333880264036,441.0045087424868,181.63342192769193,231.45218065323417,276.235119679302,0.7533519429766774,,0.7534409041746112,0.8544722416357877,0.7731409148164521,,0.7193264862215044,,0.6281574991333819,0.6265447548858137,,,,,,0.6568105953792147,0.6556562142264535,0.6988861923768077,0.6987032646513673,0.7000316474566556,,,,0.6275220207065331,0.627736457703211,0.6264537104773776,0.6196435964241487,,,0.6294284884658236,0.6289985377057652,,,,0.6292650725430822,0.7909804399879898,,0.6059688123816727,0.6087188848717965,0.6064583222553116,0.6061163738999809,0.6043126361268848,0.6076174586015956,,,0.6072117753575976,,,,0.6087939612179581,,,0.6070208299430818,0.6073976489630033,0.6085553792798152,0.6071683121536653,0.6063993217796075,0.7747594889395225,0.7785981886349304,0.6148456351409296,0.6829136160340615,0.7750056328880452,0.7753178951329595,,,0.7763042990242817,0.7743256076007147,0.7753443625592172,,0.7762496021790407,0.7741576364333289,0.7753209834810346,0.7756227505951097,0.7746296677737986,,,0.7760203245855812,,,,0.7753725798129085,,0.7768438111740315,,0.7755833825799325,0.5695563595169508,0.5677350826296202,0.5691892168737089,,0.505553853096641,0.5042542906312818,0.5058069654658007,0.5047240646118893,0.5063240092186075,,,0.6869207019988901,0.6881505449966266,0.6872364742471463,,,,,0.6864776207109119,0.6874280744240906,0.6863257939527543,0.6880440178663073,0.6875279787520128,,,0.6875612279061398,0.6850034987344685,,,0.6879742004978325,0.6859113184997596,,,0.6857843927898503,0.6857939050422678,,0.687559983473001,,0.6866986601082006,,,,0.6863950290991643,0.6869234414757637,0.6878435918496395,,,0.6857629878134033,,0.6870502490195154,0.6876149654710751,,0.6881241002203715,0.6687354705222084,0.6687251362715555,0.6682364506963622,,,0.6695579346886277,0.6689206354742652,,0.670786485958282,0.6695793799003706,,0.669561762714002,,0.6715352314953776,0.6699902744268318,0.6732366925356011,,0.6714207682940593,0.669603782184214,,,,,,,0.6677112377019053,,0.669053900062203,,0.6699094933134284,,,,,0.6683924987556853,0.6701217220923055,,,,,,0.6684989128759985,0.6680769980999137,0.6702484652731218,0.6685185521022103,,,0.43288639612202345,0.4331112808624094,,0.4321096940761624,,0.4320598499863801,0.43381777985161485,0.43313729698078346,,0.4334288815358024,,,0.43319961500313153,,,,,,0.4330395278201569,,0.4331382416297156,,0.4322889686968471,,0.4326966645974523,0.4337131806547433,0.43299842734884914,,0.4326792062484774,,,0.4340519137442893,0.4342611859636402,0.4333933799401391,0.43133114605207395,0.4322273999176869,,0.43289888500357654,0.4316978273226739,,,0.4340124255210903,,0.4324156046556805,,0.4331142557784498,0.4326916665859154,0.4331770767705005,0.4314267270632543,0.4321950953519119,,0.509473596867813,,,,,0.4956660188518605,0.4965143785980074,0.4954015023031061,,0.49634190409824824,0.4959867309318701,,0.7119096568106364,0.7116678885110513,,0.7120776573763906,,,0.7136234081039703,0.7108169181737588,0.7119473099294311,0.7116933259121319,0.7114197006451973,0.7084052233508302,0.7115602578781347,0.7109944566224019,0.7104926049476514,0.7115421275495543,0.7111333912814114,,0.71106335420622,,0.7105824232147748,0.7104205998013882,0.7121242905340432,,0.7106398243389461,,0.7101062143923218,,,0.7112699366133506,,0.7122869903737716,,0.7110037620432778,0.7091745588316918,0.710713187392645,0.7124418502382291,0.7123240293629773,,,,0.7035223692182747,0.7048199506345055,0.7035818689712712,0.7036846023069271,,0.7031571730250443,0.702786900444063,,0.7056182097617756,0.7049228803400212,0.7060455688253948,0.7036159531250619,,0.7050997701967642,0.7035843081359898,0.7018785504201307,0.7043628166845295,,0.7039394246754033,,0.701877695548923,,,,,,,0.7020928604276706,0.7003091767297903,0.7036108571483604,0.6875705304680725,0.6876227361040249,,0.6895973198960139,0.6876401089236674,0.6864585330130729,,,0.6867299193044937,0.687532548942336,0.6874206009048955,,0.6801132215609406,0.6827233115203701,0.6799907490465036,0.6828691059611058,0.6808484585675583,0.6805862765376596,0.6821933676253823,0.682000379218139,0.6829082586927514,0.681038932681992,0.6796332562569896,,,0.6793420262018618,0.6879896217545683,,,,,,,0.6882922210514312,0.6862844216522154,0.684969929901475,0.6891196141197086,,,,0.6866884963030532,,,0.6878410242802946,,0.686833332075434,,0.6867300853933482,,,,0.6858805006692779,0.6870042492763336,,0.687995511445095,,0.687281492314205,0.6796745779225181,,0.6795502324822105,0.6788573202631416,0.6804729419291955,,,,,0.680263401726098,,0.67978704319324,0.6796349099347024,0.6807630331738099,0.6833740541969243,,0.6785628475139734,,0.6817407037925551,,0.6816233510528503,0.6811912520235569,0.6809714033756171,,0.6785306350958273,,0.6814543053830073,,0.6813770969062929,,,0.490190918362488,,0.7172918415895908,0.7171110081965619,,0.7187662588545722,0.717997750486977,0.5414850509819754,0.5413811471723592,,0.543388493371905,0.5426168783071306,,0.6705227547871986,,0.6588732844640386,0.4975825273101047,,,,,,0.47826709510630194,,,,,,,,0.6211586948071233,,0.2406913470408878,0.6227251958860301,,,0.22129804278047524,0.22106766912403014,0.2212868697944309,0.4081516434313915,,,,,0.24857184589814432,,0.24926645678923812,,0.24897814555631068,,,,0.24889822125583314,,0.2490696671340541,,,0.24914354656936583,0.2486090549579028,,0.24914366624406362,0.24954028068031336,,0.6645304706290563,0.6623820513701189,,0.6656553019012278,,0.0008580509052802241,0.0008628346368101846,0.00085730699939416,,,0.0007945389462436402,0.0007923492169635584,,,0.7014944011812426,0.7037992379555743,,5.149699902363331e-05,,,5.152617131842488e-05,,,,,,,,5.139287261127847e-05,5.142038107734642e-05,,,5.142450231648112e-05,,5.1504065126957064e-05,5.145127069702743e-05,5.143132096647888e-05,,5.149489766148246e-05,,5.15875455098423e-05,5.1548070521766786e-05,,,,5.1395263996571435e-05,5.157033900896557e-05,,5.1611306903524076e-05,,,5.143755662443377e-05,5.130477961299385e-05,5.149226873852579e-05,,5.150940837985232e-05,5.147332792488033e-05,5.1480039767188716e-05,5.145323714591897e-05,5.151915335116871e-05,,,5.135077061632641e-05,,,5.140446486014968e-05,5.1511414492615064e-05,,,5.146932062221728e-05,,5.14388053741688e-05,5.149317260004709e-05,5.1308923411602544e-05,5.1387794284569155e-05,,5.146639950798149e-05,0.5109843985352034,0.5104411668850344,0.5112570340434953,,,0.5086899319192772,,0.5110270623946301,0.5105391188877986,,0.5100644579618249,0.5105602369766542,,0.7270149930768799,,,0.7288805179119795,0.7276251624346747,0.7282661460976013,0.7300286246740497,0.7266771975294,,,0.7269364724487022,0.7282390959253086,0.7277993318253052,0.7247679118462761,0.7286500685166021,,,,0.5116480346800926,0.5113067599400685,0.511491915977922,,,,0.5120416392513927,,,0.6985483990381341,0.6977637564815531,0.6972354378523509,0.6985579627527743,0.6965974109530477,0.699178191217597,,0.7011958982321723,0.6990110115646999,0.6996410293274229,,0.698583331918555,,0.725732652556327,,0.7262556583481129,0.7279603987499706,,0.7302669574895748,,,,0.7284045287590782,0.7276113608364696,0.7267034221376465,0.7154665833208489,0.726026217344018,0.7269787805570563,0.7016983070222319,,0.7001944887676692,0.7016938318205806,,,,,,0.5119394051570678,,,,,0.5095259980660581,,0.5104695329230803,,0.5109404086650646,,0.5117463855125597,,,,,0.5108692544134709,0.5103756432420069,0.5101577683481163,0.5093728328157262,,0.5102027118157423,,0.5109857809671622,0.5108960567940913,,0.7003704056838184,0.700672580993069,0.7013685768915575,,0.6980679434282473,,0.7001923020570561,,,0.6977563792734807,,0.7003498484328902,0.699496762549573,,0.7002226018273184,0.7001498167293625,0.6990063415600086,0.7022232307287352,,0.6994573349964189,0.7001795822427549,,0.700593970650249,0.7012045422620398,,0.42517087692215555,,,0.42663075165660114,0.4259714122652157,0.4243538411174077,,,,,,,,0.6305520878106995,,0.6319528050528287,,,0.6317107055852008,0.6314020560518,,,,,,0.6297132696148218,0.6312532960019881,0.6310626085969583,0.6330720102890567,0.631828297645636,0.6302485324117265,,,0.6295018630889104,0.6304729102835918,,,,0.6293843807766897,0.6304884530704986,,,,0.6304008415594273,,0.6303398813097487,0.6295767914825333,,0.6309662623161594,,0.6301022097024495,0.6291079376857026,,,,0.6306996824271786,0.6309325722283542,0.6309661626599191,0.6325559294909776,,0.6319544722317177,0.6302134723660362,,0.6290710052168006,0.6304518616734485,0.6309164946188489,0.6306666621862066,,,0.6317985708332611,0.6302149152811575,0.6297396222627495,0.6307066425959814,0.6297914071622379,0.6317981927291411,,,0.6307646653452441,,0.6312991556357133,0.6305260866296167,0.6304315137770331,,0.6290153976905942,,0.6333660088385556,,,0.6327086583063168,0.6324341349481803,,0.6309019290661636,0.6305684369685988,,,,,0.6300978610689599,0.630216156317912,0.6296845995498447,0.6310328764537652,0.6315023702656369,0.6305424291941377,0.6304700123467654,0.6312865154057028,0.6308550531487029,0.6298826487444718,0.6310807626629538,0.6298537455275639,0.6294347068680536,,,0.631101691022374,0.6283513727784656,0.6292324520599966,0.6289609201478858,,0.629893616960831,0.6298415796960956,,0.632689543873265,,,,0.6312574026473565,0.6291612095659611,,,,0.6318411691844452,0.6312390157476693,,,0.629589366216388,,0.6315309370142973,,0.6299402434759264,,0.6312672367443597,,,0.6296900922708647,,,,0.6312048487821778,0.6316873006815952,,,,,,,,,,,,0.6334247420947157,,,,0.6304448891102317,0.631481850018227,0.6310851343054933,,,0.6313481478782614,,0.6319882950614544,,,0.6301763058555834,,0.6286070195584283,,0.6300845079847001,0.6320095220940017,0.6295997566406722,0.5780871853358938,,0.5759157007504672,0.786245947353069,0.6339153703830487,,0.7946410476578978,0.7966416485112917,,0.6544668432464434,,
8,24,DG_48pct,96,Z13_F09,13,3PH,182901,182148,True,2733.826786860013,2611.1500575975415,2580.980640668337,2580.677944932804,2592.72474707892,452.1135855148255,41.135234434897335,3359.7521204445075,3457.32315411272,3740.743360589835,3794.7326342644055,3901.1904907606354,0.00028018853645759813,56.919641824193576,184.4779335057524,196.9580025642353,313.9597201686293,130.63476254618323,160.96578372027628,127.07887829008102,0.8113750075898067,0.8091695581862208,0.8077222923741935,0.816088012189152,,,,0.7209267876314522,0.7189670685295105,,0.7154208946734425,0.7281300278816186,0.7269799671768908,0.7285661023529018,,0.728223395836429,0.7253172058835121,0.727654901293612,,0.7256508592666985,0.7181746725280042,0.7178456313385874,0.7205221199775911,0.7190191126277058,0.7188706607564018,,0.7087410359280213,,,,0.7200614209614734,0.7199582818986396,0.7210115351739588,0.7199016953241578,,0.709256073774052,0.6882478641586283,,0.6871360642594758,0.6914794513817368,,0.6910814492356425,,,,,0.6939352069298521,,0.6926155021759497,,,0.6963865990999716,0.693859990617985,0.6940765504053734,0.6921462293074303,0.694897463736296,,,0.6894462116346027,0.6910058977652814,0.6914637661253081,,,0.6870785089173518,0.6866335873514988,0.686882498600153,,0.6864562260858076,,,0.6894407914444313,0.6853623988962928,,,,0.6870363847829308,0.6874061188210375,0.6877595892446777,,0.6862022919735971,0.6861328680488846,0.6852863621659405,0.6859143223209891,0.687594082550425,,,,0.6576340625793093,,0.5014990200878898,,0.5007017148566818,0.5034245216100698,0.5020801219851432,,,,0.5079485332727014,0.5071539927775354,,,,,0.5080215684811598,0.5068393009346935,,0.5079045820395143,,0.5067435122617685,,,,0.5076631527166143,,0.5076051968074013,,0.507685899926239,,,,,0.5081395352570551,,,,0.5060715000756848,0.5059422668147445,0.507649643513591,0.5076420829086965,,0.5075297086396107,,0.5067195199318538,0.5076344593987355,,0.507246813339492,0.507374396766881,0.5074027337234701,0.507984521077129,,0.5079955103288715,0.5077600053383117,0.508524166698805,,0.5071737021422464,,0.5096986840720942,0.5083313597009711,0.5082603320825753,,0.5088269651676379,0.5094732195978822,,0.5068325666569362,,,,0.5090320207012831,0.5093776507244414,0.5076563477959734,,0.5080183165039283,0.507748279754382,,,,0.5072457355699233,0.5080433429302005,0.5079746420666721,,,0.5079880387639102,0.5081081223714571,,,,,,,,0.5084795340379014,,,0.5082666796059739,0.5087427006414468,,,0.5061670104892024,,,,,0.5085987082937032,,0.5082097030577789,,0.508210721094309,,0.5085340088548214,,,0.508287441956404,,,,0.5076272710495742,0.5071597859268435,,,0.5060801330599763,0.5082663409967946,0.5080926509577903,,0.5078003624731782,0.5067794474117393,0.5074247380548075,0.5067870185840038,0.5065216794975376,0.5079828574531451,,,,0.5087130034727845,,,0.5067096052478954,0.5078055187250811,0.5068329848928966,,0.5089070942846103,0.5085421502267297,,,0.5063502274319966,,,0.5083544293468379,,0.5099257145671907,,0.49016120975775135,0.49149533641376375,,,,0.49090104613332675,,,,,,,,,,0.5490049148692191,,,0.5479031016196176,0.5499941078806988,,0.5498283914424466,0.549703377975453,,0.5508988630267448,,,0.5485922543115762,,0.5478415809813676,,,,0.548688663244127,,,0.5466907513255909,0.54885232237091,,,0.5513202945742295,0.5490450786220805,,,,,,,,,0.5380410254078191,0.5382432097914494,0.5378774233550179,,,,0.5389590198186787,,0.5376060420795129,,0.5372890831595548,0.5377071165325742,,,,,,,0.5389569526736334,0.5379749167790597,0.538252447736752,0.5391333165905624,,,0.5388461426854118,,0.5369446832019427,0.5389840220537814,0.5363690995369834,0.5504503818907941,,,,,,,0.5484509730777205,0.5495083755640507,,,0.5376695077267809,0.538417266837203,,0.5371124349933661,0.5363640667125624,,,0.5385123490584601,0.5366295948954158,,0.5379757433541518,,,0.5366863386286462,0.5381842147857452,0.5494300012655337,,,,,0.548393105185693,,0.5489848117602738,,,,,0.5471130720298613,0.549211999162573,,,,0.5484066539069795,0.5479305121677172,,,0.5496579867296301,,,,,0.5491158751621151,,,,0.5474707846664311,0.5371647699032596,0.5374583987034851,0.5372341072532444,0.5366481200004346,0.5382910731536983,,,0.5363863045693027,0.5367530654396544,0.5367916681173182,0.5370892083814379,0.5384026854104936,0.5374959182391382,0.5380320740226254,,0.537655236445839,,0.5379456345693123,,,,0.5367243499634732,,,0.5366226390348835,0.5379590138596135,0.5365030394179666,,,,,0.5608366202699663,0.5593737111154755,0.5570938310369201,0.5568907758516559,,,0.5581298966635037,,,,,0.5473594869109036,0.5460210773438056,,,,0.49117144531370827,0.49173251185118044,0.4920231916094668,,0.4804479095379101,,,0.4673244191561378,,,0.39219513369475456,0.3913351913040812,,,0.30308583002125583,,,,,0.2302081904757491,0.22975385553921732,0.2305843628137913,,0.22956009177484826,0.23015054123836967,,0.16717856954623808,0.1674378787938702,,,0.20214454375758434,0.20138821976354895,,,0.20220758615783554,0.20265208732336978,0.20192921857057416,,,,,0.2018715652831431,,,0.2022976816761227,,,,,0.03195297249770829,0.0319593002466601,0.10228981823507635,5.382453973070446e-05,,5.388579299052374e-05,5.395861381776574e-05,5.3885476004090775e-05,5.399039347662942e-05,,,,5.3857035304932334e-05,,5.378197619195108e-05,5.3451929701498445e-05,5.3491238236782244e-05,,5.361743537726202e-05,,,5.359851184507931e-05,,,5.3638048782531377e-05,5.3591491746932984e-05,5.367822815828098e-05,5.36099149659236e-05,5.3780746993418954e-05,5.352191249209983e-05,5.351559387757253e-05,,,,5.3759352486721314e-05,,5.353227803952511e-05,5.347657830808272e-05,,5.357365351238401e-05,5.351520993199848e-05,,,,5.366528437971637e-05,,5.3552624081197844e-05,5.357276125136245e-05,5.346687833496335e-05,,,5.34682929673617e-05,,5.353675169489688e-05,,5.363965843654039e-05,,,,,5.362769245076637e-05,,5.363079068649758e-05,,5.364558650709502e-05,5.3621765090267284e-05,5.358201598153462e-05,,,,5.354771168872419e-05,,5.3620891663861234e-05,,,0.5745524214910207,0.5741851191699403,,0.574211649567453,0.575061610075959,,0.574712970254971,,0.5744393372359686,0.5760888964800088,0.5730299506527423,,0.5749579858054448,0.5744382122621571,,0.5750710754751769,0.5739399660054262,0.5743996789449275,0.572905022250843,,0.5732301071511305,0.5748066402852623,0.5732428068441703,0.5732567230338583,0.5732737262928647,,,0.5740942235453194,,0.5737703081968498,0.5734042827847399,,,,,0.5761274264387992,,0.5760813505299716,0.5751861109631777,0.572993437265113,0.5731417182350008,,,,0.5738015468927022,,0.5726887901876903,0.5713205874846952,0.5720278156996422,0.5743654872807609,0.5724529703433024,0.5740127245320203,,,,,0.5743931689465623,0.5740378004299006,,,,0.5740516321793113,,,0.5740196146812938,0.565999544355403,,0.5740241437174813,,0.5753517483190942,0.5736301399944034,,,0.5729621238430589,,,0.5769460765613157,,,0.5746567732214447,0.5748709336266918,0.5738730481914132,0.5741767953593294,,,,0.5753879844036534,0.5746479120631258,0.575017835691994,,0.5744432286001808,0.5734423833297302,,0.5756070313922376,0.5752293945636836,0.574561299587218,,0.5753162286788449,0.5739444863654444,,,0.5742439998156723,,0.5747631351944673,,0.5746385234753085,,,0.574228436004107,,,0.5747651128672443,0.5734783317088359,,0.5740891448934714,,0.5714403322726631,,0.5755455692152558,,0.5729252642377505,,,,0.5739200863725359,0.5737802903614898,0.5732797790205312,,0.38887407231490584,,0.38925333332015355,,,0.38942176960231756,0.7098982917628526,,,0.7026248718520653,,,0.7194970937043201,0.7208631237637801,,0.7216471783202946,0.7231333167497571,0.7224258725782006,0.725060258078156,0.7225052924778377,0.7215615891659731,,0.7210183805876568,0.7205451876409187,,0.7235428798970938,,0.7239128837451464,,,,,0.7243377158123313,,0.721611378267914,0.7210196382067621,0.72228189476911,,0.7230567168371701,0.7223856333062499,,,,,0.7216787450693071,,,,0.7213526860569215,0.7219877950675225,,0.7233674524004039,,0.7218119350428437,0.7224349814750369,0.7200758692500567,,0.7237053069695336,,,,,,,,0.7203080915772344,0.7210903624298522,0.7219540397867223,0.7206591117961696,,,0.7221406939629631,,,,0.7226422075826658,0.7222467264945708,0.724830877320023,0.7232049791364794,0.7237589280444529,0.7207285675719725,,,0.7225898889151032,,,,0.7258518879015687,,0.7237294240414778,0.7207184634553652,,,0.720721876398896,0.7238782906337236,,,,0.7233236168073522,,0.7220966778259645,,0.721357858836315,,0.7214445401941448,,,0.7226400537767951,,0.7225612559354146,,0.7207758193614511,,0.7221432131183687,0.7232844346192164,0.7222795097096181,,,0.7209985449636253,,0.7217761681292264,0.7235709364428581,0.7238852726057594,,0.7211979021151518,,,0.7222553229887361,0.7251036505507065,0.7239632879205747,,0.7215820956884696,0.722368795972256,0.7214275720366751,0.7220621154047951,,0.7242348876132529,0.7220166543647824,0.719891347891513,0.7220445359068879,0.7210986224062367,0.722071435993705,,0.7204690484017826,,0.7205389853229859,,,,0.7201042731375383,,,0.7228279795105703,0.7215121250725991,,,,0.7221304780454846,,,0.7227707602002431,0.7240850290757863,0.7241038895807617,,0.7232987714977298,,,,0.721400837505985,0.7220058805343538,0.720277007806237,0.7224782514185635,,0.721871639480779,0.722875395718997,,0.7215089293534588,0.7245572058934233,0.722217979127715,0.7234178939884536,,0.6639313278427855,,0.7046678861808231,0.70319793667991,0.7058879056536118,,,0.72599107533566,,0.7259639128681592,
8,24,DG_48pct,96,Z13_F10,13,3PH,182914,182158,True,2782.1234701756416,2641.338234932641,2574.656271323227,2393.6281125169276,2407.2034662354,479.130707989951,43.59203981993517,3120.665265844841,3243.142810616631,3544.5274223864913,3562.819670546458,3723.9335381045494,0.00026838996447324894,57.17955701775857,187.96762093132625,207.59755802144426,334.1550741469573,139.69336797726703,171.90552460679365,143.04123351188238,,,0.8159790226753785,0.8191091468825231,0.8206628341378601,,0.7797627274361024,,,,,0.7375307537282549,0.7388776277379612,0.7379061921639509,0.7371126841365883,,0.7392856847092149,0.738985882915393,0.7356674187849487,,,,,,,0.7285947217602841,,0.7175477056173721,0.7181266495500261,,,,,0.732326254688211,,0.7277647554257226,,,,0.7041595224548284,0.7068736541078046,,0.7068116815464676,0.706103424599151,,0.7084143057388317,,0.7072920445770396,0.7082694477100036,,,,,0.7074106864019414,,0.707055825856905,0.7082766108522968,,,,0.7059235129490061,,,0.6991849622013928,,0.7002501721512356,,0.7006139684702343,,0.7011608700121159,0.701234174608506,,,0.700382194009543,0.7006818404602526,,0.7023461712939758,,0.6997238815998276,,0.7030702564661058,,0.6999445443989255,0.7001013322071542,,0.6750681698764881,0.6771216281996906,0.6736655798607817,0.5407878246270745,,0.5358613924650341,0.5345085309401583,,0.5380297234715126,0.5362644587893592,0.5436603137580461,0.5431784268735396,,0.5427617100265176,,0.5443900226568256,0.5447689255676488,,,0.5439641567120539,0.5421630931962775,,,0.5427881755833069,,0.5432407979843746,0.544012721791659,,,,0.5429937302089689,0.5424334044142622,,0.5433616812079579,,,0.5421695479942547,,0.543084253044186,0.5429070971538391,,0.542846721338399,0.5424181204275994,,0.5433336583571236,,0.5429656012345929,0.5445707260071528,0.543088874554492,0.5431537627291326,,0.5426466015113369,,,0.5444205584201841,0.5456468737101378,,,,,0.5432574354688703,,,0.5448326194222419,,,0.544018670704951,,,,0.5446974574367004,0.5425852266465258,,,,0.5434263115554601,0.5439326527763231,,0.5428911146339894,,0.5443832311202192,0.5449747429354014,,0.5447038461442326,,0.5450929864833596,,0.5433518284679395,,,,,0.5438200909143652,,,0.5443536056408962,,,0.5431134182464566,,,,,,0.5427630712708739,,0.5422024364740742,,0.5440193702426411,,,0.5442538751091595,,,0.5451505115301057,,0.5440098966445269,,,0.5447898916851304,0.5456128819257625,,0.5449956727660457,,0.5432230376645495,0.5441959749145469,,,,0.5430327149936284,0.5425016856491955,0.5431715448668549,0.5443451355324689,,,,0.544292356971584,0.5437322910838296,,,,0.5437220041776414,,,,,0.5446174133094112,,0.5442737882929617,,0.5430929392492954,0.5416924581363701,0.540717813129497,0.5391862654714541,0.5649471542901834,0.5247548815359425,0.5270066476015877,0.5258339340378382,0.5268878608955072,0.5253306203567171,0.5261049340537974,0.5264127503835936,0.5827651712587901,0.5814040512928387,,,,,0.5831924591447185,,0.5828971148924412,,0.5819405249169035,,,,,,0.5810758207006091,0.5829086980857089,,,0.5803730722037286,,0.582632379986642,,,0.5820229601851059,,0.5807847383599154,0.5817577874588058,0.5785374472831066,,,0.5830244434650512,,,,,,0.5812963472317219,0.5803590662870485,,,,,,,,0.5714210346889266,0.5717835220680465,0.572140897350865,0.5710557111505818,,0.5705966693950733,,,0.5715031882619562,0.5707660360874707,,,0.5707931663730609,,,,,,,,,0.5709166227970564,,0.5706987584549144,0.5703355988753326,0.5810491271172563,0.5813861516831167,,0.5816487933874064,,0.5813101299253214,0.5800014266776218,0.580672327301622,0.5809463592029446,0.5823432995104282,,0.5701428423219397,0.5701836039494212,0.570048553450739,,0.5680592148185085,,,0.5709707145784876,0.5700681057209604,,0.5718915987999842,0.5686500183608842,,0.5694635422580036,0.5684621724000297,,0.579719232673908,,,0.5818436248911327,0.5787659330919205,0.5819636646832819,0.5820280735723393,,,0.5823796980637225,0.5809150159268086,0.5805629955619898,0.5788128091204029,0.5821360544239688,,,0.5802558768893779,,0.5803652319105338,,0.580666707316,,,0.5813232778526677,0.5816235015921305,0.5796429497625939,0.5825604776440493,,0.581401018064287,,0.5700494903718221,,0.5711641381888829,,,,,0.5691546581144362,0.5712039684208668,,0.570732241884221,0.5698343856822202,,,,0.5722791749246166,,,,0.5694568242973918,,,0.5705337025683792,0.5702852783220013,,0.5704331192647678,0.5710543574464054,0.5722029781841116,,0.5927011404336284,,0.591743347255279,0.5918621281722838,0.5888798507995752,,,,0.5904764494389237,,0.5773607361270369,,0.5777350983640681,0.5790951193102679,,,0.5304294982924518,0.5313116924634153,,,0.5272027585036717,,,,0.5031129656241269,0.5038683020968712,0.501278965911841,,,,0.3491625450455315,0.35072528543699166,0.34999190975022426,0.31293515965294555,0.31249308414758414,0.3116891249479461,,,,0.28203617515744506,0.28149383379752035,0.2817230778650558,0.28179729516779356,0.28172221878129955,0.2222019848369373,0.2228089720615003,0.25444456614464567,0.25472806870299786,0.2547933751450137,,0.2547246500979711,0.255037125604791,,0.2543486836244025,,,0.2550402396998213,,0.255259449401953,,,0.2534462480286857,,0.25510577145873115,,0.09374011353160115,0.09334833823606446,0.09351917765568873,,,,0.008030099534463184,0.0080129587914588,,,,,,,,0.008051822563871304,,5.1138620836950734e-05,5.117260779720462e-05,,,,,5.0985589649914535e-05,5.10766808158112e-05,,,5.1037271658127484e-05,,5.107521890342099e-05,5.1071538103390655e-05,5.1058348431306016e-05,5.1047082325761565e-05,,,5.093915489746363e-05,5.104766808886367e-05,5.099107708738381e-05,5.105303940180671e-05,,5.108780691404592e-05,,,,5.1055231282225344e-05,,,,5.093970347294408e-05,5.109546707151819e-05,5.100404366003588e-05,,,5.1011584230214205e-05,5.116775965779972e-05,,,5.105240217377759e-05,5.1069307325010575e-05,,,,5.091288973767362e-05,5.100272751018904e-05,,,,,,5.112552695360017e-05,,,,,5.108082393916804e-05,,5.10973208917682e-05,0.6070472804407507,0.6044644098653066,0.6045240227760804,,0.6037742540297375,,,0.6050816178712085,,0.6045110214920153,,0.6019810019970969,,,0.6044612981470973,0.6059660469150092,0.6059597230907804,0.6053678094324996,0.6043426803375523,0.6049424592248904,0.604266966744849,0.6066347461787991,,0.6067889813270751,0.6031384433316898,,,0.6035999662796482,0.6045087092732755,0.6058412936112996,,0.606056148477978,,,,,0.6053915202268614,0.6065003050128988,0.605910241959688,0.6052555393739523,,0.6032630568910029,,,0.6025733719205195,,,0.6037548785207613,,,,0.6039466864934717,0.6033969990499609,,0.6075897899721449,0.6017992951161633,0.604801371823015,,,0.6035171125881924,,0.6044018265852926,,,,,0.6031307784715453,,,0.605285329332001,,,,,,0.6068219287969988,,0.6045434583021773,0.6050982726240943,,,0.6062708811828323,0.6065975266477659,0.6053236547749267,,,0.607094858332854,,,,0.606643527335569,,0.606359748014988,0.6053131683382038,0.6050421575244174,,,0.6053058655325603,,,0.6049297763773174,0.6049682674800305,,0.6055854077869073,,0.6048562229864507,0.6073123178578858,,0.6058755494934744,,0.6052695171546203,,0.6027711562149125,0.6037634145764528,,0.6042790520425477,0.6047822040820032,0.6055999849130174,,,,,,0.6031741308428529,0.6033714380528844,,,,,,,,,0.4305279051727444,0.722548732422827,,0.7142251530420711,,0.7156559816099154,0.16041947561005726,0.7315585338703656,0.7325851122535832,,0.7339080955567194,,0.7360380984064223,0.7324686181818584,0.7328571791971991,0.7306833658874016,0.7347439546537067,0.7322022998239358,,0.7328298254763,,0.7310970940603173,,0.7297482427729939,0.7342503893764519,,0.7311957770662161,,,0.732883655870342,,0.7336077652340207,0.7296803121981468,0.7308072392155404,0.7315743263240639,0.7330852897978767,0.7303941723326016,,0.7347876643762568,0.7341367748105735,,0.7337870655094128,0.7338115536712959,0.7328181736524374,0.7339958855417239,0.7334110077189064,,0.731060012206766,,0.7317971364316507,,,,0.7334634184051823,,0.7321454879959731,,,0.7323977250637116,0.733110332759778,0.7316845751268152,,0.7322128133492822,,,0.7328976335021312,0.7331412410645708,0.7306645843346912,0.7324708596132755,,0.7333458936419641,0.7313272901714765,0.7332871339017654,,0.7329533418999364,0.7328818615306356,0.7345506307213636,0.7319779850589825,0.7323445278100635,,,0.7301753460942535,,0.7312246088548888,,,0.7337672684600323,,0.7324828006735634,,,0.734925283684387,,0.7318033202156699,,,0.7313136124810568,,0.7324413007988108,0.7305854191269645,,0.7339405177388564,0.7345084505670583,,,,0.7317199471510422,0.7312344821381721,0.733368402981693,,0.7315632599622026,0.7315375399852833,,0.733951231396274,,,0.7312192096548319,0.7312069454740685,,0.7295435215294327,0.7327794080440067,0.7322713103830246,0.7317702190633747,0.7339778127701483,0.732881119720672,,0.7313882444607253,,0.7311552075665815,0.7330920782934577,0.7340434078051532,,,0.7329675696711468,0.7322586806043883,,0.7305589776526407,,0.7314321166278509,0.732355890758312,0.7332199642792033,,0.733315148042109,,,,,0.7315488239245557,0.7332742313218564,,0.7313939317571073,,,,,,0.7299051594475852,0.7340533531799163,0.7338512204673635,,,0.7329131445066532,0.7319923096765985,0.7293090792857643,,0.7329839907329524,0.7313386765274396,,,,0.7331561892631899,0.7338953367353918,,0.7315618582393517,0.7327098340931367,0.6783619465044477,0.6768164680395313,0.6764801953640998,0.7177627074768937,,,0.7359710043047799,,0.7365976534480331,0.7347927220810835,0.7381943004789983,0.7375030361474291
8,24,DG_48pct,96,Z13_F11,13,3PH,182914,182158,True,2795.344291487234,2653.5086205291054,2585.5203242092302,2397.9893035729046,2419.94523371064,475.7788356615462,43.48212693597134,3120.3452716781385,3224.7550181121187,3542.4332293394436,3560.397201725217,3700.225049666228,0.00026712397849128927,57.324390222410464,187.17975568560126,207.3217990873381,334.3137721183265,139.5814989517016,171.44520023291963,143.03618443070758,0.8138365806462446,,0.8178108240352778,0.8215019314807881,,,0.7802929902085801,,0.7290279795111642,,0.7258577414864146,0.7365278981024823,,,0.7372360438572553,,0.7363021390047615,,,0.7382808968273655,0.7310069174115118,,0.7294914735884439,0.7277143721542796,0.7293770925723814,0.7298350714959979,,,0.718015004030097,0.7312262160879964,0.7329150997576026,,,,0.7306446142004162,0.725762021414832,0.7005107737394647,0.6995305407987592,,0.7058809268119268,,,0.7086223411750325,,0.7072929427900022,0.7065681891967049,0.7059098451218996,0.7072931087079163,0.7079384721544332,,,0.7067504493646661,,0.7076608265775778,,0.7056432734261632,0.7070328305611184,0.7042938054895244,,0.7046931108067563,0.7063121147851673,0.7010262716572129,0.700343832782168,,0.701248113193063,,,,0.7010936868565252,,0.702049034900968,0.7030619763394919,,,0.6981233251136316,0.6998204889701582,,0.700104944462285,,0.6993770743929578,0.7019345277327331,0.7029452232236907,,0.6997918152667023,0.6993203087808182,0.6763363387238733,0.6762911552570385,0.6761532074138255,0.5407639750553894,,,0.5355878645636092,0.5379783550697136,0.5368511733272595,0.5385516283139825,0.5427361346592728,0.543502416940153,0.5444718649711996,0.5423527677272462,,,0.543259206973323,0.5451687011819111,0.5440168265693613,0.5419772367449883,0.543241908410824,,,,0.5434526956237786,0.5456047059375663,,0.5447526504833834,0.5440693522655962,,0.5437858418442518,0.5448013436300458,,0.5432145100861806,0.5429164315145957,0.5427533686382804,0.5418202038494027,,0.5420479839549955,,,0.5430594352685884,0.5447768938356483,0.5429644750097914,,,,,,,,,,,0.5435862903692035,0.5440460861993911,0.5442404011316743,,,,0.5434541992469181,0.5434537369836341,0.5439214850969765,0.5444659964130601,0.5445706414815468,,0.5449001088252842,,0.5449715962581435,,,0.5430888579958922,0.5451303509269178,,,,0.544297972377049,0.5449596573777945,,,,,,0.5438139432203032,0.5434990675513145,0.5441305898630984,0.5427641464932679,0.5429143180643552,0.5449683670033849,0.5433398053568823,,0.5442154804629878,,,0.5442231487593778,0.5434123968130385,,,,,0.5443943946072909,,0.5434257715386619,0.5429451746364571,,0.5440205903878164,,0.542515978834012,,0.543485059537374,,,,,0.5454443130341611,0.5436325425004719,0.5449207901032437,0.5454124583263864,0.5428166299869599,0.5443488117288886,,0.5422870202492724,0.5430124603208204,0.5432508237595323,0.5419654139331191,,0.5429921175008598,0.5445685162611654,0.543419558065136,,,0.5428378762335205,,0.5434842319950457,,,,,,,0.5439907991708346,,0.5415333533652185,0.5437448414532134,0.5428124085322057,0.5426919924794015,,,,,,0.5409733832365786,,0.5398893017468487,,,0.5274935228742376,,0.5254426793206466,0.5266086747567615,,,,,,,0.581505444408529,0.5814733176069866,0.5815696135595833,0.5822538476848623,0.5813683648524512,0.5819331969149748,,0.582080930465487,,,0.5826023857842763,,,0.581744696342029,,0.5817919927641416,,0.5818527017015933,,0.5808149992450237,,,,0.5816941765282018,0.5821473038043269,0.5817677226118556,0.5804065729977909,0.5800185107365804,0.5803390486057943,0.5814148120549987,0.5836195415089676,0.5815910517234243,,0.5808386875051071,,,0.5719628944789527,,,0.5699985752839124,,0.5696690063592025,,0.5712575687011764,,,0.5719504889236414,0.5713455988141066,,,,0.570217781468839,,0.5719366918620061,0.5713826326034047,0.57153432733884,,,0.5713814421551574,,0.5697478203439881,,0.5710587212865319,,0.57050939318378,0.5710956635456365,,,,0.5814365177979115,,,,,0.5824867323077357,,0.5820190682446313,0.5808441293009987,0.5808610992814028,0.5706477872523419,,,0.5719076611889186,,0.571442095133548,0.5687615250680532,,,0.5693398921734543,,,0.5685163344953316,,0.5706958220466203,0.579872869351569,0.5796706812594475,,0.5791998501210767,,0.5793795562337984,,,,,0.5817617402938806,0.5820478662724977,,0.5809028539618106,0.5810904644793832,,0.5830813430019395,0.580280626462656,,0.5814185343330084,,0.5808988360595491,0.580652911179456,0.5821030163214547,0.5804713520550326,0.5813168099899118,0.5817681062159458,0.5820273220926675,,,0.58064960663944,,,,,0.5710677214147638,,,0.5702014705868572,0.5703057690142807,,,0.5698262318590966,,0.5699457854229766,,,0.570809407255072,0.5690693986743558,0.5710943596036587,0.5708474062595307,0.5700925624495563,0.5702098213978045,,0.5701723484149093,0.5709771330895717,0.5699636585561147,,,,,0.5921427871484847,0.5910022608740747,,0.5905972285077934,0.5898059560856524,0.5903232193466702,,,0.5786145610441953,0.5766788203494052,0.5782503493303152,0.5776297767495754,,0.5798628472576781,,0.5311337351422593,,,0.5290828317274634,0.5291950188404575,,0.5146198549104849,0.5169487265845215,,0.5030484863578375,,,0.4322905411010681,0.43325561039688476,0.3496669867128105,,,0.3118394111383125,0.31200090617331666,,0.2809531408244004,,,0.28103704877463137,0.28146468640261774,0.2815541969932218,,,0.22233317842898437,0.22239592291722893,0.2545957394687347,0.2539068060280074,0.2539207426017034,,,0.2548899323911449,,,0.2541571417096319,0.2549982789686021,,,0.2544511198246103,,,0.2549384186830286,0.2547605241100366,0.25454925926578414,,0.09363903933639985,0.09359345974063586,0.0935430408534711,,,,,,,,,,0.00805258589466046,,0.008038128945064,,,5.1158301266499385e-05,5.116238522290892e-05,,,,5.117300732546728e-05,,,5.1037185257121044e-05,,5.102357457128441e-05,,,,,,5.099725004851084e-05,5.111140278738829e-05,,5.114486233629117e-05,,5.119274162923921e-05,5.115373130569934e-05,,,5.1145346709348025e-05,,5.1097259409888666e-05,,5.106376119250632e-05,5.1070385116586927e-05,,,,,,,,5.106196714635831e-05,5.1023399706188994e-05,,,5.113204284479539e-05,,,5.0971955057154086e-05,,5.1058117594173566e-05,5.1079732415889835e-05,5.1053945681541784e-05,,,,5.096675607238117e-05,5.1190113459642e-05,5.112808611429647e-05,,,,,0.6053857439627536,,0.604197676656761,,,0.6042616308319464,0.6067104216642456,,,,,0.6052054032685098,,,,,,0.6063041026351651,,,0.6054815108634098,0.6049721820947921,0.6062321069460233,0.6055398219649921,,,0.6028840250974656,0.6058860569853937,0.6039164185908606,,,0.6048296426061405,,,,0.6064720455350523,0.6072165152149877,,0.6058015728538255,0.603883327910208,0.6048242076885801,0.6030654539930906,,,,0.6026419929799381,0.6031061277442114,,,0.60409502700198,0.6035710914607753,0.604334087602118,,,,,,0.6045482200805651,0.6044052405193057,0.6049703642421388,,,,0.60471795741497,,0.5948627564751059,0.6022971265734909,,0.6055707363096617,,0.6070542380199043,,,,0.6055947733507641,0.6040589168400677,0.6064411263100203,,,0.6049948857067933,,0.6051165480703581,0.6039369574629477,,0.6056576836795291,,0.6041213588322815,0.606607670783744,0.6064166063552866,,0.6047806104869482,,,0.6040005143689771,,,0.6054310293441602,0.6058584491204813,,,0.604956300147212,0.6064339370610117,0.6048237907809557,,0.6040770448661507,0.6048546695826577,0.6038381377002026,,,,,0.6057602802817558,,,0.6054625894662293,0.6051319814239025,,0.6018215264941223,0.6030996209934048,0.6044022735980874,0.6058102406697812,0.6052988301216148,,0.6044526722514345,0.6062563341047426,0.6049561818599714,0.6054025566283344,0.6056710673148045,0.43163290718449654,0.43159450334461724,0.4314323901102594,,,0.4316648935624188,,0.7429596187040856,0.7167620128307093,0.7150146492777495,,,0.7335046362245486,,0.7330405007914164,,,,0.7319005206685937,,0.7318995109584923,0.7329892671584408,,,0.7326873694370218,0.7311707145748575,0.7327540629343563,0.7318109078922496,0.7318833482197974,0.7339367387196898,0.7330014386562703,,,0.7329622418757824,,0.7328043000824422,0.7317731029410097,0.73450073416099,,,,0.7309805188456638,0.733674453075681,0.732051542676971,,0.7335627610898804,,,,0.7307236789200311,0.7339043829671993,0.7315815973916796,,0.7304535969378272,,,,,,,,0.7296591476577682,,0.7316435407368718,0.732679604116864,,0.73180761061321,0.7313998890588441,,,,0.7326251243991174,0.7321613220813483,,,,,,0.733243570878844,0.7345534362554277,,,,0.7329293637201972,,0.7319711580744142,0.7319831657652918,0.7324339900048426,,,0.7341543951233023,,,0.7299473678245052,,,,0.7316619688461791,,0.733270942715909,,,,0.7339183820231086,0.7318592682260442,0.7331656034214221,,0.7320780868566705,,,0.731369896945491,0.7338661352154164,0.7327199805176791,,,,,0.7318106320659722,0.7329777703643571,0.73362220772895,0.7328818057849378,0.7337005522883274,0.7331169473651892,0.7315365844567817,0.7317199086851038,0.7319360025775626,,0.7325210249880504,,,0.7303180240067229,0.7313990381246133,,0.7317935139668524,0.7302984798684499,0.7308807062520941,0.7316691960472831,0.7324748536331477,0.7322682321498153,0.7307084569569446,0.7315027064721417,0.7314676559865109,,0.7327707597390813,0.7315232745721783,0.7321839024971546,,0.7322821808890877,0.7326311968838054,,0.7335947892172844,0.7329176943391942,,0.7338602955045003,,,,,,0.7311223939405284,0.7332785062879125,,0.7333968590912563,,,,,0.7333355206766284,0.732045747812933,0.730564959358554,,,0.7304220571216244,0.730654501576956,0.7318878387814896,0.7322251921191205,,0.7307283224297462,,0.732720656166192,0.6780747767323163,0.6782855448936723,0.6786395091764745,,,,0.7373641104024545,,0.7384686163630524,0.737347327255547,,
8,24,DG_48pct,96,Z13_F12,13,3PH,182901,182148,True,2746.6429413008877,2619.278393349619,2568.3430671265637,2562.5980178340496,2588.763766034717,451.7993373387554,41.27646847644503,3351.270642174891,3459.2220812625023,3737.9965084204546,3762.150576977966,3872.282052478902,0.0002799942101035671,56.598759266450884,185.3365924297221,197.51754273537279,314.15640081128896,130.6766583733847,159.74318838978357,126.94003922703405,0.8113699488686245,,0.8108269331333057,0.8158014562253738,0.8151092945416607,,0.7744961190117703,,0.7187891409032986,,0.7166782977038577,,0.727679085263186,0.7286241672534011,,0.7273026833748508,,,0.7275151157747759,,0.7177174022789067,,,0.7179448668300987,0.7184977777322433,,0.7088057283794377,0.7077620665226192,0.7080240587553358,,,0.7212626046893328,,0.7200968398421247,,0.7119319301879661,0.6860083688879212,,0.6875520432741317,,0.6917119443483117,0.6904630356067027,,0.6955235657419894,,0.6931514079296425,0.6946090337375889,,,0.693703741831643,0.6921721905126236,0.6928608207897698,0.6919973535973346,,0.6957491009946688,,,0.6898274495928882,,,,0.6845216882052128,0.687421034302733,0.6851567715928618,,0.6865793903182714,0.6864060731004886,0.684515068671506,0.6874598138962247,,0.6861458087277555,0.6863385905479201,0.6869784506875435,,,,,0.6879670912506961,0.6848912366353791,,0.6868166097951725,0.6864861150445468,,,,0.659541282797503,0.6615040273575834,,,,,,0.5019763908309425,0.503216194257889,,0.5084277287510067,0.5065044354044256,0.50779328890579,,,0.5061830758672811,0.5079722934537252,,,,0.5083289076566353,,,0.5067546845002304,,,,0.5088375496429854,0.5066857759030162,,0.5075695694464323,0.507372281273084,,,,0.5081408185184855,0.5062140141644096,,0.5064113525256764,0.5069043808178579,,0.5065635456512241,,0.5074152295401436,,0.5070139762296602,,0.5090995497324455,0.5071093459669509,,,0.5079493555599275,0.5068421566467332,,0.5078229553651415,,,,,,0.5079810365634589,,0.5090682474427658,,0.5070592969962248,0.5082808867430227,,0.5075193616680164,0.5079086830878682,0.5073211047984674,0.5073876092561886,,,0.5078595729656813,0.5074047833789461,,,,0.5070811063771329,0.5079146131041694,0.5088729317954154,0.5063074897252031,,,,,,,0.5079730208859725,0.5081112491621727,,,,,0.5084128494998349,0.5087697012112385,,0.5071426248219486,0.5065338201628402,,0.5069506431557543,,0.5082185763861382,,,0.5083024741821169,,,0.5077142082770693,,0.5092891706749882,0.5079778198578015,,,,0.5067801073484357,0.5077215813129211,0.5060912387380818,0.5073535790211207,0.5089408024031092,,,0.5086396937843838,0.5071129151083366,0.5081324784401636,0.5074479467323562,0.5065737223491346,0.5062131484986355,0.5079292173048466,,0.5086528145643551,,0.5080608129653689,,,0.507975024414763,0.5077300479154943,,,,,,0.5084212993638997,,0.5078112531059431,,0.5068470422007241,0.5089901323376709,0.5070907202111821,,0.5080200867300962,0.5065528905702227,0.5079411978371555,0.5095017457397704,,,,,,0.4909204457976949,,0.4905469461903534,0.5486631617656974,0.5503902200539912,,0.5485837953393922,0.5486860667739807,,0.5498513844494795,0.5477674561672053,,0.5479959211487616,0.5497206534840445,,,0.5492901393676051,0.547839493514634,,,,,0.5482269772872175,,0.5489238809552905,0.5476434878628951,0.5495949349428433,0.5497525467277282,0.5490535047409193,0.549266276960492,0.5482922511598763,,,,,0.5486127124539659,,,0.5492783138815376,0.5476763275249674,0.5501159372334347,,0.5500899900357513,0.536886791222531,,0.5386898485442873,,,,0.5371021816912533,0.5363712353396715,,,0.5376876260043646,0.5364207505776177,0.5375616436544742,0.5361197979364968,,,0.5367878224683931,0.5369680954815983,,,,0.5370425758864324,,,,,0.5367030973356357,,,,0.5381080836402703,,0.5502256081471169,0.548819384377333,0.5476158981220015,0.5486983303301337,,,0.5495929552382056,0.5491935631646254,0.5498540803892313,,,0.5373036415170912,,,0.5364627979514284,,,,0.5372600865572916,0.5367594159906859,,,,,0.5372802868280234,0.5355588408147466,,,0.5491026682939257,0.5466221816335909,,0.5494671639480807,,0.5496374187933893,0.5484116439249821,,,,,0.5490940043052989,,,0.5488109942805183,,,0.5488028448029143,0.5488861209030026,,,0.5489761218039352,0.5482835304710231,,,0.549477717242896,,,0.5488026682835316,0.5365032024042397,0.5367444891710483,0.5353404303552387,,,,0.5377822069554384,,0.538532221467122,,,0.5374661194581615,,0.537246852127288,0.5381011372108007,0.5373324372128361,0.5355382436188926,0.5374638603502185,0.5381126077813049,,,,0.5381261443361202,0.5362154783723179,0.5375995827333742,,,0.5389033742917666,,,,,0.5577334544813473,0.5571201613966654,0.5575119229280318,,0.5582314722466115,,0.5492818955101475,,,0.5471311037980644,0.5471101032420776,0.5494021832229825,,,0.49436386273403443,0.4918514486005804,,,0.4818708679106469,0.4809868395117536,0.48218904704668075,0.466923037642068,0.4676292867128851,0.46792680959751004,0.39198052368859837,,,,,0.30316370558285394,0.2627843620409755,0.26248578737122696,0.26239020781575645,0.23047720975626104,,,,,0.22995070957161245,,0.23060040491530623,0.16763385302235795,0.16743367186239094,,0.20179254490064294,0.20156270113001679,,0.20210739620391735,,,,0.20193815543522614,,0.20243249892766726,0.20216779894913248,,0.20188087856938383,0.2024617143648087,0.20257293987485891,,,,0.03187002206859479,0.03192643508769091,,0.032010954813375875,0.10240543688178391,,,5.390705587339109e-05,5.381385319211813e-05,5.402962208612425e-05,5.369257633928508e-05,,5.369016785934245e-05,5.369698910343202e-05,,5.3736865641270086e-05,,5.35092170788428e-05,5.3742491153276776e-05,,,5.371305862385462e-05,5.354364440272978e-05,,5.357435974733991e-05,5.351016405486057e-05,,,5.3674505041858935e-05,,5.366461134924906e-05,,,5.362054544681023e-05,5.3533104559662995e-05,,5.3539783181478305e-05,,,,,5.350969607916708e-05,,,,,5.337293304431241e-05,,,5.3602307456036514e-05,5.355180644415693e-05,5.361538986685715e-05,,,5.3574132714528595e-05,5.3655649220555056e-05,5.362644877034394e-05,5.3739610628764825e-05,5.365872954377768e-05,5.357702200877725e-05,,5.364790963225507e-05,,5.365499137083592e-05,,5.3554427578302126e-05,,5.3617516630330854e-05,5.352387814853966e-05,,5.350867331383425e-05,,,,5.370823967190217e-05,5.35642990735956e-05,5.3638501832880546e-05,0.5751003153749579,,,,0.5732274094877214,0.5762128611427036,0.5738062636983163,,0.5742145108093576,0.5749920111104773,,,0.5744716331877895,,,,,,,,0.5726997061435619,,,0.5744732842150094,0.5745635445781083,,,0.5744194040010179,,,0.5746724815952502,,0.5743603362363477,0.5756527709286636,0.5770223990434092,0.5769699605578774,,,,,,0.5744926251850123,,,0.5720253690378827,0.5727826370927287,,,0.5720109310335071,0.5717392894104205,0.572601116729559,0.5726389938108779,0.5724521534741163,,0.5729298350326535,,,,,0.5740938333392783,,,0.5731396120484034,0.5721267115171125,,,0.5729047107248488,0.5731355873386194,0.5754996978220975,0.5741891993778054,,,,,0.5735026972701278,,0.5750803601558128,0.5750401734612576,,,0.5750508649229815,0.5749239752107723,,0.5768971110062,0.5738067382788075,0.5749553119223719,0.5760608972153394,,0.5753496141631143,,0.5755310341682817,0.5747978354391075,,0.5755943100660417,,0.5755425258821389,0.5748483901908836,,0.5753348825507194,0.5772142680926046,0.5758238795513113,0.5751371920706738,,,0.5738415974981829,,,0.5743475993088991,0.5738932566486986,0.5739623852442644,,,,0.5704999039607963,0.5731883515995634,,0.572018107802264,0.5728102790125558,,,0.5719850000992879,0.5746653040730814,0.574047777595354,,,,0.5733626612262669,0.5749722832836659,,0.3908922731240258,0.388555365144357,,0.3902387295207308,,,,0.7025856441243629,0.7013396718355349,0.7044248541435615,0.1024755401743878,,0.7236856492505179,,,0.7223041302940582,,,0.7217780277884935,,0.7228002616945366,0.7229318925590879,0.7225854554368389,,0.7245321927045141,0.7221270193333256,0.7250539050225603,0.7231772855014956,,0.721980924085039,,,,,0.7219780937514552,0.7224701785869142,0.7236472307705581,0.7212432238815555,,,,0.7199552156125288,0.71931548089706,0.7222034081911272,0.7235700119006252,0.7206398221554804,0.7235693251828808,0.7213700002081962,0.7219576895560089,0.7208412315289444,,,0.7237357240746833,0.7227698449005127,,0.7224541159504353,0.7235047350908903,0.7243661236042785,0.7233907904067179,0.7210664649586077,,0.7218993831069334,,,0.7225844447990645,,,0.7230923953934536,0.7226951265657211,,,,0.7221947388498283,0.7238709854394743,0.7220436506065474,,0.723942038063883,0.7240947249275178,,,0.7232236261571431,0.7213829884793487,,,0.7220483369690459,,0.720870139041478,,0.7233679956890717,0.7245200841236213,,,,,0.7220223796543895,,0.722811377649761,0.7237653952326302,0.7222277232546223,,0.7228508011827954,0.7223191763191272,0.7220587736570876,,0.7228348061014976,0.7236076952898698,,0.7231002443775989,,,,,,0.724051637830143,0.7246397619672704,0.7230181534597433,,,0.7234965166626888,,0.7239929064454933,,,0.7214855214967653,0.7235110148394706,0.7220435749157801,,,0.7221217064579567,,,,,0.7234746197079012,,,0.7220358124657771,0.7228412546176043,,0.7250587551095964,0.7207097444903824,0.724804583218053,0.7238777169432378,0.7220632027049824,0.7226802611551886,,0.721486704270547,,,0.7197098589867339,,0.7227039738578231,0.7210630226217934,0.722857465864774,0.7234466453561118,0.7238878042997229,,,,0.7201252476356651,,0.7227110245901288,,0.7216381948646181,0.7210269879878013,,,0.7216106561453336,,0.7216192416210947,0.7217746764325743,0.7242783343967784,,0.7220869138992062,0.7221138309725587,0.7207653583618004,0.7223016242240937,,,0.6643803188793359,,,0.7054687647095067,0.7031931710393183,,,0.7241733327951067,,,,
8,24,DG_48pct,96,Z14_F01,14,SLG_B,235185,232292,True,5682.965393345343,5455.845673680326,5438.712911260588,4596.671240314266,4559.10628004906,704.0328454057752,62.425463015655225,2744.719350870034,2582.3786218773803,2921.0959139811525,2988.302307391966,3588.1326405500317,4120.543324507231,59.1948348778417,192.20420373180892,304.4951007987681,530.1405638086571,217.30761036577948,256.4136503559694,300.8239462858593,0.7368196070161547,,0.7354513067975683,,0.8075513338967161,0.7049991685273584,,,0.6067158380761118,,0.7157122291239502,,0.7566362018152462,,,0.726101248607451,0.7249376324790807,0.5651646134758104,0.566548197915101,,,0.6071026564307576,,,0.6053820813131269,0.6047878322531669,0.6007016701423054,,,0.6065816337691835,0.6088301582282459,0.6087438348730274,0.6078324347764781,0.6087620786748223,,0.7766636457670388,0.5852217369829951,,0.5856328171246393,0.5792090489552603,0.5773473413923785,,,0.5791146149752296,0.5796627241618298,,0.5794547550669757,,,,,0.5803307603108842,0.5792938125726895,,0.5783754559061782,0.5796801944192685,,0.7678935788335769,,,0.547183809530551,,0.7715169635640309,,0.7713692443679895,0.7708565062793176,0.7695404914872874,0.7702558087522535,0.7708641433369792,,0.768797087657442,,,,0.77123577690147,,,0.7692832583268965,,0.769884621689492,,0.7704579462620499,0.7703166909466453,0.7694246398369424,,0.5382973689180389,0.539178855618693,0.5374212076184045,,0.45486162987961465,0.4557562564657325,0.456555683390249,0.45705044045449095,,,0.8943734119943642,0.8980659481658568,0.8937062733263528,,0.8944843694900573,,0.8950645185472939,0.8976930581836996,,0.8928802736897314,,0.89694466020671,,,,0.8966715474768647,,0.8965520749712987,,0.8943940246934889,0.8973799582360327,0.8961567611700098,,0.894716256939421,,0.8955155515284703,,,,0.8945090148293063,,0.8968457198695124,,0.8942002609788754,0.8941975440130107,,0.8926438170856695,0.8945348411792562,0.897146195031561,,,,,,,,0.5896597617449917,0.5891723594963374,0.5902336352619554,0.5888583127899905,,,0.5901546736720266,0.5900190150206802,0.5888830862352111,0.5889217193847098,,,0.5883596497100955,,0.5881229338505357,0.5901976545339288,0.5905117152975065,,0.588642654940544,,,0.5917090575059535,0.5889971931265585,0.5881410480454182,,0.5888162963160364,,,0.5900846614041555,,,,0.5900353814903275,,0.5872134424896724,0.5884351116604536,,0.5913958669406857,,,0.5902531914749499,0.5900176228210231,,0.6136068484498708,0.6106476046095214,,0.6122336579867043,,,0.613552084070266,,0.6117055920059571,0.6119079786878606,0.6146230602846946,,,0.6151726057028652,,,,0.6106189319786209,,0.6124085553812807,0.6118066002611672,,0.610610084033511,0.6117548024906828,0.6108833852765642,0.6118305791711373,,0.6100716154359975,,,0.6113279440433921,,0.6130561302911669,,,0.6119097313254835,,,0.6120168580900575,,,,,0.6109732908491647,,,,,,0.6111104395400246,,0.6102611376917955,0.46737330250364545,0.4675808614867741,,0.8824599319240135,0.8812365581524393,,,,,0.44520786014740094,0.44573516133421637,0.8858786639899294,0.8884876374523929,0.8849462000896087,0.8855226978901009,,0.886014879048218,,0.8852709924633112,0.8874460571678412,0.8868928114451254,,0.8861744525513855,,0.8850929960025259,,,0.8871239662468393,,,0.8851907169984804,,0.8862087946116163,0.8858970466947281,0.886081463047119,,0.8849853514402485,0.8873566146698192,,,,,,0.8857464875964338,,0.8889988188223745,,,0.8850466305836395,,,,,,,,,0.8861611689684948,0.8870589137321476,,,0.8893590274257606,,,0.8858703609892743,0.8884900976264816,,,0.8877756292846258,,,0.8863779164654457,,0.8861467366791844,0.8879970383527378,,,,0.8842043310310932,,,,0.8863873746879024,0.5962422182897128,,,0.5950521902133751,0.5952405384524558,0.5962217075699563,0.5945974165720876,,,,,,,0.5902782323520269,0.5926373535427508,,0.5916040809877502,0.5911761601458817,0.5911801674039031,,0.5896657811753068,0.5905929329491125,,0.5904464659769874,0.5908187066036251,0.5909006459599622,,,0.5933919487099357,,,0.5941147871058616,0.595152819499738,,,0.5963408505193509,,,,0.5939571082127292,,0.5951730293177443,0.5948226887053127,0.5949534196807347,0.5952641666629737,0.5940531051659029,,,0.594712557040477,,0.5968021638954766,,0.5955506495692324,,,,0.5956049868817853,,0.5908594873115625,,,,,,0.592176750588925,0.5911618738237703,,,0.5911941510868678,,,0.5910534880394612,,0.5911742293275889,,0.5917201044118213,,0.5924872384774469,0.5927599472935596,,,0.5907806613639855,0.5930261012589996,0.5922118012442847,,,0.6504468048935139,,,0.6505882454053914,0.891172580148595,,,0.8882826791329071,0.8890335682029604,,,0.5000555633321728,,0.5001763164392714,,0.8855078206782802,,0.5842993289678572,0.44723459407748456,,,0.44396044736476625,0.4430606344428081,,,,0.438654913356419,,,0.5884223020463945,,,,,,,0.387596479501574,,,0.3882996609468444,,,,,,0.32593675209225953,0.37141373572315745,0.3715649690313876,,0.37150435631744116,,0.37187770796322045,,,0.3712134371005021,0.3708744223345309,,,,,0.37199988176825544,,0.37132486150098554,,0.7139437788566999,0.7145277016018244,0.7141964487621648,0.7133849644090737,,0.6958368146004968,,,0.8889527004755429,0.8871782084645206,0.06990086767617783,,,0.06981091771815258,0.7302602880968586,0.7323046473692354,0.7285703214654563,,0.41533855907819583,0.4159974561868466,,,0.41560188026358363,0.4177031012293,,,0.4177270724951272,0.4169852184236381,0.41648104184733276,0.4165108724525207,,0.41496591263950283,,,,0.4158558285068172,,,,,,0.4167860602401824,0.4235445629555399,0.424051468851633,,0.42266268432277143,,0.42425540681223833,0.42220134900831807,0.4256480037326562,0.4237150332369176,0.42427358848112723,0.42350368714179787,,0.4229428568153725,0.42246160552096224,0.42321280749928436,,,,0.4229216214089929,0.42342706856607176,,0.42445926578813015,,,0.4228847015953177,0.42407980905561116,0.42317735765709535,,,,0.42280934098226713,0.4224170869777485,0.4222923094608646,0.4227042266001335,0.42338262461628556,,,0.6613486478679172,0.6615878112717752,0.661994706820825,0.6577834651507477,,,,,0.6601661603725393,,,0.8864887496494092,,,,,,0.8859074992175128,,,,,,0.8844516884590455,,0.885910588465774,0.8814199920164589,,,,0.662255490261049,,,0.6629598349256434,0.6611741701894505,0.6613708254018883,,,0.6048345785234519,0.6039493581179491,,0.6023460935578039,,0.6020824672262444,,,,0.6020569592010164,,0.602581571376939,,,,,0.8865590059828866,0.8833222304048913,0.8841177000052565,,,,0.8880250135691091,0.8877076806048412,0.8849025331749881,,,,0.8836606736350329,,,0.605047970440977,0.6031890107432533,,,,,0.6619456918490393,,,0.6620243044608716,,0.6625137001049118,0.6618802102727498,,,,,,,,,,,,,,0.6608015020530834,,,,,,,0.6029867053267772,0.6068861640476534,,,0.6065894408657885,0.6036220602416827,0.6069568730492026,,0.6041646324575023,,0.6027608228137374,0.6036615708186541,,0.6035082942455834,0.6007767615230305,,0.6037071252119797,0.6052854949576907,,0.6038761991100343,0.6046539843899262,,0.6025004485415378,0.6026457316764738,,,,0.3716055732761572,,0.3703624084377872,,0.7190881366202299,0.731679188916314,0.5918311718994663,0.5924823273298119,0.5909747824822076,0.8709598107870188,,,0.6080513826485798,,,,,0.6083666625379528,0.6082522170205688,,0.6069406378629411,0.6081006425551476,0.6076540381219374,,,,0.608183227977875,,0.607881584020399,0.6083336929223231,0.6069082204422708,,0.6080222234848172,,0.6080349589937689,,,0.6075097779899267,0.6076055146048406,,0.609967601334833,0.6068726747207501,,0.608735874884054,,,,,0.6084501470183183,,0.6079218463687901,,0.6079829996561322,0.607718549014639,,,0.6081403134021175,,0.6073456901997203,0.6084606635517594,0.6085871996667616,,0.6070025064989948,0.608579410628576,,0.6076322784557244,,,,0.6081063322624018,,0.6081617886979575,0.6086493618748692,,0.6094973263299409,0.6081208931610262,,,,,,,,,,,,,0.6077647148268206,,,,0.6079034896536774,0.6080984810563811,0.6099268646696488,0.6087079944275835,,0.6075078355500874,0.6066321969651328,,0.6085162676038126,0.6062673334985483,0.6074489204120322,0.6084866031515876,0.6077335622386961,0.6091880094365725,,,,0.6071351151566841,,,0.6081650347742419,,0.6076477005511093,,0.6079530396151992,,0.6088334491424825,,0.6079930473171512,,0.6064460160138614,,,0.607696659897375,,0.6090138095236487,,0.6081327129255042,0.6079970226255745,,0.6092282783134841,0.607900618947432,,0.6086298334981803,,0.609302408156913,,0.6087478629580202,0.607700960363211,,0.6052951654045289,0.6089104512408102,0.6089902639709205,0.6076502370540292,,0.606988924857293,,,0.609178266874247,,0.6082508671127108,,,0.6074145845144528,0.6070830533744203,0.6062476392645205,,0.6085704704561823,,0.6080389285567935,0.6104767745544697,0.6091339376388365,0.6076492349897235,0.6077867875953675,0.6098055973688681,0.6095494439265863,0.6077193525841976,0.6085255614253238,0.6061918968166734,0.6085220089034191,0.6057102279588354,,,0.6077238849649765,0.6083654279019334,0.6066100018324868,,,0.5520894168185306,0.7771844834354524,0.7156487941930311,0.5609722696145886,,0.7558151130736921,0.7247164870924208,0.7258634996831987,,0.5670236272184384
8,24,DG_48pct,96,Z14_F02,14,SLG_B,235185,232292,True,5644.924385335835,5463.141764703951,5458.542838123152,4609.758414357865,4543.648802913185,700.3012887673866,62.5118076670706,2748.7572795187657,2603.05929541072,2930.8405629233966,2974.955837292088,3560.52135307763,4111.434097886937,58.72274583152489,192.72365974156097,303.1236695825904,529.1040553543274,217.72047915852437,256.0813105738799,303.026626397678,0.7372875574383583,,,,,,,,0.6085554361981645,,,,,,,0.7259627538195392,,,0.566709176979584,,0.6077245029344885,0.6083766629066905,,0.6042416242302078,0.6058783574151237,0.60620132087346,0.5996663880416359,,0.6011772483702977,,,,,,,,0.5868909411597961,,0.5863345525551146,0.5780847850115315,0.5762006934050155,,,,,,,0.579494738601774,,0.5779859720116689,,,,0.5799510250001761,,,0.5786293658366487,,,,0.5460319496460686,0.7671811754053571,0.7701942545768203,,0.7696341265351165,,,,0.7717283359499774,0.768986450008054,,,0.7729018603638376,0.7699020678122676,,0.7712658461811928,0.7706263712447076,,0.7716574415871268,,0.771612777897264,0.7708383646149402,0.7700977305713604,0.7702618357381328,0.7718768888751534,0.5390177278954917,,0.5364801740517443,0.6095464394123631,,0.45481317740928434,0.45691265915662466,,,0.45566118884494206,,0.8930392324569615,,,,0.8948119150923654,0.8970219107977538,,,0.8954762266370996,,,0.8945707511636399,0.8955548894247417,,0.8954604440894077,,0.8980182012000304,,0.9004321981409548,,0.8939537996660739,,,0.8954716107857956,0.8980578236355956,0.8959921501905397,,0.8931701576280089,,,,0.8942065826705379,,0.8939807138207403,,0.8952452142106119,0.8958186930270418,0.8966096754101421,0.8948181109882225,0.8940970297857554,0.8963198152731543,0.8926121464924048,,,,,0.5914998416146068,,0.5906162589855787,,0.5901623577612949,0.5899582530116685,,,,0.5891658323538859,0.5914368483441959,,0.5896798331426847,0.5893773290984969,0.5889032798535419,,,0.5900573847989253,,,0.5891039016768905,,0.5885885956446436,,0.5879605985157105,0.5895312381168296,0.5899195857129124,0.588210590341535,,0.5882520534737122,,0.5901737247874924,0.5901929182996138,,,,0.5882365712280135,0.5887359526344657,0.5885079275688975,0.5874962721666012,0.5890843202314571,0.612241081641223,,,0.611158490023654,,,,0.6122957767469503,0.6132976124838018,0.6140928937868354,0.6120255965874527,,0.6126682898795823,0.612329381736738,0.6113008970925345,0.6122499876996526,,,0.6127973821357333,,,0.6139600125251625,,,0.6125665972145851,,,0.6122089581529275,0.6129108627239735,,,,,,0.6130797458783608,,,0.6128232824152684,0.6136574292561984,,0.6129931273392807,0.6127206894628586,,,0.6138837726710429,,0.6122557662060222,0.6117267339659366,0.6124814042825635,,0.6107629252269327,,,,,0.46776954717565483,0.8863781270410533,0.8791346906412427,0.4455655324852925,,0.44566926909254384,,,,0.8899995645705137,,0.8897635754113465,,0.885644099765029,0.8837910513432328,0.8869503662095812,,0.8861284120419984,,,0.8868060537068162,0.8865378154081008,0.8849946576479897,0.8851867518193991,,0.8863685316652639,0.8893342137373792,0.8891296829255437,,,0.887686784165038,0.8848389657160236,0.885504980077115,0.8829592585802034,0.8861497916226133,0.8855340360370303,0.8863996404007582,0.8896006493044326,,,0.8877566204724671,,0.8861878510917821,0.8854595429692903,,0.8868580089111201,,,0.8880038645424646,,0.8843364488509836,,0.885869391158195,0.8853120681238597,0.8860549443429232,0.8841509070330706,,0.8887483908627243,0.887889282365029,,,0.8873955289859743,,0.8846756875411268,0.8846829273063683,0.8876073643714064,,0.8841330585550876,0.8883969080381765,0.8866375023797671,,0.8880284408443475,0.8855787597069582,0.8840317413175287,,0.8877254106624525,0.886112994166163,,,,,,,0.5935060910001022,,,0.5935295224126208,,0.5961066621275563,0.5951987491493502,,,0.5924673446521116,0.5917293342052671,0.5913824294346404,,0.5911829233301623,,0.5904552149023413,,0.5899998222372844,0.5911357612612977,0.5908788954205028,0.5896204380299057,0.5900901125379977,,,0.5950576791741928,,0.5945488652535972,0.5958621612824382,0.5935261432111527,,,,,0.5925553672332337,0.5948792403289807,,,,,0.5945491324296713,0.5963981281672313,0.5961865007830393,0.5945150393837749,0.5940396917190381,,,0.5963987456840016,,,0.5941585052821489,,0.5959785040530889,0.5947649139772017,0.59385187649148,,,,,0.5910421554240741,,0.5908631818849001,0.5919045577830843,0.5912695699120443,0.5918262800819893,,,,0.5910904140145985,0.5920697710373666,0.5927041549385441,0.5912299388448394,,,,,,0.590937751148422,0.5899199610433643,0.5935163829071372,,,,0.591871367895036,,0.6508847516237639,0.6523441379550244,,0.6501615836019468,0.8904166472776415,,,,,0.5006913788329238,0.500337376033929,,0.50146591042073,,,0.8868549907229569,,,,,0.4477171737872855,,,,,0.43770293348487777,,0.8768190379706605,0.5123827068633203,,0.8771870095478509,0.4461218029094632,,,0.4133750798813065,0.647462391309391,,0.3872478243233659,0.38914662735218264,,0.3874794140536735,0.8741436541381997,0.38675827821098385,,0.32626052047452136,,,,,0.3716363622647684,,0.3713993380757554,,0.3717085814678712,,0.3719455315326852,,,,0.3711096840063096,,,0.37063214406695355,0.37256419574080335,0.71221409309133,,0.7156959756452032,0.7139484513847454,0.7127988423329242,0.695909786949671,,0.8870559032827783,,,0.06970867288389784,,0.06968185291514266,,,0.7320756276314819,,0.7309570231424081,0.4156815364649968,0.41515008163842,,0.41774626189187697,0.41634227341197333,,,0.4160524675584177,,,0.41563261341622926,0.4167486026189019,,0.4173535902143728,,0.41484228304909726,,,,,0.416206508700111,0.41612345316990296,,0.4172251672878798,,0.42317044569388473,,0.4236203889673416,0.42496131558038935,0.4237382845195526,,0.4225640603690209,,,,0.4235769022983718,,0.4236231668123284,0.42294214760545046,,0.4224520764213278,,0.4241292809725166,,0.4231830027952192,,,,0.4228012827552822,,0.4229760459997069,,0.42286069023329365,0.4232615033392732,,,0.42382686702473277,0.42363918790264715,,,,0.6600160888384502,0.6594355511697196,,,,0.6605119806541841,,,,0.6614839878320186,,,,,0.8860152008646963,,0.8847412701236933,0.8867572308954231,,,0.885915976640836,0.8846985314407555,0.8855679376123478,,0.8844997141734902,0.8865599396756212,0.8863244971295946,0.8834199466193301,0.883725912814917,,,0.6611819630579434,0.6623003364463734,,0.6617871371806755,,0.6617653376905123,,0.6039542399631302,0.6048009408119998,,,,,0.6027111186170144,,,0.6025740431343308,0.6021345302547053,,0.6018127068299997,,0.8834688801837831,0.8814287839179407,0.881184192946383,,,,0.8835888329689638,0.8877030364459834,,0.8868196100096818,0.8857192794621285,0.8852154711452379,0.8732506729951524,,,,,,0.6057811072165048,0.6032624168834385,,0.6045950404593472,0.6601054903649273,,,,0.6617198528650513,,,0.6594591290102879,,,,,0.6604466026136153,0.6613870177292902,,0.6610642671603802,,0.6605348075217833,0.6612381732109486,0.6608923799335936,0.6601847383588515,,,0.6604345793232584,0.6630623479622977,0.6613939693016023,,,,,,,,0.6059946923490931,,,,,0.6021649952433957,,,0.6041213443187555,,0.6037245975288564,0.6025384846446108,,0.6036624649848686,0.6043373826205863,,,0.6041377211292139,,,0.3709582256854142,0.3688453612513969,,,0.37041957081799726,,0.7173945078765683,,0.5929153166922962,,0.5914581248433229,0.8726496345658018,0.6077562117082251,,0.6064488810553389,0.6076971159971404,0.6063024657301215,0.6082972441255672,,,0.6066078117693814,0.6071621077465951,0.6084424116270034,0.607031242111954,0.6088220488491676,0.6078902041315071,,0.6072138582256692,,0.6095410181145088,,,,,0.6056232397183677,,,0.6084819865786011,,0.6087971792466724,,0.607897725565545,,,,,,0.6062965460999864,,,0.6083174716024645,0.6090544239205511,0.6092503876635503,,0.6081449509058549,0.6083076507323831,0.6081820842822959,,0.6079875185541416,,,0.6097865633302164,,0.608362209453786,,,,,0.6085070177070394,,0.607914405799973,,,0.6084206418532447,0.6076518936873097,0.6088166374739492,,0.6081890340755959,,,0.6089441609276419,,,,0.606614341981576,,,0.6085332179139862,,0.6075643856166196,,0.6092132634775241,0.607351156894959,0.6092846830569161,,0.6082551902588867,0.6084254777010225,0.6066795874179471,,0.6074096969021162,,,0.6074946047460569,,0.6105339612441061,,,,,,0.6070380537875323,,0.6087817446652491,,,0.6080540496394804,,0.6076483663533435,,,0.6081586298391356,0.6073058405176553,0.6074503558235336,,0.6081302296640367,,,,0.6080481454528566,0.6071309688006098,,,,,0.6088110434858546,,0.6076323804475987,0.6080788943607933,0.6072276606815591,,0.6090649820545802,,,,,0.608113529625658,,0.6077364382513941,,0.6072339309171323,,,0.6074560595937855,0.6089837610778694,0.6078654246135655,0.6075975605189718,,,,,0.6086804185283978,0.606455055792849,0.608302438217978,,,,,0.608121318012397,0.6072267656082446,0.6076007712313501,0.60829024929206,0.6095423978401396,,0.6077314154130754,0.6067409935361588,0.6070211554224033,,0.6087119560844001,,0.6091615892854635,0.5529871540941873,,0.5515618463142303,0.7751501676670021,,0.5606676382008196,,0.758331173401893,,,,0.5658870890730191
8,24,DG_48pct,96,Z14_F03,14,SLG_B,182916,182161,True,5667.55227596215,5464.894983013784,5362.804391412008,4563.335071559382,4510.90071617408,698.5613030904192,62.23902098135175,2715.7253134992657,2532.5008756814063,2797.879519961353,2845.3071425971375,3440.408622102159,3967.999266610889,58.72407232635494,191.6318787540902,305.39250335960014,527.7184906380385,218.07894733138707,256.9916599211344,296.0486567552047,0.7382997936514865,0.7359305943021852,0.7367367934751887,0.801871488801944,0.8074844010597279,,,0.6115054133400954,,,,,0.75456423160006,0.7551342483951073,,0.7235536099496069,,0.5709777938779773,,0.572467298021248,,,0.6126522884596474,,0.6113901733815583,,,,0.6073411029062585,0.6119033801462747,0.6126634265570068,,,,,,0.591734846474724,,0.5926964017921262,,,,0.5862966780086639,0.5864442485124736,0.585575990352821,0.588484389365541,,0.5859489376114831,,0.5851382228671643,0.5865536028516,,,0.5873352129810738,,0.5876850540835387,,0.7626664609333327,,0.7055846991364177,0.5525535437357955,0.7679197716568703,0.7664729884840684,0.7682404485866386,0.7673012853005525,0.7655767090745114,,0.7666865919429492,,,,0.7692829495472312,0.7665991403348883,0.7694605722069009,0.7680588252655535,,0.767374197253594,,,0.7671655336310919,0.7679444238119928,0.768670901225483,,0.765891908834488,,,,0.5444033870300875,0.6224485079034364,0.4729053724195188,,,,0.4730861154217625,0.47370714194174657,0.8948939151570197,0.8961845212055957,,0.8970122502036171,,0.8973146102759556,,0.8963421943057271,,,0.8977452506096506,0.8942208701480193,0.8933076707593235,,0.8942267596697527,,,,,0.8953502149760241,,,,,,0.8962137174484046,0.8969905590081155,,0.8964582472790324,,0.8923553116503808,0.8940538298207282,,0.8959681999177959,0.8940793614737949,,,,,,,0.8930449196371499,0.8974842892525562,0.5970933753912339,,0.5959024086768527,,0.5954997268501995,,0.5948957717539575,,,0.5939672926762399,,,0.5965412657144923,0.596638824335639,,0.5958132090791645,0.5957995399276271,0.5962532276565653,,,,0.5944793523264712,0.5960177533320485,0.5952786304886812,,,0.5949563558560349,0.5972048117737956,,,,0.5936995039048625,0.5950961228189768,0.5944369630936872,,,0.5963827199580277,0.5962484819354466,,,,0.5962312399800441,,,,,0.625277241636468,,0.6266812106926168,0.624360320030289,,0.6243614284291253,0.6264863937037876,,0.6251210528176868,0.6259191706380149,,,,,,0.6274098771878002,0.6258870001043566,,,,0.6264602496307223,0.6253187427940499,0.6250260860470304,,,0.6243146318334722,0.6262579964775231,0.6261399663443753,,0.62526000981161,,,,,,0.6264926583237636,0.6271885506812382,0.6250626433985444,0.625200849037036,,,0.6256214221924575,,0.6261374227408272,,0.6262136243998971,0.6253111324617907,,0.6256624864744509,0.6241101851701293,,,,0.48378379830098145,0.4847779505324434,0.8838573845851347,0.8770626383964298,0.4619345551220644,0.4617328250643994,0.4627507570859859,0.46088782476293877,0.461536725803639,0.46352650653075644,,,0.8860837269863358,,0.8862509854031606,,,,0.887543717972349,0.887901953386014,,,0.8848728035857831,,0.8860997819363876,,0.8854764075794397,,,,0.8862611946338594,,0.8843919459288403,,0.8871862780036529,,,,0.8848667631058984,,,0.8874834737479775,,,,,0.8854884544189741,,,0.886392878457318,,0.8858092293950085,,,0.8853052022731454,,,0.8865659321024975,0.8892348165394951,,0.8852506593599008,,,0.8854701680113055,,0.8858861784449457,0.8866668016865666,,,,,,,,0.8853211994766262,,0.8863434975170821,0.8851607714391143,,0.8871858290070969,,,,0.6013416891558095,,0.6018905331329698,,,,0.6014388290839952,0.6010714048706518,,0.6002034744072517,,,0.5979681213524775,,,,0.5989203133266741,0.5956658069714897,0.5984439955820076,,,0.5977045810983852,,0.596672380259871,0.5978466841178668,,,,,0.6012023674759576,,,,0.601654137141583,0.6005974911986471,0.6012828229003562,,,0.6026616088780915,,,,,,0.602879528400032,0.6031978462274706,0.6019298175944126,0.6011511520152852,,0.6009708946711586,,,0.6009701709960366,0.6022067104724189,0.6009340415895738,,0.5978855059592606,,,0.5980426618912875,0.597783109529589,0.5968174899507934,0.5975054885771889,,,0.5970674478618254,0.5986338301548784,0.5969128233917528,,0.5981309193641134,,0.5984228261405448,,,0.5971950219531396,,0.5977698421148384,0.597703267747369,,,,,0.5994006056131178,,,,0.6621591581357054,,,,,0.8889683105426572,0.8928074025386489,,,,,0.5164010040330044,,,0.8873077773381127,,,0.4648089780057468,0.46488438784447367,0.4642672611258589,0.45947756417307556,0.4604434733339825,,0.45535906252050956,0.4541363215604021,0.454489945701234,0.8803662451194021,0.5280738405591823,0.5955792264648112,,,0.6335161017796265,,,,0.4113896864208924,0.4118587596779125,,,,0.8822897702903743,0.410557362634605,,,0.35227238198738947,0.38721455731886695,,,,,0.3870753874516053,,,0.3872740405545493,,,0.38685000237572187,,0.38667885402202223,0.38670934999348344,,0.3861181183187277,0.38762115462324453,,0.7165850484148507,0.714952402620336,0.7171096634134255,,,,0.8874309920142451,0.8891575773579514,,0.10649399967814688,0.10690531090611265,0.10631257643097852,0.10666670371547383,,0.7337314142332982,0.733010507914998,,0.41723180032190277,0.41694630631266244,,,0.4179939546680302,0.4185736133035045,,0.4166012987817665,0.4177919114967873,,,0.41660476954387404,,,0.4166717339655027,0.4175836940714226,,0.41661028504414416,,0.4173584120072807,,,0.41781460332567577,,,0.42829018147606207,,,,,,,,0.4273149105576763,0.4258359725741767,,0.427969890747731,0.427732590203218,0.42758309194784133,,0.42653664308988404,0.4247961092367476,,,0.42713740518343696,,,0.4265329752103387,0.42704428263673005,0.4265034663789215,0.4279763485557289,,0.42722490237869903,,,,,0.42722091552123337,0.42692249692257495,,0.6714668326615161,0.6737363022853076,,0.6693734783698061,,,0.6707136364629129,0.6689222774386665,0.6694152226269036,,0.6708721225916349,0.6726774809289164,0.882723262095103,0.8847774626969276,,0.8838862689712369,0.8864058117192671,,,,0.8813262879146834,0.8841557894650965,,0.8829027014961338,,0.8833023888193003,,,,,0.8842031531070003,,,0.6723559765187533,,,,,,0.6089230523879334,0.6112695773422462,,0.6091478711993931,0.6105734953921632,0.6073641185803458,0.6082244468177181,0.606197407684892,0.6098771518029293,,,,0.6095740793103575,,0.8835871888802097,0.880904840114559,,,,0.8839104016073615,0.8859117878713773,,,0.8853441363895217,,0.8841999547036091,,0.8797792443817342,0.8823049163946746,0.6089255551520495,,,0.609816796747253,0.6088585394956632,,0.6089988061062896,,0.6697892012498803,0.6724892652233339,0.6729205184487167,,,,0.6725939944932346,0.6719029052568604,,0.6715752213141292,,0.6732777308095363,,,0.6729559865404895,,,0.6743321234119375,0.671678625221064,,,,,,,0.6736792166196278,,0.6123302824754702,,0.6121464366915674,,,,0.6124084766581016,,0.6105450720101027,,0.609565635756934,,,0.6101188640120909,,0.609056722425168,,0.6119035516154603,,,0.6105642225843468,,,0.6116865548131679,,,0.3884811401742462,0.39053210342547734,,,,,0.7351164418054862,0.5986876556559978,0.5973061499053257,,,,,,,,,0.6144730316367137,0.6131043681290833,0.612597538267478,,,0.6133930151221737,,,0.6142324120833168,,,,0.6134880857981836,0.6126578130022955,0.6137502677533387,0.6152622416057116,0.6142131895457138,0.6126079405147554,,,0.613415545897148,0.6136318867922743,,,0.6134605486927214,0.6120212314657825,0.6123915190756768,0.6129778954620039,,,0.6129089181464029,,,0.6129828171311169,0.6145536004377457,,0.6113348871362094,,,,,,,0.6113717887930161,0.6150674352005399,,0.6135146716649569,,,,,,,,0.6127073159922287,,,0.6137082318425208,0.6112381183851806,0.6133704874785411,0.6121437986734296,,0.6134963890838538,0.6142095176606879,,,,0.6129794682743683,0.6132687250218248,0.6126991793286085,0.6143574839314679,,,0.6135580593539737,,,0.6119864838679825,,0.612354827067068,,,0.612425255311392,0.6143129961318935,0.6130055189925135,,,,,0.6141937699219213,,0.6142261536766973,0.611577845374816,0.6124121992161146,0.6126370167199632,,0.6128681437848421,,0.6126395874629887,,,,0.613474542486715,0.6137284011006785,,,,0.6139132013039215,,0.6133795823387845,,0.6132959458741327,0.6136443285556002,0.6121198060337723,0.6135729522162727,,0.6124689358125656,0.6129783739110037,,0.6146818057445398,,,,0.6132581156096651,,0.613896315018712,,0.6125246423987346,0.6136036085315665,,0.6129959288054222,0.6122223702212717,0.6127845005891904,0.6138534155569743,0.6125554995530385,0.6121402328089453,0.6149456786774324,0.6142912841088519,0.613662230542248,0.6122253525975924,,0.6137170438594488,0.6128356997876732,,,,,,0.6148026871123073,,,0.6111556689939992,,,0.6133200375813591,,,,,0.6129356627727518,,,0.6133817744811582,0.5589251953347036,,0.5592666265948496,,0.7181144678318329,0.5673458758608863,0.7539479250403636,0.7548976792804524,0.7287749973015264,,,0.5694419743067081
8,24,DG_48pct,96,Z14_F04,14,SLG_B,235185,232292,True,5633.7048614186715,5498.944536226721,5405.47138085445,4594.508605644814,4525.124143040835,699.7856831321888,62.047884810095816,2766.9430876577617,2571.6524219511284,2938.258785582837,2993.296799286475,3574.159836096059,4118.755721697589,59.03939873419468,193.05383460089075,303.3228711873761,529.3415132060632,218.82706069388135,255.93302933822596,301.6115423590311,,0.7401212855292635,0.7354286167370271,0.8038922690120167,,0.7072842410052133,,0.6069664315888991,0.6072772244244945,,0.7154886743326795,0.759022502557382,0.7577506070951138,,0.7251198045602256,,0.72339169821574,,,0.5677082291268231,0.6091215693025795,0.6070980979165225,0.6076207785129271,0.6070584793570517,,0.6044946568551111,0.6021998485476815,,,0.6083025319572285,,0.607199485890856,0.6078055220545723,0.6079808388671191,,,0.584855897346465,0.5856696314516021,,0.5778754845085279,,0.5796103312028487,,0.5806824562129301,0.5805645467645997,0.5782550835076695,0.5789998200427241,,0.5788474531530745,0.5796853520807647,,,,,0.5777232084478812,0.5783225467198703,,0.7698908771113302,0.772468212772843,,,,,0.7699771348006832,,,,0.7717453454684783,0.7720098961401343,0.7714192981552183,,,,0.7702956399571615,0.7696960283062805,,0.7712524720823575,,0.7711035351156296,,,0.771727003433309,,,0.7733549906164092,0.5381185772773698,0.5360435600239567,,0.6076387015657532,0.4534535661486722,,0.45583418516222035,0.4562190459818499,0.4573701913110186,,,0.8969778503445611,0.8976380690175984,,0.8926296098449159,0.8953343969547822,,0.8950522101076132,0.893808607541677,0.8972045132374336,0.8944861077666023,0.8965528111426498,0.8977007464723024,0.8966647376078278,,,0.8936720886133548,,0.893411594588071,0.8959221646703126,,,,0.8958707844000317,,0.8976972878993632,,,0.8956001801535255,,0.8952715147981138,,,0.8950328463038584,0.8945235768001611,0.8961340413673871,0.8935149574083976,,,0.8972874313513851,0.8967442581296755,,0.8945737613884424,0.5873918047915747,,0.591569665266587,0.5909654676999624,0.5892601108367574,,0.5899819360217756,0.5884549995860505,,,0.5903595009392437,,0.5892258557382593,0.5905455463292592,,,0.5890561536871461,0.5888252685185801,0.588725504774471,0.590443362509166,0.5894833589077829,0.588225208108152,0.5897850586950477,,,,,,0.5890296546911862,0.5897448275356503,,,,,,0.5888136701494009,0.5890342433069957,0.5892233538950791,,0.5899109203746848,,0.5888771498752282,,0.5893305323766638,,,0.6127670528064558,,,0.6125503193650351,,,,0.6125699970941898,0.6114789833921918,0.6137218704385338,0.6129333989920718,0.6128898871093093,,,,0.6139475317844667,0.613393714797963,,,,0.6117491397979666,0.6124926185199577,0.6124656168341529,,,0.6110315563721255,0.6122519519071792,,,,0.6114729848559141,,,,0.6111666984874805,,,0.6127219820947579,,,0.6128905626914999,,,,,,,,,,0.6125926722063889,0.6124483285935414,,,0.467609049213898,0.882768536391431,0.8797136214373794,,,0.445430282865781,0.4446521453782407,0.4443737149392189,0.44630770006072656,,0.8870429226930809,0.8877623701528267,0.8864874906794467,0.8871628049650946,0.8881614530114638,,,,0.8882002023718367,,,0.8854733979863308,,0.8881630550711558,0.8864386605050637,0.8845801801766328,0.8853673337387897,0.8875284182268003,,,0.8874934926715035,,0.8849964837005865,0.8857522452468075,0.8855944766265551,,0.882303013027923,0.8831137303927993,0.8869432094421672,0.8849457761196907,,0.8852011097091681,,0.8868902085729489,,,,,0.8854042575496136,0.884616239065782,,0.8863645480769824,,0.8875984320520751,,,0.8855352840301298,0.884845156554424,0.8844052200791779,0.8857346283059967,0.8861182220715419,0.8882084846643198,,0.8845089655869308,,,,,,0.8865531388072296,0.8850401060146366,0.88622241505089,0.8848664638184853,0.8862187269063337,0.8833432591119436,0.8867774247305306,,,0.8846360970876048,0.883632258977475,0.8843297326915243,0.5962483388489143,0.5962300149059364,,0.5963761686744425,0.5956581883753581,,,,,0.5952214391660273,0.592941152701298,,0.591527332478692,0.5934691331906387,0.5918781672204125,,,0.5922813364213845,,0.5892753193206894,,,,0.5903882116698362,,0.5891709169659834,,0.5934416199226977,,0.5945669436158019,0.5938655147152992,0.5939337966364642,0.5943783638314526,0.5937233201974048,,,0.5946109804692034,0.5949159700718089,0.5960629316343209,0.5946013311785575,,,0.5954066722476344,0.5975419921519124,,,,0.5953141096453596,,0.5974860411337899,0.5954881558371159,,,,0.595711341676542,,0.5977231659552452,,,0.5918790740964156,0.5893041352426188,0.5908258611017891,0.5906449616953077,0.5911117368002748,0.5894615562603961,,0.5917012575653215,,,,0.5912264383333565,0.592271386399596,0.5918016660968,,0.5929737268241402,0.5911421043964293,0.5921792629376863,0.5921161468333207,,0.5914194789842885,0.5917445487781116,0.5909267124143002,0.5919310521004549,0.5906621691124345,0.5911261063355673,,,0.6509029080428254,,,0.8885366336510778,,0.8914043961164185,,0.8892550308379176,,0.501138872570465,0.5001843961444954,,0.501685783013826,0.4997444456767118,0.8843520532791349,0.5983397769952379,,,0.44823064102002,,,0.44308687726204976,,,0.4371765667399476,,0.8781407543205461,,,0.8795102424886782,0.4456629513321183,0.630713292458209,0.8779026784704206,0.4126110030737398,0.6489512303417161,0.3879700252020005,0.38623511068119654,,0.3862788648835572,,0.8742923100575344,0.3871403572799894,,,0.32587820658373007,,0.371834601410985,0.37165335413098083,,0.3726348471396866,,0.3721492861282181,,0.370968701344666,,,0.37178832381117666,0.3714532834374898,0.37135775445365193,0.37167752141727056,0.37170973040935557,,,,,,,0.7147030639907286,0.6960430860854684,0.8874812333694099,0.8853021918794226,,,0.06974438435283033,,0.06996860143504134,0.06981497776796286,0.7307405077083022,0.7328958942878755,,,0.4156168510142499,0.41635428816571785,,,,0.4165736087485851,0.4161982823299032,0.4163405787415158,0.416724502819447,,0.41722471509115333,0.41515998364806367,0.41709595357319335,0.4171153037065315,0.4158614231700854,0.41679128993004555,0.4165573405863363,,,0.41720508166584813,0.4153252397788496,0.41652137577982296,0.4173039042749913,0.41528018404984335,0.4227781509195062,,0.4245034133408843,,,,,,,0.42271891848235493,,,0.4238780163371043,,0.423543281703064,0.42315722024182084,,,0.4232292902508042,0.42314748064688534,,0.42355541006292535,,,0.4235188720805918,,0.42289124224401253,0.42359024970381287,0.42347710560541346,0.4230092363605565,0.42450595253698137,,,,0.4234948115600615,,0.6608043274848538,,0.6600350103835909,,0.6598321541510652,0.6609322080752646,0.6602977947792172,,0.6617799469268485,0.6610675924586775,0.6601752455598815,0.6612360205424082,0.8863918414242075,0.8840044916595207,,,0.8842268919063955,,0.8847973111094722,0.8865338529066135,0.8850893420247052,,,,0.8821542016173093,,,,,,,,,0.6628113481047545,0.661520730104574,0.6621503677787012,0.6623911263677498,,0.662142294449466,,0.6036567652525385,0.6038200828852296,0.6039790057122135,,0.6033960136780087,,0.6021458034077904,,0.6019477158231109,,,,0.6033856710910817,0.88459072350514,0.8815802977184483,,0.8822245270661899,,,,,,,0.8844285983749886,,,,0.8836475650889244,0.6056772630977024,,0.6051625902402874,,,0.6030643551275859,0.6030999116620039,,0.6619986872446302,0.6606891460217871,,0.6610400115971686,0.6616540983013539,0.6622663023722625,0.6593354431226863,0.661639785899911,,,,0.6632993344424719,0.6621978981080983,0.6606257578805872,0.6626619973313073,,,,,0.661491271256768,,,0.6624485589156676,0.6631597853323327,,,,0.6054640310809026,0.6027028500583772,,0.6019159419193342,,,,,,0.6016243794215484,,0.6051044602533122,,,0.6046407322448467,,0.6041045917693296,0.6030584060170581,,,0.6061020245117283,0.6039314959871365,0.6052187018975254,,0.6030497563123554,0.37086692689887585,,,0.36955112760325315,,,0.7197575178843563,,,,0.590790809638932,,,0.6072254618816643,,,,,0.6061083879494471,,0.6082482557150408,0.6093999500037439,0.6071432720015035,0.607311741060968,0.6065732392431442,,0.6075552019165502,0.6087696627853345,,,0.6059075288098066,0.6096600516472489,,,0.6074962796550099,,,0.6082657556475614,,0.6095998736126418,,0.6094212762027429,,,0.6075706647188428,0.6071610431243781,0.6069027820702316,0.6092082063748389,,,,0.6071360480630704,,0.6081614611808907,,0.6064475797527964,0.6082864980144772,,0.6104409087529676,,0.6083302257039309,0.6085598946816756,0.6070096315137055,,0.6086834542598212,0.607260949966798,,0.6077175644561865,0.6086473461351106,,,,0.6074873780779431,0.6081218673066006,,,,,0.6071275772327828,,0.6062687014861833,,,,,0.6087929887398215,,,,0.6086845007288032,0.6070629081159045,0.6075151316954863,,0.6077065354982849,,0.6090594983269798,0.6086325544801909,0.6091045082894317,,,0.6085764036144726,,,0.6091597885916302,0.6059949848894884,,0.6084462293353243,0.6087699095063658,,,,,0.6064774094404006,,,,,,0.6085531296500628,0.6093947641268828,,,0.6089724906468839,,,0.6072772387427748,,,,0.6088332033698932,0.607896176588663,,0.6076697622697329,0.6062704695400797,,,0.6050867302343231,0.6083739582842183,0.6071972920598425,,,,0.6087526306387511,0.6076917607327315,0.6085592713037824,0.6076561758312639,,,0.6055726810554349,,,0.6085670749545391,0.6074465969614538,,0.6075612962300558,,,0.6056671463065593,0.6090467000769103,0.6088549282154834,0.6094862208409226,0.6055029852839394,0.6071235023964967,,,0.6071079811440638,,0.6081037826719808,0.6073312167782303,0.6078136182250423,0.6079779200600782,0.6085951890913808,0.6047830940361212,0.6071288419903587,0.6079391624817593,,0.6089638306547966,,,,0.5504815911607144,,,,,0.5607307096252636,,0.756153791295962,,0.7262230545722761,0.5666458724493579,
8,24,DG_48pct,96,Z14_F05,14,LL_AB,235185,232292,True,4682.902346395878,4423.67074503434,4337.492428434563,3237.753979949119,3206.8862007071716,617.204529424403,57.41435305097647,2998.6890684797086,3008.0453711082073,3347.0085451091827,3421.2977790899354,3966.1380322054356,4325.197470981996,62.68257722932409,204.9410678344822,270.0393895153695,455.6193766375924,187.11070067840342,238.0345163558438,278.7012179786546,,,0.7499883826335063,0.8550775170157833,0.7751657724717685,0.784192576275298,0.7205307739367562,0.6276855925922883,0.6263309855833843,,0.6482091523610142,0.8035711983090522,,0.801717172759686,,0.6575720546223907,,,0.6978996915302417,0.6987405428169703,0.6251335514449143,,,0.6260740582986857,,0.6263814049610593,,,0.6210881986804747,,0.6263862635429626,,0.6267824076616969,,,0.7989002151040565,0.60629404160988,0.6071574679092047,,,,,,0.6076435529779505,,0.6093679532099899,0.6073266788579538,0.6076292557625284,0.6061446517048092,,0.6066919422349689,0.6069896448614154,,,0.6050888817765369,,0.6081072278862795,0.7865068515257478,0.7836308698845468,,0.6864038089487227,0.785398845971897,0.7841975214330663,,,0.7867852910372765,0.7863012686447168,,0.7891936285036574,0.7863148498896597,0.7848765284820811,,,0.7840924039761129,,0.7845169453400712,0.7851605046249329,0.7858589256695369,0.7808539445895959,0.7860594375659684,,,0.7833353226839693,,0.783929042344299,,0.5699136838736999,,0.44633605968423556,,0.5196951485915104,0.5193559449067181,0.5212203244327324,,,0.7158552818518614,,,,,,0.7167120492467702,0.714070760849871,,0.7147637474801734,0.7149902240260224,,0.7143255932279554,,0.7131976394823599,0.7132980877602489,,0.7157830997926345,0.7134049121211998,0.7167506999266477,0.7161062244486412,0.714640110451517,0.7162198439661239,,0.7159017497402662,,,,0.7154926722581982,,0.7141711408319096,,0.7130931836127326,,,,0.714564054094966,0.7131410244269838,0.7151275441765692,0.7150318639014587,,,0.7141659197911283,,,0.6902252520127763,0.6932726795620512,,0.6924627240156552,,0.6921916872960433,0.6905914981537759,0.6927003803998623,0.6923413561426046,0.6916346739090878,0.6919798319639223,,0.6938661537106067,,0.6903377936905425,0.6933530515884797,0.6901063679082349,0.6925721243080094,,0.6899356793396924,0.6933888713532026,0.6916125909282332,0.6907327423814728,0.692260921922019,,,,,,0.690518879521863,,0.6905154174550073,,,,,0.6905698259723017,0.6917790642035674,0.6919762841051479,0.6911654853569813,,0.6912110116358501,,,0.4478598788411639,0.4490560469619879,0.44786689814135994,0.44701426579990056,0.44885381877428143,0.4471620852887184,0.44849325790437494,0.4488542543195789,,,0.4481378913327624,,,0.4470990858509187,0.4474092572051963,0.4477530813639861,0.44948525296465436,,0.44806200924999956,0.44868453855042517,0.44800421761818016,0.4488737929056833,,0.4459883151076525,,,,,0.44859818161463433,,0.4471355639820611,,0.4477960065092303,0.4487732814273853,,,0.44701351363050656,,0.4477091927996471,0.44852640925527854,,,,,0.4481551573772218,,0.44850827150764255,,,,,0.447575120066526,,0.5227110404086562,,0.7248562322454544,,0.5100691208051372,,0.5099485043844686,0.513450178799907,0.5120178282834338,,,0.7363887305033129,0.7399344661647989,,,0.7355688682113767,,0.7369232214916752,0.736743100255672,0.7373709434223752,,,,0.736591786697074,,0.736140004618563,,,,0.7387564193500441,0.7367966170694052,,0.7338275250719253,0.7360654251495848,0.7359064863234241,,0.7350001473772774,,0.7354216391720336,,,0.7368629636444793,0.7356818844822708,,,,,,,0.7354904006293379,0.7310633158265664,,,0.7263302262067881,0.7292225184707879,0.7250463656188115,,,0.7277818994100127,,,0.7299552938539432,0.7286086741350941,0.7305654829894387,,0.7299068838392735,,,,0.728948959700814,0.7288381969708037,,0.7271910535689022,,,,0.7289021751463629,,0.7289601741456639,,,0.7284129486448834,0.702521032863988,0.7068779749675614,,,,,0.7042577093456474,,,,,0.7003322338540954,0.6993351378644196,,0.7011054309128285,,0.6978607834215035,,0.699138974328233,,,,0.6992424329134868,0.6990992315317912,,0.6995948981991056,0.7046863919038705,,,,0.7042329888714485,0.7007858212240389,,0.7053661748648984,,0.7039209342785429,,0.7050468185317847,,0.7048168821398884,0.7043726104763125,,0.7069573038603671,,0.7028187414736434,,0.7036832041015629,0.7060285878145461,0.7064823704793339,0.7054783548392817,0.7042396772121233,,,0.7046620995431585,,0.7043849927249864,,0.7003716213111711,0.699336966012895,,,0.697920711723467,,,0.6984930975352607,0.6972554953268869,,0.70071375410346,,0.6993362399259063,0.7008689051464503,,,0.7000670042470606,,,,,,0.7006874145453685,,0.6998729365065093,,0.702489802640077,,0.7022403412934639,0.5034592854601896,0.5048794327070251,0.5043278353931696,,,0.7436576221266602,0.7428193390188622,,,0.5542792687368807,0.5513871242083824,0.5534402646821227,0.5537656750067238,,0.5539710272182607,,,,0.5125638778093345,0.5131414358205879,0.5131919874276637,,,,0.493991017673191,,0.4938980689042488,,0.3417586791454741,,,0.2890604011228657,,0.48911397882946495,,0.6532038968825439,,0.24767335383394007,,,,,0.2474248762202933,0.6534147433514341,,0.20897890381813322,0.28300992231671485,,,,0.28390370255719577,,0.2832100189792395,0.28280132232536603,0.28274305170659064,0.2825345922867904,0.2833554830832245,0.2826965419165326,0.2829995362311531,,0.2822623911658899,,,0.2822193144534066,0.691066102281022,,0.6913865861391167,,0.6918882998169403,0.6720129157479255,0.07712710936166307,,0.0771801742918281,,0.04929278079451607,,,0.04937486911500349,,0.7232269341839426,,,,0.03453342588691768,,,0.03459617305270548,,0.03450797112028687,0.03458857663752615,,,0.03449749006377581,,0.034579584726467,,,0.03457469947175186,,,0.03451830175047317,0.03454383059958159,,,,0.03455839507021419,4.9845720450296624e-05,4.98860448513968e-05,4.989140797331013e-05,,,,,4.996531447301447e-05,,,4.9902476777339686e-05,,,4.980775367366734e-05,4.991289372414183e-05,4.970577019307013e-05,4.974823163339613e-05,,4.995397714833986e-05,,4.991711243131025e-05,5.005024753545423e-05,4.989875848942071e-05,4.975683739328653e-05,4.9963600168775174e-05,4.977398896620317e-05,,,,5.0066092874037404e-05,4.9849181442786715e-05,4.979217618379704e-05,,4.988236864690961e-05,,,0.5233376859448925,,,,,,,,,0.522956838172703,,,0.7487545778279362,,0.7530794386186436,0.7494767661451102,0.7509177870565993,0.74802539146917,,0.7494330267772987,,,0.7494782477365692,0.7510813829742269,,0.7513982318538721,,,,0.7487341956789788,0.7484041019273285,,,0.5244758210577688,,0.5240432407326188,0.5239089202362675,0.5235167799975573,0.5234650920707608,0.7170300076991355,,,,,,0.7159497043850569,,,0.7151650097333293,0.7158252282115825,,0.7164976578058423,0.7161046854242239,,,0.7487179931853656,0.7514929981508918,0.7513562189009828,0.7524384346264198,,0.7495735000240388,0.7526557753939356,,0.7488610423927314,0.7501124041450078,,0.7458239725250733,0.746852128476233,0.7177738261852132,,0.7153055244751373,0.7150014426546082,0.7178862682319815,,0.7148097751990324,0.5227965000096165,0.5239316555528496,,0.5232492059009812,0.523413327269343,,0.5243973020251719,0.5240577753462721,,,0.5240298529097259,,0.5242427408426603,0.5220171824711597,,,0.52307701591254,,,0.522547400989691,0.5214154460801673,,,,0.5224982361954716,,0.5222083642812025,,0.7177370509741247,0.7169580456319372,,0.7168234694451069,,,0.7172745246767112,0.7189137992140524,,0.7133086331298879,,0.7168991219893327,0.7161882133981096,0.713545150858917,,,,0.7163933732705929,,,,0.7170245262161753,0.7168979717545794,,,,0.448331348235842,,,,0.44770593967290223,0.6389930101014459,0.6725221680183513,0.6178285705711275,,,0.3012667870415431,,0.6279353010134635,,0.6307261917055399,0.6302271512547725,0.6303840922363626,,0.630449678807865,0.6292091475473652,0.627230541338789,,0.6292124851857489,0.6280547286299643,,0.6279782360229987,,,0.6298643250921708,0.6299120691540931,0.628435205821138,0.6280402133398072,,0.6290673639111254,0.6284878462814633,0.6306211025946764,0.6286958705472815,0.6294832729628953,,,,,0.6297133193715418,0.6285024303400949,0.6286922405020317,0.6290339859996797,0.6292265931684352,,0.6297752713139783,,,,,,0.6285126109648548,,0.6298993756925774,0.6307876993303199,0.6315207476885044,,0.6289546448008388,,,,0.6314085638569278,0.6271762501470924,,0.63065963633489,0.6296480561771103,0.6289754039798034,,0.6273447554467441,,0.6287789555120934,,0.6307843099996084,,,0.626772103170531,0.6284558556248814,0.6304102575085089,,,,0.6282877347301689,,0.6319024925109212,,0.6295298219959463,,,0.6299105201993782,0.6292672140967028,,0.6277615240498756,,,0.6275262754339408,0.6281175128873198,,0.6293762089076471,0.6287920595661732,0.6296807355062187,,,0.6298747982036513,0.6273894923588431,0.6292000089144046,,,0.6297917579941363,,,0.6300403102594462,0.6306965669183817,,,0.627484120295906,0.6276544690430014,0.6283057271955576,0.6285571348185118,0.6282017699282075,,,0.6295063788588199,,,,0.6294906660335181,0.6287153338125893,,0.6312727995115259,,,0.6289681511360928,0.6294092685625647,,,,0.6299437349426662,0.6288877842981767,0.6295066707001846,0.6290440123594321,,,,,,0.6289445731306095,0.6283843243014116,,,,,0.6272877999847164,,0.629761246747529,,0.6302671701167103,,0.6285419299929014,,0.6285212864000888,0.6283400278156999,,0.6280499059827792,,0.630319070210767,,0.6294732490985687,,,0.6303722929439249,0.6283758311798239,0.628405850003081,,0.6281021959871281,,,0.5782895014814385,,,,,,0.8028883422612484,0.8029212667719928,,,0.6981254177605241,0.6956527526407242
8,24,DG_48pct,96,Z14_F06,14,LL_AB,235185,232292,True,4688.631943007848,4433.010518751175,4312.79276982672,3247.442157470158,3204.0560339664453,618.039359431312,57.608655227496804,2993.2861712581375,3002.3093962273847,3344.7237858531316,3409.330625686301,3970.571268810505,4323.163193245296,62.810601699986584,204.4605170289966,269.00507739569497,457.0687175268825,187.0050700942894,238.0942184934232,279.4727945360823,0.7506496686650173,,,0.8562534482264265,0.7761320215386858,,,0.6262796942930102,0.624966827440957,0.627112080056803,,,,0.8021229687678364,0.6577455324484401,,,0.694917347126471,,0.6998574154589208,,,0.6270746090444006,,,,0.6188163613121935,,,0.6275730526232117,0.6283669311920698,0.6287067357645068,,0.6259057177453673,0.6287562922437355,,0.6085736523438569,,0.606941897409938,0.6049652651238193,0.6060506494624563,,,,0.607066660840782,,,,0.6099822835083116,,,,,0.6071953683531015,0.6050633136520941,,0.6066793923071948,0.7842854789777847,0.7868357698116345,,0.6888422290438946,,,0.7834564734253275,0.7838206946169793,0.7855758804009871,0.7848134840573451,0.7825360813411496,0.7859325851790661,,,,0.7852964604233572,,0.7824611913412169,,0.7845324689168934,,0.7839326626630864,0.7842653748676095,0.787018085751502,0.7850050506867584,0.7867579961290154,0.7841830166826831,0.7850658031611428,,,0.5693995000229255,,0.5211655875865885,0.5195980180002616,0.5202130781708434,0.5224208009600559,0.5199017299132541,0.5220122531848782,0.7141385803100828,,0.7170506113317298,0.7153020781880463,0.7142743878486012,0.7135696061417985,,0.7149839773741956,0.7138117977200277,0.7134818120840745,,0.7157240834833513,,0.7144257750754635,0.7140760378773188,,0.7152779041550102,0.7170797709956692,,0.7137264358441711,,,0.7156106112548544,0.716854795229768,0.7152746653455513,,,0.7155745381260622,0.7167796139889773,,0.7143273656966936,0.7147191363741193,0.7155649217149762,,,0.7156581129420955,0.7154401921265239,0.7130038917244089,,0.7154873288707598,,0.7131379516257479,,,,,0.6897374735157082,,,0.6905500916470421,,0.6929921562478126,0.6928774080186305,0.6916055208446438,0.6914030877786894,,,,,,,,0.6904053802441108,0.6927979904017927,,0.6900902521076424,0.6922790925195228,,,,0.6893802893963275,,,0.6924657437716553,,,0.6902252301854537,0.6896163714685374,,0.6940331240184316,0.6908521549902826,0.6890626268661038,0.6916089814599405,0.6910354725335437,0.6904103587488543,,,0.692066544147155,,,0.4475647972877912,0.4471577644564171,,0.44769746294463864,0.4471474654121624,0.44773887060289747,,0.44789257882242184,,,,0.44698685364348806,0.448190747930978,,0.44918827042656434,0.4488101098181605,,0.44854390619514356,,,,0.4484084926126941,,0.4470910938852807,,0.44841616678482793,,,0.447195849880957,,0.4486499982005475,0.44925407661335276,,0.4487444016687812,0.44832256361626455,,0.44803586563673403,,0.44885825871221163,,,,,0.44925209852435033,,,,0.4491340762822769,0.4488320281136053,0.44920225390004903,0.4476772816347261,,,0.5212985087701489,,,0.5126233744068177,0.5108798848849562,,0.5129176713647519,0.5102664288039476,0.5111478883020617,0.7373769470724428,0.7375270519975591,,0.7374229967647039,0.738190036034071,,0.7356903220546608,,0.737223035090464,,0.7361497997585481,,0.735112027049076,0.7370838641095541,0.735880111905269,0.7364305949766704,,0.7364512817044864,,0.73663931540507,0.734319432053007,,,0.7378172338722626,,,,,0.7361787510092445,0.7338211936914477,0.7375748802722641,,,,0.7351191063468389,,0.7362223760122425,,,0.7361934604224454,0.7290541226217788,0.7300434512925229,,0.7278042862110414,0.7293957278159037,0.7282301551426847,0.7283393318270855,0.7278637894486998,,,0.7276131703909008,0.7288944784860024,0.727472044583668,,0.7296889243320499,0.7306377686031107,0.7300634582637865,,0.7320688378398185,0.7267144612245782,,0.7277152453458953,,0.7289937260450341,0.7268929265388044,0.7293853452578805,0.7263653620210789,,,0.7305361002160943,0.7284235736041584,0.7264238821251238,,0.7034977115736663,,,0.705193832988693,,0.7062482225913466,0.7059230200316158,,,,,0.7011431811751854,0.6998981594540165,0.6994394693529713,,0.7007821828104047,0.7010234277811027,0.6982904259854759,0.7010385175040129,0.6998592455017448,,,,0.6980409928478049,0.6978133547242888,,,0.7040636604805297,0.7027927991281887,,,0.7048432246376256,0.7043386029460584,0.7053011863538468,,,,0.706916298810731,,0.7038097251428915,,,,0.7063285006893111,,,,0.7062907225971273,,0.7069983735790171,0.706326893478624,0.708338143918119,,,,0.7037929957086048,0.699313228014238,,,0.69905073991457,,0.6989549916611263,,0.6993864574216373,0.6996405148064204,,,,0.7018842980840471,0.6995934968386165,0.7001400749041672,,,0.7008592135292095,,,0.7003995257696747,,,0.7008910473827806,,,0.7004464953008214,,0.6999482253751486,0.504020465533976,0.5055271248342692,0.5046018558647422,,0.744783189736494,0.7430042150420396,0.7424921541032078,,,0.5539572778698453,0.5551176715880496,,0.5531772560118373,,0.5536958577598704,,0.4385834879214106,0.6814801591485655,0.513912604047543,,0.5137033961613723,0.5017419008880962,0.5027219155129911,0.5042392724385328,0.49344953550258175,,,,0.34158413574614355,,0.5322040254880804,0.2891252242564663,0.6531858721074706,,0.26571046046910457,0.6509651973520925,0.24799204791688384,,,,,,0.24747596157183346,0.654936164012913,0.20914323900203322,0.20896130726495088,,,0.28247272328411527,,0.2824908220706944,,,,,0.28330623754083695,,,0.2824055627835807,,,0.28184940410278597,0.2825856429488006,,0.6928602101864224,,,0.689586392849991,0.6914838481476288,0.6723583554659823,,0.07737531122594189,0.07714857334566268,0.07736627101654145,0.04931845178588458,,,,,,0.7244182272461276,,0.03450600308714257,,,0.03453927773708562,0.034437584981008344,0.03458379216625513,,,0.034508880169047136,,0.03454118108067298,,0.0345370901083057,,0.03457908063425796,0.034536625832851255,,,,,0.03446919121243584,,,,5.005315558785241e-05,,,4.980794306677624e-05,,,4.995152746388756e-05,4.995945068907088e-05,4.9743515543603645e-05,,,4.990211123194454e-05,4.986423647571729e-05,4.984874676029173e-05,,,,4.9837305212355475e-05,,,5.0100169666877056e-05,4.994692100468985e-05,4.994965126585135e-05,4.984849253582224e-05,4.9907866761895854e-05,,4.999567658635909e-05,5.002698109462451e-05,,4.998063526712423e-05,,,4.9991956617232934e-05,,,,0.5221130598378904,0.5202780864735583,0.5217968655416338,,0.5231901708005985,0.5229405608445226,,0.5220000288917812,,0.5232762040747455,,,,,0.7518926211568666,0.7496466543704623,0.7499513591855504,,,,0.7530116185616558,0.7505508128495559,,0.7507182086698693,0.7508558978334823,0.7501468010056755,,,0.7524394011515219,0.7492755138625263,,0.5236245707710596,0.5229030569371124,0.5227637516886452,0.5232371530883325,0.5244420959357724,0.5241505107915895,,0.5221644520556887,0.716465077979593,,,,0.7144058526608512,,0.7143333393946537,0.7151406116687083,,,,0.7154836135091179,0.7162168808032052,,0.7494632437206594,,,,,,0.7488196776762313,,0.7514053238677548,,,,0.7382319584827212,0.7467637060564942,,,,0.7176127447700095,0.7158077795208337,0.716161089523529,,,,0.5235597687843079,,,0.5233478056946044,,,0.5220320786981589,0.5232345764844918,,0.5233214606168892,,,,,0.5219512678612128,0.5237266498999747,0.5231852263527103,,,0.5231458753511647,,,0.523391546726574,,0.5236021353344262,,0.7165592275776326,,0.7169006826218917,,,,0.7166106792207703,,,,0.7129755922888558,0.71392556014237,0.7159516922714548,0.7161996620214256,0.7157949320578627,,,,0.7149784272240669,0.7167791629990616,,,,,,,0.44739588390168505,0.44744877323198085,0.44748623625229783,0.4468424987472225,,0.4489938290943433,0.6386551565149711,,0.6177177714231349,0.6173287061068763,,,0.6285463616022101,,,,,0.6293661451233447,,,,,,,0.6286475996603984,,0.6281330005334687,,,,0.628611738245577,0.6287917596810595,0.6283035002425428,,,0.6286380180222858,0.6285763118708565,0.6269316325977751,0.629975451797586,0.628555366663069,0.6283836536628752,,,0.6299161992851927,,0.630034448334098,,,,,0.628091939532585,,,0.6280405785809012,,0.6303312561635994,,0.6279889851039587,,0.6283619948161663,0.6306183284959657,0.6274770377733965,,0.6287540913008305,0.6279241484189412,,,0.6296662894826194,0.6295202883200472,,0.6294510508389584,,0.6298355995571079,0.6305785735799689,0.6281346998550247,,,0.6298698871355524,0.6291491263702286,0.6288923697331467,,,0.6290938478796211,0.6268194111542718,0.6284594044621873,,,0.6292383256940912,,,,0.6285709427878373,0.6284336414132604,,0.6301953329802689,,0.6283762793360229,,0.6293763295753219,,,0.6294798560368049,,,0.6300438136126806,,0.6298051389256735,0.629755295198071,,,,,,0.6301352282436988,,,0.6281374920295554,0.6277880392559249,0.6291643953371023,,,,0.6277368345637551,0.6282649644784536,0.6293999084556995,,,0.6272245023263681,,0.6286688158681942,,,0.627672614448303,0.6293745485861909,,,,0.6285448771608703,0.6306023086329676,0.6307779161020328,0.6287900855827777,0.6313233547654737,,,0.630397857314196,0.6296773932351639,0.6292420427785765,0.6283441907163186,,0.6275578494591282,0.631143712464959,0.6282861128919733,0.6293201342489069,0.6284451529610671,,,,0.628618939122482,,,0.6278970546231138,0.6291550596744558,0.6275745297358982,0.6279634030309258,,0.629548784393686,,,0.6280829181679219,0.6274284313996499,,0.6286710814765741,,0.6296124476963616,0.6278811681642047,0.6289466303379496,0.6296978003257546,0.6301973757235718,0.6309561569034634,,0.5781395058344744,0.5776293820668795,0.5788720708680268,,0.6390765309500592,,,,,,,
8,24,DG_48pct,96,Z14_F07,14,LL_AB,235185,232292,True,4684.529094606273,4406.629096737524,4312.774573682291,3245.469109248809,3206.2149506706814,614.4255604153884,57.44768063182181,2994.211474837184,2997.3557378595533,3357.749600771013,3415.727530834062,3957.7819467439867,4306.804000996932,62.648519222418265,205.12664962041057,268.99415102657815,454.40604312727567,187.409979988836,237.8574053790649,279.1598491046994,0.7498122963566644,,,,0.7729413704442619,0.78376696265189,0.7213361132800239,0.6258866030382079,0.6269144365814233,,,,,0.8017550871722221,0.659394765923396,,,0.6964472222137685,,,,0.6260317893210952,0.6275033805044992,,0.6264256619476568,0.6259056957091976,,,0.6201281470632566,,0.6267947725396869,,,,0.6280879443127342,,0.6073328640115809,0.6100269950363751,,0.6059212480944206,0.6059133355955354,,0.6066136396903683,,0.6056182522320701,0.6049245935549019,0.6065400068302511,0.6075284813503442,0.6083780181993949,0.606111173820971,0.6073156683896207,0.6060800975874185,0.6065428196563727,0.6082006571398275,,,,0.7840320266550465,,0.6190354448346357,0.6868343114392558,0.784934097316377,,,,,0.7835921175863386,,,0.7844097114702864,,0.7843675687351879,,0.7866460970394985,0.7853208242169353,,0.7844395821713176,0.7850642140806502,,,,0.7864198021723394,0.7858401127213637,,,,,,0.4464615828943391,0.5203737862441576,0.5195350323297238,0.5203287837895193,0.5218188638040917,0.521887097732364,0.5231429068461118,,,0.7147776001232001,,,0.7155898377190844,0.7163903520893192,0.717003292148788,0.7161044954646071,,,,,,0.7149978969980678,,,,0.7160690791079996,0.7152289160186586,0.7144549685090258,,,0.7150458663752358,,0.7145154609274522,0.7128698022346575,,0.7151200402824746,,,,0.7138452675409435,0.7141803223217972,,0.7145320127497881,0.7166198626430097,0.7143600488632074,0.7145877126517876,0.7132763218849711,0.7142360991882887,0.7118750431652136,,0.6911690742240808,0.6905090739805196,0.6919536169803537,0.6919298286702701,0.6907495256854953,,,0.6899281459620047,,,,0.6916533478621847,0.6910576778045976,,,0.6894060411835189,0.6923255412226075,,,0.6929182667933858,,0.690360848091903,0.6931673486749445,,0.6902589305252439,0.6912413579249674,0.6933265413912345,,,,0.6925195644496307,0.6903990406706217,0.6902355449136792,0.691403717492413,0.6906661370513757,,,0.6903655365620018,0.691081691148938,0.6922714430722443,0.6921093191584515,,,,,,0.4471339683338496,,,,,,,0.4482665877783089,0.4483860920001426,0.4474432126546563,0.44756464665953566,0.4485085413715598,0.44900066447682674,0.450977401898531,0.44854985979914735,0.4481225069463894,0.4493090376483713,0.4471539816012133,0.4484667626663158,,0.447876092337924,,0.4481579086004308,,0.4478396420878963,0.4480887984913369,0.4493361007450715,0.449470741971365,0.4477864741095776,,,0.4484076053266147,,,,,0.4479846924152956,,0.4498126354078069,,0.4472738122817419,,,,0.4475092550809824,0.4468937759827553,0.44761532048826225,,,,0.4477320379864265,,,,,,,0.5128293390126057,,0.5115217119994694,0.5107030020093387,0.5114114821800703,0.5112194973650023,,,,,0.734745740515177,,0.7371024222268452,,,0.7346583254054355,,0.7337196815107319,,,,,,,,,0.7358221763671796,0.7367213838302142,,,0.7347136590476853,,0.7345199996606135,,,0.735034737390491,,,0.7375519957048573,0.7347101595242838,0.7376772328035959,0.7363343774383324,0.7364199927295089,,0.7342977345187817,0.7368895126973526,0.7291003816078186,0.7274510510342281,,,0.7285397388670288,,0.730220289500788,0.7288343611930255,0.7298486558835348,0.7321324982910967,0.7288195297810306,,,0.7311759949721893,,0.728558843599687,0.7290382858713444,0.730094563994488,,,0.7301346650885242,,0.7295108788510799,,,,0.7301995545734685,,0.7286142327062111,0.7289012930114481,,0.7287324980803835,0.7050445154953296,,0.7056451462522898,0.7051317782181666,,,0.7046828135799678,0.7071138073937642,0.7071515768678541,0.7037431034625529,,0.7012459221655902,,0.6987954960228187,,,,,,,0.6992756507088164,,0.6982158925454048,,0.6978812536279336,0.7004097802053089,,,,0.7026983452628052,0.7045904315356664,,,,,0.7043715491132473,,0.7052775592638173,0.7061726400123008,,0.7066665104245039,0.705257137841488,0.7063596347327096,,0.7025776412079181,,,,0.7071124668837506,,0.7045305713578294,,,0.7059116712941516,0.7058850065185283,,,,0.6976524433742168,0.6994897907840242,,,,,,,,0.7001145247324503,,0.6987491593476991,,,,0.6989011584009959,,,0.7002664874240331,,,,0.701204535986015,,,0.7001186249838839,0.6997870555059988,0.7017651443442804,,,,,,0.7401240612760943,,,0.7448111887758505,0.5540673091692784,,0.5540842887771518,,0.5545032609630889,,0.6999770615112079,,0.6810476069169901,,0.5128478461622835,,0.5051789577550768,0.5040663909064599,,0.4938916187448455,,0.4921958295685341,0.6124257844361256,,0.6462218812229248,,,,0.4905198956825829,0.2655907883179888,0.6546658243127209,0.2474463397231039,,,0.2481909332205387,,0.45655383360151597,,,,,,,,0.28187308733801497,,,,0.2836659682072995,0.2827673926595752,,,,,,,0.28359084784077077,,,0.6902394368351609,,,0.6889516897863194,,,0.07720013453853534,,,,,,,,0.7261113389953708,,0.7241876161862121,0.7226796518705011,0.03452114576280519,,0.034399132077365675,,0.03451771386464365,0.03453291269143867,0.0345625494759038,,,,,0.03448630256956702,,0.034422975145263685,,,,,,,0.03449052247803958,,0.03457376793197884,0.034546507950215945,,,,4.991025493076997e-05,4.984023756872496e-05,4.989376622543726e-05,4.992814751618309e-05,4.9645378581684e-05,,4.981389035186351e-05,4.9764001056521915e-05,,4.9800465162279556e-05,4.9937379532154734e-05,4.999278413707398e-05,,,,,,,,4.984151429468768e-05,4.985925304723674e-05,,,,4.9858567445094374e-05,,4.992564137328231e-05,,4.999686999316153e-05,,,,,,0.5224826832759013,0.5232257758445744,,,0.5233226390453893,,,,,0.5223906470854152,,0.7504543063323648,,,0.7503996046352726,0.7511144765394365,,0.7490527633078233,,0.7499877569874338,,0.7498769530401703,0.7472969590091362,,,,0.7491803623723368,0.7525795833585828,0.749286656454811,0.7491776418403864,0.523877001069177,,0.5236749263549234,,,,,0.524523292664295,0.7149115758285727,0.7125185305627036,,0.7162379487093401,0.7155196121042102,0.7138025727359892,,,0.7147530528276039,,0.7157205564851165,0.7142194538313898,0.7152270660434038,,,0.748614782109636,,0.7504323401024766,0.7506067144518526,,,0.7511416328088973,,0.7489998176501308,0.7518750588492111,0.7507447895551573,,,0.7471752501310992,,0.7148637561753928,,0.7162712679889214,0.7169796421031337,0.7159955506096872,,0.5229635132005762,,0.5227555588090579,0.5226485619948782,0.5230441032280302,0.5235264985980702,,,0.5238311530909707,0.5223735797056682,0.5239113069443264,0.5236271417861094,,0.5232922072071559,0.5226748449085024,,0.5238272756073741,,,0.5241954357157746,,0.5234287934559356,,0.5238539410251132,,,,0.7157160336188478,,0.7156049144507569,0.7179058872543383,0.7178263731540899,,0.7179015437313261,0.7160407115317335,0.717052077591575,,,0.7140437270515616,,,,0.7173849303250439,,,,,,,,,0.7147139808579445,0.7187926977899822,,0.4472843790978707,,,,0.44831107390231534,0.6380208272282127,,0.617688625706985,0.6183965446227475,,,,,,,0.6283750643406234,0.6295605724408263,0.6300823275245374,,0.6304877386069584,0.6281957261754046,0.6292074226547729,0.6280658704813449,0.6291106903835867,0.6277464039731916,0.6289472234802458,,0.6280370035688315,,0.6280077861654819,,0.6288023323301469,0.6307671748678724,0.6282436538167175,,0.6273272241522763,,,,0.6273711243492315,,0.6285923727818752,0.6279606391357123,,0.628340701294365,0.6294189005067614,,0.6277002606801294,0.6293557598291172,,,,0.6279870216943346,,0.6274884673595755,,0.6307464607868145,0.6280837563129739,,,0.6285033465002767,0.6297091489921522,0.6295116415411727,0.629365315314977,0.6302235001953687,0.6282344706203195,,0.628569256288931,,,,0.6302421820296007,,,,,,,,0.6301856886865425,0.6265054942064264,0.6279847366422219,0.6290471125294195,,,,0.6272729135764196,0.6293815558486695,,,,0.6284445200590474,,0.6287309249767137,,0.631585646389761,,,,,0.6290955536357365,0.6295851239298776,,0.6287694645909867,,,0.630283735409063,,,0.6307625988525507,,0.6288006642995161,0.6286052086654409,0.6304163318943291,,,,0.6295111177111503,0.6298915634412812,0.6280801053437001,,,0.629662664329619,,,0.629747246773742,0.6290765177747221,0.6268367436341832,0.6282201200743212,,,,,0.628699386818237,,,0.630406507966523,0.6278232842607185,0.6292585833474563,,0.6289790974928281,,,0.6286006623069256,0.6277374685382249,0.6295705721225531,0.6286310894237287,0.6285960386349402,0.6286463566499036,,,0.6290433185268025,0.6286381266442921,0.6307326654128077,,0.6291609058293963,0.6299530256609669,,,0.6283749058633432,0.629513431502687,,,,0.6302682401816098,0.6302574527531433,,0.6290710280462012,,,0.6276266374245925,0.6287038299540516,0.6298206760819427,,0.6297460287607194,,,0.6294245388172959,0.6307336158707973,0.5789417347357101,,,,0.6373659337473003,0.6972189422338241,0.80122460093807,0.8014358857918372,0.6555039800709398,,0.6993034424443509,0.6963072329947656
8,24,DG_48pct,96,Z14_F08,14,LL_AB,182916,182161,True,4777.597578820362,4527.776481859932,4421.486762516823,3286.8610235952133,3215.884067595428,628.067075186903,58.123043933662174,2930.9737635274055,2951.3015666864194,3238.0691271995142,3304.541233375542,3852.3060079053153,4159.404508344774,62.81945250626566,205.65243196051676,273.2528547255504,467.0165064788631,190.94425864943753,240.4443549902172,279.9813877275486,,,0.7512947073862365,0.8561448551868406,0.7746145981520653,0.7823911076367798,0.7200503175172205,,0.625042228071614,,,0.8041907996163848,0.8031699766813398,0.8038943980445721,,0.6602137589975342,0.6597776635161925,0.6991751805895566,,,,0.6259045084758862,,0.6258152277769956,0.626019431544457,0.6256400029806531,0.6187159842481393,,0.6188181364578926,,,0.6259929097870363,0.6269444329729384,,,0.8038989340136398,,,,,,,,0.6074346948813413,0.6080214589941311,,,,0.6063271491064954,,,,0.6086091821995578,0.6056111238637214,,0.607988383448337,0.6074992259512141,0.7897574636137896,0.7888377785303174,0.6212515764581532,0.6885380498136899,0.7888292420789758,0.790293540199355,,,0.7881390059356735,0.789520551087141,0.7877028608853197,,,0.7887537904933577,0.7887282876240663,0.7889540654041681,0.7895051162908728,0.788727790015431,0.7897995333251594,,0.7890203601101916,0.7873720483633357,,0.7913611606435663,0.7891623378434643,,0.7905690298457098,,0.5690869192899988,,0.569999207634468,0.45353592782135516,,0.5274802328448133,0.5275152429153718,0.5292790268320497,0.5298550784026043,0.5296364230392422,0.7296431255209563,0.7302498182079246,,,0.7293889898257717,,0.7296590922894082,0.7316168695203097,0.7271035448288514,0.7296762321662795,,,,,,0.7274924358193511,0.726911010079304,,0.7305489642815952,,,0.729784739367099,,0.7298118073034162,0.730093832648911,,,,,,,,0.7308659746766422,0.7300786682204659,,0.7296496539522845,,0.7293463205513608,0.7289240490765962,,,0.7269282903211239,0.7277728661092755,,,0.7026049565458758,,0.7036519388268956,,0.7016261438518631,0.7026910091464158,,0.700859455273074,,,0.7012962796202049,0.7022434989735702,0.7007010438277985,0.70225721465691,0.7002323506057151,0.7016351626535079,0.7026964277502648,0.7019374953086643,,0.7024933235105255,,0.7024418966634509,0.7032789071783644,,0.7017591306920297,0.7011569828666395,,0.702948435332777,,,0.7018242724521372,0.7045346263743758,0.7005799332560287,0.702999956763987,0.7020450456349697,,0.6995022433888457,,,0.7022392881743964,0.7028333652992415,0.7010996305684788,,,,,0.4563757931164745,0.45701680891359264,,0.4565215836459093,,,0.45642053767572577,0.4562840872964669,0.4565766021582755,,0.45760256169072855,,,0.4558460873261603,,0.45708170056939557,,,,0.4553244408739506,,0.45515810570665477,0.4575305748530048,,,0.4548828745717862,,0.45595686464029617,0.4563518033790012,0.45631493776354487,0.45847735925189775,0.45590021777945566,0.45759841772130133,0.45605734395816444,,0.4546931006973421,0.45690053900877337,0.45650666929032224,,,0.4554751968195447,,,0.4569142801561896,,0.4584111018601058,0.45560461702054167,0.4553955378768708,0.45658130781925316,0.4565666404467936,0.5288468336996195,0.528343689594017,0.5283226651157926,0.7372579766801658,,0.5194673794547146,,,0.520521112198191,0.5188247777929212,0.5206744051623077,0.74821366274204,,0.7476444094308357,,,0.7508429106059944,,0.7503666034351246,,,,0.7489553282198349,,,0.7491302074589294,0.7488286730454886,,,,,0.748039772629936,0.7506417664497215,0.7474502175505463,0.7489613004112845,,0.7472964504789109,0.748709813551197,0.7465601911055149,0.7487830893851927,0.7488927795817022,0.7498047978002467,0.7462740352234812,,,0.750554976711586,0.7518565875719027,0.7470711738289357,,,,,,,0.7403002130361409,0.7400898043455245,0.7424601738173817,0.7432156722987334,,,0.7419384999615365,0.7429743563796597,,0.7425007921365486,0.7448238276572925,,0.7426011296492764,,0.7412776669895663,,0.7422113894715653,,0.7408148255264188,,0.7410754228931618,,0.7400886665308293,,,0.7406222901980094,0.742930381132495,,0.7418586448162834,0.7149228861948562,,,,,,0.7140303235352378,0.7144111662019277,0.7129235031244897,,0.7128359125027306,0.709388718416511,0.7096598646839408,,,,,,,0.7093396778839091,0.7110155791905804,0.7076754715283151,0.7088653878293406,0.7075380284510573,,,,,0.7152573517090113,0.7129612587951205,,0.7141539592260301,0.7144812521671201,,,0.7146977854774604,,,,,0.7143937327258011,0.7133039214142606,,,,0.7149730782118864,,,,,0.7115516087701125,0.7119399876624076,0.7127753673904044,,0.7128784982492405,,0.7136465932711351,0.7073239582302254,,,0.7077386835952738,0.7088086586800966,0.7072589092882826,0.7082226199371439,0.7085553315584578,,0.7066425104332397,0.7085665804216149,0.707706796814144,,0.7089092824621136,,0.7078812405123253,0.7091117812684069,0.7091405091255528,,0.7096385145929573,0.7111023108563429,,,,0.7086837094906557,,0.7090143752148855,,,,,,,,0.7548295714991171,0.7545827245585999,,0.7537641155970589,0.560176503854966,0.5601877566143122,0.5600495298208639,,,0.5598310018121132,0.7128223560435214,,,,0.5211639264320799,,,0.5131166194833144,,,0.5016726310427213,,,0.35118289920711887,,,0.3009923357326342,0.6648864659427903,0.5124507132157892,,0.6686018297096485,0.2627651076544892,0.2625358009784119,,,,0.48139568993361137,,,,0.22502129799011714,0.30129222524810306,,0.3020898461156477,,,,0.30144217845892185,,0.30114415853652604,0.30176241585746805,,0.3021162199174465,0.3005700058555126,,,,,0.3017927106466326,0.7019816915917877,,0.7034313331882878,,0.7036336656667004,,,0.11686326895990892,0.1171588497299035,,,0.0735318340959996,0.07385606615034832,0.07376161655044838,0.7340123675413319,,0.7361898438229967,,0.05817425893003376,0.058138156995762344,,0.05813128243504937,0.05812561370635753,0.05813819005768017,,,0.05824492235651434,,0.0581551841174046,,,,,0.058191990330206014,0.058311308895341286,0.05837412049676735,0.058055934758932774,,0.05820532451634893,0.05817276770470354,,0.058088793663847275,,,,,4.9040685091282124e-05,,4.8968616899150716e-05,4.8962671304264215e-05,4.904166505102442e-05,,4.911185483614642e-05,4.8967333450784055e-05,,4.902361856654257e-05,4.909382695561696e-05,4.9130165598976066e-05,,4.8949230848375404e-05,4.908996137950741e-05,,,4.919826235488673e-05,,4.896522405847989e-05,,4.901128097815899e-05,4.893847754547404e-05,,4.8987980591135205e-05,,,4.89743953287217e-05,4.8884884015978944e-05,,,4.887815243633786e-05,0.5305274935566705,0.5292982939106018,,,,0.5287373436579659,0.5288618020423971,0.5301035584609003,0.5304840598059302,,,,,,,,0.7640045821752098,,,,0.761370542477494,,0.7624046779831325,,,,0.760882543173449,,,0.7609350280146531,,,,0.5306271924603935,,0.530871974103379,0.5298030161588557,0.5285008866423626,,,0.7222347965644377,0.7227262120079083,,,0.7227723996635511,0.7212421020754246,,,,,0.7244812434194784,0.7217455147180112,,0.758546770739334,0.7626350439508843,,,,0.7616280230166246,,0.7634870535814762,,0.763874379975475,,,,0.7590215709106657,0.7584121466425261,,0.7238593455784406,0.7233613361292767,,0.7240960181096388,,,0.5302360447029438,,,0.5296046409118816,,0.5282911970767231,,,0.5307779993141024,0.5293216703972142,0.5296181432822227,,,,0.5288100718669989,,,0.5297973190216538,0.530667085012665,0.5296704190435854,0.5316319108393966,,0.5300440779028587,,,0.5282563431707563,0.5282412919784416,0.7268352330574077,,,0.7247274173789577,0.7245507149683004,0.7238733753361544,0.7255437569323808,0.7241894034451773,,,0.7217764139742275,0.7238441543399726,,,0.725703698646087,,0.7243714631978566,,0.72544196438235,0.7255459927049068,,0.7246637712332752,0.7239315283542086,0.7244842143858433,,0.7222165463568387,0.45968768371513347,,,,,,0.6409786542624026,,,,,0.33095741634023096,0.6304277365023205,0.6281725811565473,,,0.6285422484559466,,0.6281382747065253,,0.6277084409175316,,0.6262206170649024,0.6268492496394791,,0.6296840051457668,0.62841937642976,0.6300016473259493,0.6296609319938663,,0.6286283508424463,0.6257655359144283,,0.6283722728765099,0.6296988231300635,,0.6284450976783224,0.629775892107192,,0.626944111811488,,0.6273206164536868,0.6302142372432576,0.6292448401467889,0.6292415489960123,0.6286368646932505,,0.6275193733203095,,,,0.6295793717158963,0.6276089604249343,0.6294273417463351,,,0.6285657150145753,0.6282804504238246,0.6265155425149112,0.6294271139283024,,0.6290479396769665,0.6291316949831625,,,,,0.6286018072240899,0.6292674541428207,0.6282168858230852,,0.6287136113366885,,,,,0.6288129119317535,0.629969036064083,,0.6295607509320693,0.6274395407430089,,0.6275115452733805,,0.6273945554708859,0.6282521954149805,,,,0.630217935545404,0.6290577034601279,0.6300440437464871,,,,,,,,,,0.629275009474571,,0.6287844786062072,0.6283299715216079,0.6286423887142062,0.6314625179309115,,,0.6292350829372741,,0.6265351033257885,,,0.628109849109842,0.6276950823747613,0.6298387693152605,,,,0.6282561012163853,0.6282673645560398,0.6271210827936092,0.628806856364518,,0.6297563019989857,,,0.6290804566131232,,,,0.6276674831733409,0.6273707044975707,,,,,,,,,,0.6275055911836388,0.628350290640255,,0.6275693517452152,0.6283684282040805,,0.6287579806093289,0.6287524430809139,0.6301496797049155,,,0.6281406919363547,,0.6282801252945167,,,,0.6286217783410821,0.628512334189937,0.6295540079171323,0.6294807378844179,0.6290341651995245,,,,,0.6291961056836911,,,0.6291665918190555,0.6287584144231778,0.6267186565044194,,,0.6278855199135905,0.6282848849200915,,0.5777418613979193,0.5782787434515115,0.5791195035590299,0.8023388959085109,0.6383196034689439,,,,,,,0.6966499063149147
8,24,DG_48pct,96,Z14_F09,14,3PH,182916,182161,True,2888.401408254685,2713.7029117841403,2635.047990220028,2291.43933104629,2271.5427489829544,498.3140985166725,45.614973933052084,2901.402582731241,3001.6234780617233,3345.9185982862687,3368.1422290776422,3539.9536309567275,3548.6309978492563,57.99596409275966,189.0265266011566,217.92066039189953,352.22977634664227,146.46574289959753,180.00442620026894,157.5763628558604,0.8190020697933194,,0.8196903642047696,0.8228135005009216,0.8234253739589668,,0.7850772511568351,0.7375984446141941,0.7350964985289847,,0.7360141995682306,0.7441143595255261,,0.745230906741715,,0.7463615284676329,,0.7422079878282034,0.7445087317524954,,,,,,0.7367799455927379,0.7355542766009119,,0.724613287115943,,0.7386484315276134,,,,,0.7361549787012684,0.7344051400988748,,,0.7084465769392388,,,0.7137512945032503,,,0.7172807853052399,,,0.716344505780024,0.715716089195514,,,,,0.7192935666754711,0.718342417593352,0.7184213635723707,0.7183357831043774,,0.7168485865135911,,0.7165771529946906,,,0.7115901462349691,0.7108997450715066,0.7124861814115341,0.7097633651871349,,,0.711647923170109,,,,,,,,,,0.7126934171566232,,,,0.71302971286047,0.7116496487575856,,0.6885144433108827,,0.5713002040086724,,,0.5661691743498338,,,,,,,0.5723903241632355,0.5730716657169742,0.5732314694802292,0.5720764663837519,0.5732537094212643,,0.5740961076305212,0.5725341775826764,0.5751746047577041,,,0.573080089528326,0.5742176730623211,,0.5736751908884203,0.5742477090444527,0.573397589756597,0.5742567068255129,0.5734489849115506,0.5760708654828925,,0.5715730580244222,,0.5736960896886589,,0.5731199531824464,,,0.5715263787781275,,0.5720543639735858,0.5739229662401827,,,,0.572595589738695,0.5731544215318702,0.5736404934008349,0.5734361079821969,0.5713880169283778,0.5736057045829454,,,0.5733886639227717,0.5746131998305689,,,0.5743330766841083,0.5739583270182501,0.5731473605968348,0.5746268970524795,,,,,,0.5753167201610261,0.5750009461733795,,,0.5741390122804059,,,,,,0.5744709877404269,,,,,,0.5732277601075964,0.5715755997026328,,,,,0.5716236736547187,,0.5731806536840682,0.5726938635899049,,0.5734507185662501,,0.5725204406321643,0.5738439313440641,0.5748022689735434,0.571729279307521,0.5727380298980104,,0.5738374266933055,0.5745391642593196,,,0.5730819445840026,0.5749613508382402,0.5742522000525477,0.5732875085893162,,,0.5738326074170861,0.5742889979277556,,,0.5744027441577741,,0.5727840755848741,,0.5733523465877746,,0.5751387984703537,0.5735281760046649,,,0.5745813039924411,,0.5727638855687729,0.5737076351016998,,,,,,0.5730976341728012,0.5713989938092503,,,,,,,,,0.5729452962740246,,,0.5737747871131521,0.5664552708247833,0.5676647268638498,,,,0.5564128313250051,0.5574450346148578,,,0.5566144570873328,,0.6103427687573283,,,,0.6112433317447931,0.6096422562711715,,,0.6086235418925929,0.6095972439971916,0.6089481108818631,0.6080457919568845,,,0.6092728054438838,,,,,,0.6095709108156907,,,0.6078184351925979,0.6089877849113103,0.6077163475197802,,0.606458519180565,0.6104840658970034,0.6085234684860351,,0.6076503461199432,,0.6089631609489635,,0.6083490387602414,0.6098235589513223,,,,0.5979193299153232,,,0.5985147152788952,,,0.5969063683755307,0.5995592994300241,0.5986421920149653,,,,,0.5981270129384514,,,0.5987737151206607,0.5990093595679966,0.5997395868230415,,0.599130710234309,,,0.5975563851426757,0.5989195477008796,0.5992067202460339,,0.5986137730545633,0.5998539843355508,,,0.5977399336022169,,,0.6090282887720254,0.6080863186251206,0.6086467869479513,0.6093450206474387,0.6099674081451405,0.6100829641481478,,0.6067654306192286,,0.5994204514634939,,,,,,0.5975334082636883,,0.5989209730170565,0.5983353165317739,,0.5973114424399418,,,0.5962180693023278,0.6060223168286083,,0.6072600818105715,0.6094908979487719,,,,,0.6055921869534283,0.6082544543280871,0.6073074272526093,0.6072546261938772,0.6096457854810005,0.6069001317437879,0.6098251539920212,0.6076483685368914,,0.6068097872378692,,0.6083741791509025,,0.6073821047511095,0.6074699221399921,,0.6084787980234976,,,,0.6066674245046814,0.6075509960947449,0.6071363016533224,0.5987865251542769,,,,0.5979620592801361,,,0.59698112867309,,,0.5979738163071991,,,0.5979746390375974,0.5987095766433869,,,,0.5977450540417041,0.5984636022035771,0.5988607829020668,,0.5972413127127125,0.5990333277262829,,0.598166020957722,,0.5987341798592726,,,0.6187242773464927,,0.61619095430812,,0.6140664220628134,0.6170161432346511,,0.6171722086926853,0.6049521155019906,,,0.6025114469861931,,,,0.5610909372181322,0.5617303741483785,0.5568337560227984,,,0.5425577148910801,0.5442850643963912,0.5432278424929375,,0.5301344411000237,0.5300731835201103,,,,,0.39024160032361754,,0.35476673450965307,,,,,,,0.3252498940730567,,,0.3252031959474328,,0.2686388718385205,,,0.2996980986502826,,,0.3009421226662772,0.30042374842889424,0.30032593024127135,,0.30010838893165787,,0.30104148395712055,,0.2999439831023379,,0.30085677296799707,0.3007094790851355,,,0.14743114166355464,0.14728452833505812,,,0.21075854715871262,,0.06597778110965462,,0.06593842139091302,0.06577803207783,0.06596904912938802,,,,0.06590558457139012,0.06597988946418372,,,0.05786888600201419,,,0.05815781814938347,,,,,,0.05806504885080488,,0.05807785756411034,,,,0.058110982153546785,,,,,,0.058206969364399674,0.05805655376599892,4.8776105929024086e-05,4.87463835984071e-05,,4.89498641074185e-05,4.887287403924313e-05,,4.868757814455054e-05,4.8941323886818716e-05,4.888695102648683e-05,4.886881285566799e-05,4.890864148877468e-05,,,4.880874735865994e-05,,4.885432307431833e-05,4.898991749592808e-05,4.882043436898952e-05,4.880382427663695e-05,,,,4.888721286175923e-05,,4.8831366925645304e-05,,,,4.8938161817302814e-05,4.897134711911701e-05,,,,4.880525257319553e-05,4.904750731155103e-05,,,,,,,0.6298355351680668,0.6299420104506325,,,0.6297124874460239,0.6295216341740377,,,0.6317110851122056,,,,,0.6306687556651212,,,0.6304567805660255,0.6299937061309729,0.6299841012912645,,,,,0.6293814888158633,0.6275637997965416,,0.6327371435019938,,0.6317612047003432,,,,,0.6321917584027928,0.6307471824958643,,0.6301680630764753,,0.6290710608951212,0.6272276198348823,,,,,,,,0.6303033271796316,0.6294730312288579,0.6295975674950287,0.6300260891354545,,,,0.630817584350001,0.6301118615998491,,0.6304538287279853,0.628123376640354,0.630444367092159,,0.6277285587805421,0.629330249452918,0.6292416502109367,0.6310236247438615,,,,0.6299802877695764,,0.6303563056725714,0.6318487883733779,,0.6308810394897478,0.6319513608429027,0.6306244557852806,,,,,0.630608446080053,,0.6318794544804969,,,0.6313716004568884,0.632344736592162,,,,0.6301961771006553,,,0.6295999718351402,0.6311515549634756,,,,,0.6295119516184331,,,0.6295347850532933,,,0.6311695813516262,0.6313836349682962,0.6290247639374758,,0.6293057936491004,,0.6291860952824531,0.6324291515616501,0.6288171220901146,0.629899152767238,,,0.6293519496072186,,0.628933019735182,0.6303428215119996,,,0.46509661219896237,,0.4648573367420668,,0.466796864578904,0.46570108576317276,,,,,0.7244958742323501,,0.74135691050153,,,,0.7411159722080387,0.7403320214795862,,0.7392603090734594,0.7407801453110276,,0.7387006240807531,,0.7401546459475675,0.7399204491655939,0.7424126026714367,0.7400916644056202,,,,0.7395214228714465,0.7429450152769087,,,,,,,0.7408717503827877,0.7400280273384989,0.7391338897573753,0.7392746325324996,,0.7408091853395387,,0.7414237871702801,,,0.7394221328180881,,,,0.739160800992468,,,,,0.7381988959549707,,,0.739363543414781,,0.7397464502188968,,,0.7389592997551511,0.7390963107835473,,0.7403382127058061,,,,0.7385655058726037,0.7383682846027242,0.7416673221965865,,0.7380287724572965,,,0.7397555206790936,,,,0.7389991668773584,,0.739015647743169,0.7385622838021964,,,0.741254100351675,,0.7402100712311072,,0.7409134175132372,0.7371881929541704,,,0.7388165778464229,0.7397318746502972,,0.7396775791323555,0.7407282402176368,,,,0.7374024156190634,,0.7424166494272096,,0.7390402445900637,,,,,,,,0.7405138046119275,0.7384449931187662,,0.7388373974903898,,0.7404778401853693,,0.7388546659939482,0.7415238387146128,,0.7413820092545098,0.7406480896311246,0.7406028862597379,0.7376163337512447,0.7380129586033591,0.7416057081364643,,0.7399499271322695,0.7390698121277754,,0.7400838306188618,0.7419662583209292,,,0.7401174625459844,0.7413230413610397,,,,,,,,,,,,,0.7390345529940234,,0.7386362281845069,,0.7405762558588952,0.7384741630212642,0.7397641730035674,,0.7398702446887825,0.7390511835290348,,,0.7390760205622138,,,0.7406356528199259,,0.7389339647031925,,,,0.7391992499619643,,,,,,0.726704423240907,,0.7286356632336132,0.7467023402827526,,,0.7436216682206753,0.7458268067150376,
8,24,DG_48pct,96,Z14_F10,14,3PH,235185,232292,True,2856.54579651845,2686.733714900619,2616.823350482777,2315.06743851463,2315.409129404538,490.5837046925979,44.901248524032944,2971.791427953764,3085.1883763786045,3421.193535974743,3456.1726906682416,3597.2791186101445,3659.919156432868,57.83179016016524,188.8297269080903,214.0796231867591,344.29151581911367,143.86592907460243,176.92869308884914,152.07387438174467,,0.8185792440710425,0.8165627561009298,0.8220604359730925,,0.8212095712547192,,0.7332458502681823,,0.7324776034142271,0.7304730763987682,,,0.7432297319003364,0.7432386935062452,0.7396714609491831,0.7422606893324372,0.7407436913012376,0.7405695166987893,0.7432293395424179,,,,,0.7330739157121249,0.7329088088820159,0.7218313096090959,,0.7243180489298023,,0.7363968288562351,0.7342989997560841,0.7369195936253468,0.7344241330887715,0.7348866846050585,0.7305477538785985,0.704467520008737,0.7055610999326907,0.7043480601724299,0.7117393673705333,0.7104250468339901,0.7102382603106632,0.7151129191101524,,0.7129923414434024,0.7129376268553391,,0.7115699363284742,,0.7144564461141208,0.7129438901250298,0.715301529244373,0.7133395474494241,0.7154190336038788,0.7135806584492566,,,,0.7106384552562346,,0.7102680662991101,,,,0.7097706920803034,,0.7079046156868917,0.7092937766430706,,,0.7074523358090371,,0.7070432326111097,,,,,0.7053871033375538,0.7099922289131942,,,0.7055754556133754,0.7098551629112353,0.7060895296967602,0.7095329832982044,,,,0.55970767322615,0.5541764111127432,0.5519607087952756,,0.5574882735886428,0.5552677447756292,,,0.5621013852995997,,,,,,,0.5616961936958548,0.5621666897925686,0.561187598698006,,0.5622879317218472,0.5604769653587569,,,0.5621121011093129,0.5611243708900948,,0.5621015660549451,,,,,,0.5599583871307121,0.560281432695849,,,,0.560099779819299,,,,0.5614020859165846,,0.5598692663044017,,0.5589133616884362,0.5613772106820555,0.5621275684728175,0.5603467334734129,,,0.5631365417251617,,,,0.5598156875775799,0.5606551224065814,,0.562578868681445,0.5622617194370041,,0.5625248424082175,,0.5610593528485154,0.5600378267980075,0.5639496761824307,0.5614862354857751,0.562379452617328,0.5618062278074051,0.5631515439785382,,,,,,,0.5613731990582296,,0.562281004633357,0.5599091018820618,0.5620764964069727,,,0.5615001866051339,0.5604809524434375,,,,0.5622185473179925,,,,,,0.5615281123438591,0.5621103684466398,0.5610946863682262,0.5585784061969387,,0.5605148148371173,0.5626890202506735,,0.5623779607844951,0.5607595214965564,,,0.5594714699715884,,,,0.5618963048679866,,,,0.5626995165345706,0.5617385570838297,0.5612620881166486,,0.5618689877829859,0.5614852596446331,,0.5604118958540022,0.5627445857419261,0.5614479709370008,,,0.5613148213640822,0.5614124396545073,0.562781154068206,0.5631307220534413,0.560789470267587,0.5631444515429523,,0.5616915963744817,0.5620454955262024,0.5616310478192081,0.563693275597552,0.5591063801566164,0.5615026885012128,0.5630832914382211,,,,0.5606520271096863,0.5614096131470797,0.5617826914461067,0.5613903863386663,,0.5559639900508611,,,0.5818916557561488,0.5451618080750442,,0.5450921086088537,0.5441052204242064,0.5448174606989442,,0.5436021832160145,0.5996046679088505,0.5977102234517742,,0.5976777030737229,,,,0.5967341258301164,,,0.5988265699844669,,,0.5986632863699866,0.5963900831479313,,0.5977615211881696,,,,0.5983363187612787,,,0.5966843653457389,0.598503394375981,,0.5961796326322859,,,0.5966491180710574,,,0.5980961202632009,0.5976941395288144,,0.5971276103909704,,,,0.5982915292334886,,0.5878847588204023,0.5870852254589739,0.5883683171541773,,0.5886411163566553,0.5881908388458867,0.5874698109541893,,,,,,,0.5883841652246323,0.5887134898480041,,0.5878480721334394,0.5882190006660286,0.5885506308935206,0.588601347778384,0.588004241262512,,0.5867345847270028,0.588202936134135,0.5872048746676207,,,,0.5878708236739992,0.5875055513479134,,,0.5978094616664597,,,0.5964519799190107,0.5980412639522324,,,,,0.5971345693018875,0.5880668921716832,0.5875051577463607,,,,,,,,,,,0.5850849936093302,0.5862675391737977,,0.5954333485653094,0.5970968037657362,0.5969015038999961,0.5969710594175568,0.5964839010113072,,,,0.5975245577047296,0.5960723291606679,,0.5995831053176413,,0.5965670491766223,,0.5973961515953389,0.5973993584543288,0.5979003125846254,,,0.598310869322683,,,0.5987438332250027,0.596018042047555,0.5980926593388493,0.5977411036402785,,0.5965212913683697,,,0.5884224329993312,0.5877402259508616,,0.5881103098757519,0.5853733614421845,,,,0.5868807635106749,,,,0.5866150014704754,,0.5853786865580776,,0.5884037447896564,0.5861981105768832,0.5863960705694553,,,0.58731291099691,,0.5873463723061093,,0.5891004249015199,,0.5854313775059865,0.5874986513162476,,,,0.607163116322509,0.6070125933366362,,,0.6057558828400078,0.604210284571931,,0.5936363197301189,0.5934935189895655,,,0.5936194438865294,0.5497206956849282,,,,,,0.5312280065864265,,0.5318651012917766,0.5181910573188242,,,0.4538820745995992,0.45337071465344186,0.4551622418251124,,0.3738924741829343,0.3745652425354236,0.3367562005268885,,0.3376180367894672,0.3081291735137723,0.3078082061930441,0.3085437583264831,,0.3087648859992917,,0.30863745303606305,,0.24972668273419388,0.25028585759510885,0.282114489617884,0.2811934718025539,0.28139255087074616,,,0.28155758945695075,,,0.28102852994306154,,0.2816027317593387,,0.2821351337394161,0.28189709770459326,0.2817165771707568,0.28250692798361016,,0.2813761778454711,,0.12541982152410194,,0.12511962356164757,,0.18987216751974043,0.04234131261933774,,0.0423744335446978,0.04241379883996423,0.04243052747282502,0.04247003830326628,,0.04236822911717781,,0.04236498341261591,0.04237172845301861,,,0.03444254580318887,,0.0345119402852676,,0.03444886521681391,,0.03446638505613753,,,,,,0.034380174955455985,,0.03443487285548107,,,0.03431946226051719,0.03441687181351622,0.03445468851376962,0.03450856275953955,,,4.966878949849776e-05,,,4.9838480306815926e-05,,4.995701051278122e-05,,,,4.9757186440468625e-05,4.968470471288838e-05,,4.981149964163395e-05,4.971595661300399e-05,,4.980705929611386e-05,,,4.970615942657181e-05,,4.9687377510813876e-05,4.960202098415832e-05,,,4.970144932138102e-05,4.989507468362184e-05,4.98249863589466e-05,,4.98078662514697e-05,,,,,,4.973508083809041e-05,,,,0.6212130996315163,,0.6190417568342803,,,0.6213078310316156,0.6186892640928022,,,,0.6189622594997805,,0.6209608236160422,,0.6203932463216356,0.6203621804388407,,,0.6196070904463935,0.6198552841050272,,0.6168799449603998,,0.6213837313218724,0.6196696451027197,,0.6215641560827126,0.6192135787104512,,0.6220120953911379,,0.6215966542158573,0.6209798071436264,,,,,,0.6206264275592756,0.6196469040085907,,0.6168042371657553,,0.6188334305586116,,,,0.6180592974685626,,0.6198049859663706,,0.6190416992463975,0.6185030578961708,,0.6186225168675809,0.6197204160113186,,,0.6214494813903687,,0.6206773293894049,0.6207203498578684,,0.6107141170339073,,0.6164514754026398,0.6198496645049303,,0.6203613799171979,,0.6201737831931863,0.621013962373285,0.618962305644869,,0.6214310785347685,,0.6215728350215163,0.6231689287426628,0.6237361183505553,0.6218852543038913,,,0.6223120247509993,,,,0.6207685000824315,,,0.621286901451354,0.6210099227118417,,0.6220000340926874,,,0.6212530807520027,,,0.6211634265539999,,0.6213473562416097,0.6212107949978329,0.6204109007932043,,0.61914818135134,0.6210448787646763,,,,,,0.6199072532609894,,,0.621207475295279,,,,,,,,0.6214324119656826,,0.6198003410702476,,0.4509227017255566,0.4522866954666671,,,,,,,0.7216792106471156,0.7212935639094632,0.7228414490735048,,,0.7359595747915114,,,,,0.7397671032517792,,0.7358084536694963,0.7375170028773135,0.7376539421130871,0.7338354755215047,0.7389917018085764,0.7365643565178897,,0.7373656571074119,0.7360113476957936,0.737099337153459,,0.738039950603641,0.7351361887774304,,,0.7354128044022914,,0.7378224905864151,,0.7364521692344218,0.7387849300174651,,0.739970604822843,0.7354357960819556,0.7372105715494968,,,0.737084845102514,0.7373590722144573,,0.7368825316697002,,0.7358389980139761,,0.7359060780494185,0.7386492041820559,,,0.735181520205399,,,0.7352693624665326,0.7373094132613556,0.7367820914072614,0.7371699530242904,0.7389358624852171,0.7374584625086005,,0.736151768677358,0.7371488482946691,,0.7383991329126152,0.7364204421964483,,,,0.7365496935035175,,0.7375273843023116,,0.7396136578117771,0.7378245400018222,,0.7371671485070806,,0.7380299140042009,,,,0.735570933983442,0.7370885480381195,0.7355695321957899,,0.7383763087764208,,0.737846309593967,,0.7351334342920054,,0.7361939490220992,0.7367650094222188,0.7351859721140872,0.7349354614651875,0.7373581726937882,0.7361725184733745,0.7349478243541852,0.7382128828094426,0.7355740960861666,,,,0.7382587561785239,0.7365738235753755,,,,,,,0.7372783375081192,0.7378526806273491,0.737962401500293,0.7370650776370984,,,0.7372464150710301,,0.7356740788468249,0.7381068102508724,,0.7366908912136981,0.7372537350144349,,0.737605577744699,0.7354915325672524,0.7377279386890582,,0.7361337260218874,,0.7353262320154829,,0.7392698610013716,0.7390547402347745,0.7383080018854974,,0.7379683187082153,0.7385862080525478,,0.7363773314896233,0.7371195973180807,0.7361714877899943,0.7357018766072739,0.7378290873042738,0.7371160818171337,0.7347418063109614,,0.737586874640396,0.7407607996412675,0.7361612591371897,,0.7377436432228534,,0.7381634611478033,,,,,,0.7371914325380522,0.7352579672466514,,,0.7377416273348502,0.7357008486566954,,,,,0.7354535960661273,0.7371275645476836,,0.6841866680518819,0.6831916212676101,,0.7241608907175059,,,,0.7427831253043402,,0.7422593082925727,
8,24,DG_48pct,96,Z14_F11,14,3PH,235185,232292,True,2858.7464205327174,2659.777712805149,2627.3772852000984,2327.009088825536,2333.494804160065,487.7061913724579,44.61328436728638,3007.980522851961,3084.1552131194526,3427.957996912987,3464.837332788425,3616.147867024484,3623.774713963698,57.95679791128355,189.367361341053,214.23160277607613,345.9766949368686,143.33650964459883,177.05558192376282,151.06188487689585,,,0.8165556468185707,0.8225712611885942,0.8227674422389402,,,,0.7339600549693283,,0.730509108795166,,0.743289231125094,0.7423190767599027,0.7410511442942054,,,0.7392690922242268,0.7446697517101387,0.7393948353036421,,0.7301405252995632,,,0.7322689416962607,,,0.7224509682696837,,,0.733383758023146,0.7374391539733625,0.7343698861256297,,0.7355030965930226,,,,,0.7118679536561001,0.7087679601657713,0.7095138137062499,,,,,,,,,,,,,0.7132866372282421,0.7145756964658558,,,,,0.7112874775234266,0.707313451343443,,,,,,0.7055087206079816,,,,,,0.707748569278902,0.7071818959651354,,,,,0.7065766515088702,0.7082415701439896,,,0.7086704138604316,,0.6825685683769651,0.6822721591593653,,0.5576902227737665,,,0.5522090105223857,0.5544287259872135,0.5547721795432652,0.556203005935528,0.5601081199934452,,0.5622068755847665,0.5605725202264822,0.5608893704847957,,,,,0.5616524230574828,0.5620851320114854,0.5614001501506513,,0.5623739567391126,0.5596004520699426,,0.5600827944917411,0.5617198319595921,,,,0.5623184164748937,,0.5605098833533387,0.5618985449987225,,,0.5614695074839336,,,,,,,0.5621199982779801,,0.5619179442644697,,,0.560170999890034,,0.5598701459976193,,,,,0.5605400654168627,,0.5620612463144372,,,0.5621205484238503,,0.5621614510243036,0.5613377797402279,0.5624136875204193,,,,,,,0.5616416329188184,,0.562174971635449,0.561968478983885,,,,,0.5618624394901939,,0.5635335964307866,0.5613455360325091,,,0.563144000587926,0.55841145349401,0.560665839954625,,,0.5616463114923199,0.5622068261953078,0.5627663926334171,0.5596467995215202,0.561470309687338,0.5607364657379836,,,0.5618008377638658,,,0.5610958061686069,0.5624658460391498,0.5616418606375605,0.5621192496030806,,0.5630132148358391,,0.5627974968481934,,,0.5597304976321378,0.5629822117242788,0.562759134529904,0.562611397357277,0.5636517066367845,,0.5603951492886319,,,,,,0.5599172554469788,0.5615240587330061,,,,0.5609174743255185,,,0.5618424395086391,,0.562102279361713,,,0.5606113558451873,0.5620783480799817,0.5620164641181002,0.5620837167702267,0.5624417703864932,,0.5606348386628281,,,,0.5614005486984264,,,,,,,0.5823753272132174,0.5450907543029585,,0.5441693121816957,,,0.5431460210875635,,0.5991573764464119,0.5965179672005155,0.5970481923829075,0.5978500841855967,0.5980527944030387,,0.5970938740678433,0.5979040673962678,,,0.5991030364437294,,0.5984665154291451,0.5998970911030909,0.5961646755434566,,0.5967072016531348,0.5985250706667011,0.5950561473866477,0.5975197596230363,0.5971105097905769,,0.5984288506772313,,0.5975362306376185,,0.5972697390736783,0.5983428389338465,,0.5962552487830962,,0.5959332170683035,0.5975958390365577,,,,,,0.5990863144522596,0.598924580022709,0.5874338761820028,,,,,0.5880480634733479,0.5886476877508181,,,0.587636306879629,,,0.588351647230719,0.588139814702981,,0.5881718445923828,0.5872032652935683,,0.5883931220269568,0.5878491725848939,0.5883092521608182,0.5875014444292005,,0.5883652085952367,0.5882140063801549,0.5882228484447416,,,0.586887696394112,,,,,,,,,0.5975264935866264,0.5981476943520498,,,,,,,0.5854211970394779,0.5857891008165625,0.5869248457621786,0.5882438015131626,0.58621370814725,0.5860413965365756,,0.5869729165532149,0.5850841891104809,,,,,,0.5962166520304724,0.598124603263638,0.5977180154518338,,0.5953863103106876,0.5967281421588196,,0.5953834296390489,,,0.5973220648504172,0.5966741855565372,0.5971028995715835,0.5968257265155454,,,0.5980597554438695,,0.5967231671647315,0.5974570188843272,0.5967967241832222,,,,,0.5971853381880167,,0.5962973248469763,0.5972186918268658,0.5984048963458738,,,,0.5867837453772156,,0.5860302453018673,0.588179142947956,0.5868201489740893,,0.5892613004567355,,0.5880364592741081,0.5864776084300181,,,0.5872679886805013,0.5873356836260706,0.5886378062930716,,0.585970308913946,0.586756160513847,0.5869514614194954,0.5871560015458648,,,0.5887428004076085,0.5869140959991116,0.5870933077534863,0.5882373959734077,,0.608096425813971,,0.6075032759813684,,0.6057441526281893,,,0.6065666935469465,,,0.5951114928601327,,0.593382992980289,,,,,0.5447675681276838,0.5453098874210164,,,,0.5317997352614267,0.5190608864306359,0.518441115942178,0.5195358402505528,0.45279389919243246,0.4543320597749604,,0.37475053977258854,,,,0.3372272974488169,,,0.30800182080452687,,0.30790125629257226,,,,,0.250238189817488,0.24998070759698515,0.28265518345505236,,,,0.28210512877951244,0.2819783210349039,,0.2814007241073865,,,,0.2819000480618252,0.2810598337912999,,0.2819184741038286,0.28172859115422993,0.2817305175847914,,,,,0.1257094206835991,,0.19023827739331126,0.042304673008590886,0.042352170441249434,0.042400753450113474,,,0.04229690104313869,0.04248272424108125,,,0.04237972624984634,,,,0.034519416782802355,,0.03446759897671147,,0.03445431787122546,,,,,0.03446922035128212,0.034389350032545986,,,0.03437268624615968,0.03434225138161226,0.03442412832862481,,,0.03441905830706958,0.034477036523484085,,0.03438473835954124,,,4.985723588217369e-05,,,,4.986006557140211e-05,,,4.963408201646348e-05,4.967729460844759e-05,4.979053650150638e-05,4.9694323347280424e-05,4.9767368756444996e-05,,4.989438411403457e-05,,,,,,4.976686161861573e-05,,4.98205790279088e-05,4.969528604843833e-05,4.9760173090762695e-05,,4.979777130435205e-05,4.9850838627596666e-05,4.9792684321977435e-05,,,,,4.9760801687746784e-05,4.988870096448293e-05,4.954981640225728e-05,,,,0.6205783464283077,0.6195095996579891,,0.6227053127653512,0.6211156881467967,0.6206210153106804,,,,0.6213082906511259,,0.621101855653963,0.6209472744538187,0.6212308366794389,0.620023383044252,0.6217088748773216,,,0.6189175048486686,0.6209191824792525,0.6207127837574503,,,0.62088347076214,,0.6194398830622322,0.6191695253908877,,,0.6213531932882324,0.6202882335809045,,0.6211946177900621,0.6209346311496181,,0.6223597952681342,,0.619804128114298,0.618384289768466,,0.6197238110067604,0.6178755090444833,,0.6169814663610829,,0.6209000289137004,0.6193151147752569,,0.6190555497901026,0.619724098845017,0.6195862213294676,0.6175530278536701,,0.6204976700661008,0.6201701059480347,,0.6191983481595984,,,0.6200468375310438,0.6202528673934854,,0.6100388351287247,,0.6153562909145996,0.6196190267027529,0.6201224612477417,,,,,,,,,,0.619778902779523,,0.6208779969507859,0.6202141429588208,0.62062705470457,,,0.6211089610156366,,,0.6206559272356672,0.6221561058755276,,0.6193889703846307,,0.6214981075368813,0.6222241128938075,,,0.6207579615131924,0.6207281531496361,,,0.6201078014237935,,0.6222344538653503,0.6198294217677766,0.6200726102956738,,,,0.617605725319534,0.6194977546153551,0.6166900170047779,0.6182048373724988,,,0.6206345330608999,0.6201768808180714,0.6176107393382327,0.6206098258680225,0.6198960818645431,0.6204778405411726,0.6187147235173766,0.6192937712017584,,,,,,0.45226716512143283,0.4519146865714839,0.4527212488740341,0.4516918340221213,,0.7259854718093284,,0.721665634551604,0.722253303562703,,0.18997264868994015,,0.7363327976533203,,,,,,,,0.7352544762408386,0.7378408396927012,0.736107695994155,0.7362698912927932,0.7376499330137261,,,,0.7386185220621289,,,0.7375806889779681,0.7363741356686707,,0.7370018906656973,,,0.7364213741737645,0.7350029678440557,0.7363154840298765,0.7356964975927283,0.7363787724230864,0.736392148181766,,,0.7373623055135718,,,0.7375629972917683,0.7378338072948101,0.7349851982675687,0.735583174225039,0.7363990473440126,,,0.7362989959571982,,,0.7366163269046367,,,,,,0.7350464623505065,0.7384096370579593,0.7369003511728245,,0.7370664861717328,,0.735698606317817,0.7365648018552672,,,0.7384730877054373,,0.7356481006302461,0.7348062432584098,,,,0.7359754946430516,,0.7350441252160794,,0.7383834055963567,,,0.7384386746860204,,,,,0.7352935680752303,0.7359755648273603,,0.7344762459145759,,0.7370412951665024,0.734607491892346,0.7360348646414872,0.7377464573270192,0.737734190076534,0.7373452859801604,0.7379829541394898,0.7374722682779545,,,,0.7365383939446625,0.7366647182947733,0.7371401000596345,0.7383298379653732,0.7366150300000222,,0.736068246491582,,,0.735674374666372,0.7401341442742714,0.7400329154693062,0.7347379426546539,0.7356909853623745,,,0.7364707218354135,,,0.7357755316822505,,,,0.7365583879986928,,0.7346383233511571,,,0.7357953490651433,,0.7383750014468556,,0.7362761935273011,0.7361789938449537,,,,,,0.7372492383958916,0.7365636540973242,0.7379009724706004,0.7374700056363709,,0.7388202589006652,,0.7352730257253725,,,,,0.7395049672575438,,,,0.7392610895651213,,,0.7373012635517225,,,,,0.7360930115833951,,0.7377400248837553,0.7370697044380905,,0.7368624715350087,,0.6824644668135046,0.6854463697251915,,0.7240535936617665,,0.7246068510442206,,0.7440224666479898,0.7429526949524597,,,
8,24,DG_48pct,96,Z14_F12,14,3PH,235185,232292,True,2848.9999330649575,2671.5775739520527,2616.441577654949,2316.3490438147583,2319.2189200954754,489.9386007808145,44.57940118874487,3002.1704866524087,3090.7701911221207,3408.7316328285615,3456.204809790691,3605.5371619394723,3642.019743272688,57.49817794545678,188.81311699514413,214.02592635025513,344.7332065739856,143.4399237094,176.44943383959648,151.92163076389173,,0.8155092844038613,0.8181339474296574,,0.819550692516142,0.8222320452548625,0.7807009672270215,,0.7358127561716868,0.7344560498244292,0.730150196322151,,0.7413281533956965,0.7429085216185809,,,0.7406974253042028,,0.7400237342095193,,0.7337276983196696,0.7339939717430947,0.7308451154007825,0.7332325717174605,,,,,0.7196596643493414,,,,,0.7362411864106936,0.7359475758769769,0.7278670291877558,,0.702590820677258,0.705663690195596,0.7118527921034391,0.7113408231753919,,0.7135280464941787,,0.7116781501464406,0.7134477127733659,,,,,0.7137801484408252,,,0.7130004202012505,,,,,0.7125103962968449,,0.7126303341644613,,0.708507475746051,0.7077301163063562,0.7095208494126701,0.7067629593548675,,0.7071082626667241,,,,0.7081289744638238,,,0.7069437884734376,0.7092900957767502,0.7059248356180022,0.7072649322320873,,0.7096272024899493,,,0.7109067880057731,0.7076159761681043,0.7073780047378214,,,,,,,,0.554938856871591,0.556078653341248,0.5551678513362817,,,0.5616149776958658,,,,0.559995477475602,0.5612847168048349,,,,,0.5610360674870806,,0.5633512015943815,0.561730924266973,,0.55949454489375,0.5616783550149885,0.5604439323264967,,0.5612860002260741,,,,0.561663093862018,0.5609749855226787,,,0.5620763450477056,,,0.5614289299865863,0.5607785215849033,,,0.5610950703003519,0.562698616849245,,,,0.5602524227795095,,,,,,0.5613902495690348,0.5609298711222509,0.5593777123720749,0.5638598453678225,0.5616623528599941,0.5633593331139477,,0.5600395653983026,,0.5617438667192357,,0.5613768421220056,0.5621498825262211,0.56181609901142,,0.5600151725901739,0.5617944778218043,,,0.5614630091942064,0.560378891985055,,0.5628329556109779,,,,0.5606261985824791,0.5606684184233051,0.5631454862453166,0.5609895329041741,,0.5615668437881371,,,0.5607395404607372,0.56026408991398,,0.5603646497910187,0.5610137264881567,0.5615149578712627,0.5611472206801903,0.5609044556663288,0.5615161963943779,0.5605871038472072,0.5618367326286157,,,0.5621446063669184,0.5615398955981293,0.5633080012031898,0.5619923749649018,,,0.5625551593121644,0.5627552586255096,,,,,0.5630708948054841,0.562145862717707,0.5611577456707066,,0.5607779302984226,0.5615180365512223,,0.5616075900482453,0.5614686678146106,0.5608416024072239,,0.5605775158005426,,0.5611902901937025,,,,0.5613876645337446,,,,0.5610315322182002,0.5628603653441884,,0.559590454357424,0.5623983772949656,,0.5606440097109796,,,,0.561770584397671,0.562923880796494,0.5612210702711192,0.5612257376655607,,,,0.5818033740322612,0.5442988571262479,,,,,0.5449862253057138,0.5435731672808728,,,0.5970982570150224,0.5987647077807148,,,,,0.5989479161767893,,,,,,,,0.5978344080405025,,,0.5990413418012209,0.5981976367956474,0.5973023891055065,0.597747041502618,0.5965961396717652,0.597681554313035,0.5973670361667222,,0.5971823335378456,,,0.5954310519296611,,,0.59639178515705,0.5964849063794175,,0.5982802057313964,0.5988120734216736,,,,,0.5876406991017904,,,,,0.5881547456266895,0.5875031418977689,0.5880525593727269,0.5881529636304828,0.5877354202732127,0.5888141658811465,0.586613764229145,0.5871294541983184,0.5867765849093654,,,0.588583735093227,,,,0.5878746603902096,0.5861525581553363,0.5881311579384163,,,0.587265228049766,0.5892088879055231,0.5884328564222037,0.5864769644080932,0.5874855144883313,0.5974192571079459,,,,0.5977461779880154,0.5974845305046576,0.5981796898787632,0.600035079573305,,,0.5990191559785898,,,0.5878902072058458,,,,0.5863459529187218,,,,0.5877905408697741,0.5860368172734065,,,,0.5969259831304162,0.5962582750256943,0.5968255631764525,,0.5964587659650809,,,0.5985442139351305,0.5979658095742972,,,0.5977835582644335,0.596491117808822,,0.5980550674826144,0.5965267411641246,,0.5973341284464885,,0.5969637054169483,0.5976881831796717,,0.5975966390605869,0.5981563357445796,,0.5953000012071095,,0.598153280194839,,0.5979990705678633,0.5992893393724006,,,,,,0.5858776034684372,,0.5885971142537485,0.5875509090208093,0.5881762334995012,0.589928938284365,0.5863134401381405,0.5872276264488582,,0.587800366521122,0.5877965281381685,,,0.5857900663865263,0.5869026056475849,,0.586898437673263,0.5875978319885813,,,0.5892876862684812,,,,,,0.6086826013446994,,0.6055010719230717,0.60486707143478,0.604364217007476,0.6054336851445717,0.605742781331216,,,,,0.592956888172064,,,0.5510179657917602,0.5467599979392487,,0.5452788018510787,0.5469485554536567,0.5329303300938932,,,0.5189366950111849,,0.5192718732964872,,0.4522356162820933,,,,,0.33708384935088076,,0.3368453189247756,,0.30752681949189586,0.30793606558809306,0.3078047958592928,,,0.30797973256831535,,0.25045232032775167,,0.2816180313579585,0.2817456258063694,0.2818959689727916,,0.2816201011976803,0.2816837629350438,,,,0.2822039359022112,0.28112295907210605,0.2823479713152448,0.2819179557103441,,,0.2823000284329132,,,0.12537982497183864,0.12583514132575663,0.1256141332466817,,0.12604601440199464,0.18991462448678453,,0.042266259707396975,,0.04228395574961109,,0.04228086033011063,,,,,0.042410195347811604,0.04236300432472469,,0.03445170976581195,0.03435936749562225,,0.034468567536009256,,0.034476160122932094,0.03456371707419849,0.03444425157840489,,0.03435745643919198,,0.03447750487016543,,,,0.034414239844492364,,,,0.034413404624078464,,0.034488012876085335,,,4.976190877329316e-05,,4.969409088017926e-05,4.9680489372644586e-05,,4.992045452406394e-05,,,,,,4.985243300871873e-05,,4.985949676715738e-05,,,,,4.9867200692359096e-05,4.9735470836431405e-05,4.982674467357772e-05,,4.9792886753188375e-05,5.000600069108315e-05,,4.9711324514255446e-05,,,4.984699755400064e-05,,,,4.987042676640163e-05,,,0.6200654136120101,,,,,0.619966487896225,0.6188020073909699,0.6190294339883534,0.6212542618451377,0.6214729890333767,0.6190454642233206,,,,0.6202006210563108,,,,,,0.6201377950056005,0.6209056707375876,,,,,0.6195737200616321,0.6207850377542783,0.619350319455627,,,,0.6208816095870846,0.6193324218572618,0.6227412309941727,,,0.6235894829397417,0.6219228732222787,0.6197523345680959,0.617296239149186,,,0.6188906409446844,,0.6176629479966724,0.6205618142291237,,0.6186112123252271,,0.6183091731465113,0.6194178961349016,,,0.6202264117873953,0.6195102104369277,0.6185103216025134,0.6221924224646905,0.6195905782573482,,,0.6199460880601345,0.6208307456490857,,0.6225732939307987,0.6111719947272602,0.6183070623108488,,0.6212880905358301,,,,0.6185957500434599,,,,0.6213626227773011,,,,0.6182889489574075,,0.6215662323667925,0.6211707477495255,0.6225998416226842,0.6213093314307191,0.6213429889711591,0.6200143229632853,0.620360896225661,0.6213722702850625,,,,,,,0.620164036593907,0.6212624418533728,0.6190675829338245,,,,,0.6199678194820425,,,,0.6193254629241653,0.6208536283773997,0.6230794501437056,,,0.6178459943991755,,,,0.620172304645872,,,,,0.6192731670466847,0.6184087578014644,0.6215600148292743,0.6200205552927163,,0.6203271031433994,0.6215912392667214,,,0.452142194953568,,0.45167412721273914,0.4522417443375977,,0.7487333345578653,,,0.7198134798524686,,,0.7366227846433807,,0.7353068881048503,,0.7376326958376226,0.7381906092904497,0.7374669157908329,,0.7374527724838024,,0.7329948251307696,0.7376842385967319,,0.7363111045348492,,,,,,0.7366070349654065,0.7381948657466142,0.737878984842414,0.7340153517254668,0.7356869747888581,,,0.7375368913061039,0.735960562857849,0.7384026488498378,0.7379010279871759,,,,0.7355109802887203,0.7353583216536477,0.7361942373207879,0.7381980918497545,0.7367879968070918,,0.736853103237209,,0.7376081947985967,,,0.7359164015101117,,0.7353115830784991,,,,0.7334435810875302,0.7363807521199942,,0.7343396204333098,,,0.7355889476713894,0.7358150707068782,0.7354404412379453,,0.7402233196829641,,0.7376295635052624,0.7363151236052128,,,0.7360481766843615,0.7337678695632243,,,0.7338281780262227,0.7394841105825456,,,,0.736226867460466,0.7377019184488998,0.7347698130399425,0.7378199932797281,,,,0.7356515840778052,,,0.7371588726224325,,,0.7379871920689423,0.7378599535822593,0.7354417699307542,,0.7363949642629842,0.7369239281470719,0.7385929965629761,0.7377147151254972,,0.7386072252464725,0.7361011546845578,,,0.7385128781282537,0.7362316010486224,,0.7369937546852026,,,,0.7358597591816736,,0.7361955852988643,,0.7385557214080436,0.738316510451487,0.7378912216352993,0.7341692127340336,0.7381781723306875,,0.7344109044550018,0.7370566359450043,0.736776986889662,,,,,,,,0.7403910574046945,,0.7389668612268044,0.7376508899729349,0.7361969389804327,0.735359429206151,,0.7377324314682888,,,,0.7357167489963192,,,,0.7367193677950453,0.7366645056760148,,,0.7363201802324032,,,,,0.7392166050049679,,0.7359710558745265,,0.7356573821514867,0.7372369350670919,0.7369035297896365,0.736465774628417,,,0.7381160030600425,0.7353444742023848,0.7354477543144378,0.7367470929916224,,,0.6851308788862693,0.6841789339417236,,0.7246669863865299,0.7225096326022893,0.7439248679521403,,0.7413445158548114,,,
8,24,DG_48pct,96,Z15_F01,15,SLG_B,157130,165465,True,6696.4672819283805,6469.724823213558,6311.158608700194,4476.008759596574,4438.145514568987,593.6952502190646,56.57647526653858,2081.4243586096327,1870.264115505369,1038.2073552479471,953.7462514944718,315.54048575473007,5.797687074638791,5769.8713759706725,292.7535401023894,259.1026863153221,490.19929596329973,200.28345150935402,244.94968325032173,308.4954153383176,,0.6326318364885405,,,,0.6795872923408004,,0.4344441561633894,0.43301950511439213,0.4319405098628071,0.40794854564821104,0.6854551582476567,,0.686774553308793,,,0.41399358853919527,,0.582832916779787,,0.43321570171841833,,,,0.4210969802700521,,0.37504672041138126,,0.37604887778573365,0.3791765797154082,,,,,0.37971679238526473,,,,,,,0.4401537908700121,,,,,,,,0.4425670125146179,0.4434208861180915,,,0.44050109103381163,0.4430202580052224,,,,0.68863218174643,0.4374966258816527,0.5702968269728949,,0.687655019848728,,0.6890573977279635,0.6873324302075292,,0.6879941804900495,,,0.687872979699872,,0.6888017277972178,,0.6886137983973378,0.6862947634145901,0.6890152549939853,,,0.6864674277334564,,,0.6897665203390929,,0.6868161632054022,,,0.43063742163875673,,,,,0.5345270218567878,,0.5345159717405614,0.8285985676881645,0.8297553241661055,0.8290784626028445,,,,0.8288048816973608,0.8321941951960958,0.8307372820163869,0.828558395323898,,0.8294056158366693,0.8309506616873175,0.829228957932099,0.8266953418090969,,0.8296468047882994,0.8291410418109768,,,0.8293778311195598,0.8290527338767982,,0.8287428160457067,0.829571919172574,0.8281868048988696,0.8307485030490704,0.8284487802994133,0.8271642014670818,0.8283050045687321,,0.8265315786664067,,0.8293867326102673,0.826673477859162,,0.8267037287510317,,,0.8266351433545279,,0.8285975336829758,0.826754551842404,0.6666007937119499,,,0.6646650317821315,,0.6643465753432719,,,,0.6668474506587118,,0.6677354012840415,0.6669720008814183,0.6666108723448628,0.6650271117654729,0.6658481441259896,0.665210106853099,0.6647272281766197,,0.6661763776113316,0.6649307195063653,0.6648752553800815,0.667715540121984,,0.6658522279844844,0.6645708461910731,0.6643835647904505,,0.6640528547518944,,,0.6653035401731269,,0.6640352712195252,,,,,0.6650930678190643,,0.6648431558693143,,0.6648863224249277,0.6652918204140573,0.6657786718046029,0.5793482061446661,,,,0.578252734954162,0.5798061227776754,,0.5788726605773565,0.578875328010502,0.5778920478285883,0.5784498954346384,,0.5788492191719551,0.5806412842248113,0.5789821386078,,,0.5799021327578425,0.5794512025456853,,0.5778636691612196,0.5789733180457699,0.5790159626835389,0.579744479280837,0.5774943926639432,,,,0.5786945244638614,0.5777637528512994,0.5765639758986549,0.5770709927704378,,,0.5803418175501119,,,0.5794130005990926,,,0.5782816706962286,0.5793721928842052,,,0.5783340736107508,0.5791528447190545,0.5800825301797901,0.5782721682483277,,,0.5776454908388979,,0.5776327310741479,,,0.5187554783020613,,,,,0.5315812826555841,0.5303206396773373,0.5322622959198229,,,,,0.8203635644477963,0.8185127087059624,0.8166682898337267,,0.8208862158536465,,,,0.8176718185437932,,,,0.8199333939950001,,0.8200317476452152,,0.8165093334916361,0.8193415423397247,0.8175083469218776,0.817814722370039,,0.815895153905301,0.818407176088041,,,0.8179329851967901,0.816517533947003,,0.8179244988431303,0.8201885482941039,0.8175200179152206,,,,,0.8176209205059407,0.818367004625842,0.8161666346752762,0.8166483917216437,0.8216690907670169,0.8168797172603253,,,,,,0.8173717736618354,,,0.8185105271001142,,,,,,,,0.8186110700991962,,0.817265417552198,0.8159048081029805,0.8177295030962096,0.816183960006263,,,,,,,0.6598613019851843,,,,,,0.6604545088660658,,,0.6584065263728874,0.6603072496104444,,0.6574194238086346,0.656584121148577,0.6571070399450065,,0.6582156591866878,,0.6577113392639977,0.6579312320847706,0.6595273854214563,,0.6557340944444059,,,,0.6584733074865071,0.6581162734530165,,0.6589289467399988,0.6577149251002585,0.6579027972535982,,,0.6577497798146217,,0.6583239323962553,0.6602437828867538,,,0.658807167673793,0.659548487168104,,,0.6592252100104468,,,0.6594620733923786,0.6596254682186321,0.658138472786986,,,0.6597682527894949,,,,0.6600221194586968,,,,,,0.6596951090590444,,,0.6597636812422009,,0.6585817744030866,0.6570198822543806,,,0.6572097818272506,0.6585275725466794,0.6580578729104272,,,0.6592922476616825,0.6564404256560854,,0.6555968532851192,0.6569231577000222,0.6583731374358149,,0.6584144459877751,,0.6582574589891458,0.5690715829344465,,0.5693896128887207,,0.8242189409121302,0.8214017647054561,,,0.8185189680163263,0.527103064004106,,,,,0.524799835535038,,,,,,0.5331027144507865,,,,,,,,,0.6684286681550774,,0.6026111876788042,,0.8717367638961737,,0.6988534490691368,,,0.6144549071651572,,0.6154954570288587,,0.6135586534267955,,0.6214543061837278,,,0.5708148215026736,,0.5726851397205118,0.5708942825714874,0.5726508095339162,,0.57112234239395,0.5710894487136634,0.5728882488634374,,,0.5722363667661325,0.5720804883679964,0.5705552773858634,,0.5720739377391926,0.5710975090614767,,,,0.7183648355113348,,0.7113200827538165,0.9023158964460531,0.9012143101799032,0.9033051946988125,0.9045246489204587,,,,0.6319301047881071,0.7217602277548606,0.7228197585737822,,0.7213541837726811,,0.5823285854031681,0.5811542263552613,,,0.5829851501457896,0.5806758672384306,,0.5823068643803657,0.5797974529285934,,0.5837804883044615,,0.5825925020736128,0.5833665140882036,0.5822411791183191,,,,0.5832164664824979,0.580969807180791,,0.5831643336798776,,,0.5810829343834878,0.5806735875944686,0.5816723608342826,,,0.5825231212044649,,0.5814308555143313,0.5833114168620327,0.5813664350668062,,0.5815189514543563,,0.5812249880739109,,0.5840118119601231,,,0.5821302104696223,,,,0.5806073807564053,0.5806002911696069,0.5815133291044975,,0.5812862620412566,,,,,0.5818994829238366,,0.5823182884598825,0.581413954534783,,0.5586935606346539,,0.5600499768563357,0.5596869306356332,,0.5586007135344286,0.5593837640800255,0.5598442365206036,,,,0.8169417057479511,,,0.8197393964314973,0.8178765788217784,0.8158365889182628,0.8169994749335232,,0.8176008696649851,,,0.8169245280866666,,,0.8169492221465307,0.8178737612075084,0.8191529513913681,0.8166440026581748,0.8174147249587976,,0.5608596757837326,0.5590459829617026,,,0.5598008664320386,,,0.6585140749246421,0.6614713549741956,0.6603721743404543,,,,,,0.6589038386822345,0.6594122471834936,0.6597351078341377,,0.661120734875838,0.6602243143735601,0.8160118666679655,0.8153768930463964,,0.8148634312068288,,,,0.8208647340378415,0.8164417744745364,0.8170093129457138,,0.8194338324095617,,0.813208587323595,0.813411534655745,0.6625165897737285,0.6605624698350131,0.6620491168870006,,,,0.6630185951647534,,,,,0.5587056700745938,0.5579542863276048,0.5589146019148574,,0.5599017653266698,,0.5601785118270411,0.5589676903171823,0.5601386368062852,0.5587616073545648,0.5575348486124234,0.5601073599006798,0.5599384793409065,,0.5601929763679754,,0.5592201976819194,0.5586754744973937,,,0.5573646613921042,,,,,0.6594211591064248,0.6615894178818055,,,0.6615186616114838,,,,0.6590962223974782,,0.6600180644401198,,,,,0.660217102459369,0.6620340777795164,,,0.6608548484958581,,,,0.6623490994916442,0.5418908722044442,0.5397613780791514,,0.5419404028669746,0.5389062226153046,,,0.44529818551902295,0.44596902299247815,,0.4462169666171251,0.8917712845670678,,0.43406038899246746,,0.43535976976477175,0.43370444012550496,0.4342857702515445,0.4340554050402232,,0.43481578196740245,,0.43512101373435724,,0.4357028745616155,,,0.43610136284991086,,0.43469662038885926,,,,0.43475274235516737,0.43485027072909693,,,0.43369455734867723,,0.4352691445846515,,0.43449145042219905,0.43375674868217423,,0.43504541220849113,,,0.43380485171543853,,,0.43353217177861963,,,0.4339728869178861,0.4355744640710975,0.43503362913133986,0.43479030294336235,0.4346906854374986,0.4330011720427618,0.4335616246577638,,0.4336850479178751,,0.4356740187037928,,0.43493654758079864,,0.4345004380706985,,0.4345628821843568,,0.43596937364727245,,,0.4351837631246426,,0.4354294845501037,0.43515833598979514,,,,0.4350935447386725,,,,0.4336336486576465,0.4347644530239717,,,0.434916656144622,,0.43420637939462847,0.43405961033027285,0.43434552547861055,0.43443276925083235,,,,0.43380719752401486,0.4347374761312419,0.4338500780943952,,0.43458694570937806,,0.43548628003282946,0.4360302474234217,0.43453778233573426,,,0.4356176754967087,,,,,0.4330856674946644,,0.4365537838449034,0.43444168553660445,0.4355428551666229,,0.43547864888596644,,0.4348089829427029,0.43526820995776705,0.43432442450357645,0.43483318128635945,0.4354320346901049,0.4341491383714751,,,,0.43451207375308804,,0.43450548403767303,0.4342520433457803,0.4343084845544067,,,,0.4345377737489754,,,,0.43448736511910496,0.4349725093471051,,,,0.43418808571210715,0.434988024412347,,0.4342484750090022,,0.43607800310425043,0.4344815439854716,,,,,0.43436330680848206,,0.43487766946182993,0.43479032286696984,,,0.43515243570340845,,,0.43502299001082756,0.43470427007210427,,0.43523249136740155,,0.4343681334278328,0.43385911570102736,0.43450651055329226,,0.4339874814926878,0.4353257796880265,,,0.43032797822933216,,0.6975653286553294,,,,0.6850738421889258,0.4165744712087229,,,
8,24,DG_48pct,96,Z15_F02,15,SLG_B,157130,165465,True,6733.186934959416,6476.566228871504,6321.747414722092,4479.68239065173,4431.624168677959,590.542617675946,56.45102185228751,2088.0108088959328,1871.1123880319642,1036.6663265460463,955.8187659541971,314.5046497408428,5.792794651123629,5766.173318497951,291.17376025137406,258.571591444235,489.54855729219685,200.70385649924512,244.93601507128852,309.0660335631313,,0.6331501259540006,,,0.6553305934869593,0.6818444394248014,0.5520408766633623,0.4337839569478221,,0.4315240564093083,0.40776064278535773,0.6868243625591677,0.686994097836048,,,,0.41402090205180936,0.581366750662632,0.5818507069729199,0.5812228909347659,0.434099101100272,,0.4342741295998629,,0.4207280294911854,0.4209775047556546,0.3766271028989973,,0.3752585606663329,0.3791855709534245,,,,0.37940412836719317,,,0.44066328366500085,,0.44128906730860473,0.4427603240362331,,0.44027931936798037,0.44203437387678635,0.4424618787247098,,0.4412442267722188,0.4408121194801151,0.44245723559321753,,0.4429786297015903,0.4411920986805118,0.44213517184728895,0.4407592924916241,0.4422142380162468,,,0.44125747113930824,0.6881286379366159,0.6891013735159895,0.43904877961477984,0.5724773600778843,0.6864268351496071,,,,0.6879092683115184,0.6893139049257476,,,0.6868909338412502,0.6885266417381426,0.6896599312083443,,,0.6875041441325194,0.6883605048579815,,0.6891940882850492,,0.687687662985839,0.6882862988083551,,0.6895464830914468,,0.6902340363643609,0.43212666598373856,,,0.5774026699233898,0.5324694165021769,,0.5332843717086234,0.5353667463596268,0.5359398756105758,0.5344117420544039,0.828391647216855,0.8319189606146696,,0.8266468632310042,0.8282236338992771,,0.8289397660475626,0.8308031244626906,0.8290079341469808,0.8303496435902731,,,0.8269533111366508,,,,,,0.8293367310867281,0.826466587492482,,,,0.8283345587529236,,,0.827648407094418,,0.8295289806873355,0.8305407808064778,,0.8262905659743793,,,0.8307109540298429,,,0.8281825925781474,,,,,0.8307972842995665,,,,0.6658538117335804,0.6673362412987454,,,,,,,0.66637785629242,0.666087242952865,,,0.6692900103149676,0.6672788766082867,,,0.6657995712735173,0.6648789226591036,0.6669694435484815,0.6658858364500441,,0.6664655353337308,0.6662735946173587,,0.6642971434340743,,,,0.6668695552032043,,,,,0.6641922953077696,,0.6666852313365138,,0.6656895837128562,0.6669732165188754,0.6647592557587579,,0.6671466993938361,0.5791772111375287,0.579392261120809,0.5802037938051235,0.5785804211834542,,,0.5782678821005226,,,0.5790457173504199,,,0.5787836372081271,0.5799541444217436,,,,0.5806472661129978,,,0.5808649072435574,,0.5791329351568273,,0.5773817143222684,,0.576189719632892,0.5777709591968802,,,0.5773542350857745,,0.5778917061015839,,,0.5818606888184755,,0.5785993069866826,0.5782755262328619,,,0.5776514510327027,,0.5788112391156933,,,,,,,0.5788864087574115,0.578856120556827,,0.5188742205812688,,0.5177249588911174,,0.8137550170816362,,0.5297627678551403,,0.5314883500047521,0.5300684364657403,,,0.817934314522297,0.8191483556335653,,,0.8212518136720686,0.816881351282155,,0.8198285912110572,,,,,,,0.8201823750929669,0.8191086436686025,0.8190267773114208,0.820620846388427,0.8197405769380233,0.8179148549721718,,0.8200512744784988,,,,,,,0.8163586459527958,,0.8182041141832707,,0.8173053724118962,0.8181772512450928,0.819010607844902,0.8182429335505433,,0.820238407164209,,,,0.8164821111039722,,,0.8179973773061991,,0.8153962261114103,,0.8180178340497554,0.8178646842567953,0.8172577427320458,,0.8194395757167862,0.8190443900499185,0.8195357667496758,0.8192113571793274,,0.8167718152665984,0.8196684908015667,0.8189277686679801,0.817785422142377,0.817547765486811,,,,0.8179909928310425,,0.818558136884032,,0.8160312767656793,,0.6599388090576743,0.6599220979942058,,,,0.660072583046819,0.6591212598380349,,0.6596157443862499,0.6601627467268206,0.6588401889765721,,,0.6562453922736358,0.6565275779737968,0.6583729127863068,0.6582650268774614,0.6601540655933167,,,0.6593691383831227,0.6594523148644177,0.6587259762826743,0.6575200404640626,0.6564439413434765,0.6571525524553352,,,,,,,0.6579889171343565,,0.6621313062486439,,0.6595894648815681,0.6615609043447277,,,0.6592382419922145,,0.661303247675869,0.6578656039567379,0.6580208897796402,0.6603779323748017,0.6609086631143446,,,,,,0.6583187142988676,,,,,,,0.6573835682428126,,0.6561059834947343,0.6603038301981713,,0.6578617828025138,,0.6584363207575015,0.6592499743514341,,0.658646926020604,,0.658234883141827,,,,0.6578311117190563,0.6576156045619426,0.6580830947420188,0.6585228909040276,0.6579711450747789,,0.6603653129178837,0.6574273507169613,0.6562957557460785,,,,,0.569526909163176,,0.8194949739962105,,,0.8184991976242801,,0.5269776780014639,,,0.5256765466107001,0.5252774516514364,,0.8198690777112256,,0.6601175068719328,0.5320725125555784,,,0.5223211038312434,,0.5245115041425775,0.5154982570372685,,,0.8351387092772007,,0.6682916512652461,0.8639393254746184,0.6019482054506002,0.6898275866553912,,0.6098268875344537,,,0.6142456895269346,0.6131688968893344,,,,0.6149432510499525,0.7053996114329641,,,,0.5729218866337412,,,,,,0.5712079683419733,,,0.5728024331046929,0.5721507681991159,,,0.5696635644338791,0.5715332834769815,,,,,,0.7174322259901452,0.7183991261816405,,0.8995978288394664,0.9025796749718799,,0.9013707388483672,,,,,0.7212478154214861,0.7220701052893517,,0.7229322733053635,,,,,,,,,0.5838248616806647,,0.5816505625172773,,,0.5835108279164216,0.5838419837401411,,0.5803488174588342,,0.5826900785647297,,,0.581701830016761,0.5831658541871437,0.5843012590456967,0.5836108188941412,0.5826743687516034,,0.5836777707874854,0.5819662767648616,0.5819673171744045,,0.5839520235002444,0.581403627908382,0.5836030501630509,0.5820280315220492,,,0.5816295969883744,,0.5810842021371704,0.5827887403953655,0.5831537962993968,0.5825190858252751,0.5832433246853007,0.5823077079106389,0.5821183418620539,0.5829151895133782,,0.581743954463685,0.5823863630435951,,0.5819081118290572,,,0.5840758147690394,0.5818295398161297,,0.5820883782464804,,,0.5595758580563331,,,0.5596182205854054,0.5585714382717655,,,,0.5577353614744753,,,,,,,0.8174136720378911,0.8159189982928097,,,0.8161127586241388,,,,,,0.8180167768494829,,0.8156286342027995,,0.81698873318617,,0.55992127249542,0.5584929163121838,,0.5613822132960431,,,0.5603646731856532,,,0.6600729259262684,0.6594458403739549,,0.6611135860836483,,,0.6602241426723847,0.6595105836013558,,,,,0.6602998131252823,0.818712885429074,0.818370504255209,0.8171068670448528,0.8165652286412127,,0.8183188719192949,0.8165811726503612,,0.8185635808173225,,,0.8192592656023451,,,0.8158125596319149,,,0.660980447052792,0.6616500884649418,,0.6609873452722379,,,0.5595243695130803,,,,0.558743386046047,0.5601321310634411,0.5589244225052349,,,,,0.5582261734898296,,0.5598876825927734,0.5586479876805525,0.5596574568134122,0.5616170827837944,,,,0.5592667515664866,,,,,,,0.6618394054576828,,0.660900119711054,,0.6618004958195823,0.6627737450236755,0.6613164783099063,0.6608051600395215,,0.6601544375418452,0.6620627741425871,0.659188151281886,0.6615079537123776,,,,0.6612008628304463,0.6604803890099392,0.6633049583029167,,,0.6617415034149751,,0.6613414538708078,0.6612879729950586,,0.5413880597053764,0.541645656379932,0.539832663245966,,,,0.445605239233733,0.4456270260672192,0.44636856267901315,,,,,0.43416822040213654,0.4351754804592977,,,0.4344972882043476,,,0.43456436960389666,,0.4334634298806757,0.43424087013219725,,0.432680719051851,,0.43490345478302606,0.4354912256957324,,0.43517529006688055,0.43441034189533656,,,0.4346544930597663,0.43453549510316136,,,,,,0.43418852700175714,,,0.4350290295467348,,,0.434031991485933,0.43498720956249237,0.43505580929541865,0.4348747591409405,0.4353287265378793,0.4348984016522532,0.43491924679014227,,0.43529860084210215,,0.4345853451024949,,,0.4349484302257972,0.4342462066417574,0.43394134253601024,0.43453551835451826,0.43529196297237577,0.43440263266089935,,,0.4328099690588332,0.43444143062696955,,,,0.4342537691647711,,,0.4340405745373188,,0.43394806346303844,,,0.43484529449531756,,0.4330941622004428,,0.4350378716470361,,0.4342676397334583,0.43465201015442334,,,,,,0.4365010984054304,,,,0.43528070311425837,,0.4343082232415678,,,0.4343806992115502,,,,0.4358297134086989,0.434791614238795,0.43476822955548916,,,0.4342492169908053,0.43393706579567887,0.43351026873359144,,0.43509226196337797,,,,0.43519253943238584,0.435497714042189,,0.4350996296703506,,0.4348112584935946,,,,0.4327863364888165,0.43536208551085975,,,,,0.43530466132630263,0.4345454915172047,,0.4353766804391501,0.43451977475747666,,,,0.4350673194713502,0.43442857881921165,,,0.43507644650285715,,0.4340878239024388,0.4345242586735763,0.43412635667138366,0.4337206387924591,0.4350133168314397,,,0.43422523010508046,,,0.432638451276475,,,,,0.4336545868254229,,,0.43556597542971903,,,,,,,0.43406466778203284,0.4347596124623451,0.4348174777390948,,,,0.4313052176126042,,,,,,0.6867068922222974,0.41679632753163426,0.4171666202405104,0.5803996288558603,0.5804709646047409
8,24,DG_48pct,96,Z15_F03,15,SLG_B,157128,165461,True,6853.743697938063,6634.778033207891,6488.470828430306,4427.375153455743,4373.843341470213,587.1133833701631,55.53233314508028,2080.7662539765065,1858.6936879755224,1017.5862071860141,949.9460573349073,316.61079639714865,5.738586657380436,6707.440924037354,317.299461830135,255.52079212503793,486.7769304874498,199.30617173968358,242.79010331663983,308.06883597339174,,0.6134749534363785,,,0.6334545058680712,0.673629341292239,,0.3978930245908382,,0.3988169118120932,,,,,0.366131927105315,,,,0.5708231367335318,0.5702946881927317,0.39806020310544266,0.39815951291488283,0.39767209183557134,0.3866224861091545,,,0.36052916991679906,,0.3587741536175871,,0.3641100036118647,,,0.3641445366392129,0.36402884353799414,,,0.4034127926206614,,0.40290344207108053,,,,,,,,0.4055535078196572,,,,,,0.4054660469085803,0.4047901075840855,,0.4045956083977928,,0.6900318613509586,0.3936617342079419,0.5584144253848792,,,0.6889064293423579,0.6880030867787325,0.6886863393945993,0.6888694725420421,,,,,0.6892774281132042,,,,,0.6883005173570248,0.6889923242403141,0.690544717160112,0.6892863043808307,0.6901595330645918,,0.6899662055675415,,0.6883637248991124,,0.3949875631245085,0.3956990012830401,,,,0.48950073201809186,,,,0.8247441501791934,0.8246751012610573,,,,0.8232829395285223,0.8256064714889099,,,,,,,0.824438597221994,0.8271326777916072,0.8262527601213078,,,0.8246769128718826,0.824080422472196,0.8250906131334058,0.8231820911325006,,,0.8234400666411303,0.8236451253807658,0.8253738993513888,0.8249594149611496,,,0.8239020715485528,0.824066258584078,,,0.8231579375967449,,,0.8227845112711806,0.825039710413832,0.8238568176188559,0.8244706934948414,,0.8241391290605931,0.6507641457252232,0.6524651664679981,0.6506617887722446,,,,0.652606322016591,,0.652176100363282,,,0.651433951878594,0.6511063825430924,,0.6527127315679633,0.6508705199220891,,0.6505546810554106,0.6504825111091812,,0.6501866890819487,0.6509611984926126,,0.6526900543748555,0.6525732286926048,,0.6509959215411185,,,,,0.6519203728586079,0.6526767006818713,0.6505753970274072,,,0.6502794510081845,0.6525928805935167,0.6518237498941782,0.6505471445904829,,0.6514493025356776,0.649799058840193,,0.6489065068318969,,0.530346570224191,,0.5328201122261281,,,,,,0.531311870999071,,0.531771883084866,0.5313892571136574,,0.5340959950995781,0.5328962985049174,0.5327728705830618,0.5324436441971597,,0.5336340116778041,0.5332688333499849,,0.5316807178720959,0.5328989961063304,0.5348702668081039,,,,,0.5333178543045035,0.5308533548639046,,,0.5328042106580849,0.5324289892094823,,0.5316715156626463,0.5331888248690012,0.5329419132463477,,0.5321654629852958,0.5319304418684551,0.5307270935849079,,0.5337064005616445,,,0.5320608773244575,,0.5326678323380303,0.5320123783232089,,0.5326317403105483,0.47616445186255635,0.47546418839033344,,,,,,,0.48666876713435425,0.4882392485536709,0.4888222600919887,,0.8161138000397223,0.817654857786729,0.8156998611655755,0.8149976022783052,0.815957514718492,,,,0.8158686300663213,,0.8165613890479593,0.8175489729776177,,,0.8128075395445346,,,0.8140186464880487,0.815832514647011,0.8150132630440758,,0.8122973667952578,0.8145013738570501,,0.8158872500005591,0.8134415936528728,,,0.8161212601937271,,0.8152327226930374,,0.8178004506834953,0.8130045793071831,,,,0.8147286341251307,,0.8134421336191243,,,0.8147762433627409,,,0.8154493979889941,0.8170717677911197,0.8170065661301048,,0.8176976327955608,0.8158620964677639,,0.8162249077528154,0.81735666295901,0.8163732608893182,0.818960336901646,0.8161378033930992,,,0.8167274527014574,,,,0.8156111813277949,0.8160643804585577,0.8161324781089614,0.8152137573194362,0.8151205016580894,,0.8139860245293035,,0.6458006698671418,,0.6463126298543427,0.6457740935139276,,,0.643626022303678,,0.6452758889240326,0.6443263198162418,0.64509334229324,0.6431702760134963,0.6425912177121986,0.6435887027079716,,,0.6436072410904958,0.645337648800209,0.6419136999649246,0.6442045899302986,0.6433990543101559,,0.6422363488276633,,,,0.6430675664257507,0.6443496443406621,0.6440672252738527,0.6448442782949074,0.6420811979118058,0.6417960318094862,0.6450104777435274,0.6442538303866944,0.6441650548464826,,,0.6447723377389085,0.6452589997112201,,0.6428883477721814,,,0.6442900166148219,,,,0.6438417403965001,,0.6462477401633979,0.6457602252613943,0.64537980812675,,,,,,,0.6438720345430167,,0.642871620400304,0.6453756413953988,,0.6454807111601836,0.644523281813202,,0.6427755385560089,,,0.6439944163246814,,0.6451931783441472,0.6442928338271349,0.6431151593225628,0.6434989837473338,,0.6440150556336829,0.6422176732228768,0.6435325863422128,0.6435515627975941,,,0.6445257147689879,0.6446377913828781,0.6431589535883836,,,0.5226456256390485,0.5212186609049135,,,,,0.8182088555597008,0.815673494702879,0.48301775157461957,,0.4823433798115153,,0.48346611114085886,0.4839209415382283,,,,0.49075247447767467,0.4905232808981905,0.4892030742162993,0.48260859485122043,0.4827032112732715,,0.4745374861788103,0.47433146214177246,0.47414669109792645,0.8305317712000488,0.5362880006283622,0.6530346750045822,0.8587561174580015,,0.6734161770950015,0.8681890829093035,0.5603848384368337,0.6830486228657935,0.5660504781733849,,0.5657977870948587,,,0.8762732877753265,,0.689621140043113,,0.5718725024388186,,0.5264797545208699,,,0.5243301963852038,0.5245764546241276,0.524039471437557,0.5238182018636253,,0.5251159529634011,0.5242125702911143,0.5266130796386062,,,,,,0.5245399698651918,0.7030423147881859,0.7013600807560629,0.7026383202657679,,0.7021363521415707,,0.9011598661665332,0.8993666148048478,,0.8965682061985131,0.5794200057403751,0.5811839881808523,0.5796114094818755,,0.7054535899189607,,,,0.5360844669098689,,0.5361995330327114,,0.5355235148998494,,0.5355407713261274,0.5344840303029852,,,0.5353275079620993,,0.5348869117943602,,0.5362561300277954,,0.5360523075683412,,,0.5356975252881052,,,,0.5343420899084889,0.5355278043528521,0.5338898976866694,,,,,0.5345621489945384,0.5336406941087619,0.5342112448510945,,,0.5339351935528528,,,,0.5352718043675532,,0.5352242299702424,0.5357756636647761,,,0.5350633950076902,,0.5336898153503202,,0.5357789497124922,0.5351231514835765,0.5339063425751868,0.5348481865380306,0.535492678916462,0.5353105524072347,,0.5354414978852383,,0.5349273344820833,0.533203903479056,0.5087811365243878,,0.5107462049035589,0.5114758699418399,,0.5117391505033567,0.5107223607165549,0.5112498240936686,,0.5095857139814982,0.5100084593103515,0.5125496676937543,,0.8147939331334676,0.816145052546592,,0.8152618639936365,,0.8151474773908053,,0.813442228259222,,,,,,,,,,,,0.5118212030463215,0.5117035275335524,,0.5108846625383996,,,0.5108039449464724,,0.6471495605920191,,0.6439196555351183,,0.6448232504267113,,,,0.6454290780846129,0.6449953683433232,0.6446330820903772,0.645261614755935,,,0.8148076295720842,,,,0.8154051162943083,0.8164986863750247,,0.8156389827822327,0.8144664798799368,,,,,,0.6455598416747785,0.6452154511208127,0.6468317863869597,,0.6472828955877339,0.6475961412437364,,,0.5113677630631708,,0.5113178130792289,0.5124715482846783,,0.5106815030256114,,,0.5104309354203959,0.511625300337761,0.5116377395227094,,,,0.5116691561082989,,0.5117664926429001,,,0.5104059825355686,0.5120835112305526,0.5116250933818615,,,0.5107617229306425,0.5117651965453951,0.647564188283334,0.6468856844684888,,0.646746516788193,0.6470757151513489,0.6448572674016743,,0.6453101822094144,,,,,0.646851754181791,,0.6452349928541992,,0.6443968380935541,,,0.6474095237377947,,,0.6467011001393818,0.6475815909971778,0.646854669149638,0.6462071286688988,0.49613059701947987,0.49703324256051723,0.49689627129557984,0.496879692655937,,0.4977296320061438,0.3991180213884672,,0.40878532218209246,,0.4086700007720971,0.8908441488492431,,0.39876965963201977,,0.3998601332553093,0.39925432773096575,,0.3981545999200554,,,,0.3989738980641534,0.3995971488277922,,0.39965518297375047,0.3978900948216039,0.3984064218100309,0.3981985216468177,0.39793245516797743,,,0.39909749245519227,0.40084827354603436,,,,0.3985398704535755,,,,,0.39921717132261997,,0.39808574282730036,0.39896980997867326,,,,,,,0.39793203217448636,,0.39829649775169124,,0.3993394079444937,0.3984630775697521,0.39957841605646954,,0.3995068162635703,0.3986357812003273,,,,,0.3986731928102801,,,,0.3972364187131195,,0.3986655187197826,0.39896898554999616,0.3994810990304309,,0.39806951852906214,,0.39924160783967555,,,,0.3988232175192619,0.39761948207738174,,,0.39927489694805934,0.39890190784944163,0.3979429603146165,0.3989921615594961,0.3983634017896838,0.39920116812516404,0.3991521176702686,0.39850395184918475,0.3991120819060738,,0.3983719734347044,0.3994293912518165,0.39876667610096284,0.39893266236839614,,,,,0.3990280674920646,0.3990259736888295,0.3978867413642477,,0.39838068846187147,,,,0.39970073068995055,,0.3985896683260365,0.39893905329535867,,0.3998169905637395,,0.39761632291854365,,0.39833265748103774,0.39850441308861756,0.398365786729819,0.3976275917404129,,,,,0.39786736887504875,0.39953386697413906,0.3986042011047568,0.3997286777111564,,,,,,0.3989693010280521,0.39829889499126353,0.3986081778448791,0.39918353174603716,0.3983444701596048,0.39859530016365896,,0.39804824399350686,,0.3979845057124897,0.39959817390815694,0.39830956612773166,,,,,0.3988676897441665,0.39887593073152094,,0.3984277878427058,,0.3971018754792814,0.39884024823352454,,0.3976064863494838,0.39877137355855224,0.39886577430773357,,,,0.39807508040541456,,0.398777980272489,,0.4006653751034407,0.3978048192452023,0.3996592449007351,,,0.39941553685506,,,,,,0.6975476665972111,,,,0.6843728456986758,,,0.5717602864654694,0.5715898882336619
8,24,DG_48pct,96,Z15_F04,15,SLG_B,157130,165465,True,6669.734001967923,6506.02023823889,6296.36360642034,4456.349548257542,4394.723118591097,589.2704179578978,56.54193891190921,2093.332587379338,1861.4236197419955,1032.1480078237234,956.6746751664285,315.38479905742804,5.8488900301161175,5760.930575326514,292.3489483244408,259.3186565544163,489.3485096161977,200.06300924525593,246.3304609915607,311.257943534212,0.6337457184290733,0.6320972955449506,,0.7781495550963312,,,,,,,,,0.6857169698941844,0.6872636311758675,,0.4146781521331461,0.4150124716717513,0.5822354544309003,0.5809415955892145,0.5814705581579037,,0.43438688006361975,0.43283206913246364,,0.42094461993359455,0.4208658095000777,,,0.3745135597173613,0.3800229293934181,,0.3786946900990037,,,0.37920388273944466,0.7044348151020563,,,0.44011561574528546,0.44227397096121424,,0.4422334528757414,0.44063989425364397,0.4417516375344106,,,,0.4439135215285918,0.441766707032749,,,0.44273305804817586,,0.44367053378708754,0.443265634618851,,0.44150401572275183,0.6880896808641829,0.6913432153156988,,,,,,0.6871513480582213,,0.6875421397542085,0.6888700875543877,0.6891783279881005,,,0.6896286228005994,0.689095982799469,0.6896852536372936,,0.6887476114534402,0.6894638597408452,,0.6888869500475063,0.6883667367539761,,0.6870981279419978,,0.6897512875308832,0.6900426159224324,0.43207561340448547,,,,0.5324891086083771,0.529781205142189,,0.534020078733112,0.5354524515841075,,,0.8309033201840209,,,,,0.831092112631631,,0.8315813629758458,,,0.8270050650039419,0.8290255301212047,0.8279038083242277,,0.8278680360847133,,,0.8283558793838421,0.8276380689025398,,0.8273868740404766,,0.8288397108111605,,0.8290587579338484,,0.8281083689071438,0.8276826152186758,,,0.8277448052773669,,,0.8255759821164821,,,0.8271767497304456,,0.8260289544734242,,,,0.6635941382448305,0.6659866687765342,,0.6660243923931254,0.6660030958978385,0.6660939894652405,0.6653180140682214,,0.666122028459746,,0.6668279915597333,0.6662489886471819,,,0.6649273389403633,0.666176765347745,,0.666263353004372,0.6665301613435495,0.6658061715711306,0.6658053243514327,,0.665474120561111,0.6656970384840738,0.6650122503962699,0.6664214527649516,,,0.6650215509900455,0.6649827872441866,0.6666374474094486,,0.6660283793397648,0.665216960956046,,0.6666551808091902,,,,,,0.6659367318368337,,0.6657685120124217,0.6670189264394418,0.5789809999352323,,0.5784332035985361,,,,0.5784843693975994,0.5779944765418907,,,0.5794783347920243,0.5809427105216614,0.5801854046218786,0.5790275923893475,,0.578755523130586,,0.580476446689035,0.5782175212582855,,,0.5793198173972841,,0.5781655038832598,,0.5773950259131633,0.579026311404681,,,0.5794090945610487,,0.5787283248777683,0.5807861292886536,,0.5787435305489204,0.5795598471022216,0.5775035268018367,0.579088755753752,0.578168481268589,,0.5796824618809998,0.578381297364206,,,0.57959457809912,0.5784543844120487,0.5784303185880523,,0.5779896071040721,0.5773747586076062,,,,,0.5178408379864334,,,0.8120720538858427,0.5311697842123488,,0.5319215439021777,,0.5295233743662743,0.5321084125576109,0.817810013123734,0.816864737707158,,0.817707132422028,0.8173463619103946,,,,,0.8170777713215357,0.817329630324146,,0.817375374460151,,0.8194249244751578,,0.8197471073180689,0.8178621786759165,0.8193679262775897,0.8174673779887491,,0.8191943989846182,,,,0.8175794504572217,0.8180810800700794,,0.8171315916487626,0.8162437179750933,,0.8169893474563552,,0.8183891537235407,0.8177105311668997,0.8197707852965438,,0.817437311154364,0.8168358971238452,0.8163618002763986,,,0.8185122094279884,,,0.8172984360961777,,0.8186512086094874,,0.8214217304950271,,0.8198998772821126,,,0.8192685409487632,0.8179191468896594,,,0.8214984761256067,,0.8173938740992401,0.8176642412881646,,,0.8178813320978888,,0.8185027183126117,0.81621097659999,,0.8184951831586826,0.8207571953242053,,0.6603482193270889,,,0.6581934184459185,,0.6580690346073311,0.6598391170170241,,0.6584499244116782,0.6585490745845881,,0.6592727020552912,,,0.6594053703406463,,,0.6590974671037051,0.6580527855929943,0.6565197092237582,,0.6564762284189827,0.6556597042636895,0.6549224750666501,0.6585993727114766,,0.6587774082877584,,,,,,0.656955995134282,0.6583752475902215,,0.6582016945187625,0.6598796495925,0.657242533257527,0.6569032395220947,0.6588379122303124,0.6570276972422503,,0.6591997913218862,,0.6575791940901111,0.6594600670197206,,,0.6606317831859503,0.6599276303926075,0.6588792261340258,0.6599850581664515,0.6608411873824458,,0.6573511307934774,,0.6599832674589783,,,0.6574003089245772,,0.6572826350438393,0.6556099275345902,0.6578651993946112,,0.6589719504982784,0.6579670093453608,0.6573039714584974,0.6585616715941129,,0.6578294690910721,,,0.6595917864687821,0.6586978719624331,0.6563000416879817,,0.6589013323156149,0.6613666255078536,0.6605562452268602,0.6578324712982488,0.6579581813683743,,,,,,,,,,0.8246804120084823,,,0.8204807104572318,,0.526372545461353,,0.5244173366601778,0.5256085544070783,,,0.5734229779405303,,,,0.5303506060267642,,,,0.5154885892416154,,,,,0.6684817065538027,0.8610968778167797,,0.6903636830665995,0.8701940424081571,0.6075601142691623,0.6967837634723623,,0.6137671262552048,0.6139205322146358,,,,0.6164755580992359,0.706640846292983,0.6209853056637233,0.6220469765363942,,,0.5736779705024273,0.571992517412883,0.5718103028412072,0.5739284674072097,0.5729270225109709,0.5709808211144833,0.5703444578784016,,,0.570928387590283,0.5719012406832261,0.5714558228308834,0.5706965073539536,0.571187856415011,0.5720211030808031,,,,,0.7187569690168111,,,,,0.9021302706234935,0.9024615581620009,,0.6292768419673204,0.6307291455555795,,0.7207586720299087,,,,,0.5824358176348174,,0.5840669373420634,0.5830736169905819,0.5819344501375905,0.5832107734494034,0.5822138971181864,0.5817301968533881,0.582891774840046,0.5823166626877363,0.5814630851330483,,,0.5814756762384746,0.5827465594438072,,,,0.5830567189395487,,,,,0.5810823087031558,,,0.5808496982689185,0.5829956340716078,,,,0.5821067422718684,,0.5811594752165017,,0.5817148220057455,,0.5832123992851546,0.5816984587039173,,,0.5825594392939881,0.5831862084491269,0.5826031572512244,0.5827822349795069,0.583155305897153,0.5821161384287261,0.580608350924283,,,0.5824105713921572,,0.5823773555055125,0.5821458124841817,0.5817927239974704,,0.5832162810972099,0.5814822385453199,0.5825637388620211,,0.5594953561895933,,0.5579954248755524,,,0.5580410911971677,0.5571450599840214,0.5588127661669025,0.560613683351167,,0.5572277060416804,0.8182309914740212,0.81917433536924,0.8169746135202118,,,0.817164554202388,,,,,0.8177204480110642,0.8185257993352519,,,,,,,0.8168255843926381,0.5596479286907857,0.558778678425581,0.5609251977229431,0.5604664619300865,0.5605877950074721,,,0.5594108949110874,0.6621410041608734,0.6594924003564303,0.6582823688911327,0.6599491940498854,0.6608494436116898,,,0.6580435844663337,0.6582770721628808,,0.6633043923110089,,,0.6601622109837292,,0.8142351661218536,,,0.8178919211213611,,,0.8179786126077938,,0.8153293627466363,,0.8182226262961377,,,0.8143244084810113,,0.6604825921181937,,0.6607353052563332,,0.6605136920166896,,0.5583794086425294,0.5577716782073368,0.559474310788707,,,,0.5589414333471135,0.5586566611634652,,,,,0.5585152915291002,,0.5584789879335387,0.5580038572142475,,0.5587433461008893,,0.5588438870303393,0.557568383051023,0.5587758817209655,,0.5593726493667639,0.5582655951047536,,,,0.6635209040286926,,0.6604271964271307,0.6612991986445158,,0.6606725138890603,,,0.6623395862389824,,0.6588514699068975,,0.6607874782580537,,,0.6618051025655275,0.6620363181580149,0.6626741191430278,0.662680006847954,0.6617689577839849,0.6625449734128097,0.6595291674729153,,,0.6609438483689473,0.541500847478669,0.5401080933103737,0.5394326613588238,,0.539957344567634,,0.4439596753326212,0.44528345313167167,0.445282006408254,,0.44592090366432396,0.8935966034312093,,0.4347272292942778,0.4346224644011434,0.4351057074734766,0.4351154644244824,,,,,,0.43469594928798266,,0.4341341192759417,,0.43608835758979925,0.4332187147904418,,,,0.4354932818965023,0.43506698693321494,0.43474009886281967,0.4352212169543047,0.43489812300253844,0.4341112588765771,0.4347427957083332,,,0.43326586885661766,,0.4346962535648443,,0.4352832448135014,0.4333965519378682,0.4349627642586272,0.4348972971778674,,0.43484148215206664,0.43290388847580485,,0.43528974157250694,0.43401803577676645,0.43525559753975884,,0.43340696232667186,0.43505976246717587,,,,,,,0.43417171645316305,,,,0.43329523138875814,,,0.43526142523465194,0.43419798601873943,,0.43496325196223207,0.4343686612643754,0.43552429538230725,,0.4350591609343001,,0.433830531899784,,,,0.4346224622128438,0.43424884989073603,,0.43364846913418403,,,0.43431884881698635,,,0.4345072534100725,0.43416100123481066,0.4345882984399636,0.4351425970575948,0.4341495546401154,0.4357433656898079,,,,,,0.4341218379186461,0.43512652989438805,0.43462380105037846,,,,,,0.4333194092148764,,0.43494423621732653,,,,0.43384237517422186,0.43562356671577795,,,0.43477939295686013,,,0.43403124770884083,0.4332927330627347,0.4355770549598086,,0.43425899127354156,,0.43403199963853545,0.43461465778043695,0.4333204450558481,,0.4333012345724474,,,0.433409598572739,0.43509721049515204,,0.43371063610806365,0.4342338428928378,,,,0.4342184895338609,,,0.4342720857326707,,0.4337518256603165,,0.43578208049641864,0.4356314192197189,0.43557096733861755,,0.43386371218277875,0.43536036197082634,,0.4344705781366248,0.43431160036051625,0.4342394601559923,,0.43593267137369296,0.43272591406935096,,,,,0.43473423031676794,0.434522634919115,,0.43412984553775513,,0.43512990408603053,0.4357311202067641,,,,0.4307819762139795,,,0.697148114937753,0.4378545893584147,0.5827128636627792,,0.68657262939631,,0.41711633590870173,0.5808128870716436,
8,24,DG_48pct,96,Z15_F05,15,LL_AB,157131,165461,True,7846.593674031373,7842.710924658423,7839.274362286337,3890.5720903539673,3798.9921894408712,530.005482991624,51.11895790860596,1718.9245253175736,1555.8952373740774,854.8318398465158,787.727390051121,259.29093866939263,4.701821799748576,7920.098850021665,232.47252452861568,230.25627994942172,415.3047369417366,170.60871233557273,212.98091638449407,257.06468450741494,0.5817956092353439,0.5816366339591164,0.5832268751480971,,,,0.41070191949280244,,0.3014488142664469,,,,,0.4113645449312312,0.24412846455474743,,,,0.6196499066089992,0.6209690619910523,0.30096591344085244,,0.3013902127059493,0.22993212084597314,0.23037434853152391,0.2307766821451145,,0.00010442873234706318,0.00010450033797847988,,0.00010583649231731324,0.00010574099501161434,,,0.00010573716760699222,,0.3060251648550983,0.30563765026393774,,,,0.3065836243709645,,0.30580239995318803,0.30540778047494366,0.30703831495474726,,,,,,,,0.306752739282728,0.30637092409711747,0.3057023723389452,,,0.4406292456719232,0.2438112816219216,0.6027896180970357,,,,0.44132715620030716,0.4406611787825552,,0.4413523056646298,,,,,,0.43996992576878613,0.4413554741771206,0.4400707992567792,0.4397238232533961,0.440254812709152,,,0.4410289636361619,,0.44104236955170206,0.43948931751226833,0.44107951928716765,,,,0.3016182661652624,,,0.37124909889534574,0.3711720041295052,0.3714369414817249,0.37265968840406544,0.5881777161785857,,0.5899879424957342,0.5905252595803684,,,0.5879034822929308,0.5895536709294951,,0.5888198056811295,,0.5875982930034074,,,,,,,0.591304645884739,,,,,,0.5878800898814993,0.5875013779226533,,0.5885400090131344,,,,0.588101625218185,,0.5873780701278117,,0.5887928439463365,0.5877471809364859,0.5866444497137129,,0.5882510129650411,,0.5880626566626732,,0.6860104902766201,0.6855939143281564,,0.6855814783672763,,0.6863095968361789,,0.6853474969738321,0.6866589449013858,,,0.6867297743904965,,0.6862337151102751,,,0.6848515704009603,0.6858619263508073,0.6851119482329705,,0.6873041536830746,,0.6850781280030822,,0.6848276597910609,0.6826851478756626,,0.6864693419504228,,,,,,,0.6854894689205911,0.6859612646311898,,0.6851506308966946,,,,,,0.6847239409978491,0.6853744049241725,0.30322639636759025,0.302678049116857,,0.3020207273416437,0.30296726732116175,,0.30280470520818253,,,,,0.30374981128569123,0.30306654099686353,,0.3035368679705609,,0.3027762006264478,,,,,,,0.30358175030938006,,,,,0.3022595071717026,0.30255173422226844,0.3027478994635716,0.3030781312872437,0.3031251712429452,0.30314833106523903,0.30322196124735423,,,0.3020927251023039,0.3031749354667055,,,,0.30350690703269895,0.30394928275919264,,0.30402338625795294,,0.30206137133551797,,0.30337823856019547,0.3029872403977687,,0.30241585984934766,0.3634272223789886,,,,0.5785793783202314,,0.36859676330930763,0.368578234418463,0.36782463154630285,0.36955147508891767,0.3698040229554573,,0.5739814004581624,0.5720504648515552,,0.574014116847375,0.5750127956892225,,0.5727805230782845,,0.5717354494847022,0.5720130314768012,0.5735065723058026,,0.5737774384734821,0.5724775399689107,0.5719615993849946,0.5739679837809057,0.5736114019910057,0.5737174581633363,0.5751259419560253,,0.5728885091653574,0.5729413863687994,,0.5725492060342511,0.5732856464108987,0.5723259820646964,0.5743390104703369,,,0.5736017690775689,,0.571886603346818,,,0.5728841740192055,,,0.5723001371060182,0.572353097284524,,,0.5750457949447675,0.57513523317999,0.5761883243981094,,0.574637847354904,0.5756931588341826,0.5747892745495295,,,,,0.5726157512314145,,,,0.5747187080469498,0.5747397477322677,0.5763868648787753,0.5751494223521211,,,,,0.5751011184923238,0.5753789460488925,,0.5745651059430933,0.5747249059089271,,0.5752711624922285,,0.6815922071858764,0.6814648044728953,,,,0.6817215672109204,,,,0.6815529903197193,0.6821318873326927,,0.6804756736265973,0.6805687803695285,0.681548072505688,,0.6804874769321426,0.6816065290040343,,,,,,,0.6800995562662023,0.6836060749979052,0.6822568593331899,,,,0.6798712847834392,,,0.6814677388778613,,,0.6818453275075428,0.6801195111128214,,,0.6835245289029203,0.6834323088973828,,0.6829728951488153,0.6835549735321943,0.6812440548963459,,0.6823229776584974,0.6834380986784948,0.6816688548210988,0.6814314200429991,,0.6808816560837383,0.6820701676619197,,,,,,0.6797754420352842,,0.6813034144111478,0.6799171705929524,,0.6799623745440986,0.6815275815745769,0.680096766943621,0.6805107562716212,0.6796888881972593,,,0.6816870070490805,,,0.680796928160966,,,0.6802403434729861,0.6807630802829083,,,,,0.6821151343778008,0.6827863378931761,0.2996557332952172,,,0.2999569050156617,,,0.5748747530764791,,,0.36827134219284646,0.3679335036012913,0.3681045946265384,0.36780054159866743,0.3677352165949848,,,0.29965420774288093,,0.37119056409133544,0.37112487121371035,0.3698642483531362,0.3693337535857726,,,0.36466214324071583,,,0.5946135819907652,0.3045792329805009,0.6884996634387939,,0.3152924916467108,0.710417386280603,,,,0.3223112348200959,,0.32186705152959316,,0.3213126014164702,,0.32116506497658065,,,,,,,0.3969272466137306,0.39622019153432053,0.3954650910682946,0.3948344006279569,,,0.39533127772204624,0.39739635422140734,,,,0.3976205857470693,,0.39593573111547486,,,0.740797393261671,0.7405289222885607,,,0.730820723002387,,0.6410205934965729,,,0.32925892383676325,,,,,,,0.7416796410600576,,,0.4038020010195965,,,,,0.4037440939404255,0.40490733279267577,,0.40309181573495284,0.403060274728799,0.40368267773912025,0.40342822171721887,0.4041361914293416,,,0.40448569227811554,0.40332763948573136,,,0.40353177702371945,0.4041701049018108,0.4034780339937813,,,,0.40424407280668306,0.40312198108771774,0.4036393469911221,,0.4035927018487212,,,,0.4032220805777673,0.40438808615206495,,0.4029787552715125,,0.40228474137794207,,0.40309603322390813,,,0.4021591551776852,,0.40363862744481194,0.40323550025420407,,0.403480106567895,,,0.402876423003649,,,0.40286362011823057,,,0.404295812336314,,0.29586621216470294,0.2954952992312203,0.2957867430798069,,,,,,0.29526459890563445,,0.29565393347734464,0.5680227835385622,,,0.5666650346738578,0.5667624900667996,0.5675445809133044,,,0.56758127090718,0.5653996198577389,0.5660308371257747,0.5662222676672044,0.5668631737035427,,0.5663800391047724,,0.5663188634232341,,,,0.2959054381807374,0.2949300764607786,0.29608693563263516,,,0.2955090740723186,,0.6842621973346132,,,,,0.6838908192364175,0.6852513609026566,,,0.6870948019482741,,,0.6851972501709266,0.6848769766139657,,0.5666070660499678,0.5661945441364238,0.5656222190301572,0.5652456936218528,0.5665356309736199,0.5657568521222672,0.5669874601574089,,0.5666695554941158,,,,,0.5646247813889909,0.6863310489245373,,0.6841501044281,,,,0.686895495133936,,,,,0.295934827410306,0.29554568338556386,0.2965540907104931,0.2962437681504623,,,0.2957498768299077,,,,,,,0.29554221308124834,,0.295213523001176,0.2956810155268111,0.2969191842688027,,0.2952303765418955,,,,,0.6873573618495442,,,0.6871224897535285,0.6840603877336462,,,,0.686336707719504,0.6824921925598,,0.6846881096201856,,,,,,,0.6867174930037495,0.6878002383593358,0.6861376340888283,,,0.6850607345383665,,0.37514885436506373,,0.3744403873450098,,0.3751652240311475,0.3744907656755768,,,0.30903957284647243,,,0.637388532657795,0.3009410208319115,0.3013491505702316,,,,0.3015569190924485,,0.3019323581082054,0.3015946194982354,0.3020174795855608,0.3013032391646001,0.30075119227353253,,,0.3010897381803357,0.30078366085961433,,0.30150281193691986,0.3005575871217955,0.30213472863115887,,0.3008615658062746,0.3013479225989911,0.30114101218249184,0.30131138227338067,0.3011735308498749,0.30178148736803173,,0.3009719473410009,,,,,0.30244842727370774,0.30164462899071354,,,,,0.301248080328877,0.3008322370159176,,0.30124314564685617,,0.30144700738910557,,,,,0.3017806539863529,,0.3017838266103403,,,0.30123496490662177,0.30172864867133714,0.30169915336122866,,,,0.301811116997185,,,,,0.30173917888452445,0.3014848115581889,0.3014731066244889,0.3004944510466798,0.30152381184842236,0.3014775522083981,,0.30132660491672725,,0.30217581397446336,0.30124197000090086,,0.30172479166762006,,0.30136215508798736,,,,0.30131106321149714,0.30037829860241483,,,0.30144225635072697,0.30162520182269603,,,0.301938721569562,0.3008499530300715,0.3016831000764472,0.3010959847705387,,,,,,0.30141503003306735,0.30106789078036755,,,0.3012125363248252,0.30057443938353934,,,0.3016898740530199,0.30209075380703987,,,,,0.30137877887081993,,,0.30150971367281104,0.3020101807589257,,0.30179530290259965,0.3012224192235819,,,0.3015962870990394,,0.30106032917272,,0.3016086019826325,,0.3010943030013334,0.3018976338680896,,,0.30241507621834657,0.3014041594387734,0.30160653286531647,,0.301952395969985,0.30168194954373295,,,0.30065146711903223,0.30079047411407533,0.3014522330726195,,,0.3018004340963456,0.3014037619009132,0.3015903993141445,,0.3010531955613561,,0.30175989093780786,,0.3016480332527673,,,,0.30103705075564785,,,0.30221949098873735,0.30134391898961105,,,,,0.2986789657741941,0.2993905717911169,,,0.24893814099665107,,,0.4127819003509081,,,0.6219139267758995,0.6182176451024833
8,24,DG_48pct,96,Z15_F06,15,LL_AB,157130,165465,True,7386.5444916612005,7345.76977453002,7369.604563685899,4001.873337183566,3917.640404642363,548.928632267404,52.64984992238488,1782.5733755437639,1606.0293888493427,879.7510063788724,815.9047235049934,268.85618310772617,4.964372160385096,6933.244018313016,217.04000292742717,237.29126226027296,427.57142856632976,177.38940565717505,218.6938636705736,264.33350760630236,,,0.6111614928744662,0.6926632887787991,0.5616951389749039,,,0.3516048829052417,0.35355647623998077,,,0.460373849523448,0.4606762531436834,0.4619025860043739,,,0.290560732370342,,0.6269351778572516,0.6290180472261849,0.353028552815388,,,,0.2874110855872082,0.28795916659061077,,0.013643111230021045,,,,9.55151340967438e-05,9.60649076341486e-05,,,,,0.3587436908250245,,0.3576574042973126,0.35755611968977324,,,,0.35810706720883434,,,,,0.3587781648050961,,0.3580385856347421,,0.35887272031991374,,0.35815534802856447,0.3576081109989847,,0.4860536365106485,,,0.48677828644148136,0.4876820612640732,0.4873200437538173,0.4862412902748185,0.48711784747100245,0.4857421588552712,0.4877834704818513,,0.48737953445711296,0.48678512905484655,,0.4882633237403532,,,,,0.48690065903067054,0.48688709861637847,,0.48724440535946334,0.4880166784720853,0.48701335203893803,0.4878153911580424,0.4861311730781355,0.34807618795073353,0.3489647801582238,0.3494167223562683,0.3540923323072058,0.4327855399135912,0.43406103734606016,0.4335527155773557,,,,,0.635877312626561,0.6377032924222092,0.6357398523657899,0.634583822861311,,,0.6367378327756738,0.6358899185045516,,,,,,0.6355532638616433,0.6368794753954433,0.6358722468372732,,,,,0.6364788612252513,0.6350989499233056,,0.6373114149955947,0.633480063710588,0.637292988876132,0.6351071401627579,0.637501798761504,,,,0.6353399096848085,,0.6363801385831795,,0.6365062478186052,0.6348357200213476,0.6356867182045629,,0.6345459725722192,0.6351866626314139,,,0.7082961301778593,0.7088145984012401,,0.7081123403499627,0.7090643540126157,0.70801985274651,,,,0.7100878036390312,0.7098860018467208,,,,0.7097830751024955,0.7087347223481836,,0.7075247147940078,0.7073306997340004,,,0.709780436680259,,,0.7094031226482952,0.7081253028440542,,,0.7073091282814271,,,,,0.7079428165800603,,,0.7071008477357381,,0.7067512880244468,0.7084699931760753,0.7081498768373051,0.7085511535030643,0.7085917947127865,,,0.354604880111742,,,,,,0.3556845195131878,,,0.3549602293505152,0.3562545140991298,,0.3556489506370168,,,,,0.35523648347483966,0.35389989053937765,,0.35585509492836903,0.3545138443732035,0.35556006280039604,0.3552867962141724,,0.35509897790194545,,0.35519108106970493,,,0.3557985938526829,,0.35582407054707904,,,0.3564339980360012,,0.35564867677805867,,,,0.3562427971919702,0.3553608761877443,,0.3547997656374212,,0.3551429458276916,0.3554961476079246,0.356300229163703,,0.3551847379047529,,0.42623129172553664,,0.4252006170068281,0.6213241549937282,,0.4305854828977355,,,,0.4308323268197427,,0.6233031337189704,0.6197229402095967,,0.6209587227287833,,0.6217554938723862,,,,,,0.6228623651160803,,0.6209134766373922,0.6210630303141061,0.62067509380908,0.6226547206586186,0.6227305705843565,0.6212086028281003,,0.6210165745987916,0.6226387552159651,,0.6210939589287627,,,0.619717049742637,,0.6195816736873999,0.6217755756772725,0.6204783096464306,0.6216398905355076,,0.621418031655271,0.6179494964049939,0.6208217792466195,,0.6205010238816488,,0.6206434847601274,0.6200167449232695,,,0.6231760349486866,,0.6221279027228017,0.6232115489360484,,,,0.623265473454361,0.6220573874315378,0.6231053762549824,,,0.6228832470934305,0.6226783972900669,,,,0.6223715022779434,,0.6236270739737946,,,,0.6213440560957906,,,,,,,0.7032854503397014,0.7046311500107362,,0.7053072379370702,0.7055738350645456,0.7031714451786769,0.7013825972336148,0.7039095147894965,,0.7013848156362479,,,0.7031064826564947,0.7030726626758532,,0.7023963476645637,0.704259080364919,,0.7019051838868215,,,,0.7014595609127716,0.702706584615464,,,,,,,0.7021568437388773,,0.7036082481501571,,,0.7008786802919905,,,0.7043413328373759,,0.7038095636108735,0.7023024259329949,,,0.7034135135987306,0.7047507927339977,0.703980993187279,0.7023666915486343,,0.7036736173276464,0.7042365735185838,0.7038503361750313,0.7040706449349853,,,,,,,,,0.7025800574815888,0.7009634562839433,,,0.7006443609490306,0.7011191968806401,0.702485197577013,0.7049803059949178,0.7030546465608845,0.7013446459148183,0.7033152765922438,,,0.701580403598414,0.7000067115111941,,0.702999811959535,,,0.7019651029722049,0.70076678241838,0.7036880460388771,,,,0.35273788662145605,0.3524002806703945,,0.6220483946366661,,0.6235380843717038,0.6248683230720999,0.6239056785256145,,0.4295565560175321,0.42928826685226756,0.42843125945533655,,0.4297321066646975,0.6293232453884352,,,,0.4332022537146362,,,,,0.4254223400599975,0.4261443691035415,0.42704463135293363,0.6415598552133429,,,0.6604676370532611,0.3694740038005359,,0.6682501784742487,0.3728744844141812,,,,0.37765290765011406,0.3761040955567427,0.3766826868519014,,0.37640496428442016,0.7469858952549759,,,,0.4625847372737673,0.46324932734027197,0.4626358787005502,0.4633181854059933,,0.4618464824831234,0.46309787002932307,,,,0.4627433108349078,,0.46316635142453283,0.46374041309240455,0.46362455524709173,0.46233580161555315,0.4634937752761564,,0.766654145425808,0.7636027099810485,0.7639483905290133,,,,0.6920314524370903,0.6906604248249083,,,,0.38695275023467374,,,0.7672998717745032,,0.767491358471043,0.4730825671389942,0.4721031513714791,,0.47218070573896087,,,0.472715662962897,0.4712786780365379,,0.47335689237289713,,,,0.47259434688158697,0.4721008262675856,,,0.4707444838264633,0.47229358711582126,0.472959405977418,,,,0.47296197841311827,,,,,0.4722244198984352,,,0.47128938763445627,0.47062585739392554,0.4721408682580384,0.47115302940361825,0.4724662084809517,,,,,0.4718780484427035,0.47009627108802376,0.4718839919508269,,0.471265337089692,0.4723479662741597,,,0.47052342982544987,,,0.4711729643275564,0.4717927965780694,,,,0.4721840836336441,,,0.4721190759003177,,,,,0.3490353699821179,,,,0.34913034269345355,,,,,0.6146281179946285,0.6146446802770823,0.6173505884984466,,0.615195123530465,,,,0.6153196279969131,,,0.6143257937564263,0.6168212840295979,0.6153135109923019,0.6142493719839033,,0.6149262540398438,0.6145760933803248,0.3493009893174193,,,0.3495570965981432,,,,0.3490963687068718,,,,,,0.704156952132156,,,0.7050978817241835,0.7058367447158432,0.7032390148152227,0.70664705074128,0.7043411523626514,0.7064028717051676,0.6125089935351667,,0.6142121970665054,0.6149653063333818,,0.6152800535890451,0.6142712387565303,0.6153171481489069,0.6168147760232567,,0.6157150009471001,0.6145967965255477,,0.610704747987171,,0.7063647304549762,,,0.7064702645279501,0.7050400203208494,0.7070219778191161,0.7064373801068508,,,,,0.34872696843515893,0.349127112444375,,0.3490191907337738,,,0.3499940357489873,,,,,0.3483808576749783,0.34977509110294125,0.3483309507499179,,0.3490946182583633,0.3485897183986367,,,0.35000890513685695,,0.3490122898214037,0.3487238710590917,0.705567965932812,,,0.7066399037101293,0.7078933108020234,,,0.7083838556896902,,0.7085561394571391,0.7040499465567412,,0.7050061500771014,0.7064475198601136,0.7060876124323348,,0.7060568452569814,0.7079145023201979,,,0.7081717230770562,,,,0.7065696184575693,0.7082808019993851,0.4386731833519266,0.4382824405350107,,0.4373072391427878,,,,,0.3607396436708403,,,,,,,0.3521774118958035,,0.35278374656636663,,0.3523820525666463,,0.3518004254157998,,0.3519837154596465,,0.35143364909476543,,,0.3525948113103846,0.3521869939365762,,0.3520567430914503,0.35199279660956084,0.35125306612100266,0.35227348140995257,,,,,,0.35294456166006466,,0.352466430741202,,,,,,,,0.35200680535234036,0.3519887831050927,,0.35213182353660927,,,0.35161878594464996,,0.35227350779498723,0.3522816364026179,,0.3523484229009885,0.3524670407543345,0.3527609111373433,0.35107179239029346,,0.3518043203223388,,,0.35216918318752677,0.3528969093999031,,0.3513530031711172,0.3512096855036241,0.35260567400794934,0.35251751675041937,,0.3527756037438986,0.3520364212831934,0.3526871895653064,,,,,,0.352389700643879,0.35293209376442636,,,,0.35265765172256774,,0.3516429975597324,0.3515321040900955,0.35325454644355525,,0.3515142674078686,,0.3514753973064385,,0.35301502101634613,,0.3528396264255345,0.3526544765315101,0.3528185892251293,,0.35190751806763354,0.3519926550028611,0.3529338874181501,0.35245960160323936,0.3520949501313974,0.35245447139883024,0.35196355065334484,0.3519479372124832,0.3522703139926201,0.3525113208169896,0.3525960827648181,,0.35188130631962355,,0.3525917221519527,,0.35199188049843283,0.3524993426457557,0.3526981365276926,0.35263731796155734,,0.35123552935218144,,,0.3519252400698777,,0.352067455559481,,0.3513581949734132,,0.35115342525968374,0.35173552738534564,0.3522074567633705,0.3524641260516554,0.3515668190666804,0.3514949110876021,,,,0.35261982207210507,0.35166395220183766,,,0.3521415152395741,,,0.35127526911985774,0.3517768707925028,,0.3517394578379469,,,0.3523311410938967,,,,0.3521750421734441,0.35113714893663445,0.3508089915959903,,,,0.35174525498768516,0.35343120374330683,,,,0.3519575430461885,0.35284881133276397,,0.35257432002704125,,,,,,0.3503746416738206,0.4865012063787754,,,0.4627357609639991,0.4628101646282534,,,0.6275514978816354,
8,24,DG_48pct,96,Z15_F07,15,LL_AB,157129,165463,True,7409.793004879188,7454.628689037379,7418.152345060581,3974.781718980217,3881.08971541957,545.675743571405,52.41317967554978,1777.2290132712944,1585.7871108921086,878.1923866920167,810.5538307039303,267.2366213161467,4.922080442499498,7115.317608597045,219.17112587406183,235.41550138193162,423.96395131724586,175.90723151492668,218.30186565040148,263.72904102610295,0.6050585538656854,0.6055490384355894,,,0.5576666701368515,0.7250599465587945,0.4394624934521165,0.3442987291952685,0.34497219863555895,,0.2786890354695661,,,,,0.2828232936320149,,0.6265031972987414,0.6253686666447824,0.6274383599093332,,,0.3440946136230664,0.2785248675031661,0.27861291995549853,,,9.647965159713952e-05,9.610889805679663e-05,,9.748367708051424e-05,9.739281364681364e-05,9.771445536776756e-05,,9.750484023618555e-05,0.4748264366011622,0.3505185103502888,,0.3501142097812615,,0.3492640277281289,0.34898946243585294,0.3507585808535911,,,0.3488737674063562,,0.3506445635848644,0.350217169283759,,0.34956091460483313,0.34969003803664833,0.34928285560391226,,0.3500649110581961,,,,0.47985843332028055,0.28238952698329983,0.6128101940331311,,,,0.480322292521997,0.4791525530888952,,,0.47978469798981765,0.48055943800405304,,0.48083486132138065,0.48089900599622915,,,0.48020923475694033,,0.4801293136443891,0.4795480360957828,,,0.48065385466288685,,0.4798620101474135,,0.3411185244783744,,0.34165195791481545,0.3445083860910254,,0.4223872651991317,0.423436355508169,0.42525228308726537,0.42626543148688545,,0.6279801489566093,,0.6310897449379329,,0.6291166300662122,,,,,0.6286061310024977,0.6279109582059592,0.6293606385090936,,0.6298426223828194,0.6280169981044136,,0.6298716141820091,,0.6286931452674883,,0.6281817905143726,,,,0.6282094406612064,0.6282216245646989,,,,,0.6282788999977216,,,,0.629327836150331,,0.6284793577454953,,,,,0.6294303919465484,,,0.7071621513521366,0.704044184499376,0.7051652713594725,0.7039339997948505,,,,0.7049293496424315,,0.7067079157344736,0.7055342744554536,0.7029883488903644,0.7062179077495225,0.7056793730062094,,0.7055026662244086,0.7060374630145189,0.705430590858679,,0.7041765538422958,,,,,0.7045396227290909,0.7066046495349437,,0.7066781256484892,0.7053587637700893,,0.706499770974752,,,0.7033782118617437,,,,0.7053016782268449,,,,0.7069014538584155,0.705604549398673,0.7031859091456439,0.3465122157957642,,0.3468456540108045,0.3466946569963433,0.34773133178862903,0.347583800401133,,0.34771167592321056,0.3471113252921312,,,0.3475271878313134,0.34691700591171626,,0.34641251071326706,0.34797843220960123,,0.34722282386713454,,,,0.34738043510652306,,,,,0.3469138008642072,0.3456958243790003,0.34612297703363737,,0.34657637667552427,,,,0.34713951977415125,0.34687130359006857,,0.34728430462791127,0.347036144104439,0.3474429272565199,0.34725964761045996,0.3467012835813751,,0.3459973001935826,0.3470001195081211,,0.34688388264989856,0.34661874253813146,,0.34651710554994847,,0.3462277277657556,,,,,0.6132988587095586,0.6174484491584932,0.4204168970758459,,,0.4218973241182753,,0.4226240151616033,,0.6132176126378478,,,0.6137952381323017,0.6155089160874767,,,,,,0.6136665657401533,,,,,,,,,,0.614703837197035,,,0.6126939204084635,0.61418699947254,0.6145087964213818,0.612507795879074,,0.6141799259820587,0.6126709197819142,,,0.6131512397281726,0.6107410348964154,,,,0.6125588080418092,0.614437713860517,,0.6136987133811624,,0.6123986047437775,,0.6153515210292794,0.6163332066834721,,0.6127707161964157,0.6160437499959572,,,,,0.6148881254887382,,0.6170845767337958,,0.6165031579574262,0.6148609731909842,0.6140299006105109,0.6140954904008631,0.6150337191038644,,0.612693135231869,0.6156701309866947,0.614915815512841,0.6150514734101321,,,,0.6133549401614289,0.6998297694939216,,0.7022613979577192,0.6995399426915605,,0.7000543180967347,,0.6999180321839166,0.701518109056375,,0.7026941266468194,0.6962804395057821,0.6979960067154335,0.7005519415869677,0.6976316729139358,,,,,,0.6995232884719296,0.6987759794159685,,,0.6976505408949458,0.6991532822224542,,,0.6987490127179831,0.700420264819522,,,0.6998750219068723,,0.699474599776337,0.7002420443810441,,,0.700415498211121,,0.7011221683740371,,0.6979109457387486,,,,,0.7006088046038195,0.7013872113074361,0.7018164350147121,0.701286105034681,,0.7015790353528871,0.7003358863630533,,0.6998871101545252,0.7012900874555521,,0.6972663392069292,0.6991776396480702,,0.6977672758169876,,,0.6993143989675726,,0.698065983664592,,,,,,0.6972912500285684,,,,0.7011977065602097,0.699755009805578,0.7000537841629974,,0.700320022793421,,,0.7020150105940106,0.6983539873953905,0.7003676782117011,0.34393576617798155,,0.34439148781151485,,,,0.6167000838432408,0.6159413299896683,0.6148820143686214,,0.42174985576162227,,0.42107619421572573,0.4205783607670723,0.4201734286558346,,,0.7010712359195196,,,0.42291442091868164,0.4200552051371246,0.4211765023229216,0.42052756418199017,,0.41511912288296204,0.4154729239526683,0.632164559102742,0.34941135787341626,,,,0.7327104868604228,,0.36369941686974233,0.739387983753522,0.36699429041726683,,0.36758562872398687,,0.3674154535075468,,0.3675775276781971,0.7435016180713192,,0.3723475833836312,0.45119484291363526,0.45151391197413215,,,,0.4512122342525864,,,0.4520024194256721,0.4516476529928962,,0.4517538422445052,0.45228108604621386,0.4526553983346383,0.45202313155275986,,,,,0.7615071072139622,,,,0.7558001258087063,,,,,,,0.37807868894527163,,0.7627182727664956,0.7631407200239485,,0.7631545665205021,,,0.46139841951734817,,,,,0.4609559067681227,,,,,,,0.46218778543943567,0.4607195682469311,,0.4613959429338294,0.46018392611712833,,0.46103612469877103,,0.46142279058118624,,0.46108147564700735,0.46000405331635297,0.4617555065260598,,0.4599190893478694,0.46113557315424036,0.4606707411171912,0.4604376654921603,0.4592157654075646,0.46084084702788825,,,,,0.46175861415942737,0.46047275199336307,,,,,,0.4601086557512702,0.4604468026952328,0.46096198498943025,0.4610582604725176,0.4593796889822088,0.459821731371342,,,0.461130960422272,0.46046602173733076,0.4605107695166287,0.46124417029265324,0.4603174095635314,,,0.3394887397341694,,,,0.33931057448192425,0.33922162625429547,,0.34022176932008336,,0.34009003799781534,0.3405102120830548,,,0.608728322176672,,,,,,0.6079606895434806,0.6081806018357979,0.6073019066695313,,,,,,,0.6071099106972881,,0.6069302323193578,0.34068925408810247,0.34053230187350403,,0.34023092780575953,0.3397252756316292,0.3402138150286767,,,,0.7030457191188315,0.7039340151205885,,,,,0.7021955410612759,0.7008809003724423,,,,0.7019750377649754,0.7009267790637146,0.6065641763477353,0.6081417386302012,,0.6066366372255323,,,,0.6090759324576127,0.6075754480388829,0.6072067452774222,0.6071079189887253,,0.5995027597067955,,0.6058403809829499,0.7028014934182225,,0.7034287619689524,,,0.7029761888076232,,0.3396802130391536,,,0.3410058523848217,0.33919539614808336,0.3395111579912623,,,0.3404247746988833,0.3405354366924205,0.34078592107614925,0.33918949179826735,0.3403890556090481,0.3405614937354378,,0.34013187718594967,,,0.3407357709188473,,,,0.33949073789923573,0.34016261375072515,,0.34030343103975896,0.3407365727594543,,,0.7041827992972671,,,0.7027378720416055,,0.7023680592846768,,0.7028197474577401,,0.7002987660123304,,,0.7024750650283712,,0.7031974121306578,0.7051409541832527,,0.7038684121629626,0.7039930388375902,,,0.7040282628815367,,,0.43037330284054004,0.4266989686618775,,0.4275611542796303,0.4283586602465974,,0.29114910178605785,0.31987862885156815,0.35419523559137434,0.35420509515506726,0.35447870529321845,,0.344805333249001,0.3441923616239539,0.3439509745864468,,,,0.34381614687139234,,,0.34409630491200455,0.3446797695838363,,,0.3437514367167252,,0.3448610057806997,,,0.3435124054323433,0.3442817350322209,0.3450427086320863,,0.3447032575172064,,,,0.344054460538348,,,,,,,0.34316733941469574,,0.3443384744629862,,,,0.3441946176614215,0.3444211212652093,0.34470991229292636,,0.34428304286713607,0.34341786737667745,,0.3450536547683932,,,,0.3427174743389651,0.3439756249512793,,0.34351747339427846,,0.3445140789227431,,0.34347303320918865,,,,0.3443228359030952,0.3444273459405571,,0.3435621976102292,0.3443334928438598,,,,0.34416288541047513,,0.3445709189517414,,0.34355752006078766,0.34446348273692534,0.3441958207116455,,,,,,,0.34422027816538875,,0.3438195827905402,,0.3448791549463191,,,,0.3437478779033799,0.34432665434481835,0.34447304816799534,,,,0.3437576094711664,0.34376626255641407,,,0.34473963472477553,0.3450297346836044,0.34447061704833215,0.34395166554973383,0.34478851538158356,,0.3442209149495803,,0.34486382737889026,,0.3438869333753244,0.3430373669318222,0.3435906229759692,0.3432854806667838,,,0.34363644565445567,,0.34537154814151627,0.3446875505504107,0.34317567208673266,0.34352726395207417,,0.3442743687338982,,0.3446020508099773,,,0.3450445942118847,,0.3442404437540339,0.34368985928645773,0.34399793226238184,,,,0.3447668798430556,,,0.3440301631909482,0.3443660230058769,0.34507388163123837,0.34441808034483773,,,0.3443127073871818,,,0.344209762935334,0.3438339343140031,0.34344065141538077,,,0.3429451456477079,0.344289638689193,0.3440276487236472,0.34436597300474614,,0.3438732471468896,,,,0.3439006896047163,0.34406981875676806,0.3436835521866477,,,,,0.34266860288754863,0.3430681630935626,0.47682979896182265,,,0.4540145703944104,0.4546791468272147,,,,
8,24,DG_48pct,96,Z15_F08,15,LL_AB,157129,165463,True,7447.732826043188,7415.788167487634,7426.610570855976,3992.433572392071,3901.167684376716,546.6692605783929,52.478477022786485,1782.2866720655518,1597.8491004423167,875.1701174742731,810.3251066023274,267.5999194898451,4.914539607785717,7088.514115795279,218.6978551323911,237.17731947651072,425.0236605902436,175.65095096020076,217.4426691433139,263.3869388198199,,0.605476909479849,,,,0.7238954849670417,,0.34366678546578905,,,0.2790942633722649,,0.4545473825042515,0.4546292854498032,0.28258898660191967,0.2833418823033491,,0.6271301645036877,,,0.3442366747321577,0.34559616461955234,,,,0.27755051831139804,,,9.627507766175638e-05,,9.754247985912866e-05,,9.768088604668585e-05,9.740137472232192e-05,9.763072310520728e-05,0.4757953182228418,0.3512457861467881,0.3504471159968691,,,,,0.35024979715542515,,0.3490415016598162,0.3493663889972917,0.3512291070869316,0.34912014931620367,,0.34933473751703864,0.3495402173256443,0.34998207230728673,,,0.34998924338671905,0.34922459179809506,,,,0.2826536150179352,,0.48127030632598883,,0.47938154992424187,,,0.47942185941309656,0.48168262281735413,,0.48024970261028943,0.48183559534498904,0.4798224240338641,,,,0.4815037085586784,0.4794746776279608,,0.4812112478198002,,,,0.47970968208513715,,0.48117282179244747,,0.3415811155049466,0.34024805165306193,0.34498224005708333,,,,,0.42467873136681084,0.42387566603270554,0.6285794331627452,,,0.6270338333416574,,,0.629702966604392,,0.6273051873808898,,,0.6286865304723501,0.6289804248086353,0.6286474022248308,,0.6307901202534452,0.6292710042577974,0.6280692801315679,,0.6288102814878073,,,,0.6284069647671477,0.6283474377392833,,,0.6275446126267603,,0.6272339167746311,0.6296489552129564,,,,,0.6257058410530038,0.6281634595302832,,0.6293396326304602,0.6298687746274981,,0.627541041918292,,,0.7042380426224571,0.7063364820931157,0.7034917057093081,0.7041648613462471,,0.7063996184876734,,0.7032565688906595,0.7058400401327402,,0.7052361395258597,0.7042713085324354,,0.7061959206803303,0.7083306963816726,,,0.7057079198344048,0.7049647427458094,,,,,0.7034952708570257,0.7060739375922599,0.7059087610640888,,0.7048848320672462,0.7077505433579191,,,0.7061529154211766,0.7037238469419952,0.7042465022313139,0.7049289924297399,,,0.7056536197400528,,0.7051500180666523,0.7058060454096472,0.7045603066047763,,0.704973495760525,,,,,,0.3467778838584428,0.34706255803887004,0.34756457238922006,0.3467944977323739,,,0.3467467310505666,0.3468688396573609,0.3467182403134492,,,0.34688690272007855,0.34740734893728487,0.34722228369304226,0.3474475821828482,,0.34712556302771796,,,0.3468665696396907,,0.34632552204421374,0.34700860911013204,0.3464728592661838,,0.3464887354618926,,0.34726707962650544,0.34695914155384444,0.3459610065230207,0.34776461249686663,0.34651707157062,0.3466654803744405,0.34772131908569676,0.34721759776248967,0.34722131868535416,,0.3470169049154042,0.3466753847330179,0.34654541719014426,,0.3462622715478208,0.34714304017833997,,,0.34653153337952547,,,,,,,,0.42121004684157975,,,,0.42227247537972806,0.4222644852552885,0.6136577858442773,0.6150628135114047,,0.6144404569063389,0.6142016045062207,0.6142624020747884,,,0.6138855645620733,0.612900988717388,0.6156682477109451,,0.613414340333402,,0.612951924857267,,,,0.6131046813764364,0.6133678679708162,0.6153768214179712,,,0.6128981727487348,,0.614349757469325,0.6127052684110906,,0.6115766096739325,0.6146094674159057,,,0.6108429705449547,,0.6140101039570169,0.6144320874363152,0.6144375690921582,,,0.611805256512129,,,,0.6157056252398332,0.6146016758089013,0.6158223813401147,,,0.6157413797649977,0.6150473179592819,0.6153234531729412,0.6167076631940949,0.6155310740331624,,,,0.6167843978969623,0.6165099216604177,,0.6163750987601455,,,,0.616625380687669,,,0.6156910141444922,,,0.6158187827915503,,,,,0.7001422679068917,,,0.7004884648226112,0.7000965730081254,,0.7016891184918619,0.7003587816909487,0.7019540989478886,0.6985961432332566,,,0.6991755718695579,,,,,,0.6972363125643409,,,,0.6968195314436583,0.6976659775549382,,0.7004314241532182,,,0.6996087518034699,0.6984697204083756,,,0.700330631025164,,,,0.7004765443657396,,0.6984800905637255,,0.6993457090089799,0.7013662686692539,0.700598675525393,,,,,,0.7015160158767554,,0.7012888260474357,,,,,0.6983916715365143,0.6991543855609516,,0.7002493669604352,,0.6989795602317375,0.6995599885074993,,,,0.6985131372195548,,,,,,,0.6993797896391519,0.697930365631692,0.6994018124788374,0.6984202871934366,0.7009036344033814,0.6982721602611957,,0.698440751047714,,,0.7011840923778575,0.6983325864041223,,,,,0.6162883135395213,,0.6171270363139093,0.6135898684968191,,0.4206248437634522,0.4198076419542304,,,0.41997208364114114,,0.6221568539926614,0.34288997157236106,,,0.422358853729203,0.42273036935673597,,,,,,0.4166253588682743,,,,,,,,,,0.36620701401935823,,,0.36728490059928326,0.36788824356848987,,0.3675651359272286,,,,0.451720243759973,0.45066972130148814,,,0.45152584471636914,,0.45077257130750126,,0.451730665657828,0.4525971191405394,0.4530028335109858,0.4521615186570639,,0.45376252291867264,,,0.4537251782498389,0.4528563763300098,0.7593459305361097,,,,,,0.6851414432451998,0.6847297934905074,,0.6869820515022206,,0.3782010734740963,,0.37747739162394434,0.7627772253404335,,,0.7645630578013627,,,,0.4619221030872026,,0.4626243069098544,0.46072774808901246,0.4616994422217553,,,0.46343927739667,,,0.46175944371301014,,0.4611477102388375,0.4605560648708196,0.4622956020061603,,,,0.4619742330562928,,,,,,,0.4597811777141886,0.46062321329345524,,,0.460775317821927,,,0.46045122632730123,0.4613456546636891,0.46139148412324493,0.4605727554591576,,,0.4607752098979677,0.45968461115157905,0.4624307636528481,0.46152637454416323,0.4606894970855045,0.46067321054622595,0.46002536412239164,,0.46090043626523713,,0.4612734310642736,0.4614280338120524,0.4615467394867596,0.46042731024227324,,,,,0.4610832745442565,0.3399660867634787,,0.3396144588542443,0.33997200647116466,,0.3385716045054132,,,,0.3398667807913014,,,0.607714377571465,0.6081904683410455,0.6074340045878436,0.6073507925114917,,0.6080560696419723,0.608088690123525,,0.6073419688335422,,0.6087121587647948,0.6089620412050334,,0.6078587753367846,0.6083549610359023,,,,,0.3398726124487709,0.3406342823060566,0.3399650515113445,0.34099823422463976,0.3410282108019643,,0.34034591180643786,0.3409947940522347,0.7018253722866935,0.7026698532182406,,0.703885754758664,0.7008326007312714,,,0.7014735598607515,,,0.7015787773653156,,0.7015422799429702,,,,0.6078637954578698,,0.607603551594776,,0.6068660088535606,,,,,,,0.605876879356951,0.6065969355222038,0.7014192218183005,,0.7046926047042095,,0.7015363817177785,0.7052383129416953,0.703184611612367,,,0.34037986092482375,,,0.3403004551677458,0.34015561776871,,,0.34051652808160476,,0.33997515842283826,0.3402400835368807,0.33916113805684855,0.34000531634433745,0.3407865695109303,0.3398343429426738,0.3407721220057386,,0.3394732685512194,0.34097404674088516,0.3406694286498866,0.34055245446484,,,,,,,0.7039063408811257,0.7047569148183822,,,,,,0.7045484042338844,0.6989698497734068,0.6999045816777199,0.7023047345356626,0.7031490903341008,0.7029350808610294,,0.7024056381909562,,,0.7047459372188549,0.7034159851619319,,,0.7037503399248569,,,0.4279884170248042,0.42790091079059334,,,0.42843638841166004,,,0.3202416003688867,0.3532616017354327,,0.3524156060572456,,0.3449149550022146,0.34370789171909283,0.3434132951202461,,,0.34465799491555954,0.3437738427813893,,,,,,0.34398011864495165,,,0.34411774658278826,0.3442875745601285,0.3429877541050894,,,0.345491934144028,,,,,0.34429446042900097,0.3443513001562644,,0.3430806615001029,,0.34524213888042093,0.34392123998875096,,,,0.3434937533759837,,,0.3437839539815118,,,0.34429838504526444,,0.34416648235291103,0.34489038986402865,,,0.3453373712231074,0.3443944407256512,0.3436056256093904,0.34364996438948503,0.3446465930770668,0.3447063238118867,0.34351956589553245,,,,,,,0.3438511258006713,0.3452419318440778,0.3450808232491105,,,0.3442328164682003,0.34398051394582635,,0.3434489809605305,,0.34376161839337455,,0.34420770010470403,0.34423922904834275,,0.34370670791783836,,,0.3443679921358144,,0.344578312724075,,,0.34283948497232275,,,,0.34323709961993043,,0.34296791909842683,0.3439346497522198,0.34527391717873746,0.3443841622383297,0.34438319923940813,,,0.3447882368521598,,0.34415101559293365,0.3443573134901528,,0.34459727249522215,0.3442039130907017,0.3453104323377922,0.34460407176251723,,0.34278806289881036,,,0.34473039374178616,,,,0.3448447530009651,,,,0.3442195064938628,0.3440298014611038,0.34430555285115133,0.34360570321394696,,0.3439045320215203,,0.3437415669163654,0.3442703442089781,,,,0.3435531288172283,0.3437997322395546,,0.3438717576254205,,0.3447659924504271,0.343874877323506,,0.344368170677787,0.3436082773678838,0.34464021665017464,0.34421181436769405,,0.34439920953579706,,0.344474430583016,0.3431520418873987,0.3443343147753631,,,0.34464892308683603,,0.34427164522219944,0.34287446857310866,0.3443756193213839,,0.3443512028564266,0.3434086986198659,,,,,,0.3431541108010074,0.3436668547419003,,,,,,,0.3419204228436372,0.4790042857391159,0.28790854667229165,0.6257996881047942,0.45482657796135256,,0.28432000929717194,,0.6260874387576217,
8,24,DG_48pct,96,Z15_F09,15,3PH,157130,165465,True,6513.6249583661265,6607.862975266953,6600.564473761905,2547.655292058187,2483.245535179663,351.1263475518781,33.88345330701632,1116.9424249776664,1005.8053679155282,551.5392368209752,512.6704934094222,170.51367453835243,2.487820775504201,7034.18297732192,92.20780439680415,153.50585698997162,270.37338945955423,113.23811924371222,140.66409495177942,165.8691110551346,,0.6108441937437854,,0.6140363405000216,,0.6130567615978982,,,,0.35269039024386184,,,,,,0.35498825051801675,,0.3560024936673485,0.3555957624061094,,0.3525890810733295,0.35320033062400524,0.3535313657563109,,0.28914972319449717,,0.013668907151866949,0.013660177400491533,0.013670439154055953,,,,,9.673060274702444e-05,,0.36610334820707424,0.3558390994311241,,,0.35804932814764784,,,,0.35978772393438585,,0.3598848396604455,0.36011763051828916,,,,,0.36153295973141236,0.36024677266309707,0.3596507097896269,,,,0.3598312621212264,,,,,0.3573607163691606,0.356459591994926,,,0.35742514793299657,,,0.35874336598489837,0.35806908672419907,,,0.3588643301074159,,,,0.3573372155593637,,,,0.3584180736086296,,,,,0.35057004496322314,,,0.4333656111518462,0.43236770874414454,0.43338935490100133,0.434080183951949,,0.4344606725253904,0.4378925754631753,,0.438891273393607,0.4390666631349092,,,,0.4386988971708921,,0.4383393840953947,,,,,,0.43936250938408844,,0.43797021077584203,,,,0.438941594294437,,,,,0.437680315287759,0.4382594893561524,,,,,0.4380250679804442,0.43884691381303687,,0.43813467137349743,,0.43882714453988964,,,0.43903470801629524,,,,,,0.438072931282358,,0.4390782377327906,,,,0.4403537056762538,,,,0.4388455380959393,,0.44060283567947056,,,0.4389928352511922,0.43825273171032636,0.44033645208916206,0.43993357321674376,0.43950952294117884,0.4392887568959651,0.44004992406708554,0.439218706340149,,0.43834374485371363,0.4400236481162331,,,,0.4402238850363161,0.4394097430936097,0.43868197505672685,0.4403103787740028,0.43951403980287457,0.4395265671877504,0.44001196989550084,0.4393020635738211,0.4373383932314288,0.43905776870390156,0.4387012426691383,0.4388509688102501,0.43944544027303056,0.43994544544128794,0.4394750878994181,0.4387754871442993,0.4387181952179456,0.4391397179120735,0.43933587359404525,,0.43941764668676236,,,,,,0.439029042770758,0.4390179756416958,,0.4396468379152074,0.44012152285168904,0.4394406105767801,,0.4396853964058849,0.43949027389532125,,0.4389451021772749,0.44008674647392493,0.4382071177493404,0.4394537811540827,,0.43955708315564074,0.4384202999857758,0.43879681909939405,,0.43809385419423064,0.4397753934587115,,0.43846467611343815,0.4406759503219011,,0.43915025934932383,,0.4391504568699182,0.4399504057512307,0.4401154575162776,0.4385197121518781,0.4387524992260435,0.43986445203829794,,0.4403605596841184,,0.4389262922024833,0.43958967891832523,0.43847684286427496,,0.41759842897141924,0.41703830047022405,,,,,,0.43252600253927953,,,,0.43276635761238075,,0.43279252465571233,0.43153417247945075,0.43255349578275987,,,,,,,,,0.4328532382578388,0.43225842091765876,0.43171108159197263,0.4330063289807262,0.432695065139816,0.4340725730286637,0.43130984551097284,,0.43213333373722584,,0.43327053695434653,0.4317742444883194,,,,,,0.4327721067395993,,0.43218756875912834,,0.4323805754812162,,,0.4313018629761182,0.4325742019819971,0.4336778079166165,,0.43317096579007175,,0.4320753669708307,,,,0.43128578596223793,,,,,,0.4320109511448438,0.43395343488930616,0.4330460973361083,,,0.4324390105347383,,0.4325724525135624,0.43178371648389985,0.432237815965684,,0.43185380185565314,,,,,0.43263494407189157,0.4329278227122701,,0.4315369980947343,0.4319937863950494,0.43265818461595806,,0.43200484849153514,,0.4337341785825773,,,,,,,0.43265321603930157,0.4323882907076109,,,0.4326492874802242,0.43254447360506476,,0.4313945825228345,0.43346222407416585,,,,,,,,,0.43245405726827035,0.4310718660255489,0.4313155087308878,,0.4312475032692044,0.43284875740113943,,,,0.43273277348782413,,,0.43191860042976865,0.4329139029291807,,0.4327537579713502,0.43101185711811824,,0.4324479462792297,0.4324290671278059,,,,,,0.4307050687907311,,,,0.4312721306444275,0.4326781977101198,0.43154209101648666,,,0.43249675230238793,,0.43189430015667335,0.4316039896013899,0.43218602507533255,,,,,0.4327827725163018,,0.43240560894612357,0.43241200060475665,,,0.4336659928339679,0.43327110862517454,0.43235301776329604,,0.4324048789303912,,,0.43620983173665917,0.43619493434854173,,0.4354235635575279,,,,0.43344343650463657,0.4348358890838488,0.4266352135122023,,0.4258463832558931,,0.4268057730711104,,,,0.43456804893444073,,0.4329324043150146,0.433203558928096,0.42151891318560464,,0.42161768653603005,,,,0.44114193419930575,,,,,,0.4617623415189449,,,0.46619664051853643,0.46589316705394285,,,0.4654692977901009,0.46414062109941545,,0.46688882028949424,,0.47030280859003193,,,,,0.46567114011043254,0.4657095744549696,,0.46628063459974584,,,0.46542702080105586,,0.46693184171106206,0.4659198346920664,0.46595076710716155,0.46749951457494365,,,0.47484553701081267,,0.47479128098182444,0.47423893824972024,0.4764511423821646,,0.4763683722502778,,,,0.4787277993497989,,,,0.4783897790189824,0.4770010119097565,,,0.4749524235695633,,0.4749051336819111,,0.47637952658967714,0.4758871613955311,0.4749560454490115,0.47575311693497424,,,,0.4746517274751009,0.47696353317114804,,,0.4758885395605946,,,,,,,0.4742078617623944,0.47630143957447535,0.4737369181135466,,,0.4745925606730138,0.47492394557174605,0.47493048413354433,,0.47542166328698576,0.4759706176594845,0.47460053590640067,,,,,,0.4733253362788121,0.4763629426008226,,0.4745772749258279,0.47459008931339497,0.4737742087467891,,0.47563045705251134,,0.4762449810901693,0.47541356690134573,0.47557435455010005,,,0.47502775863845675,0.47529792315938935,,0.47462770272151883,0.4757238568583942,0.47605934665916366,,,,0.4317953408786051,0.43187868792559375,0.4322440734491798,,0.43192805290865094,0.4327105599022876,0.4310459268352946,0.43230945498075773,0.4320692526670952,,0.43235201974558185,,0.43107256103602704,,0.4319261928683215,,0.4314334333784392,0.43139416781994827,0.43179014825350504,,0.4323783342650403,,,,0.43108061342329557,0.43115343792842137,,0.43066665666368265,,0.43261032680101347,,0.4330651602423634,,0.43295407141315,,,0.43184821105316296,,0.4316554111499527,0.4303244523967315,,,0.4318955223674683,,,0.4302045444104789,,,,,0.43295865349379964,,0.42950918164496665,,,0.4311506185001757,,0.4314901076148635,,0.43151575353470206,,,0.4327307727512193,,,,0.43080338932808077,,,,,0.43271508071386405,,0.43263515453588597,0.4316024036492226,,,,,0.4333467996449618,0.43262555937298636,,0.4317334347741264,0.43204353301615855,,,,0.43347884880339443,,0.4317707050133867,0.4320971207311714,,,0.43122682287076763,0.43222892549797204,0.43181913386571114,0.43311825055153425,0.43181906807525416,0.4319561823431097,,,0.43229748938658197,,,0.43199809721230525,0.43133608264226125,0.4314469080177748,0.43131371189943557,,0.43175892984891734,0.43041625031946523,,0.43085300716948266,,0.43201844848604837,0.43144685727131626,,0.4299795379644517,,,0.432145028229727,,0.43210309579932293,,,,0.43945393202701266,0.4403999471324717,,,0.4404224345218327,0.44200043179765763,0.3646774633798287,,,0.3621351964624051,,,0.35540626057467695,0.35388554345822887,,,0.35507781551996787,0.35289815228653343,0.35442255349801266,0.3541699674377585,,,,,,0.3542188194451507,0.3537075184892285,0.35427919061743496,0.3537675903349058,0.35406515861966414,,,,,,,0.35387371892797376,,0.35377443839290607,,,,0.3532217110525498,0.3535291522800616,,,0.3538058663179145,0.3545583319829913,,,,,,0.3538837130318617,,0.3542377810069134,0.3542564231594965,,0.35359786411573885,,,0.3533235586644198,0.3545309268943223,,,0.35401919906501966,,,,0.35359356898040484,0.35414449781331764,,,0.3540421620026338,,0.35333957878875427,,0.3547524756779856,,,0.3542475121898919,,0.35415065603767315,0.354051292282597,,,0.3548448878767542,0.35385140376073443,,,,,0.35391794213585825,,,0.3540822888400557,0.3531930485310768,0.3530795759887268,0.3536191494018136,0.35350356641211744,0.35214787956307664,0.35379395945474756,0.3525156073770315,0.3532341049689094,0.3537371187783291,0.3533454468053871,0.35380573513357305,,0.35376402699510273,0.3535411575834455,0.35376340861263056,0.35355223053337076,0.3542216558947735,0.35369731201419535,,0.35394888091301113,0.35311693569607056,,,,0.3543263840465069,0.3540206137833525,,0.3533257310858575,0.35368556277559876,0.3544873866779553,,,,0.35502754288430693,,0.3545846841026956,,0.35428055155780297,0.3535170239577711,0.35360005375636183,0.3539851257294274,,0.3535036715882496,,,0.3544601497284131,,0.35378113310668696,0.35364247556410183,0.3546200100995488,0.3543057312061652,,,0.35330548091295827,0.3535563439862267,0.3536355152869907,,0.3537092584086944,,0.35347926301595844,0.3540336081101971,,,0.3545813679936465,,0.3544921391553496,,0.3528740038494671,0.3536037816787959,0.35471918115981776,0.35401359532111876,0.3537771976353077,,,,0.3529654084102321,,,,0.3542168832463724,0.35368795882670934,,,,,0.34953336558075815,,0.3628676969922551,,0.3641681863177536,0.35559618488568545,0.355688030494112,0.35701799416335295,,,
8,24,DG_48pct,96,Z15_F10,15,3PH,157129,165463,True,6614.08141748938,6687.766474132468,6726.702790681966,2498.3203485348918,2422.084696795638,343.9127998908489,33.16285741041235,1091.004519867591,980.8105326273972,541.3086555986143,500.2733256708571,166.8578806118228,2.442173696531135,7125.742683421992,90.23339026338698,150.5971541099142,264.87707914996304,110.30475296917857,138.02793015763254,162.12420677414576,0.607337843371325,,,0.6113598408905587,,0.6086979050684546,,,0.34556250723066073,,,0.34772000258801955,,,,0.3477190027920989,,,0.34692572890326984,,0.3446307893799751,0.3444863895134776,0.34587722771012497,0.2787842474234468,,0.27923909929212176,9.687441458683629e-05,9.681354414420029e-05,,,,,,,,,0.3481393218459283,0.34742742371057495,,,,0.3503916806285969,,,0.35163569954138785,0.3519457985053604,0.3517249172721461,0.35089990166044904,,0.35223747443787273,0.3517486416224689,,0.35142620960499316,,,0.351107974774865,0.3517283375629249,,0.3512704325861997,,0.3509407641790296,,,0.35079534516307737,,0.35135642540286655,0.3496205618569796,0.35046243536237265,0.3505678574902666,,,0.3498467866000989,,0.35052095917141124,,0.35030679911936713,,0.349622517996196,,0.34952438103828914,0.3509317023544134,0.3501973950958136,,,0.3496017841898858,0.34151003239572403,,0.3428325209145447,,0.42283947874651523,0.4227748303266439,0.42300452440591935,0.4249751621748538,,0.4241781850058033,0.4289739050702196,,0.42815891464201644,0.42855585975581945,,,0.4288157128963795,,0.42982548990105884,,0.42889197926051303,0.42865554514676546,,,0.42879803816509915,,,,,0.42836494981729456,0.4285518201651575,0.427319319364761,,0.42858012124320455,,0.4287135578889646,0.4293859137519799,,0.42943337309792784,,0.4293231183047213,0.4281799501240511,0.42851876831108116,0.4289280266070113,0.42828283203182205,,,,,,0.42798766152798456,0.42856822352262336,0.42766883587605364,,,,0.42965715892477385,0.4279550043996787,0.4306869259358679,,,,,,0.4296288512815226,0.42970213194349915,,,0.42984783476403376,0.4307027666788077,,,,0.4300589618313683,0.42908338326221807,0.42969047983377184,0.42819147380390604,0.42968699517491593,,,0.4293207245215277,,0.43023041496632763,,,,0.42934475078116924,,0.4290078192249566,,,0.42902346945973663,0.4296991892608501,,,,,0.42847707743102925,,0.43063212130449835,,,,0.4297458132138593,0.4301224864218238,0.43018515454460354,0.4299026327997067,0.4290556714238627,,0.4305642801542792,0.43004798703426683,0.4291879981337784,,,,0.43001541127037496,,0.42883324636680364,,,0.4282237530441991,0.4283540748056731,0.4292978256445582,,0.4284782235545787,0.4301923398573265,,0.4290479868202411,0.43015347096445566,,,,0.430668586785068,0.4284225831076148,,0.43027895984228814,0.42890035190882614,,,0.4284599314035642,0.42990398217755066,0.4296526013704362,0.42883755037296395,,,,0.43027375129857537,,,,0.4295757066366651,0.4088794960527276,,0.4076307761865217,0.4223954763754774,0.4222421818430922,,,0.42312034923154296,0.4231613680842352,0.4224552720315348,,0.42257751011136774,0.4221847226641312,0.4230111715075729,,,0.42228803350472205,,0.4231157971730658,0.42341346536158947,,,,,0.42196491445644946,,0.4220082044751102,0.422787174432319,,0.42201422457599014,,,,,0.4221616444587228,,0.4241128189930986,0.42165652300265716,0.42116786613099755,,,0.42211654327500536,0.4214851266446696,,0.42264026355613077,,,0.4228401292890577,,0.4230182711725269,,,0.42410304001455046,0.422525939965127,0.42273601708463926,,,0.42328239898494235,,,,0.42313753596221326,,,,,,,0.4236271874199368,,0.42242471041288915,0.4227618725864084,,0.423195144746159,,0.42324954461159936,0.4229182504443662,0.4232394207505503,0.42191881669606845,,,0.4220057796966216,,,,0.4226664953238948,,,0.4218032205269527,,,0.42266279195063033,0.4221924873651791,,,0.42160593283795483,0.422812198402204,,,0.42176635132801493,0.42205425431874716,0.4225484951786532,0.42324799099897115,0.42341455328720673,,,,,,0.42079094463398226,,,0.4225922165746282,,0.42158757441991435,,,0.42136651604899245,,0.4227570996626487,0.4214469902897542,,,,,,,,0.4231123586932539,,0.421816953943375,,0.42244818711727344,0.4227959434725559,0.42245567975608606,,0.4215169811495995,0.4222415847902318,,,0.42252209381333633,,0.4226960845319115,,0.42145605103121153,0.4213023965162745,,0.4222454072876336,0.4233990460913886,0.4223417874542113,,,0.4226566557471164,,0.42168689385254576,0.4220891740273305,,0.42273398725925204,0.42278502102485327,0.4221889923334926,0.42271297052185003,0.42214922872983096,0.42278267605544173,0.42291582466803074,0.4236232780475415,,0.42209929364071097,,,0.4250085811291463,,,,0.42366828705217985,0.42439863902094915,,0.42373456826611755,,0.4166919530418434,0.4157192033852491,,0.4162436441088571,0.41685305240894754,,,,0.42631614487522035,0.42223503567841514,0.4234248539212622,0.4223521037244529,,,,,,0.4014372987527541,,0.4328547770151569,,,0.4472670529935945,,,,0.4505578231989771,0.456068349407886,,,,0.45407710864749995,0.4544561250933854,,,,,,,0.4569765918786052,0.4549131206971931,0.4558410497052647,0.4563629621434623,0.4566272745279705,,,,0.4546340175080088,,0.45603670079218045,,0.4552350479456737,,,0.4546797812875383,0.4624953890887272,0.4646755663372923,0.4656088672018181,0.4651060376279705,,,0.4673893044984835,0.4671441425018477,0.4652870318155244,,0.46579070569318143,,0.4664128987238278,0.46668290409356195,0.46688957621955784,0.46764935126273177,0.466270938857254,0.4665776003543908,,0.4634981567088662,0.4645185600512169,,0.4655081268646991,,,0.46557391686540345,,,0.4641538126985312,0.4659077329826907,,,,0.46511771668443846,0.46431942347026656,,,,0.46451810021603124,0.4647442106039414,,0.4645374862942124,,0.46469616063175917,0.4644189878199437,,0.4650708134402479,,0.46474609694869623,0.4638806643354092,,,,0.4644591607876418,0.4650584575844792,,,,,,,0.4640072972753512,,0.4653836089612033,,0.4656421724506993,,,,0.46383948717255685,,0.4643976753537816,,0.46515201329853084,,0.4642216527568819,,0.4646874192331515,0.4217009868637654,,,,0.4224597306898619,0.4211885842833042,0.42079036147067633,0.4225043905967111,0.4229248708595957,,,0.42149947051462977,0.4225982602326825,,0.42139252361219137,0.4230943256183982,,0.4220005160450752,,0.42093486512012174,0.42333459581605704,0.42142466399893386,,0.42226625185884115,,,0.42186688498997155,0.4218415430798484,0.42172452490319223,0.42242850565415724,0.42051283162059,0.42306082708577614,,,,,,0.4218637915689796,0.42357250924669265,0.42127353745475304,0.4205629835157659,,,0.4200615644123226,0.42098826038815035,0.42120788857602404,0.42095118812758786,0.42145151537946945,,0.41935132481560383,,,0.4212152952888421,0.4210922148483555,,,,,,0.42242263716557893,,,,0.42192481182850955,0.42084768109472065,0.4161743365021748,0.41995839538445795,,0.42153214408038636,0.42250733098655835,,,0.42213736665151574,0.42172268976570426,0.4215487717370075,0.4232418384377478,,0.42306904543060797,0.4228518889669163,,,0.42195626576833645,,0.4232068231346769,0.42308577828571575,0.4232563155913917,,0.423317189232093,0.4218999154255227,,0.4223538248044499,0.4224966823590918,0.4220628381598704,,,0.4215509796910301,0.423769651622913,,0.42327236359224746,0.42291508041794157,,0.42390303727117223,,,,,,0.4219019008709569,,0.42149510440026133,0.4223083940036654,,,,0.4225101020610189,0.4207047437795884,,,,0.4220479994627002,0.42179256594006337,,0.42208804192185084,0.42366419735726374,0.42217762083911814,0.42213342475384513,0.42207677555785855,0.42247512669686443,0.43069496403468943,0.4302043479756523,,,0.4312927406892791,,,0.38421439810631625,0.35375917374828864,0.35463062236178083,0.35504872000801246,0.4597318090542082,,0.3466389884213505,,,0.3455359036677924,,,,,,,0.3452216942934174,,0.34633613080059317,,0.3460867461941107,0.3464183116918898,,,0.3457241437703367,0.34605489429449326,,0.34655232881664144,,,,0.3458751345013156,,,,,,0.34604562021793345,,0.3466693441368737,,,,,,0.34649725291963634,0.3462569768062408,0.346004434854061,,0.34604284863230345,0.3453283329353274,0.3454224112663541,,,0.3452958393871442,0.3471810057712959,,,0.3455900796762038,,0.3458679432055422,,0.3461404701392462,0.34639916221171196,0.3465492029734042,,0.3461523589741484,,,,0.3442353650668635,0.34598242406855484,0.34627711596132604,0.345767668026516,0.3466627235290012,,0.3456154007185057,0.34544743076430373,0.3461355814451761,,0.34595036852326355,0.3463770914631142,,0.3457924855020681,,,0.34565003302219494,0.3462016744728674,,,,0.3463445886290789,,0.34647469700430317,0.34661386184507603,,,0.34492742202305937,,0.3456173563563276,0.34622048218937573,0.3464614388261656,0.3460641348889296,0.34526100510534813,0.34574443281118633,0.3455912488831169,,,,,0.3460277931581134,0.3453758523872899,0.3450239489083971,0.3465834184670163,0.34636728602604167,,,,0.34623542425504256,0.3449175759597639,,,0.3468276245715026,,0.3471392235618223,0.34615857506505915,0.34644647075707596,,0.34649258076268447,0.3460791313563793,0.3460533638274936,0.3463593801478717,0.34539816985991895,0.34589679765471476,,0.3461069363380575,0.34575048273228065,,0.34584958490435,0.3449006759818878,0.3454843248660536,,0.3466360630821074,0.3458842657512604,,,0.34591645586123854,0.3458280776015384,0.34596275204811683,0.34645342666393375,,0.346681733259817,0.34549742533197014,,,0.34609806288513023,,0.3454821134860211,,0.3457809431540716,0.34509521046105307,,,,0.34522834023044324,0.34527752311523263,,0.34683413823401255,0.345800626453154,,0.34640118008708337,0.34657799975306697,0.34589191975155076,,0.3406904548240399,,0.35482023245678485,0.35561790415749006,,0.3482981622407793,,,,,
8,24,DG_48pct,96,Z15_F11,15,3PH,157131,165461,True,7169.921478750915,7239.4878759456615,7279.216353802188,2166.69910246007,2118.0638439416575,302.2697251725522,29.04797018586061,963.2949013273436,858.0405335117216,473.1348400546765,434.8939062650812,145.88449066481377,2.1344492292307145,7785.250345504504,78.65035703198268,132.4131822670444,233.2749656945087,96.6072161639736,120.74724799793597,142.4207073414435,0.5832595278452776,0.5829144477091834,,,,,0.46080561150409727,0.3020592230548874,,0.3012493754253319,,,0.3036107973062375,,,,,,0.3040144750637435,,0.30154696920486773,,,,0.230935697442557,0.23172020306085897,,0.00010512613576106608,,0.00010652042468042343,,,0.000106144982553815,0.00010648358735028725,0.00010624043853763684,0.3128460488805159,0.3051216383855525,0.3049649795829383,,0.30761038435209404,,,0.3079880092253289,0.3077897474611819,0.30822714824705183,0.3078482945483395,,0.3076196060032947,,,,,,,,0.30857159363191133,,,0.3073910943884476,,,0.3061876680934828,,,,0.30648629159895474,,0.307124159222298,,0.3060869881073462,0.30718635213908,0.30612993836835106,0.3071484265025955,0.30733317486809125,0.30704089383114774,,0.3062450237842783,,0.3064307560668416,0.30619188066550923,0.30711206146921816,0.30642780141215525,0.3060559717794758,0.30782051022438967,,,,0.3007206895071291,0.37414172916319793,,0.3696658981026127,,0.3717368898993442,0.3719182073328677,0.37226925925746523,0.37553705912746194,0.3758400372314804,,0.37470647006587,,0.3759706407656863,,0.375829122255724,0.3761684033841564,0.37574537591499435,0.37467056159643053,0.37558261634038903,,0.3755484263571747,,,0.3760522249186355,0.37609156443020164,,0.37594952641878976,0.37471410228752533,,,0.37644111851058315,0.3748977768143529,0.3755251176812133,0.37602014418092733,0.3757391577344034,,0.376262019093243,0.37521331008292264,0.37493356244788667,,,0.3754040534571534,0.37593741793506547,,,0.3745775231717097,,0.37639945266946967,0.3752788393524384,0.3757277268780526,,0.3758105833406546,0.3756126745095673,0.375802695614752,,,0.37621312653203515,,,0.37637789485975076,0.3759620701795958,0.37585038163644025,,0.3755540728784402,,,,0.37663031499985133,,0.37661760313955805,0.3761233405203329,,0.3764290823153047,0.37648437348958735,0.3752179992704259,0.3753314655188,0.37670922382980787,,0.37560815446688617,0.37588729360651485,0.376298242892737,0.3755885002325471,,,0.3755826700222513,,,0.37567184607110754,0.3758232498310395,0.3758293389664837,0.37613308953412417,0.37621264790895803,,0.37520562693904946,,,0.37591669781741677,,0.37656466602939953,,0.37645319830278523,0.37561978663373224,,,0.3748994673481126,0.3761602279404024,0.37539667122211523,0.37659875151419586,,0.3753818032238793,0.37510993622000294,0.3759058121225229,,,,0.37702428112018793,0.3758122902866936,0.3768823736835841,0.37653416494382325,0.3744878836748377,0.3766764600034584,0.37596719808117496,0.37689894206772134,,,,,,0.37644629101358923,,,,0.37525148806984565,,,0.375562391602832,0.37623639266028175,0.37590513953080157,,,,0.37649834845002594,0.3756348921342493,,,0.3751049039520545,0.37612808541162973,0.3753553925151172,0.35623990881428996,,,,0.3704305284070395,,0.37079794504211755,0.3702381788427645,,0.37090969421992775,,0.37132615556498155,,,0.36991633789690004,0.3695088573704087,0.37165104943459926,0.37018324645607265,,0.36990493207822944,0.37065315349858313,,0.37121728120299463,0.3704998598744657,,0.37075365133214977,,0.37092566140958644,,,0.3703292802555518,0.3706301133717635,,0.36952840703661305,0.36977165309565985,,0.37010672904060915,,0.37004908860182945,0.36887907007887394,,0.3697582791075981,0.36962505119686195,,,0.3699967351413879,0.3695283179350199,,0.36933403968419365,0.3700693019306854,,,,0.37050524227765025,,0.3698937528037124,,0.3706330947565517,,,0.36926367248505565,0.37047373864828953,,0.37007720031963004,0.3702925372180892,,0.37061628893090226,0.3712740645069798,,,0.3709860932107099,,,0.3702263342924149,,,0.3696626038799606,,,0.37004143770548403,,,,0.3703566061625049,,0.3695574161935774,0.3700086799047156,0.3697574071342872,0.3702388474819911,0.37024090008835203,0.3698190020831894,0.37078119265209936,,,0.37032711124623163,,0.3703007503640258,0.3693833774561854,0.3697361411356897,0.3695733828925229,0.36956779536385514,,0.3697490123201766,,,0.3702617113796107,,0.3704723541360842,0.3692963137132866,,,0.3696245354403376,0.36959772144081837,,,,0.3702059982634482,0.3694298451868892,,,,0.3702281569052571,,,0.3698245344468679,0.3696508096843239,,0.36926849473644796,,0.3689236080276885,,0.3702005839348578,0.36967423088278495,0.3707875401680987,0.37075367721321567,,,0.3702914914634555,,0.3700938827064119,0.37041738943916447,0.369165483454484,,0.3695362829297232,0.3698500316991315,0.37017194888328087,,0.37020839265898975,,0.3703676152348354,0.369446565176291,0.3704252245029361,,,,0.36960704895914887,,,0.36939037160235766,0.37000282193599326,0.37034511926575037,0.3702430142379471,0.37008493026128225,0.3702388396081813,,0.3694439790199421,0.370575037848541,,0.370285488635344,0.37304911271193636,,,,,0.3711697177507738,0.3721836775846602,0.3713309020195871,,0.36512479861877145,,,0.3651544749898661,0.3648741933843232,,0.3724707098376856,0.37231124426991047,,,0.36995726860916317,,,0.3619822226855489,,,,0.35306900830817306,,0.37866010756516755,,0.3908554311117469,0.390567377156925,,0.39530587092557723,0.39565374761404604,0.3951262861430936,0.3980118695262624,0.39951124740828514,0.3984022560517457,0.39828863853250657,,0.39800212776027444,,0.39928254890054693,0.40249611106424116,,,0.39922869916165377,0.39944055104932846,,0.3984208867368177,,,,,,,,0.40017174467394545,0.3990144701759302,0.39943225725528686,0.39847509942321724,0.3995119971526834,,0.4067082207772764,,0.4054043569649357,0.40639812806690934,0.4049806432600266,,,,,,0.4076357318761496,0.4087507667204952,,0.4111606090778291,,0.408840032140006,,0.4096062652264481,0.40733449102396496,,,,,,,0.406455293294899,0.4068573238481901,,0.4067633186974148,0.40771199044604217,0.4082343177692974,,,0.4057151713379385,0.4064863110683534,,,0.4073576467034977,,,,,,0.40704555096951456,,0.4061590531673814,,,,,0.4066479609847649,0.4066072440070301,,0.40673439922335564,,0.40658097827443734,0.40698967991464957,0.40778192233056293,,0.4067194120348346,0.406449107273318,0.40554125022246273,,0.40666099919276266,0.4051327954451759,0.4071856324919183,,,0.40619281938544216,0.4069912502410378,0.4063028413853099,,0.40606906371259166,0.4072473950658308,0.40595597131281075,0.40686812564608005,0.4063848031162565,0.40701830399613687,0.3691808536581351,,0.36952532728738247,0.37008370436162225,0.3689744369436402,0.3703388939111014,0.3692443304550724,,,,0.3695022390761496,0.37065838351567254,0.3697913681776024,0.3695190050658818,,0.3698502922690281,0.37010356471857564,0.36891468053709187,,0.36924565406893284,0.36911670318743584,,,,0.36999517013282535,0.3694500010696636,,,,0.3697848805390592,,,0.37044246916979773,,0.37099147323702514,0.3708559459934732,,,,,0.36987253764011496,,,,0.36853642257025226,,,,,0.3687756271441262,0.36858291523333847,,,,,,0.3702277615521167,,,,0.3687754451492865,0.3683654349812426,0.3700946582408945,,0.37042903955569695,,,0.3688260686484635,,,,,,0.3692770435184471,,0.37069268991086013,0.37036542990392235,,,0.3695928537550966,0.37084945576343303,0.37061994062809245,,0.3696209878721609,0.37066634954076483,,,,,0.3703303340109758,0.3702747603067377,0.37001651009583714,0.3699406274264871,0.3711399611841051,,0.3705988928238285,0.37020947709083407,,,,0.37023246799975856,,,,,0.3701597040582461,0.3703701015310875,0.3694455274324267,,,0.3694454745428461,,,0.3688814546141826,,0.36940957646988193,,,,0.3699493737828898,,,,0.3698273097632593,0.37034118988161047,0.36962417241654993,,,0.3773903605533164,0.3766495131056976,0.3763030099718161,,,0.3777829521057847,0.3137737728573886,,,,0.31065374571186993,0.4047824651577362,,0.3035967405274158,,0.3019174493234455,,,,0.3033297269098856,,0.30290671363317445,,,0.3038978570622167,,0.30221691709863036,0.3036207331297265,0.303167583309401,0.3036550447616372,0.30307389187896416,0.3037034899829285,,0.303428344785163,,,0.30187625017732544,,0.30345823060819127,0.3025980851644548,,,0.3024395364043277,0.30274438427170836,,0.3028124540295112,,,0.3032516181718225,,0.3033888111187778,0.3024902523875844,0.3027368322458952,,0.30347929085883524,0.30360568796555404,,,0.302948898923073,,0.3032408196298594,0.30234449973247407,,,,,0.3028861158027136,,,0.30327642365631813,0.30231217228823826,,0.3039986222084499,,,0.3029506930835917,,0.3029782010887023,,0.3031026404934385,0.3028124064241016,0.3032292863490486,,,,0.30245008674447443,0.3029134474174767,0.30294855543865923,0.3023704338430633,0.3035210353533809,,0.3030238639985527,0.303194295623512,0.3040086365886656,0.30241119045952813,,0.3021290839271772,0.3027240352555661,,0.3029547414586267,0.3034320878434668,,0.3030312990055702,0.30263932186325315,,,,,0.3041950356502864,0.3029127205480307,,,,0.302807545641716,,,0.3028659359667479,,,0.30200393651198615,,0.3032476614767439,,0.303044741370343,0.3019746327411332,,,,,,0.30250034824608746,,0.30382281890625124,0.30254381283027604,,,0.3018567119369763,0.3024042399937887,0.30299812359314293,0.3035044210919791,0.3033481999097729,,0.30324467170168073,,,0.303305192900069,,0.3033438011804086,0.30322873993164906,0.3035647693587436,0.30282055378255585,0.30315705965199,0.3026933129423824,,0.30281716191187635,0.3028241947978546,,,,0.303506435349676,,0.3039395199570154,,0.30363331073214583,0.3026886989988561,,,,,0.3035852475878166,0.3029329517380898,,0.303351401831231,0.30317920344584653,0.30313792750578544,,,0.3021919499984675,0.3033757560161993,,,0.29941722515045993,,0.3106818817100902,0.31071160951593607,,,,0.30413692101131296,,,0.3047864306087258
8,24,DG_48pct,96,Z15_F12,15,3PH,157130,165465,True,6537.953451242592,6569.389222518642,6591.102059703004,2540.018250243193,2476.8325131786555,351.20046869615805,34.06721741184935,1118.9249621909448,1004.574411195918,549.8215625774832,510.77540098379797,169.722123491437,2.4719932317463766,7016.076787596225,91.89793821411031,152.2065817424932,271.8889441665241,112.85880840347998,141.40851466519544,165.5584097010112,,,,,0.6117421888957894,0.6135502571882193,,,0.3524017367713245,,,,,0.35530918109562803,,,0.3544549153622878,0.3550611144521367,,,,0.35177598688397854,,0.2888078320913645,0.28873066824091465,0.28918276888382544,0.013700520064486616,,0.013699325311332116,,9.632305540666541e-05,,,9.630920440460613e-05,9.619567718294497e-05,,0.3554784110664159,0.3575773453959292,0.35571875955033283,,0.3583296427268033,,0.3602104357548688,0.3606772717775303,0.3596198495346461,,,,0.3603462578629417,,0.3605231339167506,0.36012405124894015,,0.3596353035160754,,,0.3592014695500551,,,,,,,,,,,0.3578529656835221,,0.35751184564876787,0.3589795535451966,0.35767890963166454,,,,,,0.3577516551612732,,,0.35914607134547877,0.35737083630486083,,0.3587044897298331,0.3575200144387815,0.35156239368552306,0.3513115673735287,,0.4382192371508458,0.43306643632546715,0.4332304681079645,0.4329741071490106,,,0.4359478068287816,0.43967539350202195,0.43783336850779786,0.4396316783517794,,,0.4392408382044905,0.43738408933161926,0.4382628681976761,0.43963219789487085,,,0.43926063390399805,,0.4393552238050922,0.4398280300550519,,,,,,,0.43862707844079996,0.43843831598676936,0.43961905349942343,,0.4385323291635859,0.4394967126969477,,0.4383802605196228,,0.437693852914565,,,0.4378297739315449,0.4384514047151355,0.4391348893121475,0.4384147785219024,0.4384034299178216,0.4379178724830085,,0.43723903573383877,,0.43896878187878996,,,,,0.4397801687531659,,,,0.4404189942365054,0.4383888299385584,,,0.4388683024300349,0.4401792497928092,0.44042572065079566,,,,,0.43994518026048873,,0.43906402550812984,,0.4408198897599784,0.4400952600997705,0.43952133884968164,,,,,0.4388991573767619,,,0.439084620135191,,,,0.4386308796362304,,0.43890539668871104,,0.4385707768901399,0.44027267518811036,,0.4395275550155073,0.4391151975860441,,0.4398883593730419,0.43946991824541287,0.43974010681822395,,,,0.44055885958985574,0.4409950506980161,,0.438640144257816,0.44018198743447307,0.4400632884973045,,0.4398449359326646,0.4405159556071884,,,0.4397862850974902,0.43887857133869984,,,0.4389134999762027,0.43924763686719354,,,,,,,,0.44079289686681283,,0.44027578632112846,0.43923737629299553,,,,,,,0.43940071014949533,0.438509091798297,0.44042647313421374,0.4395548732386967,0.4408185785824228,,0.439080412460996,,,,,,,0.4178460280957451,0.4326528271039871,,0.43149748466525506,,,,0.4323215586764607,0.43216217638407156,0.4320674336256541,0.43182700654841377,,0.43305983556047656,0.4320146582477419,0.4315456147686847,0.4319644691836555,,,0.43174294478564657,,0.4317394259827656,,0.43251596050119445,,,0.43188280963279174,0.43160138941005344,,0.4320931451877855,0.432858858557625,0.43241324801240283,,0.43329406856067204,0.4299864872311219,0.4318382279150238,0.4327496708963525,0.43174041757384396,,0.43107698531807204,0.4338593244544258,0.4318397727175929,,0.4320941875841672,,,,,,,0.4308583345516512,,,,0.43106351834375134,0.432675833334294,,,,,0.43334525812334784,0.4312386146100422,,0.4333857114383941,,0.43421414642969036,,0.4320699908492594,0.4329809797467571,,,0.4332876340072989,,,,0.43148276956143444,,0.4327564878012001,0.4312767451931894,,,0.4319331069195445,,,0.4319103172738184,0.432495715847019,0.4335752495794765,0.4330699065360929,0.43277573325373886,,,0.43376871422746266,,0.432235773395855,,,,,,,0.4321419699726861,0.43175551885749547,0.43210320364960525,0.43201806823157735,,0.43304703670448996,,0.4317613466179055,0.43269284806260855,0.431729813312566,,0.4309420399233367,,0.43192713840549396,,,0.4312806000693602,0.4316744582839949,0.4326960330224358,0.43289655933475846,,0.4322358057947851,,0.4327051561211628,,0.4327257347405745,0.43230830437118567,,0.4314759904235456,,0.4309504605732885,,,0.43325022638333055,0.4324709536266327,0.4327586481469203,,,0.4323469716487202,,0.43208472138003456,,,0.43241625062493005,,,0.43309805789392475,,,,0.43273733256024455,,0.43353879732604733,0.4330225517372909,,0.43140647574469093,0.4336258723621097,0.43230066186976784,0.4327474353955168,,,,0.4331264766853987,,0.43246033946238455,0.4324364066783757,,0.43224137114322164,,0.43610376379096666,0.4344570579453626,,0.43274363624960827,,,,,0.4258298554967076,0.4278251173181951,0.42699061890029294,0.4258786574558399,,,,,,,,0.4332873563529898,,,0.4220321006705318,0.4115616933643113,,,0.4407622584734803,0.4424657671434567,,,0.45653931265226205,0.45612408747021643,,0.46166534380516694,,0.4659073790938662,,,0.4644844993775221,,,0.4661498311966144,,,,,,0.4675504723020349,,0.4654576143291303,0.4654268529988115,0.46691008076534274,,0.4652766189195364,0.4646493629951243,0.46620989972395704,0.46737778414275233,,,,,,,,,,0.4749019515023106,,,0.4778665043817316,,0.4785596818780998,,0.47793290815357126,0.47960412079172693,0.47871483641115825,,,,,,,,0.4766327069198965,0.475470992091024,0.47459788125128954,,0.4745952928444731,0.4749469999688245,,0.4752308135927785,,0.4748176718385248,,,0.47417493362045887,0.4741699887139191,,0.4754422480759398,0.47497556490025383,0.47685028078723823,0.4765905387145492,,0.4745329369229859,0.47485252492414326,0.47503454171868215,,0.475456250283482,,0.47554312461745424,0.4757105847938591,,0.4752345232521591,0.47437739257620304,0.47464273401181933,,,,,,,,0.47534736642333064,,0.47493235444957216,0.4755397796270477,0.475882670297986,0.4755453531899524,0.47482651714723667,,0.4745719223925748,,,,,0.4761458663943516,,0.4757167143650118,0.4744536062963174,,,0.4317864764030553,,0.43245602755858026,,0.43117461616166913,0.4322219310018485,,0.43209279066198075,,0.4329424756076882,0.43265644413247484,,,,,0.4325816514086377,0.4307364092431467,,0.432007741122169,0.43289650784341294,,,,0.4311743847159984,0.4316110487635931,0.43161570453707165,0.43193183540789687,0.430361669436802,,,0.4313940412557796,,0.4329742827074712,0.4332079695997804,,,0.4329603352218948,0.431299612089275,0.43323106831301417,,,,,0.4311237052126257,,,,,,,0.43101786142025067,,0.4315412439454511,,,,,0.4319506291100188,,0.43251173771569756,0.43123876472060646,,0.43157663000041235,,,0.4253469837326455,0.4298549373867033,0.4313353501235024,,0.43114088616063917,,0.43139880091097943,0.4313628826543504,,0.43120381837255434,,,,,,,0.43165592457073204,,0.4321801593748984,0.43182866723672864,0.4319663891264131,,,0.4326216029072366,,,0.4319797898564584,0.4312968104539521,0.4331820084519466,,0.43130425498985586,,,0.43315204158791215,,,,0.43208387007511095,,,,0.4320119445714736,0.43114936732145637,0.43165867626894383,0.43214801732889085,,0.4317465146675933,,,,,,,,,,0.432676645257901,,,0.4320866492125836,0.4319582169840012,,0.4315264889595309,,0.44050874323559935,0.4402411157949674,0.44063431409449094,0.4401946931022412,0.43928311848395774,0.3656205033029514,0.3910974647776631,0.36351958874610607,,,0.4719890331032904,,0.35317982000773007,0.3546162213478476,,0.35385256215469757,,0.35351454478333083,0.3551474910765136,0.3540664797348011,0.3527333182351802,,,,0.3524560571288026,,0.35352466609046035,0.3548596378658014,,,,0.3542039385071132,,,0.354313333295349,0.35352135295951065,0.35350374849405886,,0.35355023859501655,0.3541110080118761,0.3534137932258147,,0.3543270212759842,,,,,0.35438220726988945,,0.35462994197260367,0.35362547957916907,,0.35380543789459473,0.35454300073154094,0.35394467437288085,,,0.35533804816866554,0.3533867445254803,0.3539599980583935,,0.35367627793507156,0.3553081848680343,0.35377803210584835,0.3544702232166994,,0.35426687104605076,0.3532320813079084,0.3540361507631226,0.3532175635085585,0.3541518573274256,,,0.35365586257232706,0.35338652692591965,0.3543414760498914,,,,0.353914592560795,,,0.3537537004898663,,0.3539186799254353,,,0.35470333759304046,0.35347544273149967,,,0.35376948512827466,,0.3531755990755624,,,,0.3537713884041888,0.3535793527773147,,0.3541387446591103,,,,0.3535007429407534,,,,0.35376342284695245,0.3534665359533644,0.3528472859085445,,0.35355039844952807,0.3528475007513679,0.3548028438256842,,,,,,0.3532556321945949,,0.3544546915912302,,0.35385528891241985,,,,0.35376122167126806,0.3533790377012267,0.35448159938352836,,,,0.354329494568266,,0.3535902113840454,0.3542695799386207,0.35393827484067697,0.35378692363723735,0.35368634092254964,,,0.35475465374717713,,0.35387647186685395,,0.35360109336610873,,,,0.3539827865687228,0.3527483196349472,0.3546209743407811,,,0.35511849401976286,0.35385128248084724,,0.3536967526586442,0.3534524912462372,,,,0.35413055448785763,,,,0.35510241837514905,0.3543374978535946,0.3532288573828664,,0.354246928026411,,,,0.354254926087129,0.35493627497993735,0.353576793640204,0.3499099478170412,,0.3498523474201947,0.3634178918355099,0.36206230922484484,0.36233872596195826,,,,,0.355651446483481,0.3559490626974733
8,24,DG_48pct,96,Z16_F01,16,SLG_B,282086,283565,True,7056.0443008494785,6800.59723443562,6656.291644589935,4413.355501337734,4356.40346939382,586.5083951550248,54.929897495078436,2083.240314709807,1866.9782956772226,1026.8638262683066,955.7012955138632,314.89505085224863,5.774197758908843,113.48660088708256,7827.009144866507,253.81915584112363,489.0481226506787,199.41506807234208,240.87949564172,309.81437553629456,0.5881319776450146,0.5887635501672884,,0.7864310258331666,,0.6575070240991921,,,0.3397928525232547,0.3392463724565561,,0.6998013492460972,,,0.23212960077478695,,,0.5698984551204377,0.5697718034974172,,0.34598026133887133,0.34363025463521996,,,0.34762856647890017,,0.3444587585303867,,,0.3479333409929337,,,0.34852474375599524,0.3482935159592856,,0.711598661394383,,0.3535268019549569,0.35299081091517887,,0.35494373940075774,,0.35635436938221665,,0.3551937021646841,0.3558451395483835,,,0.35537393836303177,,0.3554893193439096,0.3554089304717938,,,0.3555829410828695,,0.35611280278367075,,,0.35346228845313726,,0.6924678124320577,,0.6946516729460747,,,0.6934242707473394,,,0.6942690288525233,0.6958962348393991,0.6934411073402483,,,0.6948271364397791,0.6941058782572166,0.6955263732836867,,,0.6928093023321954,0.6948247267006541,,,0.6930735582344564,0.6944417764050349,,0.3455669222760228,,,0.42831021266431035,,,,0.43114195074787476,,0.8331702657344396,,,,0.8339599352081009,0.8320571032207745,,,,,,0.8303381432546046,,0.8294358575399442,,,,0.8334389539618294,,0.8309492858660917,0.8335537201568824,,,,,,0.8315072263705995,,0.8335413226860019,,,,0.8323258531591421,,0.8308225977015073,0.8306608546031434,,0.8312688355680752,,0.8295961115723417,0.8305566933371193,,0.8328072159470699,0.624564913264486,0.6259896971586961,,0.6281688589462766,0.6262255248647328,,,,,,0.6264597718921365,0.6273250979324239,,,,,,,,,0.6257517748679042,0.6249476289404108,,0.6253673636367012,,,,,,0.6249310330239588,,0.6234149890607809,0.6253712052004533,,0.6272489098318369,,0.6243992459045324,0.6253485733268073,0.627680815577668,,0.6270825499897782,0.6271677364866206,0.626329822129739,,,,0.48659754176823067,,0.4863172602573586,,0.48655029922084464,,0.4883391397400422,0.48703278776337067,0.487476013874076,,0.4874842905828094,0.48721330005999014,,,0.48832026094091613,,,0.48784271754160125,,,0.4876233485144471,,0.487424116663832,0.4871396123983558,,0.4875103207331001,,,0.4873957095431124,0.48690731908617535,,,,0.48770179766225175,0.4876398602724111,,0.4884918571719078,,0.4861631857407639,0.48752004124037873,0.4879241164146341,0.4871360257948076,,,,,0.4876067897816222,0.48769578237673056,,0.48715924347291306,0.4865800688761679,,,,,,0.8183063505429312,,,,0.42723680616060056,0.4288549206445029,,0.8211861522994247,,0.8219268045418897,,0.8221797436172231,,0.824093387156524,,0.8224274429456949,,,,,0.8216934540156996,0.8233351009361352,,0.8228377899735502,,0.820206456965914,,,0.8215679798184774,0.8222804778251276,0.8210971059214278,0.8197710982172124,,,0.8221611118837053,0.8216450425867683,,,,,0.8203783504797361,,0.8218438458005931,0.8205279642043873,0.823928875774721,,,0.821103176284279,0.8220792694606438,,0.8247897027861075,,0.8194190178594648,0.8196752178718881,,0.8237370702195979,,,,,,,0.8212955896303804,0.8217386900468983,0.8221068112255123,0.8219964865903858,,0.8229248609662202,,,,0.8216776005534491,0.8215819908348658,0.8236114386381677,0.8224039783784907,,0.8205331323157398,,0.8225619003694782,0.6204042624204549,,,,0.6215781815552095,0.6205653435438033,,0.6215082766734157,,,,,0.6186721549336662,,,,0.6192839652528439,0.6185138119784803,0.6179539073192363,,,0.6182336628068528,0.6181782902390237,0.6180628121514894,0.6189938674152614,0.617820597735993,,0.6212218040948179,,,,,,0.6221431785204369,,,,,,0.6227766938349009,0.6204541691898908,,,0.6191143480869149,0.6194231522443117,0.6196468120671087,0.6200517849584148,,,0.6215401279428258,0.6184108258476707,,,,0.6198685923944908,0.6198201631656709,,,0.6200921488630579,0.6208325429920658,,,,,,,,,,0.6191322076697078,0.6179868213842548,,,0.6184803818431064,,0.6183138213173544,0.6208542952856666,,,0.6210313857988375,0.6214485794836675,0.620225125987215,0.6201672675986138,0.6199764020408453,0.6195408730431611,0.6187726146515252,,,0.47581289319727404,,,,,0.8246865344463448,0.8228628010623711,,0.42297144136377185,0.42400411123974746,0.4230416690287823,,,0.8262975484235506,0.4810680841661294,0.6198990299469784,0.43015327219875704,0.42870408431237084,,0.42219736377552247,,0.4220987333660467,0.41543390537148267,,,0.8380200206825923,,,0.8670308590096076,,0.6465541869277778,0.8733279837087367,,0.6553640643574896,0.5181464711465028,0.5194969318021985,0.5173962049457475,0.5183442332892664,,,,,0.5239922717812692,,,0.46044394316308873,,,,,0.4603055054105847,0.4612322159238429,,,,,,0.4607487230948693,0.4610879551848402,0.4616544677139291,0.46103836671428383,,,,0.6740808152849542,,0.6749009990288234,,,,,0.9055764498279716,0.5320859628687274,,0.5317582568916905,,,0.677218498260982,0.6774262258959751,,0.47055304640520323,0.46972634299890426,0.4698432587154114,,,0.47077400144357723,,0.46962176977862696,0.4704228014298623,0.4691139329187557,,,,,,0.4684616787626648,0.4696606062477123,0.4679537465975797,0.46994059460185406,,0.4698504774955072,,0.4703435747212948,,,0.46884622563580736,,0.4684157140789435,0.47123871685453067,0.4707324246989548,,0.47028107841879196,0.46880977257037887,0.4674085967009829,0.4691563118963684,0.4687454662691213,,0.46898402915232634,,,,,,0.4689688739594133,0.4697122186142729,,,,0.47051211146117206,0.4689333286522417,,,0.4687998807949093,0.4698232267787697,,,0.4695861947337976,,0.46993222857238615,0.4713876371347567,0.465343517686957,0.4648099539845291,,0.46605282826657957,0.4651636750763148,0.4649836621047936,,,,0.46545054715839623,,0.46522270468880284,0.8230206572647815,0.8207538535444043,,0.8195948935708223,0.8196350731371594,,,,0.8199111931033387,0.8206433245084229,0.8219460994716423,,0.8203140533462143,0.8209484086788947,,0.8205464023680216,,0.819626615097325,0.8187297229461847,0.4648871175088775,,,,0.4649243636248749,0.4667661471800927,,,,,0.620301555742453,,0.6218942127692916,,,0.6197982704431395,,0.6200424793038075,,,,0.6215160845055067,0.8203277863630253,,0.8204481903423305,0.818639390493533,,,0.8200848014870594,0.8219944801400407,,0.8239584404660107,,,0.807017565751423,,,0.6223928809029964,0.6213071675341995,,0.6219212519527312,,0.6211970881734277,0.6223639023199843,0.46647279852825463,,,,,,,0.4635255362172402,0.46397029931069833,0.4676278667471624,,,0.4651658156304374,0.4641027244766048,0.4653100207511059,0.46474309306166967,0.46488746887499544,,0.46638078821961537,,0.46499205438264885,,0.4656818428927528,0.4663926244061514,0.4664722305494738,,0.4673405489518047,,0.6228189649485684,,,,0.6230265968243343,,,0.6214547777954879,,,0.6206994462799784,0.621391679340928,,0.6230052001806795,0.6216691668323217,0.6221307664993205,0.6230504016922686,,0.6208577621292658,,0.6222985927555104,,0.6227564660747101,,0.6210723323929962,0.4354324052858047,,,,0.4372675924574669,0.4363984463359606,0.35857007394370777,,0.3581414861764372,0.3591747866113066,0.3580034402040257,0.894198656397496,,0.34692675874145734,,0.3480243659962479,,,0.34737439652765223,0.3474322382764151,0.3474750307320928,,,0.3478050061140845,0.3471549281510393,0.3474378495986403,,0.3478612849562726,,,,,,0.34769546964115705,0.3467867958071107,0.3475639209767786,0.3479796397331888,,,,0.34755354202042316,,,0.3482778929675202,0.34811298253963463,,,0.3483475964358395,0.3470169832176697,0.348590886504754,,,,,0.3484286000190156,0.34776751842157183,0.3471397819420574,,0.3466991495990821,0.34751258407106983,0.34745357012388195,0.34722888346473885,,0.34774151718373647,0.3473187814616166,0.3471747424570938,,,0.3476003975021841,,0.34719835452254727,0.3462175645656705,0.3480355541175626,,0.34754909696330766,,0.34753638682062454,,0.3481528682656539,0.34769212106863695,0.34796050886791735,0.34806676876137954,0.3490649695480757,0.34769099162838124,,,0.3474069760267451,0.347815483098388,,0.34832499655286764,0.3476716500769566,0.348097113410952,,0.34795842599128757,0.34690134612987883,0.3469998944124937,,,,,,,,0.34831026367522405,,0.34777351895653946,0.347303400305053,0.3472830380279355,,0.3479414368283223,,,,0.34602054643145,,0.347033463034199,0.34694754826916596,,0.3477743186095497,0.3479161163076802,,0.34773551211827,0.3466219345910776,,,,0.34753676910857584,,,0.34793221243926736,0.3477552587479575,,0.3480172162378733,0.347174309169774,0.3478033053951657,,0.3470828815316652,,,0.3474809201560862,0.34700240143208794,0.3470555097616751,0.34717393562894683,0.3475088503977854,0.34807493314302196,,0.34741050764421816,0.3471441575701554,0.34798374357902456,,0.34760973466571365,0.3466001222813665,,,0.34840856543781606,0.3484682538648955,0.34796990960883506,,,,,,0.3462861719650012,,,,0.3477541817999344,,,0.34655864902982497,,0.34864625141005856,0.34752888702856405,,,,0.3477034072929886,0.34783519008324726,0.3466053665981837,0.34695887371107675,0.34534572661196244,,,0.702124410695253,0.3522552002970394,,,0.7028120271744716,,,,0.5793933318186462
8,24,DG_48pct,96,Z16_F02,16,SLG_B,157121,165455,True,7007.8501297323,6790.9873730497475,6605.266872971006,4423.741585160853,4391.099172432492,581.674457400354,55.44457005645501,2084.82301286457,1870.8549518437492,1038.070718792339,955.9531620425018,313.655670159614,5.801871727672975,109.67489952038598,7373.693782265972,252.17931239278343,489.5187330922929,200.53515972551043,243.35604906806614,311.0779163519275,,,,,,,0.5061459200857911,,0.34607310373690886,,0.28935831220035635,,0.6982114472262543,0.7016093335214354,,,0.2575049754327797,0.5742016716896513,,0.5755138492643082,,,0.3525193915029988,0.36180926317134104,0.36201155631006443,0.36095990688287927,0.3593145881073165,,,,0.36232802226054434,,0.3620657678967126,,,0.7108555703948183,0.3672091487182125,,,0.368778826360772,0.36876986367044157,0.36798835530675983,,,0.37078653462527955,0.36933502739217217,,,0.3693002869908485,,0.3701544162011011,,0.3695631749987666,0.36974338411078395,0.3700339961394774,0.3691112756930242,,0.6927763134133199,,0.3739548865137129,0.54674538530772,0.6947571702730265,0.6947362280478511,0.6944549244229671,,0.6942298275139486,,0.6938940360025955,,0.6948977541542053,0.6954071990352503,0.6936215099666876,,0.6932190008137793,,0.6932116600389951,,,0.6952671972336547,0.6970800980074568,0.6950562776725916,0.6946954286466738,0.695641418923407,,,0.3609224660298735,,,0.5056852444546115,0.44646985579753357,0.445707796610621,,0.4495758169567837,,0.4477264265308827,0.8370437629179784,,0.8350186330324348,0.8371169098004153,0.8327058073618868,,0.837253777619294,0.8355080576561393,0.8362681164714081,0.8363919854839771,,,,,,0.8351240563944883,,,,,,,,0.8365387253880305,,0.8346956066031426,0.8330202147923126,0.8350698553464063,,0.8368827651868028,,,0.8349618391973403,0.8334959616856618,,,0.8364674304698324,,,0.8360178880692228,,,0.8340286073212043,,,,,0.6297553042042524,0.630367394507068,0.6298824596841296,,,,0.6297441747484751,0.6292977790625645,0.6285744242289713,0.6314603964743901,,,0.6295898961899454,,,,,,,0.6286712485123791,,,,,,0.6299476099157756,,,0.6293406036273821,0.6283961023342082,,0.6293673937139371,,0.6308561239686388,,,,0.6294734980946008,0.6306246872950377,,0.628872865790934,0.5097571157970374,0.5088871570761838,,0.5093384696972769,0.5103811831431758,0.5098585611103834,,,0.5080220636181171,0.5085050298701972,0.508772887774819,0.5082459166301114,0.5083031016460807,,,,,,,,,0.5096153332462143,,,,0.5078991741314388,,,,,0.5081064125891898,0.5077260293868153,0.5081546426935082,,,,,0.5087668960680818,,,0.5108768570427974,0.5079303114461778,0.5095681965891881,,0.5077465110867044,,0.5085010188047151,0.5083824961744,0.507673938417218,0.5070221305723915,0.5076798356573964,,,,,0.43491713275819643,0.8234200057293507,0.8216893097077744,0.44479851459466013,0.44548887037630114,0.4451438050631621,0.4456862264294159,0.4461840134638921,,,,0.825647607846963,,0.8286688878260869,,0.8262515529887752,,0.8264672392920752,,,0.8256603789889867,,0.8287706315375849,,,0.8259666990838888,,,,,,,,,0.8261871900645102,0.8228176858052417,,,,0.8233231015145293,,0.8262399714399574,0.8230447782581715,0.8242867426486395,0.825972377346892,0.8244861950080018,0.8238931511013241,0.8247171215711451,,0.8247854266124948,,0.8239924151312016,,0.8260806053358457,0.8254615088650828,0.8274993198645043,0.8259092017109015,0.825519342260462,,0.8262382907397079,,0.8264642753673085,,,0.8262300000527049,,,0.8254360872587451,0.8242417730974781,,,,0.8252907023048963,,,,,0.8261429471702179,0.8247144855259655,0.8231112527462634,,,,0.6246513948726956,,,,,,0.6236557114421297,,0.6246898772519087,0.623513340658162,,,,0.6222848751565435,,,0.6210530799730127,0.6242178358779672,0.6227684258147393,0.622198421538479,0.6215387888840057,0.6222662381156737,0.6236915711895142,,,,0.6217080077887321,0.6227338241467368,0.6252718929962621,0.6207567374152768,,0.6228760650626117,,,,,0.6248285633953099,,,0.6249430443454823,,0.6239518757014654,,0.6255695507324175,0.6238776832459831,,,,0.6238891892981585,,0.6254860574072565,,,,,,0.6245528547788187,,0.6236146491251363,,0.6213335073153595,,,,0.6236860371910883,,,0.6252966402422007,,0.6229433304076638,0.6221207492319379,0.6227960062505953,0.6216427974036541,,,,,,0.6237061507160557,0.6218292592308806,0.6227426127689966,0.6248970005078377,,0.6210388486848577,0.49857257136756045,0.49755705330168515,0.49827836291483213,,,0.8274912766401518,0.8288448090626854,,,,0.4411993003256387,,0.44087307480897625,0.44187629914375004,,,,,0.4459568471586666,,0.44587262010869605,,,0.43970214424921733,,,0.4333871733928254,0.8424964468385113,,,,,,,,,0.5401282347612975,0.5411322492450502,0.540815850629455,,,0.8903932202230442,0.5404466587213989,0.6646059216396182,0.5444637902774149,0.5458019731108645,,0.47863419102494453,0.4799550131934712,0.47878346257134047,0.48114125064531543,,0.47847934118347524,0.4793893752373306,0.47943819720906705,,0.4788620827505735,0.4785752056632575,,0.4790888309511745,,,0.479302857969488,0.47979806589100377,,0.6789261075387476,,,0.6789012045295743,0.6724674943519502,0.9119101775169531,0.9113264577844591,0.9094515688973104,,0.5566644169545668,0.5541140395160685,,,0.682754950051794,,0.6823369344212908,,,,0.48758026990654396,0.49009316430353345,0.4899231014871855,,0.4883838540584594,,,0.48847185613519034,,0.48904716120967895,0.4885543425884895,,,,0.4881500460186394,,,0.4893816996409462,0.4895878564802287,0.48900178642862147,0.48853233183676353,,,0.4884879031742047,0.4871924680181149,0.4880800800383832,,,,0.4885275331802014,0.48680163569022783,,,,,0.48887644772625455,,0.48826574055919625,,,0.48773393614377325,,,0.4878873209534425,,0.4886416175830736,0.4878999117919737,0.4879208822270965,,0.48890268269958453,0.48829539413514367,0.48786413056476274,0.4876170342666225,,0.4880134663532158,,0.4890384556755171,,0.4873522071726929,0.48668614293286666,0.486972528909421,,,,,0.4855859185167967,0.48771155057182985,0.48720753021999713,,,0.8228162396474412,0.8260167527240165,,0.8237775312651111,,0.8249375125644528,0.8236906885086941,,0.8249206550386072,0.8229004110506893,,0.8245352808899491,,,,0.8226270358798043,,0.8221201587000078,,,,,,0.48854343630951946,0.48803665174571725,0.489105767930169,,0.6254845282407538,0.625645016370491,,0.6264647168532258,0.6239627217934169,0.6263054469574207,,0.6255126659568666,0.6252325488676439,0.6260737529561444,0.6255796472338915,,,0.625009672153448,,0.8209711083129783,,,,0.8250346591894894,,,0.8266383807011672,,,,,,0.8178844215652235,,,,0.6260475099991875,0.6259635045771579,,,0.4873363838342539,0.4872561045494755,0.4866771640299503,,,,,0.48745245837069334,,,,0.4881065016036766,,,0.488191483812837,,0.48729128774290026,,,0.48860204275929786,0.4887037301984896,,0.4876282645925394,,,0.48730111869322246,0.48787064593231544,0.6270030744514443,,0.6272240454660024,0.6279083295966963,,0.6264391033682546,0.6274676036448594,,0.6296259389978222,,0.6254231817294487,0.6247183804272745,0.6245299366676174,,0.624945970280666,,0.625244872977439,0.6270580879149225,,,0.6267779804054611,0.625816172737989,0.6261060598851559,,,0.6272716458709189,0.45331484280490514,0.4536360498268034,,0.4536722394136632,0.4527713088921542,,,,0.3732524154759287,,,0.8987559954177664,,,0.352509500969783,,0.35096350476419924,0.3513519909837607,0.3509092266518126,,,0.3511082119820524,,0.35215161454142363,,,0.35147971843789094,,,,0.35144882628485513,0.35055216355475355,,0.3515615275933787,,0.35054721175979986,0.3519991568897809,0.34988502020687545,,,0.35100125142174143,,,0.3498140267866117,0.35215218793917497,0.3512087944098057,,0.35184566089558006,0.3518105417369582,,,0.35058897008927253,0.35221089025272323,,0.35127075659368967,0.3518315839233947,,,,0.3511310091095857,0.3520608329678628,,,0.35211772600678903,,,0.3501744927440683,,,0.3515689490447832,0.35111323799708827,,,,0.3516764935432794,,,0.35188711217295604,0.3512707783087884,,,0.3513257853530944,,,,0.35114024944821803,,,,0.34974648693859184,0.3520773142236392,,,0.3501468913976217,0.3511214224890343,,,0.35138698098045745,,,0.3504516528524486,,,0.35194221102203493,,,,,0.35143745524616843,0.351629582472682,0.35135785152816146,,0.3519470287347747,0.3515323570128096,0.35152990112121074,0.3517795523117744,0.35015858096962277,0.35135936563870607,0.3514878189479533,0.3514598858116282,0.3516859900380301,,0.350688994722612,0.3502993609889935,,,0.3512095071109725,0.3506666017493882,,0.3513994451378844,,,0.35085993372443364,0.3504940469390926,0.3512737787679105,,,0.35037868939707206,,,,,0.35167665415628085,0.3505426537725455,0.3509433337141743,0.3509444901338863,,,,,0.35069006240623674,0.3510137357542791,,,0.35144757550332417,0.3513959101985637,0.35148896534474067,,0.35244345876467814,0.3515791767529154,,,,0.35128864229418144,0.3517935773687475,,0.35170332781995345,0.35036900520898595,,0.3512927600227094,,,,0.35032643322915613,0.35218054626443046,,,0.3521130043581448,,0.3514888071470362,,,,0.7057093434220465,0.3734794040207469,,,,,0.21512142252626604,,0.5810601717723914
8,24,DG_48pct,96,Z16_F03,16,SLG_B,157122,165452,True,7277.439699304474,7137.438841043694,7235.40853669233,4278.9024353621,4224.348646319586,599.488623514317,54.596086716810284,2038.7216483468821,1834.5007434065735,1017.3456655315641,940.4650044081079,313.76784347550176,5.533945683239981,125.03139137757096,8923.884045690364,258.8964637573236,473.41966665865255,193.50587093464796,238.84552111351329,303.6135510786359,0.5614601684702263,0.5620154149784421,0.5617151499687262,0.7858579822302236,,0.6472643256812569,,,,,,,,,,,0.15146985736029078,,0.559749607064817,,,,,,,,0.30737080889617996,0.30622031103141123,,,0.3106047288862634,,0.31077212659142656,,,0.7088249055199479,,,,0.3156643860427236,,0.3163766975956094,,,0.31763229855846686,0.3169051790338214,0.318366715455458,,0.31833421358089864,,0.3170492043244978,0.31730792134034996,,,0.3172355634414864,,0.3175422772283495,,,,0.5328564311630437,0.6905866111497238,,0.6877547887137736,,0.6873970529174798,,,0.6896075715139341,0.6890811200357746,0.6897577366523868,0.6869802785178039,0.6875640009925079,0.6868133407008566,,,0.6889004851943457,,,,,0.6879228819699184,,,,,0.31023759722542127,0.30984442311784666,,,0.3820999568510799,0.3830200079042642,,,0.3843379278890243,0.8156383770284874,,0.8168911839915236,,,0.8202788622329447,,,,,,0.8194880249151982,0.815856764030828,0.8182099152786411,,,0.8173616312259746,,,,,,,0.8171001521332725,,0.8159167712070683,,0.8172365582875353,,0.8158959783889016,,0.8174275594202475,0.8171933632180854,,0.8177736604647554,,0.8175981566756472,0.8143292286004875,,,,0.8128993473220367,0.8154633511229992,,,,0.6193980279496885,0.6180282114865405,,,,0.6195293722092501,,,0.6202599045681536,,,0.6206276313030583,0.620680756073221,0.6190790457624931,0.6205397336855689,0.6212914644108225,0.6191304658255209,0.6201802000675015,,,,0.6198071213807314,,0.6196668405937736,,0.6206560108544017,0.61882207790453,,,0.6186443051057741,0.6184580674648257,,0.618652639172022,,,0.6187363405606712,0.6188923350037226,0.6194362121515066,0.619048533258572,0.6188094765628809,,,,0.4179024451528674,0.41938941615854725,0.41750159164882256,,0.41986001879969925,,0.4204788826781434,0.4185633266373879,,0.42011419060346594,,,0.4182171352102589,,,0.4192898881315312,,,0.4193481645074275,,0.4194419175703101,,0.4183443759350588,,,0.4183788525499764,,,,,0.4187186164536553,0.41847063747636015,0.419781622569415,0.41975859263779697,0.4180231311363892,0.4177489227013658,,,0.4203588187677503,0.4185401962943388,,,0.41735496903422514,,0.418409436439689,0.41892973276511225,,0.4190600836991769,,,0.4190553894957068,,,,0.3708097542811083,,,,0.3815807918341813,,,,,,0.8094046735329684,0.809506777904093,0.8085898919340839,0.809279520452354,,,0.8088625283003867,,0.8098989135946549,,0.8100094180470209,,0.8085346500015274,,0.8114570325598573,0.8106043692617015,,0.8088392950985557,0.8089480525365508,0.8065726464810059,0.8084319929602565,0.8071114233830318,0.8072978535708878,,0.8061851411120914,,0.8103550039837335,0.8062227970542862,0.8091244551439178,0.809806729585709,,0.8096282749907301,0.809397288716947,,0.8068019271817108,,,0.8070774622170656,0.8097807532931212,,0.8114481139167579,,,0.8063495885395897,0.8083770064131716,0.8081781313037371,,,,,0.8078342814556196,0.8088963940791083,0.8082893246187769,0.8120741799510468,0.8090772721661196,0.8106326909639332,0.8097446047189707,,0.8110568574967595,,,,,0.8080166805464105,,,0.807971280280837,0.8058073684420692,,0.8074041349281618,,,0.613349170032943,,,0.6126363368676864,0.6133771248744894,0.6122637793775083,,,0.6133016251101191,,0.6108912757027152,0.6107912773265787,0.6116196427517305,0.6135794194210675,0.6123320611311082,0.6106761681421639,0.6108966735734618,0.6123167660212172,0.611817401910167,,0.6118215107384531,,,,,,,0.6125098972666255,0.6128058130436407,,0.6110490948117516,0.6117041649442401,,0.6118101998844325,0.6109840157163142,0.6133092222660557,,,0.6126386298588047,0.6114241572932994,,,,0.6123318482876741,0.613346898721937,0.6137497690054234,0.6124629964759047,0.6138550784968976,,,,,,,0.6131430711135036,0.6133098711982671,,,0.6091316095752728,,0.6141272013089534,0.6130375718847169,,,,,,,0.6112867624842578,,0.611250388646497,0.6120859541024245,0.6112963383468367,,0.6136994154769854,,0.6131543783150455,0.610045686588742,,,,,0.614465981317876,,,0.40697863955776,0.40774758083376,0.40744337933915326,0.4070425819870887,,0.8098589991843472,0.8102418103699147,,,,,0.3777462531780207,,0.37810090504433613,,,,,,0.38286557719446523,,0.37651605466171534,,0.37755192007357197,,0.37033059785620376,0.3693216711936383,,,,,,,,,,0.4474874762201276,0.44741971283277787,0.4466083367401319,0.44743785017351323,,0.8711814408087212,0.4458045611175143,,0.45222557470219243,0.45113705303225116,,,,0.4109628435503545,,,,0.41145308551021087,,0.4105543651660259,0.4113294662567174,,0.4117454197756616,,,,,0.41237021950358665,,,0.6675119760111191,0.6668406212601962,0.6685817374362559,,,,,0.8921772793776033,0.4576051620153452,,,,0.6716996470380772,0.6733245463513343,0.6709293369873314,,0.4187976479313716,,0.41933549971219963,,,0.41872928162944567,,,,0.419624404744126,,0.4194839851750966,0.4198170354986958,,0.41931497567581216,0.41924552371557133,0.4196288755877085,,0.4185681494623829,,,,0.41921752864305684,0.4181885482105278,,0.41988076970153243,,0.4184926965646092,,,,,0.41849982718532275,,,,0.4188496305872117,,0.41916342222501785,0.41885604337965077,,0.41894085228398475,,0.4195566900091996,0.41930085129718536,,,,0.4192533849960761,0.42006018026815656,0.41902199389672545,0.4203589487950026,0.42028380990553,,,,,0.4197490060776848,0.4192671930696371,,0.3956493742846796,0.3959726806888904,0.3952584946023051,,0.39436548559385765,,,,,,,,,0.8081292795187327,,,0.808248519971592,0.8085414233621239,0.809760078137204,,0.806817655418193,,0.809330579637967,,,,0.8062086143364173,,0.8061684339404426,,,0.3964444687606545,,0.39673303700317264,0.39550674823794474,0.39643234507697456,0.39596558598441356,,0.39656275344554376,0.614860928418578,,,,,0.6126241804929137,,0.6129369778915094,,0.6136167026494715,0.6143250376087476,,0.6126831161220659,0.6136746803827438,,0.8095633286123106,,,,0.8081869266614835,0.8091146359764837,0.8064408796018989,,0.8106043167577456,0.8107719807334676,0.8082159050841309,0.7957221556358345,,0.8038827559720324,,,0.6152192424819306,,0.6142957265791721,0.6135246357882764,,,,0.39629297580462064,,,0.39646334117693494,,,0.3956596988742164,,0.3961386157112871,,0.39572841789662627,0.39526346795411077,,,0.39540641253949627,0.396680653408331,0.3960134408625939,0.3949100301091539,,0.39565444010471296,0.39568021529032865,0.39600791408820163,,0.3959478600776757,0.39670111823358195,,,,0.617440038786929,,0.6148433825687738,0.6166429879905164,0.6167759911175077,,,0.6124183916441869,,0.6143802811161714,0.6158153515414142,,,,0.6150903460532383,,0.6146134564844031,0.6141456803074504,,,0.6135472830288685,,,,,0.38861782584893473,0.38927032666611555,,0.38884046024198893,0.2920652581136186,0.3003117122446624,,,,0.8807340233542761,0.3324649759041297,,0.3322857290818075,,0.3321991814633646,,0.33208547702252944,,0.3324856416295709,0.3318279476592412,,,,0.33270442434344605,,,,0.3327592070480524,0.3328574920141243,,0.3327103705912048,0.33322052996660967,0.33219534367824116,,,0.33197556509122345,,,0.3331305050018328,0.3325242425963932,0.3316887871192621,,0.33188496850284555,,,,0.33265727011351276,,0.33245224992533084,0.3320226696993109,,,0.33226694771713444,0.33176573411416177,0.332660086962269,0.33230681582791255,,,,,,0.33192223146863103,0.331604461261784,0.33201718610850117,,0.33239050396602177,,,0.33332543020844596,0.3310526913725383,,0.331909692391324,0.33229554018286095,0.3324094146991244,0.3327026875418834,,0.33167114969992034,,0.33266853874669183,0.3319610786424495,0.3337512039874484,0.33301307277215864,,,0.3316508891790267,,,0.3322631539721099,0.33203810761613867,,,0.33214408630768255,,0.3323234029725622,,,,,,,0.33314174087314014,,,,0.33252464979689395,,0.33337399081450325,,,,,0.3327003412796692,0.33297115414170086,,,0.33130448044558924,0.33282734279579146,0.3330914614699181,0.3314038193543215,,,0.33310255419263285,0.33273339181835687,,,,0.3331387366914707,0.33296870168754933,,0.33251422957074245,,,,0.3320901134152682,,,0.3318474952636454,0.33202357669608445,0.33245876800513263,0.3314145541867967,0.3323688962483037,,0.3323339226179439,0.33356751925344313,,,0.3334613442447879,0.33362970234932277,0.3330946043703125,,,,,,0.3330637190871251,0.33219391283319155,0.3318511835129414,0.33211907931368556,0.3327891445974578,0.3319953134320163,,,,0.3333513885517392,0.3325031399062533,0.332767129753811,,,0.33178754580051545,0.332962680239208,,0.3329028058328482,0.3321147751520636,0.33300464875696945,,,,,0.30878973818873495,0.30799835632109457,0.3088909408196453,0.6985423816475442,,0.545887528147849,0.7074815195947074,,0.0999724598148827,,,0.5647536080641954
8,24,DG_48pct,96,Z16_F04,16,SLG_B,282086,283565,True,7039.676643584742,6814.003547511612,6657.980413288288,4408.811938011748,4367.629862661053,587.9542411341536,54.78888347146305,2087.3150901554304,1870.546009260779,1035.2866093312164,953.4448654034335,314.9156780109608,5.727865753622427,113.42973784545215,7800.635845229404,253.5486040101216,483.2007739258058,198.79781591619434,241.88196239231547,309.49691280473263,0.5878806304736613,0.5868676037773202,0.5871977804227604,0.7850524977363874,,,,,0.33974368120786747,,0.26406117571865806,0.7020294504056975,,0.7005247001230653,0.23206959729880733,,,,,0.5690233548938731,0.3460287909979231,0.34540006423091824,0.3464918243028373,0.3477469529666813,,,0.3446538297745629,0.3443452240922237,,0.3488455346163245,,0.34892777575736794,0.34931322479979804,,,,,0.35255284681574733,,,0.3552645075564481,0.3541096459950226,0.3543939546923636,0.35537150951409224,,,,,,,,,0.3548587309507881,0.35630176560114263,0.3561181960699945,,0.35546809408250307,0.6933687798869531,,0.35478978892134816,0.5417126745715061,0.6921686546827971,,0.6942540953487836,,0.6932442977376516,0.6925620043618882,,0.6939089541918807,,0.6955802877792698,0.6943981363887817,,,0.6947687272449614,,,,,0.6951597223810522,0.6950808024247677,,,0.6959174265794266,0.6911683372185823,0.3466467911321413,,,,0.4298377694533476,,0.4304927443363339,,0.4310666390471297,,0.8305165489039457,,,,0.832971966427399,0.8322750231409907,,,,,,,,0.8322445346560406,0.835516710674993,,0.8323555219043409,,,0.832250215258555,,0.832415736836553,,,0.8316359926740122,0.8312254887338992,,,0.832824490473025,0.8294753576440235,0.8308370509178765,,0.831276976055428,0.8307365902076655,,,,,,,,0.8302325711328665,0.8310283074816439,0.6254863399672409,,0.6274526240599906,0.6237944021135722,,0.625528188270629,0.6261499488759695,,0.6259374897922095,0.6256673738558058,0.6243709838291841,0.6258216782532366,,0.6259131308731903,,,,,0.6267273185698707,,0.6265588469333618,0.6268330269136115,,,0.6254620172115098,,,,0.6248252467375659,0.6253759982307594,0.625339311649525,,0.6250415171325783,0.6261716421577337,0.6249615486577164,,,,0.6246928457734829,0.626191859627112,,0.6251091774148597,0.6228566198538248,0.6271490575127089,,0.4869382540756327,0.48661339804382947,,0.4881731247172446,,0.48676078005468687,0.48698319797649303,,,0.48787287241413124,0.48740958463096196,,0.48996869691346434,,0.48596179306264536,,0.4872672808074958,,,0.48875251387897933,0.4881688843364205,0.48705159391160086,0.48703733198578075,0.48597953526263243,0.4871202110530614,,0.4863775503769305,0.4866455690048848,,,,0.4872211572940286,0.48839593944004583,0.48820899358076025,0.48709198369920087,0.48823697147286477,0.48924049702655803,,,0.48842633244372,,,,0.4874666058678995,0.488333601624032,0.4855709826593391,,,,0.48768031391544264,,0.4863979864363592,0.4871946083215213,,,0.4177622306061763,0.8195502293544233,0.8162580487306325,0.42713914172846407,,,,,,0.8224051955627774,,,0.8220930953474209,0.8211379761955321,,0.8220131478799688,0.820237790451139,0.8205046822053793,0.8213633509562824,0.8203177374043097,,0.8212238194664696,,,0.8243094069364438,0.8234274679216027,,0.8235005202182442,0.822035991411968,0.8230846467305204,,,0.8209928013404252,,,,,0.8224285603726756,,,,,0.8211231325097808,,0.8235715997491347,,,,0.8214680688607194,0.823479172356158,,0.8214481947269099,,,,0.8213983211870962,0.820830666273217,0.8196540877185582,,0.8203136203299136,0.8221347775931432,0.8238320760342415,0.8228383838367714,0.8246603909580257,0.8234541249257188,,,0.8243178054283596,0.8225207747471402,0.8257998126548051,0.8220908163197833,0.8220325858524171,,,,,0.8207294337165718,,,,,0.6200191904051835,,,,0.620579719815652,,0.6192595902358596,,0.6198707762290327,,,0.6193681904880156,0.618327346850422,,,0.620941163455235,,,0.6198606897172603,0.6197505088459124,0.6205611528304018,0.6166541733206289,,0.6172871488204048,,0.6182431199783053,0.6207251722689783,,,,,0.6202616339181262,0.6194771904927724,0.6200276407744741,0.6197869801725635,0.6204125926576259,,,,,0.619574504428382,,0.6209947890142448,0.621206667911368,0.6218979407287947,0.6211620992914575,,,,,0.6220368123661423,,,,0.6192394312040815,,,,0.619703918234992,,0.6172656835975567,0.6183749494107497,0.6195356412457841,,,,0.6189244740365308,0.6176857009191777,,,0.6190310270837048,0.6187115215202509,0.6189901391053205,0.6186777501845634,,,,0.6178897888465872,0.6181868787650195,0.6214536490295719,,0.6185890798234318,0.6190944653808974,,,0.6211866116695623,0.47672100522940153,0.4756055129794133,0.4771109083838482,0.47588406109041764,,,,0.8233053849021164,,0.42224845116787835,,,,0.42411574977833194,,0.824736376744676,0.48055975622187563,,0.428497702714275,0.4295134981698661,0.42884518583197245,,0.42222017350294533,,0.41593097958875414,0.4156985294597205,0.4153825992375819,,,0.6278913759050097,,,0.6457704581326191,,,0.6546280750841733,,,,0.5181458596523553,0.5191148423716728,0.8844552769631829,,0.6602155759317107,,,0.46023054104046296,,,0.4626061636710271,0.4607268368849919,0.45937371522324943,0.46097930234418494,,0.46021385369186046,,,,,0.4616240708674439,0.45985583192068674,,,,,,,,0.6747692067705334,,0.9082290772516967,0.9070105768687988,,,0.5316062039972642,,0.5304875493363537,0.5312254997040414,0.6786059525610865,0.6778332004143951,0.6783339239872007,,,0.46986387766175114,0.4704583551621577,0.46981878963525026,,,0.4690990669455151,,,,0.4720140388858703,,0.4711639148843837,,,0.4702339176720245,,0.47060662438966944,,,,,,,,0.4684150886770768,,,0.46783640306275737,0.4703987929064105,0.46848035970162977,0.4678483822259525,,,0.4692734621122902,,,,0.46896921023858834,0.4710113706437529,,,0.4691464600514878,,0.46950723976013886,,,,0.46958030324022426,0.46861199641472934,,,0.4701357876510839,,,0.47041715269985807,,,,,0.4660583098766095,,,0.4644025818254839,,0.4655177587535049,0.4659559717369383,0.46446865930319464,0.4641273146712984,0.4656029178921129,,0.464270049983391,0.8196759551732976,,0.8217460703313477,,,0.8211882811692304,0.8226522952449034,0.8242147748146088,,0.8203404236950121,,0.8220883756827352,,0.8212420773752747,,,0.8191092034176987,,0.8222057709536718,,0.4666193265802619,0.465406228401976,,0.46711907833103383,0.46658125789781013,,,,0.6211981888152328,0.6222878537762165,0.6217501528245528,0.6205011545443133,0.6218042115466436,0.6224402049120552,0.6229565988598358,0.6222462959542089,,,,0.6212218159394456,,0.8186912390607964,0.8196394431056789,0.8195127876927025,0.8188424643299839,,0.8222423990646972,,0.8222331094129076,,,0.8199407646982655,,,,0.8182587740936007,,,,0.6202350054728354,,0.6229102533476784,,,0.4653434721587571,,0.4664841619797983,,,0.4666697101113227,,0.46545105902023615,0.46674262378766135,0.4654835757963835,,0.46563250362039965,0.4660252966653722,0.46526622175145943,,,0.46547367026581926,,,,0.46530091215683517,0.4644299855817383,0.4666142065148695,,,,,,0.6249321300944939,,0.6240650326658872,,,,,0.6246394203518049,0.6210233211768754,,0.622416775692488,0.621524991587107,0.6222889367766775,0.6212556939054544,,0.621652384296936,,,,,0.6242405692501742,0.6226333369775863,0.6222716211025022,,,0.435762221499082,,,,,,0.36314689999991046,0.3577831960431108,,,0.8950214771409846,,0.34851904895914426,,0.3475427528286305,0.34713185354689213,,,,,,,,,,,,,0.3472971815925007,,,0.3476620913734337,0.34757740097303613,0.3458120551616002,0.3471603855697151,0.347722755426844,,,0.347794676618091,,,,,,,0.34789142681049123,0.3480193866546267,,0.34769959917959214,,0.34716770740723485,0.3475036293473553,,,,,,0.34837456903546143,,,0.3480561325911205,,,,,,0.34786431009950647,,0.3465211732864712,,0.34681972028800967,0.3477083918474384,0.34807393748172855,,0.3473592919285889,0.3473520479344239,,,,0.34646555738286716,,,,,0.34723091637000064,0.34806723818385776,,0.3477267834874416,0.3478926216071212,0.34660159989875533,,0.3485733542837717,0.3476716620731946,0.3483795570049449,0.34637770805347184,,0.3472123438225519,0.3473020659080219,0.3482022044860052,,,,,,,,0.3473334455371365,,0.34782573663855637,0.3464280021975331,0.3485176660806541,,,0.3474592942158031,,0.34789689551299324,0.3482467333253806,0.34883486631235594,0.34766765018422263,,0.3478858356143165,,0.34798126000629637,,,,,,0.3483640288033164,,0.34762005033480564,,,0.3473631488854453,0.347637372909377,0.34849269058243054,,0.3481124247190369,,,0.3477150338628699,0.347719151961608,0.3479035193350631,,0.3476349037295733,,,0.34808831216161484,0.3484707169133742,,,0.3468071527607465,,0.34749037517833714,,,,0.3477035685750814,0.347365699773517,,,,0.3481504686134779,,,0.34730107843500113,0.34679018174700166,0.3474733627343908,0.34858233005176376,,0.3478719600264025,0.34706504750649586,,,0.3491833671835856,,,,,0.3468167455488904,,,,,,,,,0.18645446751218206,0.5770439784321245,
8,24,DG_48pct,96,Z16_F05,16,LL_AB,157122,165452,True,8628.962368633107,8675.25995842772,8663.865217673298,3482.7978656199352,3387.405896118655,468.9947416329412,46.231453036476715,1548.1781844878342,1389.4252865472542,763.5573443188357,705.2790933731865,233.9923433348228,3.9643158461269463,98.1960812269548,10051.686213907971,203.32825716575593,367.8747975311822,152.38193537182195,191.81266223937953,230.10573548254632,,,0.5276531976644637,,0.48933457430314076,0.7001214365857896,,0.00012569994422559217,,,,,0.17528177390076674,,,0.0962083898878693,,,,,,0.0001261263858571686,,0.21174566112145332,,0.21221078867409357,,0.209871767373108,0.209324938833444,0.2124341989241335,0.21261079553641216,,0.21217003129875542,,,,0.21493187960985521,,,0.21613753292379917,0.2160896248168542,0.2155319287372058,0.21667288016215555,0.2161573251562061,0.2167234370778895,,0.2170315132905743,,0.21665430609938352,0.2159356011423811,0.21707305479900582,,0.21628921852760402,,0.21668591479928812,0.21649502010197944,,,0.34219060371476273,0.15673494901153248,,0.34355068963778446,,0.3433079641221365,,,,,0.3443405662541209,,0.34329796800605045,0.3443534893333767,0.34418469754777653,0.3439902307303964,,,0.3448635700205583,,,,,,,,,,,0.2106745582169415,0.203501533182823,,,,,0.26248194509813644,0.2630180901761614,,0.4960225827430843,,0.49597744726225984,,0.4968794881907357,,,0.49645049884604714,0.4973105032740382,,,0.4980485396678466,0.4950788776067071,0.49531027673645167,,0.4971643302309177,0.49712806878511917,0.4961951097716427,0.49690022517879684,,,0.4969953990208521,0.4961894706768994,,0.49612803987904475,,0.4958050507587092,,0.49658430182308727,0.49611092011891356,,0.4964698406587037,,,0.49640414095227564,0.4972331000690004,,0.4965128676377415,,,0.4961753219651891,0.4963619679808254,,,0.6174286398975161,0.6191234585158222,0.617191349650851,,,,0.6183282843983897,,0.6192253916841389,,0.6188285082991113,0.6171948300413468,,,0.6211717522661557,,,0.6197037348287938,,0.6186561981233594,0.6201466447629054,0.6170479885795929,0.6187584980438493,,0.6170597733381911,,,,0.6184892749916107,,,,,,,,,,0.6159639571758047,,,,,0.20576577962290146,0.20568972098012808,,0.20513483490664944,0.20550009618163215,,0.2057805784207834,,0.2055189939847177,0.20519628695169284,0.20518399173679355,,0.2059496008081941,0.2053297505138249,,0.20564558210944045,,,,,0.20579032493851035,,,,0.20542460796711054,0.20470243418356907,,,,0.20510782979010067,,,,,0.20581412994799547,,0.2057169432819588,0.20517371891250977,0.2050973195816462,0.20530640570351927,0.20550819358636735,0.20559934261453372,0.20529040026390638,0.2054752794844284,,0.20553720153039656,,0.20528803941337997,,,0.2057161625074052,,0.205423003110453,0.2574043910548238,0.25672879103877994,0.2563994618257392,,0.48691285325158246,,0.2604066700114201,0.25962454638528354,0.2599959964523044,,0.2603529566280796,0.4784700158349573,0.47850436621342785,,,0.4787283070981029,0.4799273327534782,0.4790105220788541,,0.47886633716042043,,0.47959641824052657,,0.4796581124443756,,0.47758874003439344,0.47786849968821105,0.47951517551390593,0.47899406758614,0.47993915817562494,,,,0.47957614771426627,0.4788748620826515,,0.47770546578913387,0.4779726316407365,,,0.47683462039177393,,,,0.47905925606149896,,0.47888026164122643,0.4786927064692851,0.47953131883338274,,0.47860447471761625,,0.48164572504444675,,,0.4820613592954009,0.4820646625185414,,,0.48111319031171607,,0.4810780649221632,0.48266975854410854,,,,0.4807740283977872,,,,,,0.48131448503662955,0.47916135757081385,,,0.4808859523196471,0.4817526027325978,0.4816766644020614,,0.48126823635411925,0.48169059278689924,,0.6181700134209289,,0.6191848460391366,0.6185757200079347,,,0.618124352146528,0.6198409287312703,0.6212502559868042,,0.6198855173243712,0.6151359702907162,0.6152590671480711,0.615907507057622,0.6185628159832464,0.6176905205777896,,0.6160045124885047,0.6165218506088647,,0.6177858195978656,,0.6183555076225244,,,,0.6195006366722845,0.6196683539504135,0.6194004342780617,0.6173840506064991,,0.6192223527564039,0.620511999179135,,0.6181702021268328,,,0.618503198618223,0.6199091593372456,,0.6219963360780707,0.6194863542742363,,0.6178006150693097,0.6204376716638994,,,0.6200538199456822,,,,0.6209731518708915,0.6197649921025674,0.6198490363325498,,0.6208385436062356,,,,0.6172382874409119,,,,,,,,0.6168018337541602,0.6180055863338287,,0.6175676906131313,0.619839486760172,,0.6188664189214808,,0.6186602444279213,0.6182770062480926,,,,0.6170515352974084,0.6175457232279793,0.6189256745988237,,0.6192414356869833,,,0.200721780331943,,0.2005569742328383,,0.4819046053073719,,0.4798753740087139,0.48081674946918085,0.25988809206990227,0.25905883465662216,,,0.25941834044816137,0.25998596721881556,0.49145010909564774,0.2023284766903584,,0.262007047260088,0.2622978125957944,,0.2597434654414612,,0.25883866106017483,,0.2559669966172165,,0.5032938008284712,,0.6203382143512113,,,,0.5256836095064858,0.2163802615060422,,,0.218975173046383,0.21864503958732684,,,0.5295188261268255,,0.6515528596488297,,0.22063899553967692,0.2808104891222027,0.28021083946831593,0.2804064067562262,,0.2801364570699381,,,,,,,,,0.28045227124439237,,,,0.2800416770235404,,0.6640644532420446,0.6659015154506068,0.6654498724070713,,,0.542997673337782,,0.5456058635194044,,0.22417478268497257,,,,,,0.6667417064254728,0.6667862065117517,,0.28516087172684723,,,0.2856265838190939,0.2859361243738111,,0.2861690788142072,,0.2857327298981262,,0.2862523744703793,0.28521414070126466,0.2863521009948108,,0.28543095003664803,,,0.2856619678455787,0.2866565670937462,0.2848985692364927,0.28587541451880083,0.285567349354571,0.2845636236762655,,0.28491254538043925,,,,,,,,0.284444926140946,0.28540779788551124,,0.28627709131358653,0.28523883375672754,,,,,0.28495391200438497,0.2851174722296049,,,0.2857515927770271,0.28568547030671637,,,0.285697646695764,0.2858755258214018,0.28540295671556776,0.2846518881121358,,,0.2857720685489719,0.28509701730752196,0.28538428220135903,0.2852537932828486,0.1953549278816176,0.19547826880459504,,0.19532461367963191,,0.1951599294368027,0.19514352124978215,0.19502953187109373,,,,0.19490043703223647,,0.46865667557378715,0.46970011541859163,,0.4712963306979335,,0.4699755036553909,0.470438957466554,,,0.4688270585652424,0.47048384877493993,,0.46855284375624956,0.47027311240463543,0.46993734517437874,0.4693350310893655,0.46888197287746725,,0.1955082254572418,,,0.19528921366929902,0.19622348049852448,,0.19555023970072413,,0.6259975760470554,0.6248972876453252,,0.625151700396983,0.6251881136339861,0.6250122801552906,,,0.6234880406283253,0.6252460751150483,,0.6270420539913338,,0.626401999505472,0.46921903080898913,0.4686644441851779,,0.4683759979359762,,0.46808529612790556,0.46879255942206044,0.46884439215446394,0.46842947389756734,,,,,0.46943905047051016,0.466888108869562,0.6263820991281682,0.6267274086669574,0.6256942954686332,,0.626631293567501,,0.6277379600528984,,,0.19565626364292107,0.19482656699430717,,,0.19567483384981935,,,0.19579871770760154,0.1952583987495872,0.1955797957270862,,0.1953028976493058,0.19544797927739155,0.19535005891552967,0.19563736303452395,,,,,0.1957785022059517,0.19553310836152282,0.1948553598027599,,0.19545318675771298,,0.6264150457029868,,0.6266932284634071,0.6255392250350348,0.6260985323509245,,,0.6275638485262153,,,,0.6237464466896434,,0.6275247941751472,,0.6246387887509874,,0.6233708505685104,,,,0.627868117794366,,,,,0.2652083767497809,,,,0.2649494154623234,0.2655733143911171,0.1652133028426982,,0.2180886382896474,,,0.5384687168866805,,,0.00012628424786730093,,0.0001261593492936309,,0.00012627257212524117,,,0.00012602382561418732,,,,,,0.00012670731256135692,0.0001267156464349904,,,0.00012620980684359905,,0.00012623158384272696,0.0001263797631699438,0.00012621374959036983,0.0001261811945930943,0.00012617920818971902,0.00012619114380989512,,,0.00012657745794065716,,,0.00012624078653027942,0.00012615228170891364,0.00012623866308716168,0.0001267412823920135,0.00012634951038359424,0.0001265534068937924,,,0.00012603556159255353,,,0.00012643766268105721,0.00012621281584567208,,0.00012654469293060664,,0.00012627012894184605,,0.00012604321962647366,,,,0.0001263530523795329,,,,0.00012619308437395295,0.00012608589477927092,,0.00012662016379245093,,0.00012626771399277075,0.00012648021719269132,0.00012624141032703803,0.0001263989674084832,0.00012651830691879487,0.00012667520118957607,0.00012621832742621983,0.00012640427803273382,,,0.00012633023722446896,0.00012656205805905123,,,0.00012634574315466529,,,,,0.00012625246996128631,,0.00012627767233963223,0.0001265508738172056,0.00012610108309985219,,0.0001261322100030574,,,0.00012584511092929133,0.0001264982469851339,,,,0.00012660680144278304,0.0001265975673567216,0.00012630532449995485,,,0.00012636146013122093,,0.00012623840336057138,0.00012636329847838092,,,,0.00012639913305581522,,0.00012621792823376438,0.0001260074865476096,,,0.00012625435908169915,0.0001262055061416577,0.00012626152155591514,0.00012636160395217773,0.0001261944597486019,0.0001266465098053008,,0.0001266770082635792,0.00012633237289926382,0.00012644329642148895,0.00012634005123294946,0.00012652101286730522,0.00012609506595033369,,0.00012629505771235422,,,,0.00012643785255852093,0.00012679062952600129,,0.00012613077579931993,0.00012651611750279639,,0.0001264351406969423,,0.00012625852932248097,,0.00012624523291734688,,0.00012625835215767585,0.00012611952397548797,,0.00012607870205029562,,0.0001260671914520804,,0.00012622615675256309,,0.00012644995281900766,,0.00012633262588624956,,,0.00012647453934723697,0.00012613466992461965,0.00012646009443508915,,0.00012625781684117405,0.0001264027573221371,,,0.00012614920597778083,0.00012637882885940658,0.21005686052955064,,0.21067405920148494,0.33457743377392013,,,,,,0.06389917747225729,,
8,24,DG_48pct,96,Z16_F06,16,LL_AB,157121,165455,True,7860.3229115200265,7891.5755574213645,7876.653340824317,3733.1026063260147,3628.9648976879953,502.81565396726387,49.1328389971594,1673.4549890143153,1491.6210356408503,825.9245092432787,762.4750219191549,252.4606135729384,4.47631958354327,85.11184969596849,8583.95160900763,219.53674374210968,400.4401058123151,164.5925059611865,204.46512945743254,248.5373907823359,,,,,,0.7147955092341703,,,,,,,,0.2983393766681674,,,,,,,0.0001136523705740533,,0.00011304040225637692,0.3023913542077961,,,,,,0.3028801971860825,,0.3025984500780241,0.3034671469853667,0.3030919266430183,,,,,,,,,0.3089252257083066,0.3081677165924716,,,0.30922962212724625,0.3089532064110261,,0.3082889961151187,0.3093957490300431,0.30908230148005744,,,0.3078794240175969,,0.3092729801429804,0.43738545044615296,,0.22887211138683042,,0.43852240139371734,,,0.4381298282870332,,0.4373064310933416,,,0.438218306049576,0.4386182400372078,,0.4384546921017143,0.4372547878455026,0.4377360883651062,0.436050965322973,,0.43758128675879404,0.4378702711942682,,,0.4378687097359585,0.43747838419207097,0.4387761320389301,0.4393255542189333,0.29999081622013496,0.3002733490650719,,,,,0.3735311576702798,,0.3756175512447144,,0.5962941549704691,,,0.5945174095814248,,0.5954300504391913,0.5940882097257448,,,,,,,,0.5956021495221168,0.5942438274755868,,0.5955826390047138,0.59291612052712,0.5936402526456191,0.5941661900724696,0.5939843551886773,,,,0.5951558950490053,0.5941147244842673,,0.5949036421490345,0.5929906471472419,0.5940342624834328,0.5926375018024256,,0.5940844733053502,,0.5936019368394214,,,0.5945166024394852,,0.5944429896094616,,0.5925914406951972,0.6660201254703384,0.6669161996934433,,,,,0.6665268330610786,0.6670463432268227,0.6658716293333385,0.6664958811675724,,,,0.666593585488351,,,,,0.6646979712083698,0.6681000831309083,,,0.6686456286405487,,0.6653992706081883,,0.6653697964852787,,,0.6671163815772545,,,,,0.6653838104215117,0.6662435282500124,0.665366585196779,,,0.6670205341380003,,0.6656001665236453,,0.6661376318155058,,,0.2737311800290102,0.27334237070346007,0.2727807433814008,0.2736874253977692,0.274184337529276,0.2733789940249345,0.2731119796320323,,,0.2738594087155206,,,0.2735998273875309,,,,,,,0.2745087134080157,0.27245332459611793,,,,,,0.2735483573964277,0.2732764997906968,0.27368225504904786,,0.2727288848668407,0.27314697857691145,,,0.27367553780776066,,,0.2736917130913292,,0.2734264114737078,0.2733153236813859,,0.2734918727543179,,,0.27391314184836546,0.27254146097985715,,0.27310062575086524,,,,,0.36551108972157637,0.36702395665462645,0.5797157668846851,,,0.37137988410908945,,0.37193823602676757,,0.37084914441879085,,0.577032371279844,0.5782681619656412,,0.5783421936192641,,0.5774591733660999,0.5779315493454464,,0.5778650641420753,,,,,0.5760760722196023,,0.5772263724966911,0.5788928366533805,,0.5777037536392892,0.5769001873414606,,,,,0.5761592837584228,0.5768851927273411,,0.5786344283284172,0.5768648054442473,0.5762292477611557,0.5774544616072835,,,0.5773828795105188,0.5779362811100555,0.5775644322123201,0.5760920453323716,,0.5756567236313956,,,0.5810051616970127,,0.5791313969323039,,0.5806574621664227,0.5809321419792256,,,0.5809704234989208,0.5799765201731697,,,0.5787192317607159,0.5796868869727397,0.5800797518155143,,0.5797157433640449,,,,0.5771456057442033,,,,,,,0.5795891965395752,,,0.6633261153389938,0.6626234103683847,0.6658018401220688,,,,0.6650612559567425,,,,,0.6630098649521583,0.6605219703035298,0.6633879317700787,,,,,,0.6626003589010289,,,,0.6618518306652732,0.6615937106871328,,,,,0.6634530212194627,0.6627203242512355,,,0.6631321624221294,,0.6646231725211883,0.6640563713180431,0.6656323685898197,0.6656043809852681,0.6625908463568574,0.6647754978901105,,0.6621593811534013,0.6653765986849276,0.6627777417533751,0.664007575413753,,,,,0.6630043149312452,,,,,0.6647556165966837,0.6643374179942501,,0.6617935621281366,0.6614801893485267,,0.6620761113875481,0.661916206447299,,,,0.6625295712188892,,0.6619678809734053,,0.6630031048554367,0.6639183432482416,0.6624206408792218,0.6625004248247736,,,0.6620943618150239,0.6647429719843998,0.6614245375153026,,0.6616751623226605,0.6642987377310058,0.6631668691696535,0.6648738772930173,0.6636889199222102,0.6620752637286289,,,,,,,0.578882693175001,,,,,0.36959372088565007,0.370629413529715,,0.3704066424194684,0.5860911074895833,0.270887816961175,0.6617327796842752,,,0.373325132993445,0.37188018194257905,0.3708243975038872,0.37051672738290325,,,,0.6012944922443302,0.2742450330651375,,0.6182799484294726,0.28447280395997054,,,0.28692586156699323,,0.2895835532587931,0.28953060217165705,0.28960897908447036,0.28937520129999506,0.2899890737030342,0.6322022126540555,0.289394228685027,,,,0.3997745642534355,0.39882741192117155,,0.3997161302818418,,0.399453369551713,0.3991600336288692,,,,,,0.39870722462071656,,,0.397380908665294,0.3988937344569951,0.40061482029197615,0.7164475232803199,0.7192982450205201,,0.7168518514528739,0.717240493211307,0.712415979520588,,,0.6496497137125677,,0.2963206157773943,0.297062985575632,,,,0.7208974297790242,,0.7205607611165932,,,0.4080218816324507,0.4072119900454749,,0.4075312099872926,0.4069822122413958,0.4069616833884438,,,0.406293604352499,,0.4062524387426595,0.4066354044490144,,0.4076524124964216,0.4059552800624774,0.4074900184734791,,,0.406504230237563,,,0.40680870825188015,0.40577722367950003,,0.40716792035523913,,,,0.4067895614867795,0.4063056996968128,0.4057534157726838,0.4050491628936233,,0.40585924674035484,,,0.40694307682117675,0.4071107921186981,0.40664524123430695,0.4051883813038169,,,,,,0.405143593830962,,0.4072887310178589,0.4069246233191824,,0.40614149527323645,,0.4064027730821762,0.4058020070137576,,,,,,,,0.26928251242081663,0.26907853562552203,,0.26849988232763006,,,,,,0.5699327529661893,0.5703979633988585,0.5688919010859553,0.5692877015558242,,,,,0.5712686725149143,,,0.5694110607100109,,0.5705582835536087,0.5705569004257176,0.5704994497207081,0.5671088984169717,,0.569260660353068,,,,,,,0.2694953304306318,0.2691308063862304,0.6681799366100848,0.669079076861066,0.6662167509839614,,0.6686789778863271,,0.6679679110758068,,0.667209442241404,,,0.6669163929712503,,0.6702673989943796,0.566417078040316,0.568586167716202,,0.5685373354099351,0.5684892076980209,0.5695893585930406,,,,,0.5701901560076399,,,,,0.669798022188806,0.6688016628087634,,0.6681860471217187,,0.669708641306879,,0.2692445978906006,0.2691531918559882,,0.26913244668617875,,0.2690747087379023,0.2687385632391056,0.2691807544719785,,0.26969680363738746,0.2685332924827811,0.26930596170780313,,0.26920467423533934,,,0.26895728511705197,0.26837458008443404,,0.2694152288873259,,0.26869627695363746,,,,,0.2691156447600322,,,,0.6688885792142265,0.6679668140854023,,0.6694561444701537,0.6677411137219507,0.6704731636860668,0.6697062478142788,0.6665893966809743,,,0.6696191233025993,0.6670347044777706,,,,0.6695470322250984,0.6688939496862274,,0.6689480473000703,,0.6665464558271958,0.6704419848666395,,,0.377915803277758,,0.3779119029914648,,0.3769365094390299,0.2379369735770072,,0.3120116637575389,0.3119782942119524,0.3121957823159621,0.6413934511318403,,0.04614790511626344,,,,0.046176523014527446,0.04607118436549141,,,,,,0.046024566661478965,,,,0.04624563514261594,0.0462584955915419,,,,,,0.04625271044850648,,,0.0461455676008309,,,0.04623456835181764,,0.046178612085705,0.046239254747770984,0.04615064843654303,,0.046060532396841145,,0.04602997975131539,0.04614666752141217,,0.046247847246673794,,0.046142122867382944,,,0.0460857835044661,0.04617303677345157,0.04618641635614788,0.046275290280263746,,,,,,,0.046090775003485684,0.046215251456247865,,0.04616631411949324,0.046200705044490066,0.04623889919803394,,,,0.046140642744028286,,0.04606859761053176,,0.04617297273472838,,0.04626370625953459,,0.04613904343922081,,0.0461945963257309,0.04624482422182436,,0.046257337027417085,0.04618501543103879,0.04627217288460568,,0.04617358632750617,,,0.04628924519973815,,,0.04613486611732267,,,0.04624209869493379,,,,,,,0.04631536839274919,,0.04622305909794753,0.046261675123262354,,0.04618843903504815,0.0461812642712271,0.046149805105224075,,0.04623876740208292,0.04616009460503112,0.046202089799860235,0.046092573854204,,0.04632492002773004,0.046193620404825775,0.04625172930888756,0.04619066579456789,,0.046108209378621416,0.04624046943642286,,,,,0.04610233082235527,,,0.046170454315370264,0.046101765272629935,0.046223546673283454,0.04633108330667531,,0.046381293827889115,,0.04611221129794136,,,,,0.04603331683895289,,0.04624515276582669,,0.04628156922649431,,,,0.046147374062848495,,,,0.04631404448759799,,0.0461534293169718,,,,0.046153409878199055,0.04621744336852899,0.046272368236935896,0.04612718066129243,,0.046146524121429555,0.04622085729407171,,0.046118535051861316,,,0.046066402869094504,0.0463635723483633,0.302725179254136,,,,,,0.24700138889597448,,0.14663846000844666,,,0.642620383927655
8,24,DG_48pct,96,Z16_F07,16,LL_AB,241080,315933,True,9146.795118327784,9201.310351015218,9214.571332513977,3271.672602184045,3171.084065088572,445.6159723882399,44.112587530566046,1428.2645557045118,1285.7383243941758,706.8922532114598,654.4066363437531,215.1681026161569,3.4734002556104437,110.3492891807217,10976.93950489406,193.05268880359856,342.0572685605991,142.1862699815836,178.86980774483047,211.41930885910878,0.485533497693748,,0.48500018992750865,0.5696775651213136,0.4613470842745482,0.6875308372878527,0.3078128159431876,,,0.00013303715419038178,0.06272525136725388,0.06752621356980958,,,,0.03569605547297309,0.03569241457083474,,,,0.00013350611937584464,,,0.13802627641912896,0.13768616500297326,,0.13620310556636728,0.13619605632197895,0.13608416080141794,0.1376224559805406,0.13818463419042218,,0.13801523964136167,0.13771625460675668,,0.23155223874207073,0.13925766278355398,,0.1393155528707206,0.1398699699702109,0.14017240768599376,,,0.1407862251120386,,0.14106267783832885,0.14047309632247962,0.14074543235818188,0.14061953258592944,0.14062538483765188,0.140588622773944,,,0.14085861895248988,0.1407652927866157,0.1402767799784631,,,,,,0.2586937666283927,,0.2577096309980066,0.2584340193352589,,,,,0.25833741585983394,,0.25846196531042614,,0.25793346418590574,0.25861442368870224,,0.25781806770876753,,0.25891115497626777,,0.25849627320168345,0.2589517583636645,,0.2583763432797539,0.258641231219721,0.13712686812193065,,0.13692861314374694,,0.1694498479848902,0.16946723950564307,0.16960270445759634,0.17039976837559387,,0.1706719989759703,,,0.4082632540917147,,,0.40813280917953587,,0.408187243065285,,0.4073435732674946,,,0.4085578969817923,0.4080674458954549,,0.40865006911044255,0.4080623074835882,,0.409354938798053,0.4085583751395937,0.4077146440206034,,,0.40749290250405446,,0.4087539592294308,,0.4074567162522988,0.4078219105975279,0.40700780378902696,,,0.4063808108902128,0.40704814703362263,0.4075439979701196,0.40851942260035773,0.4083302832889537,0.4071152943406975,,,0.40752015206024295,,0.40689546744787053,,,,0.5738210190196489,,,,0.572952708397514,,,0.5739204417864108,0.5728539509761106,,0.5741877124401342,,0.5739115427068734,0.5751640091176715,,,,,,0.5727012990726992,0.5733746311805518,,0.5731658000681409,0.5727574426616832,0.573646900423263,0.5746608043016382,0.5747259526671183,,0.571847215879233,0.5743776337264325,,0.5726992764399924,,,,0.5738802781902227,,,0.574245690261073,0.5735071524132378,0.5736587637250915,0.5731428058724306,,0.18535690222524895,,,0.18556613564441407,,,,0.18547814542007385,0.18517834807098038,0.18591067221438176,0.1851154784140757,0.18527842980148257,,0.18484310838900692,,0.18504063767666512,0.18527497039595972,,0.1856099578608318,,,0.18498364030807782,,,0.18520680170919038,,,0.18528161369826465,0.18484921201934598,0.18527586309110453,,,0.18531536270732651,,,,,0.18574772731340414,0.185507725221165,0.18540592168374706,0.18564653953892352,0.1855946028375534,,,0.184994291880406,0.1854661076595061,,,0.18533727098192693,0.1851548672200411,0.18540644049172184,0.18534803757126317,0.16496642417252133,,,,,,,,,0.16896012162849763,0.16925235321015014,0.3899153678130406,0.38776177834704567,0.38885991402982734,,0.3890241057818777,0.38963343797398725,,,0.3889438896837865,,0.38941166661629795,,,,,,,0.3880510878467882,,,0.3884244779815224,,,0.38768310314537885,0.38974197508793,0.3885954517565874,,,,,0.38914782246153345,0.3883223292161156,,0.3882892780635602,0.3886629509257969,,0.38817268971867386,0.38831805913399037,,0.38881399067620576,,0.39177492169968237,0.39178176207316473,0.3914198014151852,,0.391081062746276,0.39137427914961925,0.3908725477479517,0.3922453831916317,0.3913671190083672,,0.3925278369763899,0.3915315751105025,0.39216544844877815,0.392515582713503,0.39125768897183494,,,0.3917275291012022,,0.3926563371829702,,0.39059447197833796,,,,0.39094087144925244,0.3910854390753897,0.39003103227981867,0.39119094473498456,,,,,,0.5769372549343544,0.5770710090280389,0.57799474094142,,0.579521175545496,,,0.5770449728728054,,0.5750675814308228,0.5745102278954698,0.5749826795868062,,0.5734543419138657,0.5748448849836922,,0.5749517933055731,0.5746377365007699,,0.5748201423238509,,,0.5743173862373487,0.5767469995006022,0.5761621361078049,0.5766511925742565,,0.5759727929672641,,0.5754405431372798,0.5767391562267952,,,,,0.5771005408932732,,,0.5756318766446219,0.5775218401836169,,,0.576896530966228,0.5790048137070701,,0.5783072803769405,,0.5772736854647944,,,,,,,,,,0.5733378920469424,,,0.5749247835314504,,0.575600901077323,,0.576599801313803,0.5742732360757534,0.5750461663690111,,,,0.5748233246264028,,,0.5743512033382411,,0.5742510630142384,,0.5757571480640086,0.5742914035339957,0.5751432271673057,0.5759715337011353,0.5747622231921962,0.5747305237782901,,,,0.17620933477866862,,,,,,,,,0.1675207938446085,0.1676139253549852,,,,,0.1694814625708312,0.16980842847648892,,,0.16746715990618102,,0.16378529635982342,,,0.4134399754141743,0.187652274754634,,,,0.5916766678243766,0.43247109349074825,0.19707643820772636,,0.19883994589824042,,,0.19839877943691575,,0.4358334769951086,0.19817226887522948,0.6046823147805378,0.20100281768338463,0.2006830850192441,0.18187761638211639,0.18200253610162853,,0.1823241925573075,,,0.18209726941874618,0.18168325147477196,0.181916434492344,0.18182418526052338,0.18292195470592026,,,0.18222275994099477,,,,0.181648931354014,0.6165832369038923,,,0.6170180420952234,,,0.4488655205051587,0.44944300521992314,0.44791095765992506,,,0.20444113158768012,0.20386388964326577,0.20415055543717428,,,,0.6180069033897237,,0.18537871367182085,0.18512294357477524,0.18565269624625513,,0.1857781636546163,0.18580812709351163,0.18541517949928385,,0.1854956223964581,,0.18549090041993296,0.18578179845265752,,0.18600060908843766,,,0.18575897690248414,0.1855867428259158,0.18577556136376883,0.18606277937277985,,,,,0.18519354321812126,0.1853842617154046,,0.18548715249493758,0.18572285720264992,0.18515468109600114,,0.1853462343956746,,0.1857415914358867,0.1856193942889387,,,0.1857047967878804,,0.18580525377685747,,,,,0.18582613858979144,0.18514081435043395,0.18508733303203903,0.18543900263898397,,,,0.18522088379847673,,0.18524149286422606,0.18539994177577704,,,,0.18512509198960475,0.16585208996105272,,0.166520985621909,0.1658703783740814,0.16611023485136525,,,,,0.16607172328638561,,,0.37799294132674965,,0.378000725754267,0.37875220559168227,,,,0.37895126847067584,0.3780933675820151,,,,,0.3781971055305719,,0.377666741142183,,0.3775867020177627,0.37766184238294664,,,0.16632639444801828,0.16657918654464157,0.1660038502273794,,,0.16628341325780638,0.5858608938358004,0.5845737193794674,,0.5860761877871987,0.5855866525927192,0.5845439684706012,0.5846677534780671,0.5848546718851252,0.5840044700555652,0.5850882630279821,,,0.5855185568620848,0.5850033148043808,,0.37776302826128977,,,0.37829608990022484,0.37914502640555386,,,0.37793387237330633,,,0.3780634775162614,0.37423041370246807,0.37700549580485376,0.3765390738612689,0.5840745285861202,0.585664631056018,0.5845256837212787,0.5844513954619482,0.5868005671378557,0.5863731683855719,0.5854413147688059,0.16623218480377216,0.16595032234004747,,,0.16586608947504067,0.16613229614062733,,,,,0.16615957292111783,0.1658343653624157,,0.16615565308259556,0.16646713384735626,,0.16620927089928214,0.1659676336165819,,,,,,0.1663105212084807,,,,0.5865504179632923,0.5867923704603265,,,0.5855952690221918,,0.586098016560158,,0.5872588254457504,,0.5850466760085863,,,0.5876006388512931,,0.5847147594764401,0.5851496023087428,0.5851914471677754,0.5893764991428484,,,,,,,0.5870018997796346,,,,,,,0.11639938923952928,0.15590573241830494,,0.1420166370602958,0.1416973790283533,,0.00013394245547135788,0.00013398240344937362,0.00013408002537465156,,0.00013399982906123437,0.00013372380804741515,0.00013419105016036607,0.00013381971467602076,0.00013385976126013252,0.00013409306566766077,0.00013380386180523651,0.0001340620256601958,,,,0.0001337214020100623,,,0.00013386605485736914,0.0001338585565669044,0.00013370205740761398,,0.000134367150446578,,0.0001338621427395256,,0.00013382096336855617,0.00013383151073802617,,,,0.00013340289905488858,,,0.0001337183659680228,0.00013371208742738033,0.00013391700472781184,,,0.0001340685958259832,0.00013366746548797875,0.0001336746350275673,0.0001342458602875425,0.00013372771093513185,0.0001339515650485585,0.00013400978037602436,0.00013377842436897836,0.00013397821035727764,0.00013370968468911197,0.00013372915948648862,,0.0001339536785418346,,0.00013386052424344599,0.00013426512670657164,,,0.00013386285036884373,0.00013395009759450133,,0.00013402880812879038,0.00013392632176786014,0.00013369686164521578,0.00013377796582050817,0.0001338904682048168,0.00013379411639317514,,0.00013389601839933383,,0.00013345991922893578,,,0.00013373132911313846,0.00013393674985043064,0.00013345085892210514,0.00013359791641289514,,0.00013373552661578286,,0.00013400263817657144,0.00013379402666334518,,0.00013363877174124174,,,0.0001337018928524907,,0.0001340295139103267,,0.00013378676110921002,0.00013365517026916467,0.00013387089554637015,0.00013407273064558662,0.00013390319445948302,0.0001332581490118063,,,0.0001336566284408274,,0.00013375539246329894,,,,0.00013360439676355813,0.00013414534248441877,0.0001341100709711133,,,0.00013381669973545725,0.00013365134732199973,,0.00013380637185290392,,0.00013397761131901296,0.00013376135819873273,,,0.00013388654550974585,,,0.0001335041240564911,,0.00013378411984616773,,,0.00013390121427215283,,,,0.00013384492875217807,,,,,,0.00013387720477225234,0.00013401273136758886,,0.00013416734236661596,,0.00013349154439378029,,0.0001338680215564391,,0.00013394329493038526,,0.00013361937993918045,,0.00013396488154112634,,,0.00013397581894180325,,,0.0001332992294672411,0.0001336800800433873,0.00013405382000744728,,,,0.000133690148937039,,0.0001338781662212974,0.0001336138309291301,,0.0001333604917739738,,,0.13661453843047086,,0.13627952456285047,,,,,0.00015618764804651466,0.00012059500094903122,,0.6282459893444293,
8,24,DG_48pct,96,Z16_F08,16,LL_AB,157123,165455,True,7886.354929328431,7899.299065607112,7862.27902867969,3737.7291636136724,3631.0122752143984,504.7790734356196,49.131058105422476,1675.7684011944527,1511.013336083426,828.614532469132,766.0449434783378,252.69127568171552,4.476816667425393,85.37556584067897,8541.074749058462,217.9431237464685,396.9577536748775,164.60638171006798,203.9149821252196,247.96035148962127,0.579070602224965,,,,,0.715627589997065,,,,0.11145552294737396,,,,0.29780580212032176,0.17615184849235813,0.17593663207687374,,0.6321645140392375,,0.6337046018493181,0.0001135698911530825,0.00011311889839900742,0.00011307021062623167,,0.30221826737997665,,0.3007509547365765,,0.29996244663934085,0.30340383586472813,,,0.30348970106635176,,0.30206939233934893,,,0.308430793936264,0.30904863058261584,0.3082346306885988,,,,0.3085890686372878,0.3086830400438987,0.3095272524927148,,0.3078330952737052,0.3081819522485076,0.30841435765660064,,0.3092810298076439,0.3090664990050742,0.3094128795296784,0.3083785606615741,0.3099490826552831,0.3087753852847004,0.43721259413233193,,,,,0.43775096861178914,0.43796035826893037,,,0.4395537750203111,,0.4375965271192579,,0.4389503385405741,,0.4376706538157035,0.4384821172453327,,0.43775686002988967,,0.4367534295314606,0.43941896366647704,,,0.43866196968830895,0.43857401364818643,,,,,,,,0.3736329401477795,0.3741003504348465,0.3752988347501761,0.375151151010938,,0.5951300628781037,,,,0.5971346372645633,,,0.5929902987436972,,0.5932527711879356,0.5949887050058609,,0.595059466537379,,0.5940646053538493,0.5949855530049517,,,0.5953415571609265,0.5942447907515905,0.5955328131451118,,,,,,,0.5943422600889481,0.5947195689828061,0.5931441738918218,,0.5937654283976139,0.5923368646774699,0.5948588442126386,0.5924904542981497,0.5921253570157227,0.5936405730729534,0.5935481626591146,0.5929561636432923,0.5921105399691502,0.5926621258186111,0.5938574827182165,,0.6681147553978287,0.665788438321651,,,,,0.6646441939742219,,,0.6644012895268008,0.6680133129366077,,,0.6657372038586354,,0.6668951867097364,,,,,,0.6633942146677548,0.6674585672432215,,0.6683206224415035,,,,0.6668784422733848,0.6669683341428708,,0.6673670658724585,0.668703322965079,0.6654503409423912,,0.6661018633384368,,0.666026306382988,0.664899805066406,,0.6654014546670666,0.6650395831467962,0.6652860659430644,0.6661536131908143,0.6657660283437821,,,0.2737499416660453,,,0.27280205405120017,0.2736816281960942,,,,0.27326580117756905,,,,0.2738293661535055,0.2736559608880619,0.2733771974215824,0.2735184218760697,0.27424560452074304,,,0.27391624738147324,0.27346501720981203,0.2724695807059303,,0.2731643881410396,,0.2736114257236171,0.2727459810892059,0.2735890557597345,0.273010915001311,0.2738447750543011,,0.2737577450379208,0.27386482161752107,,0.2732029037435278,0.27380445512973806,,0.27323820027897816,,,,0.2734744504365641,0.2719910627065277,,0.2740470217497364,,,,,0.2734940024483165,0.27278781589629963,,,,,,,,,0.37130928223810145,0.3714037779035936,0.37261799563859177,0.5779857102923346,0.5761481040254264,,,0.5755747125502858,0.5783608030777062,,0.5751462127171801,,,,0.5768132456745664,0.5785766984131443,,,,,,0.5784600134848864,0.5781194540878664,0.5766610979688,,,,,,,0.575894996661418,,0.5765733793278575,0.5783076264372417,,,0.5765641264182368,,,,,,0.576439083260823,0.5793474290935859,,0.5786761319367283,0.5794662116354106,,0.5786508718449901,,,,0.5790142099303419,,,,,,,,,0.5792987029392958,,0.5798559696080385,0.5790463223477309,,,0.5811722870681847,0.5791653838622117,0.5785059301292991,,,0.5779863207872562,,,,0.6626282598638608,0.6651006793931551,0.665164255823308,0.66599022264889,,,,,0.6629880031587683,,0.6622671184190076,0.6620995539677065,0.662180418092734,0.6616118142455699,0.6633427890919991,0.6632094988526576,,0.6629786639957778,,0.6619328337748126,,,,0.6616637552481109,0.661513494803808,,,0.66584702026212,0.663372266788467,0.6623271997881547,0.6635873357145622,,,0.6630039427374269,0.6634420814233204,0.6645547381464368,,0.6639603098226793,0.6629114778585765,,,0.6641387812211267,0.6651538451198474,0.663861692132199,,0.6643298320102813,,0.6639024553247498,0.6654237986577342,0.6622875611906665,,0.6634029693594293,,,0.6656635859821862,,,0.6637114101568116,0.6619037396647214,0.6620478503088004,0.6616325674706485,,0.6636146961771099,,0.6614629160622201,0.6643161384331139,0.6614696351044553,,,,,,0.6629631271050258,,,,0.662747787652528,0.6638968618929105,,,0.6613897127725752,,0.6640826690862118,,0.6658283482921786,,0.2723260812720911,,0.27214911028148264,,0.5809179713690736,,,0.5797495073972366,,,,0.3703242663474552,,0.37131167607925103,,,,,0.3729838557653191,,,0.3717612455965697,,0.3662663169355843,0.3673042787044146,0.36617208113341737,0.5991768926740053,0.2753263198956942,,0.6186785713134411,0.2836440512604772,,,0.2872017060276824,,0.28928180376240153,0.2894511126440599,,0.29026200366575045,0.28958646386617876,0.6338342062443345,0.28963099322337754,0.7039532670174378,,,,0.39903809675786855,0.3986914664876009,0.39812745460308163,,,0.3987029547102169,,0.398038085064218,0.3987375282476039,,0.3993017758315882,0.39956586361423896,0.39849683441454425,,0.399365549088528,,,0.7186569403910812,,,,0.7177499441970644,0.7105901475455544,,,,,,,0.29654366412908284,,0.7218337017608536,0.7220575806987325,,,0.40698870837645545,,,,,,,,,,,,,0.4060492831766818,,,0.4070037570997552,0.40763592824418515,0.4071836742273285,,0.4072786763872924,,0.4077931632329829,0.4073523150482317,0.40713276740571086,,0.40584356907788866,0.4072487887425344,,,0.40597411295860203,0.4072503247322283,0.4068658405789472,,,,0.4059034836736371,0.4052298700096022,,0.4069493600058735,0.4073405605511514,,,,0.40745769418561745,,0.406326866744817,0.4060718321579536,,0.4066151885796954,,0.4068305237764725,0.4065147443117359,0.4070264989526629,,0.407679519090514,,0.4064532822637931,0.4062502795361537,,,,0.2688642512864704,0.2695216329464712,,0.2688456788891189,0.268643637626086,0.2690998423829959,0.2684209294261537,0.26880306149146177,0.2696698440895643,,,0.5697588984958784,0.5719410821222675,0.5716349790421883,0.5707996720734855,0.5696532202985808,,,0.571596659602047,0.5684562949906639,,,0.569230440832954,0.5671327657273082,,0.5694238631052009,0.5676805284661912,0.5684423605985331,0.5678874608994118,,,0.2690106759275881,,0.2697897237207194,0.2696297438281374,0.26865526530431616,,0.6691330481736705,0.6696365777264972,,0.6670803269448956,0.6709118354812065,0.6684673662391837,0.668655969221701,,,0.6670492743640172,0.6669274186440053,,,0.6661019904003586,,,,0.5690425518843242,,,0.5712534100748858,0.5680419753442081,,0.5698413686113336,,0.5698753574887813,,,0.5663138969033845,,0.6676188322934111,,0.6692445144874961,,0.6694526057945269,,0.26898727917576915,0.2688798325040924,,,0.2690538960198019,,,,,0.2690023952217331,,0.2696743815077781,0.2686565003605833,,,0.26963316378469254,,,0.2693844910701937,,,0.26894280834723705,0.26867498601824563,0.2689803684152156,0.26937533642055467,,0.26926163394854413,0.669923472833482,0.6692252455744055,,0.6690088876151302,,0.6679163822461814,,0.6704636320259648,,0.670704565951181,0.6659030769200249,0.6670614936955697,,0.6706400763650124,0.6689025943532125,,,,0.6673908523940193,,,,,,,0.670530824980063,0.3781691427716012,0.3776724049749897,0.37779178009206177,,,,,,0.31138596892744846,,,0.6408671461531635,0.04617626709262974,,0.04621314263768983,0.046219951593022626,,0.04620275478262429,0.0462621630451242,,0.04608900804933931,,,0.04618703367803579,,0.04606305779866107,0.04619517713441423,,0.04622574638289133,,0.046174976564836996,,,0.04616208793643432,0.04623254734366813,,0.04620303852844973,0.04623738619777636,0.04612262285055437,0.04610320243910952,0.04614889968150762,0.04615525710387642,,0.046136554721387585,,0.04610359869421167,0.04624698179314803,0.04604671858792811,,0.046298662302194614,,,,0.04617509793318367,,,0.046110369867440805,,0.04616318449950506,,0.04627275691095722,0.04626465207614612,0.04617105199670433,0.04623857430709035,0.04616120421299008,0.046248118012940875,0.04609277614219756,,0.04617925065299202,,,0.04602092395183491,,0.04617545791974188,,0.04625143110045742,,0.0461030803208255,0.04614137167194246,0.04628930061710143,0.04628025037687292,0.046075152177239065,0.046250956848296124,,,,0.04612292352526692,,,0.046281781908683,,,,0.04612924013848169,,,,0.04622573233522873,0.04618405887737612,,0.04609380616186518,0.04619752225884526,0.04601324974453526,,,,,0.04600305929735262,0.04621909258742134,0.04627531814179542,,,0.046268519347947665,,,,,0.04617562813204711,0.046213833695767974,,,,0.04602905511703706,0.04614401337098602,,,0.046068965720867563,,0.046129627929139695,,,0.04620156909918178,,0.046166790655695754,0.04631747848417538,0.04616633677270787,0.04622652850205746,,0.04614255040776185,,,,0.04628149787047738,,0.04623852508396418,0.04628452565393194,,,0.04612178769813278,0.04631388443614441,,,,0.0460211077735924,,0.04609058067168047,,0.04623710164826085,,0.04618280764898415,,0.04611222075621512,0.04612237166042403,0.04619635430966061,,0.046152423993335606,,0.046283546025185245,,,0.04610458296537099,0.046156799173867294,0.046135363557913915,,,,,,0.04618407103374962,0.046108347669814774,0.3026855151135007,0.30117905640385484,,,,0.6076430414812021,,,0.14619129704902317,0.14643102807068564,,
8,24,DG_48pct,96,Z16_F09,16,3PH,282086,283565,True,7524.2655936536175,7654.272664820602,7700.090256359101,2027.5853027639469,1977.1938079121546,278.97360980267763,26.882128436662722,888.5819284722377,793.7662274958838,438.5822402571201,404.96203512041905,135.096286017888,1.9841547083901938,22.794238530766926,8617.476052271215,122.37810020305247,213.9108722139816,90.0675555469233,111.56461183995977,131.20984448288624,,0.5657818169080265,,0.5660912354450557,,,0.43966922615815707,,,0.08174457724933848,0.22972812753792643,,,,0.19973304187718396,0.1996815465296406,,,0.1992588733215469,,0.014059622911448775,,,,0.28022061983457197,,,0.27647722584101114,0.2767490640448885,0.2809789777060192,,,,,0.28076703957214455,0.2904347753248559,,,0.2826399437892341,,0.2843452946073613,,0.2852665407645702,0.28552029510651417,0.28633391974962513,0.2861343001132945,0.28541765840716926,,,0.2853138794594493,0.2863811764175796,,0.2861263373547521,,0.2856576912138019,0.2863374822599001,0.2857155488238387,,,,0.2853129569881475,,,0.28367629478140904,,0.28504335416301024,0.284520439316627,,0.28462003543801095,0.28449725839281853,,,0.2843139718552195,,,,,0.2835514703967659,,0.2845818131514627,0.285428718312655,0.2849627992359177,0.2842997215197602,0.28491327159072355,0.2842698519412939,,,,,,0.3444553565491773,0.3441836055585491,0.34405546430605194,0.3456884961036738,,,0.34899143568727437,0.34836946254151707,0.35055073284441624,0.34928554667424233,,,0.3492635982089274,0.34959297320308597,0.34792217248665475,0.34838415879674406,0.34852102233127197,,0.34942345837252803,,,0.349217255521602,,,0.3482246199191829,,,,,,0.3495374127376421,,,,,,0.3485968271879481,,,0.3492562451927055,,,0.3484012232517592,,,0.3488038245303155,0.34860354770955776,0.34750037172707193,,0.34928314229088014,,,0.34972893524214477,,,,,,,,,,,0.349505326849099,0.3502227194582215,0.34906834811874343,,0.34949351165167397,0.34869209495259734,0.3483899582492689,0.3483437897758349,0.3498057082263329,0.34884045736008623,0.3487835713854642,0.34934195925626166,,0.34932819991873776,,0.34890006830214454,0.348931473488299,,0.3477944847990707,0.3491231843614979,0.34882235569091147,,0.34730356351121183,0.34828201104031914,0.3488557632662931,,,0.3487511481894752,0.34855391284230847,,0.34924326209647566,,0.3480477364660146,,,,0.3493711085960939,0.3495277747042404,,0.3495965181198681,,0.3485899513793171,,0.3496552662661908,,,0.3485525379949179,0.3493144513690934,0.3498568193003485,0.3503950110515938,0.34922084295256506,,,,,,0.34806855979061363,,0.3475583036894306,,,0.3492143716198469,0.34862799135525185,0.34986141174260876,0.34953303864320695,,0.34881602004627343,,,0.34857247741597686,,,0.3486786350175609,0.3491626946326411,,0.34931579322235634,0.3489680023877334,0.34878011873574066,,0.3496838691077635,0.3483244125328787,0.3486848608740873,0.34838173726054206,0.331902459782805,,0.33246140024697934,,,0.3442611686186027,,0.343490887005312,,,0.34328814393245216,,0.34404254058466655,,0.34384284984971714,,0.3440012940515592,,0.342935927066417,0.3437931228701423,,0.3428806412421558,,0.3430629829874935,,0.34406619279044115,,,,,,0.3426072407816443,,0.3439918489285582,,,0.3433057106239268,,0.34247415750419796,,,0.3433784213031862,,0.34259683951251996,0.3433574704841161,0.3438176652640224,,0.3427421167713504,0.34320038003232506,0.34338115443336054,0.34486710246436153,0.3432029165924873,0.34282528260429085,,,0.3437059217560013,,0.3435995944119232,,0.34391476978480867,,,,0.343823137741648,,,,,0.344349752471216,0.34384851984465326,,0.3436949827353772,,0.34400985143849794,0.3436330202480146,0.3429090287846302,0.3431182597932783,0.3418149154467144,,,,0.3433419717121512,0.34294987203013205,,,0.34263911762420934,0.3436660555595432,,,0.34351724043852677,,,,,0.34265175901396133,,,,,0.3423734495324379,0.34336061635066534,,,,,0.3429243108141034,,,0.34349863137968173,,,0.34263913412297653,,0.3437849603213753,0.3433280152370154,0.34403405779123253,,0.34176292175982464,,,,,0.3435855343770188,0.34262173795143336,,,,0.3435207124953935,0.3434156011268052,,,0.3443538010612278,0.34269395363396,0.3441877913709917,0.3434288537243015,0.34313000415423217,0.3435955869178884,,,0.34337357813966524,0.3430669811158252,0.34294310406035144,0.34352089529550967,0.3432023508299296,,0.3421508024335222,,0.34275255602800403,0.34308659586120877,0.3432101345833532,,0.34296136241603287,0.34364158655022087,,0.3424719576270941,0.34367732599442613,,,0.3435910398034971,0.3434664519617671,0.3436925189378475,0.3439298296676575,,,,,,,,0.34546601908278063,0.3474212310853414,0.3464079090903485,,,,,0.34419323857313355,0.3451265963113745,,0.33944872762180484,0.33814197647878635,0.3395968455910318,0.3395563832410599,0.33872756508677876,0.34606441862440224,0.3465250705797198,,,,0.3430031529509198,,,0.33592774746831144,,,0.32625307854229235,0.35193261240406704,,,0.3619431594192839,0.3628367441686786,0.36207809905568594,0.3658851960530551,,,,,0.3713564586900499,,,,,0.3711040545069456,,,,,0.3710162388212389,0.3695816844213408,0.3700475428480845,,0.3694555665898218,0.37042426135539186,0.3704216444649109,,,0.3718460615409475,,0.3705424284607134,,,0.3701610006552554,0.37058189466139463,,0.37718718328568335,,0.3772137234430771,0.3795260177833261,,,,0.37902520042832977,0.37983592125554294,,0.38005820344506885,,0.3796372417027802,0.379676674380787,0.37841291889959355,,,,,,0.3771586989707246,,0.37786704844540103,,,,0.3776512443237366,0.3783647159616203,,0.3781132353188408,0.3767794507161125,,,0.37879574531436283,,0.3774670031837772,0.37622547720826893,0.3776779206170539,,,,,0.3772456877778688,0.377190410587683,,,0.37703154814559464,,,0.3773207111527936,0.3784517252674606,0.3772207095495364,0.3776420266401915,,,0.3786028525627738,0.3765985011583144,,,,,0.37765312499415826,0.3779211618014024,0.3784965236657874,0.3772596830902106,,,0.37644758231099335,0.3771352833791543,0.37812806079794065,0.37721151259076613,,,0.3765609860457299,0.3771903452011912,0.37810815977524403,,,,0.34311383946280594,0.3430387437748203,,,,0.34336449896503685,0.3430292061495394,,,0.3430765026254812,,,,,,0.34281993871411,0.3422805697354026,0.3419264033658518,,,,0.34278736710970115,,0.34240403748457976,0.34261691496866653,0.3428646374606908,,0.342104998772973,0.34321769651572287,,0.34353231756946184,,,0.34424752830783956,0.34324346052313714,,0.34332033305391024,,,0.34183451047426144,,0.3420786655908,,0.342595716798782,,,,,,,,,,0.34299486083379893,0.34197799852202404,,,0.34348288404901817,,0.34245853417601396,,,,,,0.34056076174833244,,0.3420659161360298,0.34159619845677824,,,,,,,,,,0.34230622750766365,,,0.3439083531699689,0.3434404217783867,,,,0.3427336966124244,0.34418200654538156,,0.344507097936802,,0.3430426155685382,0.3424919976274947,0.34307880181925665,0.34359850805022485,,,0.34368148321869285,0.34441102147674607,,0.3427618868051779,,0.3433900558126349,0.3427396908611141,,0.34332428744149374,,,,,0.34141156422421304,,,,,0.3414926679763306,,0.34283135006351445,0.3436202468172959,0.3432844855776139,0.3432214607564791,,,0.34245250897144724,0.34192468056035663,0.34254284533481527,,,,,0.350051999922048,0.35037275702863446,,,,0.2881158304300126,0.28825881917036694,,0.00011770174370079053,,0.00011843002443091466,,,,0.00011814898220905516,0.00011809104726969822,0.00011798313000121338,0.00011816704452316087,0.00011806255230261732,0.00011789634193664721,,,0.00011789456062219375,,,0.00011789919367646079,,0.00011800456241549028,0.00011808259498457142,,0.00011808147334334158,,,0.00011819593930736744,0.00011780820556921856,0.00011802581913772686,0.00011761816367797662,0.00011806074148411475,,,0.00011833868703859618,,,0.00011798404556422937,,,,,0.00011793940826971094,,0.00011819026306805077,0.00011820278870073155,0.00011814946847773494,,,0.0001177747129735345,0.00011793715483329982,,,0.00011777775803940633,,0.00011778698582989263,0.00011831466427657817,,0.0001177305642779631,0.00011813584713534768,,0.00011788792261559896,,0.00011799402569602016,,0.00011836427720298513,0.00011815541847904201,,0.0001179962240743832,,,,0.00011792537734200026,,,0.00011800862134211139,,,0.00011821242445366609,0.00011817145145452016,,0.0001178704242256771,0.00011819364268517042,,0.00011817377809747794,0.00011809254931263454,0.00011790223243257644,0.00011803603492525683,0.00011821069584384451,0.00011780777189899135,,0.0001178411170081813,,0.00011790010413938568,0.00011820913483560825,0.00011825726534287802,0.00011813985573327112,0.00011812233879867678,0.00011796452886649431,,0.00011823266558604096,,,,,0.00011801594184254479,0.00011782988963044926,,,0.00011826722929519597,,0.0001176258799141864,0.00011826455076839135,0.00011779641221293479,0.00011765157256812518,,,,,0.00011779197936648405,,,0.00011770338833453625,,0.0001179017285019197,,,,,0.00011804515661052663,,,0.0001181950232848477,0.00011806097254254993,,0.00011808968521934303,0.0001179885421246558,,,,,0.00011772941619110629,0.00011777335565867281,0.00011807170666516257,0.00011788250056999959,0.00011775306476079605,,0.00011813685071144916,,,0.00011806771840965328,,,0.00011809556066263112,0.00011790817449537939,,0.00011819129093297913,,0.00011814730199155731,,0.00011817216404384904,0.00011799614349810542,,,,0.0001180998670371989,,0.00011808920516167461,0.00011801827614239275,0.00011826005372863712,,0.2781693925899701,0.27864790936838096,0.28873881993906075,0.28892322726870256,,0.15999047834930252,0.15967811755860217,0.15936764475911708,0.15927755482177086,0.15984296457065153,0.15959618846521617
8,24,DG_48pct,96,Z16_F10,16,3PH,157122,165452,True,8396.903019393541,8481.862929976975,8474.127453942736,1540.4065731769801,1497.1991625703743,213.291821428313,20.538062755267305,674.8940316498308,607.7420502895653,335.73397604875237,310.2581452517187,102.83178788920391,1.5122007117581948,17.327642852506557,9276.472425045142,92.77093566103899,163.50458108388528,68.49722700248122,85.20627101057848,99.87685367391133,0.5272476350311445,0.5278678900189884,0.5283422268723045,0.5282355324254228,0.5294764110773852,,0.38673619539493215,,0.00012664574382576147,0.00012659440431659507,0.15905884682624036,,0.12621876053444236,0.12594539675027522,0.12559511176282653,,,,0.12583078753609936,,,,0.00012685296760400912,,0.2128835440113386,,,0.21123972911706465,,0.21321618906086537,0.2136786542642894,0.21342486537013977,,,,,,,,,,0.2174395923818499,,0.21767699069007934,,0.21809653485107192,,0.21784823488357813,,,0.21773774100236518,,0.21768252653595863,,,0.21778245858827233,0.21827494133473607,,0.2179210128468615,0.2176195521420959,0.21746049608395404,0.2171041112595466,,0.21662714120089566,0.2163561641982366,0.2165010479113208,0.21683376208330069,0.21672103372298213,,,0.2166859019260956,,0.21751808788893387,,,,0.21638186422621197,0.21614025531921127,0.21655778137976897,,0.21651453966584588,0.2168541113835954,,,0.2166205891097044,0.2128348628612744,,0.21205133886281213,,0.26199811687561414,0.2617047802115619,0.2618259906815335,,0.2628441216123384,,,,,0.26561424035560427,0.2649724553308921,0.2656599725880969,0.2665192578202318,0.266508737395903,0.265581855057546,0.26524365500708647,0.2659347321258879,,,,0.26494177523189355,,,0.26485021243781615,0.2659753518234184,,0.26557459021643204,0.26592517873104804,,0.264587347665838,,0.26520032962565293,0.2658445009280454,0.26550450895912414,,,,,0.265421885717998,,0.2652842732293035,0.26508299801792035,,0.2653557783776974,,,,,0.265737558559025,0.26457767837002294,0.26548740176244395,0.26574909910799177,0.266505447941223,0.2663244153298338,,0.2660240068336889,,,0.2653089844283475,,,,0.26565570128806587,,,0.26537002373362556,,,,,,,,,0.2652628569575286,0.26581039111058374,0.26564463922871645,,,0.26581878989204366,,,,,0.2655591292075763,,0.26549102907999506,0.26538720037507224,0.266908007275562,0.2655831211276582,0.2657999362178208,,0.2657692928128788,0.265205252983533,,0.26524281261604005,,,,,0.26557302829800183,,0.2664814837871626,,,0.266248731411129,0.26593545109097805,0.26595811280496634,0.2658636727730595,0.266455031804497,0.2667419909982367,0.2659828757030983,0.26529587026421947,0.2651634063484178,,,0.26579690754837915,0.26648006316557155,0.26579833802843716,,,0.2659694078786307,0.2658964318106762,0.26640616822414986,0.26545733205021765,0.2655466576537713,,0.266230902958941,0.26559409264608536,0.26639845728839906,,,,0.26673450688967504,,,,,,,,0.2657185259003178,0.26611401100882554,0.2658277014976752,,0.2658730692780093,,,0.25311344307615935,0.25315291316012173,0.26174937893810557,0.26103134352463403,,0.2612484070487769,,0.26117303829610866,,,0.2613210953604174,,,,0.261604002123284,0.26183845506318426,0.2621117284560437,0.2619289833485051,,,,0.2616815261903712,0.26229340921549804,0.26125491838760684,0.2619539649695884,,0.2619019640825649,,0.2609748255199816,0.2619040403283153,0.2615768466088099,0.2617456760353926,0.2612714567541057,,0.26152506307284606,,,0.26177048008787124,,,,0.26112316465774965,0.2619659547957722,,0.26164154349205765,0.2613308066078288,,,,,0.26140972254675576,0.2620370824246634,0.26147185657278255,,0.2610468659353663,0.26211109331098315,0.2614519811133705,,0.2615853946247967,,0.2616816527759582,0.2611018459935374,0.26158010745767796,,0.2626603235746745,,0.26219586584429067,0.2622173687544403,0.2620485735399516,,0.2622442141204986,,0.26230323664112093,0.26157452998645936,0.2614909531978998,,0.26223640455234515,,,,,0.2621671880843253,,,,0.2617817800529728,,,,0.2609917842347425,,0.2617604966821795,,,,0.26177651501569116,,0.26104660802123714,,,,,0.26108840429542046,,0.26127946879585173,,,0.26187525821458757,,,,0.26140135975913226,0.26143713751240333,0.26151910048396076,,,0.2617152896302011,,,0.261234063410955,,,,,,0.26172559821296104,,0.2616962390409227,0.26150096210902657,,0.26216669650192787,,0.2614257815966384,0.26141723684988694,,,0.26076105640688707,0.2617220515728774,0.2605816826037045,,,,0.26069214369091237,0.2612287460898311,,0.2611417029261977,0.26217006471288307,,,,0.2616213514454561,0.2615751337536922,,0.26165072049997556,0.26109710783736695,,,,0.26128827158208434,0.26193394233442274,,0.2613261803355346,,0.26202415447825156,0.2612531175862456,,0.2615231211712526,,0.26363162506030013,,0.2640122809861581,,0.2630025991550559,,,,0.262579360351761,0.2577506853313866,,,0.25859813734510567,0.25804429818040353,,0.26336488885784465,0.2640019005939428,0.2626497207025294,,0.262385680896564,0.26166361388082815,0.25599891206402325,0.25533540920463915,,0.2494660465323691,0.2485427942440995,,,,0.26775861842882465,,,0.27629794768747357,0.2785244001876412,0.2794636446989859,0.2793914942762928,,0.28154822069478647,,,,0.2817574930509851,,,,0.28544759874224257,,0.28189616507650095,,,,,,,0.2822210713425343,,,0.2814026605750524,0.2818711781276214,,0.2815835045937782,0.28306385534201983,0.2816865000990381,0.2813108779470585,,,,,,0.284975536220427,,,0.288677225913219,0.28935814338003263,0.28937086255367583,,,0.28899569899124977,0.2890354194680613,0.2890504169457746,,,,,,,,,,0.28773300687470826,0.2883204894381924,0.28707935360924786,0.28841849801241176,,0.2876022855839549,0.2874378513912134,0.2874614324614569,0.28833555079639317,0.28871440305947127,0.288108063933408,,,,0.28688669938682065,0.28735455155435413,,,,,0.28643922582818815,,0.2877062712854054,0.28691102335282626,0.2864822836424305,,,,0.2872050405194451,0.2869652173962553,0.28654942764653485,,0.28695522494881764,0.2867948003207241,,0.2874429453159273,,,0.28678794483536724,,0.2874897409167258,,0.2879322947662887,0.2881309151870453,,0.28794785617892066,,,,0.28783932590659206,,0.2874076194764722,,,0.261726584335125,,,,0.26074178524133196,0.26154718349085687,0.26158220201853905,,0.26101532484462464,,0.2609887630946744,,0.26099161026978585,,,0.2613052541268132,0.26081720879629033,,0.2612296804227485,,,0.2611337526626929,0.26084939155854453,,0.2610330365824593,,0.2610437409191458,0.26100242992864686,0.26187812986790593,0.26111304110998695,,,,,,0.26195902199867377,,,,,0.26081428180389077,,,0.2606107424518518,,,0.2614733005338006,0.26080300883759633,0.2605334523428187,0.2599064581207775,,0.26076236390111773,,,,0.26047002353391313,,0.2613025618737472,,0.26159946923842803,,0.26152656504640365,0.2611419672679236,0.2607626229949858,,0.259949627998291,0.26105536896654163,,,0.2611948227544644,0.2615568054375629,,,,,,0.26232297275231165,,,0.2617967966226231,,,0.2615954591367253,0.26173422045919253,,0.2612769004949882,0.2622857143273622,,,0.261968360240422,,0.26155152110852276,0.26154857584483016,0.26153687230181044,,0.26140053414872777,,,0.26156072952884935,0.2612058886088581,0.26143140926739533,,0.2611469412387421,0.2611225948594771,,,0.2617418181918545,,,,0.2612907164149277,0.2600198568764685,,,0.2606531974964233,,0.26072044394535043,,0.26063869780144777,0.2608317776833837,0.2613825388325661,,0.2614606711942295,0.2611030544633101,0.26157213172380983,0.26087563323972274,,0.26666067377261027,0.26629630976825,,0.26691740222384064,0.2664614397521738,0.2662371285310252,,,,,,0.2848612897817293,0.00012701490186657434,0.00012695308325627851,,,,,0.00012674500970030473,,,,,0.00012700371007184582,,0.00012721586924398015,0.0001271054505939651,0.0001270488205246688,0.00012716193247647983,0.0001272910531468983,,,,,,0.0001270664578830548,,,,,,0.0001272802610159293,0.00012721419582488154,0.00012735261529387763,0.00012736368760459278,0.00012736254747748536,,,0.00012706897414413614,,,,0.00012734995955563896,0.00012687024043743755,0.00012707978972582054,,0.00012722442572578272,0.0001268282890289506,,0.0001273460220064632,,,0.00012713368762744015,0.00012697782832181854,,0.00012715196333183953,,0.0001268709022793713,0.00012744351590716357,,0.00012705265821300892,0.0001271783118835214,,0.00012711688986807672,,0.0001270418737383962,,,0.00012726836819812337,0.00012716482630003065,,,0.000127135071472333,0.00012740571561748452,,0.0001269304666492538,,0.00012709360933723418,0.0001273764416298823,0.00012714010555673,0.00012684537830025776,,0.0001270483103462761,0.00012717172463776058,0.00012733055127512092,0.0001268331921899793,0.000126962708366851,,,,0.00012710836384580054,,,0.0001271378000200061,,,0.00012715454557437166,,,,,,0.00012762299700447592,0.00012724375487044992,0.0001273092889106491,,0.00012715310011703683,,,,,0.0001269352866789989,0.00012707053365557496,0.00012728209464902537,0.00012717012732980928,,0.0001271610353200294,,0.00012730767527880868,0.00012735530965698658,0.00012716097145285658,0.00012711347418174277,,,0.0001268109524075709,0.00012696624974028672,,0.00012674540947726348,,,0.00012713688908335072,0.00012707614816720266,,0.0001274951060054279,0.00012744564961636744,,,,0.0001272341923992078,0.00012715588657936775,0.00012703706989495404,0.00012741952618978235,,0.0001273192909967871,0.00012735504852171505,0.00012673087328182722,0.0001270574016068504,0.00012745599150796024,,,0.00012739826686475827,0.00012717727919270497,,0.00012716599815005108,,0.00012711261478832956,0.00012706727440000955,0.00012725951772547852,0.00012715956597213565,,0.0001271610990291087,0.00012718234992892204,,,0.00012715970116522544,0.0001271149733020269,0.0001273250942517919,,0.00012714431402619468,0.00012680119147071413,,,,,0.22076379611933342,,0.08311310835591744,,0.08313217245401604,0.08311600487280016,,
8,24,DG_48pct,96,Z16_F11,16,3PH,282085,283563,True,7722.065812109623,7809.830615705808,7857.012362325652,1949.2388257676716,1892.094803419621,271.11236629021164,26.00083228663539,858.2937375836681,770.6015956456718,422.20418867742734,391.4176444719527,130.4358950167397,1.9165482727544403,22.006993418027687,8762.516119031063,117.6363323972292,207.19682691021708,86.32077114777194,108.49066103114984,128.23536706603434,,,,,,,0.43173356001646684,0.06907579004357663,0.06923698826107455,0.06924374585604501,,,0.1885992178833888,,0.18864087744849592,,,,,,,,0.00011957615480078404,0.2696932572085141,0.2707788194131184,0.27088897057919537,,0.2673812872345597,0.2673334954567284,,,0.2701993361298593,,0.2703714305580549,,,,,,,,0.27553413602825094,0.2766781584995763,0.27665480868361875,,,,0.2760424236992532,0.2757360009932707,,,,0.2765384464964913,,0.27733850675151556,0.2763409577641742,,0.27500688499289544,,0.2759010933167908,,,0.27503537744790457,0.27455181973540044,0.27443539311163073,,,0.27440234689723864,0.27532694797278034,,0.2744214933034179,0.27491207253704775,0.27542047344390475,,,,,,0.2752468647334871,,,,,,,,0.2682230147131289,0.2692716577547767,0.33579159971578265,0.33217280131585525,,0.3319350416057164,,0.3327767133320811,0.3331051271258928,0.3372594011723793,,0.337006007535392,0.33768073745400573,0.3365616922935747,0.33691199257644905,,,,0.33720665538660183,,,,0.3367658211778808,0.3363958525218365,,,0.3363950670228945,0.33701120033985477,,0.33617215973770104,0.3357743396383084,,0.336275834340525,,0.3374483345491269,0.3360131561040026,0.33651977441989855,0.33645914425772666,,0.3365932229971993,0.3363791202521459,,0.3363231157527318,,0.3370676517953433,,,0.337632591525485,0.3369171048592524,0.3358949349578726,0.3367316522598552,,0.33722829525265163,0.33714450277780544,0.3374740611442148,0.33693325490322945,0.33762984323255535,,,,0.3372703206422073,,,,0.33726117903423664,0.3370101018379379,0.3374523845051073,0.33742521682012294,0.3365708150771826,,,,,0.33626731344469524,,,,0.336723387209719,,,0.33747323097900406,,0.33766288460149985,,,0.33634223796909973,,0.33628748323133884,,,0.33586655220203404,0.3366229356399976,0.3365315090772629,,,0.33644850969415907,0.336704646897146,,0.33680734930551726,,0.33667575489750445,,,,,,0.3373761920042058,0.3379601692666028,,0.337708857334525,,,0.3371072718332057,,,0.33722047589075976,0.33759036611069654,,,,,0.33695615706169396,0.3372014465115365,0.3366436107153471,,,,0.3375862644229199,,,,0.33772694179497276,0.337273141419919,0.33741003741725706,,0.3370020129885559,,,,,0.33829804678546244,0.33733196891315265,0.3370105970007142,,0.33688347788655815,0.33724336544029926,,0.3371258051946255,,,,0.32014021109899654,0.3220167105170723,0.3313269482725377,0.3311647473258049,,,,,0.331681022568307,0.3312215552039296,0.33164276965114564,0.3313860973855284,0.3328910041954239,0.3320073751970022,0.33275837491533966,,,0.33220570695486734,0.3325563916959517,0.33258891047968275,0.3318025186196965,,,,,0.33218797108622017,,,0.33217791711030703,0.3319970613356674,,0.331966797835343,0.331232130121295,0.3314151559816209,,0.33240291586775966,0.33115885868768724,,0.3300718901598808,0.3321434906590042,,0.3308181502566935,0.3311287465035594,,0.33095434123580686,,0.33149548884909336,,0.3324820987912765,0.3311515008408278,0.33199302891021143,0.3322294959254323,,0.3324820498262384,,,0.33221802796242916,0.3314392925672184,,,,0.33186049240478316,0.33082787183434437,,,0.33224700376872046,,0.33180248451004973,0.33169865415811417,,,0.3311143161794135,0.33232036568220996,0.3325792845272608,0.3321348564604841,0.33210783453895737,,,,,0.33235408598228533,,0.33247632243442077,0.33168189856621905,,0.33248183693847094,0.3310002118367863,0.33131683767796993,,0.3322617691672319,0.3316639853791283,0.3336190886482077,,0.3310719996089749,,,,,0.33196872078919587,0.3325375129652578,0.33221369788244887,0.3309808379768885,0.33090119119142836,0.3318956591525718,,,0.3310740635812072,0.33118683225314915,0.3319245480661415,0.33138625376316816,,0.3311327711369581,0.3311452961068827,,,0.33148655360225815,0.3325659336403331,0.3311805315779691,,,0.3318162945766824,,,,0.3316356742612314,0.3305049598177184,,,0.3321928290204124,,0.33098422721278126,0.3326242681652937,,0.3312481543424012,,,,,,0.3315405422829069,,0.3313959966813382,,,,0.3317600122081922,0.3312927820042157,0.3318003886219268,,0.3313876148942674,0.3309169901561346,,,,,,,0.33152451844265585,,,,0.3315391727128611,0.3322513372784511,0.3318700179850998,0.33159521035272166,0.33178807228616997,,0.3312614103091614,,0.3352632031024016,0.3345800037575864,,0.333053300578899,,,,0.331956438507077,0.32669592647162904,0.3275995700756079,,,,,0.33476434111003495,,0.3346323136103535,,,,,0.32487713975436544,,,,,,0.3406064867800483,,0.3499688285095069,,0.3502718285689494,,0.35450630378785436,,,0.35754710670322676,,0.35751334628513803,,,,,,0.36085294974509186,0.35932792967282845,,0.35886329255282595,0.3586704193346337,,0.3584487143421278,0.3576650894802103,,0.3574962987470931,0.35694054235604195,0.3572011326573205,0.35773220276330525,,,0.35792437066544386,,,0.3574645512109417,,0.3644717794181921,,0.36349892517576793,0.3640169820483299,0.36285073038676374,0.3667717021842679,,,0.36641187400136266,0.36637735737510146,0.3670625066449055,,0.3672849307641118,0.36623664519931376,0.36664442507323186,,,,,0.3644198577115318,0.3652697606617918,,,0.36505679478017744,,,,0.3643875323100164,,0.36486123918455665,,0.3651164527374564,0.3649798469945637,0.3641290536391596,0.3648609700046759,0.36503493212063637,,0.36489451450565075,,,,0.36369830315296464,,0.36409112446939973,,0.36372593465111375,0.36495303718214606,,0.36463245241067677,0.36348243787136186,,,,0.364727647534215,,,,,0.3636134739890709,0.36444927916760983,,,0.36422918838825674,0.36505620497670094,,,0.364776404709636,0.3642454363681297,,0.36520467015334596,,0.363598367164821,,,,,0.3644619684684791,0.33178734860454967,,0.3330392027712515,0.3314040914699657,,0.3311780317422351,0.33123798076949673,0.33147684345473155,,0.33137258181984736,,0.3311279684649446,,,0.3315243187719138,0.3314059947188458,,,,0.32986195303969623,,0.3312287129059208,,,,,0.3312244254420467,,0.331224050730626,0.3319651083313772,0.32969296884424587,,0.33215520863636167,0.3320975963475294,,,0.3320012043282328,0.3328929258093094,0.3323404417420148,0.3301311950417849,,,0.33053741554595595,0.331324008493158,,,0.3312842166425236,,0.33137591072029565,0.3317667081439912,,0.3297816229992682,,,,0.3302584000597357,0.3310318933720167,0.3303098621133658,,,,0.3298462112269752,0.33182851624211196,,,,0.32918726525674374,,0.3310155945507866,0.3314156506978424,0.3311044298320971,0.3315983180805494,0.33121678980671515,,0.3307456067424978,0.33209126449531945,0.3311297754817521,,,,0.3314622442464506,0.331218839501187,,0.33068829551679285,0.3324443785860397,0.33170386343368063,0.33255538817860913,,0.3334123056112293,0.3311695583903281,0.3329157516298077,,0.3312108183487165,0.3324770182649145,,0.33200004090760976,0.33147829740153795,,,,,0.33224226020218345,0.33138915658566737,,0.3309351195187718,,,,0.3311589915897218,,0.3301698016463902,,,,0.3314865570736395,,,,0.3314584952316876,0.3303315311685757,0.3302993067265688,0.33110738675741147,,,,,,0.32991241871479854,,,0.3380574184294509,0.33883318327699674,0.33756221126304814,,0.27999620374739004,0.310513850858362,0.27792180679919987,0.27803644535922034,0.2784931654975325,0.3616112860868986,,,,,,,0.00011971310122779855,,,,,,,,,0.00011977474799558524,0.00011997612863902375,0.00012034576818792706,0.00011967032963737066,,0.00012008285330845887,0.00012024778256715584,0.00012009119365023009,,,0.00011995141344924434,,,0.00012000620350248509,0.0001200754505661289,0.00011987963181071243,0.00011972261501113906,0.00011971923755653468,0.0001199443765186984,,,,,,,,,,0.00012002862733987095,,0.00011993868917484666,0.00011984614012815363,0.00011989764293621518,,0.00012029512314511264,,,,0.00011985944336295063,,0.00011977587550923309,,0.00011996412088076818,,,,,,,0.00011998016104415871,,,0.0001204058746945674,,0.00011967029102563545,,0.00011986155904663593,,0.0001199222868647066,,0.00011972692418736177,,0.00011975013003865391,0.00011985318173564642,,0.00011976624451583647,0.00012013948412852089,0.00012032548047093548,,0.00011999728418620252,0.00011987312507743839,0.00011980656671008019,0.00012008012205668482,,,0.0001197729328304903,,0.00011997458999793469,,,0.00011960424337924218,0.000119794544913583,0.00011966549036955985,0.00011980297220377751,0.00011978212474621681,0.00011986965475803251,,,,,,,,0.00011973847356690333,,,,,,,,0.00011990418207981016,0.00012002283578477544,,,0.00011931918403118126,0.00011982226546170608,0.00011959530140497439,,,0.00012016763918419571,0.00011990383608397939,0.00012009320896442072,,0.00011996202819339758,,0.0001198255959065291,,,0.00012011260804744496,,,,0.00012008297540108989,,,0.00012006053948370466,0.00012012143923962111,,,,0.00011950794100417923,0.00011985654938145434,,0.00011966816014931791,0.00012019603352218501,0.000120101848437602,,0.00011996592942584937,0.0001202492925240232,,,,,,0.00012023743084995694,,,,,0.00012003352927760243,,0.00012001233311398911,0.2683195985922353,,,,0.2783110116072736,,,0.14816849051789752,0.14796355431122185,0.1474611603987832,,
8,24,DG_48pct,96,Z16_F12,16,3PH,318386,283563,True,7693.7890854593425,7772.060608331086,7793.072320131456,1947.7647927054525,1900.2088611852705,269.75391574523616,25.908246145911104,853.6584444189092,774.1149708302457,423.62579608425375,391.3118743175557,130.30146206658895,1.9121849642539575,22.15574685007319,8743.83469396018,118.07712667339582,206.8936700276627,86.13382578459645,108.08763997872987,127.62360589685649,,,,0.5620233143759441,0.5610020694567337,0.5602380542896136,,,,0.06901713729551145,0.21906654586229754,0.18861404551678929,0.1891119768534388,0.18816655002003319,0.18902083938245404,,0.18893505338729433,0.18900096648439946,,0.1883147780819229,,,,,0.27030598405173345,,,0.26644960248730204,0.2672862468079504,,0.2703973149196864,0.2707497051458607,,0.27129599535729276,,0.2801954839602982,0.27278109168024567,0.2730565291747209,0.27288390086766057,,,,0.27631631098147685,0.276177721167309,0.27631985893559513,0.2768662281275374,,0.276701775932087,,,,,,,,0.27705095143096914,,0.27594005206909283,,0.27634188224880324,0.2755590898140968,0.2750838819465852,0.27458384993663054,0.2737869617033266,0.27480080514512645,0.27504010014805286,,,,,,,0.27595732916096466,,0.2750270713580412,0.2748139795779483,0.2751542481117258,,0.2748018895587165,0.2747366114345929,,,0.2755758934897101,,,0.268895736528804,,,,,,0.33201276237774574,0.3330905065931938,,,0.3371930912995692,,,,,0.3370865624865043,,0.33650377565441814,,,,0.3376128603012374,,0.3374680279679502,,0.3363658745205526,,0.33673220790868447,0.3363310475150196,,,,,0.33621980000296936,,,0.33676319011403516,,0.33730008258757666,0.3370384391314986,,,,,,0.3366077410793943,0.33729036609506335,0.33652148100268753,0.33657422503944767,,,,,0.3377635559809526,,0.337872843391692,0.3381905610789638,0.33583741438222064,0.33712303211086114,,,0.3373170382898919,0.3365671147157144,0.3374162106577314,,,0.33729020510131125,,,,0.3367079006183705,0.33651275498706007,,0.33649926322964535,0.33680948016272466,,,0.33753898360324713,0.33634495485555477,0.3363371636245531,0.3371002279201479,0.33708849287400244,,0.3358001740208148,0.33717242613673076,,0.33691541130927877,,0.3367003832875292,,,0.337226512780634,,0.3365873826209964,0.3368200185341722,,,0.3361857198544307,0.3373558536809303,,,,0.33653010622282875,0.33753766449747,,,0.337000088232439,0.33720083691676433,,,,0.3369122634859779,0.33742651124789663,,,,0.3372348971513072,0.3376393465839436,,,0.33753664929491894,0.33684400519994573,,,0.33742756627438014,0.3371491472015045,,,,,0.3372477931091354,0.3376114284923432,0.3378792111428336,,,0.33667177830944484,0.3377944660541769,0.33688467363503943,0.3378331934737423,,0.33755214307590453,,0.3370164936696137,,,0.3368027797906121,0.33751601709525575,,,,,,0.31992894011574957,0.32058954933864364,,0.33297045652668145,0.33195999792651826,0.3321136123753861,0.3326009753010035,,,0.3310213503388027,0.3327977597560012,,,,0.3310516650041807,0.332389322060552,0.3318554856527042,,,,,0.33181719191008874,,0.33146229059402726,0.33117649983189335,,,,,,,0.3312348157039906,,0.3318426482740998,,,,,0.33110744977971013,,0.33143211580723436,,,0.33151419653732994,0.33181069173886635,0.33193254286260887,,,0.33186947229241703,,0.3306462839322733,,,,,0.3314356389701573,0.33123479859172317,,0.3307525067116388,,0.33222486370140525,0.33251581209334646,,,0.33101700773933,0.3315581741247635,,,,,0.33144736691228804,,0.33090491362895863,0.3314992217970234,0.3322606520336152,,,0.3305924813886924,0.3322544678018213,0.3317896821992183,,,0.3320132814375093,,,0.33204508424721657,,0.33182421184400357,0.332429087518844,,,,0.33124222998695774,,,0.33169337011273303,0.3310828008222356,0.3311738169598092,0.331848428381289,,0.33126498977269586,,,,,0.33146924828346497,0.33210751069660954,,0.3311680769093045,0.3306207681258672,,,,,,0.3313677000303473,,0.3305615405229835,0.33160470767746997,0.331392283970061,0.3321792171841043,,,0.3310152205216212,0.3332062185097633,,,,,0.33104398798215895,,,,0.3324609755206112,0.3322369487342784,,,,0.3307393603800387,,0.33174382718298184,,,0.3310044157933554,,,0.33268385403878475,0.33215340175715047,0.33075302696182335,0.3305996989590907,0.33066679486371925,0.3315612254616763,,0.33129955507110465,,,,0.3313800201002984,,0.33297045313850343,0.3321077024971743,0.331393970089108,0.33241589473901667,0.3318796538161523,,0.3326493808284839,,,0.33498212515037284,0.3349055756341652,,,0.3330207930188904,,0.33314082267400175,,0.3326948179355638,0.32704514005358193,,0.32767219091554584,,0.32668513345231615,,,,,,,0.33175072131288674,,0.3245362503705019,,0.3151485823724097,,,,,,0.3490928767303108,0.3497760616748666,,0.3527076010232182,,0.3539199454238808,,0.35707997718135126,,,0.3573925130825803,0.35681882174808965,0.35697399781277145,,,,0.3578791195736497,,0.3585696307224558,,0.35726349469397556,0.3585887791811705,0.358672413898238,0.35814786788174685,,0.3579846476137132,0.35784319008870563,,0.3575495522968258,0.3585421901588671,0.35751720921172897,0.35811249440081605,,0.3586757413903403,,,,,0.36430526386551343,,,0.366727486870837,0.36631283516486557,0.3667951024083792,,0.3678744154143832,0.3671592717703174,,,,,,0.36483246917711665,0.3649680156353395,,0.36462301111794504,,,,,0.36447910256864424,,,0.3648815204050281,,,0.36426169316579887,,,0.36402418366285233,0.36478029470079454,0.3646773327921153,,,0.36542611188419205,0.36419414784806603,,0.36421759741880283,0.3637751441213238,,0.3662058162246035,,0.36460710544122366,,,,0.36348327761488675,,,0.36319329135364486,,,,0.3649586078257782,0.36573829797160384,0.3654413997048349,,,,,0.3648870124565379,0.3646334509346362,,0.36544315760191054,0.36467640087729974,,,0.36530065693495567,0.36426639689265045,0.3648705777563632,0.36430936801428215,0.36505753184743034,0.3313072554413,0.331438376703871,,,,,,0.331736692444534,,0.3316282458515526,,0.33194438640256696,,0.3305665388987781,0.33050577805086734,,,,,0.3306523567362182,,0.33121910469410487,0.33053448135236835,,,,,,0.33091539098258727,,,0.33279572763836124,0.333150595343299,,,,0.3315532358682909,0.3322924405486198,,,,0.3307076952487511,,0.33079762335544355,0.33071927576700766,,,0.32989932546040923,0.3309914147306026,,0.3310526872491623,0.33103787103873034,0.33036301249290895,0.3290432514568642,,,,0.3308823449993133,,,,0.332069272004013,0.33101504250095665,,,,,0.3300949687617511,0.3309579855675104,,,,0.3313405332536856,0.3308903759856438,,0.3321547805499736,0.3321073374355177,,,0.3311906324336252,,0.33173571251947553,0.33175854206917776,,,,0.33220086529775844,0.3325355693688346,,0.33203889097990485,0.33252189166951607,,0.33222219103756734,0.3326131257981205,,,,,,,,0.33211311629287354,,0.33137228299682514,,0.3313907137679047,,0.330694613059621,0.33082202195253685,0.33162289661901995,0.3308905654714237,0.3314143476199383,,,0.3312777900024842,0.3306437547781019,0.32976903934234364,,,,0.3315655000995122,0.331121410352095,,0.33027542876170524,,,0.33075633594939324,,0.33808051847272313,,,0.33780158213329986,,,0.28056802923660934,0.31045776242170275,0.27806160349779235,,,,0.00012012982243844439,0.00011984200763608469,,0.0001202518021066796,,,0.0001198370564132319,0.00011973630950185322,,,,,0.00011975625077125184,,0.00011971781932312098,,,,0.00011990782155988055,,,,0.0001202149106781561,,,,0.00011971973580456232,0.00012020425404555524,0.0001198904948648279,,,,,0.00011980691592284146,0.00012002931839481428,,,,0.00011999922898407088,,,,,0.00011966618828466652,0.00011992872263384657,0.00012001536002706419,0.0001199074218289886,0.00012000684036667462,0.00011997523968788193,,,0.00011989801909402388,,0.00011971103621948122,,,0.00012010048203716556,0.0001201233140907257,,,,,,,0.00011977975522839694,,0.00011990449964136403,,0.00012021827494887316,0.00011975635795416481,,,0.00011983768624104824,0.00011988529939723771,,0.00011967379528973364,0.00011980829397404017,,0.00011990431338959234,0.0001197621300717305,,,,,,,0.00012033520217699534,,0.00011999876046620806,0.00011997894994574638,,,0.0001197774979567125,0.00011966926615116027,,,,,0.0001203751982430353,0.00012005174679766854,,,0.0001197649896305362,,,,,,,,,0.00011982969858921815,0.00012010855432264549,0.00011991572108932945,0.00011998803032628501,,0.00011989402213126164,0.00011999040934810849,,,,,0.0001197208309439439,,,,,0.00011963838319185426,0.00011960822187022854,0.0001197906591771198,,0.0001195165085608661,,,0.00011973455099588546,0.0001197448344892585,0.00011997969686031743,0.00012007808526158234,,0.0001204482453411069,0.00012001755871533906,0.00011977756878085396,,,0.00011990199537297105,,,0.00011994035099412606,0.00011976717184899519,0.00011989236082825587,,0.00011963766125655439,0.00012007678170827639,0.00011943279370913741,,0.0001198788740208505,0.00011960094709304298,0.00011986583070700493,0.00012017815177614305,,,,0.00011973303922341727,,0.000120290167165393,,0.00011988190285979082,,,0.2683999766858405,,0.2790604490691248,,,,0.14821773791949608,,,0.14829013786991777,0.1484871661706662
8,24,DG_48pct,96,Z17_F01,17,SLG_B,175044,181977,True,6856.981670410412,6755.224268720942,6623.6579971103565,5631.272124365871,5522.680646683593,6480.850688506043,92.37161978446531,1815.2674169554355,1603.6164924038762,903.7633089412052,845.4043423435623,283.38026444468755,4.980152112771044,53.545011223536676,171.81273060528284,6991.407846252813,519.6410330333993,213.7488457091674,296.13559241607317,269.3393879090763,,,0.633406580668251,,,0.6445696649075711,0.6491698952820906,0.3984671138817995,,0.3982385242929307,,0.7583914735066183,,,0.5604754890806494,,0.5607234850074019,0.47133229069193167,0.4706348800330944,0.472382477633346,,,,0.3958199357959793,,,0.3937204999572724,,0.39409939689835227,,0.39602034717084356,,,,,,0.35300673111264497,,,,,,0.3327512331249598,0.3324726320907732,,0.3320312559987171,0.332350347514424,,0.33256933736349464,0.3327608338397817,0.3329382955329289,0.33189742786319665,0.33255564726929904,0.3338344378986771,,,0.3326254854507343,0.7507278991573694,,,,0.7496117696086143,0.7501297426781717,,0.7506011011945283,0.7483086149842582,,,,,0.7521043173183333,0.7494326011843364,0.7493326255068237,,0.752055234347942,,,,0.7492073423694257,,,0.7481519884620031,,,,,0.2612117414019758,,0.2112648235415393,,0.2967738814181038,0.2963772025542801,,,,0.7798369939562717,0.7834081702993656,,,0.783619043197793,,,0.7807519860174299,,0.7802940399868226,0.7796273861242232,,,0.7796952250120429,,,,0.7810385100576902,0.7807175709464238,,0.7787945180829,,0.7812089268918421,0.7806574298968447,,0.7817732710466987,0.7785549398766309,,,,,,,0.7810207388823489,,0.7793892380718308,0.7784195566351252,0.7778995716258097,,0.7774469336312647,,,,,0.6227377109857508,,,,,0.6209550548271442,0.6236483177272784,0.622459474972194,,,,0.621915659691419,0.6215340367312012,0.6205754484295452,,0.6219939906197147,0.6219017489204551,,0.6231025558000736,0.621341681823475,,,,0.6220957585071701,0.6211363637137408,,,0.6218113011280909,0.6204372996979867,,0.6217503893836444,0.6217538849432591,,,0.6219819891591015,0.6241257442411541,,,,0.6213735287352848,,0.6211266208318824,,0.6216155835123868,,0.21228017001629862,,,,0.21250265719443337,,,0.21272433608095642,,0.21276789430553733,,0.21253174530757274,0.21238865208744426,0.21272132381364403,0.21301590762394004,,,,,0.2123837938207316,,,0.21236705058031333,,,0.21245093791413386,0.21268540780311213,,,0.21168823981578153,0.21288868599332922,,0.21213894693430396,,0.2128592728870362,0.21300812063942484,0.21204820734028137,0.21255467140939027,0.2125343081652762,,,,,,0.2129099417887531,,,,0.21271232715728766,,0.21240733295412426,0.21258916835097796,0.2896866351004405,0.2886549865752584,0.28839651685324885,,0.7728696658885482,0.2960066991161785,0.29616286150383087,0.2960697154335604,0.29572775921090283,0.29678679614704406,0.29595691029578175,,,0.7977189060142318,,0.7963384736668516,,,,,0.7977155162253907,,,0.8021804698320882,0.7965174779300965,0.7971962467141657,,0.7965916076938538,0.7970157710255055,0.797884253651026,,0.7951135456433831,0.7961642864314139,0.7956712534157947,,,0.80012179289439,,,,,0.7960881719702528,0.7951076628021161,,,,,,0.7974196246436001,,,0.7902426382838185,0.7923890886681775,,0.7917384431476516,,,0.7925254906876738,0.7922378294231475,,,0.7911742976244239,,,0.7916231807675755,0.7939020709472433,0.792837126498687,0.7913887186588754,,0.7930284178309122,0.7949842541813837,,,,,,,,0.7921512619897431,0.7934429069713141,,,,0.606846557382768,,,,0.6065941313706475,0.6065666184404732,,0.6055410156440052,0.608167273000089,,,,,0.6052945604565506,,0.6068728750362539,0.6052433270693401,,,,,,,0.6069187363394444,,,0.6056661034430402,,,,0.6061555997216482,,,0.6063521990425657,,,,0.6059523113319101,,,,,,,0.6065440386425215,,,0.6063245499207415,0.606124661935768,0.607042647073862,0.6061228112790766,,,0.6070362105012996,,0.6061482834381642,,0.6067421805925283,0.6053078564503632,0.6062343774219069,0.6062335413613194,0.6041645367589717,0.6057619444794766,0.6052166339913593,0.6082101891897476,,,0.6068514910203315,0.6078518260532697,,0.6068294077814796,0.6063721595536176,0.606613120934162,,,,0.6079971652419407,,,,0.6083111647389958,0.6067261711942952,0.6061767244216116,0.607438534615383,,0.6067479689086201,,,0.0006793071057762698,,0.8099744372439234,0.8102732917966524,0.8074019005141031,,,0.3506511456512755,,,0.3520792969711373,0.35187866887816455,0.3525597538326374,,,,,,,0.2938371375234534,0.292830876472194,0.29264878915242953,,,,,,0.6220068191096665,,0.23185819435974878,,0.8153770920304377,0.2356735698215228,,0.23878887777899996,,0.23907761741211803,0.23887607895635238,,0.8226286512799509,0.23858559532434698,,0.24185899839325112,,0.31805959259945205,,,,0.3190778791149793,0.31806150990758886,0.3189042413336295,,0.3181360403341292,,0.31905984622648065,,0.3188456853150711,0.3196073799978707,0.31968358674933767,0.3182392044040513,,,,,,0.671114238862452,,,0.8445315531191975,0.8434973896730394,0.8440699158137157,,0.2482311476938257,0.2479317604455501,,0.2473964859021131,,0.6752550010523968,,,,,,0.32508186673175926,,0.3246829083152381,0.3254012548107036,0.32458359410332416,,0.32544434881545836,,0.32520689610712306,0.3245195216320477,,0.32476051801032896,0.32516139511979425,,0.32545979896354854,0.3240516287556845,,,0.3241601466079763,0.32476218930857165,,,0.3241115841150894,,0.32424430781927127,,0.3249296917177862,,0.32473403043620885,0.32400118710228204,0.3247564647705336,,,0.32472454954086405,,0.32451657741357487,,0.32519827779249677,0.3259307100344684,0.32513193208286595,0.32519330174325056,0.32461371370191494,0.32440612746517006,,0.3255694698648563,,,,0.3250364447006021,,,0.3238257707806564,,,,0.3237717881136256,0.32448647564538124,,0.2042977217946837,,0.20432893427111606,0.20436209525085663,,,,,,,0.2039795055417868,,,0.799426060657622,,0.7991405649869883,,,,,,,,0.7985252370513639,,0.7973981144257467,0.7973342787653779,,,,,,0.20405611983267571,0.20382733197172895,,0.2040275849437024,0.2035351485808247,0.20465032863449778,0.6062198348955904,0.605333154358328,0.6066457477000389,0.6045059151346646,,,,,0.605344368790672,0.6066977128205007,,0.6064926434200775,,0.6049482469130468,0.7973125659520147,0.7961925110980688,,0.7970772399060264,,0.7981438034245145,0.7990234804629065,0.7973913891424308,,0.7989147768659071,0.7980627927574725,,0.7822936679506992,0.7947606821621576,,,,0.6061911248677934,,,0.6048061163422813,0.6068500987818696,,,,0.2043786772428517,,,,,0.2041094532106143,,,,0.20412570657133905,0.20397742743816646,,,,0.20360055157680876,0.20345578215180884,0.2038856604352939,,0.20392776119275074,,,,,0.2040980324171431,,0.6056094883794346,0.606364651276536,,,0.6059361794086936,,0.6063018154982941,,,,0.6029701539834779,,,,0.6039954508010885,0.6046641988166541,0.6047962501766513,0.6072919611030186,,0.6058493059401389,,0.6077372287579935,,,0.606251856088338,0.30171755154857477,0.301490984698205,0.30082344800905997,0.302081820825192,0.3012403998808516,0.3014720677846748,0.5133110669525727,0.5811947113922712,,,0.3548800623747567,,0.3967806009125434,,0.3968531977011797,,0.3968437781007125,,0.3976931271291414,0.3971301907852858,0.39668597409880096,0.39735692800673666,,,0.3972437620266666,0.39778412554150694,0.3970577989224281,,,0.3967533234489111,0.39689274884560705,,,0.3974200975587581,0.3966048008658186,0.39661677247038907,,,,0.3973076370358842,0.39719567452646876,0.3974649239295839,,,0.39746801636827145,0.39684086663014395,0.39671959038856364,0.3967192800515263,0.3968314137296761,0.397101408410937,,0.3972509313773795,,0.39681214488689887,0.3959133055318044,,,0.39687855841035036,,,0.39722267972278774,0.39768954760558684,,0.3967750422619304,,,0.3962568680802006,0.39636800374408476,0.39638370098351916,,,0.39741463375691344,,0.39704640397771224,,0.39624535462314586,0.3964470107709113,0.3965724109619738,,,,0.3957396153138318,0.397583225348793,0.39692030418859375,,0.39567382983418053,,0.3973861282149247,0.39633007109385554,0.3971336310356201,,0.396776608954851,0.39634664774883016,,,0.3981798314369541,,,,,,,0.39671127933633404,0.39624255298745686,0.3970901445195093,0.3962767033538796,0.3970723160943045,0.39555936383262014,0.39712851584036823,,,,0.3978178419585721,,0.39833417440510144,0.39656300129175714,,,,,,,,,,,0.39761109400700073,,,,,,0.3966747666346913,0.3959676340899105,0.39594490871112453,0.3968055231329531,,0.3962109898347716,,0.39664437252827617,,,,0.397219387982913,,,,0.3971421752977307,,,0.3957259552375183,0.39586682995028216,,0.39702871525471745,0.3963662713099501,,0.3953758119042941,0.395822410955588,0.3956770723677984,0.3964557937973257,0.3961248544423576,,0.39720350165423407,0.39761745625632217,0.39679769119186376,0.3968750040607152,0.39639043598562845,,0.3969477387536396,,,0.3957277735792797,,,,0.39780935927053723,0.3963124285074071,,,0.3961982681974273,0.29092499649939535,,0.291575823935198,,0.5100524336091385,,,0.7606623708003399,,0.5608706926963627,,0.47225639462909796
8,24,DG_48pct,96,Z17_F02,17,SLG_B,175044,181977,True,6831.99125279936,6712.164489080064,6653.551581149243,5657.307398630048,5523.082200171731,6540.434701816455,92.15879918451576,1813.4767528010204,1598.2887900413111,902.2625503019595,842.9517018469513,281.5888046756113,4.991761444440662,53.35699661042494,170.91798477872476,6963.2865991065355,521.8305678151224,214.59010333818873,295.4491727011769,270.3568455569461,,,,,0.7237512185826233,0.6431801241613538,,0.3982800930350575,0.39760368222584846,,0.5532359005087112,,,0.7579897901523505,0.5591961043300833,0.5583788448557342,,,,0.47016225212397017,0.3969066823135519,0.3982041109427856,,,0.3967046161102131,,,0.3939321465472121,0.3928119658423221,0.39688767181678347,,,0.3973158781253245,0.3970300932240148,,,,0.35175788090784144,0.35274005302181854,0.3326981952602935,,0.3320760157931836,,0.33223482108404745,,0.33311398909262696,,,0.33264026344321984,0.3320782664498795,,,,,0.3322699833287416,0.3332564630432483,,,,,0.4636398063293743,0.7501522318181171,,,0.7504594886963002,0.7508263404242962,,,,0.7519058684839511,,0.7486328639682129,,0.7484990876431642,,0.7499069626087651,,,,,0.7501928552073673,,0.7506989240766841,,0.7511933397118447,,0.26225750581578156,0.26175259771553605,,0.2964373883401686,0.2960579944254595,,,,0.2980752697992598,0.7831513246582511,0.7812317240470531,,,,0.7780014091508527,,,,,,,0.7790345784417924,0.7829744864666895,,,0.7823313473367212,0.7828210413448549,0.7803282584693,,0.7809795863485306,,,0.7815584988016816,,,0.7819180162651559,0.7788851196216758,,0.7795838570713727,,0.7807141773498297,0.7794584662111178,0.7791156007096449,,0.7810758070993323,,0.7788006985789935,,0.779177651330853,,0.7786061040422523,0.7806944921919069,0.6212466446710482,,0.6217455995706452,,,0.6212010538128702,0.621576055635619,,0.6211520043005295,,0.6204866289696465,0.6214720371895496,0.621697956429793,,,0.6210486470152581,0.6235385596362457,0.6212832628120989,,,,0.6211056997564584,,,0.6210585926825871,,0.6216230045145587,,,,,,0.6187258252198962,,,0.6223128800559063,0.6213107066225627,0.620594312001948,,0.6216293826772554,,0.6218492419321421,0.6218043745071683,,,,,0.21183793015409377,,,0.21223358849771895,,,0.21221342258990372,0.21258483026609656,,0.21270106300553362,,,,,,,0.2118745923156788,,,,0.21206129355705056,,0.2125290521116618,,,0.2123148815416721,,0.21231176505008267,0.21144450704091075,,0.21263098224979632,,,,,0.21281162787910424,,0.2123532465751472,,0.21275980378663417,0.2120809556993606,,,0.21205675292185094,0.21266973898631586,,0.21150842575773035,0.2127825133299513,,0.21233791855450396,,,,,,,0.2960133281789743,0.2956021299778848,0.2961818489113917,0.295479724718865,,,0.800124496339322,0.7965751278946344,0.7994561258671182,,,,0.7992547215683435,,0.796989756638454,,0.7994096955615547,,0.7992187221603582,0.7976847501796317,,0.7966232713592286,,,0.7986718824084186,0.7946970660785141,,,0.7956234970309858,0.7985056997439365,,0.7970637231624296,0.7939586348650609,0.796719446408356,0.7976550938831034,,0.7969833678027088,,0.7962530783046061,0.7946816786229054,,0.7961588028941325,0.7952296851760603,0.7973552267787966,,,0.7904359078183266,0.7933822767605466,,0.7932253240873535,,,0.7931317480952751,,,,,0.7931240190828306,,0.791451591638997,0.7915692548279119,0.7959160966964461,0.7930229918637611,,,0.7949081508067688,0.7908476599698906,0.790882087556183,0.7921353965473157,,,0.7933000216769658,0.793220092345926,,0.7924575281090909,0.7887082385965212,,0.7908664102935481,,,,0.6063058158650251,,,0.605733624248229,,,,0.6046885640559649,0.6085995361471005,,0.6061476628632122,0.6048784926884816,,,0.6055104214984559,0.6073135449962617,,,,0.6056651479128149,0.605909721344854,,0.6044161214095745,0.606381800294879,0.6047431219108478,,0.6067842717866211,0.6057854983005182,0.6047660088694474,,0.603909963343285,,0.604431918858505,0.603839500490194,0.605984612798152,0.6061047405503094,0.6065608908768173,,,0.6064397998400813,0.6065405744090461,0.6072010915180058,0.6053434887424277,0.6056507255984844,0.6055612529509906,,,,,0.6053358045918064,,0.605593872533844,0.606569149705989,0.6057353826360877,0.6051086735885639,,,0.6052520812130138,0.607012278500241,,0.605564614351067,,,,,,0.6065351017005034,,,0.6055483297510585,,0.6063209069123436,0.6066591023414504,,0.6075019481959235,,0.6075622087199495,,,,0.6065209505281043,0.6049249299937992,,0.0006789554863441467,,0.0006799412242891416,,0.8062779610922567,,,0.8098981321168142,,0.352518062313444,0.351633706239469,,0.3533947037077325,,0.3521827731665034,,,,,,0.29656632455173526,,0.29178032009528454,0.2930704982244015,0.28971107989454653,,0.28977031731343816,0.7870162152938724,0.2206501878532087,0.6241401340215343,,,,,0.23567757755362462,0.6545604890613287,0.23986908959331651,,0.23977573267429556,,,,,0.659635213573282,,0.2423313627433835,,0.3193762229926873,,,0.318361584865784,,0.3193984121725943,0.319448592440687,0.3184265471689198,0.31903905662738785,0.31962690070339916,0.31852983768622734,0.3182131608106027,,0.3190137126390777,0.3176483117061818,,,,0.672615847646959,,,,,0.8424081021536951,,,,,,0.2472450734387835,,,,0.6745284924357235,0.6751639183363208,,,0.325091231736471,,0.3256240318979112,0.3248888996268886,0.324965487895398,0.324967822945533,0.32506715169170597,,,0.3245498554407228,,,0.32563638205554174,0.32482673661477157,,,0.3252935482752041,,,0.32532598469061985,,0.3249600667488934,,0.32490004186295307,0.3248736592038211,,0.32386941664986396,,,,,0.3256467678167002,,0.32522496365162856,0.32444953939954596,,,0.32463653235263357,,,,,,,0.3249089519614348,,,,,0.32499947848206734,,0.3255439781864357,,0.3238037558079756,0.325242893512092,,0.3243683086045403,,,0.2043496820049007,0.20417720170859535,,,0.20429237523204213,0.20377656078238449,0.20390626419735552,,,,0.20372625094871044,0.7973404978176456,,0.799949895611221,,0.7966608483293227,,,,0.7985385751148024,,,,0.7989125779211322,,,,,0.7978677511463758,0.7973447750094457,,0.2044679333272059,0.2043918035802713,,,0.20418254740154057,,,,,0.60499574365564,,,0.6053339549335975,0.6043820741622844,,0.6036108600167042,0.6054220379460432,0.6061485649540425,0.60503793652294,,0.6057890573665102,0.7985205051954554,,,0.7975021962387276,,,0.7990797561037736,,0.7981218477890571,,0.798571584485907,,0.7830126230500077,,,,0.6051299933018135,0.6073797323609949,,,0.6078922982867467,,,,,,0.2033098399924084,0.20429141303409865,,,0.2042548448486379,,0.2039005252783803,0.20425828328942117,0.20345151194442732,0.20437393057112999,0.20438804867784852,0.2039628151424853,,,0.2043819205038371,,,,0.2038435674182994,0.20402867700291666,0.2044913512749983,0.203655778244737,0.20387804136915494,,0.6069420455713933,0.6071538011224867,0.6071754576386076,0.6040487708617559,,,0.6066966977844286,0.6057808318208913,,0.604161753202327,0.6054535771005988,0.6047732201884973,,0.6046614513207186,0.6048179252943251,,0.6056295104635474,0.6056822111120157,,0.606521902616281,,0.6069466256765096,,,,0.30183455032671547,0.3007105230003995,0.30091700035300156,0.3013826527967684,,0.3016112590477124,0.5139545661019443,0.5792646442708328,,,0.35629824308921837,,,0.3975896761059604,,,,,0.3972923519411621,,0.3971691834954577,,,,,0.3969082280482327,,0.3978048893888101,0.3950532760941208,0.39684746894990763,0.3972682894257687,,0.3974053406197313,0.3969722673533853,,,0.3971514381175677,0.39762940021264226,0.39834957948618815,0.39670986213516424,0.39669889174214207,0.3967355845844542,0.39607804596186097,0.39727427465955784,0.39643150379915165,0.39666243959669395,,0.39635153321454725,,,,0.3959202387932614,0.3959345249592312,0.3970702702692556,0.3970611521428068,,,,0.39707172696189896,,,0.3968523806855981,,,,0.3962373782588452,,0.3958187735003545,0.39619580097913154,0.3972020229855131,,,0.3966238855193844,0.39705839513288654,,,,,,,0.39671442960440584,,,,0.3968768774058621,,0.3973921475377039,0.39610721491458584,0.39612866057115803,,0.39808122460290835,0.3968678681858951,0.3965310800876509,0.39693121424871713,0.3963161093726694,,0.3958525899899169,,0.39732187651663253,,0.397313064203776,0.39686571927755726,0.39642678529388087,0.39700260843455437,0.39805451196657826,,,,,0.39618689011175184,0.3962110603373864,0.39656326543620163,,0.3967317091370691,0.39598972758563206,,0.39628526961583105,0.39701033402590585,,0.3964013578372704,,0.39635481572551295,,0.39798866296780305,,0.39700835218763114,0.3960612164167075,0.39549172286306716,0.39623821936419074,,,,0.39766194398607535,0.3970713142348557,,,,,,0.3963174833645549,0.3978511771288571,0.39726765059609787,0.39736923772247074,,0.3969704302723595,,0.3967138213355692,0.39583120785230047,0.39512864168730544,0.39601085098028704,,0.3960344166623495,,0.39663069853228117,,,0.39802975401415286,,,,0.3960981382304066,,,0.3978516205816024,,,,0.39548155319879785,,,,,0.39562715396907133,0.3971107949760363,0.3955687508574013,,,0.39614526577605924,,,,0.29071573037550175,,,,,,,0.5599800573433029,0.55925627550328,0.47161731198441903,
8,24,DG_48pct,96,Z17_F03,17,SLG_B,175047,181974,True,6841.893102048,6660.483449971921,6585.21148248671,5613.568609650463,5491.377421827528,6374.344407671149,91.00931010737891,1793.994637387233,1623.694081244243,911.8914073443192,848.8844108215663,287.1087826735383,5.045368793845991,53.832205539550166,173.82802038702357,6854.709115763015,517.0859460550296,213.43694233185786,292.13900666297974,269.16704886977664,0.6358140516847223,,,0.8186325644313347,,,0.6569999322041135,,,0.4047426547887337,,,0.7544500933335656,,,0.5666358324291764,,,0.4741546881411599,,,,0.405256152203029,0.4039454992125596,,0.40423292648424936,0.40252349741994464,,,0.4063670395413655,,,0.4050872850848651,,0.4042153138683294,0.7655067901160041,,,0.36122445430288513,,0.3409266016534445,0.34112255817270454,0.34029816064069834,,,,,0.3420057673545547,,0.34169554300348404,0.3412601324523788,,,0.34219712556520915,,0.34109128964466906,,0.7533849203524572,0.7529414880600168,,0.465938070651995,0.7501016766218059,0.7518417548822354,0.7489022449273672,0.751877882846036,0.7516992920500445,,,,0.7506051600925632,0.7509679852841122,0.7504013824735326,0.7521331873729096,0.7521317526769464,0.7511204186801866,0.7504840594673691,,,0.7504946855645112,,,,0.751792720660124,,,,0.27131438192455193,0.27200790021521687,,,,0.2944189867236693,,0.2955026091838187,,0.7844770931393106,,,,0.787837441197099,0.7859723828152013,,0.7874932116718107,,,,,0.7881781621776955,0.7879968896368167,0.7867017785493908,,0.7890965292262073,,0.7873862946836488,,0.7863512507639884,,0.7856420889948494,0.7849483189864648,0.7859334658794932,,,,,0.7857721000088165,,,,,0.7853366409739352,,0.7862630774954064,0.7838657151249678,0.7844526387323744,,0.785771421359026,,0.7860524786055768,0.6194472867704054,,,0.6185928820844235,,,0.6190980395992878,0.6185238823293218,,0.6190967323775921,0.6180919277052209,,,,,,,,0.6191157433749013,,0.6177061573667957,,,,,,0.6160492349929334,0.6176236240717667,,,,,0.6189604063698819,,,,0.6200081562939118,0.6193703923589886,,,,0.6172522324129137,,,0.6198519354325055,,,0.22893978729864586,,0.22912012043933086,0.2296931544345443,0.22985604646682165,0.22911742705337515,,0.22980065416526002,,0.23024318499079,,0.22924384849598053,0.22962952346783658,,,0.22886486184927143,,0.2290889107220087,0.22937341501954897,,0.22901835703662862,0.2291405027574467,0.2289758459338465,,,,0.22907759621024526,0.22843464916089004,0.22911929207592133,0.229667732404154,,0.22946251532397363,,0.22895248716077377,0.2292937454909435,,,0.2295547672083738,0.22925776116191027,0.22976394445544487,,,,,0.22899602246906395,,0.22898289887282786,0.2296039889591172,,0.22918316066622868,0.22876719159107453,0.28726972737521705,0.286419851600973,0.2870638486757446,,,,,0.2939943468578541,0.2941306552981413,0.29359880298534063,0.293544871062887,0.8010410069042428,,,,0.8035390695085565,0.8010182226746569,,,,,0.8027679404604217,0.7984802357529753,0.8014418493139497,0.8022313780372778,0.8015831632088848,,,0.8038107163614453,,,0.7995150844361477,0.8006666137504652,,0.8004072559443836,0.8005806092696685,,0.8004467199265689,0.7974523397023975,0.8000242497880834,0.8001386860504608,0.8012759202811749,0.8028427581373696,,,,,,0.7975636551637801,0.7990278620033009,0.8009059581827808,,,,,0.794586624420372,,0.7968516799958062,0.794586682162618,0.797966883363762,,,,,0.7966271193673355,0.7987753607799195,0.7948382745504905,0.7972602503182726,0.7963231752477177,,,0.794735994959903,,,0.7950001182416678,,,0.7959075727724071,,,0.7955346342907774,0.7950222562106176,0.7986182365330832,0.6056613986802927,,,,0.606838592577155,0.6061388865015904,0.6043566208580159,,,,0.6057760716792354,,0.6039163011952369,,0.6045948596179412,,,0.6050889520045026,0.6039206089627736,0.6058105463787292,0.6035201115903787,,0.6036634985410859,0.6033497839082067,,,0.6056430653645618,0.6057903891833518,,,0.6039135404692886,0.6036364969949268,0.6041383465087624,,0.6043011750998963,,0.6058016614599623,0.6038012115551274,0.60537430117163,0.6043276194664746,,,,0.6061965180748613,0.6067478562224604,0.6044276305164873,0.6050503490548074,,,,,,,,0.604210767608723,0.603889230429594,0.6050994718196104,0.6038494925543197,0.6054839037027976,0.6037466566168036,,0.6049064938016696,0.6051075380433981,,,,,,,,0.6049621816101002,0.6041748428595691,,0.6048706861116045,0.6043764899511085,,0.6058858852328293,0.6033618445065002,,,0.6071103051995245,,,,0.6054031083765771,0.60505530042914,0.022065152683324606,0.022012269685283446,,0.022085867968090762,,,,0.8122224242299265,0.8109310070742282,0.3524984107596397,,0.3519473225551898,,,,0.786134734025798,,,0.29420987675417043,,,,,0.29008769804843426,0.28741759299174047,0.2862091680228894,,0.790952302256861,0.23808819256068703,0.6191265398165542,,0.24849931699325997,0.6392732479009152,,0.25418892503942775,,,0.25667496168537157,0.2566026993409495,,,0.8295287182619347,,0.6540796341034811,,,,,0.31711122983662954,0.3169512112887589,0.3169354927466466,0.31759164746413016,,0.3168817338559314,0.31596454882367303,,,0.3166572413742981,,,,,,,,,0.6676074453810429,0.6671098654084917,0.6672810324245654,0.6603400952060412,0.8510276090357766,,0.8507940107095839,,0.2657468522858452,0.2653840690308065,,,,,0.672644859676632,,0.3211559195703273,,,,,,,0.3223705291953587,0.32258383612719005,0.3224348832801048,,0.3219205673417651,0.32189099158837264,0.3221707274895832,,0.3202884982588992,,,,,,,0.3231082993806213,,0.3215296515666144,,,,0.3218164504073696,,0.32164081553945817,,,0.32185507079399317,,0.32194133512999606,0.3221576780203344,,,0.3219686487592403,,,0.3227262680114989,,,,0.32149673684411195,0.32139395707670104,0.3227797199529439,,0.3226201250243723,0.32282353756615895,,0.32325475350376315,0.32242604067929764,0.3222443343310421,0.3214756891923699,,,0.3231455590906904,0.22054438597306586,0.22119173563244515,,0.22008394171801032,0.22078238234856692,,0.22147918108732909,,0.22160824292733106,,,0.22160717526654775,0.8008372221035243,,,0.8013970486947732,0.8018671241094756,,0.8021821413799372,0.8018160104415477,0.8000196852800912,,,0.8015582716393147,,0.7991222038956891,0.8000149164716092,0.7979495521904346,,,0.8011309720485653,0.22149074896193777,0.22190086962287314,,0.2212380020136298,0.22177276396516837,0.22196157891222917,0.22210501613850198,,,,,0.6046468552519672,0.6054713369133897,0.6031020663571935,0.6019460101738257,0.6055736063091671,0.6046756972486355,0.6050675658197455,0.6055794178713834,0.6044214068350079,0.6047973740957961,,,0.7992531774624727,0.8017635924681954,,,0.8025777094790475,0.8046116326215808,,0.8017733085449469,,,,0.7881605095528864,0.7988677310014571,0.7987761401071575,,0.6039302196705166,0.605401220219394,,,,,0.220640651606153,0.2210324643783293,,0.22127264665520255,,0.2219970056739105,0.22163648707960545,,0.22187141988594283,,,0.22165158069155458,,0.22189627386517738,,0.2213821791718616,,0.2218103146530903,,0.22168591412302968,0.2215589656672162,0.22155747364691833,0.22084945021807098,,0.2216314587812364,0.22096774385536888,0.22142360357900967,,,,0.6048477606847024,,0.607308818146253,0.6053013128443151,0.6049747779481913,0.6057194651420379,0.6066883273984337,0.6020743101283973,0.6038318000990537,0.6060663273464517,,0.6045296947077203,,0.603028178377803,0.6049988156157309,0.6059529536951489,0.6065969315572242,,,0.604765772336999,,,,,,0.2996475574940702,0.3008245948719158,0.2995869074773516,0.29924393562905405,,,,,0.3648576788200393,0.8437877599289509,,0.40343289209601696,0.4053593421272557,0.404411624081755,0.4058210980589081,0.4047775889992033,0.4049071164807225,,0.40491637674859476,,,0.4053256902172517,0.4041614137690651,0.40595240146582984,,,,,,0.40444702580768016,,,,0.4053454112946198,0.40470339944336625,,0.40513421257600263,,0.40508593849654073,,0.4038512988482768,0.40420813049396725,,0.4052167002921503,0.40494454459524815,,0.4048255041281921,,,,,0.40462572885053616,,0.40463134056252437,0.40459684258061024,0.40453931809870597,,,,0.4051346071986774,,0.4045718135482009,,0.40551451429428714,0.40496840246740795,,0.4045956365853047,,,,0.40547812542559963,,,,0.40508851095722614,0.40499527028380733,,0.405501184282264,,,0.4041993654765145,,,0.4057370226954998,,0.40452829482465474,,0.40555572167695936,0.4047065043366622,0.40513837610374054,,,0.40493141987570386,0.40512159891091054,0.40524552855420454,0.40400591261960733,,,,0.40621856996119005,0.4058752081551485,,,0.4051435610812623,,0.40423164050456317,,,0.404272619318831,,,,0.40521960425619424,,,,0.4047770894883626,0.4038487222507573,0.40508074910315134,0.404940972330592,,0.40517188961970746,0.4053470280505648,0.4037895114082754,,,0.4060640301124657,,,0.4047975595788044,,,,0.40512239490294316,0.40558357596245065,,0.4049081374567225,,,,,0.4056219901334373,0.40534443409485715,,0.4038264024467776,,,,0.40544784749512774,,0.40456040070733357,0.4045825595086124,0.4046855287483596,0.4053417722128243,,,0.4048728555643405,,0.4045642697891877,,0.40605477843095017,0.40424823518945135,,0.40569118876840327,,,0.4041130491866562,,,0.4056500493090599,0.4052744964882422,0.40386643797749777,,0.40540604799957625,,0.40525786292309773,0.40365714957479515,0.4046680585715727,,0.3010659632285056,0.3009698617511318,0.7602419042130868,,,,0.757809146607089,,,0.47507490296701244,
8,24,DG_48pct,96,Z17_F04,17,SLG_B,175047,181974,True,6812.510818282855,6651.241224648807,6581.194413868504,5601.995195134934,5497.574893282775,6372.512569256004,91.20563343766634,1790.6047781608333,1622.451258793318,912.992338590795,845.8810583801964,284.392441114806,5.078250371347936,53.78968886180055,172.00239869947117,6826.930417320785,518.116223136919,211.77608929144327,290.9473463757197,266.468639402051,,0.6352591352543978,,0.8242565635584764,,,,,0.40506652416082034,0.4050902279734357,,,0.7583112834625036,,,0.5677939386305417,0.5665952354100319,,,0.4746761702348841,,,,0.4030194196241338,,,,0.403220424236512,0.40305890839775915,0.4051469292409957,,0.4057733668459453,0.4047880175287094,0.4047104347485217,,,,0.3615069639249597,,,,,0.342346805844572,,0.34128766942567407,,0.3411239176236406,0.34151558609258836,,0.3414603395223244,0.34174678302936284,,,0.3415027789395689,,0.34181272832814724,,0.7515836093599018,,,,0.7515151301024946,0.7515715605963554,0.7493476034438169,0.7509095147417378,,,,,0.751210287035287,0.7512649793729813,,0.7507869610546546,,,,,0.7499569476831033,,0.7512933765965593,,,,,0.7528012730442177,0.27100381183005684,,,,0.29356565923962585,0.2945011378266471,,,0.29619160161591124,0.29573660277575103,0.7859855654791491,,,0.7854059146149607,,0.7864134028926941,0.7861665946089599,0.7872845651956651,,,0.7874563996938277,0.785960338101752,,0.7891918834984308,0.7848263417689646,,0.7839040199475009,0.7863608684913294,,0.7876997275329792,,0.7884529745686772,0.7852395187795702,0.7875803866688972,,0.7830999420942566,0.7861077542067796,0.7857447367942971,0.785120009241007,0.7856282783650111,,,,0.7880016126989353,0.7851504916803762,,,0.7864666840139333,,0.785167604458666,,0.7839570065968047,,0.6180417230175026,0.6203071700241473,0.6197783324370063,0.6197572916187413,0.6190684438093995,0.6187968525486897,,,0.6182461645782482,,0.6192805164369252,0.6176170328313664,0.615820803044906,,0.6181942944198401,,0.6179315535560906,0.6171350031113847,,,,,,,,0.6183691623532155,,0.6175562155299522,,,,,,0.6170651798707586,,,,0.6172749418858705,0.6188823197325264,,0.6154261236518926,0.6179514678006969,0.6169281436923257,,,0.22946532506910286,,0.228764079519704,0.22925394215198303,0.22939798898374347,0.22914909317172633,0.22909662238892978,0.2296574525564011,,,0.22970885521893916,0.22971253820553872,,,0.22981830605117,,,,,0.22953706084296654,,,,0.22915104447704868,0.22867116809165802,0.22890096666960116,,,,0.22895545900036537,0.2293140926327727,0.22922971158808478,,,,,0.2294156658279799,0.22871239742408278,,,0.22885332578770506,,,,,0.22897564537858978,0.229272035860386,0.22912075657711894,0.22909687193725028,0.22965287944281595,0.2293574488986535,0.2290713154214819,,0.28697207389651425,0.2872443115792912,0.2871095812343269,,0.7801953131256159,,0.2945406813041323,0.29338305536435805,,0.2936949753142413,,0.8003727623621416,0.7991420065433851,,,0.80215241976393,0.8040801072876442,0.7997486621133922,0.8009656712965858,,0.8010389243023579,0.8006857632034629,,0.8024815590271344,,,0.798841478355755,,0.7995682868640844,0.8003062520543528,,,,0.7981994371846184,,0.7985437739555481,,,0.7964336382379911,,,,,,0.8019208353356674,0.7987075227709213,0.7988263563133112,,0.8001856697602124,,0.8005421093710497,0.7961271895575768,,0.795392259074106,,0.794357954682258,,,,,0.7984122851859763,0.7947071062576394,0.796896937641461,,0.7973451133028764,0.7939989178614579,0.7965910797578283,,,,0.7954774206506341,,,0.7956847611352765,,0.7968616007504303,0.7960117084909915,,,,,,,,0.6048649383662233,,0.6056117947069346,0.6061489777774672,,,0.6068569235579323,,,0.6062826135758335,,,0.6031149265243415,,0.6046668435275232,,0.6037097633417199,,0.6043182324278508,0.6066584268150751,0.6065921735102701,0.6048308713351381,,0.602772677205489,,,,0.6044721879032444,0.6062823991851976,0.6037995347075721,,0.6049425509529923,,,,0.6046030198566213,,,,,0.6043576066812996,0.605070384810856,0.6055491015578022,,0.6044583014700385,0.6071673608317,0.6042933645713852,0.6045393576725432,0.6040113320013502,0.6038110262339679,0.6071936227385709,,0.6058977424317161,,,,,0.6047448279370757,,,,0.6062701484566594,0.6034846419997241,0.6027717757952937,,,0.6044987722569626,,0.6046104089353033,,,,0.6047109566161026,0.6036429503098999,0.6035874855032781,0.6046626296393843,0.6027438164836241,0.604771274603321,,,0.6032721324237079,,,,,0.022046986117796655,,0.022053899593585037,0.021999196732334848,,,0.8120337019865113,0.8112817543139417,,,0.35290157582292797,0.351737391190467,0.3528027349210597,0.3512578750952547,0.3529521735473166,,0.21871255880786247,0.6105978939904548,0.29429330590503366,0.29438850741306327,,0.29079826394728514,,0.28997816734000353,,,0.28671411943341957,0.7914513049135449,,0.6202723902554438,0.8132076631856524,,0.6385572523905255,0.8217749657824325,,0.6494553064340484,,0.2569191701170136,,,,0.8298814705802603,0.25663106250247647,0.6540676810433647,,0.26013443724944235,0.3158303989414959,0.31688118743931254,0.31692315685419464,0.3169972360319514,,0.3161891004136489,,0.3173149508069433,,0.3165044090948487,,,0.3159982971480258,0.316599402194633,,,,,0.6657380020175367,,,,,0.6622593487605695,,0.8498218151368352,0.8520359116926624,,,,0.26551528591699264,,0.670374561835297,,0.6727679417364232,0.6716415280696982,0.32351932486152907,0.3227552405724973,0.3216913402722473,,0.3217172009056908,0.3228666655025258,0.32240504963591443,,,0.3224990264542873,0.3229127911716643,,,0.32200214927552806,,0.3226270266385367,0.32340959975555744,,0.3231276781980286,,0.322368169286449,0.32110967573702526,0.3226275259946908,,,0.3229153003205167,,,,0.3213217516888551,,0.32123064021047615,0.3220625745850544,0.3216251264807911,0.32242619482873996,,,,0.32244090102492834,,,0.3211368690667673,,,,0.32232251303383236,,,,,,,,,0.32166602585599524,0.32088042920089427,0.32150632689149106,,0.32374261976774055,0.3217225168312438,0.22063763551105783,0.2208185845613474,,0.22099910347885177,,0.2212194525902315,,0.2214951151795953,,0.2214421254429152,,,,,0.8007338114701308,0.8013939159406609,,0.8022580604245259,,0.8039552794901739,,,0.802082263995914,0.8035191747164969,0.8031281037002754,,,0.800399801705222,,,,0.22097429840603316,0.2220096766465395,,0.22174029078759122,,,,0.22123066189685647,0.6054590142903683,0.6043918435772251,,0.6031491321322597,0.6061647897160481,,,0.604001547063257,,,,,,,0.8017313558095491,0.8024059004867065,0.799030359880155,0.7996999027389493,0.8017556847392401,,0.802481066819206,0.8009966288953773,,,0.8026505639045156,,,0.7966069235464596,,0.605455185574176,,0.6062867632041207,0.6047066373781954,0.6051632895357171,,,0.22107677212260063,0.22089996542007373,0.22123417994256855,0.2216999758421776,,,,,0.22124297552900407,,0.22114952872540172,0.22106041805397397,,0.22142502048716314,,,,,,0.22158329541791236,,,0.22092185876376005,0.22184541583264777,,,0.22145871232951853,0.6051177627441644,,,,0.6058288872173305,0.6067921990655993,0.6060707950231728,,,0.604228401704567,0.6044589681258464,0.6030280079006933,0.6053104044595825,0.6061490716000039,,0.6038202516006111,,,,,,,,0.6057517018275775,0.606739183620847,0.6064227064498902,0.29848483050520214,0.3002477222536325,,,0.2989804581318185,,,,,,0.3634095932333065,0.8424159533923263,0.4056756395301168,,0.40474393019421623,,0.40513527226285473,,,0.4059878090652383,0.4032562421849638,0.4054703833162535,0.40537550316354515,,0.4060239976624774,,0.4036981453392831,,0.40422206857926735,,,,0.40528037783137527,0.4044938994713316,0.40457211251638736,,0.40543034651702764,0.40536306608849226,0.4046794651297003,0.40541535316967425,0.40534798021623347,0.4054824203270936,0.40612975745752417,,,,,,0.4051333343227862,0.4047870210435447,,0.40397330323860464,,0.40414952924920006,0.4053386173917118,,,0.4047205644411476,,0.405225104118666,0.4038180068706911,0.4043609243040498,,,0.4045512394194014,0.40440998606095135,0.40509857013641426,,,0.4053001722682988,0.4053930113452633,0.4056952206879556,0.4057462198583189,0.4048886408958807,,0.4049788099072438,,,0.405560680956159,,,,0.4053481144983181,0.40570787588408475,,0.4049470721801638,0.4046605765972977,,,0.40452704106874177,0.4043740747094018,,,0.40524370321290254,0.40437048073748233,0.40376212570312786,,0.4048362113303356,,0.40570649821072746,0.40444852945624504,,,,0.4050894656180537,0.40512049746059964,0.4042769447380409,,0.4051552618530912,,,0.4039124335122115,0.4053722187368799,,0.40494919956686626,,,,,,,,,,0.4047153440420016,0.40526359846435855,,,0.4049721293692707,0.40583782925218526,,,0.40489637966543723,,0.404967538241034,,0.40441480352140513,0.4052331341087372,0.4048896961947499,,0.40485766142238777,,0.40563362655368757,,,0.40500066111876887,0.40487162849436353,0.4046186829355909,,,0.4050728610678088,,0.40517632806487847,,,,,,,,0.40598242275187907,,,,0.4063457772621251,0.4042755738268488,,,0.40443351108497083,,0.40584575276714363,,0.40486510356040306,,0.40383630257084235,,,,0.40423595297469217,0.40592084178258403,0.3001513737069532,0.3007012551019013,,0.7606646966623335,,,0.7595323958395658,,0.5682826316109034,,0.4751583454080899,0.47430469663719843
8,24,DG_48pct,96,Z17_F05,17,LL_AB,175044,181977,True,5300.504590541132,5417.867524014566,5449.703030768499,5521.208924504448,5544.608923209618,7216.11989241103,69.65641488774467,1051.4973318483032,942.3661654299867,514.6261258154495,472.0290629287948,156.93274965019722,2.4883361212100303,56.25756896130244,181.96693225613424,7676.199376241641,285.5867831377451,118.42437477270576,174.06802329519908,156.61549742003862,0.687508308215116,0.6865364750599877,,,,0.7493924139924654,,0.4955016899836423,,0.4947552249290287,0.45709005515480716,0.6231969382377378,,0.6234644370865046,0.4604732354699824,0.4617885496029314,,,0.6156242203357541,0.615762287870937,0.494091239951294,0.4945892671406907,,,0.4935228040184622,0.49307185311925766,0.4879149580484898,,0.4885265546373451,,0.49476035800841073,,,0.4956056083591782,0.49337471972392144,0.5821029405870086,0.45531367850238796,,0.45496519281839637,0.44372262021928777,0.44513461419394834,,,,,,,,,0.4450489752842889,,,0.4448960855363026,,,,,,0.5474988914179367,0.3847352332817899,,,0.5371862674052186,,0.5353179630819355,,,,,,,0.5359734999259088,0.5360197429530009,0.5366495753983388,0.5359082076818581,,,0.5364725061098605,,,0.535607999911728,,0.5371586122271561,,,0.38541296441937883,,,,,0.11165115260557727,0.11198812446909628,,,0.11208544436022667,0.27848592494954116,,0.2784993555280233,,0.27880641662191397,,,0.27875626726587766,,,,0.27869248122758966,,0.27857425413046044,0.27806287372257094,,,,0.2793873955383269,,0.27835563396926033,0.27922904170066776,0.2790773949002494,,0.27793977607417725,,0.27792493864592865,0.27897243339047884,0.2789902942782005,,,,,0.2788989381736417,,0.2781611669744495,,,,,,,0.27856797321175986,,,0.4758990274279911,0.47514499556472534,,0.4739944504677779,,,,0.47380757447692,,,0.4755732585434482,,,0.47366577147368966,0.4757238429037473,0.47502849963828997,,,,0.4739741174743513,,,0.475381095720172,0.47383920430029836,,0.4738129286628057,0.47569963070771976,0.4748317487959708,,,,0.4747353719682141,0.47255368567876677,0.4758284438120549,0.4747431725519904,,,,0.4740707496911894,0.47363824700317836,,0.4741343041144374,,,0.1382811508391061,,0.13840423717775854,0.1383193704670634,0.138756808685708,0.13827411829172084,,,0.13847766231522163,,0.138368751636003,0.13841995884371017,,,0.13844539116021795,,0.13855100085785685,0.1382012252752428,,0.13830889212226388,0.13843616317911167,,0.13792872394563077,0.13855023848719153,,0.13813475916982745,,0.13834327589340623,0.13842738648420166,,,,,,,,0.13865379198118938,,,0.13815499782391757,,,0.1380951416488012,0.13813318790229656,,,0.1384666424963978,0.1379493610125419,0.13821832069255835,,,,,0.10809623965463819,0.10771226482740259,0.22023262922408848,,,,,,0.1114356760495061,,0.1990324906270506,,0.1986995062298723,0.1986859264247744,,0.198341200497004,0.19821893064497298,,,0.19783452803850868,,0.198926879336404,,0.19858347435439125,,0.19908759270144688,,0.19788285324792085,0.19846633636083164,0.19866617379778118,,,,,0.19823014766290314,0.1980138654365906,,,0.19858165048884588,,0.19860469204484252,,,,0.19862079726798954,,,,0.19844767724827314,,,,,,0.2149430715975132,0.21433932092326613,,0.21423524762395768,0.2142187730416432,,,,,0.21507558034021892,0.21444937792639343,,,,,,0.21462337466972453,0.21453387030325102,0.21430278666634772,,0.21412647667956247,0.21443035363796903,,0.21448050717216152,0.21445991968603806,0.21466006360931958,0.2145058817024763,0.21414093142002116,0.5407812417189055,,,0.5425072394422437,,,,0.5424108429869505,0.5412226597056496,0.5422686035137585,0.5449117423592089,0.5273205354660879,,,0.5276464576911173,0.5265301989225593,,,,0.525563032727563,,0.5281064796847237,,0.5248821341621458,,,0.5403494853258404,0.542035529201195,0.5407402382150075,,,0.543587025680832,,,0.5406796413634489,,0.5432363113647067,,0.5432145950609835,,,,,0.5431714544604703,,0.5421178663112528,,,0.542424254930123,0.5396306958357296,,0.5407762638451494,0.5423408070696896,0.5407751462896974,0.5403305351967999,0.5423827349286178,0.542922757014192,,,,,,0.5254383829474318,,0.5262344826128904,0.5271402107763526,,0.5253149556172387,0.5263794090680902,,,0.5248810725068103,0.5254573450622405,,,0.5267441645833761,,0.5255181344993107,,,0.5278618358798479,0.5258697257927754,,0.5267884587425469,0.5265510432309939,,0.0007846791567771618,,0.0007854792132924509,0.0007830648250104831,,0.07318495527941306,,,,,,,,8.104391701207522e-05,8.085393397054905e-05,0.262388280837497,0.12663451092448882,,,,,,0.10933360009687243,0.10920495977504736,0.10650009923243663,,,0.2931385306087152,0.14455488302701663,0.46801221192110914,,0.15467948658915498,0.47597438322622354,,0.15828896435204537,,,,,0.16091888976646418,,0.3194246217234923,0.16081566397992386,0.4823586682316278,,0.16331290499109063,0.12046701102980605,0.12041688747547956,0.12001594264114895,0.12009859861845457,0.11997057480763236,0.12023045016695594,,,0.12031847179144733,0.12033557171033836,,,,,0.12037972444579874,,,0.1199664192445416,,0.4886981784644455,0.48854295109938184,0.48749016628130554,,,0.3299873996178025,,0.32980178067945104,,,,0.16796717518722523,,,0.49216616729098167,0.48839570692201173,,,0.12251380225522428,,0.12258134376735559,0.12256846857631125,0.12266014240019651,0.12293914088446836,0.12304516508971675,0.12277306129861648,,0.1233969894317213,,,,0.12284061741863447,0.12292160266792647,0.12239715018371902,0.12269192118725028,,,,,0.1227418734150335,,0.12224559747098938,0.12282505665950721,,0.12254475995633064,0.1224887270100051,,,0.1222366103165129,,,0.12230739901162235,0.12212649654195108,,0.12278206638186773,0.12259562399131448,,,,0.12279175960384295,0.12234799492563775,,0.12281622880091879,0.12230768912904236,,,,,,,,,,0.1224329753753729,,,0.12290979386328563,,,0.14355522983374866,,0.14378461300569376,,,,0.1440061222127558,,0.14402508261661995,,,,0.23721071978259167,0.23810219406338984,0.23622043432951148,,0.23618943874267745,,,0.23653327044048464,,,,0.23714641197118796,,,0.23640206174376338,,,,,0.14386129934252775,0.14431212944613822,0.14444963306730202,,0.14431041828968663,0.14422063114543845,,0.5508600197019914,,0.5499682613368988,0.5510564129198288,,0.5494835937903032,0.5514225411042762,0.5512442847315449,0.5506871868981832,,0.5509199373892332,0.5494516648619212,0.5495020130268016,,0.2367205532031321,,0.23691977035815046,,,0.23685590153700012,,0.2368044466220335,,0.2368087468154962,0.2366878679371224,0.23360693828906648,0.23591736819150388,0.235829978196751,0.5513628604490841,0.552945057206423,0.5500254410969428,0.5514057619271147,,0.551173977513267,0.5504626987835592,,0.1442661758266816,,,,0.14389858431898062,,,0.14410481414000142,0.14442206408232913,,0.14404410010965749,,0.14411996414923933,0.14455304476939684,0.14399479308528726,0.14386683887698665,,0.14427179477149443,0.14406451945809376,,,0.14413935165324265,0.14393730507095084,,,,0.551616924025598,,,,,0.5514108259613846,0.5509770609277649,,0.5517027666760126,0.5522625660252918,0.5496622419618686,0.5479139665398298,,0.5498420446204472,,0.5511531721015632,0.550399067443888,,0.5502743200567619,,,0.5517350860607532,,0.5498464342695688,0.5513306519721171,,0.11402072897543117,0.11389306200269152,0.11370171087353226,,,,0.4118427092166379,,,,,0.32504708463300275,,,0.49581532288212393,,,0.49616446325248353,0.497482028133295,0.49616383946764064,,0.4949959438758392,,0.4963978776930933,0.497335089322769,,0.49536696037458616,,,,0.49664765687161627,,0.4966855331148193,0.49488162002941505,,,0.4966250671564515,0.4952655987950388,,,0.49631980286016275,,,,0.4959296938136929,,0.4963237236094867,0.4963569952271967,0.4970632994842166,0.4959661356864904,0.4951027938556383,0.4975357908982853,,,0.4966321475202623,,,,0.49684231726805766,,0.49753428714406484,0.4973008666283474,,,0.49528296380378467,,,0.49646125057627394,0.49655529946648164,0.49494796157900456,,,,,,0.4965069595356667,,,,0.4956932967100344,0.49545647237388,,,,0.49577641493229707,0.4958720381906422,0.4961627260420055,0.4959604726492061,,0.49662695598182244,0.49538382984614915,,,,,,0.49494732195805025,,0.49728913056104224,0.49576660645832554,0.4981639571960357,0.4961162122850384,0.49637166516821263,0.4976952241677505,0.49639178776075005,0.4969429966157032,0.4950338349292008,,,0.4964705383822889,,0.49554047841471816,,,,,0.4948683792678204,0.49539193591114633,,,0.49671050015022294,,0.4948525819498372,,0.4952543332554324,,0.4971378346931424,0.4974468153008415,,0.49532551763161164,,,0.49693458716338823,0.497593609902728,0.49692933164653214,0.49426422785780094,,0.4968382126031693,0.4965453850842497,,,0.4950241836391754,,0.4975403660089785,0.49700640363745857,0.497087226195954,0.4953708966822839,,,0.4953038646318136,,,0.496894807898867,0.49472126688807544,0.49780812868046675,0.4962989365417476,,,,0.49689228192556106,0.49537269457255,0.4956327942995844,0.4954684449523877,0.4967740700790107,,,,0.49645107745336003,,0.4956582032117978,,,,,0.4964814327613002,,0.4964370780196014,0.49595504215146424,0.4965794587499743,0.4945593824478078,0.40540749398430476,0.4054934290851175,,,,0.5964313306263331,0.6249780668103806,,,0.46217941598377377,0.6153815040971623,0.6173185083783548
8,24,DG_48pct,96,Z17_F06,17,LL_AB,175047,181974,True,5330.451884578881,5388.984586913001,5398.376321794368,5497.057462248475,5465.71668898399,7136.54039739852,67.69478348378878,1085.7960849801568,977.6232440917718,528.9194521856188,492.69551515686595,162.4563006211599,2.5851505040324496,56.366072972660234,182.10149078466853,7542.842403154551,290.86810652582045,120.37801813508862,173.09085019973057,162.67903869081582,0.684171240849892,0.686626874174214,0.6842531887076826,,,0.7531009353173307,,0.49617055816324146,0.4964838126544482,0.4966015409945091,0.45872169282983216,,,,,0.46435934021754915,,0.6188930921253187,,0.6193184442281828,0.49588274178037867,,0.496157862536619,,0.4961607622834432,0.4941569321682414,,,0.48852328888159297,0.496687731799098,0.4977581446472473,,0.4977319283064759,0.4981374648178798,,,,0.4578164807879264,,0.4477704896837408,,,0.44946940846418965,,0.4500459015971735,,0.44924968170636403,,0.44976888442035196,0.4490291842854243,,0.44854705681240364,,0.449061338995473,0.44746996510630666,,,0.5566035280518248,0.5593913000741336,0.3887692924769247,,,0.547917379833989,,,0.5482981694134761,,,0.5465681561262815,,,,0.5477990767682352,,,,,,0.5485010877516183,,0.5486199510963309,,,0.5477981180243122,,,,,,0.12452973236969965,,0.12473521710696184,,0.12479501504842719,,0.29802409899114346,0.2966632128346472,,0.29662553279867643,,,0.2971754847973971,0.2981930131294074,,0.2979376397378016,0.29731615728060584,,,,,,,,,,0.29772128511743307,0.2974357348918241,,,,0.29706913918209843,0.2975291553892562,0.2965804771606132,0.29684323284622643,,0.29668213415155714,0.29735165395925517,,,0.2970925102369132,0.29769813331475387,0.29684937749315254,0.29672678937043717,,,,,0.2967797402439819,0.4876559226676161,0.4892786532774684,0.48892491746725975,0.48830199534537566,,0.48787092481826266,,,0.48930182084083773,,,0.4878601308333119,0.48942444715970135,0.4886075817616352,,,0.48923634516258624,0.48929505773030324,0.4905517712852527,0.48735510090254625,,,0.4891079835397456,,0.48801142081845356,,0.48753582939935675,0.4871705809765891,,0.4890141555831231,,,,,,0.48997586211905575,,0.48751939079835566,0.48913313443693474,0.48837987374677766,0.4892002229187963,,0.48764272513471696,0.48827996739095675,,0.14352617910476081,0.1438573891061644,0.14429470331771752,,0.14382537779265558,,,0.14377302170755749,,,,,,,,0.14343681045486045,,,,0.14410681364749556,0.14394235811309844,0.14394511230074866,0.14356453991782572,0.14363374825129654,,,,0.14401198366002488,0.14399547487869316,,,0.14359115062838848,,0.14347221773531255,,,,0.144091893043466,,0.14375969297256294,,,0.14359698347650832,0.14405376647976598,0.14363528507049872,,,0.1439850632263106,,0.14365400681806684,,,,,0.12061906255556734,0.12072707866772679,0.24131783897700837,0.2774500429719041,,0.12448304997565843,0.12459011996930093,0.12474608754230723,,,,,,,,0.21960857754684407,,0.21905174020459853,,0.219972665540328,0.22009583168212443,0.21902973640843093,0.21954180964479003,0.2202325610320233,0.21958403868724163,,0.2192753741336344,0.21954691089135914,,0.2201262814377268,0.2194191722664374,0.21927288920704607,0.21941530325194003,0.2193099593180371,0.21918023692713867,0.2194976456006086,0.2196889596491326,0.21926713978483797,0.21907361179287185,,,,0.21940127484608815,0.2195831532737209,,0.21985885334140118,0.21933675953544948,0.21958183003899723,0.21968160854837918,,0.23535010593610256,0.23520045964326158,,,,,0.23444218194485839,,,0.23523472922522976,,0.23577704150012796,0.23550671794860584,,0.23552979868343057,0.23536103027398272,,,0.23548923155141369,0.23566687215388382,,0.2351408912558503,0.23465937990661134,0.2349275431191645,0.23414722193420778,,0.23496128351185405,,0.2352754844454865,0.2351591039309526,0.23416598657423526,,0.5525477718249576,0.5521886937536615,,0.5535613679898213,0.5532875894514393,0.5539873615011615,0.5520149955613579,0.5530812063216681,0.553566018911004,,0.553588290073929,,,0.5382575317929177,0.5377940365016757,,,0.5359901670880555,,,0.537391783354998,0.5377310945323787,0.5366125560252871,,0.5371744099866849,0.5363490820753477,,0.5510949701861337,0.550177794117296,,,0.5521755767535669,0.552984719358064,0.5517302746263365,,0.5525566371388769,,,0.5516433541502758,,,0.5521937069986141,0.5523441210073531,,0.551444906852791,,0.5523594986060107,0.5537500181058924,,,,,,0.5517531202093764,,0.5528126552683681,,0.5392051140929239,0.5390136223133131,0.5374783307145893,,0.5374308669525528,0.5371379846882982,0.5392033654933005,0.5388042649651246,0.5380563796549955,,,0.5390378326656965,0.537480459533705,,,0.5376449703626582,0.5372832421048546,,0.5366908268387754,0.5372985308037151,0.5380604516022015,,0.5385685856761764,0.5374280918760804,0.5376217588870047,,,0.5370050808454406,,,0.014863177158813464,,0.014853249774992333,0.09676779301310666,0.09693212626719937,,0.09708910607101666,0.09686872423196137,,8.027451582995104e-05,8.037749161682482e-05,,8.0452193461914e-05,8.046151536075628e-05,0.2813049396582631,,0.4975450160241204,0.12473652112554816,,0.12470342190436563,,,0.12229088223025182,0.1191048796177454,0.11929331780465184,0.11911896859124481,,,0.48137114561178834,,,0.4914273586818253,0.3319257494047942,0.16212414864971234,,,0.16481502640476842,0.16453917831837578,0.1645343395680363,0.16461238292640482,0.3369702706469863,,0.49715293910113245,,,0.13458895118537162,,,0.1346151398388411,0.1343093847017538,0.13445835441478624,0.13449391578786435,0.134550879366358,,0.13450515391838289,0.13453881731601322,0.13458215151030867,0.13375219852029968,,0.1347682988806374,,,,,0.5051337689802691,,,0.50427852606737,0.5020998848249327,0.3497920655016544,,,0.3477505393111475,0.1717202602956349,0.17212435183673083,0.17183504298625685,0.17203846476600412,,0.5074165933329918,,,0.13745519534118736,,0.1374760381815709,,0.13658066431154112,0.13719688781587258,0.1374816906300469,,,,0.1370935139945379,,0.13703011853162045,,0.13677827197579012,,,,0.13694038228726638,0.1370081190910537,,,0.13731817650630251,0.13695725445806636,0.13704875122975105,,0.13689949123279133,,,0.13672402705268558,,,0.1368637063092428,,0.13700052235977325,,0.13703497575436177,,0.1366346550402389,0.13714441743459116,0.13702825169497845,,0.13733980956093533,0.13697437954024005,0.13710374856956545,,0.1374997360233529,,0.13721962061200338,0.13706909359591501,0.13722094746467067,,,0.13718278049927882,,0.1372927604812993,,,,0.13700496765245013,,,,0.15312960846501922,0.15291647588622642,0.15346717503171273,0.15245895546594704,,,0.15325559994021204,,,0.2576660017333996,0.25738678983061447,0.25738524342568503,,,,,,,,,0.257114035094532,,,0.2573190821416769,0.2577449659333173,0.25611044295253815,,,,,0.1529705018944961,0.153136814898336,0.15327108706659023,,,,,,0.5615432973045902,0.5615629870909333,,0.5609492028874373,0.5608209932537473,,,,,,0.5608671393291154,,0.256672295406108,0.25653605780339894,0.2562290762829405,,0.2573373982252462,0.25733134689316256,0.25727138666882143,,0.2572745097263555,0.2566936562064926,0.25725321869657963,0.2578177390348733,,,0.2554853800703961,,,0.5606378692553979,,,,0.56163505145537,,0.15315067302606553,,,0.15336814800812543,0.152916246336768,,,0.15281194070554663,,0.153176816437719,0.15335498185211155,0.15305706484740114,0.15359081641181327,0.15330399708445838,,0.15312406939012912,0.15293843784097796,,,,,0.1531838760965889,,,0.15326559343514787,0.15322714447982566,,0.5625368785748572,,0.5633357442043656,,0.5590424573241928,,,0.5611476678882001,0.5627506124700652,0.5597602298956875,0.5591506875554471,,0.56282479912326,,0.5624820031646237,,,0.5618547847526781,,,0.562358545232748,,0.5610577640867476,,0.5619580990690801,0.1271292402810882,,,,,0.12695969284086617,0.41676815750763757,0.49065603497176025,,,,,0.49931167323350767,0.49900584802315695,,,,0.49829739956318003,,0.5002200111768138,,,0.4990560642737064,0.4985143495198904,,0.49706228833889654,0.4973340673441856,0.49828530218361805,,,,0.499836910437274,,0.49889670659853735,,,,0.4987221324708771,0.4991482676901059,,,0.499058762222245,0.4979288613429817,,0.5000691995714032,,,0.4995941807670513,0.4986331766661572,,0.49961517237490427,0.5009299094220747,,0.49810192514588336,0.49801346069198116,0.4990232320084645,0.49957093218848314,0.4996309384649719,0.49729246221400436,0.49800438291084054,,0.5003531777274794,0.49839514858185596,0.4988234081842272,,,,0.4994062846688407,0.49741440592054864,,,,0.49797627449082577,,0.4975553369864475,0.4995257874956425,,0.4992934279610956,0.49761375281623416,,,,,,,0.4990342763723512,0.49955945486509035,0.4985822907571752,,,,0.4991629476804138,0.49902564330352067,0.5000551564938761,,0.49857892436343804,0.4990003459444965,0.4980916776499573,,,,0.49837568429183515,,0.4981261041698478,,0.49904509889837173,,0.4990204123818201,,0.49933594298645756,,0.49859909012537984,,0.4977757028163019,,0.4986767799172866,0.4984460682159085,,,,,,,,,0.49882291343956686,,,0.4987922559069757,0.4974064473970232,0.4988830844550715,0.4995535337133213,0.4992192971453666,,,,,,0.4996453035493512,0.4984108089662757,0.49961541437072793,,,,,0.4989981763652885,0.49806881115561097,,,0.4978304541592777,0.4985171293870504,,0.49908237356543544,0.4979067039152135,,,,,0.4994675548800823,,0.49765107841393147,,,,0.4977321010959185,,,0.4996022243080951,0.49947987667518057,0.4993271449478559,0.49817448622257515,,,0.5005694787971343,,,,0.49778097919759423,0.4987247499180864,,0.4093204463354461,,0.41089066514418743,0.5827901036451124,0.41323857558159804,0.6010679490487757,,,,0.46506055188400025,,0.6202248157776848
8,24,DG_48pct,96,Z17_F07,17,LL_AB,175036,181973,True,5335.007243896526,5356.944690206597,5369.67507268921,5492.028771104249,5513.445667807305,7139.078580559183,68.39050969936348,1079.5576918805334,969.7659967618001,526.6940025729917,485.32298006853637,160.37231494691576,2.569123344904702,56.225181274606626,183.74351043972993,7603.807423681621,289.66986054982397,120.0863909403838,172.49052932622718,160.09182759377796,,,0.6875434822799101,0.7698504945021993,0.6663076433632329,0.7519293140394097,,,0.4976418030151531,0.4951970858906033,0.46086064252021397,0.6310397090967065,0.6320499818001464,,0.46472012598624296,,,0.6199239292196181,,,,,0.4965014711432974,,0.4961506602036998,,0.4896806557734875,,0.4895375220710205,,,,0.4972665200552994,,0.4979887451507756,0.5926753549552805,,,0.4576451787837885,0.44702618518970955,,0.4465839298178223,,,,0.44883003415150907,0.4480352768415688,,0.4491305574965277,0.447876920733478,,,0.44924237863833694,0.4495055013322678,,0.4503534664658581,0.4485638527833615,0.5562711619781,0.5583301135278976,,0.5869901274696231,0.5452503528031412,,,,0.5455117631142147,0.5464140194243794,0.5465738904364976,,0.5459800558388375,0.546297101123989,,0.5453775964685706,0.5453897867989983,,,,,,0.546716397555376,0.5475631261548025,0.546324559896319,,,,,0.3895138655821987,,,0.12287716430751028,,,,,0.12333653174151325,0.29441304434042026,0.2941975285072755,,0.29475047681834904,0.2944143578738294,0.2941710239595698,,0.29309205582973047,0.29389709884059145,0.2948339709501836,0.29387147781004413,0.2938784517002141,,,,,0.2944193112599936,,0.293369854246577,,,,,,0.294186641733465,0.2936550012080385,0.29374232608692047,,,,,0.2944752322831532,0.2936169072069763,0.29416813331641756,,,,,0.2937544925223974,0.293624608287827,0.2937505416397882,0.2933766415167179,0.2934689717201935,0.48558794312254416,,,,,0.4844837619255459,0.4861792797555294,0.4856074146288336,0.48734448847525413,,,0.4856011820353358,,0.4865325006946322,0.4844212934131185,0.4843412427409024,0.48671916256673603,,0.48455551458376733,,0.4860920749930166,,0.4848345779353465,0.48557925103610977,,0.48578682622132235,0.48464357175014444,,0.48550084038511193,,,0.4849978047014564,,0.4847402856642152,,0.4858081982996771,0.4862803970779179,0.4853727673154868,0.4853806762811702,,0.485641517328963,0.4849344826331369,,,,,0.1420798336808938,,0.142033491853227,,0.1415583808403421,,,,0.142130209126348,,,,,,0.1420020254821017,0.14190449428961782,,0.14150281522210711,,,,0.14176920394565892,,0.1414855434263171,,0.14131251165087264,0.14142336884864617,,0.1414961531694747,,,0.1417204175998366,,,,,0.1416858418951948,,0.14152389643748156,0.14194821545503641,,0.14163635008384054,,,0.1419207931482768,,0.14206033139764834,0.14136646343685205,,0.14187111550030418,0.14155531563663784,0.14186569265876836,0.11902433357679969,,,0.2374636307046109,,0.12234265357672215,,0.12276327260531426,0.122667174340165,,0.12284367657478783,,0.21577285444630712,,0.21613200754226913,,0.21552492239334659,0.21522157641268547,,0.21572933333591796,,0.21628074837380584,,,,,,,0.21598486234699907,0.2160150361343716,0.21513056335485384,,0.21604722593728046,0.2156192148216768,,0.21581646076342897,,0.21578192088572848,,,0.21579825166862868,,,0.21563633769740112,0.2151991547408714,0.21568634911354867,0.21544021063557103,0.21499497654263164,0.21647995720465513,,,0.23182130332208156,0.23152693116734185,,,0.23178528518084768,,0.23153812368974222,0.23115390053064927,,,,,0.23107642274619375,0.23221675405398115,,,,0.23173031704237226,,,0.2318359890024839,,0.23116824741594852,0.2312633841749703,,,0.23069277269259042,,,,0.23139509573859018,0.23095221584878248,,,,,,0.5515270703002835,0.5498883811356386,0.5492464405195353,0.5502586582333874,,,0.5351583444568724,,,0.5343269281487025,0.5339082489286588,0.5347510505899247,0.5334600408525428,0.5354612337562848,0.5339787502559556,0.5341353706186811,0.5333668671175792,,,0.534346640305469,0.5342318902815114,,0.5486450764982436,,0.5501294653127575,0.5490485453026271,,0.5499129493851436,,0.5506262733321114,,0.5518596457050206,0.5499133996192109,0.5482811354475806,,0.5489000249667263,0.5484180250275762,0.5506119601361796,,0.5496525933427727,,0.5491179359835019,0.5498255569245589,0.549631204123232,,,,0.5486274747078139,0.5506025211248762,,0.5516532322289469,,,,,,,0.533302287588593,0.5334493111710209,0.536450906680263,,0.5358958557488773,0.5342977816519847,0.5336471986015383,0.5343473030187121,,0.5351707058969801,0.5348255145607195,,0.5347077424502185,0.5359041598580501,0.5361097167281742,0.5350743178021571,,0.5342180711147696,0.5358331289934433,,0.533370780616256,0.533865047328631,,,,,,0.011536678720528926,,,,,0.09214390653102296,,,8.091333421492124e-05,,8.049897034110621e-05,8.057162887784639e-05,,,0.49526185049924704,,,,,,0.12032560614569715,,,0.11743528551470432,,,0.477321676155909,0.3233735181751371,,0.4867484926134049,0.328532891982083,,0.49098617953263735,,,0.16292686112986424,,,0.33348220843879955,0.16300965775301865,0.49317055559900946,,0.16515254715855235,,,0.13236471647608156,,,0.13211224043734957,0.13216145538124446,0.1328324267641853,0.13235832049083165,,,,,,,0.13292539049388694,,,,0.5021860634270403,0.5014047806260067,,,,,0.34594907077930737,,0.34450839186631177,0.16967910428710953,0.17001371243868488,0.1695816090783629,0.1696410084450804,,,0.5028823644307325,,0.13531314903237537,,0.13512042231970495,0.13502847583276206,0.13510125342159485,,0.13491208851627656,0.13512580549114284,0.13516681222261653,0.1350321425566545,0.13543177581052862,,0.13482503249068145,,0.13488175307281658,0.1350128659947547,0.13492875835226667,,,,0.13483837569880847,0.13506655722942998,0.13488150541756583,,,,,0.13477871117645276,,0.13468785784484136,,0.13477176351413048,0.13479914048971728,,0.13535029574039517,0.1348406661397977,,,,,0.1349698566462515,0.1350352693486307,0.13502994043270225,0.134912340842906,,0.13514961984336102,,,,,,0.13527427466520425,,,,,,,0.13519027569691983,0.13504366763442754,0.15107530391788815,0.15061891480628603,0.1509902204167547,,0.15075355864714984,,0.15082742056227777,0.1511773062708331,,0.1510188834609084,0.15113344334697623,0.15095471651233772,0.25323657978284164,,,0.2531586246347854,0.25302081400476145,,0.253472905510682,,0.25252391787885753,0.2533780994839744,0.2532500548419415,0.2531665404311799,0.2533667328799687,0.2542112549737738,,0.25368822113227746,,0.2531426469599591,,0.15156759019656918,0.15122730688962954,0.15111026532000152,,0.1507210671468821,0.1509447462562352,,0.15127503826976899,,,0.558087385841098,0.5579362479538567,0.5592194086951102,0.5589434490698931,0.5572827669349092,0.5582233451362064,,0.5598014051486967,,,0.5586249864645327,,0.2535853132622699,0.25339323747342546,,0.2527220964128477,,0.253468083974239,0.2536797474650319,0.25359181165685685,0.25352530364336234,0.2540548846147638,0.25319391024103916,0.25332570668890575,0.249554697449397,,0.2521102153200742,0.5594345131226823,,0.559014391862886,0.5589601735515258,,0.5600568909900102,0.5590481839881288,0.15106055475198504,0.1515676393413247,0.1511033115619393,,0.1511849180261108,,0.15112784637009724,0.15114899786507363,0.15130119291576608,,,,,,0.15109400212582785,0.15125569076723996,,0.1513481363014561,0.15097285358719906,,,0.15145354712945958,0.15084196403189992,0.15142109264902529,,0.15120741233138205,,0.5597265900520682,,,0.560097038059593,0.5596154466400644,,,0.5581684554981691,,,,0.5566794923783805,,0.5583845848855662,0.5593948901977859,,0.5576508970358056,0.5592796473931587,0.5606107997121639,0.5592925890444661,,0.5606994830718779,,0.5589277475002011,,0.5593778861081846,,,,0.1251001782961823,0.12492530030444916,0.1250172116927029,0.4153767317487084,,0.46736648340911974,,0.4653819425131655,0.3410015237656533,0.49985238213043187,,0.49848397622403584,,,,,,,0.4987924685648812,,,,,,0.49963654327643686,,0.4978646780799259,,0.49895039279334913,,0.49886316702653455,0.4982352587610122,,,0.4977990593992585,,0.49736945487741346,,0.49826785764364584,,,0.49878582168030167,0.4970610937222647,,,0.49906324986927736,,,,0.49926115788328224,0.49954077798585217,0.49806231506084003,,,,0.4976769098664071,0.4992249282317343,0.4987160482740528,,0.49740120324417453,,0.49753368639149137,0.49909570827889754,0.4999470343940509,,0.49916410277942797,0.4992311200166065,0.4986621955342569,,,0.4973974195864424,,,,0.4996169153550959,,,0.49895094966144554,,0.4977430156465911,0.4988160746678565,0.49876422259721825,0.4983797274761436,,0.49856626211472704,0.4978356028253944,0.4979355143963207,,0.49930640686505906,,,0.4998425574621533,0.4979078440931529,0.4982171735513819,0.49970016191006866,,0.4989601114287324,0.500391108792639,0.49872761311712527,0.4994242973803857,0.4995083148953685,,0.4983129008174731,,0.49870732082251096,0.4982623449970196,,,,0.4980670527881809,,,,,,,,,0.4969349461344391,,0.4991005792373215,,0.4988198920715357,,0.4982814664938036,,,0.49835028996314484,,0.49931969057693193,0.5000805830643461,,,0.4988439548361742,0.4997637774936497,0.49740063761331715,0.4993118516119724,0.4994810497878476,0.4982482988408403,,0.497120851653661,0.4990877679121765,0.4984288685400153,0.49830467825168345,,0.49934493874007874,,,0.49797128739750884,0.4992941107238599,,0.4971678995622773,0.49750894015471114,0.499874425540279,0.49894559890463347,0.4997777425303704,,0.49944752575929086,,,,0.4993973281272516,0.4984494104933475,0.4981608916218237,0.498716595981194,0.49843161857563034,0.4976160447551218,0.49932615649680395,,,,0.499266526476658,,0.4996995131484037,,,0.498990719585111,0.409167536604741,,0.4099783236447914,0.5815575127799919,,0.59972026369336,,0.6322184555714028,0.46583197434233387,,,0.6208230928498274
8,24,DG_48pct,96,Z17_F08,17,LL_AB,175047,181974,True,5280.586250389359,5386.968934763189,5359.927992709851,5484.702027640508,5488.665088058521,7103.216316747237,68.05728580393186,1094.128216525357,975.5999822224752,533.0841100886392,490.08498134850646,162.7023246218584,2.608317018797365,56.40914630333299,183.89803282787824,7570.170718535615,288.2643302621528,120.19564389010122,171.36145583589746,161.3787598166348,0.6863974830567645,0.6846800229213775,,,0.6662761002149559,,0.5786955771880732,,,0.497566215299902,0.45971593090159535,,0.6316050810541144,,0.46568715490634705,0.4649595307970677,0.4638289774958287,,0.6208402629043404,,,0.49760067979550304,0.4979974090252112,0.4961406218454488,0.495267553006004,0.4964433769904351,,0.49025196368864704,0.4888021292368757,,0.4972678786232309,,0.4964674705081943,,0.4968997764454079,,0.45938320122140225,0.45789904235045387,0.4580798529599517,0.4476446543490259,0.4481858610897313,0.44767702409367804,,0.44974677519804557,,0.44833881396524694,0.4492441905943692,,0.44956736259724395,,,0.4503070384354825,0.4493135767838312,0.45022063485798897,,,,0.5570976130088909,,,0.5863453557420804,,,0.5487506780880712,0.5473596000128909,0.5477127337725717,,,0.5483129753205317,0.5470992146123732,0.5476544603033824,,0.5489617841829206,,,,0.5464465893117562,0.5474110827093318,0.5471882889343922,,,0.5478725211648072,0.548046700146489,0.5477371222239429,,,0.3897616870336639,0.3894474303670878,0.14296836803575647,0.12494447924013291,,0.12487345025441966,0.12498375767398484,,,0.297518946948814,,0.2967519894598166,,0.2972335740795748,0.2965457299066118,,0.2973759901410966,0.2966579744419616,,0.29749793160678245,0.2972927085952589,,,,0.2964079488179397,,0.2968963527085514,0.29799903160084484,0.29673125507054215,0.2966743898455286,0.2968645409275873,0.2975284667055813,0.2963746373099022,,,0.29732794551089736,0.2967320022268506,0.29659545546167193,0.29607474663354816,0.2964894556643945,0.2974885326105201,,,,0.2975503026511183,,0.2966638438535016,0.29686366326656716,0.29729946270762553,,0.29757372414046235,0.29662848693293914,,0.49131195598898547,,0.4882938321978371,0.48906742083892113,0.4885901149708109,,0.4880888923048743,,0.48960269058633754,,,0.49099030542420363,0.489089525711129,0.49009958559897426,,,,0.48968804481982664,,,,0.4885876678249778,,0.4890311328763081,,0.4892294697297064,,0.48809725064138626,,0.48883106699633716,,0.48846643254491,,,,0.4887249176007904,0.4893589863770162,,,0.4891198948459655,0.4882395319288381,0.48809974931297606,,0.49070702964542406,,,,0.14377311484622904,,0.14413452098936522,,,,,0.14423440573802615,,,,,,,0.14426135346646735,,,,,,,,,,0.14375401983111127,,0.14396679644129082,,,,,,,,,,,0.14425480390255724,0.14396380655266364,0.14359728497644494,0.14365683774042184,0.14350695952879478,0.14388519153587875,,0.14373886471038216,0.1436445925122536,,0.14392654800615348,0.14403352766761018,,,,0.1207364802821025,0.24169825989871446,,0.12437803380065744,0.1247159996272451,,0.12468471361116551,,,0.22001845355754754,0.21983960304041616,,,0.2198579563485345,,0.21966996189218663,,0.21967040744334426,,,,0.21992385765087338,,0.2198885324880322,,,0.2202023963758201,0.21936457282458283,0.22009674054594053,,,0.2194176945143331,,0.2193935442214321,,,0.22005946057277145,0.21917662798616394,0.2195330193867143,,,0.2192206791124369,0.21928304420742342,0.22003548929088806,0.220472513923372,,,0.2196800779511617,0.21973819237876738,,,0.23506586698331403,0.23530269779270183,0.23444394220819476,,,,0.23512473845727466,0.23561631945343042,0.23544445185362867,0.23455339989581084,,,,0.23557310679425572,,,,0.23456130666743424,,0.234706531970692,,,0.23519018959677773,,0.2352929347320319,,,,0.23566335305722452,,0.5522250281005592,,0.5539478755630525,,,0.5515175349170863,,0.5524648582530596,,,,0.5389958261156979,0.5361275188836284,,0.5370439702421662,,0.5381777372851316,,,,0.5391051214523485,,0.5355600140236618,0.5370864500349358,,0.5364145527022904,,,,,,,0.5532591974116706,0.55058370112398,0.5516890708226434,0.5531225228812112,,,0.5527245020776085,,0.5515133751133082,,0.5532653149381128,0.5537183073882244,0.5521149045474409,,0.5516265379604334,,0.5524764849172399,0.5528012536101723,0.5517078323160438,0.5524834119074045,0.5532686863311547,,0.5527156900989847,0.5526593186734324,,,,,0.5375499464405754,,,,,0.5369919033331004,,0.5365813258967136,,0.5380379079842897,0.5387848426104079,,,,,,,0.5370009911880529,0.5388848277071773,0.5382718438023405,0.5384584047877875,0.538899837501658,,0.5369756432320292,0.5384424889212341,0.5363890993482769,,0.01487387552585931,0.01491877348942978,,0.09716024229471533,,,,0.09730161782234881,8.054686955549687e-05,8.050803461400044e-05,8.047421100648739e-05,8.041830743172728e-05,,8.048476288909631e-05,0.2816326796636286,0.13303303987851903,,0.12470242225930848,,,,,,,0.1189066848188379,0.11902076665275518,,0.14871056136189736,0.4814798921269443,,0.15855941011110583,,,,,,,0.16474374929568544,0.1653843041007157,,,,,0.16739225427371932,0.16734415322698154,0.13477209355223768,0.1344005865059241,0.13423175402451312,0.13421583139686047,0.13449902819529053,,0.13444067141308585,0.13427711923406777,,0.13440757335801168,,,0.13454944473603297,0.13445304003667324,0.13447119087546888,,,,,,,,0.5054249406707925,0.5027387688490688,0.34928491216735247,,0.3492523753187888,,0.17159415229876457,,,0.17164636186711857,,0.5076388894668884,0.5073112779548651,0.5066502638021435,,0.1374245249088082,,,,0.13745483634306205,,0.13762001057253634,,0.13700444110045432,0.13677962729581758,0.13709545734719955,0.13670460782382224,,0.13704733525490606,0.13689473133309538,,0.13789316200319832,,0.13720767523121807,,0.13692851047829016,,0.13676034918085728,,,,,,0.13731247585104167,0.13706810159039565,0.13687175595680187,,0.1368510778284443,,0.13720570416120093,0.13712400205543127,0.13690040617518787,,0.13679856117446207,0.137060100930655,,,0.13673287748502422,,,0.13716426816112137,0.1370824838164422,,0.13744272071440902,,,,,0.13691778368122748,0.13672281871186664,0.13721032668601124,,,,0.1532259190023298,,,,0.15303331905810885,,0.1530498889059906,,,0.15228148105102526,0.15336901764910885,0.1525975817682342,,0.25768412550932024,,,,0.2572933733438952,0.25695268639729646,,0.2569912881164062,,,0.2571168011729507,,,0.25731751565928285,,0.25623830223136423,0.2569402133939502,0.25724934350340417,,0.1534324641249137,0.15317082940248222,,0.15364127653273263,0.15332999131173045,,,0.5614539425903182,,,,0.5596571829929564,0.5607058888762885,,0.5580597359429702,0.5612688071902913,0.5610968688496687,,,0.5612745373367748,0.5604417561353413,0.25694253783489945,,,,,0.25653637559754433,0.25776311702849647,0.2571628905010068,0.2569578470224897,0.25714811484848926,0.25742393498378197,,,,,,0.5600257696857782,,,0.5624925429557156,,,0.15326623874601608,0.15288812121672993,,,,0.1533255969906405,,,,0.15349903464510406,,,,0.15298879145194946,,0.1529414116816734,,0.15339994741418334,0.15350641912616236,,,,0.15365670716939853,,0.15331375981787587,,0.15336036998556873,0.5603872420082453,0.5638133339451945,0.5615136765911023,0.5609587343417567,0.5626010273287801,0.5635711441217327,,0.5618624560925078,0.5618138295318574,0.5634729348700558,,0.558728546343192,,0.5595638452282561,0.5629112452232812,0.5608108502990197,0.5599689797893431,0.5610247841570785,0.5612719663438369,0.5617897244338984,0.5610033660775259,,,,0.5630288901172346,,,,,,,0.1266697550062188,0.4146194452667842,0.4912276812572009,0.46626156607752905,0.46651358865754444,0.46627636457100435,0.3443244699868849,,,0.4986115277502538,0.4988042414779513,0.4976024290598602,0.49813527504646926,0.49905894589027555,0.49829446919680953,,0.49919781706236693,0.49821716717756276,,0.49888842148399604,,,0.49818956304323075,,0.4984370739649049,,,0.49806596522777685,,0.49890748225491793,,,,,,0.49949365618860186,,,0.4992544272395471,,,,,0.49893152974015254,,0.49844942051532665,0.49794253857779286,0.49751363953830197,0.49886149826705684,,,,,0.49776464563522166,0.5000477092921253,,,,,,0.49948918536556125,0.49761679785777335,,0.49900949486151935,0.497446557925229,,0.4980060604933173,,,,,,0.4987261226371139,,0.4985253617840755,0.49965364102453697,,,0.4964274786135901,,0.5006429924818423,0.4981680172064997,,,0.4985140382865479,,0.4990925883901478,,0.49940478599467786,0.4981394957033398,0.49911651974427607,,0.4982869679320443,0.4980920296572957,0.4972653692562142,,0.499144013014077,,0.4992263935091088,,,0.4978249795016567,,,0.4970978803699804,,,,0.4990288762533683,,0.4991141521897793,0.4988327988374568,,,,,0.49687053333250336,,,,0.4980501929298695,0.49806700047204205,,0.49904699329883734,,,0.49832989908763975,,,,0.49882467066221825,0.49743231597178994,,,0.4992387936903227,0.4982085044709269,,,0.50102734529369,0.49928464460408234,0.4974147221755644,,0.4980682521389901,,,0.4976761597214711,0.4981153176355416,0.4979979956756771,,,0.4981567377418715,0.49786287919805083,0.4993437502310852,,0.5001985595086883,,0.4994927313552802,,,,0.4996907897926512,0.49842181638590266,0.4983869751691382,0.4992851382533401,0.49861545071727004,0.4983431071053223,0.4998626793664843,0.49878209990357175,0.4983441729718822,,0.5003412415233646,,0.49963574365841207,0.4987497383666512,,0.4090641510720421,0.4102400152462226,,,0.41358057932561104,,0.6359032118550434,,0.46440944774714094,0.4645177348884939,0.6204560383827536,
8,24,DG_48pct,96,Z17_F09,17,3PH,175043,181977,True,4670.23874969583,4825.534972180619,4911.1286675708025,5528.507493470917,5572.624568033769,5967.40119253888,8.764872564948314,290.58494014946024,259.6096903243587,143.5474688632356,132.51222391361114,43.93931961743776,0.6424979804880514,42.50690545232454,137.55286780363724,6002.388299341411,70.03738633933887,29.20539783915813,36.33517752119297,42.84234365989334,,,0.7063098921002592,,0.7063306126501175,0.7057461186014596,,,0.5251184507004812,0.5253212339958738,0.5230224481159793,0.530685014931454,,0.531107237346325,,0.5297926292141245,0.5311361523512899,,,0.5306514231920437,,0.5260475103560981,,,0.5248868806849462,,0.5199690018901176,0.5190364016916983,0.521144741015522,,0.5284413083411031,0.5286134554518467,0.527454656302215,0.5283196919332714,0.527482721109314,0.4886267946735383,0.4644025422132213,0.4645028281251121,0.46498455980455916,0.4549820054922883,,0.4568042418938664,0.4570923390524021,0.4569167965415042,0.4565900898464257,,,0.4569220000279907,0.4562774494031933,0.45690525559510037,,,,,,,0.45735889122483886,0.44959291741666285,,,,,,0.4391803911852795,0.44067565089731275,,,0.44188860579572514,,0.4404467576979938,0.4416704921933594,0.4399790926787211,0.441063338274996,0.44039078812827503,,0.44043007810780715,0.43998755713356014,,,0.441234477075825,0.4398188223509372,0.44089164220363275,,,0.44083992851105414,,0.4025767672435309,,,,,,,0.11230211663399264,0.11262889605700162,0.11365226841353601,0.11382017898549784,,,0.11366310102826499,0.11340631745769118,,0.11345188305758011,,,0.11368678779983717,0.11336352027646493,,0.11353409810304599,,0.11356571494591694,0.11336955733720687,0.1134427734067419,0.11360360028217438,,0.1134285454506892,0.11343735315577677,,,0.11355558532584557,0.11322915448799317,,0.1134936832448851,0.11332637004490408,,0.11361668937117823,0.11341624545832926,0.11354994433071197,0.11320986451498351,0.11346855015741363,0.11364824246067382,0.11346419574032048,,0.11334406984122448,,0.11339629554617209,0.11357334112221097,0.11319751675476046,0.11346038384845043,,,,,,,0.1134873741495924,,,0.11351624746283477,,,,0.11375780715840252,0.11342345219542187,0.11364272787196941,,,0.11343795890097613,0.1132289333703753,,,,,,,0.1134251882340826,,,0.11407288014782394,0.11359518947586822,0.11362033505091082,,,0.11321986119411202,,,0.11357166776126068,,,,,,0.11339029750091233,,0.11326799402923206,0.11333543865480435,,,0.11316476821378117,,,0.11340903265322762,,,,0.11346566263395773,,,0.1135015281185386,,0.11362953486501103,0.11312322405119266,0.11358949537149683,0.11348575713895163,0.11344158295735668,,,0.11349858620387676,,,0.11333562062937784,,0.11363573455459751,,0.11328883770391207,0.11347650604067111,,0.11357411074754722,0.113755978103318,,,0.11337656043177619,0.11379021044021297,0.1138760699786847,0.11339838263212589,0.11342061659054813,,,,0.11334216863676805,,,,,,0.11336013894347964,0.10783223070840792,0.10833190797703272,0.10781408143927633,0.11145903450633424,,0.11183748702847542,0.11193737153190994,,,,,,,,0.1118839866847272,0.11182326450909394,,0.11180115612553565,,,0.11183970235027636,,,,0.1115299901685908,0.11185464289069495,,,,,,0.1117566148824335,,,,0.11144337875306684,0.11169302560788506,,,0.11155441922981173,,0.11184620065810486,,0.11179494676206224,0.11197690330347929,,,,0.11155607700427268,0.11164410641161043,,,,,0.1117715440099734,,,,,0.11175631823723275,,0.11189756795178825,,,0.11208063752694297,0.11206552265938638,,,,,,,0.11167932177658199,,,0.11180758781767117,0.11170930369013293,0.1119168058682763,0.1119331230778251,,,,0.11180932955776274,,,0.11173495489283354,0.1117876875183125,,,0.11191582920847662,,0.11173941893684174,,,,0.11191980664166667,0.11156029399002286,,0.1112781449190075,,0.11157199832298945,0.11174842336320681,,,,0.11164189627802422,,0.11176186949712376,,,,,0.11150775413947427,0.11169998793864339,0.11138161317097564,0.11166186179709575,,,,,,,0.11152579653272801,,,,0.11175146246366248,,,0.11155366916551011,,,,0.11195883485037643,0.11183151732223576,0.11189567245760185,0.11165764923536835,,0.1120024512013388,0.11125535392656208,0.11164432906269206,0.11165172230031348,0.11168017043246917,0.11174092249299901,,0.11148475628814694,,,0.11189030230606753,0.11179715227011608,,,0.1115845994701182,0.11180203210956445,,,,,,,0.1117384250518618,,0.11157189601871162,,,,0.11202159285269646,,0.11153523386944227,,,8.25329790796957e-05,8.26583802814909e-05,0.042428189602831734,,0.04258640697620749,0.04247959189677097,0.04243938173327045,,,,,,8.142399273829803e-05,0.11251556344794521,0.11256164473164401,,,0.11183079499053741,0.11186127846928894,0.10974975458517192,0.1091865642123383,,,0.10662190359817718,0.1064792260388609,,0.11404347927251289,0.11421748643623836,,,0.11775709441012401,,0.11907633083877639,0.1192919419671965,0.12003530531360315,0.12044651654979165,0.12002001889129871,0.12029199175136177,,0.12049810556429671,0.12037557848235086,0.12044769345195358,,0.12122144840435724,,0.12042935593418098,,,0.12053869766163079,,0.12051169785623755,,0.1209235742409032,0.12061827086111668,,,0.12038424232837071,,,,0.12097225527520183,0.1207858445647993,0.12309746978183468,,0.12260371995563783,,0.12263451644076329,,0.12386452104217255,,,0.12345656937906664,,0.12390749926732873,0.12313658755271624,,,,,,,0.123178034397276,0.12310435296811591,0.12307776471912388,,0.12266881018466444,0.12295647607878726,,0.12255049461838101,0.12286579721722393,,0.12291939224286554,0.12326900783147333,0.12316321312238865,,0.12291428722813891,0.12316914458789308,,0.12317121634243391,,,0.12265294876950775,,,,,0.12251948128667475,,0.12303413771713692,0.12272935390048821,,0.12285388028200737,0.12251774652828172,0.12302980772070271,0.12300753280006055,0.12267424492677882,,0.12306925890139407,0.12303065925246554,,0.12287897847235559,,0.12281418622222137,0.12299775812282691,0.12268427947314796,0.12299092353736062,,,,,,,,0.12269852755279888,,0.12285322063042141,,,0.12286532092579149,0.12293885025322489,0.146121584889427,,0.14611900580742573,,0.14642456087390182,,,,0.1461586475626784,0.14673722336956702,,0.1460253194406873,,,0.14653506755084011,0.14683122492260722,0.14650657988899557,0.1465796907616341,,0.14628479910514844,,,0.14620500252946655,,0.14668941398964497,,0.14659738036666378,,,0.14633969696926458,0.14648502214830372,,0.14651994809008148,,,,0.14638756805047073,,0.14652556163542266,0.14588123652178406,,,,,,0.14555276766512443,,0.1460280914515942,0.14613672824589183,0.14646204587434028,0.14630908471142082,,,,,0.1465959461842655,,0.14644557854207474,,,,,,0.1470460255983935,0.14670919727294301,,0.1460379585118958,0.14559250037934088,,,,0.14624885928574466,0.14619316617024786,,,,0.14662895657941566,,0.14633051038379424,0.14637772124670823,0.14664278970453545,0.14638290692308795,,,,,,,0.1465828141917639,,,,,0.14647038518912658,,0.14633575358657247,0.1468588779769625,,,0.14628893970745838,0.14646987736940048,0.14635053323067834,0.14646829058120955,0.14645079410737566,0.1463347298721262,0.1465974198389611,0.14649459383677885,,,,,,0.14617663921999383,,0.1458896766135936,,0.1465035458704357,0.14598269060109784,,,,,,0.14617441976879125,,0.14641972430220168,,0.14623356713738156,0.11377063510597336,0.11393011736145951,,,,0.11407742386491283,,0.5521465110441299,,,0.47400319954902825,,,0.5284106030765169,0.5288205774911556,0.5278070509226332,0.528040510690311,,0.5287105468574612,0.5298072252778151,0.5290226227076136,0.5290165943300913,0.5288726891369426,0.5280173831769491,,,,,,,0.5301528618264323,,0.5300016514091942,0.5280878525766105,,,,,0.5300505835279835,0.5285123810189822,,0.527868668743368,,,,0.5287701729479352,0.5287141844415577,,0.5298972160317007,0.5281526501970708,0.5283101895527784,0.5311542243846992,0.5276382938275945,,0.5288175230361606,,,,0.5295493217579298,0.5281252139981298,0.5290018739321684,0.5272529399577399,0.527562865047043,0.5273006877987787,0.5286414244832499,0.5289887815724416,0.5290882478528167,,,,,,,,0.5295515083079892,0.5285644538362902,0.5285730812512781,0.5299943351030002,,0.5304054662556252,,,,,,0.5285927592382111,,,,,0.5284571193125691,0.5285834802943723,0.5280793386938268,,,,0.530853972223013,,0.5292619252476317,0.5300478826184998,0.5288219412454754,0.5300484982265775,0.5299073245077282,,,,,0.5276608759052481,,,0.5288095807078296,0.5281538557326294,,,0.529258909746787,,0.5289559068108942,0.5282090758638489,0.5282609916665181,0.5290664426976426,,0.5293338052038862,0.5272939815602842,0.5306098423223357,,0.5300226254666806,,0.5293673701683491,0.528466711303657,0.5287400979218743,0.5283952040360865,,0.5278352702540181,,0.5294387782087171,,0.529059268005351,,,0.5307912081805684,0.5297561657664536,,0.5303630092648093,0.5288840370052805,0.5296760772506327,0.5292169642819933,0.5301366874319746,0.528639655062558,,0.5284056253649838,,0.5281465380797673,,,0.5293664018445848,0.5295147779250561,0.5294943335764853,,0.5289569729634608,,0.5284328158429037,0.5289397939494104,0.5285280143330611,,0.5295563262056665,,,,0.5295685709295015,,0.5304982220703012,0.5284259893382223,,0.530880125735081,0.5293056291769498,0.5297616902141004,,,0.5290475967098097,,0.4200879122365405,0.42076327761564053,,,,0.4743114384731017,,,,,0.5316904519599632,0.5306320391563821
8,24,DG_48pct,96,Z17_F10,17,3PH,175043,181977,True,4680.248411163714,4830.273731180807,4886.135544773741,5539.690194960894,5540.671325104244,5937.461767110411,8.78361205828008,290.20325690672945,260.02543905288076,143.43751815332035,132.34483242200378,44.20741210575391,0.6412924394810351,42.673224240471924,136.76012042053728,6003.163987237117,69.66340246849786,29.229152607261216,36.65487486460999,42.91374175713905,,,0.7062113562216067,,0.7064251271387922,,,0.525826346409586,0.5264832791074617,,0.5246894811063852,,,0.5310550590855297,0.530048417936851,0.5295909156257682,,,,0.5307482120498821,,0.5268895577975116,,,,,0.5206176528190314,0.5192365853812024,0.5226414128616002,,0.5275476804536757,0.5266867351918465,,,,,,,,0.45523367021463296,,0.456502343678889,,,,,,0.45589630286536076,0.4566304231021975,,,0.4562365471662452,0.4562192795148041,0.45590208326422926,0.4571360911347399,0.4573415673253911,0.4566571790640363,0.44952415700213627,0.4509578375256989,,0.4515010056980742,0.44061049580406936,0.4404531188179161,,0.44127165222483666,,0.4411516961418078,,,0.44081116713064394,0.43986028485930856,,,0.4403185171300293,,0.44151077084236157,,0.4405774893960604,0.4405935208476239,,0.44065704777092374,,,,0.44080514384167674,,0.4021425625738371,,,0.11206329570609763,0.1120194223592397,0.11201016688488617,,0.11250165207806537,0.11232435607788528,0.11330845061201983,0.11347678731325347,0.11362834771798425,0.1136040858688501,0.1135976001244144,0.11333475913117555,0.11332525601492224,,,,0.11320087120567707,,0.11356906637583097,,,0.11359913682686282,,0.11350803821194543,,,0.11338075535949486,,,,0.11357773838810806,0.11347481116971586,0.1135053449518183,,,,0.1135611661386746,,0.11335054539359612,,0.11321953178569676,,,0.11343541330825131,0.11345780977255882,,,,0.11324102726714141,,0.11339983646637855,,0.11357704832042073,0.11358445339384204,0.11331136416692479,0.11345412838133326,0.11318759365221451,,,0.11366653147923833,0.11347513190043808,0.11367527343196623,,0.11369314373459898,,,,0.11379823232925788,,0.1134015895294418,0.1133473379107659,,,,,,,0.1131706711164086,,,0.1132411288630756,,0.11323833772077262,,0.11332762005005015,0.1134055332630404,0.11319390259345885,,0.11313998899277863,,,,0.1136194529595998,0.11370685789630407,0.11352670276489682,,,,,,,0.1132740628241436,,0.11344637050032064,0.1135182095773034,0.11333496331798566,,,,0.1134374405379495,,,0.11373973355729748,0.11368084673606532,0.11343289746653587,0.1135191434214777,0.11333709319691124,,0.1134274868429355,,0.11349934799564877,,0.11366752226318996,0.11340614223810155,,,,,0.11350086061513893,0.11354858185362074,0.11344579756487455,0.11310468825337353,0.11345000824565837,0.11271592412922755,,0.11335758286174262,,,,,0.11344625943356637,,0.11336371299913948,0.11340176529369016,0.11344687243001313,0.1133555222141409,,0.10775722145432556,,,,0.11176291405251648,,0.11167655240066056,,,0.11205189289838001,0.11165381626689609,0.11151074849850053,,0.11184786922075203,0.11218922605114055,,,,,0.1118014333625389,,0.11177706543688475,0.11228078581551207,0.11203901425927763,,0.1119703242861734,,,0.11209202036770967,0.11189557014293743,,0.11194041352664183,,0.11163037723056513,,0.11141957822120957,,,0.11149558217399333,,0.1116861329201801,0.11158541307595159,0.11192568083459861,,,,0.11137914178317702,0.11169894570186435,,,,0.11186616899912835,0.11194456059499434,,,,0.11178545914812386,0.11175064082258723,0.11179620615472981,,,,0.1119921543108113,,,,,0.11198221135485668,0.1120448561083679,0.11166536822563815,0.1118055925703757,,0.11182026486250812,0.11177897180335553,0.1118501968315584,,0.11202341461208802,0.111708202642104,0.11153239518799352,0.11193276872235525,0.11175022153729904,0.11161324634677923,0.11178766145973927,,0.11175102164115136,0.1115192220986674,0.11181945100472421,0.11182285546952518,0.11151280124630468,,0.11172701492382539,0.1121135328824503,0.111894932491583,,0.11174977263508178,,,0.11162576993263015,,0.11167984687852651,0.11156718342948566,0.11152408678579408,,,,,,0.11143140042249926,,0.1115018190087098,0.11139353211558713,0.11176794387681784,0.11140493202364797,,,0.11146391211746395,0.1119062676360696,0.11174939441341704,0.11141240306168915,,,0.11140168993914416,0.11213862806138816,,0.11164179580205745,0.11165396433495164,,,0.1116364177474687,0.11184528118441985,0.11164358441894565,0.11151673452121301,0.11131173191442453,,0.11161993246739121,0.11176430291863514,,,0.11194812332228085,0.11189169924029647,,0.11170268096118095,,,,,,,0.11182197845690829,,0.11155166464652481,,,,,,,,0.1114437558789956,0.11151990242740406,,0.1120317652321655,,,0.11173800180632092,,,0.11201341829236222,,8.280989832128362e-05,,,,0.04254470313708475,,0.04252821402518288,0.04251338839169736,,,8.103252782396423e-05,8.084063697554649e-05,,,,0.11249790426622368,0.1123748899219661,0.11243534382913786,0.11214750146919275,,,0.10974716108961567,,,,0.10635379398617885,,,0.11438358849952504,0.11441796292769536,0.11806634524460828,,0.11787302487035499,0.11943740663155528,,,,,0.11989866416514632,0.12012945375482631,0.12015610658866845,,0.12028635683807608,,0.12124884554637132,,,,0.1203357243593936,0.1207173569545059,,,0.12039387329811699,,,,,,,,0.12032812273490116,0.12061485344589545,,,0.12258364289541682,,0.12290495238838074,,,0.12158845733912213,,0.12367974468646387,,0.12378134945019001,,0.1229497524045359,0.12354618196518227,0.12344787013234344,,0.12318747501245217,,0.12345064643523074,0.12278883304913073,0.12309220949971018,0.1226005040982648,,,,0.12290216895387118,,,,0.12285797014790717,0.12306512270135478,,0.12321002135419858,0.12273374281959419,,,0.1227474216080537,0.12284477987146794,,0.12327958388121538,0.12307811394958736,,,0.12272411617021896,,,,0.12257412886219787,,,0.12286562115197346,0.12281160710940282,0.12273339614366822,0.12293334681263861,0.12286834757224481,0.12276287103866623,,,,,,0.12296542385460227,,,0.12272405096608241,0.12309716196136031,,0.12281375497393995,0.12289453371988819,,,,0.122221737647462,0.12264160520612043,,0.12317516438029519,0.1230009445070712,,0.12280805909772874,0.14652535829599403,,0.14667157950315227,,0.14611515390508353,0.14645536345719454,0.14621937573302407,,,,,,0.1467493612179956,0.14643338536940156,,0.14665476960712145,0.14641438478492677,0.14656818013956643,0.14650201351121542,0.1471054216421201,,,,0.1465760823371549,0.14636855334153495,0.14687812020645166,0.14659169302519306,,,0.14629479574940224,,0.14654016752150154,,0.14645079027682092,0.14685246223168907,0.14678642780189932,,,,0.14613509411599715,,0.14636562040058362,0.14578417034890068,,,,0.14607818811811354,,,0.1465929271250392,0.14612094856066044,,0.1459620166155436,,,,0.14597808644029492,,0.1465235715353867,,0.14626145983839536,,,,,0.14453419079799526,,0.14575547588128954,,,,0.1467397674041647,0.14631298938685372,,,,0.14630198024295307,0.14631467194744666,,0.1466735223248701,,,,0.1469927858889528,,,0.14663554478113816,0.1462181689209061,0.1466816737193667,,0.1463417185768392,,,,,,0.1464401618513207,,0.1463502158722783,,0.14659601553179172,,0.1467689932485346,,,,0.14635827269497187,0.14655336236188599,0.14625720545579837,0.14633837574294306,,,0.1457640883036312,0.14616045101877678,,,0.14632838568762035,0.1458526927121101,0.14644190236286012,,0.1464412294368973,0.14678414087116537,,0.14655167581079873,,,0.1460670774793536,,0.11421187235485664,0.11360495471619882,,,,,0.4762134495455017,,0.4744632131665008,,0.4736369739618651,0.12202243622670572,,,0.528577499312554,0.5287646315702785,,0.5292318759213455,0.5279923959553912,0.528159290050229,,,,0.5293559672518146,,,0.5285643147624945,0.5295769156281669,,,,,,,,,,,0.5285330077410387,0.5287842553529389,0.5296627188741921,,,,,0.5306985607239976,0.529959252510778,,,,,,,0.5276663329415526,,0.5304219359916345,,,0.5268718142970956,,0.5286133378436392,0.5291251146667172,,0.5285157807618364,0.5275792220234399,,,0.5283354957233476,0.5294404704632257,0.5296789674715585,0.5294296999342825,,,,,0.5284265051582926,0.5287314494246661,0.5291951482209465,,0.5286085022673414,,0.5288170259912301,,0.5265104613773856,,,0.528241711272231,,0.5287204562073282,0.5286031710537629,,,,,,0.5289694942450923,0.53057378797974,0.5281488515928164,,0.5303516271082973,,0.5278479254179721,0.5294182580401299,,0.5271353289223988,,,,,,0.5284224435567051,0.5300276901285154,,,,,,0.5280523925679376,0.5290358701577608,0.5304441146268974,0.5292537720781019,,,,,0.5284692136610261,0.5281318704612217,0.5298731757671241,,0.5292322899047345,,,0.5294021222476393,,,,0.5284397474785754,,,0.530028281963644,,,,0.5290074092171493,,0.5278407324346404,,0.5283646108683239,,0.5296153258251306,,0.528727175440597,,0.5303311258049098,0.5291574408622799,,0.5275075498901208,,,0.5283367595608301,0.5280678339831502,,,0.5276062165209443,,,0.5287025259916982,,0.5292225291021461,0.5280376769388103,,,0.5277252669177505,0.5277108466452973,,0.5273832194540351,0.5304191581650722,,,,0.4202036209188576,0.41983178367146873,0.42058732961146233,,0.47503412902874803,,0.5312509509993248,,0.5298733402099364,,,
8,24,DG_48pct,96,Z17_F11,17,3PH,175044,181977,True,4668.535877302781,4826.616323580606,4915.680686995823,5519.469869791364,5569.827541526778,5968.245524448098,8.780230563443295,289.45790299135155,259.3445898186992,143.23641763016872,132.6386370064488,44.05921898944775,0.6452714023142497,42.82484010881245,136.71549141231216,6016.9112577229125,70.0923903140178,29.20376056733505,36.49814008063222,43.04491630469574,0.7041432986395271,,,,0.7069062407724976,0.7062522580786342,,,0.5273736764222572,0.5257585915829398,0.5247526652517578,0.5312602994111735,0.5318749910240066,,,,0.5315658265583848,0.5306413916131543,0.5305365084917321,,,0.5254660729189934,0.5253916719851556,0.5252381188653119,0.525474992653182,,0.5208380216323704,0.5206359231896343,,0.5289500048276791,,,0.5272726870681267,0.5266224133132372,0.5301390602743078,,,0.466149802284246,0.4652759919241313,0.4562005448407034,0.4547153932579596,,,,0.45663449255026095,,0.4587626687635401,,,0.45668608478309747,0.4569931984554269,0.4574476938893143,,,,0.45702366882713175,,0.44949045108212304,0.4499014646834758,,,,,,0.439931456799881,,,0.4401673467109313,,0.441129379078526,,,,,0.44062154620164373,,0.44007054114745947,,,,0.44019862500578383,0.43986644142021686,0.44023579074644,,0.43980613181441514,0.40376211068755274,,0.40197305202954053,0.11272756734266524,,0.11190344285999933,0.1114911313493877,,0.11224764524482718,0.11181503295647041,,,,0.1134912437492941,0.1136878830854806,0.11343240089114603,,,0.11363410878771901,,0.11358899295151485,,,0.11337758768306713,0.11371384785636916,,0.11352780728005206,0.11361525066744503,0.11361220316984634,,,,,,0.11324454759399029,,,0.11352013473090868,0.11363076716174143,0.11333397644404744,,,0.11332751321556973,0.11355011077068854,,,,0.11342579915512954,,,,,,,0.11375737790861687,0.11329284735273021,0.1137734795351728,0.11360296807472976,0.11343382387968323,0.11388665077362149,,,0.11323667605048403,,0.1132202844466802,,,0.11334315998685242,0.11341621553302411,0.11365291679253475,0.11343184519177446,0.11344433692056402,,0.11366711140158403,,0.11346751493018806,0.11382985486694004,0.11328460288503547,0.1132683368579334,0.11339500905703291,0.1139199537869493,0.11367355907747885,,0.11358595669611654,0.11346363643636324,,0.11381098357173736,,,0.11354478506452459,0.11322767183770573,0.11372127963696241,0.11365143263225459,,,0.11356477699659176,0.11348134097223751,,,0.11336475634818541,0.11347549396896676,0.1132588628438234,0.11346928478913902,,,,,,,0.11374321958523582,,,0.11374997865900198,,0.1135412468265407,,0.11309837848461396,,,,,0.11335433015343283,,,0.11351777800894496,,,0.11320362975622965,0.11297826589481576,0.11308090383056517,0.1135343546781272,0.11315148636862146,0.11367525815796906,,0.1139579532922736,,,,0.11388685244751609,0.11373507488060583,0.11312217267186744,0.11353795980612386,,,,,0.11360041707520713,0.11329481091675227,,,,0.10797299286409051,,0.10797217809298805,,,,0.11174804659359511,0.11187367759738961,,,,,,0.11226467420108055,0.11163385519432749,,,0.11174659824535547,,,,0.11168757315302773,0.11173569800235936,,,0.11182813598770208,0.11205627074899069,,,,,,0.11168544634952683,,,,0.11187095156962097,,,0.11186925440790343,0.11172681885652114,,0.11156495350701086,0.11177327333632017,0.11187605635021924,0.11144269394248354,,0.1120777627082841,,,0.11155310047054545,,,,,0.11178225920011797,0.11209467161356107,0.1120505623863781,,,,0.11212602352815308,0.11180865852048384,,,0.11193817880527071,0.11219245113090719,,0.11198641495193222,0.11184319760138012,,,0.11194007716004678,0.11186316930821087,0.11196134342768589,,,0.11167964152499431,0.11155096707922782,0.1118633250794024,,,,,0.11166248047911112,0.11161046787799023,,,,0.11206855570626038,0.11151464241155364,0.11161693804321023,0.11132448985743702,0.11133766210674197,0.1116290242129128,,,0.11159626754723032,0.11182907939702846,,,,,0.11159685864324428,0.11162234216023038,0.11177002524282655,0.11110672634092106,,0.11174108157999309,0.11156211604680039,0.11156188579975752,,,0.1115173490053913,0.11176444611110295,0.11154000438099768,0.1115390503945066,0.11132145274907049,,,0.11186391444738064,,0.11183873218396986,,0.111831904198873,,0.11192453926840838,0.11157427639601998,,0.11190407657738871,0.11182156276001907,0.11185082915301219,,0.11180544353406492,0.1116562583080298,,,,,,,0.11124321986540098,,0.11186894579700705,,0.11187764787001887,0.11159950235638467,0.11167974327421888,,,,0.11195963382925513,,,0.1117893688730647,0.11172631456570342,0.11171529587886671,0.11178674290679148,,,,0.11194935199080072,,,0.11216494931238749,0.11203645569143263,,0.11163907961016116,0.11160042259255658,8.274965547747402e-05,8.272403660062123e-05,8.283150506295734e-05,,0.04250395275782676,0.04254991934513028,0.04253463786947249,,0.04249422870332348,,,,8.133508347203192e-05,8.141041037946128e-05,8.10104351663487e-05,,,,,0.1121576253816287,0.11168705570318173,,0.10922085023428092,0.10937915735165775,,0.1066756582422362,0.10661407533310963,,0.11413581027923538,0.11415354833410088,,,0.11805126156408782,0.11931564782546772,0.11923477825158554,0.11925433557848107,,,0.12019002223668396,0.12011244087518727,0.12035724051475874,0.12039576627823444,,0.12043304270796146,0.12168483095838636,0.12147596782766723,,0.12029469385402451,0.12052017998820712,,0.12055569030240565,,0.12062869549001227,,,,,,,,,0.12065705702748805,,,,,0.12302444530407551,0.12282715409828479,,,0.12301872977291155,0.123522282388372,,,,0.12312406588343221,0.12334041640871417,,0.12368716575319445,,0.12344196599712685,,0.12310753056388772,0.12284398588931406,,0.1231880563540873,0.12308906375398508,,,,0.12260801201483106,,0.12262555948866835,0.12324556540685756,,0.12273941108310935,0.1227230181539322,,,0.12268855372802849,0.12309528086377969,0.12279319876436182,,0.1232096734626075,,,0.12311221943724339,,,0.12264545330083017,0.12251005079219163,0.12267981423580282,,,,0.12286521890867214,,0.12297524416976637,,,0.12277253020891474,,,,0.12299015199503177,0.12276449646693492,,,0.12288678062743255,0.12293949686203696,,0.12293143443529732,0.12285842316810114,,0.12287370337496889,,0.12290144034234428,0.1226713432187844,0.12268467601883161,0.12301334974432522,0.12301097679888806,0.12273176180741353,0.14627958174337405,,,,,0.14639299773590556,,0.1461544051612469,,,0.1463732408404067,,,,0.14682874648257796,,,0.1467156869596797,0.14637311432452732,0.14687469371322556,0.14656807031948668,,,,,,,0.1461934820107708,,0.14603989221052904,,0.14692955180038214,,0.14695543279603507,0.1465768566774107,,,0.14630837181018705,0.14641620445038794,0.1457838074185948,,,0.14640395601800996,0.14628481949296668,,0.14613038032843742,0.1460304850868808,,,0.14561990182156842,0.145986106698598,,0.14637292927266288,0.14646907802005793,0.1463069469962434,0.14652535749165235,0.14644342902677907,,,0.14654038510555384,,0.1468649816648825,,,,,,,,,,0.1465755117842221,,,,,,,0.1466119864667994,,,0.14620107285274447,,,,0.14664075884653,0.1466647470875118,0.14643364310775214,,,0.14651318606094216,,,,,0.14660777345401224,0.14640888991478826,0.14668291538063918,,0.14600086308291024,0.14663768929567716,0.14672814707037915,0.14631496688024132,0.14649551177665338,0.1460681102540724,0.1466861196160947,0.14638090631843728,0.1463778578206677,0.14655347464011698,,,0.14664229851540464,0.14668300371539422,0.14626152819806473,,,,,,,,,,,0.14663433120312855,,0.14616090020017133,,,0.11402690024187806,0.1141686545962839,,0.11400975437213226,0.1140435302712118,,0.5526795901075243,,,,,0.5299357900639468,,0.5279921638869097,,,,,,,,,0.5303069903823616,,,0.5284259448339321,,,,0.5285337201390371,,,0.530603187998695,,0.5274159923954341,,,0.5271329927067371,,0.5291230680230515,0.5278936350082464,0.5273430542631955,0.5274323343423624,0.5296017729056798,,0.5281115514354706,,0.5288849707637,0.5280974024110103,,,0.5298924020219024,0.5283985106001715,0.5273973741956803,0.5296521071904388,0.5295192588151731,,,,0.5290694181046555,,,,0.5285859961236419,,,,,0.5299179545002142,0.5288315771238893,0.5273119632953366,0.5294874914710315,,0.5303908400424295,0.5291891742816149,0.5284695570363805,,0.5273460798743912,0.5298264924058869,,,0.5300404274867098,0.530707638079368,0.5300519544550895,0.5291817960428047,0.5279751613108997,0.5297769894075465,,,,,,0.5280406781080075,,,0.5291328728633127,,0.5280179331542633,,,,,,0.5272575068280617,0.529057641750871,,0.5273169964748602,,0.5292906162200299,0.5296661219224328,0.5283488639943181,0.5286057863197887,0.5277693814527536,,0.5290950891013663,,0.5270541035662987,0.5291588078911321,,0.5283143062138147,0.528561225722267,,,0.529247699407785,,0.5292521490232667,,0.5293273449736323,,0.5285247659034062,,,0.5278832583945103,0.527963760345965,,,,0.5295336870859346,0.5283574681449655,,0.5292180618230927,0.5282221604465738,,,0.5301427133561725,0.5297663058290177,,0.5290134337116894,,0.5281218461608995,,0.5299493948861725,,,,0.5306546489130805,0.5292128884630468,0.5289879765334822,,,0.5286949428420094,,,,,,0.5281305503012734,,,,0.528577744530571,0.5272348075071995,0.5286880999173559,0.5297956699947756,,0.5288301211302365,,0.5296592113926228,0.5303011562238922,,,0.42159288061433775,,,0.47469639737664826,0.5328085268950111,0.5309483983538066,,0.5306266282753318,0.5326431584121186,0.5312713502758885
8,24,DG_48pct,96,Z17_F12,17,3PH,175047,181974,True,4593.9273463496975,4735.095991687482,4796.536450136643,5444.709520948721,5466.852185135434,5929.831323937733,9.788414710191322,322.0407445591283,290.21000708546734,159.77289144208905,148.3141637881479,48.87604170455167,0.7203531785035888,43.184516748691756,138.52697826883124,5985.994700226571,78.24704434113724,32.583839232026094,40.79616906027453,47.8153126881793,,0.7065007212986425,,0.7103966761328822,,,,,0.533095623173321,0.5338535150319952,,0.5384701811848465,0.5408120429859519,0.5385967493826928,,0.5393651856402217,,,0.5388341675917117,0.5368653144901055,0.5342803673958322,,,0.532122192483039,0.5332664043591631,,,,,,,,0.5348566540407941,0.533806318301162,0.5317562254969125,0.49401766986086426,0.47230029411237834,,,,,0.46342486009110334,0.4651213573342223,,,0.46464600682435603,0.4657409851511306,0.4658506614025743,0.46675688166412826,0.46418486138224846,0.46522058846507197,0.46397935855249106,0.4653306002177817,0.4654392103867064,,,,0.45821020762345377,0.45917663783382245,,,0.448761812287141,,,0.44887593053395836,,,0.448558430501989,,0.44906339286638797,,,0.448114011558478,,0.4484111701883756,0.44925179675199534,0.4497419883578027,0.4493729322505328,0.44877139173152686,0.4486037879767916,0.4490105098045253,,,0.4495413594753771,,,0.41163796263378744,,,0.12501752273701788,,0.12513063519652004,,,0.1258683515073797,0.12715080898457046,0.12667943526736075,,0.12673094872614923,,0.126990620591593,,0.12695615889232656,,0.12701161683448484,0.12654401532737566,0.12718129801770925,,0.1267175264079714,0.1269881321668946,,,0.12692581277901657,0.12692658777224625,,,0.12640567822108886,,0.12704245370764855,0.12659776918818566,0.12696229053923852,,0.12674369852400255,0.1266731884288234,,,0.126732716562696,,0.12700776091505062,,0.1270016805301148,,0.12698894185192455,,,0.1268057726195799,0.12689775111473373,,,0.12695161775582176,,0.12661820593108558,0.1270090824716461,,0.1268326593869866,0.1269604400256429,,0.12710499959918445,,0.12659896548742383,0.12667197045400466,0.12693085457882394,0.12683693234237045,,,0.12679468894324145,0.12650919370962793,0.12708398115968156,0.12678874531720535,0.1270808651979021,0.12646462716573395,0.12685414625701322,0.12645325511154107,,0.12632124266931946,0.12663703096261242,0.12709395507364313,0.12699668460957214,0.12662220438703026,0.12672279748926266,,0.12634257290145773,0.12671659929045465,0.1267761232666472,,0.1267101738729711,0.12673100890398054,0.12685444742152635,0.12703123314702933,0.12645064840797512,0.1269104736528672,,,0.12695739681138646,0.12654071436066444,0.12685533097968657,0.1262471502960236,,0.12655513032277402,,0.1272463700369562,,,,,0.12647444328441895,0.12694453679776027,0.1267837992992089,0.12700997418061358,,,,0.12677142778411002,,,0.1266879762701201,0.12660171042426957,0.1259892624953153,0.1269728875403613,0.12662227335281423,,,,0.12678727830559375,0.1267444592183479,0.12633066820808175,,,0.12700544237438524,,,0.126756058402914,,0.12677110982397857,,0.12709167065924115,,0.1264887412255281,0.1266258053313327,,,0.12710373471140418,,0.1271222677657349,0.12703947140595148,,,,,0.12508380268727115,,,,,,,,,,,,,,,0.12473182004284385,0.12531984692948483,0.1250602804525095,0.12525875743672857,0.12487844827842517,0.12501102647122872,,0.12494875017021187,,0.1248232238449595,,,,,0.12481090539287033,,,,0.12520988127486976,,0.12495737100362429,,,0.12483385591570241,,0.12489994343430573,0.1250413990821159,0.12490239122328563,,0.12484998526597599,0.12481906822773363,0.12484140340820689,,0.12528538417979004,0.12505432907131148,,,,0.12499359853927156,,,0.12526920423086843,,,0.1251634365803869,,0.12510293024604374,0.12504837351347564,,,,,0.12499610182735253,0.12486447428295125,,0.12509728354689362,0.1248807577246646,,,0.12501512425417147,0.12483568618469093,,,,,,,0.12483707105766373,,0.1249095211561151,0.12515221589682168,,,0.12488654082843721,0.12471420257840816,0.1247604308974531,0.12487885721159374,0.12495607970059203,,0.12472558195123722,,0.1251263076842899,,,0.12517081148198625,,,0.12476945583800088,0.1245651934473985,0.124790884731894,0.12494897377282345,,,,0.12469464781105734,,0.12467620294748273,0.1250235480548969,,,,0.12491554752925303,,0.12471447442887512,,0.12500880221199442,0.12517934570744585,,,0.12489267858400094,,,,,,0.12487557156874537,0.12510439399173373,0.12492057417213734,0.12481630734678821,,0.12463866414747794,0.1250388941706058,,,,0.1247626590541176,,0.1250025299838492,0.12465801308228365,,0.12498616727644343,0.12471000098660917,0.1245683782925238,0.12490475234459832,0.12492321858957899,,0.12465598418109963,,0.12456646703060112,,,,0.12480784614302501,0.1250083824583967,0.12459764106325447,0.12497773022759116,,,0.1251665140534413,0.12485584029522016,,0.013996889715765745,,,,,,0.05614734892355191,,,8.063551861154506e-05,,8.072161289053471e-05,8.063390292667978e-05,8.043457956393391e-05,,0.12594753140078835,,0.12604112940356316,,0.1250438252751565,,0.12209854707692583,0.12264890522564277,,,0.11937145415127552,,0.1274605413499288,0.12761307766793367,0.12728621430868017,,0.13222053605104409,,0.13368690103272698,0.13346911692294058,0.13298626319962142,0.13458043266057915,0.134405041592282,0.13451848244898298,,,,,,0.1359806898184875,,,,0.13493606202811578,0.13466848272209345,,,,,,0.13479783265837808,0.13476082342279938,0.13484462253520182,,,0.13495142895723172,0.1347919012724145,,,0.13706210075759168,,0.13744027187267058,,,0.13653050004979256,,,0.1378397525467463,0.13785346684731514,,,,,,0.13791178085442019,0.13791529467121907,0.13802858468258364,,,0.13750332599737797,0.1373994662375197,0.13764938210172414,0.13748856845700372,,,,0.13721897346845321,0.13743489313063964,,,,,0.13679791713578196,0.1373731110344682,,0.13702740210178016,,,0.13737676847518546,0.1371112664958516,0.13748474360826074,0.1370823034651367,,,,0.1372796953494433,,0.13726575401589888,0.1372076634134014,,0.13721305862520491,0.13739209833879865,0.1368725019979473,,0.13730722131460446,0.137629614572795,0.1372937872739856,,,,0.13733104279477623,,,,0.1375646100051973,,0.13746663245896706,0.13724601185685303,0.13717077322515805,,,0.1374092477818141,,,,,0.13766101934798042,0.1586779459595187,0.1590031281601772,0.1592695178099353,,,,0.15907536975612477,0.15950552983446703,,0.15940422198119764,0.15887261645630443,,,0.15924585758810725,0.15924915824089728,0.15930711316182816,0.1594079737913926,,,,,0.15910237439256966,0.15927977769522295,,,,0.1591671129462623,0.15929720559537136,,,0.15941746786249586,0.15964329486400378,0.15877631210653642,0.15965374120951867,0.15910628752790645,,,,0.1589625708658165,0.15873540304396327,0.15856707855180535,0.15920096717602827,,,0.1590750805784134,,0.15843596983719793,,0.15873514524034163,,0.1590232950371965,,0.15882072262823602,,0.15883048019671248,,0.1595946290190376,0.1590843254314874,,,0.15923905969899224,,0.15948292791227653,,,0.15735824597239165,,,0.15890884686570686,0.15928440336795,0.1589416530268693,,,0.15885458842079497,0.15923094310573302,0.1592714098822719,0.15879632770207008,0.15938432373579667,,0.1590447744814046,,,,,,0.15947437428215924,0.15920763510486644,0.15959814432694985,,0.1595195747480033,0.16003597849411094,0.15944901104461842,,0.1595603521617788,,,,,0.15928902157935204,,0.15953687932002636,0.1594147987464283,,0.15951658725675444,,,0.1593613611979668,,,0.15926615698975086,0.1591199630788458,0.15936817905052275,,0.15868326930531876,0.1587852964238326,0.15893374911639943,0.15953028845105688,0.15931230198681318,,0.15940391724696426,0.1591775105756634,0.15932309483727258,,0.15898578689998943,,0.15865841761589963,,,,,0.12713804506580761,,,,0.48652660444343454,0.5583454408560456,0.48210779390052283,,,0.13651144748238198,0.5344793942955969,,,,,,,,0.5364007957742404,,,0.5349673190665809,,0.5374809053281916,,,0.5363294787191331,,0.5341751954357614,0.5350091480652446,,0.53655801043754,0.5364039407889857,,0.5358750476857269,,0.534171326810003,,,,0.5359209230441416,0.5349588454961509,0.5345210206150207,,0.5344105786863073,0.5373200565420043,0.533775076961237,,0.5358372681618347,0.5373306879007839,0.5372185125079871,0.5351122809602655,0.5365329478248821,0.5358236582186328,0.535779536017155,0.5361590655452102,,0.5359345678511882,0.5362389326570802,,0.5353436695327379,,0.5334123248602173,0.5341155934195402,0.5349401247551999,,0.5367283694595727,,0.5371131866014467,,0.536374917874058,0.5359384525653502,0.5357228709812216,,0.537654754141379,0.5356318423852403,,,0.5347809072221933,0.5363690011460444,,,,,,,0.5359751299469324,,,0.535575597685094,,,,,,,,,0.5358305257855045,0.535603323127161,0.5358321076351917,0.5350518333811319,0.5369981439670599,0.5358377951254104,0.5372475545507104,,,,0.5362513776251315,0.5367127501399325,0.5353526071632518,,,,,,0.5354478964524931,0.5365223426822543,0.536030739358888,0.5350080074693889,0.5350365795406915,,0.5354680102796893,,0.5370564311117604,,,,,0.5338468470570477,,0.5351790985402681,,0.5369981018473594,,,,0.5354621940396692,,,0.5359843752586472,0.5358034154263002,,,0.5357800846092236,0.5372565753593417,0.5352834108924289,,0.5337825901471637,0.5368194972674337,0.5355998107849795,0.5368105238367594,0.5361527264853605,0.5349945696944566,0.5365821135422655,,,,0.5366591639217653,0.5352834252518207,0.5352788489479708,,,0.5359342231924188,0.5370011863749738,,,0.5350441028373738,,0.5373725684150178,,0.5359710020997726,0.5365378374786968,0.5355750792862162,0.5374092733833494,,0.5370778267192229,,0.42954891819993085,,0.42913189590860296,0.4836396686137898,0.4829094136666261,,,,,,,0.5385577618577704
8,24,DG_48pct,96,Z18_F01,18,SLG_B,174947,181889,True,6515.146447648701,6303.485149507526,6280.483631845245,5502.9087384511495,5377.265938212203,642.7194558018726,75.20089825666815,1866.0610721571666,1637.560600729751,897.6143596724887,827.5084870403965,279.6511835743043,5.076719339178122,56.15589627440927,185.25753000115924,278.05676215104717,5091.61842683505,511.2795544253206,318.7091388006163,280.26571119793283,,,,,,,0.6776142792632717,,0.46458296323048404,0.46280997038130267,,0.7513828618151828,,0.7516518620968461,0.5987610756383943,,,0.5006517737110933,,,0.4639050964557183,0.46318439976434944,0.4645321347887051,,0.4617188135052758,,,0.4597021610474791,0.4582493130851377,0.46351192715871725,,0.46285763251472567,,0.46232427630153117,0.4628761574343566,,0.4307033085468903,,0.42973070276269704,0.4131159387799554,,0.4115382910187265,,,,0.41359096374240706,,,,,0.413928371148633,,,0.4141051370014372,,0.4132705226296722,,0.7470816203280645,0.7459145652098151,,0.4873941330676487,0.746213716718947,0.7456290671956781,0.7474873918542879,0.7442556312747483,0.74570663833107,,,0.745718936014703,0.7453416994723207,,0.7473180463807632,0.7502946962829908,0.7449955080858925,0.7460875765470628,0.7457590552738568,0.7467653571140527,,0.7448060438618089,0.7458197050307892,,,0.7484489244311848,,0.747340633447637,0.3535248081143123,0.35259047182642705,0.35324095038104686,0.016555751657383096,,0.35925580856760236,0.36145437297905214,0.3588812573122868,,0.3578278710891209,,,,,0.8099323234339109,0.8112775616704363,,,0.8071963411309534,0.8105773897069721,0.8100383909790078,,,0.8087629119751931,,0.810104472710775,,,0.8116108845784974,0.8084377673485225,,0.8076108050182789,,0.8120681241446026,,0.8083220778725776,,,,,,0.8097537247128554,0.8097176265009635,,0.808152248428778,0.8066414063529167,0.8081803103443265,,,0.8084451418951195,0.808292006095447,,0.8094896884096542,0.6359510278503596,0.6359100077699202,,,0.6350059138555076,,0.6332998535598773,,0.6358865834669606,,,,,,,,0.6364890328792944,0.6350998284418197,,,0.6331899779468264,0.6344429414591446,,0.6349478117833349,0.6347270179058968,0.6363797784658336,0.6349223825624766,0.6340857554711818,,,0.636037902734225,,0.6351255839532465,0.635120506317164,,0.634455072661314,,,0.637664392004209,0.6371148462453161,,0.6356791261399739,,,0.6349870133994313,0.016991539833075536,,0.016986610874080918,,0.0169772640223502,,,,0.01696801524069583,0.017033491815115667,,,0.016972518147260092,,0.01698440658279243,0.016943574669235094,,,,0.017005279666226992,,,0.01691126306250394,0.016958268425348755,,,0.01696616678476597,,0.01698261589853775,0.016927107370167782,0.01691417973196414,,,0.016943515361944713,,,,0.016935413390477133,0.016977777193791836,0.01701404548100975,,,0.016990096743415093,0.016957106278860917,,,,,0.016978720356497966,0.01693547294501471,0.016988205895956107,,,0.3260436836953694,0.32554570080344347,0.3252234506063237,,,,0.3265516309556648,,,0.32746500729705386,,0.7967509491806112,,0.796684045558094,0.7950230481617834,0.7960593454752849,0.7960033434623529,0.7947421027797181,0.7969754773055273,,0.7949734102765544,,0.7973627191798138,,,0.7969726494031963,0.7954711449218566,0.7970461609868713,,0.7993921611986164,0.7962252283945459,,0.7964633585228011,0.7966538161784446,0.7961271697823499,0.7989429033028889,,0.7973272908302963,0.7951888934553027,,0.7956948651348933,,,,,0.7965873036603811,,,0.795538738270165,0.7914777222234052,0.7943807316399779,0.7964132126103118,,,,0.7928801647398082,0.7936128045479102,0.7957227611737188,,,0.7978642864532021,,0.795715370016654,0.7965631228176148,,,,0.7931185048907377,0.7950177141543866,,,0.793659066225338,,0.7953848831756386,,0.7924681808732337,0.794164317104447,0.7948299502884913,0.7928875369541492,,0.7939740262797359,,,0.6134856865111145,0.6127172398197311,0.612029658406419,0.6134133610928566,,0.6132231607890626,0.6129260508567371,,0.612437437636803,0.6139870677610896,,0.6112457921462453,,,,0.6117059751676035,,,0.61324935621598,,0.6130447322295313,0.6124970448470446,,0.6106716405781434,,0.6114252019818753,0.6126581992797246,0.6112011966488571,,0.6118562110412792,0.6115120213029644,0.6136138671466344,0.6131486765545118,,0.6116289455848493,0.6093491778414228,0.6115609347954083,,0.6124689258326922,0.6128680231627085,,0.610704233538416,,,0.6111744822397943,0.6138662154428036,,0.6115666723040983,,0.6111301929627688,,0.6122395466213362,0.6122084965932779,,,,0.6147146661439741,,,0.6124812374645375,,0.6127606389630813,0.6126114435084081,0.6124878807711309,0.6113014066511685,0.6107575469388451,0.6128422293914375,0.6116048739375408,,0.6114798499095072,,0.6122838465977739,,0.612108567971033,0.6132686622857603,0.613439695356502,,0.61410488073796,0.6131370576203493,,,0.6129795250731211,,0.6126595152426924,,,0.34507561989549895,,,,0.7989275482357252,0.7969113810138236,,0.7986058926579644,,0.34699866411921754,,0.3473437074513408,0.34622199125150777,,,,0.2460788793126694,,,0.3277262591874655,,,0.3233359566797644,,0.3162405830531208,,0.31704757088228414,,0.272042714337531,,0.8152159487209928,,0.652032927306035,,0.2910722416947656,0.6555747046122817,0.29486030954956327,0.2951445057590206,0.295653032699133,0.2960697942357763,0.2955994477996161,0.8314200306279246,0.296233865869456,0.6629963327908857,0.29998508855724854,0.29985899728897136,,0.351600930636865,,0.35245765302970045,0.3532377692217748,0.3533413208041109,0.35291667231065854,,0.35180616931973013,,,0.3519964011862114,,,0.35192968649650824,,,,0.678382500093449,0.6775718788502343,0.6769776858610294,,,0.6723772215538093,,,0.8516873522203436,,,0.30667864763598524,,0.30706255480304995,,0.6808865335340573,,,0.35873199144482215,,,0.3591223520668085,,0.35884048115482137,0.3598331881608963,0.35993776717496767,0.35933631039762426,,,0.3590654500286658,0.35883541898271326,0.3579265516459116,,,,0.358767917468948,,0.3595110954000173,,0.3599010491339466,0.3583029730759801,,0.35839586369141,0.3585606831169065,,,0.3585680128943272,,,0.35909261575635826,0.3577678782061013,,0.3589862742434641,,0.3599667460534039,0.3586402029046058,0.3588783107389005,,,0.3598459689425601,,0.3604549280722351,,,0.3588737662793436,0.36012380842294023,,,,0.3589270723166151,0.3585795280386698,0.35984339250033837,,0.3583930529878771,,0.3588439587581976,0.359434676441109,0.35948470558550155,,0.371586856955159,,0.37127290715999367,,0.37153583717994715,0.37124099073691375,,,0.37100438383459056,0.37102405494676016,,0.8030014079087375,,0.8009496389035722,0.8032434589858449,,,,,,,,0.8011946919734825,0.7997136734344858,0.8010576710022881,0.7977764150066802,,0.8017178322634815,,,,,,,,,0.37207371395576794,,0.6110943006861659,,0.6117287835043274,0.6082702126109599,,0.611059912264645,,,0.6108633338292491,,,0.6100004528682229,,,0.7992584013656291,0.7983366481883808,,,,0.8007002436126949,0.8001363163510498,0.7997424133764748,0.8002296204202133,,,0.7991200128579157,0.7867098407211222,,,,0.6099640481831439,0.6132412367870238,,,,0.6121151880760619,0.3718814424436768,,0.37186457490363944,0.3719581347868358,,,,,0.3721608701043814,,0.3711131217578345,,0.37207211497250825,,0.37094606426491283,0.37188619150041646,0.37184272393736606,0.3717008617194592,,,0.37142132065377964,0.3709508447067686,0.37170193381086525,0.3705130003143097,0.3710001894343106,0.37077761488994737,,,,,,,0.612244811662375,,0.6143947846152638,0.6113535082363509,0.6125158930778254,,0.6093083768540323,,,0.6106815339805749,0.6096239579730205,0.6097817840805284,0.611364271892368,,,0.6128608856172596,,,,,0.6109508199393996,,0.33363737403661636,0.33235674358155126,0.3329626041926442,,0.3335526094791956,0.5664557433047017,,0.4338304517677925,,,,0.4634268157494184,,0.46424155199379663,0.46207291581084686,0.46350183131080647,0.46424185625433373,,0.46228767378884983,0.46411867577455485,,,0.46293902926159697,,0.46517242341898923,0.46379663723336234,,,,,,0.4607791448745767,0.46296446734121893,0.4624862317018066,0.4628491784478804,,0.46309217534402985,,,0.464310856639833,,,,0.46252865809768856,0.46343581586459853,0.4623638688493238,,,,0.4629792165884318,0.46313796864827245,,0.4621316360846766,0.46293760515412646,0.4633626588193181,0.46184258708692105,,,0.4627365947098076,,,0.46322638728684495,0.4641856946527266,,,,0.4620228498226663,0.46277091424501793,0.4629302914930002,0.4630164111241744,0.46215556295864113,,0.46450464964599253,0.4636729749182071,0.46266319633751113,,,0.4626547280730407,0.46202334689877045,,,0.4643865818341385,0.46305103926534424,0.46357970123164566,0.4621363306054472,0.46372402307225,0.46262165387483434,,,0.4630701654724087,0.46252478003755065,,0.4631654929594977,0.4643304653933286,0.4628393627538956,0.46477423256205613,,,0.46464058071470393,,,,0.46362728701390654,,0.4632440267130114,,,,0.4630259634825898,0.46332451702838245,,,0.4638898818208945,0.4645243443233779,0.46239577841382024,,,,0.4624011644725025,0.4629485591910714,0.4624773113159734,,0.4624934057774932,0.4631351732834968,0.4623693166315616,,,,,,0.4633736516099782,0.4632304178035391,,0.4617392819404239,0.4621639523358097,,,0.4647757221732344,,0.46439562335056894,,,0.46272804385322847,,,,0.4612319119856094,,0.4633495756726005,,0.46526496930437844,,0.4646166952972973,0.4628360502304675,,0.4638670343449999,,,0.4644652078282286,0.4629267646826289,0.46287601648555526,0.46311668657455773,,,,0.4637730070142497,0.4625850351253301,,,,,,0.46388759518093964,,,0.46178744756556206,0.4633769330041603,0.46391464888621675,0.4627169415388999,0.37707253527785994,0.37683006279437614,0.37727486745642186,,,,0.7509607036756292,,,0.5972825544008583,,
8,24,DG_48pct,96,Z18_F02,18,SLG_B,174947,181889,True,6505.1566560280135,6352.012401030575,6289.735568019507,5470.437622146426,5370.415638806934,645.5229442732523,74.57072387249762,1861.7840687358662,1643.1748685465222,894.0026711019126,833.463018788964,279.48653537975173,5.0877039004900135,56.63485964961184,185.51875498274418,277.91783739397493,5128.488233730761,513.8237310508313,318.96834304798034,280.25048684828056,,0.6667883597911166,,,0.7437764908034012,,,,0.46511435287324726,0.46398887321221927,0.590235956483475,,0.7505307508557852,0.7488554715795855,0.5969212723554033,0.597724080210861,0.5969584415728207,0.5024571179687988,0.5026414698423184,,0.4628425974452663,0.46447485965127727,0.4647274771008922,0.4607690155181879,0.46133743395374455,0.46261392004762797,,0.4601970576377117,0.4591865233062543,0.4623441301659572,,,0.4621658708954106,,0.4634506865890073,0.757465881322734,,,0.4286740618633455,0.413557610708642,0.41212921685368437,,0.41379500225047994,,,0.4140331656781765,0.41193624106337773,0.4139228209262756,0.41446663277894236,,0.41335268127522695,0.41221642856023955,,0.4127394546583647,,,0.41458450214568177,0.7442921283587158,,0.5428651049197256,0.4876887106085127,0.7449737698444296,,,,,,0.7465315916531364,,0.74593314318726,,,,0.7479845155974759,,0.7475234702960516,0.7449415653430812,0.7456570199569291,0.7459199231090499,0.7463506501402601,,,0.7461353688313539,0.7478838226360669,,,,,0.016519901542048597,0.3602434389852367,,0.3618229529318291,,0.35885930549181927,0.3591644915457824,,0.8102479794725408,0.8084534389334236,0.8112839012439846,,,,,,,0.8107166437253979,,0.8113214339390162,0.8112742104587101,0.8108015027255343,0.8100664911222587,,0.8096149520164537,0.8103639640608239,0.8083387988167994,0.8099668996462237,0.811099242602344,0.8078159088250285,,0.8106824476120577,0.8056812165141265,,0.8089763586852884,,,0.8082639683439353,,0.8091944911280496,0.8089716856929922,,0.8101103340658314,0.808138815740272,,0.8085130104313687,,0.8066499989438252,0.8091860331235935,,0.6356965952545365,0.6369279566983939,0.6362105856319398,0.6369632348131785,0.6366346840744849,0.6364043209093795,0.6358025831494637,0.6366219172283134,,0.6359882564419288,0.635020799145656,0.6371020249475293,0.6367357698100243,0.6358597773227086,,0.6357867144534692,,,0.63686445269146,,0.6352701735328823,0.6345768805003036,,,0.6349894147450044,0.636468055994514,,0.6361594624271545,0.6358835560972957,0.633935368598897,0.6341523193473722,,,,0.6358092029402924,,,0.6361257486466395,,,0.635124832977823,0.635914630570635,,0.635234266898897,0.6364104787013383,,,0.01697674543637056,,0.01700975725237328,,0.01698335102501998,0.016937115491913464,0.01694120170558985,0.01701220159803247,,,,,,0.016973439034758175,0.016963469741075987,,,0.017008982651148467,0.01692735657768586,0.017001578567934182,,,,0.017000140928161055,0.016953220674626797,0.01695290552424556,0.01697751435355197,,,0.017029775174563732,,,,0.01693533066057043,,,0.016989466019455373,,0.016980559867622903,0.017020072576935392,,0.0169943667644967,0.016962889221143564,0.016962637420778286,0.01697702991380874,,,,,0.01697348768085663,0.017015418135803092,0.32563237736237693,,,0.7941130779056867,0.7829800490585036,,0.3272879464746165,0.3267996283955827,,,,,,0.7962339826924163,0.798929632101521,0.7978907823538472,0.7968289938499397,,,,0.7957636772387936,,,,,0.7961403987719767,,,0.7972107846580924,0.7981870021395073,,0.7982393385056727,0.7962457482704585,0.7934406715916418,0.7951640787535244,,0.795201945609536,0.7953180743047262,0.7933154486655485,0.796463155917691,,0.7966412266749509,,,,0.7968458676530664,,,0.7958456426185389,,0.7975082470577832,0.7937230438430405,,0.7946172343596565,0.7944768643838783,0.7935170519911363,0.7938744276627335,,,,0.7969941442222619,,0.7942899145990595,0.7954200399450114,,0.7959980526878454,0.7954844892135068,,0.7930781172655885,,,0.7942568801947744,,,0.7927649667506622,0.7955321941457787,0.7949050636845522,,,0.7941489105220598,0.7932359359852226,0.7960327989536397,,,,0.6131947937440427,0.6112378501521486,,,,,0.61200014401465,,,,,0.6129902503062649,,,0.6115676165821219,0.6124824843576931,,,,,,0.6110030611532744,,0.6108734463406325,,,,,0.6106195474435182,,,,,0.6115860416385478,,0.6121283419706389,0.6117744491747419,0.6120961532251135,,,,0.612544639591646,0.6130680275201965,,0.6137321490137306,0.6137778767507124,0.6121588309428044,0.6119338666127899,0.6124435621239742,0.6141256604133176,,0.6116690091584589,0.6131739924149073,0.6116673569194819,,0.6135127203993463,0.6130860412555048,0.6124807153979802,,,,,0.6128651215893328,,,0.6131584165043543,,,,0.6123560545424355,,0.6141524596123796,,0.6119122649516574,,0.6107967351974004,0.6136306272790897,0.6140980369999921,0.6127779557434867,0.6129947009259664,0.6122311965132974,,,0.6137655781077536,,,,,,0.7986998331760509,,0.8001980323560967,0.7992219372779656,,0.3476424892092185,0.34685631433604336,,0.34685563378193174,,0.7897120952412294,0.24596094574295738,0.6176499199246239,,0.32737081130175205,0.3279584297923043,,,0.3232845260370007,,0.31726095280158545,,0.7914489495226421,,0.6265041895035416,0.8131953050310362,0.2873087989565801,,0.823996447663356,0.2911111444563721,,0.29592311635185115,,,0.29602925768971045,,,,0.6635912318983327,,,,0.3524370747864734,,0.3535135166363142,0.35365234640211596,0.35288167533380166,0.35307096931655796,0.352940681047173,,,0.35174901329980585,0.3530285255216249,,0.3515461238158891,0.35266753988231997,0.3525394702991422,0.3531085336408706,,0.6780680066290665,0.6775445777243526,,,0.6802142613546102,,,,0.8486802358377293,0.8510984103782583,,0.3066555956762836,,0.3062654739382886,,,0.6803663623209503,0.680249109557002,,,0.35879789433223225,0.3590130871944785,,,0.3587239230576267,,0.3596835326244058,,,,,,0.35894998345505585,0.36031435952433694,,,,,0.3599962548330786,0.3588822272141389,0.3588045391874656,0.3585697581781908,,0.359748764242416,0.3577457679200563,,,0.3592822973650838,,,,,0.35870231923613366,0.3590324031925434,0.3581634250704129,,0.3588720372698412,0.35950825367254235,0.3597273108554567,,,0.3591957851742906,0.358747543525828,0.35892469656902637,0.35901289623746374,,,,,,,,,,0.3589831489471483,,,,0.37089569032470504,,,,0.37121774722100553,0.37129696498206627,,0.3721753611148484,0.371463384071362,0.371040429301908,,0.37208360897845644,0.8007776255847132,,,,,,0.7995454056750758,,0.8000494714960412,,0.8002013769879097,0.8005557971868026,,0.8016707505028592,,,,0.7980601407559456,0.7989039720422104,,0.37178537040787274,,0.3710984393629727,,,,0.37296602838239995,0.6124768242666062,,0.6109188296641624,,,,,0.6107923063720402,,,0.6117665591200745,0.6106185178779371,0.6117033232115181,0.6114354606245529,0.7976270468558323,,,0.7994478366320096,,0.8014561432023525,,0.8012396101725949,,,,,,0.7967901746288879,0.7976880244954,,0.6118485052232412,0.6110194930521328,,,,0.6107071705698983,0.3717751699217047,0.37224954298308,,0.3704749993246019,,,,,,,,,,,0.3717298166211812,0.3709712642122843,,,0.3716894150509584,,,,,,,,0.3723259989876483,,0.6121760268258061,,,0.6117015082076781,,0.6122276205317339,,0.6130497492734891,,,,,,,,,0.611175821806653,0.6141949833583977,,0.6118793886806589,,0.6132022402618497,,0.6102247255416965,,,,0.33315028080870424,,,0.3338551003187506,,0.6158042755500289,0.4342953698015259,,,,0.4629403828633802,,,0.46277344424108136,0.4626896845446588,0.463371341922729,0.46299285199582985,,,0.46364745248646483,,0.4636548769607656,0.46372432173897254,,,,0.4639439611681732,,0.4635083561024785,,,,0.46504444038258796,0.4634263477498152,0.46352333764834125,0.4627253561855577,0.4639643984982049,0.46317084165838507,,,,,,0.46306756256334036,,,0.4628818757476962,0.4631189460072206,,,0.46331679341915893,0.46252230075388534,,,,,0.46224307547159343,,0.46316694063768493,,,,0.46219962181667273,0.4619445535159128,,0.46276988675934405,,0.4628621562836104,0.46239313405551663,,0.46323559709420764,,0.46368792413436904,,0.4622897852332601,,0.4627889762300688,0.46319911087216276,,0.46417787503637503,,,,,0.4614451258754737,,,0.4636549212467554,0.4633881382247899,0.4629964871624562,,,,0.46394324655899577,0.46280591992334147,,,0.46464768003861495,,0.4623748768394482,,0.46294574489448054,0.46316060529254754,,,0.46242378144081764,,0.46401330748496394,0.46244829213594,0.4631872849728102,0.4643930483675071,0.46422243490369397,,,0.463533234959856,0.46358497204310245,0.46346636072786596,0.4628244601422759,,,0.463227244122478,0.46378405777801623,,,,,,,0.462762011771568,0.461988483226382,,0.4635963111992695,0.46312509591842316,0.46341544902560466,,,0.4642669026909024,0.4642943545677605,,,,0.46369751531686365,,,0.463552700405949,,,0.4635678223154662,0.46319336648178777,0.4643305767906571,0.46414527157196267,0.46345354150737833,,,,0.46366968487425936,,0.4636481307882723,,0.4629043561159927,0.4634125190508416,0.4628807879777436,,,0.46298202923807436,0.46424349536490617,,0.4627740508383523,,0.4616304973212631,,,,,0.46310241042254624,,,,0.3779608057235772,,0.37613348032903693,0.7555109841310121,0.5646458532284887,,,0.75050743330214,0.5997110521294579,0.5989103980532755,0.5025780269826037,0.502443140164311
8,24,DG_48pct,96,Z18_F03,18,SLG_B,174947,181889,True,6494.320803938743,6315.753407542553,6321.300967432606,5470.2528155528435,5367.280982173693,648.0013610034001,74.53838366522972,1864.2081763397068,1637.972125685594,895.9227040802087,833.689321486505,279.26613411115073,5.065941138851697,56.468116386417876,184.1765685798059,279.0362234947692,5128.984971692847,511.52936454742917,317.58943299831054,280.29900926199844,,0.6657442972450257,0.6652041323414065,,,0.6642782972970735,0.6794272189181281,0.46459050780098526,,,0.5909424955299757,0.7506136507396532,0.7514712831667295,0.7473371611857214,,,,0.4993237071140277,,,0.46454167265904256,,,0.46218518711663903,0.46194983732378175,,0.45899497667671785,0.4607887562313343,,,,,,,,,,0.4305837584239117,0.4285122121316969,,,0.4131860899294589,,0.4124658241776487,0.4135721086794536,0.412916739733043,0.41375728858784866,,,0.4136205626759291,,,0.4128404220559576,,,,,,0.7519980511295304,,,0.7478747738838519,,0.7452837734631973,0.7459882501189484,0.7465320885951792,0.7449864245493224,,,0.744805302679462,,0.7468814502823262,,,,,,,0.7440560633104667,,,0.747083606575469,,0.7465867266666872,0.7465925527544142,,,0.35236777201379105,,0.36027776308806125,0.3617942526299002,0.36091963868401156,,,,0.8116132320144802,0.8088722920678643,0.812026689974473,,0.8116012736981078,0.8121187773548716,0.8105759791637354,,0.8083290014430317,,,,0.8093394690080048,0.8088704725698082,,,0.8092938863696107,0.8102413159142483,0.809078376472846,,0.8100167416897621,0.8089654581053192,0.806955512390921,0.8088868536095207,0.8064302677055805,0.8073942311837544,0.8084806167380604,,0.8104806532499926,,,0.8086273949662138,0.8103738579791578,0.8075087540733231,,,0.8097357895020589,0.807376396233084,,,0.8085528798224152,,0.8079772158396172,,,,,,,,,0.6363553940224955,0.6341423937932072,,0.6364066062195812,,0.6364231007513743,,0.635227873886318,0.6365403051121602,0.6351267018913295,0.6373060805519997,0.6360750016314093,0.6371884757653105,0.636670051857923,0.633373053646668,0.637667546376053,,,,,0.6352632282494716,0.6348364234818692,0.6380079883619462,0.6353721734233475,,0.6380307687250357,0.6346261039152974,0.6354971953545346,0.6354706188503059,0.6363051638434976,0.6340865420023687,,,,,0.6353981597448725,0.6352987690714521,0.01694906288075096,0.01699630752037293,0.017009926246226364,,,0.016969323032971634,,0.016971380929395263,0.016968120603844613,,0.016964239519102687,0.016959034466045735,0.01698718510697198,0.016980054339702243,,0.016923220343085875,0.016956777920622886,0.01699793098548497,,0.016952331532870357,,,0.016935480159895766,,0.016950300440424598,0.016983614424653053,0.016973466946241737,,,0.016945358319196982,,,,0.016939585276985428,0.016988941637993863,,,0.01695694375043355,,0.016956784661595798,0.017005091604507545,0.01700178749511546,0.01696210383768141,0.016951262873198626,0.01699121490618282,,,,,,,,0.01696663885737107,,,0.3258865759229568,,0.7842831783971337,0.3269553321246691,0.32692455261745346,0.32658916999297455,,0.3271597898836945,,,0.7980641655218274,,,,,,,0.7975698977339288,0.7977527732958541,,0.796520930529049,0.7961213199351774,0.7979023357566428,,0.7986879530791974,,,0.7964170699314066,,0.7975875501753269,,,0.7968368417280491,0.7948816508057989,0.7955146287852441,0.7948682455727631,0.795603370441064,,0.7947557559978802,,0.7957868959577468,0.79557154784455,,,,,,,0.7963802168688393,,,0.7956886593716174,,,,0.7939784762866591,,,,,,,,0.7951392137385056,0.7922472277919285,,0.7907368284542051,,0.7953924422316563,0.7939627130827343,0.7926292723204614,0.7943052935199002,,,,0.7934684697489923,0.7930263926016435,0.794788490614833,,0.796056450301764,,0.6112470638100587,,0.6112368109875793,0.6106891804749884,,,,0.6128782759084607,,,,,0.6132022040750383,0.6141051079992487,,,,,,0.6129199363233938,,,,0.6118084888021498,,,0.6120464041929381,,,0.6121310173088003,0.6131263712897985,,,,,0.6115584186180135,0.6115023866390044,0.6143146433099064,,0.6120420806345253,0.6119183167186563,0.6119379950674294,0.6140452729212902,0.6109644579324052,,0.6127350244178211,0.6137689000331692,,0.6123918527679192,0.6099994580828012,0.6115981644087805,0.6103676873045701,,,0.6127392794600364,0.6111176558218696,0.6109745860607596,0.6121735683158344,,,,,0.6127523705572135,,,0.6108771136316162,,,0.611863863248547,,,0.6118460534591954,0.6135438803398923,,0.610372067724157,0.612161355060892,,0.6109756819093339,,,0.6137529315839921,,,,,,0.34361948341296167,0.3434451125092293,0.3439162353761924,,,,,,,0.3468869453183334,0.34749034535134393,0.3481190779050543,,,,,0.24560595720820314,,,0.32709441823099217,,0.3217593760367735,,0.32380735876684724,0.31785895859799423,0.3177580712140018,0.3185619771260997,,0.2725685058459971,,,,0.6479138631181495,0.8211761280540231,,0.6587485620504474,,0.29530930637429736,,0.29603363904488533,0.29545597612037466,,,,,,0.3528427239109737,0.35236811222288844,0.35163780688366914,0.35382293744629634,0.352215105955204,0.3530395196927138,0.3534418080556837,,0.35161459624045116,,,0.3521551289490075,,0.3529066410368695,0.3523621150935949,0.3525998126452097,0.3541122015478485,,,0.6777874301202065,,,,,,0.8502676820900599,0.8513633423172029,0.8485020796150741,0.306190173838184,0.30722739612456634,0.30641706761381354,,0.6803381456791443,,0.6815528642267701,0.6813094201638862,,,0.3590976875953106,,0.36017532727085666,,,0.35952828016570704,,0.3591563528064119,,0.3588369068303907,0.359010335345804,0.35933153227133596,,0.3594954491128303,,,,,,,0.3590344646740722,0.35811444888746985,0.3592690075341198,,0.35923635949102195,,0.35943229430360485,,0.3595889122253088,0.3589296895757333,,,0.35898361023938363,0.35945712857991863,,0.35854638681221535,,,,,,0.35927760611455223,,0.3590944835398305,0.35953946825167826,0.3594553662903845,0.35810992087256877,0.35937502177257213,0.3595599977732523,0.35933410986946246,,,,,0.3599149291112587,0.35937773227581127,0.3593485360747771,0.35868795386754304,0.37219455518329553,,0.3708691544398435,0.37069571334814805,,0.3721246642052592,,0.37173367081013026,,0.3703622226567582,,0.37168696216814073,,0.8031415669524122,0.7995568465200886,0.7998853894413865,,0.799444997319205,,,,0.7979529276938543,,0.7994542761345428,0.8010311233340534,0.8020482067712272,,0.8005502127760247,0.801815792531552,,0.8011485320661003,,0.37139627466244735,0.37259253222979366,0.3732378692105476,0.3711397131375074,0.3713282031645797,0.3720858347468878,,,,0.6122513048161027,,,0.6107954705063479,,0.6100368759792391,0.609178952112498,0.6100923282406717,,,0.6104756288609349,0.6083860274583156,,,,,0.8012498904262239,0.8000451854375522,0.8010086030858089,,0.8004106463822619,0.8007709972019706,0.8005363078529788,0.8007945917465238,,0.7978164787497309,0.7970629637258291,0.6139793921216254,0.6125346838039941,,0.611850190611518,,,0.6106759776457559,0.37198767353134826,0.3725802363750287,,,0.37193143480442703,0.372198949471563,,0.3714425789085224,,,0.371852355029534,,,,,,0.3718156472879256,,0.371579193883284,0.37198511328093403,0.3727426412984158,,,,,,0.37193943979362165,,0.6138283876563825,,0.6124841710771413,,,0.6112703018157757,0.6111357542454047,0.6110828683512031,,,,,0.6107734259980204,0.6123510764253126,,,,0.6118912213561432,,,0.6097616383964938,,,0.6123281127046911,,0.3327620545894114,0.33388681840560797,,0.33343171448856324,0.3325685301026495,,,,0.4329199879289095,,,0.8378586186267347,0.4630026737688045,0.46319537228437246,0.4633059882367559,0.4615846466789258,,,,0.4642455099627433,,0.46483208859036595,,0.4643322563199176,0.4633790555439302,0.46229102877302064,,,,,0.46273669625095193,,0.46303924607368857,,0.4630504947571157,,0.46317719840450045,0.46179711639920773,0.46243694464804347,,0.4623478652502902,0.4639894892590311,,,0.4619668016573101,0.4634583666872172,,,0.46434946957850126,,0.46261321853454984,,0.4640088023237726,,,0.4657951387239142,0.4639001466336295,,,0.46372458127651167,0.46425437587020996,0.46404276547051887,0.4643229965914674,,,0.46413435011850057,0.46177477614113754,0.46247111497849447,0.4623836564552872,,,0.4625806641719016,0.4626730395740324,,0.46319421826297824,0.4627406011296398,,0.4618534370921474,0.4625337822326357,,,,,0.46422598776291213,0.46444916449113266,0.46287434207763,,,0.4617826183454412,0.4631869946547189,0.46347834664520726,,0.46366069591304043,0.4622400184584534,,,,0.46327538308516464,,0.46280813681626237,0.46389872238382235,0.46260714254723234,,0.46411701174786874,0.4622311774978871,,,0.4629316095224808,,0.46321162672901905,0.46186409149806523,,0.4630430303780683,,0.46255021858197826,,0.46366657497083774,,0.46528833678646697,0.4630975692061155,,0.46476880667627946,0.464162110528698,,,,,,,,0.4634312722011346,,,0.46369258967724586,0.46240238976624015,0.46398855353987756,,0.4636604421254503,0.46427195631426504,,,0.46295171282148423,0.46347822853807835,0.4638848698600826,,,0.463019140546211,0.46256298880395036,,,,,0.4640513081086356,,0.4645814674857575,,,,0.46197120152493554,0.46385892379134863,0.46184049424843093,,,,0.4627275601567843,0.46328571765104515,,,,0.4638781840550064,0.4630671043300047,,0.4632073535269127,0.4633774891858905,,0.4643551941494346,0.46215923130107683,,0.46356104451116276,0.46254418370972256,0.37675735820938144,,,0.7556068407783028,,0.5022328623557427,0.7503157619538308,0.7480415501555824,,,,0.5019658292012403
8,24,DG_48pct,96,Z18_F04,18,SLG_B,174951,181886,True,6529.151459256706,6345.62600467337,6301.007713213147,5473.167157717185,5389.88739705219,644.6856856082068,74.94089215065196,1873.5485477704133,1640.5464343565745,894.4119571265225,827.4965167708172,278.482587405421,5.047214609857063,56.44206637781966,184.96510705683806,279.82686403599183,5166.061179714725,515.0805888996288,321.2871211027072,280.47954376678564,0.6636961454055427,0.6641938636441843,0.6629711896099779,,,,,,0.4611779591944351,0.46162321929316075,,,0.7513703022573246,0.7521863309207301,,,,,,,0.4611592419356186,,,,0.45909551914150143,,,,,0.4603228667491802,,,0.4608805464291201,0.4603344336513543,0.4608092906455273,,0.4289862280534801,0.42754662707802804,,,,,,0.41069980055204974,,,0.41084622588386127,0.41172169561191735,,0.41194524909098773,,,0.4117269359539915,,,,,0.7456233770023275,,,0.4867158451105836,,,0.7439110280546632,0.7457987092855484,,,0.7470293026589329,,0.7452580516093021,,0.745986210366073,0.7467856134585273,,,0.7460689533623625,0.7471016949580248,,,,0.7454092427524877,,,0.7458153178769664,,0.34977483479825106,,,0.009237852078865405,,,,,0.3613356051502371,0.36264877205594576,,,,0.8086942085383079,,0.8098581157260024,,,0.8114709150025794,0.8095014405429377,0.8101862888889438,,,,0.8092832948244728,,0.8072721094592863,,0.8079206598533772,,0.8093806095426106,0.8094831665350032,0.811007220218991,,,,0.8082718302528827,0.8094057830247087,0.8090530472999076,,0.8063454896145258,0.806524846941389,0.8087837176383277,,0.8089607699967691,0.8073632768647522,0.8081943342348761,,,,,,,0.6362870073307167,,0.6379646177502732,,,0.6357585551637057,0.6354949638760828,,,0.6365022034952298,0.6372225129177136,,0.6358655965536844,,,0.6383343291633794,0.6362259461627229,,0.6361448805244401,,,,0.6377534247107434,,,,0.6356431608070608,,,0.6356505324572268,0.6352417547254248,0.6351393900205772,,0.6389289560044877,,0.6340121819171837,0.6354505948466167,,0.6350900006637834,,,,,0.633131127112368,,,0.009672874386454136,,0.009627081423510165,0.009669302117520503,0.00967183762488089,,0.00967644468273913,0.009668649606134954,,,0.009698937172778003,0.009659717110764252,,,,,,,,0.009681865898601547,0.00965334608095064,0.009667554988784473,,0.009669754927819853,,,0.00964244116325768,,0.009694381132219205,0.009649707786858567,0.009659487158025407,,,0.009660552519995846,0.009677786281599538,0.009639263484508765,,,0.009634418867111381,0.009663292667055746,0.009652142190786637,0.009672436236569652,0.009645998242544872,,,0.009665425807737493,,,0.009639080541527336,,,0.009644683289593059,0.3249965093184073,0.3255700243749711,0.32438577853914585,,,,,,,,0.32852612547530885,,0.7949304181342883,0.7925490750565368,0.794730308170316,0.7947882533601102,0.7947636686278601,0.7933736315833032,,0.7955711184597104,,0.7925133541152074,,,,,0.7940144863820207,0.7947138570427034,0.794542078850654,,,0.7939291756414325,0.7953167464642168,0.793735090889003,0.7938239382663324,,,0.7921177496271452,0.7918369882433429,,,0.793767200824133,0.7948044662153587,0.792659527107617,0.7942377327823027,,,,,0.7923057391709907,,,,0.7935094486044514,0.7926926438656737,,,,0.7933519374068776,,0.7906927314258685,0.7927750618691805,,0.7927017501619626,,,,,,0.7961662669425452,,,,,0.7911733038008067,,,0.7939111527023026,0.7934643283150425,,0.7961198113027385,0.7924020799257686,,,0.6112591382913137,,0.6135938979465666,0.6130734602551196,0.6129013357351861,,0.6133124401795038,0.6122555177490006,,,0.6144176224433725,0.6130650952111617,0.6128828164529463,,0.6134329401343982,,,,0.6127303035535682,0.6132814324093505,0.6129154680032021,0.6123307199146598,0.6109593825438954,0.609836957297655,,0.6119086400433763,0.6113768146110654,,0.6116753361648578,0.6124071434348465,0.6126649898979044,,,0.6141673021364392,,0.6153510145875085,,,,,0.613597611706495,0.6150419470875265,,,0.6130219878357588,0.6140977532204478,0.6132760090336788,,,0.6129293161545981,0.6120165027184538,,0.6132180533275587,,0.6132842164683784,0.613664864161123,0.6116811771023704,0.6125818986117647,0.6122992885532781,0.6129276363805712,,,0.6152344472229824,0.6136938317047083,0.6137447670493155,0.6130321473369458,,0.6121339240856343,0.6126632541258008,,0.6117665674591269,,0.6135095576834939,0.6140516206653852,0.612888323146423,0.6131620315546026,,0.6149317191560245,0.6126897734683727,,0.6143586081727336,0.61389586427272,0.6150375810476414,0.6148086805477636,0.6150646743073309,0.339365885183125,,,0.3396528598021929,0.7955446776941106,0.7963002030506434,0.7967058349664285,,0.7976056037447088,0.34651437366964477,,,0.3471254980703758,0.346340677570895,,0.7853241040708555,0.24133357521548848,,0.32824588876102,0.32803029567241854,,0.3235341293337577,0.32341532974231113,,,,,0.7900409149896912,,0.6301153794791889,0.8139598719558918,,0.6514865628173472,,0.2864976347693127,,0.2910689988303365,,0.2901827511917974,,,,0.29027664776058326,,0.2947813096490027,,0.353276258929516,,,0.3536252255051602,,0.35360699568794784,,0.3535483680821363,,0.35405322995484356,,,0.35331960597331763,0.35440444951817623,,,0.3543864689398932,,,,0.6796340062009112,,0.6783818538844061,,0.8479058324150498,,,0.8461616648941543,0.3007014416609119,0.30164695289090343,,,,0.6816487143683745,,0.6837417312700571,0.35918165030043947,0.36056416960582366,,0.3604972891760068,0.35963961139729156,,,0.3606314884934161,,,0.36078803838097323,0.3600270045164088,0.3604385733583486,0.3598120557431536,,0.3606539155993091,0.3605109587353313,0.3614411029896308,,,,0.3613803712699243,0.3603490428424019,0.3610421858678367,,,,0.3604420360404511,,0.361013900764983,,0.36012499287708705,,,0.35923115967636954,,,,0.3600245521854013,,0.3604439393400101,0.359953428361512,0.36054988384399167,,,0.36031701466235616,,0.3592610378401978,0.35975582477061085,,,,,,,0.36073183124596364,0.3596944765695206,0.36006419118725974,0.36034536957042634,0.36045722003551944,,,0.3662130676383848,,,0.3667786924166663,,0.3669053866656949,,,0.3682722241538989,0.36750576008153685,,0.8010142752844358,,,,,,,0.7988486570493966,,0.798257506041554,,,0.7961111304996871,0.7981983214105377,0.7952750633258001,,0.7989319238541476,,0.3677546849994784,,,,0.36761328602700655,0.3690198194714194,0.3675998377866374,0.36765766013537815,0.6100906176341787,,0.6092500206372568,0.6132218430477377,0.6127873708528099,,,0.6092595883204276,,,0.6102243090376036,,,0.6112266094244222,,0.7952647816227033,0.7989418628046526,0.7984391614443148,0.7988297982265656,,0.7996463334835633,0.7997457456605938,0.7991401072569029,,0.7993951421494665,0.800618622655738,0.7876396908718144,0.7968128956730113,,,0.6110530167723623,,0.6124123188646382,0.6104815956273041,,,0.3670803940146734,0.3677260860427587,,0.36833793331982534,,,,,,0.36697417562851953,,0.3669562709982958,,,,,0.36695649033864525,0.3668899425959274,,0.36678425995962755,,0.36729012523233845,0.36755616968332117,,,,0.3677592554225377,,,,,,0.6139076991308299,,,,0.6130733776453364,0.6110283900561138,0.6112944964794259,0.612667545133425,0.6098643605934766,0.6129183022226746,,0.6129128197444981,0.6145708088559783,0.6133965826135335,,,0.6129307734534362,0.6120271826530224,0.612777026235856,,,0.33545468731165906,0.3335796009559438,0.33440448899210906,,0.33378857437637427,,0.5641808209294978,,0.43120336025115624,0.43059648362495045,0.43152928937145724,,,0.4604307035703166,0.46042795348898596,,0.4602025369848194,,,,0.46114774317975965,0.46059399423938296,,,,,,,0.4610929231462697,0.460247332935766,,0.461680006048705,0.4617020352386729,0.4613461097263974,0.459929920657328,0.4610502949293229,,0.46003616773797856,,,,,0.461522605958966,,0.46132551075970213,,,0.46175286736223425,,0.45988903733884595,0.46030943303901595,0.46234854465564074,,0.46065695748835983,,,0.4607307806811054,0.4626298374293903,0.4614972037730861,0.4598831215656699,,0.46094672645151313,0.4621556603480711,0.46100626542922285,,,,,0.4620289210917748,0.4619585714719911,,,,0.4618774301443102,,,0.4607379709118886,0.4613274412645871,,0.46158740400180476,,,0.4610163122061177,,,0.4616047786757,,,,,,0.46088695535681506,,,0.46206433525908636,,0.4601929455416508,,,0.4617728885345658,,0.4601563357138338,0.46118189387284114,,,,,,,,0.46089085922183304,0.4611340049124239,,0.4602284169127839,,0.46008647474824366,0.4612758604870396,,0.4614857840281726,,,,0.46098860996459406,0.46005427953055006,0.4616702555362913,0.46116743928491705,,0.4606138835487481,,0.4613585927294265,,0.4603290653596136,,,0.4620395550634528,0.4617447932996087,0.46117479781044884,0.4617407213722298,,,0.46134492680966444,0.4620996046648172,0.4607156874092791,0.461240592343645,0.46063188742515004,0.4602281171957879,,0.46042306132888067,0.4600917010259857,,,,,0.46162142707796455,,,0.4623638032451465,,,,,,,,0.46131157399497463,,0.4602986864968327,,0.460128542015573,0.4597627627709618,,0.46004245652903686,,0.4612615643955489,0.4602236680557328,,0.4604336948512804,,,,,0.37447952067395324,0.3748012527539045,,,,0.7496597459468037,0.748211272169154,,0.5973094561685345,0.5012493810774868,0.5010983651492911
8,24,DG_48pct,96,Z18_F05,18,LL_AB,174952,181886,True,4889.94635865369,4894.588564625392,4902.941452263784,4874.281945569287,4881.065937177172,410.2855600091604,52.85208600446594,1163.4280085851237,1036.1275075288684,556.2717452449294,517.2439021215044,168.83894434008974,2.6959218702368353,53.258929886957304,173.0479009886103,175.83065731441317,5695.872089340499,485.76087794725464,214.88027983901466,174.67327080371382,,,,,0.6928128231219889,,,0.5349756557835997,,0.5332782178593627,0.5003203990262415,,0.6536644730596108,0.6545785682984842,0.5061186227113442,,0.5075289452304538,,,,0.5341635705402794,,0.5356846142009407,0.5336676578350283,0.5342579205019542,,,0.5266002903636027,,0.5347223895855763,0.5341821533111611,,0.5339937227599375,0.5352659739058715,,0.6299842322410386,0.5047149534331159,,0.5039809962642051,0.4963024298509881,,,0.49720141240033944,,0.49801964319612285,0.4977163022319185,,,0.49837062070015603,0.4973741989254404,,0.4975011256368013,0.497277321419945,0.49665599628290846,,,0.4975533171194109,,,0.4406542592235092,0.6019694541477462,,0.5918793327550043,0.590225347211649,0.592276293223944,,0.5928860711364643,,,,,0.5926384157986319,0.593121691066229,0.5903144835634113,0.5913420817709932,,0.5907121061674406,,0.5900213083396401,0.5910605611241229,0.5913413549206018,,,0.5923046526536834,0.5922911978958733,,,0.4465445265994318,0.01193670404896157,6.602856927180686e-05,,6.618386503136528e-05,6.657660795371483e-05,6.647094681731432e-05,6.65644706388466e-05,0.012574989827799662,,,0.012557025241792773,,0.01259457625216338,,,0.012595667177068542,,,,,0.012585813307870326,,,,0.012554529646397639,0.012603329637763807,0.012537085063755322,,0.012593984103489657,,,,0.012588549531063144,,0.012583988016914247,,,0.012560065147223617,0.012565904733664241,0.012586409737257116,,,0.012566810696129964,0.012568148131234634,0.01254640622259806,0.012560561517575019,,0.012558282335455133,,,,0.5928003990267919,,,,0.5918708415356794,,0.5910216678624142,0.5930107294910743,,0.5927213041512319,0.5914599036809456,,0.5925061568772343,,0.5918426565343974,0.5916652796217663,0.5922577409774975,,,,0.5910732147027005,,,,0.5919223825734256,0.592367537534112,,0.5900764896285867,0.5919634581643465,0.5934271648132693,0.5917394152868661,,0.593025723859212,,0.5919167971725456,,0.5909677221328973,,,0.5908446585558708,0.5924136123990901,,0.5904644096378114,0.5920719154236707,0.012489525481113378,,,,0.01246727527755286,,,,0.012448118987611447,,,,0.012467289070680013,0.012514261232736305,,0.012483684976993733,0.012500841247662833,,0.012465203289062012,,0.012450105237596754,,,0.012478695621064708,,,,0.012440848407240999,,,0.012460591741513375,0.012460914573912022,,0.012485035596063664,,,,0.012471791532857551,,,0.012481382179607982,,,,0.012486499640150908,,,,0.012465880471332152,,,,0.01246917096980975,0.19025410604698278,0.19046413626361308,0.18982321573507027,0.32708877238885586,0.2731272822836274,0.15504251495194077,,,0.15472152069581846,,0.15511689522019917,,0.3591075706863153,,,0.35845602041097546,0.3581807386450886,0.35785615190983666,0.3578739017502862,0.35828080801636064,0.3578074314688493,0.3583912044708899,,0.35856112686309505,,,,,0.3570844844316702,0.3579675089270614,,,0.3589242661823439,0.3582673930150909,,0.3578837602660988,,0.35794925691800805,0.35751290156320814,0.35794485675815463,0.3580515119683033,0.357475874419212,,0.3581779880885343,0.35812854792372006,,0.35770063736290447,,0.356273224355827,0.35856249500102805,0.35857147954639823,,,,0.33720664862389155,0.33678638617063045,0.3370962519572476,,,0.33777166760302885,0.33733881912749075,,,0.3363716383566153,,0.33799872403338016,,,,,0.3381095677337257,0.33788474648833017,,,0.33716689112798615,,,0.3366394315831257,0.3366241188576534,,,,0.33813119578338763,0.5487315158139947,,0.5504232040432285,,0.5486358066038698,0.5477147037008903,0.5511078916812941,0.5515895905100989,0.5516385969223899,0.5502012427731405,0.5506142553691826,0.5451222560422444,,0.5461279989260326,0.5444951346313807,,,0.5443290920564655,0.5448981758195381,,,0.5456483800348917,,,0.5432533046145696,0.5448795098752152,0.5486990193514009,,0.5495688611328404,0.5486567973877614,,0.5509306394287296,0.5495983898590121,0.5499989163538036,,0.5488356161327378,,,0.5501923131539211,,,0.5494608258826839,,,0.5500240658876813,,0.5496653921451726,0.5497702504137232,0.5501375789121885,0.5488855715111894,0.5501963617701007,,0.5512054170891233,0.5501287753072008,0.5497020489502923,,0.5494412480334773,,0.5453317957451156,0.5446436308074981,0.5451079486167855,,0.5437668484368317,0.5464767030996979,0.5463498651071409,,,,0.5437151787875076,,0.5452410388711616,,0.5459326614732265,0.5434452259473186,0.545672637874013,,,0.5455209974453565,0.5461212989390825,0.5459527532744889,0.5446544944045979,,,0.5460537677410762,,0.5451697314115861,0.2612169600739689,,0.2611302908670947,0.2607884838497718,0.3722775708564066,0.3728674308159602,,,,,,0.24276961103563563,0.24318024538161362,,,,0.17668190311757517,0.5279629847905916,0.15555700964087235,0.1555295721306434,0.15554076513072723,0.15210390787047254,,,,0.14838628486362201,,0.31309688035524225,,,,,,,0.21237729271785516,0.5194964401359126,,0.21623997124002728,0.21636858193955316,0.2161508570499055,,0.34066642925557156,0.21585829934421746,0.520816253942071,0.21851145338516548,,0.16713764266646394,0.16725326767396786,,0.1672936105319005,0.16748192106355025,0.16739386941367368,0.1675836804486898,0.16727545476981165,0.1675892881999065,0.1674990566676071,,0.1675443995782599,0.16766237202850406,,0.16773246719864165,,,0.16672666098304167,0.5284865809785136,,0.5273570752739373,0.5286539288481934,,0.5247575534401568,,,0.3550837072578255,0.3539177120681844,,0.2240881344168488,,0.22453106864157601,0.5282848046824413,,0.5287996330041744,,,,,,0.17036022594133962,,0.17048614315767852,0.17085427903210038,0.17047955804655263,0.1703409091733411,,0.1706119846565411,,0.17030806120742603,,0.1704867336989762,,,,0.1703480320692617,,,,0.17077195648179477,,0.1708755576551794,,,,0.17059017246739666,,,0.17090602073438774,,,,0.1705889560948818,,,,0.17048068691581966,,,0.17036965323287603,,,,0.17044535600898728,,,,,,,0.1699540054717593,,0.1705831705651809,0.17082706276236936,,,,0.28885085170900576,0.28835153895609206,,,,,0.2877679371213121,,0.28881486247872024,,,0.40206516320679664,,,,,,0.40243410708736077,,,,0.4011929768110801,0.40245958087297384,,,0.40191000181083214,,,0.40155115052852886,,,0.2890229359011465,0.28968474286432566,0.2879033816271498,,,0.2885383964281342,0.28863247794206875,,0.5657656344320863,0.5652622303082807,0.5647871139769483,0.5644033565630221,,,,0.5646606590875548,,0.5639319934237029,,0.566279385667678,,0.4010886779608414,0.4010662425883948,,,0.40268757548794004,,,,0.4024395217620945,0.4019087165962292,0.4030557574328598,,,,,,,0.5645355774066858,,0.5647676442666947,0.5652870712484659,0.5645240130025027,0.2892238272010898,,0.28925641629404697,0.28872876029064637,,,0.2885955946526114,0.28871874133996844,0.289109235359121,,0.2881906665780455,0.28877289123559724,0.28840587909359006,,0.28874601269809125,,,,,0.2882758829218118,0.28891036383365093,0.28864827236893914,0.28837674430937393,,,0.2893440568117693,0.28816937501315526,,,,0.5638925304975266,0.5642667451279526,,,,,,0.5644934998412086,,,,0.5645741570777567,0.5666384536930869,,,0.5643935891113114,,,,,,,,,,,0.15836572470973556,,0.15841910096956446,,,0.5121723910531887,0.5115550943592826,,,0.5374696733589316,,,,0.5364136324729869,,,0.5367967903722225,0.5369718637954131,0.5365559085443043,0.5353295099410706,0.5372767681529197,,,0.5370635155612669,0.5354930896802408,,,,0.5381435154277695,0.5380471980655145,,0.5351304282101272,0.5352335484798413,0.5354141943156819,0.536219879097578,,,0.5367407013341665,,,0.5360483243065358,0.5368429628577105,,,0.5369480506641781,0.5370414835041729,0.5367025835728331,0.5361692656889072,0.5370030891833483,0.5368446976696474,0.5373473904301005,,0.535953197992668,0.5367531880291282,0.5380659777422596,0.5350015766857243,0.5372955906867339,,0.5364493673799996,0.5358104650232165,0.535945740372625,,0.5365881784718726,,,0.5370162885242695,0.5356643758746286,0.5357048063089559,0.5353200660591247,0.5368172072220417,0.5362082324193274,0.5356151626246017,0.5370499831329054,,,0.5358831417448592,0.5359530619998347,0.5369325575518273,0.5368719741639603,,,0.5359221901035413,0.534772621126482,,,,,,0.5364017602308893,,,,,0.5362809634929441,0.5357118920790801,,,,0.53534111774034,0.536361491647483,0.5352888680957888,,0.5358010390460871,,0.537014847209666,,,,0.5356085360042959,0.5368036322446132,,0.5377761038339092,,,0.5366049054001102,,,0.5376135896393268,,0.5367534545340095,,0.5353176799223741,0.5367293540684005,,,0.5355561211564536,0.535685545295583,0.5366018147718352,0.5364352487950995,0.5366982501946144,,0.5365710463864654,,0.5363126546028836,0.5370339624984303,0.5381407995188144,,0.5347952298618301,,0.5367555737717593,,0.5367254705662924,0.5357842046805252,,,,0.5375241288639506,0.5367014277571388,,,,0.5364881577170473,,0.5366423069484049,0.5350481660535287,,,,0.5348984329596964,,,0.5374722336655753,,,0.53667064867313,,,0.5360443869806978,0.5345492637533499,0.5348965402550245,0.5362747980219938,0.5374025672835084,,,0.5350379064075328,,,0.46178612470546704,0.46221433730448774,0.4617258564111396,,0.46628435570829463,0.6170888424453363,,0.6560704427953812,0.5059506423483492,,,0.6327952384797051
8,24,DG_48pct,96,Z18_F06,18,LL_AB,174950,181884,True,4924.809179977823,4927.408530739825,4900.213689247808,4940.908590487525,4877.600405830182,411.7209338833104,52.70783622843491,1160.636141021873,1026.8645160898498,549.966217466959,506.80345614891564,166.5573242053288,2.6754705799317997,52.44820983909714,172.33047516781403,176.57115070115051,5759.3576252200955,477.3142865421175,217.25708511253202,173.63488136826626,,,,0.7740483122069978,,0.755791245674234,,0.5319886532917325,0.5334376727977546,,,0.6496871925136725,,0.6484519898971244,,0.5039266839632759,0.5036017897056296,,0.6289901694158645,0.6304486553542923,0.532307111553168,,,,,0.5325448204731793,0.5245082027469754,,0.5268276898655124,,,,,,,,0.5025125946215255,0.5026256881153254,0.5021272696560776,0.49490234601079297,0.49366876783665553,,0.4960549868039243,,0.49531687052305606,0.49500418385943834,,,0.4951147427374792,,0.4965653438055643,,0.4949877773393248,,0.4962670905323457,0.4946545528811666,,0.593838230083641,,0.43677368921584986,,0.5821569154020085,0.5846971032128455,0.5837307512022175,0.5837363123539764,0.5843671017364784,0.5846863786101567,0.5826899253313168,,,,,,,0.5864472245092667,,0.5850379231287015,0.5855314867484503,0.5863580583185968,,0.5857405696593253,0.585238581445812,0.583573627599567,0.5836448169390667,0.5851759843122902,0.44410259814385833,,,,,6.634735986275027e-05,6.654201081465866e-05,,6.699132307397523e-05,6.715004104840565e-05,,,,0.015754759637453267,,0.01582382523659512,0.015781756932185927,0.015843062913313194,,,0.01578654733578291,,,0.01577232895498781,,,0.015782675117807426,,,0.015781703823338007,,0.015814618657701042,,,0.015779418197054904,0.015778020724459572,,,0.015768629301022803,,,,,,,,,,0.015770126368023923,0.015732114192803296,0.015813354479383517,,0.015733091443761203,,,0.5830385137501195,0.584996940619588,,0.5827635764083173,0.5841656727515869,,,,,0.584280288600515,0.5845551518745773,,0.5832844575550454,0.5810290387231103,0.5833314302524593,0.5855307959547876,,,0.5818630048616166,0.5851738132455717,,,,0.5833699022819017,0.5818902089447132,0.583596817056931,,,,0.5827558266226197,,,0.5833628993965893,,,0.5827734949466422,0.5841701274860784,,0.5833358920494801,,,0.5817783470315707,,0.01569519384398664,0.01565230119878549,0.015666991659433235,,,,,0.015722224761835164,0.015713643057813358,,0.015692204555164395,,0.01566988161544591,0.015717526656618044,,0.01564935503801466,0.015755006145556572,0.015704845651311326,,0.015659946969562456,,,,,0.015664670447555644,0.015713279902086198,0.015655602931934354,0.015652999009820496,0.015678749178148987,0.015646450098123637,,0.01564527590653179,0.01565299911059812,0.015651753194878503,0.015705364203320648,,,0.01566457055679314,,,,0.01571951271020757,0.015680235043441588,0.01566600484011569,,,,,,0.015680737688863206,,,,0.18156493901781431,,0.1815278045457137,0.315968664846626,0.26035925279362643,,,0.14613442932579299,,,0.14580561302537984,,0.34700960479165405,0.34642365830255156,0.34600453037215695,0.3477054084963251,,0.3475965272738158,0.34626910970676017,0.3477178404711673,,0.346442004217241,,,0.34710749738019525,,,0.3476091887911543,,0.3468832379406068,,,,0.3465066313804241,,,0.3470663430705318,0.3473169068688831,0.34730080537983227,0.34694469520753274,,,0.34651938773224966,0.3460857815149074,,0.3467832616727432,0.34824178732683775,,0.3465230688890068,,,0.32530223668183234,0.32474078377023663,,,,0.3242749272227735,0.32568525785569513,,,,,0.3266413125034167,0.3263505415763542,,,0.3261346158064852,0.32627801188682176,,,,,,,,,0.3257922626782671,,0.32549881431824784,,0.3247013771654414,0.3251536301384935,0.32433323113468443,,0.5451351053363306,0.5448833004187084,0.5450304736774979,,,,,0.5442699172958113,,,0.5390838274173265,0.5386142892867446,0.5393574396045542,,,,,,,0.5414459881880205,0.5391827120876417,0.5403254614960808,,0.5366114070023108,,,,,0.5444753540923021,0.5445330032218881,,0.5436122173375636,,,,0.5432268355066384,0.5450288533071727,,,0.5453084407826523,,0.5447907797210021,,,0.5445489699557953,0.5447901508075851,0.5448518430322246,,,,,0.5452900078400991,,,,0.546123667855507,0.540887408825959,,,,0.5378246301621915,0.5376196327663048,,0.5405696141670431,,,0.539491584075581,,,,,0.5396426592749664,0.54093564250691,0.5402994809244419,,,,0.5403860341230655,0.5390023780448548,0.5401424197168522,0.5392619261192375,,,,,0.2585961744277846,,0.25703661877386774,,,0.3630665564210597,0.36188188011068345,,0.3623776586248497,0.2337662960071778,0.235430581953996,0.23418153984564213,,0.23480073480552482,0.23494340371636233,0.264594226686688,,,0.14628714930646491,0.14579432501005657,,0.14288729165365732,,,,,0.13921446822147165,,0.19484809167693265,,0.3185580224123316,,0.5080006343651853,0.3240022321653229,,0.5102253190540657,,0.2147543922248487,0.2147642071235263,,0.21505225494517102,,0.21486862622889152,,,,0.15730878457638267,0.15722360632981733,0.15691288375848553,0.15708605100312995,0.15724727032367491,0.1574585992790724,,0.1576627069971745,,,0.1576174345617908,0.15751413536746403,0.15733285817518194,,,,,,,,0.5209920960355996,,0.5189224057954167,,0.3412059278286803,0.341724455704611,,0.3410951983416506,,,,0.22409708437580797,,0.5211165392800212,0.5219845137011754,0.5224303682875584,,0.16003319498926794,,,,0.16047759634332945,0.16074530517475594,,0.16053784333255638,,0.1606335324227816,,0.15973022395917605,,,0.16035429339903431,0.16055230241145194,0.16031753514373953,0.16002629179702055,,0.16067785884591468,,,0.16038998986716743,,,,0.16046777953860225,,0.1609519173700128,0.1601087920243683,0.1599552654828106,,0.16032954893673748,,0.1600973450443207,,0.1604328288410823,,0.16091918616111217,,,,,,0.16034924007367773,0.16055685072072015,,,,0.16029159560793985,,,,,0.16039980533521245,,0.1603687254935006,0.15999267285100532,,0.2848718410234737,0.2843344388231948,0.2841865251145457,0.28411882279891626,0.28503204238574537,0.2850524937254548,,,0.2846478703679207,,,,,,,0.39189931680371615,,0.3917521249201152,,0.3912122631434573,0.3918043590693521,,0.3915452144764744,0.39217998045047164,0.3911349426800163,0.39158494649789344,0.39036273575362,,0.39200593397555017,0.39218352859606354,0.3910766557108722,,,0.28547698615031397,0.2847716607657757,,,,0.28451932585029976,0.5602383074482832,,0.5591327551655481,,0.5600758067597389,,0.5594859146532954,,,0.5590385797947978,,0.5603070800280516,,0.5592614755806712,0.3911979151163072,0.3906045704243601,,0.3910258438209373,0.3918378394234477,,,0.3924071834230768,,0.39095597774051366,,,,0.3905076757407868,,0.5604720966055287,0.5606698381211395,,,,,,,0.2855066894313605,0.2843868684900381,,,0.2842619125233293,0.28515331983878767,0.2847218769917754,,,0.2854946653386176,,,0.28548566602395287,,0.2855610176356348,,,,,,,0.2845678299054148,0.28518845462564396,,,,0.561321691061192,0.5603555318667918,0.5612588713321309,,0.5588671801738135,0.5600000477859948,0.5616311333612527,0.5594723277695787,,,,0.556676778651708,0.5600301911327871,,0.5608297676286864,,0.5600160758690506,,,0.5606502985174242,,0.5604602142126188,,0.5597889228068217,,,0.14890750699214128,0.1490094805857823,0.1485877170147262,0.14862863705419266,0.14865442032253062,,0.46562030466266047,,,0.5093325698883311,,0.3365693748171316,0.5347864448760742,,,,0.5335355285504886,0.5353231736696713,,0.5345969715647786,,0.5334864824944939,0.5338042264006684,,0.5353936763162725,0.5346743447753032,0.5352407379656974,,0.5341119861834678,,0.5354803523422181,,,0.535582644967059,,,,,,,,,0.533982888539087,0.5351541878007645,,0.5348563432900459,,,0.5356617004695466,0.5333668241773294,0.5342626697071657,0.53427891081108,,,0.5339602473961995,0.5345575347602389,,0.5349793255479173,,,,,,0.5352816494150384,0.5336774505833842,0.5340972571278533,,0.5354757672270897,,,,,0.534751081671827,0.5339692109981117,,,0.5341252059936835,,,0.533866403967028,,,,,,0.5350280839211751,0.534949311289895,,0.5358521049375443,0.5344824452316421,,,0.5342366794253431,,0.5336266387145989,,,,,,,0.5342479318683022,,0.534094000906037,0.5344335585027464,0.5350544823406772,0.5345909569466586,,,,0.5355636191309294,,0.5357066403429043,0.5346512930415775,,0.5333626733074162,,0.535892450709568,,,0.5347657731787963,,0.5336800413134222,,,0.5351131320338474,0.5330741938648299,,,0.533404145886497,0.5327195683217198,,,0.534638961865061,0.5347888473294706,,0.5347473778246198,0.5352558295777433,0.5341908664608656,0.5344837970328613,0.536319945704579,0.5355849557428506,0.5340221991394453,,0.5348353938927407,,0.5345427318975222,,0.5334209440419067,0.5349510906485446,,,,,,0.5344587795437774,0.5347001329552966,,,,,0.5348592908023864,,,,,,,0.535327832956741,0.5347603638014237,0.5340414470733684,0.5351358785899316,,0.5342639628658341,,0.5348151111201804,,,0.5327798928084594,,0.46020569682641,,,0.6142617191814239,,0.6130788189878563,0.649391407689598,0.6507964889730591,,0.5031966884898244,0.6292579525375377,
8,24,DG_48pct,96,Z18_F07,18,LL_AB,174956,181890,True,4880.466596242368,4883.1283958736485,4862.27049164341,4854.162210334168,4863.1465999238635,405.3986743230992,52.303306805757806,1184.2177773040091,1054.1292262362283,565.9828363238687,521.6848932426594,171.77834689325528,2.778920892297266,53.55240437488539,174.04914588486486,175.63885957922042,5629.020677326501,474.9769589476349,214.64019484360594,176.43156219904938,0.7039562481325259,0.705896680245644,,,,0.7575796295500908,0.6110208060933111,,,,,0.6579989011415787,,0.6602322038849682,0.5076945765429044,,,,0.6344145172777473,0.6353088161199435,0.535086149355862,0.535437756193885,0.5353333765955239,0.5350166445958131,,0.5346699087872646,,,,0.535904914143806,,,0.5357892977376585,0.5361005095113387,,0.6325066290514727,,,0.5061297156911037,0.4978832338429419,0.4979722659652343,0.4984532724951936,0.49887503169057595,0.49903710511748534,0.4996105992179574,,0.500034204643199,,,0.4982708422928468,0.5000693294774614,,,0.4995364918017468,0.5000454887363665,,,0.603202125385488,0.6049213197889393,0.4435478640944383,0.6037031308291556,0.5969768908201221,,,,,0.5959646745741588,0.5969808083621008,,0.5975443633795555,0.5958920208206003,,0.5973349753280427,0.5969586781665092,0.5947637668052808,,0.59578652817976,0.5957175785312562,,0.5958722874138549,,0.5969744186571604,0.5957267913588761,,0.5956830437114753,0.44813583677467445,0.44671481594524676,,0.01906760178074929,6.596760349732696e-05,,,0.007037163028278272,,,0.025027945679031365,0.025093496753224875,,,0.02502689296514837,,,,0.024979097963531854,,,,,0.025061179781692745,,0.0251476147633171,,,,,0.024916865706380097,,,0.02502676471501846,,0.02498402220460324,,0.02496591857879956,0.02511554276043606,0.025021874350229855,0.025027144210501985,0.02509786859456911,,0.025028297205921222,,0.025012753525329258,0.024942109283682387,,,0.02503392717293977,0.024907744322195283,0.02498087105320583,0.02498304668815929,,0.5972500856753643,,0.5963854648598639,,0.596950511092988,0.5958135530102097,,,,0.5969516825037383,,,,0.5971506292358377,0.5957588197520077,0.5972643388429367,0.5962045606617299,0.5961686920756527,0.596315514842446,0.5961729039812783,,,,,0.5976070332241405,0.5966406336702718,0.5949316943274777,0.5958293728973354,0.5970889473724064,,0.5963518361004035,0.5956207036078371,,0.5955619199024529,0.596833460545085,0.5936714329528696,0.5955714077691877,0.5951739286865604,,0.5973978326703181,0.5952542761730895,,,0.5965806031829125,0.019626116175074235,0.019562652173677857,0.019571532090961845,,0.019612672849680827,,0.019554726246310654,0.0195731282216903,,,,,0.01954970640796227,0.019556339218398177,,0.019621785742825748,,0.019628875255207033,,0.01964996232796481,,,0.019542021415828253,,0.01956243350498658,,0.01956464064539772,,0.019567992391106636,,0.019526687578785666,,0.019571273821713836,0.019585573170343436,0.019511784982689476,0.019600686627231252,0.019582905735938346,,,,0.019528219357331074,0.0195575065797201,0.019596697618914555,0.019614196490248575,,,,0.01961440245795902,0.01959764051163778,,,,,,0.19568236973294642,,,0.28274130243171125,,0.161472160461633,0.1611372509367619,,,0.16160305125114136,,,0.36636761923751116,0.36712059179643863,0.3661952240233004,0.3666920318442636,,,,0.365767305736082,,0.36613016753478866,,0.3657387922473243,,,,0.36717274648037,0.36571151483224834,0.3667223888777135,0.3653175397114929,,,0.36673602284905715,,0.3671089988140536,,,,,,0.365415850794934,0.36641199533201374,0.3660392509808037,0.3666742070903016,0.36646769992573414,0.36688232411983257,,0.36650421953893175,0.3659491601937546,,,0.34596062084069584,0.3457950791492855,0.3451514384481224,0.34616239135660476,0.3449908504184617,,0.34587577927164437,0.345863111649628,0.34646613826223993,0.3460145524798569,0.34560428223377504,0.34616899016137115,0.34684288511858224,0.3456449744042624,0.34676888165565173,0.34615914874094245,0.3463356540472569,0.3460814347987732,,,,0.34588073223466276,,0.34557812847939834,,0.3453829984534688,,0.3452239554150615,0.34546852698093905,0.34514350538050415,0.5573935991099268,,,,,0.555356561243451,,0.5562964519704622,,0.5553522805305976,,0.5518754111338994,,,0.5505548516801406,,,0.549790968792897,,,,0.5487780590809226,0.5502792850073588,,,,,0.5561014565341403,0.5549274895738707,0.5558282324871451,0.5568024902681717,0.556215160517694,,,0.5553940631940977,,,,,,,0.5571035166552323,,,0.5565267281053947,,,,0.5562058058843149,0.556436346038518,,,,,,,0.5564765275214186,,,0.5521914495283445,,,,,,0.5523818762737719,,,,0.5514522623890707,,,0.5526746023168106,,,,,,,0.5509635705051149,0.5520719101609812,,,,,,0.26519065546430676,0.26432201656958026,0.2639323233384944,0.26410687639825764,,0.3820115491523303,0.38286102807491623,,0.3816505912554069,0.24849416668519636,,,,0.2484575872769464,,0.28642411731226436,,0.5380004347166186,,0.1615247626525656,,0.15785771800590298,0.15776251187670012,0.15750287147370556,0.15397389751919646,0.15402675075563926,0.15342435179002029,,0.19897463465058193,,,,,,,0.5262132536308991,,,0.21909992201728448,0.2194696044923736,,0.35070862776718037,,0.5285461693404092,0.2219403088113929,,,,,,0.17351739952850107,0.17380935047352802,0.17353068157882726,,,,0.17406007915576532,0.1740327923331252,,,,0.17354349240993028,0.17403621867318536,,,0.5388409465657467,0.5367392549887436,0.5361444629028121,,,,0.36487349344156783,,,0.22731739347006938,,0.22792753573230773,0.22756685474399016,0.5368444943920164,0.5361775200682299,0.5392286458195761,0.5388211979874064,0.17749690790181744,0.17732751603123306,0.17696774603598117,,0.17685016174549656,,,0.176887343189247,,0.17711422756984796,,0.17737705930704192,,0.17757604888440212,,,0.17769151915360426,0.17725466060436454,0.17729871214379583,0.17719363661291113,0.1768983447331742,0.17754765853381926,0.17796199229408977,,,0.1772470427993037,,0.17665654322661387,0.17740599180293476,0.17647730902621966,0.17722740023280825,0.17690690001120898,,0.17720817279806722,,,,,0.17744138875998136,0.17708337357865553,0.17710659180586738,0.17696042121041075,0.17709866155679227,,0.17687747534051354,,0.17669051768840008,0.17677697243242196,,0.17750419647536606,0.17715351001349403,,,,0.1773713572028847,0.1769502277763576,,,0.1769426471969147,,,0.2921000052702455,,0.2904577005028304,0.291793378261379,,,,0.2909822111848249,,,,0.40953410876139734,,0.41044077467762097,0.40948860056638575,0.40986698138039873,0.4089642361962771,,,,,,0.40950999355572243,0.40956743611169183,,,,,0.4099964555658679,0.4103204782401393,,,0.2918885595010358,0.2915032799976488,0.2915990982378339,,,0.2914900057232674,,,,0.5714780765527916,0.5707948374713329,0.5698093243035333,0.5706203381973989,,0.5715194540190999,,0.5706378997190866,0.5704662469778101,,0.5699044678686163,,,,,0.4090660944524635,0.4089626493546723,,,,0.4118665114549042,,,,0.40842112370313804,0.4100356929586119,0.5712665691614146,0.5725075094719373,0.5715973455664427,0.5702639078631068,0.5718313110109916,0.5701684108092322,,0.29171026251088933,,0.2907362784892343,0.29275772740159156,0.2916008422514432,0.29203020450169237,,0.2914560385297564,,0.29144949446174107,,0.29270453667657714,0.29216561316411715,0.29200661263758204,0.29200765882102986,0.29188664787206114,0.29209712671521176,0.2922147432934276,,,,0.2917371197877405,0.29183835136362607,,0.29248090368933805,0.2916479428621618,0.29124093950007107,,0.572690052086645,0.5719124196566686,,0.5722737717408991,,,,0.5716533260743875,0.5710819765413073,,,0.5705927056688085,0.5710849824034062,0.5709605671628126,0.5714790039068246,0.570866888433458,,0.570178998364453,,,0.5701563214139559,,0.570489727942027,0.5715487640700814,,,,0.1641217779480605,0.1643673092864617,0.16411958015861386,0.16430279985127721,0.46993724323604025,0.5336504446298184,,0.5135446220800839,0.5169536753556989,0.3588571549720307,0.5383671836224949,,0.5391029219665929,,0.5372407434812987,0.5375162138916147,,,0.5385978673269056,0.5372946229189239,0.5374140772522744,,,,,0.5367125524679872,,0.5379972153983654,0.5371404815610817,,0.5374423635170364,0.5373833283194657,,,,,,0.5369745632717671,0.5372066848348933,0.5371036517444553,,,0.5372433388384457,,0.5381383830408846,,0.5381940026367297,0.5374908350371062,,,0.5382781975098885,,,,0.5380242683523172,0.5373773836618848,,0.5369813854850013,0.53800641959938,,,,0.5380497837806362,0.5380023245390584,,,,,,0.5383531177065847,0.5363898588501185,0.537341993797588,,,0.537254803627713,,,0.5381775014112449,,0.5379252464204727,0.5364593158058778,,0.5394322403875347,,0.5381259224486751,,0.5374935657042158,0.5375068757311637,0.538305874349855,0.5372263345014255,,,0.5382205696648499,0.5372436084400605,,,0.5388119705456078,0.5391453013212556,0.5376724786204783,0.5384587610421018,,0.5379003422642773,0.5377869970656897,,0.5382392970647805,0.5370297027350965,0.5376371540788313,0.5369976806602975,,,0.5373199280727674,,0.5375950549951813,0.5376262332204927,0.5355545527440531,,,0.5394830724041991,,,0.5396899769275891,,,0.5373665255998828,0.5374624627757275,,0.5385613759591207,0.5372041012112333,0.5392979254648095,0.5385948585694913,,,0.5355293610672743,,,,,,0.5380196869831558,0.537196427739479,0.5368579262277845,0.5377096456932782,0.5385275744899245,0.5375693479068286,0.5383838272979374,,,,0.5384037380516015,,,0.5372366427241579,0.5385274747210639,,,0.5376067015069823,,,,,,,0.536792960998465,,0.5382795158363318,,0.5363688125695675,,,,,0.5378813326058253,,,,,,,0.4637854798322782,0.4636451816411302,0.46469816732670605,0.6245658761253629,,0.6203940430203926,0.6594541961222842,,0.5079684650087619,0.5068776218780215,0.6341130619890938,
8,24,DG_48pct,96,Z18_F08,18,LL_AB,174952,181886,True,4893.197812546861,4894.959139204036,4886.153242409071,4879.907313510308,4878.060833508885,410.3833401752017,52.57829112996537,1168.9393057354553,1039.431950549572,554.7835161262965,513.4560158646783,169.42177995592235,2.6976494924108847,53.44307122052019,172.54859666139507,177.05764365417159,5668.977994243264,484.9817649423019,215.6938020759244,173.66711402396672,0.7052831793849206,0.7032019056247637,,0.7788583645796455,,0.7579350538175947,,0.5340849429284401,0.5360163641820479,0.5331173852766945,,,0.6548733583775058,,0.5050286568935732,,0.5068172364542894,0.6317041178376057,0.6330042187643274,0.6309282027700529,0.5346187684447151,,,0.5340226333440122,0.5325697859864312,,,0.5296344080758182,,0.5353281660221957,0.5348599068993171,0.5350623468170901,,0.5352751408336359,0.5340537739321323,0.6279364691395193,0.5047788622905952,0.50385201389229,,0.49620712510759246,,0.49606391493895907,0.4969587590979056,,,0.4971677266478116,0.4973796966487683,0.49811245689985995,,0.4984960546054061,,,,,,0.4976729619365458,,,0.59959552590716,0.43962460271314263,,0.5916296096733638,0.5912565213418928,0.588780865293464,,,,0.5900800800425184,,0.5926511670807608,,,,,,0.5903914663087083,0.5923281503366423,0.5914055348044496,0.5910692419461796,,0.5932318167659182,,,0.5928255946321855,,0.4452024162321172,,0.4448956721172486,0.011949206665083364,6.631614655932866e-05,6.618145733738462e-05,6.620981072548824e-05,6.65723541153412e-05,,,0.01256090112276796,0.01256009868257374,0.012599405930349118,0.012569464579028196,,0.012573116071476593,0.01254920282292987,,0.012567321897855853,,,,,0.012547734106800943,,,0.0125902009877473,,0.012592619924377664,,0.012603870313240983,,0.012581455228409257,,0.012586051722439576,0.012551092406385392,0.012542517372196645,0.012616769756368659,,,,,0.012573160007759196,0.012553868706242689,0.012599509029733183,0.012597467036097511,0.012556982877337418,0.012584807211483398,,,,0.012594069292165925,0.012572287698117596,0.5900768590729043,0.5910563886072534,,0.5900655881964461,0.5946197055485823,,,,,,,,0.5920616019060242,,0.591204597511105,0.5922401431093166,,,0.5920236273101079,,,0.5908203160535725,0.5913492420701445,,,,0.5917897381051918,0.5905322408440219,,0.5911575578252624,,0.5900474512223837,,0.589240667645954,,,0.590713228803904,,0.5898865882967169,0.5913579790300081,,0.5907318172485662,0.5904868134163003,,,,0.012459048533138254,0.01242832700262681,,,0.012445173836548874,,,0.01245849781419556,,,,,0.012461306319736501,0.012494086098774214,0.012456095489482538,,,,,0.012473094161115986,,0.012448704527531523,,0.01247977226743952,,,,0.012445112139956405,,,0.012456770594116776,,,0.012457197829079187,0.012492612711248989,,,,,0.012426888943689578,0.012508401114952612,0.01245445812907983,,,0.012489565794316603,0.01246332171673671,0.012448987791753187,0.012457231790550102,0.012464981606481351,,,0.012454513374043569,0.19043923824239165,0.1898408594832934,,0.32749571558241913,0.2729113274228984,0.1547330684350628,0.15518834129192385,,,,,,,0.3582033064502626,,,,,,,,,,0.3574248604281013,,0.3584511118858518,,0.3590826422208212,,,,0.3586688716954724,0.35767059568498094,0.35983287553723897,0.3580567235847763,,,0.35681405296552104,,,,,0.3588470971188915,0.35769351964326446,,0.3584522511712757,0.358927750743681,,0.3573379464647556,0.3579520361133866,0.35781146045537693,,0.3375007808296028,0.33546984809412483,0.3370559757153285,0.33782713183395596,0.3368299007831171,,,0.3373944157651692,,,0.33751902044394916,,,0.3375236669476567,0.3376547374813566,,,,,0.33765711747906196,0.3364181738473014,,,0.3375079104027202,0.3366935812100061,0.3357745496768128,0.3383588123824282,0.3372652918413098,,,,,0.5494993450783424,,,0.5502132303334727,0.549184224223537,0.5494162967068932,0.5495298202875393,,,,,,,0.5449763625857571,,0.544621335463338,0.5447879662866221,0.5447240377176182,,,,,,,0.5436998380008988,,,,0.5500716977890161,,0.5495404811164746,0.5486511837989639,,0.5462779479033625,0.5482669801456412,0.5501658861420654,0.5499659856695152,0.5484821893543496,0.550279189099004,,,0.5517982844546888,0.5504866228798012,,0.5492464546729465,,0.5501310675610843,,0.5505897301517946,0.5490277926002176,,,0.5494764638399039,,,,,0.5444647037547283,0.5428343510076162,0.543336437211958,0.5439051903856278,0.545351363009154,0.5449301170776247,0.5462599858170445,,,0.545454576876043,0.5447314339368026,,,0.5426403585873293,0.5459153514335672,0.5445697919969151,0.5446839737730126,,,,,,0.5466922014849148,0.5435641712200892,0.5447026635793595,,0.5452097158936106,0.5462974578930393,0.2619496565941821,,,,,,,0.37342567683655736,,0.2431742964965525,,,0.2427338834915274,,,0.27726073511655336,0.1766895917317052,0.5286005424977173,,0.15496829585630856,0.15516680884139825,0.15203775793760485,0.1516703621582173,0.15183883435206008,0.14852612367594326,0.14798321859467442,0.14828391309365338,,0.19543252061578242,0.5065463228378686,,,,,,,,,,,0.2158758502501218,0.34081454640809167,0.21503214124430217,0.5199448759710514,0.21935972220686534,0.21855436587752922,0.16742101547929153,,,,,,,,0.1676562836478201,0.1673410728475165,,0.167587611217126,0.16728155351142912,,0.16746654283432438,,,,,0.5281312144478326,0.5257588136732554,0.5285196135729191,0.5284486454806938,0.5246413491890671,0.3540431753524937,0.35303569901010995,,,,,0.22521998512333313,,0.5290567202898618,,,0.5296709147615186,,,0.17077687458151525,0.170474618627428,0.1702100828444466,,0.17003693236909523,,,0.1703634379150705,0.1711730074542866,,,,0.1704384453600448,,0.1707321532362962,0.17041291433327538,,0.1709697186715187,0.17037091150833109,,0.1708504362206945,,0.17075216090560058,,0.17061858762484006,,0.17047246594304688,0.17068153023024102,0.17091269113061147,,,0.17065310023577954,0.1701529751503734,0.17053679191178872,0.17067049109407006,,,,0.17049978662702547,0.17036438054757488,0.1705869698474849,0.1704599845172208,0.1708642582208121,,,0.1703847515016339,0.17083707436602247,,,,,,,0.17081314567135047,,0.1707278883375488,,,0.2882013844726505,0.2882834708971191,,,,,,,,0.28857624316942426,,0.2883542977134978,0.40215521820760586,0.4005643086997073,0.4025647657620092,,,0.4024932623891652,,,,,,0.40244743245558334,,,0.4016661876554509,,,,,0.28811124636801133,,,0.2892996630425765,,,0.28911875503925966,,0.5656010694241937,,,,,0.5657332418203135,,0.5638558190436725,0.564053030418768,0.562477991420244,0.5645587155496126,,0.562482668491624,0.5645277984042116,0.40169955861479106,0.3999518081551972,0.40142470147155745,0.40245769513197904,,0.4040822255093824,,0.4022164694798427,0.4023516709937751,0.4020871718854118,,0.4024918131091658,,0.3992404702475492,0.40133521729953203,,,,0.565718028326167,0.5634714092246699,0.5640500011777888,0.565180873337933,0.28885433952396866,,,0.28704907762450194,0.2875759523313027,,,0.28838273490796335,,,,0.28840884506855474,0.288311426690442,,0.2883732542673811,0.28827428706650265,0.28829767965462255,,,,,,0.2872227625570914,,0.28858531771224244,0.2881966983301518,,0.5663160087727964,0.5660677398694448,,0.5644169909603312,,,,0.5662764391879159,0.5652784986497776,0.5654949287727471,,0.5625440036432824,,,,,,0.5660871471774984,,,,,0.5669501098282489,0.5657433864230096,,0.5647836819789653,0.15814935587057063,0.1578959418670062,,0.1578793611054048,,,,0.5318966847964217,0.5125649474174145,,,0.3490578712960527,0.5368396291434171,0.5381139037685664,0.5354744995501388,,,,0.5357713712705707,,0.5367758622730465,,,0.536901981468218,0.5353196194647754,0.5365048014878109,0.5360784353776666,0.5354814908484654,,0.5355174137321829,,,0.5366975615805895,,0.5370834581638213,,,0.5371487164942367,0.5357315905851191,0.5363229353700567,0.5373009694896178,,,0.5375792851400236,0.5346387235155796,0.5359778149270863,,0.53480320213175,0.5366426708018098,0.5357649013127644,,0.5363928555887423,,,0.5352656478831687,,0.5369464028790195,0.5361064777262623,0.5360094900746887,,,0.5377798358482418,,,0.5379414675505259,,0.5355210060449239,0.5354456041543895,0.5362257087450055,,,,0.5354469395707181,,,0.5347505631564442,,,,,0.5370573205685828,0.5360550129228281,0.5352712217241202,0.5357161800119314,,,,,,0.5372323661288931,0.5366547548618591,,,,,0.5366042941598652,,0.5361981714562946,0.5354607557018313,,,0.5364367246760862,,0.5358446366765596,0.5355496494678765,0.5371459331120809,0.5371139212416353,,0.537227924995054,0.5366723237056238,,,0.5380301391489886,,0.5359348318489017,0.5361502810081815,0.536402665245588,0.5356476264630636,,,0.5359545954560865,0.5364899527467378,0.5371303291990932,0.5378699259767747,0.5381884431850827,0.5364151952337295,,,0.535849069357707,0.5357616434831315,0.5356764073958892,0.5366852917752809,0.5358269474217939,,,0.5358336194792199,,0.5361460548186618,,,,,,,0.5368872485219325,0.5374914605921468,0.5356263540540167,0.5376126927992682,,,0.5363137790035301,,0.5358199570551061,,,0.5353074607631119,,,0.5376059757168129,0.538815462663615,,,0.5350767924308002,,,0.5371301298524018,0.538056868205919,0.5355206613512742,,0.534738122330992,0.536419499729214,,0.5366611670524994,0.5381208339296791,,,0.5358046273429462,,,,,0.46258495772121566,0.46193607539444986,,0.4665890505463066,0.6159171125279543,0.656626005319758,0.6546859692474173,0.5076965704202967,0.5066234044752369,,0.6329386904922829
8,24,DG_48pct,96,Z18_F09,18,3PH,174956,181890,True,4050.7674837237246,4108.145512257973,4155.564326424365,4528.343103052501,4542.75209427125,204.04944791389903,15.961466253707455,419.54125548848276,373.8583749467572,206.32975200014928,192.02520766706755,63.7316882436032,0.9245164110207974,45.739048304737196,147.98136103783813,89.42148193730175,4827.380717415048,1.8297699096599014,52.55955471004404,61.82694220804438,,0.7310746750338879,0.7297581630345348,0.7349052626630035,0.7324943168190298,,0.661541999462725,0.568946581042383,0.5686233261720096,0.5705910966188782,,0.5750517915788151,,,0.573646845868936,,,0.5750707572707172,0.5763019588810812,0.5751651887987552,,,0.5676079999361672,0.5683470774292224,,,0.5619623242770149,,0.5608695777676334,,,,0.5709421850297356,0.5707215197608504,,0.5434385021927765,0.5175365073178799,0.5174770464975171,0.5206009164488632,0.5122344945572375,,,0.5122539351196851,0.5132161394228498,0.5140646556246472,0.514090150613083,0.5148690857088418,0.5127458582926138,0.5134763888373929,0.512752429076222,,,0.5146833339100366,,,0.5139055751648076,,0.5068737988396069,,0.5083302437142331,0.5070153649275896,0.4992313835729677,,0.49932689510277123,0.4977356885877725,0.4983118377406701,,0.49808502866421245,,0.49865238357485314,0.49886674228612105,,,0.4973411520582323,0.4975924316739631,,,0.4974532573380328,,0.49838251463242195,,,0.49874569865183804,,0.4992385799325776,,0.4601394454483414,0.46026241738592544,,,6.605978328073563e-05,,,0.007044960197372847,,0.007146463446342389,,,,,0.007151217409008642,,0.007142985879514478,0.007144159541385427,,,0.007110955895740669,,0.007122241490436158,0.007132254396959616,0.007135811648781965,,0.007132014211599997,,0.007133909332605088,0.007143548276274354,,,0.007115642528153823,0.007127053415838271,0.007137208097859471,,0.007132117205166902,0.0071289834622519374,,,0.007099180956767538,0.007120050295872776,,0.0071221396114218675,,0.007121837323674564,,,0.0071255003592057345,0.0071225088687830685,,,0.007136523050278082,,,,0.007100072337529545,,,,,0.007138046847325235,0.007107311854379825,,,,,,0.007141086098660692,0.007121466917732078,0.007131157317540108,,,,,0.007113402999448804,0.007145787532457589,0.007127396515573769,0.0071367574403658875,0.00713549967732714,,0.0071324951042279535,0.007115642160367938,,,0.007137770578291922,,,,,0.007112432511136674,,,,0.007127909988045406,0.007127779325650615,0.007121158619953353,,,0.007145485770118032,,,,0.0071080451093343934,,0.007141948935119089,,,0.007124636877919612,,0.007135013170462381,0.00711374352408553,0.007143869913435905,0.007112073830858441,,,,,0.007121439323822192,0.007132535259116069,0.00709980770421582,,0.007123533132518276,0.007113111033036536,0.007140018102674501,0.00712908824198415,,,,0.007111052252611879,0.007127812685752372,,0.0071164689940315645,,0.007138355372211695,,0.00714266305488529,,,,0.00714323529167066,,,,,,0.007137705417630876,0.007113250942110978,0.007120791167844711,,,,0.1955266893120295,0.21298452204172377,,0.16132861109188656,,0.16153121404571047,0.1613975536859449,0.16149718818806066,,0.2411352672113508,0.24083155922068047,,0.24145987152674278,0.24109326337269033,0.2413559874701331,0.2407517423577586,0.24145136714332843,,0.24134516115267945,0.24150230239803036,0.24195386256492776,0.2421071107943122,0.24193435005962205,,0.2413492936471734,,,,,0.24109413775186495,0.24198093525900924,0.24105332394921036,,0.24142934948757905,,0.24085791527487896,,0.24124260007187487,0.2413330781276023,0.24055071976978218,,,0.24133476865931908,0.2415050825628429,,0.24116715440138164,,,,,,,,0.22222879421880065,,,0.22159217481119828,0.2216979243899626,0.22244729578148312,,0.22198973452694878,0.2221870341078417,0.22278509840170213,0.2221170221678235,0.22214063606099105,,0.2221861950380307,,0.222553456840814,0.2222306883203231,,0.22241022202030833,,,,0.2219837411460335,0.22226093616520787,,,0.22180241289246846,0.22177554144422348,,0.24109429479855088,0.24169748052861376,,0.24105687293020278,0.24092268290344676,,,0.2414585923030268,,,,,0.22202204855374508,,0.22114272336303586,0.22170370128219782,,0.22143010339877076,0.22120198279920456,0.22205025474246887,0.22187411794686945,,0.2206688498933681,0.2214074903728888,,0.24064042644044678,,0.2408341562090769,0.24080644142037347,0.24085002992360813,,,0.24079873201901136,,0.2401699417615555,0.2410642710754953,,0.24097599316098292,,,,,0.24046475214050328,,0.2412452230882509,0.24117952963185593,,0.2405492471065405,,,,,0.2412462781209688,0.2412685916711361,0.24165729538660957,,,0.22154952080166718,,0.22094398971112192,0.2217509291042378,,,0.2220129756638555,,,,,0.22129409596348606,,0.22163615530111924,,0.221574035640568,0.22174905116183094,0.22234509940498487,0.2217713628346405,,,,0.22243002023258304,0.22134234789134538,0.22170319022064036,,,,0.25436231210313925,,0.2530652698416844,0.25368744788572556,,0.2525720325799264,,,0.2532581836264735,,,0.24828910178237626,0.24902715810174822,,,,0.16220597871852985,0.16262312930576628,0.1614877392279818,,0.16172738555383667,0.1572778470670717,0.158205676599927,,0.15435134196114633,,0.15388977805807552,0.16492534110560128,,,0.17096151567270432,,,,0.17274679115052494,0.17244361220915005,,0.17352987400107583,,,0.17366995807815735,,0.1737195406948445,0.17448156329143383,,0.17516872802362385,,,0.17449315544118008,,,0.17405802867473566,0.1739822010564763,0.17426899460016518,0.17430174488071215,,0.17399906818814082,0.17455710942087346,0.17504361465883464,,,,,0.1739820886074026,,0.17720486734862706,0.17712087584031364,0.17685266752035964,0.177398990142066,,,0.1783840789202527,0.17826056948877686,0.17855533278547475,,,0.17823670573486977,,0.17840692995572505,0.17801144293111068,0.1780873907448721,0.17823397497177454,0.17807403108723013,0.17772899901668643,0.177584164883242,,0.1774314114622367,0.1775213261396879,0.17793928791714425,0.17749940703604988,,,,0.17733475534671408,0.17769959947026465,0.177935940587997,0.17806162873509898,,0.17771786267325182,0.17739984648652804,,0.17783069701818183,,,0.17793715036839686,,0.17798583180412417,,0.1773625956116918,0.17734475825519241,,,0.17720675814286146,0.1778670559207338,,0.17763211029062656,,,,,,,0.17765599608752367,0.17769274452343775,0.17712953389758987,0.1770189693381419,,0.17738802783540064,0.17758764416941583,0.17740756775848304,0.17769037975466906,,0.17750975821589443,,0.17749116114369548,,,,0.17762759810136133,0.1772738650747019,,0.1773735783869057,,0.28716839216511936,,0.2870339417837971,0.2864613948896262,,0.28595632242853575,0.28582138728329387,,,0.28551617063331663,0.28739122510846826,,0.2874239725261481,0.2865199061662432,,0.286952080287207,0.2869305273557997,0.2868547653252366,,,,,,,,0.2857464995425156,0.28627923241021364,,0.2861205860885872,0.28665862408428006,0.2867081048255552,0.28643503464454073,,0.2852976068058749,,,0.28665280652920877,0.28682234677140656,,0.2847903204960405,0.2853505717701127,0.28613400608942496,,0.28617648578885896,,0.2859395331865796,,,0.28671349440450317,0.28535538807892497,,,,,0.2859614559371806,,0.2860268711906815,,,,,0.2864810245525908,0.2873586533392586,,,,0.28644144036176683,0.2861423194736555,0.28635237183678136,0.2856382461582961,,0.2866143056648091,0.28680466723663595,0.28695716926896786,0.2860029768784424,,0.28644484205558995,0.2864499776655324,,,0.2861676294704422,,,0.2861563698855629,,0.287235710177696,,,0.2861968887673164,0.28747206334304726,,0.2860109586377853,0.2869002741572252,,0.28646027141230274,0.2870458221153955,0.28757783045660895,0.28645353769059384,0.28763770650478926,,,,0.2862890759958723,,0.2852838036040547,,0.28637853993371826,,,0.28602725681046437,0.28636931873111116,0.28546144035968385,0.285727377811851,,,0.2858885559115306,,0.2857168120000245,,0.28681017825926336,0.286376411045977,,0.2869334233557589,,0.2862692625478045,,0.2866935017170964,0.1647984184404717,0.16431509558665314,0.16441170086810084,0.1648448288363007,,,,0.5934483373722867,,,0.529596382181244,0.17627622665266915,0.5717428619597201,0.5725131853772129,,0.5729701725252627,,,,0.572441776908019,,,0.5715329440603515,,0.5707970900954615,0.5709894706242595,,0.5736680744818151,0.5710033229096391,0.5731903214509303,,0.5721967573386467,,,0.5710707451814283,,0.5720255003523685,,,,,0.5732268331610996,0.5729088494020749,,0.5706425036407388,0.5736595047287517,,,,,0.5719497098389793,,,0.572728661496591,,,0.57261184151413,,0.5726423368599428,,0.5721338632311432,,0.5711454622275313,,,,,0.572140844750357,,,,0.5730883870511032,0.5710107633869752,0.5701379227645778,0.5716960382703891,0.5716143063993891,,0.571229324224377,0.573766682149666,,0.5714956832141466,0.5707465007928079,,,,,,0.5723191069427125,,0.569556602698244,,0.572450362439173,0.5726625453326085,0.5708464897012351,0.5733436323126911,0.5706969672322528,,,0.5688153770384919,,0.5718705820576516,,,0.5714065353076543,0.571058284023859,,,,0.5714795988159651,0.571376971553806,0.572278729279516,0.5725659508464391,0.5722093147206673,,,,0.5711069254051971,,0.572607456437487,0.5708462047304301,,,0.5712760088305369,0.5711758707307808,,0.5725258668367653,0.5716035562546584,0.5719864945564345,,0.5721047720647714,0.572644932649925,0.5719481833265905,0.5721547302730842,,,,0.5717132690359301,0.5718992337999327,,0.5719154854564318,,0.5732081418952096,0.5742089974447964,0.573579953596648,,,0.5727683779175109,0.571427440827821,0.5712224654809859,0.572035667978319,0.5712813518048433,0.5725851638307966,,0.5712492105092422,,,0.572659169818286,,0.5721679589581967,0.5714957442719477,0.5720410871348205,,0.5717686814914241,,,0.5721633421235274,,,,0.5719585309048104,0.5724220067031305,,0.5714754856079085,0.5734244593602073,,0.5720633178100069,0.5729117149697776,0.5712962652782586,,,,,,0.5319915009676194,0.5312244819782046,,,,0.5734069913844133,,,
8,24,DG_48pct,96,Z18_F10,18,3PH,174956,181890,True,4061.830034152797,4131.202891049844,4114.757966626286,4530.94711553773,4555.91658462944,205.42080482905217,15.881872336253059,419.66896085541794,373.90495379373704,206.30831860173353,191.54764846822394,63.26815687898909,0.9305962353260065,45.97276947130975,147.21748807525208,89.43653121397998,4822.633580502872,1.8355533927028942,52.67545137034024,62.06855366900408,0.7307006964980477,,0.7294186202638284,0.7334585692588055,0.7314594228318043,,,,0.5690560733571971,,0.5663661326765516,0.5736469583946834,,,,0.573996370492127,0.5732430697854031,0.5746934391988947,0.57225124398065,,0.5690260113203089,,,0.569693807871693,0.5705250595174328,,0.5613071185571071,,0.5618299481923302,,0.5704265780129123,0.5693703404123669,,0.568419648463872,,0.5430413950419005,,,0.5207043897730476,,,0.5119637731812023,0.514191531163434,0.5142563474329204,,0.5143626715457111,,,0.5136442348328657,,0.5132565752131159,0.5126130267370144,0.5133606304705338,0.5123903636188679,,0.5131429278283005,0.5149291350772961,,0.507268862836083,0.5073251486418524,,,0.4993240597476229,,,0.49862040084717674,0.4985883710750745,0.49720706265438663,,,,,0.49906127302147796,0.49796268127982574,0.49857758084651294,,0.49822491545216435,,0.49795080429581007,0.49778755954121284,,0.4985918322122906,0.49728758682576074,0.5000397372097637,,0.4607317264635857,0.46029343002063633,0.460572082458706,,6.619990139352438e-05,,6.625999783372395e-05,0.007073525613020175,,,0.007118142679661933,,0.007134188236207165,,,,0.007100409786118237,,0.007123539545226307,,,,0.007142244555173683,,0.007116319823791217,0.007104636882098686,0.007129255636951002,0.00712185800645906,,,,0.007125373066048765,0.0071343798375827034,,0.007134630126440137,0.007121798804375369,,0.007132748321715453,0.007138744534166836,0.007098164350038733,,0.007118941741498386,,,,0.007127943386362906,0.007110088718650873,,,0.007112598915532696,,0.007139540353493712,,,0.007122054172643479,0.007136075993277659,0.00711212798591146,0.00713418658082958,0.007126530352390717,,,0.007139569943956529,,,0.007131633184865431,0.007130394501255858,0.0071310473189485375,0.007127712130643853,0.007129524588964595,0.007136248894030014,,0.007139994907561742,0.007121789945359646,,0.0071211967027964805,,0.007131785096334636,,,0.007118985177831002,,0.007111764579555517,0.007137114533869378,0.007121411197646201,,0.0071289810989338094,0.007100886739116375,,0.007090162349800059,0.007109971576247513,0.007129179653794468,0.007132759275199553,0.007123383307685466,,,,0.007127667530825832,0.007111307006515164,,,0.007122313344193706,,,,,,,,,0.007145798956995543,,,,,,0.007119922956277538,0.007129223998600153,,,0.007125603635085602,,0.007102491755040901,,0.007115672813954062,0.007137249091061773,0.007139466289339086,0.0071190322368910874,0.007136566186012201,0.007113962861361525,,0.0071323144878347395,,,,,,,,0.007118965213425545,0.0070954168854012924,,,,0.007125687909674233,0.007124631045843834,0.007118746639154454,0.00712502793578461,0.007112033904952536,0.007138270906049707,,0.007125894791890051,0.1954837619329042,0.19540297448598223,0.1961455816064198,,,,,,0.16185429822329203,,,0.24156661854304753,,,0.24135360576430814,,0.24127377422246254,,0.2404961701558678,0.24044123152460392,0.24060845485240537,,,,0.24128134642180035,0.24136544804142823,0.24073767543520563,,0.2413259654529838,,0.2411764750289248,,0.24136848291614052,,0.24111257900814015,0.24140206997872657,,0.24120931152551978,,,0.24081112903475305,,,0.2411939435042955,0.24144033723136424,,0.24095499824653568,,,0.24090620628767212,,0.22162711185042971,,0.22228462665019819,0.2215368594321838,,,,0.22191161709502205,0.22253666044040551,,,,,0.2220567870436939,,0.22257721928780932,0.22259661741581532,,0.22227340133121684,0.22186375100469702,,0.22198472753267331,0.22182731061108885,0.22241915963883405,0.22221613072329943,,,,,0.22114118155389598,,0.2223342367220026,,0.24119998353900338,,,,0.24132854665517414,,0.24066108598946093,,,,,,,,0.221335082309754,0.2220853759687179,0.2212016259333813,0.22163696001858854,0.2214879890480288,,0.22231059710882192,,,0.22181896249177493,0.22184168677835378,0.2404915552121486,,,0.24100291229587162,,,0.24018632164315468,,0.24046681420134103,0.24071535319528856,0.24108806951697084,0.24138651712298817,0.24088497409379525,,0.2411372262806068,,0.2410208868871977,0.24070806602120057,,,,,,0.24144197036530465,0.24125461833494652,,,0.2404570281397584,,,,,0.2218875926416201,0.2215846562710188,0.2208510407508689,0.2220796158995425,,0.22238278519270527,0.2214601512467104,0.22119370427066745,,0.22237481726207245,0.22239791937449377,,,0.22126272869748378,,,0.22231692425929966,,0.22155814825152212,,0.22166963305537324,,0.22210304654052887,0.22196630262147093,,0.22216370331341506,,0.22205533432444338,,0.25348131181423206,0.25319147794749985,,0.25330212398870455,,0.2529056568417373,,0.25223386354769983,,,,,0.24769184962758908,0.24730259859423717,,0.16234292749018925,0.1625268082743301,,,0.16120485957662986,0.15809341594940965,0.15777959550430876,0.15814178682707533,,0.15388330246113238,,,0.16497892640422596,,,,0.16995513009779364,0.17242990862121965,,0.17181450033207663,,,0.1736231357234781,0.1737804308257588,,0.1735880814498988,,0.17384660089589027,,0.1756729367789719,0.1749447505499191,,,0.1745109585564914,0.1739039747094501,,0.17395174830350285,,0.1743036783966099,0.17413156866898108,,0.1744009682614026,,,,0.1740405342446634,,0.17432310381000948,0.17660150653643872,0.17772647011930162,,0.17714200249268158,,,,,0.17847840616452995,,,0.1787980413222474,0.17879766557908947,,0.17812635037575808,0.17802515298749913,0.17857757903681884,,,,0.1774709508784633,0.177644596280117,,0.17798204028462072,0.1776902167969935,0.17749461422192256,,0.17733678250424387,0.1779945361120883,,,,0.17785014835427765,,,0.1776530531686027,,0.17730895177508352,,,,0.1775815925686061,,0.1772069682251306,,,0.1776316343448796,,0.17778494812332926,0.17749634866547914,0.17756887506384547,0.17753558590240467,0.1776042263113602,0.17788065803538755,0.17761855334419618,,0.17799191739430006,,0.17824522527278935,,,,,0.17751086103552247,,0.17737205789291352,,,,,,0.17759346080601,0.17787916769070242,,0.1773617009910462,,0.17751520133001447,0.1779697436430576,,,0.2861209427862627,,0.28647038487808335,,,0.28666336735883235,0.2865733708176305,0.2862667342702046,,,0.28619307438679786,,,0.28619199975918397,,0.28588748388128493,,,,,0.28608414565261836,,0.28739655101437245,0.2862863916554629,0.28636639744831577,,,,0.28688791129562075,0.2869807332525331,0.28711866505490113,,0.28635497895249745,,,0.28647158717432264,,0.2856876699176719,0.2860047163417908,0.28579519777895956,0.2860799107233882,,,0.285616226699002,,0.2856086696942944,,,,,0.28552443605119443,0.2860457247401135,,0.2856082083549871,0.28541166730567563,,,0.28654074235249904,,,0.28633623973323113,0.2868420093250044,0.28664285054770194,0.2823088210059191,,,0.28617516710033986,,0.2859271352235784,0.2863753579390688,,0.2863513345914714,0.286308686206503,0.28543170987204286,0.286711844097947,,,,,0.2858035637455255,0.28625914298603294,,,,,0.28669318434538765,0.28638988768998525,,,,,0.2863900889103701,,0.2865099872369948,,0.2857242940761049,0.2863360122482582,0.285989117281523,,,,0.28629935114298,0.2856211515693157,,,0.28689131988754946,,0.2863604363730366,,0.2866970038514303,0.28527090785845644,,0.28680247320534213,,0.2866344399141812,,,0.2859929972386378,,0.2863970642374006,0.2866014233244554,0.28627450034217705,,,,,0.1646493161315248,,,0.1644303245596567,0.16428505219833614,,0.5338532527735687,0.593445501428261,,0.5288201848141808,0.5320166084955944,0.17620142559335758,,0.5718367958435807,0.5715358156946311,,,0.570934126057623,,,,,0.5712027463135497,0.5723248669055729,0.5721225841042554,,,,0.571748454374133,,0.5710524844750647,,,,,0.5711793175538623,,0.5710137595597304,0.5716028552232723,,,,,,0.5722378126690851,0.5700072280755931,0.5720186432174567,,,0.5717894733352396,,0.5703289102411232,0.5721349777447544,0.5705589004444709,0.5721748420478688,,0.5700507571733869,0.5715813445424431,0.5709659270838008,0.5703320926182996,,0.5706366094581156,0.5721193707135472,0.5706987555243768,0.5705062861656809,,0.5729258053676821,,0.5716353264569675,,,,,0.5713118441241333,0.5727272812275594,,,0.5727853146828065,,,,0.5725631039168996,,0.5734909575584958,0.5706428094837143,0.5707172066625837,0.5703871441512824,,0.5709148809385657,0.5719406538853641,,0.5704935344562717,,0.5728283369568715,0.5719460017990022,,,,,,0.5725073185993037,,0.571564148782738,,,0.5722590544877931,,0.5719885366109942,,0.5711389007811281,0.5727459179535553,0.5709771564261151,0.5715179712331422,0.5735792024557086,,,,,,,0.5718771057036257,0.5727622328940832,0.5725930603422422,,0.5707360429000841,,,,0.5713566031115593,0.5702890708188736,0.5732222022257134,0.5722972573147546,0.569860537701658,0.5712011852608962,0.5722639005275839,0.5736435571743945,,,,,,0.5692028427148872,0.5732224507109253,,,,,0.5713650390305391,0.5710658889702225,0.5722896204961194,0.572967006208432,,,0.5717831413331279,0.5718542355664155,0.570284687740352,,,0.5705265829546494,0.5712202471198939,,0.5736159959051418,0.5720702329633374,0.5712155318137377,,0.5719069015832089,0.5692776839318967,,,,0.5706767102349183,,0.5726401165021381,,0.5719881751639153,,0.5717918562921687,0.5706117994847608,0.5750089403360589,,,0.47675275201451267,0.4771159819338966,0.5322867634425573,,0.5315934757274865,0.5733624659376112,0.5751563622206601,0.5757860250312806,,0.5754616915447701,0.5742512377523624
8,24,DG_48pct,96,Z18_F11,18,3PH,255381,255322,True,4227.668387985608,4280.719079480385,4331.285219483476,4675.950442879243,4719.645771139542,185.34290428419635,13.865598707897092,347.191842918976,309.49548446566325,172.16236712994504,158.33739734040734,52.47643218897739,0.7657364007798618,44.62747878512827,143.78294527184835,81.2248477464625,4891.947892847023,0.017495003082686672,43.818341638173564,51.253079931828744,0.7207172990205878,0.7240191385416295,,,,,0.6509078042327587,0.5534975969560206,,,,,0.55966888200609,,,0.5594944889622755,0.558751772038853,0.5611301830439104,,,,0.5534009047266631,,,,0.5534410852017165,0.5473887703106038,,,0.5576110702961008,0.5553946148728416,0.5554664620582888,0.5551760454081741,0.5546490373626886,0.554292242375183,0.5249109806245782,,,0.5024650250931667,0.4950851486088709,,,0.4975567864899367,0.49609396720616056,0.4974369021410058,0.49787632246418384,0.4958815178764292,,,,0.4953868216217408,,0.49665236979623517,,,,,0.4888982826500872,0.490135439496223,0.49080948158908794,0.49179514891886,0.4792587626478704,0.47922604342176484,,,,,,0.4805041127954943,,0.4806711427347956,,,0.4799588004593818,,0.47928724749862284,0.4797063427722984,0.4791573344124916,,0.48035219405319196,,0.4801040551531099,,0.4812701064421246,0.48058351045353537,0.43978413472899985,0.4403158423152845,,6.727285021887796e-05,,6.686057801706206e-05,,6.697470435917561e-05,6.708556974875097e-05,6.705833860133712e-05,,,,,6.75854269918157e-05,6.78148697156585e-05,,,,,,,6.772206234952944e-05,,,6.77788538020774e-05,,,,6.781535248213276e-05,6.767396878997442e-05,6.775080204895022e-05,,6.790126240674217e-05,6.773105457525094e-05,6.782626554159094e-05,,6.770939967023972e-05,,6.772710280684871e-05,,6.764378515938766e-05,,6.746005049324295e-05,6.77519095418139e-05,,6.77044077164165e-05,,,,6.750801241131163e-05,,6.762369255330678e-05,,,6.773012513298713e-05,,,,,6.788269862917338e-05,,,6.764697119502822e-05,,6.782411370194294e-05,,6.785590029826185e-05,,,6.798223418919248e-05,6.787866382271873e-05,6.787270967819054e-05,,6.776574727958412e-05,6.765856647417625e-05,6.778241981284751e-05,6.796147537681362e-05,6.789950788893304e-05,,6.767577497071232e-05,6.771281375976474e-05,,,6.779296842011274e-05,6.774909519618318e-05,,6.768193237550924e-05,6.76927182414022e-05,,,,,,6.770846310192834e-05,6.775628473780342e-05,,6.765602297600224e-05,6.757709116129052e-05,,,,,,,6.789007055520198e-05,,,6.768277161646931e-05,6.784441722606821e-05,,,6.77308821485299e-05,6.756332504727327e-05,6.778305817502264e-05,6.743983609703541e-05,,6.779945521989598e-05,,6.778925628454817e-05,,6.780135681156464e-05,,6.77553784598611e-05,6.777564364548124e-05,6.756607330860354e-05,6.797443333972026e-05,6.770423071976174e-05,,6.768660190394809e-05,6.782585540262531e-05,6.770783338721344e-05,6.763559152342143e-05,6.783095313599991e-05,6.793276326836786e-05,,6.797532009588645e-05,6.796912137452661e-05,6.769597517258662e-05,,,6.798306851938212e-05,,,6.768877867975636e-05,,,6.778764563176991e-05,6.770984267481527e-05,,6.77462459491822e-05,,0.17087530530818548,,,0.13355670042386564,,,,0.13336307334374065,,,0.21624395031405733,0.2165272142010054,,,,0.21748477940030161,,,0.21691524809753876,0.21673074698335645,0.21667136951964447,0.21643348237545332,,,,,,,0.21717241158668937,,0.21588225804773525,0.2165765255996112,,0.21590450297596137,,,0.21603578223173353,,0.2163919077249301,0.21635190640744154,,,0.21615945297326142,,,0.21692025862452488,,0.21703386187438686,,,0.19623227517771347,0.1963619225669263,0.1965347257470246,,,,,0.1964215204617589,,0.19683620227313847,0.19654655392661458,0.19635253427356406,0.196574586689226,,,0.19656570505144788,0.19685791105761452,,0.1962735752454815,,0.1964007962766713,0.19665552567774966,0.19649528322966325,0.19665795349318488,,0.19686873162066024,,,,,,,,,,0.21674504386954693,,,,0.21631398519804934,0.21619220082348148,0.21654059869525294,,,0.19619253633558933,0.19663648740332587,,,,,,,,0.1957296590598239,0.19544370723582982,0.19554289215301496,0.19624180469545607,,0.21569669410411502,,,,0.21630292607278157,,,0.216232833605686,0.21571437224007334,,,,0.21579216270441923,,,,0.21588301132538623,0.21621389316115444,,,0.2157379245656293,0.21630084571120958,0.2162246332400007,,,,0.21607914484641427,,,0.21648265899903682,0.21661080709903324,0.19667733997857853,,0.19608046649860483,0.19617819337509687,0.19587357039501288,,0.196138422031175,0.19668585871870525,0.196376762150427,0.19645001504557535,,,0.19591267127055534,0.19618677357043296,,0.19611802125815586,0.1963070786004664,0.19638163797516092,0.1962330413221791,,,0.1960449030904915,0.19630578847356925,,0.19604260712786914,0.1960974761116632,0.19592495317874836,,0.1964335445348017,0.22784090276313285,0.22866953732829037,,,0.2282753557013012,,,,,0.22362185026909084,,,0.22439525861085674,0.22371573993801944,,,,0.1346267018923175,0.1340853222279914,,0.13414759397711729,,,0.13073078575683555,0.12776542157305115,,0.12778059872786085,,,,0.1411806257509666,0.14112408817710695,,,,,,,0.14457973191273424,,0.14408814642787374,,0.1442409850400494,0.14455386366094813,,,,,0.14434444793955373,0.14467650296660356,0.14443900538963902,0.14474711347086253,0.1442119590894365,,0.14423821167789783,0.1445194358995806,0.14418555555354323,,0.1444674328331069,,0.14443674537107692,,0.1440794519223739,,0.14688243564849107,,,,0.1468788343608737,,0.14764715478403181,0.14782655774915682,0.14826961275464337,,0.1471943277780253,0.14791614448217397,0.14770352483343324,0.14810581291962466,,,0.14838323729772493,0.14754740747467385,0.14744107685750218,,,0.14784996134150966,0.14737396653378776,,0.14724625740298802,0.1474787919085742,,,,0.1469784879166696,0.1470687730477607,,0.1473663580482462,0.14748562877887497,0.14709439878578462,,,0.14730921487248164,,0.14691748665617496,,,,,,0.14748526285668953,0.14731637667822856,0.14723910085863218,0.14730602483326502,,0.1469462860131822,0.1468684224927072,0.14739590061090696,,0.14768911325849043,0.14748029241418373,0.1474409739913801,,0.14687799799471615,0.1474207465232696,0.1469325384779186,,0.14686221238792735,0.1469695403752568,0.1476252162968696,0.14753859275440456,,0.14701732485180904,0.14698758281549337,0.14699912331778114,0.1471660824514216,0.1475566360078857,,0.14707697316102167,0.1475424539748964,,,0.14708626731891225,,,0.26321530630242146,0.2627846638306413,0.26294891253185615,,,,0.26378196407329135,,,0.26306177466330066,0.2640799469995835,,0.2634342064953301,,,0.26358675084666855,0.2639958534247026,,,0.2622864967572853,,,0.2640925016227262,,,,0.2637766405382207,,,,,,0.26391223460238405,0.2636099285896855,0.26337403738260745,,,0.26235324075785355,,0.2627280996334942,0.26242857517059875,,0.2627874927844635,0.26271848486707117,0.2626651532905751,,,0.26378912832996704,0.26308919222198485,0.2630248951459752,0.26318203286247005,0.26294365802953223,0.2629291046535866,,0.2634827355275021,0.26311856668766515,,,,0.2629336027929929,0.2642433595202615,0.2641761955525835,0.26352885568732803,0.26021568468108786,,,0.2631193598188277,0.2635630607931695,,0.26290606907731684,,0.2628793955102438,0.26369215089562764,,,,0.26313496238751666,0.26344411061063716,,,0.2621909975201818,0.2628457374148728,0.26303576202999424,,,0.26344999930284146,0.2641290150580076,0.26329660764600227,,,,,0.2633872956778141,,,0.2632947106621795,,,0.263391826447688,0.2630046494997572,,0.26350802076909946,0.2634708808914073,0.2630747489254111,,0.2640924997778563,,,0.26313097783577255,0.26383228145201243,0.262873225883188,0.26224959068309805,0.2634405159886974,0.26379640235244095,,,,,0.26307474435832073,0.2629586389658518,,0.2628870632200599,,,,0.26332659054564267,,0.1362247842116556,,0.13635165991111026,,,0.5169419482426854,,0.5129745057853903,0.512909829859424,,0.14606793200852106,,,0.556591167035941,,0.556358014629491,,,,,0.5574255820312908,,0.5558561667070826,,,0.5572717931813326,0.5560828451874796,,0.5564544767061065,0.556223030428667,,,,,0.556879119125407,0.5563212272197464,,,0.5575419307172227,,,,,,0.5563937822788229,0.5556962403232264,,0.5567090586474264,,,,0.5573663506944185,0.5558369341903602,0.5572840446729639,0.5565551806531035,,,,0.5546056664133733,0.5572677351017764,0.5568814808281823,,,,0.556726407000012,0.5565981484985217,0.5569772135018155,,0.5572098720962496,,0.5564278419747021,0.5575005806113646,,0.5569647283693043,0.5584333401254703,0.5557137731681312,,0.5571486994945304,0.5570906524781496,0.5569924652728835,,0.5568269884635374,,0.5580838204799616,0.5571595160646601,0.5567073017755241,0.5571489805078175,,0.5551408048322664,,0.5585374888853797,0.5572416986354107,0.5547970911226068,,,,0.556445334837625,0.5566624502410786,,0.556638956184949,0.5562949191520425,0.5553589149552006,0.5561400197754061,,0.5570256401530965,0.5571610877360499,0.5574432932773128,0.5566120827464067,0.5575399138956335,0.5574910360094528,,,,,0.5554141168962818,0.5558826289224241,0.5569467833575483,0.555742952590697,0.5579286104542593,0.5554337727158114,0.5566048130210465,0.5570675724551835,0.5571687138197333,,,0.5569879733712552,0.5570614479926467,,0.55625166481191,0.5572695622014673,,0.5560237425669223,,0.5588417011025485,0.5571802352084388,,0.5573987448949598,,0.5577770256772133,0.5564931096479513,0.5571131338889058,0.557133537212615,,0.5565087980365155,,,,0.556636411855436,0.5562707473685288,0.5564257026751529,0.557073145846977,0.5567363797391364,,,,0.55624990773908,0.5572905207832767,0.556673642279881,0.5568321413133559,,,,,,0.5573060543035491,,,0.5566707615018007,,0.5566624361200936,,0.5564867944739706,,0.5584730764143951,0.5581402925252317,0.5582794437304285,0.5572491978886791,,,,,0.45803530417538546,0.514452506298626,0.5134670117292484,0.5143778117013109,,0.5591961533785059,,0.5576406453944927,,0.557228858951503
8,24,DG_48pct,96,Z18_F12,18,3PH,174956,181890,True,4045.132555939084,4099.6754449333,4125.724792914599,4519.944587278042,4564.829805952617,203.94545557585542,15.975727025230897,418.2119691113015,374.6998894023621,206.813653786694,190.98303752838746,63.73380539801331,0.931371007075439,45.66856389685016,148.31427128806087,89.47265762995178,4822.792627958149,1.8431528078245354,52.47312861866492,61.88384806261155,,0.7306336580292422,0.7311530377832557,,0.7323064596669532,,0.6621552952591899,0.5697156998873464,0.5682722018740851,0.5690507761731003,0.5666794327369117,,,0.5744490750771377,0.5748018008363315,0.5740297918090723,0.5756215039648875,0.5743025419560688,,,0.5706945064245025,0.5708161396669098,0.5707839089378388,,,,,0.5616195669953571,0.5604180278509183,,,,0.5701474997626199,0.5714553483685582,0.5704683282978497,,,,0.5198006377473924,,0.5118460598165743,0.5127804525974751,0.51219893102502,0.5138730539105657,0.5142651698001112,0.5152303062538601,0.513457893843519,0.5137850662036535,,,0.5138378574696313,0.513562437357299,,0.5145820712908661,,,,0.5071184743254284,0.5075159638354093,,0.5072640035840686,0.49749694002069245,0.49748874189454095,0.4988486860878871,,,,0.49843804262876595,,,0.49895782030200864,0.49737730038344957,,,,,0.4970282636562018,,0.5001406875678602,0.4976812323204985,0.4982233706451751,,,0.49875276111132455,,0.4603056300549814,,0.4605916794437657,0.007089107606824438,,,,,0.007063743366351013,0.0070502400727850845,,,0.007128899262976746,,,0.007143026610222945,0.00712698472093164,0.007163165568912331,0.00712087106291612,,,0.007141442526218592,0.0071271875400098165,0.00713647169672141,0.0071277029668549395,0.007142516978083641,0.007131095029774211,0.007134257984059887,,0.007109608984879741,,0.007133709519360125,,0.0071203518239881065,0.007112351088476355,0.007118443049063507,0.00711914673402506,,,,,,0.007107419964092736,0.007115168521681512,0.007123541622275384,,0.007119851015489566,0.007126956705762849,,0.007118801615881241,,0.007104464898156348,,,0.007139999783156993,0.007119842948600379,,0.00713301281297714,,0.007119402502084081,0.007133372807709886,,,0.007146585257928605,0.007108346947048319,0.007121127120017772,0.007134179264613244,,0.007132564644315773,,0.007107643188316582,,,0.007116967994986561,0.0071407764083737295,,,,0.007124317812081294,0.007118734003983709,0.007103213712757507,,0.007147155475633819,,0.007107263583413336,0.0071007706912714404,0.007134531603795606,,,,,,,0.007107644066855493,,,0.007111269578719796,0.007121392539883757,0.007119086099440776,,,,,0.007121542447401802,0.007125801990934371,0.007109255430563733,,0.0071170477377312455,0.007135679958404959,0.007120363747723927,,0.007136146342163576,,,0.007129899200097007,0.0071451317056690925,0.007114368286052885,,,,0.007135807956014603,,0.00710889151985242,,,0.007106582886367535,0.007116778100153203,0.007123362357492983,,,0.007097012366932244,0.00711928243610576,0.007116630811301257,0.007114677190937259,,,0.007137463493861419,0.007125749369140299,0.0071187475688579355,0.007145007836930603,,,,0.007129716661088247,0.007121025837600822,,0.007129374571636761,,0.007108649749095974,,,,,0.19600309633571958,,0.1612317278252694,0.16171924244700386,0.16156553965112205,0.1619908829542049,0.16214841136658467,,0.16167282327562882,0.24126812593127986,0.24122119413240833,,0.24081081014679598,,0.24177609371158773,,0.24101705256971354,,,0.24106948375178158,,,,0.24082183512442515,0.2419150553796353,,,,0.24149032625001493,0.2415222952089285,,,0.2415623634420845,0.24113662393567864,,,0.2411299463481643,,0.24164087020248562,,0.24095840401669122,0.24090773644750121,,0.24119875037844052,,0.24114710636176334,0.2414229091979946,,0.24091083930811763,0.2219725373279338,,0.2214262286872869,,0.22257735065827927,,,,0.22177244529069012,,,,0.2227238921718703,,0.22210844802380594,0.2220688640613488,0.22162823804336657,0.2218060872321388,0.2216254543530055,0.22210503733319487,0.22212570539771204,,,0.2224539705486982,,,,,0.2219858234271811,0.22205134419652572,0.22198460797666125,0.22150100000587503,0.24119718137824436,,,0.2415437288805196,0.2415588998052192,,0.2410447813275847,0.24074899640026776,0.24088749720883373,0.2413652225530758,0.2405012349693752,,0.22145780396286427,,0.22201055822304752,0.22168323848135107,0.2223113711474478,,0.22155052831372976,0.22113721181393226,0.22160471688822106,0.2221817517482536,,,0.22077289820524026,,,0.24089422449120923,0.24102310462419047,,,0.24104563640315754,,0.24070125448541246,0.24116174668710447,0.24049730068963027,,,,,0.23987514279533226,0.24085863259170712,0.24106563495214878,0.24019259189953843,0.24125964673006198,0.24109167357959954,,0.24054850779924564,,0.24041723782979701,0.24071434056991137,,0.24079849649972287,0.24087307164686622,0.24113900367632587,,0.24097139134575155,,,,,0.22231179601846862,,0.2210370978039153,0.22094669120050234,,,,0.22169869536432843,,0.221485372764408,0.2215392465771193,0.22137430549582732,,,0.22172748449826424,,,0.22130726087941047,0.22239782500105978,,,0.22159071778581813,,,0.22142985625108866,0.25214818732189753,,0.2529712060603716,,0.25273967255505825,,,0.25182111718465205,,0.24766698895282463,,0.24867580390078353,,,,,,0.16235167862877223,0.1620161493519718,0.16175135998307044,0.16166548412567205,,0.15774825367360565,,0.15339093814453375,,0.15345095407064588,0.16556664526758763,0.1656360946010653,0.16513744996193047,0.17018093711777196,0.1704196644614944,0.17036501085066966,,,,0.17334021464228333,,0.17348246293276326,0.1736878922965971,,,0.1737294323864846,,,,0.17401864746034518,,0.17434232780665132,0.17390514726541248,,,0.1740848935142796,,0.17397484752716286,0.1740315125236993,,,0.17436078992852558,,,,0.17417195657090007,,0.17727726109752134,,,0.1772710378075561,0.17780131625837603,0.17533808035111767,0.17831500743281184,0.17832638950468324,,,,,0.17858217412395375,0.1786914833568258,0.1786368007146212,,0.17821468045254413,0.17804128391452773,,,0.17792351444111057,,0.17730844229825965,0.17794273951751965,,,0.17768324877885028,0.1775297132451055,,,0.1774211751520186,0.17808553513716455,,,0.17733422068599355,0.17708228207219007,,0.17726948685513255,,,,0.17744525811693487,,0.17762931736807033,0.177722774830553,0.17746144637973302,0.17792264516019604,,0.17789128728509043,0.17757405215376396,0.17702957531818256,,0.17722698020900818,,,,,,,0.17744077585133844,0.1770466784350354,,,0.17762647786925392,,,,,,,0.17792903228314155,,0.17732371912028194,,,,0.177635384727993,0.17761049140176827,0.28568179763920065,0.28643166422056887,0.285808795969833,0.28651858860693363,0.2863818684903689,,,0.28705506969040184,,0.2867399131451984,0.2862516397419538,0.2864880265352165,0.2871694387211029,,0.28620082292636945,,0.28734001756095323,,0.28713949393152777,0.2865968199269501,0.28697021834266717,0.2863158053942873,,0.28700099558373304,,0.28637968107013095,0.2866379361474878,0.2867222819578665,,0.28643383483455004,,,,0.28745933070994895,0.2867496762054595,,0.2868790027907931,,,0.2855402062650967,,,,0.2858488106278225,,0.2862567460501935,,0.2855886030022657,,,,,,0.2856806026449415,0.2864560798911951,0.2867473317808357,0.28665425965618707,,0.28654789064232217,,0.28631172584590386,,,0.28662207634744574,0.28671786764968044,0.2828755606680953,,0.28618252980235603,0.28686564767861145,,,,,,0.28631606119242997,0.2864826295055771,0.28568616992045864,0.28691072459229244,,0.28581530546372036,,,0.28617758613068567,0.2867263167031873,0.28720762167176833,,0.2861669465402138,0.28633112004707695,,,,0.285733135045834,0.2869916058056976,,,0.28585271528055634,,,0.2865413029708486,,0.2853397560214657,0.2857814650927363,0.2863090470248752,0.28683163968406256,,0.2864056943884743,,0.2856577719399122,0.2863948609091712,0.2863762519052109,,,,0.28544766690987505,,0.2857645001567735,0.2862949667396338,,0.28651133376961835,,,,0.28628592489575827,0.2858416914629637,,,0.28605262162805795,,,0.16465901442228054,0.16455114263482906,0.1645141982923226,0.16476231387618367,,0.5337434135865277,0.5939634759425758,,,,0.17663222056425726,0.5719895771718135,0.5729510824808725,0.5730733379934522,,0.5718681495928979,,0.5705807833561911,,,0.5723597101820844,,,0.5714129073502884,0.5720008370026347,0.5722971269354596,0.572530129577548,0.5725963019316745,0.5729603769058439,,,,,0.572752404960143,0.5700363755221095,0.5707665251668596,,0.5721478438330866,,0.5723625761885056,0.5711439687048765,0.572836279925538,0.5715964808493652,,,,0.5717571718472136,0.572068836727908,,0.5709596767458021,0.573117434356688,0.5714110430894636,0.5701415149815329,,0.5710235632000009,0.5713909200367997,0.570909307529105,0.5722469337781843,0.5709946407235073,0.5697394496712571,0.5718797327605162,0.5725498630167882,,0.572752385891403,,0.5712444249521214,,,,,0.5716043624583022,,,,0.5731023949109152,,0.5705056434309331,0.5717544561532305,,,0.5734430759383237,0.5712719597393733,0.5691851873806391,,0.5704661754660034,,,,0.5714395907237703,0.5731061035394325,,0.5735796074754446,,0.5710918724177674,0.5708307674877561,0.5726322135250156,,0.571694500866565,0.5710072709840064,,,0.5722687410759116,0.570749916947154,,,,,0.5722303187335833,,,0.5716667896392402,,,,0.5715731096777034,0.5728188991698473,0.5723549009867559,,,,0.5718479882890145,0.5721081837325496,,0.5710455442142419,,,0.5725177376576497,0.5715614365310796,,0.5726076495821825,0.5707087902029809,,0.5721497893500103,,,,,,,,,0.5697476833688143,0.5715707411724965,0.5708813962481006,0.5709921082261965,,,0.5687337124329633,,0.5725819550151819,,,,,,0.571399044168082,,0.570060468878639,,0.5704224522121494,0.5712894569097697,,,,,,0.5721188869489574,,,0.5715418637969062,0.5722064447847014,,,0.5720190612584977,,0.5724850018683206,,,,,,0.4763068330566072,,0.5296519769977359,,,,,0.5756055217629424,,
8,24,DG_48pct,96,Z19_F01,19,SLG_B,174954,181885,True,6398.170394054593,6208.96897080559,6183.779040318187,5341.774089738817,5258.661325150828,622.1457967759295,71.13879745635401,1810.5361778239678,1631.7917513592622,928.9087889444978,858.6264660203484,289.45268684965265,5.283463860852738,57.08183995396452,186.9826460462274,267.7263958535719,4850.542779984698,5309.062776821927,302.8326152889181,272.0138396396516,0.6773289268179999,0.6765976863577264,0.6757289249397023,0.8122893930323501,0.7534697111254189,0.6724430266676598,0.6929384619763989,,0.48762009274845985,0.4873945512699852,0.6135063068102382,0.7545981056493566,,0.7531211562574956,,0.6196772867646915,,0.5095177700116649,0.5091936177073046,0.5101266080433869,,0.4861309538752844,,,0.48448713831303825,0.48373339429832335,,0.4821953601578528,,0.48553059175793045,,,,,,0.7598911356662688,0.4528313251296115,,,,,0.4374537137332783,0.4372516954675627,,0.4375949884806319,,,0.4379468434567003,0.4374372408567357,,0.437896257483186,0.4392145240594853,0.43723047089435835,0.4381461076659882,,0.4377770453730683,,,0.7548930051592795,0.5640801617382751,,,,0.7516406414989808,,0.7513100699059948,0.7486325697108416,,0.7508522805028653,,,0.7507148466830147,,,0.7527458596528357,0.7534053448743201,0.750170024064058,0.7515648638719772,,,0.7506409531830293,,0.7500576601567206,0.7516931629110984,,0.37948758982867226,,,,,0.3347032102628168,0.33613037386472266,0.363591308922671,0.3636925095390593,0.3637666408037041,,0.8351321283707583,0.8303729515656643,,,0.8328068570903422,0.8319466341336994,,0.8330772068291279,,,,,,0.8338899682589757,0.8337484367233392,0.8324518912184472,0.8315686416890411,0.831117000173985,0.8325140507393741,,,,,,,,0.833491351599804,0.8313666413298806,,,,0.8316312318927712,,,,0.8329561795246435,,0.8311714715800151,,0.8305434088542882,,0.8325974283708827,0.6341542878005993,,0.6357828102321151,0.6331878175232244,,0.6345515802795139,0.6344043954583499,,0.6368400223275062,0.6355868575342075,,0.6347022743387278,0.6330308706153095,,,0.6334657111583764,0.6343692820322251,0.6335477522144389,0.6338118422672823,,,,0.6347739696779209,,0.6342394717633434,0.6342485801059987,0.6343127859296134,,0.6351549459723544,0.634314479046593,,0.6350131240917749,,0.6347805711584574,,,,0.6348929540742414,0.6358726067291346,0.6336877793751315,,0.633327431652092,0.6334612986575848,,0.6324832343387667,0.00048768930672018985,,,0.00048818292642428205,,0.00048686175524161003,0.0004872007913706947,0.0004880118124428269,,0.00048750023894226217,0.0004888021262905523,0.0004876151244947145,,0.0004876572856881483,0.00048809131311034116,0.0004871626070422242,,,0.00048815010884148814,,,,,0.0004874338022990327,0.00048455260075689764,0.00048696053695433406,0.0004876301122251767,,,0.00048716031206914536,0.00048674807729752847,0.00048678724469310993,,0.0004868529897838142,,0.0004876984363868203,0.00048771533063426525,,,0.000487370025816613,0.00048818361413522905,0.0004870374810669954,,,,,0.0004886792619946993,,0.00048744288566690406,,0.0004885894658097403,0.00048755705435558796,,,,,,,,0.32840387359024104,0.32816489474581934,0.3279465104590674,0.32717732746272016,0.32811126627358445,0.8130712833034833,0.8096996754868514,0.8113726998880462,0.8102940812761384,0.8128574152898728,,0.8091911453592208,0.8081277740868217,,,,,,,,0.8092284298855795,,,,,0.8107603758702204,0.8079397407770804,0.8088661858376955,0.8077601442008957,0.8105585212820599,,0.8075050092731748,,0.8100122262626699,,,,,0.8069000872485529,,,0.8102951225483215,0.8084402545764433,0.8109340728526707,0.8098740766548693,0.8084964553317024,0.8080847987600598,,,0.8075949859229556,,,,0.8084559606001096,,0.8080460178679438,0.809854026077396,,,,0.8067069538265946,,,0.810150548161124,0.8059850454741952,,,,,,0.8070102736071083,,0.8080425822546453,0.8100709429151444,,,0.806311533716447,,0.6083200911131422,,0.6075006511318456,,0.606139846178241,,0.6076539374040886,0.6087812923159199,,0.607774970579427,,,0.6065627316570321,,,0.6059320112160638,,,0.6076220676301257,,0.6078052633882687,0.6075931309085032,,0.6073756045321974,0.6060251574331317,,0.6069413840294936,,,,,0.6061411609022558,0.6072466199604054,,,,,,0.6075791125851416,0.6067901863157398,0.6064685394200672,0.6057036302053911,,,0.607065871990561,0.6084352906667116,,0.6068755022148653,,0.6070586685102614,,0.6066693465928089,,0.6070579408071142,0.6061748950465593,0.607053629012174,,,0.6071096870374819,0.6081088655650572,0.6065536321327397,0.6053009354528585,,0.605827453279227,,0.6068440567781125,,0.6073172128521978,,0.6065462314045931,,0.607113294092534,0.6081460704080698,0.6067354456527517,,,0.6073644754993032,,,,,,0.6075711555809427,0.6079332696091767,0.6073745103712149,,0.3911105875907561,,,0.8139126506719357,,,0.8110824255391994,0.8146206035201365,0.3568346014074395,,,,,0.35753559024208365,,,0.6103994923537167,,0.3280486238991903,0.328834298222873,,0.3226648031226681,0.3222236299540543,0.3185901328965466,0.3171309146390084,,,,,0.8335928664121552,,,0.8410829585159165,0.3446947489588244,0.644100442437694,0.34829434544989124,,0.34905444337868946,,0.3493363393341884,,0.34787748902867643,,,0.3526223785561945,,0.3537246403761919,0.35282976522862103,0.35310671260099985,,,,0.3530953390868995,,0.3530966603395326,,,,,0.35403309197442545,,,0.35252531910460405,0.6649533739477779,,,0.6645782654995688,,0.6594636115938698,,,0.8686408783055508,0.8686121697909673,,,,,,0.6672649253200262,0.6679321709012005,0.6694653791548919,0.35900959140758465,0.3602156607430686,0.35931197224067446,,,0.35941432763455283,0.3591005418792611,,,0.36028522081203174,,0.3598336031648106,0.3604016906448782,0.3606214766923555,0.35974784973654833,0.3590516222726482,,,0.3605365463474233,,0.3596603727475204,,,,,,0.3593802593767952,0.35966301172067366,0.36011245410422715,0.35936482592680913,0.3587332076240034,,0.3596781685886406,,,0.35876527398824315,0.3607854183837316,0.3607850823616095,0.3598283958883789,0.36009766755449946,,,0.359824661845945,0.3599645569916746,,,,,0.3605167166383662,,0.3596354804606977,,,,0.35890948802268696,,0.36037377957691974,0.3592079205400584,,0.35971416401835826,0.41479142465839797,0.41554303073360643,,,,,,0.41411644986510643,,0.41474049425602866,0.41491461818920095,,,0.8144694683554609,0.8128858867442816,,,,0.8146968946857935,,0.8139793170432471,,0.8136241530844976,0.8147954300562887,,,,0.809171361438277,0.8151244090869397,,,,0.4145771092961389,0.4168377018607739,,,0.41516776381622683,0.41473540771829964,,0.606962632795041,0.6067330095117554,0.6073855141792674,0.6075678260761483,0.606790828148028,0.6056291714493409,,0.6045022510267989,,0.6063912425288035,,,,,,0.8122353131404003,0.8092018506457469,,,,0.8130189942857943,0.8162202515599625,0.8129770283885702,,0.814825551029038,,,,0.8113978555982347,0.607951959159093,0.6063047441632989,0.608662296292404,,0.6068238307056844,,,0.4146293081732216,0.41421005633838687,,0.41440183416121645,,0.4146615328690828,0.41604445307887594,0.41483106043200235,0.4150177205814087,,0.4145143874256615,,,,0.4165610930213284,0.41641962779575914,,0.41527153985366494,,0.4147567927491238,,0.4158915982241455,0.41551827952709297,0.41563329602421767,0.4158333773795525,0.4148045711320868,,0.6075931840359926,,0.6104508135776823,,,,0.6089437659779432,,,,,0.6071176414468469,,,0.6074724618004853,,0.6055520124332232,0.6082221831934699,0.6092443804528099,0.6069963840626255,0.6083638788092326,,,,,,,,0.3336330117747736,0.33413865285818933,0.3333403035794302,,0.591701506886593,0.6321548309447169,0.45627040251773743,0.4568059499515257,,,,0.4865302407271761,0.48606790587866266,,,0.4863432103781907,,0.4848079215432962,,0.48521146774650503,,0.48447311209756133,0.48535809162929866,,0.4848834541917513,,0.4864980334880717,,0.4860740483717766,,,,0.48488522345819296,0.4855350163003267,0.4851519707415405,0.48599147984802843,0.4860373498256591,,,0.48607543893584015,0.4857474994377914,0.4857159002486222,,0.4840374419975507,0.4867942154420464,0.48526309524873457,,0.48576506096323113,0.48654211347999055,0.4844181302592713,0.4848888131591406,0.48546667511643093,,,,0.4849337408046812,,,0.4860515426696192,,,,,,,0.48511629578771165,,0.48602048666669695,,,0.4856318875612787,0.48583089865697154,0.4849860120464627,0.48598301131433547,,0.48500841748062595,,,0.4856625536493414,0.4845543628861814,,,,0.4849915183490797,0.48675693165027917,0.485288054427706,,,,,0.48544846624519516,0.4840110766887097,0.48734359145687384,0.4846120152067782,0.48539801188963305,,,0.48573716557149793,0.48450171422977006,0.48605373695581705,0.4851199224360436,0.48530410669201113,0.4850787923727186,,,0.48639599173674647,0.486328998206333,0.4853741674547603,0.4841570287004533,,,,0.485048022950741,,,0.48522563032038,,,,0.48635579655868927,,,0.48541950830205266,,,0.48557873964352594,,,,0.4863373865777519,0.4851871768368262,,,0.4853054020922116,0.4851427004115192,,0.484872894659279,,0.48615735907079666,0.4858836279941625,0.4835211452441513,0.48560588005501293,,,0.4855400855748496,0.48539103386071364,0.48553887623753683,,,,,0.48690820815050595,,,0.48574951219450085,0.4863811268472834,0.4840384563785072,0.4853944660942287,0.48466314664118565,,0.48615826640458676,,0.48509948663443,0.48573164740467506,0.4857830267475117,,0.4863418965021028,,0.48488601168091383,,0.486144119670382,0.486615537984931,0.48703312880737126,0.4857634297754646,0.4846385742596739,,0.48658140157642166,0.48520695380991324,,,,,0.5880126722179256,0.5109142588925171,,0.7543387831284499,0.6193600300701427,,0.5101507227166301,0.5087022988616977
8,24,DG_48pct,96,Z19_F02,19,SLG_B,174955,181887,True,6354.062103051978,6195.567038677879,6164.777804112721,5353.040227991473,5248.047928706753,622.5584088068526,71.65334269856478,1817.3482047437292,1632.5740667833838,925.6511112435596,862.3334782551075,289.37804485546803,5.3519360456528124,56.907090085003986,185.2487776288683,267.36055528371224,4803.588598973004,5298.536121052414,304.17043848015743,270.70776217170965,0.6786132774821871,0.6777513300632354,,0.8133976842045326,,,0.693577906905979,,0.48709947284428357,0.48683494104553543,0.6107697056263728,0.7516060664757824,,0.7518364233236629,,,0.6174511460988594,,,,,0.487015922574563,,,0.4858895005077315,,0.4825364478395448,,,0.4870267510166229,,,0.48741771887281177,0.48687209051090996,,,0.4547464525381007,,,0.4394823390236348,0.4396290481153115,,0.43906804377174674,0.4388930011592616,0.44060372553785754,0.4384902897522491,0.4387456715512242,0.44018708871127565,,0.43945246367223983,,,,0.44143695870951266,,,,0.7507079798036662,,,0.4935305811525327,0.7508255061355574,0.7490876555183457,0.7491503470733812,,0.7508251790865685,0.75364647200637,0.7488768510794043,0.750883262422355,,,,0.7494157332197372,0.752040031025233,,,,,,,0.7514435766641991,0.7521581365149923,,0.7519916073125248,0.7519843762304178,,,0.380959688016208,0.004649559401852395,0.33433213690011215,,,,,,,0.8362700588742273,,0.8365262071831997,0.8343973472101502,,,0.8341397287681805,,,,0.8319451032686506,,0.834669925360745,,0.8343743082961368,0.8342099113683387,0.8355177703891248,0.8326994198372407,,0.835466633573385,,0.8377453830898616,0.8329969633588276,0.8329502851458883,,0.8336530261208531,0.834228344412919,0.8339412847270908,0.8337482524675494,,0.8328109889974351,0.8356287071738396,,,0.8348017963500272,,0.8315487436299256,,0.8322053552241633,0.8318362537506845,,,0.6345866189139806,0.6340066072641515,,,0.6350475569050076,0.6334551844360282,,,,,,0.6349468089304555,,,,0.6348394896542512,,,,0.6348706009300785,0.6337235207068886,0.6339145086862308,,,,0.6341326595846835,,0.6349370773279913,,,0.6329468058213417,0.6321427125736405,,,0.6339693914223392,,,0.6331903695769231,0.635024134325368,0.6347436850576931,0.633274538439135,,,,,,,,7.712448976913836e-05,,7.699855813561563e-05,,7.732511367208651e-05,,7.709655553030375e-05,,,,7.692412531235885e-05,,7.688465068775006e-05,,7.719769311866416e-05,7.725651729967534e-05,,,,7.690487017509483e-05,7.706215057023654e-05,7.693814622299743e-05,7.695382149072628e-05,7.69552534645899e-05,,,,7.68613246223327e-05,,7.694240919186397e-05,,7.691463727334294e-05,,7.697696555980597e-05,,7.690809667852882e-05,,,,,,7.725915264406752e-05,,,7.69310443411645e-05,,,,,,0.3308882723765099,,0.33094834273721574,0.8071274693380184,0.8012016334499308,0.32712525600452685,0.3290166605618513,,,0.32737492102273064,,0.8098033993184682,0.8106053614986114,,0.8127187019122021,,,,0.8099853477319332,0.8123011487654253,,0.8086966910608153,,0.8101471130155142,,0.8101274228404952,0.8112822561989483,,0.8091018888143524,,,0.8110988079370585,,0.8107615469493165,,0.8103409814364441,0.8104221457603669,,0.8073739295546903,,0.80924194502988,,,0.8134191278180848,,,,0.8102952310170941,0.8095306740415346,0.8095576547021606,,,,,0.8087374609527945,0.812305842569075,0.8085024944049953,,0.808437983275074,,,0.8079876665165513,0.8102023800773849,,0.8080668558688191,,,0.8102000528866223,,0.8060910458205498,,0.8084692980151275,,0.8080606214640736,0.8106322146543574,,0.8056220245646929,0.806309659675664,,,0.8076087953184571,0.8061568531126218,,0.6063401261007038,0.6069300254096993,0.6087059431754319,0.6062718622226506,,,,0.6056910372007634,,0.6075382127784401,,0.605780050893884,0.6060955525709841,0.6081012995931607,0.606809279453696,,0.6052658315611004,0.6049739410295054,,,,0.6054742218103188,0.6061994910845486,,,0.6080593568226956,,0.60640917372334,0.6069117989508167,0.6057551244349805,0.6060608242285072,0.6058489914117813,,,,0.6062893424600719,0.605188864972538,,0.6063784816590505,0.6085430814934293,0.6065380806385049,,,0.6059360301873792,,0.6072071504760884,,0.6064038575829598,0.6082116436361484,,0.6066111354320203,,,0.6075015862539567,0.6052939248314915,,,0.605705311674222,0.6047471600157264,0.6055845252967663,0.6049289436014226,0.6072304058851402,0.6062994417400493,,,,0.6069536394877688,,0.6059588873733637,,0.6065797345910573,0.6055547456835895,,,,,0.607936806716686,0.6067934928411064,,0.6068587984106606,,0.605262875591186,0.6061282451064874,,0.6079571187958496,0.6075088042626934,,0.3930608379930905,0.39375650171816784,,,0.8153440023326605,,0.8126475805463236,0.813706429181221,,0.35794785975948107,,,,,,,,,0.3293446879717452,,,0.32390287730569783,0.32347794781829087,,0.3175026952329111,0.31823715380854584,,,0.6199277323110998,,,,,0.3455616407094925,,,0.35101018893934116,0.35205742501262727,,,0.8490326069819479,0.3510644780923853,0.65128570881918,0.35622112633961106,,,0.353852215995626,,0.3543168973996318,,0.35375998786588836,,,0.3545074564990371,0.35401451848715887,0.3544751831209118,0.3541523186539724,0.3526590398705042,0.3545689330139848,,0.35423617412382197,0.35410200684478305,0.3527307500568248,0.6663484481654754,,0.6634516566228459,,,,,0.8723410164259569,,,0.3632972384274894,,,,0.6658597909851083,,,0.6673268287473336,,0.35991809943552355,,0.36068321542723597,0.3611455678449432,0.36097326564601595,0.3611864342423423,,,0.36079563971558093,,,,0.36004570972130484,0.3602061452564876,0.3601537617638834,,0.3605812658772728,0.3605635967438447,,,0.3613884663429025,,,,,,,,,,0.3600999855137251,,0.36084738159095087,0.35994849642476995,0.36072952078132586,0.36107514768615734,,,0.3588036029460858,,,,0.360946449638,0.3609290598812504,,0.3609692727104012,,,,,,0.3605908120796142,0.35988556112364284,0.360093509616039,0.3612355316178526,0.3587426944166353,0.35937761051871814,0.3603618408825301,0.36177220333708243,,0.4167039301367702,0.4181131247272901,0.4178222161236228,0.4174853804594856,0.4162235839844136,,,,,0.41731551681200546,,0.8139280962690353,,0.8128422116083018,0.8127496558080213,0.814461733754491,,0.8170588615739098,,0.8123375229899885,0.8130624829805818,,0.8124322290878891,0.8125054236740379,0.8139345969940381,0.8128358981991063,0.8117317005727528,0.8109123720466929,,0.8160290695149607,,0.41700166344762635,,0.41849663726340797,,,,,,,,0.6064544731689252,,,0.6051929806751146,,,0.6049899734081418,,,,,0.8138749478422707,0.8134523591064197,0.8132137005486169,0.8130578928262822,0.8151893400274148,0.8153840658693216,,,,0.8126468456022179,0.8136838448799154,0.8140613607878382,,,,0.6087661613479799,0.6061921774328065,,0.608223552346382,,0.6088321659464587,,0.418252289195311,0.4169395533236897,0.4180429361554648,,,0.4178884867184594,,0.41781206512555863,,0.41807180161192065,,,0.4184632026204957,,0.4166578073710271,,,0.4178609204972063,0.41723587531484735,0.417231649574879,,0.41774897116744625,0.41793002411728647,,,,0.4180630777903739,0.609129751613553,0.6089823858102208,0.6078074095933019,0.6086641835604193,0.6078522173316688,,0.607391897030759,,0.6079176654845055,,0.6051729552970226,,,,0.6059811611836465,0.6075519385048468,,0.6074765184680319,0.6062032797213109,,,,,,0.6080514980528386,,0.33418383770061394,,0.33474977195747824,0.3347144941908751,,,0.592326945739261,0.6348275680968518,,,0.4589054264538254,0.8599122457926833,0.48632141354279046,0.48704379803174824,,0.4878427687356274,,0.4880295469488692,,,0.48657011351974394,0.48610771227493776,,0.48622189352420025,0.4875531526694459,0.48731556316276753,,,,0.4871564267350432,,,0.4859590811731359,0.48814213203556944,0.4867143531012199,,0.48567708767695306,0.4859350960311084,,0.4879063380566154,,,0.48522185544527163,,0.4860355768048562,,0.4860945618112888,0.48590524069390306,0.4872698276241166,0.4872903094498495,0.48798320683938773,0.48678443048755604,,0.486671215872578,0.4871985531529821,,,0.4867451955309294,0.4854495027512,0.48756441403434064,,0.4871178458695118,0.4862758195635287,0.48714657462239147,0.4868523013232982,,0.4876830774833867,,,0.4874565920781402,0.48698868944350826,0.48561243706277507,0.4853859142061892,0.4873105676395544,,0.48739382706295215,,,0.4851853869666368,0.4868571505155842,0.48681484646595885,0.4876153986245913,0.4864911272887099,0.48685257171476093,,,0.4854131755665787,0.48673250490785736,,,,,,,,,,0.48668411026108466,,0.48762368261710703,,,0.4883714403237949,0.48559004679729595,,0.48664256493014096,,0.4876286462767134,0.4871996797881104,0.487807136151497,0.48546106481520546,0.4861722168222013,,,,0.48751517437755676,0.4872029869132709,0.4878180303034032,0.4865534154325394,0.4859279537108071,0.48579851106865934,,,,,,,0.4849489226099268,,,0.4869738034346582,0.48644842339306915,0.4859512835688836,,,0.48659330542741636,0.4873235961782368,,0.48648877474345187,,0.48680181991437715,,,0.48650791828165224,,0.48626985949057866,0.4869433234968335,0.4869007511738129,,,0.48601372695233597,0.48616782685395266,0.4863245145291282,0.48762551930668085,0.4861004792919403,,0.4868668422729104,0.4864874477232522,,,,0.4865163433151638,0.48571961132953406,0.4869622395267368,0.4861824877477137,0.4866685812509754,,,,,0.4867750728162782,0.48553636500364883,,0.4867623368662329,0.4857850780210258,,0.4865240513398978,0.4861262929912139,,,,,,,0.5898980645884224,0.5118304034017643,,,0.6194622305975089,,,
8,24,DG_48pct,96,Z19_F03,19,SLG_B,174957,181887,True,6360.130101295573,6208.939372309784,6137.5955692111975,5363.253773990031,5231.318449086036,622.2396285346678,71.67368165093828,1808.326464593395,1630.550592283649,926.9443931536765,861.9590425763269,289.9858606430261,5.296012421703398,57.30902427895566,187.40329659759348,267.5969110934742,4826.799910769615,5315.685933126647,306.3926092979946,270.0604281037428,0.6780797426442717,,,0.8123190291552154,0.754498489712736,,,,0.4859156989614172,0.4870442085763599,,,0.7542032928027719,,0.6212823577916818,0.6205786669541099,,,,0.5094455049607773,0.4888907517581875,0.4881181805735493,0.4875373640297813,,,,0.4845729098656509,0.48320316333755237,,0.48757817977195445,,,0.4869512894392982,,,,0.45522481091373124,,,,,,,,,,0.43998121848804667,,,,0.4392483875855139,,0.43989161876055155,0.4394981736655442,0.4406010046852278,,0.4398405840699839,0.7510744708030282,0.7528304304010548,0.570152979055541,,0.7519320060172008,0.7510434209671141,0.7479663640881528,,0.750350114897447,,,,0.7513404500545778,0.7512140351645837,0.7490187134757671,0.7531190313006194,0.7512099588753076,0.7505045767840484,,,0.7495260833237634,,,0.7516517789875415,0.7521858169967001,,0.7530004224763823,,0.38162154201866033,0.3818880667737397,,0.004661572761895361,0.33525054683217675,,,0.3633244001746734,0.36404544276077455,,0.8330793685390274,0.8352246784449062,0.8340476534536246,0.8358077471762471,,,0.8357006550597472,,0.8337790504207104,0.8341396034560488,,0.8357110853876307,0.8349528259870604,0.8347123340783237,0.8372853278552911,0.834520112524277,0.833897739049437,0.835540328516411,,,0.8338058258051907,0.8317105609612062,0.8333976073229484,0.8346407778749025,,0.836310680545347,,,0.8370217708178775,0.8348213496461491,,0.8327822021535716,0.8329166261282697,0.8338611639877765,0.8330445948430052,,,,0.8336235217636245,0.8335338065573629,0.8336521904754286,0.8334493662438793,,,,0.6316857232579133,0.6356487177426164,,,0.6353839718309625,0.6360342193826035,,,,,0.6354705710841634,0.6332450085449614,0.6343826855465067,0.635910645806742,,,0.6343673349301628,0.6368393917902827,,0.6322480700425865,,0.6336313112153615,0.6333268603942893,,,,0.6346070595352701,,0.6362677197392853,0.6327702036313384,,0.6334113299598249,0.6332491236909727,,0.6344132270129801,0.6338870109727027,0.6342536832531384,,,0.6355009270079311,0.6343313168753646,,,,7.712066211753564e-05,,,,7.687977140783268e-05,7.697122347445313e-05,,,,7.72082657863013e-05,,7.706189971126835e-05,,,,,7.700902384901065e-05,7.697544042583752e-05,7.697187472210922e-05,7.705049457261375e-05,,,,,7.699859602661124e-05,7.684874691764475e-05,7.68815474917437e-05,7.691784967680845e-05,,7.698342362404564e-05,,,7.673157343227891e-05,,,7.712213279285248e-05,7.722875203190158e-05,7.691073316020169e-05,7.724370607231538e-05,7.7049285344125e-05,,,7.701931754986671e-05,7.718727904891251e-05,,,,,7.694003049013085e-05,,,,,0.33120915553778324,0.332230335582608,0.8042119360501138,,,,0.32805002546918227,0.327893145429434,,,0.8111180948850867,0.8075868826979047,,0.8096770549294655,,0.8112482365346972,,0.8118024322485563,,0.8114215051194886,0.8106688604959135,,0.8103012686941558,,0.811359580286981,0.8102808673241731,0.8121096723666692,,,,0.8105246499928371,,,0.8107503882444053,0.8102878756705519,0.8116538814783718,0.8112979741737137,,,,,0.8105239408407506,0.8093613638799596,,,,,0.8079653319590898,,0.8087295545569964,0.8126894540409786,,,,0.8105475297715841,,,0.8060977166434098,,0.8084401812313871,0.8081017009192961,0.8116157060944638,,,,0.8102530560565787,,,0.81096139891893,,0.8054903490294649,0.8092094161358445,,0.8080660451721681,0.8073284059545737,,0.8077564658831157,,0.807925389505992,0.8077524375296607,,,0.6089626523943318,,,0.6088525020653881,,0.60593427033704,0.6086922558762816,0.6066267340411134,0.6068593628758412,,0.608033431239861,,0.6080280878686852,0.6080791593261596,,,,0.6061187372508642,,0.6065378699918045,,,,,0.6044605148423311,0.6074303991030809,,,0.607448005431101,,0.6051761961451184,0.6079349318609417,0.6048257363279428,0.6055136361207747,,0.607589933974433,,,0.6086717493824757,0.6067067583920286,,0.6071132143428387,0.6060599161214248,0.6061592772960969,0.607971244528681,,,0.6050849706839528,,0.6069723640144795,0.6065233895474351,,,0.6078728434064445,,0.6078774077185375,,,0.607200673779646,,0.6062539105998546,0.6043867139792976,0.606845192371172,0.6075679086491411,,0.6075787168042874,,0.6057700866252403,,,,0.6080339533026411,0.6082535704867378,,0.6060389132914249,0.6073581501872278,0.6084649461348245,,,,,0.6068777471104908,,0.6054609691857906,0.6067121823239562,0.6083894119308404,0.39300547608884706,0.39338303431151717,,0.3931443356502053,0.8140514225970618,0.8142859764415943,0.8130156385984585,,,,,0.3583949499212094,,,0.3596446102627633,,0.30237840446012915,,,0.3296374729526802,,0.3238667627349549,,,,,,0.8104701103466017,,,,0.3418178807785131,,,0.34652175203667146,0.6445211369464208,,0.3516819838963878,0.353321523619571,,,0.848099494780763,,0.6517746691093728,,,,0.3533557754269487,0.35404849614535466,0.3537595742712017,,0.35348939903998056,,0.35309373339241473,0.3539810814514758,,0.35341990561809894,0.35366041517098634,,0.3536776643953729,0.3537972415461432,,0.35361837805645824,,0.6636245262665652,,0.6646229978981438,,0.6655240852457428,0.6603166847499067,0.8708532379438189,,0.8724181719572812,0.8693188355644534,,,,,,,,0.6672685267565489,,,0.36091540819775664,0.3596071317236727,0.36028511935660074,0.36023149898051116,0.3616794610981267,0.359567094975531,,0.36096653662670947,0.35927482568085367,0.3617237485953534,,0.3607655867312617,,,,0.36114093846736656,0.36157298828793866,0.3611570439939888,,,0.36096436593173903,0.36125718098223364,,,0.36000504489613633,0.3610723817277527,,0.3597465843065845,,,,0.36022142210548236,,0.35935822946668317,,,,0.36013461852427686,0.3605171575365685,,0.3608322728289541,,0.36041132462496467,0.36116854443794766,,0.3614546629484994,,0.3613180155747555,,0.36009270084419887,,,0.36049882324961924,0.36099414069489144,,,0.36091295293438486,,,0.4172097353756022,,,,0.4174696063480887,,,0.41653583954511775,,,0.41754127963276966,,0.8140652766104333,0.8138818293241598,0.8155289882093375,,,0.8154194071809809,0.8135164744717178,,,,0.8119282257742297,0.812971715557275,0.8156440091750787,,0.8121194031288268,0.8137249399244124,,,,0.418100230014734,0.4163170337542164,,0.41816969630991796,,,0.4174690408909872,0.606231689800783,,,0.6049437246768123,,,,0.6053226386362964,,,,,,0.6071106961617667,,0.8108076828072879,,,,0.8127856433375611,,0.8143713517422189,0.8134603831169891,,0.814361119673392,,,,,,,0.6066839346779176,,,0.6060652592344274,,,,,0.4159223211667522,,,,,0.4180473150483263,,0.4178945186300848,,,,0.41780850304132255,,,,0.4178502923173313,0.41779852200066303,0.4189613091719552,0.4176319760815989,,,0.41953763572998926,0.41784124678127427,0.41826941572587095,0.6084128077282013,,,,0.6072390632212628,0.6080234024811529,0.6070224058416325,0.6086259767162563,0.6079577479657479,0.6089986157802264,,,0.6077124868761781,,0.606924427448654,0.6061793119914594,0.6065815948159233,0.6050557091989552,,,0.6076482476080074,,0.6099681558609966,0.6079859954864304,0.6089868994135391,0.6079042512543467,0.33475632228418783,0.3334335922949918,0.33453706212614276,,0.33427657595466154,0.33434606443836024,,0.6346330339741146,,0.458214308242621,0.45782822307494186,,0.48803260570423324,0.48707269330826625,0.48698345801566933,,,0.48490794923873654,,0.48726375351091034,,0.4858379091897,0.4864380674463792,0.4875473664358947,0.4873655396350735,0.4859019288943749,,0.48615296532490526,0.4878436115673003,,,0.4859235036556646,0.4865801861985507,0.48622943927866874,,0.48619784671438476,,,,,,0.4864906889063794,,0.4868887296810714,,0.48573364652359724,,0.48587769760599453,,0.4864410323973197,,,0.4861198645878321,0.4882775747561504,,,,0.4862863021356612,0.4864498665837876,,0.486083404418751,,,0.4870023426692864,0.48675940621221425,0.486379411965322,,0.486316705205694,,0.4855834200929384,,,,,0.4882963545301988,,0.4867357870459133,,,,,0.48781121168418695,0.4862241955248753,,,,,0.4883375166298707,0.48755723232533527,0.4856620028721488,,0.48773917820812773,,,0.486293795347809,0.48802423252899524,0.48698351224766084,,,0.4856215686715719,,,0.485795169531614,0.4862658327703397,0.48779239133809976,,,0.48475745172506796,,0.4866914252436436,,0.48708102245797597,,,0.48725844041094124,0.4864327607338537,0.48582258227808794,,,0.4868030913617454,,,0.4871243166175343,0.4875081880895524,,,0.48547804971539005,,0.48588015153357805,,0.4876908220802774,,,,0.48657521010685983,0.48528088931475566,0.4871034123349426,0.4867170896477962,,,,0.48539638214081626,,0.4868035196009816,,0.485230554832227,,0.48661328932690495,0.4866105122062168,0.48608638705950724,,,,0.4869899031691593,0.48678252597669464,,0.48669847300185587,0.4853843321332231,0.4863128607993142,0.4855742812013331,0.4859255200800222,0.4871000770900386,0.486180342565119,0.48634731889267263,,,0.4874255586867143,0.484684974775143,0.48565865193837393,,,,0.4869277036577214,,0.48784099556205573,0.4871831002676563,0.4867709349976686,,,,0.4045722178215277,,0.40460054559748143,,,,0.7540729667450914,,,0.619898720994179,0.5109321412897958,
8,24,DG_48pct,96,Z19_F04,19,SLG_B,174960,181896,True,6204.023158570798,6051.235224757862,5973.8845035983595,5158.100453759515,5088.235739613541,597.4926202624356,67.91541226170838,1865.408106462166,1696.2098051800247,961.2210790183963,890.6657082928429,300.0578875612708,5.540135405709164,57.27419427717555,186.99203647114012,258.7914491698931,4394.5651916379275,4816.918964216972,289.5163578827765,275.58917068850195,,0.689624313546091,0.6915924840700568,,0.7640959344321964,0.6798841103962954,0.7070694750645485,0.513782095806483,,,0.6304049512735006,,0.751146587038365,0.7496504438649466,0.638672637959101,,,0.5246323489698036,0.524179523579677,0.5238907026887417,0.5142781941783025,,0.5137609487497081,,,,,,0.5085647854518969,,,0.5134251754685538,,0.5148575125180374,0.5114314394687934,0.7633178513551669,,,0.48384777102489573,,,,,,0.4701617946180291,,,,,0.47082321933403865,,0.46927508286921166,0.4709031336496401,0.46917974227273623,,,0.47017138502440514,0.7506422252676944,,,,,,,0.756093066360259,0.7535978787220058,,0.7526836191467219,,,0.7514090071362316,0.7530302321827269,0.7523933034959583,,0.7533651191746169,,,0.7508503531084226,,,,,0.7503020857376995,0.7520497670838213,0.7515270856055196,,0.415270250829462,0.41600595585975564,,,0.33245487416708763,,0.365116728495877,0.3661649812018041,0.36610386240223264,,,,0.8356941488490081,,0.8349486660405202,,0.8352665662009239,0.8359377749204102,0.835073949421885,,,,,,,,,0.8323605238627432,,0.8350549163475027,0.8367589910186577,0.838163510336868,0.8353007535089247,,,0.834483575072008,0.8362954929814568,0.8360494121322584,,,0.8354578817479671,0.8363474528954477,0.836167085785785,0.8343755043280596,,,0.8342733726948773,0.8357792591872948,,0.8325449838989011,,0.8344340459127886,,,0.6444282624270966,,0.642907368833467,,,0.6410442828939118,,0.6438762174215107,0.6429143651126186,0.6430684319782544,0.6442542340486809,,,0.6445858020573457,,,0.6448188341486697,0.6429724102907394,0.6415828714358565,0.642324735443716,0.6440846341152326,,0.6435661110022426,0.6404194171716926,,0.640378704839159,,0.6424814739649579,0.642165657253128,,0.6421851759871758,,0.6417808198235273,0.6420431659173533,,0.6426874406231191,0.6436275617428826,,,,0.6432438676270295,0.6419668899761707,0.6409642473534732,0.0948872410548316,0.09516989263601809,,0.09506573424671977,0.09519126486699529,0.09517292489954964,0.09506817858062952,,0.09525463152268321,0.09499898598002948,0.09506010062188289,,0.09522865610731537,0.09487906696425798,,0.09522437480736852,0.0952483519496069,0.09530796508780981,,0.09518452566476357,,0.09511054342033402,0.09509676845877973,,0.09490601714155197,,0.0949095319934953,,0.0948977599739507,,0.09507456506881924,0.0952498889918336,,0.09527471510519556,,0.09534020358294909,,,0.09543033955374425,,0.09523161282020305,0.0950003832823261,0.09509618998745009,,,,0.09481555211115023,,0.09499713336268382,0.09497760991601426,0.09532473787607723,,,0.35877712415101454,0.3584804218800112,0.3585613411706384,0.8186096348754432,,,,,,0.35130741921526965,0.35128441061753385,0.8227299086153116,,,,,,,0.8245611426742637,0.8243663498295515,0.8237864963722398,,,,0.8239905524966632,,,0.8237305523635716,,,0.8247295628532894,0.821164876228844,,0.8213354123368272,,0.8223901705113111,,0.8218301912405983,,,0.8198315517463018,,,0.8211762686973672,0.8204926774308312,,,0.8226167354258249,,0.821853144676508,0.8210444739674904,0.8220534813338055,,,,0.8220602343337048,0.8220965747749908,0.8196450931663751,,0.8201460500138171,0.8215729340830698,,0.8218744643623397,0.8221252135991882,0.8233885785803384,0.8198816735297245,,0.8216893268149725,,0.8206684327643362,,0.8206455743133539,0.8220832504342666,,,,0.8217555106508985,,,,,0.8197960942542879,,0.6080308598739951,,0.6085802247616674,,,,,,,0.6088970262913238,0.6076647963519444,,,,0.6061389161679025,0.6089820371855456,0.6088434041732069,0.6088395598811983,0.6076529060666503,,,,0.6072377007865206,0.6061581271821491,,,0.6081661826095673,0.6081388316828827,,,,0.6085844765349552,0.6061582556750486,0.6076060330317636,,0.6076770385760631,,,0.6083841215987597,,,0.6093780002582672,,0.6062621319595227,,0.6076411923051537,0.6081222370177615,0.6082796674152796,0.6066683331835853,,,0.6081300012673727,0.6084538255724247,0.6090080134719799,0.609646059856222,0.6092578805683189,0.6080163409083066,,0.607461000311188,0.6065452938956571,0.6070558357140643,,0.6066061380830522,,0.6060149288453311,,0.6076856832330133,,,,0.6056763933056337,,0.6075107219862174,0.6073462516789303,0.6098472326341157,,,0.6078707404211551,,,0.6092199033032234,0.6077492289291596,0.6083024603840836,,0.6073194882816759,0.607897393326455,,0.4471516774482146,0.44710701021846505,,,,0.8233207469007491,0.8251932461813366,,0.38889613354250446,0.38761573630998025,,,,,,0.3668270757396074,,0.3521990327603954,0.35195060939521083,0.3513347695156312,,,0.34620223995951993,,0.34002326515980275,,0.825299269603976,0.3868915183343854,,,0.4056704467130103,,0.858194608726085,0.41041562635842477,,0.41531262382625095,,,,0.41524570118385656,,0.415916503016065,,0.4195392350767577,0.42018296640752106,0.3797206229395235,0.3772695552027346,0.37918930594160305,,,0.3787327826949938,,,0.37978292937213837,0.37774581116062245,,,,,0.3772146217339095,,,0.37805954286901666,,,,0.6599132150100537,0.6604180756234262,,0.8896746918302814,0.8903346093982991,0.8902068014844234,,0.428410372934265,,0.428759021475884,0.42949456240670053,0.6629752472811544,0.6629428742308612,,,0.38623332906073726,0.3859621829119708,,,0.386722923929334,,0.3860007853564237,0.3853233417262032,0.38549362204787574,0.3856509459008808,,,,0.3852714770972076,,0.3859387620204553,,,,0.38630726459548537,,0.3856708714380655,,0.3858419256281976,,0.38630664704980944,,0.38606269907936597,,,0.38556507460570244,0.3853222554688202,,,,0.38565364659916573,,,,0.3858929068077974,,0.38515855117737774,,,0.38589965727643444,0.386068703605769,,,,0.3863249374823134,0.38649219898008097,0.385195367058903,0.38596003559100805,0.38452670697873054,,,0.38586071064281335,0.3860602318628395,0.38635186151060735,,0.46925549189713217,0.4703594387638555,,,0.46814007148265663,0.4687062218897182,,,0.46896849882845737,0.46892978024148496,0.46916060954944994,0.4682311269314958,0.8253046503349168,0.8259276508708344,,0.8264628578411081,,0.8234587504496692,,0.8265355924398268,,,0.8215576397291974,0.8245030002100953,0.824931210224951,,0.8234390932110243,,,0.8216068842006153,0.8255795837245057,,0.4698117666938159,0.4699574605896136,0.4697413277687091,,0.4688168148403276,0.4707447683790504,,0.6091270866823051,,,,0.6085238112393844,,0.6087910811821545,,,0.6076107384233908,0.6089044531943889,,,0.6079671668081489,0.822321732763121,,0.8239867612562711,,,,0.8258376922852925,0.8261517992422811,0.8259028512496924,0.8232044210542433,0.8282782706259486,,,0.8230206978855817,0.8211542073231776,0.6107100644724389,,0.6086074692373592,0.6097367389485563,0.6094853234637314,0.6102948805701884,,,0.46746673557223356,0.4703689824539495,,0.47046128323106007,0.46877414631532055,,0.46915381552571794,,0.4685495781979746,,0.46982634519157007,,,,,,,,,0.46985428347679215,,0.46771828669119575,0.4689623267667381,,,0.4701342212659194,0.6104113808740607,0.6096440726722433,0.6103017480211428,,0.6088510260874458,0.6110554054544602,,0.610630312978441,,0.6110079439101881,0.6084026606380157,,,0.6079295143924299,0.6103533437852194,,,0.6110425588760513,,0.610497359105493,,0.6082994405913001,,0.6100897533519171,,0.6102158602662021,0.3577443633516702,0.3568468291484269,0.35810005969462416,,0.35763365582672957,0.3578204161619186,0.6165115890739401,,,,0.48719416830351303,0.8810825399071188,0.5128404029194983,,,0.5127870268693108,0.512761040540967,,0.5125102871023147,,,0.5129490094545291,0.5129193862725634,,0.5125228951055648,,0.5106242373520007,,0.5136927685087233,0.5129358474121027,,,0.5121151398581452,,0.5125632913606621,,,,0.5134782082537842,,,0.5121254947649846,,,0.5130567078367132,,0.5126562086635573,0.5130305594782784,0.5119266199162491,0.5128810306969428,0.512543114097672,,0.5136109807697706,0.5128776530004191,0.5132026444163429,0.5111558166150384,0.5127556851893361,0.5142126040695586,,,0.512571618208731,,,,0.5133480723061176,,0.5125404005081293,,,0.5130458707536519,,,0.5137767586883056,0.5123623498499345,,0.5128571086656448,0.5109844911971158,0.5131622875918506,0.5139267959822141,,0.5124600366573207,0.5122943204088751,0.5112471063659166,,0.5126566862756153,0.5125002467854107,0.5130254057229484,0.5126318343049796,0.5124925811860054,0.5124081617521151,,,0.5139179518699274,0.5138780139605301,0.5129454480979027,0.511947686649917,,0.5130433972484872,,0.5110353558980384,0.512448530138039,,,,0.5137644762085032,,0.5129192826593401,0.5128430860502928,,,0.5121144532847105,,,,0.5117318790354578,0.5134043937300996,0.5134022467684275,0.5126871186986192,0.5127398299255903,0.5108542767597654,,0.5138081005206814,,0.5127913223277727,0.5129425173664266,,0.5122054210964184,,0.5125852648387695,,0.5114874066141823,,,,0.5133616123539123,0.5134248248697666,,0.5125623869785412,0.5129825147329434,0.5132352579461699,,,0.5123085021575758,,,,0.5140214648048926,,0.5124058226676248,0.5106665528458125,,,,,,0.5125125242738306,0.5126755781908217,0.5126055206837722,0.5130533932991017,0.5123188469415708,0.5124362458711439,,0.5127970310775158,0.5123911899952824,0.5120987442077666,,,0.5122250306188021,,0.511841000306148,0.5128332140394258,0.5145803081671544,0.5112617350163653,0.5125563490765149,,,,0.5128639579205205,,,0.43735291141822724,,,,0.6097986828818523,0.5226984635102543,0.7516743797326597,,0.6405768848489963,,0.5239609476246386,0.5237596972669917
8,24,DG_48pct,96,Z19_F05,19,LL_AB,174954,181885,True,4743.217952630851,4734.116859473325,4739.953794189912,4727.994963700349,4702.650924978418,414.3338072639658,49.93607307945736,1244.153037400593,1121.019154965583,611.3942814468344,565.7878997726738,186.9920971528318,3.141065499884865,55.57101706824119,180.51601435300853,179.2704142407519,5377.094098535746,5828.203127667697,204.8301385379098,185.13410531524434,0.7116286146017594,0.7092127500444073,0.7058498231524353,,,0.761827443169809,0.6225312119905416,0.5437281600190522,,,0.5151149270518126,,,,,0.5233532940784492,0.5215970079490131,,0.6465045924716459,,,0.5429814485121167,0.5441111146265892,,,0.5412216784392637,,,,,,,,,,0.6615930171189184,,,0.5164020075862762,,0.5086228489787951,0.5098037221273273,0.50972268013552,,0.5095994929790942,0.509924642501214,0.5111806876845431,0.5094558566591455,0.5097997777693134,,,0.5093343038481757,,0.5112588201243434,0.510348251762511,0.5093777379855303,,0.6312968959280867,0.6345401685268248,,,,0.6266371607565191,,,,0.6262288706259015,0.627468564187309,,,,,0.6276543014180417,,,0.6251265642624737,0.6268629588372383,0.626869476649718,0.6257087021512627,,,,,,0.6254922301588622,,0.4599039087193449,0.460603416370099,6.363060317934141e-05,0.05715769937290061,0.0573112283607388,,6.494840154961111e-05,6.466643319497209e-05,6.51056312878111e-05,,0.0006120260414904666,,,,0.0006113641288456764,0.0006113196864209376,0.0006107432454133039,,0.0006098774452145861,,0.0006114569558541718,0.0006102745072370402,0.000609138039372394,0.0006099870591774304,0.0006115581515789806,,0.0006124812618216826,0.0006107206581747159,0.0006096959405279971,,0.0006088979149498251,,,,0.0006105138261061458,,0.0006083612164390396,,0.0006101582523594152,0.0006105992271712519,0.0006103012977449958,,0.0006121895726508152,0.0006107850821705102,,,,0.0006097514420343349,0.0006104573052380207,,0.0006094651268661949,,0.6495998403659379,0.6496624735534215,,0.6481009489802577,,,,,0.6487483309548496,,,,,0.650335650071339,,0.6488609933513811,,,,,0.648670907036765,,,,,,,0.6479023547668346,0.6473922976235063,,,,0.6482938941445182,0.646402971645125,0.6481843504488245,0.6471178638355011,,,0.6494090547868316,,0.6480674428958526,0.6473570063664708,,0.6480174786177839,0.6483100016820359,0.0005109640184793816,,0.0005113358303732374,0.0005114805556149103,,0.0005113889067322749,0.0005120537586858608,,0.0005116198094311436,0.0005127148113124492,,,0.0005106059350794854,0.0005128324722055542,0.0005117535915617755,,,,0.0005111451144017114,,0.0005131040071746106,,,0.0005127322079268213,0.000511378529863256,,0.0005120964092270267,,,,0.0005118069709800898,,,,0.0005103243801764801,0.0005114266617194307,,0.0005128631739444717,0.0005112860859976486,0.0005112005861789092,0.0005110884510874729,0.0005103110504217737,,,0.0005113750739613713,,0.0005113679629639195,,,,0.0005124020773999926,,,0.23685142245112675,0.23642668000174677,,,0.3418245459181219,0.2044867960409328,0.2050628576711232,0.20472592116678973,0.20478173550529669,,,,0.42037740258385625,,0.4188958987952429,0.4198888501557855,,,,,,0.4200373611198461,0.4194331502313709,0.4203473306761613,0.42029725570998744,0.42035620632637394,0.4185046331247061,,0.4194019951163199,,,,,0.41977981190672303,0.4189221409582024,0.4209827629476706,0.4196002448609465,,,0.41814086356749547,,0.41932848117262955,,,,,,,,,0.41950637548790354,,,,0.4004302637278989,,,0.4015096278747923,,,,0.4022206189603282,0.3998954903256924,,0.40192300109475443,0.40010592160848857,0.4004347499759794,,0.40136111639603866,,0.40066314085225924,,,,0.39976777277969466,,0.40077928965518184,,,,,0.4010065224293596,,0.5839478021706982,,,0.5858478352511096,0.5861852548515376,0.5852119892305516,,0.5846770242327209,0.585159147392831,,,,0.5801073780648248,0.5814879935481091,,0.5807594286982398,,0.5817356321133986,,0.5814651456879201,0.5800792244850177,,0.5822619028401477,0.5803457723138816,,,,0.5868393837051935,0.584535557272952,0.5830555830147813,0.5864819587725095,,0.5829464992696346,,0.5848358493974616,,,,,0.5866188494157517,,0.5853490930453158,0.5843462811672838,0.5852219639212293,0.5843450900287562,,0.585348880098315,,0.5867922528595805,,0.586133547786589,,0.5851983555695585,0.5853400101005695,0.5847170062450352,0.5843588322079745,0.5861029679790845,0.5812397700318577,,,0.5798920218975331,,0.5803361797084521,,0.5819614519563584,0.5798306678844517,,,,0.5815002946661074,,0.5795381117174864,,0.5800422897402984,0.5808404923942981,0.5799359006504167,0.5812675401023064,,,0.5820763796143709,,0.5818471809379363,0.5818194738581184,,0.5805396648115161,0.5812730953095032,0.28228764699437975,0.28261987235630737,0.2835663462475425,0.28326160742522616,,0.4334312668580035,,0.4332616687356847,0.43294438145217023,0.2877498142206465,,,0.2879628603503955,,0.28763397113799233,,0.20287958729621527,0.56580094942494,,,0.20464005542769112,,0.20000956296698244,0.2006346911233747,0.1957160272312874,0.19511197402538805,0.19519836104389773,0.3788042698505984,,,,0.225041757774911,0.5590640440504187,,,,0.2310909044476307,,,0.23104643333363287,0.23113265670789848,0.4104923457255564,,0.567746852590057,0.23369653066871848,,,,0.22008381203547694,,,,0.22049289038205822,,,0.22136354873672953,0.22050812660759894,0.22026540921096144,0.22016253187078938,0.22104750329554196,,0.2207290644010154,,0.22013440904452208,0.5780822530492771,0.5765793411868575,0.576837577616197,0.574919273011851,0.5759670984349263,,0.4248361646199811,0.42424005226430817,,,0.23910333336625814,0.2394764700001578,,0.24028054854727823,,0.5786716078385267,0.5781059365841905,,,,,0.22487576033392684,,0.224740826932702,,0.224490404385054,,0.22520623302207393,,,0.22468053478453165,,,0.22512708681432117,0.22427750670557756,0.22523728838988094,,0.22545133057551822,0.22560839324294873,0.22508640506382063,,,0.224556110364611,,0.22472635532180463,0.22540041965681418,0.22474293647950858,0.22490362434359568,,,,,0.2243560798291333,0.2243504962894117,0.22500796535297268,0.22584915739323932,0.223951774877804,0.224601962904264,0.22466213557739656,,,,,0.22447456824951117,,0.22462018430517725,0.22437625382598692,,,0.22486830355690307,0.22480136559295372,0.2241583463528871,,0.2241551886986775,,0.2243381637521302,0.22461839949728588,0.22445934705789175,,0.30949712057561335,,,0.3088972376524557,0.30949609876334244,,0.30921579648329506,,0.31091110674554506,0.309780933912011,0.3107237628352956,0.45949375700864253,,,,,,,0.4586473967600602,0.45956096844420574,0.4589052761094271,,0.4570508996660936,,,0.4591017684817172,0.45803421803000693,0.4577577156826007,0.45865078092851047,0.4573632446187455,0.3091499387275498,0.30991873097174427,0.3099616010015486,0.310675310851096,,0.31106967658106993,,0.3106991475558728,,0.5986192830921806,,0.5987966660248292,,0.5990316059436209,0.597692213760999,0.5980100494374466,,,,,0.600455798310716,,,0.4573016728910838,,0.45741083996640786,,,,,,,,0.45797476681771804,0.4530518313247259,0.45809230698299014,0.45749582319087806,,0.5996402957842819,,,,,0.5991628880309516,0.31006979163910586,,0.3097678577006524,,0.3090504481022114,0.3103273680480821,0.3096185200558519,,,0.3102864163893701,0.3105300915425671,,,,0.3102746610969603,0.30949947158470037,0.31054397455010396,,,0.30980113933231573,0.30990371114857157,0.31143163569524884,,0.3103648325188667,,,0.31098556254236076,0.6002829109758637,,0.6013788276511165,,0.6002913312543312,0.5995702470814174,0.5998914134510498,,0.5998113867489234,0.5987115095422814,,,0.6005938019845904,0.5982547821769392,0.598993033493463,0.5993369760802079,,0.5986247768952343,,,0.5999250715795135,0.5992428584226809,0.5975486783214092,,,,,,0.20846539691439084,,0.20811286264513199,,0.4835513552118213,,0.5237956232547745,0.525016068175667,,0.41887243478523106,,0.5451668720721802,,,,,,0.5449730886855384,0.5442359383461771,0.5469168044980482,,0.5466763740811945,0.5448869239908791,,,0.5466569171401997,,,0.5452453320224779,,,0.5436860647535596,0.5455086825135339,,,0.5452535730359175,0.5448671355625305,,,,,0.5477979299691057,,,0.5464816781743249,0.5466105135049987,,0.5452183569779032,0.5459510579411514,0.5460256464520569,0.5456827311250556,0.5447812478466795,,0.5460457865279642,0.546158043100363,0.5465741699604213,,,,,0.5461309343727074,,0.54559445997325,,0.5459145354594831,,,0.5461182886271215,0.5454982822348879,0.545593547519359,,0.5463513374767572,0.5466469142753845,,0.5468934186287808,,0.545523330538682,,,0.5457702610321042,,0.5455789117707511,,0.5455322246678634,0.5447635443385498,0.5457354302421398,,0.5467102854646394,,,0.5460338619504167,,,0.5461417526531466,,,0.5449735984477464,0.5461962051898083,,0.5456316990871596,0.5451905374381846,,,0.5455247397011918,0.5460766611246142,,0.5460729974676867,,,0.5459592721669793,,,,0.546885947561385,0.5474941898588759,,0.5476451531385235,0.5463219262315498,,0.5452253249793312,0.5473964201065084,0.5458239647389562,,0.546125480441817,,,0.5455637416421276,0.5449673360524089,0.5454962102469728,,,,0.5469052245812666,0.5443450011082042,,,0.5455495408475223,,,0.5450953115342632,,,,0.546409411399592,0.5460231622124344,0.5454927493262138,,0.5460816687452289,0.5468888975590989,,,0.5469236386978441,,0.5456289302019072,0.5464017430106849,0.5460130173445482,,0.5462656227770972,,,0.5449251949044027,,0.5439509299645956,0.5451752058758319,,,,0.5459916724873649,0.5452345358666052,,,0.5454854649104274,0.5455623291162491,0.5462546762707741,0.5454490346534472,0.5459167711842636,0.546430767316622,0.5454584066609498,0.47598907553631054,0.477269560478181,0.47627271766796386,0.6515082755208097,,0.6337583700060329,0.68524045565421,0.6811964030470044,,0.521955375865742,0.6484290581909719,0.6446752130439288
8,24,DG_48pct,96,Z19_F06,19,LL_AB,174960,181896,True,4618.2304168059345,4615.244537203475,4588.5266776933795,4525.559156374842,4537.981863380688,442.5244105706597,47.277879924451994,1371.8216582957743,1232.64223121663,673.7023077267504,625.442942165268,207.1296009419548,3.5988726384876064,57.13640182268396,185.42085277693664,193.198247450567,4951.043107349927,5311.8955917291905,192.22473298247797,202.6319830823137,,0.7120889919803666,,,0.7082885424032426,0.7639355967752114,,,,,0.5282912508364372,0.7097419445582036,0.7101964629109805,0.7091396654685785,0.5366280275102762,0.5354082745187456,,,0.653514665272667,,,,0.5498819986478938,0.5489669719390395,,,,0.5458454819146793,,,0.5516647720690122,,,,0.5525058610244128,,0.523831085579101,,,0.5193976923207242,0.5174803385618104,0.5179549766335082,,,,0.5207468392349026,0.5203889020886225,,,0.5206375834485304,0.520627420505903,0.5218633843585159,,0.5206661558040233,,0.521484251196717,0.5213607287993942,,,,,,,0.6599235363225857,,,0.6581442587041659,,,,0.6595419748245909,0.6605029273629371,,0.6609624130450259,,,,,,0.6580199453702051,0.6605119323167838,,,,,0.4732363673861385,0.4732279030293518,,,0.11916029822591478,0.11927691708528139,0.11901992476350182,,0.018962089966329178,0.018937665885457755,,,,,,0.1095221914876669,,,,0.10984155082976454,0.1094920086720722,,0.10971736563073957,,,0.10955746517692462,,,0.10970450504917986,,,,0.10933089032523763,0.10970939157503307,,0.10979513769975652,,,0.10954885812142966,0.10947719697408702,,,,0.10962462554682727,,,0.10970806502394588,,0.10973805784013028,,,,0.10963150336738113,,0.6727010071980429,,,0.6724414966065838,,0.6714630320948348,,0.6736593607932914,0.6728579401335187,,0.6724039280463161,0.6729772166434146,0.6749264155306068,,0.6727011429613512,0.6711104351768227,,,0.6718557466118564,,0.6717491966301871,0.6721798800779724,,0.6738729325036816,,,0.6718630947494924,,0.6731291581590392,,0.6733816440821068,,0.6724483194948663,0.6711093724291656,0.6699599716364039,0.6735086403731877,,,0.6704576042510466,,0.6719346349533505,,,0.6711080575772408,,,,0.06000492583068892,,,,0.06011643606379487,0.06014468050818492,0.06010869038284428,,,0.06000532292908113,,0.05990736244253135,0.05992091297829062,0.06009904028060375,,0.05996922957942327,0.06012142631009514,,,,,0.059979659555876,,0.060047930865434716,,,,0.0599749683306304,0.05991245219443492,0.059675677754415776,0.059726791007693146,,,0.05998899154506511,0.05983965913011985,,0.059904637392486935,,,0.06011960598580013,0.0599799399078831,,,0.05986796396393134,,0.06001885538410507,,,,,,,,0.46051835923621737,,0.2605038900902863,0.2609247563800796,0.2611497109979378,0.2606171192840645,0.26092891791855327,0.2608987227584881,0.4855540059121798,,0.48645969269787454,,,,,,0.48542238410463023,0.4854991564538025,,0.48609574223860075,0.48541006003945253,0.48453591434543997,0.4858593866939957,0.48629752395060283,,,0.4857775151757297,0.4864330660314756,,0.4841920481948361,0.4845749992090802,,,,,,0.4860141770647447,0.4851287216780438,0.48487076109872457,,,0.48495437312533424,0.484500804661889,,,0.4864711559779667,0.4851846860002671,0.4853232524700804,0.46808622074992323,0.4673454867073949,0.4688310730093218,0.469685685011946,0.4697620359212385,0.46776180776704035,,0.46829359392795694,,0.46755508063909706,0.46936052776549725,0.46824797469849844,,0.46884833668844017,0.4690694887800184,,0.46947871993098444,0.4684741842987872,0.468857671197909,0.46847783311014857,0.46883358084806853,,0.468855131710615,0.46842256759783557,0.4680472291163569,0.469851977766665,,0.46888755107449165,0.4697161580622245,0.46890121370861176,,0.4677538755453019,0.6229622417720251,,,0.6250765035917651,,0.6235693692319922,0.6235943435868898,,0.6233285955324697,0.623581987377144,,,0.6209750880034689,,0.6187202740735406,0.6206843247222013,0.6186000812411184,,,,0.619716973788913,0.6221218271242868,0.6200340251653973,0.6178824322631619,0.6172616151139425,,0.6231842539815695,0.6232482013128293,0.6210724588328527,,,,,,0.6223921491274285,0.6233363207010594,,,,,,0.6247873339137071,0.6249308029591641,,,0.6239295968426405,0.6236332245846861,0.6220873929193518,0.6254030580647129,0.6231365300333941,0.6247552174127377,0.6237613134388492,,0.6244826577076371,0.6234980361961707,0.6236652921287762,0.6254893936959193,0.6197693295592663,0.6182740242578755,0.6192832095700816,,0.6202550420146135,0.6198979865268938,,,,,0.6182842811193784,0.6209469112196682,,,0.6196724293563082,,,0.6182423792160371,,,,0.6196567564354556,,0.6196225544012196,,0.6206308094198434,0.6208100620330292,,0.619760110462068,,,0.3106908893806954,,,,0.4976446019109664,0.4986631918121205,,,,0.33852168020297346,,,0.3387579987769756,0.4201120975165308,0.23567852125954944,0.6054867987268915,0.26089151285767903,0.2612941542080851,,,0.2573410492296941,0.2575722382379096,,,,0.4501376914687765,0.24151351060196138,,,,,,0.2555996406974715,,,0.25834566018521743,0.25875361797414825,0.25873889487424234,0.2587930711601442,,,,,0.2612572653120518,,0.28109292021090826,0.2798448449651608,,0.2813135145234976,0.28050588358924433,,0.280433941450134,,,,,,0.28008407195374485,,,,0.28090852995653987,0.6305834727366448,,0.6295938460319652,,0.6298661196028726,,,,,,0.2668316235097148,,,0.26668498344804803,,,,,0.28693925815160326,0.2856929467886388,,0.2868593752601817,0.28631588384072243,,,0.2863120611072307,0.28621780326962565,0.2853733807035604,0.28524531102941353,,0.28617556725528737,,,,0.2861073990376354,0.28622795692508957,0.28659441105897693,0.2863226317418176,,0.28641035640679796,,0.2859301787729432,,,,0.286736791355921,0.2865057625622088,0.2864670907076412,0.2858527183480278,,0.28544278785509214,0.28715289896843177,0.2859309815037175,,,,,0.2868657190211178,,,,,0.28616764180604454,,0.28640247990378004,,,,0.2860826340945395,,0.285844771242665,0.2865133215561159,0.2855012627573861,0.28610740441140803,,0.28601827893201404,0.28558869718624347,,,0.336776167045078,0.33745868293254994,,,0.3371373646771387,,,0.33655675753463044,,,,,,,0.5189357298149735,0.5198231096446484,,,0.5190610492808263,0.5194180754584928,0.5195079465460045,0.5190546096970926,0.5206058594255187,,0.5186841467914651,,,0.5198867964249092,0.5182230075411206,0.5180193434231718,,,0.33776055546451006,,,,,,0.6352201644744373,0.6350373166165262,0.6336138416115124,,,0.6334084815657063,,,,0.6350898561862519,0.6342529556327026,0.6360178863041401,0.6355403119580374,0.6351832461074209,0.5180033546237033,,0.5183889929212827,,,,0.5182317350193759,,,,0.5197160622038535,0.5207785819453765,0.5127704155082979,,,0.6366750602120751,,0.6359087943492452,0.6353604648870862,0.6374189307345379,0.6372706064780141,0.6344474230712989,0.33784980971519485,,,0.3374302338025252,,,0.3368238149524104,0.33735987717775384,0.3372234380185054,0.3372010355200413,0.3373478435899425,0.3375324292616835,0.3373942726963018,,0.3371549231039872,0.3369896196452295,0.33723571084251014,0.3368046892265778,0.33776991899371756,,,,0.3373269081987866,0.33757811579204156,0.33737605838872436,,,0.6374840677382851,0.6364311988213718,0.6356761548348985,,,0.637081036174864,0.6366633960608379,0.6346077040710922,,0.6354435724030525,,0.6306647759040273,,0.6346571871172338,,0.6372549533562143,,0.6375368212628623,0.634749278612488,,,0.6355725279121062,,,,0.6377350444467311,0.2659794991032807,,,0.26518459134052547,,0.2650463002408164,,0.5591789643467411,,0.5346721610064429,,0.4903147222570117,,,,,0.5540189822012686,0.5528284365167478,0.5537118654598386,,0.554210151960153,0.5524710134822557,0.5505028533950035,,0.5520845951523046,0.5516457234336226,,,,0.5529160550613598,0.5523651634123553,0.5523441486649971,0.5530408195397827,0.5523225585891843,,,,0.5524378140261429,0.5504046729423865,,0.5542355826178034,0.5539911610449599,,,,,0.5537895864536482,,,0.5517931026502784,0.5513954588112464,,0.5515732222327734,,0.5521096915011718,,0.5526648439379737,,,,,0.5528321583527983,,,0.5519938701234594,,0.5518671976399637,,0.551650445422785,,,,0.5527000640684231,,0.5526101277113142,,0.5525572630908983,,0.5530988438666395,,,,0.5547957150027527,0.552494426537565,0.5527007250101514,,0.55376746495374,0.5527975250433163,,,0.5515610239725071,0.5535139818005554,,,0.5533907521469854,0.5529733649726554,,,,0.5535894383757808,,,0.5545005503923945,,,,,,0.55288153287725,0.5540424096731447,0.5525267946336676,0.55257661177401,0.5528357688597881,0.5519167274154374,,0.5523747287995224,,0.5531071200138274,0.5533820630045199,,,0.5552917432624627,0.5514417246286695,0.5516576041988563,,,0.5531513269408788,,0.5521133525278437,,,0.5528296190590368,,,0.5527470460833274,0.5536094680942866,0.5538521956170357,0.5532503456541134,,0.5525290131970034,,0.5535096694765491,0.5515600553889762,0.5516431473025838,0.5496359633269196,,,0.5523141471828785,0.5535858713414508,0.5524165872057497,,0.5531533423426014,0.5526402409865317,0.5517898304074542,0.5502928504777991,,0.5537038477202052,0.5527082590063344,0.5501360473886723,0.5531059514529039,0.5524217770381967,0.5525249672380559,0.5532947754673531,0.5522453650804222,,0.5528181262186931,,,,,,,,,0.5537353179448351,,0.5538312512099339,,,0.5519988483815308,0.4872333588726875,,0.4865874226727526,,,,0.707686392834497,,0.5361185769152779,0.5356758750848538,0.6552484833246611,0.6551243099323389
8,24,DG_48pct,96,Z19_F07,19,LL_AB,174960,181896,True,4621.617778070044,4627.833461579449,4584.925420782742,4541.2165808612945,4535.156490201463,441.2460676912578,46.90181699666738,1367.9445640798708,1232.1148851599164,679.051824607287,626.1637679318405,207.42827241199507,3.613088110366739,56.948677838132845,185.12975564809565,192.36908682106696,4959.698448101503,5337.394974098358,191.39619840541218,203.6767143426035,,0.7094650972819978,0.7107088840981404,,,0.7667692139442509,0.6314236831365623,0.5501463499227568,,0.5508856592989946,,0.7103589805395288,,0.7088150914474194,,0.5351574831545397,0.5363343453847573,0.654333485442582,,0.6543620825016704,0.5518782769981155,0.5488533181453642,,0.5493257975063899,0.549792633768581,,0.5450818267905865,,0.5434959031721224,,,0.5511260843328811,0.5532850143559748,,,0.688454055359424,0.5254486671662735,0.5247881525034813,,,,0.5173965875407973,,,,,0.5192172160344193,0.5208704067062112,0.5210513107953361,0.5203144506991025,,,0.5206046726472568,,,,,,,0.4758706897194187,,,0.6605242589486635,0.6587589074702938,,,0.6592817796232219,,0.6608881743106119,,,0.6611919943014839,0.6600848504936523,,0.6574087402993977,,0.6587897029719628,,0.6568841921590322,,0.6593630541928127,0.6622429596499952,,0.66072445901774,,0.47397941188306963,,0.47237277762286595,,0.11902983067157244,0.11927419862710707,0.11937698433046964,,0.018977020523533384,0.018976292294625774,0.10965964285727478,0.10987312050693221,0.1095327858874483,0.10969275123359312,0.10945278873231874,,,,,,,0.10972093823774139,0.10959448033051812,0.10938593174577671,0.109879211593243,,0.10939603389977107,,0.10965758876977821,,0.10951970931158268,,,0.10981404284210794,0.10934087210489224,0.10951029858398348,,,0.10940111077740772,0.10963537787472986,0.10961326969184752,0.10954183603485941,,,,0.10928712309683189,,0.10946043540833782,,,0.10977645893212266,,,,0.6742439708794957,0.6719545979556513,,,0.6710997422781562,,0.6709017378224699,0.6745830674645956,,0.6704018523760266,,,,0.6735563184503348,,0.6714476613411646,0.6720102435382753,,0.6733318317158509,,,0.6735516867502733,0.6726898553361588,0.6711799418599145,0.672842467402695,0.6731928083798513,,,,0.6699550496971762,0.6730172824875822,,,,,0.6735549231720589,0.6705891436657675,,,,0.6708690418900889,,0.672909668295647,,,0.06014110281345509,0.059900676628179585,0.060076325978274316,,,0.05980632240370761,,0.05991512475326697,0.05986410676653891,,0.06007539263874525,0.05995909741352517,,,,0.06001997506163057,0.05974690385832791,0.05987538315384104,0.06006819481558325,0.060017598738022926,0.05981589131654819,0.059882900560221136,,0.05988517777876896,0.05992544389781798,0.05992580309003614,0.05974482706304363,0.0598601291012383,0.05990627299598198,,,,0.059903641507844586,0.06002811623182717,,0.05997725167997754,,,,0.05983250414076977,0.059963688777080144,,0.0600196991129405,0.05976654811417373,0.05995220893941997,,0.059951037918571363,0.059982436220994285,,,0.059912150408847335,,0.29111663882929967,0.2918573591897505,0.2912964207824566,0.46175720090784633,0.4169701263784101,,0.2603829657462869,0.260799491270109,,,0.2607544011282903,,0.4861172874993203,0.48464451202687053,,0.4865351132405537,,,0.4847121204833089,,,0.4851492602354382,,,,,0.48613620975294347,,0.48669760149709446,,0.48524142250840846,,0.48645914003786384,,0.48548837795357086,0.4839480956318367,,0.4853487817302715,0.4851575493393688,,0.48510654547139404,,0.4854699512655283,0.4835777560755578,0.4840810054663458,0.48606258328808366,,0.4850431499548251,0.48359772551543523,,,,0.46758159605518324,,0.4674884550830379,0.4682749234048714,,,0.46759306342507545,0.4688399094030678,0.46896986598153223,,,,,,0.4691583242955921,0.46995204043260674,,0.4697540382268952,,,,0.4680174840916212,,0.46644813444719707,,0.4676321371374673,0.4681568882866597,0.4683597864174943,0.46958851960984427,,,,,0.6226525315032327,,0.624811058999568,,,,0.6248299298418064,,0.6239636911836772,,,0.6196390825757301,,0.6199561536617205,,,,,,0.6189005403299789,,,,0.6182724704642504,,0.622176940434436,,,0.6232313417838667,0.6235907664053042,0.6223907173576779,0.6225235532642519,,0.6235745969097427,,,,0.6237363590584499,0.6229855274714361,,,0.625534690477463,0.6222779763967199,,0.6225462792090308,,0.6229730308419951,,,0.6236928873441747,0.6217052627295325,0.6225107462814417,0.6251762045111496,0.6237649309505937,,,0.618430440287415,0.6199384676782738,,0.617860744459314,0.6206807806329888,0.6185043898351384,,0.6193930080898619,0.6211180691215152,0.619948700617993,0.6190047963657785,0.618714324465267,0.6189414024117058,,0.6202824755609682,,0.620786901366932,0.6190727019976251,,,0.6205014149884759,,0.618833270549076,0.6196103655397319,,,,0.620755658427171,,0.3108724850108843,,,0.4993230562372906,0.5003031462892649,,0.4988359851460839,0.49916871899821197,,0.3388069648355883,0.3381134447658306,,,,0.4202819880161024,,0.6055084429390387,,,,,0.2575217924518875,,,,0.2537637739787681,0.45089249295995476,,,,,0.6082993378205795,,0.25558765842302933,,0.2589981767354951,,,0.2588067869695155,0.2572860340817831,,0.25702586761203006,0.6197772620847535,0.2608650483004673,,,,0.28040369641714324,0.28111767057550474,0.28101134956312274,0.28169070469070595,0.2803350390807128,0.280457454766688,,0.2812800000011177,0.2801062493278834,,0.2812910898374942,0.28042688299422225,,0.2810687688242821,,0.2806906670439615,,,,,,,0.498231783679491,,,0.4975645134361654,0.26664882519435124,0.26563090367230224,,0.26649759557983993,,0.6316441068158662,0.6314686528701096,0.6324747998111678,,,0.2862855979751753,,,0.2864603854335034,0.2863259595436294,0.2865566282926408,0.2866182383228852,,0.2873095646917163,0.2870235196563306,0.28709084195967066,0.28642222455355176,,,0.28596985579092754,,0.2866485711319563,,,,0.2866437320667651,0.28692173493878315,,,,0.28640206302430726,0.28627138699106847,0.28632082352592997,0.28578362538887186,,0.2861713625507082,0.2850848438731363,,0.28631405632889323,0.28510866883597147,0.2854941598760438,0.2865214565865528,,,,,,0.28693460691189904,0.2865872289335832,0.2855589252893191,0.28537095458605843,,,0.2861466029051205,,,,,,0.28647792327353316,0.28582972483787084,0.2856506106783517,,,0.3367427485047143,0.3370161686131003,,0.3370637739435718,,0.33718829585302573,,,,,0.33717387609528005,0.5208245485977001,,0.5178608677027425,0.5196719922339127,0.5197109570790895,0.5204325313900207,0.5196389128633367,0.5184951091433498,0.5198854431098685,,0.5192585297975414,,0.5200180161977248,0.517866262555618,0.5172576965518153,0.5183606719956104,,0.5193501908126559,,,,0.3379088260260328,,,,,0.33650925573016727,0.633390645871007,0.634823679104253,0.6369733701840854,,0.6339659647831997,,0.6337128843022469,0.6332137337062559,0.6346441840378851,,0.635034486823296,0.6348089422203397,,0.6325528876155477,0.518253915210036,,,0.518903456800977,,,0.5178867491494854,0.5188851681863572,0.5188685385784193,0.5187374968260731,0.5208152728617625,0.520798283863451,,,0.5185319440423771,,0.6345508165734247,,,,,0.6360034431719246,,,0.3362206834502129,,,,0.3376447512199828,0.33664433339845307,,0.33678064480348596,0.33692101344658454,0.3370809768807504,,,0.33807456958265947,,0.3363587165808543,,,,0.33866086034739235,,0.33744871791341763,,,0.337754929865306,,0.6377063820287434,0.6361967766393763,0.6376928720467335,0.6386024840658743,,,0.6369826569621923,0.6350175291632616,,0.6357566913697087,0.6333691530111932,,0.6384718639066252,,,0.6348852048940207,,0.636212499645867,,,0.6365504713375135,0.6376662478302892,0.6361259329887085,0.6358738202468347,0.6358498382906346,0.6363431869561352,,0.2649368838204692,0.2657888715681759,,0.26583530360797153,0.26479886746968023,,0.5589213088239608,,,0.5366601191193933,,0.5536654078957037,,0.5528423912506671,,0.5513083217238308,0.5527988476676742,0.5511369635987369,0.552051530414341,0.5515744638284795,0.5520524099137414,0.5513308111287425,,0.5525280801608019,,,0.5528613408119885,0.5528108428333897,0.5526946518690039,0.553919948245785,0.5526971094569462,,0.5548100740931131,,0.5525558038935194,,,0.5516792187774565,0.5519074915741965,,0.5536904454902806,,,,0.5515563099139883,0.5515769652223635,0.5518919599932688,,0.5528995119733658,,0.5522058293746251,,0.5531195413723896,0.552504946438747,,0.5519397681553561,0.5528556684765074,0.5530671281797972,,,0.5524745513867313,,0.5505740400544152,0.5521917386980594,,,,,0.5513809785181677,0.5513321338502947,0.5517930344986967,0.5521844713328344,,0.5538547036140773,0.5515476285799522,0.5522329420503326,,0.5531350749049617,,,,0.551328724919453,0.5508431268329398,0.5517195488285132,0.5538749452285364,,,,,0.553274329508461,,,0.55242245641008,0.552477934184213,0.5531632563359914,0.5512316394155808,0.5524628127295058,0.5516950119932383,,,0.5522767393086532,,0.5531253782389779,,0.5519465096610353,0.5525077981557315,,,0.5531125788173225,0.552911325250939,,,,,0.5526649658576864,0.5535581198268331,0.5515786985697902,0.5529188366912335,,,,0.5521649516439081,,,,0.5521999362567283,,,0.5525820294327797,0.5510289556929227,,,,,0.5537894632360186,0.5543574182117472,0.5515162676317644,0.5519506188814466,,0.5529115224758049,,0.5519286647269346,,,0.5527534521101805,0.5505680679194709,,0.5533202987930329,,,0.5530402126616228,0.552832140208332,0.5547921598923299,,0.5534546387827434,0.5525865721804486,0.5520767918153178,0.553701085585763,,0.5528137926954765,0.5508925609473168,0.5511522582874553,,,0.5531562419403477,,,0.5524146644990565,,,0.5527156367440971,0.553021718665737,0.5518929672452528,0.5517517143932497,,0.5524699600362578,,,,,0.4858704752541667,0.4872258750906626,0.6829931736245793,0.49953470985342435,,,0.7093697455995255,0.5361844209712194,,,0.6562151707497754
8,24,DG_48pct,96,Z19_F08,19,LL_AB,174958,181895,True,4624.920860456626,4608.7812596710455,4587.334525423207,4543.519916281899,4531.069437169972,440.72739973911007,47.423307299336415,1365.3904254250092,1225.8930998418498,675.3065643728819,626.1779956089665,206.11732286866368,3.579457698270751,56.926556629245226,184.8180896831879,192.38568431054597,4993.238737190161,5333.3217853358,192.8918290429481,203.0532165408929,,,,,,,,,,,0.5293397887294601,0.7084032081076043,0.7065114305165885,0.7073707890931401,,0.5360072832336548,,0.657880202024744,0.6549265029508637,0.6571560859624713,,0.5505966620877889,0.5507195232758146,0.5496515586102992,0.5512933929400821,0.5482707207188949,0.5447759325376945,,0.5415774808273595,,0.5499936697590586,0.5519883739681756,,,0.5524790014371244,,0.5253260810276551,,,,,,,,,,,0.5201547056440792,0.5193987089251837,,,0.5214872248952257,0.521165154098395,,0.5198499100985943,,,,,0.4759055117830376,0.6352552765431577,,,,0.6611839949742407,,,,,,0.6604869821063108,,0.6591609428484311,,0.6582777701786461,,0.6588316681151698,,0.657823189367772,0.6610964205682691,0.661861733791737,,0.6600227326335452,0.6582060550996138,,,0.4723140579689902,0.47382781960813536,,0.11771430772342148,0.1178399309166365,,0.017105522774758665,0.01711399705866725,0.017092787912420106,,,,,0.1063152136517741,,0.1067155558071313,0.10595893447011465,0.10641215906086728,0.10669570530857857,0.10654797608272694,,0.10619209984335994,0.10632167081054034,0.10638345159268069,0.10676799825550203,,0.10652667026174407,0.10626670780403809,,,0.10617593522226984,0.10616485261142132,,,,0.10626084846037301,,0.1062288547535288,,0.10607320105189855,,0.10622460463804576,0.10622135691508335,,0.10588617164707266,0.10617349884802493,0.10624352509572828,,,0.1061793007940571,,0.10590878012015126,0.6725467012551735,,,0.6707129917652715,0.6719684451198605,,0.6737129111415382,0.6736657874097711,0.6715075436430502,0.6727756048248634,0.6746901887700189,,0.6716794865313516,0.6715521884094069,,,0.6708149781877117,,,,0.6709320056628523,,0.6726093772717898,0.6697744464050848,,0.6687588743650016,0.6699345038005735,,,0.6716551531774985,,0.6717279248526911,,,,0.6702231386690215,0.6712042017440313,,0.669313575779097,0.6714807460684409,0.6693542821201053,,0.6697876678032626,0.6717330307980194,,0.05761635185420577,0.05755481921922723,0.05780662672201237,,,0.05781564413962414,0.057721933556365033,,0.057824850948377915,,,,0.057680744315625004,0.05785795781887327,,,,,,0.05769258552187489,,0.057894208478396283,0.057501221970400807,,,0.05767970818878367,0.05755153891188045,,,,,,,0.05789548703247821,,0.057753778805760395,,,,0.05769846770835213,,,,0.057800142843064235,0.0576805327013651,0.05758877416067352,,0.057629522030320346,0.05769049433885553,,,0.057675960499999096,0.057780832860174304,0.29054410602509856,,,0.4580347421314158,0.4141855441014351,,,,,,0.2601094651527826,0.4824571315495693,0.4825922845749585,,0.48248759583672113,0.4842594409421741,,0.4851762261854828,,0.48452747479926317,0.48322160766326266,,,0.4851272108497888,0.48341107471147066,,0.48322207214119633,,0.48351619419189845,,,,0.4833936248111376,,0.4833175380837406,0.48251889819414895,0.482603164155749,,,0.4841624648867734,,0.483278561878759,0.4824394047306639,,,0.482235677878989,0.48437067893903907,0.48341213935866967,,0.48177357975228147,0.48287959713933537,0.4683722834379547,0.46526062356182435,0.4650370979008484,,,,,0.46625182298027684,,,0.46935497465374537,0.4673426913059973,0.46745769015929967,,,,,0.4680381576131926,0.46567091022841084,,0.46742972816751954,0.4653670945348853,,0.4670995344719381,,,,,0.4669056289383242,0.46582498659488625,,0.4666178169140555,,0.6231949436245745,,,0.623970580033874,,,,0.6222030388127041,,,0.6175096767219856,0.6177299557285636,0.6200457157509748,0.6176561438015932,0.6176516149173751,0.6181581953508707,,0.6180567590062147,0.6155804033236406,,,0.6174398740602633,0.6166178252010425,0.6189688876641828,0.6181525581729925,,,,,,,0.6217409369319106,,0.621904311383052,,0.6218892501896968,,0.6215718980226026,0.6228014137826597,,0.6223439121501113,,,,0.6230673732493722,,,,0.621059748931306,,,0.6222074980084649,0.622688694857222,0.6221599943671409,0.6231278099870445,0.6226273284803417,0.6184853690467698,,,,0.6184179696742292,0.6169117076062843,,,,0.6178806490819286,0.6182601791130458,0.6188401515654616,0.6181483019163893,0.6161821946017721,0.6170517581724538,,,0.6200389475083461,0.6173522993299041,0.6189340751818718,0.6183950882163861,,0.6178191859953799,0.6167603064457977,,,,,0.6191611399183558,0.3101319628450439,0.30987391940110326,,,,0.49774581010220753,0.49614147976354905,,,0.3369074399672541,0.33590532365543185,,0.3375785897269771,,0.3371505188581206,,,,,0.2599221474711954,,0.25643037660436807,0.2565832438023834,0.2565261885643958,0.2501249807160158,0.25155340615062977,,,,,0.46691745692815684,0.25052640360584294,,,0.25415108977690987,0.6142057449389208,,0.25763482284538025,0.2572287751877481,0.25749081526300543,,0.4811686778289147,,,,,0.2785142983732698,0.2793867585821942,,,0.2794242900970322,,,,0.27841408390817335,,0.27928158736578085,0.2789982167315321,,0.27861420797790926,,,,,,,,,,,,,,0.4970781872169302,0.2647572877185207,,,,,0.6302196090919068,,,,0.28472254032131267,0.28499130185393273,0.284594465388448,,0.28500510250945765,0.28446887877276356,,,0.28544633975594247,0.28515471702274847,0.2845437074309146,0.28466515296378564,0.2845698525293299,0.2843990952864031,0.2843787550063708,0.28490196530776113,,,,,,0.28534733184770994,0.28470594056460363,0.2852194096126177,0.2844043385676315,0.2839122674195409,,,,,,,,0.2836380102043767,,0.2842454307065784,,0.2843080025094047,0.28395574261537687,,,,,0.28428847458926765,,0.2851074908563422,,0.284334609147404,0.28412863340114514,,,,0.2847499892039008,0.2847157731369096,,0.2835340350311484,,0.28375560204454153,0.2838672410601666,,0.33583247500575136,,,0.33558125114989035,,,,,,,0.3357506475372273,,,,0.5181637758412401,0.5177093453454957,0.5178924134665387,0.518050041026252,0.5174645853988197,,0.5193440616739192,0.5173808050206796,0.5180745624337204,0.518387863078933,,,,,,,0.336127723032433,,,,0.335789112639178,0.33635043406917103,,,,,,0.6328383040709531,,,0.6325960053936088,0.6329353324268773,0.6335309346360555,0.6357131834758178,,,0.634808520757591,,0.5186662029152054,,,0.5177406712893863,0.5185786517665741,0.518847624299332,,,,0.5175014561513077,,,0.5112875260145269,,0.5152851880924936,,,0.6335108840726933,,,0.6336834087918037,,0.3370889045975289,0.3366341753567235,0.3363100247032166,,0.3363527233385891,0.33636594163694333,0.33595426889528246,0.3355211080561582,,,,,,,0.336064364782543,,0.3370392212073687,0.33662811926750663,0.33669330380073953,0.33461465551830744,0.33644548356652676,0.336915444719163,,,,,0.33571112255265706,0.6360559106665423,0.6368862844627412,,,,0.6355769711694901,,0.6364392769344343,0.6350150761772997,,0.6337398897540519,,,0.6348258129186594,,,0.6351616171697059,,0.6352757866837673,,0.6354090256782974,0.6342043675638586,0.6362069071084421,,0.6334942603541976,0.6342909240964448,,0.2637392905617347,,0.2633744971742747,0.2639143105235797,,,0.5599544224045451,0.5340777955234794,0.5340663992856897,,0.48958273016672177,0.5522227975880105,0.5521743090183754,0.5541552339845838,,,,0.551933767510454,0.5505465209630996,0.5524465798634773,,0.5502830613727545,,,,,0.5524059645375338,0.5527453886737054,0.5533280037516134,,,,0.5520711415655555,,,0.5527956452062767,0.5526890850828486,0.5535162654135396,,0.5527435584252797,,,,,0.5546308685950871,0.5504063903874187,0.5511265080124337,0.5523247253690681,0.5524165160716876,0.5522012670648933,,,0.5529385717801565,0.5503158110816454,0.5506154426313391,,,,0.5522001570408431,,0.5529706106237693,0.5517587978583709,0.5532789079871537,0.5520525406753765,,0.5539150363621712,,0.5529187366196477,0.5526074787254641,,,0.5538001408384421,0.5506063686857581,,,0.5530486441941074,,,,,,,,,,,0.5509273540563647,0.5519845414852549,,,0.549805080880947,0.5520612819130248,,,,0.5534557196067456,,,0.5534865420704534,0.5513871657458203,0.5517121886597691,,,0.5531768761985951,0.5515480333533064,,,,0.5506540667632699,0.5530987696103234,0.5543128111872688,,0.5528205337267043,,0.5533110046352747,0.5538776173274972,0.5524697788464098,,,,,,,,0.5505209905494232,0.5526378548632273,,0.5530745998183224,0.5543742603206303,,0.5522539254349449,,,,0.5510143888372117,0.5514737873976262,0.553428826220245,0.5521425987495132,0.5524067049003725,0.5521147202870982,0.5527514492324863,0.5527880304593783,,,0.5527185817719472,0.5518858262031864,,,0.5517924933433984,0.5522574253500341,,0.5508632190350682,,,0.5521973871497338,,,,0.5519976945030345,0.5526543076014263,0.5532383069343911,0.5508784823507171,0.5532662570946585,,0.5525828240710444,,0.5527356472641266,,,,,,0.5531562725640771,,0.5534721549746202,0.553561319880758,,,0.5543773541659578,0.4889415859703613,0.4855633943350419,0.4875546282166014,0.6808266826170385,0.49942786321883076,,,0.7078134910116367,,0.5365105028965459,,
8,24,DG_48pct,96,Z19_F09,19,3PH,174959,181894,True,3615.725068261667,3669.0982794106644,3683.9166081281396,4042.59389444651,4109.97909988333,265.31329997906835,22.0990137473236,635.9953772291954,570.4773822652046,312.6157512229111,290.2524766849512,96.6493544590409,1.4041871427346926,48.622804710207504,157.27479838285322,116.07011553752456,4630.995489615267,4674.856181554265,79.72984585017527,94.22563170549138,0.7513493860577205,0.7525025811113791,,0.7551338523508487,,,,,0.607574144875727,0.6069315954529954,0.6066132494051727,,0.6128652172155192,,,,0.6131989184695155,0.6134524823939417,,,,,,,0.608746338132086,,,,,,0.6090251011655614,,,0.6094734566272749,,,0.5615631769356232,0.5612444058159635,,,0.5574390487641268,,,,0.559016522919327,0.5600259641950035,,,,0.5597319406638938,,0.5602653308937227,0.5597375944893153,,,,,,0.5552018245879397,0.555151460408725,0.5556106154913202,0.5456743952919019,0.5470921500791562,,,0.5462322209395966,,0.546461290277538,0.5455645312543304,,0.5465922904707179,0.5458657780685152,,,,0.5452808407258927,,0.5466788093703726,0.5467587084003244,,0.5462626773866774,,,0.5462206321417012,,0.5121666522981909,,0.5121200619317571,,0.10188269634183401,,,6.341266309860255e-05,,6.341821870193626e-05,0.04413869770444583,,0.04420123801004494,0.044146588984124026,0.044213089284621775,0.04421026445240632,0.044147253755172394,0.044083762575737775,,0.04428358389440466,,0.04425526760424262,,,,0.04416279681194323,,,,,,,,,,0.04423742104021734,,,0.04417095628807078,,,0.04413565608181454,,0.04414993340412726,0.04420290745222176,,,0.04411040440880869,,0.04415157726990435,,,,0.04417275097295757,,0.044137494808132754,,0.044191095627180876,,,,0.04407365082673027,,0.044345080304052494,,0.04410961529778923,0.04428278924913734,,,,0.044200587284048534,,0.04405841393867328,0.04414976741585285,,0.04429042325962132,,,0.04422140537674466,0.044178924448594344,0.04422033401209197,0.04420186579209514,0.044244131108195826,,,0.04406256980255402,0.044197221765961144,0.044264135474519226,,,,0.0441792103392083,0.044079089333832776,,0.04409382509243929,,,0.04412377702028127,0.04421574517806169,0.044145779336413886,,0.044156822146329766,0.044115215003198045,0.04410007532946838,,,,,,,0.04410641825976394,,,0.044104626328369693,0.044156791307645785,,0.044006103950074135,,,0.04415381623835895,0.04407527817342195,,,0.0443074173701609,,0.04405155836522192,0.04417940868591876,,,0.04419304491370603,,,,,0.04400407224895962,,,0.04429824151784832,,0.04417953318923139,0.04422991619218515,0.04429700602560114,,,,0.04404640487807165,,,0.044329702453370895,,,0.27189333761827145,0.2726505866813729,0.2727305745641092,,0.24606803522923595,0.24520440423912632,,0.24466541468250466,,0.2446995578135308,0.2456921181307763,,0.3159141935468402,0.31767827878507204,0.31704286021388633,0.31666867574646146,,,0.3169308288930899,,0.3181572823294535,0.31686760757737403,0.3164575178534074,,0.31592290551646557,0.31695028408673787,,,,,,,,,,,,0.3166379649883401,0.3158031504337169,0.31652851740475696,,0.3173028191369835,0.3166546896945624,0.3174307546852558,,,0.3163617719531535,0.31785082859541947,,,0.3162337975758561,,0.29966760794265607,0.29904757444865365,0.29927497707883627,0.2996342165590485,,0.2997331515551219,,0.29943863279537986,,0.2998380143288549,,0.30008353784941266,0.3001140162728303,0.29966926485341566,0.3000628761283811,,,0.30036924285906846,0.3001310862484005,0.29978678814194076,,,0.2997344236494695,0.2995371007453797,0.29852601445777566,0.2994976570704726,,,0.29937216498202524,0.2995050981980116,0.2982609804633226,,0.31593709907047096,,,0.31664595069565166,0.31654417986174493,,,0.31621872229422954,0.31608362449415317,0.31760104550634255,,,,0.29895409898074427,0.2999499484100172,,0.29951135248822597,0.2997900403140239,0.2994246676621391,,,0.2991490737699162,0.29971920640171795,0.2993233838305522,0.29835921451004255,0.31614323305718406,,0.3170383588094196,0.31670207730388417,0.31639750922632254,,0.3156101852055415,0.31731454281929466,0.31630905268714615,,,,0.3165046876070847,,0.3167790435309533,0.3171590290334149,,,0.31637663990611625,,,,,0.3157974826902572,0.31592937252408554,0.3159025303536312,,0.317228070056964,,,,,,,,,0.2987624723664306,0.29891768802348617,0.2993331095668938,,,,0.29895149800898585,0.29967040818876567,,,,,0.2987399426836885,,,,,0.29920391060201723,0.29922165810629264,,0.29922567347800383,,0.3003262137856724,0.29941022620855734,,0.3289842852719985,0.32885211843826745,,0.32671339363099994,0.32695606715579545,0.3271304074269657,0.3275677703430851,0.32738953271875393,,,,0.3209973726312709,0.3215057380240617,0.32128283429301596,0.24695577132491808,0.24552602130245474,0.24645556946612496,0.24482759392226686,,0.24570773444086577,0.23943533795613636,,,,0.2333778099196967,0.233390973128339,0.2504529138745053,0.25033977045935163,,,,0.25749848460518354,,,,0.2627038524548997,,,0.26433584891368006,,0.2644881308191607,0.26373436383854476,0.2632229579756121,,0.2665864090704408,,0.26447097526700825,,0.26415053748602857,,0.2652738467523534,0.2646873967031842,,0.2641777707031524,,0.2647982808366095,0.2642896640513117,,,,0.2648413694538124,,,,,,,,,,0.27123148689026616,0.2712809475863337,,0.2700579696321214,0.2703738986210662,,,,,,0.2703830754065941,0.2698487328242488,0.2695940591869617,0.2690796941426762,,0.2695847885486824,,,,0.26965283796245776,0.2699736227764185,,,0.2681649460680028,,0.269081407060735,,,,0.2686276328421381,0.26895111976403857,,0.2692250697340447,,,,0.26957386184532484,0.26908598205923323,0.2695993994886724,,,,0.26990334291556983,,0.2697707989986296,,,0.2686145109663134,,,0.27019604877044134,0.26964260484853153,0.2694304642047223,0.2688190792987899,0.27033166220691596,0.27000101537663806,0.2699213242585574,,0.26879139359508514,0.2695612643996892,,,0.2687235780481253,0.2700008947700428,0.26995246877541823,0.26957913271312467,,0.269157670944588,0.2698955036525647,0.26888023862708765,,,,0.3576394263072784,,0.35771970744237835,0.3566631729040056,0.3560922951821061,,,,0.3567121899507769,,0.35797851794499674,,,,0.3571299470684132,,,,0.35734094311471165,,0.35657980666047034,,0.35666905398702153,0.35714085173121124,,,0.35713023456222587,,0.35760042106680434,0.3568715859624137,0.35770698891747793,0.3581445973768395,,,0.3572491619661168,0.3571772862787436,,,,0.3553134166988898,,,,,0.3549879460918175,0.3551339734267383,0.35681787251327796,0.3558589200960799,0.3560887555588973,0.35679180972846747,0.35621688138062146,,0.3566759886824993,0.3571897192364441,0.35642298232164993,,,,0.3569836659465835,,0.356867819783286,,,0.3520970637545818,0.3561547210742872,,0.3566196547948279,0.35734936914082027,,,0.35676182690405633,,0.3578841158371462,,0.35692660748867067,,,0.3574744700806992,0.3571683712774818,0.3579881788635346,,0.35665038853821673,0.35631153716711,0.3576083260058696,0.356370167600021,,,0.3568622867604364,,,0.3571563165195536,0.35668351551931626,,,0.35704562919415567,,0.35688236777007304,,0.35671874247069624,0.3569841798439225,0.3570742905920801,0.3556967338003186,,,0.35675556669139,0.35800759410151123,0.3573217552727363,0.3569777644258603,,0.3576371589229639,0.3555428891919796,,,0.3578310504804216,,0.35649368850662067,0.35590737225492247,,0.3575692530386567,,,0.3576133973639942,0.3575970067983285,0.3560913666952335,0.3577927181429566,,0.24941339522590958,,,,0.24947765769283956,,,0.6306542038518369,0.5725203234047791,0.5730426263803734,0.5740572479241669,,0.6114288453204627,,,,0.6117284617402032,0.6115263502982498,,0.6097344537229791,0.6111732394180784,,,0.6093182673199434,,0.6129729729115472,,,0.6117834516495867,,,,0.610822667377431,,0.6107169188004915,,,0.6098740147279968,0.6101726949422159,,,,,0.6106436889755822,,0.6121115451761231,,,0.6100207708462787,,0.6095537087572241,0.6110113834251653,0.6106671164239074,,0.6104724054982836,0.6089130295422109,,0.6121925253921341,0.6103973983831701,0.6105482458921245,0.6091662591442811,,0.6128563676811507,,0.6097487267721765,0.6125817511323984,0.6093667897762669,,,,0.6096789984756346,0.6115212641722257,,0.6116503168347862,,0.6086634575729937,0.6120731615225093,,,0.6111899798256787,0.6104847896560976,0.6114216358755817,,0.6106980803326776,,0.6104595997986718,,,,0.6089441239940774,0.6089590570491701,,,0.6101613936277434,0.6115353206079703,,,,,0.6113106663026334,,0.6114895257557083,0.6103552921895603,0.6098231841231292,,0.6106754139768887,0.6098207703370637,0.6111244481941726,0.6108901941600849,0.6115577835662978,0.6111145179917423,,0.6099398151599618,0.6097531381438251,0.6116859222411185,0.6122384050830939,0.6116429776914181,,,0.6097917782721796,,0.610390195826365,0.6099075736202252,,0.6104105640532103,,0.6087341468287953,,0.6106999972113036,,,0.6119419973399743,0.61137066925099,,,0.6109311027159068,,0.6094245898680586,0.6099346197256833,,,,0.6109385882413764,0.6091093521136733,,0.611112948072304,0.6102727232501902,,,,,,,0.6102251601268474,,0.6095323635574665,0.6102814419181413,0.6131981999998721,,0.6108064787671537,0.6100484765916934,,0.6092268306079822,0.6116287399812731,0.6092714770981918,,,,,,,0.6100620824964637,,,0.6108968358991266,,,,0.6132400521535104,0.6116873512352542,,,0.5251334067762704,,,0.5769311947567302,0.614838893042011,,,0.6132388645250482,0.6136657319708395,
8,24,DG_48pct,96,Z19_F10,19,3PH,174953,181888,True,3913.3387312359814,3951.0561283474062,3980.8009299724336,4388.621894478421,4411.89985519518,220.43851976792104,17.644432968174115,476.85964294036256,429.54460271117813,237.16858265020014,219.07514615941105,72.37398105862216,1.061722333580077,46.618812236227846,150.45430860742624,97.12149852042452,4831.84214495273,4828.9080158278575,60.12634557287768,71.06586891267445,,,,,,,0.672703671105347,0.5825113381490522,0.582496555278427,,,0.5883942396031308,0.5853698765613811,,,,,0.5882616968276172,,,,0.5814877672824771,0.5818153879885644,0.5819138955733242,0.5817769826713143,,0.5733791267074401,,0.5735316279006807,,0.5815122051584498,,,,0.5834511000876897,,,0.5327227827467751,0.5335000412434395,0.5268019144185369,,,,0.5270543309162464,,,0.527547796840071,0.5291612322113841,0.5289646223853298,0.5288102095905719,0.5288059879058183,,0.5272808974582158,0.5273730698726138,0.528780752663577,,0.5277783388334553,,,,0.5206992234383967,0.5138581366260162,,,0.5139875810764406,0.512202923086144,,0.5141721261533706,,,0.5145746805071078,,0.5137442028018959,0.5132405949144945,0.5131195994363416,,,0.5136606699050881,,0.5139360541309106,0.513710745605969,,0.5136042419620297,,0.5143558277278268,0.47650853850160246,0.4776712007649183,0.4775436900430155,6.628277451674889e-05,,,,6.57644503137446e-05,,,6.657486169897295e-05,,,,,,,,6.650155603767816e-05,6.653325635649122e-05,,,,,6.677983449484796e-05,,6.681665031893986e-05,6.660508355422924e-05,,6.668903929454338e-05,,6.65840392823016e-05,6.65637219438071e-05,,6.646000603863708e-05,6.656949648511167e-05,,6.667892817450934e-05,,,,6.662961377251858e-05,6.66026504795284e-05,6.652353584990529e-05,6.639463803821284e-05,6.672144385611191e-05,6.669079479011973e-05,6.676289459006088e-05,6.649278173899506e-05,,6.652602208871715e-05,,,,,6.658922965310797e-05,,,,6.662829612725186e-05,6.660844738261183e-05,,6.672612747063265e-05,,,6.666401253808474e-05,6.662003319109231e-05,6.660493820416834e-05,,,,6.653973090048585e-05,,,,6.644217191784106e-05,,,,,,6.663474992641928e-05,,,,6.663518958564893e-05,6.653712754424928e-05,,,6.659182466193681e-05,6.644277031191165e-05,,6.656989557194009e-05,6.651339909566028e-05,6.659815363508235e-05,6.649662320718609e-05,6.675073998962445e-05,,,,,6.647091484709162e-05,6.676489520300343e-05,,6.651187797725218e-05,6.659746906757607e-05,6.660191913290609e-05,6.652305586634799e-05,6.659768593251975e-05,,6.656702253622572e-05,,,,,6.671695972852352e-05,6.658863116897983e-05,,6.685330991810255e-05,,,6.644714254140634e-05,,,6.652418286359977e-05,6.646792652917098e-05,6.649317454720942e-05,,,,,,,,,6.66558409341091e-05,6.665439808077158e-05,,6.68263343493363e-05,6.66250357070483e-05,6.658596817830607e-05,6.681220403747565e-05,,6.650268460581485e-05,6.659894608381086e-05,,,6.640454166854305e-05,6.660706137987446e-05,,,0.2170547952735559,0.21690072390616405,0.21730959983207962,,0.18558889443843596,0.18484761588911264,,0.18475537209764029,,,0.1849459469830959,,0.26318021730472857,,0.2618791347727031,,,,,0.26144181239753794,0.26241492452322723,,0.26242642604966293,,,,0.26263910283073244,,0.26252063375051027,,,,0.26234926909219625,,0.26206195124062315,,0.26179869765476327,,,0.26196999044671093,,0.2627262490290003,,0.2618166814814405,,0.26207936182886277,,,,0.26185766096818425,0.2624023269104637,,0.2437010148172314,0.24318770195758588,0.24292795887471852,,0.2444709542613735,,,,,,0.2435520013374752,,0.24348988594142817,0.24395001231248475,0.2435278042052395,,,,,0.24353431656206614,0.24366161111028595,0.24364622531610108,0.24335955569616338,,0.24371148739374196,0.24348169327728753,0.24320461643392907,0.24384630283204578,,,,,,,,0.26162578556418353,,0.26209416542752306,,0.2618106379701774,,0.26174570758047194,0.24352755792068073,,,,0.24381802035789357,0.24330709332037162,,,,,0.24233374836839436,,,0.24244891414988887,0.24369375609618657,,0.26116479789135394,0.2614471029077914,0.26150106052146455,0.2612546037665124,,,0.26153633248603564,0.26099506408957884,0.2617844940661971,0.26185967732389126,,0.2623643846181546,0.26127901660802266,,0.26169605674504576,,,,0.2620281041225487,0.26235099640085774,,,,0.2627084125301038,,,0.2619452208456064,0.26222094841571286,0.2620517337339231,0.2611929387885634,,,0.2425626434539195,,,,0.24259224299486032,0.2429133018042682,,,,0.2432959406884615,,0.24247141748345966,0.2439814094220201,0.2424332062075767,,,0.2429344830131376,,,,,,0.24367975614859266,,0.2433341630251673,0.2447070919786724,,0.2742951462614206,,,0.2739158615682796,,,,,,0.2685320211974784,,0.2681001286253152,0.2679555123137084,,0.26862201476193853,0.18615014182838419,0.1858890934042452,,0.18487962935962324,0.18489942017709685,,,,,0.1762813876031821,0.17597154748963825,,,,,,,0.19539277116125062,0.19766015755294658,0.1969610187543219,0.1966866194462628,,0.1984716252700039,,,0.19896709643893631,,,,,0.20084000273489996,,,0.1994363443131311,,,,0.19943382338417784,,,,0.19943379410280118,0.19951124134745196,0.19934882424437703,0.19985314930678658,0.19913239892515205,0.19922886645192103,,0.19960030107106502,0.20328524163622383,,,,0.20287313075417338,,,0.20429223930556867,,,,,0.20438038066392475,,0.20366129896802362,,0.20426115252132007,,0.20269766261371935,0.20289973749751558,0.2034075690810427,,,,,,0.20354404971257173,0.20287269013729203,,0.20297785030031792,,0.20363192082410156,,,,0.20358822580489755,0.20319705755170908,0.20339956207756768,,0.20285134980037062,0.20407135710337768,0.20317472323920735,,0.2029301935235923,0.2038044503363923,,,0.20313066270536675,,0.2035636583133625,0.2036790830171738,,0.20327689129602386,,,,,0.20294423000311765,0.20351290549758022,,,,,0.2030196365425016,,,0.2026844648436627,0.20346694510048516,,,,,0.20301645323889056,0.20352881269178502,0.20351500911732634,0.20324826183141095,0.2030313924712005,0.20289392151364455,0.30687722212254237,0.30662760720773025,0.30505592034499385,0.30652547124734897,,,,,,0.30511948359376423,0.30533880175462325,0.3064776241027228,0.3060606789753484,0.3051185078608576,0.30614583765928366,,,0.30678933105256384,0.3059146816414548,0.3054353128706869,0.3061718942481986,,,0.30674371739974327,,,,,0.3058039494334654,0.30550292587018835,,,0.307189711943235,,,,,,0.3062490443397653,0.3058318396118437,0.30522583142149795,0.30524838898717,0.3052220984254512,0.3047302513680427,,,,0.30545994629344797,0.3049647287963669,,0.3054596757883297,,,0.30564179256213775,0.3047915611470797,,0.3047945403039279,,,,,,,0.30590371716578474,0.3056403575556607,0.3017734333117027,,,0.30495684449568194,,0.3057002175037125,0.30535857945806916,0.3056707875643201,0.30538425681961145,,0.30589336929206673,,0.30651396340010867,,0.3065170369266062,0.3068781160312183,0.3062213421204599,,0.3063435875685823,,0.30461871230774173,0.3059520587801227,,0.305726356359397,,0.30575714816670735,0.3045432716662702,0.305354017297043,0.30630461165453476,0.3053435427274615,,0.30591050303644585,,,,0.3058387447302942,,0.3060630228911184,0.3053851427493926,0.306240096617541,,0.30596288885371764,0.30549018727978383,,0.3049951083135892,0.305836443795504,0.3063262025576371,,,,,,,,0.30486699296485326,,0.3054355694125711,,,,0.305650309527605,0.3064957884887798,,0.18845178555662742,,0.18807380211616676,0.18890275999101444,0.18830273776170384,,0.5477632147510412,0.6072438320256842,,,,0.20215374837768826,,0.5834302527881233,0.5856183977186844,,0.5838310348184492,,0.5841734188016551,,0.5840815450759094,,0.5857354420226043,,0.5836738184616779,0.5834615378442466,0.5835814837089496,,0.5852068358671215,,0.5845523833557179,0.582865019900061,,0.5832383884685204,0.5841564825482917,,,,,,0.5826042928446798,,0.58380680334158,0.585176518978469,,,0.5844286642018867,,0.5844341947438123,0.5843199579887529,,0.5835922181584561,,0.583830418212004,,,,0.5834664552589391,0.5838717511733456,,,,,,,,,0.5862246199087198,0.5843681728779428,,0.5837583457837704,0.5852684516263648,0.5843101403874643,0.5857041908867728,,,0.5848888259426807,,,0.5835012741731557,,0.5852869889973467,,,0.5850942736002559,0.5832609273247239,,,0.5834225906249567,0.5823945128220103,,,0.581990156587727,,,,0.5861077848347092,,0.5824303073690145,,,0.5828378451553132,,,,,,,,,,,0.5844185305157572,0.5850621972330744,,0.582627144425451,0.587313453153891,0.5834631763866872,,0.5845403986208214,,,,,,0.5842710779151078,0.5840396998438336,,,,0.5824464456467708,,,0.585762602956969,,,0.5860701111569725,0.5819673308393847,0.5848945511194601,0.5847087636086151,0.5834672446904061,,,,0.5845531233141248,,,,0.5840251869806956,,0.5843545148652652,,0.5846990972944153,,0.5820289890979484,0.582894065182694,0.5840034426211934,0.5841882694216741,0.5852697240598459,0.5848690368141394,0.584044956337887,0.5860732784370479,0.5860020614009275,0.5844868065858138,,0.583951515795867,,,,0.5840405888415379,0.5838142856099977,0.5835102889351703,,,0.584899645467791,,,,,0.5847338871200284,,0.49335855332691586,,0.5470382642634803,,,,0.5881036714909852,0.5867595353900299,,,
8,24,DG_48pct,96,Z19_F11,19,3PH,174948,181891,True,3767.705077518462,3825.2342629736722,3845.974844575259,4227.740775985318,4271.9597382126085,243.01250976316095,19.756375457160175,553.1351488053177,498.84345225124093,274.9322693408705,253.3806032189882,83.91580166280036,1.2316243319639864,47.814641656374846,154.4314148279777,105.62186653616254,4697.544929603731,4748.919698955737,70.33118903834247,82.53169843603382,0.7470347881578752,0.7442874440755165,,0.7468070879060259,0.747036942297689,,,0.5934316162871238,0.5943354572583687,,,,0.6020612965260034,,0.6028138248267142,0.5994947947905536,0.5994052235538057,0.6018299587652441,0.6006203442575442,0.5995194393834198,0.594191141524269,,,0.5935341593833448,0.5956955645736145,,,,,,0.596592433796174,,,0.5951508224531495,,,0.5471741984126945,,,,,,0.5447530819505366,0.5438305281362507,0.5437051844937955,,0.5427300597585097,,,,,0.5451243059757697,0.5445861266811184,0.5448563251456136,,,0.5445409872801635,,0.5389615446057339,0.5382176158309484,0.5387447567008534,0.5300996070802936,0.5296717786036598,,0.532010181086876,0.5290243711359226,0.5301395321088987,0.5313074420861215,,,,0.5280462792818716,,,0.528108914796941,0.5306980035804848,,0.5298859118634212,0.5278190388613385,0.5310530007431215,,0.5304598078754595,0.5301641342282281,,0.5301556244455604,,0.49373349371561565,0.4936164346680478,0.01120196717165988,,,,0.008303551591931014,0.008289986451346617,,,6.540145052899529e-05,,,6.540475304037116e-05,,6.534057087702055e-05,,,,6.562942812090463e-05,6.55031519314237e-05,6.529650569237847e-05,6.55263458762318e-05,,6.553337741579809e-05,6.543159831170815e-05,,6.544564288843579e-05,,,,,6.532249974018468e-05,6.544406959412393e-05,6.52557512457116e-05,,,6.576984611747358e-05,,6.519876247849669e-05,,6.533293973946398e-05,,6.528394638803697e-05,6.543357031965582e-05,6.50753776002772e-05,,,,6.539128533078364e-05,,,6.54167188876762e-05,6.541726997321176e-05,6.515623763939682e-05,,,,,6.520349763187339e-05,6.533003905360735e-05,,,,6.546998285194318e-05,6.537129831460428e-05,6.552892786717936e-05,,,,6.540658841562985e-05,,,6.532707060712427e-05,6.528903577325299e-05,,6.520237605829479e-05,,6.534307871777405e-05,,,6.531302480355158e-05,6.545302296319666e-05,,6.532333506454182e-05,,,,6.534830145178e-05,,6.532400599710411e-05,6.54013386695646e-05,6.526996549800708e-05,,6.545029358698897e-05,6.543140600484032e-05,6.518153460391353e-05,,,6.538486935688403e-05,,6.524145956500353e-05,,6.534264216397625e-05,,,6.550299824353267e-05,6.55364503959673e-05,6.573376065001834e-05,,,6.544442607801207e-05,,,6.541401861268634e-05,6.533488709357292e-05,6.526758632268902e-05,6.528217574528623e-05,6.549692567295655e-05,,6.510408908254972e-05,,,6.531903959579893e-05,,,,,6.528776475352021e-05,6.531641780791395e-05,,,,,6.550358833439735e-05,,6.522354752267991e-05,,6.54197305747002e-05,,6.529216992532132e-05,6.55237517085467e-05,,6.530006015395753e-05,6.551060026330854e-05,6.537409938959024e-05,6.523891791228133e-05,,6.532199351594288e-05,,0.2444845188510197,,0.24429179253729416,,0.2139886259211511,0.21437614529341212,0.21430097911791784,0.2144674426461725,,,0.2139611640496894,0.28881982778438636,,0.28917209636948826,0.2888585716851998,,0.2896701726327776,,,,0.2883717961262711,,,0.2880667155691497,,,0.28945869801183405,0.28859897566724446,,,0.289651860334962,,0.2885109677467229,0.2888911694314625,0.28881046147601214,,,,0.28853842824819714,0.28861912015271635,,0.2881984381211855,0.287624572907172,,,,0.2890030778099175,,,,,0.27050701739693633,0.2711843385857954,0.2711074105913046,0.27107705379145375,,,,,0.2709332858934804,,,,0.2713923670172773,0.2714593311876386,0.27149755142876547,,,0.27143533530723607,0.2713835195717448,,0.2710014768003126,0.27126076882955275,,,0.270442318823305,0.27005312663613434,,,,,0.2712967603165122,,,0.2885645875493436,0.28981277238275416,,0.28845166176441656,0.28837945509179685,,,0.2892784188890692,0.2883331827163736,0.28881091028895955,0.2704595725267357,0.27122978946333187,0.27030747333587324,,,,,0.26981086096277335,0.27134967074564603,,,0.2701559005156925,0.27060981391308736,,,,,,0.28885972164112583,0.2890184806560153,,,,,,,0.2892046709085836,0.2883590586001224,,,0.2887798490069583,0.2883888245545436,,0.2889894241699806,,,,,0.28797069415858995,0.28938306411088327,0.2896024747238744,0.288513046674691,,,,,,0.26901985684879376,,0.2706303127507455,,,,,,,0.2699648703153404,,0.2710866874719599,,,0.27075071766558667,,0.2710632551383582,,,,,0.27061756067697473,0.2708209028899773,,,0.2707432291287056,,0.26999803306159137,0.30081977243791075,,0.30099803570609507,,0.2998622675251142,,,,0.29978332895873705,0.2932744686727957,,,,,0.29415629546024735,0.21516204099617584,0.21600541641731782,,0.21475102628370235,,0.2145133338505096,,,,,,0.20400436770620295,,0.21864622497899006,,0.22614203955793724,,,,,,,,0.23197145734837352,0.23014201160291062,0.23105352933369508,0.2305194991049409,0.23087548851963058,0.23038643133216885,0.2334851775466055,,,,,,,0.23080787855061916,,0.23112223304094776,,0.23120540401343984,,0.23110740294404078,,,,0.23112846411725774,,,,0.2358252945644305,,0.23557490524084723,0.2357322882531945,,,,0.2362740522351595,,,0.23695031315734771,0.23721659123942765,0.236751369009913,,0.23667599654257507,0.23664738697445584,0.23723049383788108,0.23622836204657438,,0.23597360384902197,0.2362383269650744,0.23559285933874535,0.2360477809464343,,0.23500486482467195,,,,,0.23594949607929958,,0.23583710606275074,,0.23519396775244072,0.23568907385016838,,0.23552772995055854,0.23607925863665655,0.23538646580336894,0.23624768262542292,,,0.23582226129218314,,,0.23489195692579193,,0.23529855212037445,,0.23610710831050705,,0.23535940066815275,,0.23525814109992677,,0.23518177854195538,,0.23651418744835567,0.23637498829345896,,,,,0.23601220626589853,0.23521058869388214,0.23597193636575325,,0.2354417345917268,0.23611440092096642,,0.23580165871984035,,0.23562221622592922,0.2359907789082144,,,,0.3307694641118283,,,,0.33050131806030714,,0.3315780518539713,,0.3303609098342385,,0.3306252492958805,,,,0.3315533779227337,,0.33177814084047624,,,,,,,0.3305817560672523,,,,0.3313626616477187,0.33104000913628384,0.33043527187267296,0.3311013703915671,,,0.33112588119535125,0.3308882994398513,0.33193242010665064,0.331325185803033,0.3310604830171593,,0.32993216735777864,0.33042398996955324,0.3303072797001969,0.3304499865886947,,0.3300549436555459,,,0.32994069809750565,0.3296566588156106,0.33147558377228076,,0.3313961433239537,,0.33028266308049437,0.3302665486731784,0.33075696642260105,0.33088784664524223,0.3308552531869316,0.3315828810208311,0.33100989648921514,0.330245849868968,0.33148041716349363,0.3301896048096688,0.33162552598326195,,0.32653144269456585,,,0.3305653076664874,,,,,,0.32953317524251985,,0.33103408331009526,,0.3316478533909689,,0.33093679362017847,0.3316966713491987,0.3310991893632589,,0.33051396830777774,0.33073745249041964,0.3308468493524695,0.33095134707829016,0.33151153405272316,,0.33126335935017026,,,,0.3303735476475096,0.33132066047713526,0.33064367357780694,0.33110211013148927,0.3300717623557976,0.3313847989743335,,,,,0.33017258345554074,0.3304709884938961,0.33049026050793306,0.3309694577304264,0.3299622573924952,0.3308915173455624,0.33092067771944483,0.3316767155640838,0.329473216162501,,,,,0.3308191701275538,,,,,0.3308564968416556,,0.3308420150987515,0.3309962219676398,,0.33072713766232414,,0.2188261439588458,,,0.21874205420424558,0.21815442710859598,,0.6190495121363091,0.558994247261445,,0.5585139095339267,0.23400885924428816,0.5968477479535758,,,,,0.5974152081729541,0.5964089387024277,0.5995661134450907,,,0.5977552255789623,0.5964715431128317,0.5986587210339954,,,0.5967766402386918,,,,,,,,0.5978046573032445,,,0.5978083330878396,,0.5972140820946803,,0.597403387620047,0.5986007845827896,,0.5968001390767624,,0.5955679297305462,0.5977206698266239,0.5972880251666831,,0.5985042343872143,,0.5977754245810962,,0.5978552587395144,0.5975243456314784,,0.5977706393161981,,0.5972286673039257,0.5976143174611941,,,,0.5968654864349656,,0.5956773913390992,,0.5978485236754139,,0.5960088544397244,,0.5986669446869314,0.5972439498376219,0.598897521012087,0.5968664184134904,0.5969381743676507,,0.5967714335314395,,0.5988236531582356,,0.5983332771331964,,0.5974812644848738,,,,,,0.5980366046784775,0.5982079135239363,,,,,,0.5984704220611139,0.5968448902782018,,,,0.597081935459968,,0.5959464968707591,0.5965714584282911,0.5968622926437527,0.597283251166019,,0.5970999199414484,0.5982914868693534,,0.598018303278699,,0.5976685155684069,,,,,0.5968553528367605,0.5978952638403011,0.5988711673589964,0.5967021561928215,0.5968118047422245,,0.5992375745584735,0.5964564374868057,0.5983314070602572,,0.5990143964089637,0.5969479441953163,0.5979668039869153,0.5971983387469454,,0.5968469601996481,0.5969259802550744,,,0.5975349858662684,,,,0.5970196511041626,0.5979493819386493,0.5984913859780006,0.5968521357191968,,0.5977979109701566,0.5980766908488749,0.5983664016989563,,,0.5973376523144156,0.5979692214761752,,,0.5965539493992765,0.597935889565741,,,,,0.5965755662492146,,0.5963143999151068,0.5954749407743042,0.5964478181165535,0.5982416270058736,0.5967133148669292,,,0.5980255446730783,0.5979402202882238,0.5980113849788891,0.5979947108050055,,0.5966994227695149,0.5971430066331198,,0.5087946194780146,0.5087565938360649,0.5088648253822614,0.5604892770685175,0.5595178992183202,0.5593223572630168,,,,,0.6016916407705082,
8,24,DG_48pct,96,Z19_F12,19,3PH,174955,181887,True,3796.6018284024867,3853.890124288519,3880.878327391098,4254.537036228793,4295.166354623491,236.96649914859364,19.349527544522083,537.5464318635502,483.0079303629004,266.01330757489626,244.0057977692174,81.76920618016953,1.192654158757127,47.35729738291472,153.35677682137222,103.48457823361312,4729.807952416719,4746.00487000724,67.83021309383577,78.93151894519573,,,,,0.7468321071083596,0.7471171692098277,0.6774350094208254,0.5908861883595805,,,,0.5950877440651126,,0.5974191572490306,0.5976332072927162,,,0.597900481020791,,0.5969415415578249,0.5927078784618037,0.5918944319486436,,0.5928868758533092,0.5916391827511418,0.5910387946861689,,,,,0.5929792108446124,,0.5915928369790114,,,0.5674363177637283,0.5436851527699447,,0.5438563218912055,0.5380361291983986,0.54082023630191,,0.5413466039667509,,0.539415471358479,0.5399227543062851,,0.5405408393945211,0.5413210848994381,,,0.5407206474038154,0.539792377885676,,,,0.5415548159329461,0.5351923143305878,0.5351817873304151,,0.5336643232289716,0.5267222239012868,0.5246464528935765,0.5253575654631979,,,0.5264210199382818,,0.5269357622039357,,,,,,0.5254984378572709,,0.5265986439914464,0.525171549934646,,0.5260960357435295,0.5266262305877085,,0.525607214093265,0.525809264491203,0.5259085446454269,0.4900312372723274,0.4900541887167759,0.49117721412446413,0.002915135816975883,0.05986338057852431,,0.059820092578196586,6.501964206362661e-05,,6.501549029354104e-05,,,,,,,,6.565097267624815e-05,,6.571469914282222e-05,,,6.582444258722124e-05,6.57524445042435e-05,6.559154569648189e-05,6.574622059778691e-05,,,6.570342576568828e-05,6.588505340363448e-05,,,6.55520580487159e-05,,,,,,,6.57236159787189e-05,6.559963597091481e-05,,6.56235610150084e-05,6.551375960655209e-05,6.570479677125659e-05,,,,,,6.556368766382036e-05,,6.553293491820172e-05,,6.573433096279419e-05,,6.558307901543746e-05,6.578893604508609e-05,6.569296723963835e-05,6.557155520663983e-05,,,6.568277712686787e-05,,6.590056323084997e-05,,,,,6.571647202226073e-05,6.57914439356584e-05,,6.559139191727175e-05,,6.574908391158976e-05,,6.578057750366603e-05,,6.550936981752678e-05,,6.57711658983042e-05,6.56920411810976e-05,,,6.576330012544898e-05,6.601021712746508e-05,,,,6.55114258187356e-05,6.557881651409343e-05,,,,6.55146359940706e-05,6.573302442735554e-05,6.571978541061637e-05,6.563650829260482e-05,,6.555582767417657e-05,,,6.56045702506078e-05,,6.564135583095192e-05,,,,6.579474895871177e-05,6.568291918571804e-05,6.594211168079317e-05,,6.574998963156875e-05,,,6.569004647854298e-05,6.572059273186484e-05,6.57535677922482e-05,6.564556599754859e-05,6.577187910905148e-05,,6.561521722419393e-05,6.566452725683443e-05,6.554824473542387e-05,6.546262088774302e-05,,6.56701460336085e-05,,6.544799696613847e-05,,,6.563284555653971e-05,,,,6.556596093060226e-05,6.581779459390898e-05,,6.562512903122818e-05,,,6.57135960626478e-05,,,6.57737966785486e-05,,,,,,,0.23802388357315282,0.2384982196749168,,,,0.20750025736982386,0.207426654257328,,,0.20751764688154237,0.20711916450182488,,0.28205592810519897,,0.28206405563715437,,,0.282464842467472,,,,0.2830203079586882,0.28333360720468087,0.28362456330267766,,0.28198832377013944,0.28242177679537056,,,0.28190159399621745,,,,,,0.2819856605666442,,0.28280357152098196,,0.28215263952148756,,0.2820916127935501,0.2827376903782614,,0.2824456856997449,,0.2824054256847566,,0.2821745720912014,,0.2823545882295603,,0.26433122203979936,0.26469694317771847,0.26474992235745154,0.2639752663882241,,,0.2638928496790041,0.26443661933155715,0.2653966082330282,0.2648402949010819,,0.2645883079739579,,0.26440906484262594,0.26454118940459564,,,,,0.264868816799722,,0.2637531616311956,0.2638069917087369,,0.2635091506493074,0.2648581009232604,0.26419516966099843,0.26418374119472926,0.26506289799806243,,0.2634149186917862,0.28264576101501127,0.2819342543614644,,,,0.2825948123167313,,,,0.28225552625170447,,,,,0.2643278758012594,,0.2644348986712564,0.26347280096025083,,0.2643240569892026,,,,0.2638732871444002,,,0.28255015447017007,,0.2824437066645368,,,,0.2820986176051974,0.28143118693613434,0.28161821291969064,0.2825907088355295,0.2815239546262649,,0.28225341854052854,,,,,,0.2822014317181556,0.28200222535962005,,,,,0.2812654051706416,,0.28146399743590667,,,0.28156934552148527,,0.2632901788477246,0.26311012520171906,,,,,0.26429869929892436,0.26393925342184676,0.2640472166364021,0.2641760946974592,,0.26451797065038685,0.26412667528692624,0.2643577313434071,,0.2636148276524515,,0.2636814375014211,,,0.2636558242172171,0.2634650945586494,0.26465041152596064,,,0.2638011541739319,,,0.26403201879703253,0.29400461154133134,0.29356845250311797,,0.2942519278896666,0.2930968134376848,0.2929388442109166,0.2935067368362526,0.29346274533266786,0.29329885096757136,0.28786796256839015,,0.28825451159148946,0.28893173240205183,,0.28849059367344143,,0.2086849289488336,0.20815153137904457,,0.2077438465667788,,,,0.2028049986221563,,,,,,0.21210359611798532,0.2191938907178399,0.21932586326982415,,0.22123222673984344,0.22074006888848713,,,,0.22333093862315526,,0.2232230883522822,,0.22364988320982626,0.22334247631669818,0.22566861641789618,,,,0.22380177038010104,,,,0.2240832771243945,0.22464155429963042,,,,0.2234504942051551,0.22332370519730005,0.2230785801028747,0.22334851388086935,,0.2234400062759702,,0.22759370924692846,,,,0.22773199738386715,0.22499166186738273,,,0.22892762684579734,,0.22860789317979766,,,0.22897276537054978,,,0.22839584850405334,0.22787773457155847,,0.22790695761229787,0.22730059201191571,0.2276413668082374,,,0.22745266691634952,,,0.22816065288755974,,,,,0.22780607655686375,0.22826926589569355,,0.22850711957955222,,,,0.22732261701102147,,,0.22795232359666287,0.22761684263992285,0.22823147058430202,,,0.22712769796923882,0.22781306453574843,0.2273049291444392,,0.22815443995190052,0.22771625075268193,0.2284091258298796,0.22792602363424497,,0.2280656942998427,0.22864336040797484,,0.22798776944248314,0.2279827314352885,0.2281227992367603,0.22761118012765139,,0.22786281280738763,0.22817426621228243,0.22777414790152922,0.22790603954566085,0.22667805503564933,0.22814702681023707,0.22839607874267626,,0.22827137070774584,,,,0.2276863294307423,0.22796697386674752,,0.3255466936140221,,0.3250815906557163,0.3235623996446098,,,0.32492256741016806,,0.3240963195772322,,,,,,,,0.32500776055694525,,,,0.3250588730047062,0.3255230762343303,0.3244062508309077,0.3247854967795826,,,0.32416113818556624,0.32430320828273995,,0.32446222482535186,,,0.32400677627198793,0.3248898145254035,0.32571555923364665,0.3249334348019424,0.32536766600771766,,0.3242532273750782,,0.3240844834548395,,0.3245706544932533,,0.323923387186104,,0.3242388691685298,,,,,0.323819108280541,0.3237318180407194,,0.324490841681953,,,0.3257598688511673,,0.324680888910157,,0.32469264920672236,0.3246431980695149,,0.3206804310006707,0.32348445797295516,0.3233729887090665,,,0.3256291565972635,,,0.3236392800953538,0.3237080547349909,,,,,,0.3253763936530402,0.3248814916981765,,,,,,,0.3248329753259008,,,,,,,0.3243063577738856,,,0.32552075295848676,0.3248438021378507,,,,,0.3237025725951355,,,,0.3251296874453623,0.3237277141781157,,,0.32373614918737326,0.32386996708025884,0.32300536080804293,0.3249643618587328,,0.32533079610415994,0.3254089487378487,0.3249413644200061,,,0.3237002299746498,0.32472903359954014,0.3250126406825276,,0.3254084125358623,,,,0.21210474671571103,0.21121970661652187,0.21118758636625756,0.2112783305061406,0.5580028188815283,0.615066591924647,0.554484881460537,0.55528449127005,,0.22613356786330918,,,,,0.5957675082419551,0.5938087031175094,,0.5967243910043056,0.5931406161324049,,0.5931828519264185,,0.5948816247104848,0.5926141531662001,,,,0.5938918015547144,0.5945108236039794,,,0.5942318605296322,0.5936038265291007,0.593827133986332,0.5944852737937074,,0.5962424115734034,,0.5939003964530509,,0.5949006942016151,,0.5940741411784684,,0.5946536878447525,0.5943966804114685,,0.5938987374336356,,,,,0.5941063555851666,0.5952247335774272,,,0.5941742996117343,0.5968487289418053,0.593572327325583,,,,,,0.5940796174715681,,0.5946484508255127,,,0.5934774050934635,,,,0.5949100584593414,,0.5946021748819194,,,,0.5946231064954696,0.5954762328145686,0.594188313877011,,,0.5948353563195699,,,,0.5949749154079114,0.5942610639563459,0.5951954001416843,,0.5942836170914296,0.5942446200980386,0.5948292548627843,,0.5943864431817921,,0.5949576575981705,0.5935020829091453,,0.5937324519362619,,,,0.5947097807143659,,,,,,,0.5954377928332214,,0.5957403658211987,0.5949249361677016,0.5950072016299427,,0.5923294557111941,0.5931036166514025,,0.5937994806308758,0.5937246706488555,,,,0.5955853278065494,0.5938853780099519,0.5938258557149199,0.5937833373472157,0.5953449631249433,0.5941091110301921,,0.5931177142452375,0.5940253804496206,0.5941404651344065,,,,0.5940702901740621,0.5939275905157092,0.5957834791752619,0.5941033504426083,0.5947751013780332,0.5956986852529627,,,0.5953492955929329,,0.5947699444207645,0.5942555367275019,0.5945143046388124,0.5929210442053574,,,0.5948349573977133,0.5928619180648268,0.5947369357172385,0.5945057232016999,0.5948920331937582,,0.5934864932197994,,0.5952199733399384,,0.5938510416649855,0.5951717005938987,0.5935376166896964,,,,,0.5949729880621825,,0.5950421560660543,0.5931517059545512,0.59449657734671,,0.5044899607966897,0.5051132985703377,,0.5577157451114886,,,,,,,,
8,24,DG_48pct,96,Z20_F01,20,SLG_B,175058,181992,True,6333.092743360088,6216.84862247654,6119.692785954792,5333.094616228043,5270.139151001277,659.0505464273715,80.89385292060275,1952.5938799047692,1696.0199644264117,888.2873273023597,820.2039445664816,282.94014633010454,5.441130686367211,56.94851662319554,187.4930134492713,284.57179413270075,578.2422098635667,238.31930241444604,5774.794496129658,295.7998421797076,,0.6819703462289582,0.6790057729690863,0.8216993749204263,0.7654647409963489,0.6695942880011572,,0.48559077317388516,0.4863179883497461,0.4866305549858521,,0.7674179073796876,0.7663445151572129,0.7671333338052371,,,,,0.4992118754964485,0.5004024315861567,,0.48708355703168704,0.48763774238022284,0.48612428528335566,,,,0.483334994111831,0.4827415902685892,0.4867467911790731,,,,0.4862138593993044,,,,,,,,,0.4332797633660734,,,,,0.4332125109070854,,,0.4325654657200717,,0.4331574168531694,0.43325218290500794,,,,0.7642983511540292,,,0.4821406740428193,0.7665309414915921,,0.7653892643511467,0.7654384652816312,0.7659032993174099,0.7653838882463556,0.7682645142665722,,0.765765971401745,,,,0.7662875545723113,0.7657419927775193,,,,,,,0.7674736827876534,0.7656256830440143,0.7658606423059146,,0.3730672592797972,0.37211273387577426,0.37185647232908337,,0.2781728932546263,,0.2788721900656495,0.27948657793081105,,0.27899903628971395,0.8247983642303848,,,0.8233281137277311,0.8236246683361963,0.8243150319540617,0.8239472454173798,,,0.8211810690028872,0.8229312912499132,,,,,0.8221638823431766,0.8236867477134117,0.8247411517333602,,0.8236491553653917,0.8224665471219377,,,,0.8234922740787134,,0.8243014882767496,,,0.8264624789783531,0.8244037078217532,0.8242716553759152,0.8235937403109934,0.8233681620758635,0.8231170218102417,,,,,,0.8233372145807203,,,0.5966282678113232,,0.5963266934781929,,,,,0.5956086382310387,0.5958544058587537,0.5928594200848465,0.5961476543446126,,,,,,0.5972300880069953,,0.5962279457204732,,,0.5963799499132292,0.5972444065506969,0.5949049290023372,0.5963156337615731,,0.5970034125453706,,0.595410085743841,,,0.5977856293660241,,0.5958709086472813,,,0.594607004511217,,0.5955709342426666,0.5983320916716149,0.5947482854715341,,,,0.5957374782537735,,0.3080904043455634,,,,,0.30797580265899605,,0.3079760900227685,0.3082412617077423,0.30872885836962777,0.30820203673590585,,0.3083633557426459,0.3089237102089075,0.30833273565983543,0.3087313263232893,,0.3087909127826715,0.308371972899811,0.3081619227490858,0.308661205618448,,0.308537929350762,0.30940309738201033,0.30860581611170396,0.3084163231940381,,0.3088696615292127,0.3079671922193075,,,,,0.3082263716652859,0.3080656958901679,,0.3093662218657589,,0.3081400891695011,0.30784552779235524,0.30978581771654207,0.3089595909610638,0.30894896867273064,,,,,,0.30874167344966563,0.3093180094546295,0.3088428277287783,0.30756832934642625,0.286028810499374,,,,0.8235428963819774,0.27374075202416653,,,,0.2734275675430743,,0.8273538965982236,0.8275183429730468,,,,,0.8292661828043896,0.8314194302111779,0.8292316208151628,,0.8305910467091322,,,0.8275509040240782,0.8306039632778687,0.8295843123366525,,,,,,,0.8292111889453342,,0.8276098497801744,0.8267640123161706,0.826701094783508,0.8276430912546102,,,,,,,,,,,,0.8271809965588481,0.8275924881839257,0.8241236929681808,0.8253200698484198,0.8267590395330899,0.8254803749571635,,,,0.8297445907583431,,,,0.8274162038186154,,0.82853403975437,,0.8275861948080628,0.8290155165518999,,0.8285587852591257,0.8297143476355414,,,,0.8268251884178707,0.8259311389712203,0.8259697576782777,,0.8269243213275407,0.826312775051411,,0.8279356148682235,0.584985104206314,,,0.5852447737015224,0.5868865110016556,0.5861571844264608,0.5864135311981385,,0.5851410767679083,0.5861365183091309,,,0.5862583225345087,0.5841814255469134,0.5862434507756562,,0.5856454816662481,,0.5846795478238243,,,0.5839208826978843,,0.5845982956318244,0.5850178636997466,0.5830179250703926,0.5857865225427651,0.5851400162842961,,0.5842626597410628,,,0.5858551445273854,0.5867069395380881,0.5864447168237452,0.5849900639787647,,0.5851695380222771,,,0.5858535109503709,0.5866397454813298,0.5852876769277333,,,0.5868596946722759,,0.5859762307061557,0.5871841515654052,0.5860065087458555,,0.5871847912287622,,,0.586732326243541,,0.585883386418538,,0.5837886194253696,,0.5842604899661833,0.5843543126478882,,,,,,,0.5864912579535335,,,,,0.5858892893921781,0.5863613167726913,0.5838280651736325,0.5863611808440319,,,0.584946961812201,,0.5868413667907778,,,0.5865551326432283,,0.38704322211582054,0.3864966326850111,,0.3862889701838265,0.8279440568301345,,0.8276356175731484,,,0.3168698901507232,0.3167418433301926,0.3156741500520511,,0.3165913484801485,,0.8361234658227983,0.19333278307081325,0.5935863928256685,,,0.34589875445267304,,,,,0.339550475063702,,0.8283913502729264,,0.592841533714927,,,,,0.3277172827991367,0.6218336546924651,,0.3321085397397191,,0.332690014277977,0.33300255051053923,,,,,,,0.295427151156416,,,0.29418386253982737,,0.29493264264445374,,0.2949774636010527,,,,,0.2948162651831782,,0.29537595020547247,0.2946471137013426,,,,0.6415253457363039,,,,,0.8848872808865358,0.8859784553208729,0.883887056913843,0.34613314148933605,0.3462148134214266,0.3476253173316696,0.34646474753173206,0.6464511767186447,0.6445947855221602,,,,,0.300578257909543,0.29985840168264066,0.3003771944389478,0.3002358854084246,,0.2992222244065254,0.30015058758918733,,,,,0.3004148275444387,0.3013076438827301,0.30122246724922613,,,0.29951875963641983,0.3007915578479263,0.29978830115549654,0.3003706944113488,0.29996327107291293,0.3004051887993605,0.2999592064436426,0.29914718451759914,,0.30033278359024046,0.29993326789811936,,0.2996287481154095,0.30056720733294107,,,,0.2997027663903187,,0.3007464324796301,,,0.2997856057442769,0.30122118828672384,0.29968121296868055,,0.300229926546218,,0.3000160548289113,,,0.3012213510684957,0.3006386588734892,0.30056823115146325,0.30059652599363607,0.30013960546981133,0.300017432055214,0.3004746047697612,0.29989689612305287,,,,0.41012157495138013,,,0.41169164630520283,,,,0.41150501618038826,,0.4119999056281394,,,0.8297846832089897,,0.8312014448676845,,0.8294186883265031,,,,,,,0.8306276095871918,0.8304030428535729,,,0.8309895110072647,0.8304245603470093,,0.829335248068417,,,0.4114089023109613,,,0.4119556113012234,,0.41115338517744127,,0.585505426997375,,0.586320549594733,0.5845451245960904,0.5850099180096296,,0.5873429991052191,,,,,0.5871538743651166,,,0.8293199020938001,,0.8288853597785609,0.8325051285685365,,0.8347131193238289,0.8289444470560885,,0.8329634730197493,0.8315996788823227,,,,0.8307211304268448,0.5847761963317399,,,0.5870194016408897,0.5875287794477433,0.5865135010227891,,,,,,,,,0.41071121895554674,,,,0.4130748803176772,0.4118545003068772,0.4121197278501076,,0.4119425893177682,0.4119200155862246,0.4108149903227398,0.4111322196322122,0.4105977125187657,0.4115321220783717,0.41119772341974353,0.4118728814525233,,0.41167226843166016,,0.412209322139676,,,,0.5874201721274278,,0.5884552947792226,,0.5861365785475167,0.5876540160436312,0.5861806675485021,0.5839724529260998,0.5859649761717172,0.5861193121948837,,0.5872783392086697,0.5851482186034634,,,0.5877928673501784,0.5881756460995023,0.5868865699910464,0.5867673791041909,0.5885267756836732,,0.5851155778752847,0.5864781050346339,,0.27929700189711776,,0.2786810345580367,0.2789810953187733,0.2784809268657546,0.6068788152051992,,,0.452701658074127,0.45359646801389075,,0.48635010896214576,,0.4854261943685464,,,,,,0.48578502849662075,0.4849843318489823,0.48474398156118864,,0.4860814496435099,,,,0.48582997629949204,0.486317930585385,0.48627468476682817,0.48527814762138327,0.48545236711161394,,0.48495053468352217,0.4875470087618075,,0.4866686784110909,0.4863754136494312,0.48745900419712246,0.4840397350103601,0.4858446953090797,0.48512239981829214,0.4857432095979672,0.4867764444738331,0.4857592643529853,,,0.4857821678491248,0.48461950581367247,,,,,0.4838186016010341,,0.48593172628746917,0.48614971744173774,,0.48537101873579297,0.48532126371751644,,,0.48570064502795135,,0.4859445107923275,0.48512465838619623,0.48494728352188415,0.4866854222737435,0.48569050362563176,,,0.48529155452667744,0.48626322242198616,0.48579846773386864,0.48667662671392165,,,,0.48555307895079763,,0.48682366854062015,0.4851793114144431,,0.4844940889989131,,,0.48800068011758807,,,,0.48666516156094847,0.48483812739704374,0.48497671384523827,0.48561360322177666,0.4864524382647208,,0.48451485827459584,0.48523452381917914,0.4863315884821443,,0.48569665274852664,0.4874996920587416,0.4866653308994202,,,,,0.486684944498307,0.4856707069454847,0.4855845899447181,0.4855803196767272,0.48569040159572036,,,,0.4856908575366856,,0.48715198819554184,0.4857360995155929,0.4848012330775815,0.48598719638605276,0.48555119293250737,,0.48603819877665944,0.4864140718440924,0.48501104841566384,,0.48536081816276017,,0.484732712059441,,,0.4858888726471556,0.48587578582474683,0.48687248931076016,0.48567035477112275,0.4857132377185593,0.4860414482818631,,,,,0.48748488334377965,,0.485985610468367,0.4865789285935517,0.4836961210027766,0.48657076115049397,0.48589124152947705,0.485403364019011,,,0.48504480213069445,,,,,0.4862699743832254,,0.48595193601642794,0.4855554259516698,,0.48535090672153425,,0.4845925885334604,,,0.48565818100636365,0.4849730424364812,,0.48496701863711883,,0.4862434153296662,0.48442714221465655,,0.48503392488073305,,0.48600564418671593,,0.39643120256268843,0.3980212341795968,,0.7751151713317516,,,0.7679307884160784,0.7678354053278301,0.6373217151970311,0.6376964471930565,0.4979737659426736,0.5011119204203623
8,24,DG_48pct,96,Z20_F02,20,SLG_B,175059,181992,True,6349.413508604719,6192.491556654247,6130.131787932039,5323.615421844194,5269.9818440704685,658.587527424812,80.3247260354928,1954.6056394336122,1706.2998772071498,883.6354751598828,819.1909547173907,281.4964738589674,5.450018627686489,57.25806782216276,186.2689340126961,284.09429976297923,578.1920340611208,240.0756127237524,5789.77019463466,294.1698860371884,,0.6807263667213176,0.6804641430900139,,0.7685863402991049,0.6689594063374147,0.7060487027958203,,,,0.6273876477919107,0.766153481265021,,,,0.6360286555560855,,,,,0.487418813791928,,,,0.4841578345522998,,,,0.4833006404256686,,0.4855587102448242,0.4850136117823615,,,0.48733003706061356,,,,0.44955175506400197,0.4345534992859508,0.4328973684619572,,,0.43250908037433156,,0.4331857369935356,,,0.4338357565437571,,,,0.43321098470191377,0.43332411457749037,0.43307973950364287,,,0.7652455813164379,0.7682284471374644,,0.48118520045580077,,,,0.7661725418081922,,,0.7684027863255017,0.7657172555952828,0.764525283409932,,,,0.7658811426423009,,,0.7671206320472018,,,,0.7669252623867567,,0.7656511640776216,0.7686358993873178,,,,0.3726213713359915,,0.27959163773243284,0.2785616022326682,0.2787990663607075,0.27989116022235616,0.27900375086035534,,,0.8238672184270006,0.824129690483496,0.8224658232413201,0.8260004089265466,,0.8269728109288619,,,,,,,,,,0.8242406152416856,0.8251452939433217,0.8262234670728966,,,,0.8259167662910203,0.825028040511179,0.8232566115639922,,0.8231861564604124,0.825098776896454,0.8237305993741495,0.82331377401208,,0.8231716421497043,,0.823000358394713,0.824085640126806,,,0.825701938483697,,0.8233261937838806,,0.825555981882471,,0.5972865112542349,,,0.5975756213520457,,0.5960245358044624,,,0.5980698009092911,,0.5962217772149317,0.5955111915495147,,0.5954477292535746,0.5955953688368038,0.5953874121792427,,,,0.5943117706308919,0.5949090807087836,,0.5966815566440677,,0.5967013173576512,0.5950035971718269,0.5965968875425546,0.5966985888538087,0.5949097565026488,0.5967204844734916,0.5964357951657929,,,0.5972790827515824,0.5965698191016222,0.5955841207240481,,,,,,0.5940380646633002,0.5959411063621469,,,,,0.308766549927356,,,,,,,0.30868479319108166,,0.30904018853276805,0.30822909842726187,,,0.3083512649661336,0.30822095882968165,0.30876559866595527,,,0.3099578567775544,0.3086360120741567,0.30822463975819503,0.3080534018490942,,,0.30883737995971644,,0.3081608386477681,0.3088041588235232,0.3082569059982562,,0.3084475444567001,,0.30835073134586705,,,,,,,0.30842283547484667,,0.3083081870482004,,,0.3087260913210781,,,0.307159838517775,0.3087018005390614,0.3090001747568028,0.3082319802213689,,,,,,0.2731353690180305,,,,0.2728837948340658,0.2737175492691118,,0.8298673675523418,0.8299231625060388,0.8290300766830222,0.8297649523840852,0.8303291819573422,0.8276077490377061,,,,,,0.8293436973197209,,,0.8291026649769508,,,0.8304291389292187,,,,,0.8287887575607508,0.8296262219140491,,0.8264659462486028,,,0.8266599083008587,,,0.8301272533732681,0.828512569124026,0.829272525388484,0.827905884827497,0.8255597608011881,0.8284188987479557,0.8276758860628877,,0.8285727882364897,0.8279798649291242,0.827353173447713,,0.826546043124759,0.8276849720011142,,0.828939179691923,,0.8283232528359104,0.8279952572332858,0.8288055201605076,,0.8284265548678579,,0.8262533640867086,0.8298601366451537,0.8272163732805953,,,,,0.8280262782875039,0.8262367320946354,0.8266249369142153,,0.8286483644453635,,0.8258912506834222,0.8290446839170343,0.8264584980675305,,0.5868978962702351,0.5866409915278059,0.5844898378480821,0.5842293333072291,0.5864124463986095,0.5845325550486621,0.5849066114043813,0.5853771452806611,0.5847808195813992,,0.5849008677305184,,,,0.5835530582022495,0.5846343508586339,,,,0.582932715441504,0.585467886613118,,,0.5869231683412115,0.5839366650852691,0.5844513383978415,,0.5842130105679675,,,,0.5843716462048396,0.5839469325273571,,,,0.5866169517428771,0.5848090747583593,,,0.5869771068522863,0.5848840681403596,0.5839882866425928,0.584897450560871,,,0.5852326566788184,,,0.5856402561583013,0.5856340494305138,0.5850535192122465,,,,0.5856466104514024,,0.5846726965171034,0.5862522170668593,,0.5839125705886953,,,0.5863013138081768,,,,,0.585383138958406,0.5850467686109422,0.5848743460124649,0.5863938456050473,,,0.5843583349507626,,,,,0.5863933758821964,,,,0.5848467195247955,0.5838041546273762,,,0.38671373088829814,,,,0.8307175015304162,0.8291972884912473,0.8303155211854427,,0.315206774197607,0.31530825446144384,,,,0.3156713273091386,,0.19350180073617182,0.5929402843482992,0.3472480962810202,0.3464383188329843,,,,,,,,,0.30254168431482337,,,0.32108634286207793,0.6150987294212209,0.8585983150182246,0.32761225751297124,0.6211192055203628,0.33247512503382665,0.333567333903011,0.3339397403240047,,,,0.3327592277142859,0.6280449413103748,,0.337235314920436,0.29490097446905855,,0.2943489642001129,0.29407381382685305,,0.2945395460455746,0.2946788550260036,0.29460525618785294,0.2954286957152532,0.29501125965741626,,0.29402073371840803,0.29542472077323545,,,0.295185965140329,0.2948236087560057,0.2954753172964648,0.6421202130544214,,,,,0.6370490137286293,0.8859640680284931,0.8851107082446881,,,0.34554532551554323,0.34621058849035247,0.34567624858154583,,0.6458761013293611,0.6449826119487873,0.6454435060601678,0.6452829628203839,0.2995174863138536,,,,0.3000572783235634,,0.2995995607678498,,,0.30057107223780044,,,0.29970215658704585,,,,,,,0.3006175641695099,0.3005659584881015,,,0.3008172864609011,0.2996154266987416,0.30013765304560397,0.29984810964419945,,0.2998655384598921,0.3008363240242921,0.2996196307500791,0.3001338212626673,0.3007470998756536,0.3001170089278579,0.299854189295736,,0.3000385411945587,,0.29955353326370165,,0.29986610251092205,0.30015132193135746,0.30060407444998666,,,,,,0.29930068891498224,,0.30005099326914303,,,,,0.3008327983468683,0.3011043121423708,0.2995284888461218,,,0.4113816151633163,0.41081630882870174,,,0.41156605636998284,0.4109212897711397,0.4117079499704646,,0.4122022239641388,,0.4112333019725852,0.4088148178269479,0.8305872124159187,,,,,,,0.8303455326074011,,,0.8308394111839563,0.8330794730414053,0.831662113430398,0.8295329065681337,,0.8299801900979018,,,,0.41118749937783916,0.41132796292901064,,,0.4124758258342762,,,0.41160393286207825,0.5873923894155106,0.5875462505576864,,,,0.5856144712283721,0.5848576667477868,,0.585433226323851,0.5863268312087077,0.586113275405392,,,0.5850395642515396,0.8281550176424884,,0.8301100104527309,0.8323590101431154,0.8328113455570503,0.832479720903877,0.8297004213549712,0.8313429093087723,,0.8308156331273076,,,0.8161643126929582,,0.8289708295111082,,0.5858660241574726,0.586699858915106,0.5850656389044743,0.5859465464439286,0.5864276345795627,,0.4113300447698733,,,0.4131516133297809,0.41120870871952747,,,0.4120943880871277,,0.4123658437543932,,0.40965791422902254,,0.4119519289360336,0.4120349100885174,0.4113464939511602,0.41095109328099855,0.4120355761131806,0.4114944407823049,0.4124461808809539,,0.4117737604113473,,,,0.4104175937485596,,0.588186956625292,,0.587732550095921,,,,,,0.5880573614598964,0.587116441061346,,0.5848749062136797,0.5849356663377134,0.58621998302388,0.587081244118478,0.5862939506798603,0.5856202100673018,,,0.5873504980459872,,0.5877128821333494,0.5884524433604861,,,,0.2791803115688735,,,0.27869273265530475,,,0.6075019019322426,,,0.4532781409044695,0.45353210154909895,0.874614584658471,0.4871549288608821,0.4865317320328997,0.48612437364937233,0.4855978924015023,,0.4859942232069534,,0.4868797095459024,0.4851817333756388,,,0.48627111871305273,,0.48627093727571064,,0.4858704520584424,0.48525958510665995,,,,,0.48595301480360203,0.4847886521547931,,,0.4872454099525602,,,,0.4856523651675337,,0.4864060572607054,0.4857190756890173,0.4860535612168417,,0.48586576342665966,,,0.48396062116519,,,,,,,0.4869594654239203,,0.4871811201909424,0.48608410205301683,0.48606190552803463,0.48482160718430306,,0.48641189721231615,,,0.4840086564250613,0.48593655576160727,0.48543042995956404,0.48645626028271827,,0.4859597742116167,0.4867991068908019,0.48457439589941653,0.4860085537966779,0.48627570049636815,,,,0.48622341945367625,0.48706102291859843,,,,,,,0.4862199039387243,,,,0.4871330505642327,0.48543208753135675,0.48553250942286486,0.48599841525703574,,,0.48477131294152515,,0.48512093682387586,,0.48574877370049024,0.48737385773031405,,,0.4870912204992348,,0.48621072902637463,,0.48600968794057686,,0.4857472595039965,0.4864130783139217,0.4870665461617071,,,,,,0.48564400842838834,0.4856775906560445,,,,,0.4857778483199836,0.48442242130308255,,0.4871330195426491,,0.4876318693828749,,,0.48664761304153176,0.4857122276477422,0.48655026381237493,0.4866768621561264,,,0.4856892537059676,0.48767112458935075,0.48631696239451366,0.4869716470936802,0.48573467030368433,0.48640382350583056,,0.4844605510110208,0.4856736420069177,,,,,,0.4857368195621825,0.4865261079439034,,,,0.4851221028333193,,,0.48577095227408523,0.4854001480879654,,0.4856107556330897,0.48573900547148147,0.48592143344934335,,0.4863311393589083,,0.48519190991469124,0.4852228239391947,,0.4853503353516123,0.4844763469943183,0.4860229051788987,0.4876847196198293,0.4853721857954579,,0.3959250394917249,,0.39694634418877195,0.7774618367888596,,,0.766827667586179,,,,0.4995822508274291,0.49901295843262056
8,24,DG_48pct,96,Z20_F03,20,SLG_B,175055,181986,True,6773.799828000777,6641.3412520941965,6599.529615727551,5739.83072233244,5610.597010891481,740.0371102685264,90.36456142691151,2180.1760482506766,1884.6242367799748,982.2664364791177,899.0806853001085,288.18713804487476,4.722627665005085,55.28045151779028,181.87389246602734,316.09697778150206,654.4568300680522,269.07321861168913,6689.459163867447,327.77454522051113,,0.6402649063460605,,,0.7301597136847886,0.6489644714999432,,0.41479704332817513,,0.4158234435752636,,0.7583830972535545,,0.7563104902040085,0.5706939965126734,,0.5726804855432476,,0.4750452682655122,0.4752672030107453,0.4154171169915757,0.4165399507020233,0.4161175773714583,,0.4156811573368727,0.412220612887384,0.412967934386189,,,,0.41568722703873795,,,,0.41535933182630064,,0.3746893208227061,,,0.3552637746348371,0.35529913241352823,0.35514816020268414,0.35531992046617805,0.3548604023673458,0.35505495217323796,,,0.3545890196530287,0.35567050412729706,,0.3552408109319433,,,,,0.3555365127122394,0.35649280763576857,,,,0.463099465984417,,,,0.7500796307503721,0.7500629721282083,,0.7498883947356795,,0.7516982766163015,,0.7511581599889997,,,0.74875505922301,0.7490053128928914,,0.7507639019005389,,,,,0.7487041799630397,0.7492403633741127,,0.28614034931773363,0.28708564900260425,0.28665425047278115,0.1382962516222583,0.30949626105370764,0.3094914592209429,,0.3101210288294176,0.3098809051240464,,0.7737592581601344,,,,0.7760655991334088,,0.7722293877413553,0.7757015288732478,,0.7748326133158522,0.7736495876863271,,,,0.7717759622479952,,,,,0.7731562141195781,,,,0.775148564701665,,,0.7731063675488488,0.7725451030150068,,,0.7747629018962886,,0.7713415549975255,0.7708636423650478,,,,,0.771329060223897,,,0.7749835482884074,0.7708411923020883,,0.6268771297146689,0.629144230921928,,0.6268231799259633,0.6280205037374326,,0.6273824182424774,0.6275035605744571,0.6299300203143339,,,,,,,0.6291844873046107,,0.6273203377050892,,0.6288935629253771,0.6277896961812619,,0.6280862857040999,,0.6286384501029247,,0.6277007724433233,0.6274381582861502,,0.6278718095799887,,,,0.6278567207420948,,0.6270216206775561,0.6282121856508535,0.6277031993268052,0.6306633497092571,0.6273864537625198,0.6285808156790509,,,0.6280715400436631,0.13890834686125722,,,,0.13842969736301605,0.13881486219519115,,,,,,,,0.13878366508272164,0.1391693976205764,0.13890657639589427,0.1388226310068381,0.13868430835176784,,0.13950599682732553,,,,,,0.1388049961973313,,0.13854806661337637,,,,,,,0.1390879963628923,0.13867298749798992,,0.13904089197957586,,,0.13862953863142385,,,,,0.13841175863022906,0.13915241255189384,0.1387631848943121,0.1387438475301187,,,0.13854358101570635,0.13910742592709813,0.2957279081223562,,,,,0.3113678896835162,,0.31046145434180644,,,0.3109003823532572,,,0.7844374247368846,,0.7859177706222923,0.7883737292178679,0.7861598163947999,0.7869315933416391,,,,,0.7875484769191674,,0.7847504155152537,,,0.7844421552201799,0.7868501675727989,,0.7852653215937199,0.78836629719162,0.7834518751016654,,0.7860454793532131,0.7858061012786896,0.7856868923820761,0.7856434418278049,0.7829180741367083,0.7862053994328692,,0.7853739957917617,,0.7822517575540667,,0.7842358800674236,0.7857833745878698,0.7877706920739077,0.7842613222248017,,0.786699057543466,,,,0.7846232297301977,0.7866267543685058,0.7852203889429458,0.7870755665602837,,,0.7860305400831943,0.7847723631703512,,0.7863720956586269,,0.7881309698673975,0.7860883803766939,,,,,0.7847766510979656,0.783800301551117,,,,0.787040232757897,,,,0.7857835346900807,,0.6050592852447932,0.6045321831752011,,0.6037281659295569,,,,0.6079753639134503,0.6097149478290814,0.6044150641238019,,,,,0.6060847342571103,,0.6076923950693877,0.6060495178636023,,,,0.607194806328842,,0.6040678182296446,,0.604333720519948,0.6060450977792254,0.6063076916236123,,,0.6045565175471094,0.6068060215929846,,,,0.6051104006934604,0.6071958858355564,0.6068722857653717,0.6071012570473926,,0.6079021642146711,,,0.6055469855341995,0.6047451076609702,,0.6060191666760746,,0.6068921282846865,,0.6054988193387606,0.607869836319555,,0.6053433095826937,0.6031048374972369,,,0.6061106185334139,0.6043377528723889,,0.6068175907184813,0.6058119801301612,,0.6049341404255743,0.6064824607663807,,0.6073726018567455,,,,,0.605301141299398,,,,,0.6065914864976699,0.6051836067720391,,,0.6087258015391941,0.6085882509880544,0.6061620388489836,0.6062568059042632,0.6071990638669575,0.6074798616947377,,0.23753367042018,,0.2371945543687024,,,0.7873613786551202,,0.7856320817434165,,,0.3035983773312238,,,,,9.714526689615793e-05,0.600663207860632,,0.3471019384359592,,0.34354328595904127,,0.34395129830169635,,,0.3404343584469178,0.775169033440851,,0.6310008374864622,0.7939149471933,0.1490257868723073,,0.7975837973206995,,,0.15908065515444117,,0.15923651916503423,0.1588508905820894,,0.7989721803459944,,0.6736933839871272,0.16276946452683283,0.16280972512223008,0.333252040416929,0.3341492356924989,0.3342823277092304,,,,0.33472554111783304,0.333650997425393,,,0.3356118725111445,0.3348146993516945,0.33432640295354304,0.3348181152120653,0.3347535653404403,0.33406983793655853,,,0.6921519060817563,0.6910310948414032,0.6917408034638858,0.6903946633493042,0.6896136390431395,,,0.818472598468713,0.8178055778762717,,0.16983308997692914,0.1701104546290579,,0.17002465564575148,,,0.6947238321290886,,0.3403582606457701,0.34058652886033686,0.3397717032582839,,,,0.34059376613769216,,0.3410109176797427,0.3404007275461075,,0.34112135907353597,,,0.34117198363864454,0.34017418927928716,0.3409854913069954,0.34033031569172584,,,,0.34023428782570236,0.34071426736078547,,0.3395742070143062,0.33989666708624117,,,0.3406111196993828,0.34018673775196495,,0.3396662399093452,,0.33982845991554317,,,0.340375469272408,0.3402857219674264,,0.3413207308429297,,,0.34026792220911,,0.3404814327799587,0.3399424080086297,0.34014682439395816,,,,,,0.3410481948532426,,,0.3397495264828165,0.34156923272610956,0.34055690924367504,,,0.2709888351866988,0.27047861430691855,0.2710506116776528,,0.27056643366232347,,,0.27039136108264916,0.27073140480982855,,0.2713809913408668,0.270916681790849,0.7887697357484922,0.7887520292118086,,0.7907572308539249,,0.7902640651070703,0.787711605886688,,,0.7911936802236164,0.7881082519046928,0.7869306304105763,0.7872869007977548,,0.7887068734490849,0.7870253584093719,,,,0.2706920169380011,0.2719520929307375,0.2713748446732941,0.2714290954642152,,0.27129436895770936,0.27131716596056143,,0.6033556988972558,0.6025994798059587,0.6038201185700872,,0.6028038626581924,,0.6036894647853784,0.6041626610978448,,0.6037665526682943,0.6044035034235078,0.6036467263832879,0.6035844199916239,0.6035959407830435,,,0.7884844919020785,0.7889100281223274,,,0.7881945670916611,,0.7893455912891482,,,0.787597474905176,,0.7866877046134406,0.7860739289655517,,0.6029119315124939,,0.605314869268133,0.6038613305952063,,0.607983204915858,0.27126982081909984,0.27075116951597455,0.271043949154836,,0.2696901211479397,0.27093079066735565,0.27155279568661594,0.2706258876977394,,,,0.2706497572216015,,,,,0.27187775012975557,,,,0.27121853372620347,0.271403550983922,,,0.27170539981378283,,,0.6056415113430369,0.6063966147665245,0.6039949671585085,,0.6062587395627602,,,,,0.6056496804534883,0.605868847159138,,,,0.6060232065467055,0.604115151634164,0.6038291689356053,,0.6057342780712428,0.6045486734193719,0.6051436720554862,,,,,0.6030319561042352,,0.31693215613731796,0.316686361418059,0.3161361317164955,,0.3155273152563249,,,0.3772876178813149,,0.3770813525051081,,,0.41501939195506143,,,0.4147767351298892,,0.41416391072723363,,,0.4145176522567907,0.4157361355020448,0.4153063258022105,0.4166782283740287,,,0.4147069563809824,0.4142116885912873,,0.41424868294636835,0.4159235214110118,,,0.41547409767996185,0.4159216414989141,,,,,,0.4145895854126855,0.4153205201366315,,0.414922438925028,,0.41546464072046246,,,0.4145453326524734,,,,,0.4162024410594254,0.4140800855291895,0.4158827203850951,,0.4155152614587006,,0.41528499228279425,,0.4150738470573978,,0.41480138426291946,,,,,,0.41459836185975796,,0.41517661069151385,,0.4156284576070053,0.41436462644072564,,,,0.41463066324215847,,0.41591782104722824,0.41506256245864015,,,0.4152881489425896,0.41547030572217897,,0.41499199943429704,0.41401708590169295,,0.41748896434012495,0.4148096627657921,0.41517746794072513,,0.4161888291185639,0.4136724916773329,,0.4151053669816707,,0.4157807610208986,0.4163126759760703,0.41542824895745706,,,,,0.4162138404817303,0.4144342676230957,0.4159063704247621,,0.41485474514376763,,0.41495943089483267,,,0.4158633414275572,0.41542965123220166,0.41560309310177757,,0.41406607767382414,,0.4153054418421195,,0.4154986231905099,0.4156914751185772,0.41579772153535227,,0.41457041914121945,0.41640850972905424,0.4161132647672436,,0.41530848448167645,,,,0.41549679527615313,,,0.4143740503184658,0.4149257409668195,0.4154637516990085,,,0.41578576385064214,,0.4134102019968206,,,,,,,,0.4142999041723663,0.4155685001762347,0.41479135780606247,,0.41556621595885485,,,0.4163868904718167,,0.4150666165668333,0.4146866345456132,,,0.41461282451001863,,,0.41505817178347987,,0.41521265246508404,0.4148495928024968,,,0.41545947359812613,0.41394416201787426,0.4154183171280036,0.4145819766508575,0.31456077654513087,,0.3147971679931852,,0.5285823565703051,0.47758254122280064,,,,0.5718991075394735,0.4749973834264544,
8,24,DG_48pct,96,Z20_F04,20,SLG_B,175055,181986,True,6761.262852453257,6670.42391346749,6567.787558289266,5713.438888817252,5656.894316380566,729.4761979054787,90.01083451610914,2177.619999214523,1888.4260267488808,976.5847006919105,903.6650596720172,287.9348235184943,4.699420717623297,55.490275983438686,182.93491779612773,316.0270923688443,655.052817882968,269.9994243452311,6690.276357286178,326.45835512338914,0.6410106851796799,,,0.8211394379355729,0.7306084891569876,0.6522567000683563,0.6582492181068147,0.41556665667029374,,,0.563800084668173,0.7593360245323432,,,,0.5700375158619833,,0.4743644453742532,0.475771668030078,,0.41655270874762484,,,0.4154008497243473,,,0.41283926862606735,,0.41254216298776714,0.41514505690927606,,0.4156675726935399,,0.4142998226529707,,,,0.3738999275420916,0.3730674906111827,0.3550302200127737,0.3556248506468613,,0.35559607231525403,,0.35514734366369016,0.3556451840693388,,,0.3550942575627788,0.35622662532250987,,0.3550816143633187,,,0.3542662653408725,,,,0.7529352889674443,0.5016101303711968,0.46333706591675955,0.749568862242613,,,0.7487707764067854,,,,0.7487672601693498,,0.7504105465853531,,0.7525465531430741,0.7490860104787462,0.7497286696512252,0.750027836349679,0.7504466520668772,0.7517341885969171,,,0.7497714326097559,0.7495290308160588,0.7519201832213936,,0.7501376681825132,,0.28754362989802135,0.2867047801432656,,0.3091620739590166,0.3098066989536878,0.3098710644078427,,,0.3092228906294434,,0.7750209514872605,0.7739612232159656,0.7757008514616816,0.7774560300986544,0.7743060004770794,0.7748053206531629,,0.7738022776146654,,,,0.7720382228509477,,,,0.7736658012638492,,0.7755095443454776,0.7736185437649171,,,,,0.771230615513843,,,0.7740112659794703,,0.7755112534739195,,0.7736152945604089,,0.7739851541162966,0.7738074684528866,0.7728812131046655,,,0.7717369459966765,0.7725996192073092,0.7727662507073776,,0.774048310667069,0.6290253698108762,,0.6271266495675877,0.6295351810216067,,0.629001116372465,,0.6289773169035133,0.6282013719385852,,,,0.6288003888910589,,0.6285581136005327,0.6292288031760894,,,,,0.6270031283041474,0.6287292445745414,,0.625789382222536,,0.6284408446654128,0.6296272712110786,,0.6278264622155619,,0.6284636998512498,,0.6283296974199072,,0.6270477682003156,0.6289888444850846,,,,,,0.6288221749036375,,,,,,0.13880525053961917,0.13902695278776453,0.13909706705591027,,,,,0.13903214605537184,0.13928748021273465,,,,,,,0.13891634530619365,,,,0.13903210285561854,0.13842636596497848,,0.13900617325816128,,0.13860551302336063,0.1388440774552299,0.13879488287045824,0.13862719637471882,0.13883056592770612,0.1386281496942164,0.13864700794679094,,0.13881133110103605,,,,,,,,0.13880690032969378,,0.1391738439906959,,,0.1390338991805147,,0.13829580337803754,0.13869173666833715,,,,,0.29656267390003216,0.7840433764171781,,,,,,,0.31114079849125914,,,,0.7868092422981269,0.7838439961307391,0.7866311002748363,0.7867232085130248,0.783677097465052,,,,0.785600203200057,0.7867700048595008,0.7858661315096738,0.786136832646281,,,0.785979637797152,0.7865042565880357,0.7862824857329604,,0.7867812984881707,0.7854119453097177,0.7845294520553879,0.7872993493299866,,0.7847294920913899,,,0.7832702402367355,0.7836292233470423,,0.7829749270224402,0.7843570493094651,,,,,0.7851081955117363,,,,,,,0.7851763050472287,,,0.7876446008127747,,0.7857529258824498,,0.7848061978425505,0.7868520689504926,,,0.7867704181584446,0.7864448363019786,0.7862788700591923,0.7861220569109507,,0.7850328604718286,0.7837531470831498,,0.7843039066360209,0.7842156792151729,,0.7833542421778851,,,0.7836404729380815,,0.6045270350533481,0.6080821466003811,0.6063648222680691,0.607219641020568,0.6078168332546452,0.6074934886323741,,0.6059536573646621,0.6066691165028335,0.6072352882752662,,,0.6061427366294582,,,,,,,,,,0.6053558103536066,,0.6028172742238144,0.6057026410283269,0.6046023251394362,0.6059126348876293,0.6053249162610244,,0.605202215464676,,,0.6056235468564449,0.6066008029415865,,0.6054637871795225,,,,0.6055895887115388,,,,0.6068173739100456,0.6070114035530992,,0.6063084308142144,,0.6080144877783721,,0.6060028973743206,,,0.606894080128007,0.6072360797291334,,,0.6078210064062675,0.6050372449254714,,,0.6066672284381257,0.6049206157722569,,0.6060107806206539,0.604665984016888,,,0.6064615585471499,,0.6044528127015828,,,0.6078644544482086,0.6072031283395143,0.6048681191240934,,0.605791126606753,,0.6069593730517397,0.6061046330341072,,0.6053105834300984,0.6071311724559412,,,0.23723099071455345,0.23697249481719182,0.23771792721327598,,,,,,0.3050580541849609,,,0.3036613281955272,0.30390670463607944,,,,,0.34708232839360914,0.3477821471239381,0.3481553366784968,0.3448503211348974,0.34495443687931215,0.3444326629938154,0.3413894618368389,,0.3407862253955467,,,0.6294746007706409,0.7905241792207536,0.14936030887601015,0.6567039577727221,,,,0.15931650668864886,0.15898894984955,0.15906390989066901,0.15922740153848725,,,,0.6753879541299368,0.16220130740395897,0.1621566135429115,,0.3340599083023423,0.33466137541689583,0.3347862387522718,,,0.3344519565172345,,0.33441270159225905,,0.33505413513867754,,,,,,,,,0.6915524620381229,0.6914240097663664,0.6925363502012418,0.690128148863582,,,0.8201987152500932,,0.8181609093757445,,,,,,0.6967585956682288,,0.693959104899539,0.34080296590856574,,0.3401581164398766,0.34099518207964225,0.340942688902961,0.34093239486061544,0.3397009195713818,0.3406305063087084,0.3404087544283619,,0.3399046468743604,0.34086255201893,,,,0.34017644764052263,,0.3409887061900268,0.3407591134345102,,0.3396979529865469,,0.3402060723645407,,,,,,,,0.3407381538984233,,0.34119088527987884,,,0.3397093498158968,,0.34071484547970615,,0.34100714922347974,0.3410514235976304,0.34095386907882863,,,0.33977063293807014,0.3406414520000279,,0.33970969419852015,0.3411627779980942,,,0.34094900300253794,0.3419566336479772,0.3399999082803301,0.34020451484835695,,0.3400267413495778,0.3401923644099691,0.3407732342486374,,0.2710525895133736,,0.2712352895798932,,0.2712783776702308,0.27096993803679476,0.2712915701225544,0.2712481086164253,,0.27143507380240695,0.27138403577502407,,0.7892541247644759,,,,,,0.7905163821704974,0.7894876422834769,,0.791324448120775,0.7874932023451526,,0.7901531203303125,,0.7919439944486468,0.7867217638656759,0.7868678659218525,,0.7913210660357812,,0.27249012248853405,0.2709629294359617,,,0.2716175697586158,,0.27242779104127207,,,0.603630163256756,0.6029389751185369,0.6050305241425779,0.6046859045914226,0.6024606972482496,,,0.6038390677692553,0.6037838337848028,,,,,0.7909479921442502,,0.7889670707429773,,,0.7933159711435176,,,,,0.7908013129951115,0.7768284191264732,0.7855086195788856,0.7861915621632354,,0.6042466530796221,0.6044600988841936,0.6038126935121619,0.6050842659035871,,,,,0.2715640938519891,0.27098410862293376,,0.2714275711843515,,0.27160944816170696,0.27198946264650525,,0.2711431065847032,0.27176090742333736,0.27155666917618937,,0.2711118401495495,0.27255761436743275,,,,,0.2717405725724517,0.2722297779396985,0.27111709083620655,0.27103461325305855,0.27051877841925254,0.2712001664437961,,,0.6054828050990418,,0.6043120417054263,,,,0.6048879376039829,0.6035719819256601,,0.6036840420237194,0.6041206538659586,,0.6036905329677499,,0.6045744608779493,,,,,0.6035617913580448,0.6047112344774447,0.6048691686449166,0.6054856531466721,0.6051159568737641,,,0.3163252006149898,0.31598501867630296,,0.3170471774141602,0.31625073987972846,,0.5893779422332501,0.376206102699748,0.3763500596677348,,0.8103047213756117,0.41469163534992837,,0.4150163400614959,0.41509549808411716,0.41463814745264865,,,0.41445141088077664,,,,0.4158462219339755,0.41615870893860285,,0.4146452637504283,,0.4159122580757775,0.4151924299923463,0.4140888213315784,,0.41487388663208424,0.41578875953243905,0.41570394364519636,0.4149524124036902,0.41555198924494785,,0.41494202759109816,0.41556900779396855,0.4155632282244139,,0.41563960212601875,0.4157591524249029,,0.4162368539520849,0.4153930407296353,,0.415788088857299,0.4149130023754675,,0.415513042501955,0.41367330923203893,,,0.4156087063559901,,0.416040493716079,0.4148093301355319,,0.4166913547451229,0.41649738853823537,0.41529827885980386,,,,0.4156224337680762,0.415144582510247,0.4151135359376997,0.4140128255793126,0.4147444475196148,0.41534168135321636,,0.4159690539485685,0.41475251684358255,,,,,0.4151366390238083,0.4157606259531833,0.4151846993651727,,0.41489940585850427,,0.4145993270482167,0.4164698184794235,,0.4154657876628894,,,,,0.41513430825117614,,,0.4152577949691093,0.41573720245476214,0.41567528168112083,0.4145356134468685,0.41465177290670535,0.41519538016987073,,,0.41556767383817333,0.415621623430452,0.4159253817989696,,0.4147552359745874,,,0.41480234751978373,,,,,0.41584226278930214,,,,,,0.4149622722758721,0.4160141265673799,,,,0.4146289130634119,,0.4150402103093753,0.41610488845280547,0.4142771361270018,0.41553204087229734,0.4158820933382395,,,0.416624758884683,0.414385724758248,,,0.4158005905596167,,0.41614832406091373,0.41601219294239666,,,0.41547720360275536,0.41559622597522305,0.4159150316767084,0.4162929157351388,,0.41527673817755206,,0.4157525062880213,,,0.4151687302387118,,,0.41469870328501224,0.4153287885371456,0.4157601981171688,,,0.4151387179622013,0.41450738747776483,,,0.4146407116485657,0.41421578972671164,,0.41727552660916295,,,,0.414997111158449,,,,0.4154800194029372,0.3155171049880763,,0.31528595538866655,,,,,0.7586065573282306,0.5733351002556445,0.5717810621237351,0.47488630272426874,
8,24,DG_48pct,96,Z20_F05,20,LL_AB,175057,181989,True,4690.228434316001,4695.889709564885,4698.889961831375,4746.405897062623,4734.477157617639,476.8114399897858,61.839993413737616,1314.5378455637613,1143.358854195828,614.8800701263103,569.0693844502619,185.94883018176017,3.143053153844131,57.63470587948006,187.74812044606622,208.12445887463457,408.7497178453787,168.501330872525,6517.530595725528,195.58116131586317,0.7095046643788155,,0.7126652932663918,,,0.7744878938403678,0.6208390367282126,,,,0.517489089004056,0.7050674631580809,0.7037321397759166,,0.521596797653787,0.5230499701534478,0.5215926024716733,,0.66326916774711,,,,0.5479367068384324,0.5467148962328774,,,,,,0.5489449076480315,0.5497170913403365,0.5478156012387241,,0.5487537364375161,0.5477206783051694,0.6782842749177576,0.5195454027303098,,,0.5109742653672121,0.511928823604075,0.5112529566406147,0.5139651057444988,,,,0.5140587102454023,0.5129261515269303,,,0.5122287534544371,0.5134788245550497,,,0.513092507521304,0.5137339083017486,,,,,,,0.6469974066338906,0.6481583711104347,,,0.6464321559829361,,,,0.6457305726559684,0.6482255773005333,0.6476562707177178,,0.647600156009221,0.6479983708651079,0.6462517775340826,0.6454615762260896,0.6450780016840755,0.6469440684070882,0.6470057550701204,,,0.646984381048041,0.6478560231027406,,,,0.17152026820229435,0.19801364982481007,0.19747129592416118,,0.19821456556876169,0.19811721097517698,,0.37085685680520436,,0.3698862077958951,0.3706083939108824,0.3699351219992522,0.37007894801910163,,0.36925626929293587,,,,,,0.3704331053327058,0.3695959597382388,0.3701400759209879,,,,,0.36979433528298045,,0.3696192998954176,,0.3686624030335876,,,0.36973169216800345,0.3696497413439501,0.3695539033986981,,0.37021289684609043,,,0.3691989239735581,,,0.36934988594294804,,,,,0.36990955402939396,,0.5711741568142468,,0.5697121822053373,,,0.5699894427308786,,,0.5707909857147871,0.5716285104787557,,,0.569533138154703,0.5696689938298987,,,,0.5695298490193984,0.570360580471152,0.5695224574650994,0.5693960477575438,,0.5692496609295071,,0.5699822794433882,,,0.5711100903462508,0.5720032950901967,0.5702632529998082,0.5701597398244417,0.5694481188989209,,,,,0.569988878377813,0.5697363657084186,0.5702414809064723,0.569463641301609,,0.5695731226479177,0.5690741372998388,,,0.1722287590408864,,,0.17197217557767033,0.17264419759367397,0.17176097070967486,,0.1723475181441442,,0.17245404761226024,0.17265831908112975,0.17242475157930817,0.17181569668920563,,,,0.1721385454165473,,0.17209235700778222,0.17221488128509313,,0.1719216231900773,,0.17161049299140183,,0.17209067718229734,0.1722718461686853,,0.1721142410793562,0.17207993726599916,0.17230824513609577,0.17172457766797483,,,,0.17211689509547434,,0.1721629230772878,0.17151512364818874,,0.17253176941771553,0.17223318134754356,0.17191626662609788,0.17216819523747015,,0.17199293281798597,,0.1724225953234682,0.1720876271372467,,,,,,,0.3908391810405191,0.31409915128517185,0.18568152549280004,,0.1860963017904554,,0.18670591600108744,,,,0.419184595398595,0.42019197438655237,0.41946719992955733,,0.42058773754750156,0.4195262249059025,,0.41844782647134354,,,,0.4198972684350577,0.4201999856500997,0.4199450189575024,0.4207652691943633,0.4190728718635046,,,,,,0.4185546681608262,0.41872670472315054,,0.418986783155653,0.41774670609108544,0.4192173404913714,0.41911452523344334,0.41900331103106775,,0.4202814362362175,0.41954475461762203,,,0.4188428465608452,,,,,,,0.399236744752376,0.399156354197829,,,0.3994668924073472,,,,,0.39982733995001607,,,,0.3999948073928417,,0.4005765496595406,0.3995518610165864,,0.3996382522142016,0.39903069115302464,0.3989538116581076,,0.3987131584865373,,,,0.40037712450676605,0.3997915661762072,0.4001579141338044,0.5989102194364647,0.6006794481425428,0.5996677133962524,,0.5994674932339705,0.6006780781250136,0.5997905877631503,,,,0.6006081691136863,0.5968300300613258,0.5971316117872202,0.5969317353868439,0.5954673305204283,0.5964968438503442,,,,0.5975832188865113,,,0.5951082618079411,0.5962072710208397,0.5953673493899806,,,0.5991311007109489,,,,,0.5997680981643886,,,,,,,0.6008414782864824,0.5998583099476404,,,0.5991139848077648,0.5997425471441558,0.5982318834362863,,0.5988131387048333,,,0.5993073414164205,0.598891946634549,0.6002007026783951,,0.6004882110753405,,,,,0.5956931417215963,,,0.5974076418474418,0.5965024285180508,,,,,0.5968122979436347,,0.5957730073533828,0.5951954444192956,0.5953895367004141,0.5960516563391384,0.5952521738981198,,,,,0.5981323508071641,0.5979597036448414,0.5964761801449683,0.597045671926471,0.5965192971528428,0.5969401684229426,0.5967492040217338,0.25321754156541926,,0.25249654684655903,0.2535712798664262,0.4360649833848149,0.4347883815302107,0.4346588098684591,,0.43448865678304355,0.2743024923923511,,0.2743402389624752,0.27399418889555094,,,,,0.6200831408763874,,7.1360067751518e-05,7.135548916178539e-05,6.990924303323581e-05,,6.986137282409806e-05,,,6.799307591205596e-05,,,,,0.1684887069106339,0.5643504452862095,0.40481540782703584,0.1726317054479125,,,,,,0.1761674813336249,,,,,0.17853365874885918,0.20063957013629577,,0.2005571106629449,,0.20086260640607637,,0.200591932145844,0.20073118759885467,,0.20045730674528836,,,0.1999856579584164,0.2007748230977625,,,,0.2003706217692897,0.5756446339634429,0.5746105018772366,,0.5762528722361648,,,,0.4316426940005394,,0.43036226616791445,0.18363678510598916,0.18407687319762825,,0.1834721080110492,0.5784649881145909,,0.577320297919659,,0.20515717489621724,0.20430307429713124,0.20500670548439517,,,,0.20440928086155918,,0.2047290565943921,0.20494550280967186,,,0.20490738962916102,0.20457912582753393,,0.204949749532786,,0.20463338888240754,,,0.20447874857461718,0.20490096558027107,,,0.2044497279965369,,,,0.2051470230103056,,0.20465605523611088,0.20477043615547422,0.20451726964988598,0.20477694197536309,,,0.20482985407187132,0.20579957052384787,,0.20473057415556906,,0.2043903464537235,0.20469762113607884,0.20456903017726125,0.20398232614155448,,,,0.20431109463115746,,0.2045230140842784,,0.2045568782114145,0.20442421988040196,0.203800911064337,0.20461438415766797,,0.20411957723571805,0.2047663388031548,0.20438937883529382,0.28197926200948614,,,,,0.28129512340440604,,,0.28161287268497653,,,,0.45820245849440094,,0.46015666359095353,,0.45933104253711876,0.4589436332624178,0.45925766275691665,,,0.45851885263170616,0.4575120069765824,0.45880759540547866,,0.4594158301143479,0.4585596871555255,0.45890065005525466,0.4578543510764363,0.45813929736073783,,0.28214838753788596,0.2818954132672458,0.282845781531185,,0.28239880877567475,0.28175095667405314,0.28287719275487605,0.2819461800510238,0.6110704890151638,0.6120966766905939,,,0.611431960573154,0.610782007515193,,0.6122103141836448,0.6090853970596604,,0.6125706459354578,0.6113970488682487,0.6100227029852393,0.6118248334085412,,0.458066739306464,0.4584447541024169,0.45933384367100705,,,,,0.4595654720111281,,,,,0.45772270429817974,,,0.6111779074431497,0.612837580993754,,0.6117063247538276,0.6113699270113007,0.6131453316327158,,,,0.28164965793462626,,0.28177302476670396,0.2817894317902769,,0.2812887976045856,,0.2828737508656046,0.28198707922410715,0.2817632203329836,0.2819088127708053,0.2814222006108668,0.2824071514972427,0.2819886743562558,0.28271080243754887,0.2819491983105644,0.2823579162472573,,0.28189721287597597,0.28174403423609634,,,,,0.6122016382072044,0.6122630777188908,,0.6118806976555212,0.6128680406620218,,0.6125236653025012,,,,,0.6103551677113589,,,0.6121055892662809,,,0.6126353597911584,0.6109377018253342,,,,,,0.6120526408748278,,,,0.19009038673622602,,,0.18967463649062133,,,0.5252610956684909,,,0.4233193854685005,0.5504600288291858,,,0.551351506632229,,0.5496577970795611,0.5503160572976022,,0.5505818315203491,,,,,0.5496095904508851,0.5502731065610358,,0.551610592174524,,0.549079236226871,,,0.5488188858425049,0.5499347802624142,,0.5489501074764453,,,0.5490269090310258,,0.5510146495928087,0.549897258245094,0.549192867306611,0.5497982495098603,,0.5493905117886837,0.5509299872519693,,0.5518372350471697,,,0.5515862432267805,0.5497368958846268,,,,,,0.5502602309433295,0.5494422019319934,,,,0.5500440338409206,,,,0.5497494872889679,0.5484816538352387,0.5495083988443819,0.5516102948657595,0.5501110972230602,0.5505026028694144,0.5510062100133952,0.5508842665405503,,0.5486684092809131,,,0.5497075814168565,0.5495364976048974,,,,0.5482427621191368,,,0.5509811613248493,,,,,0.5505194712907878,0.5491325980458827,,,0.5519379046753686,,0.5509173488339439,,,0.5497500494942231,,,0.5508741286489158,0.5512361276218891,0.5498336041503424,,0.5498018757450177,,0.550160514070839,0.5488914487395189,0.5493949578858606,,,0.5495727321022262,,0.5501973180114852,0.5503232995031948,0.5506428513634348,,0.5497816699382095,0.5501375410605502,0.5497394782385805,0.5513504462457112,,,,,,,0.5503388393154844,0.5506061144359111,,0.5506464600974088,,0.5525780208643346,0.5516364983417821,,,0.5484548590806706,,0.5521536501734531,,0.5511869716183142,,,,0.5504942708126891,,0.5506126326430723,,,0.5500853895012866,,0.5492370462706305,0.5503012684870299,,0.5514689725243002,,0.5522389538080028,,,,,,,0.5518827164928816,0.5511340818741709,,0.5518576354070801,,0.550819834142847,,0.5508620130229984,0.550789377420089,0.5509844651504395,,,,,,0.6729687609861097,,0.6504014197871417,0.705598915381754,,0.5229913453687325,,,
8,24,DG_48pct,96,Z20_F06,20,LL_AB,175059,181992,True,4664.415488720446,4669.164769642123,4681.236209164094,4765.380825372298,4759.6178736865,474.7714205623268,61.250486577902734,1302.1943693552632,1144.6762404357314,616.953697494928,572.0706861395369,186.81189916382277,3.196006468145469,57.7428501294755,188.63243014038213,208.2107167782988,408.6267325193148,168.11685521196378,6458.292891223584,196.46815002477857,,0.7116269848546328,0.7121350572369564,,0.7020100364308436,0.7745960243671772,,0.5478857089201621,0.5474322475571689,,0.5193221757847167,,,0.7081920416796644,,,,,0.6635972596746065,,,,,0.5479136616431937,0.5492591734318731,0.5471534477068064,0.5434388492622959,,0.5418668651403583,,0.5481449407361673,,,,0.5484222916531488,,0.519728692289863,0.5194346565760025,0.5189765294370923,0.5130830559478478,,,,,0.5120812852142418,,,0.5140502207917169,0.5141681250063832,0.5143253652181071,0.5130601878985147,,0.5133177679494749,,0.5132707190126743,,0.5151486770552297,0.6553590037664286,0.6585657495082913,0.457763696153282,,0.6484628230593075,,,0.6487822502401374,0.6485375752993816,,0.6489422131452286,0.6500935937473946,,,0.6496997875068675,0.6506378685733538,0.6487648697243582,0.650077591532114,0.6515476834301144,0.6497546806419536,,,,,0.6493295564566908,0.6490140001896351,,,0.46358305899988006,,0.46216830551391735,,0.20248835003333948,,,,0.20363730263173688,,0.37681049566263947,,,0.37769578382284985,,0.37578779735846,0.3773765325867673,0.3770460298926714,,0.3770899974370659,0.37713014557164637,,0.37579374094410534,,0.3757912892924623,,0.37665835446870377,0.37670347851798086,,0.37666216871589775,,,,0.37586024763818265,,0.3757730910245976,0.3766501095268526,0.37427376630723763,0.37675392659312595,,0.37566630988312927,0.37570097980173045,,0.376221084122636,0.3763913865928346,0.37606380691084773,0.377118541504767,,0.3760400246275805,0.3759568401124952,0.37499165724570205,,0.37578981609083034,,0.5743358621775219,,,0.573999845077217,0.574594214462924,,,0.5734558134970844,0.5747905968061542,0.5736661689682182,,0.5749932550544249,,,0.57526719338422,0.574751636406435,0.5740068863086277,0.5746596440630946,,,0.5732394034401641,0.5744948531446703,,,,0.5736280229367091,,0.5740593366476563,,0.5739077846924727,0.5724402382788505,,0.5729240211564117,,0.572740852467025,0.5745469910662394,0.571880802704979,,,0.5735594518560572,,,,,0.1746203029841099,0.17461082024355074,0.17458083039988692,,,,0.1743425266169696,,0.17504906110777357,,,0.1745864595177838,,,,0.17492959618416634,,,,0.17460748509233318,0.17487210446132062,0.1747860514096305,,0.1740543743766745,0.17480766425266533,,0.17400482014674157,0.1748686020549882,,0.17461029633409678,,,0.17475723879039204,,,0.174306717818165,,,0.17501774862351258,,0.1746941092045886,0.17520518355598627,0.17468455855727064,,,0.17463436519742928,,0.17437681556262133,0.17485291027450472,0.1745426829855489,,0.17465908184835063,,0.23153644189607284,,0.23169104939870733,0.39697090225891907,0.3212287350889788,0.19114907391724642,,0.19062264561543468,,0.19127181597608667,,,0.4256772199594306,,0.42458059952472776,,0.4243902670054597,0.42524791630149433,,,0.4252519902161544,0.42629661115485906,,,0.42548156023300526,0.423949240882831,,0.4251384649861165,0.424511937065598,,0.42500332624934906,0.42563289793900666,0.4255727220268662,0.4247837633962178,0.42459790027428423,,0.42508211001551144,0.42536932336337735,0.4268324196061651,,,,0.4244892710538098,0.42484095424498963,,,,,0.4247602152175915,,,0.406433706215152,0.4060447136730293,0.40668003268294944,0.40603036168001183,,0.4048000562742443,0.40661957553907985,0.4063999313500294,0.40725566374001904,0.4060040735709718,,,,0.4065135916138964,,,,0.40652241636871134,0.40683180039828665,,,,0.40553219621177133,0.40545888687846815,0.4061362762232325,,0.40441690167470234,0.40600701680299817,,0.40628119335712093,,0.4075010246785871,0.6020440684540039,0.6013341574204578,,0.6043221273982595,,,0.602987721588451,0.6026305175213795,0.6047730866687789,,,,,0.6014124078538791,0.6008159899431897,,,,0.6000768686188194,0.6016081159077462,,0.5994490473869368,,0.5985144430408171,,,,0.6016682268748103,,,0.6020778957611466,0.6048107226466863,,0.6037802089358222,0.6024524113920107,,,,,,0.60393769667303,0.6040126523073339,,,,,,,,0.602783737237743,,0.6044700067471895,0.6032314145658493,0.6038287584863108,,0.6043580358375193,0.6028212299322044,,0.5986956544406011,,,0.5975325183353964,0.5991188683479132,,,,0.6004032121195853,,0.6002186432538066,0.6017104731319326,0.6000393725726124,0.5997897034889766,,0.6002905711024654,0.5998655471388054,0.6013090167279549,,0.6010231502425385,0.6005730204527634,,0.6012413284109397,,,,0.6010952783132499,,0.25487445709816275,,0.2551480136456889,,,0.43956834280977997,,0.439865780675232,0.44065618568041903,,,0.2774888074552361,,,,0.2336806524945161,0.1102637488617634,,0.005390039846988493,0.005380346242566728,,6.959552065458582e-05,6.970628698223706e-05,6.941664936909485e-05,6.772089144052737e-05,6.759208160288371e-05,6.767676880228882e-05,0.3797971789688101,,0.5625421016801997,0.4066184626245868,,,0.41289234582021134,0.17445042663606206,,,,,0.1778553012525646,,,,0.5740260871265584,0.18176083602085016,,,,0.20505185554885888,,0.20581492381158398,0.20645423493427728,,,0.20525233214569194,,0.20497237499774226,,,,0.2058314895459761,,0.2060084175244465,0.20608906212080527,,,,,0.5815733041039317,0.575961197603838,,,0.4378457147705327,0.4381825209226133,,0.18600795754834934,,,,0.5822185521414498,,,,,,0.21003378581256077,,0.21005207681940619,0.2103872160413539,,0.21024716203907687,0.2098685496335623,0.20956860278523115,,0.20979545625417523,0.21015002178516412,,,0.21006048785513487,0.21021671552426754,0.21017781554180417,0.21013979414343378,0.2098895589498772,0.2100174938577004,0.20991853281965542,0.2098714648404853,,,,0.2097560214677747,0.20927168105971944,0.21043759826561861,0.2102910181830457,,,0.20931526513720541,,0.20947633436680904,0.2100932558729262,,0.2098404705520313,0.20967316556273882,0.20927574603842866,,0.20979067481913258,,,0.2095413995247123,,,,0.21033769768549598,,,,,0.20938286914256438,0.21014893279520003,,,,0.20975970678160882,0.2839805119585275,0.28427959953478293,,0.28425102747925013,,0.28389767020740597,0.284612593823648,0.2835967842669825,0.2844071951106051,,,,,0.4643215197210721,,,0.4656079389395289,,,0.4649048937244817,0.4653653761606555,,,0.4638007913112079,,,,,0.464060558657765,0.4637749956284454,0.4633086543100479,0.2856447798181647,,,,0.28412728068871773,0.28406283406599925,0.28437928501085646,,,0.6139494669449949,0.6139245567771723,,0.6149782038633357,,0.6150731170869,,0.6150772592829453,0.615915345004279,,,0.6138980882450419,0.613329957111687,0.4626993729255135,0.4627978812564404,,,,0.46460508879275997,,,,,,0.4641829870256218,,,0.4639376827348779,,0.6141937669429137,,0.6155151686043818,0.6146114115826014,,0.6139605324919234,,0.28377732362994157,,0.28393277289007673,0.28374054252658626,,,0.2843135532237852,,,0.28528828347823093,0.28509050320824264,0.2834293338344155,,0.28355778520299485,,,0.28493116850622,,,,,0.28478889842120825,,,0.28418168043454106,0.28439490660733296,0.618086059708192,,0.6151496780319397,0.6171086262676913,,,,,0.6131729822775738,0.6154357380856894,,0.6134288635609854,,,,0.615607997551728,0.6133290547132594,0.6154591400752574,,,0.616307517086629,,,,,,,0.19496721749024046,,,,,0.4845171400969428,,0.525914033869843,,,0.4291254700562316,0.5500166787388123,0.5495593567540883,,0.5515805149098841,,0.5497057745666052,,0.550863135815815,0.5500253092209805,0.5510646898056349,,,0.5515298881994758,,0.5501052021545847,0.5509687292700817,0.5510002136008598,0.5496032747506041,0.5508770419720922,,,,,,0.549832567087326,,,0.5515144306780653,0.551004490598184,,,0.5507281753716491,0.5506053445855619,,,,0.5508705295236467,0.5519894013594691,0.5496424839842788,0.5498271194569958,,0.5507201158518623,0.5521780182542285,0.5514777322729968,0.5514186503110758,0.551035045111708,0.5504207795979731,,,0.5505609269031754,0.5503232786348264,,,0.5512250744070921,0.5508862461822055,0.5502060644016196,,0.5501862491320222,0.5513059489784417,,,0.5512624231541479,,0.5498102181170617,0.550271851105228,0.5494252038130135,0.5510034271727361,0.55205539818732,,0.5510792497896084,0.550101100230482,0.5506031109004794,,,,,,0.5499987660264463,,,0.5491928725393941,,0.5510275759561779,0.5500322585626104,,,,0.5518347239683321,0.5504923842087182,0.5513751290050501,0.5504686753998048,0.552026635184335,,0.5499308373481722,,,,,0.5516198455693714,,,0.5494601727530448,,0.5489990254053934,0.5529107099978557,0.5505274579184385,0.5492285375081396,,0.5491580684000898,0.5508873498205596,,,0.5497423978002624,0.5507524826371429,0.5509337584296458,0.5510778082818081,,0.5510968877139085,0.5500757901572633,,0.5491710498292471,0.5488282468065646,,,0.551591455057333,,0.5495250492601128,0.5495334634588183,,0.5513221031025372,,,0.5495897464173484,,0.5506006068101665,,0.5510233122641142,,,,0.548456640542078,0.5487716210483353,,0.5500445080201352,0.5503623107083925,,,0.5518704835859808,0.5503265261919292,,0.551023814173145,,,0.5505309726678671,,0.5525498263125271,,0.5501788166265543,,,0.5476702921272636,,0.5503264161617322,,,,,,0.4779738220285134,0.47829525328667566,,0.6726905938333663,,,0.7085413953911649,,0.5225878001838093,0.5234965011240238,0.6645771344499654,0.6636386575003687
8,24,DG_48pct,96,Z20_F07,20,LL_AB,175055,181986,True,5027.373378886672,5069.96755173892,5037.088792679351,5145.252336455641,5122.712271266915,502.46818652858525,73.84977149797383,1081.178951838969,905.3697206545561,451.3721803538238,415.26982421529283,132.10515805034427,2.116219707947317,51.825352495862845,168.54791718075617,214.53023402692867,442.2803577809766,181.56828474595005,7388.06728316563,166.5964376855005,0.704697790211232,,,,,,0.598007500808698,0.5286559773958663,,0.5282818489073232,,,0.6224304164696495,0.6232971451138442,0.4917208320775844,0.49063356167997857,0.49060900380384037,0.6246272384882737,,0.6246358765418755,,,,,0.5275957808031211,0.5277341348305348,0.522476226178941,0.5220380278077515,,,,0.5280842007930338,0.5285514652289038,0.5300009788426784,0.5287361905018262,,0.48324822803708334,0.48478523301622345,,0.47080929022985696,,0.4714090554474383,,0.4707565670572613,,0.4714790943345846,0.46990319081643395,,,0.47045808999656386,,0.47094054377308947,0.47174136792636356,0.4709179194992857,,,,0.5550853649034485,0.5547539285821992,0.41790039921102656,0.5843993310181617,0.5466248761893687,0.5451891331774416,0.5447483100282996,0.5447966824002136,0.545269543609658,,0.5449775466516139,,,,0.5473571973539759,,0.5462856445508735,,0.5445715981175901,,0.5467141078501577,0.5452142474406799,,0.5468947626959255,,0.5441993521539521,,,,,0.4156773280179494,0.11320308661923749,,0.06611748320804724,0.06622884531720546,,0.06631237337933447,0.06630730820174657,0.17843508935305596,0.17801428354814827,,0.17922816387480564,,,,,,,,,,,0.1788665774322823,0.17861424522606673,,0.17896859507466856,,,,,0.17870012247663317,0.17895922752621846,,,0.1784680234241217,0.17793584030156598,,,0.1779942003842216,0.17863936930005464,0.17864813616949668,0.17825428104501906,0.17791556597887165,,0.17802100498725917,,,,0.17828297226090162,0.17829843148741117,,,0.45141460846370923,,0.4513499248343253,0.4520969521145583,0.4518123888549379,0.4515234355674047,,0.44996508652111744,,,,0.451923862283763,0.450139458272844,0.45164341553241383,0.45091764288152847,0.45034309569482844,,0.4517862188522693,0.45027093816368474,0.44975104739781624,0.45064806782787753,0.45009706790174064,,0.451160177131388,,,0.44995441685782595,,0.4498606237713697,0.45131424807895365,,,,,0.45136468363842863,0.4509173414725944,,0.4516586022146283,,,,,,,0.11367242676560205,,,,0.11359132442939746,0.11328773607821979,,0.1136510164484254,0.11350056676929679,,,0.1139271319428086,0.11374692600828941,0.11344162424333655,0.1139660495057847,,0.11384733004842952,,0.11387653514650553,0.11380903962682587,,0.11340419957659378,0.11342620936072666,0.11367776179517924,,,,0.11337830860062904,0.11375061564103707,,,0.11346131360456736,0.11390708741270493,,0.11380064902870009,0.11369040257767765,,,,0.1134878073440323,,,0.11378236410135066,,,0.11357974928957695,0.11365453180677776,0.1136815219068496,0.11370109261432121,,,0.11378381598816079,0.11377914995195942,,,0.10451462552066557,0.2054598525199682,0.10739278094248014,0.05395268966562904,,0.05394355240493335,0.05401169258319961,0.053969299935723566,,0.2433358591295027,,0.2441870304116513,0.24314257172034603,0.24396677421690371,0.24291587522693256,,0.2433961834188552,0.24356694879494348,,0.24337341376227084,,,0.24344727215132342,0.24281100247241658,,,0.24391752085125862,,0.24351976119804392,,0.24351322191031072,0.2431109658367147,,0.24288889773097955,,0.2435349842075769,0.24323236144476965,,,,0.24329919241996625,0.24406802383895912,,0.24303108358080774,0.24354609540163416,,,,0.24314767180605512,0.21752132437100116,,,,,0.21688464825927162,,,,0.21702047709221803,,,,,0.2165815932760615,0.2168790775808271,0.21708199094881184,0.2172193377219106,,,0.21752916285813167,0.21682867615985316,,0.21746115337996338,,,,0.21726323457465593,,,0.21701308450504297,0.21739583464988912,,,0.4947255681414067,,,0.49398345611940164,0.493381564085934,,,,0.4947549749366335,0.4914079210576035,0.4907052848602336,0.49152525584545287,,0.4912295530775359,0.4902991259801418,,,,,0.49185844029217723,0.4905332740128961,,0.48853363332619876,0.4904919332758696,,0.4942269806307396,0.495155008731135,,,,,,0.49420296204997094,0.49363798051121627,0.49368581735386013,,,,,0.4949898471734743,,0.495502824255469,,,0.49496518646763515,,,0.4951803933235141,,,,0.4944378851750717,0.49553733646695924,0.49318229019424825,,,0.49048234811468466,0.4898830653264284,0.49004769933007536,,0.4921868491056631,0.48993583529146545,0.4911482109807703,,,0.4922991715525091,,,,,0.4915675393305937,,,,0.4919765226886069,,,0.4905664282133184,0.4909293023419162,,,0.49083694253300597,0.49280049459815534,,,,,,0.2632256312571053,,0.2632899918927339,0.26403052013260425,0.2624200336153845,,0.15908103889492384,0.15893860198352294,0.15899223541770796,,0.15873690291530415,0.00010728634352795797,,,7.372028431963198e-05,7.384701120357823e-05,,7.215280118687393e-05,7.223997012880716e-05,,7.047257751953385e-05,,,,,0.4305720819752863,,0.13180143491688287,,0.21618669426209877,0.138237734579553,,,,0.14363821279513472,,0.14405245309524956,,,0.4261826213429304,0.14888357248601553,,0.05809306184708236,0.057995131790291005,0.05818757477275933,,,0.05836318433542751,,,,,0.05809097539202474,,0.05839731197694087,,0.05812002113797585,0.05807617952157738,,,0.4263110468775633,,,0.4274879531371611,0.42681279269833017,0.42596554737722175,0.23826677306065258,,,0.2382689026643241,0.1573246786323436,,,0.1569848636089793,0.42755300380133104,,,0.4257057220881872,,,0.05921210007647219,,,0.059246313112830164,,0.05939160466416917,0.05940887200318363,0.059245091233863637,0.059266315408659266,0.0594210636020731,,,,0.05935845890011403,0.059411178913532356,0.05929584385753576,0.05916490669654175,0.05928202021915441,0.05922331319141677,0.05931290420664957,0.05927234219879112,,,,0.05928608289354261,0.05931054864633599,0.05928728294852651,0.059207999458229736,,,0.05910960236381008,,0.05945772826092853,,0.05933686041035342,0.059375868090994245,,0.05932688767483839,,0.05939765342005331,,,0.05926402039600037,,,,0.05945874785958891,0.059275575899619334,,,,,0.05928044463584493,0.05936562824199089,,0.059140461685388106,,,,,,0.2287618980172458,0.22849084309859435,,0.22853871026122732,0.22827080680541229,,0.22835152112878512,,0.2281699588597563,0.2957524606013364,,,0.29685188410192015,,,,0.2972626561746573,0.2968558365647596,,,0.2964175083019096,0.2964971081659031,,,0.29607842797922784,,0.2956539883113832,,0.22799038148219006,0.22897634548008475,,,,,0.22833296927925528,0.22840666372756252,0.5104433821372564,,,,0.5114297703333698,0.5113774896513059,,0.5097184391159403,,,0.509819115835122,0.5101489303643685,0.5100778148639906,,0.2960356015044247,,,,,0.29636787471945125,,,0.2964759825758681,0.2969211244083152,,0.2961317737896488,,,,0.5090303639602175,,,,0.5094696265019478,,,0.2282395614316739,0.22847675017330948,,0.22747877665043112,,0.2276500445732219,0.22855345161603158,,,0.2282050047176907,0.22874281418032005,,0.22846893220259257,,,,,,,,0.2278855962414612,0.22742790026352394,0.22864049434720102,,0.2289307760735767,,,0.5114984744121417,,,,0.5114425573201345,,0.5118101134091343,,,0.511306696793693,,0.5100427553692624,0.5106520017533852,,0.510571785252071,,0.511738379605622,0.5091437371841262,,0.5114871249709033,0.5095860191409398,,,0.5115973486635923,0.510627587307519,,,,0.054974168866345145,,,,,0.5164527184598584,,0.49049519327062263,,,0.5307454545719641,,0.529382247650682,,0.5298794681910655,0.5299906617913288,0.5303459670701882,0.529941436966112,,0.5310435943190792,,0.5303536282129678,0.5316869365286303,,,,0.5294171725720441,,,0.52887492715147,0.5304669884912475,,,,,,0.5302444992648881,0.5305038567564841,,,0.5300229284370904,0.5309274934018063,,,0.5307635003525613,,,,,0.5303824006914059,0.5306639899246877,,0.531973001764192,0.5281379428474697,0.5294847609227483,,,0.5312171446817758,0.5298041622841974,0.5314773801749451,,,0.5303183243421439,,0.5311993680010445,,0.5299063709025214,,0.5310943803629412,,,,,,0.5303248600747211,0.5288664187179154,,0.5285540944088932,,0.5308183814154248,0.5318750465886352,0.5303912233319122,,0.5315589922667511,,0.5310069809210376,,,0.5305979303683536,0.533524097987893,0.5304514073705487,0.5314989021475998,0.5297102053065246,0.5300383062491497,,,0.5316649561903907,,0.5308467012322943,0.531000877320807,,,0.531517681807019,,0.5321183166581408,0.5314438138348233,,,,0.5302263853938101,0.5313114091592803,,0.5297607395175997,,0.5308871338243815,,,0.5286956588515241,0.5295655111987989,0.5305792698578818,,0.5299244222955999,0.5301205557332055,0.527904116181611,0.5285311907187719,,0.5294756852056152,0.5313805965151467,,,0.5309713633614079,,,0.5319193839186426,,,,0.5305082952462813,,0.5310530805529216,,0.5304332548975885,0.5300621243009359,0.5302608237652323,0.5292088822036615,,0.5316745080601696,,0.5297747128243017,0.5296579384093071,0.5299446595607049,,,0.5294957497162329,0.5305655416914077,0.5299081586560984,,,0.5305031857240532,0.5302244021335263,,0.5313332752837224,0.5307151348348444,0.5307064813951801,,0.5302706019309501,,,,0.5301677477531989,,,,0.5291326396628641,,0.5293107964101482,,,,,0.4356825734578285,,,0.5993672224216912,,0.6251135405294482,0.4914631788697757,,0.626599976351499,0.6258089465108002
8,24,DG_48pct,96,Z20_F08,20,LL_AB,175059,181992,True,4697.037202537654,4676.817813551045,4686.48796663507,4758.6550181528155,4747.708077247157,476.58664959370356,61.11661599300089,1308.9997864299667,1140.5628241633342,617.1655216738042,566.8876547095116,186.07926368194856,3.1725683937759888,57.591899661529524,188.80012341044474,209.59239367756118,407.78762675463986,168.75619345489744,6421.373740698795,197.03570016562668,,0.7128341095729572,0.7112988658395457,,0.7012871523145454,0.773933448178939,0.6222121880211166,,,,0.5178098009929636,0.7062053240261039,,0.7073959116690226,0.5226580050323493,,0.5222511029363636,0.6652208790304951,,0.6640565263394796,,0.5496135654345911,0.5496205405048591,,0.5460885475138875,,0.5429335319755849,,,,,0.548892613951413,0.5481986336021246,,0.5488363883379328,0.6813476055226654,,0.5194161420927166,0.519417924492905,,0.5117121521114312,0.5101764074653958,,,0.5133521526459779,,,0.5111929948107661,,0.5138297934474604,,0.5124713969918206,0.5142976232257078,,,,0.5131185413731971,0.6568490150746755,0.6550507478624082,,,,0.6514698257665308,0.6492065602663629,0.648772430703876,,,0.6494308690219243,0.6502047041353098,0.6515026990179658,,,0.6522934224696981,,,0.6507420524907194,0.648882881457828,,,,0.6490383311486821,0.6510421203228628,,,0.65106890688898,,,,,0.20249612329378733,0.20279141395895317,0.20226880255309856,0.2032204091897307,,0.20309493009819043,,0.3761890441178766,,,,,,0.37629146551314063,,0.37745099990832925,0.3754516357078493,0.3769786169756494,0.37525406038478337,,,,0.37692577089709955,0.3769260421477586,,,0.37571600101725794,,0.3765147792943554,0.37549110007855313,0.3756456929212403,0.37682723732621004,0.3764797980798947,0.37759013501188876,,0.37706626623357625,,0.3761828175472431,,,,,,,,0.37525378280019367,,0.37671735920591076,0.37585943047715586,0.5752717274344682,0.5730492397202198,,,,,0.5741581645590156,,0.5728581308394938,0.5737759827005783,0.5735056699949532,0.5741050940290523,0.5758754720441441,,0.5748462905618247,,0.573796042638963,0.5741321051674405,0.5756972659993733,,,,,,,,,,0.5743317193223461,0.573519947298201,0.5734934001379578,0.5732144995059719,,0.5740726065778706,,0.5745953200001864,,0.574879563994043,,,,0.5736063524291358,,0.5750836250346283,0.5741053629087902,,0.1744345218587492,0.17440948376768997,0.17470377317558422,0.17476216896803456,,0.17471496487380805,0.1746307102857678,,0.1752177532092575,,0.17462490229143507,0.17458045684259324,0.1746133511075093,,,0.17477558029541362,0.1748200762212081,,0.17477780654210465,0.17474336592679945,0.17476510496285602,0.1744493995551027,0.17493297682312,0.17497493401094155,,,,,,,0.17490071308740957,,0.1748474959971096,,0.1750136376102695,0.1750874461310051,0.175078421135456,,0.17440791199358716,,0.17540840065753255,,,0.17505446350970028,,0.17460497464470495,0.17451789826302594,0.17481329726899383,,0.1748668283048451,0.17457709091672322,,0.23201299006858275,0.2313369973296027,,,0.32148419340773216,0.1914750885238732,,,,0.19048708302057815,,,,0.42540615137976867,,,0.4265058259226248,0.42603614368584297,,0.42583349414118354,0.42569110571609,0.42525844970924104,0.42504888868320134,,,0.4252346759761356,0.42577001030969575,,0.4243125409839323,0.426157411246287,,0.4253928484884396,,0.4241334280946932,,,0.4240936784907758,0.42537162080022023,,0.42421718292079835,,0.424776305169399,,,0.4261127429812761,0.4251323963659814,0.42500613537082726,0.4248037240172583,0.42526882285946666,0.42561979396621386,,,,,,0.4062230161461679,0.4059622442752792,,0.4047874242548613,0.40564108801164533,,,,,0.4051532713348578,0.40712617950830016,0.40722654629045313,0.40610146854112816,,,,,,0.4056918097029929,,0.4057041826842849,0.40569447746027953,0.4066205619390551,0.406431054282107,,0.4062180768944581,0.4054785912392633,,,,0.6049768187362884,0.6026909612725594,0.6032654450744033,0.6030339467654391,,,0.6034615900409759,0.603901880297325,0.6030366786134441,0.6011748152178837,,0.5999448385509402,,,0.5986992949925519,0.5999851725009128,,0.5996855980950951,,0.599585339054379,0.5987018024321946,0.6001601352231141,,0.5996767519304282,,0.6011519144574744,0.601658890111725,,0.6036209330608104,,0.6039365523961003,,0.6033254908336291,0.6025179738649491,0.6041200766880669,,0.6042526295469834,,0.6047041918025483,0.6025618102307084,0.6017956181982727,0.6032503137105226,,,,,,,0.6035202833473028,,0.6029947944441174,,,0.6038290256125742,,,0.5989814957153573,,,,,0.5995114713486743,,,0.6003078881233438,,,0.600199341387717,,0.6003855655288352,,,0.600274596596981,,0.6014513338100204,,0.599471523332535,0.6008557557614107,,0.5995872700587065,,0.599404682919846,,,,,0.2552436246543715,,0.4418780804480696,,0.44049873762836594,0.44127789888367996,,,0.27805186289991735,,0.27848388118242173,,,,,0.620104239951741,,,0.00537370190088922,6.979525286852192e-05,,6.974340436916105e-05,6.789304083091704e-05,6.779258280823209e-05,6.786929327252734e-05,,,0.5607452236897272,,0.1713986781621072,0.5702190618871085,,0.1748925834936015,0.5724587979862443,0.17844300230667956,0.17847503652495453,0.17825011236606503,0.17859358062343325,0.17819758501964716,0.4192668291076359,0.1785019395723837,,0.18131849949082446,0.1812339614714013,0.2058313928468681,,0.20566335355836607,0.20589900843658607,0.205898514234375,,,,,0.20586298642245,0.20580394961251505,,,0.20570464533652016,0.2058957532673972,,0.20578583709236514,,,0.5802370329159765,0.5827353464106969,,,,,,,0.43724334089113415,0.18579091469432463,0.1863135232316738,0.1864322862313652,0.18518080406835305,,,0.5841238370534958,,0.21052347557311898,0.21000305837131147,0.20973528655674037,0.20945142352944082,,0.21025333282183079,,,0.20966446038189163,,0.20987030152512276,0.20959996337228617,0.21015385113723298,,0.21019795691126897,0.2098452872221257,0.20967486663806978,0.20943649613480744,,0.21035298444005812,,,0.20985205387993802,0.21013629793211047,0.20991118317505433,0.20994110694940724,,,,0.20920340204512816,0.21000735045973362,,,,0.20972705123111363,,0.20899907833665682,,,0.20973026660502364,0.2097727882770966,,,0.21035902270481746,0.20977411502746954,,0.20927751444158108,0.20921784477729807,0.2098553105166399,,0.20941414821611726,,0.20955710705081104,,0.20938629894174432,0.20935066161913984,,,0.20964729644087976,0.2098776447204795,0.2846812273300504,0.28436900743495935,0.285618870897434,,,,0.2846509861639911,0.28371932136430994,,,,0.2841332632971374,,0.46576887481129997,0.46455518266041473,,0.46505400271503866,,,,,,,0.4648330146920981,0.46334574297592457,,0.4626647752013766,0.46282230464856505,,0.4643774750533603,,,,0.2847282901089233,,,0.28502130924061186,0.28507269164233173,0.28427184257895527,0.6154715497718939,0.616683162281631,,0.6155380569155693,,,0.612347260394223,,,,0.6134897117445361,,0.6166911514377642,0.614234630688861,0.46354958470576835,,,0.4641503969523161,0.4643151426215746,,,,0.4648494078768532,,,0.46609851369969424,0.4586113521431921,0.463070542813768,,0.6155604743901832,0.6150339669246405,0.6157090450690623,0.6149283865422245,0.6154037429469145,0.6148025906082404,0.6170680281894366,0.284229277116331,0.2843393419279206,,,0.2844527316351836,0.28361981876852066,0.28393353973584107,,,,0.2845750434477525,0.28397728745831524,0.2847409628264464,,0.28431951193997945,0.28462920687485044,0.2839133668486521,,0.284218679509436,0.2850947233987664,,,0.284871914379327,,0.2851412684082417,0.2847359014780161,,0.6149283075406955,,,0.6122439705635734,,0.6160065336047807,0.6165803381313878,0.6154853910317402,0.6150364540001405,0.615547918564757,0.6148668668444977,,0.615792053108233,,,0.6141479886374123,,,,0.6162598303196103,,,0.615705042123198,,0.6156235076564097,,0.1942506273286117,0.19455615026430706,,0.19458605836421508,,,,,0.5274122520584228,0.529846105082136,0.5277362170099694,,,,,,0.5508431093883259,,,,,,0.5512090734554618,,,,0.5506888053427444,,0.5515807622221197,,,0.5497788439297315,,0.550663990857406,0.5506568935331992,0.5515967741023099,0.5507983874349504,0.55015826436553,,,0.5498548790745155,,0.5504868665230839,,0.5503315647792465,0.5500637216131591,,0.5518845080034864,0.5496403006874346,,0.5509957429143048,0.5522137564595324,,,,0.5493431908363142,0.5496222191954647,0.5507613623294295,,0.54856484240223,0.5502679121550158,,,0.5498546597550767,,0.5513909841070112,0.5501437394328534,0.5505617088904188,0.5504643051639071,0.5521656757743818,,0.5500387995559863,0.5502660049570008,,0.5514158206601933,,,,0.5501348489353557,0.5493181675459952,0.5517550854488004,,,0.5504787325845804,,0.550788704532414,0.5503515291067734,,,,0.5503392214631555,,0.5507839531243794,,,0.5500183784891631,,,,,0.5514049317038688,,,,,,,0.5521276238871925,0.5469670284272117,0.5507860555406361,,0.550866395544124,0.5506016024702458,,,,,,,,0.5513397878504912,0.5506622894349245,0.5500823767256646,,,0.5500796574718488,0.5504727118969923,,,0.5511165926766385,0.5504057688531767,0.5501013319636014,,0.5498658868572841,0.550613534623239,,0.5484675814453229,0.5507361747808917,0.5503630525682643,,,,,0.5500729248529177,0.5502428213249578,0.5504144736463871,0.5510469980761391,,,0.5512373890292455,0.5507243795637102,,,0.549447500520379,,,,,0.5499478747929784,0.5499781331293904,,0.550083841750439,,0.5510532164377324,0.550602887486466,,,0.550073371708298,0.5507714083517078,0.5509387870337005,,,0.551917908005031,,,,0.5505151985855705,0.5507065206932039,0.5497091831613122,0.5521707385114781,0.47787957581953616,0.47887358230558963,0.47830469903389483,0.6715729003859624,,,,0.7075426678828679,,0.5232908141188485,,0.6631048755229086
8,24,DG_48pct,96,Z20_F09,20,3PH,175056,181988,True,3696.1989725850212,3798.0536701492047,3836.065225297101,4397.618637593753,4446.679749310566,221.83921224526918,18.07430783507235,472.5272939834433,419.81503538468417,232.92603076549636,214.71506657229077,71.98095402690605,1.049058154578194,47.833350301237566,155.61686092515265,96.66705061061329,121.50934754339342,50.613987731350534,5250.408742292449,70.16819576610631,0.7450674943705791,,0.7463061393364819,,0.7494373240736916,,,,,0.5990756431055771,,0.6043703988594061,,0.6047284153524083,,,0.6046999493104053,,,,0.5985044710047156,0.601025021845127,,,,,,,,0.6007216762672617,,,,0.5997811823293261,0.5987933609976425,,,,,0.5429337854530032,,,0.5461006610097955,,0.5449982254292507,0.544489200149885,,0.5465546837355795,0.5461269711092938,,,,,,,0.5445825918852989,,,,0.539253425294331,,,,0.5316433854201579,0.5304412495114064,,,0.5303079987810924,0.5300682079552518,0.5327125380334111,0.5318630348980099,,0.5302714943786466,,,,,,0.531723168923496,,0.5314676369028878,0.5319121932242233,,,0.5332736614509037,,0.49633625376687823,0.4975967470875206,0.19553832385782008,,,0.193038362233458,0.1942605968196157,,0.19495373980442254,,0.19651724506828533,0.19615901379998132,0.1971008539796715,0.19648833211890604,,0.1973018981873004,,0.19661798649595588,,,,,0.19584402159443062,,,,,,0.1960126683167998,,0.19617060151863222,0.19601239682003269,,0.19664191021925698,0.1964976731134209,,0.19640913140540214,,,,,0.19607905913787121,0.19611314783480893,,,,,0.19643419288653302,,0.196789420929411,,0.19635999173470767,0.19677977343399544,,,,,,0.19586161470858998,,,,0.19623447323630633,0.19695597831549383,,,,0.19651619535626516,,0.19603902881271518,,,0.1954949286880634,0.1963849873326116,0.1964118016649245,0.19700764547954963,,,,0.1967037849128801,0.19706389926130266,,,,0.1972100487330467,,0.19667232916915872,0.1960185372035695,,,0.19597017287471952,,,,0.19675371355946103,,,,0.1964149738547813,0.19667836689438153,0.1958817001588494,0.1965072039325418,,0.19671851479091973,0.1965433999321988,,0.1966215832796309,,0.1964628467388685,0.1968307243653786,0.195938992387011,0.19726512260388834,,,0.19672773409620498,0.19661823351896787,,0.19647678152033998,0.1965084843827267,,0.1958102875702227,,,,,,0.19615398867938078,0.1962504298620137,0.19603343857582217,,,,0.19650913755911426,0.19672043780970436,,,0.19624985525000024,0.1965045477450847,,0.19701606929869875,0.1963768268944543,0.19638832523654534,0.19652417587067433,0.19661710841316352,0.19662667663502068,,,,0.19619915019015685,,,,,0.23836193701346228,0.18268398245757084,,,0.18249611022012266,,0.1828724561514952,,,,0.26372081229533734,0.26296585683822704,,,,,0.26379260500767715,0.2631039210826441,,,,0.26292763037450045,0.26348571117735675,0.26309900635037214,0.2632834875444695,0.2632059247040265,,,0.2631782702952792,,,,,0.2628344505222733,,,0.2633410938234986,0.2634201748232967,,0.26257875437162953,,,,0.26368211033156846,,,0.2631341627918295,,,0.2462772839720686,,,,0.24602217815297453,,,0.2459412886923531,0.24597917797762495,,0.24583082302675344,,0.2463612239743993,,,,0.24569642105746942,0.24643432949531952,0.24607364797052708,,0.24618245615453316,,0.2459140846963327,0.24556621047873475,0.24658162103981537,0.24639539542891675,,,,,,0.2633516631028861,,,,0.26386438231716136,,0.26265885693121577,,,,0.2628692067443229,0.24573490291203567,0.24531692109884246,0.24536734612343175,0.2457838107039559,,0.24553058947298478,,0.24527729909375262,0.245666496346011,0.24585421437684568,0.24558250531218467,,0.2457509258220631,0.24546101124482098,0.24521008967693364,,0.2633393682492927,,,0.2628561141408051,,,0.2626841651961458,0.2633566041765028,0.26281401982478214,,0.2629952142971773,,0.2629613960232771,0.2630761191205686,0.2627776934289633,0.26289301452005737,0.2621537638068046,,,,0.2633085553339488,0.26327080387014573,,,,,0.26334687948300417,,0.26357749080943826,,0.24553538796580282,,,,,,0.24590575480065072,,,,0.2465247298705454,0.24584299133909665,0.24559616616434293,,,0.24659373323610417,0.24559962388957082,0.24506883540371655,,,0.24646296066206888,0.24644794907385958,,,,0.24631911968269435,,0.24539062623949587,0.24513287950772997,,,,,0.27370437714218554,0.27380784570077316,0.2742218319812312,,,0.26925162364280797,,0.26925209291309626,0.26888226147612915,0.26894438596408515,0.26844184954551265,,0.13127972682079952,0.1308549853593617,7.157922645439561e-05,,,,,6.990378311425058e-05,,6.815867435044156e-05,6.814083653138071e-05,0.18682585634848578,,,0.19332285483554573,,0.19334304661563984,0.19485304610332022,0.19503746863854057,0.1952907147243678,,0.1963093600842468,,0.19700913126822678,0.19680635108486658,,0.19614420216700704,0.19635797131996036,0.1982839879975053,0.19952975039563767,0.19748732244496014,,,,0.19715482141103532,,,0.19688252024529182,0.19697881323462543,0.197316256572671,,0.19733110908874943,,,0.19685526283534233,,,0.19718808789065828,,0.2004435280366063,,0.20008469389856476,0.20010772159369972,,0.2018095807825574,0.20246289781730772,,0.20244963943876434,,,0.20228302952163477,,,,,0.20127247153750447,0.20092612431291731,,,,,0.2008353010333498,0.20107910223242462,0.20172101951445226,,,,,,,0.20126754571319036,,,0.2009792699063405,,0.20069206935631156,,0.20158354549528643,0.20127840341043002,0.20062514009668095,0.2011914440794795,0.20099842869067253,,,,0.20099073999510544,,0.2006249705055364,,0.20033941891407314,,0.20108337779405355,0.2007991614882443,0.20063815994429507,0.20019525123719306,0.20074906255744776,0.2010303751246511,0.20085599031878454,,,,0.20102426761251682,0.2006763105766652,,0.20055560465722555,0.20021634550439693,0.20112190735174854,,0.20067601013210615,,,,,0.20066828584416627,0.20089749213303199,0.20049816931682277,0.3040118024024047,0.3044324904003985,0.30506699455047964,,0.3037241039810279,,0.30334736437394083,0.3043182423006399,,,,0.30404046464706663,0.3036742158059966,,0.3047981703800809,,0.3050768348176781,0.30493694138592087,0.3042992084857798,0.305126430710562,0.30382902350689084,0.30354325562147944,0.30333981852016956,0.3050333395351175,,0.30467055719266267,0.30383451877328754,0.30322974187339313,,,0.30276356192965564,,,0.3046811743760872,0.3056574289199999,,,,,0.3043163063792406,,,0.30400875322577126,0.30358960457227196,,,0.30313513831390404,,,0.30399519280669035,0.3046308923674881,,,0.303955395048186,0.30376464414788185,0.30394321967820237,,0.3041367673989173,,,,,0.3051418117251927,,,0.3002738431193007,0.3034980275659572,,0.303958409451688,,0.3036376129826762,,,,,0.30461345793305655,,0.3034211115432333,,,,,0.30436192945017787,0.3041054489722502,0.3037090682025275,0.30333736537053946,0.3037128042892828,0.30517185851433615,,0.3033786388523427,,0.30437671389150583,,,,,,0.30418902971356626,0.30460193994841367,,0.30447515859051816,,0.3046766605566355,,0.3040600780991859,0.30484956124065793,,0.30433674796749105,,0.3046851041622314,,,,0.30371870898110254,0.3034433669135635,0.30419762028375935,0.30332915715153685,,,0.30419895930961605,0.30442679498250924,0.3033478076549152,,0.30357345620970744,,,,0.30407847140640176,0.186162328672917,,0.18626967380810672,,0.18658823762705226,,,0.6221317135715024,,0.5592880599536996,,,0.6034984555721723,0.6026726175788528,0.6027334481536799,0.6030770049353619,0.6016527363791363,,,0.6013058117517044,,0.601649393281364,,0.6033443094809707,0.6022781719148897,0.600349116540634,0.6021045349759768,0.6011636573285692,,0.600716498645028,,0.6011414685072224,,,0.6009455642309521,,,,0.6016860965787213,0.6003556877810959,,0.6017318350509476,,0.6011437402848923,,,,0.6012088751314736,,,0.6016268118266416,0.6021627743664996,0.6009704495120165,0.6018097007366255,,0.6011166221177832,,0.6025068647109462,0.6006375831420604,,0.6017214669843057,0.6025689889678835,0.6009020448777369,0.6020689097521619,0.6005280559634293,0.600455670840423,,,0.6018584662105092,0.6023084598187883,0.6016392304023355,,0.6010975865551371,,,,,,,,,,,,,0.6014107253293584,,,,,,0.6025280852760779,0.6015067216924337,,,,,0.602255097493521,,,,,,,0.6015215649017902,,,0.6022896706915545,,0.5993176085539016,0.6023107069196864,0.6013395179398138,0.600311743600217,,,0.6015281919991599,0.6025948301949433,0.6019129910083735,0.602536409831619,0.6021686802929287,,0.6016118459824408,,,,,,,0.6012525840389078,0.6031130151363862,0.6023153188019238,,,,,,0.6023585591338524,0.600843750619219,0.6009202962791168,,,0.6011946282918198,0.6015986736998825,,0.6019962407414223,0.600062723321751,,,0.5994977388543195,0.6014491049746501,,,0.6018158744263352,0.6022591103363939,0.603983117031058,,0.6010344478078161,0.5997391623610783,0.6011142317316567,,0.6023055545169238,,,,0.6020490335494869,,,0.600835270762944,,,0.6017783017873699,,,,,0.6020817881700568,,0.6027666357668189,,,0.5120374169856022,0.5098952627770221,0.5115457268543372,,,,0.6065580793186891,0.6051696188781616,,,0.605825416309109,0.604200490268414
8,24,DG_48pct,96,Z20_F10,20,3PH,175058,181992,True,3673.32482461125,3740.668461680128,3801.218242447429,4354.330291109551,4408.943877977866,228.2529429381546,18.69441695402187,498.1414436905224,442.40094860634065,244.3244170580256,226.5388209881846,75.36462472178479,1.0992641290980798,48.11567753170672,155.9811520947343,99.54750335116557,126.09088729530679,52.62515584196943,5197.312232519917,73.08954493704425,,0.7484011314855913,,,0.7504518736534808,0.7537449819478865,,0.6017749263821671,0.602171646187852,0.6024104717003329,0.5997126716601044,0.611778441806665,,0.6088539556350527,0.6092164683423336,0.6086240404892087,,0.6088092769414729,0.6078373445978839,0.609108537897138,,,,,,,,,0.5968490263327922,0.6021739953428823,,,,0.6046634257914425,,,,0.5534953709278556,0.5519863761752124,,,0.5482307481344629,,0.5507388534752037,0.5497355104090206,,,,0.5501338444432383,,0.5497863171285852,0.5497038428841967,,0.548472025299357,0.5496051387559924,0.5513002640030386,0.5524038306810951,0.5451392648022836,0.5442520122068584,0.5453227298652852,0.5442194839027685,0.5363820405267203,,0.5367818363779914,0.5373362324297617,0.5363228665271034,0.5355151520483942,,,,0.5373550539706259,,0.5364865940944616,0.5373241944134479,0.5351866406872564,,0.5365135679569566,,0.534991882163696,0.536730775265287,0.5363614130679599,0.5362127169678725,,0.5367741339534973,,,0.5013346528074082,,,0.20256974718783377,,0.20158205936381465,,,0.20277835469572383,0.2046946465444711,,,,,,0.20550541436500536,,0.20475513225729225,,,0.20567725548978677,,,,,0.20505830275293555,0.20500671335041062,0.20515726626537137,0.20483422846250782,0.2049086060487539,,0.20436759108527033,0.20520978120836256,0.20491352012563846,,,0.2044984238229402,,,0.20505243906114873,,0.20482136493557412,0.20545788575922086,,0.20465149352157508,,0.2050649152002988,,0.2050107927741212,,0.20539938322541343,0.2050848991757944,0.20500054478178087,0.20481051073534418,0.20493400440462997,,,,0.2053997522476909,,,0.20545457202927395,,0.20510947674517083,,0.2051667900650663,,0.2050589598928722,,,0.20530025754025252,0.2055598432329485,0.20519337342382127,0.20467317388483278,0.20555263016416547,,,,0.20507064306292003,,,,0.20486638707378113,0.20434274874975328,0.20446549868989777,0.20464098536459158,0.20481993623769373,,,,0.20496020197472942,,0.20524965048676683,,0.2044616748974141,,,,0.20454628687714999,0.20505964754929618,,,,0.20505312360278932,0.20492644450065722,,0.2044428653967551,0.2049685792436806,0.20521477624763354,0.20500911532866953,0.2055601656971223,,0.2052716994127281,,0.2053200666602228,,0.20536684163021113,,,0.20502914593928903,,,,0.2043595288421069,0.2051925328811731,0.20472515250489232,0.20536220960000712,0.20529132998783398,0.20483565478854596,0.20515812710071424,0.20540525394114406,0.20473375274496441,,0.2047615546269992,0.20460128230751493,0.20489964386327617,,0.20476374577610093,,,,,0.20446736660396186,0.20439473072633174,,0.20481567133149298,0.2048275071652528,,0.20464320182990894,,0.2297481378533213,0.2300185671415557,,,,0.19150412229397562,,0.19174959925008286,0.19132609280155993,0.19109482308397774,,,0.271396078954024,,,,,,0.2709033957338874,0.27180556429848046,,0.27179610448756386,0.27173789789622227,0.27188307502591935,0.27215462941161955,,,,0.27279665064378744,,0.2716882756623016,0.27118733081206187,0.272003590041921,,0.2712066397191466,,0.27150751902127696,,,0.2721517492620405,,,,0.27167264692303505,,0.2715933472447461,,0.2712316617404463,0.2721997680585671,,0.2710807498547289,,,,,0.2541937406041398,0.254710122313766,,0.25377196541294006,0.2539669823316878,,,0.2542397526816054,0.25457084002913116,,0.25473766701950407,0.254686715217395,,0.2541588500357552,,,,0.2542169396475495,0.2542392962519814,0.2535158898364568,0.25452567364286816,0.25482019058413374,0.25498290729274475,0.25404060465246514,0.2543590866405684,,0.2541961382049243,,0.27174342664215684,0.27096286169297146,,,,0.2713650259359996,,,0.2708419154292384,,0.27036859325386814,0.2542077387897549,0.2538605721886552,,,,,,0.2535008996195714,,,0.2539439681239126,,,0.25331088715118383,,,,,0.2704212800196928,,,,0.2711257320665953,,0.26957577499322355,,0.2713369107169546,,0.2709669855767249,0.27041947881795514,0.27089083635901373,,0.2706907403805069,0.2719527164570258,,,0.27098101956114645,,0.27022876404343604,0.2713674220257123,0.27069103247225423,,,0.27069246818329995,0.270362277097871,,,0.2539473078816663,0.2537532914114425,,,,0.2543017581210684,0.2540298843789056,0.25394268501228134,,,,0.25484210970685717,0.25433226741930187,0.25395368975824334,0.25400154905486355,,,,0.25453075559209704,0.253442678401251,0.25374702831170926,,0.25414589123245435,,0.2542229070470145,,,0.2544044577721111,0.2820844466369445,0.28188365412938604,,,0.2815876883647004,,0.28173599977458913,,0.28177357101336276,0.27626479432179235,,,,,0.2768310957401682,,,,,,0.00537971250241296,6.948107495668388e-05,6.944377797510623e-05,,,,,,,0.19483041380781216,0.20133878628268448,,0.20217534376515892,,,,0.20628977882726607,,0.20571570314561477,,0.2057511923320304,,0.20576179944320813,,0.2079047388214567,,0.20646948014568356,0.20675074142805028,0.20634500921819632,,,0.20620028203042065,,,0.2063116237201447,,0.20597410875141514,0.20569900221087753,0.206371039324765,0.20603356241810228,,,,0.20667284249855258,0.20978877324933526,0.21056816868616005,,,,,,,0.21092837812382015,0.21109833883253543,0.21097050617656846,0.21100429364909828,0.21098517740231282,,0.21066661577873397,,0.2106187479778183,0.2109911519498663,,,0.2099339786291956,0.20933430242621648,,,0.21064942861426195,0.20994297757166935,0.21013712890622013,,0.21009929876598457,,,,,0.20970495551315807,0.21035795059301385,,0.21034192145584113,0.2101286052253785,0.21062618544557338,,,0.2106362240521374,,,,0.20984628689494986,,,0.209227589804464,0.21003629783013947,,0.20940162035848706,0.21020550856030618,,0.21045119622686478,0.2105734197712758,,0.21023611393036176,,,0.21019956316950367,0.21066237053187237,0.21025518888819353,,,0.20987325022672917,0.2096373795889134,,,,,,0.20961422905596527,,,,,0.21041194477913475,0.31145800348317276,,0.3122606735925782,,0.31137893875426675,0.3114595549678743,,,,,0.310820289308808,,0.3119406338504755,,,0.3122795423597546,0.3129853759064255,,,,,,,,0.31196400569397503,0.31181878902547644,0.3121643966621887,0.3123005498859296,0.31159232742694015,,0.3114374058826728,0.31276417539489415,0.31220511192676853,0.31161726971332526,0.3119085602581873,,0.3119628615751175,0.31262153470615983,,0.3112252527502785,0.31120507239973677,,0.31195003781436265,0.3112998374145571,0.31117763269986637,0.3122015877057584,0.311207172095248,0.31092367176777225,,0.3110194454954456,0.3112061756841769,,,,0.3109579457644357,0.3115471812417598,,0.3116091331040702,,0.3124899533408257,,,,,,,,0.31092043816162607,,,0.31098426320178313,,,0.31203012211725933,0.3113483837059658,,0.31096970010685865,,0.3122136983698763,0.31252953245688414,0.31313991834017063,0.31192390472993503,0.3122298167396148,,,,0.3119809401666759,,0.31200561312860975,,0.31252743128000976,0.3132678221640843,,,0.3119635969636215,,0.3121121021263224,,,0.3110384050421128,0.3112747327380239,0.3115525720087887,0.31270169565709527,,0.31207561803383577,,0.31258351246174965,0.3130259489398853,,0.31169542638755954,,0.3121597520976645,,0.30984358841803594,0.31255438390078416,0.31171369001373844,,0.31194754845773937,,0.3113593790688291,,0.31144991851470055,,,,0.3120404629749549,0.31258936814234173,,,0.19424211325211355,,0.19492840110254445,0.19477981854579038,0.19538504543545093,0.5692261229405295,0.6272643087584218,0.5641250175949967,,,,0.6056332722344594,0.6062607082520808,,0.6068666453155455,0.6058456006752679,0.6044656065090298,,,0.6046207241181336,,,0.6071330865494834,0.6050830886850809,0.6061527982570557,,0.6057006658177251,,0.6042610474117782,,0.6063476570794194,,0.6060537671843718,0.60593664382007,,,,,,,,,,0.6048727226225709,,,0.6060479958250441,0.6044643724576055,0.6055533093608046,,0.6055992087705347,0.605951200095165,,0.605308609171464,,,0.6061579165846025,0.6049419232736399,0.6054883105029589,0.6056588268183372,,,,0.6052281363877171,,0.6060442255274265,0.6054429607274692,,0.6044361993318722,,,0.6053064194134147,,0.6056375549937247,,,0.6041204431355307,0.6053668213842504,,0.6076442223532118,,0.6047151948139446,0.605018839665032,,0.6048238518963277,0.6046725100435542,,,0.604053545968078,0.6063011530107565,0.6064816617663674,0.6050200037074049,,0.6052139558506906,0.6062094016067894,0.6048362227322396,0.6055058736022957,0.6056875081417833,0.6054812833549426,,0.6058612256579939,,,,,,0.6044664991594467,0.6061277034931315,,0.6045685726174924,0.6065366304686372,,0.6059440980756718,,0.6044747523659744,,,0.6066819360547134,,0.6050637572349051,0.6052154639821148,0.6060543582264598,,,,0.6047945597089817,0.6069117572084767,0.6056349951888146,0.6058881007882545,,0.6036464965896993,,0.6081324411438117,,0.6054814611232316,,,,,,0.6057307812664995,,,,,,,,,0.6053954869560368,0.6050649634322572,0.6064979016322561,,0.6052238428796977,0.6071549830867231,,,,,0.6064262838574273,0.6049481529628585,,,0.6062355957647418,,,0.6074019650977953,0.6061651975084386,,0.6078872969840243,0.6045731004330027,0.6055745544329658,0.6059268295053938,0.6057020402966484,0.6068249560686442,,0.6044567472876123,,0.6063247564458739,0.5159803718519839,,,,0.5661057213850229,0.5647806562745463,,,,,0.6088594313219026,
8,24,DG_48pct,96,Z20_F11,20,3PH,175055,181986,True,4433.670851620838,4557.0429690551455,4588.09059141779,5102.18008030743,5170.8919771680885,131.05930837614196,8.576048005746932,140.86301684803448,125.92632345318795,69.25406789009224,63.68094687895083,21.263231473376116,0.31271860047943933,43.08478995261681,138.80996903932436,57.139548722217334,41.368871726666775,17.171619065315667,5373.133375246491,20.70605787195918,,0.7112926715152083,0.710852990881179,0.7170429526985925,0.7134723125357757,,0.6360398991073648,0.5361600334358717,0.5358759524947924,,0.534834437797763,0.5410921943761574,,0.5415919848460784,,0.5402019782130153,,0.53948501117315,0.5410346380130833,,0.5359491110512687,,,,,0.5357027538256167,,,,0.5373108659356486,0.5370695457786892,,0.5362016126770537,,0.5358693919861971,,0.48092137853605205,,0.47927687428513815,0.47055383816860386,0.4696333358814036,,,0.4711650625816801,0.4715713651697464,0.47123783961586446,,,,,0.4715355451765568,0.47051456525067403,,0.47089001045656775,,0.4712497168804728,,0.46468141465396184,,0.4653921132075979,,0.45475508362007366,0.4559093414945667,0.45531509873281073,0.45479356125126924,0.45407648142020823,0.45479514673080235,0.45572701097056906,,,,,,,0.45398955503548866,0.45612401338767156,0.45414976983991934,0.4551716798300471,0.455229110162251,,0.4546606557679119,,,0.4547698963664134,,,0.41604323631027534,0.41498740517205596,,0.06616139992190831,0.0663863849061374,0.06619791653190348,0.06659090916860153,0.06657729642167338,,,0.06697775641251708,,0.06699752077930093,0.06716804672296615,,0.06710752553037963,,,0.06714464095351846,,,,,,0.06718815494581389,,,,0.06718385328655475,,,0.06706311559947295,,,,,0.06707846388735127,0.06710232454114873,0.06715459134739268,,0.06726718381042773,0.06719038186339443,,0.06704400048326216,,,,,,,,0.06713904103924113,,0.06710642874757909,,,,0.0671038038287322,,,,0.06708851267876402,,,,0.06702092847849764,,,,,,,,0.06713100970059258,0.06707902079399537,,,0.06716051940736432,0.06701336713938037,,0.06728350225288152,0.06691346235785439,0.06723333900393327,,,,,,,0.0672203581530993,,0.0670073500118466,0.06693313511540179,,,0.06691385485534701,0.06703613543338698,0.06690865589521981,0.06711381453968288,0.06699041431518805,0.06716857393894009,,0.06698629337853772,,0.06726981067019865,0.06707486729762521,,,,0.06708706056991161,0.06698806986312003,0.06701927754074108,,0.06701984028452138,,0.06718580804917566,,,,0.06702529915347245,,0.06701073393289504,,,0.06698392356193197,,0.06709421325550928,,,,,,,0.06713274334656144,0.06711634907671271,0.06718579324094129,0.06700997619225471,,,,,,0.06699651882403097,,0.06715789450496285,,0.06692412491369787,,,,0.10464191071705094,0.10471649252660989,,0.11998921317582573,0.05410124833613073,0.05418167260124964,0.05401615972984337,0.05395910600980352,,0.05402071967067673,,,0.14979149080261284,0.15018791748939553,,,0.15002518243379837,0.15010473998875629,,,0.14963264384512173,0.15008575749887365,,,0.1494979633772176,,0.15024973149691434,,,,0.1499059990826162,0.1502193697578769,0.149850429988373,0.14996473225113957,0.15006531040666615,0.14976674311681323,0.15002450061065525,,,0.1497857912367905,,0.1500792817590938,0.14979717184972086,,0.14962094936928783,,,0.1498330582127375,,,0.14991793008748672,,,0.12893954410423186,,0.12890747658977797,,0.1289833409326726,0.1292121089735868,,,0.12904931695376104,,0.12878531391881523,0.12849459798119137,0.1289362344636172,0.1290383830861023,0.1292773195837065,,0.1289539175961553,,,,,,0.1288747029807409,,0.1288632598179294,,,,,0.1291899275085737,,0.1495448059014,0.14964795070444536,0.1496619378842636,,0.1498565915555097,0.1495992465370884,0.14955331944074865,0.14956687433876054,,,0.1288478030017626,,,0.12820609944081082,,0.12829436197398825,,,,,0.12883221546719878,,0.12856446803450555,0.12864474701183892,,0.14942419581191146,0.1498768948165535,0.14951432015817848,0.14924742964438373,,,,0.14960991086399703,,0.14933551291707214,0.14979668115512562,,0.1496999734267099,0.149797195315481,,,,,,,,0.14950204088749888,0.14943332293934536,,0.15022367482029966,0.14971273267990864,0.14974295799251885,0.14995016531275074,0.14933930719720398,0.14985009301596164,,,0.12881547153939293,,0.1286258399502586,0.12859393876491626,,,,,,,0.1286242912431329,,,0.1282577678132277,0.12878108405675656,0.12908788491495224,0.12857076354124522,0.12857039221085936,,,0.12904967268075793,0.12861826589730316,,0.12918999008532506,,,0.12845522068117865,,,0.16249111801911456,0.16245410205359728,0.1621158605438506,,,0.1615761754534696,0.16231563199750404,,0.15928621591748673,0.15880069082897777,,,,0.1588785043830039,,,,7.389304114228515e-05,7.384336015046836e-05,,,,,7.024848474699475e-05,,7.018401033814003e-05,0.05517706723657914,,,0.057017662685175816,0.05695568678474654,,,0.0577480161197421,,,0.05813622394287207,0.057994107608155814,,,0.058343202525297407,0.05832804298945606,0.05826071501448046,0.05861873039225806,0.05864179990728425,0.05839057630977039,0.0585261102545606,,,0.058271736166633066,0.05829101148740005,,0.05832039075941725,0.058313472231956,,,0.05821651822276902,0.05837649815843645,,0.05842369558293172,0.05828106175042513,,,0.05939249187977819,,,,0.05949457963897263,0.05887993047065723,0.05970769462560167,,0.05985552144983707,,0.059483671224228325,,0.05965146317686074,,,0.059537679748458285,0.059729929541768284,0.05962908049804001,0.05944458695160644,,0.0595866244411943,0.05941669380059069,0.059498334140829105,0.05940796899903913,0.05940511640506364,0.059424039765546825,0.05939240163518461,0.0593605159012878,,0.05942641202926396,0.05952372006008248,,,0.05955435008922619,0.05939406490631167,0.05937182781759148,,,0.05939036916385349,,,,0.05942642667203593,,0.05943413858222615,0.05930677094449867,0.059286750365169845,,,0.059364873775908496,0.05941857551760137,0.059255985106902075,,,0.05941743640014212,,0.0594606791695296,,,0.05938454160822426,0.059593671813848184,,0.05953590849644563,0.05934918029587519,,0.059489095555789566,0.05954344850149273,,0.05924417456302912,0.059477548294146414,0.05947354218095063,,0.059564500988540124,,0.05939416875551525,0.059455141611787825,0.059434820067926934,,0.19991269990205712,,,,,,0.20004012290997417,,0.19966755489196053,,,,,0.20080176637109673,,0.20053830820361215,,,,,,0.19947258894758282,0.1998382990838784,0.19992062770947272,0.20025083233633306,0.19991466091152485,0.1996218430079431,,,0.1996222508597249,,0.20044837365343324,,,,0.20004875561930643,0.2007263393186851,0.20075292252245241,,0.19974641107605925,0.1997346039597568,0.19980532753123004,,,0.20018263426377236,0.19927693997602605,,0.1987134441262503,,,,,0.19989963620296147,,0.19937405651744275,,0.19988858711874255,0.19993453092944358,,,0.20010667730648865,,,,,0.19715269519566275,0.1991556485470539,,,,,0.19942684011859496,,0.19971553054573932,0.1998584786974655,,,0.19993642221007377,0.200539284052222,,,0.20028521564819127,,0.20055915508858327,0.20082947099254964,0.19876797942138474,,0.19959006405090546,,0.20039312531958134,,0.19973042681714126,0.1997334249373816,,,0.20039933739286106,,0.20035308964337573,,0.19987223753034533,0.19995275497861528,,0.19963740873502606,,,0.20005942784107061,,0.20013332801567968,0.20009561379795782,0.2000124498866962,,0.20029150981769925,0.19920649755123748,0.1993618440016528,,,,,0.1992889247062404,0.19994851744993075,0.1997984154032107,0.19978488634380356,,,0.20008188793844928,,0.2001175107160834,0.20027202470240393,0.05497245376726606,,0.055109955227128346,,0.05517329197175605,0.05518596110751911,0.4923041367122793,0.5640378000957451,0.4893441352717639,,0.49024240361817756,0.059152895041027075,,,,0.5380809180053348,,0.538596133777289,0.5385035847621329,0.5399040663868777,0.5395322067132544,,,,,0.5388764520409167,0.539141945418615,,,0.539552995390434,,,0.5391017510646116,,,0.5378868498334881,,,,0.5375795268910719,0.5383345000700637,0.5378256230371714,0.5395211483428803,0.5386442731836258,,,,,0.5390522444929889,,,,,0.5389615379351178,0.5378444976214856,,,,0.5398757224639986,0.5388316690821117,,0.5386321753280457,,0.5387124690312829,,0.5401553400969842,0.5392068910258132,,0.5411410457356373,,0.5387213173476684,,,,0.53962697386815,,0.5395593290805784,,,0.5388370370883491,,,,0.5383792766094176,,0.5372835252853579,,,0.5389359021085006,,0.5395596104263932,0.5388177845799363,0.538913970085103,0.5392357073267526,0.5386954959496828,0.5381492994318131,0.5394195849008313,,,0.538486268333107,,,,,,,,,,,0.538715020258679,,0.538100522247809,,0.5377064182269305,0.5391625984792985,,,0.5403811097850155,0.5393722328970821,,,0.5387202424338883,,,,,,0.5382439153675665,0.5386108537919819,0.5396754739197279,0.5395029313367878,0.5385966617825113,,,0.5402905815591436,0.5389200041849063,,0.5386675634999986,,0.5376534123682148,0.5386033258227976,0.5396040127128306,0.5398374595928489,,,0.5383603309977213,0.5389778648958977,,,0.5371186499597271,0.5403010979185353,0.5409649428960076,,0.5392428301281118,,,0.5381218740168245,,,0.5391076994838813,,,0.5387856266898753,,0.5395045444227624,0.5381668308028768,,0.5380094230273643,0.5385818598362463,,0.539867570325918,0.5396490908673622,0.5394377034556274,0.5372789679630076,0.5372625603678334,0.5397194249780043,,,,,,0.43386215621126234,0.49203279924061716,,,,,0.5412346427376934,0.5417303734614761,,
8,24,DG_48pct,96,Z20_F12,20,3PH,175052,181987,True,3697.6085515857344,3818.6466414120296,3846.9835838935887,4426.084955218747,4464.398853383535,220.94767136171566,17.841123937081264,469.41051638142966,420.2971745058471,231.28796270910112,214.9089478238057,71.23295570009529,1.0448729669810228,48.128229539800586,154.52009182709548,96.22481462829218,119.77111259249854,50.22028749882429,5257.437293174323,69.62465826839201,0.7474306047516294,0.744346743029836,0.7455379956763236,0.7511823566135197,0.7489982003388398,,0.6838238964761122,0.5994962242634269,,0.5988983935369925,,,0.6037506861162053,,,,,,,0.6030215861790889,,,0.5986079667841593,,0.5998187396411773,0.599793557887175,,,0.5914667984185747,,0.5997401107554091,,,0.599562299801687,,0.5705502994181265,0.5474144274366405,,0.547394414807166,0.5415001161803149,,,0.5442782445413042,0.5447768218926561,,0.5418844338124715,,,0.5450606347087048,,,0.5437392310570054,0.5448831189801617,0.544331972800128,,,0.5436898192297404,0.5373278643343928,0.5384045694408152,0.5383231512744237,0.5388780603872841,0.5307903675424601,0.5314816463540412,0.529821542283303,0.5301147387240599,,0.5323662429645207,,,,0.5299524083858542,,0.5308320986941565,,,0.5317585833791649,0.5305272635931705,0.5319706088287462,0.5314633316014402,,,0.5314396657491767,,,0.5308849568008448,,,0.49517015787103713,0.19332262694549726,,0.19219472105399837,,,,,,0.1947073456324485,,0.1946228858961837,0.19549395662434563,0.19520474391579176,0.19499341782422058,,,0.19508596692314195,,,0.19516209046438393,,0.19469562110288152,,0.19500824381991733,0.19497913744067774,,0.1946655517067065,,0.19456959883420552,,0.19447735103141398,,,,0.1956298130522881,,,0.19565285298434693,,0.1943902464704884,,0.1948127876167134,,,0.19391175995383889,0.19483214042935945,,0.19499668664860567,0.19477140022145492,,,,0.1950634453880881,,,0.19559075171811877,0.19493981247510897,0.19501844500766527,0.19455005107591758,,,0.19464908472244774,,,0.19480623541541855,0.194767596285774,,,0.19502574309878942,,,0.19502859820413354,,0.1948090996338965,0.19467372193021215,,0.19517376184642882,0.1948645402944521,,,,0.19511423126095953,,,0.19484713042481885,,,0.1948423032440184,0.19439114881911038,,,,0.19436946754188067,,0.19426085268890986,0.19499792079492692,,,0.1947506504363778,,0.1945079890384438,0.1941926788900675,0.19532669245568496,0.19475649901403963,,,0.19520022306309148,0.19476827931325677,0.19491623075793288,0.19450973970965857,,0.1947555213803198,0.19511027461478106,0.19476016308875116,0.1948956023242875,,,0.19499804059322434,,,,0.19393491932946078,0.1948409878848606,0.19551445281737484,0.1953912222378458,0.19458417973049358,0.19460971534698002,,0.19465770069965027,0.19540828338994332,,,0.1946243701238446,0.1946064275566297,,0.1949683098208395,,0.19421429098465215,,0.1955601782468179,0.19440037677479274,0.19445241269851804,,,0.19465118333854797,,0.194696530692325,,,,0.220111187718173,,0.18116649792612144,,,,0.1813142428540428,0.18140787641346562,,,,,0.2606548528417934,,,,0.26191254259211916,0.26243230467833434,,,,,,,,,,,,,0.26189514434454164,,,0.26195838896673346,0.26115774402622155,,0.2617192067989303,0.2616497067065443,0.26174545331138144,0.26148321377399486,,0.26134468310936504,,0.26198621116419335,0.26120169995274023,0.26115963458665026,,,0.26155446064405574,0.244851764740327,0.243858242418231,,,,0.24467004652158775,0.2444290275440705,,,0.24429966886209273,,,,,,0.2447491493740837,,0.24445530288496328,,,,0.2448467722233915,,0.24512609070266062,,0.24420462203401372,0.24467219878088542,0.2442585719435216,,,,,0.2613431031050574,,0.26134360897897985,,0.26156127707495125,,,,0.26176256271084386,,,,,0.24367647343862728,0.24398066136285915,,,,0.24468357577899655,,0.24437485707687892,0.24424761608886963,,,,0.243268525456354,0.2605441319058732,0.26105974375453306,0.2617667320076745,0.26122482883700815,,0.2606966905617099,,,,0.2607353476770023,,,,,,,,0.2616222990300209,0.261065281272829,,,0.26046052307454687,,0.2609400941433015,,0.26101371076426605,,,,,0.26145811770562954,0.24336426201120492,,0.24301880067662116,,0.24428148991697182,0.24402936808187387,0.24422213382892907,0.2445820184901247,,,0.24523314485811298,,0.24357822402494386,0.24364245175201105,0.24428125921723876,,,0.24419505573600248,0.24422253979932823,,0.2448421133510837,0.24387427396078298,0.2447336515582298,,0.24398530022008624,0.24405228084316125,,,0.24403476413036568,,,0.2724360215624136,0.27194619490223754,0.27248595736326164,0.2729345362421507,0.2713727185744873,0.2722745453334219,0.27204458849968194,,,,0.26722443825559083,,,,,,,,7.177104934234237e-05,,6.984372171253835e-05,,6.825282618992847e-05,,,0.18561170295881094,,0.18459606300283296,0.190352803146401,0.19087261751774848,0.19091677372984203,0.1934426796856818,,0.1941713089744633,0.19462683828317076,0.19532810865143568,,0.1948840579936568,0.19470103645342443,0.19534413951631066,,0.19553754702166998,0.19711199036103746,,,0.19640383678481765,0.19521951208681304,,,,,,0.19624374958635335,0.19607244781975006,0.19522983219512213,0.19591655709164893,0.19504776297477594,,,,0.19555904795442072,0.1954036253535597,0.19901843377134443,0.1992125946588072,0.19918598823425832,0.19866469609402648,0.19949045139333602,0.19725940446587942,0.20038658277647398,0.19955864372037094,,,0.20021395426588964,0.20012671280876174,0.19996731535984277,,,,,,0.19909327812373537,0.19934941968978515,0.1992933776595974,0.1992426985004704,,0.19984786715877895,0.1985436386394182,,0.19982187988487596,0.19954481881550787,0.19919352664619575,,,,,,,,,0.19911515564747706,,,,,,0.1991502726048616,0.19874868790129716,0.19954401128673235,0.199509814944916,0.19891233620454205,0.19932473368358317,,,0.19958070153709342,0.19883544631020544,0.1994611044718345,0.19921570551653353,,,0.199456348504833,,0.19976963727102945,,0.19919128550745024,,,0.19928111085655847,0.1992768499888075,,0.19903738689365663,0.19900768611299874,,0.19890910764539915,0.19961266770647623,,0.19883181857009455,,0.1993730471782131,0.19965579209897671,,0.30147055184939187,0.301999467508502,,,,,,,,0.3026610986357616,0.3028258389742656,0.3031711444401506,,0.3036997583856386,0.3034869016100344,0.30263277843501,,,0.3030701507906487,,0.3028981891760491,0.3023800702142012,0.303184082270066,,,0.3024605358957632,0.3020856081258522,,0.3040059801610814,,0.30270838884342044,,0.3032771576871879,,,,0.30263178504866634,,,0.30227120458455187,,0.3023638308310528,0.3024445407320053,,,0.3019697960755693,,,,0.30215842260566994,0.30170226366439507,,,,,0.30259000010995774,,0.30240347808328205,0.3021546170470429,,0.3027629220341039,0.3020578958143703,,,0.30237994084752695,0.29792134554019717,,0.3016990946082418,0.3022376944373805,,0.301409508500748,,0.30152656689488905,,,,,,0.30245401799070915,0.3029164183776117,,0.3023622677806671,0.3022232062184924,0.3027116632431116,0.30309161919289673,,0.30304629863274796,0.30391944933875364,0.3030048461668481,0.30298789825703565,,0.30325044801292556,,,,0.3031829101004595,0.3028641852151477,,,0.30449836550873366,0.3024028176365838,,0.3035432766700767,0.30297372258463634,,,,,0.3017053781271935,0.30321924740396167,,0.3030371559174523,,,0.30321064262272696,0.30224250417908716,0.30276352639573595,0.3024507252117036,,0.3032686117158957,0.3022688563067792,,,0.30155770225142414,0.3025182477474215,,0.3021299496866471,,0.18459625800546758,0.18441822563640453,0.18463370297678752,0.18545786599079178,0.18439987272267397,,0.5618493503366441,,,,,0.19799761275704864,0.6003853138826952,,0.6003823357291271,,,0.6014433843846514,,0.6009450594742568,0.6019297377439407,0.6008249994350131,,,0.6014439110329582,0.6000739022167305,0.6033780370926949,0.5995411819040253,0.5994582099005522,0.6022366152068802,,0.6017545625782492,0.6026802454112811,,0.600388848052049,0.5999200152142585,0.6007542305985487,0.6012265265733568,,0.5985456901302689,,0.6006224427369783,0.6005382184800886,,,0.6014627043202737,,0.6023864761897209,,0.5995797624274755,0.6003977570353262,0.6011512558937095,,0.600284644313142,0.6004348816935147,,,,,,,,,,,0.5987270481761235,0.6019668220469219,0.6004676037317889,0.6013599880812015,0.601049418233568,0.6026549258070174,,0.6012161344764342,,0.6012714928544189,,0.6019643562710162,,0.6018623473000321,0.6019587925498624,,,,,0.6008735784000072,,,,0.6024071403142568,,0.6005354816471115,,,,0.599932408559013,0.6000801216765843,0.5986764324037003,0.6019222848052455,0.6013044406250354,0.5993620046961138,0.600080841997313,,0.6015295687610955,,0.6009260466333586,0.6017979399685063,,0.5992846357534114,,0.6009653526512698,0.6005167169068842,,0.6036022555944603,,0.6020977914450472,0.6006418801203864,,,0.6008579039026024,,0.5982777056802789,0.6023938445432049,,,0.6027033987323609,0.5994431271747083,,0.6007058038922171,,0.600077380066016,0.6015374018308638,0.6009597261494775,0.6006450970375757,,0.6029193509766416,0.6010200555127816,0.6013327229121014,,0.6012209591406337,,0.6012657347303245,0.6009003187372178,0.6013213767645902,,,,,0.5991041582468605,0.600943647805252,,,,,0.6005515935345415,,0.6019342219160837,0.6014960573374316,,,,,,,0.6029920596881029,0.6023869664056554,0.6005953112350985,0.5994530675319614,,0.6003877814525451,0.6010395844829622,0.6018983280217524,,0.6021849115837479,0.6016428101284115,0.5999307100508453,0.6021111458252809,,,0.6020251226529714,0.602184097424406,,0.5104343457353016,0.5112687377587681,0.5608460731789837,,,0.6053414697970955,,,,0.6065595507048714,0.6040083414838363
